72057594038042242,0,2.878804,106248,0,0.38,-0.1,0,0.38,-0.1,0,0.38,-0.1,0,0.38,-0.1,0,0.38,-0.1,0,0.38,-0.1,0,0.38,-0.1,0,0.38,-0.1,0,0.38,-0.1,0,0.38,-0.1,0,0.38,-0.1,0,0.38,-0.1,0,0.38,-0.1,0,0.38,-0.1,0,0.38,-0.1,0,0.38,-0.1,0,0.38,-0.1
72057594038042242,0,1.674115,106248,0.2880331,0.4348926,4.31977,0.2887867,1.090456,4.31038,0.1501755,0.9164821,4.353889,0.1699195,0.6548734,4.278287,0.143449,0.4247849,4.227228,0.175063,0.3996339,4.197923,0.4056591,0.8889267,4.259971,0.4540419,0.6059135,4.235178,0.4835701,0.3664686,4.118106,0.4637158,0.3079891,4.0923,0.2277848,0.4407246,4.298089,0.132424,0.1892008,4.12967,0.2686699,-0.2611665,4.344371,0.3436692,0.42818,4.270599,0.2931374,0.0954988,4.246725,0.2452984,-0.29414,4.336531,0.2846744,0.9392335,4.320381
72057594038042242,0,1.674115,106248,0.2880331,0.4348926,4.31977,0.2887867,1.090456,4.31038,0.1501755,0.9164821,4.353889,0.1699195,0.6548734,4.278287,0.143449,0.4247849,4.227228,0.175063,0.3996339,4.197923,0.4056591,0.8889267,4.259971,0.4540419,0.6059135,4.235178,0.4835701,0.3664686,4.118106,0.4637158,0.3079891,4.0923,0.2277848,0.4407246,4.298089,0.132424,0.1892008,4.12967,0.2686699,-0.2611665,4.344371,0.3436692,0.42818,4.270599,0.2931374,0.0954988,4.246725,0.2452984,-0.29414,4.336531,0.2846744,0.9392335,4.320381
72057594038042242,0,1.674115,106248,0.2880331,0.4348926,4.31977,0.2887867,1.090456,4.31038,0.1501755,0.9164821,4.353889,0.1699195,0.6548734,4.278287,0.143449,0.4247849,4.227228,0.175063,0.3996339,4.197923,0.4056591,0.8889267,4.259971,0.4540419,0.6059135,4.235178,0.4835701,0.3664686,4.118106,0.4637158,0.3079891,4.0923,0.2277848,0.4407246,4.298089,0.132424,0.1892008,4.12967,0.2686699,-0.2611665,4.344371,0.3436692,0.42818,4.270599,0.2931374,0.0954988,4.246725,0.2452984,-0.29414,4.336531,0.2846744,0.9392335,4.320381
72057594038042242,0,1.674115,106248,0.2880331,0.4348926,4.31977,0.2887867,1.090456,4.31038,0.1501755,0.9164821,4.353889,0.1699195,0.6548734,4.278287,0.143449,0.4247849,4.227228,0.175063,0.3996339,4.197923,0.4056591,0.8889267,4.259971,0.4540419,0.6059135,4.235178,0.4835701,0.3664686,4.118106,0.4637158,0.3079891,4.0923,0.2277848,0.4407246,4.298089,0.132424,0.1892008,4.12967,0.2686699,-0.2611665,4.344371,0.3436692,0.42818,4.270599,0.2931374,0.0954988,4.246725,0.2452984,-0.29414,4.336531,0.2846744,0.9392335,4.320381
72057594038042242,0,1.674115,106248,0.2880331,0.4348926,4.31977,0.2887867,1.090456,4.31038,0.1501755,0.9164821,4.353889,0.1699195,0.6548734,4.278287,0.143449,0.4247849,4.227228,0.175063,0.3996339,4.197923,0.4056591,0.8889267,4.259971,0.4540419,0.6059135,4.235178,0.4835701,0.3664686,4.118106,0.4637158,0.3079891,4.0923,0.2277848,0.4407246,4.298089,0.132424,0.1892008,4.12967,0.2686699,-0.2611665,4.344371,0.3436692,0.42818,4.270599,0.2931374,0.0954988,4.246725,0.2452984,-0.29414,4.336531,0.2846744,0.9392335,4.320381
72057594038042242,0,1.674115,106248,0.2880331,0.4348926,4.31977,0.2887867,1.090456,4.31038,0.1501755,0.9164821,4.353889,0.1699195,0.6548734,4.278287,0.143449,0.4247849,4.227228,0.175063,0.3996339,4.197923,0.4056591,0.8889267,4.259971,0.4540419,0.6059135,4.235178,0.4835701,0.3664686,4.118106,0.4637158,0.3079891,4.0923,0.2277848,0.4407246,4.298089,0.132424,0.1892008,4.12967,0.2686699,-0.2611665,4.344371,0.3436692,0.42818,4.270599,0.2931374,0.0954988,4.246725,0.2452984,-0.29414,4.336531,0.2846744,0.9392335,4.320381
72057594038042242,0,1.674115,106248,0.2880331,0.4348926,4.31977,0.2887867,1.090456,4.31038,0.1501755,0.9164821,4.353889,0.1699195,0.6548734,4.278287,0.143449,0.4247849,4.227228,0.175063,0.3996339,4.197923,0.4056591,0.8889267,4.259971,0.4540419,0.6059135,4.235178,0.4835701,0.3664686,4.118106,0.4637158,0.3079891,4.0923,0.2277848,0.4407246,4.298089,0.132424,0.1892008,4.12967,0.2686699,-0.2611665,4.344371,0.3436692,0.42818,4.270599,0.2931374,0.0954988,4.246725,0.2452984,-0.29414,4.336531,0.2846744,0.9392335,4.320381
72057594038042242,0,1.674115,106248,0.2880331,0.4348926,4.31977,0.2887867,1.090456,4.31038,0.1501755,0.9164821,4.353889,0.1699195,0.6548734,4.278287,0.143449,0.4247849,4.227228,0.175063,0.3996339,4.197923,0.4056591,0.8889267,4.259971,0.4540419,0.6059135,4.235178,0.4835701,0.3664686,4.118106,0.4637158,0.3079891,4.0923,0.2277848,0.4407246,4.298089,0.132424,0.1892008,4.12967,0.2686699,-0.2611665,4.344371,0.3436692,0.42818,4.270599,0.2931374,0.0954988,4.246725,0.2452984,-0.29414,4.336531,0.2846744,0.9392335,4.320381
72057594038042242,0,1.674115,106248,0.2880331,0.4348926,4.31977,0.2887867,1.090456,4.31038,0.1501755,0.9164821,4.353889,0.1699195,0.6548734,4.278287,0.143449,0.4247849,4.227228,0.175063,0.3996339,4.197923,0.4056591,0.8889267,4.259971,0.4540419,0.6059135,4.235178,0.4835701,0.3664686,4.118106,0.4637158,0.3079891,4.0923,0.2277848,0.4407246,4.298089,0.132424,0.1892008,4.12967,0.2686699,-0.2611665,4.344371,0.3436692,0.42818,4.270599,0.2931374,0.0954988,4.246725,0.2452984,-0.29414,4.336531,0.2846744,0.9392335,4.320381
72057594038042242,0,1.666939,106248,0.2881434,0.4370933,4.312785,0.2876911,1.083264,4.264369,0.1432564,0.9127132,4.343425,0.1564377,0.6549699,4.279835,0.1557326,0.3895645,4.164792,0.1724836,0.3514875,4.145062,0.4025948,0.8848452,4.247351,0.4440431,0.6104955,4.219005,0.4697228,0.3978243,4.120935,0.4708384,0.3267983,4.07465,0.2279595,0.4428787,4.291611,0.1122377,0.1191198,4.093829,0.0987284,-0.2380829,4.250201,0.3437712,0.4304038,4.264105,0.297425,0.06497514,4.255423,0.2950367,-0.2411804,4.374414,0.2825766,0.9306015,4.287033
72057594038042242,0,1.666939,106248,0.2881434,0.4370933,4.312785,0.2876911,1.083264,4.264369,0.1432564,0.9127132,4.343425,0.1564377,0.6549699,4.279835,0.1557326,0.3895645,4.164792,0.1724836,0.3514875,4.145062,0.4025948,0.8848452,4.247351,0.4440431,0.6104955,4.219005,0.4697228,0.3978243,4.120935,0.4708384,0.3267983,4.07465,0.2279595,0.4428787,4.291611,0.1122377,0.1191198,4.093829,0.0987284,-0.2380829,4.250201,0.3437712,0.4304038,4.264105,0.297425,0.06497514,4.255423,0.2950367,-0.2411804,4.374414,0.2825766,0.9306015,4.287033
72057594038042242,0,1.666939,106248,0.2881434,0.4370933,4.312785,0.2876911,1.083264,4.264369,0.1432564,0.9127132,4.343425,0.1564377,0.6549699,4.279835,0.1557326,0.3895645,4.164792,0.1724836,0.3514875,4.145062,0.4025948,0.8848452,4.247351,0.4440431,0.6104955,4.219005,0.4697228,0.3978243,4.120935,0.4708384,0.3267983,4.07465,0.2279595,0.4428787,4.291611,0.1122377,0.1191198,4.093829,0.0987284,-0.2380829,4.250201,0.3437712,0.4304038,4.264105,0.297425,0.06497514,4.255423,0.2950367,-0.2411804,4.374414,0.2825766,0.9306015,4.287033
72057594038042242,0,1.666939,106248,0.2881434,0.4370933,4.312785,0.2876911,1.083264,4.264369,0.1432564,0.9127132,4.343425,0.1564377,0.6549699,4.279835,0.1557326,0.3895645,4.164792,0.1724836,0.3514875,4.145062,0.4025948,0.8848452,4.247351,0.4440431,0.6104955,4.219005,0.4697228,0.3978243,4.120935,0.4708384,0.3267983,4.07465,0.2279595,0.4428787,4.291611,0.1122377,0.1191198,4.093829,0.0987284,-0.2380829,4.250201,0.3437712,0.4304038,4.264105,0.297425,0.06497514,4.255423,0.2950367,-0.2411804,4.374414,0.2825766,0.9306015,4.287033
72057594038042242,0,1.666939,106248,0.2881434,0.4370933,4.312785,0.2876911,1.083264,4.264369,0.1432564,0.9127132,4.343425,0.1564377,0.6549699,4.279835,0.1557326,0.3895645,4.164792,0.1724836,0.3514875,4.145062,0.4025948,0.8848452,4.247351,0.4440431,0.6104955,4.219005,0.4697228,0.3978243,4.120935,0.4708384,0.3267983,4.07465,0.2279595,0.4428787,4.291611,0.1122377,0.1191198,4.093829,0.0987284,-0.2380829,4.250201,0.3437712,0.4304038,4.264105,0.297425,0.06497514,4.255423,0.2950367,-0.2411804,4.374414,0.2825766,0.9306015,4.287033
72057594038042242,0,1.666939,106248,0.2881434,0.4370933,4.312785,0.2876911,1.083264,4.264369,0.1432564,0.9127132,4.343425,0.1564377,0.6549699,4.279835,0.1557326,0.3895645,4.164792,0.1724836,0.3514875,4.145062,0.4025948,0.8848452,4.247351,0.4440431,0.6104955,4.219005,0.4697228,0.3978243,4.120935,0.4708384,0.3267983,4.07465,0.2279595,0.4428787,4.291611,0.1122377,0.1191198,4.093829,0.0987284,-0.2380829,4.250201,0.3437712,0.4304038,4.264105,0.297425,0.06497514,4.255423,0.2950367,-0.2411804,4.374414,0.2825766,0.9306015,4.287033
72057594038042242,0,1.666939,106248,0.2881434,0.4370933,4.312785,0.2876911,1.083264,4.264369,0.1432564,0.9127132,4.343425,0.1564377,0.6549699,4.279835,0.1557326,0.3895645,4.164792,0.1724836,0.3514875,4.145062,0.4025948,0.8848452,4.247351,0.4440431,0.6104955,4.219005,0.4697228,0.3978243,4.120935,0.4708384,0.3267983,4.07465,0.2279595,0.4428787,4.291611,0.1122377,0.1191198,4.093829,0.0987284,-0.2380829,4.250201,0.3437712,0.4304038,4.264105,0.297425,0.06497514,4.255423,0.2950367,-0.2411804,4.374414,0.2825766,0.9306015,4.287033
72057594038042242,0,1.666939,106248,0.2881434,0.4370933,4.312785,0.2876911,1.083264,4.264369,0.1432564,0.9127132,4.343425,0.1564377,0.6549699,4.279835,0.1557326,0.3895645,4.164792,0.1724836,0.3514875,4.145062,0.4025948,0.8848452,4.247351,0.4440431,0.6104955,4.219005,0.4697228,0.3978243,4.120935,0.4708384,0.3267983,4.07465,0.2279595,0.4428787,4.291611,0.1122377,0.1191198,4.093829,0.0987284,-0.2380829,4.250201,0.3437712,0.4304038,4.264105,0.297425,0.06497514,4.255423,0.2950367,-0.2411804,4.374414,0.2825766,0.9306015,4.287033
72057594038042242,0,1.666939,106248,0.2881434,0.4370933,4.312785,0.2876911,1.083264,4.264369,0.1432564,0.9127132,4.343425,0.1564377,0.6549699,4.279835,0.1557326,0.3895645,4.164792,0.1724836,0.3514875,4.145062,0.4025948,0.8848452,4.247351,0.4440431,0.6104955,4.219005,0.4697228,0.3978243,4.120935,0.4708384,0.3267983,4.07465,0.2279595,0.4428787,4.291611,0.1122377,0.1191198,4.093829,0.0987284,-0.2380829,4.250201,0.3437712,0.4304038,4.264105,0.297425,0.06497514,4.255423,0.2950367,-0.2411804,4.374414,0.2825766,0.9306015,4.287033
72057594038042242,0,1.666939,106248,0.2881434,0.4370933,4.312785,0.2876911,1.083264,4.264369,0.1432564,0.9127132,4.343425,0.1564377,0.6549699,4.279835,0.1557326,0.3895645,4.164792,0.1724836,0.3514875,4.145062,0.4025948,0.8848452,4.247351,0.4440431,0.6104955,4.219005,0.4697228,0.3978243,4.120935,0.4708384,0.3267983,4.07465,0.2279595,0.4428787,4.291611,0.1122377,0.1191198,4.093829,0.0987284,-0.2380829,4.250201,0.3437712,0.4304038,4.264105,0.297425,0.06497514,4.255423,0.2950367,-0.2411804,4.374414,0.2825766,0.9306015,4.287033
72057594038042242,0,1.646319,106248,0.2778142,0.4358317,4.292616,0.2699467,1.091018,4.201657,0.1241541,0.9110653,4.299358,0.1432156,0.6418238,4.226983,0.1514379,0.3842008,4.148535,0.1532258,0.3527425,4.126401,0.3925279,0.8794324,4.209093,0.4272015,0.6073678,4.178963,0.4708351,0.4002702,4.07433,0.4683122,0.323133,4.0351,0.2165629,0.4421548,4.268874,0.09927552,0.1212182,4.066403,0.07746225,-0.2091807,4.125169,0.33459,0.4286893,4.246418,0.2968069,0.06426695,4.254486,0.2738886,-0.2304229,4.322957,0.2628148,0.9336099,4.254896
72057594038042242,0,1.646319,106248,0.2778142,0.4358317,4.292616,0.2699467,1.091018,4.201657,0.1241541,0.9110653,4.299358,0.1432156,0.6418238,4.226983,0.1514379,0.3842008,4.148535,0.1532258,0.3527425,4.126401,0.3925279,0.8794324,4.209093,0.4272015,0.6073678,4.178963,0.4708351,0.4002702,4.07433,0.4683122,0.323133,4.0351,0.2165629,0.4421548,4.268874,0.09927552,0.1212182,4.066403,0.07746225,-0.2091807,4.125169,0.33459,0.4286893,4.246418,0.2968069,0.06426695,4.254486,0.2738886,-0.2304229,4.322957,0.2628148,0.9336099,4.254896
72057594038042242,0,1.646319,106248,0.2778142,0.4358317,4.292616,0.2699467,1.091018,4.201657,0.1241541,0.9110653,4.299358,0.1432156,0.6418238,4.226983,0.1514379,0.3842008,4.148535,0.1532258,0.3527425,4.126401,0.3925279,0.8794324,4.209093,0.4272015,0.6073678,4.178963,0.4708351,0.4002702,4.07433,0.4683122,0.323133,4.0351,0.2165629,0.4421548,4.268874,0.09927552,0.1212182,4.066403,0.07746225,-0.2091807,4.125169,0.33459,0.4286893,4.246418,0.2968069,0.06426695,4.254486,0.2738886,-0.2304229,4.322957,0.2628148,0.9336099,4.254896
72057594038042242,0,1.646319,106248,0.2778142,0.4358317,4.292616,0.2699467,1.091018,4.201657,0.1241541,0.9110653,4.299358,0.1432156,0.6418238,4.226983,0.1514379,0.3842008,4.148535,0.1532258,0.3527425,4.126401,0.3925279,0.8794324,4.209093,0.4272015,0.6073678,4.178963,0.4708351,0.4002702,4.07433,0.4683122,0.323133,4.0351,0.2165629,0.4421548,4.268874,0.09927552,0.1212182,4.066403,0.07746225,-0.2091807,4.125169,0.33459,0.4286893,4.246418,0.2968069,0.06426695,4.254486,0.2738886,-0.2304229,4.322957,0.2628148,0.9336099,4.254896
72057594038042242,0,1.646319,106248,0.2778142,0.4358317,4.292616,0.2699467,1.091018,4.201657,0.1241541,0.9110653,4.299358,0.1432156,0.6418238,4.226983,0.1514379,0.3842008,4.148535,0.1532258,0.3527425,4.126401,0.3925279,0.8794324,4.209093,0.4272015,0.6073678,4.178963,0.4708351,0.4002702,4.07433,0.4683122,0.323133,4.0351,0.2165629,0.4421548,4.268874,0.09927552,0.1212182,4.066403,0.07746225,-0.2091807,4.125169,0.33459,0.4286893,4.246418,0.2968069,0.06426695,4.254486,0.2738886,-0.2304229,4.322957,0.2628148,0.9336099,4.254896
72057594038042242,0,1.646319,106248,0.2778142,0.4358317,4.292616,0.2699467,1.091018,4.201657,0.1241541,0.9110653,4.299358,0.1432156,0.6418238,4.226983,0.1514379,0.3842008,4.148535,0.1532258,0.3527425,4.126401,0.3925279,0.8794324,4.209093,0.4272015,0.6073678,4.178963,0.4708351,0.4002702,4.07433,0.4683122,0.323133,4.0351,0.2165629,0.4421548,4.268874,0.09927552,0.1212182,4.066403,0.07746225,-0.2091807,4.125169,0.33459,0.4286893,4.246418,0.2968069,0.06426695,4.254486,0.2738886,-0.2304229,4.322957,0.2628148,0.9336099,4.254896
72057594038042242,0,1.646319,106248.1,0.2778142,0.4358317,4.292616,0.2699467,1.091018,4.201657,0.1241541,0.9110653,4.299358,0.1432156,0.6418238,4.226983,0.1514379,0.3842008,4.148535,0.1532258,0.3527425,4.126401,0.3925279,0.8794324,4.209093,0.4272015,0.6073678,4.178963,0.4708351,0.4002702,4.07433,0.4683122,0.323133,4.0351,0.2165629,0.4421548,4.268874,0.09927552,0.1212182,4.066403,0.07746225,-0.2091807,4.125169,0.33459,0.4286893,4.246418,0.2968069,0.06426695,4.254486,0.2738886,-0.2304229,4.322957,0.2628148,0.9336099,4.254896
72057594038042242,0,1.646319,106248.1,0.2778142,0.4358317,4.292616,0.2699467,1.091018,4.201657,0.1241541,0.9110653,4.299358,0.1432156,0.6418238,4.226983,0.1514379,0.3842008,4.148535,0.1532258,0.3527425,4.126401,0.3925279,0.8794324,4.209093,0.4272015,0.6073678,4.178963,0.4708351,0.4002702,4.07433,0.4683122,0.323133,4.0351,0.2165629,0.4421548,4.268874,0.09927552,0.1212182,4.066403,0.07746225,-0.2091807,4.125169,0.33459,0.4286893,4.246418,0.2968069,0.06426695,4.254486,0.2738886,-0.2304229,4.322957,0.2628148,0.9336099,4.254896
72057594038042242,0,1.646319,106248.1,0.2778142,0.4358317,4.292616,0.2699467,1.091018,4.201657,0.1241541,0.9110653,4.299358,0.1432156,0.6418238,4.226983,0.1514379,0.3842008,4.148535,0.1532258,0.3527425,4.126401,0.3925279,0.8794324,4.209093,0.4272015,0.6073678,4.178963,0.4708351,0.4002702,4.07433,0.4683122,0.323133,4.0351,0.2165629,0.4421548,4.268874,0.09927552,0.1212182,4.066403,0.07746225,-0.2091807,4.125169,0.33459,0.4286893,4.246418,0.2968069,0.06426695,4.254486,0.2738886,-0.2304229,4.322957,0.2628148,0.9336099,4.254896
72057594038042242,0,1.646319,106248.1,0.2778142,0.4358317,4.292616,0.2699467,1.091018,4.201657,0.1241541,0.9110653,4.299358,0.1432156,0.6418238,4.226983,0.1514379,0.3842008,4.148535,0.1532258,0.3527425,4.126401,0.3925279,0.8794324,4.209093,0.4272015,0.6073678,4.178963,0.4708351,0.4002702,4.07433,0.4683122,0.323133,4.0351,0.2165629,0.4421548,4.268874,0.09927552,0.1212182,4.066403,0.07746225,-0.2091807,4.125169,0.33459,0.4286893,4.246418,0.2968069,0.06426695,4.254486,0.2738886,-0.2304229,4.322957,0.2628148,0.9336099,4.254896
72057594038042242,0,1.619332,106248.1,0.2693082,0.4364031,4.265845,0.2536882,1.099268,4.185078,0.1144443,0.9093983,4.265703,0.1285917,0.6182836,4.18904,0.1413668,0.3893383,4.135019,0.147174,0.3594045,4.110026,0.3869002,0.8764018,4.182381,0.4224659,0.612968,4.163414,0.4703178,0.3773631,4.023872,0.4708622,0.3055934,4.001055,0.2093575,0.4429969,4.252635,0.09667876,0.1148244,4.061355,0.05188754,-0.1954548,4.050757,0.3252097,0.4287161,4.206974,0.2928468,0.09726834,4.214495,0.2821571,-0.2325293,4.343666,0.2573717,0.9242629,4.217355
72057594038042242,0,1.619332,106248.1,0.2693082,0.4364031,4.265845,0.2536882,1.099268,4.185078,0.1144443,0.9093983,4.265703,0.1285917,0.6182836,4.18904,0.1413668,0.3893383,4.135019,0.147174,0.3594045,4.110026,0.3869002,0.8764018,4.182381,0.4224659,0.612968,4.163414,0.4703178,0.3773631,4.023872,0.4708622,0.3055934,4.001055,0.2093575,0.4429969,4.252635,0.09667876,0.1148244,4.061355,0.05188754,-0.1954548,4.050757,0.3252097,0.4287161,4.206974,0.2928468,0.09726834,4.214495,0.2821571,-0.2325293,4.343666,0.2573717,0.9242629,4.217355
72057594038042242,0,1.619332,106248.1,0.2693082,0.4364031,4.265845,0.2536882,1.099268,4.185078,0.1144443,0.9093983,4.265703,0.1285917,0.6182836,4.18904,0.1413668,0.3893383,4.135019,0.147174,0.3594045,4.110026,0.3869002,0.8764018,4.182381,0.4224659,0.612968,4.163414,0.4703178,0.3773631,4.023872,0.4708622,0.3055934,4.001055,0.2093575,0.4429969,4.252635,0.09667876,0.1148244,4.061355,0.05188754,-0.1954548,4.050757,0.3252097,0.4287161,4.206974,0.2928468,0.09726834,4.214495,0.2821571,-0.2325293,4.343666,0.2573717,0.9242629,4.217355
72057594038042242,0,1.619332,106248.1,0.2693082,0.4364031,4.265845,0.2536882,1.099268,4.185078,0.1144443,0.9093983,4.265703,0.1285917,0.6182836,4.18904,0.1413668,0.3893383,4.135019,0.147174,0.3594045,4.110026,0.3869002,0.8764018,4.182381,0.4224659,0.612968,4.163414,0.4703178,0.3773631,4.023872,0.4708622,0.3055934,4.001055,0.2093575,0.4429969,4.252635,0.09667876,0.1148244,4.061355,0.05188754,-0.1954548,4.050757,0.3252097,0.4287161,4.206974,0.2928468,0.09726834,4.214495,0.2821571,-0.2325293,4.343666,0.2573717,0.9242629,4.217355
72057594038042242,0,1.619332,106248.1,0.2693082,0.4364031,4.265845,0.2536882,1.099268,4.185078,0.1144443,0.9093983,4.265703,0.1285917,0.6182836,4.18904,0.1413668,0.3893383,4.135019,0.147174,0.3594045,4.110026,0.3869002,0.8764018,4.182381,0.4224659,0.612968,4.163414,0.4703178,0.3773631,4.023872,0.4708622,0.3055934,4.001055,0.2093575,0.4429969,4.252635,0.09667876,0.1148244,4.061355,0.05188754,-0.1954548,4.050757,0.3252097,0.4287161,4.206974,0.2928468,0.09726834,4.214495,0.2821571,-0.2325293,4.343666,0.2573717,0.9242629,4.217355
72057594038042242,0,1.619332,106248.1,0.2693082,0.4364031,4.265845,0.2536882,1.099268,4.185078,0.1144443,0.9093983,4.265703,0.1285917,0.6182836,4.18904,0.1413668,0.3893383,4.135019,0.147174,0.3594045,4.110026,0.3869002,0.8764018,4.182381,0.4224659,0.612968,4.163414,0.4703178,0.3773631,4.023872,0.4708622,0.3055934,4.001055,0.2093575,0.4429969,4.252635,0.09667876,0.1148244,4.061355,0.05188754,-0.1954548,4.050757,0.3252097,0.4287161,4.206974,0.2928468,0.09726834,4.214495,0.2821571,-0.2325293,4.343666,0.2573717,0.9242629,4.217355
72057594038042242,0,1.619332,106248.1,0.2693082,0.4364031,4.265845,0.2536882,1.099268,4.185078,0.1144443,0.9093983,4.265703,0.1285917,0.6182836,4.18904,0.1413668,0.3893383,4.135019,0.147174,0.3594045,4.110026,0.3869002,0.8764018,4.182381,0.4224659,0.612968,4.163414,0.4703178,0.3773631,4.023872,0.4708622,0.3055934,4.001055,0.2093575,0.4429969,4.252635,0.09667876,0.1148244,4.061355,0.05188754,-0.1954548,4.050757,0.3252097,0.4287161,4.206974,0.2928468,0.09726834,4.214495,0.2821571,-0.2325293,4.343666,0.2573717,0.9242629,4.217355
72057594038042242,0,1.619332,106248.1,0.2693082,0.4364031,4.265845,0.2536882,1.099268,4.185078,0.1144443,0.9093983,4.265703,0.1285917,0.6182836,4.18904,0.1413668,0.3893383,4.135019,0.147174,0.3594045,4.110026,0.3869002,0.8764018,4.182381,0.4224659,0.612968,4.163414,0.4703178,0.3773631,4.023872,0.4708622,0.3055934,4.001055,0.2093575,0.4429969,4.252635,0.09667876,0.1148244,4.061355,0.05188754,-0.1954548,4.050757,0.3252097,0.4287161,4.206974,0.2928468,0.09726834,4.214495,0.2821571,-0.2325293,4.343666,0.2573717,0.9242629,4.217355
72057594038042242,0,1.619332,106248.1,0.2693082,0.4364031,4.265845,0.2536882,1.099268,4.185078,0.1144443,0.9093983,4.265703,0.1285917,0.6182836,4.18904,0.1413668,0.3893383,4.135019,0.147174,0.3594045,4.110026,0.3869002,0.8764018,4.182381,0.4224659,0.612968,4.163414,0.4703178,0.3773631,4.023872,0.4708622,0.3055934,4.001055,0.2093575,0.4429969,4.252635,0.09667876,0.1148244,4.061355,0.05188754,-0.1954548,4.050757,0.3252097,0.4287161,4.206974,0.2928468,0.09726834,4.214495,0.2821571,-0.2325293,4.343666,0.2573717,0.9242629,4.217355
72057594038042242,0,1.619332,106248.1,0.2693082,0.4364031,4.265845,0.2536882,1.099268,4.185078,0.1144443,0.9093983,4.265703,0.1285917,0.6182836,4.18904,0.1413668,0.3893383,4.135019,0.147174,0.3594045,4.110026,0.3869002,0.8764018,4.182381,0.4224659,0.612968,4.163414,0.4703178,0.3773631,4.023872,0.4708622,0.3055934,4.001055,0.2093575,0.4429969,4.252635,0.09667876,0.1148244,4.061355,0.05188754,-0.1954548,4.050757,0.3252097,0.4287161,4.206974,0.2928468,0.09726834,4.214495,0.2821571,-0.2325293,4.343666,0.2573717,0.9242629,4.217355
72057594038042242,0,1.600158,106248.1,0.2451381,0.420348,4.245136,0.2399151,1.072519,4.166325,0.1001334,0.9048491,4.221598,0.06030967,0.6725372,4.289289,0.07405967,0.4551028,4.160732,0.08491258,0.3989193,4.112946,0.3708607,0.8796084,4.161272,0.4174784,0.6167275,4.143878,0.460159,0.409657,4.017411,0.4662323,0.3313258,3.963135,0.1779393,0.4231154,4.223031,0.08895772,0.1126401,4.056719,0.03673949,-0.1960161,3.990207,0.3080909,0.4168931,4.195898,0.2926921,0.09715006,4.213265,0.2701339,-0.2433332,4.320052,0.2398647,0.9173663,4.189083
72057594038042242,0,1.600158,106248.1,0.2451381,0.420348,4.245136,0.2399151,1.072519,4.166325,0.1001334,0.9048491,4.221598,0.06030967,0.6725372,4.289289,0.07405967,0.4551028,4.160732,0.08491258,0.3989193,4.112946,0.3708607,0.8796084,4.161272,0.4174784,0.6167275,4.143878,0.460159,0.409657,4.017411,0.4662323,0.3313258,3.963135,0.1779393,0.4231154,4.223031,0.08895772,0.1126401,4.056719,0.03673949,-0.1960161,3.990207,0.3080909,0.4168931,4.195898,0.2926921,0.09715006,4.213265,0.2701339,-0.2433332,4.320052,0.2398647,0.9173663,4.189083
72057594038042242,0,1.600158,106248.1,0.2451381,0.420348,4.245136,0.2399151,1.072519,4.166325,0.1001334,0.9048491,4.221598,0.06030967,0.6725372,4.289289,0.07405967,0.4551028,4.160732,0.08491258,0.3989193,4.112946,0.3708607,0.8796084,4.161272,0.4174784,0.6167275,4.143878,0.460159,0.409657,4.017411,0.4662323,0.3313258,3.963135,0.1779393,0.4231154,4.223031,0.08895772,0.1126401,4.056719,0.03673949,-0.1960161,3.990207,0.3080909,0.4168931,4.195898,0.2926921,0.09715006,4.213265,0.2701339,-0.2433332,4.320052,0.2398647,0.9173663,4.189083
72057594038042242,0,1.600158,106248.1,0.2451381,0.420348,4.245136,0.2399151,1.072519,4.166325,0.1001334,0.9048491,4.221598,0.06030967,0.6725372,4.289289,0.07405967,0.4551028,4.160732,0.08491258,0.3989193,4.112946,0.3708607,0.8796084,4.161272,0.4174784,0.6167275,4.143878,0.460159,0.409657,4.017411,0.4662323,0.3313258,3.963135,0.1779393,0.4231154,4.223031,0.08895772,0.1126401,4.056719,0.03673949,-0.1960161,3.990207,0.3080909,0.4168931,4.195898,0.2926921,0.09715006,4.213265,0.2701339,-0.2433332,4.320052,0.2398647,0.9173663,4.189083
72057594038042242,0,1.600158,106248.1,0.2451381,0.420348,4.245136,0.2399151,1.072519,4.166325,0.1001334,0.9048491,4.221598,0.06030967,0.6725372,4.289289,0.07405967,0.4551028,4.160732,0.08491258,0.3989193,4.112946,0.3708607,0.8796084,4.161272,0.4174784,0.6167275,4.143878,0.460159,0.409657,4.017411,0.4662323,0.3313258,3.963135,0.1779393,0.4231154,4.223031,0.08895772,0.1126401,4.056719,0.03673949,-0.1960161,3.990207,0.3080909,0.4168931,4.195898,0.2926921,0.09715006,4.213265,0.2701339,-0.2433332,4.320052,0.2398647,0.9173663,4.189083
72057594038042242,0,1.600158,106248.1,0.2451381,0.420348,4.245136,0.2399151,1.072519,4.166325,0.1001334,0.9048491,4.221598,0.06030967,0.6725372,4.289289,0.07405967,0.4551028,4.160732,0.08491258,0.3989193,4.112946,0.3708607,0.8796084,4.161272,0.4174784,0.6167275,4.143878,0.460159,0.409657,4.017411,0.4662323,0.3313258,3.963135,0.1779393,0.4231154,4.223031,0.08895772,0.1126401,4.056719,0.03673949,-0.1960161,3.990207,0.3080909,0.4168931,4.195898,0.2926921,0.09715006,4.213265,0.2701339,-0.2433332,4.320052,0.2398647,0.9173663,4.189083
72057594038042242,0,1.600158,106248.1,0.2451381,0.420348,4.245136,0.2399151,1.072519,4.166325,0.1001334,0.9048491,4.221598,0.06030967,0.6725372,4.289289,0.07405967,0.4551028,4.160732,0.08491258,0.3989193,4.112946,0.3708607,0.8796084,4.161272,0.4174784,0.6167275,4.143878,0.460159,0.409657,4.017411,0.4662323,0.3313258,3.963135,0.1779393,0.4231154,4.223031,0.08895772,0.1126401,4.056719,0.03673949,-0.1960161,3.990207,0.3080909,0.4168931,4.195898,0.2926921,0.09715006,4.213265,0.2701339,-0.2433332,4.320052,0.2398647,0.9173663,4.189083
72057594038042242,0,1.600158,106248.1,0.2451381,0.420348,4.245136,0.2399151,1.072519,4.166325,0.1001334,0.9048491,4.221598,0.06030967,0.6725372,4.289289,0.07405967,0.4551028,4.160732,0.08491258,0.3989193,4.112946,0.3708607,0.8796084,4.161272,0.4174784,0.6167275,4.143878,0.460159,0.409657,4.017411,0.4662323,0.3313258,3.963135,0.1779393,0.4231154,4.223031,0.08895772,0.1126401,4.056719,0.03673949,-0.1960161,3.990207,0.3080909,0.4168931,4.195898,0.2926921,0.09715006,4.213265,0.2701339,-0.2433332,4.320052,0.2398647,0.9173663,4.189083
72057594038042242,0,1.600158,106248.1,0.2451381,0.420348,4.245136,0.2399151,1.072519,4.166325,0.1001334,0.9048491,4.221598,0.06030967,0.6725372,4.289289,0.07405967,0.4551028,4.160732,0.08491258,0.3989193,4.112946,0.3708607,0.8796084,4.161272,0.4174784,0.6167275,4.143878,0.460159,0.409657,4.017411,0.4662323,0.3313258,3.963135,0.1779393,0.4231154,4.223031,0.08895772,0.1126401,4.056719,0.03673949,-0.1960161,3.990207,0.3080909,0.4168931,4.195898,0.2926921,0.09715006,4.213265,0.2701339,-0.2433332,4.320052,0.2398647,0.9173663,4.189083
72057594038042242,0,1.600158,106248.1,0.2451381,0.420348,4.245136,0.2399151,1.072519,4.166325,0.1001334,0.9048491,4.221598,0.06030967,0.6725372,4.289289,0.07405967,0.4551028,4.160732,0.08491258,0.3989193,4.112946,0.3708607,0.8796084,4.161272,0.4174784,0.6167275,4.143878,0.460159,0.409657,4.017411,0.4662323,0.3313258,3.963135,0.1779393,0.4231154,4.223031,0.08895772,0.1126401,4.056719,0.03673949,-0.1960161,3.990207,0.3080909,0.4168931,4.195898,0.2926921,0.09715006,4.213265,0.2701339,-0.2433332,4.320052,0.2398647,0.9173663,4.189083
72057594038042242,0,1.600158,106248.1,0.2451381,0.420348,4.245136,0.2399151,1.072519,4.166325,0.1001334,0.9048491,4.221598,0.06030967,0.6725372,4.289289,0.07405967,0.4551028,4.160732,0.08491258,0.3989193,4.112946,0.3708607,0.8796084,4.161272,0.4174784,0.6167275,4.143878,0.460159,0.409657,4.017411,0.4662323,0.3313258,3.963135,0.1779393,0.4231154,4.223031,0.08895772,0.1126401,4.056719,0.03673949,-0.1960161,3.990207,0.3080909,0.4168931,4.195898,0.2926921,0.09715006,4.213265,0.2701339,-0.2433332,4.320052,0.2398647,0.9173663,4.189083
72057594038042242,0,1.581743,106248.1,0.2304278,0.4247452,4.229468,0.224437,1.09515,4.124516,0.0859644,0.9016027,4.201024,0.04253631,0.6336801,4.246271,0.08385092,0.4393408,4.116963,0.09856416,0.3902822,4.093073,0.359123,0.8818635,4.139009,0.4112559,0.6048248,4.093776,0.4616186,0.3974307,3.994045,0.4574209,0.3269372,3.932101,0.1665834,0.4276293,4.209414,0.07319894,0.1074133,4.030166,0.04551485,-0.2463139,3.909985,0.2908352,0.4208723,4.180205,0.2915435,0.1038087,4.194085,0.2806343,-0.2187083,4.314372,0.2255077,0.9152249,4.16453
72057594038042242,0,1.581743,106248.1,0.2304278,0.4247452,4.229468,0.224437,1.09515,4.124516,0.0859644,0.9016027,4.201024,0.04253631,0.6336801,4.246271,0.08385092,0.4393408,4.116963,0.09856416,0.3902822,4.093073,0.359123,0.8818635,4.139009,0.4112559,0.6048248,4.093776,0.4616186,0.3974307,3.994045,0.4574209,0.3269372,3.932101,0.1665834,0.4276293,4.209414,0.07319894,0.1074133,4.030166,0.04551485,-0.2463139,3.909985,0.2908352,0.4208723,4.180205,0.2915435,0.1038087,4.194085,0.2806343,-0.2187083,4.314372,0.2255077,0.9152249,4.16453
72057594038042242,0,1.581743,106248.1,0.2304278,0.4247452,4.229468,0.224437,1.09515,4.124516,0.0859644,0.9016027,4.201024,0.04253631,0.6336801,4.246271,0.08385092,0.4393408,4.116963,0.09856416,0.3902822,4.093073,0.359123,0.8818635,4.139009,0.4112559,0.6048248,4.093776,0.4616186,0.3974307,3.994045,0.4574209,0.3269372,3.932101,0.1665834,0.4276293,4.209414,0.07319894,0.1074133,4.030166,0.04551485,-0.2463139,3.909985,0.2908352,0.4208723,4.180205,0.2915435,0.1038087,4.194085,0.2806343,-0.2187083,4.314372,0.2255077,0.9152249,4.16453
72057594038042242,0,1.581743,106248.1,0.2304278,0.4247452,4.229468,0.224437,1.09515,4.124516,0.0859644,0.9016027,4.201024,0.04253631,0.6336801,4.246271,0.08385092,0.4393408,4.116963,0.09856416,0.3902822,4.093073,0.359123,0.8818635,4.139009,0.4112559,0.6048248,4.093776,0.4616186,0.3974307,3.994045,0.4574209,0.3269372,3.932101,0.1665834,0.4276293,4.209414,0.07319894,0.1074133,4.030166,0.04551485,-0.2463139,3.909985,0.2908352,0.4208723,4.180205,0.2915435,0.1038087,4.194085,0.2806343,-0.2187083,4.314372,0.2255077,0.9152249,4.16453
72057594038042242,0,1.581743,106248.1,0.2304278,0.4247452,4.229468,0.224437,1.09515,4.124516,0.0859644,0.9016027,4.201024,0.04253631,0.6336801,4.246271,0.08385092,0.4393408,4.116963,0.09856416,0.3902822,4.093073,0.359123,0.8818635,4.139009,0.4112559,0.6048248,4.093776,0.4616186,0.3974307,3.994045,0.4574209,0.3269372,3.932101,0.1665834,0.4276293,4.209414,0.07319894,0.1074133,4.030166,0.04551485,-0.2463139,3.909985,0.2908352,0.4208723,4.180205,0.2915435,0.1038087,4.194085,0.2806343,-0.2187083,4.314372,0.2255077,0.9152249,4.16453
72057594038042242,0,1.581743,106248.1,0.2304278,0.4247452,4.229468,0.224437,1.09515,4.124516,0.0859644,0.9016027,4.201024,0.04253631,0.6336801,4.246271,0.08385092,0.4393408,4.116963,0.09856416,0.3902822,4.093073,0.359123,0.8818635,4.139009,0.4112559,0.6048248,4.093776,0.4616186,0.3974307,3.994045,0.4574209,0.3269372,3.932101,0.1665834,0.4276293,4.209414,0.07319894,0.1074133,4.030166,0.04551485,-0.2463139,3.909985,0.2908352,0.4208723,4.180205,0.2915435,0.1038087,4.194085,0.2806343,-0.2187083,4.314372,0.2255077,0.9152249,4.16453
72057594038042242,0,1.581743,106248.1,0.2304278,0.4247452,4.229468,0.224437,1.09515,4.124516,0.0859644,0.9016027,4.201024,0.04253631,0.6336801,4.246271,0.08385092,0.4393408,4.116963,0.09856416,0.3902822,4.093073,0.359123,0.8818635,4.139009,0.4112559,0.6048248,4.093776,0.4616186,0.3974307,3.994045,0.4574209,0.3269372,3.932101,0.1665834,0.4276293,4.209414,0.07319894,0.1074133,4.030166,0.04551485,-0.2463139,3.909985,0.2908352,0.4208723,4.180205,0.2915435,0.1038087,4.194085,0.2806343,-0.2187083,4.314372,0.2255077,0.9152249,4.16453
72057594038042242,0,1.581743,106248.2,0.2304278,0.4247452,4.229468,0.224437,1.09515,4.124516,0.0859644,0.9016027,4.201024,0.04253631,0.6336801,4.246271,0.08385092,0.4393408,4.116963,0.09856416,0.3902822,4.093073,0.359123,0.8818635,4.139009,0.4112559,0.6048248,4.093776,0.4616186,0.3974307,3.994045,0.4574209,0.3269372,3.932101,0.1665834,0.4276293,4.209414,0.07319894,0.1074133,4.030166,0.04551485,-0.2463139,3.909985,0.2908352,0.4208723,4.180205,0.2915435,0.1038087,4.194085,0.2806343,-0.2187083,4.314372,0.2255077,0.9152249,4.16453
72057594038042242,0,1.581743,106248.2,0.2304278,0.4247452,4.229468,0.224437,1.09515,4.124516,0.0859644,0.9016027,4.201024,0.04253631,0.6336801,4.246271,0.08385092,0.4393408,4.116963,0.09856416,0.3902822,4.093073,0.359123,0.8818635,4.139009,0.4112559,0.6048248,4.093776,0.4616186,0.3974307,3.994045,0.4574209,0.3269372,3.932101,0.1665834,0.4276293,4.209414,0.07319894,0.1074133,4.030166,0.04551485,-0.2463139,3.909985,0.2908352,0.4208723,4.180205,0.2915435,0.1038087,4.194085,0.2806343,-0.2187083,4.314372,0.2255077,0.9152249,4.16453
72057594038042242,0,1.581743,106248.2,0.2304278,0.4247452,4.229468,0.224437,1.09515,4.124516,0.0859644,0.9016027,4.201024,0.04253631,0.6336801,4.246271,0.08385092,0.4393408,4.116963,0.09856416,0.3902822,4.093073,0.359123,0.8818635,4.139009,0.4112559,0.6048248,4.093776,0.4616186,0.3974307,3.994045,0.4574209,0.3269372,3.932101,0.1665834,0.4276293,4.209414,0.07319894,0.1074133,4.030166,0.04551485,-0.2463139,3.909985,0.2908352,0.4208723,4.180205,0.2915435,0.1038087,4.194085,0.2806343,-0.2187083,4.314372,0.2255077,0.9152249,4.16453
72057594038042242,0,1.552677,106248.2,0.2229678,0.4140998,4.19656,0.2066149,1.096176,4.087127,0.07132145,0.8957974,4.160378,0.0372153,0.6551106,4.210557,0.06722499,0.4450911,4.109848,0.0770148,0.3992116,4.071396,0.3412976,0.8827544,4.102885,0.3904335,0.6093807,4.085989,0.4504982,0.4143502,3.953732,0.4578701,0.3274454,3.900501,0.1592355,0.41702,4.178061,0.05871486,0.1040268,4.007966,0.03609997,-0.1855355,3.901342,0.2831528,0.4106169,4.145635,0.2872885,0.1071977,4.179204,0.2683173,-0.2524976,4.302507,0.2043005,0.9169363,4.128901
72057594038042242,0,1.552677,106248.2,0.2229678,0.4140998,4.19656,0.2066149,1.096176,4.087127,0.07132145,0.8957974,4.160378,0.0372153,0.6551106,4.210557,0.06722499,0.4450911,4.109848,0.0770148,0.3992116,4.071396,0.3412976,0.8827544,4.102885,0.3904335,0.6093807,4.085989,0.4504982,0.4143502,3.953732,0.4578701,0.3274454,3.900501,0.1592355,0.41702,4.178061,0.05871486,0.1040268,4.007966,0.03609997,-0.1855355,3.901342,0.2831528,0.4106169,4.145635,0.2872885,0.1071977,4.179204,0.2683173,-0.2524976,4.302507,0.2043005,0.9169363,4.128901
72057594038042242,0,1.552677,106248.2,0.2229678,0.4140998,4.19656,0.2066149,1.096176,4.087127,0.07132145,0.8957974,4.160378,0.0372153,0.6551106,4.210557,0.06722499,0.4450911,4.109848,0.0770148,0.3992116,4.071396,0.3412976,0.8827544,4.102885,0.3904335,0.6093807,4.085989,0.4504982,0.4143502,3.953732,0.4578701,0.3274454,3.900501,0.1592355,0.41702,4.178061,0.05871486,0.1040268,4.007966,0.03609997,-0.1855355,3.901342,0.2831528,0.4106169,4.145635,0.2872885,0.1071977,4.179204,0.2683173,-0.2524976,4.302507,0.2043005,0.9169363,4.128901
72057594038042242,0,1.552677,106248.2,0.2229678,0.4140998,4.19656,0.2066149,1.096176,4.087127,0.07132145,0.8957974,4.160378,0.0372153,0.6551106,4.210557,0.06722499,0.4450911,4.109848,0.0770148,0.3992116,4.071396,0.3412976,0.8827544,4.102885,0.3904335,0.6093807,4.085989,0.4504982,0.4143502,3.953732,0.4578701,0.3274454,3.900501,0.1592355,0.41702,4.178061,0.05871486,0.1040268,4.007966,0.03609997,-0.1855355,3.901342,0.2831528,0.4106169,4.145635,0.2872885,0.1071977,4.179204,0.2683173,-0.2524976,4.302507,0.2043005,0.9169363,4.128901
72057594038042242,0,1.552677,106248.2,0.2229678,0.4140998,4.19656,0.2066149,1.096176,4.087127,0.07132145,0.8957974,4.160378,0.0372153,0.6551106,4.210557,0.06722499,0.4450911,4.109848,0.0770148,0.3992116,4.071396,0.3412976,0.8827544,4.102885,0.3904335,0.6093807,4.085989,0.4504982,0.4143502,3.953732,0.4578701,0.3274454,3.900501,0.1592355,0.41702,4.178061,0.05871486,0.1040268,4.007966,0.03609997,-0.1855355,3.901342,0.2831528,0.4106169,4.145635,0.2872885,0.1071977,4.179204,0.2683173,-0.2524976,4.302507,0.2043005,0.9169363,4.128901
72057594038042242,0,1.552677,106248.2,0.2229678,0.4140998,4.19656,0.2066149,1.096176,4.087127,0.07132145,0.8957974,4.160378,0.0372153,0.6551106,4.210557,0.06722499,0.4450911,4.109848,0.0770148,0.3992116,4.071396,0.3412976,0.8827544,4.102885,0.3904335,0.6093807,4.085989,0.4504982,0.4143502,3.953732,0.4578701,0.3274454,3.900501,0.1592355,0.41702,4.178061,0.05871486,0.1040268,4.007966,0.03609997,-0.1855355,3.901342,0.2831528,0.4106169,4.145635,0.2872885,0.1071977,4.179204,0.2683173,-0.2524976,4.302507,0.2043005,0.9169363,4.128901
72057594038042242,0,1.552677,106248.2,0.2229678,0.4140998,4.19656,0.2066149,1.096176,4.087127,0.07132145,0.8957974,4.160378,0.0372153,0.6551106,4.210557,0.06722499,0.4450911,4.109848,0.0770148,0.3992116,4.071396,0.3412976,0.8827544,4.102885,0.3904335,0.6093807,4.085989,0.4504982,0.4143502,3.953732,0.4578701,0.3274454,3.900501,0.1592355,0.41702,4.178061,0.05871486,0.1040268,4.007966,0.03609997,-0.1855355,3.901342,0.2831528,0.4106169,4.145635,0.2872885,0.1071977,4.179204,0.2683173,-0.2524976,4.302507,0.2043005,0.9169363,4.128901
72057594038042242,0,1.552677,106248.2,0.2229678,0.4140998,4.19656,0.2066149,1.096176,4.087127,0.07132145,0.8957974,4.160378,0.0372153,0.6551106,4.210557,0.06722499,0.4450911,4.109848,0.0770148,0.3992116,4.071396,0.3412976,0.8827544,4.102885,0.3904335,0.6093807,4.085989,0.4504982,0.4143502,3.953732,0.4578701,0.3274454,3.900501,0.1592355,0.41702,4.178061,0.05871486,0.1040268,4.007966,0.03609997,-0.1855355,3.901342,0.2831528,0.4106169,4.145635,0.2872885,0.1071977,4.179204,0.2683173,-0.2524976,4.302507,0.2043005,0.9169363,4.128901
72057594038042242,0,1.552677,106248.2,0.2229678,0.4140998,4.19656,0.2066149,1.096176,4.087127,0.07132145,0.8957974,4.160378,0.0372153,0.6551106,4.210557,0.06722499,0.4450911,4.109848,0.0770148,0.3992116,4.071396,0.3412976,0.8827544,4.102885,0.3904335,0.6093807,4.085989,0.4504982,0.4143502,3.953732,0.4578701,0.3274454,3.900501,0.1592355,0.41702,4.178061,0.05871486,0.1040268,4.007966,0.03609997,-0.1855355,3.901342,0.2831528,0.4106169,4.145635,0.2872885,0.1071977,4.179204,0.2683173,-0.2524976,4.302507,0.2043005,0.9169363,4.128901
72057594038042242,0,1.552677,106248.2,0.2229678,0.4140998,4.19656,0.2066149,1.096176,4.087127,0.07132145,0.8957974,4.160378,0.0372153,0.6551106,4.210557,0.06722499,0.4450911,4.109848,0.0770148,0.3992116,4.071396,0.3412976,0.8827544,4.102885,0.3904335,0.6093807,4.085989,0.4504982,0.4143502,3.953732,0.4578701,0.3274454,3.900501,0.1592355,0.41702,4.178061,0.05871486,0.1040268,4.007966,0.03609997,-0.1855355,3.901342,0.2831528,0.4106169,4.145635,0.2872885,0.1071977,4.179204,0.2683173,-0.2524976,4.302507,0.2043005,0.9169363,4.128901
72057594038042242,0,1.552677,106248.2,0.2229678,0.4140998,4.19656,0.2066149,1.096176,4.087127,0.07132145,0.8957974,4.160378,0.0372153,0.6551106,4.210557,0.06722499,0.4450911,4.109848,0.0770148,0.3992116,4.071396,0.3412976,0.8827544,4.102885,0.3904335,0.6093807,4.085989,0.4504982,0.4143502,3.953732,0.4578701,0.3274454,3.900501,0.1592355,0.41702,4.178061,0.05871486,0.1040268,4.007966,0.03609997,-0.1855355,3.901342,0.2831528,0.4106169,4.145635,0.2872885,0.1071977,4.179204,0.2683173,-0.2524976,4.302507,0.2043005,0.9169363,4.128901
72057594038042242,0,1.518763,106248.2,0.206632,0.4191582,4.164774,0.1955366,1.08935,4.07427,0.05847333,0.8947626,4.134383,0.0201486,0.6327342,4.168181,0.05725502,0.4317647,4.050915,0.06818355,0.3864965,4.031975,0.3313989,0.8813663,4.076152,0.3821234,0.6078863,4.069292,0.4477284,0.4171224,3.945181,0.4525843,0.3359687,3.893184,0.1420848,0.4221939,4.14243,0.05671836,0.1036564,3.982556,0.04342894,-0.2355767,3.841661,0.2678059,0.4154789,4.117502,0.2832498,0.1141165,4.134804,0.2606521,-0.2567396,4.296779,0.1914641,0.9111327,4.10588
72057594038042242,0,1.518763,106248.2,0.206632,0.4191582,4.164774,0.1955366,1.08935,4.07427,0.05847333,0.8947626,4.134383,0.0201486,0.6327342,4.168181,0.05725502,0.4317647,4.050915,0.06818355,0.3864965,4.031975,0.3313989,0.8813663,4.076152,0.3821234,0.6078863,4.069292,0.4477284,0.4171224,3.945181,0.4525843,0.3359687,3.893184,0.1420848,0.4221939,4.14243,0.05671836,0.1036564,3.982556,0.04342894,-0.2355767,3.841661,0.2678059,0.4154789,4.117502,0.2832498,0.1141165,4.134804,0.2606521,-0.2567396,4.296779,0.1914641,0.9111327,4.10588
72057594038042242,0,1.518763,106248.2,0.206632,0.4191582,4.164774,0.1955366,1.08935,4.07427,0.05847333,0.8947626,4.134383,0.0201486,0.6327342,4.168181,0.05725502,0.4317647,4.050915,0.06818355,0.3864965,4.031975,0.3313989,0.8813663,4.076152,0.3821234,0.6078863,4.069292,0.4477284,0.4171224,3.945181,0.4525843,0.3359687,3.893184,0.1420848,0.4221939,4.14243,0.05671836,0.1036564,3.982556,0.04342894,-0.2355767,3.841661,0.2678059,0.4154789,4.117502,0.2832498,0.1141165,4.134804,0.2606521,-0.2567396,4.296779,0.1914641,0.9111327,4.10588
72057594038042242,0,1.518763,106248.2,0.206632,0.4191582,4.164774,0.1955366,1.08935,4.07427,0.05847333,0.8947626,4.134383,0.0201486,0.6327342,4.168181,0.05725502,0.4317647,4.050915,0.06818355,0.3864965,4.031975,0.3313989,0.8813663,4.076152,0.3821234,0.6078863,4.069292,0.4477284,0.4171224,3.945181,0.4525843,0.3359687,3.893184,0.1420848,0.4221939,4.14243,0.05671836,0.1036564,3.982556,0.04342894,-0.2355767,3.841661,0.2678059,0.4154789,4.117502,0.2832498,0.1141165,4.134804,0.2606521,-0.2567396,4.296779,0.1914641,0.9111327,4.10588
72057594038042242,0,1.518763,106248.2,0.206632,0.4191582,4.164774,0.1955366,1.08935,4.07427,0.05847333,0.8947626,4.134383,0.0201486,0.6327342,4.168181,0.05725502,0.4317647,4.050915,0.06818355,0.3864965,4.031975,0.3313989,0.8813663,4.076152,0.3821234,0.6078863,4.069292,0.4477284,0.4171224,3.945181,0.4525843,0.3359687,3.893184,0.1420848,0.4221939,4.14243,0.05671836,0.1036564,3.982556,0.04342894,-0.2355767,3.841661,0.2678059,0.4154789,4.117502,0.2832498,0.1141165,4.134804,0.2606521,-0.2567396,4.296779,0.1914641,0.9111327,4.10588
72057594038042242,0,1.518763,106248.2,0.206632,0.4191582,4.164774,0.1955366,1.08935,4.07427,0.05847333,0.8947626,4.134383,0.0201486,0.6327342,4.168181,0.05725502,0.4317647,4.050915,0.06818355,0.3864965,4.031975,0.3313989,0.8813663,4.076152,0.3821234,0.6078863,4.069292,0.4477284,0.4171224,3.945181,0.4525843,0.3359687,3.893184,0.1420848,0.4221939,4.14243,0.05671836,0.1036564,3.982556,0.04342894,-0.2355767,3.841661,0.2678059,0.4154789,4.117502,0.2832498,0.1141165,4.134804,0.2606521,-0.2567396,4.296779,0.1914641,0.9111327,4.10588
72057594038042242,0,1.518763,106248.2,0.206632,0.4191582,4.164774,0.1955366,1.08935,4.07427,0.05847333,0.8947626,4.134383,0.0201486,0.6327342,4.168181,0.05725502,0.4317647,4.050915,0.06818355,0.3864965,4.031975,0.3313989,0.8813663,4.076152,0.3821234,0.6078863,4.069292,0.4477284,0.4171224,3.945181,0.4525843,0.3359687,3.893184,0.1420848,0.4221939,4.14243,0.05671836,0.1036564,3.982556,0.04342894,-0.2355767,3.841661,0.2678059,0.4154789,4.117502,0.2832498,0.1141165,4.134804,0.2606521,-0.2567396,4.296779,0.1914641,0.9111327,4.10588
72057594038042242,0,1.518763,106248.2,0.206632,0.4191582,4.164774,0.1955366,1.08935,4.07427,0.05847333,0.8947626,4.134383,0.0201486,0.6327342,4.168181,0.05725502,0.4317647,4.050915,0.06818355,0.3864965,4.031975,0.3313989,0.8813663,4.076152,0.3821234,0.6078863,4.069292,0.4477284,0.4171224,3.945181,0.4525843,0.3359687,3.893184,0.1420848,0.4221939,4.14243,0.05671836,0.1036564,3.982556,0.04342894,-0.2355767,3.841661,0.2678059,0.4154789,4.117502,0.2832498,0.1141165,4.134804,0.2606521,-0.2567396,4.296779,0.1914641,0.9111327,4.10588
72057594038042242,0,1.518763,106248.2,0.206632,0.4191582,4.164774,0.1955366,1.08935,4.07427,0.05847333,0.8947626,4.134383,0.0201486,0.6327342,4.168181,0.05725502,0.4317647,4.050915,0.06818355,0.3864965,4.031975,0.3313989,0.8813663,4.076152,0.3821234,0.6078863,4.069292,0.4477284,0.4171224,3.945181,0.4525843,0.3359687,3.893184,0.1420848,0.4221939,4.14243,0.05671836,0.1036564,3.982556,0.04342894,-0.2355767,3.841661,0.2678059,0.4154789,4.117502,0.2832498,0.1141165,4.134804,0.2606521,-0.2567396,4.296779,0.1914641,0.9111327,4.10588
72057594038042242,0,1.518763,106248.2,0.206632,0.4191582,4.164774,0.1955366,1.08935,4.07427,0.05847333,0.8947626,4.134383,0.0201486,0.6327342,4.168181,0.05725502,0.4317647,4.050915,0.06818355,0.3864965,4.031975,0.3313989,0.8813663,4.076152,0.3821234,0.6078863,4.069292,0.4477284,0.4171224,3.945181,0.4525843,0.3359687,3.893184,0.1420848,0.4221939,4.14243,0.05671836,0.1036564,3.982556,0.04342894,-0.2355767,3.841661,0.2678059,0.4154789,4.117502,0.2832498,0.1141165,4.134804,0.2606521,-0.2567396,4.296779,0.1914641,0.9111327,4.10588
72057594038042242,0,1.518763,106248.2,0.206632,0.4191582,4.164774,0.1955366,1.08935,4.07427,0.05847333,0.8947626,4.134383,0.0201486,0.6327342,4.168181,0.05725502,0.4317647,4.050915,0.06818355,0.3864965,4.031975,0.3313989,0.8813663,4.076152,0.3821234,0.6078863,4.069292,0.4477284,0.4171224,3.945181,0.4525843,0.3359687,3.893184,0.1420848,0.4221939,4.14243,0.05671836,0.1036564,3.982556,0.04342894,-0.2355767,3.841661,0.2678059,0.4154789,4.117502,0.2832498,0.1141165,4.134804,0.2606521,-0.2567396,4.296779,0.1914641,0.9111327,4.10588
72057594038042242,0,1.487904,106248.2,0.2031088,0.4141049,4.130834,0.1742866,1.100644,4.047278,0.04133958,0.8816223,4.120171,-0.01163627,0.6160172,4.133051,0.05983531,0.42371,4.016565,0.07475046,0.380432,3.994735,0.3171654,0.8843896,4.052135,0.3713291,0.6085865,4.048796,0.445605,0.3878257,3.893013,0.4430689,0.3387516,3.875857,0.1397236,0.4128431,4.109942,0.05952,0.1033046,3.948115,0.0394818,-0.2372242,3.839901,0.2630919,0.414884,4.081866,0.280746,0.1057945,4.128277,0.2591738,-0.264722,4.299412,0.1786798,0.9127265,4.085043
72057594038042242,0,1.487904,106248.2,0.2031088,0.4141049,4.130834,0.1742866,1.100644,4.047278,0.04133958,0.8816223,4.120171,-0.01163627,0.6160172,4.133051,0.05983531,0.42371,4.016565,0.07475046,0.380432,3.994735,0.3171654,0.8843896,4.052135,0.3713291,0.6085865,4.048796,0.445605,0.3878257,3.893013,0.4430689,0.3387516,3.875857,0.1397236,0.4128431,4.109942,0.05952,0.1033046,3.948115,0.0394818,-0.2372242,3.839901,0.2630919,0.414884,4.081866,0.280746,0.1057945,4.128277,0.2591738,-0.264722,4.299412,0.1786798,0.9127265,4.085043
72057594038042242,0,1.487904,106248.2,0.2031088,0.4141049,4.130834,0.1742866,1.100644,4.047278,0.04133958,0.8816223,4.120171,-0.01163627,0.6160172,4.133051,0.05983531,0.42371,4.016565,0.07475046,0.380432,3.994735,0.3171654,0.8843896,4.052135,0.3713291,0.6085865,4.048796,0.445605,0.3878257,3.893013,0.4430689,0.3387516,3.875857,0.1397236,0.4128431,4.109942,0.05952,0.1033046,3.948115,0.0394818,-0.2372242,3.839901,0.2630919,0.414884,4.081866,0.280746,0.1057945,4.128277,0.2591738,-0.264722,4.299412,0.1786798,0.9127265,4.085043
72057594038042242,0,1.487904,106248.2,0.2031088,0.4141049,4.130834,0.1742866,1.100644,4.047278,0.04133958,0.8816223,4.120171,-0.01163627,0.6160172,4.133051,0.05983531,0.42371,4.016565,0.07475046,0.380432,3.994735,0.3171654,0.8843896,4.052135,0.3713291,0.6085865,4.048796,0.445605,0.3878257,3.893013,0.4430689,0.3387516,3.875857,0.1397236,0.4128431,4.109942,0.05952,0.1033046,3.948115,0.0394818,-0.2372242,3.839901,0.2630919,0.414884,4.081866,0.280746,0.1057945,4.128277,0.2591738,-0.264722,4.299412,0.1786798,0.9127265,4.085043
72057594038042242,0,1.487904,106248.2,0.2031088,0.4141049,4.130834,0.1742866,1.100644,4.047278,0.04133958,0.8816223,4.120171,-0.01163627,0.6160172,4.133051,0.05983531,0.42371,4.016565,0.07475046,0.380432,3.994735,0.3171654,0.8843896,4.052135,0.3713291,0.6085865,4.048796,0.445605,0.3878257,3.893013,0.4430689,0.3387516,3.875857,0.1397236,0.4128431,4.109942,0.05952,0.1033046,3.948115,0.0394818,-0.2372242,3.839901,0.2630919,0.414884,4.081866,0.280746,0.1057945,4.128277,0.2591738,-0.264722,4.299412,0.1786798,0.9127265,4.085043
72057594038042242,0,1.487904,106248.2,0.2031088,0.4141049,4.130834,0.1742866,1.100644,4.047278,0.04133958,0.8816223,4.120171,-0.01163627,0.6160172,4.133051,0.05983531,0.42371,4.016565,0.07475046,0.380432,3.994735,0.3171654,0.8843896,4.052135,0.3713291,0.6085865,4.048796,0.445605,0.3878257,3.893013,0.4430689,0.3387516,3.875857,0.1397236,0.4128431,4.109942,0.05952,0.1033046,3.948115,0.0394818,-0.2372242,3.839901,0.2630919,0.414884,4.081866,0.280746,0.1057945,4.128277,0.2591738,-0.264722,4.299412,0.1786798,0.9127265,4.085043
72057594038042242,0,1.487904,106248.3,0.2031088,0.4141049,4.130834,0.1742866,1.100644,4.047278,0.04133958,0.8816223,4.120171,-0.01163627,0.6160172,4.133051,0.05983531,0.42371,4.016565,0.07475046,0.380432,3.994735,0.3171654,0.8843896,4.052135,0.3713291,0.6085865,4.048796,0.445605,0.3878257,3.893013,0.4430689,0.3387516,3.875857,0.1397236,0.4128431,4.109942,0.05952,0.1033046,3.948115,0.0394818,-0.2372242,3.839901,0.2630919,0.414884,4.081866,0.280746,0.1057945,4.128277,0.2591738,-0.264722,4.299412,0.1786798,0.9127265,4.085043
72057594038042242,0,1.487904,106248.3,0.2031088,0.4141049,4.130834,0.1742866,1.100644,4.047278,0.04133958,0.8816223,4.120171,-0.01163627,0.6160172,4.133051,0.05983531,0.42371,4.016565,0.07475046,0.380432,3.994735,0.3171654,0.8843896,4.052135,0.3713291,0.6085865,4.048796,0.445605,0.3878257,3.893013,0.4430689,0.3387516,3.875857,0.1397236,0.4128431,4.109942,0.05952,0.1033046,3.948115,0.0394818,-0.2372242,3.839901,0.2630919,0.414884,4.081866,0.280746,0.1057945,4.128277,0.2591738,-0.264722,4.299412,0.1786798,0.9127265,4.085043
72057594038042242,0,1.487904,106248.3,0.2031088,0.4141049,4.130834,0.1742866,1.100644,4.047278,0.04133958,0.8816223,4.120171,-0.01163627,0.6160172,4.133051,0.05983531,0.42371,4.016565,0.07475046,0.380432,3.994735,0.3171654,0.8843896,4.052135,0.3713291,0.6085865,4.048796,0.445605,0.3878257,3.893013,0.4430689,0.3387516,3.875857,0.1397236,0.4128431,4.109942,0.05952,0.1033046,3.948115,0.0394818,-0.2372242,3.839901,0.2630919,0.414884,4.081866,0.280746,0.1057945,4.128277,0.2591738,-0.264722,4.299412,0.1786798,0.9127265,4.085043
72057594038042242,0,1.487904,106248.3,0.2031088,0.4141049,4.130834,0.1742866,1.100644,4.047278,0.04133958,0.8816223,4.120171,-0.01163627,0.6160172,4.133051,0.05983531,0.42371,4.016565,0.07475046,0.380432,3.994735,0.3171654,0.8843896,4.052135,0.3713291,0.6085865,4.048796,0.445605,0.3878257,3.893013,0.4430689,0.3387516,3.875857,0.1397236,0.4128431,4.109942,0.05952,0.1033046,3.948115,0.0394818,-0.2372242,3.839901,0.2630919,0.414884,4.081866,0.280746,0.1057945,4.128277,0.2591738,-0.264722,4.299412,0.1786798,0.9127265,4.085043
72057594038042242,0,1.487904,106248.3,0.2031088,0.4141049,4.130834,0.1742866,1.100644,4.047278,0.04133958,0.8816223,4.120171,-0.01163627,0.6160172,4.133051,0.05983531,0.42371,4.016565,0.07475046,0.380432,3.994735,0.3171654,0.8843896,4.052135,0.3713291,0.6085865,4.048796,0.445605,0.3878257,3.893013,0.4430689,0.3387516,3.875857,0.1397236,0.4128431,4.109942,0.05952,0.1033046,3.948115,0.0394818,-0.2372242,3.839901,0.2630919,0.414884,4.081866,0.280746,0.1057945,4.128277,0.2591738,-0.264722,4.299412,0.1786798,0.9127265,4.085043
72057594038042242,0,1.450378,106248.3,0.1849797,0.4152949,4.093989,0.1461748,1.106426,4.025644,0.01294545,0.8749417,4.098856,-0.0195777,0.6147417,4.101562,0.06044145,0.4232878,3.990531,0.08327086,0.3752765,3.955856,0.3002452,0.8832987,4.027965,0.3548977,0.6136176,4.022679,0.4291625,0.4217284,3.908792,0.4356226,0.3556198,3.867192,0.1200289,0.4191145,4.065798,0.0575421,0.1013361,3.918746,0.03343647,-0.2447466,3.832021,0.2467869,0.4117175,4.05193,0.2714819,0.122339,4.069963,0.2596903,-0.2359398,4.274652,0.1577229,0.9106759,4.056809
72057594038042242,0,1.450378,106248.3,0.1849797,0.4152949,4.093989,0.1461748,1.106426,4.025644,0.01294545,0.8749417,4.098856,-0.0195777,0.6147417,4.101562,0.06044145,0.4232878,3.990531,0.08327086,0.3752765,3.955856,0.3002452,0.8832987,4.027965,0.3548977,0.6136176,4.022679,0.4291625,0.4217284,3.908792,0.4356226,0.3556198,3.867192,0.1200289,0.4191145,4.065798,0.0575421,0.1013361,3.918746,0.03343647,-0.2447466,3.832021,0.2467869,0.4117175,4.05193,0.2714819,0.122339,4.069963,0.2596903,-0.2359398,4.274652,0.1577229,0.9106759,4.056809
72057594038042242,0,1.450378,106248.3,0.1849797,0.4152949,4.093989,0.1461748,1.106426,4.025644,0.01294545,0.8749417,4.098856,-0.0195777,0.6147417,4.101562,0.06044145,0.4232878,3.990531,0.08327086,0.3752765,3.955856,0.3002452,0.8832987,4.027965,0.3548977,0.6136176,4.022679,0.4291625,0.4217284,3.908792,0.4356226,0.3556198,3.867192,0.1200289,0.4191145,4.065798,0.0575421,0.1013361,3.918746,0.03343647,-0.2447466,3.832021,0.2467869,0.4117175,4.05193,0.2714819,0.122339,4.069963,0.2596903,-0.2359398,4.274652,0.1577229,0.9106759,4.056809
72057594038042242,0,1.450378,106248.3,0.1849797,0.4152949,4.093989,0.1461748,1.106426,4.025644,0.01294545,0.8749417,4.098856,-0.0195777,0.6147417,4.101562,0.06044145,0.4232878,3.990531,0.08327086,0.3752765,3.955856,0.3002452,0.8832987,4.027965,0.3548977,0.6136176,4.022679,0.4291625,0.4217284,3.908792,0.4356226,0.3556198,3.867192,0.1200289,0.4191145,4.065798,0.0575421,0.1013361,3.918746,0.03343647,-0.2447466,3.832021,0.2467869,0.4117175,4.05193,0.2714819,0.122339,4.069963,0.2596903,-0.2359398,4.274652,0.1577229,0.9106759,4.056809
72057594038042242,0,1.450378,106248.3,0.1849797,0.4152949,4.093989,0.1461748,1.106426,4.025644,0.01294545,0.8749417,4.098856,-0.0195777,0.6147417,4.101562,0.06044145,0.4232878,3.990531,0.08327086,0.3752765,3.955856,0.3002452,0.8832987,4.027965,0.3548977,0.6136176,4.022679,0.4291625,0.4217284,3.908792,0.4356226,0.3556198,3.867192,0.1200289,0.4191145,4.065798,0.0575421,0.1013361,3.918746,0.03343647,-0.2447466,3.832021,0.2467869,0.4117175,4.05193,0.2714819,0.122339,4.069963,0.2596903,-0.2359398,4.274652,0.1577229,0.9106759,4.056809
72057594038042242,0,1.450378,106248.3,0.1849797,0.4152949,4.093989,0.1461748,1.106426,4.025644,0.01294545,0.8749417,4.098856,-0.0195777,0.6147417,4.101562,0.06044145,0.4232878,3.990531,0.08327086,0.3752765,3.955856,0.3002452,0.8832987,4.027965,0.3548977,0.6136176,4.022679,0.4291625,0.4217284,3.908792,0.4356226,0.3556198,3.867192,0.1200289,0.4191145,4.065798,0.0575421,0.1013361,3.918746,0.03343647,-0.2447466,3.832021,0.2467869,0.4117175,4.05193,0.2714819,0.122339,4.069963,0.2596903,-0.2359398,4.274652,0.1577229,0.9106759,4.056809
72057594038042242,0,1.450378,106248.3,0.1849797,0.4152949,4.093989,0.1461748,1.106426,4.025644,0.01294545,0.8749417,4.098856,-0.0195777,0.6147417,4.101562,0.06044145,0.4232878,3.990531,0.08327086,0.3752765,3.955856,0.3002452,0.8832987,4.027965,0.3548977,0.6136176,4.022679,0.4291625,0.4217284,3.908792,0.4356226,0.3556198,3.867192,0.1200289,0.4191145,4.065798,0.0575421,0.1013361,3.918746,0.03343647,-0.2447466,3.832021,0.2467869,0.4117175,4.05193,0.2714819,0.122339,4.069963,0.2596903,-0.2359398,4.274652,0.1577229,0.9106759,4.056809
72057594038042242,0,1.450378,106248.3,0.1849797,0.4152949,4.093989,0.1461748,1.106426,4.025644,0.01294545,0.8749417,4.098856,-0.0195777,0.6147417,4.101562,0.06044145,0.4232878,3.990531,0.08327086,0.3752765,3.955856,0.3002452,0.8832987,4.027965,0.3548977,0.6136176,4.022679,0.4291625,0.4217284,3.908792,0.4356226,0.3556198,3.867192,0.1200289,0.4191145,4.065798,0.0575421,0.1013361,3.918746,0.03343647,-0.2447466,3.832021,0.2467869,0.4117175,4.05193,0.2714819,0.122339,4.069963,0.2596903,-0.2359398,4.274652,0.1577229,0.9106759,4.056809
72057594038042242,0,1.450378,106248.3,0.1849797,0.4152949,4.093989,0.1461748,1.106426,4.025644,0.01294545,0.8749417,4.098856,-0.0195777,0.6147417,4.101562,0.06044145,0.4232878,3.990531,0.08327086,0.3752765,3.955856,0.3002452,0.8832987,4.027965,0.3548977,0.6136176,4.022679,0.4291625,0.4217284,3.908792,0.4356226,0.3556198,3.867192,0.1200289,0.4191145,4.065798,0.0575421,0.1013361,3.918746,0.03343647,-0.2447466,3.832021,0.2467869,0.4117175,4.05193,0.2714819,0.122339,4.069963,0.2596903,-0.2359398,4.274652,0.1577229,0.9106759,4.056809
72057594038042242,0,1.450378,106248.3,0.1849797,0.4152949,4.093989,0.1461748,1.106426,4.025644,0.01294545,0.8749417,4.098856,-0.0195777,0.6147417,4.101562,0.06044145,0.4232878,3.990531,0.08327086,0.3752765,3.955856,0.3002452,0.8832987,4.027965,0.3548977,0.6136176,4.022679,0.4291625,0.4217284,3.908792,0.4356226,0.3556198,3.867192,0.1200289,0.4191145,4.065798,0.0575421,0.1013361,3.918746,0.03343647,-0.2447466,3.832021,0.2467869,0.4117175,4.05193,0.2714819,0.122339,4.069963,0.2596903,-0.2359398,4.274652,0.1577229,0.9106759,4.056809
72057594038042242,0,1.418014,106248.3,0.176436,0.4044682,4.056823,0.1328164,1.10532,4.008671,0.0002463509,0.8714958,4.06624,-0.02545345,0.6429747,4.073309,0.04341814,0.452188,3.955713,0.06300443,0.3992399,3.929555,0.2754994,0.8849915,3.986248,0.3507777,0.6111456,3.99321,0.4301866,0.41139,3.903677,0.4319029,0.3513463,3.867374,0.1090245,0.3935405,4.02597,0.06030812,0.1018,3.889602,0.03121839,-0.2451023,3.828749,0.2400827,0.412653,4.015467,0.2584116,0.1185485,4.04738,0.2556857,-0.2372774,4.262967,0.143075,0.9142235,4.025692
72057594038042242,0,1.418014,106248.3,0.176436,0.4044682,4.056823,0.1328164,1.10532,4.008671,0.0002463509,0.8714958,4.06624,-0.02545345,0.6429747,4.073309,0.04341814,0.452188,3.955713,0.06300443,0.3992399,3.929555,0.2754994,0.8849915,3.986248,0.3507777,0.6111456,3.99321,0.4301866,0.41139,3.903677,0.4319029,0.3513463,3.867374,0.1090245,0.3935405,4.02597,0.06030812,0.1018,3.889602,0.03121839,-0.2451023,3.828749,0.2400827,0.412653,4.015467,0.2584116,0.1185485,4.04738,0.2556857,-0.2372774,4.262967,0.143075,0.9142235,4.025692
72057594038042242,0,1.418014,106248.3,0.176436,0.4044682,4.056823,0.1328164,1.10532,4.008671,0.0002463509,0.8714958,4.06624,-0.02545345,0.6429747,4.073309,0.04341814,0.452188,3.955713,0.06300443,0.3992399,3.929555,0.2754994,0.8849915,3.986248,0.3507777,0.6111456,3.99321,0.4301866,0.41139,3.903677,0.4319029,0.3513463,3.867374,0.1090245,0.3935405,4.02597,0.06030812,0.1018,3.889602,0.03121839,-0.2451023,3.828749,0.2400827,0.412653,4.015467,0.2584116,0.1185485,4.04738,0.2556857,-0.2372774,4.262967,0.143075,0.9142235,4.025692
72057594038042242,0,1.418014,106248.3,0.176436,0.4044682,4.056823,0.1328164,1.10532,4.008671,0.0002463509,0.8714958,4.06624,-0.02545345,0.6429747,4.073309,0.04341814,0.452188,3.955713,0.06300443,0.3992399,3.929555,0.2754994,0.8849915,3.986248,0.3507777,0.6111456,3.99321,0.4301866,0.41139,3.903677,0.4319029,0.3513463,3.867374,0.1090245,0.3935405,4.02597,0.06030812,0.1018,3.889602,0.03121839,-0.2451023,3.828749,0.2400827,0.412653,4.015467,0.2584116,0.1185485,4.04738,0.2556857,-0.2372774,4.262967,0.143075,0.9142235,4.025692
72057594038042242,0,1.418014,106248.3,0.176436,0.4044682,4.056823,0.1328164,1.10532,4.008671,0.0002463509,0.8714958,4.06624,-0.02545345,0.6429747,4.073309,0.04341814,0.452188,3.955713,0.06300443,0.3992399,3.929555,0.2754994,0.8849915,3.986248,0.3507777,0.6111456,3.99321,0.4301866,0.41139,3.903677,0.4319029,0.3513463,3.867374,0.1090245,0.3935405,4.02597,0.06030812,0.1018,3.889602,0.03121839,-0.2451023,3.828749,0.2400827,0.412653,4.015467,0.2584116,0.1185485,4.04738,0.2556857,-0.2372774,4.262967,0.143075,0.9142235,4.025692
72057594038042242,0,1.418014,106248.3,0.176436,0.4044682,4.056823,0.1328164,1.10532,4.008671,0.0002463509,0.8714958,4.06624,-0.02545345,0.6429747,4.073309,0.04341814,0.452188,3.955713,0.06300443,0.3992399,3.929555,0.2754994,0.8849915,3.986248,0.3507777,0.6111456,3.99321,0.4301866,0.41139,3.903677,0.4319029,0.3513463,3.867374,0.1090245,0.3935405,4.02597,0.06030812,0.1018,3.889602,0.03121839,-0.2451023,3.828749,0.2400827,0.412653,4.015467,0.2584116,0.1185485,4.04738,0.2556857,-0.2372774,4.262967,0.143075,0.9142235,4.025692
72057594038042242,0,1.418014,106248.3,0.176436,0.4044682,4.056823,0.1328164,1.10532,4.008671,0.0002463509,0.8714958,4.06624,-0.02545345,0.6429747,4.073309,0.04341814,0.452188,3.955713,0.06300443,0.3992399,3.929555,0.2754994,0.8849915,3.986248,0.3507777,0.6111456,3.99321,0.4301866,0.41139,3.903677,0.4319029,0.3513463,3.867374,0.1090245,0.3935405,4.02597,0.06030812,0.1018,3.889602,0.03121839,-0.2451023,3.828749,0.2400827,0.412653,4.015467,0.2584116,0.1185485,4.04738,0.2556857,-0.2372774,4.262967,0.143075,0.9142235,4.025692
72057594038042242,0,1.418014,106248.3,0.176436,0.4044682,4.056823,0.1328164,1.10532,4.008671,0.0002463509,0.8714958,4.06624,-0.02545345,0.6429747,4.073309,0.04341814,0.452188,3.955713,0.06300443,0.3992399,3.929555,0.2754994,0.8849915,3.986248,0.3507777,0.6111456,3.99321,0.4301866,0.41139,3.903677,0.4319029,0.3513463,3.867374,0.1090245,0.3935405,4.02597,0.06030812,0.1018,3.889602,0.03121839,-0.2451023,3.828749,0.2400827,0.412653,4.015467,0.2584116,0.1185485,4.04738,0.2556857,-0.2372774,4.262967,0.143075,0.9142235,4.025692
72057594038042242,0,1.418014,106248.3,0.176436,0.4044682,4.056823,0.1328164,1.10532,4.008671,0.0002463509,0.8714958,4.06624,-0.02545345,0.6429747,4.073309,0.04341814,0.452188,3.955713,0.06300443,0.3992399,3.929555,0.2754994,0.8849915,3.986248,0.3507777,0.6111456,3.99321,0.4301866,0.41139,3.903677,0.4319029,0.3513463,3.867374,0.1090245,0.3935405,4.02597,0.06030812,0.1018,3.889602,0.03121839,-0.2451023,3.828749,0.2400827,0.412653,4.015467,0.2584116,0.1185485,4.04738,0.2556857,-0.2372774,4.262967,0.143075,0.9142235,4.025692
72057594038042242,0,1.418014,106248.3,0.176436,0.4044682,4.056823,0.1328164,1.10532,4.008671,0.0002463509,0.8714958,4.06624,-0.02545345,0.6429747,4.073309,0.04341814,0.452188,3.955713,0.06300443,0.3992399,3.929555,0.2754994,0.8849915,3.986248,0.3507777,0.6111456,3.99321,0.4301866,0.41139,3.903677,0.4319029,0.3513463,3.867374,0.1090245,0.3935405,4.02597,0.06030812,0.1018,3.889602,0.03121839,-0.2451023,3.828749,0.2400827,0.412653,4.015467,0.2584116,0.1185485,4.04738,0.2556857,-0.2372774,4.262967,0.143075,0.9142235,4.025692
72057594038042242,0,1.402657,106248.3,0.1756423,0.4143048,4.043993,0.1119808,1.104,3.990489,-0.02629334,0.8620147,4.055391,-0.0356147,0.6186777,4.036818,0.04765352,0.4202189,3.912747,0.02493375,0.3898477,3.907515,0.2665461,0.8925052,3.974749,0.331864,0.6375215,3.963109,0.4198498,0.3772282,3.867703,0.4249227,0.3383766,3.863548,0.1117299,0.4132085,4.017196,0.05821869,0.1097679,3.881641,0.02912012,-0.248602,3.824517,0.2363276,0.4167399,3.997483,0.2606294,0.02982607,4.007457,0.2503673,-0.263685,4.264182,0.1286551,0.9136581,4.008593
72057594038042242,0,1.402657,106248.3,0.1756423,0.4143048,4.043993,0.1119808,1.104,3.990489,-0.02629334,0.8620147,4.055391,-0.0356147,0.6186777,4.036818,0.04765352,0.4202189,3.912747,0.02493375,0.3898477,3.907515,0.2665461,0.8925052,3.974749,0.331864,0.6375215,3.963109,0.4198498,0.3772282,3.867703,0.4249227,0.3383766,3.863548,0.1117299,0.4132085,4.017196,0.05821869,0.1097679,3.881641,0.02912012,-0.248602,3.824517,0.2363276,0.4167399,3.997483,0.2606294,0.02982607,4.007457,0.2503673,-0.263685,4.264182,0.1286551,0.9136581,4.008593
72057594038042242,0,1.402657,106248.3,0.1756423,0.4143048,4.043993,0.1119808,1.104,3.990489,-0.02629334,0.8620147,4.055391,-0.0356147,0.6186777,4.036818,0.04765352,0.4202189,3.912747,0.02493375,0.3898477,3.907515,0.2665461,0.8925052,3.974749,0.331864,0.6375215,3.963109,0.4198498,0.3772282,3.867703,0.4249227,0.3383766,3.863548,0.1117299,0.4132085,4.017196,0.05821869,0.1097679,3.881641,0.02912012,-0.248602,3.824517,0.2363276,0.4167399,3.997483,0.2606294,0.02982607,4.007457,0.2503673,-0.263685,4.264182,0.1286551,0.9136581,4.008593
72057594038042242,0,1.402657,106248.3,0.1756423,0.4143048,4.043993,0.1119808,1.104,3.990489,-0.02629334,0.8620147,4.055391,-0.0356147,0.6186777,4.036818,0.04765352,0.4202189,3.912747,0.02493375,0.3898477,3.907515,0.2665461,0.8925052,3.974749,0.331864,0.6375215,3.963109,0.4198498,0.3772282,3.867703,0.4249227,0.3383766,3.863548,0.1117299,0.4132085,4.017196,0.05821869,0.1097679,3.881641,0.02912012,-0.248602,3.824517,0.2363276,0.4167399,3.997483,0.2606294,0.02982607,4.007457,0.2503673,-0.263685,4.264182,0.1286551,0.9136581,4.008593
72057594038042242,0,1.402657,106248.3,0.1756423,0.4143048,4.043993,0.1119808,1.104,3.990489,-0.02629334,0.8620147,4.055391,-0.0356147,0.6186777,4.036818,0.04765352,0.4202189,3.912747,0.02493375,0.3898477,3.907515,0.2665461,0.8925052,3.974749,0.331864,0.6375215,3.963109,0.4198498,0.3772282,3.867703,0.4249227,0.3383766,3.863548,0.1117299,0.4132085,4.017196,0.05821869,0.1097679,3.881641,0.02912012,-0.248602,3.824517,0.2363276,0.4167399,3.997483,0.2606294,0.02982607,4.007457,0.2503673,-0.263685,4.264182,0.1286551,0.9136581,4.008593
72057594038042242,0,1.402657,106248.3,0.1756423,0.4143048,4.043993,0.1119808,1.104,3.990489,-0.02629334,0.8620147,4.055391,-0.0356147,0.6186777,4.036818,0.04765352,0.4202189,3.912747,0.02493375,0.3898477,3.907515,0.2665461,0.8925052,3.974749,0.331864,0.6375215,3.963109,0.4198498,0.3772282,3.867703,0.4249227,0.3383766,3.863548,0.1117299,0.4132085,4.017196,0.05821869,0.1097679,3.881641,0.02912012,-0.248602,3.824517,0.2363276,0.4167399,3.997483,0.2606294,0.02982607,4.007457,0.2503673,-0.263685,4.264182,0.1286551,0.9136581,4.008593
72057594038042242,0,1.402657,106248.4,0.1756423,0.4143048,4.043993,0.1119808,1.104,3.990489,-0.02629334,0.8620147,4.055391,-0.0356147,0.6186777,4.036818,0.04765352,0.4202189,3.912747,0.02493375,0.3898477,3.907515,0.2665461,0.8925052,3.974749,0.331864,0.6375215,3.963109,0.4198498,0.3772282,3.867703,0.4249227,0.3383766,3.863548,0.1117299,0.4132085,4.017196,0.05821869,0.1097679,3.881641,0.02912012,-0.248602,3.824517,0.2363276,0.4167399,3.997483,0.2606294,0.02982607,4.007457,0.2503673,-0.263685,4.264182,0.1286551,0.9136581,4.008593
72057594038042242,0,1.402657,106248.4,0.1756423,0.4143048,4.043993,0.1119808,1.104,3.990489,-0.02629334,0.8620147,4.055391,-0.0356147,0.6186777,4.036818,0.04765352,0.4202189,3.912747,0.02493375,0.3898477,3.907515,0.2665461,0.8925052,3.974749,0.331864,0.6375215,3.963109,0.4198498,0.3772282,3.867703,0.4249227,0.3383766,3.863548,0.1117299,0.4132085,4.017196,0.05821869,0.1097679,3.881641,0.02912012,-0.248602,3.824517,0.2363276,0.4167399,3.997483,0.2606294,0.02982607,4.007457,0.2503673,-0.263685,4.264182,0.1286551,0.9136581,4.008593
72057594038042242,0,1.402657,106248.4,0.1756423,0.4143048,4.043993,0.1119808,1.104,3.990489,-0.02629334,0.8620147,4.055391,-0.0356147,0.6186777,4.036818,0.04765352,0.4202189,3.912747,0.02493375,0.3898477,3.907515,0.2665461,0.8925052,3.974749,0.331864,0.6375215,3.963109,0.4198498,0.3772282,3.867703,0.4249227,0.3383766,3.863548,0.1117299,0.4132085,4.017196,0.05821869,0.1097679,3.881641,0.02912012,-0.248602,3.824517,0.2363276,0.4167399,3.997483,0.2606294,0.02982607,4.007457,0.2503673,-0.263685,4.264182,0.1286551,0.9136581,4.008593
72057594038042242,0,1.402657,106248.4,0.1756423,0.4143048,4.043993,0.1119808,1.104,3.990489,-0.02629334,0.8620147,4.055391,-0.0356147,0.6186777,4.036818,0.04765352,0.4202189,3.912747,0.02493375,0.3898477,3.907515,0.2665461,0.8925052,3.974749,0.331864,0.6375215,3.963109,0.4198498,0.3772282,3.867703,0.4249227,0.3383766,3.863548,0.1117299,0.4132085,4.017196,0.05821869,0.1097679,3.881641,0.02912012,-0.248602,3.824517,0.2363276,0.4167399,3.997483,0.2606294,0.02982607,4.007457,0.2503673,-0.263685,4.264182,0.1286551,0.9136581,4.008593
72057594038042242,0,1.370946,106248.4,0.1660106,0.4261689,4.015639,0.08680598,1.113331,3.962707,-0.03599659,0.8634617,4.030022,-0.04221716,0.6239586,4.018719,0.0690556,0.3791037,3.877603,0.052226,0.360219,3.87305,0.2503732,0.9065661,3.950616,0.3303028,0.63568,3.956546,0.4036461,0.4008313,3.875218,0.4059607,0.348493,3.859782,0.1029688,0.4244823,3.996504,0.05438728,0.1094421,3.871009,0.03030769,-0.248168,3.822873,0.2271118,0.4262111,3.966301,0.262013,0.03795916,3.976102,0.2509721,-0.2587985,4.215213,0.1112396,0.9248301,3.982303
72057594038042242,0,1.370946,106248.4,0.1660106,0.4261689,4.015639,0.08680598,1.113331,3.962707,-0.03599659,0.8634617,4.030022,-0.04221716,0.6239586,4.018719,0.0690556,0.3791037,3.877603,0.052226,0.360219,3.87305,0.2503732,0.9065661,3.950616,0.3303028,0.63568,3.956546,0.4036461,0.4008313,3.875218,0.4059607,0.348493,3.859782,0.1029688,0.4244823,3.996504,0.05438728,0.1094421,3.871009,0.03030769,-0.248168,3.822873,0.2271118,0.4262111,3.966301,0.262013,0.03795916,3.976102,0.2509721,-0.2587985,4.215213,0.1112396,0.9248301,3.982303
72057594038042242,0,1.370946,106248.4,0.1660106,0.4261689,4.015639,0.08680598,1.113331,3.962707,-0.03599659,0.8634617,4.030022,-0.04221716,0.6239586,4.018719,0.0690556,0.3791037,3.877603,0.052226,0.360219,3.87305,0.2503732,0.9065661,3.950616,0.3303028,0.63568,3.956546,0.4036461,0.4008313,3.875218,0.4059607,0.348493,3.859782,0.1029688,0.4244823,3.996504,0.05438728,0.1094421,3.871009,0.03030769,-0.248168,3.822873,0.2271118,0.4262111,3.966301,0.262013,0.03795916,3.976102,0.2509721,-0.2587985,4.215213,0.1112396,0.9248301,3.982303
72057594038042242,0,1.370946,106248.4,0.1660106,0.4261689,4.015639,0.08680598,1.113331,3.962707,-0.03599659,0.8634617,4.030022,-0.04221716,0.6239586,4.018719,0.0690556,0.3791037,3.877603,0.052226,0.360219,3.87305,0.2503732,0.9065661,3.950616,0.3303028,0.63568,3.956546,0.4036461,0.4008313,3.875218,0.4059607,0.348493,3.859782,0.1029688,0.4244823,3.996504,0.05438728,0.1094421,3.871009,0.03030769,-0.248168,3.822873,0.2271118,0.4262111,3.966301,0.262013,0.03795916,3.976102,0.2509721,-0.2587985,4.215213,0.1112396,0.9248301,3.982303
72057594038042242,0,1.370946,106248.4,0.1660106,0.4261689,4.015639,0.08680598,1.113331,3.962707,-0.03599659,0.8634617,4.030022,-0.04221716,0.6239586,4.018719,0.0690556,0.3791037,3.877603,0.052226,0.360219,3.87305,0.2503732,0.9065661,3.950616,0.3303028,0.63568,3.956546,0.4036461,0.4008313,3.875218,0.4059607,0.348493,3.859782,0.1029688,0.4244823,3.996504,0.05438728,0.1094421,3.871009,0.03030769,-0.248168,3.822873,0.2271118,0.4262111,3.966301,0.262013,0.03795916,3.976102,0.2509721,-0.2587985,4.215213,0.1112396,0.9248301,3.982303
72057594038042242,0,1.370946,106248.4,0.1660106,0.4261689,4.015639,0.08680598,1.113331,3.962707,-0.03599659,0.8634617,4.030022,-0.04221716,0.6239586,4.018719,0.0690556,0.3791037,3.877603,0.052226,0.360219,3.87305,0.2503732,0.9065661,3.950616,0.3303028,0.63568,3.956546,0.4036461,0.4008313,3.875218,0.4059607,0.348493,3.859782,0.1029688,0.4244823,3.996504,0.05438728,0.1094421,3.871009,0.03030769,-0.248168,3.822873,0.2271118,0.4262111,3.966301,0.262013,0.03795916,3.976102,0.2509721,-0.2587985,4.215213,0.1112396,0.9248301,3.982303
72057594038042242,0,1.370946,106248.4,0.1660106,0.4261689,4.015639,0.08680598,1.113331,3.962707,-0.03599659,0.8634617,4.030022,-0.04221716,0.6239586,4.018719,0.0690556,0.3791037,3.877603,0.052226,0.360219,3.87305,0.2503732,0.9065661,3.950616,0.3303028,0.63568,3.956546,0.4036461,0.4008313,3.875218,0.4059607,0.348493,3.859782,0.1029688,0.4244823,3.996504,0.05438728,0.1094421,3.871009,0.03030769,-0.248168,3.822873,0.2271118,0.4262111,3.966301,0.262013,0.03795916,3.976102,0.2509721,-0.2587985,4.215213,0.1112396,0.9248301,3.982303
72057594038042242,0,1.370946,106248.4,0.1660106,0.4261689,4.015639,0.08680598,1.113331,3.962707,-0.03599659,0.8634617,4.030022,-0.04221716,0.6239586,4.018719,0.0690556,0.3791037,3.877603,0.052226,0.360219,3.87305,0.2503732,0.9065661,3.950616,0.3303028,0.63568,3.956546,0.4036461,0.4008313,3.875218,0.4059607,0.348493,3.859782,0.1029688,0.4244823,3.996504,0.05438728,0.1094421,3.871009,0.03030769,-0.248168,3.822873,0.2271118,0.4262111,3.966301,0.262013,0.03795916,3.976102,0.2509721,-0.2587985,4.215213,0.1112396,0.9248301,3.982303
72057594038042242,0,1.370946,106248.4,0.1660106,0.4261689,4.015639,0.08680598,1.113331,3.962707,-0.03599659,0.8634617,4.030022,-0.04221716,0.6239586,4.018719,0.0690556,0.3791037,3.877603,0.052226,0.360219,3.87305,0.2503732,0.9065661,3.950616,0.3303028,0.63568,3.956546,0.4036461,0.4008313,3.875218,0.4059607,0.348493,3.859782,0.1029688,0.4244823,3.996504,0.05438728,0.1094421,3.871009,0.03030769,-0.248168,3.822873,0.2271118,0.4262111,3.966301,0.262013,0.03795916,3.976102,0.2509721,-0.2587985,4.215213,0.1112396,0.9248301,3.982303
72057594038042242,0,1.370946,106248.4,0.1660106,0.4261689,4.015639,0.08680598,1.113331,3.962707,-0.03599659,0.8634617,4.030022,-0.04221716,0.6239586,4.018719,0.0690556,0.3791037,3.877603,0.052226,0.360219,3.87305,0.2503732,0.9065661,3.950616,0.3303028,0.63568,3.956546,0.4036461,0.4008313,3.875218,0.4059607,0.348493,3.859782,0.1029688,0.4244823,3.996504,0.05438728,0.1094421,3.871009,0.03030769,-0.248168,3.822873,0.2271118,0.4262111,3.966301,0.262013,0.03795916,3.976102,0.2509721,-0.2587985,4.215213,0.1112396,0.9248301,3.982303
72057594038042242,0,1.348875,106248.4,0.1591501,0.4265455,3.9931,0.06997178,1.122842,3.94517,-0.04633071,0.8594589,3.989586,-0.04415616,0.6223233,3.983711,0.05830212,0.3731135,3.864848,0.05105045,0.353413,3.853432,0.2411144,0.9136698,3.930678,0.3239134,0.6429006,3.936021,0.3881805,0.4283924,3.889346,0.3908348,0.3540812,3.854537,0.09330916,0.4209952,3.966303,0.05132921,0.1031688,3.861593,0.03103786,-0.2485417,3.818746,0.2217811,0.4301265,3.948245,0.2552985,0.1438195,3.915987,0.2455481,-0.2155227,4.13638,0.1010604,0.9293514,3.958274
72057594038042242,0,1.348875,106248.4,0.1591501,0.4265455,3.9931,0.06997178,1.122842,3.94517,-0.04633071,0.8594589,3.989586,-0.04415616,0.6223233,3.983711,0.05830212,0.3731135,3.864848,0.05105045,0.353413,3.853432,0.2411144,0.9136698,3.930678,0.3239134,0.6429006,3.936021,0.3881805,0.4283924,3.889346,0.3908348,0.3540812,3.854537,0.09330916,0.4209952,3.966303,0.05132921,0.1031688,3.861593,0.03103786,-0.2485417,3.818746,0.2217811,0.4301265,3.948245,0.2552985,0.1438195,3.915987,0.2455481,-0.2155227,4.13638,0.1010604,0.9293514,3.958274
72057594038042242,0,1.348875,106248.4,0.1591501,0.4265455,3.9931,0.06997178,1.122842,3.94517,-0.04633071,0.8594589,3.989586,-0.04415616,0.6223233,3.983711,0.05830212,0.3731135,3.864848,0.05105045,0.353413,3.853432,0.2411144,0.9136698,3.930678,0.3239134,0.6429006,3.936021,0.3881805,0.4283924,3.889346,0.3908348,0.3540812,3.854537,0.09330916,0.4209952,3.966303,0.05132921,0.1031688,3.861593,0.03103786,-0.2485417,3.818746,0.2217811,0.4301265,3.948245,0.2552985,0.1438195,3.915987,0.2455481,-0.2155227,4.13638,0.1010604,0.9293514,3.958274
72057594038042242,0,1.348875,106248.4,0.1591501,0.4265455,3.9931,0.06997178,1.122842,3.94517,-0.04633071,0.8594589,3.989586,-0.04415616,0.6223233,3.983711,0.05830212,0.3731135,3.864848,0.05105045,0.353413,3.853432,0.2411144,0.9136698,3.930678,0.3239134,0.6429006,3.936021,0.3881805,0.4283924,3.889346,0.3908348,0.3540812,3.854537,0.09330916,0.4209952,3.966303,0.05132921,0.1031688,3.861593,0.03103786,-0.2485417,3.818746,0.2217811,0.4301265,3.948245,0.2552985,0.1438195,3.915987,0.2455481,-0.2155227,4.13638,0.1010604,0.9293514,3.958274
72057594038042242,0,1.348875,106248.4,0.1591501,0.4265455,3.9931,0.06997178,1.122842,3.94517,-0.04633071,0.8594589,3.989586,-0.04415616,0.6223233,3.983711,0.05830212,0.3731135,3.864848,0.05105045,0.353413,3.853432,0.2411144,0.9136698,3.930678,0.3239134,0.6429006,3.936021,0.3881805,0.4283924,3.889346,0.3908348,0.3540812,3.854537,0.09330916,0.4209952,3.966303,0.05132921,0.1031688,3.861593,0.03103786,-0.2485417,3.818746,0.2217811,0.4301265,3.948245,0.2552985,0.1438195,3.915987,0.2455481,-0.2155227,4.13638,0.1010604,0.9293514,3.958274
72057594038042242,0,1.348875,106248.4,0.1591501,0.4265455,3.9931,0.06997178,1.122842,3.94517,-0.04633071,0.8594589,3.989586,-0.04415616,0.6223233,3.983711,0.05830212,0.3731135,3.864848,0.05105045,0.353413,3.853432,0.2411144,0.9136698,3.930678,0.3239134,0.6429006,3.936021,0.3881805,0.4283924,3.889346,0.3908348,0.3540812,3.854537,0.09330916,0.4209952,3.966303,0.05132921,0.1031688,3.861593,0.03103786,-0.2485417,3.818746,0.2217811,0.4301265,3.948245,0.2552985,0.1438195,3.915987,0.2455481,-0.2155227,4.13638,0.1010604,0.9293514,3.958274
72057594038042242,0,1.348875,106248.4,0.1591501,0.4265455,3.9931,0.06997178,1.122842,3.94517,-0.04633071,0.8594589,3.989586,-0.04415616,0.6223233,3.983711,0.05830212,0.3731135,3.864848,0.05105045,0.353413,3.853432,0.2411144,0.9136698,3.930678,0.3239134,0.6429006,3.936021,0.3881805,0.4283924,3.889346,0.3908348,0.3540812,3.854537,0.09330916,0.4209952,3.966303,0.05132921,0.1031688,3.861593,0.03103786,-0.2485417,3.818746,0.2217811,0.4301265,3.948245,0.2552985,0.1438195,3.915987,0.2455481,-0.2155227,4.13638,0.1010604,0.9293514,3.958274
72057594038042242,0,1.348875,106248.4,0.1591501,0.4265455,3.9931,0.06997178,1.122842,3.94517,-0.04633071,0.8594589,3.989586,-0.04415616,0.6223233,3.983711,0.05830212,0.3731135,3.864848,0.05105045,0.353413,3.853432,0.2411144,0.9136698,3.930678,0.3239134,0.6429006,3.936021,0.3881805,0.4283924,3.889346,0.3908348,0.3540812,3.854537,0.09330916,0.4209952,3.966303,0.05132921,0.1031688,3.861593,0.03103786,-0.2485417,3.818746,0.2217811,0.4301265,3.948245,0.2552985,0.1438195,3.915987,0.2455481,-0.2155227,4.13638,0.1010604,0.9293514,3.958274
72057594038042242,0,1.348875,106248.4,0.1591501,0.4265455,3.9931,0.06997178,1.122842,3.94517,-0.04633071,0.8594589,3.989586,-0.04415616,0.6223233,3.983711,0.05830212,0.3731135,3.864848,0.05105045,0.353413,3.853432,0.2411144,0.9136698,3.930678,0.3239134,0.6429006,3.936021,0.3881805,0.4283924,3.889346,0.3908348,0.3540812,3.854537,0.09330916,0.4209952,3.966303,0.05132921,0.1031688,3.861593,0.03103786,-0.2485417,3.818746,0.2217811,0.4301265,3.948245,0.2552985,0.1438195,3.915987,0.2455481,-0.2155227,4.13638,0.1010604,0.9293514,3.958274
72057594038042242,0,1.348875,106248.4,0.1591501,0.4265455,3.9931,0.06997178,1.122842,3.94517,-0.04633071,0.8594589,3.989586,-0.04415616,0.6223233,3.983711,0.05830212,0.3731135,3.864848,0.05105045,0.353413,3.853432,0.2411144,0.9136698,3.930678,0.3239134,0.6429006,3.936021,0.3881805,0.4283924,3.889346,0.3908348,0.3540812,3.854537,0.09330916,0.4209952,3.966303,0.05132921,0.1031688,3.861593,0.03103786,-0.2485417,3.818746,0.2217811,0.4301265,3.948245,0.2552985,0.1438195,3.915987,0.2455481,-0.2155227,4.13638,0.1010604,0.9293514,3.958274
72057594038042242,0,1.348875,106248.4,0.1591501,0.4265455,3.9931,0.06997178,1.122842,3.94517,-0.04633071,0.8594589,3.989586,-0.04415616,0.6223233,3.983711,0.05830212,0.3731135,3.864848,0.05105045,0.353413,3.853432,0.2411144,0.9136698,3.930678,0.3239134,0.6429006,3.936021,0.3881805,0.4283924,3.889346,0.3908348,0.3540812,3.854537,0.09330916,0.4209952,3.966303,0.05132921,0.1031688,3.861593,0.03103786,-0.2485417,3.818746,0.2217811,0.4301265,3.948245,0.2552985,0.1438195,3.915987,0.2455481,-0.2155227,4.13638,0.1010604,0.9293514,3.958274
72057594038042242,0,1.32658,106248.4,0.1541417,0.4324674,3.972028,0.05979549,1.128737,3.926376,-0.05423824,0.8572371,3.976842,-0.05591467,0.6292149,3.960933,0.03836567,0.4441474,3.860074,0.05489384,0.3795473,3.842926,0.23478,0.9196271,3.91222,0.317747,0.6470993,3.919441,0.3756727,0.3629351,3.850211,0.3727039,0.3293687,3.850424,0.08964118,0.4261018,3.949912,0.04644544,0.09767857,3.854418,0.03052537,-0.2494962,3.817173,0.2159442,0.4373419,3.924303,0.2590071,0.1414834,3.884596,0.2422659,-0.2175887,4.112,0.08805756,0.934794,3.939974
72057594038042242,0,1.32658,106248.4,0.1541417,0.4324674,3.972028,0.05979549,1.128737,3.926376,-0.05423824,0.8572371,3.976842,-0.05591467,0.6292149,3.960933,0.03836567,0.4441474,3.860074,0.05489384,0.3795473,3.842926,0.23478,0.9196271,3.91222,0.317747,0.6470993,3.919441,0.3756727,0.3629351,3.850211,0.3727039,0.3293687,3.850424,0.08964118,0.4261018,3.949912,0.04644544,0.09767857,3.854418,0.03052537,-0.2494962,3.817173,0.2159442,0.4373419,3.924303,0.2590071,0.1414834,3.884596,0.2422659,-0.2175887,4.112,0.08805756,0.934794,3.939974
72057594038042242,0,1.32658,106248.4,0.1541417,0.4324674,3.972028,0.05979549,1.128737,3.926376,-0.05423824,0.8572371,3.976842,-0.05591467,0.6292149,3.960933,0.03836567,0.4441474,3.860074,0.05489384,0.3795473,3.842926,0.23478,0.9196271,3.91222,0.317747,0.6470993,3.919441,0.3756727,0.3629351,3.850211,0.3727039,0.3293687,3.850424,0.08964118,0.4261018,3.949912,0.04644544,0.09767857,3.854418,0.03052537,-0.2494962,3.817173,0.2159442,0.4373419,3.924303,0.2590071,0.1414834,3.884596,0.2422659,-0.2175887,4.112,0.08805756,0.934794,3.939974
72057594038042242,0,1.32658,106248.4,0.1541417,0.4324674,3.972028,0.05979549,1.128737,3.926376,-0.05423824,0.8572371,3.976842,-0.05591467,0.6292149,3.960933,0.03836567,0.4441474,3.860074,0.05489384,0.3795473,3.842926,0.23478,0.9196271,3.91222,0.317747,0.6470993,3.919441,0.3756727,0.3629351,3.850211,0.3727039,0.3293687,3.850424,0.08964118,0.4261018,3.949912,0.04644544,0.09767857,3.854418,0.03052537,-0.2494962,3.817173,0.2159442,0.4373419,3.924303,0.2590071,0.1414834,3.884596,0.2422659,-0.2175887,4.112,0.08805756,0.934794,3.939974
72057594038042242,0,1.32658,106248.4,0.1541417,0.4324674,3.972028,0.05979549,1.128737,3.926376,-0.05423824,0.8572371,3.976842,-0.05591467,0.6292149,3.960933,0.03836567,0.4441474,3.860074,0.05489384,0.3795473,3.842926,0.23478,0.9196271,3.91222,0.317747,0.6470993,3.919441,0.3756727,0.3629351,3.850211,0.3727039,0.3293687,3.850424,0.08964118,0.4261018,3.949912,0.04644544,0.09767857,3.854418,0.03052537,-0.2494962,3.817173,0.2159442,0.4373419,3.924303,0.2590071,0.1414834,3.884596,0.2422659,-0.2175887,4.112,0.08805756,0.934794,3.939974
72057594038042242,0,1.32658,106248.4,0.1541417,0.4324674,3.972028,0.05979549,1.128737,3.926376,-0.05423824,0.8572371,3.976842,-0.05591467,0.6292149,3.960933,0.03836567,0.4441474,3.860074,0.05489384,0.3795473,3.842926,0.23478,0.9196271,3.91222,0.317747,0.6470993,3.919441,0.3756727,0.3629351,3.850211,0.3727039,0.3293687,3.850424,0.08964118,0.4261018,3.949912,0.04644544,0.09767857,3.854418,0.03052537,-0.2494962,3.817173,0.2159442,0.4373419,3.924303,0.2590071,0.1414834,3.884596,0.2422659,-0.2175887,4.112,0.08805756,0.934794,3.939974
72057594038042242,0,1.32658,106248.5,0.1541417,0.4324674,3.972028,0.05979549,1.128737,3.926376,-0.05423824,0.8572371,3.976842,-0.05591467,0.6292149,3.960933,0.03836567,0.4441474,3.860074,0.05489384,0.3795473,3.842926,0.23478,0.9196271,3.91222,0.317747,0.6470993,3.919441,0.3756727,0.3629351,3.850211,0.3727039,0.3293687,3.850424,0.08964118,0.4261018,3.949912,0.04644544,0.09767857,3.854418,0.03052537,-0.2494962,3.817173,0.2159442,0.4373419,3.924303,0.2590071,0.1414834,3.884596,0.2422659,-0.2175887,4.112,0.08805756,0.934794,3.939974
72057594038042242,0,1.32658,106248.5,0.1541417,0.4324674,3.972028,0.05979549,1.128737,3.926376,-0.05423824,0.8572371,3.976842,-0.05591467,0.6292149,3.960933,0.03836567,0.4441474,3.860074,0.05489384,0.3795473,3.842926,0.23478,0.9196271,3.91222,0.317747,0.6470993,3.919441,0.3756727,0.3629351,3.850211,0.3727039,0.3293687,3.850424,0.08964118,0.4261018,3.949912,0.04644544,0.09767857,3.854418,0.03052537,-0.2494962,3.817173,0.2159442,0.4373419,3.924303,0.2590071,0.1414834,3.884596,0.2422659,-0.2175887,4.112,0.08805756,0.934794,3.939974
72057594038042242,0,1.32658,106248.5,0.1541417,0.4324674,3.972028,0.05979549,1.128737,3.926376,-0.05423824,0.8572371,3.976842,-0.05591467,0.6292149,3.960933,0.03836567,0.4441474,3.860074,0.05489384,0.3795473,3.842926,0.23478,0.9196271,3.91222,0.317747,0.6470993,3.919441,0.3756727,0.3629351,3.850211,0.3727039,0.3293687,3.850424,0.08964118,0.4261018,3.949912,0.04644544,0.09767857,3.854418,0.03052537,-0.2494962,3.817173,0.2159442,0.4373419,3.924303,0.2590071,0.1414834,3.884596,0.2422659,-0.2175887,4.112,0.08805756,0.934794,3.939974
72057594038042242,0,1.32658,106248.5,0.1541417,0.4324674,3.972028,0.05979549,1.128737,3.926376,-0.05423824,0.8572371,3.976842,-0.05591467,0.6292149,3.960933,0.03836567,0.4441474,3.860074,0.05489384,0.3795473,3.842926,0.23478,0.9196271,3.91222,0.317747,0.6470993,3.919441,0.3756727,0.3629351,3.850211,0.3727039,0.3293687,3.850424,0.08964118,0.4261018,3.949912,0.04644544,0.09767857,3.854418,0.03052537,-0.2494962,3.817173,0.2159442,0.4373419,3.924303,0.2590071,0.1414834,3.884596,0.2422659,-0.2175887,4.112,0.08805756,0.934794,3.939974
72057594038042242,0,1.32658,106248.5,0.1541417,0.4324674,3.972028,0.05979549,1.128737,3.926376,-0.05423824,0.8572371,3.976842,-0.05591467,0.6292149,3.960933,0.03836567,0.4441474,3.860074,0.05489384,0.3795473,3.842926,0.23478,0.9196271,3.91222,0.317747,0.6470993,3.919441,0.3756727,0.3629351,3.850211,0.3727039,0.3293687,3.850424,0.08964118,0.4261018,3.949912,0.04644544,0.09767857,3.854418,0.03052537,-0.2494962,3.817173,0.2159442,0.4373419,3.924303,0.2590071,0.1414834,3.884596,0.2422659,-0.2175887,4.112,0.08805756,0.934794,3.939974
72057594038042242,0,1.30422,106248.5,0.163123,0.439614,3.949334,0.05133792,1.128916,3.91278,-0.06073192,0.8669885,3.946329,-0.06976353,0.6229461,3.929752,0.04179538,0.4383852,3.853447,0.05717549,0.3694332,3.830129,0.2247027,0.9241099,3.893948,0.3072108,0.6767378,3.895994,0.3724064,0.4617697,3.868712,0.3632124,0.3837813,3.849107,0.09816518,0.4330269,3.922005,0.04410035,0.09758782,3.847261,0.03079215,-0.249599,3.816708,0.2252143,0.4449637,3.905972,0.261139,0.05595306,3.863181,0.2354078,-0.2697403,4.097716,0.08159758,0.9382356,3.9259
72057594038042242,0,1.30422,106248.5,0.163123,0.439614,3.949334,0.05133792,1.128916,3.91278,-0.06073192,0.8669885,3.946329,-0.06976353,0.6229461,3.929752,0.04179538,0.4383852,3.853447,0.05717549,0.3694332,3.830129,0.2247027,0.9241099,3.893948,0.3072108,0.6767378,3.895994,0.3724064,0.4617697,3.868712,0.3632124,0.3837813,3.849107,0.09816518,0.4330269,3.922005,0.04410035,0.09758782,3.847261,0.03079215,-0.249599,3.816708,0.2252143,0.4449637,3.905972,0.261139,0.05595306,3.863181,0.2354078,-0.2697403,4.097716,0.08159758,0.9382356,3.9259
72057594038042242,0,1.30422,106248.5,0.163123,0.439614,3.949334,0.05133792,1.128916,3.91278,-0.06073192,0.8669885,3.946329,-0.06976353,0.6229461,3.929752,0.04179538,0.4383852,3.853447,0.05717549,0.3694332,3.830129,0.2247027,0.9241099,3.893948,0.3072108,0.6767378,3.895994,0.3724064,0.4617697,3.868712,0.3632124,0.3837813,3.849107,0.09816518,0.4330269,3.922005,0.04410035,0.09758782,3.847261,0.03079215,-0.249599,3.816708,0.2252143,0.4449637,3.905972,0.261139,0.05595306,3.863181,0.2354078,-0.2697403,4.097716,0.08159758,0.9382356,3.9259
72057594038042242,0,1.30422,106248.5,0.163123,0.439614,3.949334,0.05133792,1.128916,3.91278,-0.06073192,0.8669885,3.946329,-0.06976353,0.6229461,3.929752,0.04179538,0.4383852,3.853447,0.05717549,0.3694332,3.830129,0.2247027,0.9241099,3.893948,0.3072108,0.6767378,3.895994,0.3724064,0.4617697,3.868712,0.3632124,0.3837813,3.849107,0.09816518,0.4330269,3.922005,0.04410035,0.09758782,3.847261,0.03079215,-0.249599,3.816708,0.2252143,0.4449637,3.905972,0.261139,0.05595306,3.863181,0.2354078,-0.2697403,4.097716,0.08159758,0.9382356,3.9259
72057594038042242,0,1.30422,106248.5,0.163123,0.439614,3.949334,0.05133792,1.128916,3.91278,-0.06073192,0.8669885,3.946329,-0.06976353,0.6229461,3.929752,0.04179538,0.4383852,3.853447,0.05717549,0.3694332,3.830129,0.2247027,0.9241099,3.893948,0.3072108,0.6767378,3.895994,0.3724064,0.4617697,3.868712,0.3632124,0.3837813,3.849107,0.09816518,0.4330269,3.922005,0.04410035,0.09758782,3.847261,0.03079215,-0.249599,3.816708,0.2252143,0.4449637,3.905972,0.261139,0.05595306,3.863181,0.2354078,-0.2697403,4.097716,0.08159758,0.9382356,3.9259
72057594038042242,0,1.30422,106248.5,0.163123,0.439614,3.949334,0.05133792,1.128916,3.91278,-0.06073192,0.8669885,3.946329,-0.06976353,0.6229461,3.929752,0.04179538,0.4383852,3.853447,0.05717549,0.3694332,3.830129,0.2247027,0.9241099,3.893948,0.3072108,0.6767378,3.895994,0.3724064,0.4617697,3.868712,0.3632124,0.3837813,3.849107,0.09816518,0.4330269,3.922005,0.04410035,0.09758782,3.847261,0.03079215,-0.249599,3.816708,0.2252143,0.4449637,3.905972,0.261139,0.05595306,3.863181,0.2354078,-0.2697403,4.097716,0.08159758,0.9382356,3.9259
72057594038042242,0,1.30422,106248.5,0.163123,0.439614,3.949334,0.05133792,1.128916,3.91278,-0.06073192,0.8669885,3.946329,-0.06976353,0.6229461,3.929752,0.04179538,0.4383852,3.853447,0.05717549,0.3694332,3.830129,0.2247027,0.9241099,3.893948,0.3072108,0.6767378,3.895994,0.3724064,0.4617697,3.868712,0.3632124,0.3837813,3.849107,0.09816518,0.4330269,3.922005,0.04410035,0.09758782,3.847261,0.03079215,-0.249599,3.816708,0.2252143,0.4449637,3.905972,0.261139,0.05595306,3.863181,0.2354078,-0.2697403,4.097716,0.08159758,0.9382356,3.9259
72057594038042242,0,1.30422,106248.5,0.163123,0.439614,3.949334,0.05133792,1.128916,3.91278,-0.06073192,0.8669885,3.946329,-0.06976353,0.6229461,3.929752,0.04179538,0.4383852,3.853447,0.05717549,0.3694332,3.830129,0.2247027,0.9241099,3.893948,0.3072108,0.6767378,3.895994,0.3724064,0.4617697,3.868712,0.3632124,0.3837813,3.849107,0.09816518,0.4330269,3.922005,0.04410035,0.09758782,3.847261,0.03079215,-0.249599,3.816708,0.2252143,0.4449637,3.905972,0.261139,0.05595306,3.863181,0.2354078,-0.2697403,4.097716,0.08159758,0.9382356,3.9259
72057594038042242,0,1.30422,106248.5,0.163123,0.439614,3.949334,0.05133792,1.128916,3.91278,-0.06073192,0.8669885,3.946329,-0.06976353,0.6229461,3.929752,0.04179538,0.4383852,3.853447,0.05717549,0.3694332,3.830129,0.2247027,0.9241099,3.893948,0.3072108,0.6767378,3.895994,0.3724064,0.4617697,3.868712,0.3632124,0.3837813,3.849107,0.09816518,0.4330269,3.922005,0.04410035,0.09758782,3.847261,0.03079215,-0.249599,3.816708,0.2252143,0.4449637,3.905972,0.261139,0.05595306,3.863181,0.2354078,-0.2697403,4.097716,0.08159758,0.9382356,3.9259
72057594038042242,0,1.30422,106248.5,0.163123,0.439614,3.949334,0.05133792,1.128916,3.91278,-0.06073192,0.8669885,3.946329,-0.06976353,0.6229461,3.929752,0.04179538,0.4383852,3.853447,0.05717549,0.3694332,3.830129,0.2247027,0.9241099,3.893948,0.3072108,0.6767378,3.895994,0.3724064,0.4617697,3.868712,0.3632124,0.3837813,3.849107,0.09816518,0.4330269,3.922005,0.04410035,0.09758782,3.847261,0.03079215,-0.249599,3.816708,0.2252143,0.4449637,3.905972,0.261139,0.05595306,3.863181,0.2354078,-0.2697403,4.097716,0.08159758,0.9382356,3.9259
72057594038042242,0,1.285391,106248.5,0.1602828,0.4512684,3.933745,0.03284334,1.13582,3.890474,-0.06670517,0.8824743,3.927363,-0.08192062,0.6566126,3.902042,0.044985,0.3909997,3.81661,0.04315114,0.3785851,3.81557,0.2174942,0.9281846,3.875263,0.3120629,0.6507988,3.886417,0.3795997,0.4371046,3.865614,0.3582833,0.3808814,3.833705,0.09665631,0.4339628,3.912853,0.04236419,0.1007294,3.839283,0.03173819,-0.2490606,3.815666,0.2203128,0.4762401,3.880984,0.2567038,0.08426845,3.845196,0.2306383,-0.224041,4.039182,0.07194568,0.9513794,3.901731
72057594038042242,0,1.285391,106248.5,0.1602828,0.4512684,3.933745,0.03284334,1.13582,3.890474,-0.06670517,0.8824743,3.927363,-0.08192062,0.6566126,3.902042,0.044985,0.3909997,3.81661,0.04315114,0.3785851,3.81557,0.2174942,0.9281846,3.875263,0.3120629,0.6507988,3.886417,0.3795997,0.4371046,3.865614,0.3582833,0.3808814,3.833705,0.09665631,0.4339628,3.912853,0.04236419,0.1007294,3.839283,0.03173819,-0.2490606,3.815666,0.2203128,0.4762401,3.880984,0.2567038,0.08426845,3.845196,0.2306383,-0.224041,4.039182,0.07194568,0.9513794,3.901731
72057594038042242,0,1.285391,106248.5,0.1602828,0.4512684,3.933745,0.03284334,1.13582,3.890474,-0.06670517,0.8824743,3.927363,-0.08192062,0.6566126,3.902042,0.044985,0.3909997,3.81661,0.04315114,0.3785851,3.81557,0.2174942,0.9281846,3.875263,0.3120629,0.6507988,3.886417,0.3795997,0.4371046,3.865614,0.3582833,0.3808814,3.833705,0.09665631,0.4339628,3.912853,0.04236419,0.1007294,3.839283,0.03173819,-0.2490606,3.815666,0.2203128,0.4762401,3.880984,0.2567038,0.08426845,3.845196,0.2306383,-0.224041,4.039182,0.07194568,0.9513794,3.901731
72057594038042242,0,1.285391,106248.5,0.1602828,0.4512684,3.933745,0.03284334,1.13582,3.890474,-0.06670517,0.8824743,3.927363,-0.08192062,0.6566126,3.902042,0.044985,0.3909997,3.81661,0.04315114,0.3785851,3.81557,0.2174942,0.9281846,3.875263,0.3120629,0.6507988,3.886417,0.3795997,0.4371046,3.865614,0.3582833,0.3808814,3.833705,0.09665631,0.4339628,3.912853,0.04236419,0.1007294,3.839283,0.03173819,-0.2490606,3.815666,0.2203128,0.4762401,3.880984,0.2567038,0.08426845,3.845196,0.2306383,-0.224041,4.039182,0.07194568,0.9513794,3.901731
72057594038042242,0,1.285391,106248.5,0.1602828,0.4512684,3.933745,0.03284334,1.13582,3.890474,-0.06670517,0.8824743,3.927363,-0.08192062,0.6566126,3.902042,0.044985,0.3909997,3.81661,0.04315114,0.3785851,3.81557,0.2174942,0.9281846,3.875263,0.3120629,0.6507988,3.886417,0.3795997,0.4371046,3.865614,0.3582833,0.3808814,3.833705,0.09665631,0.4339628,3.912853,0.04236419,0.1007294,3.839283,0.03173819,-0.2490606,3.815666,0.2203128,0.4762401,3.880984,0.2567038,0.08426845,3.845196,0.2306383,-0.224041,4.039182,0.07194568,0.9513794,3.901731
72057594038042242,0,1.285391,106248.5,0.1602828,0.4512684,3.933745,0.03284334,1.13582,3.890474,-0.06670517,0.8824743,3.927363,-0.08192062,0.6566126,3.902042,0.044985,0.3909997,3.81661,0.04315114,0.3785851,3.81557,0.2174942,0.9281846,3.875263,0.3120629,0.6507988,3.886417,0.3795997,0.4371046,3.865614,0.3582833,0.3808814,3.833705,0.09665631,0.4339628,3.912853,0.04236419,0.1007294,3.839283,0.03173819,-0.2490606,3.815666,0.2203128,0.4762401,3.880984,0.2567038,0.08426845,3.845196,0.2306383,-0.224041,4.039182,0.07194568,0.9513794,3.901731
72057594038042242,0,1.285391,106248.5,0.1602828,0.4512684,3.933745,0.03284334,1.13582,3.890474,-0.06670517,0.8824743,3.927363,-0.08192062,0.6566126,3.902042,0.044985,0.3909997,3.81661,0.04315114,0.3785851,3.81557,0.2174942,0.9281846,3.875263,0.3120629,0.6507988,3.886417,0.3795997,0.4371046,3.865614,0.3582833,0.3808814,3.833705,0.09665631,0.4339628,3.912853,0.04236419,0.1007294,3.839283,0.03173819,-0.2490606,3.815666,0.2203128,0.4762401,3.880984,0.2567038,0.08426845,3.845196,0.2306383,-0.224041,4.039182,0.07194568,0.9513794,3.901731
72057594038042242,0,1.285391,106248.5,0.1602828,0.4512684,3.933745,0.03284334,1.13582,3.890474,-0.06670517,0.8824743,3.927363,-0.08192062,0.6566126,3.902042,0.044985,0.3909997,3.81661,0.04315114,0.3785851,3.81557,0.2174942,0.9281846,3.875263,0.3120629,0.6507988,3.886417,0.3795997,0.4371046,3.865614,0.3582833,0.3808814,3.833705,0.09665631,0.4339628,3.912853,0.04236419,0.1007294,3.839283,0.03173819,-0.2490606,3.815666,0.2203128,0.4762401,3.880984,0.2567038,0.08426845,3.845196,0.2306383,-0.224041,4.039182,0.07194568,0.9513794,3.901731
72057594038042242,0,1.285391,106248.5,0.1602828,0.4512684,3.933745,0.03284334,1.13582,3.890474,-0.06670517,0.8824743,3.927363,-0.08192062,0.6566126,3.902042,0.044985,0.3909997,3.81661,0.04315114,0.3785851,3.81557,0.2174942,0.9281846,3.875263,0.3120629,0.6507988,3.886417,0.3795997,0.4371046,3.865614,0.3582833,0.3808814,3.833705,0.09665631,0.4339628,3.912853,0.04236419,0.1007294,3.839283,0.03173819,-0.2490606,3.815666,0.2203128,0.4762401,3.880984,0.2567038,0.08426845,3.845196,0.2306383,-0.224041,4.039182,0.07194568,0.9513794,3.901731
72057594038042242,0,1.285391,106248.5,0.1602828,0.4512684,3.933745,0.03284334,1.13582,3.890474,-0.06670517,0.8824743,3.927363,-0.08192062,0.6566126,3.902042,0.044985,0.3909997,3.81661,0.04315114,0.3785851,3.81557,0.2174942,0.9281846,3.875263,0.3120629,0.6507988,3.886417,0.3795997,0.4371046,3.865614,0.3582833,0.3808814,3.833705,0.09665631,0.4339628,3.912853,0.04236419,0.1007294,3.839283,0.03173819,-0.2490606,3.815666,0.2203128,0.4762401,3.880984,0.2567038,0.08426845,3.845196,0.2306383,-0.224041,4.039182,0.07194568,0.9513794,3.901731
72057594038042242,0,1.268197,106248.5,0.1571548,0.4543769,3.91688,0.03013355,1.136517,3.879281,-0.06537154,0.8904928,3.898754,-0.1003679,0.6688411,3.87326,0.03278252,0.4322433,3.807382,0.06111334,0.3794344,3.799162,0.2130125,0.9325982,3.860414,0.3069301,0.6716969,3.876117,0.3727802,0.459796,3.849783,0.3601691,0.3942641,3.821879,0.09258237,0.4334387,3.889438,0.04137928,0.1021183,3.834522,0.0308136,-0.2480307,3.81516,0.218796,0.4771525,3.873199,0.2676753,0.1944881,3.794824,0.2290041,-0.1927918,3.971798,0.06592494,0.952544,3.889328
72057594038042242,0,1.268197,106248.5,0.1571548,0.4543769,3.91688,0.03013355,1.136517,3.879281,-0.06537154,0.8904928,3.898754,-0.1003679,0.6688411,3.87326,0.03278252,0.4322433,3.807382,0.06111334,0.3794344,3.799162,0.2130125,0.9325982,3.860414,0.3069301,0.6716969,3.876117,0.3727802,0.459796,3.849783,0.3601691,0.3942641,3.821879,0.09258237,0.4334387,3.889438,0.04137928,0.1021183,3.834522,0.0308136,-0.2480307,3.81516,0.218796,0.4771525,3.873199,0.2676753,0.1944881,3.794824,0.2290041,-0.1927918,3.971798,0.06592494,0.952544,3.889328
72057594038042242,0,1.268197,106248.5,0.1571548,0.4543769,3.91688,0.03013355,1.136517,3.879281,-0.06537154,0.8904928,3.898754,-0.1003679,0.6688411,3.87326,0.03278252,0.4322433,3.807382,0.06111334,0.3794344,3.799162,0.2130125,0.9325982,3.860414,0.3069301,0.6716969,3.876117,0.3727802,0.459796,3.849783,0.3601691,0.3942641,3.821879,0.09258237,0.4334387,3.889438,0.04137928,0.1021183,3.834522,0.0308136,-0.2480307,3.81516,0.218796,0.4771525,3.873199,0.2676753,0.1944881,3.794824,0.2290041,-0.1927918,3.971798,0.06592494,0.952544,3.889328
72057594038042242,0,1.268197,106248.5,0.1571548,0.4543769,3.91688,0.03013355,1.136517,3.879281,-0.06537154,0.8904928,3.898754,-0.1003679,0.6688411,3.87326,0.03278252,0.4322433,3.807382,0.06111334,0.3794344,3.799162,0.2130125,0.9325982,3.860414,0.3069301,0.6716969,3.876117,0.3727802,0.459796,3.849783,0.3601691,0.3942641,3.821879,0.09258237,0.4334387,3.889438,0.04137928,0.1021183,3.834522,0.0308136,-0.2480307,3.81516,0.218796,0.4771525,3.873199,0.2676753,0.1944881,3.794824,0.2290041,-0.1927918,3.971798,0.06592494,0.952544,3.889328
72057594038042242,0,1.268197,106248.5,0.1571548,0.4543769,3.91688,0.03013355,1.136517,3.879281,-0.06537154,0.8904928,3.898754,-0.1003679,0.6688411,3.87326,0.03278252,0.4322433,3.807382,0.06111334,0.3794344,3.799162,0.2130125,0.9325982,3.860414,0.3069301,0.6716969,3.876117,0.3727802,0.459796,3.849783,0.3601691,0.3942641,3.821879,0.09258237,0.4334387,3.889438,0.04137928,0.1021183,3.834522,0.0308136,-0.2480307,3.81516,0.218796,0.4771525,3.873199,0.2676753,0.1944881,3.794824,0.2290041,-0.1927918,3.971798,0.06592494,0.952544,3.889328
72057594038042242,0,1.268197,106248.5,0.1571548,0.4543769,3.91688,0.03013355,1.136517,3.879281,-0.06537154,0.8904928,3.898754,-0.1003679,0.6688411,3.87326,0.03278252,0.4322433,3.807382,0.06111334,0.3794344,3.799162,0.2130125,0.9325982,3.860414,0.3069301,0.6716969,3.876117,0.3727802,0.459796,3.849783,0.3601691,0.3942641,3.821879,0.09258237,0.4334387,3.889438,0.04137928,0.1021183,3.834522,0.0308136,-0.2480307,3.81516,0.218796,0.4771525,3.873199,0.2676753,0.1944881,3.794824,0.2290041,-0.1927918,3.971798,0.06592494,0.952544,3.889328
72057594038042242,0,1.268197,106248.5,0.1571548,0.4543769,3.91688,0.03013355,1.136517,3.879281,-0.06537154,0.8904928,3.898754,-0.1003679,0.6688411,3.87326,0.03278252,0.4322433,3.807382,0.06111334,0.3794344,3.799162,0.2130125,0.9325982,3.860414,0.3069301,0.6716969,3.876117,0.3727802,0.459796,3.849783,0.3601691,0.3942641,3.821879,0.09258237,0.4334387,3.889438,0.04137928,0.1021183,3.834522,0.0308136,-0.2480307,3.81516,0.218796,0.4771525,3.873199,0.2676753,0.1944881,3.794824,0.2290041,-0.1927918,3.971798,0.06592494,0.952544,3.889328
72057594038042242,0,1.268197,106248.6,0.1571548,0.4543769,3.91688,0.03013355,1.136517,3.879281,-0.06537154,0.8904928,3.898754,-0.1003679,0.6688411,3.87326,0.03278252,0.4322433,3.807382,0.06111334,0.3794344,3.799162,0.2130125,0.9325982,3.860414,0.3069301,0.6716969,3.876117,0.3727802,0.459796,3.849783,0.3601691,0.3942641,3.821879,0.09258237,0.4334387,3.889438,0.04137928,0.1021183,3.834522,0.0308136,-0.2480307,3.81516,0.218796,0.4771525,3.873199,0.2676753,0.1944881,3.794824,0.2290041,-0.1927918,3.971798,0.06592494,0.952544,3.889328
72057594038042242,0,1.268197,106248.6,0.1571548,0.4543769,3.91688,0.03013355,1.136517,3.879281,-0.06537154,0.8904928,3.898754,-0.1003679,0.6688411,3.87326,0.03278252,0.4322433,3.807382,0.06111334,0.3794344,3.799162,0.2130125,0.9325982,3.860414,0.3069301,0.6716969,3.876117,0.3727802,0.459796,3.849783,0.3601691,0.3942641,3.821879,0.09258237,0.4334387,3.889438,0.04137928,0.1021183,3.834522,0.0308136,-0.2480307,3.81516,0.218796,0.4771525,3.873199,0.2676753,0.1944881,3.794824,0.2290041,-0.1927918,3.971798,0.06592494,0.952544,3.889328
72057594038042242,0,1.268197,106248.6,0.1571548,0.4543769,3.91688,0.03013355,1.136517,3.879281,-0.06537154,0.8904928,3.898754,-0.1003679,0.6688411,3.87326,0.03278252,0.4322433,3.807382,0.06111334,0.3794344,3.799162,0.2130125,0.9325982,3.860414,0.3069301,0.6716969,3.876117,0.3727802,0.459796,3.849783,0.3601691,0.3942641,3.821879,0.09258237,0.4334387,3.889438,0.04137928,0.1021183,3.834522,0.0308136,-0.2480307,3.81516,0.218796,0.4771525,3.873199,0.2676753,0.1944881,3.794824,0.2290041,-0.1927918,3.971798,0.06592494,0.952544,3.889328
72057594038042242,0,1.257388,106248.6,0.1570206,0.4557153,3.90578,0.0296245,1.133681,3.864678,-0.06856718,0.8971136,3.879527,-0.1030455,0.6773882,3.858952,-0.1122395,0.4886273,3.734722,-0.100753,0.4282346,3.724545,0.2064354,0.9330754,3.848352,0.3071918,0.6724464,3.86785,0.369076,0.461205,3.834194,0.3672199,0.3921992,3.807818,0.09167086,0.4304832,3.876902,0.03846035,0.09927922,3.827115,0.03081567,-0.248088,3.814332,0.2194359,0.480908,3.863633,0.264435,0.1896528,3.788215,0.2332761,-0.2079295,3.929829,0.06170697,0.949645,3.868907
72057594038042242,0,1.257388,106248.6,0.1570206,0.4557153,3.90578,0.0296245,1.133681,3.864678,-0.06856718,0.8971136,3.879527,-0.1030455,0.6773882,3.858952,-0.1122395,0.4886273,3.734722,-0.100753,0.4282346,3.724545,0.2064354,0.9330754,3.848352,0.3071918,0.6724464,3.86785,0.369076,0.461205,3.834194,0.3672199,0.3921992,3.807818,0.09167086,0.4304832,3.876902,0.03846035,0.09927922,3.827115,0.03081567,-0.248088,3.814332,0.2194359,0.480908,3.863633,0.264435,0.1896528,3.788215,0.2332761,-0.2079295,3.929829,0.06170697,0.949645,3.868907
72057594038042242,0,1.257388,106248.6,0.1570206,0.4557153,3.90578,0.0296245,1.133681,3.864678,-0.06856718,0.8971136,3.879527,-0.1030455,0.6773882,3.858952,-0.1122395,0.4886273,3.734722,-0.100753,0.4282346,3.724545,0.2064354,0.9330754,3.848352,0.3071918,0.6724464,3.86785,0.369076,0.461205,3.834194,0.3672199,0.3921992,3.807818,0.09167086,0.4304832,3.876902,0.03846035,0.09927922,3.827115,0.03081567,-0.248088,3.814332,0.2194359,0.480908,3.863633,0.264435,0.1896528,3.788215,0.2332761,-0.2079295,3.929829,0.06170697,0.949645,3.868907
72057594038042242,0,1.257388,106248.6,0.1570206,0.4557153,3.90578,0.0296245,1.133681,3.864678,-0.06856718,0.8971136,3.879527,-0.1030455,0.6773882,3.858952,-0.1122395,0.4886273,3.734722,-0.100753,0.4282346,3.724545,0.2064354,0.9330754,3.848352,0.3071918,0.6724464,3.86785,0.369076,0.461205,3.834194,0.3672199,0.3921992,3.807818,0.09167086,0.4304832,3.876902,0.03846035,0.09927922,3.827115,0.03081567,-0.248088,3.814332,0.2194359,0.480908,3.863633,0.264435,0.1896528,3.788215,0.2332761,-0.2079295,3.929829,0.06170697,0.949645,3.868907
72057594038042242,0,1.257388,106248.6,0.1570206,0.4557153,3.90578,0.0296245,1.133681,3.864678,-0.06856718,0.8971136,3.879527,-0.1030455,0.6773882,3.858952,-0.1122395,0.4886273,3.734722,-0.100753,0.4282346,3.724545,0.2064354,0.9330754,3.848352,0.3071918,0.6724464,3.86785,0.369076,0.461205,3.834194,0.3672199,0.3921992,3.807818,0.09167086,0.4304832,3.876902,0.03846035,0.09927922,3.827115,0.03081567,-0.248088,3.814332,0.2194359,0.480908,3.863633,0.264435,0.1896528,3.788215,0.2332761,-0.2079295,3.929829,0.06170697,0.949645,3.868907
72057594038042242,0,1.257388,106248.6,0.1570206,0.4557153,3.90578,0.0296245,1.133681,3.864678,-0.06856718,0.8971136,3.879527,-0.1030455,0.6773882,3.858952,-0.1122395,0.4886273,3.734722,-0.100753,0.4282346,3.724545,0.2064354,0.9330754,3.848352,0.3071918,0.6724464,3.86785,0.369076,0.461205,3.834194,0.3672199,0.3921992,3.807818,0.09167086,0.4304832,3.876902,0.03846035,0.09927922,3.827115,0.03081567,-0.248088,3.814332,0.2194359,0.480908,3.863633,0.264435,0.1896528,3.788215,0.2332761,-0.2079295,3.929829,0.06170697,0.949645,3.868907
72057594038042242,0,1.257388,106248.6,0.1570206,0.4557153,3.90578,0.0296245,1.133681,3.864678,-0.06856718,0.8971136,3.879527,-0.1030455,0.6773882,3.858952,-0.1122395,0.4886273,3.734722,-0.100753,0.4282346,3.724545,0.2064354,0.9330754,3.848352,0.3071918,0.6724464,3.86785,0.369076,0.461205,3.834194,0.3672199,0.3921992,3.807818,0.09167086,0.4304832,3.876902,0.03846035,0.09927922,3.827115,0.03081567,-0.248088,3.814332,0.2194359,0.480908,3.863633,0.264435,0.1896528,3.788215,0.2332761,-0.2079295,3.929829,0.06170697,0.949645,3.868907
72057594038042242,0,1.257388,106248.6,0.1570206,0.4557153,3.90578,0.0296245,1.133681,3.864678,-0.06856718,0.8971136,3.879527,-0.1030455,0.6773882,3.858952,-0.1122395,0.4886273,3.734722,-0.100753,0.4282346,3.724545,0.2064354,0.9330754,3.848352,0.3071918,0.6724464,3.86785,0.369076,0.461205,3.834194,0.3672199,0.3921992,3.807818,0.09167086,0.4304832,3.876902,0.03846035,0.09927922,3.827115,0.03081567,-0.248088,3.814332,0.2194359,0.480908,3.863633,0.264435,0.1896528,3.788215,0.2332761,-0.2079295,3.929829,0.06170697,0.949645,3.868907
72057594038042242,0,1.257388,106248.6,0.1570206,0.4557153,3.90578,0.0296245,1.133681,3.864678,-0.06856718,0.8971136,3.879527,-0.1030455,0.6773882,3.858952,-0.1122395,0.4886273,3.734722,-0.100753,0.4282346,3.724545,0.2064354,0.9330754,3.848352,0.3071918,0.6724464,3.86785,0.369076,0.461205,3.834194,0.3672199,0.3921992,3.807818,0.09167086,0.4304832,3.876902,0.03846035,0.09927922,3.827115,0.03081567,-0.248088,3.814332,0.2194359,0.480908,3.863633,0.264435,0.1896528,3.788215,0.2332761,-0.2079295,3.929829,0.06170697,0.949645,3.868907
72057594038042242,0,1.257388,106248.6,0.1570206,0.4557153,3.90578,0.0296245,1.133681,3.864678,-0.06856718,0.8971136,3.879527,-0.1030455,0.6773882,3.858952,-0.1122395,0.4886273,3.734722,-0.100753,0.4282346,3.724545,0.2064354,0.9330754,3.848352,0.3071918,0.6724464,3.86785,0.369076,0.461205,3.834194,0.3672199,0.3921992,3.807818,0.09167086,0.4304832,3.876902,0.03846035,0.09927922,3.827115,0.03081567,-0.248088,3.814332,0.2194359,0.480908,3.863633,0.264435,0.1896528,3.788215,0.2332761,-0.2079295,3.929829,0.06170697,0.949645,3.868907
72057594038042242,0,1.245794,106248.6,0.1565959,0.4594478,3.894743,0.02177492,1.143198,3.84074,-0.07066616,0.8995567,3.858474,-0.09952059,0.6807983,3.842855,-0.150175,0.5042059,3.71379,-0.138732,0.4440377,3.703652,0.2022829,0.9343357,3.838119,0.307604,0.6709479,3.861279,0.3710306,0.4576096,3.827352,0.3779553,0.3755108,3.801735,0.09015281,0.4330591,3.866876,0.03700314,0.1062387,3.818377,0.03095032,-0.2478341,3.813646,0.2202878,0.4849996,3.852568,0.2639341,0.1619688,3.765975,0.2333002,-0.223749,3.877061,0.05807646,0.9502363,3.851181
72057594038042242,0,1.245794,106248.6,0.1565959,0.4594478,3.894743,0.02177492,1.143198,3.84074,-0.07066616,0.8995567,3.858474,-0.09952059,0.6807983,3.842855,-0.150175,0.5042059,3.71379,-0.138732,0.4440377,3.703652,0.2022829,0.9343357,3.838119,0.307604,0.6709479,3.861279,0.3710306,0.4576096,3.827352,0.3779553,0.3755108,3.801735,0.09015281,0.4330591,3.866876,0.03700314,0.1062387,3.818377,0.03095032,-0.2478341,3.813646,0.2202878,0.4849996,3.852568,0.2639341,0.1619688,3.765975,0.2333002,-0.223749,3.877061,0.05807646,0.9502363,3.851181
72057594038042242,0,1.245794,106248.6,0.1565959,0.4594478,3.894743,0.02177492,1.143198,3.84074,-0.07066616,0.8995567,3.858474,-0.09952059,0.6807983,3.842855,-0.150175,0.5042059,3.71379,-0.138732,0.4440377,3.703652,0.2022829,0.9343357,3.838119,0.307604,0.6709479,3.861279,0.3710306,0.4576096,3.827352,0.3779553,0.3755108,3.801735,0.09015281,0.4330591,3.866876,0.03700314,0.1062387,3.818377,0.03095032,-0.2478341,3.813646,0.2202878,0.4849996,3.852568,0.2639341,0.1619688,3.765975,0.2333002,-0.223749,3.877061,0.05807646,0.9502363,3.851181
72057594038042242,0,1.245794,106248.6,0.1565959,0.4594478,3.894743,0.02177492,1.143198,3.84074,-0.07066616,0.8995567,3.858474,-0.09952059,0.6807983,3.842855,-0.150175,0.5042059,3.71379,-0.138732,0.4440377,3.703652,0.2022829,0.9343357,3.838119,0.307604,0.6709479,3.861279,0.3710306,0.4576096,3.827352,0.3779553,0.3755108,3.801735,0.09015281,0.4330591,3.866876,0.03700314,0.1062387,3.818377,0.03095032,-0.2478341,3.813646,0.2202878,0.4849996,3.852568,0.2639341,0.1619688,3.765975,0.2333002,-0.223749,3.877061,0.05807646,0.9502363,3.851181
72057594038042242,0,1.245794,106248.6,0.1565959,0.4594478,3.894743,0.02177492,1.143198,3.84074,-0.07066616,0.8995567,3.858474,-0.09952059,0.6807983,3.842855,-0.150175,0.5042059,3.71379,-0.138732,0.4440377,3.703652,0.2022829,0.9343357,3.838119,0.307604,0.6709479,3.861279,0.3710306,0.4576096,3.827352,0.3779553,0.3755108,3.801735,0.09015281,0.4330591,3.866876,0.03700314,0.1062387,3.818377,0.03095032,-0.2478341,3.813646,0.2202878,0.4849996,3.852568,0.2639341,0.1619688,3.765975,0.2333002,-0.223749,3.877061,0.05807646,0.9502363,3.851181
72057594038042242,0,1.245794,106248.6,0.1565959,0.4594478,3.894743,0.02177492,1.143198,3.84074,-0.07066616,0.8995567,3.858474,-0.09952059,0.6807983,3.842855,-0.150175,0.5042059,3.71379,-0.138732,0.4440377,3.703652,0.2022829,0.9343357,3.838119,0.307604,0.6709479,3.861279,0.3710306,0.4576096,3.827352,0.3779553,0.3755108,3.801735,0.09015281,0.4330591,3.866876,0.03700314,0.1062387,3.818377,0.03095032,-0.2478341,3.813646,0.2202878,0.4849996,3.852568,0.2639341,0.1619688,3.765975,0.2333002,-0.223749,3.877061,0.05807646,0.9502363,3.851181
72057594038042242,0,1.245794,106248.6,0.1565959,0.4594478,3.894743,0.02177492,1.143198,3.84074,-0.07066616,0.8995567,3.858474,-0.09952059,0.6807983,3.842855,-0.150175,0.5042059,3.71379,-0.138732,0.4440377,3.703652,0.2022829,0.9343357,3.838119,0.307604,0.6709479,3.861279,0.3710306,0.4576096,3.827352,0.3779553,0.3755108,3.801735,0.09015281,0.4330591,3.866876,0.03700314,0.1062387,3.818377,0.03095032,-0.2478341,3.813646,0.2202878,0.4849996,3.852568,0.2639341,0.1619688,3.765975,0.2333002,-0.223749,3.877061,0.05807646,0.9502363,3.851181
72057594038042242,0,1.245794,106248.6,0.1565959,0.4594478,3.894743,0.02177492,1.143198,3.84074,-0.07066616,0.8995567,3.858474,-0.09952059,0.6807983,3.842855,-0.150175,0.5042059,3.71379,-0.138732,0.4440377,3.703652,0.2022829,0.9343357,3.838119,0.307604,0.6709479,3.861279,0.3710306,0.4576096,3.827352,0.3779553,0.3755108,3.801735,0.09015281,0.4330591,3.866876,0.03700314,0.1062387,3.818377,0.03095032,-0.2478341,3.813646,0.2202878,0.4849996,3.852568,0.2639341,0.1619688,3.765975,0.2333002,-0.223749,3.877061,0.05807646,0.9502363,3.851181
72057594038042242,0,1.245794,106248.6,0.1565959,0.4594478,3.894743,0.02177492,1.143198,3.84074,-0.07066616,0.8995567,3.858474,-0.09952059,0.6807983,3.842855,-0.150175,0.5042059,3.71379,-0.138732,0.4440377,3.703652,0.2022829,0.9343357,3.838119,0.307604,0.6709479,3.861279,0.3710306,0.4576096,3.827352,0.3779553,0.3755108,3.801735,0.09015281,0.4330591,3.866876,0.03700314,0.1062387,3.818377,0.03095032,-0.2478341,3.813646,0.2202878,0.4849996,3.852568,0.2639341,0.1619688,3.765975,0.2333002,-0.223749,3.877061,0.05807646,0.9502363,3.851181
72057594038042242,0,1.245794,106248.6,0.1565959,0.4594478,3.894743,0.02177492,1.143198,3.84074,-0.07066616,0.8995567,3.858474,-0.09952059,0.6807983,3.842855,-0.150175,0.5042059,3.71379,-0.138732,0.4440377,3.703652,0.2022829,0.9343357,3.838119,0.307604,0.6709479,3.861279,0.3710306,0.4576096,3.827352,0.3779553,0.3755108,3.801735,0.09015281,0.4330591,3.866876,0.03700314,0.1062387,3.818377,0.03095032,-0.2478341,3.813646,0.2202878,0.4849996,3.852568,0.2639341,0.1619688,3.765975,0.2333002,-0.223749,3.877061,0.05807646,0.9502363,3.851181
72057594038042242,0,1.228999,106248.6,0.1562195,0.4623756,3.877814,0.02056912,1.14562,3.825533,-0.07549405,0.905166,3.83345,-0.1084824,0.6896753,3.794241,-0.1626901,0.4802598,3.763227,-0.2158846,0.4850613,3.733641,0.199259,0.9345215,3.806276,0.3058403,0.6726462,3.848571,0.3739616,0.4567143,3.8188,0.3828147,0.3862709,3.791321,0.09049716,0.4373675,3.848486,0.03768054,0.1113982,3.809591,0.03057982,-0.2480769,3.812616,0.219259,0.4862992,3.83707,0.2557584,0.0979791,3.757667,0.2301568,-0.2055141,3.837169,0.05452269,0.9535536,3.835326
72057594038042242,0,1.228999,106248.6,0.1562195,0.4623756,3.877814,0.02056912,1.14562,3.825533,-0.07549405,0.905166,3.83345,-0.1084824,0.6896753,3.794241,-0.1626901,0.4802598,3.763227,-0.2158846,0.4850613,3.733641,0.199259,0.9345215,3.806276,0.3058403,0.6726462,3.848571,0.3739616,0.4567143,3.8188,0.3828147,0.3862709,3.791321,0.09049716,0.4373675,3.848486,0.03768054,0.1113982,3.809591,0.03057982,-0.2480769,3.812616,0.219259,0.4862992,3.83707,0.2557584,0.0979791,3.757667,0.2301568,-0.2055141,3.837169,0.05452269,0.9535536,3.835326
72057594038042242,0,1.228999,106248.6,0.1562195,0.4623756,3.877814,0.02056912,1.14562,3.825533,-0.07549405,0.905166,3.83345,-0.1084824,0.6896753,3.794241,-0.1626901,0.4802598,3.763227,-0.2158846,0.4850613,3.733641,0.199259,0.9345215,3.806276,0.3058403,0.6726462,3.848571,0.3739616,0.4567143,3.8188,0.3828147,0.3862709,3.791321,0.09049716,0.4373675,3.848486,0.03768054,0.1113982,3.809591,0.03057982,-0.2480769,3.812616,0.219259,0.4862992,3.83707,0.2557584,0.0979791,3.757667,0.2301568,-0.2055141,3.837169,0.05452269,0.9535536,3.835326
72057594038042242,0,1.228999,106248.6,0.1562195,0.4623756,3.877814,0.02056912,1.14562,3.825533,-0.07549405,0.905166,3.83345,-0.1084824,0.6896753,3.794241,-0.1626901,0.4802598,3.763227,-0.2158846,0.4850613,3.733641,0.199259,0.9345215,3.806276,0.3058403,0.6726462,3.848571,0.3739616,0.4567143,3.8188,0.3828147,0.3862709,3.791321,0.09049716,0.4373675,3.848486,0.03768054,0.1113982,3.809591,0.03057982,-0.2480769,3.812616,0.219259,0.4862992,3.83707,0.2557584,0.0979791,3.757667,0.2301568,-0.2055141,3.837169,0.05452269,0.9535536,3.835326
72057594038042242,0,1.228999,106248.6,0.1562195,0.4623756,3.877814,0.02056912,1.14562,3.825533,-0.07549405,0.905166,3.83345,-0.1084824,0.6896753,3.794241,-0.1626901,0.4802598,3.763227,-0.2158846,0.4850613,3.733641,0.199259,0.9345215,3.806276,0.3058403,0.6726462,3.848571,0.3739616,0.4567143,3.8188,0.3828147,0.3862709,3.791321,0.09049716,0.4373675,3.848486,0.03768054,0.1113982,3.809591,0.03057982,-0.2480769,3.812616,0.219259,0.4862992,3.83707,0.2557584,0.0979791,3.757667,0.2301568,-0.2055141,3.837169,0.05452269,0.9535536,3.835326
72057594038042242,0,1.228999,106248.6,0.1562195,0.4623756,3.877814,0.02056912,1.14562,3.825533,-0.07549405,0.905166,3.83345,-0.1084824,0.6896753,3.794241,-0.1626901,0.4802598,3.763227,-0.2158846,0.4850613,3.733641,0.199259,0.9345215,3.806276,0.3058403,0.6726462,3.848571,0.3739616,0.4567143,3.8188,0.3828147,0.3862709,3.791321,0.09049716,0.4373675,3.848486,0.03768054,0.1113982,3.809591,0.03057982,-0.2480769,3.812616,0.219259,0.4862992,3.83707,0.2557584,0.0979791,3.757667,0.2301568,-0.2055141,3.837169,0.05452269,0.9535536,3.835326
72057594038042242,0,1.228999,106248.6,0.1562195,0.4623756,3.877814,0.02056912,1.14562,3.825533,-0.07549405,0.905166,3.83345,-0.1084824,0.6896753,3.794241,-0.1626901,0.4802598,3.763227,-0.2158846,0.4850613,3.733641,0.199259,0.9345215,3.806276,0.3058403,0.6726462,3.848571,0.3739616,0.4567143,3.8188,0.3828147,0.3862709,3.791321,0.09049716,0.4373675,3.848486,0.03768054,0.1113982,3.809591,0.03057982,-0.2480769,3.812616,0.219259,0.4862992,3.83707,0.2557584,0.0979791,3.757667,0.2301568,-0.2055141,3.837169,0.05452269,0.9535536,3.835326
72057594038042242,0,1.228999,106248.6,0.1562195,0.4623756,3.877814,0.02056912,1.14562,3.825533,-0.07549405,0.905166,3.83345,-0.1084824,0.6896753,3.794241,-0.1626901,0.4802598,3.763227,-0.2158846,0.4850613,3.733641,0.199259,0.9345215,3.806276,0.3058403,0.6726462,3.848571,0.3739616,0.4567143,3.8188,0.3828147,0.3862709,3.791321,0.09049716,0.4373675,3.848486,0.03768054,0.1113982,3.809591,0.03057982,-0.2480769,3.812616,0.219259,0.4862992,3.83707,0.2557584,0.0979791,3.757667,0.2301568,-0.2055141,3.837169,0.05452269,0.9535536,3.835326
72057594038042242,0,1.228999,106248.7,0.1562195,0.4623756,3.877814,0.02056912,1.14562,3.825533,-0.07549405,0.905166,3.83345,-0.1084824,0.6896753,3.794241,-0.1626901,0.4802598,3.763227,-0.2158846,0.4850613,3.733641,0.199259,0.9345215,3.806276,0.3058403,0.6726462,3.848571,0.3739616,0.4567143,3.8188,0.3828147,0.3862709,3.791321,0.09049716,0.4373675,3.848486,0.03768054,0.1113982,3.809591,0.03057982,-0.2480769,3.812616,0.219259,0.4862992,3.83707,0.2557584,0.0979791,3.757667,0.2301568,-0.2055141,3.837169,0.05452269,0.9535536,3.835326
72057594038042242,0,1.228999,106248.7,0.1562195,0.4623756,3.877814,0.02056912,1.14562,3.825533,-0.07549405,0.905166,3.83345,-0.1084824,0.6896753,3.794241,-0.1626901,0.4802598,3.763227,-0.2158846,0.4850613,3.733641,0.199259,0.9345215,3.806276,0.3058403,0.6726462,3.848571,0.3739616,0.4567143,3.8188,0.3828147,0.3862709,3.791321,0.09049716,0.4373675,3.848486,0.03768054,0.1113982,3.809591,0.03057982,-0.2480769,3.812616,0.219259,0.4862992,3.83707,0.2557584,0.0979791,3.757667,0.2301568,-0.2055141,3.837169,0.05452269,0.9535536,3.835326
72057594038042242,0,1.228999,106248.7,0.1562195,0.4623756,3.877814,0.02056912,1.14562,3.825533,-0.07549405,0.905166,3.83345,-0.1084824,0.6896753,3.794241,-0.1626901,0.4802598,3.763227,-0.2158846,0.4850613,3.733641,0.199259,0.9345215,3.806276,0.3058403,0.6726462,3.848571,0.3739616,0.4567143,3.8188,0.3828147,0.3862709,3.791321,0.09049716,0.4373675,3.848486,0.03768054,0.1113982,3.809591,0.03057982,-0.2480769,3.812616,0.219259,0.4862992,3.83707,0.2557584,0.0979791,3.757667,0.2301568,-0.2055141,3.837169,0.05452269,0.9535536,3.835326
72057594038042242,0,1.213038,106248.7,0.15379,0.4658254,3.862276,0.02167234,1.157304,3.79672,-0.0746802,0.9072913,3.811464,-0.1087385,0.6923738,3.783053,-0.1660746,0.4940081,3.709007,-0.2239627,0.488505,3.693506,0.1991191,0.9379092,3.790811,0.3037531,0.6752723,3.832677,0.375022,0.4586785,3.817527,0.3947609,0.3838028,3.797884,0.08862583,0.4403436,3.832093,0.03755859,0.1098556,3.80612,0.0314713,-0.2470521,3.811032,0.2163019,0.4899196,3.822458,0.2636278,0.1633162,3.718774,0.2417314,-0.2125682,3.765732,0.0519735,0.9603332,3.813233
72057594038042242,0,1.213038,106248.7,0.15379,0.4658254,3.862276,0.02167234,1.157304,3.79672,-0.0746802,0.9072913,3.811464,-0.1087385,0.6923738,3.783053,-0.1660746,0.4940081,3.709007,-0.2239627,0.488505,3.693506,0.1991191,0.9379092,3.790811,0.3037531,0.6752723,3.832677,0.375022,0.4586785,3.817527,0.3947609,0.3838028,3.797884,0.08862583,0.4403436,3.832093,0.03755859,0.1098556,3.80612,0.0314713,-0.2470521,3.811032,0.2163019,0.4899196,3.822458,0.2636278,0.1633162,3.718774,0.2417314,-0.2125682,3.765732,0.0519735,0.9603332,3.813233
72057594038042242,0,1.213038,106248.7,0.15379,0.4658254,3.862276,0.02167234,1.157304,3.79672,-0.0746802,0.9072913,3.811464,-0.1087385,0.6923738,3.783053,-0.1660746,0.4940081,3.709007,-0.2239627,0.488505,3.693506,0.1991191,0.9379092,3.790811,0.3037531,0.6752723,3.832677,0.375022,0.4586785,3.817527,0.3947609,0.3838028,3.797884,0.08862583,0.4403436,3.832093,0.03755859,0.1098556,3.80612,0.0314713,-0.2470521,3.811032,0.2163019,0.4899196,3.822458,0.2636278,0.1633162,3.718774,0.2417314,-0.2125682,3.765732,0.0519735,0.9603332,3.813233
72057594038042242,0,1.213038,106248.7,0.15379,0.4658254,3.862276,0.02167234,1.157304,3.79672,-0.0746802,0.9072913,3.811464,-0.1087385,0.6923738,3.783053,-0.1660746,0.4940081,3.709007,-0.2239627,0.488505,3.693506,0.1991191,0.9379092,3.790811,0.3037531,0.6752723,3.832677,0.375022,0.4586785,3.817527,0.3947609,0.3838028,3.797884,0.08862583,0.4403436,3.832093,0.03755859,0.1098556,3.80612,0.0314713,-0.2470521,3.811032,0.2163019,0.4899196,3.822458,0.2636278,0.1633162,3.718774,0.2417314,-0.2125682,3.765732,0.0519735,0.9603332,3.813233
72057594038042242,0,1.213038,106248.7,0.15379,0.4658254,3.862276,0.02167234,1.157304,3.79672,-0.0746802,0.9072913,3.811464,-0.1087385,0.6923738,3.783053,-0.1660746,0.4940081,3.709007,-0.2239627,0.488505,3.693506,0.1991191,0.9379092,3.790811,0.3037531,0.6752723,3.832677,0.375022,0.4586785,3.817527,0.3947609,0.3838028,3.797884,0.08862583,0.4403436,3.832093,0.03755859,0.1098556,3.80612,0.0314713,-0.2470521,3.811032,0.2163019,0.4899196,3.822458,0.2636278,0.1633162,3.718774,0.2417314,-0.2125682,3.765732,0.0519735,0.9603332,3.813233
72057594038042242,0,1.213038,106248.7,0.15379,0.4658254,3.862276,0.02167234,1.157304,3.79672,-0.0746802,0.9072913,3.811464,-0.1087385,0.6923738,3.783053,-0.1660746,0.4940081,3.709007,-0.2239627,0.488505,3.693506,0.1991191,0.9379092,3.790811,0.3037531,0.6752723,3.832677,0.375022,0.4586785,3.817527,0.3947609,0.3838028,3.797884,0.08862583,0.4403436,3.832093,0.03755859,0.1098556,3.80612,0.0314713,-0.2470521,3.811032,0.2163019,0.4899196,3.822458,0.2636278,0.1633162,3.718774,0.2417314,-0.2125682,3.765732,0.0519735,0.9603332,3.813233
72057594038042242,0,1.213038,106248.7,0.15379,0.4658254,3.862276,0.02167234,1.157304,3.79672,-0.0746802,0.9072913,3.811464,-0.1087385,0.6923738,3.783053,-0.1660746,0.4940081,3.709007,-0.2239627,0.488505,3.693506,0.1991191,0.9379092,3.790811,0.3037531,0.6752723,3.832677,0.375022,0.4586785,3.817527,0.3947609,0.3838028,3.797884,0.08862583,0.4403436,3.832093,0.03755859,0.1098556,3.80612,0.0314713,-0.2470521,3.811032,0.2163019,0.4899196,3.822458,0.2636278,0.1633162,3.718774,0.2417314,-0.2125682,3.765732,0.0519735,0.9603332,3.813233
72057594038042242,0,1.213038,106248.7,0.15379,0.4658254,3.862276,0.02167234,1.157304,3.79672,-0.0746802,0.9072913,3.811464,-0.1087385,0.6923738,3.783053,-0.1660746,0.4940081,3.709007,-0.2239627,0.488505,3.693506,0.1991191,0.9379092,3.790811,0.3037531,0.6752723,3.832677,0.375022,0.4586785,3.817527,0.3947609,0.3838028,3.797884,0.08862583,0.4403436,3.832093,0.03755859,0.1098556,3.80612,0.0314713,-0.2470521,3.811032,0.2163019,0.4899196,3.822458,0.2636278,0.1633162,3.718774,0.2417314,-0.2125682,3.765732,0.0519735,0.9603332,3.813233
72057594038042242,0,1.213038,106248.7,0.15379,0.4658254,3.862276,0.02167234,1.157304,3.79672,-0.0746802,0.9072913,3.811464,-0.1087385,0.6923738,3.783053,-0.1660746,0.4940081,3.709007,-0.2239627,0.488505,3.693506,0.1991191,0.9379092,3.790811,0.3037531,0.6752723,3.832677,0.375022,0.4586785,3.817527,0.3947609,0.3838028,3.797884,0.08862583,0.4403436,3.832093,0.03755859,0.1098556,3.80612,0.0314713,-0.2470521,3.811032,0.2163019,0.4899196,3.822458,0.2636278,0.1633162,3.718774,0.2417314,-0.2125682,3.765732,0.0519735,0.9603332,3.813233
72057594038042242,0,1.213038,106248.7,0.15379,0.4658254,3.862276,0.02167234,1.157304,3.79672,-0.0746802,0.9072913,3.811464,-0.1087385,0.6923738,3.783053,-0.1660746,0.4940081,3.709007,-0.2239627,0.488505,3.693506,0.1991191,0.9379092,3.790811,0.3037531,0.6752723,3.832677,0.375022,0.4586785,3.817527,0.3947609,0.3838028,3.797884,0.08862583,0.4403436,3.832093,0.03755859,0.1098556,3.80612,0.0314713,-0.2470521,3.811032,0.2163019,0.4899196,3.822458,0.2636278,0.1633162,3.718774,0.2417314,-0.2125682,3.765732,0.0519735,0.9603332,3.813233
72057594038042242,0,1.19859,106248.7,0.1534307,0.4668192,3.847139,0.02314075,1.159038,3.786411,-0.07515333,0.9068549,3.799204,-0.1109267,0.69541,3.752063,-0.1479239,0.4860868,3.710428,-0.188383,0.4435923,3.701459,0.1992046,0.9422701,3.774971,0.3022743,0.6753771,3.816845,0.3822558,0.4594353,3.808992,0.4061899,0.3806472,3.791315,0.08837625,0.4422988,3.818668,0.03845161,0.1106431,3.797346,0.03089857,-0.2473417,3.81011,0.215779,0.489734,3.805413,0.2628284,0.1538868,3.713331,0.251611,-0.2224871,3.714931,0.05454235,0.9619362,3.795727
72057594038042242,0,1.19859,106248.7,0.1534307,0.4668192,3.847139,0.02314075,1.159038,3.786411,-0.07515333,0.9068549,3.799204,-0.1109267,0.69541,3.752063,-0.1479239,0.4860868,3.710428,-0.188383,0.4435923,3.701459,0.1992046,0.9422701,3.774971,0.3022743,0.6753771,3.816845,0.3822558,0.4594353,3.808992,0.4061899,0.3806472,3.791315,0.08837625,0.4422988,3.818668,0.03845161,0.1106431,3.797346,0.03089857,-0.2473417,3.81011,0.215779,0.489734,3.805413,0.2628284,0.1538868,3.713331,0.251611,-0.2224871,3.714931,0.05454235,0.9619362,3.795727
72057594038042242,0,1.19859,106248.7,0.1534307,0.4668192,3.847139,0.02314075,1.159038,3.786411,-0.07515333,0.9068549,3.799204,-0.1109267,0.69541,3.752063,-0.1479239,0.4860868,3.710428,-0.188383,0.4435923,3.701459,0.1992046,0.9422701,3.774971,0.3022743,0.6753771,3.816845,0.3822558,0.4594353,3.808992,0.4061899,0.3806472,3.791315,0.08837625,0.4422988,3.818668,0.03845161,0.1106431,3.797346,0.03089857,-0.2473417,3.81011,0.215779,0.489734,3.805413,0.2628284,0.1538868,3.713331,0.251611,-0.2224871,3.714931,0.05454235,0.9619362,3.795727
72057594038042242,0,1.19859,106248.7,0.1534307,0.4668192,3.847139,0.02314075,1.159038,3.786411,-0.07515333,0.9068549,3.799204,-0.1109267,0.69541,3.752063,-0.1479239,0.4860868,3.710428,-0.188383,0.4435923,3.701459,0.1992046,0.9422701,3.774971,0.3022743,0.6753771,3.816845,0.3822558,0.4594353,3.808992,0.4061899,0.3806472,3.791315,0.08837625,0.4422988,3.818668,0.03845161,0.1106431,3.797346,0.03089857,-0.2473417,3.81011,0.215779,0.489734,3.805413,0.2628284,0.1538868,3.713331,0.251611,-0.2224871,3.714931,0.05454235,0.9619362,3.795727
72057594038042242,0,1.19859,106248.7,0.1534307,0.4668192,3.847139,0.02314075,1.159038,3.786411,-0.07515333,0.9068549,3.799204,-0.1109267,0.69541,3.752063,-0.1479239,0.4860868,3.710428,-0.188383,0.4435923,3.701459,0.1992046,0.9422701,3.774971,0.3022743,0.6753771,3.816845,0.3822558,0.4594353,3.808992,0.4061899,0.3806472,3.791315,0.08837625,0.4422988,3.818668,0.03845161,0.1106431,3.797346,0.03089857,-0.2473417,3.81011,0.215779,0.489734,3.805413,0.2628284,0.1538868,3.713331,0.251611,-0.2224871,3.714931,0.05454235,0.9619362,3.795727
72057594038042242,0,1.19859,106248.7,0.1534307,0.4668192,3.847139,0.02314075,1.159038,3.786411,-0.07515333,0.9068549,3.799204,-0.1109267,0.69541,3.752063,-0.1479239,0.4860868,3.710428,-0.188383,0.4435923,3.701459,0.1992046,0.9422701,3.774971,0.3022743,0.6753771,3.816845,0.3822558,0.4594353,3.808992,0.4061899,0.3806472,3.791315,0.08837625,0.4422988,3.818668,0.03845161,0.1106431,3.797346,0.03089857,-0.2473417,3.81011,0.215779,0.489734,3.805413,0.2628284,0.1538868,3.713331,0.251611,-0.2224871,3.714931,0.05454235,0.9619362,3.795727
72057594038042242,0,1.19859,106248.7,0.1534307,0.4668192,3.847139,0.02314075,1.159038,3.786411,-0.07515333,0.9068549,3.799204,-0.1109267,0.69541,3.752063,-0.1479239,0.4860868,3.710428,-0.188383,0.4435923,3.701459,0.1992046,0.9422701,3.774971,0.3022743,0.6753771,3.816845,0.3822558,0.4594353,3.808992,0.4061899,0.3806472,3.791315,0.08837625,0.4422988,3.818668,0.03845161,0.1106431,3.797346,0.03089857,-0.2473417,3.81011,0.215779,0.489734,3.805413,0.2628284,0.1538868,3.713331,0.251611,-0.2224871,3.714931,0.05454235,0.9619362,3.795727
72057594038042242,0,1.19859,106248.7,0.1534307,0.4668192,3.847139,0.02314075,1.159038,3.786411,-0.07515333,0.9068549,3.799204,-0.1109267,0.69541,3.752063,-0.1479239,0.4860868,3.710428,-0.188383,0.4435923,3.701459,0.1992046,0.9422701,3.774971,0.3022743,0.6753771,3.816845,0.3822558,0.4594353,3.808992,0.4061899,0.3806472,3.791315,0.08837625,0.4422988,3.818668,0.03845161,0.1106431,3.797346,0.03089857,-0.2473417,3.81011,0.215779,0.489734,3.805413,0.2628284,0.1538868,3.713331,0.251611,-0.2224871,3.714931,0.05454235,0.9619362,3.795727
72057594038042242,0,1.19859,106248.7,0.1534307,0.4668192,3.847139,0.02314075,1.159038,3.786411,-0.07515333,0.9068549,3.799204,-0.1109267,0.69541,3.752063,-0.1479239,0.4860868,3.710428,-0.188383,0.4435923,3.701459,0.1992046,0.9422701,3.774971,0.3022743,0.6753771,3.816845,0.3822558,0.4594353,3.808992,0.4061899,0.3806472,3.791315,0.08837625,0.4422988,3.818668,0.03845161,0.1106431,3.797346,0.03089857,-0.2473417,3.81011,0.215779,0.489734,3.805413,0.2628284,0.1538868,3.713331,0.251611,-0.2224871,3.714931,0.05454235,0.9619362,3.795727
72057594038042242,0,1.19859,106248.7,0.1534307,0.4668192,3.847139,0.02314075,1.159038,3.786411,-0.07515333,0.9068549,3.799204,-0.1109267,0.69541,3.752063,-0.1479239,0.4860868,3.710428,-0.188383,0.4435923,3.701459,0.1992046,0.9422701,3.774971,0.3022743,0.6753771,3.816845,0.3822558,0.4594353,3.808992,0.4061899,0.3806472,3.791315,0.08837625,0.4422988,3.818668,0.03845161,0.1106431,3.797346,0.03089857,-0.2473417,3.81011,0.215779,0.489734,3.805413,0.2628284,0.1538868,3.713331,0.251611,-0.2224871,3.714931,0.05454235,0.9619362,3.795727
72057594038042242,0,1.180922,106248.7,0.1507105,0.4660085,3.828188,0.02688411,1.155981,3.775109,-0.07366297,0.9108832,3.773083,-0.1128519,0.69997,3.735469,-0.1498372,0.4955603,3.674579,-0.1972352,0.4839449,3.642021,0.2023527,0.9427572,3.757442,0.3050712,0.6787466,3.805037,0.389698,0.4496983,3.799339,0.4179496,0.3759952,3.787045,0.08674001,0.4426557,3.797437,0.0385474,0.1105787,3.789454,0.03106235,-0.2470034,3.808401,0.2121165,0.4879202,3.788655,0.2610453,0.15344,3.705208,0.2618639,-0.1910259,3.670052,0.05715084,0.9650983,3.777862
72057594038042242,0,1.180922,106248.7,0.1507105,0.4660085,3.828188,0.02688411,1.155981,3.775109,-0.07366297,0.9108832,3.773083,-0.1128519,0.69997,3.735469,-0.1498372,0.4955603,3.674579,-0.1972352,0.4839449,3.642021,0.2023527,0.9427572,3.757442,0.3050712,0.6787466,3.805037,0.389698,0.4496983,3.799339,0.4179496,0.3759952,3.787045,0.08674001,0.4426557,3.797437,0.0385474,0.1105787,3.789454,0.03106235,-0.2470034,3.808401,0.2121165,0.4879202,3.788655,0.2610453,0.15344,3.705208,0.2618639,-0.1910259,3.670052,0.05715084,0.9650983,3.777862
72057594038042242,0,1.180922,106248.7,0.1507105,0.4660085,3.828188,0.02688411,1.155981,3.775109,-0.07366297,0.9108832,3.773083,-0.1128519,0.69997,3.735469,-0.1498372,0.4955603,3.674579,-0.1972352,0.4839449,3.642021,0.2023527,0.9427572,3.757442,0.3050712,0.6787466,3.805037,0.389698,0.4496983,3.799339,0.4179496,0.3759952,3.787045,0.08674001,0.4426557,3.797437,0.0385474,0.1105787,3.789454,0.03106235,-0.2470034,3.808401,0.2121165,0.4879202,3.788655,0.2610453,0.15344,3.705208,0.2618639,-0.1910259,3.670052,0.05715084,0.9650983,3.777862
72057594038042242,0,1.180922,106248.7,0.1507105,0.4660085,3.828188,0.02688411,1.155981,3.775109,-0.07366297,0.9108832,3.773083,-0.1128519,0.69997,3.735469,-0.1498372,0.4955603,3.674579,-0.1972352,0.4839449,3.642021,0.2023527,0.9427572,3.757442,0.3050712,0.6787466,3.805037,0.389698,0.4496983,3.799339,0.4179496,0.3759952,3.787045,0.08674001,0.4426557,3.797437,0.0385474,0.1105787,3.789454,0.03106235,-0.2470034,3.808401,0.2121165,0.4879202,3.788655,0.2610453,0.15344,3.705208,0.2618639,-0.1910259,3.670052,0.05715084,0.9650983,3.777862
72057594038042242,0,1.180922,106248.7,0.1507105,0.4660085,3.828188,0.02688411,1.155981,3.775109,-0.07366297,0.9108832,3.773083,-0.1128519,0.69997,3.735469,-0.1498372,0.4955603,3.674579,-0.1972352,0.4839449,3.642021,0.2023527,0.9427572,3.757442,0.3050712,0.6787466,3.805037,0.389698,0.4496983,3.799339,0.4179496,0.3759952,3.787045,0.08674001,0.4426557,3.797437,0.0385474,0.1105787,3.789454,0.03106235,-0.2470034,3.808401,0.2121165,0.4879202,3.788655,0.2610453,0.15344,3.705208,0.2618639,-0.1910259,3.670052,0.05715084,0.9650983,3.777862
72057594038042242,0,1.180922,106248.8,0.1507105,0.4660085,3.828188,0.02688411,1.155981,3.775109,-0.07366297,0.9108832,3.773083,-0.1128519,0.69997,3.735469,-0.1498372,0.4955603,3.674579,-0.1972352,0.4839449,3.642021,0.2023527,0.9427572,3.757442,0.3050712,0.6787466,3.805037,0.389698,0.4496983,3.799339,0.4179496,0.3759952,3.787045,0.08674001,0.4426557,3.797437,0.0385474,0.1105787,3.789454,0.03106235,-0.2470034,3.808401,0.2121165,0.4879202,3.788655,0.2610453,0.15344,3.705208,0.2618639,-0.1910259,3.670052,0.05715084,0.9650983,3.777862
72057594038042242,0,1.180922,106248.8,0.1507105,0.4660085,3.828188,0.02688411,1.155981,3.775109,-0.07366297,0.9108832,3.773083,-0.1128519,0.69997,3.735469,-0.1498372,0.4955603,3.674579,-0.1972352,0.4839449,3.642021,0.2023527,0.9427572,3.757442,0.3050712,0.6787466,3.805037,0.389698,0.4496983,3.799339,0.4179496,0.3759952,3.787045,0.08674001,0.4426557,3.797437,0.0385474,0.1105787,3.789454,0.03106235,-0.2470034,3.808401,0.2121165,0.4879202,3.788655,0.2610453,0.15344,3.705208,0.2618639,-0.1910259,3.670052,0.05715084,0.9650983,3.777862
72057594038042242,0,1.180922,106248.8,0.1507105,0.4660085,3.828188,0.02688411,1.155981,3.775109,-0.07366297,0.9108832,3.773083,-0.1128519,0.69997,3.735469,-0.1498372,0.4955603,3.674579,-0.1972352,0.4839449,3.642021,0.2023527,0.9427572,3.757442,0.3050712,0.6787466,3.805037,0.389698,0.4496983,3.799339,0.4179496,0.3759952,3.787045,0.08674001,0.4426557,3.797437,0.0385474,0.1105787,3.789454,0.03106235,-0.2470034,3.808401,0.2121165,0.4879202,3.788655,0.2610453,0.15344,3.705208,0.2618639,-0.1910259,3.670052,0.05715084,0.9650983,3.777862
72057594038042242,0,1.180922,106248.8,0.1507105,0.4660085,3.828188,0.02688411,1.155981,3.775109,-0.07366297,0.9108832,3.773083,-0.1128519,0.69997,3.735469,-0.1498372,0.4955603,3.674579,-0.1972352,0.4839449,3.642021,0.2023527,0.9427572,3.757442,0.3050712,0.6787466,3.805037,0.389698,0.4496983,3.799339,0.4179496,0.3759952,3.787045,0.08674001,0.4426557,3.797437,0.0385474,0.1105787,3.789454,0.03106235,-0.2470034,3.808401,0.2121165,0.4879202,3.788655,0.2610453,0.15344,3.705208,0.2618639,-0.1910259,3.670052,0.05715084,0.9650983,3.777862
72057594038042242,0,1.180922,106248.8,0.1507105,0.4660085,3.828188,0.02688411,1.155981,3.775109,-0.07366297,0.9108832,3.773083,-0.1128519,0.69997,3.735469,-0.1498372,0.4955603,3.674579,-0.1972352,0.4839449,3.642021,0.2023527,0.9427572,3.757442,0.3050712,0.6787466,3.805037,0.389698,0.4496983,3.799339,0.4179496,0.3759952,3.787045,0.08674001,0.4426557,3.797437,0.0385474,0.1105787,3.789454,0.03106235,-0.2470034,3.808401,0.2121165,0.4879202,3.788655,0.2610453,0.15344,3.705208,0.2618639,-0.1910259,3.670052,0.05715084,0.9650983,3.777862
72057594038042242,0,1.168298,106248.8,0.1496292,0.4650138,3.814324,0.03803922,1.152703,3.751042,-0.07155639,0.915382,3.752971,-0.1112079,0.7043792,3.733358,-0.1510293,0.5100776,3.645633,-0.19395,0.5049298,3.606916,0.2089694,0.9429989,3.736807,0.3092001,0.6806317,3.789352,0.3920057,0.4535976,3.789359,0.4176188,0.3859868,3.775983,0.08549289,0.4427606,3.781627,0.03898756,0.1103176,3.780003,0.03085863,-0.2472416,3.808074,0.2111385,0.4859387,3.776723,0.255929,0.1411744,3.695048,0.2724907,-0.1997586,3.624204,0.06060359,0.9638239,3.764465
72057594038042242,0,1.168298,106248.8,0.1496292,0.4650138,3.814324,0.03803922,1.152703,3.751042,-0.07155639,0.915382,3.752971,-0.1112079,0.7043792,3.733358,-0.1510293,0.5100776,3.645633,-0.19395,0.5049298,3.606916,0.2089694,0.9429989,3.736807,0.3092001,0.6806317,3.789352,0.3920057,0.4535976,3.789359,0.4176188,0.3859868,3.775983,0.08549289,0.4427606,3.781627,0.03898756,0.1103176,3.780003,0.03085863,-0.2472416,3.808074,0.2111385,0.4859387,3.776723,0.255929,0.1411744,3.695048,0.2724907,-0.1997586,3.624204,0.06060359,0.9638239,3.764465
72057594038042242,0,1.168298,106248.8,0.1496292,0.4650138,3.814324,0.03803922,1.152703,3.751042,-0.07155639,0.915382,3.752971,-0.1112079,0.7043792,3.733358,-0.1510293,0.5100776,3.645633,-0.19395,0.5049298,3.606916,0.2089694,0.9429989,3.736807,0.3092001,0.6806317,3.789352,0.3920057,0.4535976,3.789359,0.4176188,0.3859868,3.775983,0.08549289,0.4427606,3.781627,0.03898756,0.1103176,3.780003,0.03085863,-0.2472416,3.808074,0.2111385,0.4859387,3.776723,0.255929,0.1411744,3.695048,0.2724907,-0.1997586,3.624204,0.06060359,0.9638239,3.764465
72057594038042242,0,1.168298,106248.8,0.1496292,0.4650138,3.814324,0.03803922,1.152703,3.751042,-0.07155639,0.915382,3.752971,-0.1112079,0.7043792,3.733358,-0.1510293,0.5100776,3.645633,-0.19395,0.5049298,3.606916,0.2089694,0.9429989,3.736807,0.3092001,0.6806317,3.789352,0.3920057,0.4535976,3.789359,0.4176188,0.3859868,3.775983,0.08549289,0.4427606,3.781627,0.03898756,0.1103176,3.780003,0.03085863,-0.2472416,3.808074,0.2111385,0.4859387,3.776723,0.255929,0.1411744,3.695048,0.2724907,-0.1997586,3.624204,0.06060359,0.9638239,3.764465
72057594038042242,0,1.168298,106248.8,0.1496292,0.4650138,3.814324,0.03803922,1.152703,3.751042,-0.07155639,0.915382,3.752971,-0.1112079,0.7043792,3.733358,-0.1510293,0.5100776,3.645633,-0.19395,0.5049298,3.606916,0.2089694,0.9429989,3.736807,0.3092001,0.6806317,3.789352,0.3920057,0.4535976,3.789359,0.4176188,0.3859868,3.775983,0.08549289,0.4427606,3.781627,0.03898756,0.1103176,3.780003,0.03085863,-0.2472416,3.808074,0.2111385,0.4859387,3.776723,0.255929,0.1411744,3.695048,0.2724907,-0.1997586,3.624204,0.06060359,0.9638239,3.764465
72057594038042242,0,1.168298,106248.8,0.1496292,0.4650138,3.814324,0.03803922,1.152703,3.751042,-0.07155639,0.915382,3.752971,-0.1112079,0.7043792,3.733358,-0.1510293,0.5100776,3.645633,-0.19395,0.5049298,3.606916,0.2089694,0.9429989,3.736807,0.3092001,0.6806317,3.789352,0.3920057,0.4535976,3.789359,0.4176188,0.3859868,3.775983,0.08549289,0.4427606,3.781627,0.03898756,0.1103176,3.780003,0.03085863,-0.2472416,3.808074,0.2111385,0.4859387,3.776723,0.255929,0.1411744,3.695048,0.2724907,-0.1997586,3.624204,0.06060359,0.9638239,3.764465
72057594038042242,0,1.168298,106248.8,0.1496292,0.4650138,3.814324,0.03803922,1.152703,3.751042,-0.07155639,0.915382,3.752971,-0.1112079,0.7043792,3.733358,-0.1510293,0.5100776,3.645633,-0.19395,0.5049298,3.606916,0.2089694,0.9429989,3.736807,0.3092001,0.6806317,3.789352,0.3920057,0.4535976,3.789359,0.4176188,0.3859868,3.775983,0.08549289,0.4427606,3.781627,0.03898756,0.1103176,3.780003,0.03085863,-0.2472416,3.808074,0.2111385,0.4859387,3.776723,0.255929,0.1411744,3.695048,0.2724907,-0.1997586,3.624204,0.06060359,0.9638239,3.764465
72057594038042242,0,1.168298,106248.8,0.1496292,0.4650138,3.814324,0.03803922,1.152703,3.751042,-0.07155639,0.915382,3.752971,-0.1112079,0.7043792,3.733358,-0.1510293,0.5100776,3.645633,-0.19395,0.5049298,3.606916,0.2089694,0.9429989,3.736807,0.3092001,0.6806317,3.789352,0.3920057,0.4535976,3.789359,0.4176188,0.3859868,3.775983,0.08549289,0.4427606,3.781627,0.03898756,0.1103176,3.780003,0.03085863,-0.2472416,3.808074,0.2111385,0.4859387,3.776723,0.255929,0.1411744,3.695048,0.2724907,-0.1997586,3.624204,0.06060359,0.9638239,3.764465
72057594038042242,0,1.168298,106248.8,0.1496292,0.4650138,3.814324,0.03803922,1.152703,3.751042,-0.07155639,0.915382,3.752971,-0.1112079,0.7043792,3.733358,-0.1510293,0.5100776,3.645633,-0.19395,0.5049298,3.606916,0.2089694,0.9429989,3.736807,0.3092001,0.6806317,3.789352,0.3920057,0.4535976,3.789359,0.4176188,0.3859868,3.775983,0.08549289,0.4427606,3.781627,0.03898756,0.1103176,3.780003,0.03085863,-0.2472416,3.808074,0.2111385,0.4859387,3.776723,0.255929,0.1411744,3.695048,0.2724907,-0.1997586,3.624204,0.06060359,0.9638239,3.764465
72057594038042242,0,1.168298,106248.8,0.1496292,0.4650138,3.814324,0.03803922,1.152703,3.751042,-0.07155639,0.915382,3.752971,-0.1112079,0.7043792,3.733358,-0.1510293,0.5100776,3.645633,-0.19395,0.5049298,3.606916,0.2089694,0.9429989,3.736807,0.3092001,0.6806317,3.789352,0.3920057,0.4535976,3.789359,0.4176188,0.3859868,3.775983,0.08549289,0.4427606,3.781627,0.03898756,0.1103176,3.780003,0.03085863,-0.2472416,3.808074,0.2111385,0.4859387,3.776723,0.255929,0.1411744,3.695048,0.2724907,-0.1997586,3.624204,0.06060359,0.9638239,3.764465
72057594038042242,0,1.168298,106248.8,0.1496292,0.4650138,3.814324,0.03803922,1.152703,3.751042,-0.07155639,0.915382,3.752971,-0.1112079,0.7043792,3.733358,-0.1510293,0.5100776,3.645633,-0.19395,0.5049298,3.606916,0.2089694,0.9429989,3.736807,0.3092001,0.6806317,3.789352,0.3920057,0.4535976,3.789359,0.4176188,0.3859868,3.775983,0.08549289,0.4427606,3.781627,0.03898756,0.1103176,3.780003,0.03085863,-0.2472416,3.808074,0.2111385,0.4859387,3.776723,0.255929,0.1411744,3.695048,0.2724907,-0.1997586,3.624204,0.06060359,0.9638239,3.764465
72057594038042242,0,1.145811,106248.8,0.1501512,0.468548,3.791244,0.04437073,1.156298,3.730211,-0.06533498,0.9091488,3.732515,-0.1207409,0.7029214,3.702735,-0.1412764,0.4974311,3.64338,-0.1482437,0.429251,3.627413,0.2150821,0.9410212,3.712659,0.3129455,0.6779843,3.762204,0.4051943,0.4336452,3.771578,0.4241965,0.3724185,3.76998,0.08706894,0.4575526,3.759128,0.03993291,0.1108648,3.768439,0.03082555,-0.2482715,3.806782,0.2105986,0.4782265,3.748949,0.2472534,0.1234489,3.680242,0.2813919,-0.2177731,3.566473,0.07442427,0.9649625,3.734498
72057594038042242,0,1.145811,106248.8,0.1501512,0.468548,3.791244,0.04437073,1.156298,3.730211,-0.06533498,0.9091488,3.732515,-0.1207409,0.7029214,3.702735,-0.1412764,0.4974311,3.64338,-0.1482437,0.429251,3.627413,0.2150821,0.9410212,3.712659,0.3129455,0.6779843,3.762204,0.4051943,0.4336452,3.771578,0.4241965,0.3724185,3.76998,0.08706894,0.4575526,3.759128,0.03993291,0.1108648,3.768439,0.03082555,-0.2482715,3.806782,0.2105986,0.4782265,3.748949,0.2472534,0.1234489,3.680242,0.2813919,-0.2177731,3.566473,0.07442427,0.9649625,3.734498
72057594038042242,0,1.145811,106248.8,0.1501512,0.468548,3.791244,0.04437073,1.156298,3.730211,-0.06533498,0.9091488,3.732515,-0.1207409,0.7029214,3.702735,-0.1412764,0.4974311,3.64338,-0.1482437,0.429251,3.627413,0.2150821,0.9410212,3.712659,0.3129455,0.6779843,3.762204,0.4051943,0.4336452,3.771578,0.4241965,0.3724185,3.76998,0.08706894,0.4575526,3.759128,0.03993291,0.1108648,3.768439,0.03082555,-0.2482715,3.806782,0.2105986,0.4782265,3.748949,0.2472534,0.1234489,3.680242,0.2813919,-0.2177731,3.566473,0.07442427,0.9649625,3.734498
72057594038042242,0,1.145811,106248.8,0.1501512,0.468548,3.791244,0.04437073,1.156298,3.730211,-0.06533498,0.9091488,3.732515,-0.1207409,0.7029214,3.702735,-0.1412764,0.4974311,3.64338,-0.1482437,0.429251,3.627413,0.2150821,0.9410212,3.712659,0.3129455,0.6779843,3.762204,0.4051943,0.4336452,3.771578,0.4241965,0.3724185,3.76998,0.08706894,0.4575526,3.759128,0.03993291,0.1108648,3.768439,0.03082555,-0.2482715,3.806782,0.2105986,0.4782265,3.748949,0.2472534,0.1234489,3.680242,0.2813919,-0.2177731,3.566473,0.07442427,0.9649625,3.734498
72057594038042242,0,1.145811,106248.8,0.1501512,0.468548,3.791244,0.04437073,1.156298,3.730211,-0.06533498,0.9091488,3.732515,-0.1207409,0.7029214,3.702735,-0.1412764,0.4974311,3.64338,-0.1482437,0.429251,3.627413,0.2150821,0.9410212,3.712659,0.3129455,0.6779843,3.762204,0.4051943,0.4336452,3.771578,0.4241965,0.3724185,3.76998,0.08706894,0.4575526,3.759128,0.03993291,0.1108648,3.768439,0.03082555,-0.2482715,3.806782,0.2105986,0.4782265,3.748949,0.2472534,0.1234489,3.680242,0.2813919,-0.2177731,3.566473,0.07442427,0.9649625,3.734498
72057594038042242,0,1.145811,106248.8,0.1501512,0.468548,3.791244,0.04437073,1.156298,3.730211,-0.06533498,0.9091488,3.732515,-0.1207409,0.7029214,3.702735,-0.1412764,0.4974311,3.64338,-0.1482437,0.429251,3.627413,0.2150821,0.9410212,3.712659,0.3129455,0.6779843,3.762204,0.4051943,0.4336452,3.771578,0.4241965,0.3724185,3.76998,0.08706894,0.4575526,3.759128,0.03993291,0.1108648,3.768439,0.03082555,-0.2482715,3.806782,0.2105986,0.4782265,3.748949,0.2472534,0.1234489,3.680242,0.2813919,-0.2177731,3.566473,0.07442427,0.9649625,3.734498
72057594038042242,0,1.145811,106248.8,0.1501512,0.468548,3.791244,0.04437073,1.156298,3.730211,-0.06533498,0.9091488,3.732515,-0.1207409,0.7029214,3.702735,-0.1412764,0.4974311,3.64338,-0.1482437,0.429251,3.627413,0.2150821,0.9410212,3.712659,0.3129455,0.6779843,3.762204,0.4051943,0.4336452,3.771578,0.4241965,0.3724185,3.76998,0.08706894,0.4575526,3.759128,0.03993291,0.1108648,3.768439,0.03082555,-0.2482715,3.806782,0.2105986,0.4782265,3.748949,0.2472534,0.1234489,3.680242,0.2813919,-0.2177731,3.566473,0.07442427,0.9649625,3.734498
72057594038042242,0,1.145811,106248.8,0.1501512,0.468548,3.791244,0.04437073,1.156298,3.730211,-0.06533498,0.9091488,3.732515,-0.1207409,0.7029214,3.702735,-0.1412764,0.4974311,3.64338,-0.1482437,0.429251,3.627413,0.2150821,0.9410212,3.712659,0.3129455,0.6779843,3.762204,0.4051943,0.4336452,3.771578,0.4241965,0.3724185,3.76998,0.08706894,0.4575526,3.759128,0.03993291,0.1108648,3.768439,0.03082555,-0.2482715,3.806782,0.2105986,0.4782265,3.748949,0.2472534,0.1234489,3.680242,0.2813919,-0.2177731,3.566473,0.07442427,0.9649625,3.734498
72057594038042242,0,1.145811,106248.8,0.1501512,0.468548,3.791244,0.04437073,1.156298,3.730211,-0.06533498,0.9091488,3.732515,-0.1207409,0.7029214,3.702735,-0.1412764,0.4974311,3.64338,-0.1482437,0.429251,3.627413,0.2150821,0.9410212,3.712659,0.3129455,0.6779843,3.762204,0.4051943,0.4336452,3.771578,0.4241965,0.3724185,3.76998,0.08706894,0.4575526,3.759128,0.03993291,0.1108648,3.768439,0.03082555,-0.2482715,3.806782,0.2105986,0.4782265,3.748949,0.2472534,0.1234489,3.680242,0.2813919,-0.2177731,3.566473,0.07442427,0.9649625,3.734498
72057594038042242,0,1.145811,106248.8,0.1501512,0.468548,3.791244,0.04437073,1.156298,3.730211,-0.06533498,0.9091488,3.732515,-0.1207409,0.7029214,3.702735,-0.1412764,0.4974311,3.64338,-0.1482437,0.429251,3.627413,0.2150821,0.9410212,3.712659,0.3129455,0.6779843,3.762204,0.4051943,0.4336452,3.771578,0.4241965,0.3724185,3.76998,0.08706894,0.4575526,3.759128,0.03993291,0.1108648,3.768439,0.03082555,-0.2482715,3.806782,0.2105986,0.4782265,3.748949,0.2472534,0.1234489,3.680242,0.2813919,-0.2177731,3.566473,0.07442427,0.9649625,3.734498
72057594038042242,0,1.133896,106248.8,0.1475906,0.4588406,3.774834,0.05528517,1.157094,3.710853,-0.06094015,0.9098938,3.718536,-0.1166692,0.7048296,3.6978,-0.1379587,0.5221352,3.584531,-0.1451746,0.4615502,3.550598,0.2224983,0.9355072,3.68871,0.3130754,0.7115496,3.736713,0.4037276,0.4442881,3.759961,0.426664,0.3663266,3.753567,0.08358855,0.4437853,3.744152,0.0390958,0.1078209,3.759754,0.03338435,-0.2507027,3.80214,0.2090406,0.4728318,3.735087,0.245312,0.1242798,3.671991,0.2809438,-0.2165699,3.54691,0.07754401,0.9624803,3.722096
72057594038042242,0,1.133896,106248.8,0.1475906,0.4588406,3.774834,0.05528517,1.157094,3.710853,-0.06094015,0.9098938,3.718536,-0.1166692,0.7048296,3.6978,-0.1379587,0.5221352,3.584531,-0.1451746,0.4615502,3.550598,0.2224983,0.9355072,3.68871,0.3130754,0.7115496,3.736713,0.4037276,0.4442881,3.759961,0.426664,0.3663266,3.753567,0.08358855,0.4437853,3.744152,0.0390958,0.1078209,3.759754,0.03338435,-0.2507027,3.80214,0.2090406,0.4728318,3.735087,0.245312,0.1242798,3.671991,0.2809438,-0.2165699,3.54691,0.07754401,0.9624803,3.722096
72057594038042242,0,1.133896,106248.8,0.1475906,0.4588406,3.774834,0.05528517,1.157094,3.710853,-0.06094015,0.9098938,3.718536,-0.1166692,0.7048296,3.6978,-0.1379587,0.5221352,3.584531,-0.1451746,0.4615502,3.550598,0.2224983,0.9355072,3.68871,0.3130754,0.7115496,3.736713,0.4037276,0.4442881,3.759961,0.426664,0.3663266,3.753567,0.08358855,0.4437853,3.744152,0.0390958,0.1078209,3.759754,0.03338435,-0.2507027,3.80214,0.2090406,0.4728318,3.735087,0.245312,0.1242798,3.671991,0.2809438,-0.2165699,3.54691,0.07754401,0.9624803,3.722096
72057594038042242,0,1.133896,106248.8,0.1475906,0.4588406,3.774834,0.05528517,1.157094,3.710853,-0.06094015,0.9098938,3.718536,-0.1166692,0.7048296,3.6978,-0.1379587,0.5221352,3.584531,-0.1451746,0.4615502,3.550598,0.2224983,0.9355072,3.68871,0.3130754,0.7115496,3.736713,0.4037276,0.4442881,3.759961,0.426664,0.3663266,3.753567,0.08358855,0.4437853,3.744152,0.0390958,0.1078209,3.759754,0.03338435,-0.2507027,3.80214,0.2090406,0.4728318,3.735087,0.245312,0.1242798,3.671991,0.2809438,-0.2165699,3.54691,0.07754401,0.9624803,3.722096
72057594038042242,0,1.133896,106248.8,0.1475906,0.4588406,3.774834,0.05528517,1.157094,3.710853,-0.06094015,0.9098938,3.718536,-0.1166692,0.7048296,3.6978,-0.1379587,0.5221352,3.584531,-0.1451746,0.4615502,3.550598,0.2224983,0.9355072,3.68871,0.3130754,0.7115496,3.736713,0.4037276,0.4442881,3.759961,0.426664,0.3663266,3.753567,0.08358855,0.4437853,3.744152,0.0390958,0.1078209,3.759754,0.03338435,-0.2507027,3.80214,0.2090406,0.4728318,3.735087,0.245312,0.1242798,3.671991,0.2809438,-0.2165699,3.54691,0.07754401,0.9624803,3.722096
72057594038042242,0,1.133896,106248.8,0.1475906,0.4588406,3.774834,0.05528517,1.157094,3.710853,-0.06094015,0.9098938,3.718536,-0.1166692,0.7048296,3.6978,-0.1379587,0.5221352,3.584531,-0.1451746,0.4615502,3.550598,0.2224983,0.9355072,3.68871,0.3130754,0.7115496,3.736713,0.4037276,0.4442881,3.759961,0.426664,0.3663266,3.753567,0.08358855,0.4437853,3.744152,0.0390958,0.1078209,3.759754,0.03338435,-0.2507027,3.80214,0.2090406,0.4728318,3.735087,0.245312,0.1242798,3.671991,0.2809438,-0.2165699,3.54691,0.07754401,0.9624803,3.722096
72057594038042242,0,1.133896,106248.9,0.1475906,0.4588406,3.774834,0.05528517,1.157094,3.710853,-0.06094015,0.9098938,3.718536,-0.1166692,0.7048296,3.6978,-0.1379587,0.5221352,3.584531,-0.1451746,0.4615502,3.550598,0.2224983,0.9355072,3.68871,0.3130754,0.7115496,3.736713,0.4037276,0.4442881,3.759961,0.426664,0.3663266,3.753567,0.08358855,0.4437853,3.744152,0.0390958,0.1078209,3.759754,0.03338435,-0.2507027,3.80214,0.2090406,0.4728318,3.735087,0.245312,0.1242798,3.671991,0.2809438,-0.2165699,3.54691,0.07754401,0.9624803,3.722096
72057594038042242,0,1.133896,106248.9,0.1475906,0.4588406,3.774834,0.05528517,1.157094,3.710853,-0.06094015,0.9098938,3.718536,-0.1166692,0.7048296,3.6978,-0.1379587,0.5221352,3.584531,-0.1451746,0.4615502,3.550598,0.2224983,0.9355072,3.68871,0.3130754,0.7115496,3.736713,0.4037276,0.4442881,3.759961,0.426664,0.3663266,3.753567,0.08358855,0.4437853,3.744152,0.0390958,0.1078209,3.759754,0.03338435,-0.2507027,3.80214,0.2090406,0.4728318,3.735087,0.245312,0.1242798,3.671991,0.2809438,-0.2165699,3.54691,0.07754401,0.9624803,3.722096
72057594038042242,0,1.133896,106248.9,0.1475906,0.4588406,3.774834,0.05528517,1.157094,3.710853,-0.06094015,0.9098938,3.718536,-0.1166692,0.7048296,3.6978,-0.1379587,0.5221352,3.584531,-0.1451746,0.4615502,3.550598,0.2224983,0.9355072,3.68871,0.3130754,0.7115496,3.736713,0.4037276,0.4442881,3.759961,0.426664,0.3663266,3.753567,0.08358855,0.4437853,3.744152,0.0390958,0.1078209,3.759754,0.03338435,-0.2507027,3.80214,0.2090406,0.4728318,3.735087,0.245312,0.1242798,3.671991,0.2809438,-0.2165699,3.54691,0.07754401,0.9624803,3.722096
72057594038042242,0,1.133896,106248.9,0.1475906,0.4588406,3.774834,0.05528517,1.157094,3.710853,-0.06094015,0.9098938,3.718536,-0.1166692,0.7048296,3.6978,-0.1379587,0.5221352,3.584531,-0.1451746,0.4615502,3.550598,0.2224983,0.9355072,3.68871,0.3130754,0.7115496,3.736713,0.4037276,0.4442881,3.759961,0.426664,0.3663266,3.753567,0.08358855,0.4437853,3.744152,0.0390958,0.1078209,3.759754,0.03338435,-0.2507027,3.80214,0.2090406,0.4728318,3.735087,0.245312,0.1242798,3.671991,0.2809438,-0.2165699,3.54691,0.07754401,0.9624803,3.722096
72057594038042242,0,1.133896,106248.9,0.1475906,0.4588406,3.774834,0.05528517,1.157094,3.710853,-0.06094015,0.9098938,3.718536,-0.1166692,0.7048296,3.6978,-0.1379587,0.5221352,3.584531,-0.1451746,0.4615502,3.550598,0.2224983,0.9355072,3.68871,0.3130754,0.7115496,3.736713,0.4037276,0.4442881,3.759961,0.426664,0.3663266,3.753567,0.08358855,0.4437853,3.744152,0.0390958,0.1078209,3.759754,0.03338435,-0.2507027,3.80214,0.2090406,0.4728318,3.735087,0.245312,0.1242798,3.671991,0.2809438,-0.2165699,3.54691,0.07754401,0.9624803,3.722096
72057594038042242,0,1.119783,106248.9,0.1543177,0.453358,3.756049,0.06642283,1.159135,3.691235,-0.04804148,0.9029661,3.690564,-0.1077498,0.7004367,3.682099,-0.139671,0.5112358,3.58747,-0.1504226,0.4484811,3.559752,0.2320495,0.9318216,3.673582,0.3130849,0.7080808,3.726955,0.4054828,0.4433092,3.750944,0.4263661,0.359926,3.735951,0.08824421,0.4383597,3.72901,0.04088722,0.1098107,3.744803,0.03374412,-0.2507454,3.801121,0.2178878,0.4672647,3.712511,0.2437861,0.1174183,3.643621,0.2790751,-0.2119753,3.540741,0.08894876,0.962782,3.697969
72057594038042242,0,1.119783,106248.9,0.1543177,0.453358,3.756049,0.06642283,1.159135,3.691235,-0.04804148,0.9029661,3.690564,-0.1077498,0.7004367,3.682099,-0.139671,0.5112358,3.58747,-0.1504226,0.4484811,3.559752,0.2320495,0.9318216,3.673582,0.3130849,0.7080808,3.726955,0.4054828,0.4433092,3.750944,0.4263661,0.359926,3.735951,0.08824421,0.4383597,3.72901,0.04088722,0.1098107,3.744803,0.03374412,-0.2507454,3.801121,0.2178878,0.4672647,3.712511,0.2437861,0.1174183,3.643621,0.2790751,-0.2119753,3.540741,0.08894876,0.962782,3.697969
72057594038042242,0,1.119783,106248.9,0.1543177,0.453358,3.756049,0.06642283,1.159135,3.691235,-0.04804148,0.9029661,3.690564,-0.1077498,0.7004367,3.682099,-0.139671,0.5112358,3.58747,-0.1504226,0.4484811,3.559752,0.2320495,0.9318216,3.673582,0.3130849,0.7080808,3.726955,0.4054828,0.4433092,3.750944,0.4263661,0.359926,3.735951,0.08824421,0.4383597,3.72901,0.04088722,0.1098107,3.744803,0.03374412,-0.2507454,3.801121,0.2178878,0.4672647,3.712511,0.2437861,0.1174183,3.643621,0.2790751,-0.2119753,3.540741,0.08894876,0.962782,3.697969
72057594038042242,0,1.119783,106248.9,0.1543177,0.453358,3.756049,0.06642283,1.159135,3.691235,-0.04804148,0.9029661,3.690564,-0.1077498,0.7004367,3.682099,-0.139671,0.5112358,3.58747,-0.1504226,0.4484811,3.559752,0.2320495,0.9318216,3.673582,0.3130849,0.7080808,3.726955,0.4054828,0.4433092,3.750944,0.4263661,0.359926,3.735951,0.08824421,0.4383597,3.72901,0.04088722,0.1098107,3.744803,0.03374412,-0.2507454,3.801121,0.2178878,0.4672647,3.712511,0.2437861,0.1174183,3.643621,0.2790751,-0.2119753,3.540741,0.08894876,0.962782,3.697969
72057594038042242,0,1.119783,106248.9,0.1543177,0.453358,3.756049,0.06642283,1.159135,3.691235,-0.04804148,0.9029661,3.690564,-0.1077498,0.7004367,3.682099,-0.139671,0.5112358,3.58747,-0.1504226,0.4484811,3.559752,0.2320495,0.9318216,3.673582,0.3130849,0.7080808,3.726955,0.4054828,0.4433092,3.750944,0.4263661,0.359926,3.735951,0.08824421,0.4383597,3.72901,0.04088722,0.1098107,3.744803,0.03374412,-0.2507454,3.801121,0.2178878,0.4672647,3.712511,0.2437861,0.1174183,3.643621,0.2790751,-0.2119753,3.540741,0.08894876,0.962782,3.697969
72057594038042242,0,1.119783,106248.9,0.1543177,0.453358,3.756049,0.06642283,1.159135,3.691235,-0.04804148,0.9029661,3.690564,-0.1077498,0.7004367,3.682099,-0.139671,0.5112358,3.58747,-0.1504226,0.4484811,3.559752,0.2320495,0.9318216,3.673582,0.3130849,0.7080808,3.726955,0.4054828,0.4433092,3.750944,0.4263661,0.359926,3.735951,0.08824421,0.4383597,3.72901,0.04088722,0.1098107,3.744803,0.03374412,-0.2507454,3.801121,0.2178878,0.4672647,3.712511,0.2437861,0.1174183,3.643621,0.2790751,-0.2119753,3.540741,0.08894876,0.962782,3.697969
72057594038042242,0,1.119783,106248.9,0.1543177,0.453358,3.756049,0.06642283,1.159135,3.691235,-0.04804148,0.9029661,3.690564,-0.1077498,0.7004367,3.682099,-0.139671,0.5112358,3.58747,-0.1504226,0.4484811,3.559752,0.2320495,0.9318216,3.673582,0.3130849,0.7080808,3.726955,0.4054828,0.4433092,3.750944,0.4263661,0.359926,3.735951,0.08824421,0.4383597,3.72901,0.04088722,0.1098107,3.744803,0.03374412,-0.2507454,3.801121,0.2178878,0.4672647,3.712511,0.2437861,0.1174183,3.643621,0.2790751,-0.2119753,3.540741,0.08894876,0.962782,3.697969
72057594038042242,0,1.119783,106248.9,0.1543177,0.453358,3.756049,0.06642283,1.159135,3.691235,-0.04804148,0.9029661,3.690564,-0.1077498,0.7004367,3.682099,-0.139671,0.5112358,3.58747,-0.1504226,0.4484811,3.559752,0.2320495,0.9318216,3.673582,0.3130849,0.7080808,3.726955,0.4054828,0.4433092,3.750944,0.4263661,0.359926,3.735951,0.08824421,0.4383597,3.72901,0.04088722,0.1098107,3.744803,0.03374412,-0.2507454,3.801121,0.2178878,0.4672647,3.712511,0.2437861,0.1174183,3.643621,0.2790751,-0.2119753,3.540741,0.08894876,0.962782,3.697969
72057594038042242,0,1.119783,106248.9,0.1543177,0.453358,3.756049,0.06642283,1.159135,3.691235,-0.04804148,0.9029661,3.690564,-0.1077498,0.7004367,3.682099,-0.139671,0.5112358,3.58747,-0.1504226,0.4484811,3.559752,0.2320495,0.9318216,3.673582,0.3130849,0.7080808,3.726955,0.4054828,0.4433092,3.750944,0.4263661,0.359926,3.735951,0.08824421,0.4383597,3.72901,0.04088722,0.1098107,3.744803,0.03374412,-0.2507454,3.801121,0.2178878,0.4672647,3.712511,0.2437861,0.1174183,3.643621,0.2790751,-0.2119753,3.540741,0.08894876,0.962782,3.697969
72057594038042242,0,1.119783,106248.9,0.1543177,0.453358,3.756049,0.06642283,1.159135,3.691235,-0.04804148,0.9029661,3.690564,-0.1077498,0.7004367,3.682099,-0.139671,0.5112358,3.58747,-0.1504226,0.4484811,3.559752,0.2320495,0.9318216,3.673582,0.3130849,0.7080808,3.726955,0.4054828,0.4433092,3.750944,0.4263661,0.359926,3.735951,0.08824421,0.4383597,3.72901,0.04088722,0.1098107,3.744803,0.03374412,-0.2507454,3.801121,0.2178878,0.4672647,3.712511,0.2437861,0.1174183,3.643621,0.2790751,-0.2119753,3.540741,0.08894876,0.962782,3.697969
72057594038042242,0,1.098967,106248.9,0.1566566,0.4602063,3.735673,0.07793767,1.156919,3.677252,-0.04191231,0.9100519,3.677684,-0.09541294,0.7067211,3.665702,-0.1276965,0.5119838,3.588094,-0.1385564,0.4473933,3.566049,0.2462626,0.9325882,3.652647,0.3146122,0.7030879,3.704374,0.4063329,0.4390036,3.72336,0.4262997,0.3523829,3.719411,0.09171429,0.4513662,3.706146,0.04245995,0.112111,3.729124,0.03424899,-0.2515098,3.797223,0.2190764,0.4687876,3.694169,0.2478193,0.1127838,3.6196,0.27787,-0.2139143,3.519091,0.09775835,0.9650536,3.679753
72057594038042242,0,1.098967,106248.9,0.1566566,0.4602063,3.735673,0.07793767,1.156919,3.677252,-0.04191231,0.9100519,3.677684,-0.09541294,0.7067211,3.665702,-0.1276965,0.5119838,3.588094,-0.1385564,0.4473933,3.566049,0.2462626,0.9325882,3.652647,0.3146122,0.7030879,3.704374,0.4063329,0.4390036,3.72336,0.4262997,0.3523829,3.719411,0.09171429,0.4513662,3.706146,0.04245995,0.112111,3.729124,0.03424899,-0.2515098,3.797223,0.2190764,0.4687876,3.694169,0.2478193,0.1127838,3.6196,0.27787,-0.2139143,3.519091,0.09775835,0.9650536,3.679753
72057594038042242,0,1.098967,106248.9,0.1566566,0.4602063,3.735673,0.07793767,1.156919,3.677252,-0.04191231,0.9100519,3.677684,-0.09541294,0.7067211,3.665702,-0.1276965,0.5119838,3.588094,-0.1385564,0.4473933,3.566049,0.2462626,0.9325882,3.652647,0.3146122,0.7030879,3.704374,0.4063329,0.4390036,3.72336,0.4262997,0.3523829,3.719411,0.09171429,0.4513662,3.706146,0.04245995,0.112111,3.729124,0.03424899,-0.2515098,3.797223,0.2190764,0.4687876,3.694169,0.2478193,0.1127838,3.6196,0.27787,-0.2139143,3.519091,0.09775835,0.9650536,3.679753
72057594038042242,0,1.098967,106248.9,0.1566566,0.4602063,3.735673,0.07793767,1.156919,3.677252,-0.04191231,0.9100519,3.677684,-0.09541294,0.7067211,3.665702,-0.1276965,0.5119838,3.588094,-0.1385564,0.4473933,3.566049,0.2462626,0.9325882,3.652647,0.3146122,0.7030879,3.704374,0.4063329,0.4390036,3.72336,0.4262997,0.3523829,3.719411,0.09171429,0.4513662,3.706146,0.04245995,0.112111,3.729124,0.03424899,-0.2515098,3.797223,0.2190764,0.4687876,3.694169,0.2478193,0.1127838,3.6196,0.27787,-0.2139143,3.519091,0.09775835,0.9650536,3.679753
72057594038042242,0,1.098967,106248.9,0.1566566,0.4602063,3.735673,0.07793767,1.156919,3.677252,-0.04191231,0.9100519,3.677684,-0.09541294,0.7067211,3.665702,-0.1276965,0.5119838,3.588094,-0.1385564,0.4473933,3.566049,0.2462626,0.9325882,3.652647,0.3146122,0.7030879,3.704374,0.4063329,0.4390036,3.72336,0.4262997,0.3523829,3.719411,0.09171429,0.4513662,3.706146,0.04245995,0.112111,3.729124,0.03424899,-0.2515098,3.797223,0.2190764,0.4687876,3.694169,0.2478193,0.1127838,3.6196,0.27787,-0.2139143,3.519091,0.09775835,0.9650536,3.679753
72057594038042242,0,1.098967,106248.9,0.1566566,0.4602063,3.735673,0.07793767,1.156919,3.677252,-0.04191231,0.9100519,3.677684,-0.09541294,0.7067211,3.665702,-0.1276965,0.5119838,3.588094,-0.1385564,0.4473933,3.566049,0.2462626,0.9325882,3.652647,0.3146122,0.7030879,3.704374,0.4063329,0.4390036,3.72336,0.4262997,0.3523829,3.719411,0.09171429,0.4513662,3.706146,0.04245995,0.112111,3.729124,0.03424899,-0.2515098,3.797223,0.2190764,0.4687876,3.694169,0.2478193,0.1127838,3.6196,0.27787,-0.2139143,3.519091,0.09775835,0.9650536,3.679753
72057594038042242,0,1.098967,106248.9,0.1566566,0.4602063,3.735673,0.07793767,1.156919,3.677252,-0.04191231,0.9100519,3.677684,-0.09541294,0.7067211,3.665702,-0.1276965,0.5119838,3.588094,-0.1385564,0.4473933,3.566049,0.2462626,0.9325882,3.652647,0.3146122,0.7030879,3.704374,0.4063329,0.4390036,3.72336,0.4262997,0.3523829,3.719411,0.09171429,0.4513662,3.706146,0.04245995,0.112111,3.729124,0.03424899,-0.2515098,3.797223,0.2190764,0.4687876,3.694169,0.2478193,0.1127838,3.6196,0.27787,-0.2139143,3.519091,0.09775835,0.9650536,3.679753
72057594038042242,0,1.098967,106248.9,0.1566566,0.4602063,3.735673,0.07793767,1.156919,3.677252,-0.04191231,0.9100519,3.677684,-0.09541294,0.7067211,3.665702,-0.1276965,0.5119838,3.588094,-0.1385564,0.4473933,3.566049,0.2462626,0.9325882,3.652647,0.3146122,0.7030879,3.704374,0.4063329,0.4390036,3.72336,0.4262997,0.3523829,3.719411,0.09171429,0.4513662,3.706146,0.04245995,0.112111,3.729124,0.03424899,-0.2515098,3.797223,0.2190764,0.4687876,3.694169,0.2478193,0.1127838,3.6196,0.27787,-0.2139143,3.519091,0.09775835,0.9650536,3.679753
72057594038042242,0,1.098967,106248.9,0.1566566,0.4602063,3.735673,0.07793767,1.156919,3.677252,-0.04191231,0.9100519,3.677684,-0.09541294,0.7067211,3.665702,-0.1276965,0.5119838,3.588094,-0.1385564,0.4473933,3.566049,0.2462626,0.9325882,3.652647,0.3146122,0.7030879,3.704374,0.4063329,0.4390036,3.72336,0.4262997,0.3523829,3.719411,0.09171429,0.4513662,3.706146,0.04245995,0.112111,3.729124,0.03424899,-0.2515098,3.797223,0.2190764,0.4687876,3.694169,0.2478193,0.1127838,3.6196,0.27787,-0.2139143,3.519091,0.09775835,0.9650536,3.679753
72057594038042242,0,1.098967,106248.9,0.1566566,0.4602063,3.735673,0.07793767,1.156919,3.677252,-0.04191231,0.9100519,3.677684,-0.09541294,0.7067211,3.665702,-0.1276965,0.5119838,3.588094,-0.1385564,0.4473933,3.566049,0.2462626,0.9325882,3.652647,0.3146122,0.7030879,3.704374,0.4063329,0.4390036,3.72336,0.4262997,0.3523829,3.719411,0.09171429,0.4513662,3.706146,0.04245995,0.112111,3.729124,0.03424899,-0.2515098,3.797223,0.2190764,0.4687876,3.694169,0.2478193,0.1127838,3.6196,0.27787,-0.2139143,3.519091,0.09775835,0.9650536,3.679753
72057594038042242,0,1.079698,106248.9,0.1568315,0.4602407,3.714456,0.09826717,1.162391,3.653706,-0.0225976,0.9121593,3.65038,-0.0848107,0.7125176,3.651595,-0.1086135,0.5153899,3.578803,-0.1166355,0.4500104,3.558366,0.2664833,0.9286664,3.631014,0.3429347,0.666518,3.676224,0.4165883,0.4049433,3.706699,0.4241345,0.3395675,3.694945,0.09116483,0.4511507,3.685704,0.04287076,0.1131566,3.711487,0.03286283,-0.2527173,3.794795,0.2197389,0.4682818,3.673224,0.2472016,0.134346,3.593766,0.2762093,-0.2084889,3.512957,0.1059353,0.9674383,3.663599
72057594038042242,0,1.079698,106248.9,0.1568315,0.4602407,3.714456,0.09826717,1.162391,3.653706,-0.0225976,0.9121593,3.65038,-0.0848107,0.7125176,3.651595,-0.1086135,0.5153899,3.578803,-0.1166355,0.4500104,3.558366,0.2664833,0.9286664,3.631014,0.3429347,0.666518,3.676224,0.4165883,0.4049433,3.706699,0.4241345,0.3395675,3.694945,0.09116483,0.4511507,3.685704,0.04287076,0.1131566,3.711487,0.03286283,-0.2527173,3.794795,0.2197389,0.4682818,3.673224,0.2472016,0.134346,3.593766,0.2762093,-0.2084889,3.512957,0.1059353,0.9674383,3.663599
72057594038042242,0,1.079698,106248.9,0.1568315,0.4602407,3.714456,0.09826717,1.162391,3.653706,-0.0225976,0.9121593,3.65038,-0.0848107,0.7125176,3.651595,-0.1086135,0.5153899,3.578803,-0.1166355,0.4500104,3.558366,0.2664833,0.9286664,3.631014,0.3429347,0.666518,3.676224,0.4165883,0.4049433,3.706699,0.4241345,0.3395675,3.694945,0.09116483,0.4511507,3.685704,0.04287076,0.1131566,3.711487,0.03286283,-0.2527173,3.794795,0.2197389,0.4682818,3.673224,0.2472016,0.134346,3.593766,0.2762093,-0.2084889,3.512957,0.1059353,0.9674383,3.663599
72057594038042242,0,1.079698,106248.9,0.1568315,0.4602407,3.714456,0.09826717,1.162391,3.653706,-0.0225976,0.9121593,3.65038,-0.0848107,0.7125176,3.651595,-0.1086135,0.5153899,3.578803,-0.1166355,0.4500104,3.558366,0.2664833,0.9286664,3.631014,0.3429347,0.666518,3.676224,0.4165883,0.4049433,3.706699,0.4241345,0.3395675,3.694945,0.09116483,0.4511507,3.685704,0.04287076,0.1131566,3.711487,0.03286283,-0.2527173,3.794795,0.2197389,0.4682818,3.673224,0.2472016,0.134346,3.593766,0.2762093,-0.2084889,3.512957,0.1059353,0.9674383,3.663599
72057594038042242,0,1.079698,106248.9,0.1568315,0.4602407,3.714456,0.09826717,1.162391,3.653706,-0.0225976,0.9121593,3.65038,-0.0848107,0.7125176,3.651595,-0.1086135,0.5153899,3.578803,-0.1166355,0.4500104,3.558366,0.2664833,0.9286664,3.631014,0.3429347,0.666518,3.676224,0.4165883,0.4049433,3.706699,0.4241345,0.3395675,3.694945,0.09116483,0.4511507,3.685704,0.04287076,0.1131566,3.711487,0.03286283,-0.2527173,3.794795,0.2197389,0.4682818,3.673224,0.2472016,0.134346,3.593766,0.2762093,-0.2084889,3.512957,0.1059353,0.9674383,3.663599
72057594038042242,0,1.079698,106248.9,0.1568315,0.4602407,3.714456,0.09826717,1.162391,3.653706,-0.0225976,0.9121593,3.65038,-0.0848107,0.7125176,3.651595,-0.1086135,0.5153899,3.578803,-0.1166355,0.4500104,3.558366,0.2664833,0.9286664,3.631014,0.3429347,0.666518,3.676224,0.4165883,0.4049433,3.706699,0.4241345,0.3395675,3.694945,0.09116483,0.4511507,3.685704,0.04287076,0.1131566,3.711487,0.03286283,-0.2527173,3.794795,0.2197389,0.4682818,3.673224,0.2472016,0.134346,3.593766,0.2762093,-0.2084889,3.512957,0.1059353,0.9674383,3.663599
72057594038042242,0,1.079698,106249,0.1568315,0.4602407,3.714456,0.09826717,1.162391,3.653706,-0.0225976,0.9121593,3.65038,-0.0848107,0.7125176,3.651595,-0.1086135,0.5153899,3.578803,-0.1166355,0.4500104,3.558366,0.2664833,0.9286664,3.631014,0.3429347,0.666518,3.676224,0.4165883,0.4049433,3.706699,0.4241345,0.3395675,3.694945,0.09116483,0.4511507,3.685704,0.04287076,0.1131566,3.711487,0.03286283,-0.2527173,3.794795,0.2197389,0.4682818,3.673224,0.2472016,0.134346,3.593766,0.2762093,-0.2084889,3.512957,0.1059353,0.9674383,3.663599
72057594038042242,0,1.079698,106249,0.1568315,0.4602407,3.714456,0.09826717,1.162391,3.653706,-0.0225976,0.9121593,3.65038,-0.0848107,0.7125176,3.651595,-0.1086135,0.5153899,3.578803,-0.1166355,0.4500104,3.558366,0.2664833,0.9286664,3.631014,0.3429347,0.666518,3.676224,0.4165883,0.4049433,3.706699,0.4241345,0.3395675,3.694945,0.09116483,0.4511507,3.685704,0.04287076,0.1131566,3.711487,0.03286283,-0.2527173,3.794795,0.2197389,0.4682818,3.673224,0.2472016,0.134346,3.593766,0.2762093,-0.2084889,3.512957,0.1059353,0.9674383,3.663599
72057594038042242,0,1.079698,106249,0.1568315,0.4602407,3.714456,0.09826717,1.162391,3.653706,-0.0225976,0.9121593,3.65038,-0.0848107,0.7125176,3.651595,-0.1086135,0.5153899,3.578803,-0.1166355,0.4500104,3.558366,0.2664833,0.9286664,3.631014,0.3429347,0.666518,3.676224,0.4165883,0.4049433,3.706699,0.4241345,0.3395675,3.694945,0.09116483,0.4511507,3.685704,0.04287076,0.1131566,3.711487,0.03286283,-0.2527173,3.794795,0.2197389,0.4682818,3.673224,0.2472016,0.134346,3.593766,0.2762093,-0.2084889,3.512957,0.1059353,0.9674383,3.663599
72057594038042242,0,1.079698,106249,0.1568315,0.4602407,3.714456,0.09826717,1.162391,3.653706,-0.0225976,0.9121593,3.65038,-0.0848107,0.7125176,3.651595,-0.1086135,0.5153899,3.578803,-0.1166355,0.4500104,3.558366,0.2664833,0.9286664,3.631014,0.3429347,0.666518,3.676224,0.4165883,0.4049433,3.706699,0.4241345,0.3395675,3.694945,0.09116483,0.4511507,3.685704,0.04287076,0.1131566,3.711487,0.03286283,-0.2527173,3.794795,0.2197389,0.4682818,3.673224,0.2472016,0.134346,3.593766,0.2762093,-0.2084889,3.512957,0.1059353,0.9674383,3.663599
72057594038042242,0,1.079698,106249,0.1568315,0.4602407,3.714456,0.09826717,1.162391,3.653706,-0.0225976,0.9121593,3.65038,-0.0848107,0.7125176,3.651595,-0.1086135,0.5153899,3.578803,-0.1166355,0.4500104,3.558366,0.2664833,0.9286664,3.631014,0.3429347,0.666518,3.676224,0.4165883,0.4049433,3.706699,0.4241345,0.3395675,3.694945,0.09116483,0.4511507,3.685704,0.04287076,0.1131566,3.711487,0.03286283,-0.2527173,3.794795,0.2197389,0.4682818,3.673224,0.2472016,0.134346,3.593766,0.2762093,-0.2084889,3.512957,0.1059353,0.9674383,3.663599
72057594038042242,0,1.057591,106249,0.1601699,0.456418,3.687727,0.1121567,1.164512,3.638401,-0.01517746,0.9147636,3.638944,-0.07209639,0.7142819,3.638525,-0.1041777,0.5185853,3.567927,-0.1149469,0.4536861,3.548221,0.2771425,0.9282705,3.614883,0.3431759,0.7013373,3.653053,0.4096712,0.4327673,3.681299,0.4211805,0.351389,3.672803,0.09534379,0.4454495,3.659794,0.04923301,0.1195944,3.684944,0.03210495,-0.2528647,3.792889,0.2220808,0.4660782,3.645139,0.2564366,0.1269814,3.571831,0.2713229,-0.2027236,3.497383,0.1228415,0.9719211,3.643702
72057594038042242,0,1.057591,106249,0.1601699,0.456418,3.687727,0.1121567,1.164512,3.638401,-0.01517746,0.9147636,3.638944,-0.07209639,0.7142819,3.638525,-0.1041777,0.5185853,3.567927,-0.1149469,0.4536861,3.548221,0.2771425,0.9282705,3.614883,0.3431759,0.7013373,3.653053,0.4096712,0.4327673,3.681299,0.4211805,0.351389,3.672803,0.09534379,0.4454495,3.659794,0.04923301,0.1195944,3.684944,0.03210495,-0.2528647,3.792889,0.2220808,0.4660782,3.645139,0.2564366,0.1269814,3.571831,0.2713229,-0.2027236,3.497383,0.1228415,0.9719211,3.643702
72057594038042242,0,1.057591,106249,0.1601699,0.456418,3.687727,0.1121567,1.164512,3.638401,-0.01517746,0.9147636,3.638944,-0.07209639,0.7142819,3.638525,-0.1041777,0.5185853,3.567927,-0.1149469,0.4536861,3.548221,0.2771425,0.9282705,3.614883,0.3431759,0.7013373,3.653053,0.4096712,0.4327673,3.681299,0.4211805,0.351389,3.672803,0.09534379,0.4454495,3.659794,0.04923301,0.1195944,3.684944,0.03210495,-0.2528647,3.792889,0.2220808,0.4660782,3.645139,0.2564366,0.1269814,3.571831,0.2713229,-0.2027236,3.497383,0.1228415,0.9719211,3.643702
72057594038042242,0,1.057591,106249,0.1601699,0.456418,3.687727,0.1121567,1.164512,3.638401,-0.01517746,0.9147636,3.638944,-0.07209639,0.7142819,3.638525,-0.1041777,0.5185853,3.567927,-0.1149469,0.4536861,3.548221,0.2771425,0.9282705,3.614883,0.3431759,0.7013373,3.653053,0.4096712,0.4327673,3.681299,0.4211805,0.351389,3.672803,0.09534379,0.4454495,3.659794,0.04923301,0.1195944,3.684944,0.03210495,-0.2528647,3.792889,0.2220808,0.4660782,3.645139,0.2564366,0.1269814,3.571831,0.2713229,-0.2027236,3.497383,0.1228415,0.9719211,3.643702
72057594038042242,0,1.057591,106249,0.1601699,0.456418,3.687727,0.1121567,1.164512,3.638401,-0.01517746,0.9147636,3.638944,-0.07209639,0.7142819,3.638525,-0.1041777,0.5185853,3.567927,-0.1149469,0.4536861,3.548221,0.2771425,0.9282705,3.614883,0.3431759,0.7013373,3.653053,0.4096712,0.4327673,3.681299,0.4211805,0.351389,3.672803,0.09534379,0.4454495,3.659794,0.04923301,0.1195944,3.684944,0.03210495,-0.2528647,3.792889,0.2220808,0.4660782,3.645139,0.2564366,0.1269814,3.571831,0.2713229,-0.2027236,3.497383,0.1228415,0.9719211,3.643702
72057594038042242,0,1.057591,106249,0.1601699,0.456418,3.687727,0.1121567,1.164512,3.638401,-0.01517746,0.9147636,3.638944,-0.07209639,0.7142819,3.638525,-0.1041777,0.5185853,3.567927,-0.1149469,0.4536861,3.548221,0.2771425,0.9282705,3.614883,0.3431759,0.7013373,3.653053,0.4096712,0.4327673,3.681299,0.4211805,0.351389,3.672803,0.09534379,0.4454495,3.659794,0.04923301,0.1195944,3.684944,0.03210495,-0.2528647,3.792889,0.2220808,0.4660782,3.645139,0.2564366,0.1269814,3.571831,0.2713229,-0.2027236,3.497383,0.1228415,0.9719211,3.643702
72057594038042242,0,1.057591,106249,0.1601699,0.456418,3.687727,0.1121567,1.164512,3.638401,-0.01517746,0.9147636,3.638944,-0.07209639,0.7142819,3.638525,-0.1041777,0.5185853,3.567927,-0.1149469,0.4536861,3.548221,0.2771425,0.9282705,3.614883,0.3431759,0.7013373,3.653053,0.4096712,0.4327673,3.681299,0.4211805,0.351389,3.672803,0.09534379,0.4454495,3.659794,0.04923301,0.1195944,3.684944,0.03210495,-0.2528647,3.792889,0.2220808,0.4660782,3.645139,0.2564366,0.1269814,3.571831,0.2713229,-0.2027236,3.497383,0.1228415,0.9719211,3.643702
72057594038042242,0,1.057591,106249,0.1601699,0.456418,3.687727,0.1121567,1.164512,3.638401,-0.01517746,0.9147636,3.638944,-0.07209639,0.7142819,3.638525,-0.1041777,0.5185853,3.567927,-0.1149469,0.4536861,3.548221,0.2771425,0.9282705,3.614883,0.3431759,0.7013373,3.653053,0.4096712,0.4327673,3.681299,0.4211805,0.351389,3.672803,0.09534379,0.4454495,3.659794,0.04923301,0.1195944,3.684944,0.03210495,-0.2528647,3.792889,0.2220808,0.4660782,3.645139,0.2564366,0.1269814,3.571831,0.2713229,-0.2027236,3.497383,0.1228415,0.9719211,3.643702
72057594038042242,0,1.057591,106249,0.1601699,0.456418,3.687727,0.1121567,1.164512,3.638401,-0.01517746,0.9147636,3.638944,-0.07209639,0.7142819,3.638525,-0.1041777,0.5185853,3.567927,-0.1149469,0.4536861,3.548221,0.2771425,0.9282705,3.614883,0.3431759,0.7013373,3.653053,0.4096712,0.4327673,3.681299,0.4211805,0.351389,3.672803,0.09534379,0.4454495,3.659794,0.04923301,0.1195944,3.684944,0.03210495,-0.2528647,3.792889,0.2220808,0.4660782,3.645139,0.2564366,0.1269814,3.571831,0.2713229,-0.2027236,3.497383,0.1228415,0.9719211,3.643702
72057594038042242,0,1.057591,106249,0.1601699,0.456418,3.687727,0.1121567,1.164512,3.638401,-0.01517746,0.9147636,3.638944,-0.07209639,0.7142819,3.638525,-0.1041777,0.5185853,3.567927,-0.1149469,0.4536861,3.548221,0.2771425,0.9282705,3.614883,0.3431759,0.7013373,3.653053,0.4096712,0.4327673,3.681299,0.4211805,0.351389,3.672803,0.09534379,0.4454495,3.659794,0.04923301,0.1195944,3.684944,0.03210495,-0.2528647,3.792889,0.2220808,0.4660782,3.645139,0.2564366,0.1269814,3.571831,0.2713229,-0.2027236,3.497383,0.1228415,0.9719211,3.643702
72057594038042242,0,1.037564,106249,0.1722665,0.4569966,3.663324,0.1368452,1.168276,3.619323,0.006611664,0.9230012,3.612237,-0.05854698,0.7271311,3.626661,-0.08136085,0.528962,3.560949,-0.08902664,0.4632531,3.54287,0.2882591,0.9261528,3.585277,0.3642932,0.6723027,3.635382,0.4116682,0.4079092,3.633506,0.4201994,0.3336453,3.636611,0.1069142,0.4463362,3.635907,0.05013877,0.1182789,3.668681,0.03552521,-0.2534335,3.779878,0.2343294,0.4662401,3.620655,0.2561087,0.1305268,3.554973,0.2708688,-0.2024791,3.496298,0.1403928,0.977258,3.623332
72057594038042242,0,1.037564,106249,0.1722665,0.4569966,3.663324,0.1368452,1.168276,3.619323,0.006611664,0.9230012,3.612237,-0.05854698,0.7271311,3.626661,-0.08136085,0.528962,3.560949,-0.08902664,0.4632531,3.54287,0.2882591,0.9261528,3.585277,0.3642932,0.6723027,3.635382,0.4116682,0.4079092,3.633506,0.4201994,0.3336453,3.636611,0.1069142,0.4463362,3.635907,0.05013877,0.1182789,3.668681,0.03552521,-0.2534335,3.779878,0.2343294,0.4662401,3.620655,0.2561087,0.1305268,3.554973,0.2708688,-0.2024791,3.496298,0.1403928,0.977258,3.623332
72057594038042242,0,1.037564,106249,0.1722665,0.4569966,3.663324,0.1368452,1.168276,3.619323,0.006611664,0.9230012,3.612237,-0.05854698,0.7271311,3.626661,-0.08136085,0.528962,3.560949,-0.08902664,0.4632531,3.54287,0.2882591,0.9261528,3.585277,0.3642932,0.6723027,3.635382,0.4116682,0.4079092,3.633506,0.4201994,0.3336453,3.636611,0.1069142,0.4463362,3.635907,0.05013877,0.1182789,3.668681,0.03552521,-0.2534335,3.779878,0.2343294,0.4662401,3.620655,0.2561087,0.1305268,3.554973,0.2708688,-0.2024791,3.496298,0.1403928,0.977258,3.623332
72057594038042242,0,1.037564,106249,0.1722665,0.4569966,3.663324,0.1368452,1.168276,3.619323,0.006611664,0.9230012,3.612237,-0.05854698,0.7271311,3.626661,-0.08136085,0.528962,3.560949,-0.08902664,0.4632531,3.54287,0.2882591,0.9261528,3.585277,0.3642932,0.6723027,3.635382,0.4116682,0.4079092,3.633506,0.4201994,0.3336453,3.636611,0.1069142,0.4463362,3.635907,0.05013877,0.1182789,3.668681,0.03552521,-0.2534335,3.779878,0.2343294,0.4662401,3.620655,0.2561087,0.1305268,3.554973,0.2708688,-0.2024791,3.496298,0.1403928,0.977258,3.623332
72057594038042242,0,1.037564,106249,0.1722665,0.4569966,3.663324,0.1368452,1.168276,3.619323,0.006611664,0.9230012,3.612237,-0.05854698,0.7271311,3.626661,-0.08136085,0.528962,3.560949,-0.08902664,0.4632531,3.54287,0.2882591,0.9261528,3.585277,0.3642932,0.6723027,3.635382,0.4116682,0.4079092,3.633506,0.4201994,0.3336453,3.636611,0.1069142,0.4463362,3.635907,0.05013877,0.1182789,3.668681,0.03552521,-0.2534335,3.779878,0.2343294,0.4662401,3.620655,0.2561087,0.1305268,3.554973,0.2708688,-0.2024791,3.496298,0.1403928,0.977258,3.623332
72057594038042242,0,1.037564,106249,0.1722665,0.4569966,3.663324,0.1368452,1.168276,3.619323,0.006611664,0.9230012,3.612237,-0.05854698,0.7271311,3.626661,-0.08136085,0.528962,3.560949,-0.08902664,0.4632531,3.54287,0.2882591,0.9261528,3.585277,0.3642932,0.6723027,3.635382,0.4116682,0.4079092,3.633506,0.4201994,0.3336453,3.636611,0.1069142,0.4463362,3.635907,0.05013877,0.1182789,3.668681,0.03552521,-0.2534335,3.779878,0.2343294,0.4662401,3.620655,0.2561087,0.1305268,3.554973,0.2708688,-0.2024791,3.496298,0.1403928,0.977258,3.623332
72057594038042242,0,1.037564,106249,0.1722665,0.4569966,3.663324,0.1368452,1.168276,3.619323,0.006611664,0.9230012,3.612237,-0.05854698,0.7271311,3.626661,-0.08136085,0.528962,3.560949,-0.08902664,0.4632531,3.54287,0.2882591,0.9261528,3.585277,0.3642932,0.6723027,3.635382,0.4116682,0.4079092,3.633506,0.4201994,0.3336453,3.636611,0.1069142,0.4463362,3.635907,0.05013877,0.1182789,3.668681,0.03552521,-0.2534335,3.779878,0.2343294,0.4662401,3.620655,0.2561087,0.1305268,3.554973,0.2708688,-0.2024791,3.496298,0.1403928,0.977258,3.623332
72057594038042242,0,1.037564,106249,0.1722665,0.4569966,3.663324,0.1368452,1.168276,3.619323,0.006611664,0.9230012,3.612237,-0.05854698,0.7271311,3.626661,-0.08136085,0.528962,3.560949,-0.08902664,0.4632531,3.54287,0.2882591,0.9261528,3.585277,0.3642932,0.6723027,3.635382,0.4116682,0.4079092,3.633506,0.4201994,0.3336453,3.636611,0.1069142,0.4463362,3.635907,0.05013877,0.1182789,3.668681,0.03552521,-0.2534335,3.779878,0.2343294,0.4662401,3.620655,0.2561087,0.1305268,3.554973,0.2708688,-0.2024791,3.496298,0.1403928,0.977258,3.623332
72057594038042242,0,1.037564,106249,0.1722665,0.4569966,3.663324,0.1368452,1.168276,3.619323,0.006611664,0.9230012,3.612237,-0.05854698,0.7271311,3.626661,-0.08136085,0.528962,3.560949,-0.08902664,0.4632531,3.54287,0.2882591,0.9261528,3.585277,0.3642932,0.6723027,3.635382,0.4116682,0.4079092,3.633506,0.4201994,0.3336453,3.636611,0.1069142,0.4463362,3.635907,0.05013877,0.1182789,3.668681,0.03552521,-0.2534335,3.779878,0.2343294,0.4662401,3.620655,0.2561087,0.1305268,3.554973,0.2708688,-0.2024791,3.496298,0.1403928,0.977258,3.623332
72057594038042242,0,1.037564,106249,0.1722665,0.4569966,3.663324,0.1368452,1.168276,3.619323,0.006611664,0.9230012,3.612237,-0.05854698,0.7271311,3.626661,-0.08136085,0.528962,3.560949,-0.08902664,0.4632531,3.54287,0.2882591,0.9261528,3.585277,0.3642932,0.6723027,3.635382,0.4116682,0.4079092,3.633506,0.4201994,0.3336453,3.636611,0.1069142,0.4463362,3.635907,0.05013877,0.1182789,3.668681,0.03552521,-0.2534335,3.779878,0.2343294,0.4662401,3.620655,0.2561087,0.1305268,3.554973,0.2708688,-0.2024791,3.496298,0.1403928,0.977258,3.623332
72057594038042242,0,1.018679,106249,0.1817618,0.4574609,3.640352,0.1572074,1.174424,3.599904,0.01453489,0.9225174,3.598295,-0.04142929,0.6939386,3.592351,-0.08020279,0.4939372,3.544047,-0.08518177,0.4419339,3.516927,0.2984094,0.9275772,3.571763,0.3675277,0.6647962,3.620473,0.4115838,0.409383,3.627163,0.419797,0.3335842,3.61587,0.1186801,0.4479512,3.608314,0.05351714,0.1136909,3.633813,0.03221999,-0.2518568,3.769747,0.2417104,0.4657239,3.601704,0.2675735,0.1400215,3.524204,0.2692278,-0.2067677,3.478503,0.1558618,0.9815628,3.602236
72057594038042242,0,1.018679,106249,0.1817618,0.4574609,3.640352,0.1572074,1.174424,3.599904,0.01453489,0.9225174,3.598295,-0.04142929,0.6939386,3.592351,-0.08020279,0.4939372,3.544047,-0.08518177,0.4419339,3.516927,0.2984094,0.9275772,3.571763,0.3675277,0.6647962,3.620473,0.4115838,0.409383,3.627163,0.419797,0.3335842,3.61587,0.1186801,0.4479512,3.608314,0.05351714,0.1136909,3.633813,0.03221999,-0.2518568,3.769747,0.2417104,0.4657239,3.601704,0.2675735,0.1400215,3.524204,0.2692278,-0.2067677,3.478503,0.1558618,0.9815628,3.602236
72057594038042242,0,1.018679,106249,0.1817618,0.4574609,3.640352,0.1572074,1.174424,3.599904,0.01453489,0.9225174,3.598295,-0.04142929,0.6939386,3.592351,-0.08020279,0.4939372,3.544047,-0.08518177,0.4419339,3.516927,0.2984094,0.9275772,3.571763,0.3675277,0.6647962,3.620473,0.4115838,0.409383,3.627163,0.419797,0.3335842,3.61587,0.1186801,0.4479512,3.608314,0.05351714,0.1136909,3.633813,0.03221999,-0.2518568,3.769747,0.2417104,0.4657239,3.601704,0.2675735,0.1400215,3.524204,0.2692278,-0.2067677,3.478503,0.1558618,0.9815628,3.602236
72057594038042242,0,1.018679,106249,0.1817618,0.4574609,3.640352,0.1572074,1.174424,3.599904,0.01453489,0.9225174,3.598295,-0.04142929,0.6939386,3.592351,-0.08020279,0.4939372,3.544047,-0.08518177,0.4419339,3.516927,0.2984094,0.9275772,3.571763,0.3675277,0.6647962,3.620473,0.4115838,0.409383,3.627163,0.419797,0.3335842,3.61587,0.1186801,0.4479512,3.608314,0.05351714,0.1136909,3.633813,0.03221999,-0.2518568,3.769747,0.2417104,0.4657239,3.601704,0.2675735,0.1400215,3.524204,0.2692278,-0.2067677,3.478503,0.1558618,0.9815628,3.602236
72057594038042242,0,1.018679,106249,0.1817618,0.4574609,3.640352,0.1572074,1.174424,3.599904,0.01453489,0.9225174,3.598295,-0.04142929,0.6939386,3.592351,-0.08020279,0.4939372,3.544047,-0.08518177,0.4419339,3.516927,0.2984094,0.9275772,3.571763,0.3675277,0.6647962,3.620473,0.4115838,0.409383,3.627163,0.419797,0.3335842,3.61587,0.1186801,0.4479512,3.608314,0.05351714,0.1136909,3.633813,0.03221999,-0.2518568,3.769747,0.2417104,0.4657239,3.601704,0.2675735,0.1400215,3.524204,0.2692278,-0.2067677,3.478503,0.1558618,0.9815628,3.602236
72057594038042242,0,1.018679,106249,0.1817618,0.4574609,3.640352,0.1572074,1.174424,3.599904,0.01453489,0.9225174,3.598295,-0.04142929,0.6939386,3.592351,-0.08020279,0.4939372,3.544047,-0.08518177,0.4419339,3.516927,0.2984094,0.9275772,3.571763,0.3675277,0.6647962,3.620473,0.4115838,0.409383,3.627163,0.419797,0.3335842,3.61587,0.1186801,0.4479512,3.608314,0.05351714,0.1136909,3.633813,0.03221999,-0.2518568,3.769747,0.2417104,0.4657239,3.601704,0.2675735,0.1400215,3.524204,0.2692278,-0.2067677,3.478503,0.1558618,0.9815628,3.602236
72057594038042242,0,1.018679,106249,0.1817618,0.4574609,3.640352,0.1572074,1.174424,3.599904,0.01453489,0.9225174,3.598295,-0.04142929,0.6939386,3.592351,-0.08020279,0.4939372,3.544047,-0.08518177,0.4419339,3.516927,0.2984094,0.9275772,3.571763,0.3675277,0.6647962,3.620473,0.4115838,0.409383,3.627163,0.419797,0.3335842,3.61587,0.1186801,0.4479512,3.608314,0.05351714,0.1136909,3.633813,0.03221999,-0.2518568,3.769747,0.2417104,0.4657239,3.601704,0.2675735,0.1400215,3.524204,0.2692278,-0.2067677,3.478503,0.1558618,0.9815628,3.602236
72057594038042242,0,1.018679,106249.1,0.1817618,0.4574609,3.640352,0.1572074,1.174424,3.599904,0.01453489,0.9225174,3.598295,-0.04142929,0.6939386,3.592351,-0.08020279,0.4939372,3.544047,-0.08518177,0.4419339,3.516927,0.2984094,0.9275772,3.571763,0.3675277,0.6647962,3.620473,0.4115838,0.409383,3.627163,0.419797,0.3335842,3.61587,0.1186801,0.4479512,3.608314,0.05351714,0.1136909,3.633813,0.03221999,-0.2518568,3.769747,0.2417104,0.4657239,3.601704,0.2675735,0.1400215,3.524204,0.2692278,-0.2067677,3.478503,0.1558618,0.9815628,3.602236
72057594038042242,0,1.018679,106249.1,0.1817618,0.4574609,3.640352,0.1572074,1.174424,3.599904,0.01453489,0.9225174,3.598295,-0.04142929,0.6939386,3.592351,-0.08020279,0.4939372,3.544047,-0.08518177,0.4419339,3.516927,0.2984094,0.9275772,3.571763,0.3675277,0.6647962,3.620473,0.4115838,0.409383,3.627163,0.419797,0.3335842,3.61587,0.1186801,0.4479512,3.608314,0.05351714,0.1136909,3.633813,0.03221999,-0.2518568,3.769747,0.2417104,0.4657239,3.601704,0.2675735,0.1400215,3.524204,0.2692278,-0.2067677,3.478503,0.1558618,0.9815628,3.602236
72057594038042242,0,1.018679,106249.1,0.1817618,0.4574609,3.640352,0.1572074,1.174424,3.599904,0.01453489,0.9225174,3.598295,-0.04142929,0.6939386,3.592351,-0.08020279,0.4939372,3.544047,-0.08518177,0.4419339,3.516927,0.2984094,0.9275772,3.571763,0.3675277,0.6647962,3.620473,0.4115838,0.409383,3.627163,0.419797,0.3335842,3.61587,0.1186801,0.4479512,3.608314,0.05351714,0.1136909,3.633813,0.03221999,-0.2518568,3.769747,0.2417104,0.4657239,3.601704,0.2675735,0.1400215,3.524204,0.2692278,-0.2067677,3.478503,0.1558618,0.9815628,3.602236
72057594038042242,0,1.018679,106249.1,0.1817618,0.4574609,3.640352,0.1572074,1.174424,3.599904,0.01453489,0.9225174,3.598295,-0.04142929,0.6939386,3.592351,-0.08020279,0.4939372,3.544047,-0.08518177,0.4419339,3.516927,0.2984094,0.9275772,3.571763,0.3675277,0.6647962,3.620473,0.4115838,0.409383,3.627163,0.419797,0.3335842,3.61587,0.1186801,0.4479512,3.608314,0.05351714,0.1136909,3.633813,0.03221999,-0.2518568,3.769747,0.2417104,0.4657239,3.601704,0.2675735,0.1400215,3.524204,0.2692278,-0.2067677,3.478503,0.1558618,0.9815628,3.602236
72057594038042242,0,1.018679,106249.1,0.1817618,0.4574609,3.640352,0.1572074,1.174424,3.599904,0.01453489,0.9225174,3.598295,-0.04142929,0.6939386,3.592351,-0.08020279,0.4939372,3.544047,-0.08518177,0.4419339,3.516927,0.2984094,0.9275772,3.571763,0.3675277,0.6647962,3.620473,0.4115838,0.409383,3.627163,0.419797,0.3335842,3.61587,0.1186801,0.4479512,3.608314,0.05351714,0.1136909,3.633813,0.03221999,-0.2518568,3.769747,0.2417104,0.4657239,3.601704,0.2675735,0.1400215,3.524204,0.2692278,-0.2067677,3.478503,0.1558618,0.9815628,3.602236
72057594038042242,0,0.9948953,106249.1,0.190189,0.4608569,3.613185,0.1722521,1.180734,3.585441,0.0345688,0.9299918,3.576162,-0.03372851,0.6856177,3.584107,-0.04349991,0.4850172,3.520248,-0.04679254,0.4184593,3.502789,0.3176341,0.9305966,3.551262,0.3730295,0.6606441,3.596275,0.4146216,0.3999472,3.594476,0.4182455,0.3264075,3.590238,0.1267354,0.4527887,3.583299,0.06028563,0.1271155,3.582275,0.03234545,-0.251043,3.750213,0.2500202,0.4673139,3.573008,0.2742794,0.1484052,3.513005,0.2692708,-0.2071671,3.478103,0.1730026,0.9842507,3.586369
72057594038042242,0,0.9948953,106249.1,0.190189,0.4608569,3.613185,0.1722521,1.180734,3.585441,0.0345688,0.9299918,3.576162,-0.03372851,0.6856177,3.584107,-0.04349991,0.4850172,3.520248,-0.04679254,0.4184593,3.502789,0.3176341,0.9305966,3.551262,0.3730295,0.6606441,3.596275,0.4146216,0.3999472,3.594476,0.4182455,0.3264075,3.590238,0.1267354,0.4527887,3.583299,0.06028563,0.1271155,3.582275,0.03234545,-0.251043,3.750213,0.2500202,0.4673139,3.573008,0.2742794,0.1484052,3.513005,0.2692708,-0.2071671,3.478103,0.1730026,0.9842507,3.586369
72057594038042242,0,0.9948953,106249.1,0.190189,0.4608569,3.613185,0.1722521,1.180734,3.585441,0.0345688,0.9299918,3.576162,-0.03372851,0.6856177,3.584107,-0.04349991,0.4850172,3.520248,-0.04679254,0.4184593,3.502789,0.3176341,0.9305966,3.551262,0.3730295,0.6606441,3.596275,0.4146216,0.3999472,3.594476,0.4182455,0.3264075,3.590238,0.1267354,0.4527887,3.583299,0.06028563,0.1271155,3.582275,0.03234545,-0.251043,3.750213,0.2500202,0.4673139,3.573008,0.2742794,0.1484052,3.513005,0.2692708,-0.2071671,3.478103,0.1730026,0.9842507,3.586369
72057594038042242,0,0.9948953,106249.1,0.190189,0.4608569,3.613185,0.1722521,1.180734,3.585441,0.0345688,0.9299918,3.576162,-0.03372851,0.6856177,3.584107,-0.04349991,0.4850172,3.520248,-0.04679254,0.4184593,3.502789,0.3176341,0.9305966,3.551262,0.3730295,0.6606441,3.596275,0.4146216,0.3999472,3.594476,0.4182455,0.3264075,3.590238,0.1267354,0.4527887,3.583299,0.06028563,0.1271155,3.582275,0.03234545,-0.251043,3.750213,0.2500202,0.4673139,3.573008,0.2742794,0.1484052,3.513005,0.2692708,-0.2071671,3.478103,0.1730026,0.9842507,3.586369
72057594038042242,0,0.9948953,106249.1,0.190189,0.4608569,3.613185,0.1722521,1.180734,3.585441,0.0345688,0.9299918,3.576162,-0.03372851,0.6856177,3.584107,-0.04349991,0.4850172,3.520248,-0.04679254,0.4184593,3.502789,0.3176341,0.9305966,3.551262,0.3730295,0.6606441,3.596275,0.4146216,0.3999472,3.594476,0.4182455,0.3264075,3.590238,0.1267354,0.4527887,3.583299,0.06028563,0.1271155,3.582275,0.03234545,-0.251043,3.750213,0.2500202,0.4673139,3.573008,0.2742794,0.1484052,3.513005,0.2692708,-0.2071671,3.478103,0.1730026,0.9842507,3.586369
72057594038042242,0,0.9948953,106249.1,0.190189,0.4608569,3.613185,0.1722521,1.180734,3.585441,0.0345688,0.9299918,3.576162,-0.03372851,0.6856177,3.584107,-0.04349991,0.4850172,3.520248,-0.04679254,0.4184593,3.502789,0.3176341,0.9305966,3.551262,0.3730295,0.6606441,3.596275,0.4146216,0.3999472,3.594476,0.4182455,0.3264075,3.590238,0.1267354,0.4527887,3.583299,0.06028563,0.1271155,3.582275,0.03234545,-0.251043,3.750213,0.2500202,0.4673139,3.573008,0.2742794,0.1484052,3.513005,0.2692708,-0.2071671,3.478103,0.1730026,0.9842507,3.586369
72057594038042242,0,0.9948953,106249.1,0.190189,0.4608569,3.613185,0.1722521,1.180734,3.585441,0.0345688,0.9299918,3.576162,-0.03372851,0.6856177,3.584107,-0.04349991,0.4850172,3.520248,-0.04679254,0.4184593,3.502789,0.3176341,0.9305966,3.551262,0.3730295,0.6606441,3.596275,0.4146216,0.3999472,3.594476,0.4182455,0.3264075,3.590238,0.1267354,0.4527887,3.583299,0.06028563,0.1271155,3.582275,0.03234545,-0.251043,3.750213,0.2500202,0.4673139,3.573008,0.2742794,0.1484052,3.513005,0.2692708,-0.2071671,3.478103,0.1730026,0.9842507,3.586369
72057594038042242,0,0.9948953,106249.1,0.190189,0.4608569,3.613185,0.1722521,1.180734,3.585441,0.0345688,0.9299918,3.576162,-0.03372851,0.6856177,3.584107,-0.04349991,0.4850172,3.520248,-0.04679254,0.4184593,3.502789,0.3176341,0.9305966,3.551262,0.3730295,0.6606441,3.596275,0.4146216,0.3999472,3.594476,0.4182455,0.3264075,3.590238,0.1267354,0.4527887,3.583299,0.06028563,0.1271155,3.582275,0.03234545,-0.251043,3.750213,0.2500202,0.4673139,3.573008,0.2742794,0.1484052,3.513005,0.2692708,-0.2071671,3.478103,0.1730026,0.9842507,3.586369
72057594038042242,0,0.9948953,106249.1,0.190189,0.4608569,3.613185,0.1722521,1.180734,3.585441,0.0345688,0.9299918,3.576162,-0.03372851,0.6856177,3.584107,-0.04349991,0.4850172,3.520248,-0.04679254,0.4184593,3.502789,0.3176341,0.9305966,3.551262,0.3730295,0.6606441,3.596275,0.4146216,0.3999472,3.594476,0.4182455,0.3264075,3.590238,0.1267354,0.4527887,3.583299,0.06028563,0.1271155,3.582275,0.03234545,-0.251043,3.750213,0.2500202,0.4673139,3.573008,0.2742794,0.1484052,3.513005,0.2692708,-0.2071671,3.478103,0.1730026,0.9842507,3.586369
72057594038042242,0,0.9692154,106249.1,0.2015277,0.4650666,3.583207,0.1876442,1.183408,3.574824,0.04689086,0.9304219,3.557797,-0.02426905,0.6750495,3.572605,-0.03277422,0.469739,3.527242,-0.03563483,0.4016038,3.515949,0.3348902,0.9319699,3.536031,0.3850063,0.6622484,3.573886,0.4177794,0.4099518,3.57701,0.4213092,0.3341904,3.559784,0.1372185,0.4584769,3.551719,0.06811488,0.1401763,3.533453,0.03224701,-0.2320933,3.726117,0.2620212,0.4700993,3.54434,0.2805927,0.1541166,3.502171,0.2696283,-0.2070796,3.476991,0.1931797,0.9879874,3.564795
72057594038042242,0,0.9692154,106249.1,0.2015277,0.4650666,3.583207,0.1876442,1.183408,3.574824,0.04689086,0.9304219,3.557797,-0.02426905,0.6750495,3.572605,-0.03277422,0.469739,3.527242,-0.03563483,0.4016038,3.515949,0.3348902,0.9319699,3.536031,0.3850063,0.6622484,3.573886,0.4177794,0.4099518,3.57701,0.4213092,0.3341904,3.559784,0.1372185,0.4584769,3.551719,0.06811488,0.1401763,3.533453,0.03224701,-0.2320933,3.726117,0.2620212,0.4700993,3.54434,0.2805927,0.1541166,3.502171,0.2696283,-0.2070796,3.476991,0.1931797,0.9879874,3.564795
72057594038042242,0,0.9692154,106249.1,0.2015277,0.4650666,3.583207,0.1876442,1.183408,3.574824,0.04689086,0.9304219,3.557797,-0.02426905,0.6750495,3.572605,-0.03277422,0.469739,3.527242,-0.03563483,0.4016038,3.515949,0.3348902,0.9319699,3.536031,0.3850063,0.6622484,3.573886,0.4177794,0.4099518,3.57701,0.4213092,0.3341904,3.559784,0.1372185,0.4584769,3.551719,0.06811488,0.1401763,3.533453,0.03224701,-0.2320933,3.726117,0.2620212,0.4700993,3.54434,0.2805927,0.1541166,3.502171,0.2696283,-0.2070796,3.476991,0.1931797,0.9879874,3.564795
72057594038042242,0,0.9692154,106249.1,0.2015277,0.4650666,3.583207,0.1876442,1.183408,3.574824,0.04689086,0.9304219,3.557797,-0.02426905,0.6750495,3.572605,-0.03277422,0.469739,3.527242,-0.03563483,0.4016038,3.515949,0.3348902,0.9319699,3.536031,0.3850063,0.6622484,3.573886,0.4177794,0.4099518,3.57701,0.4213092,0.3341904,3.559784,0.1372185,0.4584769,3.551719,0.06811488,0.1401763,3.533453,0.03224701,-0.2320933,3.726117,0.2620212,0.4700993,3.54434,0.2805927,0.1541166,3.502171,0.2696283,-0.2070796,3.476991,0.1931797,0.9879874,3.564795
72057594038042242,0,0.9692154,106249.1,0.2015277,0.4650666,3.583207,0.1876442,1.183408,3.574824,0.04689086,0.9304219,3.557797,-0.02426905,0.6750495,3.572605,-0.03277422,0.469739,3.527242,-0.03563483,0.4016038,3.515949,0.3348902,0.9319699,3.536031,0.3850063,0.6622484,3.573886,0.4177794,0.4099518,3.57701,0.4213092,0.3341904,3.559784,0.1372185,0.4584769,3.551719,0.06811488,0.1401763,3.533453,0.03224701,-0.2320933,3.726117,0.2620212,0.4700993,3.54434,0.2805927,0.1541166,3.502171,0.2696283,-0.2070796,3.476991,0.1931797,0.9879874,3.564795
72057594038042242,0,0.9692154,106249.1,0.2015277,0.4650666,3.583207,0.1876442,1.183408,3.574824,0.04689086,0.9304219,3.557797,-0.02426905,0.6750495,3.572605,-0.03277422,0.469739,3.527242,-0.03563483,0.4016038,3.515949,0.3348902,0.9319699,3.536031,0.3850063,0.6622484,3.573886,0.4177794,0.4099518,3.57701,0.4213092,0.3341904,3.559784,0.1372185,0.4584769,3.551719,0.06811488,0.1401763,3.533453,0.03224701,-0.2320933,3.726117,0.2620212,0.4700993,3.54434,0.2805927,0.1541166,3.502171,0.2696283,-0.2070796,3.476991,0.1931797,0.9879874,3.564795
72057594038042242,0,0.9692154,106249.1,0.2015277,0.4650666,3.583207,0.1876442,1.183408,3.574824,0.04689086,0.9304219,3.557797,-0.02426905,0.6750495,3.572605,-0.03277422,0.469739,3.527242,-0.03563483,0.4016038,3.515949,0.3348902,0.9319699,3.536031,0.3850063,0.6622484,3.573886,0.4177794,0.4099518,3.57701,0.4213092,0.3341904,3.559784,0.1372185,0.4584769,3.551719,0.06811488,0.1401763,3.533453,0.03224701,-0.2320933,3.726117,0.2620212,0.4700993,3.54434,0.2805927,0.1541166,3.502171,0.2696283,-0.2070796,3.476991,0.1931797,0.9879874,3.564795
72057594038042242,0,0.9692154,106249.1,0.2015277,0.4650666,3.583207,0.1876442,1.183408,3.574824,0.04689086,0.9304219,3.557797,-0.02426905,0.6750495,3.572605,-0.03277422,0.469739,3.527242,-0.03563483,0.4016038,3.515949,0.3348902,0.9319699,3.536031,0.3850063,0.6622484,3.573886,0.4177794,0.4099518,3.57701,0.4213092,0.3341904,3.559784,0.1372185,0.4584769,3.551719,0.06811488,0.1401763,3.533453,0.03224701,-0.2320933,3.726117,0.2620212,0.4700993,3.54434,0.2805927,0.1541166,3.502171,0.2696283,-0.2070796,3.476991,0.1931797,0.9879874,3.564795
72057594038042242,0,0.9692154,106249.1,0.2015277,0.4650666,3.583207,0.1876442,1.183408,3.574824,0.04689086,0.9304219,3.557797,-0.02426905,0.6750495,3.572605,-0.03277422,0.469739,3.527242,-0.03563483,0.4016038,3.515949,0.3348902,0.9319699,3.536031,0.3850063,0.6622484,3.573886,0.4177794,0.4099518,3.57701,0.4213092,0.3341904,3.559784,0.1372185,0.4584769,3.551719,0.06811488,0.1401763,3.533453,0.03224701,-0.2320933,3.726117,0.2620212,0.4700993,3.54434,0.2805927,0.1541166,3.502171,0.2696283,-0.2070796,3.476991,0.1931797,0.9879874,3.564795
72057594038042242,0,0.9692154,106249.1,0.2015277,0.4650666,3.583207,0.1876442,1.183408,3.574824,0.04689086,0.9304219,3.557797,-0.02426905,0.6750495,3.572605,-0.03277422,0.469739,3.527242,-0.03563483,0.4016038,3.515949,0.3348902,0.9319699,3.536031,0.3850063,0.6622484,3.573886,0.4177794,0.4099518,3.57701,0.4213092,0.3341904,3.559784,0.1372185,0.4584769,3.551719,0.06811488,0.1401763,3.533453,0.03224701,-0.2320933,3.726117,0.2620212,0.4700993,3.54434,0.2805927,0.1541166,3.502171,0.2696283,-0.2070796,3.476991,0.1931797,0.9879874,3.564795
72057594038042242,0,0.9506302,106249.1,0.2084606,0.4685703,3.561796,0.2090266,1.189896,3.556339,0.05581914,0.9349248,3.546183,0.009440417,0.6652931,3.567897,-0.02713577,0.4654098,3.508517,-0.03864698,0.4084191,3.499274,0.3480093,0.9314762,3.521809,0.3904693,0.6715969,3.555081,0.4337691,0.4241097,3.541236,0.4330421,0.3448217,3.528878,0.143431,0.4656148,3.530051,0.07870639,0.1395119,3.498338,0.03821718,-0.227104,3.701803,0.2696159,0.4699841,3.522932,0.2862533,0.1530868,3.494425,0.2698064,-0.2054824,3.477292,0.2014445,0.9895126,3.554652
72057594038042242,0,0.9506302,106249.1,0.2084606,0.4685703,3.561796,0.2090266,1.189896,3.556339,0.05581914,0.9349248,3.546183,0.009440417,0.6652931,3.567897,-0.02713577,0.4654098,3.508517,-0.03864698,0.4084191,3.499274,0.3480093,0.9314762,3.521809,0.3904693,0.6715969,3.555081,0.4337691,0.4241097,3.541236,0.4330421,0.3448217,3.528878,0.143431,0.4656148,3.530051,0.07870639,0.1395119,3.498338,0.03821718,-0.227104,3.701803,0.2696159,0.4699841,3.522932,0.2862533,0.1530868,3.494425,0.2698064,-0.2054824,3.477292,0.2014445,0.9895126,3.554652
72057594038042242,0,0.9506302,106249.1,0.2084606,0.4685703,3.561796,0.2090266,1.189896,3.556339,0.05581914,0.9349248,3.546183,0.009440417,0.6652931,3.567897,-0.02713577,0.4654098,3.508517,-0.03864698,0.4084191,3.499274,0.3480093,0.9314762,3.521809,0.3904693,0.6715969,3.555081,0.4337691,0.4241097,3.541236,0.4330421,0.3448217,3.528878,0.143431,0.4656148,3.530051,0.07870639,0.1395119,3.498338,0.03821718,-0.227104,3.701803,0.2696159,0.4699841,3.522932,0.2862533,0.1530868,3.494425,0.2698064,-0.2054824,3.477292,0.2014445,0.9895126,3.554652
72057594038042242,0,0.9506302,106249.1,0.2084606,0.4685703,3.561796,0.2090266,1.189896,3.556339,0.05581914,0.9349248,3.546183,0.009440417,0.6652931,3.567897,-0.02713577,0.4654098,3.508517,-0.03864698,0.4084191,3.499274,0.3480093,0.9314762,3.521809,0.3904693,0.6715969,3.555081,0.4337691,0.4241097,3.541236,0.4330421,0.3448217,3.528878,0.143431,0.4656148,3.530051,0.07870639,0.1395119,3.498338,0.03821718,-0.227104,3.701803,0.2696159,0.4699841,3.522932,0.2862533,0.1530868,3.494425,0.2698064,-0.2054824,3.477292,0.2014445,0.9895126,3.554652
72057594038042242,0,0.9506302,106249.1,0.2084606,0.4685703,3.561796,0.2090266,1.189896,3.556339,0.05581914,0.9349248,3.546183,0.009440417,0.6652931,3.567897,-0.02713577,0.4654098,3.508517,-0.03864698,0.4084191,3.499274,0.3480093,0.9314762,3.521809,0.3904693,0.6715969,3.555081,0.4337691,0.4241097,3.541236,0.4330421,0.3448217,3.528878,0.143431,0.4656148,3.530051,0.07870639,0.1395119,3.498338,0.03821718,-0.227104,3.701803,0.2696159,0.4699841,3.522932,0.2862533,0.1530868,3.494425,0.2698064,-0.2054824,3.477292,0.2014445,0.9895126,3.554652
72057594038042242,0,0.9506302,106249.1,0.2084606,0.4685703,3.561796,0.2090266,1.189896,3.556339,0.05581914,0.9349248,3.546183,0.009440417,0.6652931,3.567897,-0.02713577,0.4654098,3.508517,-0.03864698,0.4084191,3.499274,0.3480093,0.9314762,3.521809,0.3904693,0.6715969,3.555081,0.4337691,0.4241097,3.541236,0.4330421,0.3448217,3.528878,0.143431,0.4656148,3.530051,0.07870639,0.1395119,3.498338,0.03821718,-0.227104,3.701803,0.2696159,0.4699841,3.522932,0.2862533,0.1530868,3.494425,0.2698064,-0.2054824,3.477292,0.2014445,0.9895126,3.554652
72057594038042242,0,0.9506302,106249.1,0.2084606,0.4685703,3.561796,0.2090266,1.189896,3.556339,0.05581914,0.9349248,3.546183,0.009440417,0.6652931,3.567897,-0.02713577,0.4654098,3.508517,-0.03864698,0.4084191,3.499274,0.3480093,0.9314762,3.521809,0.3904693,0.6715969,3.555081,0.4337691,0.4241097,3.541236,0.4330421,0.3448217,3.528878,0.143431,0.4656148,3.530051,0.07870639,0.1395119,3.498338,0.03821718,-0.227104,3.701803,0.2696159,0.4699841,3.522932,0.2862533,0.1530868,3.494425,0.2698064,-0.2054824,3.477292,0.2014445,0.9895126,3.554652
72057594038042242,0,0.9506302,106249.2,0.2084606,0.4685703,3.561796,0.2090266,1.189896,3.556339,0.05581914,0.9349248,3.546183,0.009440417,0.6652931,3.567897,-0.02713577,0.4654098,3.508517,-0.03864698,0.4084191,3.499274,0.3480093,0.9314762,3.521809,0.3904693,0.6715969,3.555081,0.4337691,0.4241097,3.541236,0.4330421,0.3448217,3.528878,0.143431,0.4656148,3.530051,0.07870639,0.1395119,3.498338,0.03821718,-0.227104,3.701803,0.2696159,0.4699841,3.522932,0.2862533,0.1530868,3.494425,0.2698064,-0.2054824,3.477292,0.2014445,0.9895126,3.554652
72057594038042242,0,0.9506302,106249.2,0.2084606,0.4685703,3.561796,0.2090266,1.189896,3.556339,0.05581914,0.9349248,3.546183,0.009440417,0.6652931,3.567897,-0.02713577,0.4654098,3.508517,-0.03864698,0.4084191,3.499274,0.3480093,0.9314762,3.521809,0.3904693,0.6715969,3.555081,0.4337691,0.4241097,3.541236,0.4330421,0.3448217,3.528878,0.143431,0.4656148,3.530051,0.07870639,0.1395119,3.498338,0.03821718,-0.227104,3.701803,0.2696159,0.4699841,3.522932,0.2862533,0.1530868,3.494425,0.2698064,-0.2054824,3.477292,0.2014445,0.9895126,3.554652
72057594038042242,0,0.9506302,106249.2,0.2084606,0.4685703,3.561796,0.2090266,1.189896,3.556339,0.05581914,0.9349248,3.546183,0.009440417,0.6652931,3.567897,-0.02713577,0.4654098,3.508517,-0.03864698,0.4084191,3.499274,0.3480093,0.9314762,3.521809,0.3904693,0.6715969,3.555081,0.4337691,0.4241097,3.541236,0.4330421,0.3448217,3.528878,0.143431,0.4656148,3.530051,0.07870639,0.1395119,3.498338,0.03821718,-0.227104,3.701803,0.2696159,0.4699841,3.522932,0.2862533,0.1530868,3.494425,0.2698064,-0.2054824,3.477292,0.2014445,0.9895126,3.554652
72057594038042242,0,0.936421,106249.2,0.2129416,0.4711339,3.545457,0.2192812,1.188612,3.549516,0.07521172,0.9450066,3.529015,0.03033134,0.6815244,3.556887,0.001719345,0.4752147,3.522379,-0.0163117,0.5004166,3.509693,0.3563811,0.9307604,3.507985,0.3999944,0.6568004,3.533133,0.4368419,0.4248765,3.528424,0.4412995,0.348206,3.503204,0.1478249,0.4697067,3.514887,0.08827044,0.1391138,3.469298,0.04356264,-0.2257699,3.67634,0.2739801,0.4707848,3.505761,0.2910399,0.1592633,3.485924,0.2701853,-0.2025045,3.477152,0.2177711,0.9926818,3.5352
72057594038042242,0,0.936421,106249.2,0.2129416,0.4711339,3.545457,0.2192812,1.188612,3.549516,0.07521172,0.9450066,3.529015,0.03033134,0.6815244,3.556887,0.001719345,0.4752147,3.522379,-0.0163117,0.5004166,3.509693,0.3563811,0.9307604,3.507985,0.3999944,0.6568004,3.533133,0.4368419,0.4248765,3.528424,0.4412995,0.348206,3.503204,0.1478249,0.4697067,3.514887,0.08827044,0.1391138,3.469298,0.04356264,-0.2257699,3.67634,0.2739801,0.4707848,3.505761,0.2910399,0.1592633,3.485924,0.2701853,-0.2025045,3.477152,0.2177711,0.9926818,3.5352
72057594038042242,0,0.936421,106249.2,0.2129416,0.4711339,3.545457,0.2192812,1.188612,3.549516,0.07521172,0.9450066,3.529015,0.03033134,0.6815244,3.556887,0.001719345,0.4752147,3.522379,-0.0163117,0.5004166,3.509693,0.3563811,0.9307604,3.507985,0.3999944,0.6568004,3.533133,0.4368419,0.4248765,3.528424,0.4412995,0.348206,3.503204,0.1478249,0.4697067,3.514887,0.08827044,0.1391138,3.469298,0.04356264,-0.2257699,3.67634,0.2739801,0.4707848,3.505761,0.2910399,0.1592633,3.485924,0.2701853,-0.2025045,3.477152,0.2177711,0.9926818,3.5352
72057594038042242,0,0.936421,106249.2,0.2129416,0.4711339,3.545457,0.2192812,1.188612,3.549516,0.07521172,0.9450066,3.529015,0.03033134,0.6815244,3.556887,0.001719345,0.4752147,3.522379,-0.0163117,0.5004166,3.509693,0.3563811,0.9307604,3.507985,0.3999944,0.6568004,3.533133,0.4368419,0.4248765,3.528424,0.4412995,0.348206,3.503204,0.1478249,0.4697067,3.514887,0.08827044,0.1391138,3.469298,0.04356264,-0.2257699,3.67634,0.2739801,0.4707848,3.505761,0.2910399,0.1592633,3.485924,0.2701853,-0.2025045,3.477152,0.2177711,0.9926818,3.5352
72057594038042242,0,0.936421,106249.2,0.2129416,0.4711339,3.545457,0.2192812,1.188612,3.549516,0.07521172,0.9450066,3.529015,0.03033134,0.6815244,3.556887,0.001719345,0.4752147,3.522379,-0.0163117,0.5004166,3.509693,0.3563811,0.9307604,3.507985,0.3999944,0.6568004,3.533133,0.4368419,0.4248765,3.528424,0.4412995,0.348206,3.503204,0.1478249,0.4697067,3.514887,0.08827044,0.1391138,3.469298,0.04356264,-0.2257699,3.67634,0.2739801,0.4707848,3.505761,0.2910399,0.1592633,3.485924,0.2701853,-0.2025045,3.477152,0.2177711,0.9926818,3.5352
72057594038042242,0,0.936421,106249.2,0.2129416,0.4711339,3.545457,0.2192812,1.188612,3.549516,0.07521172,0.9450066,3.529015,0.03033134,0.6815244,3.556887,0.001719345,0.4752147,3.522379,-0.0163117,0.5004166,3.509693,0.3563811,0.9307604,3.507985,0.3999944,0.6568004,3.533133,0.4368419,0.4248765,3.528424,0.4412995,0.348206,3.503204,0.1478249,0.4697067,3.514887,0.08827044,0.1391138,3.469298,0.04356264,-0.2257699,3.67634,0.2739801,0.4707848,3.505761,0.2910399,0.1592633,3.485924,0.2701853,-0.2025045,3.477152,0.2177711,0.9926818,3.5352
72057594038042242,0,0.936421,106249.2,0.2129416,0.4711339,3.545457,0.2192812,1.188612,3.549516,0.07521172,0.9450066,3.529015,0.03033134,0.6815244,3.556887,0.001719345,0.4752147,3.522379,-0.0163117,0.5004166,3.509693,0.3563811,0.9307604,3.507985,0.3999944,0.6568004,3.533133,0.4368419,0.4248765,3.528424,0.4412995,0.348206,3.503204,0.1478249,0.4697067,3.514887,0.08827044,0.1391138,3.469298,0.04356264,-0.2257699,3.67634,0.2739801,0.4707848,3.505761,0.2910399,0.1592633,3.485924,0.2701853,-0.2025045,3.477152,0.2177711,0.9926818,3.5352
72057594038042242,0,0.936421,106249.2,0.2129416,0.4711339,3.545457,0.2192812,1.188612,3.549516,0.07521172,0.9450066,3.529015,0.03033134,0.6815244,3.556887,0.001719345,0.4752147,3.522379,-0.0163117,0.5004166,3.509693,0.3563811,0.9307604,3.507985,0.3999944,0.6568004,3.533133,0.4368419,0.4248765,3.528424,0.4412995,0.348206,3.503204,0.1478249,0.4697067,3.514887,0.08827044,0.1391138,3.469298,0.04356264,-0.2257699,3.67634,0.2739801,0.4707848,3.505761,0.2910399,0.1592633,3.485924,0.2701853,-0.2025045,3.477152,0.2177711,0.9926818,3.5352
72057594038042242,0,0.936421,106249.2,0.2129416,0.4711339,3.545457,0.2192812,1.188612,3.549516,0.07521172,0.9450066,3.529015,0.03033134,0.6815244,3.556887,0.001719345,0.4752147,3.522379,-0.0163117,0.5004166,3.509693,0.3563811,0.9307604,3.507985,0.3999944,0.6568004,3.533133,0.4368419,0.4248765,3.528424,0.4412995,0.348206,3.503204,0.1478249,0.4697067,3.514887,0.08827044,0.1391138,3.469298,0.04356264,-0.2257699,3.67634,0.2739801,0.4707848,3.505761,0.2910399,0.1592633,3.485924,0.2701853,-0.2025045,3.477152,0.2177711,0.9926818,3.5352
72057594038042242,0,0.936421,106249.2,0.2129416,0.4711339,3.545457,0.2192812,1.188612,3.549516,0.07521172,0.9450066,3.529015,0.03033134,0.6815244,3.556887,0.001719345,0.4752147,3.522379,-0.0163117,0.5004166,3.509693,0.3563811,0.9307604,3.507985,0.3999944,0.6568004,3.533133,0.4368419,0.4248765,3.528424,0.4412995,0.348206,3.503204,0.1478249,0.4697067,3.514887,0.08827044,0.1391138,3.469298,0.04356264,-0.2257699,3.67634,0.2739801,0.4707848,3.505761,0.2910399,0.1592633,3.485924,0.2701853,-0.2025045,3.477152,0.2177711,0.9926818,3.5352
72057594038042242,0,0.914546,106249.2,0.2278474,0.4727924,3.516426,0.2371731,1.199277,3.526319,0.0899578,0.9464387,3.510001,0.03731786,0.6714485,3.547285,0.03042024,0.4622648,3.525543,0.009148321,0.3278847,3.509704,0.3707385,0.9307419,3.493913,0.4069788,0.650762,3.51457,0.4531057,0.4129169,3.489744,0.450661,0.3395721,3.472919,0.1629064,0.4713653,3.484332,0.1026474,0.1493526,3.418209,0.05097225,-0.2112462,3.632306,0.2883338,0.4724103,3.478406,0.293666,0.1561168,3.471017,0.2709442,-0.2045689,3.472707,0.2275368,0.994697,3.522117
72057594038042242,0,0.914546,106249.2,0.2278474,0.4727924,3.516426,0.2371731,1.199277,3.526319,0.0899578,0.9464387,3.510001,0.03731786,0.6714485,3.547285,0.03042024,0.4622648,3.525543,0.009148321,0.3278847,3.509704,0.3707385,0.9307419,3.493913,0.4069788,0.650762,3.51457,0.4531057,0.4129169,3.489744,0.450661,0.3395721,3.472919,0.1629064,0.4713653,3.484332,0.1026474,0.1493526,3.418209,0.05097225,-0.2112462,3.632306,0.2883338,0.4724103,3.478406,0.293666,0.1561168,3.471017,0.2709442,-0.2045689,3.472707,0.2275368,0.994697,3.522117
72057594038042242,0,0.914546,106249.2,0.2278474,0.4727924,3.516426,0.2371731,1.199277,3.526319,0.0899578,0.9464387,3.510001,0.03731786,0.6714485,3.547285,0.03042024,0.4622648,3.525543,0.009148321,0.3278847,3.509704,0.3707385,0.9307419,3.493913,0.4069788,0.650762,3.51457,0.4531057,0.4129169,3.489744,0.450661,0.3395721,3.472919,0.1629064,0.4713653,3.484332,0.1026474,0.1493526,3.418209,0.05097225,-0.2112462,3.632306,0.2883338,0.4724103,3.478406,0.293666,0.1561168,3.471017,0.2709442,-0.2045689,3.472707,0.2275368,0.994697,3.522117
72057594038042242,0,0.914546,106249.2,0.2278474,0.4727924,3.516426,0.2371731,1.199277,3.526319,0.0899578,0.9464387,3.510001,0.03731786,0.6714485,3.547285,0.03042024,0.4622648,3.525543,0.009148321,0.3278847,3.509704,0.3707385,0.9307419,3.493913,0.4069788,0.650762,3.51457,0.4531057,0.4129169,3.489744,0.450661,0.3395721,3.472919,0.1629064,0.4713653,3.484332,0.1026474,0.1493526,3.418209,0.05097225,-0.2112462,3.632306,0.2883338,0.4724103,3.478406,0.293666,0.1561168,3.471017,0.2709442,-0.2045689,3.472707,0.2275368,0.994697,3.522117
72057594038042242,0,0.914546,106249.2,0.2278474,0.4727924,3.516426,0.2371731,1.199277,3.526319,0.0899578,0.9464387,3.510001,0.03731786,0.6714485,3.547285,0.03042024,0.4622648,3.525543,0.009148321,0.3278847,3.509704,0.3707385,0.9307419,3.493913,0.4069788,0.650762,3.51457,0.4531057,0.4129169,3.489744,0.450661,0.3395721,3.472919,0.1629064,0.4713653,3.484332,0.1026474,0.1493526,3.418209,0.05097225,-0.2112462,3.632306,0.2883338,0.4724103,3.478406,0.293666,0.1561168,3.471017,0.2709442,-0.2045689,3.472707,0.2275368,0.994697,3.522117
72057594038042242,0,0.914546,106249.2,0.2278474,0.4727924,3.516426,0.2371731,1.199277,3.526319,0.0899578,0.9464387,3.510001,0.03731786,0.6714485,3.547285,0.03042024,0.4622648,3.525543,0.009148321,0.3278847,3.509704,0.3707385,0.9307419,3.493913,0.4069788,0.650762,3.51457,0.4531057,0.4129169,3.489744,0.450661,0.3395721,3.472919,0.1629064,0.4713653,3.484332,0.1026474,0.1493526,3.418209,0.05097225,-0.2112462,3.632306,0.2883338,0.4724103,3.478406,0.293666,0.1561168,3.471017,0.2709442,-0.2045689,3.472707,0.2275368,0.994697,3.522117
72057594038042242,0,0.914546,106249.2,0.2278474,0.4727924,3.516426,0.2371731,1.199277,3.526319,0.0899578,0.9464387,3.510001,0.03731786,0.6714485,3.547285,0.03042024,0.4622648,3.525543,0.009148321,0.3278847,3.509704,0.3707385,0.9307419,3.493913,0.4069788,0.650762,3.51457,0.4531057,0.4129169,3.489744,0.450661,0.3395721,3.472919,0.1629064,0.4713653,3.484332,0.1026474,0.1493526,3.418209,0.05097225,-0.2112462,3.632306,0.2883338,0.4724103,3.478406,0.293666,0.1561168,3.471017,0.2709442,-0.2045689,3.472707,0.2275368,0.994697,3.522117
72057594038042242,0,0.914546,106249.2,0.2278474,0.4727924,3.516426,0.2371731,1.199277,3.526319,0.0899578,0.9464387,3.510001,0.03731786,0.6714485,3.547285,0.03042024,0.4622648,3.525543,0.009148321,0.3278847,3.509704,0.3707385,0.9307419,3.493913,0.4069788,0.650762,3.51457,0.4531057,0.4129169,3.489744,0.450661,0.3395721,3.472919,0.1629064,0.4713653,3.484332,0.1026474,0.1493526,3.418209,0.05097225,-0.2112462,3.632306,0.2883338,0.4724103,3.478406,0.293666,0.1561168,3.471017,0.2709442,-0.2045689,3.472707,0.2275368,0.994697,3.522117
72057594038042242,0,0.914546,106249.2,0.2278474,0.4727924,3.516426,0.2371731,1.199277,3.526319,0.0899578,0.9464387,3.510001,0.03731786,0.6714485,3.547285,0.03042024,0.4622648,3.525543,0.009148321,0.3278847,3.509704,0.3707385,0.9307419,3.493913,0.4069788,0.650762,3.51457,0.4531057,0.4129169,3.489744,0.450661,0.3395721,3.472919,0.1629064,0.4713653,3.484332,0.1026474,0.1493526,3.418209,0.05097225,-0.2112462,3.632306,0.2883338,0.4724103,3.478406,0.293666,0.1561168,3.471017,0.2709442,-0.2045689,3.472707,0.2275368,0.994697,3.522117
72057594038042242,0,0.9081355,106249.2,0.243939,0.4717425,3.50308,0.2439566,1.201058,3.515736,0.09653145,0.9480504,3.498644,0.04329364,0.6739411,3.542626,0.03667554,0.4652779,3.513078,0.02341207,0.3293796,3.529954,0.3786446,0.9307566,3.478918,0.412469,0.6517529,3.496004,0.4620453,0.4087901,3.471703,0.461742,0.3381153,3.438278,0.1783388,0.469291,3.471263,0.1122699,0.1463986,3.4046,0.06314072,-0.2069315,3.586186,0.3048462,0.472429,3.464746,0.2967535,0.1532643,3.463737,0.2703423,-0.2047448,3.472493,0.2396041,0.9955831,3.50285
72057594038042242,0,0.9081355,106249.2,0.243939,0.4717425,3.50308,0.2439566,1.201058,3.515736,0.09653145,0.9480504,3.498644,0.04329364,0.6739411,3.542626,0.03667554,0.4652779,3.513078,0.02341207,0.3293796,3.529954,0.3786446,0.9307566,3.478918,0.412469,0.6517529,3.496004,0.4620453,0.4087901,3.471703,0.461742,0.3381153,3.438278,0.1783388,0.469291,3.471263,0.1122699,0.1463986,3.4046,0.06314072,-0.2069315,3.586186,0.3048462,0.472429,3.464746,0.2967535,0.1532643,3.463737,0.2703423,-0.2047448,3.472493,0.2396041,0.9955831,3.50285
72057594038042242,0,0.9081355,106249.2,0.243939,0.4717425,3.50308,0.2439566,1.201058,3.515736,0.09653145,0.9480504,3.498644,0.04329364,0.6739411,3.542626,0.03667554,0.4652779,3.513078,0.02341207,0.3293796,3.529954,0.3786446,0.9307566,3.478918,0.412469,0.6517529,3.496004,0.4620453,0.4087901,3.471703,0.461742,0.3381153,3.438278,0.1783388,0.469291,3.471263,0.1122699,0.1463986,3.4046,0.06314072,-0.2069315,3.586186,0.3048462,0.472429,3.464746,0.2967535,0.1532643,3.463737,0.2703423,-0.2047448,3.472493,0.2396041,0.9955831,3.50285
72057594038042242,0,0.9081355,106249.2,0.243939,0.4717425,3.50308,0.2439566,1.201058,3.515736,0.09653145,0.9480504,3.498644,0.04329364,0.6739411,3.542626,0.03667554,0.4652779,3.513078,0.02341207,0.3293796,3.529954,0.3786446,0.9307566,3.478918,0.412469,0.6517529,3.496004,0.4620453,0.4087901,3.471703,0.461742,0.3381153,3.438278,0.1783388,0.469291,3.471263,0.1122699,0.1463986,3.4046,0.06314072,-0.2069315,3.586186,0.3048462,0.472429,3.464746,0.2967535,0.1532643,3.463737,0.2703423,-0.2047448,3.472493,0.2396041,0.9955831,3.50285
72057594038042242,0,0.9081355,106249.2,0.243939,0.4717425,3.50308,0.2439566,1.201058,3.515736,0.09653145,0.9480504,3.498644,0.04329364,0.6739411,3.542626,0.03667554,0.4652779,3.513078,0.02341207,0.3293796,3.529954,0.3786446,0.9307566,3.478918,0.412469,0.6517529,3.496004,0.4620453,0.4087901,3.471703,0.461742,0.3381153,3.438278,0.1783388,0.469291,3.471263,0.1122699,0.1463986,3.4046,0.06314072,-0.2069315,3.586186,0.3048462,0.472429,3.464746,0.2967535,0.1532643,3.463737,0.2703423,-0.2047448,3.472493,0.2396041,0.9955831,3.50285
72057594038042242,0,0.9081355,106249.3,0.243939,0.4717425,3.50308,0.2439566,1.201058,3.515736,0.09653145,0.9480504,3.498644,0.04329364,0.6739411,3.542626,0.03667554,0.4652779,3.513078,0.02341207,0.3293796,3.529954,0.3786446,0.9307566,3.478918,0.412469,0.6517529,3.496004,0.4620453,0.4087901,3.471703,0.461742,0.3381153,3.438278,0.1783388,0.469291,3.471263,0.1122699,0.1463986,3.4046,0.06314072,-0.2069315,3.586186,0.3048462,0.472429,3.464746,0.2967535,0.1532643,3.463737,0.2703423,-0.2047448,3.472493,0.2396041,0.9955831,3.50285
72057594038042242,0,0.9081355,106249.3,0.243939,0.4717425,3.50308,0.2439566,1.201058,3.515736,0.09653145,0.9480504,3.498644,0.04329364,0.6739411,3.542626,0.03667554,0.4652779,3.513078,0.02341207,0.3293796,3.529954,0.3786446,0.9307566,3.478918,0.412469,0.6517529,3.496004,0.4620453,0.4087901,3.471703,0.461742,0.3381153,3.438278,0.1783388,0.469291,3.471263,0.1122699,0.1463986,3.4046,0.06314072,-0.2069315,3.586186,0.3048462,0.472429,3.464746,0.2967535,0.1532643,3.463737,0.2703423,-0.2047448,3.472493,0.2396041,0.9955831,3.50285
72057594038042242,0,0.9081355,106249.3,0.243939,0.4717425,3.50308,0.2439566,1.201058,3.515736,0.09653145,0.9480504,3.498644,0.04329364,0.6739411,3.542626,0.03667554,0.4652779,3.513078,0.02341207,0.3293796,3.529954,0.3786446,0.9307566,3.478918,0.412469,0.6517529,3.496004,0.4620453,0.4087901,3.471703,0.461742,0.3381153,3.438278,0.1783388,0.469291,3.471263,0.1122699,0.1463986,3.4046,0.06314072,-0.2069315,3.586186,0.3048462,0.472429,3.464746,0.2967535,0.1532643,3.463737,0.2703423,-0.2047448,3.472493,0.2396041,0.9955831,3.50285
72057594038042242,0,0.9081355,106249.3,0.243939,0.4717425,3.50308,0.2439566,1.201058,3.515736,0.09653145,0.9480504,3.498644,0.04329364,0.6739411,3.542626,0.03667554,0.4652779,3.513078,0.02341207,0.3293796,3.529954,0.3786446,0.9307566,3.478918,0.412469,0.6517529,3.496004,0.4620453,0.4087901,3.471703,0.461742,0.3381153,3.438278,0.1783388,0.469291,3.471263,0.1122699,0.1463986,3.4046,0.06314072,-0.2069315,3.586186,0.3048462,0.472429,3.464746,0.2967535,0.1532643,3.463737,0.2703423,-0.2047448,3.472493,0.2396041,0.9955831,3.50285
72057594038042242,0,0.9081355,106249.3,0.243939,0.4717425,3.50308,0.2439566,1.201058,3.515736,0.09653145,0.9480504,3.498644,0.04329364,0.6739411,3.542626,0.03667554,0.4652779,3.513078,0.02341207,0.3293796,3.529954,0.3786446,0.9307566,3.478918,0.412469,0.6517529,3.496004,0.4620453,0.4087901,3.471703,0.461742,0.3381153,3.438278,0.1783388,0.469291,3.471263,0.1122699,0.1463986,3.4046,0.06314072,-0.2069315,3.586186,0.3048462,0.472429,3.464746,0.2967535,0.1532643,3.463737,0.2703423,-0.2047448,3.472493,0.2396041,0.9955831,3.50285
72057594038042242,0,0.8913473,106249.3,0.2489263,0.4723755,3.481743,0.2576938,1.203904,3.496366,0.1260063,0.9530903,3.4587,0.05531492,0.6914519,3.529506,0.1047698,0.4702498,3.351124,0.1299107,0.4579145,3.329067,0.3928914,0.9265297,3.462734,0.4195028,0.6514996,3.473535,0.4718733,0.4112093,3.436122,0.4796177,0.3381207,3.410061,0.1836057,0.4713165,3.453107,0.1262412,0.1551039,3.345933,0.07025211,-0.219988,3.536359,0.3093168,0.4714133,3.439879,0.2999018,0.1493778,3.452882,0.2703008,-0.2048822,3.472395,0.2483535,0.9995356,3.488526
72057594038042242,0,0.8913473,106249.3,0.2489263,0.4723755,3.481743,0.2576938,1.203904,3.496366,0.1260063,0.9530903,3.4587,0.05531492,0.6914519,3.529506,0.1047698,0.4702498,3.351124,0.1299107,0.4579145,3.329067,0.3928914,0.9265297,3.462734,0.4195028,0.6514996,3.473535,0.4718733,0.4112093,3.436122,0.4796177,0.3381207,3.410061,0.1836057,0.4713165,3.453107,0.1262412,0.1551039,3.345933,0.07025211,-0.219988,3.536359,0.3093168,0.4714133,3.439879,0.2999018,0.1493778,3.452882,0.2703008,-0.2048822,3.472395,0.2483535,0.9995356,3.488526
72057594038042242,0,0.8913473,106249.3,0.2489263,0.4723755,3.481743,0.2576938,1.203904,3.496366,0.1260063,0.9530903,3.4587,0.05531492,0.6914519,3.529506,0.1047698,0.4702498,3.351124,0.1299107,0.4579145,3.329067,0.3928914,0.9265297,3.462734,0.4195028,0.6514996,3.473535,0.4718733,0.4112093,3.436122,0.4796177,0.3381207,3.410061,0.1836057,0.4713165,3.453107,0.1262412,0.1551039,3.345933,0.07025211,-0.219988,3.536359,0.3093168,0.4714133,3.439879,0.2999018,0.1493778,3.452882,0.2703008,-0.2048822,3.472395,0.2483535,0.9995356,3.488526
72057594038042242,0,0.8913473,106249.3,0.2489263,0.4723755,3.481743,0.2576938,1.203904,3.496366,0.1260063,0.9530903,3.4587,0.05531492,0.6914519,3.529506,0.1047698,0.4702498,3.351124,0.1299107,0.4579145,3.329067,0.3928914,0.9265297,3.462734,0.4195028,0.6514996,3.473535,0.4718733,0.4112093,3.436122,0.4796177,0.3381207,3.410061,0.1836057,0.4713165,3.453107,0.1262412,0.1551039,3.345933,0.07025211,-0.219988,3.536359,0.3093168,0.4714133,3.439879,0.2999018,0.1493778,3.452882,0.2703008,-0.2048822,3.472395,0.2483535,0.9995356,3.488526
72057594038042242,0,0.8913473,106249.3,0.2489263,0.4723755,3.481743,0.2576938,1.203904,3.496366,0.1260063,0.9530903,3.4587,0.05531492,0.6914519,3.529506,0.1047698,0.4702498,3.351124,0.1299107,0.4579145,3.329067,0.3928914,0.9265297,3.462734,0.4195028,0.6514996,3.473535,0.4718733,0.4112093,3.436122,0.4796177,0.3381207,3.410061,0.1836057,0.4713165,3.453107,0.1262412,0.1551039,3.345933,0.07025211,-0.219988,3.536359,0.3093168,0.4714133,3.439879,0.2999018,0.1493778,3.452882,0.2703008,-0.2048822,3.472395,0.2483535,0.9995356,3.488526
72057594038042242,0,0.8913473,106249.3,0.2489263,0.4723755,3.481743,0.2576938,1.203904,3.496366,0.1260063,0.9530903,3.4587,0.05531492,0.6914519,3.529506,0.1047698,0.4702498,3.351124,0.1299107,0.4579145,3.329067,0.3928914,0.9265297,3.462734,0.4195028,0.6514996,3.473535,0.4718733,0.4112093,3.436122,0.4796177,0.3381207,3.410061,0.1836057,0.4713165,3.453107,0.1262412,0.1551039,3.345933,0.07025211,-0.219988,3.536359,0.3093168,0.4714133,3.439879,0.2999018,0.1493778,3.452882,0.2703008,-0.2048822,3.472395,0.2483535,0.9995356,3.488526
72057594038042242,0,0.8913473,106249.3,0.2489263,0.4723755,3.481743,0.2576938,1.203904,3.496366,0.1260063,0.9530903,3.4587,0.05531492,0.6914519,3.529506,0.1047698,0.4702498,3.351124,0.1299107,0.4579145,3.329067,0.3928914,0.9265297,3.462734,0.4195028,0.6514996,3.473535,0.4718733,0.4112093,3.436122,0.4796177,0.3381207,3.410061,0.1836057,0.4713165,3.453107,0.1262412,0.1551039,3.345933,0.07025211,-0.219988,3.536359,0.3093168,0.4714133,3.439879,0.2999018,0.1493778,3.452882,0.2703008,-0.2048822,3.472395,0.2483535,0.9995356,3.488526
72057594038042242,0,0.8913473,106249.3,0.2489263,0.4723755,3.481743,0.2576938,1.203904,3.496366,0.1260063,0.9530903,3.4587,0.05531492,0.6914519,3.529506,0.1047698,0.4702498,3.351124,0.1299107,0.4579145,3.329067,0.3928914,0.9265297,3.462734,0.4195028,0.6514996,3.473535,0.4718733,0.4112093,3.436122,0.4796177,0.3381207,3.410061,0.1836057,0.4713165,3.453107,0.1262412,0.1551039,3.345933,0.07025211,-0.219988,3.536359,0.3093168,0.4714133,3.439879,0.2999018,0.1493778,3.452882,0.2703008,-0.2048822,3.472395,0.2483535,0.9995356,3.488526
72057594038042242,0,0.8913473,106249.3,0.2489263,0.4723755,3.481743,0.2576938,1.203904,3.496366,0.1260063,0.9530903,3.4587,0.05531492,0.6914519,3.529506,0.1047698,0.4702498,3.351124,0.1299107,0.4579145,3.329067,0.3928914,0.9265297,3.462734,0.4195028,0.6514996,3.473535,0.4718733,0.4112093,3.436122,0.4796177,0.3381207,3.410061,0.1836057,0.4713165,3.453107,0.1262412,0.1551039,3.345933,0.07025211,-0.219988,3.536359,0.3093168,0.4714133,3.439879,0.2999018,0.1493778,3.452882,0.2703008,-0.2048822,3.472395,0.2483535,0.9995356,3.488526
72057594038042242,0,0.8913473,106249.3,0.2489263,0.4723755,3.481743,0.2576938,1.203904,3.496366,0.1260063,0.9530903,3.4587,0.05531492,0.6914519,3.529506,0.1047698,0.4702498,3.351124,0.1299107,0.4579145,3.329067,0.3928914,0.9265297,3.462734,0.4195028,0.6514996,3.473535,0.4718733,0.4112093,3.436122,0.4796177,0.3381207,3.410061,0.1836057,0.4713165,3.453107,0.1262412,0.1551039,3.345933,0.07025211,-0.219988,3.536359,0.3093168,0.4714133,3.439879,0.2999018,0.1493778,3.452882,0.2703008,-0.2048822,3.472395,0.2483535,0.9995356,3.488526
72057594038042242,0,0.8812246,106249.3,0.2542143,0.4742663,3.468744,0.2628488,1.204169,3.488244,0.1265849,0.9539043,3.453621,0.06005831,0.6921916,3.524736,0.1071227,0.470778,3.347355,0.1347561,0.4656386,3.304332,0.393407,0.9274858,3.463434,0.4249417,0.6455445,3.454269,0.4788921,0.4179679,3.416957,0.4866237,0.3480812,3.387628,0.189775,0.4758947,3.437214,0.1460044,0.1932876,3.291261,0.09380391,-0.1902497,3.469229,0.3137333,0.4711944,3.429604,0.3024211,0.1449803,3.448787,0.2695391,-0.209828,3.471269,0.2575787,1.000843,3.476308
72057594038042242,0,0.8812246,106249.3,0.2542143,0.4742663,3.468744,0.2628488,1.204169,3.488244,0.1265849,0.9539043,3.453621,0.06005831,0.6921916,3.524736,0.1071227,0.470778,3.347355,0.1347561,0.4656386,3.304332,0.393407,0.9274858,3.463434,0.4249417,0.6455445,3.454269,0.4788921,0.4179679,3.416957,0.4866237,0.3480812,3.387628,0.189775,0.4758947,3.437214,0.1460044,0.1932876,3.291261,0.09380391,-0.1902497,3.469229,0.3137333,0.4711944,3.429604,0.3024211,0.1449803,3.448787,0.2695391,-0.209828,3.471269,0.2575787,1.000843,3.476308
72057594038042242,0,0.8812246,106249.3,0.2542143,0.4742663,3.468744,0.2628488,1.204169,3.488244,0.1265849,0.9539043,3.453621,0.06005831,0.6921916,3.524736,0.1071227,0.470778,3.347355,0.1347561,0.4656386,3.304332,0.393407,0.9274858,3.463434,0.4249417,0.6455445,3.454269,0.4788921,0.4179679,3.416957,0.4866237,0.3480812,3.387628,0.189775,0.4758947,3.437214,0.1460044,0.1932876,3.291261,0.09380391,-0.1902497,3.469229,0.3137333,0.4711944,3.429604,0.3024211,0.1449803,3.448787,0.2695391,-0.209828,3.471269,0.2575787,1.000843,3.476308
72057594038042242,0,0.8812246,106249.3,0.2542143,0.4742663,3.468744,0.2628488,1.204169,3.488244,0.1265849,0.9539043,3.453621,0.06005831,0.6921916,3.524736,0.1071227,0.470778,3.347355,0.1347561,0.4656386,3.304332,0.393407,0.9274858,3.463434,0.4249417,0.6455445,3.454269,0.4788921,0.4179679,3.416957,0.4866237,0.3480812,3.387628,0.189775,0.4758947,3.437214,0.1460044,0.1932876,3.291261,0.09380391,-0.1902497,3.469229,0.3137333,0.4711944,3.429604,0.3024211,0.1449803,3.448787,0.2695391,-0.209828,3.471269,0.2575787,1.000843,3.476308
72057594038042242,0,0.8812246,106249.3,0.2542143,0.4742663,3.468744,0.2628488,1.204169,3.488244,0.1265849,0.9539043,3.453621,0.06005831,0.6921916,3.524736,0.1071227,0.470778,3.347355,0.1347561,0.4656386,3.304332,0.393407,0.9274858,3.463434,0.4249417,0.6455445,3.454269,0.4788921,0.4179679,3.416957,0.4866237,0.3480812,3.387628,0.189775,0.4758947,3.437214,0.1460044,0.1932876,3.291261,0.09380391,-0.1902497,3.469229,0.3137333,0.4711944,3.429604,0.3024211,0.1449803,3.448787,0.2695391,-0.209828,3.471269,0.2575787,1.000843,3.476308
72057594038042242,0,0.8812246,106249.3,0.2542143,0.4742663,3.468744,0.2628488,1.204169,3.488244,0.1265849,0.9539043,3.453621,0.06005831,0.6921916,3.524736,0.1071227,0.470778,3.347355,0.1347561,0.4656386,3.304332,0.393407,0.9274858,3.463434,0.4249417,0.6455445,3.454269,0.4788921,0.4179679,3.416957,0.4866237,0.3480812,3.387628,0.189775,0.4758947,3.437214,0.1460044,0.1932876,3.291261,0.09380391,-0.1902497,3.469229,0.3137333,0.4711944,3.429604,0.3024211,0.1449803,3.448787,0.2695391,-0.209828,3.471269,0.2575787,1.000843,3.476308
72057594038042242,0,0.8812246,106249.3,0.2542143,0.4742663,3.468744,0.2628488,1.204169,3.488244,0.1265849,0.9539043,3.453621,0.06005831,0.6921916,3.524736,0.1071227,0.470778,3.347355,0.1347561,0.4656386,3.304332,0.393407,0.9274858,3.463434,0.4249417,0.6455445,3.454269,0.4788921,0.4179679,3.416957,0.4866237,0.3480812,3.387628,0.189775,0.4758947,3.437214,0.1460044,0.1932876,3.291261,0.09380391,-0.1902497,3.469229,0.3137333,0.4711944,3.429604,0.3024211,0.1449803,3.448787,0.2695391,-0.209828,3.471269,0.2575787,1.000843,3.476308
72057594038042242,0,0.8812246,106249.3,0.2542143,0.4742663,3.468744,0.2628488,1.204169,3.488244,0.1265849,0.9539043,3.453621,0.06005831,0.6921916,3.524736,0.1071227,0.470778,3.347355,0.1347561,0.4656386,3.304332,0.393407,0.9274858,3.463434,0.4249417,0.6455445,3.454269,0.4788921,0.4179679,3.416957,0.4866237,0.3480812,3.387628,0.189775,0.4758947,3.437214,0.1460044,0.1932876,3.291261,0.09380391,-0.1902497,3.469229,0.3137333,0.4711944,3.429604,0.3024211,0.1449803,3.448787,0.2695391,-0.209828,3.471269,0.2575787,1.000843,3.476308
72057594038042242,0,0.8812246,106249.3,0.2542143,0.4742663,3.468744,0.2628488,1.204169,3.488244,0.1265849,0.9539043,3.453621,0.06005831,0.6921916,3.524736,0.1071227,0.470778,3.347355,0.1347561,0.4656386,3.304332,0.393407,0.9274858,3.463434,0.4249417,0.6455445,3.454269,0.4788921,0.4179679,3.416957,0.4866237,0.3480812,3.387628,0.189775,0.4758947,3.437214,0.1460044,0.1932876,3.291261,0.09380391,-0.1902497,3.469229,0.3137333,0.4711944,3.429604,0.3024211,0.1449803,3.448787,0.2695391,-0.209828,3.471269,0.2575787,1.000843,3.476308
72057594038042242,0,0.8812246,106249.3,0.2542143,0.4742663,3.468744,0.2628488,1.204169,3.488244,0.1265849,0.9539043,3.453621,0.06005831,0.6921916,3.524736,0.1071227,0.470778,3.347355,0.1347561,0.4656386,3.304332,0.393407,0.9274858,3.463434,0.4249417,0.6455445,3.454269,0.4788921,0.4179679,3.416957,0.4866237,0.3480812,3.387628,0.189775,0.4758947,3.437214,0.1460044,0.1932876,3.291261,0.09380391,-0.1902497,3.469229,0.3137333,0.4711944,3.429604,0.3024211,0.1449803,3.448787,0.2695391,-0.209828,3.471269,0.2575787,1.000843,3.476308
72057594038042242,0,0.8692919,106249.3,0.273211,0.4767499,3.448327,0.2787208,1.200339,3.460226,0.1340217,0.9534428,3.43407,0.06971777,0.6923338,3.508599,0.11762,0.4795523,3.32654,0.1304737,0.4668601,3.287466,0.4133981,0.934729,3.431698,0.4315764,0.6521571,3.436509,0.4888846,0.4216412,3.394853,0.4930632,0.3490019,3.371174,0.2054737,0.4744658,3.417751,0.1455412,0.1764684,3.28014,0.1069237,-0.2032425,3.416218,0.3359641,0.4776629,3.408571,0.3077786,0.148282,3.438515,0.2691906,-0.2122549,3.469178,0.2674153,1.001991,3.457394
72057594038042242,0,0.8692919,106249.3,0.273211,0.4767499,3.448327,0.2787208,1.200339,3.460226,0.1340217,0.9534428,3.43407,0.06971777,0.6923338,3.508599,0.11762,0.4795523,3.32654,0.1304737,0.4668601,3.287466,0.4133981,0.934729,3.431698,0.4315764,0.6521571,3.436509,0.4888846,0.4216412,3.394853,0.4930632,0.3490019,3.371174,0.2054737,0.4744658,3.417751,0.1455412,0.1764684,3.28014,0.1069237,-0.2032425,3.416218,0.3359641,0.4776629,3.408571,0.3077786,0.148282,3.438515,0.2691906,-0.2122549,3.469178,0.2674153,1.001991,3.457394
72057594038042242,0,0.8692919,106249.3,0.273211,0.4767499,3.448327,0.2787208,1.200339,3.460226,0.1340217,0.9534428,3.43407,0.06971777,0.6923338,3.508599,0.11762,0.4795523,3.32654,0.1304737,0.4668601,3.287466,0.4133981,0.934729,3.431698,0.4315764,0.6521571,3.436509,0.4888846,0.4216412,3.394853,0.4930632,0.3490019,3.371174,0.2054737,0.4744658,3.417751,0.1455412,0.1764684,3.28014,0.1069237,-0.2032425,3.416218,0.3359641,0.4776629,3.408571,0.3077786,0.148282,3.438515,0.2691906,-0.2122549,3.469178,0.2674153,1.001991,3.457394
72057594038042242,0,0.8692919,106249.3,0.273211,0.4767499,3.448327,0.2787208,1.200339,3.460226,0.1340217,0.9534428,3.43407,0.06971777,0.6923338,3.508599,0.11762,0.4795523,3.32654,0.1304737,0.4668601,3.287466,0.4133981,0.934729,3.431698,0.4315764,0.6521571,3.436509,0.4888846,0.4216412,3.394853,0.4930632,0.3490019,3.371174,0.2054737,0.4744658,3.417751,0.1455412,0.1764684,3.28014,0.1069237,-0.2032425,3.416218,0.3359641,0.4776629,3.408571,0.3077786,0.148282,3.438515,0.2691906,-0.2122549,3.469178,0.2674153,1.001991,3.457394
72057594038042242,0,0.8692919,106249.3,0.273211,0.4767499,3.448327,0.2787208,1.200339,3.460226,0.1340217,0.9534428,3.43407,0.06971777,0.6923338,3.508599,0.11762,0.4795523,3.32654,0.1304737,0.4668601,3.287466,0.4133981,0.934729,3.431698,0.4315764,0.6521571,3.436509,0.4888846,0.4216412,3.394853,0.4930632,0.3490019,3.371174,0.2054737,0.4744658,3.417751,0.1455412,0.1764684,3.28014,0.1069237,-0.2032425,3.416218,0.3359641,0.4776629,3.408571,0.3077786,0.148282,3.438515,0.2691906,-0.2122549,3.469178,0.2674153,1.001991,3.457394
72057594038042242,0,0.8692919,106249.3,0.273211,0.4767499,3.448327,0.2787208,1.200339,3.460226,0.1340217,0.9534428,3.43407,0.06971777,0.6923338,3.508599,0.11762,0.4795523,3.32654,0.1304737,0.4668601,3.287466,0.4133981,0.934729,3.431698,0.4315764,0.6521571,3.436509,0.4888846,0.4216412,3.394853,0.4930632,0.3490019,3.371174,0.2054737,0.4744658,3.417751,0.1455412,0.1764684,3.28014,0.1069237,-0.2032425,3.416218,0.3359641,0.4776629,3.408571,0.3077786,0.148282,3.438515,0.2691906,-0.2122549,3.469178,0.2674153,1.001991,3.457394
72057594038042242,0,0.8692919,106249.4,0.273211,0.4767499,3.448327,0.2787208,1.200339,3.460226,0.1340217,0.9534428,3.43407,0.06971777,0.6923338,3.508599,0.11762,0.4795523,3.32654,0.1304737,0.4668601,3.287466,0.4133981,0.934729,3.431698,0.4315764,0.6521571,3.436509,0.4888846,0.4216412,3.394853,0.4930632,0.3490019,3.371174,0.2054737,0.4744658,3.417751,0.1455412,0.1764684,3.28014,0.1069237,-0.2032425,3.416218,0.3359641,0.4776629,3.408571,0.3077786,0.148282,3.438515,0.2691906,-0.2122549,3.469178,0.2674153,1.001991,3.457394
72057594038042242,0,0.8692919,106249.4,0.273211,0.4767499,3.448327,0.2787208,1.200339,3.460226,0.1340217,0.9534428,3.43407,0.06971777,0.6923338,3.508599,0.11762,0.4795523,3.32654,0.1304737,0.4668601,3.287466,0.4133981,0.934729,3.431698,0.4315764,0.6521571,3.436509,0.4888846,0.4216412,3.394853,0.4930632,0.3490019,3.371174,0.2054737,0.4744658,3.417751,0.1455412,0.1764684,3.28014,0.1069237,-0.2032425,3.416218,0.3359641,0.4776629,3.408571,0.3077786,0.148282,3.438515,0.2691906,-0.2122549,3.469178,0.2674153,1.001991,3.457394
72057594038042242,0,0.8692919,106249.4,0.273211,0.4767499,3.448327,0.2787208,1.200339,3.460226,0.1340217,0.9534428,3.43407,0.06971777,0.6923338,3.508599,0.11762,0.4795523,3.32654,0.1304737,0.4668601,3.287466,0.4133981,0.934729,3.431698,0.4315764,0.6521571,3.436509,0.4888846,0.4216412,3.394853,0.4930632,0.3490019,3.371174,0.2054737,0.4744658,3.417751,0.1455412,0.1764684,3.28014,0.1069237,-0.2032425,3.416218,0.3359641,0.4776629,3.408571,0.3077786,0.148282,3.438515,0.2691906,-0.2122549,3.469178,0.2674153,1.001991,3.457394
72057594038042242,0,0.8692919,106249.4,0.273211,0.4767499,3.448327,0.2787208,1.200339,3.460226,0.1340217,0.9534428,3.43407,0.06971777,0.6923338,3.508599,0.11762,0.4795523,3.32654,0.1304737,0.4668601,3.287466,0.4133981,0.934729,3.431698,0.4315764,0.6521571,3.436509,0.4888846,0.4216412,3.394853,0.4930632,0.3490019,3.371174,0.2054737,0.4744658,3.417751,0.1455412,0.1764684,3.28014,0.1069237,-0.2032425,3.416218,0.3359641,0.4776629,3.408571,0.3077786,0.148282,3.438515,0.2691906,-0.2122549,3.469178,0.2674153,1.001991,3.457394
72057594038042242,0,0.8612122,106249.4,0.2842418,0.4760633,3.433409,0.2825127,1.203496,3.449124,0.1439269,0.9543422,3.411471,0.07775859,0.6956533,3.49141,0.1241485,0.4870446,3.298263,0.1499856,0.4559619,3.254107,0.4174828,0.9341182,3.422645,0.4389144,0.6514144,3.417349,0.5017985,0.4239172,3.359492,0.5073642,0.3512993,3.344396,0.2182611,0.4735977,3.398408,0.1571779,0.1728222,3.230687,0.1349885,-0.224058,3.345843,0.3447791,0.476866,3.397821,0.313086,0.1498965,3.428882,0.2693214,-0.2131827,3.465167,0.2764032,1.004985,3.440005
72057594038042242,0,0.8612122,106249.4,0.2842418,0.4760633,3.433409,0.2825127,1.203496,3.449124,0.1439269,0.9543422,3.411471,0.07775859,0.6956533,3.49141,0.1241485,0.4870446,3.298263,0.1499856,0.4559619,3.254107,0.4174828,0.9341182,3.422645,0.4389144,0.6514144,3.417349,0.5017985,0.4239172,3.359492,0.5073642,0.3512993,3.344396,0.2182611,0.4735977,3.398408,0.1571779,0.1728222,3.230687,0.1349885,-0.224058,3.345843,0.3447791,0.476866,3.397821,0.313086,0.1498965,3.428882,0.2693214,-0.2131827,3.465167,0.2764032,1.004985,3.440005
72057594038042242,0,0.8612122,106249.4,0.2842418,0.4760633,3.433409,0.2825127,1.203496,3.449124,0.1439269,0.9543422,3.411471,0.07775859,0.6956533,3.49141,0.1241485,0.4870446,3.298263,0.1499856,0.4559619,3.254107,0.4174828,0.9341182,3.422645,0.4389144,0.6514144,3.417349,0.5017985,0.4239172,3.359492,0.5073642,0.3512993,3.344396,0.2182611,0.4735977,3.398408,0.1571779,0.1728222,3.230687,0.1349885,-0.224058,3.345843,0.3447791,0.476866,3.397821,0.313086,0.1498965,3.428882,0.2693214,-0.2131827,3.465167,0.2764032,1.004985,3.440005
72057594038042242,0,0.8612122,106249.4,0.2842418,0.4760633,3.433409,0.2825127,1.203496,3.449124,0.1439269,0.9543422,3.411471,0.07775859,0.6956533,3.49141,0.1241485,0.4870446,3.298263,0.1499856,0.4559619,3.254107,0.4174828,0.9341182,3.422645,0.4389144,0.6514144,3.417349,0.5017985,0.4239172,3.359492,0.5073642,0.3512993,3.344396,0.2182611,0.4735977,3.398408,0.1571779,0.1728222,3.230687,0.1349885,-0.224058,3.345843,0.3447791,0.476866,3.397821,0.313086,0.1498965,3.428882,0.2693214,-0.2131827,3.465167,0.2764032,1.004985,3.440005
72057594038042242,0,0.8612122,106249.4,0.2842418,0.4760633,3.433409,0.2825127,1.203496,3.449124,0.1439269,0.9543422,3.411471,0.07775859,0.6956533,3.49141,0.1241485,0.4870446,3.298263,0.1499856,0.4559619,3.254107,0.4174828,0.9341182,3.422645,0.4389144,0.6514144,3.417349,0.5017985,0.4239172,3.359492,0.5073642,0.3512993,3.344396,0.2182611,0.4735977,3.398408,0.1571779,0.1728222,3.230687,0.1349885,-0.224058,3.345843,0.3447791,0.476866,3.397821,0.313086,0.1498965,3.428882,0.2693214,-0.2131827,3.465167,0.2764032,1.004985,3.440005
72057594038042242,0,0.8612122,106249.4,0.2842418,0.4760633,3.433409,0.2825127,1.203496,3.449124,0.1439269,0.9543422,3.411471,0.07775859,0.6956533,3.49141,0.1241485,0.4870446,3.298263,0.1499856,0.4559619,3.254107,0.4174828,0.9341182,3.422645,0.4389144,0.6514144,3.417349,0.5017985,0.4239172,3.359492,0.5073642,0.3512993,3.344396,0.2182611,0.4735977,3.398408,0.1571779,0.1728222,3.230687,0.1349885,-0.224058,3.345843,0.3447791,0.476866,3.397821,0.313086,0.1498965,3.428882,0.2693214,-0.2131827,3.465167,0.2764032,1.004985,3.440005
72057594038042242,0,0.8612122,106249.4,0.2842418,0.4760633,3.433409,0.2825127,1.203496,3.449124,0.1439269,0.9543422,3.411471,0.07775859,0.6956533,3.49141,0.1241485,0.4870446,3.298263,0.1499856,0.4559619,3.254107,0.4174828,0.9341182,3.422645,0.4389144,0.6514144,3.417349,0.5017985,0.4239172,3.359492,0.5073642,0.3512993,3.344396,0.2182611,0.4735977,3.398408,0.1571779,0.1728222,3.230687,0.1349885,-0.224058,3.345843,0.3447791,0.476866,3.397821,0.313086,0.1498965,3.428882,0.2693214,-0.2131827,3.465167,0.2764032,1.004985,3.440005
72057594038042242,0,0.8612122,106249.4,0.2842418,0.4760633,3.433409,0.2825127,1.203496,3.449124,0.1439269,0.9543422,3.411471,0.07775859,0.6956533,3.49141,0.1241485,0.4870446,3.298263,0.1499856,0.4559619,3.254107,0.4174828,0.9341182,3.422645,0.4389144,0.6514144,3.417349,0.5017985,0.4239172,3.359492,0.5073642,0.3512993,3.344396,0.2182611,0.4735977,3.398408,0.1571779,0.1728222,3.230687,0.1349885,-0.224058,3.345843,0.3447791,0.476866,3.397821,0.313086,0.1498965,3.428882,0.2693214,-0.2131827,3.465167,0.2764032,1.004985,3.440005
72057594038042242,0,0.8612122,106249.4,0.2842418,0.4760633,3.433409,0.2825127,1.203496,3.449124,0.1439269,0.9543422,3.411471,0.07775859,0.6956533,3.49141,0.1241485,0.4870446,3.298263,0.1499856,0.4559619,3.254107,0.4174828,0.9341182,3.422645,0.4389144,0.6514144,3.417349,0.5017985,0.4239172,3.359492,0.5073642,0.3512993,3.344396,0.2182611,0.4735977,3.398408,0.1571779,0.1728222,3.230687,0.1349885,-0.224058,3.345843,0.3447791,0.476866,3.397821,0.313086,0.1498965,3.428882,0.2693214,-0.2131827,3.465167,0.2764032,1.004985,3.440005
72057594038042242,0,0.8612122,106249.4,0.2842418,0.4760633,3.433409,0.2825127,1.203496,3.449124,0.1439269,0.9543422,3.411471,0.07775859,0.6956533,3.49141,0.1241485,0.4870446,3.298263,0.1499856,0.4559619,3.254107,0.4174828,0.9341182,3.422645,0.4389144,0.6514144,3.417349,0.5017985,0.4239172,3.359492,0.5073642,0.3512993,3.344396,0.2182611,0.4735977,3.398408,0.1571779,0.1728222,3.230687,0.1349885,-0.224058,3.345843,0.3447791,0.476866,3.397821,0.313086,0.1498965,3.428882,0.2693214,-0.2131827,3.465167,0.2764032,1.004985,3.440005
72057594038042242,0,0.8612122,106249.4,0.2842418,0.4760633,3.433409,0.2825127,1.203496,3.449124,0.1439269,0.9543422,3.411471,0.07775859,0.6956533,3.49141,0.1241485,0.4870446,3.298263,0.1499856,0.4559619,3.254107,0.4174828,0.9341182,3.422645,0.4389144,0.6514144,3.417349,0.5017985,0.4239172,3.359492,0.5073642,0.3512993,3.344396,0.2182611,0.4735977,3.398408,0.1571779,0.1728222,3.230687,0.1349885,-0.224058,3.345843,0.3447791,0.476866,3.397821,0.313086,0.1498965,3.428882,0.2693214,-0.2131827,3.465167,0.2764032,1.004985,3.440005
72057594038042242,0,0.8467814,106249.4,0.2857209,0.4750036,3.414247,0.2911538,1.204264,3.428316,0.1463216,0.9537574,3.396493,0.1102561,0.6832198,3.436085,0.1710868,0.4710543,3.250174,0.1916355,0.4401539,3.228915,0.4249859,0.9279234,3.401758,0.441322,0.6582447,3.403807,0.5064027,0.4253706,3.353578,0.5129539,0.3599674,3.333917,0.2180918,0.4737824,3.378859,0.1631572,0.1692901,3.221253,0.1434036,-0.2158094,3.267704,0.3476796,0.4744614,3.379512,0.3207538,0.1587995,3.413749,0.2657788,-0.212791,3.460383,0.2863464,1.002111,3.415704
72057594038042242,0,0.8467814,106249.4,0.2857209,0.4750036,3.414247,0.2911538,1.204264,3.428316,0.1463216,0.9537574,3.396493,0.1102561,0.6832198,3.436085,0.1710868,0.4710543,3.250174,0.1916355,0.4401539,3.228915,0.4249859,0.9279234,3.401758,0.441322,0.6582447,3.403807,0.5064027,0.4253706,3.353578,0.5129539,0.3599674,3.333917,0.2180918,0.4737824,3.378859,0.1631572,0.1692901,3.221253,0.1434036,-0.2158094,3.267704,0.3476796,0.4744614,3.379512,0.3207538,0.1587995,3.413749,0.2657788,-0.212791,3.460383,0.2863464,1.002111,3.415704
72057594038042242,0,0.8467814,106249.4,0.2857209,0.4750036,3.414247,0.2911538,1.204264,3.428316,0.1463216,0.9537574,3.396493,0.1102561,0.6832198,3.436085,0.1710868,0.4710543,3.250174,0.1916355,0.4401539,3.228915,0.4249859,0.9279234,3.401758,0.441322,0.6582447,3.403807,0.5064027,0.4253706,3.353578,0.5129539,0.3599674,3.333917,0.2180918,0.4737824,3.378859,0.1631572,0.1692901,3.221253,0.1434036,-0.2158094,3.267704,0.3476796,0.4744614,3.379512,0.3207538,0.1587995,3.413749,0.2657788,-0.212791,3.460383,0.2863464,1.002111,3.415704
72057594038042242,0,0.8467814,106249.4,0.2857209,0.4750036,3.414247,0.2911538,1.204264,3.428316,0.1463216,0.9537574,3.396493,0.1102561,0.6832198,3.436085,0.1710868,0.4710543,3.250174,0.1916355,0.4401539,3.228915,0.4249859,0.9279234,3.401758,0.441322,0.6582447,3.403807,0.5064027,0.4253706,3.353578,0.5129539,0.3599674,3.333917,0.2180918,0.4737824,3.378859,0.1631572,0.1692901,3.221253,0.1434036,-0.2158094,3.267704,0.3476796,0.4744614,3.379512,0.3207538,0.1587995,3.413749,0.2657788,-0.212791,3.460383,0.2863464,1.002111,3.415704
72057594038042242,0,0.8467814,106249.4,0.2857209,0.4750036,3.414247,0.2911538,1.204264,3.428316,0.1463216,0.9537574,3.396493,0.1102561,0.6832198,3.436085,0.1710868,0.4710543,3.250174,0.1916355,0.4401539,3.228915,0.4249859,0.9279234,3.401758,0.441322,0.6582447,3.403807,0.5064027,0.4253706,3.353578,0.5129539,0.3599674,3.333917,0.2180918,0.4737824,3.378859,0.1631572,0.1692901,3.221253,0.1434036,-0.2158094,3.267704,0.3476796,0.4744614,3.379512,0.3207538,0.1587995,3.413749,0.2657788,-0.212791,3.460383,0.2863464,1.002111,3.415704
72057594038042242,0,0.8467814,106249.4,0.2857209,0.4750036,3.414247,0.2911538,1.204264,3.428316,0.1463216,0.9537574,3.396493,0.1102561,0.6832198,3.436085,0.1710868,0.4710543,3.250174,0.1916355,0.4401539,3.228915,0.4249859,0.9279234,3.401758,0.441322,0.6582447,3.403807,0.5064027,0.4253706,3.353578,0.5129539,0.3599674,3.333917,0.2180918,0.4737824,3.378859,0.1631572,0.1692901,3.221253,0.1434036,-0.2158094,3.267704,0.3476796,0.4744614,3.379512,0.3207538,0.1587995,3.413749,0.2657788,-0.212791,3.460383,0.2863464,1.002111,3.415704
72057594038042242,0,0.8467814,106249.4,0.2857209,0.4750036,3.414247,0.2911538,1.204264,3.428316,0.1463216,0.9537574,3.396493,0.1102561,0.6832198,3.436085,0.1710868,0.4710543,3.250174,0.1916355,0.4401539,3.228915,0.4249859,0.9279234,3.401758,0.441322,0.6582447,3.403807,0.5064027,0.4253706,3.353578,0.5129539,0.3599674,3.333917,0.2180918,0.4737824,3.378859,0.1631572,0.1692901,3.221253,0.1434036,-0.2158094,3.267704,0.3476796,0.4744614,3.379512,0.3207538,0.1587995,3.413749,0.2657788,-0.212791,3.460383,0.2863464,1.002111,3.415704
72057594038042242,0,0.8467814,106249.4,0.2857209,0.4750036,3.414247,0.2911538,1.204264,3.428316,0.1463216,0.9537574,3.396493,0.1102561,0.6832198,3.436085,0.1710868,0.4710543,3.250174,0.1916355,0.4401539,3.228915,0.4249859,0.9279234,3.401758,0.441322,0.6582447,3.403807,0.5064027,0.4253706,3.353578,0.5129539,0.3599674,3.333917,0.2180918,0.4737824,3.378859,0.1631572,0.1692901,3.221253,0.1434036,-0.2158094,3.267704,0.3476796,0.4744614,3.379512,0.3207538,0.1587995,3.413749,0.2657788,-0.212791,3.460383,0.2863464,1.002111,3.415704
72057594038042242,0,0.8467814,106249.4,0.2857209,0.4750036,3.414247,0.2911538,1.204264,3.428316,0.1463216,0.9537574,3.396493,0.1102561,0.6832198,3.436085,0.1710868,0.4710543,3.250174,0.1916355,0.4401539,3.228915,0.4249859,0.9279234,3.401758,0.441322,0.6582447,3.403807,0.5064027,0.4253706,3.353578,0.5129539,0.3599674,3.333917,0.2180918,0.4737824,3.378859,0.1631572,0.1692901,3.221253,0.1434036,-0.2158094,3.267704,0.3476796,0.4744614,3.379512,0.3207538,0.1587995,3.413749,0.2657788,-0.212791,3.460383,0.2863464,1.002111,3.415704
72057594038042242,0,0.8467814,106249.4,0.2857209,0.4750036,3.414247,0.2911538,1.204264,3.428316,0.1463216,0.9537574,3.396493,0.1102561,0.6832198,3.436085,0.1710868,0.4710543,3.250174,0.1916355,0.4401539,3.228915,0.4249859,0.9279234,3.401758,0.441322,0.6582447,3.403807,0.5064027,0.4253706,3.353578,0.5129539,0.3599674,3.333917,0.2180918,0.4737824,3.378859,0.1631572,0.1692901,3.221253,0.1434036,-0.2158094,3.267704,0.3476796,0.4744614,3.379512,0.3207538,0.1587995,3.413749,0.2657788,-0.212791,3.460383,0.2863464,1.002111,3.415704
72057594038042242,0,0.8358015,106249.4,0.2901443,0.4727241,3.397082,0.2960714,1.197948,3.412251,0.1545072,0.9548633,3.372501,0.111534,0.686749,3.424541,0.1714079,0.4711857,3.241264,0.1924179,0.4446808,3.213729,0.4261398,0.9262285,3.376725,0.4495337,0.6612277,3.381295,0.5202932,0.4250723,3.32906,0.5248307,0.3635252,3.320511,0.2219465,0.471617,3.355122,0.1719796,0.1594157,3.193411,0.1583608,-0.2169365,3.187591,0.3522449,0.4721448,3.36778,0.3374828,0.1667758,3.400949,0.2664177,-0.2138881,3.459847,0.2918275,1.000483,3.398697
72057594038042242,0,0.8358015,106249.4,0.2901443,0.4727241,3.397082,0.2960714,1.197948,3.412251,0.1545072,0.9548633,3.372501,0.111534,0.686749,3.424541,0.1714079,0.4711857,3.241264,0.1924179,0.4446808,3.213729,0.4261398,0.9262285,3.376725,0.4495337,0.6612277,3.381295,0.5202932,0.4250723,3.32906,0.5248307,0.3635252,3.320511,0.2219465,0.471617,3.355122,0.1719796,0.1594157,3.193411,0.1583608,-0.2169365,3.187591,0.3522449,0.4721448,3.36778,0.3374828,0.1667758,3.400949,0.2664177,-0.2138881,3.459847,0.2918275,1.000483,3.398697
72057594038042242,0,0.8358015,106249.4,0.2901443,0.4727241,3.397082,0.2960714,1.197948,3.412251,0.1545072,0.9548633,3.372501,0.111534,0.686749,3.424541,0.1714079,0.4711857,3.241264,0.1924179,0.4446808,3.213729,0.4261398,0.9262285,3.376725,0.4495337,0.6612277,3.381295,0.5202932,0.4250723,3.32906,0.5248307,0.3635252,3.320511,0.2219465,0.471617,3.355122,0.1719796,0.1594157,3.193411,0.1583608,-0.2169365,3.187591,0.3522449,0.4721448,3.36778,0.3374828,0.1667758,3.400949,0.2664177,-0.2138881,3.459847,0.2918275,1.000483,3.398697
72057594038042242,0,0.8358015,106249.4,0.2901443,0.4727241,3.397082,0.2960714,1.197948,3.412251,0.1545072,0.9548633,3.372501,0.111534,0.686749,3.424541,0.1714079,0.4711857,3.241264,0.1924179,0.4446808,3.213729,0.4261398,0.9262285,3.376725,0.4495337,0.6612277,3.381295,0.5202932,0.4250723,3.32906,0.5248307,0.3635252,3.320511,0.2219465,0.471617,3.355122,0.1719796,0.1594157,3.193411,0.1583608,-0.2169365,3.187591,0.3522449,0.4721448,3.36778,0.3374828,0.1667758,3.400949,0.2664177,-0.2138881,3.459847,0.2918275,1.000483,3.398697
72057594038042242,0,0.8358015,106249.4,0.2901443,0.4727241,3.397082,0.2960714,1.197948,3.412251,0.1545072,0.9548633,3.372501,0.111534,0.686749,3.424541,0.1714079,0.4711857,3.241264,0.1924179,0.4446808,3.213729,0.4261398,0.9262285,3.376725,0.4495337,0.6612277,3.381295,0.5202932,0.4250723,3.32906,0.5248307,0.3635252,3.320511,0.2219465,0.471617,3.355122,0.1719796,0.1594157,3.193411,0.1583608,-0.2169365,3.187591,0.3522449,0.4721448,3.36778,0.3374828,0.1667758,3.400949,0.2664177,-0.2138881,3.459847,0.2918275,1.000483,3.398697
72057594038042242,0,0.8358015,106249.4,0.2901443,0.4727241,3.397082,0.2960714,1.197948,3.412251,0.1545072,0.9548633,3.372501,0.111534,0.686749,3.424541,0.1714079,0.4711857,3.241264,0.1924179,0.4446808,3.213729,0.4261398,0.9262285,3.376725,0.4495337,0.6612277,3.381295,0.5202932,0.4250723,3.32906,0.5248307,0.3635252,3.320511,0.2219465,0.471617,3.355122,0.1719796,0.1594157,3.193411,0.1583608,-0.2169365,3.187591,0.3522449,0.4721448,3.36778,0.3374828,0.1667758,3.400949,0.2664177,-0.2138881,3.459847,0.2918275,1.000483,3.398697
72057594038042242,0,0.8358015,106249.4,0.2901443,0.4727241,3.397082,0.2960714,1.197948,3.412251,0.1545072,0.9548633,3.372501,0.111534,0.686749,3.424541,0.1714079,0.4711857,3.241264,0.1924179,0.4446808,3.213729,0.4261398,0.9262285,3.376725,0.4495337,0.6612277,3.381295,0.5202932,0.4250723,3.32906,0.5248307,0.3635252,3.320511,0.2219465,0.471617,3.355122,0.1719796,0.1594157,3.193411,0.1583608,-0.2169365,3.187591,0.3522449,0.4721448,3.36778,0.3374828,0.1667758,3.400949,0.2664177,-0.2138881,3.459847,0.2918275,1.000483,3.398697
72057594038042242,0,0.8358015,106249.5,0.2901443,0.4727241,3.397082,0.2960714,1.197948,3.412251,0.1545072,0.9548633,3.372501,0.111534,0.686749,3.424541,0.1714079,0.4711857,3.241264,0.1924179,0.4446808,3.213729,0.4261398,0.9262285,3.376725,0.4495337,0.6612277,3.381295,0.5202932,0.4250723,3.32906,0.5248307,0.3635252,3.320511,0.2219465,0.471617,3.355122,0.1719796,0.1594157,3.193411,0.1583608,-0.2169365,3.187591,0.3522449,0.4721448,3.36778,0.3374828,0.1667758,3.400949,0.2664177,-0.2138881,3.459847,0.2918275,1.000483,3.398697
72057594038042242,0,0.8358015,106249.5,0.2901443,0.4727241,3.397082,0.2960714,1.197948,3.412251,0.1545072,0.9548633,3.372501,0.111534,0.686749,3.424541,0.1714079,0.4711857,3.241264,0.1924179,0.4446808,3.213729,0.4261398,0.9262285,3.376725,0.4495337,0.6612277,3.381295,0.5202932,0.4250723,3.32906,0.5248307,0.3635252,3.320511,0.2219465,0.471617,3.355122,0.1719796,0.1594157,3.193411,0.1583608,-0.2169365,3.187591,0.3522449,0.4721448,3.36778,0.3374828,0.1667758,3.400949,0.2664177,-0.2138881,3.459847,0.2918275,1.000483,3.398697
72057594038042242,0,0.8358015,106249.5,0.2901443,0.4727241,3.397082,0.2960714,1.197948,3.412251,0.1545072,0.9548633,3.372501,0.111534,0.686749,3.424541,0.1714079,0.4711857,3.241264,0.1924179,0.4446808,3.213729,0.4261398,0.9262285,3.376725,0.4495337,0.6612277,3.381295,0.5202932,0.4250723,3.32906,0.5248307,0.3635252,3.320511,0.2219465,0.471617,3.355122,0.1719796,0.1594157,3.193411,0.1583608,-0.2169365,3.187591,0.3522449,0.4721448,3.36778,0.3374828,0.1667758,3.400949,0.2664177,-0.2138881,3.459847,0.2918275,1.000483,3.398697
72057594038042242,0,0.8358015,106249.5,0.2901443,0.4727241,3.397082,0.2960714,1.197948,3.412251,0.1545072,0.9548633,3.372501,0.111534,0.686749,3.424541,0.1714079,0.4711857,3.241264,0.1924179,0.4446808,3.213729,0.4261398,0.9262285,3.376725,0.4495337,0.6612277,3.381295,0.5202932,0.4250723,3.32906,0.5248307,0.3635252,3.320511,0.2219465,0.471617,3.355122,0.1719796,0.1594157,3.193411,0.1583608,-0.2169365,3.187591,0.3522449,0.4721448,3.36778,0.3374828,0.1667758,3.400949,0.2664177,-0.2138881,3.459847,0.2918275,1.000483,3.398697
72057594038042242,0,0.8284713,106249.5,0.2962822,0.4687912,3.3824,0.3008638,1.197289,3.395487,0.1601488,0.9518667,3.344336,0.1206289,0.7017593,3.377467,0.2526491,0.484138,3.243098,0.2351625,0.4659628,3.221001,0.4285939,0.9212441,3.355839,0.4543739,0.6666032,3.364808,0.5225351,0.431602,3.325016,0.53411,0.3677872,3.306861,0.2259686,0.4680641,3.345677,0.1897788,0.1983917,3.166225,0.1786383,-0.2052627,3.097725,0.3607431,0.4680635,3.348063,0.3417568,0.1668776,3.393448,0.2685927,-0.2260427,3.448003,0.2951989,0.9984666,3.381944
72057594038042242,0,0.8284713,106249.5,0.2962822,0.4687912,3.3824,0.3008638,1.197289,3.395487,0.1601488,0.9518667,3.344336,0.1206289,0.7017593,3.377467,0.2526491,0.484138,3.243098,0.2351625,0.4659628,3.221001,0.4285939,0.9212441,3.355839,0.4543739,0.6666032,3.364808,0.5225351,0.431602,3.325016,0.53411,0.3677872,3.306861,0.2259686,0.4680641,3.345677,0.1897788,0.1983917,3.166225,0.1786383,-0.2052627,3.097725,0.3607431,0.4680635,3.348063,0.3417568,0.1668776,3.393448,0.2685927,-0.2260427,3.448003,0.2951989,0.9984666,3.381944
72057594038042242,0,0.8284713,106249.5,0.2962822,0.4687912,3.3824,0.3008638,1.197289,3.395487,0.1601488,0.9518667,3.344336,0.1206289,0.7017593,3.377467,0.2526491,0.484138,3.243098,0.2351625,0.4659628,3.221001,0.4285939,0.9212441,3.355839,0.4543739,0.6666032,3.364808,0.5225351,0.431602,3.325016,0.53411,0.3677872,3.306861,0.2259686,0.4680641,3.345677,0.1897788,0.1983917,3.166225,0.1786383,-0.2052627,3.097725,0.3607431,0.4680635,3.348063,0.3417568,0.1668776,3.393448,0.2685927,-0.2260427,3.448003,0.2951989,0.9984666,3.381944
72057594038042242,0,0.8284713,106249.5,0.2962822,0.4687912,3.3824,0.3008638,1.197289,3.395487,0.1601488,0.9518667,3.344336,0.1206289,0.7017593,3.377467,0.2526491,0.484138,3.243098,0.2351625,0.4659628,3.221001,0.4285939,0.9212441,3.355839,0.4543739,0.6666032,3.364808,0.5225351,0.431602,3.325016,0.53411,0.3677872,3.306861,0.2259686,0.4680641,3.345677,0.1897788,0.1983917,3.166225,0.1786383,-0.2052627,3.097725,0.3607431,0.4680635,3.348063,0.3417568,0.1668776,3.393448,0.2685927,-0.2260427,3.448003,0.2951989,0.9984666,3.381944
72057594038042242,0,0.8284713,106249.5,0.2962822,0.4687912,3.3824,0.3008638,1.197289,3.395487,0.1601488,0.9518667,3.344336,0.1206289,0.7017593,3.377467,0.2526491,0.484138,3.243098,0.2351625,0.4659628,3.221001,0.4285939,0.9212441,3.355839,0.4543739,0.6666032,3.364808,0.5225351,0.431602,3.325016,0.53411,0.3677872,3.306861,0.2259686,0.4680641,3.345677,0.1897788,0.1983917,3.166225,0.1786383,-0.2052627,3.097725,0.3607431,0.4680635,3.348063,0.3417568,0.1668776,3.393448,0.2685927,-0.2260427,3.448003,0.2951989,0.9984666,3.381944
72057594038042242,0,0.8284713,106249.5,0.2962822,0.4687912,3.3824,0.3008638,1.197289,3.395487,0.1601488,0.9518667,3.344336,0.1206289,0.7017593,3.377467,0.2526491,0.484138,3.243098,0.2351625,0.4659628,3.221001,0.4285939,0.9212441,3.355839,0.4543739,0.6666032,3.364808,0.5225351,0.431602,3.325016,0.53411,0.3677872,3.306861,0.2259686,0.4680641,3.345677,0.1897788,0.1983917,3.166225,0.1786383,-0.2052627,3.097725,0.3607431,0.4680635,3.348063,0.3417568,0.1668776,3.393448,0.2685927,-0.2260427,3.448003,0.2951989,0.9984666,3.381944
72057594038042242,0,0.8284713,106249.5,0.2962822,0.4687912,3.3824,0.3008638,1.197289,3.395487,0.1601488,0.9518667,3.344336,0.1206289,0.7017593,3.377467,0.2526491,0.484138,3.243098,0.2351625,0.4659628,3.221001,0.4285939,0.9212441,3.355839,0.4543739,0.6666032,3.364808,0.5225351,0.431602,3.325016,0.53411,0.3677872,3.306861,0.2259686,0.4680641,3.345677,0.1897788,0.1983917,3.166225,0.1786383,-0.2052627,3.097725,0.3607431,0.4680635,3.348063,0.3417568,0.1668776,3.393448,0.2685927,-0.2260427,3.448003,0.2951989,0.9984666,3.381944
72057594038042242,0,0.8284713,106249.5,0.2962822,0.4687912,3.3824,0.3008638,1.197289,3.395487,0.1601488,0.9518667,3.344336,0.1206289,0.7017593,3.377467,0.2526491,0.484138,3.243098,0.2351625,0.4659628,3.221001,0.4285939,0.9212441,3.355839,0.4543739,0.6666032,3.364808,0.5225351,0.431602,3.325016,0.53411,0.3677872,3.306861,0.2259686,0.4680641,3.345677,0.1897788,0.1983917,3.166225,0.1786383,-0.2052627,3.097725,0.3607431,0.4680635,3.348063,0.3417568,0.1668776,3.393448,0.2685927,-0.2260427,3.448003,0.2951989,0.9984666,3.381944
72057594038042242,0,0.8284713,106249.5,0.2962822,0.4687912,3.3824,0.3008638,1.197289,3.395487,0.1601488,0.9518667,3.344336,0.1206289,0.7017593,3.377467,0.2526491,0.484138,3.243098,0.2351625,0.4659628,3.221001,0.4285939,0.9212441,3.355839,0.4543739,0.6666032,3.364808,0.5225351,0.431602,3.325016,0.53411,0.3677872,3.306861,0.2259686,0.4680641,3.345677,0.1897788,0.1983917,3.166225,0.1786383,-0.2052627,3.097725,0.3607431,0.4680635,3.348063,0.3417568,0.1668776,3.393448,0.2685927,-0.2260427,3.448003,0.2951989,0.9984666,3.381944
72057594038042242,0,0.8197923,106249.5,0.3033729,0.4637603,3.364417,0.307133,1.194887,3.358047,0.1627833,0.950313,3.323191,0.1205091,0.6952145,3.366695,0.1942967,0.4732087,3.196202,0.1812459,0.4631379,3.186683,0.4324977,0.9170004,3.331613,0.4610808,0.6579218,3.345933,0.5352102,0.4354585,3.297287,0.5436364,0.4044445,3.296684,0.233836,0.4631964,3.326705,0.1988742,0.175248,3.151422,0.1979431,-0.2158037,3.003906,0.3666805,0.4629245,3.332155,0.3514005,0.1639825,3.382329,0.2770853,-0.2170017,3.444731,0.2989928,0.9925755,3.344229
72057594038042242,0,0.8197923,106249.5,0.3033729,0.4637603,3.364417,0.307133,1.194887,3.358047,0.1627833,0.950313,3.323191,0.1205091,0.6952145,3.366695,0.1942967,0.4732087,3.196202,0.1812459,0.4631379,3.186683,0.4324977,0.9170004,3.331613,0.4610808,0.6579218,3.345933,0.5352102,0.4354585,3.297287,0.5436364,0.4044445,3.296684,0.233836,0.4631964,3.326705,0.1988742,0.175248,3.151422,0.1979431,-0.2158037,3.003906,0.3666805,0.4629245,3.332155,0.3514005,0.1639825,3.382329,0.2770853,-0.2170017,3.444731,0.2989928,0.9925755,3.344229
72057594038042242,0,0.8197923,106249.5,0.3033729,0.4637603,3.364417,0.307133,1.194887,3.358047,0.1627833,0.950313,3.323191,0.1205091,0.6952145,3.366695,0.1942967,0.4732087,3.196202,0.1812459,0.4631379,3.186683,0.4324977,0.9170004,3.331613,0.4610808,0.6579218,3.345933,0.5352102,0.4354585,3.297287,0.5436364,0.4044445,3.296684,0.233836,0.4631964,3.326705,0.1988742,0.175248,3.151422,0.1979431,-0.2158037,3.003906,0.3666805,0.4629245,3.332155,0.3514005,0.1639825,3.382329,0.2770853,-0.2170017,3.444731,0.2989928,0.9925755,3.344229
72057594038042242,0,0.8197923,106249.5,0.3033729,0.4637603,3.364417,0.307133,1.194887,3.358047,0.1627833,0.950313,3.323191,0.1205091,0.6952145,3.366695,0.1942967,0.4732087,3.196202,0.1812459,0.4631379,3.186683,0.4324977,0.9170004,3.331613,0.4610808,0.6579218,3.345933,0.5352102,0.4354585,3.297287,0.5436364,0.4044445,3.296684,0.233836,0.4631964,3.326705,0.1988742,0.175248,3.151422,0.1979431,-0.2158037,3.003906,0.3666805,0.4629245,3.332155,0.3514005,0.1639825,3.382329,0.2770853,-0.2170017,3.444731,0.2989928,0.9925755,3.344229
72057594038042242,0,0.8197923,106249.5,0.3033729,0.4637603,3.364417,0.307133,1.194887,3.358047,0.1627833,0.950313,3.323191,0.1205091,0.6952145,3.366695,0.1942967,0.4732087,3.196202,0.1812459,0.4631379,3.186683,0.4324977,0.9170004,3.331613,0.4610808,0.6579218,3.345933,0.5352102,0.4354585,3.297287,0.5436364,0.4044445,3.296684,0.233836,0.4631964,3.326705,0.1988742,0.175248,3.151422,0.1979431,-0.2158037,3.003906,0.3666805,0.4629245,3.332155,0.3514005,0.1639825,3.382329,0.2770853,-0.2170017,3.444731,0.2989928,0.9925755,3.344229
72057594038042242,0,0.8197923,106249.5,0.3033729,0.4637603,3.364417,0.307133,1.194887,3.358047,0.1627833,0.950313,3.323191,0.1205091,0.6952145,3.366695,0.1942967,0.4732087,3.196202,0.1812459,0.4631379,3.186683,0.4324977,0.9170004,3.331613,0.4610808,0.6579218,3.345933,0.5352102,0.4354585,3.297287,0.5436364,0.4044445,3.296684,0.233836,0.4631964,3.326705,0.1988742,0.175248,3.151422,0.1979431,-0.2158037,3.003906,0.3666805,0.4629245,3.332155,0.3514005,0.1639825,3.382329,0.2770853,-0.2170017,3.444731,0.2989928,0.9925755,3.344229
72057594038042242,0,0.8197923,106249.5,0.3033729,0.4637603,3.364417,0.307133,1.194887,3.358047,0.1627833,0.950313,3.323191,0.1205091,0.6952145,3.366695,0.1942967,0.4732087,3.196202,0.1812459,0.4631379,3.186683,0.4324977,0.9170004,3.331613,0.4610808,0.6579218,3.345933,0.5352102,0.4354585,3.297287,0.5436364,0.4044445,3.296684,0.233836,0.4631964,3.326705,0.1988742,0.175248,3.151422,0.1979431,-0.2158037,3.003906,0.3666805,0.4629245,3.332155,0.3514005,0.1639825,3.382329,0.2770853,-0.2170017,3.444731,0.2989928,0.9925755,3.344229
72057594038042242,0,0.8197923,106249.5,0.3033729,0.4637603,3.364417,0.307133,1.194887,3.358047,0.1627833,0.950313,3.323191,0.1205091,0.6952145,3.366695,0.1942967,0.4732087,3.196202,0.1812459,0.4631379,3.186683,0.4324977,0.9170004,3.331613,0.4610808,0.6579218,3.345933,0.5352102,0.4354585,3.297287,0.5436364,0.4044445,3.296684,0.233836,0.4631964,3.326705,0.1988742,0.175248,3.151422,0.1979431,-0.2158037,3.003906,0.3666805,0.4629245,3.332155,0.3514005,0.1639825,3.382329,0.2770853,-0.2170017,3.444731,0.2989928,0.9925755,3.344229
72057594038042242,0,0.8197923,106249.5,0.3033729,0.4637603,3.364417,0.307133,1.194887,3.358047,0.1627833,0.950313,3.323191,0.1205091,0.6952145,3.366695,0.1942967,0.4732087,3.196202,0.1812459,0.4631379,3.186683,0.4324977,0.9170004,3.331613,0.4610808,0.6579218,3.345933,0.5352102,0.4354585,3.297287,0.5436364,0.4044445,3.296684,0.233836,0.4631964,3.326705,0.1988742,0.175248,3.151422,0.1979431,-0.2158037,3.003906,0.3666805,0.4629245,3.332155,0.3514005,0.1639825,3.382329,0.2770853,-0.2170017,3.444731,0.2989928,0.9925755,3.344229
72057594038042242,0,0.8197923,106249.5,0.3033729,0.4637603,3.364417,0.307133,1.194887,3.358047,0.1627833,0.950313,3.323191,0.1205091,0.6952145,3.366695,0.1942967,0.4732087,3.196202,0.1812459,0.4631379,3.186683,0.4324977,0.9170004,3.331613,0.4610808,0.6579218,3.345933,0.5352102,0.4354585,3.297287,0.5436364,0.4044445,3.296684,0.233836,0.4631964,3.326705,0.1988742,0.175248,3.151422,0.1979431,-0.2158037,3.003906,0.3666805,0.4629245,3.332155,0.3514005,0.1639825,3.382329,0.2770853,-0.2170017,3.444731,0.2989928,0.9925755,3.344229
72057594038042242,0,0.8197923,106249.5,0.3033729,0.4637603,3.364417,0.307133,1.194887,3.358047,0.1627833,0.950313,3.323191,0.1205091,0.6952145,3.366695,0.1942967,0.4732087,3.196202,0.1812459,0.4631379,3.186683,0.4324977,0.9170004,3.331613,0.4610808,0.6579218,3.345933,0.5352102,0.4354585,3.297287,0.5436364,0.4044445,3.296684,0.233836,0.4631964,3.326705,0.1988742,0.175248,3.151422,0.1979431,-0.2158037,3.003906,0.3666805,0.4629245,3.332155,0.3514005,0.1639825,3.382329,0.2770853,-0.2170017,3.444731,0.2989928,0.9925755,3.344229
72057594038042242,0,0.8004054,106249.5,0.3130656,0.4620007,3.33248,0.3084119,1.191604,3.34771,0.1665043,0.9470118,3.293063,0.1116366,0.7128211,3.363634,0.1929368,0.4830784,3.207732,0.1775289,0.4845985,3.179154,0.4299474,0.9101182,3.296646,0.4686473,0.6562674,3.325157,0.5382078,0.4496048,3.280496,0.5448146,0.4306989,3.272969,0.2415853,0.4595671,3.292385,0.2062646,0.1788976,3.139382,0.2151306,-0.1823265,2.962927,0.378113,0.4627145,3.302247,0.3759247,0.1700426,3.369536,0.2980114,-0.1635196,3.435712,0.3017429,0.993416,3.33509
72057594038042242,0,0.8004054,106249.5,0.3130656,0.4620007,3.33248,0.3084119,1.191604,3.34771,0.1665043,0.9470118,3.293063,0.1116366,0.7128211,3.363634,0.1929368,0.4830784,3.207732,0.1775289,0.4845985,3.179154,0.4299474,0.9101182,3.296646,0.4686473,0.6562674,3.325157,0.5382078,0.4496048,3.280496,0.5448146,0.4306989,3.272969,0.2415853,0.4595671,3.292385,0.2062646,0.1788976,3.139382,0.2151306,-0.1823265,2.962927,0.378113,0.4627145,3.302247,0.3759247,0.1700426,3.369536,0.2980114,-0.1635196,3.435712,0.3017429,0.993416,3.33509
72057594038042242,0,0.8004054,106249.5,0.3130656,0.4620007,3.33248,0.3084119,1.191604,3.34771,0.1665043,0.9470118,3.293063,0.1116366,0.7128211,3.363634,0.1929368,0.4830784,3.207732,0.1775289,0.4845985,3.179154,0.4299474,0.9101182,3.296646,0.4686473,0.6562674,3.325157,0.5382078,0.4496048,3.280496,0.5448146,0.4306989,3.272969,0.2415853,0.4595671,3.292385,0.2062646,0.1788976,3.139382,0.2151306,-0.1823265,2.962927,0.378113,0.4627145,3.302247,0.3759247,0.1700426,3.369536,0.2980114,-0.1635196,3.435712,0.3017429,0.993416,3.33509
72057594038042242,0,0.8004054,106249.5,0.3130656,0.4620007,3.33248,0.3084119,1.191604,3.34771,0.1665043,0.9470118,3.293063,0.1116366,0.7128211,3.363634,0.1929368,0.4830784,3.207732,0.1775289,0.4845985,3.179154,0.4299474,0.9101182,3.296646,0.4686473,0.6562674,3.325157,0.5382078,0.4496048,3.280496,0.5448146,0.4306989,3.272969,0.2415853,0.4595671,3.292385,0.2062646,0.1788976,3.139382,0.2151306,-0.1823265,2.962927,0.378113,0.4627145,3.302247,0.3759247,0.1700426,3.369536,0.2980114,-0.1635196,3.435712,0.3017429,0.993416,3.33509
72057594038042242,0,0.8004054,106249.5,0.3130656,0.4620007,3.33248,0.3084119,1.191604,3.34771,0.1665043,0.9470118,3.293063,0.1116366,0.7128211,3.363634,0.1929368,0.4830784,3.207732,0.1775289,0.4845985,3.179154,0.4299474,0.9101182,3.296646,0.4686473,0.6562674,3.325157,0.5382078,0.4496048,3.280496,0.5448146,0.4306989,3.272969,0.2415853,0.4595671,3.292385,0.2062646,0.1788976,3.139382,0.2151306,-0.1823265,2.962927,0.378113,0.4627145,3.302247,0.3759247,0.1700426,3.369536,0.2980114,-0.1635196,3.435712,0.3017429,0.993416,3.33509
72057594038042242,0,0.8004054,106249.5,0.3130656,0.4620007,3.33248,0.3084119,1.191604,3.34771,0.1665043,0.9470118,3.293063,0.1116366,0.7128211,3.363634,0.1929368,0.4830784,3.207732,0.1775289,0.4845985,3.179154,0.4299474,0.9101182,3.296646,0.4686473,0.6562674,3.325157,0.5382078,0.4496048,3.280496,0.5448146,0.4306989,3.272969,0.2415853,0.4595671,3.292385,0.2062646,0.1788976,3.139382,0.2151306,-0.1823265,2.962927,0.378113,0.4627145,3.302247,0.3759247,0.1700426,3.369536,0.2980114,-0.1635196,3.435712,0.3017429,0.993416,3.33509
72057594038042242,0,0.8004054,106249.6,0.3130656,0.4620007,3.33248,0.3084119,1.191604,3.34771,0.1665043,0.9470118,3.293063,0.1116366,0.7128211,3.363634,0.1929368,0.4830784,3.207732,0.1775289,0.4845985,3.179154,0.4299474,0.9101182,3.296646,0.4686473,0.6562674,3.325157,0.5382078,0.4496048,3.280496,0.5448146,0.4306989,3.272969,0.2415853,0.4595671,3.292385,0.2062646,0.1788976,3.139382,0.2151306,-0.1823265,2.962927,0.378113,0.4627145,3.302247,0.3759247,0.1700426,3.369536,0.2980114,-0.1635196,3.435712,0.3017429,0.993416,3.33509
72057594038042242,0,0.8004054,106249.6,0.3130656,0.4620007,3.33248,0.3084119,1.191604,3.34771,0.1665043,0.9470118,3.293063,0.1116366,0.7128211,3.363634,0.1929368,0.4830784,3.207732,0.1775289,0.4845985,3.179154,0.4299474,0.9101182,3.296646,0.4686473,0.6562674,3.325157,0.5382078,0.4496048,3.280496,0.5448146,0.4306989,3.272969,0.2415853,0.4595671,3.292385,0.2062646,0.1788976,3.139382,0.2151306,-0.1823265,2.962927,0.378113,0.4627145,3.302247,0.3759247,0.1700426,3.369536,0.2980114,-0.1635196,3.435712,0.3017429,0.993416,3.33509
72057594038042242,0,0.8004054,106249.6,0.3130656,0.4620007,3.33248,0.3084119,1.191604,3.34771,0.1665043,0.9470118,3.293063,0.1116366,0.7128211,3.363634,0.1929368,0.4830784,3.207732,0.1775289,0.4845985,3.179154,0.4299474,0.9101182,3.296646,0.4686473,0.6562674,3.325157,0.5382078,0.4496048,3.280496,0.5448146,0.4306989,3.272969,0.2415853,0.4595671,3.292385,0.2062646,0.1788976,3.139382,0.2151306,-0.1823265,2.962927,0.378113,0.4627145,3.302247,0.3759247,0.1700426,3.369536,0.2980114,-0.1635196,3.435712,0.3017429,0.993416,3.33509
72057594038042242,0,0.8004054,106249.6,0.3130656,0.4620007,3.33248,0.3084119,1.191604,3.34771,0.1665043,0.9470118,3.293063,0.1116366,0.7128211,3.363634,0.1929368,0.4830784,3.207732,0.1775289,0.4845985,3.179154,0.4299474,0.9101182,3.296646,0.4686473,0.6562674,3.325157,0.5382078,0.4496048,3.280496,0.5448146,0.4306989,3.272969,0.2415853,0.4595671,3.292385,0.2062646,0.1788976,3.139382,0.2151306,-0.1823265,2.962927,0.378113,0.4627145,3.302247,0.3759247,0.1700426,3.369536,0.2980114,-0.1635196,3.435712,0.3017429,0.993416,3.33509
72057594038042242,0,0.779535,106249.6,0.3116959,0.4692357,3.310245,0.3105515,1.181591,3.306003,0.1651508,0.9397405,3.269139,0.1097505,0.7235516,3.344197,0.1933855,0.4884714,3.197948,0.1816436,0.4906619,3.156303,0.4336818,0.9117585,3.287788,0.4811186,0.645858,3.299562,0.543722,0.4469356,3.266342,0.5418208,0.4508684,3.255734,0.2371772,0.466864,3.262348,0.2219107,0.144096,3.089967,0.2255074,-0.1714111,2.929504,0.3790348,0.4695488,3.286721,0.3876411,0.1899273,3.329968,0.3013251,-0.1479524,3.404793,0.3030519,0.9922467,3.299287
72057594038042242,0,0.779535,106249.6,0.3116959,0.4692357,3.310245,0.3105515,1.181591,3.306003,0.1651508,0.9397405,3.269139,0.1097505,0.7235516,3.344197,0.1933855,0.4884714,3.197948,0.1816436,0.4906619,3.156303,0.4336818,0.9117585,3.287788,0.4811186,0.645858,3.299562,0.543722,0.4469356,3.266342,0.5418208,0.4508684,3.255734,0.2371772,0.466864,3.262348,0.2219107,0.144096,3.089967,0.2255074,-0.1714111,2.929504,0.3790348,0.4695488,3.286721,0.3876411,0.1899273,3.329968,0.3013251,-0.1479524,3.404793,0.3030519,0.9922467,3.299287
72057594038042242,0,0.779535,106249.6,0.3116959,0.4692357,3.310245,0.3105515,1.181591,3.306003,0.1651508,0.9397405,3.269139,0.1097505,0.7235516,3.344197,0.1933855,0.4884714,3.197948,0.1816436,0.4906619,3.156303,0.4336818,0.9117585,3.287788,0.4811186,0.645858,3.299562,0.543722,0.4469356,3.266342,0.5418208,0.4508684,3.255734,0.2371772,0.466864,3.262348,0.2219107,0.144096,3.089967,0.2255074,-0.1714111,2.929504,0.3790348,0.4695488,3.286721,0.3876411,0.1899273,3.329968,0.3013251,-0.1479524,3.404793,0.3030519,0.9922467,3.299287
72057594038042242,0,0.779535,106249.6,0.3116959,0.4692357,3.310245,0.3105515,1.181591,3.306003,0.1651508,0.9397405,3.269139,0.1097505,0.7235516,3.344197,0.1933855,0.4884714,3.197948,0.1816436,0.4906619,3.156303,0.4336818,0.9117585,3.287788,0.4811186,0.645858,3.299562,0.543722,0.4469356,3.266342,0.5418208,0.4508684,3.255734,0.2371772,0.466864,3.262348,0.2219107,0.144096,3.089967,0.2255074,-0.1714111,2.929504,0.3790348,0.4695488,3.286721,0.3876411,0.1899273,3.329968,0.3013251,-0.1479524,3.404793,0.3030519,0.9922467,3.299287
72057594038042242,0,0.779535,106249.6,0.3116959,0.4692357,3.310245,0.3105515,1.181591,3.306003,0.1651508,0.9397405,3.269139,0.1097505,0.7235516,3.344197,0.1933855,0.4884714,3.197948,0.1816436,0.4906619,3.156303,0.4336818,0.9117585,3.287788,0.4811186,0.645858,3.299562,0.543722,0.4469356,3.266342,0.5418208,0.4508684,3.255734,0.2371772,0.466864,3.262348,0.2219107,0.144096,3.089967,0.2255074,-0.1714111,2.929504,0.3790348,0.4695488,3.286721,0.3876411,0.1899273,3.329968,0.3013251,-0.1479524,3.404793,0.3030519,0.9922467,3.299287
72057594038042242,0,0.779535,106249.6,0.3116959,0.4692357,3.310245,0.3105515,1.181591,3.306003,0.1651508,0.9397405,3.269139,0.1097505,0.7235516,3.344197,0.1933855,0.4884714,3.197948,0.1816436,0.4906619,3.156303,0.4336818,0.9117585,3.287788,0.4811186,0.645858,3.299562,0.543722,0.4469356,3.266342,0.5418208,0.4508684,3.255734,0.2371772,0.466864,3.262348,0.2219107,0.144096,3.089967,0.2255074,-0.1714111,2.929504,0.3790348,0.4695488,3.286721,0.3876411,0.1899273,3.329968,0.3013251,-0.1479524,3.404793,0.3030519,0.9922467,3.299287
72057594038042242,0,0.779535,106249.6,0.3116959,0.4692357,3.310245,0.3105515,1.181591,3.306003,0.1651508,0.9397405,3.269139,0.1097505,0.7235516,3.344197,0.1933855,0.4884714,3.197948,0.1816436,0.4906619,3.156303,0.4336818,0.9117585,3.287788,0.4811186,0.645858,3.299562,0.543722,0.4469356,3.266342,0.5418208,0.4508684,3.255734,0.2371772,0.466864,3.262348,0.2219107,0.144096,3.089967,0.2255074,-0.1714111,2.929504,0.3790348,0.4695488,3.286721,0.3876411,0.1899273,3.329968,0.3013251,-0.1479524,3.404793,0.3030519,0.9922467,3.299287
72057594038042242,0,0.779535,106249.6,0.3116959,0.4692357,3.310245,0.3105515,1.181591,3.306003,0.1651508,0.9397405,3.269139,0.1097505,0.7235516,3.344197,0.1933855,0.4884714,3.197948,0.1816436,0.4906619,3.156303,0.4336818,0.9117585,3.287788,0.4811186,0.645858,3.299562,0.543722,0.4469356,3.266342,0.5418208,0.4508684,3.255734,0.2371772,0.466864,3.262348,0.2219107,0.144096,3.089967,0.2255074,-0.1714111,2.929504,0.3790348,0.4695488,3.286721,0.3876411,0.1899273,3.329968,0.3013251,-0.1479524,3.404793,0.3030519,0.9922467,3.299287
72057594038042242,0,0.779535,106249.6,0.3116959,0.4692357,3.310245,0.3105515,1.181591,3.306003,0.1651508,0.9397405,3.269139,0.1097505,0.7235516,3.344197,0.1933855,0.4884714,3.197948,0.1816436,0.4906619,3.156303,0.4336818,0.9117585,3.287788,0.4811186,0.645858,3.299562,0.543722,0.4469356,3.266342,0.5418208,0.4508684,3.255734,0.2371772,0.466864,3.262348,0.2219107,0.144096,3.089967,0.2255074,-0.1714111,2.929504,0.3790348,0.4695488,3.286721,0.3876411,0.1899273,3.329968,0.3013251,-0.1479524,3.404793,0.3030519,0.9922467,3.299287
72057594038042242,0,0.779535,106249.6,0.3116959,0.4692357,3.310245,0.3105515,1.181591,3.306003,0.1651508,0.9397405,3.269139,0.1097505,0.7235516,3.344197,0.1933855,0.4884714,3.197948,0.1816436,0.4906619,3.156303,0.4336818,0.9117585,3.287788,0.4811186,0.645858,3.299562,0.543722,0.4469356,3.266342,0.5418208,0.4508684,3.255734,0.2371772,0.466864,3.262348,0.2219107,0.144096,3.089967,0.2255074,-0.1714111,2.929504,0.3790348,0.4695488,3.286721,0.3876411,0.1899273,3.329968,0.3013251,-0.1479524,3.404793,0.3030519,0.9922467,3.299287
72057594038042242,0,0.7654713,106249.6,0.3148497,0.4637063,3.28502,0.3190228,1.179536,3.265776,0.1672733,0.9352719,3.240988,0.1111204,0.7282254,3.310285,0.2706168,0.5211524,3.188728,0.2901708,0.4644511,3.137235,0.4410104,0.9057657,3.259527,0.4868913,0.6421981,3.278397,0.5467736,0.4424494,3.24475,0.5610433,0.4298323,3.243534,0.239092,0.464822,3.236991,0.2276284,0.1981945,3.072431,0.2468976,-0.1688293,2.891352,0.383804,0.4608937,3.263108,0.3859048,0.1759428,3.313307,0.2995493,-0.1612972,3.383948,0.3068092,0.9875228,3.278267
72057594038042242,0,0.7654713,106249.6,0.3148497,0.4637063,3.28502,0.3190228,1.179536,3.265776,0.1672733,0.9352719,3.240988,0.1111204,0.7282254,3.310285,0.2706168,0.5211524,3.188728,0.2901708,0.4644511,3.137235,0.4410104,0.9057657,3.259527,0.4868913,0.6421981,3.278397,0.5467736,0.4424494,3.24475,0.5610433,0.4298323,3.243534,0.239092,0.464822,3.236991,0.2276284,0.1981945,3.072431,0.2468976,-0.1688293,2.891352,0.383804,0.4608937,3.263108,0.3859048,0.1759428,3.313307,0.2995493,-0.1612972,3.383948,0.3068092,0.9875228,3.278267
72057594038042242,0,0.7654713,106249.6,0.3148497,0.4637063,3.28502,0.3190228,1.179536,3.265776,0.1672733,0.9352719,3.240988,0.1111204,0.7282254,3.310285,0.2706168,0.5211524,3.188728,0.2901708,0.4644511,3.137235,0.4410104,0.9057657,3.259527,0.4868913,0.6421981,3.278397,0.5467736,0.4424494,3.24475,0.5610433,0.4298323,3.243534,0.239092,0.464822,3.236991,0.2276284,0.1981945,3.072431,0.2468976,-0.1688293,2.891352,0.383804,0.4608937,3.263108,0.3859048,0.1759428,3.313307,0.2995493,-0.1612972,3.383948,0.3068092,0.9875228,3.278267
72057594038042242,0,0.7654713,106249.6,0.3148497,0.4637063,3.28502,0.3190228,1.179536,3.265776,0.1672733,0.9352719,3.240988,0.1111204,0.7282254,3.310285,0.2706168,0.5211524,3.188728,0.2901708,0.4644511,3.137235,0.4410104,0.9057657,3.259527,0.4868913,0.6421981,3.278397,0.5467736,0.4424494,3.24475,0.5610433,0.4298323,3.243534,0.239092,0.464822,3.236991,0.2276284,0.1981945,3.072431,0.2468976,-0.1688293,2.891352,0.383804,0.4608937,3.263108,0.3859048,0.1759428,3.313307,0.2995493,-0.1612972,3.383948,0.3068092,0.9875228,3.278267
72057594038042242,0,0.7654713,106249.6,0.3148497,0.4637063,3.28502,0.3190228,1.179536,3.265776,0.1672733,0.9352719,3.240988,0.1111204,0.7282254,3.310285,0.2706168,0.5211524,3.188728,0.2901708,0.4644511,3.137235,0.4410104,0.9057657,3.259527,0.4868913,0.6421981,3.278397,0.5467736,0.4424494,3.24475,0.5610433,0.4298323,3.243534,0.239092,0.464822,3.236991,0.2276284,0.1981945,3.072431,0.2468976,-0.1688293,2.891352,0.383804,0.4608937,3.263108,0.3859048,0.1759428,3.313307,0.2995493,-0.1612972,3.383948,0.3068092,0.9875228,3.278267
72057594038042242,0,0.7654713,106249.6,0.3148497,0.4637063,3.28502,0.3190228,1.179536,3.265776,0.1672733,0.9352719,3.240988,0.1111204,0.7282254,3.310285,0.2706168,0.5211524,3.188728,0.2901708,0.4644511,3.137235,0.4410104,0.9057657,3.259527,0.4868913,0.6421981,3.278397,0.5467736,0.4424494,3.24475,0.5610433,0.4298323,3.243534,0.239092,0.464822,3.236991,0.2276284,0.1981945,3.072431,0.2468976,-0.1688293,2.891352,0.383804,0.4608937,3.263108,0.3859048,0.1759428,3.313307,0.2995493,-0.1612972,3.383948,0.3068092,0.9875228,3.278267
72057594038042242,0,0.7654713,106249.6,0.3148497,0.4637063,3.28502,0.3190228,1.179536,3.265776,0.1672733,0.9352719,3.240988,0.1111204,0.7282254,3.310285,0.2706168,0.5211524,3.188728,0.2901708,0.4644511,3.137235,0.4410104,0.9057657,3.259527,0.4868913,0.6421981,3.278397,0.5467736,0.4424494,3.24475,0.5610433,0.4298323,3.243534,0.239092,0.464822,3.236991,0.2276284,0.1981945,3.072431,0.2468976,-0.1688293,2.891352,0.383804,0.4608937,3.263108,0.3859048,0.1759428,3.313307,0.2995493,-0.1612972,3.383948,0.3068092,0.9875228,3.278267
72057594038042242,0,0.7654713,106249.6,0.3148497,0.4637063,3.28502,0.3190228,1.179536,3.265776,0.1672733,0.9352719,3.240988,0.1111204,0.7282254,3.310285,0.2706168,0.5211524,3.188728,0.2901708,0.4644511,3.137235,0.4410104,0.9057657,3.259527,0.4868913,0.6421981,3.278397,0.5467736,0.4424494,3.24475,0.5610433,0.4298323,3.243534,0.239092,0.464822,3.236991,0.2276284,0.1981945,3.072431,0.2468976,-0.1688293,2.891352,0.383804,0.4608937,3.263108,0.3859048,0.1759428,3.313307,0.2995493,-0.1612972,3.383948,0.3068092,0.9875228,3.278267
72057594038042242,0,0.7654713,106249.6,0.3148497,0.4637063,3.28502,0.3190228,1.179536,3.265776,0.1672733,0.9352719,3.240988,0.1111204,0.7282254,3.310285,0.2706168,0.5211524,3.188728,0.2901708,0.4644511,3.137235,0.4410104,0.9057657,3.259527,0.4868913,0.6421981,3.278397,0.5467736,0.4424494,3.24475,0.5610433,0.4298323,3.243534,0.239092,0.464822,3.236991,0.2276284,0.1981945,3.072431,0.2468976,-0.1688293,2.891352,0.383804,0.4608937,3.263108,0.3859048,0.1759428,3.313307,0.2995493,-0.1612972,3.383948,0.3068092,0.9875228,3.278267
72057594038042242,0,0.7654713,106249.6,0.3148497,0.4637063,3.28502,0.3190228,1.179536,3.265776,0.1672733,0.9352719,3.240988,0.1111204,0.7282254,3.310285,0.2706168,0.5211524,3.188728,0.2901708,0.4644511,3.137235,0.4410104,0.9057657,3.259527,0.4868913,0.6421981,3.278397,0.5467736,0.4424494,3.24475,0.5610433,0.4298323,3.243534,0.239092,0.464822,3.236991,0.2276284,0.1981945,3.072431,0.2468976,-0.1688293,2.891352,0.383804,0.4608937,3.263108,0.3859048,0.1759428,3.313307,0.2995493,-0.1612972,3.383948,0.3068092,0.9875228,3.278267
72057594038042242,0,0.7441878,106249.6,0.334949,0.4628009,3.240858,0.3143346,1.175005,3.250406,0.1653891,0.9290469,3.213713,0.1109135,0.7189683,3.279635,0.2745018,0.5141945,3.16027,0.2888453,0.465014,3.101044,0.4379043,0.9030979,3.224699,0.4844599,0.6606138,3.25732,0.5395914,0.4583657,3.240026,0.5371253,0.4758935,3.22026,0.2585308,0.4603175,3.1929,0.2327644,0.19795,3.041225,0.2480461,-0.1490909,2.901254,0.4044952,0.4635718,3.218533,0.3888846,0.1884175,3.289917,0.3026914,-0.147386,3.359859,0.3048477,0.9820879,3.238715
72057594038042242,0,0.7441878,106249.6,0.334949,0.4628009,3.240858,0.3143346,1.175005,3.250406,0.1653891,0.9290469,3.213713,0.1109135,0.7189683,3.279635,0.2745018,0.5141945,3.16027,0.2888453,0.465014,3.101044,0.4379043,0.9030979,3.224699,0.4844599,0.6606138,3.25732,0.5395914,0.4583657,3.240026,0.5371253,0.4758935,3.22026,0.2585308,0.4603175,3.1929,0.2327644,0.19795,3.041225,0.2480461,-0.1490909,2.901254,0.4044952,0.4635718,3.218533,0.3888846,0.1884175,3.289917,0.3026914,-0.147386,3.359859,0.3048477,0.9820879,3.238715
72057594038042242,0,0.7441878,106249.6,0.334949,0.4628009,3.240858,0.3143346,1.175005,3.250406,0.1653891,0.9290469,3.213713,0.1109135,0.7189683,3.279635,0.2745018,0.5141945,3.16027,0.2888453,0.465014,3.101044,0.4379043,0.9030979,3.224699,0.4844599,0.6606138,3.25732,0.5395914,0.4583657,3.240026,0.5371253,0.4758935,3.22026,0.2585308,0.4603175,3.1929,0.2327644,0.19795,3.041225,0.2480461,-0.1490909,2.901254,0.4044952,0.4635718,3.218533,0.3888846,0.1884175,3.289917,0.3026914,-0.147386,3.359859,0.3048477,0.9820879,3.238715
72057594038042242,0,0.7441878,106249.6,0.334949,0.4628009,3.240858,0.3143346,1.175005,3.250406,0.1653891,0.9290469,3.213713,0.1109135,0.7189683,3.279635,0.2745018,0.5141945,3.16027,0.2888453,0.465014,3.101044,0.4379043,0.9030979,3.224699,0.4844599,0.6606138,3.25732,0.5395914,0.4583657,3.240026,0.5371253,0.4758935,3.22026,0.2585308,0.4603175,3.1929,0.2327644,0.19795,3.041225,0.2480461,-0.1490909,2.901254,0.4044952,0.4635718,3.218533,0.3888846,0.1884175,3.289917,0.3026914,-0.147386,3.359859,0.3048477,0.9820879,3.238715
72057594038042242,0,0.7441878,106249.6,0.334949,0.4628009,3.240858,0.3143346,1.175005,3.250406,0.1653891,0.9290469,3.213713,0.1109135,0.7189683,3.279635,0.2745018,0.5141945,3.16027,0.2888453,0.465014,3.101044,0.4379043,0.9030979,3.224699,0.4844599,0.6606138,3.25732,0.5395914,0.4583657,3.240026,0.5371253,0.4758935,3.22026,0.2585308,0.4603175,3.1929,0.2327644,0.19795,3.041225,0.2480461,-0.1490909,2.901254,0.4044952,0.4635718,3.218533,0.3888846,0.1884175,3.289917,0.3026914,-0.147386,3.359859,0.3048477,0.9820879,3.238715
72057594038042242,0,0.7441878,106249.6,0.334949,0.4628009,3.240858,0.3143346,1.175005,3.250406,0.1653891,0.9290469,3.213713,0.1109135,0.7189683,3.279635,0.2745018,0.5141945,3.16027,0.2888453,0.465014,3.101044,0.4379043,0.9030979,3.224699,0.4844599,0.6606138,3.25732,0.5395914,0.4583657,3.240026,0.5371253,0.4758935,3.22026,0.2585308,0.4603175,3.1929,0.2327644,0.19795,3.041225,0.2480461,-0.1490909,2.901254,0.4044952,0.4635718,3.218533,0.3888846,0.1884175,3.289917,0.3026914,-0.147386,3.359859,0.3048477,0.9820879,3.238715
72057594038042242,0,0.7441878,106249.6,0.334949,0.4628009,3.240858,0.3143346,1.175005,3.250406,0.1653891,0.9290469,3.213713,0.1109135,0.7189683,3.279635,0.2745018,0.5141945,3.16027,0.2888453,0.465014,3.101044,0.4379043,0.9030979,3.224699,0.4844599,0.6606138,3.25732,0.5395914,0.4583657,3.240026,0.5371253,0.4758935,3.22026,0.2585308,0.4603175,3.1929,0.2327644,0.19795,3.041225,0.2480461,-0.1490909,2.901254,0.4044952,0.4635718,3.218533,0.3888846,0.1884175,3.289917,0.3026914,-0.147386,3.359859,0.3048477,0.9820879,3.238715
72057594038042242,0,0.7441878,106249.7,0.334949,0.4628009,3.240858,0.3143346,1.175005,3.250406,0.1653891,0.9290469,3.213713,0.1109135,0.7189683,3.279635,0.2745018,0.5141945,3.16027,0.2888453,0.465014,3.101044,0.4379043,0.9030979,3.224699,0.4844599,0.6606138,3.25732,0.5395914,0.4583657,3.240026,0.5371253,0.4758935,3.22026,0.2585308,0.4603175,3.1929,0.2327644,0.19795,3.041225,0.2480461,-0.1490909,2.901254,0.4044952,0.4635718,3.218533,0.3888846,0.1884175,3.289917,0.3026914,-0.147386,3.359859,0.3048477,0.9820879,3.238715
72057594038042242,0,0.7441878,106249.7,0.334949,0.4628009,3.240858,0.3143346,1.175005,3.250406,0.1653891,0.9290469,3.213713,0.1109135,0.7189683,3.279635,0.2745018,0.5141945,3.16027,0.2888453,0.465014,3.101044,0.4379043,0.9030979,3.224699,0.4844599,0.6606138,3.25732,0.5395914,0.4583657,3.240026,0.5371253,0.4758935,3.22026,0.2585308,0.4603175,3.1929,0.2327644,0.19795,3.041225,0.2480461,-0.1490909,2.901254,0.4044952,0.4635718,3.218533,0.3888846,0.1884175,3.289917,0.3026914,-0.147386,3.359859,0.3048477,0.9820879,3.238715
72057594038042242,0,0.7441878,106249.7,0.334949,0.4628009,3.240858,0.3143346,1.175005,3.250406,0.1653891,0.9290469,3.213713,0.1109135,0.7189683,3.279635,0.2745018,0.5141945,3.16027,0.2888453,0.465014,3.101044,0.4379043,0.9030979,3.224699,0.4844599,0.6606138,3.25732,0.5395914,0.4583657,3.240026,0.5371253,0.4758935,3.22026,0.2585308,0.4603175,3.1929,0.2327644,0.19795,3.041225,0.2480461,-0.1490909,2.901254,0.4044952,0.4635718,3.218533,0.3888846,0.1884175,3.289917,0.3026914,-0.147386,3.359859,0.3048477,0.9820879,3.238715
72057594038042242,0,0.7306309,106249.7,0.3325071,0.4627081,3.222374,0.3045197,1.172514,3.212979,0.1633215,0.919884,3.179861,0.1049546,0.6920273,3.236842,0.2878659,0.5227192,3.091071,0.2750289,0.5120849,3.068387,0.4302238,0.9031519,3.188767,0.4856431,0.6653423,3.233108,0.5457,0.4648916,3.208305,0.555533,0.4304849,3.194736,0.2548287,0.4606535,3.1742,0.2464274,0.1529002,2.982511,0.2807809,-0.1825495,2.847582,0.4032094,0.4630432,3.200603,0.3935239,0.1890739,3.263561,0.3072022,-0.1466952,3.334287,0.3060222,0.9781891,3.219597
72057594038042242,0,0.7306309,106249.7,0.3325071,0.4627081,3.222374,0.3045197,1.172514,3.212979,0.1633215,0.919884,3.179861,0.1049546,0.6920273,3.236842,0.2878659,0.5227192,3.091071,0.2750289,0.5120849,3.068387,0.4302238,0.9031519,3.188767,0.4856431,0.6653423,3.233108,0.5457,0.4648916,3.208305,0.555533,0.4304849,3.194736,0.2548287,0.4606535,3.1742,0.2464274,0.1529002,2.982511,0.2807809,-0.1825495,2.847582,0.4032094,0.4630432,3.200603,0.3935239,0.1890739,3.263561,0.3072022,-0.1466952,3.334287,0.3060222,0.9781891,3.219597
72057594038042242,0,0.7306309,106249.7,0.3325071,0.4627081,3.222374,0.3045197,1.172514,3.212979,0.1633215,0.919884,3.179861,0.1049546,0.6920273,3.236842,0.2878659,0.5227192,3.091071,0.2750289,0.5120849,3.068387,0.4302238,0.9031519,3.188767,0.4856431,0.6653423,3.233108,0.5457,0.4648916,3.208305,0.555533,0.4304849,3.194736,0.2548287,0.4606535,3.1742,0.2464274,0.1529002,2.982511,0.2807809,-0.1825495,2.847582,0.4032094,0.4630432,3.200603,0.3935239,0.1890739,3.263561,0.3072022,-0.1466952,3.334287,0.3060222,0.9781891,3.219597
72057594038042242,0,0.7306309,106249.7,0.3325071,0.4627081,3.222374,0.3045197,1.172514,3.212979,0.1633215,0.919884,3.179861,0.1049546,0.6920273,3.236842,0.2878659,0.5227192,3.091071,0.2750289,0.5120849,3.068387,0.4302238,0.9031519,3.188767,0.4856431,0.6653423,3.233108,0.5457,0.4648916,3.208305,0.555533,0.4304849,3.194736,0.2548287,0.4606535,3.1742,0.2464274,0.1529002,2.982511,0.2807809,-0.1825495,2.847582,0.4032094,0.4630432,3.200603,0.3935239,0.1890739,3.263561,0.3072022,-0.1466952,3.334287,0.3060222,0.9781891,3.219597
72057594038042242,0,0.7306309,106249.7,0.3325071,0.4627081,3.222374,0.3045197,1.172514,3.212979,0.1633215,0.919884,3.179861,0.1049546,0.6920273,3.236842,0.2878659,0.5227192,3.091071,0.2750289,0.5120849,3.068387,0.4302238,0.9031519,3.188767,0.4856431,0.6653423,3.233108,0.5457,0.4648916,3.208305,0.555533,0.4304849,3.194736,0.2548287,0.4606535,3.1742,0.2464274,0.1529002,2.982511,0.2807809,-0.1825495,2.847582,0.4032094,0.4630432,3.200603,0.3935239,0.1890739,3.263561,0.3072022,-0.1466952,3.334287,0.3060222,0.9781891,3.219597
72057594038042242,0,0.7306309,106249.7,0.3325071,0.4627081,3.222374,0.3045197,1.172514,3.212979,0.1633215,0.919884,3.179861,0.1049546,0.6920273,3.236842,0.2878659,0.5227192,3.091071,0.2750289,0.5120849,3.068387,0.4302238,0.9031519,3.188767,0.4856431,0.6653423,3.233108,0.5457,0.4648916,3.208305,0.555533,0.4304849,3.194736,0.2548287,0.4606535,3.1742,0.2464274,0.1529002,2.982511,0.2807809,-0.1825495,2.847582,0.4032094,0.4630432,3.200603,0.3935239,0.1890739,3.263561,0.3072022,-0.1466952,3.334287,0.3060222,0.9781891,3.219597
72057594038042242,0,0.7306309,106249.7,0.3325071,0.4627081,3.222374,0.3045197,1.172514,3.212979,0.1633215,0.919884,3.179861,0.1049546,0.6920273,3.236842,0.2878659,0.5227192,3.091071,0.2750289,0.5120849,3.068387,0.4302238,0.9031519,3.188767,0.4856431,0.6653423,3.233108,0.5457,0.4648916,3.208305,0.555533,0.4304849,3.194736,0.2548287,0.4606535,3.1742,0.2464274,0.1529002,2.982511,0.2807809,-0.1825495,2.847582,0.4032094,0.4630432,3.200603,0.3935239,0.1890739,3.263561,0.3072022,-0.1466952,3.334287,0.3060222,0.9781891,3.219597
72057594038042242,0,0.7306309,106249.7,0.3325071,0.4627081,3.222374,0.3045197,1.172514,3.212979,0.1633215,0.919884,3.179861,0.1049546,0.6920273,3.236842,0.2878659,0.5227192,3.091071,0.2750289,0.5120849,3.068387,0.4302238,0.9031519,3.188767,0.4856431,0.6653423,3.233108,0.5457,0.4648916,3.208305,0.555533,0.4304849,3.194736,0.2548287,0.4606535,3.1742,0.2464274,0.1529002,2.982511,0.2807809,-0.1825495,2.847582,0.4032094,0.4630432,3.200603,0.3935239,0.1890739,3.263561,0.3072022,-0.1466952,3.334287,0.3060222,0.9781891,3.219597
72057594038042242,0,0.7306309,106249.7,0.3325071,0.4627081,3.222374,0.3045197,1.172514,3.212979,0.1633215,0.919884,3.179861,0.1049546,0.6920273,3.236842,0.2878659,0.5227192,3.091071,0.2750289,0.5120849,3.068387,0.4302238,0.9031519,3.188767,0.4856431,0.6653423,3.233108,0.5457,0.4648916,3.208305,0.555533,0.4304849,3.194736,0.2548287,0.4606535,3.1742,0.2464274,0.1529002,2.982511,0.2807809,-0.1825495,2.847582,0.4032094,0.4630432,3.200603,0.3935239,0.1890739,3.263561,0.3072022,-0.1466952,3.334287,0.3060222,0.9781891,3.219597
72057594038042242,0,0.7306309,106249.7,0.3325071,0.4627081,3.222374,0.3045197,1.172514,3.212979,0.1633215,0.919884,3.179861,0.1049546,0.6920273,3.236842,0.2878659,0.5227192,3.091071,0.2750289,0.5120849,3.068387,0.4302238,0.9031519,3.188767,0.4856431,0.6653423,3.233108,0.5457,0.4648916,3.208305,0.555533,0.4304849,3.194736,0.2548287,0.4606535,3.1742,0.2464274,0.1529002,2.982511,0.2807809,-0.1825495,2.847582,0.4032094,0.4630432,3.200603,0.3935239,0.1890739,3.263561,0.3072022,-0.1466952,3.334287,0.3060222,0.9781891,3.219597
72057594038042242,0,0.6924993,106249.7,0.327353,0.4575566,3.162221,0.3037301,1.163955,3.169574,0.1612968,0.9131792,3.150512,0.1059828,0.6871445,3.199589,0.2802999,0.5025407,3.062697,0.2951758,0.4767713,3.028759,0.4278287,0.9035859,3.160908,0.4868551,0.6657767,3.201792,0.5452194,0.4592141,3.186065,0.5565471,0.4358526,3.180913,0.2476481,0.4608564,3.116721,0.2650805,0.1445614,2.941377,0.2926272,-0.1987534,2.822585,0.400018,0.4525955,3.137789,0.4076567,0.1837233,3.249946,0.3213964,-0.1520443,3.320444,0.3022537,0.9698296,3.17213
72057594038042242,0,0.6924993,106249.7,0.327353,0.4575566,3.162221,0.3037301,1.163955,3.169574,0.1612968,0.9131792,3.150512,0.1059828,0.6871445,3.199589,0.2802999,0.5025407,3.062697,0.2951758,0.4767713,3.028759,0.4278287,0.9035859,3.160908,0.4868551,0.6657767,3.201792,0.5452194,0.4592141,3.186065,0.5565471,0.4358526,3.180913,0.2476481,0.4608564,3.116721,0.2650805,0.1445614,2.941377,0.2926272,-0.1987534,2.822585,0.400018,0.4525955,3.137789,0.4076567,0.1837233,3.249946,0.3213964,-0.1520443,3.320444,0.3022537,0.9698296,3.17213
72057594038042242,0,0.6924993,106249.7,0.327353,0.4575566,3.162221,0.3037301,1.163955,3.169574,0.1612968,0.9131792,3.150512,0.1059828,0.6871445,3.199589,0.2802999,0.5025407,3.062697,0.2951758,0.4767713,3.028759,0.4278287,0.9035859,3.160908,0.4868551,0.6657767,3.201792,0.5452194,0.4592141,3.186065,0.5565471,0.4358526,3.180913,0.2476481,0.4608564,3.116721,0.2650805,0.1445614,2.941377,0.2926272,-0.1987534,2.822585,0.400018,0.4525955,3.137789,0.4076567,0.1837233,3.249946,0.3213964,-0.1520443,3.320444,0.3022537,0.9698296,3.17213
72057594038042242,0,0.6924993,106249.7,0.327353,0.4575566,3.162221,0.3037301,1.163955,3.169574,0.1612968,0.9131792,3.150512,0.1059828,0.6871445,3.199589,0.2802999,0.5025407,3.062697,0.2951758,0.4767713,3.028759,0.4278287,0.9035859,3.160908,0.4868551,0.6657767,3.201792,0.5452194,0.4592141,3.186065,0.5565471,0.4358526,3.180913,0.2476481,0.4608564,3.116721,0.2650805,0.1445614,2.941377,0.2926272,-0.1987534,2.822585,0.400018,0.4525955,3.137789,0.4076567,0.1837233,3.249946,0.3213964,-0.1520443,3.320444,0.3022537,0.9698296,3.17213
72057594038042242,0,0.6924993,106249.7,0.327353,0.4575566,3.162221,0.3037301,1.163955,3.169574,0.1612968,0.9131792,3.150512,0.1059828,0.6871445,3.199589,0.2802999,0.5025407,3.062697,0.2951758,0.4767713,3.028759,0.4278287,0.9035859,3.160908,0.4868551,0.6657767,3.201792,0.5452194,0.4592141,3.186065,0.5565471,0.4358526,3.180913,0.2476481,0.4608564,3.116721,0.2650805,0.1445614,2.941377,0.2926272,-0.1987534,2.822585,0.400018,0.4525955,3.137789,0.4076567,0.1837233,3.249946,0.3213964,-0.1520443,3.320444,0.3022537,0.9698296,3.17213
72057594038042242,0,0.6924993,106249.7,0.327353,0.4575566,3.162221,0.3037301,1.163955,3.169574,0.1612968,0.9131792,3.150512,0.1059828,0.6871445,3.199589,0.2802999,0.5025407,3.062697,0.2951758,0.4767713,3.028759,0.4278287,0.9035859,3.160908,0.4868551,0.6657767,3.201792,0.5452194,0.4592141,3.186065,0.5565471,0.4358526,3.180913,0.2476481,0.4608564,3.116721,0.2650805,0.1445614,2.941377,0.2926272,-0.1987534,2.822585,0.400018,0.4525955,3.137789,0.4076567,0.1837233,3.249946,0.3213964,-0.1520443,3.320444,0.3022537,0.9698296,3.17213
72057594038042242,0,0.6924993,106249.7,0.327353,0.4575566,3.162221,0.3037301,1.163955,3.169574,0.1612968,0.9131792,3.150512,0.1059828,0.6871445,3.199589,0.2802999,0.5025407,3.062697,0.2951758,0.4767713,3.028759,0.4278287,0.9035859,3.160908,0.4868551,0.6657767,3.201792,0.5452194,0.4592141,3.186065,0.5565471,0.4358526,3.180913,0.2476481,0.4608564,3.116721,0.2650805,0.1445614,2.941377,0.2926272,-0.1987534,2.822585,0.400018,0.4525955,3.137789,0.4076567,0.1837233,3.249946,0.3213964,-0.1520443,3.320444,0.3022537,0.9698296,3.17213
72057594038042242,0,0.6924993,106249.7,0.327353,0.4575566,3.162221,0.3037301,1.163955,3.169574,0.1612968,0.9131792,3.150512,0.1059828,0.6871445,3.199589,0.2802999,0.5025407,3.062697,0.2951758,0.4767713,3.028759,0.4278287,0.9035859,3.160908,0.4868551,0.6657767,3.201792,0.5452194,0.4592141,3.186065,0.5565471,0.4358526,3.180913,0.2476481,0.4608564,3.116721,0.2650805,0.1445614,2.941377,0.2926272,-0.1987534,2.822585,0.400018,0.4525955,3.137789,0.4076567,0.1837233,3.249946,0.3213964,-0.1520443,3.320444,0.3022537,0.9698296,3.17213
72057594038042242,0,0.6924993,106249.7,0.327353,0.4575566,3.162221,0.3037301,1.163955,3.169574,0.1612968,0.9131792,3.150512,0.1059828,0.6871445,3.199589,0.2802999,0.5025407,3.062697,0.2951758,0.4767713,3.028759,0.4278287,0.9035859,3.160908,0.4868551,0.6657767,3.201792,0.5452194,0.4592141,3.186065,0.5565471,0.4358526,3.180913,0.2476481,0.4608564,3.116721,0.2650805,0.1445614,2.941377,0.2926272,-0.1987534,2.822585,0.400018,0.4525955,3.137789,0.4076567,0.1837233,3.249946,0.3213964,-0.1520443,3.320444,0.3022537,0.9698296,3.17213
72057594038042242,0,0.6924993,106249.7,0.327353,0.4575566,3.162221,0.3037301,1.163955,3.169574,0.1612968,0.9131792,3.150512,0.1059828,0.6871445,3.199589,0.2802999,0.5025407,3.062697,0.2951758,0.4767713,3.028759,0.4278287,0.9035859,3.160908,0.4868551,0.6657767,3.201792,0.5452194,0.4592141,3.186065,0.5565471,0.4358526,3.180913,0.2476481,0.4608564,3.116721,0.2650805,0.1445614,2.941377,0.2926272,-0.1987534,2.822585,0.400018,0.4525955,3.137789,0.4076567,0.1837233,3.249946,0.3213964,-0.1520443,3.320444,0.3022537,0.9698296,3.17213
72057594038042242,0,0.6924993,106249.7,0.327353,0.4575566,3.162221,0.3037301,1.163955,3.169574,0.1612968,0.9131792,3.150512,0.1059828,0.6871445,3.199589,0.2802999,0.5025407,3.062697,0.2951758,0.4767713,3.028759,0.4278287,0.9035859,3.160908,0.4868551,0.6657767,3.201792,0.5452194,0.4592141,3.186065,0.5565471,0.4358526,3.180913,0.2476481,0.4608564,3.116721,0.2650805,0.1445614,2.941377,0.2926272,-0.1987534,2.822585,0.400018,0.4525955,3.137789,0.4076567,0.1837233,3.249946,0.3213964,-0.1520443,3.320444,0.3022537,0.9698296,3.17213
72057594038042242,0,0.6735316,106249.7,0.3319321,0.4636591,3.133185,0.2999879,1.159814,3.147155,0.1637336,0.9120581,3.115745,0.106752,0.6886201,3.152168,0.306532,0.5055426,3.058588,0.3287278,0.4688669,3.005756,0.4303733,0.9139638,3.139628,0.4852762,0.6855789,3.171572,0.5480754,0.4574794,3.180413,0.5540975,0.4418297,3.167142,0.2539522,0.4618946,3.095451,0.263526,0.2064319,2.92929,0.2932996,-0.1999606,2.81726,0.4019747,0.4652843,3.09878,0.4146017,0.1580887,3.231108,0.2742466,-0.2096396,3.399104,0.2974358,0.9702385,3.142925
72057594038042242,0,0.6735316,106249.7,0.3319321,0.4636591,3.133185,0.2999879,1.159814,3.147155,0.1637336,0.9120581,3.115745,0.106752,0.6886201,3.152168,0.306532,0.5055426,3.058588,0.3287278,0.4688669,3.005756,0.4303733,0.9139638,3.139628,0.4852762,0.6855789,3.171572,0.5480754,0.4574794,3.180413,0.5540975,0.4418297,3.167142,0.2539522,0.4618946,3.095451,0.263526,0.2064319,2.92929,0.2932996,-0.1999606,2.81726,0.4019747,0.4652843,3.09878,0.4146017,0.1580887,3.231108,0.2742466,-0.2096396,3.399104,0.2974358,0.9702385,3.142925
72057594038042242,0,0.6735316,106249.7,0.3319321,0.4636591,3.133185,0.2999879,1.159814,3.147155,0.1637336,0.9120581,3.115745,0.106752,0.6886201,3.152168,0.306532,0.5055426,3.058588,0.3287278,0.4688669,3.005756,0.4303733,0.9139638,3.139628,0.4852762,0.6855789,3.171572,0.5480754,0.4574794,3.180413,0.5540975,0.4418297,3.167142,0.2539522,0.4618946,3.095451,0.263526,0.2064319,2.92929,0.2932996,-0.1999606,2.81726,0.4019747,0.4652843,3.09878,0.4146017,0.1580887,3.231108,0.2742466,-0.2096396,3.399104,0.2974358,0.9702385,3.142925
72057594038042242,0,0.6735316,106249.7,0.3319321,0.4636591,3.133185,0.2999879,1.159814,3.147155,0.1637336,0.9120581,3.115745,0.106752,0.6886201,3.152168,0.306532,0.5055426,3.058588,0.3287278,0.4688669,3.005756,0.4303733,0.9139638,3.139628,0.4852762,0.6855789,3.171572,0.5480754,0.4574794,3.180413,0.5540975,0.4418297,3.167142,0.2539522,0.4618946,3.095451,0.263526,0.2064319,2.92929,0.2932996,-0.1999606,2.81726,0.4019747,0.4652843,3.09878,0.4146017,0.1580887,3.231108,0.2742466,-0.2096396,3.399104,0.2974358,0.9702385,3.142925
72057594038042242,0,0.6735316,106249.7,0.3319321,0.4636591,3.133185,0.2999879,1.159814,3.147155,0.1637336,0.9120581,3.115745,0.106752,0.6886201,3.152168,0.306532,0.5055426,3.058588,0.3287278,0.4688669,3.005756,0.4303733,0.9139638,3.139628,0.4852762,0.6855789,3.171572,0.5480754,0.4574794,3.180413,0.5540975,0.4418297,3.167142,0.2539522,0.4618946,3.095451,0.263526,0.2064319,2.92929,0.2932996,-0.1999606,2.81726,0.4019747,0.4652843,3.09878,0.4146017,0.1580887,3.231108,0.2742466,-0.2096396,3.399104,0.2974358,0.9702385,3.142925
72057594038042242,0,0.6735316,106249.8,0.3319321,0.4636591,3.133185,0.2999879,1.159814,3.147155,0.1637336,0.9120581,3.115745,0.106752,0.6886201,3.152168,0.306532,0.5055426,3.058588,0.3287278,0.4688669,3.005756,0.4303733,0.9139638,3.139628,0.4852762,0.6855789,3.171572,0.5480754,0.4574794,3.180413,0.5540975,0.4418297,3.167142,0.2539522,0.4618946,3.095451,0.263526,0.2064319,2.92929,0.2932996,-0.1999606,2.81726,0.4019747,0.4652843,3.09878,0.4146017,0.1580887,3.231108,0.2742466,-0.2096396,3.399104,0.2974358,0.9702385,3.142925
72057594038042242,0,0.6735316,106249.8,0.3319321,0.4636591,3.133185,0.2999879,1.159814,3.147155,0.1637336,0.9120581,3.115745,0.106752,0.6886201,3.152168,0.306532,0.5055426,3.058588,0.3287278,0.4688669,3.005756,0.4303733,0.9139638,3.139628,0.4852762,0.6855789,3.171572,0.5480754,0.4574794,3.180413,0.5540975,0.4418297,3.167142,0.2539522,0.4618946,3.095451,0.263526,0.2064319,2.92929,0.2932996,-0.1999606,2.81726,0.4019747,0.4652843,3.09878,0.4146017,0.1580887,3.231108,0.2742466,-0.2096396,3.399104,0.2974358,0.9702385,3.142925
72057594038042242,0,0.6735316,106249.8,0.3319321,0.4636591,3.133185,0.2999879,1.159814,3.147155,0.1637336,0.9120581,3.115745,0.106752,0.6886201,3.152168,0.306532,0.5055426,3.058588,0.3287278,0.4688669,3.005756,0.4303733,0.9139638,3.139628,0.4852762,0.6855789,3.171572,0.5480754,0.4574794,3.180413,0.5540975,0.4418297,3.167142,0.2539522,0.4618946,3.095451,0.263526,0.2064319,2.92929,0.2932996,-0.1999606,2.81726,0.4019747,0.4652843,3.09878,0.4146017,0.1580887,3.231108,0.2742466,-0.2096396,3.399104,0.2974358,0.9702385,3.142925
72057594038042242,0,0.6735316,106249.8,0.3319321,0.4636591,3.133185,0.2999879,1.159814,3.147155,0.1637336,0.9120581,3.115745,0.106752,0.6886201,3.152168,0.306532,0.5055426,3.058588,0.3287278,0.4688669,3.005756,0.4303733,0.9139638,3.139628,0.4852762,0.6855789,3.171572,0.5480754,0.4574794,3.180413,0.5540975,0.4418297,3.167142,0.2539522,0.4618946,3.095451,0.263526,0.2064319,2.92929,0.2932996,-0.1999606,2.81726,0.4019747,0.4652843,3.09878,0.4146017,0.1580887,3.231108,0.2742466,-0.2096396,3.399104,0.2974358,0.9702385,3.142925
72057594038042242,0,0.6735316,106249.8,0.3319321,0.4636591,3.133185,0.2999879,1.159814,3.147155,0.1637336,0.9120581,3.115745,0.106752,0.6886201,3.152168,0.306532,0.5055426,3.058588,0.3287278,0.4688669,3.005756,0.4303733,0.9139638,3.139628,0.4852762,0.6855789,3.171572,0.5480754,0.4574794,3.180413,0.5540975,0.4418297,3.167142,0.2539522,0.4618946,3.095451,0.263526,0.2064319,2.92929,0.2932996,-0.1999606,2.81726,0.4019747,0.4652843,3.09878,0.4146017,0.1580887,3.231108,0.2742466,-0.2096396,3.399104,0.2974358,0.9702385,3.142925
72057594038042242,0,0.6689124,106249.8,0.3330372,0.4614123,3.121914,0.2901423,1.161958,3.097497,0.162697,0.9081764,3.08022,0.1148132,0.6805749,3.094287,0.3158385,0.492853,3.015997,0.3303977,0.4637929,2.965897,0.4323063,0.9176857,3.092033,0.4845648,0.6847505,3.144726,0.5517234,0.4509712,3.145675,0.5559272,0.4312041,3.15062,0.2546836,0.4594615,3.080134,0.2643315,0.2053193,2.907669,0.294309,-0.2031661,2.802987,0.4034508,0.4628102,3.092277,0.4109463,0.151504,3.177668,0.268391,-0.212414,3.35155,0.2931063,0.9701465,3.113784
72057594038042242,0,0.6689124,106249.8,0.3330372,0.4614123,3.121914,0.2901423,1.161958,3.097497,0.162697,0.9081764,3.08022,0.1148132,0.6805749,3.094287,0.3158385,0.492853,3.015997,0.3303977,0.4637929,2.965897,0.4323063,0.9176857,3.092033,0.4845648,0.6847505,3.144726,0.5517234,0.4509712,3.145675,0.5559272,0.4312041,3.15062,0.2546836,0.4594615,3.080134,0.2643315,0.2053193,2.907669,0.294309,-0.2031661,2.802987,0.4034508,0.4628102,3.092277,0.4109463,0.151504,3.177668,0.268391,-0.212414,3.35155,0.2931063,0.9701465,3.113784
72057594038042242,0,0.6689124,106249.8,0.3330372,0.4614123,3.121914,0.2901423,1.161958,3.097497,0.162697,0.9081764,3.08022,0.1148132,0.6805749,3.094287,0.3158385,0.492853,3.015997,0.3303977,0.4637929,2.965897,0.4323063,0.9176857,3.092033,0.4845648,0.6847505,3.144726,0.5517234,0.4509712,3.145675,0.5559272,0.4312041,3.15062,0.2546836,0.4594615,3.080134,0.2643315,0.2053193,2.907669,0.294309,-0.2031661,2.802987,0.4034508,0.4628102,3.092277,0.4109463,0.151504,3.177668,0.268391,-0.212414,3.35155,0.2931063,0.9701465,3.113784
72057594038042242,0,0.6689124,106249.8,0.3330372,0.4614123,3.121914,0.2901423,1.161958,3.097497,0.162697,0.9081764,3.08022,0.1148132,0.6805749,3.094287,0.3158385,0.492853,3.015997,0.3303977,0.4637929,2.965897,0.4323063,0.9176857,3.092033,0.4845648,0.6847505,3.144726,0.5517234,0.4509712,3.145675,0.5559272,0.4312041,3.15062,0.2546836,0.4594615,3.080134,0.2643315,0.2053193,2.907669,0.294309,-0.2031661,2.802987,0.4034508,0.4628102,3.092277,0.4109463,0.151504,3.177668,0.268391,-0.212414,3.35155,0.2931063,0.9701465,3.113784
72057594038042242,0,0.6689124,106249.8,0.3330372,0.4614123,3.121914,0.2901423,1.161958,3.097497,0.162697,0.9081764,3.08022,0.1148132,0.6805749,3.094287,0.3158385,0.492853,3.015997,0.3303977,0.4637929,2.965897,0.4323063,0.9176857,3.092033,0.4845648,0.6847505,3.144726,0.5517234,0.4509712,3.145675,0.5559272,0.4312041,3.15062,0.2546836,0.4594615,3.080134,0.2643315,0.2053193,2.907669,0.294309,-0.2031661,2.802987,0.4034508,0.4628102,3.092277,0.4109463,0.151504,3.177668,0.268391,-0.212414,3.35155,0.2931063,0.9701465,3.113784
72057594038042242,0,0.6689124,106249.8,0.3330372,0.4614123,3.121914,0.2901423,1.161958,3.097497,0.162697,0.9081764,3.08022,0.1148132,0.6805749,3.094287,0.3158385,0.492853,3.015997,0.3303977,0.4637929,2.965897,0.4323063,0.9176857,3.092033,0.4845648,0.6847505,3.144726,0.5517234,0.4509712,3.145675,0.5559272,0.4312041,3.15062,0.2546836,0.4594615,3.080134,0.2643315,0.2053193,2.907669,0.294309,-0.2031661,2.802987,0.4034508,0.4628102,3.092277,0.4109463,0.151504,3.177668,0.268391,-0.212414,3.35155,0.2931063,0.9701465,3.113784
72057594038042242,0,0.6689124,106249.8,0.3330372,0.4614123,3.121914,0.2901423,1.161958,3.097497,0.162697,0.9081764,3.08022,0.1148132,0.6805749,3.094287,0.3158385,0.492853,3.015997,0.3303977,0.4637929,2.965897,0.4323063,0.9176857,3.092033,0.4845648,0.6847505,3.144726,0.5517234,0.4509712,3.145675,0.5559272,0.4312041,3.15062,0.2546836,0.4594615,3.080134,0.2643315,0.2053193,2.907669,0.294309,-0.2031661,2.802987,0.4034508,0.4628102,3.092277,0.4109463,0.151504,3.177668,0.268391,-0.212414,3.35155,0.2931063,0.9701465,3.113784
72057594038042242,0,0.6689124,106249.8,0.3330372,0.4614123,3.121914,0.2901423,1.161958,3.097497,0.162697,0.9081764,3.08022,0.1148132,0.6805749,3.094287,0.3158385,0.492853,3.015997,0.3303977,0.4637929,2.965897,0.4323063,0.9176857,3.092033,0.4845648,0.6847505,3.144726,0.5517234,0.4509712,3.145675,0.5559272,0.4312041,3.15062,0.2546836,0.4594615,3.080134,0.2643315,0.2053193,2.907669,0.294309,-0.2031661,2.802987,0.4034508,0.4628102,3.092277,0.4109463,0.151504,3.177668,0.268391,-0.212414,3.35155,0.2931063,0.9701465,3.113784
72057594038042242,0,0.6689124,106249.8,0.3330372,0.4614123,3.121914,0.2901423,1.161958,3.097497,0.162697,0.9081764,3.08022,0.1148132,0.6805749,3.094287,0.3158385,0.492853,3.015997,0.3303977,0.4637929,2.965897,0.4323063,0.9176857,3.092033,0.4845648,0.6847505,3.144726,0.5517234,0.4509712,3.145675,0.5559272,0.4312041,3.15062,0.2546836,0.4594615,3.080134,0.2643315,0.2053193,2.907669,0.294309,-0.2031661,2.802987,0.4034508,0.4628102,3.092277,0.4109463,0.151504,3.177668,0.268391,-0.212414,3.35155,0.2931063,0.9701465,3.113784
72057594038042242,0,0.6689124,106249.8,0.3330372,0.4614123,3.121914,0.2901423,1.161958,3.097497,0.162697,0.9081764,3.08022,0.1148132,0.6805749,3.094287,0.3158385,0.492853,3.015997,0.3303977,0.4637929,2.965897,0.4323063,0.9176857,3.092033,0.4845648,0.6847505,3.144726,0.5517234,0.4509712,3.145675,0.5559272,0.4312041,3.15062,0.2546836,0.4594615,3.080134,0.2643315,0.2053193,2.907669,0.294309,-0.2031661,2.802987,0.4034508,0.4628102,3.092277,0.4109463,0.151504,3.177668,0.268391,-0.212414,3.35155,0.2931063,0.9701465,3.113784
72057594038042242,0,0.6689124,106249.8,0.3330372,0.4614123,3.121914,0.2901423,1.161958,3.097497,0.162697,0.9081764,3.08022,0.1148132,0.6805749,3.094287,0.3158385,0.492853,3.015997,0.3303977,0.4637929,2.965897,0.4323063,0.9176857,3.092033,0.4845648,0.6847505,3.144726,0.5517234,0.4509712,3.145675,0.5559272,0.4312041,3.15062,0.2546836,0.4594615,3.080134,0.2643315,0.2053193,2.907669,0.294309,-0.2031661,2.802987,0.4034508,0.4628102,3.092277,0.4109463,0.151504,3.177668,0.268391,-0.212414,3.35155,0.2931063,0.9701465,3.113784
72057594038042242,0,0.6414685,106249.8,0.3291532,0.4583624,3.072464,0.2886434,1.1503,3.082563,0.1616371,0.9080806,3.051732,0.1161907,0.6958278,3.054743,0.3344885,0.5171285,3.019351,0.3748541,0.4524593,2.95947,0.4182728,0.927793,3.050072,0.4802895,0.6629022,3.102968,0.5485356,0.4294612,3.109103,0.5496984,0.4330952,3.123691,0.2509218,0.4558325,3.033187,0.2708554,0.1981067,2.873828,0.2949898,-0.1993503,2.801184,0.4002115,0.4592714,3.043116,0.4108227,0.1731028,3.109321,0.2680134,-0.1912221,3.282563,0.2821677,0.9623093,3.075484
72057594038042242,0,0.6414685,106249.8,0.3291532,0.4583624,3.072464,0.2886434,1.1503,3.082563,0.1616371,0.9080806,3.051732,0.1161907,0.6958278,3.054743,0.3344885,0.5171285,3.019351,0.3748541,0.4524593,2.95947,0.4182728,0.927793,3.050072,0.4802895,0.6629022,3.102968,0.5485356,0.4294612,3.109103,0.5496984,0.4330952,3.123691,0.2509218,0.4558325,3.033187,0.2708554,0.1981067,2.873828,0.2949898,-0.1993503,2.801184,0.4002115,0.4592714,3.043116,0.4108227,0.1731028,3.109321,0.2680134,-0.1912221,3.282563,0.2821677,0.9623093,3.075484
72057594038042242,0,0.6414685,106249.8,0.3291532,0.4583624,3.072464,0.2886434,1.1503,3.082563,0.1616371,0.9080806,3.051732,0.1161907,0.6958278,3.054743,0.3344885,0.5171285,3.019351,0.3748541,0.4524593,2.95947,0.4182728,0.927793,3.050072,0.4802895,0.6629022,3.102968,0.5485356,0.4294612,3.109103,0.5496984,0.4330952,3.123691,0.2509218,0.4558325,3.033187,0.2708554,0.1981067,2.873828,0.2949898,-0.1993503,2.801184,0.4002115,0.4592714,3.043116,0.4108227,0.1731028,3.109321,0.2680134,-0.1912221,3.282563,0.2821677,0.9623093,3.075484
72057594038042242,0,0.6414685,106249.8,0.3291532,0.4583624,3.072464,0.2886434,1.1503,3.082563,0.1616371,0.9080806,3.051732,0.1161907,0.6958278,3.054743,0.3344885,0.5171285,3.019351,0.3748541,0.4524593,2.95947,0.4182728,0.927793,3.050072,0.4802895,0.6629022,3.102968,0.5485356,0.4294612,3.109103,0.5496984,0.4330952,3.123691,0.2509218,0.4558325,3.033187,0.2708554,0.1981067,2.873828,0.2949898,-0.1993503,2.801184,0.4002115,0.4592714,3.043116,0.4108227,0.1731028,3.109321,0.2680134,-0.1912221,3.282563,0.2821677,0.9623093,3.075484
72057594038042242,0,0.6414685,106249.8,0.3291532,0.4583624,3.072464,0.2886434,1.1503,3.082563,0.1616371,0.9080806,3.051732,0.1161907,0.6958278,3.054743,0.3344885,0.5171285,3.019351,0.3748541,0.4524593,2.95947,0.4182728,0.927793,3.050072,0.4802895,0.6629022,3.102968,0.5485356,0.4294612,3.109103,0.5496984,0.4330952,3.123691,0.2509218,0.4558325,3.033187,0.2708554,0.1981067,2.873828,0.2949898,-0.1993503,2.801184,0.4002115,0.4592714,3.043116,0.4108227,0.1731028,3.109321,0.2680134,-0.1912221,3.282563,0.2821677,0.9623093,3.075484
72057594038042242,0,0.6414685,106249.8,0.3291532,0.4583624,3.072464,0.2886434,1.1503,3.082563,0.1616371,0.9080806,3.051732,0.1161907,0.6958278,3.054743,0.3344885,0.5171285,3.019351,0.3748541,0.4524593,2.95947,0.4182728,0.927793,3.050072,0.4802895,0.6629022,3.102968,0.5485356,0.4294612,3.109103,0.5496984,0.4330952,3.123691,0.2509218,0.4558325,3.033187,0.2708554,0.1981067,2.873828,0.2949898,-0.1993503,2.801184,0.4002115,0.4592714,3.043116,0.4108227,0.1731028,3.109321,0.2680134,-0.1912221,3.282563,0.2821677,0.9623093,3.075484
72057594038042242,0,0.6414685,106249.8,0.3291532,0.4583624,3.072464,0.2886434,1.1503,3.082563,0.1616371,0.9080806,3.051732,0.1161907,0.6958278,3.054743,0.3344885,0.5171285,3.019351,0.3748541,0.4524593,2.95947,0.4182728,0.927793,3.050072,0.4802895,0.6629022,3.102968,0.5485356,0.4294612,3.109103,0.5496984,0.4330952,3.123691,0.2509218,0.4558325,3.033187,0.2708554,0.1981067,2.873828,0.2949898,-0.1993503,2.801184,0.4002115,0.4592714,3.043116,0.4108227,0.1731028,3.109321,0.2680134,-0.1912221,3.282563,0.2821677,0.9623093,3.075484
72057594038042242,0,0.6414685,106249.8,0.3291532,0.4583624,3.072464,0.2886434,1.1503,3.082563,0.1616371,0.9080806,3.051732,0.1161907,0.6958278,3.054743,0.3344885,0.5171285,3.019351,0.3748541,0.4524593,2.95947,0.4182728,0.927793,3.050072,0.4802895,0.6629022,3.102968,0.5485356,0.4294612,3.109103,0.5496984,0.4330952,3.123691,0.2509218,0.4558325,3.033187,0.2708554,0.1981067,2.873828,0.2949898,-0.1993503,2.801184,0.4002115,0.4592714,3.043116,0.4108227,0.1731028,3.109321,0.2680134,-0.1912221,3.282563,0.2821677,0.9623093,3.075484
72057594038042242,0,0.6414685,106249.8,0.3291532,0.4583624,3.072464,0.2886434,1.1503,3.082563,0.1616371,0.9080806,3.051732,0.1161907,0.6958278,3.054743,0.3344885,0.5171285,3.019351,0.3748541,0.4524593,2.95947,0.4182728,0.927793,3.050072,0.4802895,0.6629022,3.102968,0.5485356,0.4294612,3.109103,0.5496984,0.4330952,3.123691,0.2509218,0.4558325,3.033187,0.2708554,0.1981067,2.873828,0.2949898,-0.1993503,2.801184,0.4002115,0.4592714,3.043116,0.4108227,0.1731028,3.109321,0.2680134,-0.1912221,3.282563,0.2821677,0.9623093,3.075484
72057594038042242,0,0.6199069,106249.8,0.3247491,0.4660395,3.045047,0.2913637,1.140804,3.032128,0.1604704,0.9136695,3.024398,0.1125051,0.6752411,3.0025,0.354338,0.5440316,3.056711,0.4789515,0.5267544,3.046008,0.4144232,0.9293777,3.021949,0.4747591,0.6778265,3.073087,0.5427235,0.4437363,3.076718,0.5501888,0.4316958,3.10786,0.2490821,0.4626425,3.009915,0.2691111,0.1997181,2.862731,0.2952719,-0.1972275,2.799178,0.3925412,0.4678691,3.008894,0.4195645,0.1422303,3.0663,0.2961778,-0.1625841,3.334444,0.2852025,0.9701287,3.040594
72057594038042242,0,0.6199069,106249.8,0.3247491,0.4660395,3.045047,0.2913637,1.140804,3.032128,0.1604704,0.9136695,3.024398,0.1125051,0.6752411,3.0025,0.354338,0.5440316,3.056711,0.4789515,0.5267544,3.046008,0.4144232,0.9293777,3.021949,0.4747591,0.6778265,3.073087,0.5427235,0.4437363,3.076718,0.5501888,0.4316958,3.10786,0.2490821,0.4626425,3.009915,0.2691111,0.1997181,2.862731,0.2952719,-0.1972275,2.799178,0.3925412,0.4678691,3.008894,0.4195645,0.1422303,3.0663,0.2961778,-0.1625841,3.334444,0.2852025,0.9701287,3.040594
72057594038042242,0,0.6199069,106249.8,0.3247491,0.4660395,3.045047,0.2913637,1.140804,3.032128,0.1604704,0.9136695,3.024398,0.1125051,0.6752411,3.0025,0.354338,0.5440316,3.056711,0.4789515,0.5267544,3.046008,0.4144232,0.9293777,3.021949,0.4747591,0.6778265,3.073087,0.5427235,0.4437363,3.076718,0.5501888,0.4316958,3.10786,0.2490821,0.4626425,3.009915,0.2691111,0.1997181,2.862731,0.2952719,-0.1972275,2.799178,0.3925412,0.4678691,3.008894,0.4195645,0.1422303,3.0663,0.2961778,-0.1625841,3.334444,0.2852025,0.9701287,3.040594
72057594038042242,0,0.6199069,106249.8,0.3247491,0.4660395,3.045047,0.2913637,1.140804,3.032128,0.1604704,0.9136695,3.024398,0.1125051,0.6752411,3.0025,0.354338,0.5440316,3.056711,0.4789515,0.5267544,3.046008,0.4144232,0.9293777,3.021949,0.4747591,0.6778265,3.073087,0.5427235,0.4437363,3.076718,0.5501888,0.4316958,3.10786,0.2490821,0.4626425,3.009915,0.2691111,0.1997181,2.862731,0.2952719,-0.1972275,2.799178,0.3925412,0.4678691,3.008894,0.4195645,0.1422303,3.0663,0.2961778,-0.1625841,3.334444,0.2852025,0.9701287,3.040594
72057594038042242,0,0.6199069,106249.8,0.3247491,0.4660395,3.045047,0.2913637,1.140804,3.032128,0.1604704,0.9136695,3.024398,0.1125051,0.6752411,3.0025,0.354338,0.5440316,3.056711,0.4789515,0.5267544,3.046008,0.4144232,0.9293777,3.021949,0.4747591,0.6778265,3.073087,0.5427235,0.4437363,3.076718,0.5501888,0.4316958,3.10786,0.2490821,0.4626425,3.009915,0.2691111,0.1997181,2.862731,0.2952719,-0.1972275,2.799178,0.3925412,0.4678691,3.008894,0.4195645,0.1422303,3.0663,0.2961778,-0.1625841,3.334444,0.2852025,0.9701287,3.040594
72057594038042242,0,0.6199069,106249.8,0.3247491,0.4660395,3.045047,0.2913637,1.140804,3.032128,0.1604704,0.9136695,3.024398,0.1125051,0.6752411,3.0025,0.354338,0.5440316,3.056711,0.4789515,0.5267544,3.046008,0.4144232,0.9293777,3.021949,0.4747591,0.6778265,3.073087,0.5427235,0.4437363,3.076718,0.5501888,0.4316958,3.10786,0.2490821,0.4626425,3.009915,0.2691111,0.1997181,2.862731,0.2952719,-0.1972275,2.799178,0.3925412,0.4678691,3.008894,0.4195645,0.1422303,3.0663,0.2961778,-0.1625841,3.334444,0.2852025,0.9701287,3.040594
72057594038042242,0,0.6199069,106249.9,0.3247491,0.4660395,3.045047,0.2913637,1.140804,3.032128,0.1604704,0.9136695,3.024398,0.1125051,0.6752411,3.0025,0.354338,0.5440316,3.056711,0.4789515,0.5267544,3.046008,0.4144232,0.9293777,3.021949,0.4747591,0.6778265,3.073087,0.5427235,0.4437363,3.076718,0.5501888,0.4316958,3.10786,0.2490821,0.4626425,3.009915,0.2691111,0.1997181,2.862731,0.2952719,-0.1972275,2.799178,0.3925412,0.4678691,3.008894,0.4195645,0.1422303,3.0663,0.2961778,-0.1625841,3.334444,0.2852025,0.9701287,3.040594
72057594038042242,0,0.6199069,106249.9,0.3247491,0.4660395,3.045047,0.2913637,1.140804,3.032128,0.1604704,0.9136695,3.024398,0.1125051,0.6752411,3.0025,0.354338,0.5440316,3.056711,0.4789515,0.5267544,3.046008,0.4144232,0.9293777,3.021949,0.4747591,0.6778265,3.073087,0.5427235,0.4437363,3.076718,0.5501888,0.4316958,3.10786,0.2490821,0.4626425,3.009915,0.2691111,0.1997181,2.862731,0.2952719,-0.1972275,2.799178,0.3925412,0.4678691,3.008894,0.4195645,0.1422303,3.0663,0.2961778,-0.1625841,3.334444,0.2852025,0.9701287,3.040594
72057594038042242,0,0.6199069,106249.9,0.3247491,0.4660395,3.045047,0.2913637,1.140804,3.032128,0.1604704,0.9136695,3.024398,0.1125051,0.6752411,3.0025,0.354338,0.5440316,3.056711,0.4789515,0.5267544,3.046008,0.4144232,0.9293777,3.021949,0.4747591,0.6778265,3.073087,0.5427235,0.4437363,3.076718,0.5501888,0.4316958,3.10786,0.2490821,0.4626425,3.009915,0.2691111,0.1997181,2.862731,0.2952719,-0.1972275,2.799178,0.3925412,0.4678691,3.008894,0.4195645,0.1422303,3.0663,0.2961778,-0.1625841,3.334444,0.2852025,0.9701287,3.040594
72057594038042242,0,0.6199069,106249.9,0.3247491,0.4660395,3.045047,0.2913637,1.140804,3.032128,0.1604704,0.9136695,3.024398,0.1125051,0.6752411,3.0025,0.354338,0.5440316,3.056711,0.4789515,0.5267544,3.046008,0.4144232,0.9293777,3.021949,0.4747591,0.6778265,3.073087,0.5427235,0.4437363,3.076718,0.5501888,0.4316958,3.10786,0.2490821,0.4626425,3.009915,0.2691111,0.1997181,2.862731,0.2952719,-0.1972275,2.799178,0.3925412,0.4678691,3.008894,0.4195645,0.1422303,3.0663,0.2961778,-0.1625841,3.334444,0.2852025,0.9701287,3.040594
72057594038042242,0,0.6097113,106249.9,0.3252867,0.4685776,3.027095,0.2768371,1.161623,3.004266,0.1548102,0.9129201,2.997021,0.1251391,0.6674138,2.966201,0.3648419,0.5385929,3.032474,0.4816111,0.5200375,3.020149,0.4111834,0.9317698,2.992063,0.4737017,0.6762825,3.052685,0.5417706,0.44181,3.057052,0.5431462,0.4391575,3.080591,0.2501932,0.4645652,2.994067,0.2697546,0.1921417,2.848394,0.2953045,-0.1955158,2.797331,0.3927695,0.4706717,2.990304,0.4352878,0.1647097,3.00573,0.3183645,-0.05019897,3.29523,0.2795392,0.9715438,3.020344
72057594038042242,0,0.6097113,106249.9,0.3252867,0.4685776,3.027095,0.2768371,1.161623,3.004266,0.1548102,0.9129201,2.997021,0.1251391,0.6674138,2.966201,0.3648419,0.5385929,3.032474,0.4816111,0.5200375,3.020149,0.4111834,0.9317698,2.992063,0.4737017,0.6762825,3.052685,0.5417706,0.44181,3.057052,0.5431462,0.4391575,3.080591,0.2501932,0.4645652,2.994067,0.2697546,0.1921417,2.848394,0.2953045,-0.1955158,2.797331,0.3927695,0.4706717,2.990304,0.4352878,0.1647097,3.00573,0.3183645,-0.05019897,3.29523,0.2795392,0.9715438,3.020344
72057594038042242,0,0.6097113,106249.9,0.3252867,0.4685776,3.027095,0.2768371,1.161623,3.004266,0.1548102,0.9129201,2.997021,0.1251391,0.6674138,2.966201,0.3648419,0.5385929,3.032474,0.4816111,0.5200375,3.020149,0.4111834,0.9317698,2.992063,0.4737017,0.6762825,3.052685,0.5417706,0.44181,3.057052,0.5431462,0.4391575,3.080591,0.2501932,0.4645652,2.994067,0.2697546,0.1921417,2.848394,0.2953045,-0.1955158,2.797331,0.3927695,0.4706717,2.990304,0.4352878,0.1647097,3.00573,0.3183645,-0.05019897,3.29523,0.2795392,0.9715438,3.020344
72057594038042242,0,0.6097113,106249.9,0.3252867,0.4685776,3.027095,0.2768371,1.161623,3.004266,0.1548102,0.9129201,2.997021,0.1251391,0.6674138,2.966201,0.3648419,0.5385929,3.032474,0.4816111,0.5200375,3.020149,0.4111834,0.9317698,2.992063,0.4737017,0.6762825,3.052685,0.5417706,0.44181,3.057052,0.5431462,0.4391575,3.080591,0.2501932,0.4645652,2.994067,0.2697546,0.1921417,2.848394,0.2953045,-0.1955158,2.797331,0.3927695,0.4706717,2.990304,0.4352878,0.1647097,3.00573,0.3183645,-0.05019897,3.29523,0.2795392,0.9715438,3.020344
72057594038042242,0,0.6097113,106249.9,0.3252867,0.4685776,3.027095,0.2768371,1.161623,3.004266,0.1548102,0.9129201,2.997021,0.1251391,0.6674138,2.966201,0.3648419,0.5385929,3.032474,0.4816111,0.5200375,3.020149,0.4111834,0.9317698,2.992063,0.4737017,0.6762825,3.052685,0.5417706,0.44181,3.057052,0.5431462,0.4391575,3.080591,0.2501932,0.4645652,2.994067,0.2697546,0.1921417,2.848394,0.2953045,-0.1955158,2.797331,0.3927695,0.4706717,2.990304,0.4352878,0.1647097,3.00573,0.3183645,-0.05019897,3.29523,0.2795392,0.9715438,3.020344
72057594038042242,0,0.6097113,106249.9,0.3252867,0.4685776,3.027095,0.2768371,1.161623,3.004266,0.1548102,0.9129201,2.997021,0.1251391,0.6674138,2.966201,0.3648419,0.5385929,3.032474,0.4816111,0.5200375,3.020149,0.4111834,0.9317698,2.992063,0.4737017,0.6762825,3.052685,0.5417706,0.44181,3.057052,0.5431462,0.4391575,3.080591,0.2501932,0.4645652,2.994067,0.2697546,0.1921417,2.848394,0.2953045,-0.1955158,2.797331,0.3927695,0.4706717,2.990304,0.4352878,0.1647097,3.00573,0.3183645,-0.05019897,3.29523,0.2795392,0.9715438,3.020344
72057594038042242,0,0.6097113,106249.9,0.3252867,0.4685776,3.027095,0.2768371,1.161623,3.004266,0.1548102,0.9129201,2.997021,0.1251391,0.6674138,2.966201,0.3648419,0.5385929,3.032474,0.4816111,0.5200375,3.020149,0.4111834,0.9317698,2.992063,0.4737017,0.6762825,3.052685,0.5417706,0.44181,3.057052,0.5431462,0.4391575,3.080591,0.2501932,0.4645652,2.994067,0.2697546,0.1921417,2.848394,0.2953045,-0.1955158,2.797331,0.3927695,0.4706717,2.990304,0.4352878,0.1647097,3.00573,0.3183645,-0.05019897,3.29523,0.2795392,0.9715438,3.020344
72057594038042242,0,0.6097113,106249.9,0.3252867,0.4685776,3.027095,0.2768371,1.161623,3.004266,0.1548102,0.9129201,2.997021,0.1251391,0.6674138,2.966201,0.3648419,0.5385929,3.032474,0.4816111,0.5200375,3.020149,0.4111834,0.9317698,2.992063,0.4737017,0.6762825,3.052685,0.5417706,0.44181,3.057052,0.5431462,0.4391575,3.080591,0.2501932,0.4645652,2.994067,0.2697546,0.1921417,2.848394,0.2953045,-0.1955158,2.797331,0.3927695,0.4706717,2.990304,0.4352878,0.1647097,3.00573,0.3183645,-0.05019897,3.29523,0.2795392,0.9715438,3.020344
72057594038042242,0,0.6097113,106249.9,0.3252867,0.4685776,3.027095,0.2768371,1.161623,3.004266,0.1548102,0.9129201,2.997021,0.1251391,0.6674138,2.966201,0.3648419,0.5385929,3.032474,0.4816111,0.5200375,3.020149,0.4111834,0.9317698,2.992063,0.4737017,0.6762825,3.052685,0.5417706,0.44181,3.057052,0.5431462,0.4391575,3.080591,0.2501932,0.4645652,2.994067,0.2697546,0.1921417,2.848394,0.2953045,-0.1955158,2.797331,0.3927695,0.4706717,2.990304,0.4352878,0.1647097,3.00573,0.3183645,-0.05019897,3.29523,0.2795392,0.9715438,3.020344
72057594038042242,0,0.6097113,106249.9,0.3252867,0.4685776,3.027095,0.2768371,1.161623,3.004266,0.1548102,0.9129201,2.997021,0.1251391,0.6674138,2.966201,0.3648419,0.5385929,3.032474,0.4816111,0.5200375,3.020149,0.4111834,0.9317698,2.992063,0.4737017,0.6762825,3.052685,0.5417706,0.44181,3.057052,0.5431462,0.4391575,3.080591,0.2501932,0.4645652,2.994067,0.2697546,0.1921417,2.848394,0.2953045,-0.1955158,2.797331,0.3927695,0.4706717,2.990304,0.4352878,0.1647097,3.00573,0.3183645,-0.05019897,3.29523,0.2795392,0.9715438,3.020344
72057594038042242,0,0.5994665,106249.9,0.3449171,0.468976,2.978794,0.2721344,1.152356,2.996533,0.1539289,0.9116391,2.967268,0.1250759,0.6596228,2.923691,0.3666013,0.5300609,2.98477,0.4539443,0.5116435,2.926368,0.4013914,0.9395903,2.958218,0.4772953,0.6842529,3.046978,0.5460703,0.4472854,3.052295,0.5593335,0.3894929,3.040695,0.2726913,0.4609613,2.946588,0.2806185,0.1824626,2.844734,0.2955509,-0.1938604,2.795462,0.4093019,0.4749691,2.941067,0.3668753,0.163841,2.894496,0.3401507,-0.01454031,3.213201,0.2771993,0.9750796,2.991563
72057594038042242,0,0.5994665,106249.9,0.3449171,0.468976,2.978794,0.2721344,1.152356,2.996533,0.1539289,0.9116391,2.967268,0.1250759,0.6596228,2.923691,0.3666013,0.5300609,2.98477,0.4539443,0.5116435,2.926368,0.4013914,0.9395903,2.958218,0.4772953,0.6842529,3.046978,0.5460703,0.4472854,3.052295,0.5593335,0.3894929,3.040695,0.2726913,0.4609613,2.946588,0.2806185,0.1824626,2.844734,0.2955509,-0.1938604,2.795462,0.4093019,0.4749691,2.941067,0.3668753,0.163841,2.894496,0.3401507,-0.01454031,3.213201,0.2771993,0.9750796,2.991563
72057594038042242,0,0.5994665,106249.9,0.3449171,0.468976,2.978794,0.2721344,1.152356,2.996533,0.1539289,0.9116391,2.967268,0.1250759,0.6596228,2.923691,0.3666013,0.5300609,2.98477,0.4539443,0.5116435,2.926368,0.4013914,0.9395903,2.958218,0.4772953,0.6842529,3.046978,0.5460703,0.4472854,3.052295,0.5593335,0.3894929,3.040695,0.2726913,0.4609613,2.946588,0.2806185,0.1824626,2.844734,0.2955509,-0.1938604,2.795462,0.4093019,0.4749691,2.941067,0.3668753,0.163841,2.894496,0.3401507,-0.01454031,3.213201,0.2771993,0.9750796,2.991563
72057594038042242,0,0.5994665,106249.9,0.3449171,0.468976,2.978794,0.2721344,1.152356,2.996533,0.1539289,0.9116391,2.967268,0.1250759,0.6596228,2.923691,0.3666013,0.5300609,2.98477,0.4539443,0.5116435,2.926368,0.4013914,0.9395903,2.958218,0.4772953,0.6842529,3.046978,0.5460703,0.4472854,3.052295,0.5593335,0.3894929,3.040695,0.2726913,0.4609613,2.946588,0.2806185,0.1824626,2.844734,0.2955509,-0.1938604,2.795462,0.4093019,0.4749691,2.941067,0.3668753,0.163841,2.894496,0.3401507,-0.01454031,3.213201,0.2771993,0.9750796,2.991563
72057594038042242,0,0.5994665,106249.9,0.3449171,0.468976,2.978794,0.2721344,1.152356,2.996533,0.1539289,0.9116391,2.967268,0.1250759,0.6596228,2.923691,0.3666013,0.5300609,2.98477,0.4539443,0.5116435,2.926368,0.4013914,0.9395903,2.958218,0.4772953,0.6842529,3.046978,0.5460703,0.4472854,3.052295,0.5593335,0.3894929,3.040695,0.2726913,0.4609613,2.946588,0.2806185,0.1824626,2.844734,0.2955509,-0.1938604,2.795462,0.4093019,0.4749691,2.941067,0.3668753,0.163841,2.894496,0.3401507,-0.01454031,3.213201,0.2771993,0.9750796,2.991563
72057594038042242,0,0.5994665,106249.9,0.3449171,0.468976,2.978794,0.2721344,1.152356,2.996533,0.1539289,0.9116391,2.967268,0.1250759,0.6596228,2.923691,0.3666013,0.5300609,2.98477,0.4539443,0.5116435,2.926368,0.4013914,0.9395903,2.958218,0.4772953,0.6842529,3.046978,0.5460703,0.4472854,3.052295,0.5593335,0.3894929,3.040695,0.2726913,0.4609613,2.946588,0.2806185,0.1824626,2.844734,0.2955509,-0.1938604,2.795462,0.4093019,0.4749691,2.941067,0.3668753,0.163841,2.894496,0.3401507,-0.01454031,3.213201,0.2771993,0.9750796,2.991563
72057594038042242,0,0.5994665,106249.9,0.3449171,0.468976,2.978794,0.2721344,1.152356,2.996533,0.1539289,0.9116391,2.967268,0.1250759,0.6596228,2.923691,0.3666013,0.5300609,2.98477,0.4539443,0.5116435,2.926368,0.4013914,0.9395903,2.958218,0.4772953,0.6842529,3.046978,0.5460703,0.4472854,3.052295,0.5593335,0.3894929,3.040695,0.2726913,0.4609613,2.946588,0.2806185,0.1824626,2.844734,0.2955509,-0.1938604,2.795462,0.4093019,0.4749691,2.941067,0.3668753,0.163841,2.894496,0.3401507,-0.01454031,3.213201,0.2771993,0.9750796,2.991563
72057594038042242,0,0.5994665,106249.9,0.3449171,0.468976,2.978794,0.2721344,1.152356,2.996533,0.1539289,0.9116391,2.967268,0.1250759,0.6596228,2.923691,0.3666013,0.5300609,2.98477,0.4539443,0.5116435,2.926368,0.4013914,0.9395903,2.958218,0.4772953,0.6842529,3.046978,0.5460703,0.4472854,3.052295,0.5593335,0.3894929,3.040695,0.2726913,0.4609613,2.946588,0.2806185,0.1824626,2.844734,0.2955509,-0.1938604,2.795462,0.4093019,0.4749691,2.941067,0.3668753,0.163841,2.894496,0.3401507,-0.01454031,3.213201,0.2771993,0.9750796,2.991563
72057594038042242,0,0.5994665,106249.9,0.3449171,0.468976,2.978794,0.2721344,1.152356,2.996533,0.1539289,0.9116391,2.967268,0.1250759,0.6596228,2.923691,0.3666013,0.5300609,2.98477,0.4539443,0.5116435,2.926368,0.4013914,0.9395903,2.958218,0.4772953,0.6842529,3.046978,0.5460703,0.4472854,3.052295,0.5593335,0.3894929,3.040695,0.2726913,0.4609613,2.946588,0.2806185,0.1824626,2.844734,0.2955509,-0.1938604,2.795462,0.4093019,0.4749691,2.941067,0.3668753,0.163841,2.894496,0.3401507,-0.01454031,3.213201,0.2771993,0.9750796,2.991563
72057594038042242,0,0.5994665,106249.9,0.3449171,0.468976,2.978794,0.2721344,1.152356,2.996533,0.1539289,0.9116391,2.967268,0.1250759,0.6596228,2.923691,0.3666013,0.5300609,2.98477,0.4539443,0.5116435,2.926368,0.4013914,0.9395903,2.958218,0.4772953,0.6842529,3.046978,0.5460703,0.4472854,3.052295,0.5593335,0.3894929,3.040695,0.2726913,0.4609613,2.946588,0.2806185,0.1824626,2.844734,0.2955509,-0.1938604,2.795462,0.4093019,0.4749691,2.941067,0.3668753,0.163841,2.894496,0.3401507,-0.01454031,3.213201,0.2771993,0.9750796,2.991563
72057594038042242,0,0.5994665,106249.9,0.3449171,0.468976,2.978794,0.2721344,1.152356,2.996533,0.1539289,0.9116391,2.967268,0.1250759,0.6596228,2.923691,0.3666013,0.5300609,2.98477,0.4539443,0.5116435,2.926368,0.4013914,0.9395903,2.958218,0.4772953,0.6842529,3.046978,0.5460703,0.4472854,3.052295,0.5593335,0.3894929,3.040695,0.2726913,0.4609613,2.946588,0.2806185,0.1824626,2.844734,0.2955509,-0.1938604,2.795462,0.4093019,0.4749691,2.941067,0.3668753,0.163841,2.894496,0.3401507,-0.01454031,3.213201,0.2771993,0.9750796,2.991563
72057594038042242,0,0.6147456,106249.9,0.378522,0.4685105,2.963366,0.2705549,1.157801,2.961311,0.1572725,0.9102695,2.938023,0.1332524,0.6625276,2.8931,0.3743029,0.5365676,2.963556,0.4800203,0.5193865,2.95208,0.4052711,0.9387062,2.949661,0.4791545,0.6736979,3.015905,0.4607279,0.4064923,2.907123,0.467695,0.3282463,2.865813,0.3174919,0.452846,2.924444,0.2770094,0.1740681,2.834668,0.2960093,-0.1961171,2.793354,0.4335268,0.4800712,2.930861,0.4446826,0.1491071,2.896278,0.4175877,-0.02920139,3.215049,0.2865129,0.9811307,2.962492
72057594038042242,0,0.6147456,106249.9,0.378522,0.4685105,2.963366,0.2705549,1.157801,2.961311,0.1572725,0.9102695,2.938023,0.1332524,0.6625276,2.8931,0.3743029,0.5365676,2.963556,0.4800203,0.5193865,2.95208,0.4052711,0.9387062,2.949661,0.4791545,0.6736979,3.015905,0.4607279,0.4064923,2.907123,0.467695,0.3282463,2.865813,0.3174919,0.452846,2.924444,0.2770094,0.1740681,2.834668,0.2960093,-0.1961171,2.793354,0.4335268,0.4800712,2.930861,0.4446826,0.1491071,2.896278,0.4175877,-0.02920139,3.215049,0.2865129,0.9811307,2.962492
72057594038042242,0,0.6147456,106249.9,0.378522,0.4685105,2.963366,0.2705549,1.157801,2.961311,0.1572725,0.9102695,2.938023,0.1332524,0.6625276,2.8931,0.3743029,0.5365676,2.963556,0.4800203,0.5193865,2.95208,0.4052711,0.9387062,2.949661,0.4791545,0.6736979,3.015905,0.4607279,0.4064923,2.907123,0.467695,0.3282463,2.865813,0.3174919,0.452846,2.924444,0.2770094,0.1740681,2.834668,0.2960093,-0.1961171,2.793354,0.4335268,0.4800712,2.930861,0.4446826,0.1491071,2.896278,0.4175877,-0.02920139,3.215049,0.2865129,0.9811307,2.962492
72057594038042242,0,0.6147456,106249.9,0.378522,0.4685105,2.963366,0.2705549,1.157801,2.961311,0.1572725,0.9102695,2.938023,0.1332524,0.6625276,2.8931,0.3743029,0.5365676,2.963556,0.4800203,0.5193865,2.95208,0.4052711,0.9387062,2.949661,0.4791545,0.6736979,3.015905,0.4607279,0.4064923,2.907123,0.467695,0.3282463,2.865813,0.3174919,0.452846,2.924444,0.2770094,0.1740681,2.834668,0.2960093,-0.1961171,2.793354,0.4335268,0.4800712,2.930861,0.4446826,0.1491071,2.896278,0.4175877,-0.02920139,3.215049,0.2865129,0.9811307,2.962492
72057594038042242,0,0.6147456,106249.9,0.378522,0.4685105,2.963366,0.2705549,1.157801,2.961311,0.1572725,0.9102695,2.938023,0.1332524,0.6625276,2.8931,0.3743029,0.5365676,2.963556,0.4800203,0.5193865,2.95208,0.4052711,0.9387062,2.949661,0.4791545,0.6736979,3.015905,0.4607279,0.4064923,2.907123,0.467695,0.3282463,2.865813,0.3174919,0.452846,2.924444,0.2770094,0.1740681,2.834668,0.2960093,-0.1961171,2.793354,0.4335268,0.4800712,2.930861,0.4446826,0.1491071,2.896278,0.4175877,-0.02920139,3.215049,0.2865129,0.9811307,2.962492
72057594038042242,0,0.6147456,106250,0.378522,0.4685105,2.963366,0.2705549,1.157801,2.961311,0.1572725,0.9102695,2.938023,0.1332524,0.6625276,2.8931,0.3743029,0.5365676,2.963556,0.4800203,0.5193865,2.95208,0.4052711,0.9387062,2.949661,0.4791545,0.6736979,3.015905,0.4607279,0.4064923,2.907123,0.467695,0.3282463,2.865813,0.3174919,0.452846,2.924444,0.2770094,0.1740681,2.834668,0.2960093,-0.1961171,2.793354,0.4335268,0.4800712,2.930861,0.4446826,0.1491071,2.896278,0.4175877,-0.02920139,3.215049,0.2865129,0.9811307,2.962492
72057594038042242,0,0.6147456,106250,0.378522,0.4685105,2.963366,0.2705549,1.157801,2.961311,0.1572725,0.9102695,2.938023,0.1332524,0.6625276,2.8931,0.3743029,0.5365676,2.963556,0.4800203,0.5193865,2.95208,0.4052711,0.9387062,2.949661,0.4791545,0.6736979,3.015905,0.4607279,0.4064923,2.907123,0.467695,0.3282463,2.865813,0.3174919,0.452846,2.924444,0.2770094,0.1740681,2.834668,0.2960093,-0.1961171,2.793354,0.4335268,0.4800712,2.930861,0.4446826,0.1491071,2.896278,0.4175877,-0.02920139,3.215049,0.2865129,0.9811307,2.962492
72057594038042242,0,0.6147456,106250,0.378522,0.4685105,2.963366,0.2705549,1.157801,2.961311,0.1572725,0.9102695,2.938023,0.1332524,0.6625276,2.8931,0.3743029,0.5365676,2.963556,0.4800203,0.5193865,2.95208,0.4052711,0.9387062,2.949661,0.4791545,0.6736979,3.015905,0.4607279,0.4064923,2.907123,0.467695,0.3282463,2.865813,0.3174919,0.452846,2.924444,0.2770094,0.1740681,2.834668,0.2960093,-0.1961171,2.793354,0.4335268,0.4800712,2.930861,0.4446826,0.1491071,2.896278,0.4175877,-0.02920139,3.215049,0.2865129,0.9811307,2.962492
72057594038042242,0,0.6147456,106250,0.378522,0.4685105,2.963366,0.2705549,1.157801,2.961311,0.1572725,0.9102695,2.938023,0.1332524,0.6625276,2.8931,0.3743029,0.5365676,2.963556,0.4800203,0.5193865,2.95208,0.4052711,0.9387062,2.949661,0.4791545,0.6736979,3.015905,0.4607279,0.4064923,2.907123,0.467695,0.3282463,2.865813,0.3174919,0.452846,2.924444,0.2770094,0.1740681,2.834668,0.2960093,-0.1961171,2.793354,0.4335268,0.4800712,2.930861,0.4446826,0.1491071,2.896278,0.4175877,-0.02920139,3.215049,0.2865129,0.9811307,2.962492
72057594038042242,0,0.6079047,106250,0.3778079,0.4677527,2.94411,0.2733193,1.140882,2.91758,0.1627329,0.8985463,2.9066,0.136012,0.6662344,2.859178,0.3761168,0.5410246,2.933217,0.4701442,0.5240868,2.899457,0.4091069,0.933679,2.924943,0.4892179,0.704582,2.994266,0.468804,0.436785,2.887374,0.4753868,0.3897967,2.839369,0.3123117,0.453811,2.909177,0.2771433,0.1738008,2.822431,0.2972931,-0.1966168,2.790118,0.4363299,0.4786868,2.908193,0.4449472,0.1532728,2.865477,0.4178219,-0.02505955,3.184252,0.2831742,0.9786528,2.939523
72057594038042242,0,0.6079047,106250,0.3778079,0.4677527,2.94411,0.2733193,1.140882,2.91758,0.1627329,0.8985463,2.9066,0.136012,0.6662344,2.859178,0.3761168,0.5410246,2.933217,0.4701442,0.5240868,2.899457,0.4091069,0.933679,2.924943,0.4892179,0.704582,2.994266,0.468804,0.436785,2.887374,0.4753868,0.3897967,2.839369,0.3123117,0.453811,2.909177,0.2771433,0.1738008,2.822431,0.2972931,-0.1966168,2.790118,0.4363299,0.4786868,2.908193,0.4449472,0.1532728,2.865477,0.4178219,-0.02505955,3.184252,0.2831742,0.9786528,2.939523
72057594038042242,0,0.6079047,106250,0.3778079,0.4677527,2.94411,0.2733193,1.140882,2.91758,0.1627329,0.8985463,2.9066,0.136012,0.6662344,2.859178,0.3761168,0.5410246,2.933217,0.4701442,0.5240868,2.899457,0.4091069,0.933679,2.924943,0.4892179,0.704582,2.994266,0.468804,0.436785,2.887374,0.4753868,0.3897967,2.839369,0.3123117,0.453811,2.909177,0.2771433,0.1738008,2.822431,0.2972931,-0.1966168,2.790118,0.4363299,0.4786868,2.908193,0.4449472,0.1532728,2.865477,0.4178219,-0.02505955,3.184252,0.2831742,0.9786528,2.939523
72057594038042242,0,0.6079047,106250,0.3778079,0.4677527,2.94411,0.2733193,1.140882,2.91758,0.1627329,0.8985463,2.9066,0.136012,0.6662344,2.859178,0.3761168,0.5410246,2.933217,0.4701442,0.5240868,2.899457,0.4091069,0.933679,2.924943,0.4892179,0.704582,2.994266,0.468804,0.436785,2.887374,0.4753868,0.3897967,2.839369,0.3123117,0.453811,2.909177,0.2771433,0.1738008,2.822431,0.2972931,-0.1966168,2.790118,0.4363299,0.4786868,2.908193,0.4449472,0.1532728,2.865477,0.4178219,-0.02505955,3.184252,0.2831742,0.9786528,2.939523
72057594038042242,0,0.6079047,106250,0.3778079,0.4677527,2.94411,0.2733193,1.140882,2.91758,0.1627329,0.8985463,2.9066,0.136012,0.6662344,2.859178,0.3761168,0.5410246,2.933217,0.4701442,0.5240868,2.899457,0.4091069,0.933679,2.924943,0.4892179,0.704582,2.994266,0.468804,0.436785,2.887374,0.4753868,0.3897967,2.839369,0.3123117,0.453811,2.909177,0.2771433,0.1738008,2.822431,0.2972931,-0.1966168,2.790118,0.4363299,0.4786868,2.908193,0.4449472,0.1532728,2.865477,0.4178219,-0.02505955,3.184252,0.2831742,0.9786528,2.939523
72057594038042242,0,0.6079047,106250,0.3778079,0.4677527,2.94411,0.2733193,1.140882,2.91758,0.1627329,0.8985463,2.9066,0.136012,0.6662344,2.859178,0.3761168,0.5410246,2.933217,0.4701442,0.5240868,2.899457,0.4091069,0.933679,2.924943,0.4892179,0.704582,2.994266,0.468804,0.436785,2.887374,0.4753868,0.3897967,2.839369,0.3123117,0.453811,2.909177,0.2771433,0.1738008,2.822431,0.2972931,-0.1966168,2.790118,0.4363299,0.4786868,2.908193,0.4449472,0.1532728,2.865477,0.4178219,-0.02505955,3.184252,0.2831742,0.9786528,2.939523
72057594038042242,0,0.6079047,106250,0.3778079,0.4677527,2.94411,0.2733193,1.140882,2.91758,0.1627329,0.8985463,2.9066,0.136012,0.6662344,2.859178,0.3761168,0.5410246,2.933217,0.4701442,0.5240868,2.899457,0.4091069,0.933679,2.924943,0.4892179,0.704582,2.994266,0.468804,0.436785,2.887374,0.4753868,0.3897967,2.839369,0.3123117,0.453811,2.909177,0.2771433,0.1738008,2.822431,0.2972931,-0.1966168,2.790118,0.4363299,0.4786868,2.908193,0.4449472,0.1532728,2.865477,0.4178219,-0.02505955,3.184252,0.2831742,0.9786528,2.939523
72057594038042242,0,0.6079047,106250,0.3778079,0.4677527,2.94411,0.2733193,1.140882,2.91758,0.1627329,0.8985463,2.9066,0.136012,0.6662344,2.859178,0.3761168,0.5410246,2.933217,0.4701442,0.5240868,2.899457,0.4091069,0.933679,2.924943,0.4892179,0.704582,2.994266,0.468804,0.436785,2.887374,0.4753868,0.3897967,2.839369,0.3123117,0.453811,2.909177,0.2771433,0.1738008,2.822431,0.2972931,-0.1966168,2.790118,0.4363299,0.4786868,2.908193,0.4449472,0.1532728,2.865477,0.4178219,-0.02505955,3.184252,0.2831742,0.9786528,2.939523
72057594038042242,0,0.6079047,106250,0.3778079,0.4677527,2.94411,0.2733193,1.140882,2.91758,0.1627329,0.8985463,2.9066,0.136012,0.6662344,2.859178,0.3761168,0.5410246,2.933217,0.4701442,0.5240868,2.899457,0.4091069,0.933679,2.924943,0.4892179,0.704582,2.994266,0.468804,0.436785,2.887374,0.4753868,0.3897967,2.839369,0.3123117,0.453811,2.909177,0.2771433,0.1738008,2.822431,0.2972931,-0.1966168,2.790118,0.4363299,0.4786868,2.908193,0.4449472,0.1532728,2.865477,0.4178219,-0.02505955,3.184252,0.2831742,0.9786528,2.939523
72057594038042242,0,0.6079047,106250,0.3778079,0.4677527,2.94411,0.2733193,1.140882,2.91758,0.1627329,0.8985463,2.9066,0.136012,0.6662344,2.859178,0.3761168,0.5410246,2.933217,0.4701442,0.5240868,2.899457,0.4091069,0.933679,2.924943,0.4892179,0.704582,2.994266,0.468804,0.436785,2.887374,0.4753868,0.3897967,2.839369,0.3123117,0.453811,2.909177,0.2771433,0.1738008,2.822431,0.2972931,-0.1966168,2.790118,0.4363299,0.4786868,2.908193,0.4449472,0.1532728,2.865477,0.4178219,-0.02505955,3.184252,0.2831742,0.9786528,2.939523
72057594038042242,0,0.6073027,106250,0.3797951,0.4646187,2.93205,0.2683192,1.151578,2.896505,0.1631287,0.89759,2.894741,0.1355759,0.6650437,2.823467,0.3762881,0.5399833,2.89501,0.4506315,0.5123668,2.849021,0.4109876,0.9288344,2.906919,0.4730366,0.7192107,2.952656,0.4655679,0.4473266,2.856767,0.4673175,0.4010809,2.815386,0.3128886,0.4498309,2.893988,0.2732849,0.1694654,2.812728,0.3000632,-0.2188206,2.782595,0.4384389,0.4768944,2.89983,0.4472104,0.1556607,2.853632,0.4041769,-0.16321,3.130553,0.2848824,0.9772731,2.920186
72057594038042242,0,0.6073027,106250,0.3797951,0.4646187,2.93205,0.2683192,1.151578,2.896505,0.1631287,0.89759,2.894741,0.1355759,0.6650437,2.823467,0.3762881,0.5399833,2.89501,0.4506315,0.5123668,2.849021,0.4109876,0.9288344,2.906919,0.4730366,0.7192107,2.952656,0.4655679,0.4473266,2.856767,0.4673175,0.4010809,2.815386,0.3128886,0.4498309,2.893988,0.2732849,0.1694654,2.812728,0.3000632,-0.2188206,2.782595,0.4384389,0.4768944,2.89983,0.4472104,0.1556607,2.853632,0.4041769,-0.16321,3.130553,0.2848824,0.9772731,2.920186
72057594038042242,0,0.6073027,106250,0.3797951,0.4646187,2.93205,0.2683192,1.151578,2.896505,0.1631287,0.89759,2.894741,0.1355759,0.6650437,2.823467,0.3762881,0.5399833,2.89501,0.4506315,0.5123668,2.849021,0.4109876,0.9288344,2.906919,0.4730366,0.7192107,2.952656,0.4655679,0.4473266,2.856767,0.4673175,0.4010809,2.815386,0.3128886,0.4498309,2.893988,0.2732849,0.1694654,2.812728,0.3000632,-0.2188206,2.782595,0.4384389,0.4768944,2.89983,0.4472104,0.1556607,2.853632,0.4041769,-0.16321,3.130553,0.2848824,0.9772731,2.920186
72057594038042242,0,0.6073027,106250,0.3797951,0.4646187,2.93205,0.2683192,1.151578,2.896505,0.1631287,0.89759,2.894741,0.1355759,0.6650437,2.823467,0.3762881,0.5399833,2.89501,0.4506315,0.5123668,2.849021,0.4109876,0.9288344,2.906919,0.4730366,0.7192107,2.952656,0.4655679,0.4473266,2.856767,0.4673175,0.4010809,2.815386,0.3128886,0.4498309,2.893988,0.2732849,0.1694654,2.812728,0.3000632,-0.2188206,2.782595,0.4384389,0.4768944,2.89983,0.4472104,0.1556607,2.853632,0.4041769,-0.16321,3.130553,0.2848824,0.9772731,2.920186
72057594038042242,0,0.6073027,106250,0.3797951,0.4646187,2.93205,0.2683192,1.151578,2.896505,0.1631287,0.89759,2.894741,0.1355759,0.6650437,2.823467,0.3762881,0.5399833,2.89501,0.4506315,0.5123668,2.849021,0.4109876,0.9288344,2.906919,0.4730366,0.7192107,2.952656,0.4655679,0.4473266,2.856767,0.4673175,0.4010809,2.815386,0.3128886,0.4498309,2.893988,0.2732849,0.1694654,2.812728,0.3000632,-0.2188206,2.782595,0.4384389,0.4768944,2.89983,0.4472104,0.1556607,2.853632,0.4041769,-0.16321,3.130553,0.2848824,0.9772731,2.920186
72057594038042242,0,0.6073027,106250,0.3797951,0.4646187,2.93205,0.2683192,1.151578,2.896505,0.1631287,0.89759,2.894741,0.1355759,0.6650437,2.823467,0.3762881,0.5399833,2.89501,0.4506315,0.5123668,2.849021,0.4109876,0.9288344,2.906919,0.4730366,0.7192107,2.952656,0.4655679,0.4473266,2.856767,0.4673175,0.4010809,2.815386,0.3128886,0.4498309,2.893988,0.2732849,0.1694654,2.812728,0.3000632,-0.2188206,2.782595,0.4384389,0.4768944,2.89983,0.4472104,0.1556607,2.853632,0.4041769,-0.16321,3.130553,0.2848824,0.9772731,2.920186
72057594038042242,0,0.6073027,106250,0.3797951,0.4646187,2.93205,0.2683192,1.151578,2.896505,0.1631287,0.89759,2.894741,0.1355759,0.6650437,2.823467,0.3762881,0.5399833,2.89501,0.4506315,0.5123668,2.849021,0.4109876,0.9288344,2.906919,0.4730366,0.7192107,2.952656,0.4655679,0.4473266,2.856767,0.4673175,0.4010809,2.815386,0.3128886,0.4498309,2.893988,0.2732849,0.1694654,2.812728,0.3000632,-0.2188206,2.782595,0.4384389,0.4768944,2.89983,0.4472104,0.1556607,2.853632,0.4041769,-0.16321,3.130553,0.2848824,0.9772731,2.920186
72057594038042242,0,0.6073027,106250,0.3797951,0.4646187,2.93205,0.2683192,1.151578,2.896505,0.1631287,0.89759,2.894741,0.1355759,0.6650437,2.823467,0.3762881,0.5399833,2.89501,0.4506315,0.5123668,2.849021,0.4109876,0.9288344,2.906919,0.4730366,0.7192107,2.952656,0.4655679,0.4473266,2.856767,0.4673175,0.4010809,2.815386,0.3128886,0.4498309,2.893988,0.2732849,0.1694654,2.812728,0.3000632,-0.2188206,2.782595,0.4384389,0.4768944,2.89983,0.4472104,0.1556607,2.853632,0.4041769,-0.16321,3.130553,0.2848824,0.9772731,2.920186
72057594038042242,0,0.6073027,106250,0.3797951,0.4646187,2.93205,0.2683192,1.151578,2.896505,0.1631287,0.89759,2.894741,0.1355759,0.6650437,2.823467,0.3762881,0.5399833,2.89501,0.4506315,0.5123668,2.849021,0.4109876,0.9288344,2.906919,0.4730366,0.7192107,2.952656,0.4655679,0.4473266,2.856767,0.4673175,0.4010809,2.815386,0.3128886,0.4498309,2.893988,0.2732849,0.1694654,2.812728,0.3000632,-0.2188206,2.782595,0.4384389,0.4768944,2.89983,0.4472104,0.1556607,2.853632,0.4041769,-0.16321,3.130553,0.2848824,0.9772731,2.920186
72057594038042242,0,0.6073027,106250,0.3797951,0.4646187,2.93205,0.2683192,1.151578,2.896505,0.1631287,0.89759,2.894741,0.1355759,0.6650437,2.823467,0.3762881,0.5399833,2.89501,0.4506315,0.5123668,2.849021,0.4109876,0.9288344,2.906919,0.4730366,0.7192107,2.952656,0.4655679,0.4473266,2.856767,0.4673175,0.4010809,2.815386,0.3128886,0.4498309,2.893988,0.2732849,0.1694654,2.812728,0.3000632,-0.2188206,2.782595,0.4384389,0.4768944,2.89983,0.4472104,0.1556607,2.853632,0.4041769,-0.16321,3.130553,0.2848824,0.9772731,2.920186
72057594038042242,0,0.604553,106250,0.382229,0.4643697,2.917626,0.2664824,1.152461,2.882992,0.1615433,0.9017369,2.871308,0.1351758,0.6740894,2.780971,0.1908941,0.4737571,2.735571,0.2096482,0.4073603,2.724249,0.4100587,0.9275815,2.88769,0.4267323,0.6839974,2.869346,0.4712511,0.4119425,2.787879,0.4795359,0.3453404,2.770545,0.3144032,0.4486947,2.877082,0.2754188,0.1665941,2.808265,0.2996598,-0.2013599,2.782897,0.4412569,0.4776707,2.888071,0.414916,0.19294,2.829616,0.4135469,-0.1895776,3.020935,0.2835232,0.9772754,2.903436
72057594038042242,0,0.604553,106250,0.382229,0.4643697,2.917626,0.2664824,1.152461,2.882992,0.1615433,0.9017369,2.871308,0.1351758,0.6740894,2.780971,0.1908941,0.4737571,2.735571,0.2096482,0.4073603,2.724249,0.4100587,0.9275815,2.88769,0.4267323,0.6839974,2.869346,0.4712511,0.4119425,2.787879,0.4795359,0.3453404,2.770545,0.3144032,0.4486947,2.877082,0.2754188,0.1665941,2.808265,0.2996598,-0.2013599,2.782897,0.4412569,0.4776707,2.888071,0.414916,0.19294,2.829616,0.4135469,-0.1895776,3.020935,0.2835232,0.9772754,2.903436
72057594038042242,0,0.604553,106250,0.382229,0.4643697,2.917626,0.2664824,1.152461,2.882992,0.1615433,0.9017369,2.871308,0.1351758,0.6740894,2.780971,0.1908941,0.4737571,2.735571,0.2096482,0.4073603,2.724249,0.4100587,0.9275815,2.88769,0.4267323,0.6839974,2.869346,0.4712511,0.4119425,2.787879,0.4795359,0.3453404,2.770545,0.3144032,0.4486947,2.877082,0.2754188,0.1665941,2.808265,0.2996598,-0.2013599,2.782897,0.4412569,0.4776707,2.888071,0.414916,0.19294,2.829616,0.4135469,-0.1895776,3.020935,0.2835232,0.9772754,2.903436
72057594038042242,0,0.604553,106250,0.382229,0.4643697,2.917626,0.2664824,1.152461,2.882992,0.1615433,0.9017369,2.871308,0.1351758,0.6740894,2.780971,0.1908941,0.4737571,2.735571,0.2096482,0.4073603,2.724249,0.4100587,0.9275815,2.88769,0.4267323,0.6839974,2.869346,0.4712511,0.4119425,2.787879,0.4795359,0.3453404,2.770545,0.3144032,0.4486947,2.877082,0.2754188,0.1665941,2.808265,0.2996598,-0.2013599,2.782897,0.4412569,0.4776707,2.888071,0.414916,0.19294,2.829616,0.4135469,-0.1895776,3.020935,0.2835232,0.9772754,2.903436
72057594038042242,0,0.604553,106250,0.382229,0.4643697,2.917626,0.2664824,1.152461,2.882992,0.1615433,0.9017369,2.871308,0.1351758,0.6740894,2.780971,0.1908941,0.4737571,2.735571,0.2096482,0.4073603,2.724249,0.4100587,0.9275815,2.88769,0.4267323,0.6839974,2.869346,0.4712511,0.4119425,2.787879,0.4795359,0.3453404,2.770545,0.3144032,0.4486947,2.877082,0.2754188,0.1665941,2.808265,0.2996598,-0.2013599,2.782897,0.4412569,0.4776707,2.888071,0.414916,0.19294,2.829616,0.4135469,-0.1895776,3.020935,0.2835232,0.9772754,2.903436
72057594038042242,0,0.604553,106250,0.382229,0.4643697,2.917626,0.2664824,1.152461,2.882992,0.1615433,0.9017369,2.871308,0.1351758,0.6740894,2.780971,0.1908941,0.4737571,2.735571,0.2096482,0.4073603,2.724249,0.4100587,0.9275815,2.88769,0.4267323,0.6839974,2.869346,0.4712511,0.4119425,2.787879,0.4795359,0.3453404,2.770545,0.3144032,0.4486947,2.877082,0.2754188,0.1665941,2.808265,0.2996598,-0.2013599,2.782897,0.4412569,0.4776707,2.888071,0.414916,0.19294,2.829616,0.4135469,-0.1895776,3.020935,0.2835232,0.9772754,2.903436
72057594038042242,0,0.604553,106250,0.382229,0.4643697,2.917626,0.2664824,1.152461,2.882992,0.1615433,0.9017369,2.871308,0.1351758,0.6740894,2.780971,0.1908941,0.4737571,2.735571,0.2096482,0.4073603,2.724249,0.4100587,0.9275815,2.88769,0.4267323,0.6839974,2.869346,0.4712511,0.4119425,2.787879,0.4795359,0.3453404,2.770545,0.3144032,0.4486947,2.877082,0.2754188,0.1665941,2.808265,0.2996598,-0.2013599,2.782897,0.4412569,0.4776707,2.888071,0.414916,0.19294,2.829616,0.4135469,-0.1895776,3.020935,0.2835232,0.9772754,2.903436
72057594038042242,0,0.604553,106250.1,0.382229,0.4643697,2.917626,0.2664824,1.152461,2.882992,0.1615433,0.9017369,2.871308,0.1351758,0.6740894,2.780971,0.1908941,0.4737571,2.735571,0.2096482,0.4073603,2.724249,0.4100587,0.9275815,2.88769,0.4267323,0.6839974,2.869346,0.4712511,0.4119425,2.787879,0.4795359,0.3453404,2.770545,0.3144032,0.4486947,2.877082,0.2754188,0.1665941,2.808265,0.2996598,-0.2013599,2.782897,0.4412569,0.4776707,2.888071,0.414916,0.19294,2.829616,0.4135469,-0.1895776,3.020935,0.2835232,0.9772754,2.903436
72057594038042242,0,0.604553,106250.1,0.382229,0.4643697,2.917626,0.2664824,1.152461,2.882992,0.1615433,0.9017369,2.871308,0.1351758,0.6740894,2.780971,0.1908941,0.4737571,2.735571,0.2096482,0.4073603,2.724249,0.4100587,0.9275815,2.88769,0.4267323,0.6839974,2.869346,0.4712511,0.4119425,2.787879,0.4795359,0.3453404,2.770545,0.3144032,0.4486947,2.877082,0.2754188,0.1665941,2.808265,0.2996598,-0.2013599,2.782897,0.4412569,0.4776707,2.888071,0.414916,0.19294,2.829616,0.4135469,-0.1895776,3.020935,0.2835232,0.9772754,2.903436
72057594038042242,0,0.604553,106250.1,0.382229,0.4643697,2.917626,0.2664824,1.152461,2.882992,0.1615433,0.9017369,2.871308,0.1351758,0.6740894,2.780971,0.1908941,0.4737571,2.735571,0.2096482,0.4073603,2.724249,0.4100587,0.9275815,2.88769,0.4267323,0.6839974,2.869346,0.4712511,0.4119425,2.787879,0.4795359,0.3453404,2.770545,0.3144032,0.4486947,2.877082,0.2754188,0.1665941,2.808265,0.2996598,-0.2013599,2.782897,0.4412569,0.4776707,2.888071,0.414916,0.19294,2.829616,0.4135469,-0.1895776,3.020935,0.2835232,0.9772754,2.903436
72057594038042242,0,0.604553,106250.1,0.382229,0.4643697,2.917626,0.2664824,1.152461,2.882992,0.1615433,0.9017369,2.871308,0.1351758,0.6740894,2.780971,0.1908941,0.4737571,2.735571,0.2096482,0.4073603,2.724249,0.4100587,0.9275815,2.88769,0.4267323,0.6839974,2.869346,0.4712511,0.4119425,2.787879,0.4795359,0.3453404,2.770545,0.3144032,0.4486947,2.877082,0.2754188,0.1665941,2.808265,0.2996598,-0.2013599,2.782897,0.4412569,0.4776707,2.888071,0.414916,0.19294,2.829616,0.4135469,-0.1895776,3.020935,0.2835232,0.9772754,2.903436
72057594038042242,0,0.5996897,106250.1,0.3859665,0.470191,2.906179,0.2667702,1.148769,2.867974,0.1615037,0.904658,2.859267,0.1336175,0.710279,2.76158,0.1423961,0.5233992,2.654515,0.1455022,0.4615218,2.622639,0.4123831,0.9303283,2.87433,0.4286904,0.6843398,2.869342,0.4708706,0.415707,2.776577,0.4733327,0.3479599,2.744577,0.3173898,0.4556292,2.866816,0.27971,0.172962,2.800858,0.2854064,-0.1483153,2.78948,0.4456669,0.4824421,2.875449,0.4480234,0.2027942,2.776848,0.4282364,-0.1767899,2.974283,0.2857255,0.9779659,2.882572
72057594038042242,0,0.5996897,106250.1,0.3859665,0.470191,2.906179,0.2667702,1.148769,2.867974,0.1615037,0.904658,2.859267,0.1336175,0.710279,2.76158,0.1423961,0.5233992,2.654515,0.1455022,0.4615218,2.622639,0.4123831,0.9303283,2.87433,0.4286904,0.6843398,2.869342,0.4708706,0.415707,2.776577,0.4733327,0.3479599,2.744577,0.3173898,0.4556292,2.866816,0.27971,0.172962,2.800858,0.2854064,-0.1483153,2.78948,0.4456669,0.4824421,2.875449,0.4480234,0.2027942,2.776848,0.4282364,-0.1767899,2.974283,0.2857255,0.9779659,2.882572
72057594038042242,0,0.5996897,106250.1,0.3859665,0.470191,2.906179,0.2667702,1.148769,2.867974,0.1615037,0.904658,2.859267,0.1336175,0.710279,2.76158,0.1423961,0.5233992,2.654515,0.1455022,0.4615218,2.622639,0.4123831,0.9303283,2.87433,0.4286904,0.6843398,2.869342,0.4708706,0.415707,2.776577,0.4733327,0.3479599,2.744577,0.3173898,0.4556292,2.866816,0.27971,0.172962,2.800858,0.2854064,-0.1483153,2.78948,0.4456669,0.4824421,2.875449,0.4480234,0.2027942,2.776848,0.4282364,-0.1767899,2.974283,0.2857255,0.9779659,2.882572
72057594038042242,0,0.5996897,106250.1,0.3859665,0.470191,2.906179,0.2667702,1.148769,2.867974,0.1615037,0.904658,2.859267,0.1336175,0.710279,2.76158,0.1423961,0.5233992,2.654515,0.1455022,0.4615218,2.622639,0.4123831,0.9303283,2.87433,0.4286904,0.6843398,2.869342,0.4708706,0.415707,2.776577,0.4733327,0.3479599,2.744577,0.3173898,0.4556292,2.866816,0.27971,0.172962,2.800858,0.2854064,-0.1483153,2.78948,0.4456669,0.4824421,2.875449,0.4480234,0.2027942,2.776848,0.4282364,-0.1767899,2.974283,0.2857255,0.9779659,2.882572
72057594038042242,0,0.5996897,106250.1,0.3859665,0.470191,2.906179,0.2667702,1.148769,2.867974,0.1615037,0.904658,2.859267,0.1336175,0.710279,2.76158,0.1423961,0.5233992,2.654515,0.1455022,0.4615218,2.622639,0.4123831,0.9303283,2.87433,0.4286904,0.6843398,2.869342,0.4708706,0.415707,2.776577,0.4733327,0.3479599,2.744577,0.3173898,0.4556292,2.866816,0.27971,0.172962,2.800858,0.2854064,-0.1483153,2.78948,0.4456669,0.4824421,2.875449,0.4480234,0.2027942,2.776848,0.4282364,-0.1767899,2.974283,0.2857255,0.9779659,2.882572
72057594038042242,0,0.5996897,106250.1,0.3859665,0.470191,2.906179,0.2667702,1.148769,2.867974,0.1615037,0.904658,2.859267,0.1336175,0.710279,2.76158,0.1423961,0.5233992,2.654515,0.1455022,0.4615218,2.622639,0.4123831,0.9303283,2.87433,0.4286904,0.6843398,2.869342,0.4708706,0.415707,2.776577,0.4733327,0.3479599,2.744577,0.3173898,0.4556292,2.866816,0.27971,0.172962,2.800858,0.2854064,-0.1483153,2.78948,0.4456669,0.4824421,2.875449,0.4480234,0.2027942,2.776848,0.4282364,-0.1767899,2.974283,0.2857255,0.9779659,2.882572
72057594038042242,0,0.5996897,106250.1,0.3859665,0.470191,2.906179,0.2667702,1.148769,2.867974,0.1615037,0.904658,2.859267,0.1336175,0.710279,2.76158,0.1423961,0.5233992,2.654515,0.1455022,0.4615218,2.622639,0.4123831,0.9303283,2.87433,0.4286904,0.6843398,2.869342,0.4708706,0.415707,2.776577,0.4733327,0.3479599,2.744577,0.3173898,0.4556292,2.866816,0.27971,0.172962,2.800858,0.2854064,-0.1483153,2.78948,0.4456669,0.4824421,2.875449,0.4480234,0.2027942,2.776848,0.4282364,-0.1767899,2.974283,0.2857255,0.9779659,2.882572
72057594038042242,0,0.5996897,106250.1,0.3859665,0.470191,2.906179,0.2667702,1.148769,2.867974,0.1615037,0.904658,2.859267,0.1336175,0.710279,2.76158,0.1423961,0.5233992,2.654515,0.1455022,0.4615218,2.622639,0.4123831,0.9303283,2.87433,0.4286904,0.6843398,2.869342,0.4708706,0.415707,2.776577,0.4733327,0.3479599,2.744577,0.3173898,0.4556292,2.866816,0.27971,0.172962,2.800858,0.2854064,-0.1483153,2.78948,0.4456669,0.4824421,2.875449,0.4480234,0.2027942,2.776848,0.4282364,-0.1767899,2.974283,0.2857255,0.9779659,2.882572
72057594038042242,0,0.5996897,106250.1,0.3859665,0.470191,2.906179,0.2667702,1.148769,2.867974,0.1615037,0.904658,2.859267,0.1336175,0.710279,2.76158,0.1423961,0.5233992,2.654515,0.1455022,0.4615218,2.622639,0.4123831,0.9303283,2.87433,0.4286904,0.6843398,2.869342,0.4708706,0.415707,2.776577,0.4733327,0.3479599,2.744577,0.3173898,0.4556292,2.866816,0.27971,0.172962,2.800858,0.2854064,-0.1483153,2.78948,0.4456669,0.4824421,2.875449,0.4480234,0.2027942,2.776848,0.4282364,-0.1767899,2.974283,0.2857255,0.9779659,2.882572
72057594038042242,0,0.5942772,106250.1,0.3853956,0.4734518,2.896127,0.2711636,1.148976,2.842469,0.1632929,0.9104968,2.844797,0.1363209,0.7152489,2.749584,0.1501885,0.5213361,2.65886,0.1549954,0.4571254,2.632427,0.4157453,0.9332039,2.858417,0.4307707,0.685324,2.852022,0.4647823,0.4174862,2.754397,0.4648116,0.3530009,2.734185,0.3158599,0.4606724,2.855896,0.2813742,0.177155,2.794446,0.3025919,-0.1901078,2.779193,0.4458788,0.4841565,2.866275,0.4534762,0.2054419,2.764276,0.4447778,-0.1955885,2.920175,0.2875738,0.9788251,2.86662
72057594038042242,0,0.5942772,106250.1,0.3853956,0.4734518,2.896127,0.2711636,1.148976,2.842469,0.1632929,0.9104968,2.844797,0.1363209,0.7152489,2.749584,0.1501885,0.5213361,2.65886,0.1549954,0.4571254,2.632427,0.4157453,0.9332039,2.858417,0.4307707,0.685324,2.852022,0.4647823,0.4174862,2.754397,0.4648116,0.3530009,2.734185,0.3158599,0.4606724,2.855896,0.2813742,0.177155,2.794446,0.3025919,-0.1901078,2.779193,0.4458788,0.4841565,2.866275,0.4534762,0.2054419,2.764276,0.4447778,-0.1955885,2.920175,0.2875738,0.9788251,2.86662
72057594038042242,0,0.5942772,106250.1,0.3853956,0.4734518,2.896127,0.2711636,1.148976,2.842469,0.1632929,0.9104968,2.844797,0.1363209,0.7152489,2.749584,0.1501885,0.5213361,2.65886,0.1549954,0.4571254,2.632427,0.4157453,0.9332039,2.858417,0.4307707,0.685324,2.852022,0.4647823,0.4174862,2.754397,0.4648116,0.3530009,2.734185,0.3158599,0.4606724,2.855896,0.2813742,0.177155,2.794446,0.3025919,-0.1901078,2.779193,0.4458788,0.4841565,2.866275,0.4534762,0.2054419,2.764276,0.4447778,-0.1955885,2.920175,0.2875738,0.9788251,2.86662
72057594038042242,0,0.5942772,106250.1,0.3853956,0.4734518,2.896127,0.2711636,1.148976,2.842469,0.1632929,0.9104968,2.844797,0.1363209,0.7152489,2.749584,0.1501885,0.5213361,2.65886,0.1549954,0.4571254,2.632427,0.4157453,0.9332039,2.858417,0.4307707,0.685324,2.852022,0.4647823,0.4174862,2.754397,0.4648116,0.3530009,2.734185,0.3158599,0.4606724,2.855896,0.2813742,0.177155,2.794446,0.3025919,-0.1901078,2.779193,0.4458788,0.4841565,2.866275,0.4534762,0.2054419,2.764276,0.4447778,-0.1955885,2.920175,0.2875738,0.9788251,2.86662
72057594038042242,0,0.5942772,106250.1,0.3853956,0.4734518,2.896127,0.2711636,1.148976,2.842469,0.1632929,0.9104968,2.844797,0.1363209,0.7152489,2.749584,0.1501885,0.5213361,2.65886,0.1549954,0.4571254,2.632427,0.4157453,0.9332039,2.858417,0.4307707,0.685324,2.852022,0.4647823,0.4174862,2.754397,0.4648116,0.3530009,2.734185,0.3158599,0.4606724,2.855896,0.2813742,0.177155,2.794446,0.3025919,-0.1901078,2.779193,0.4458788,0.4841565,2.866275,0.4534762,0.2054419,2.764276,0.4447778,-0.1955885,2.920175,0.2875738,0.9788251,2.86662
72057594038042242,0,0.5942772,106250.1,0.3853956,0.4734518,2.896127,0.2711636,1.148976,2.842469,0.1632929,0.9104968,2.844797,0.1363209,0.7152489,2.749584,0.1501885,0.5213361,2.65886,0.1549954,0.4571254,2.632427,0.4157453,0.9332039,2.858417,0.4307707,0.685324,2.852022,0.4647823,0.4174862,2.754397,0.4648116,0.3530009,2.734185,0.3158599,0.4606724,2.855896,0.2813742,0.177155,2.794446,0.3025919,-0.1901078,2.779193,0.4458788,0.4841565,2.866275,0.4534762,0.2054419,2.764276,0.4447778,-0.1955885,2.920175,0.2875738,0.9788251,2.86662
72057594038042242,0,0.5942772,106250.1,0.3853956,0.4734518,2.896127,0.2711636,1.148976,2.842469,0.1632929,0.9104968,2.844797,0.1363209,0.7152489,2.749584,0.1501885,0.5213361,2.65886,0.1549954,0.4571254,2.632427,0.4157453,0.9332039,2.858417,0.4307707,0.685324,2.852022,0.4647823,0.4174862,2.754397,0.4648116,0.3530009,2.734185,0.3158599,0.4606724,2.855896,0.2813742,0.177155,2.794446,0.3025919,-0.1901078,2.779193,0.4458788,0.4841565,2.866275,0.4534762,0.2054419,2.764276,0.4447778,-0.1955885,2.920175,0.2875738,0.9788251,2.86662
72057594038042242,0,0.5942772,106250.1,0.3853956,0.4734518,2.896127,0.2711636,1.148976,2.842469,0.1632929,0.9104968,2.844797,0.1363209,0.7152489,2.749584,0.1501885,0.5213361,2.65886,0.1549954,0.4571254,2.632427,0.4157453,0.9332039,2.858417,0.4307707,0.685324,2.852022,0.4647823,0.4174862,2.754397,0.4648116,0.3530009,2.734185,0.3158599,0.4606724,2.855896,0.2813742,0.177155,2.794446,0.3025919,-0.1901078,2.779193,0.4458788,0.4841565,2.866275,0.4534762,0.2054419,2.764276,0.4447778,-0.1955885,2.920175,0.2875738,0.9788251,2.86662
72057594038042242,0,0.5942772,106250.1,0.3853956,0.4734518,2.896127,0.2711636,1.148976,2.842469,0.1632929,0.9104968,2.844797,0.1363209,0.7152489,2.749584,0.1501885,0.5213361,2.65886,0.1549954,0.4571254,2.632427,0.4157453,0.9332039,2.858417,0.4307707,0.685324,2.852022,0.4647823,0.4174862,2.754397,0.4648116,0.3530009,2.734185,0.3158599,0.4606724,2.855896,0.2813742,0.177155,2.794446,0.3025919,-0.1901078,2.779193,0.4458788,0.4841565,2.866275,0.4534762,0.2054419,2.764276,0.4447778,-0.1955885,2.920175,0.2875738,0.9788251,2.86662
72057594038042242,0,0.5942772,106250.1,0.3853956,0.4734518,2.896127,0.2711636,1.148976,2.842469,0.1632929,0.9104968,2.844797,0.1363209,0.7152489,2.749584,0.1501885,0.5213361,2.65886,0.1549954,0.4571254,2.632427,0.4157453,0.9332039,2.858417,0.4307707,0.685324,2.852022,0.4647823,0.4174862,2.754397,0.4648116,0.3530009,2.734185,0.3158599,0.4606724,2.855896,0.2813742,0.177155,2.794446,0.3025919,-0.1901078,2.779193,0.4458788,0.4841565,2.866275,0.4534762,0.2054419,2.764276,0.4447778,-0.1955885,2.920175,0.2875738,0.9788251,2.86662
72057594038042242,0,0.5942772,106250.1,0.3853956,0.4734518,2.896127,0.2711636,1.148976,2.842469,0.1632929,0.9104968,2.844797,0.1363209,0.7152489,2.749584,0.1501885,0.5213361,2.65886,0.1549954,0.4571254,2.632427,0.4157453,0.9332039,2.858417,0.4307707,0.685324,2.852022,0.4647823,0.4174862,2.754397,0.4648116,0.3530009,2.734185,0.3158599,0.4606724,2.855896,0.2813742,0.177155,2.794446,0.3025919,-0.1901078,2.779193,0.4458788,0.4841565,2.866275,0.4534762,0.2054419,2.764276,0.4447778,-0.1955885,2.920175,0.2875738,0.9788251,2.86662
72057594038042242,0,0.5913478,106250.1,0.3907214,0.4788244,2.885046,0.2818954,1.157728,2.814599,0.1631837,0.9103909,2.844372,0.1372049,0.721979,2.734246,0.142082,0.553498,2.598453,0.1319997,0.5026955,2.566609,0.4181237,0.9383237,2.851336,0.4564171,0.70788,2.859878,0.4846052,0.4435973,2.750065,0.4757102,0.3857036,2.726258,0.3199986,0.4655196,2.84581,0.2830421,0.1797588,2.790306,0.3030234,-0.1896811,2.778717,0.4523115,0.4898409,2.854407,0.4621623,0.1933787,2.745628,0.4748638,-0.1775883,2.839562,0.2878606,0.9792011,2.863454
72057594038042242,0,0.5913478,106250.1,0.3907214,0.4788244,2.885046,0.2818954,1.157728,2.814599,0.1631837,0.9103909,2.844372,0.1372049,0.721979,2.734246,0.142082,0.553498,2.598453,0.1319997,0.5026955,2.566609,0.4181237,0.9383237,2.851336,0.4564171,0.70788,2.859878,0.4846052,0.4435973,2.750065,0.4757102,0.3857036,2.726258,0.3199986,0.4655196,2.84581,0.2830421,0.1797588,2.790306,0.3030234,-0.1896811,2.778717,0.4523115,0.4898409,2.854407,0.4621623,0.1933787,2.745628,0.4748638,-0.1775883,2.839562,0.2878606,0.9792011,2.863454
72057594038042242,0,0.5913478,106250.1,0.3907214,0.4788244,2.885046,0.2818954,1.157728,2.814599,0.1631837,0.9103909,2.844372,0.1372049,0.721979,2.734246,0.142082,0.553498,2.598453,0.1319997,0.5026955,2.566609,0.4181237,0.9383237,2.851336,0.4564171,0.70788,2.859878,0.4846052,0.4435973,2.750065,0.4757102,0.3857036,2.726258,0.3199986,0.4655196,2.84581,0.2830421,0.1797588,2.790306,0.3030234,-0.1896811,2.778717,0.4523115,0.4898409,2.854407,0.4621623,0.1933787,2.745628,0.4748638,-0.1775883,2.839562,0.2878606,0.9792011,2.863454
72057594038042242,0,0.5913478,106250.1,0.3907214,0.4788244,2.885046,0.2818954,1.157728,2.814599,0.1631837,0.9103909,2.844372,0.1372049,0.721979,2.734246,0.142082,0.553498,2.598453,0.1319997,0.5026955,2.566609,0.4181237,0.9383237,2.851336,0.4564171,0.70788,2.859878,0.4846052,0.4435973,2.750065,0.4757102,0.3857036,2.726258,0.3199986,0.4655196,2.84581,0.2830421,0.1797588,2.790306,0.3030234,-0.1896811,2.778717,0.4523115,0.4898409,2.854407,0.4621623,0.1933787,2.745628,0.4748638,-0.1775883,2.839562,0.2878606,0.9792011,2.863454
72057594038042242,0,0.5913478,106250.1,0.3907214,0.4788244,2.885046,0.2818954,1.157728,2.814599,0.1631837,0.9103909,2.844372,0.1372049,0.721979,2.734246,0.142082,0.553498,2.598453,0.1319997,0.5026955,2.566609,0.4181237,0.9383237,2.851336,0.4564171,0.70788,2.859878,0.4846052,0.4435973,2.750065,0.4757102,0.3857036,2.726258,0.3199986,0.4655196,2.84581,0.2830421,0.1797588,2.790306,0.3030234,-0.1896811,2.778717,0.4523115,0.4898409,2.854407,0.4621623,0.1933787,2.745628,0.4748638,-0.1775883,2.839562,0.2878606,0.9792011,2.863454
72057594038042242,0,0.5913478,106250.1,0.3907214,0.4788244,2.885046,0.2818954,1.157728,2.814599,0.1631837,0.9103909,2.844372,0.1372049,0.721979,2.734246,0.142082,0.553498,2.598453,0.1319997,0.5026955,2.566609,0.4181237,0.9383237,2.851336,0.4564171,0.70788,2.859878,0.4846052,0.4435973,2.750065,0.4757102,0.3857036,2.726258,0.3199986,0.4655196,2.84581,0.2830421,0.1797588,2.790306,0.3030234,-0.1896811,2.778717,0.4523115,0.4898409,2.854407,0.4621623,0.1933787,2.745628,0.4748638,-0.1775883,2.839562,0.2878606,0.9792011,2.863454
72057594038042242,0,0.5913478,106250.1,0.3907214,0.4788244,2.885046,0.2818954,1.157728,2.814599,0.1631837,0.9103909,2.844372,0.1372049,0.721979,2.734246,0.142082,0.553498,2.598453,0.1319997,0.5026955,2.566609,0.4181237,0.9383237,2.851336,0.4564171,0.70788,2.859878,0.4846052,0.4435973,2.750065,0.4757102,0.3857036,2.726258,0.3199986,0.4655196,2.84581,0.2830421,0.1797588,2.790306,0.3030234,-0.1896811,2.778717,0.4523115,0.4898409,2.854407,0.4621623,0.1933787,2.745628,0.4748638,-0.1775883,2.839562,0.2878606,0.9792011,2.863454
72057594038042242,0,0.5913478,106250.2,0.3907214,0.4788244,2.885046,0.2818954,1.157728,2.814599,0.1631837,0.9103909,2.844372,0.1372049,0.721979,2.734246,0.142082,0.553498,2.598453,0.1319997,0.5026955,2.566609,0.4181237,0.9383237,2.851336,0.4564171,0.70788,2.859878,0.4846052,0.4435973,2.750065,0.4757102,0.3857036,2.726258,0.3199986,0.4655196,2.84581,0.2830421,0.1797588,2.790306,0.3030234,-0.1896811,2.778717,0.4523115,0.4898409,2.854407,0.4621623,0.1933787,2.745628,0.4748638,-0.1775883,2.839562,0.2878606,0.9792011,2.863454
72057594038042242,0,0.5913478,106250.2,0.3907214,0.4788244,2.885046,0.2818954,1.157728,2.814599,0.1631837,0.9103909,2.844372,0.1372049,0.721979,2.734246,0.142082,0.553498,2.598453,0.1319997,0.5026955,2.566609,0.4181237,0.9383237,2.851336,0.4564171,0.70788,2.859878,0.4846052,0.4435973,2.750065,0.4757102,0.3857036,2.726258,0.3199986,0.4655196,2.84581,0.2830421,0.1797588,2.790306,0.3030234,-0.1896811,2.778717,0.4523115,0.4898409,2.854407,0.4621623,0.1933787,2.745628,0.4748638,-0.1775883,2.839562,0.2878606,0.9792011,2.863454
72057594038042242,0,0.5913478,106250.2,0.3907214,0.4788244,2.885046,0.2818954,1.157728,2.814599,0.1631837,0.9103909,2.844372,0.1372049,0.721979,2.734246,0.142082,0.553498,2.598453,0.1319997,0.5026955,2.566609,0.4181237,0.9383237,2.851336,0.4564171,0.70788,2.859878,0.4846052,0.4435973,2.750065,0.4757102,0.3857036,2.726258,0.3199986,0.4655196,2.84581,0.2830421,0.1797588,2.790306,0.3030234,-0.1896811,2.778717,0.4523115,0.4898409,2.854407,0.4621623,0.1933787,2.745628,0.4748638,-0.1775883,2.839562,0.2878606,0.9792011,2.863454
72057594038042242,0,0.5913478,106250.2,0.3907214,0.4788244,2.885046,0.2818954,1.157728,2.814599,0.1631837,0.9103909,2.844372,0.1372049,0.721979,2.734246,0.142082,0.553498,2.598453,0.1319997,0.5026955,2.566609,0.4181237,0.9383237,2.851336,0.4564171,0.70788,2.859878,0.4846052,0.4435973,2.750065,0.4757102,0.3857036,2.726258,0.3199986,0.4655196,2.84581,0.2830421,0.1797588,2.790306,0.3030234,-0.1896811,2.778717,0.4523115,0.4898409,2.854407,0.4621623,0.1933787,2.745628,0.4748638,-0.1775883,2.839562,0.2878606,0.9792011,2.863454
72057594038042242,0,0.585713,106250.2,0.3959542,0.4870547,2.86962,0.2841515,1.148013,2.810217,0.165132,0.9128063,2.817758,0.1412349,0.7230245,2.710495,0.1513268,0.5405233,2.596855,0.1314267,0.4903326,2.568829,0.4286579,0.9476621,2.835579,0.44766,0.7024727,2.827287,0.5092539,0.4391465,2.732981,0.4905404,0.3714762,2.707947,0.3250597,0.4693263,2.832598,0.2831973,0.1752562,2.787381,0.3030325,-0.1905909,2.778222,0.4575808,0.5034139,2.836242,0.4494013,0.1761843,2.736511,0.4873054,-0.1791786,2.784808,0.2931806,0.9816259,2.834359
72057594038042242,0,0.585713,106250.2,0.3959542,0.4870547,2.86962,0.2841515,1.148013,2.810217,0.165132,0.9128063,2.817758,0.1412349,0.7230245,2.710495,0.1513268,0.5405233,2.596855,0.1314267,0.4903326,2.568829,0.4286579,0.9476621,2.835579,0.44766,0.7024727,2.827287,0.5092539,0.4391465,2.732981,0.4905404,0.3714762,2.707947,0.3250597,0.4693263,2.832598,0.2831973,0.1752562,2.787381,0.3030325,-0.1905909,2.778222,0.4575808,0.5034139,2.836242,0.4494013,0.1761843,2.736511,0.4873054,-0.1791786,2.784808,0.2931806,0.9816259,2.834359
72057594038042242,0,0.585713,106250.2,0.3959542,0.4870547,2.86962,0.2841515,1.148013,2.810217,0.165132,0.9128063,2.817758,0.1412349,0.7230245,2.710495,0.1513268,0.5405233,2.596855,0.1314267,0.4903326,2.568829,0.4286579,0.9476621,2.835579,0.44766,0.7024727,2.827287,0.5092539,0.4391465,2.732981,0.4905404,0.3714762,2.707947,0.3250597,0.4693263,2.832598,0.2831973,0.1752562,2.787381,0.3030325,-0.1905909,2.778222,0.4575808,0.5034139,2.836242,0.4494013,0.1761843,2.736511,0.4873054,-0.1791786,2.784808,0.2931806,0.9816259,2.834359
72057594038042242,0,0.585713,106250.2,0.3959542,0.4870547,2.86962,0.2841515,1.148013,2.810217,0.165132,0.9128063,2.817758,0.1412349,0.7230245,2.710495,0.1513268,0.5405233,2.596855,0.1314267,0.4903326,2.568829,0.4286579,0.9476621,2.835579,0.44766,0.7024727,2.827287,0.5092539,0.4391465,2.732981,0.4905404,0.3714762,2.707947,0.3250597,0.4693263,2.832598,0.2831973,0.1752562,2.787381,0.3030325,-0.1905909,2.778222,0.4575808,0.5034139,2.836242,0.4494013,0.1761843,2.736511,0.4873054,-0.1791786,2.784808,0.2931806,0.9816259,2.834359
72057594038042242,0,0.585713,106250.2,0.3959542,0.4870547,2.86962,0.2841515,1.148013,2.810217,0.165132,0.9128063,2.817758,0.1412349,0.7230245,2.710495,0.1513268,0.5405233,2.596855,0.1314267,0.4903326,2.568829,0.4286579,0.9476621,2.835579,0.44766,0.7024727,2.827287,0.5092539,0.4391465,2.732981,0.4905404,0.3714762,2.707947,0.3250597,0.4693263,2.832598,0.2831973,0.1752562,2.787381,0.3030325,-0.1905909,2.778222,0.4575808,0.5034139,2.836242,0.4494013,0.1761843,2.736511,0.4873054,-0.1791786,2.784808,0.2931806,0.9816259,2.834359
72057594038042242,0,0.585713,106250.2,0.3959542,0.4870547,2.86962,0.2841515,1.148013,2.810217,0.165132,0.9128063,2.817758,0.1412349,0.7230245,2.710495,0.1513268,0.5405233,2.596855,0.1314267,0.4903326,2.568829,0.4286579,0.9476621,2.835579,0.44766,0.7024727,2.827287,0.5092539,0.4391465,2.732981,0.4905404,0.3714762,2.707947,0.3250597,0.4693263,2.832598,0.2831973,0.1752562,2.787381,0.3030325,-0.1905909,2.778222,0.4575808,0.5034139,2.836242,0.4494013,0.1761843,2.736511,0.4873054,-0.1791786,2.784808,0.2931806,0.9816259,2.834359
72057594038042242,0,0.585713,106250.2,0.3959542,0.4870547,2.86962,0.2841515,1.148013,2.810217,0.165132,0.9128063,2.817758,0.1412349,0.7230245,2.710495,0.1513268,0.5405233,2.596855,0.1314267,0.4903326,2.568829,0.4286579,0.9476621,2.835579,0.44766,0.7024727,2.827287,0.5092539,0.4391465,2.732981,0.4905404,0.3714762,2.707947,0.3250597,0.4693263,2.832598,0.2831973,0.1752562,2.787381,0.3030325,-0.1905909,2.778222,0.4575808,0.5034139,2.836242,0.4494013,0.1761843,2.736511,0.4873054,-0.1791786,2.784808,0.2931806,0.9816259,2.834359
72057594038042242,0,0.585713,106250.2,0.3959542,0.4870547,2.86962,0.2841515,1.148013,2.810217,0.165132,0.9128063,2.817758,0.1412349,0.7230245,2.710495,0.1513268,0.5405233,2.596855,0.1314267,0.4903326,2.568829,0.4286579,0.9476621,2.835579,0.44766,0.7024727,2.827287,0.5092539,0.4391465,2.732981,0.4905404,0.3714762,2.707947,0.3250597,0.4693263,2.832598,0.2831973,0.1752562,2.787381,0.3030325,-0.1905909,2.778222,0.4575808,0.5034139,2.836242,0.4494013,0.1761843,2.736511,0.4873054,-0.1791786,2.784808,0.2931806,0.9816259,2.834359
72057594038042242,0,0.585713,106250.2,0.3959542,0.4870547,2.86962,0.2841515,1.148013,2.810217,0.165132,0.9128063,2.817758,0.1412349,0.7230245,2.710495,0.1513268,0.5405233,2.596855,0.1314267,0.4903326,2.568829,0.4286579,0.9476621,2.835579,0.44766,0.7024727,2.827287,0.5092539,0.4391465,2.732981,0.4905404,0.3714762,2.707947,0.3250597,0.4693263,2.832598,0.2831973,0.1752562,2.787381,0.3030325,-0.1905909,2.778222,0.4575808,0.5034139,2.836242,0.4494013,0.1761843,2.736511,0.4873054,-0.1791786,2.784808,0.2931806,0.9816259,2.834359
72057594038042242,0,0.585713,106250.2,0.3959542,0.4870547,2.86962,0.2841515,1.148013,2.810217,0.165132,0.9128063,2.817758,0.1412349,0.7230245,2.710495,0.1513268,0.5405233,2.596855,0.1314267,0.4903326,2.568829,0.4286579,0.9476621,2.835579,0.44766,0.7024727,2.827287,0.5092539,0.4391465,2.732981,0.4905404,0.3714762,2.707947,0.3250597,0.4693263,2.832598,0.2831973,0.1752562,2.787381,0.3030325,-0.1905909,2.778222,0.4575808,0.5034139,2.836242,0.4494013,0.1761843,2.736511,0.4873054,-0.1791786,2.784808,0.2931806,0.9816259,2.834359
72057594038042242,0,0.5837258,106250.2,0.3991666,0.4901381,2.859695,0.2828139,1.15309,2.799619,0.1679098,0.9152739,2.807896,0.1381288,0.7260523,2.701108,0.1512328,0.5606945,2.562414,0.1557927,0.5060172,2.519995,0.4300101,0.9458852,2.814927,0.4538936,0.7068157,2.820729,0.5093802,0.4405189,2.731481,0.4919417,0.3691104,2.709718,0.3286466,0.471146,2.823608,0.2844406,0.1739039,2.784915,0.3030572,-0.1903456,2.777972,0.460162,0.507121,2.825982,0.4577475,0.1793258,2.733788,0.5044367,-0.1654438,2.737889,0.2963929,0.9823458,2.826778
72057594038042242,0,0.5837258,106250.2,0.3991666,0.4901381,2.859695,0.2828139,1.15309,2.799619,0.1679098,0.9152739,2.807896,0.1381288,0.7260523,2.701108,0.1512328,0.5606945,2.562414,0.1557927,0.5060172,2.519995,0.4300101,0.9458852,2.814927,0.4538936,0.7068157,2.820729,0.5093802,0.4405189,2.731481,0.4919417,0.3691104,2.709718,0.3286466,0.471146,2.823608,0.2844406,0.1739039,2.784915,0.3030572,-0.1903456,2.777972,0.460162,0.507121,2.825982,0.4577475,0.1793258,2.733788,0.5044367,-0.1654438,2.737889,0.2963929,0.9823458,2.826778
72057594038042242,0,0.5837258,106250.2,0.3991666,0.4901381,2.859695,0.2828139,1.15309,2.799619,0.1679098,0.9152739,2.807896,0.1381288,0.7260523,2.701108,0.1512328,0.5606945,2.562414,0.1557927,0.5060172,2.519995,0.4300101,0.9458852,2.814927,0.4538936,0.7068157,2.820729,0.5093802,0.4405189,2.731481,0.4919417,0.3691104,2.709718,0.3286466,0.471146,2.823608,0.2844406,0.1739039,2.784915,0.3030572,-0.1903456,2.777972,0.460162,0.507121,2.825982,0.4577475,0.1793258,2.733788,0.5044367,-0.1654438,2.737889,0.2963929,0.9823458,2.826778
72057594038042242,0,0.5837258,106250.2,0.3991666,0.4901381,2.859695,0.2828139,1.15309,2.799619,0.1679098,0.9152739,2.807896,0.1381288,0.7260523,2.701108,0.1512328,0.5606945,2.562414,0.1557927,0.5060172,2.519995,0.4300101,0.9458852,2.814927,0.4538936,0.7068157,2.820729,0.5093802,0.4405189,2.731481,0.4919417,0.3691104,2.709718,0.3286466,0.471146,2.823608,0.2844406,0.1739039,2.784915,0.3030572,-0.1903456,2.777972,0.460162,0.507121,2.825982,0.4577475,0.1793258,2.733788,0.5044367,-0.1654438,2.737889,0.2963929,0.9823458,2.826778
72057594038042242,0,0.5837258,106250.2,0.3991666,0.4901381,2.859695,0.2828139,1.15309,2.799619,0.1679098,0.9152739,2.807896,0.1381288,0.7260523,2.701108,0.1512328,0.5606945,2.562414,0.1557927,0.5060172,2.519995,0.4300101,0.9458852,2.814927,0.4538936,0.7068157,2.820729,0.5093802,0.4405189,2.731481,0.4919417,0.3691104,2.709718,0.3286466,0.471146,2.823608,0.2844406,0.1739039,2.784915,0.3030572,-0.1903456,2.777972,0.460162,0.507121,2.825982,0.4577475,0.1793258,2.733788,0.5044367,-0.1654438,2.737889,0.2963929,0.9823458,2.826778
72057594038042242,0,0.5837258,106250.2,0.3991666,0.4901381,2.859695,0.2828139,1.15309,2.799619,0.1679098,0.9152739,2.807896,0.1381288,0.7260523,2.701108,0.1512328,0.5606945,2.562414,0.1557927,0.5060172,2.519995,0.4300101,0.9458852,2.814927,0.4538936,0.7068157,2.820729,0.5093802,0.4405189,2.731481,0.4919417,0.3691104,2.709718,0.3286466,0.471146,2.823608,0.2844406,0.1739039,2.784915,0.3030572,-0.1903456,2.777972,0.460162,0.507121,2.825982,0.4577475,0.1793258,2.733788,0.5044367,-0.1654438,2.737889,0.2963929,0.9823458,2.826778
72057594038042242,0,0.5837258,106250.2,0.3991666,0.4901381,2.859695,0.2828139,1.15309,2.799619,0.1679098,0.9152739,2.807896,0.1381288,0.7260523,2.701108,0.1512328,0.5606945,2.562414,0.1557927,0.5060172,2.519995,0.4300101,0.9458852,2.814927,0.4538936,0.7068157,2.820729,0.5093802,0.4405189,2.731481,0.4919417,0.3691104,2.709718,0.3286466,0.471146,2.823608,0.2844406,0.1739039,2.784915,0.3030572,-0.1903456,2.777972,0.460162,0.507121,2.825982,0.4577475,0.1793258,2.733788,0.5044367,-0.1654438,2.737889,0.2963929,0.9823458,2.826778
72057594038042242,0,0.5837258,106250.2,0.3991666,0.4901381,2.859695,0.2828139,1.15309,2.799619,0.1679098,0.9152739,2.807896,0.1381288,0.7260523,2.701108,0.1512328,0.5606945,2.562414,0.1557927,0.5060172,2.519995,0.4300101,0.9458852,2.814927,0.4538936,0.7068157,2.820729,0.5093802,0.4405189,2.731481,0.4919417,0.3691104,2.709718,0.3286466,0.471146,2.823608,0.2844406,0.1739039,2.784915,0.3030572,-0.1903456,2.777972,0.460162,0.507121,2.825982,0.4577475,0.1793258,2.733788,0.5044367,-0.1654438,2.737889,0.2963929,0.9823458,2.826778
72057594038042242,0,0.5837258,106250.2,0.3991666,0.4901381,2.859695,0.2828139,1.15309,2.799619,0.1679098,0.9152739,2.807896,0.1381288,0.7260523,2.701108,0.1512328,0.5606945,2.562414,0.1557927,0.5060172,2.519995,0.4300101,0.9458852,2.814927,0.4538936,0.7068157,2.820729,0.5093802,0.4405189,2.731481,0.4919417,0.3691104,2.709718,0.3286466,0.471146,2.823608,0.2844406,0.1739039,2.784915,0.3030572,-0.1903456,2.777972,0.460162,0.507121,2.825982,0.4577475,0.1793258,2.733788,0.5044367,-0.1654438,2.737889,0.2963929,0.9823458,2.826778
72057594038042242,0,0.5837258,106250.2,0.3991666,0.4901381,2.859695,0.2828139,1.15309,2.799619,0.1679098,0.9152739,2.807896,0.1381288,0.7260523,2.701108,0.1512328,0.5606945,2.562414,0.1557927,0.5060172,2.519995,0.4300101,0.9458852,2.814927,0.4538936,0.7068157,2.820729,0.5093802,0.4405189,2.731481,0.4919417,0.3691104,2.709718,0.3286466,0.471146,2.823608,0.2844406,0.1739039,2.784915,0.3030572,-0.1903456,2.777972,0.460162,0.507121,2.825982,0.4577475,0.1793258,2.733788,0.5044367,-0.1654438,2.737889,0.2963929,0.9823458,2.826778
72057594038042242,0,0.5797613,106250.2,0.3977417,0.4916433,2.850289,0.2899972,1.158439,2.776568,0.1698249,0.9166028,2.802603,0.1511933,0.7241547,2.69377,0.1586654,0.5492909,2.568106,0.1613647,0.491444,2.530027,0.4376162,0.9476129,2.8054,0.4572588,0.704865,2.80279,0.5114059,0.4352655,2.725993,0.4944579,0.3692159,2.714353,0.3276708,0.4733368,2.816046,0.2896537,0.1736063,2.779823,0.3032276,-0.1925899,2.77693,0.4582708,0.5074461,2.814518,0.4596687,0.1787032,2.733832,0.5135846,-0.1891468,2.703633,0.30081,0.9828085,2.818444
72057594038042242,0,0.5797613,106250.2,0.3977417,0.4916433,2.850289,0.2899972,1.158439,2.776568,0.1698249,0.9166028,2.802603,0.1511933,0.7241547,2.69377,0.1586654,0.5492909,2.568106,0.1613647,0.491444,2.530027,0.4376162,0.9476129,2.8054,0.4572588,0.704865,2.80279,0.5114059,0.4352655,2.725993,0.4944579,0.3692159,2.714353,0.3276708,0.4733368,2.816046,0.2896537,0.1736063,2.779823,0.3032276,-0.1925899,2.77693,0.4582708,0.5074461,2.814518,0.4596687,0.1787032,2.733832,0.5135846,-0.1891468,2.703633,0.30081,0.9828085,2.818444
72057594038042242,0,0.5797613,106250.2,0.3977417,0.4916433,2.850289,0.2899972,1.158439,2.776568,0.1698249,0.9166028,2.802603,0.1511933,0.7241547,2.69377,0.1586654,0.5492909,2.568106,0.1613647,0.491444,2.530027,0.4376162,0.9476129,2.8054,0.4572588,0.704865,2.80279,0.5114059,0.4352655,2.725993,0.4944579,0.3692159,2.714353,0.3276708,0.4733368,2.816046,0.2896537,0.1736063,2.779823,0.3032276,-0.1925899,2.77693,0.4582708,0.5074461,2.814518,0.4596687,0.1787032,2.733832,0.5135846,-0.1891468,2.703633,0.30081,0.9828085,2.818444
72057594038042242,0,0.5797613,106250.2,0.3977417,0.4916433,2.850289,0.2899972,1.158439,2.776568,0.1698249,0.9166028,2.802603,0.1511933,0.7241547,2.69377,0.1586654,0.5492909,2.568106,0.1613647,0.491444,2.530027,0.4376162,0.9476129,2.8054,0.4572588,0.704865,2.80279,0.5114059,0.4352655,2.725993,0.4944579,0.3692159,2.714353,0.3276708,0.4733368,2.816046,0.2896537,0.1736063,2.779823,0.3032276,-0.1925899,2.77693,0.4582708,0.5074461,2.814518,0.4596687,0.1787032,2.733832,0.5135846,-0.1891468,2.703633,0.30081,0.9828085,2.818444
72057594038042242,0,0.5797613,106250.3,0.3977417,0.4916433,2.850289,0.2899972,1.158439,2.776568,0.1698249,0.9166028,2.802603,0.1511933,0.7241547,2.69377,0.1586654,0.5492909,2.568106,0.1613647,0.491444,2.530027,0.4376162,0.9476129,2.8054,0.4572588,0.704865,2.80279,0.5114059,0.4352655,2.725993,0.4944579,0.3692159,2.714353,0.3276708,0.4733368,2.816046,0.2896537,0.1736063,2.779823,0.3032276,-0.1925899,2.77693,0.4582708,0.5074461,2.814518,0.4596687,0.1787032,2.733832,0.5135846,-0.1891468,2.703633,0.30081,0.9828085,2.818444
72057594038042242,0,0.5797613,106250.3,0.3977417,0.4916433,2.850289,0.2899972,1.158439,2.776568,0.1698249,0.9166028,2.802603,0.1511933,0.7241547,2.69377,0.1586654,0.5492909,2.568106,0.1613647,0.491444,2.530027,0.4376162,0.9476129,2.8054,0.4572588,0.704865,2.80279,0.5114059,0.4352655,2.725993,0.4944579,0.3692159,2.714353,0.3276708,0.4733368,2.816046,0.2896537,0.1736063,2.779823,0.3032276,-0.1925899,2.77693,0.4582708,0.5074461,2.814518,0.4596687,0.1787032,2.733832,0.5135846,-0.1891468,2.703633,0.30081,0.9828085,2.818444
72057594038042242,0,0.5797613,106250.3,0.3977417,0.4916433,2.850289,0.2899972,1.158439,2.776568,0.1698249,0.9166028,2.802603,0.1511933,0.7241547,2.69377,0.1586654,0.5492909,2.568106,0.1613647,0.491444,2.530027,0.4376162,0.9476129,2.8054,0.4572588,0.704865,2.80279,0.5114059,0.4352655,2.725993,0.4944579,0.3692159,2.714353,0.3276708,0.4733368,2.816046,0.2896537,0.1736063,2.779823,0.3032276,-0.1925899,2.77693,0.4582708,0.5074461,2.814518,0.4596687,0.1787032,2.733832,0.5135846,-0.1891468,2.703633,0.30081,0.9828085,2.818444
72057594038042242,0,0.5797613,106250.3,0.3977417,0.4916433,2.850289,0.2899972,1.158439,2.776568,0.1698249,0.9166028,2.802603,0.1511933,0.7241547,2.69377,0.1586654,0.5492909,2.568106,0.1613647,0.491444,2.530027,0.4376162,0.9476129,2.8054,0.4572588,0.704865,2.80279,0.5114059,0.4352655,2.725993,0.4944579,0.3692159,2.714353,0.3276708,0.4733368,2.816046,0.2896537,0.1736063,2.779823,0.3032276,-0.1925899,2.77693,0.4582708,0.5074461,2.814518,0.4596687,0.1787032,2.733832,0.5135846,-0.1891468,2.703633,0.30081,0.9828085,2.818444
72057594038042242,0,0.5797613,106250.3,0.3977417,0.4916433,2.850289,0.2899972,1.158439,2.776568,0.1698249,0.9166028,2.802603,0.1511933,0.7241547,2.69377,0.1586654,0.5492909,2.568106,0.1613647,0.491444,2.530027,0.4376162,0.9476129,2.8054,0.4572588,0.704865,2.80279,0.5114059,0.4352655,2.725993,0.4944579,0.3692159,2.714353,0.3276708,0.4733368,2.816046,0.2896537,0.1736063,2.779823,0.3032276,-0.1925899,2.77693,0.4582708,0.5074461,2.814518,0.4596687,0.1787032,2.733832,0.5135846,-0.1891468,2.703633,0.30081,0.9828085,2.818444
72057594038042242,0,0.5754945,106250.3,0.3954691,0.4927014,2.840181,0.294993,1.157911,2.772707,0.1703448,0.9160676,2.801582,0.140118,0.7245363,2.700373,0.1660687,0.5566769,2.567429,0.1749156,0.5011643,2.526923,0.4449376,0.9475201,2.794369,0.4624309,0.7066532,2.793875,0.515843,0.4360155,2.720736,0.5015075,0.3667865,2.712227,0.324943,0.4755469,2.808663,0.2909618,0.1741657,2.777389,0.3045151,-0.19608,2.775335,0.4567081,0.5069046,2.801212,0.4614561,0.1787705,2.733491,0.5137072,-0.190338,2.704084,0.3030505,0.9834788,2.813135
72057594038042242,0,0.5754945,106250.3,0.3954691,0.4927014,2.840181,0.294993,1.157911,2.772707,0.1703448,0.9160676,2.801582,0.140118,0.7245363,2.700373,0.1660687,0.5566769,2.567429,0.1749156,0.5011643,2.526923,0.4449376,0.9475201,2.794369,0.4624309,0.7066532,2.793875,0.515843,0.4360155,2.720736,0.5015075,0.3667865,2.712227,0.324943,0.4755469,2.808663,0.2909618,0.1741657,2.777389,0.3045151,-0.19608,2.775335,0.4567081,0.5069046,2.801212,0.4614561,0.1787705,2.733491,0.5137072,-0.190338,2.704084,0.3030505,0.9834788,2.813135
72057594038042242,0,0.5754945,106250.3,0.3954691,0.4927014,2.840181,0.294993,1.157911,2.772707,0.1703448,0.9160676,2.801582,0.140118,0.7245363,2.700373,0.1660687,0.5566769,2.567429,0.1749156,0.5011643,2.526923,0.4449376,0.9475201,2.794369,0.4624309,0.7066532,2.793875,0.515843,0.4360155,2.720736,0.5015075,0.3667865,2.712227,0.324943,0.4755469,2.808663,0.2909618,0.1741657,2.777389,0.3045151,-0.19608,2.775335,0.4567081,0.5069046,2.801212,0.4614561,0.1787705,2.733491,0.5137072,-0.190338,2.704084,0.3030505,0.9834788,2.813135
72057594038042242,0,0.5754945,106250.3,0.3954691,0.4927014,2.840181,0.294993,1.157911,2.772707,0.1703448,0.9160676,2.801582,0.140118,0.7245363,2.700373,0.1660687,0.5566769,2.567429,0.1749156,0.5011643,2.526923,0.4449376,0.9475201,2.794369,0.4624309,0.7066532,2.793875,0.515843,0.4360155,2.720736,0.5015075,0.3667865,2.712227,0.324943,0.4755469,2.808663,0.2909618,0.1741657,2.777389,0.3045151,-0.19608,2.775335,0.4567081,0.5069046,2.801212,0.4614561,0.1787705,2.733491,0.5137072,-0.190338,2.704084,0.3030505,0.9834788,2.813135
72057594038042242,0,0.5754945,106250.3,0.3954691,0.4927014,2.840181,0.294993,1.157911,2.772707,0.1703448,0.9160676,2.801582,0.140118,0.7245363,2.700373,0.1660687,0.5566769,2.567429,0.1749156,0.5011643,2.526923,0.4449376,0.9475201,2.794369,0.4624309,0.7066532,2.793875,0.515843,0.4360155,2.720736,0.5015075,0.3667865,2.712227,0.324943,0.4755469,2.808663,0.2909618,0.1741657,2.777389,0.3045151,-0.19608,2.775335,0.4567081,0.5069046,2.801212,0.4614561,0.1787705,2.733491,0.5137072,-0.190338,2.704084,0.3030505,0.9834788,2.813135
72057594038042242,0,0.5754945,106250.3,0.3954691,0.4927014,2.840181,0.294993,1.157911,2.772707,0.1703448,0.9160676,2.801582,0.140118,0.7245363,2.700373,0.1660687,0.5566769,2.567429,0.1749156,0.5011643,2.526923,0.4449376,0.9475201,2.794369,0.4624309,0.7066532,2.793875,0.515843,0.4360155,2.720736,0.5015075,0.3667865,2.712227,0.324943,0.4755469,2.808663,0.2909618,0.1741657,2.777389,0.3045151,-0.19608,2.775335,0.4567081,0.5069046,2.801212,0.4614561,0.1787705,2.733491,0.5137072,-0.190338,2.704084,0.3030505,0.9834788,2.813135
72057594038042242,0,0.5754945,106250.3,0.3954691,0.4927014,2.840181,0.294993,1.157911,2.772707,0.1703448,0.9160676,2.801582,0.140118,0.7245363,2.700373,0.1660687,0.5566769,2.567429,0.1749156,0.5011643,2.526923,0.4449376,0.9475201,2.794369,0.4624309,0.7066532,2.793875,0.515843,0.4360155,2.720736,0.5015075,0.3667865,2.712227,0.324943,0.4755469,2.808663,0.2909618,0.1741657,2.777389,0.3045151,-0.19608,2.775335,0.4567081,0.5069046,2.801212,0.4614561,0.1787705,2.733491,0.5137072,-0.190338,2.704084,0.3030505,0.9834788,2.813135
72057594038042242,0,0.5754945,106250.3,0.3954691,0.4927014,2.840181,0.294993,1.157911,2.772707,0.1703448,0.9160676,2.801582,0.140118,0.7245363,2.700373,0.1660687,0.5566769,2.567429,0.1749156,0.5011643,2.526923,0.4449376,0.9475201,2.794369,0.4624309,0.7066532,2.793875,0.515843,0.4360155,2.720736,0.5015075,0.3667865,2.712227,0.324943,0.4755469,2.808663,0.2909618,0.1741657,2.777389,0.3045151,-0.19608,2.775335,0.4567081,0.5069046,2.801212,0.4614561,0.1787705,2.733491,0.5137072,-0.190338,2.704084,0.3030505,0.9834788,2.813135
72057594038042242,0,0.5754945,106250.3,0.3954691,0.4927014,2.840181,0.294993,1.157911,2.772707,0.1703448,0.9160676,2.801582,0.140118,0.7245363,2.700373,0.1660687,0.5566769,2.567429,0.1749156,0.5011643,2.526923,0.4449376,0.9475201,2.794369,0.4624309,0.7066532,2.793875,0.515843,0.4360155,2.720736,0.5015075,0.3667865,2.712227,0.324943,0.4755469,2.808663,0.2909618,0.1741657,2.777389,0.3045151,-0.19608,2.775335,0.4567081,0.5069046,2.801212,0.4614561,0.1787705,2.733491,0.5137072,-0.190338,2.704084,0.3030505,0.9834788,2.813135
72057594038042242,0,0.5754945,106250.3,0.3954691,0.4927014,2.840181,0.294993,1.157911,2.772707,0.1703448,0.9160676,2.801582,0.140118,0.7245363,2.700373,0.1660687,0.5566769,2.567429,0.1749156,0.5011643,2.526923,0.4449376,0.9475201,2.794369,0.4624309,0.7066532,2.793875,0.515843,0.4360155,2.720736,0.5015075,0.3667865,2.712227,0.324943,0.4755469,2.808663,0.2909618,0.1741657,2.777389,0.3045151,-0.19608,2.775335,0.4567081,0.5069046,2.801212,0.4614561,0.1787705,2.733491,0.5137072,-0.190338,2.704084,0.3030505,0.9834788,2.813135
72057594038042242,0,0.5731335,106250.3,0.3969169,0.4952223,2.830399,0.303731,1.172236,2.749725,0.1809639,0.9189144,2.786338,0.1560887,0.7241768,2.691618,0.1585831,0.5518059,2.562783,0.1596292,0.4947897,2.523646,0.452074,0.9496804,2.781031,0.4670171,0.7033881,2.786915,0.5194215,0.4325098,2.716428,0.5047069,0.3612853,2.702778,0.3256818,0.477292,2.800896,0.2928081,0.1753353,2.770867,0.3051605,-0.1964767,2.774781,0.4588326,0.5102995,2.789921,0.4693669,0.1778706,2.730493,0.5149301,-0.1851049,2.706232,0.3133091,0.9882139,2.79416
72057594038042242,0,0.5731335,106250.3,0.3969169,0.4952223,2.830399,0.303731,1.172236,2.749725,0.1809639,0.9189144,2.786338,0.1560887,0.7241768,2.691618,0.1585831,0.5518059,2.562783,0.1596292,0.4947897,2.523646,0.452074,0.9496804,2.781031,0.4670171,0.7033881,2.786915,0.5194215,0.4325098,2.716428,0.5047069,0.3612853,2.702778,0.3256818,0.477292,2.800896,0.2928081,0.1753353,2.770867,0.3051605,-0.1964767,2.774781,0.4588326,0.5102995,2.789921,0.4693669,0.1778706,2.730493,0.5149301,-0.1851049,2.706232,0.3133091,0.9882139,2.79416
72057594038042242,0,0.5731335,106250.3,0.3969169,0.4952223,2.830399,0.303731,1.172236,2.749725,0.1809639,0.9189144,2.786338,0.1560887,0.7241768,2.691618,0.1585831,0.5518059,2.562783,0.1596292,0.4947897,2.523646,0.452074,0.9496804,2.781031,0.4670171,0.7033881,2.786915,0.5194215,0.4325098,2.716428,0.5047069,0.3612853,2.702778,0.3256818,0.477292,2.800896,0.2928081,0.1753353,2.770867,0.3051605,-0.1964767,2.774781,0.4588326,0.5102995,2.789921,0.4693669,0.1778706,2.730493,0.5149301,-0.1851049,2.706232,0.3133091,0.9882139,2.79416
72057594038042242,0,0.5731335,106250.3,0.3969169,0.4952223,2.830399,0.303731,1.172236,2.749725,0.1809639,0.9189144,2.786338,0.1560887,0.7241768,2.691618,0.1585831,0.5518059,2.562783,0.1596292,0.4947897,2.523646,0.452074,0.9496804,2.781031,0.4670171,0.7033881,2.786915,0.5194215,0.4325098,2.716428,0.5047069,0.3612853,2.702778,0.3256818,0.477292,2.800896,0.2928081,0.1753353,2.770867,0.3051605,-0.1964767,2.774781,0.4588326,0.5102995,2.789921,0.4693669,0.1778706,2.730493,0.5149301,-0.1851049,2.706232,0.3133091,0.9882139,2.79416
72057594038042242,0,0.5731335,106250.3,0.3969169,0.4952223,2.830399,0.303731,1.172236,2.749725,0.1809639,0.9189144,2.786338,0.1560887,0.7241768,2.691618,0.1585831,0.5518059,2.562783,0.1596292,0.4947897,2.523646,0.452074,0.9496804,2.781031,0.4670171,0.7033881,2.786915,0.5194215,0.4325098,2.716428,0.5047069,0.3612853,2.702778,0.3256818,0.477292,2.800896,0.2928081,0.1753353,2.770867,0.3051605,-0.1964767,2.774781,0.4588326,0.5102995,2.789921,0.4693669,0.1778706,2.730493,0.5149301,-0.1851049,2.706232,0.3133091,0.9882139,2.79416
72057594038042242,0,0.5731335,106250.3,0.3969169,0.4952223,2.830399,0.303731,1.172236,2.749725,0.1809639,0.9189144,2.786338,0.1560887,0.7241768,2.691618,0.1585831,0.5518059,2.562783,0.1596292,0.4947897,2.523646,0.452074,0.9496804,2.781031,0.4670171,0.7033881,2.786915,0.5194215,0.4325098,2.716428,0.5047069,0.3612853,2.702778,0.3256818,0.477292,2.800896,0.2928081,0.1753353,2.770867,0.3051605,-0.1964767,2.774781,0.4588326,0.5102995,2.789921,0.4693669,0.1778706,2.730493,0.5149301,-0.1851049,2.706232,0.3133091,0.9882139,2.79416
72057594038042242,0,0.5731335,106250.3,0.3969169,0.4952223,2.830399,0.303731,1.172236,2.749725,0.1809639,0.9189144,2.786338,0.1560887,0.7241768,2.691618,0.1585831,0.5518059,2.562783,0.1596292,0.4947897,2.523646,0.452074,0.9496804,2.781031,0.4670171,0.7033881,2.786915,0.5194215,0.4325098,2.716428,0.5047069,0.3612853,2.702778,0.3256818,0.477292,2.800896,0.2928081,0.1753353,2.770867,0.3051605,-0.1964767,2.774781,0.4588326,0.5102995,2.789921,0.4693669,0.1778706,2.730493,0.5149301,-0.1851049,2.706232,0.3133091,0.9882139,2.79416
72057594038042242,0,0.5707948,106250.3,0.3971193,0.4966554,2.820783,0.3106954,1.175553,2.740032,0.1862365,0.9212013,2.780937,0.1573741,0.724214,2.693168,0.1584401,0.5530886,2.56255,0.1590114,0.4964871,2.522817,0.4586431,0.9498504,2.767639,0.4817863,0.7143154,2.77836,0.5262834,0.4440249,2.699154,0.5047212,0.3742368,2.68536,0.3248282,0.4794845,2.791429,0.2935625,0.1739466,2.764924,0.3052053,-0.1963759,2.774693,0.460003,0.5109857,2.78031,0.4734263,0.1806635,2.72774,0.5136274,-0.173085,2.711381,0.3218363,0.9897043,2.784162
72057594038042242,0,0.5707948,106250.3,0.3971193,0.4966554,2.820783,0.3106954,1.175553,2.740032,0.1862365,0.9212013,2.780937,0.1573741,0.724214,2.693168,0.1584401,0.5530886,2.56255,0.1590114,0.4964871,2.522817,0.4586431,0.9498504,2.767639,0.4817863,0.7143154,2.77836,0.5262834,0.4440249,2.699154,0.5047212,0.3742368,2.68536,0.3248282,0.4794845,2.791429,0.2935625,0.1739466,2.764924,0.3052053,-0.1963759,2.774693,0.460003,0.5109857,2.78031,0.4734263,0.1806635,2.72774,0.5136274,-0.173085,2.711381,0.3218363,0.9897043,2.784162
72057594038042242,0,0.5707948,106250.3,0.3971193,0.4966554,2.820783,0.3106954,1.175553,2.740032,0.1862365,0.9212013,2.780937,0.1573741,0.724214,2.693168,0.1584401,0.5530886,2.56255,0.1590114,0.4964871,2.522817,0.4586431,0.9498504,2.767639,0.4817863,0.7143154,2.77836,0.5262834,0.4440249,2.699154,0.5047212,0.3742368,2.68536,0.3248282,0.4794845,2.791429,0.2935625,0.1739466,2.764924,0.3052053,-0.1963759,2.774693,0.460003,0.5109857,2.78031,0.4734263,0.1806635,2.72774,0.5136274,-0.173085,2.711381,0.3218363,0.9897043,2.784162
72057594038042242,0,0.5707948,106250.3,0.3971193,0.4966554,2.820783,0.3106954,1.175553,2.740032,0.1862365,0.9212013,2.780937,0.1573741,0.724214,2.693168,0.1584401,0.5530886,2.56255,0.1590114,0.4964871,2.522817,0.4586431,0.9498504,2.767639,0.4817863,0.7143154,2.77836,0.5262834,0.4440249,2.699154,0.5047212,0.3742368,2.68536,0.3248282,0.4794845,2.791429,0.2935625,0.1739466,2.764924,0.3052053,-0.1963759,2.774693,0.460003,0.5109857,2.78031,0.4734263,0.1806635,2.72774,0.5136274,-0.173085,2.711381,0.3218363,0.9897043,2.784162
72057594038042242,0,0.5707948,106250.3,0.3971193,0.4966554,2.820783,0.3106954,1.175553,2.740032,0.1862365,0.9212013,2.780937,0.1573741,0.724214,2.693168,0.1584401,0.5530886,2.56255,0.1590114,0.4964871,2.522817,0.4586431,0.9498504,2.767639,0.4817863,0.7143154,2.77836,0.5262834,0.4440249,2.699154,0.5047212,0.3742368,2.68536,0.3248282,0.4794845,2.791429,0.2935625,0.1739466,2.764924,0.3052053,-0.1963759,2.774693,0.460003,0.5109857,2.78031,0.4734263,0.1806635,2.72774,0.5136274,-0.173085,2.711381,0.3218363,0.9897043,2.784162
72057594038042242,0,0.5707948,106250.3,0.3971193,0.4966554,2.820783,0.3106954,1.175553,2.740032,0.1862365,0.9212013,2.780937,0.1573741,0.724214,2.693168,0.1584401,0.5530886,2.56255,0.1590114,0.4964871,2.522817,0.4586431,0.9498504,2.767639,0.4817863,0.7143154,2.77836,0.5262834,0.4440249,2.699154,0.5047212,0.3742368,2.68536,0.3248282,0.4794845,2.791429,0.2935625,0.1739466,2.764924,0.3052053,-0.1963759,2.774693,0.460003,0.5109857,2.78031,0.4734263,0.1806635,2.72774,0.5136274,-0.173085,2.711381,0.3218363,0.9897043,2.784162
72057594038042242,0,0.5707948,106250.4,0.3971193,0.4966554,2.820783,0.3106954,1.175553,2.740032,0.1862365,0.9212013,2.780937,0.1573741,0.724214,2.693168,0.1584401,0.5530886,2.56255,0.1590114,0.4964871,2.522817,0.4586431,0.9498504,2.767639,0.4817863,0.7143154,2.77836,0.5262834,0.4440249,2.699154,0.5047212,0.3742368,2.68536,0.3248282,0.4794845,2.791429,0.2935625,0.1739466,2.764924,0.3052053,-0.1963759,2.774693,0.460003,0.5109857,2.78031,0.4734263,0.1806635,2.72774,0.5136274,-0.173085,2.711381,0.3218363,0.9897043,2.784162
72057594038042242,0,0.5707948,106250.4,0.3971193,0.4966554,2.820783,0.3106954,1.175553,2.740032,0.1862365,0.9212013,2.780937,0.1573741,0.724214,2.693168,0.1584401,0.5530886,2.56255,0.1590114,0.4964871,2.522817,0.4586431,0.9498504,2.767639,0.4817863,0.7143154,2.77836,0.5262834,0.4440249,2.699154,0.5047212,0.3742368,2.68536,0.3248282,0.4794845,2.791429,0.2935625,0.1739466,2.764924,0.3052053,-0.1963759,2.774693,0.460003,0.5109857,2.78031,0.4734263,0.1806635,2.72774,0.5136274,-0.173085,2.711381,0.3218363,0.9897043,2.784162
72057594038042242,0,0.5707948,106250.4,0.3971193,0.4966554,2.820783,0.3106954,1.175553,2.740032,0.1862365,0.9212013,2.780937,0.1573741,0.724214,2.693168,0.1584401,0.5530886,2.56255,0.1590114,0.4964871,2.522817,0.4586431,0.9498504,2.767639,0.4817863,0.7143154,2.77836,0.5262834,0.4440249,2.699154,0.5047212,0.3742368,2.68536,0.3248282,0.4794845,2.791429,0.2935625,0.1739466,2.764924,0.3052053,-0.1963759,2.774693,0.460003,0.5109857,2.78031,0.4734263,0.1806635,2.72774,0.5136274,-0.173085,2.711381,0.3218363,0.9897043,2.784162
72057594038042242,0,0.5707948,106250.4,0.3971193,0.4966554,2.820783,0.3106954,1.175553,2.740032,0.1862365,0.9212013,2.780937,0.1573741,0.724214,2.693168,0.1584401,0.5530886,2.56255,0.1590114,0.4964871,2.522817,0.4586431,0.9498504,2.767639,0.4817863,0.7143154,2.77836,0.5262834,0.4440249,2.699154,0.5047212,0.3742368,2.68536,0.3248282,0.4794845,2.791429,0.2935625,0.1739466,2.764924,0.3052053,-0.1963759,2.774693,0.460003,0.5109857,2.78031,0.4734263,0.1806635,2.72774,0.5136274,-0.173085,2.711381,0.3218363,0.9897043,2.784162
72057594038042242,0,0.535333,106250.4,0.4047288,0.5542248,2.785958,0.3167443,1.174735,2.724086,0.196878,0.9394498,2.766054,0.1750186,0.7720491,2.728542,0.1776296,0.6220415,2.643182,0.1720621,0.6096363,2.605834,0.4696331,0.9592694,2.756084,0.4922895,0.7322867,2.763816,0.5009635,0.5118366,2.701423,0.5054752,0.3204089,2.665737,0.3355474,0.5479223,2.761784,0.2950591,0.1716832,2.755136,0.3066326,-0.2005272,2.770226,0.4651408,0.5567533,2.747621,0.4770233,0.1823567,2.71736,0.5132556,-0.1774849,2.706469,0.3283512,0.9967868,2.769007
72057594038042242,0,0.535333,106250.4,0.4047288,0.5542248,2.785958,0.3167443,1.174735,2.724086,0.196878,0.9394498,2.766054,0.1750186,0.7720491,2.728542,0.1776296,0.6220415,2.643182,0.1720621,0.6096363,2.605834,0.4696331,0.9592694,2.756084,0.4922895,0.7322867,2.763816,0.5009635,0.5118366,2.701423,0.5054752,0.3204089,2.665737,0.3355474,0.5479223,2.761784,0.2950591,0.1716832,2.755136,0.3066326,-0.2005272,2.770226,0.4651408,0.5567533,2.747621,0.4770233,0.1823567,2.71736,0.5132556,-0.1774849,2.706469,0.3283512,0.9967868,2.769007
72057594038042242,0,0.535333,106250.4,0.4047288,0.5542248,2.785958,0.3167443,1.174735,2.724086,0.196878,0.9394498,2.766054,0.1750186,0.7720491,2.728542,0.1776296,0.6220415,2.643182,0.1720621,0.6096363,2.605834,0.4696331,0.9592694,2.756084,0.4922895,0.7322867,2.763816,0.5009635,0.5118366,2.701423,0.5054752,0.3204089,2.665737,0.3355474,0.5479223,2.761784,0.2950591,0.1716832,2.755136,0.3066326,-0.2005272,2.770226,0.4651408,0.5567533,2.747621,0.4770233,0.1823567,2.71736,0.5132556,-0.1774849,2.706469,0.3283512,0.9967868,2.769007
72057594038042242,0,0.535333,106250.4,0.4047288,0.5542248,2.785958,0.3167443,1.174735,2.724086,0.196878,0.9394498,2.766054,0.1750186,0.7720491,2.728542,0.1776296,0.6220415,2.643182,0.1720621,0.6096363,2.605834,0.4696331,0.9592694,2.756084,0.4922895,0.7322867,2.763816,0.5009635,0.5118366,2.701423,0.5054752,0.3204089,2.665737,0.3355474,0.5479223,2.761784,0.2950591,0.1716832,2.755136,0.3066326,-0.2005272,2.770226,0.4651408,0.5567533,2.747621,0.4770233,0.1823567,2.71736,0.5132556,-0.1774849,2.706469,0.3283512,0.9967868,2.769007
72057594038042242,0,0.535333,106250.4,0.4047288,0.5542248,2.785958,0.3167443,1.174735,2.724086,0.196878,0.9394498,2.766054,0.1750186,0.7720491,2.728542,0.1776296,0.6220415,2.643182,0.1720621,0.6096363,2.605834,0.4696331,0.9592694,2.756084,0.4922895,0.7322867,2.763816,0.5009635,0.5118366,2.701423,0.5054752,0.3204089,2.665737,0.3355474,0.5479223,2.761784,0.2950591,0.1716832,2.755136,0.3066326,-0.2005272,2.770226,0.4651408,0.5567533,2.747621,0.4770233,0.1823567,2.71736,0.5132556,-0.1774849,2.706469,0.3283512,0.9967868,2.769007
72057594038042242,0,0.535333,106250.4,0.4047288,0.5542248,2.785958,0.3167443,1.174735,2.724086,0.196878,0.9394498,2.766054,0.1750186,0.7720491,2.728542,0.1776296,0.6220415,2.643182,0.1720621,0.6096363,2.605834,0.4696331,0.9592694,2.756084,0.4922895,0.7322867,2.763816,0.5009635,0.5118366,2.701423,0.5054752,0.3204089,2.665737,0.3355474,0.5479223,2.761784,0.2950591,0.1716832,2.755136,0.3066326,-0.2005272,2.770226,0.4651408,0.5567533,2.747621,0.4770233,0.1823567,2.71736,0.5132556,-0.1774849,2.706469,0.3283512,0.9967868,2.769007
72057594038042242,0,0.535333,106250.4,0.4047288,0.5542248,2.785958,0.3167443,1.174735,2.724086,0.196878,0.9394498,2.766054,0.1750186,0.7720491,2.728542,0.1776296,0.6220415,2.643182,0.1720621,0.6096363,2.605834,0.4696331,0.9592694,2.756084,0.4922895,0.7322867,2.763816,0.5009635,0.5118366,2.701423,0.5054752,0.3204089,2.665737,0.3355474,0.5479223,2.761784,0.2950591,0.1716832,2.755136,0.3066326,-0.2005272,2.770226,0.4651408,0.5567533,2.747621,0.4770233,0.1823567,2.71736,0.5132556,-0.1774849,2.706469,0.3283512,0.9967868,2.769007
72057594038042242,0,0.535333,106250.4,0.4047288,0.5542248,2.785958,0.3167443,1.174735,2.724086,0.196878,0.9394498,2.766054,0.1750186,0.7720491,2.728542,0.1776296,0.6220415,2.643182,0.1720621,0.6096363,2.605834,0.4696331,0.9592694,2.756084,0.4922895,0.7322867,2.763816,0.5009635,0.5118366,2.701423,0.5054752,0.3204089,2.665737,0.3355474,0.5479223,2.761784,0.2950591,0.1716832,2.755136,0.3066326,-0.2005272,2.770226,0.4651408,0.5567533,2.747621,0.4770233,0.1823567,2.71736,0.5132556,-0.1774849,2.706469,0.3283512,0.9967868,2.769007
72057594038042242,0,0.535333,106250.4,0.4047288,0.5542248,2.785958,0.3167443,1.174735,2.724086,0.196878,0.9394498,2.766054,0.1750186,0.7720491,2.728542,0.1776296,0.6220415,2.643182,0.1720621,0.6096363,2.605834,0.4696331,0.9592694,2.756084,0.4922895,0.7322867,2.763816,0.5009635,0.5118366,2.701423,0.5054752,0.3204089,2.665737,0.3355474,0.5479223,2.761784,0.2950591,0.1716832,2.755136,0.3066326,-0.2005272,2.770226,0.4651408,0.5567533,2.747621,0.4770233,0.1823567,2.71736,0.5132556,-0.1774849,2.706469,0.3283512,0.9967868,2.769007
72057594038042242,0,0.535333,106250.4,0.4047288,0.5542248,2.785958,0.3167443,1.174735,2.724086,0.196878,0.9394498,2.766054,0.1750186,0.7720491,2.728542,0.1776296,0.6220415,2.643182,0.1720621,0.6096363,2.605834,0.4696331,0.9592694,2.756084,0.4922895,0.7322867,2.763816,0.5009635,0.5118366,2.701423,0.5054752,0.3204089,2.665737,0.3355474,0.5479223,2.761784,0.2950591,0.1716832,2.755136,0.3066326,-0.2005272,2.770226,0.4651408,0.5567533,2.747621,0.4770233,0.1823567,2.71736,0.5132556,-0.1774849,2.706469,0.3283512,0.9967868,2.769007
72057594038042242,0,0.5351263,106250.4,0.4046101,0.5541385,2.784187,0.329056,1.176837,2.71098,0.1996637,0.9428265,2.763477,0.1781854,0.7720835,2.726565,0.1777603,0.6175238,2.643265,0.1682549,0.6191057,2.625816,0.4755822,0.9617319,2.75109,0.5096675,0.7332541,2.769044,0.5085123,0.5094763,2.701643,0.5088072,0.3270482,2.662628,0.3359187,0.5480195,2.760301,0.2960669,0.1726674,2.752199,0.3076465,-0.202289,2.769799,0.46438,0.5564241,2.745285,0.4815614,0.1844762,2.708929,0.5127068,-0.1750801,2.705775,0.3354449,1.000417,2.762833
72057594038042242,0,0.5351263,106250.4,0.4046101,0.5541385,2.784187,0.329056,1.176837,2.71098,0.1996637,0.9428265,2.763477,0.1781854,0.7720835,2.726565,0.1777603,0.6175238,2.643265,0.1682549,0.6191057,2.625816,0.4755822,0.9617319,2.75109,0.5096675,0.7332541,2.769044,0.5085123,0.5094763,2.701643,0.5088072,0.3270482,2.662628,0.3359187,0.5480195,2.760301,0.2960669,0.1726674,2.752199,0.3076465,-0.202289,2.769799,0.46438,0.5564241,2.745285,0.4815614,0.1844762,2.708929,0.5127068,-0.1750801,2.705775,0.3354449,1.000417,2.762833
72057594038042242,0,0.5351263,106250.4,0.4046101,0.5541385,2.784187,0.329056,1.176837,2.71098,0.1996637,0.9428265,2.763477,0.1781854,0.7720835,2.726565,0.1777603,0.6175238,2.643265,0.1682549,0.6191057,2.625816,0.4755822,0.9617319,2.75109,0.5096675,0.7332541,2.769044,0.5085123,0.5094763,2.701643,0.5088072,0.3270482,2.662628,0.3359187,0.5480195,2.760301,0.2960669,0.1726674,2.752199,0.3076465,-0.202289,2.769799,0.46438,0.5564241,2.745285,0.4815614,0.1844762,2.708929,0.5127068,-0.1750801,2.705775,0.3354449,1.000417,2.762833
72057594038042242,0,0.5351263,106250.4,0.4046101,0.5541385,2.784187,0.329056,1.176837,2.71098,0.1996637,0.9428265,2.763477,0.1781854,0.7720835,2.726565,0.1777603,0.6175238,2.643265,0.1682549,0.6191057,2.625816,0.4755822,0.9617319,2.75109,0.5096675,0.7332541,2.769044,0.5085123,0.5094763,2.701643,0.5088072,0.3270482,2.662628,0.3359187,0.5480195,2.760301,0.2960669,0.1726674,2.752199,0.3076465,-0.202289,2.769799,0.46438,0.5564241,2.745285,0.4815614,0.1844762,2.708929,0.5127068,-0.1750801,2.705775,0.3354449,1.000417,2.762833
72057594038042242,0,0.5351263,106250.4,0.4046101,0.5541385,2.784187,0.329056,1.176837,2.71098,0.1996637,0.9428265,2.763477,0.1781854,0.7720835,2.726565,0.1777603,0.6175238,2.643265,0.1682549,0.6191057,2.625816,0.4755822,0.9617319,2.75109,0.5096675,0.7332541,2.769044,0.5085123,0.5094763,2.701643,0.5088072,0.3270482,2.662628,0.3359187,0.5480195,2.760301,0.2960669,0.1726674,2.752199,0.3076465,-0.202289,2.769799,0.46438,0.5564241,2.745285,0.4815614,0.1844762,2.708929,0.5127068,-0.1750801,2.705775,0.3354449,1.000417,2.762833
72057594038042242,0,0.5351263,106250.4,0.4046101,0.5541385,2.784187,0.329056,1.176837,2.71098,0.1996637,0.9428265,2.763477,0.1781854,0.7720835,2.726565,0.1777603,0.6175238,2.643265,0.1682549,0.6191057,2.625816,0.4755822,0.9617319,2.75109,0.5096675,0.7332541,2.769044,0.5085123,0.5094763,2.701643,0.5088072,0.3270482,2.662628,0.3359187,0.5480195,2.760301,0.2960669,0.1726674,2.752199,0.3076465,-0.202289,2.769799,0.46438,0.5564241,2.745285,0.4815614,0.1844762,2.708929,0.5127068,-0.1750801,2.705775,0.3354449,1.000417,2.762833
72057594038042242,0,0.5351263,106250.4,0.4046101,0.5541385,2.784187,0.329056,1.176837,2.71098,0.1996637,0.9428265,2.763477,0.1781854,0.7720835,2.726565,0.1777603,0.6175238,2.643265,0.1682549,0.6191057,2.625816,0.4755822,0.9617319,2.75109,0.5096675,0.7332541,2.769044,0.5085123,0.5094763,2.701643,0.5088072,0.3270482,2.662628,0.3359187,0.5480195,2.760301,0.2960669,0.1726674,2.752199,0.3076465,-0.202289,2.769799,0.46438,0.5564241,2.745285,0.4815614,0.1844762,2.708929,0.5127068,-0.1750801,2.705775,0.3354449,1.000417,2.762833
72057594038042242,0,0.5351263,106250.4,0.4046101,0.5541385,2.784187,0.329056,1.176837,2.71098,0.1996637,0.9428265,2.763477,0.1781854,0.7720835,2.726565,0.1777603,0.6175238,2.643265,0.1682549,0.6191057,2.625816,0.4755822,0.9617319,2.75109,0.5096675,0.7332541,2.769044,0.5085123,0.5094763,2.701643,0.5088072,0.3270482,2.662628,0.3359187,0.5480195,2.760301,0.2960669,0.1726674,2.752199,0.3076465,-0.202289,2.769799,0.46438,0.5564241,2.745285,0.4815614,0.1844762,2.708929,0.5127068,-0.1750801,2.705775,0.3354449,1.000417,2.762833
72057594038042242,0,0.5351263,106250.4,0.4046101,0.5541385,2.784187,0.329056,1.176837,2.71098,0.1996637,0.9428265,2.763477,0.1781854,0.7720835,2.726565,0.1777603,0.6175238,2.643265,0.1682549,0.6191057,2.625816,0.4755822,0.9617319,2.75109,0.5096675,0.7332541,2.769044,0.5085123,0.5094763,2.701643,0.5088072,0.3270482,2.662628,0.3359187,0.5480195,2.760301,0.2960669,0.1726674,2.752199,0.3076465,-0.202289,2.769799,0.46438,0.5564241,2.745285,0.4815614,0.1844762,2.708929,0.5127068,-0.1750801,2.705775,0.3354449,1.000417,2.762833
72057594038042242,0,0.5351263,106250.4,0.4046101,0.5541385,2.784187,0.329056,1.176837,2.71098,0.1996637,0.9428265,2.763477,0.1781854,0.7720835,2.726565,0.1777603,0.6175238,2.643265,0.1682549,0.6191057,2.625816,0.4755822,0.9617319,2.75109,0.5096675,0.7332541,2.769044,0.5085123,0.5094763,2.701643,0.5088072,0.3270482,2.662628,0.3359187,0.5480195,2.760301,0.2960669,0.1726674,2.752199,0.3076465,-0.202289,2.769799,0.46438,0.5564241,2.745285,0.4815614,0.1844762,2.708929,0.5127068,-0.1750801,2.705775,0.3354449,1.000417,2.762833
72057594038042242,0,0.5351263,106250.4,0.4046101,0.5541385,2.784187,0.329056,1.176837,2.71098,0.1996637,0.9428265,2.763477,0.1781854,0.7720835,2.726565,0.1777603,0.6175238,2.643265,0.1682549,0.6191057,2.625816,0.4755822,0.9617319,2.75109,0.5096675,0.7332541,2.769044,0.5085123,0.5094763,2.701643,0.5088072,0.3270482,2.662628,0.3359187,0.5480195,2.760301,0.2960669,0.1726674,2.752199,0.3076465,-0.202289,2.769799,0.46438,0.5564241,2.745285,0.4815614,0.1844762,2.708929,0.5127068,-0.1750801,2.705775,0.3354449,1.000417,2.762833
72057594038042242,0,0.5336063,106250.4,0.4042278,0.5555575,2.780165,0.3368861,1.176565,2.709351,0.2041372,0.9461464,2.760012,0.1837825,0.7634863,2.728901,0.1761265,0.6079525,2.6412,0.1800404,0.607406,2.638832,0.4820889,0.9638504,2.743208,0.5145219,0.7316521,2.765916,0.5117715,0.5048405,2.694166,0.5103266,0.33627,2.658691,0.3361144,0.5498888,2.755453,0.2984748,0.1744301,2.747274,0.3074583,-0.2101325,2.768273,0.4635643,0.5574402,2.742057,0.486352,0.196677,2.700873,0.5125122,-0.1772707,2.705642,0.3396992,1.002057,2.758655
72057594038042242,0,0.5336063,106250.4,0.4042278,0.5555575,2.780165,0.3368861,1.176565,2.709351,0.2041372,0.9461464,2.760012,0.1837825,0.7634863,2.728901,0.1761265,0.6079525,2.6412,0.1800404,0.607406,2.638832,0.4820889,0.9638504,2.743208,0.5145219,0.7316521,2.765916,0.5117715,0.5048405,2.694166,0.5103266,0.33627,2.658691,0.3361144,0.5498888,2.755453,0.2984748,0.1744301,2.747274,0.3074583,-0.2101325,2.768273,0.4635643,0.5574402,2.742057,0.486352,0.196677,2.700873,0.5125122,-0.1772707,2.705642,0.3396992,1.002057,2.758655
72057594038042242,0,0.5336063,106250.4,0.4042278,0.5555575,2.780165,0.3368861,1.176565,2.709351,0.2041372,0.9461464,2.760012,0.1837825,0.7634863,2.728901,0.1761265,0.6079525,2.6412,0.1800404,0.607406,2.638832,0.4820889,0.9638504,2.743208,0.5145219,0.7316521,2.765916,0.5117715,0.5048405,2.694166,0.5103266,0.33627,2.658691,0.3361144,0.5498888,2.755453,0.2984748,0.1744301,2.747274,0.3074583,-0.2101325,2.768273,0.4635643,0.5574402,2.742057,0.486352,0.196677,2.700873,0.5125122,-0.1772707,2.705642,0.3396992,1.002057,2.758655
72057594038042242,0,0.5336063,106250.4,0.4042278,0.5555575,2.780165,0.3368861,1.176565,2.709351,0.2041372,0.9461464,2.760012,0.1837825,0.7634863,2.728901,0.1761265,0.6079525,2.6412,0.1800404,0.607406,2.638832,0.4820889,0.9638504,2.743208,0.5145219,0.7316521,2.765916,0.5117715,0.5048405,2.694166,0.5103266,0.33627,2.658691,0.3361144,0.5498888,2.755453,0.2984748,0.1744301,2.747274,0.3074583,-0.2101325,2.768273,0.4635643,0.5574402,2.742057,0.486352,0.196677,2.700873,0.5125122,-0.1772707,2.705642,0.3396992,1.002057,2.758655
72057594038042242,0,0.5336063,106250.4,0.4042278,0.5555575,2.780165,0.3368861,1.176565,2.709351,0.2041372,0.9461464,2.760012,0.1837825,0.7634863,2.728901,0.1761265,0.6079525,2.6412,0.1800404,0.607406,2.638832,0.4820889,0.9638504,2.743208,0.5145219,0.7316521,2.765916,0.5117715,0.5048405,2.694166,0.5103266,0.33627,2.658691,0.3361144,0.5498888,2.755453,0.2984748,0.1744301,2.747274,0.3074583,-0.2101325,2.768273,0.4635643,0.5574402,2.742057,0.486352,0.196677,2.700873,0.5125122,-0.1772707,2.705642,0.3396992,1.002057,2.758655
72057594038042242,0,0.5336063,106250.5,0.4042278,0.5555575,2.780165,0.3368861,1.176565,2.709351,0.2041372,0.9461464,2.760012,0.1837825,0.7634863,2.728901,0.1761265,0.6079525,2.6412,0.1800404,0.607406,2.638832,0.4820889,0.9638504,2.743208,0.5145219,0.7316521,2.765916,0.5117715,0.5048405,2.694166,0.5103266,0.33627,2.658691,0.3361144,0.5498888,2.755453,0.2984748,0.1744301,2.747274,0.3074583,-0.2101325,2.768273,0.4635643,0.5574402,2.742057,0.486352,0.196677,2.700873,0.5125122,-0.1772707,2.705642,0.3396992,1.002057,2.758655
72057594038042242,0,0.5336063,106250.5,0.4042278,0.5555575,2.780165,0.3368861,1.176565,2.709351,0.2041372,0.9461464,2.760012,0.1837825,0.7634863,2.728901,0.1761265,0.6079525,2.6412,0.1800404,0.607406,2.638832,0.4820889,0.9638504,2.743208,0.5145219,0.7316521,2.765916,0.5117715,0.5048405,2.694166,0.5103266,0.33627,2.658691,0.3361144,0.5498888,2.755453,0.2984748,0.1744301,2.747274,0.3074583,-0.2101325,2.768273,0.4635643,0.5574402,2.742057,0.486352,0.196677,2.700873,0.5125122,-0.1772707,2.705642,0.3396992,1.002057,2.758655
72057594038042242,0,0.5336063,106250.5,0.4042278,0.5555575,2.780165,0.3368861,1.176565,2.709351,0.2041372,0.9461464,2.760012,0.1837825,0.7634863,2.728901,0.1761265,0.6079525,2.6412,0.1800404,0.607406,2.638832,0.4820889,0.9638504,2.743208,0.5145219,0.7316521,2.765916,0.5117715,0.5048405,2.694166,0.5103266,0.33627,2.658691,0.3361144,0.5498888,2.755453,0.2984748,0.1744301,2.747274,0.3074583,-0.2101325,2.768273,0.4635643,0.5574402,2.742057,0.486352,0.196677,2.700873,0.5125122,-0.1772707,2.705642,0.3396992,1.002057,2.758655
72057594038042242,0,0.5336063,106250.5,0.4042278,0.5555575,2.780165,0.3368861,1.176565,2.709351,0.2041372,0.9461464,2.760012,0.1837825,0.7634863,2.728901,0.1761265,0.6079525,2.6412,0.1800404,0.607406,2.638832,0.4820889,0.9638504,2.743208,0.5145219,0.7316521,2.765916,0.5117715,0.5048405,2.694166,0.5103266,0.33627,2.658691,0.3361144,0.5498888,2.755453,0.2984748,0.1744301,2.747274,0.3074583,-0.2101325,2.768273,0.4635643,0.5574402,2.742057,0.486352,0.196677,2.700873,0.5125122,-0.1772707,2.705642,0.3396992,1.002057,2.758655
72057594038042242,0,0.5336063,106250.5,0.4042278,0.5555575,2.780165,0.3368861,1.176565,2.709351,0.2041372,0.9461464,2.760012,0.1837825,0.7634863,2.728901,0.1761265,0.6079525,2.6412,0.1800404,0.607406,2.638832,0.4820889,0.9638504,2.743208,0.5145219,0.7316521,2.765916,0.5117715,0.5048405,2.694166,0.5103266,0.33627,2.658691,0.3361144,0.5498888,2.755453,0.2984748,0.1744301,2.747274,0.3074583,-0.2101325,2.768273,0.4635643,0.5574402,2.742057,0.486352,0.196677,2.700873,0.5125122,-0.1772707,2.705642,0.3396992,1.002057,2.758655
72057594038042242,0,0.5325253,106250.5,0.4067531,0.5592153,2.768372,0.3479436,1.176872,2.703149,0.2144308,0.9504421,2.752809,0.1858301,0.7610589,2.729477,0.1925412,0.5960279,2.658417,0.196601,0.5959711,2.656588,0.4880651,0.9598753,2.732446,0.5212526,0.7265803,2.763541,0.5163502,0.4978226,2.688992,0.5139877,0.3379518,2.649622,0.339236,0.5553967,2.743537,0.3038325,0.1790123,2.7404,0.3082548,-0.2015944,2.768932,0.4654671,0.5592855,2.730497,0.4872026,0.1979224,2.697468,0.5133725,-0.1803606,2.701756,0.3496547,1.005225,2.75018
72057594038042242,0,0.5325253,106250.5,0.4067531,0.5592153,2.768372,0.3479436,1.176872,2.703149,0.2144308,0.9504421,2.752809,0.1858301,0.7610589,2.729477,0.1925412,0.5960279,2.658417,0.196601,0.5959711,2.656588,0.4880651,0.9598753,2.732446,0.5212526,0.7265803,2.763541,0.5163502,0.4978226,2.688992,0.5139877,0.3379518,2.649622,0.339236,0.5553967,2.743537,0.3038325,0.1790123,2.7404,0.3082548,-0.2015944,2.768932,0.4654671,0.5592855,2.730497,0.4872026,0.1979224,2.697468,0.5133725,-0.1803606,2.701756,0.3496547,1.005225,2.75018
72057594038042242,0,0.5325253,106250.5,0.4067531,0.5592153,2.768372,0.3479436,1.176872,2.703149,0.2144308,0.9504421,2.752809,0.1858301,0.7610589,2.729477,0.1925412,0.5960279,2.658417,0.196601,0.5959711,2.656588,0.4880651,0.9598753,2.732446,0.5212526,0.7265803,2.763541,0.5163502,0.4978226,2.688992,0.5139877,0.3379518,2.649622,0.339236,0.5553967,2.743537,0.3038325,0.1790123,2.7404,0.3082548,-0.2015944,2.768932,0.4654671,0.5592855,2.730497,0.4872026,0.1979224,2.697468,0.5133725,-0.1803606,2.701756,0.3496547,1.005225,2.75018
72057594038042242,0,0.5325253,106250.5,0.4067531,0.5592153,2.768372,0.3479436,1.176872,2.703149,0.2144308,0.9504421,2.752809,0.1858301,0.7610589,2.729477,0.1925412,0.5960279,2.658417,0.196601,0.5959711,2.656588,0.4880651,0.9598753,2.732446,0.5212526,0.7265803,2.763541,0.5163502,0.4978226,2.688992,0.5139877,0.3379518,2.649622,0.339236,0.5553967,2.743537,0.3038325,0.1790123,2.7404,0.3082548,-0.2015944,2.768932,0.4654671,0.5592855,2.730497,0.4872026,0.1979224,2.697468,0.5133725,-0.1803606,2.701756,0.3496547,1.005225,2.75018
72057594038042242,0,0.5325253,106250.5,0.4067531,0.5592153,2.768372,0.3479436,1.176872,2.703149,0.2144308,0.9504421,2.752809,0.1858301,0.7610589,2.729477,0.1925412,0.5960279,2.658417,0.196601,0.5959711,2.656588,0.4880651,0.9598753,2.732446,0.5212526,0.7265803,2.763541,0.5163502,0.4978226,2.688992,0.5139877,0.3379518,2.649622,0.339236,0.5553967,2.743537,0.3038325,0.1790123,2.7404,0.3082548,-0.2015944,2.768932,0.4654671,0.5592855,2.730497,0.4872026,0.1979224,2.697468,0.5133725,-0.1803606,2.701756,0.3496547,1.005225,2.75018
72057594038042242,0,0.5325253,106250.5,0.4067531,0.5592153,2.768372,0.3479436,1.176872,2.703149,0.2144308,0.9504421,2.752809,0.1858301,0.7610589,2.729477,0.1925412,0.5960279,2.658417,0.196601,0.5959711,2.656588,0.4880651,0.9598753,2.732446,0.5212526,0.7265803,2.763541,0.5163502,0.4978226,2.688992,0.5139877,0.3379518,2.649622,0.339236,0.5553967,2.743537,0.3038325,0.1790123,2.7404,0.3082548,-0.2015944,2.768932,0.4654671,0.5592855,2.730497,0.4872026,0.1979224,2.697468,0.5133725,-0.1803606,2.701756,0.3496547,1.005225,2.75018
72057594038042242,0,0.5325253,106250.5,0.4067531,0.5592153,2.768372,0.3479436,1.176872,2.703149,0.2144308,0.9504421,2.752809,0.1858301,0.7610589,2.729477,0.1925412,0.5960279,2.658417,0.196601,0.5959711,2.656588,0.4880651,0.9598753,2.732446,0.5212526,0.7265803,2.763541,0.5163502,0.4978226,2.688992,0.5139877,0.3379518,2.649622,0.339236,0.5553967,2.743537,0.3038325,0.1790123,2.7404,0.3082548,-0.2015944,2.768932,0.4654671,0.5592855,2.730497,0.4872026,0.1979224,2.697468,0.5133725,-0.1803606,2.701756,0.3496547,1.005225,2.75018
72057594038042242,0,0.5325253,106250.5,0.4067531,0.5592153,2.768372,0.3479436,1.176872,2.703149,0.2144308,0.9504421,2.752809,0.1858301,0.7610589,2.729477,0.1925412,0.5960279,2.658417,0.196601,0.5959711,2.656588,0.4880651,0.9598753,2.732446,0.5212526,0.7265803,2.763541,0.5163502,0.4978226,2.688992,0.5139877,0.3379518,2.649622,0.339236,0.5553967,2.743537,0.3038325,0.1790123,2.7404,0.3082548,-0.2015944,2.768932,0.4654671,0.5592855,2.730497,0.4872026,0.1979224,2.697468,0.5133725,-0.1803606,2.701756,0.3496547,1.005225,2.75018
72057594038042242,0,0.5325253,106250.5,0.4067531,0.5592153,2.768372,0.3479436,1.176872,2.703149,0.2144308,0.9504421,2.752809,0.1858301,0.7610589,2.729477,0.1925412,0.5960279,2.658417,0.196601,0.5959711,2.656588,0.4880651,0.9598753,2.732446,0.5212526,0.7265803,2.763541,0.5163502,0.4978226,2.688992,0.5139877,0.3379518,2.649622,0.339236,0.5553967,2.743537,0.3038325,0.1790123,2.7404,0.3082548,-0.2015944,2.768932,0.4654671,0.5592855,2.730497,0.4872026,0.1979224,2.697468,0.5133725,-0.1803606,2.701756,0.3496547,1.005225,2.75018
72057594038042242,0,0.5325253,106250.5,0.4067531,0.5592153,2.768372,0.3479436,1.176872,2.703149,0.2144308,0.9504421,2.752809,0.1858301,0.7610589,2.729477,0.1925412,0.5960279,2.658417,0.196601,0.5959711,2.656588,0.4880651,0.9598753,2.732446,0.5212526,0.7265803,2.763541,0.5163502,0.4978226,2.688992,0.5139877,0.3379518,2.649622,0.339236,0.5553967,2.743537,0.3038325,0.1790123,2.7404,0.3082548,-0.2015944,2.768932,0.4654671,0.5592855,2.730497,0.4872026,0.1979224,2.697468,0.5133725,-0.1803606,2.701756,0.3496547,1.005225,2.75018
72057594038042242,0,0.5367849,106250.5,0.4105006,0.5564253,2.76109,0.3562552,1.179523,2.697727,0.2199908,0.9527565,2.748741,0.1920454,0.7538205,2.731127,0.1963637,0.5845323,2.666701,0.1954326,0.5908753,2.658067,0.493929,0.9559166,2.725119,0.5279924,0.72462,2.757128,0.5243842,0.4946616,2.678272,0.5170457,0.3312825,2.638766,0.3429654,0.5540003,2.736897,0.3062307,0.1784861,2.736656,0.3086061,-0.1993059,2.768727,0.469122,0.5548977,2.722546,0.4883511,0.1986899,2.691642,0.5133532,-0.1820364,2.700902,0.3606596,1.005236,2.741019
72057594038042242,0,0.5367849,106250.5,0.4105006,0.5564253,2.76109,0.3562552,1.179523,2.697727,0.2199908,0.9527565,2.748741,0.1920454,0.7538205,2.731127,0.1963637,0.5845323,2.666701,0.1954326,0.5908753,2.658067,0.493929,0.9559166,2.725119,0.5279924,0.72462,2.757128,0.5243842,0.4946616,2.678272,0.5170457,0.3312825,2.638766,0.3429654,0.5540003,2.736897,0.3062307,0.1784861,2.736656,0.3086061,-0.1993059,2.768727,0.469122,0.5548977,2.722546,0.4883511,0.1986899,2.691642,0.5133532,-0.1820364,2.700902,0.3606596,1.005236,2.741019
72057594038042242,0,0.5367849,106250.5,0.4105006,0.5564253,2.76109,0.3562552,1.179523,2.697727,0.2199908,0.9527565,2.748741,0.1920454,0.7538205,2.731127,0.1963637,0.5845323,2.666701,0.1954326,0.5908753,2.658067,0.493929,0.9559166,2.725119,0.5279924,0.72462,2.757128,0.5243842,0.4946616,2.678272,0.5170457,0.3312825,2.638766,0.3429654,0.5540003,2.736897,0.3062307,0.1784861,2.736656,0.3086061,-0.1993059,2.768727,0.469122,0.5548977,2.722546,0.4883511,0.1986899,2.691642,0.5133532,-0.1820364,2.700902,0.3606596,1.005236,2.741019
72057594038042242,0,0.5367849,106250.5,0.4105006,0.5564253,2.76109,0.3562552,1.179523,2.697727,0.2199908,0.9527565,2.748741,0.1920454,0.7538205,2.731127,0.1963637,0.5845323,2.666701,0.1954326,0.5908753,2.658067,0.493929,0.9559166,2.725119,0.5279924,0.72462,2.757128,0.5243842,0.4946616,2.678272,0.5170457,0.3312825,2.638766,0.3429654,0.5540003,2.736897,0.3062307,0.1784861,2.736656,0.3086061,-0.1993059,2.768727,0.469122,0.5548977,2.722546,0.4883511,0.1986899,2.691642,0.5133532,-0.1820364,2.700902,0.3606596,1.005236,2.741019
72057594038042242,0,0.5367849,106250.5,0.4105006,0.5564253,2.76109,0.3562552,1.179523,2.697727,0.2199908,0.9527565,2.748741,0.1920454,0.7538205,2.731127,0.1963637,0.5845323,2.666701,0.1954326,0.5908753,2.658067,0.493929,0.9559166,2.725119,0.5279924,0.72462,2.757128,0.5243842,0.4946616,2.678272,0.5170457,0.3312825,2.638766,0.3429654,0.5540003,2.736897,0.3062307,0.1784861,2.736656,0.3086061,-0.1993059,2.768727,0.469122,0.5548977,2.722546,0.4883511,0.1986899,2.691642,0.5133532,-0.1820364,2.700902,0.3606596,1.005236,2.741019
72057594038042242,0,0.5367849,106250.5,0.4105006,0.5564253,2.76109,0.3562552,1.179523,2.697727,0.2199908,0.9527565,2.748741,0.1920454,0.7538205,2.731127,0.1963637,0.5845323,2.666701,0.1954326,0.5908753,2.658067,0.493929,0.9559166,2.725119,0.5279924,0.72462,2.757128,0.5243842,0.4946616,2.678272,0.5170457,0.3312825,2.638766,0.3429654,0.5540003,2.736897,0.3062307,0.1784861,2.736656,0.3086061,-0.1993059,2.768727,0.469122,0.5548977,2.722546,0.4883511,0.1986899,2.691642,0.5133532,-0.1820364,2.700902,0.3606596,1.005236,2.741019
72057594038042242,0,0.5367849,106250.5,0.4105006,0.5564253,2.76109,0.3562552,1.179523,2.697727,0.2199908,0.9527565,2.748741,0.1920454,0.7538205,2.731127,0.1963637,0.5845323,2.666701,0.1954326,0.5908753,2.658067,0.493929,0.9559166,2.725119,0.5279924,0.72462,2.757128,0.5243842,0.4946616,2.678272,0.5170457,0.3312825,2.638766,0.3429654,0.5540003,2.736897,0.3062307,0.1784861,2.736656,0.3086061,-0.1993059,2.768727,0.469122,0.5548977,2.722546,0.4883511,0.1986899,2.691642,0.5133532,-0.1820364,2.700902,0.3606596,1.005236,2.741019
72057594038042242,0,0.5367849,106250.5,0.4105006,0.5564253,2.76109,0.3562552,1.179523,2.697727,0.2199908,0.9527565,2.748741,0.1920454,0.7538205,2.731127,0.1963637,0.5845323,2.666701,0.1954326,0.5908753,2.658067,0.493929,0.9559166,2.725119,0.5279924,0.72462,2.757128,0.5243842,0.4946616,2.678272,0.5170457,0.3312825,2.638766,0.3429654,0.5540003,2.736897,0.3062307,0.1784861,2.736656,0.3086061,-0.1993059,2.768727,0.469122,0.5548977,2.722546,0.4883511,0.1986899,2.691642,0.5133532,-0.1820364,2.700902,0.3606596,1.005236,2.741019
72057594038042242,0,0.5367849,106250.5,0.4105006,0.5564253,2.76109,0.3562552,1.179523,2.697727,0.2199908,0.9527565,2.748741,0.1920454,0.7538205,2.731127,0.1963637,0.5845323,2.666701,0.1954326,0.5908753,2.658067,0.493929,0.9559166,2.725119,0.5279924,0.72462,2.757128,0.5243842,0.4946616,2.678272,0.5170457,0.3312825,2.638766,0.3429654,0.5540003,2.736897,0.3062307,0.1784861,2.736656,0.3086061,-0.1993059,2.768727,0.469122,0.5548977,2.722546,0.4883511,0.1986899,2.691642,0.5133532,-0.1820364,2.700902,0.3606596,1.005236,2.741019
72057594038042242,0,0.5448222,106250.5,0.4157758,0.5494944,2.752386,0.3628703,1.181022,2.693342,0.2241124,0.953215,2.745414,0.2003041,0.744559,2.732266,0.1999526,0.5706453,2.675858,0.1945215,0.5199963,2.657382,0.4988408,0.9513589,2.716458,0.5413637,0.7192564,2.755695,0.5292799,0.4882051,2.671707,0.5185545,0.3304054,2.628769,0.3481658,0.5486512,2.729154,0.30861,0.1826214,2.727357,0.3089298,-0.2074381,2.768483,0.4742105,0.5464526,2.712821,0.4898309,0.2026548,2.685045,0.5134867,-0.1859124,2.699389,0.3636198,1.005902,2.738665
72057594038042242,0,0.5448222,106250.5,0.4157758,0.5494944,2.752386,0.3628703,1.181022,2.693342,0.2241124,0.953215,2.745414,0.2003041,0.744559,2.732266,0.1999526,0.5706453,2.675858,0.1945215,0.5199963,2.657382,0.4988408,0.9513589,2.716458,0.5413637,0.7192564,2.755695,0.5292799,0.4882051,2.671707,0.5185545,0.3304054,2.628769,0.3481658,0.5486512,2.729154,0.30861,0.1826214,2.727357,0.3089298,-0.2074381,2.768483,0.4742105,0.5464526,2.712821,0.4898309,0.2026548,2.685045,0.5134867,-0.1859124,2.699389,0.3636198,1.005902,2.738665
72057594038042242,0,0.5448222,106250.5,0.4157758,0.5494944,2.752386,0.3628703,1.181022,2.693342,0.2241124,0.953215,2.745414,0.2003041,0.744559,2.732266,0.1999526,0.5706453,2.675858,0.1945215,0.5199963,2.657382,0.4988408,0.9513589,2.716458,0.5413637,0.7192564,2.755695,0.5292799,0.4882051,2.671707,0.5185545,0.3304054,2.628769,0.3481658,0.5486512,2.729154,0.30861,0.1826214,2.727357,0.3089298,-0.2074381,2.768483,0.4742105,0.5464526,2.712821,0.4898309,0.2026548,2.685045,0.5134867,-0.1859124,2.699389,0.3636198,1.005902,2.738665
72057594038042242,0,0.5448222,106250.5,0.4157758,0.5494944,2.752386,0.3628703,1.181022,2.693342,0.2241124,0.953215,2.745414,0.2003041,0.744559,2.732266,0.1999526,0.5706453,2.675858,0.1945215,0.5199963,2.657382,0.4988408,0.9513589,2.716458,0.5413637,0.7192564,2.755695,0.5292799,0.4882051,2.671707,0.5185545,0.3304054,2.628769,0.3481658,0.5486512,2.729154,0.30861,0.1826214,2.727357,0.3089298,-0.2074381,2.768483,0.4742105,0.5464526,2.712821,0.4898309,0.2026548,2.685045,0.5134867,-0.1859124,2.699389,0.3636198,1.005902,2.738665
72057594038042242,0,0.5448222,106250.5,0.4157758,0.5494944,2.752386,0.3628703,1.181022,2.693342,0.2241124,0.953215,2.745414,0.2003041,0.744559,2.732266,0.1999526,0.5706453,2.675858,0.1945215,0.5199963,2.657382,0.4988408,0.9513589,2.716458,0.5413637,0.7192564,2.755695,0.5292799,0.4882051,2.671707,0.5185545,0.3304054,2.628769,0.3481658,0.5486512,2.729154,0.30861,0.1826214,2.727357,0.3089298,-0.2074381,2.768483,0.4742105,0.5464526,2.712821,0.4898309,0.2026548,2.685045,0.5134867,-0.1859124,2.699389,0.3636198,1.005902,2.738665
72057594038042242,0,0.5448222,106250.5,0.4157758,0.5494944,2.752386,0.3628703,1.181022,2.693342,0.2241124,0.953215,2.745414,0.2003041,0.744559,2.732266,0.1999526,0.5706453,2.675858,0.1945215,0.5199963,2.657382,0.4988408,0.9513589,2.716458,0.5413637,0.7192564,2.755695,0.5292799,0.4882051,2.671707,0.5185545,0.3304054,2.628769,0.3481658,0.5486512,2.729154,0.30861,0.1826214,2.727357,0.3089298,-0.2074381,2.768483,0.4742105,0.5464526,2.712821,0.4898309,0.2026548,2.685045,0.5134867,-0.1859124,2.699389,0.3636198,1.005902,2.738665
72057594038042242,0,0.5448222,106250.6,0.4157758,0.5494944,2.752386,0.3628703,1.181022,2.693342,0.2241124,0.953215,2.745414,0.2003041,0.744559,2.732266,0.1999526,0.5706453,2.675858,0.1945215,0.5199963,2.657382,0.4988408,0.9513589,2.716458,0.5413637,0.7192564,2.755695,0.5292799,0.4882051,2.671707,0.5185545,0.3304054,2.628769,0.3481658,0.5486512,2.729154,0.30861,0.1826214,2.727357,0.3089298,-0.2074381,2.768483,0.4742105,0.5464526,2.712821,0.4898309,0.2026548,2.685045,0.5134867,-0.1859124,2.699389,0.3636198,1.005902,2.738665
72057594038042242,0,0.5448222,106250.6,0.4157758,0.5494944,2.752386,0.3628703,1.181022,2.693342,0.2241124,0.953215,2.745414,0.2003041,0.744559,2.732266,0.1999526,0.5706453,2.675858,0.1945215,0.5199963,2.657382,0.4988408,0.9513589,2.716458,0.5413637,0.7192564,2.755695,0.5292799,0.4882051,2.671707,0.5185545,0.3304054,2.628769,0.3481658,0.5486512,2.729154,0.30861,0.1826214,2.727357,0.3089298,-0.2074381,2.768483,0.4742105,0.5464526,2.712821,0.4898309,0.2026548,2.685045,0.5134867,-0.1859124,2.699389,0.3636198,1.005902,2.738665
72057594038042242,0,0.5448222,106250.6,0.4157758,0.5494944,2.752386,0.3628703,1.181022,2.693342,0.2241124,0.953215,2.745414,0.2003041,0.744559,2.732266,0.1999526,0.5706453,2.675858,0.1945215,0.5199963,2.657382,0.4988408,0.9513589,2.716458,0.5413637,0.7192564,2.755695,0.5292799,0.4882051,2.671707,0.5185545,0.3304054,2.628769,0.3481658,0.5486512,2.729154,0.30861,0.1826214,2.727357,0.3089298,-0.2074381,2.768483,0.4742105,0.5464526,2.712821,0.4898309,0.2026548,2.685045,0.5134867,-0.1859124,2.699389,0.3636198,1.005902,2.738665
72057594038042242,0,0.5448222,106250.6,0.4157758,0.5494944,2.752386,0.3628703,1.181022,2.693342,0.2241124,0.953215,2.745414,0.2003041,0.744559,2.732266,0.1999526,0.5706453,2.675858,0.1945215,0.5199963,2.657382,0.4988408,0.9513589,2.716458,0.5413637,0.7192564,2.755695,0.5292799,0.4882051,2.671707,0.5185545,0.3304054,2.628769,0.3481658,0.5486512,2.729154,0.30861,0.1826214,2.727357,0.3089298,-0.2074381,2.768483,0.4742105,0.5464526,2.712821,0.4898309,0.2026548,2.685045,0.5134867,-0.1859124,2.699389,0.3636198,1.005902,2.738665
72057594038042242,0,0.5442342,106250.6,0.4189488,0.5543689,2.745189,0.3704994,1.18202,2.689762,0.2302639,0.9559531,2.741042,0.2077266,0.7441565,2.735029,0.2017651,0.5657848,2.692053,0.1914263,0.5159219,2.671676,0.5031918,0.9512802,2.710377,0.5417641,0.7213908,2.743292,0.5289938,0.4869143,2.663845,0.5144905,0.4388134,2.630917,0.3516319,0.5539299,2.722317,0.3107534,0.1844562,2.722262,0.3087383,-0.2092989,2.768414,0.4770242,0.5508935,2.705267,0.4904298,0.2074271,2.67868,0.5136117,-0.1851985,2.698522,0.3711182,1.007032,2.733277
72057594038042242,0,0.5442342,106250.6,0.4189488,0.5543689,2.745189,0.3704994,1.18202,2.689762,0.2302639,0.9559531,2.741042,0.2077266,0.7441565,2.735029,0.2017651,0.5657848,2.692053,0.1914263,0.5159219,2.671676,0.5031918,0.9512802,2.710377,0.5417641,0.7213908,2.743292,0.5289938,0.4869143,2.663845,0.5144905,0.4388134,2.630917,0.3516319,0.5539299,2.722317,0.3107534,0.1844562,2.722262,0.3087383,-0.2092989,2.768414,0.4770242,0.5508935,2.705267,0.4904298,0.2074271,2.67868,0.5136117,-0.1851985,2.698522,0.3711182,1.007032,2.733277
72057594038042242,0,0.5442342,106250.6,0.4189488,0.5543689,2.745189,0.3704994,1.18202,2.689762,0.2302639,0.9559531,2.741042,0.2077266,0.7441565,2.735029,0.2017651,0.5657848,2.692053,0.1914263,0.5159219,2.671676,0.5031918,0.9512802,2.710377,0.5417641,0.7213908,2.743292,0.5289938,0.4869143,2.663845,0.5144905,0.4388134,2.630917,0.3516319,0.5539299,2.722317,0.3107534,0.1844562,2.722262,0.3087383,-0.2092989,2.768414,0.4770242,0.5508935,2.705267,0.4904298,0.2074271,2.67868,0.5136117,-0.1851985,2.698522,0.3711182,1.007032,2.733277
72057594038042242,0,0.5442342,106250.6,0.4189488,0.5543689,2.745189,0.3704994,1.18202,2.689762,0.2302639,0.9559531,2.741042,0.2077266,0.7441565,2.735029,0.2017651,0.5657848,2.692053,0.1914263,0.5159219,2.671676,0.5031918,0.9512802,2.710377,0.5417641,0.7213908,2.743292,0.5289938,0.4869143,2.663845,0.5144905,0.4388134,2.630917,0.3516319,0.5539299,2.722317,0.3107534,0.1844562,2.722262,0.3087383,-0.2092989,2.768414,0.4770242,0.5508935,2.705267,0.4904298,0.2074271,2.67868,0.5136117,-0.1851985,2.698522,0.3711182,1.007032,2.733277
72057594038042242,0,0.5442342,106250.6,0.4189488,0.5543689,2.745189,0.3704994,1.18202,2.689762,0.2302639,0.9559531,2.741042,0.2077266,0.7441565,2.735029,0.2017651,0.5657848,2.692053,0.1914263,0.5159219,2.671676,0.5031918,0.9512802,2.710377,0.5417641,0.7213908,2.743292,0.5289938,0.4869143,2.663845,0.5144905,0.4388134,2.630917,0.3516319,0.5539299,2.722317,0.3107534,0.1844562,2.722262,0.3087383,-0.2092989,2.768414,0.4770242,0.5508935,2.705267,0.4904298,0.2074271,2.67868,0.5136117,-0.1851985,2.698522,0.3711182,1.007032,2.733277
72057594038042242,0,0.5442342,106250.6,0.4189488,0.5543689,2.745189,0.3704994,1.18202,2.689762,0.2302639,0.9559531,2.741042,0.2077266,0.7441565,2.735029,0.2017651,0.5657848,2.692053,0.1914263,0.5159219,2.671676,0.5031918,0.9512802,2.710377,0.5417641,0.7213908,2.743292,0.5289938,0.4869143,2.663845,0.5144905,0.4388134,2.630917,0.3516319,0.5539299,2.722317,0.3107534,0.1844562,2.722262,0.3087383,-0.2092989,2.768414,0.4770242,0.5508935,2.705267,0.4904298,0.2074271,2.67868,0.5136117,-0.1851985,2.698522,0.3711182,1.007032,2.733277
72057594038042242,0,0.5442342,106250.6,0.4189488,0.5543689,2.745189,0.3704994,1.18202,2.689762,0.2302639,0.9559531,2.741042,0.2077266,0.7441565,2.735029,0.2017651,0.5657848,2.692053,0.1914263,0.5159219,2.671676,0.5031918,0.9512802,2.710377,0.5417641,0.7213908,2.743292,0.5289938,0.4869143,2.663845,0.5144905,0.4388134,2.630917,0.3516319,0.5539299,2.722317,0.3107534,0.1844562,2.722262,0.3087383,-0.2092989,2.768414,0.4770242,0.5508935,2.705267,0.4904298,0.2074271,2.67868,0.5136117,-0.1851985,2.698522,0.3711182,1.007032,2.733277
72057594038042242,0,0.5442342,106250.6,0.4189488,0.5543689,2.745189,0.3704994,1.18202,2.689762,0.2302639,0.9559531,2.741042,0.2077266,0.7441565,2.735029,0.2017651,0.5657848,2.692053,0.1914263,0.5159219,2.671676,0.5031918,0.9512802,2.710377,0.5417641,0.7213908,2.743292,0.5289938,0.4869143,2.663845,0.5144905,0.4388134,2.630917,0.3516319,0.5539299,2.722317,0.3107534,0.1844562,2.722262,0.3087383,-0.2092989,2.768414,0.4770242,0.5508935,2.705267,0.4904298,0.2074271,2.67868,0.5136117,-0.1851985,2.698522,0.3711182,1.007032,2.733277
72057594038042242,0,0.5442342,106250.6,0.4189488,0.5543689,2.745189,0.3704994,1.18202,2.689762,0.2302639,0.9559531,2.741042,0.2077266,0.7441565,2.735029,0.2017651,0.5657848,2.692053,0.1914263,0.5159219,2.671676,0.5031918,0.9512802,2.710377,0.5417641,0.7213908,2.743292,0.5289938,0.4869143,2.663845,0.5144905,0.4388134,2.630917,0.3516319,0.5539299,2.722317,0.3107534,0.1844562,2.722262,0.3087383,-0.2092989,2.768414,0.4770242,0.5508935,2.705267,0.4904298,0.2074271,2.67868,0.5136117,-0.1851985,2.698522,0.3711182,1.007032,2.733277
72057594038042242,0,0.5442342,106250.6,0.4189488,0.5543689,2.745189,0.3704994,1.18202,2.689762,0.2302639,0.9559531,2.741042,0.2077266,0.7441565,2.735029,0.2017651,0.5657848,2.692053,0.1914263,0.5159219,2.671676,0.5031918,0.9512802,2.710377,0.5417641,0.7213908,2.743292,0.5289938,0.4869143,2.663845,0.5144905,0.4388134,2.630917,0.3516319,0.5539299,2.722317,0.3107534,0.1844562,2.722262,0.3087383,-0.2092989,2.768414,0.4770242,0.5508935,2.705267,0.4904298,0.2074271,2.67868,0.5136117,-0.1851985,2.698522,0.3711182,1.007032,2.733277
72057594038042242,0,0.5454013,106250.6,0.4202093,0.5539895,2.740268,0.3776991,1.181508,2.684781,0.2413203,0.9577951,2.734764,0.2106815,0.7434502,2.737261,0.207202,0.5617893,2.708317,0.2080326,0.5065424,2.7045,0.5076609,0.9491921,2.70529,0.5464453,0.7220064,2.740534,0.5360107,0.4881195,2.653708,0.520161,0.4375424,2.619802,0.352983,0.5541239,2.717694,0.3134182,0.1879418,2.719041,0.3089251,-0.2098427,2.768177,0.4781446,0.5499251,2.700001,0.4879327,0.2091586,2.675969,0.5136487,-0.184231,2.697319,0.375068,1.007353,2.730281
72057594038042242,0,0.5454013,106250.6,0.4202093,0.5539895,2.740268,0.3776991,1.181508,2.684781,0.2413203,0.9577951,2.734764,0.2106815,0.7434502,2.737261,0.207202,0.5617893,2.708317,0.2080326,0.5065424,2.7045,0.5076609,0.9491921,2.70529,0.5464453,0.7220064,2.740534,0.5360107,0.4881195,2.653708,0.520161,0.4375424,2.619802,0.352983,0.5541239,2.717694,0.3134182,0.1879418,2.719041,0.3089251,-0.2098427,2.768177,0.4781446,0.5499251,2.700001,0.4879327,0.2091586,2.675969,0.5136487,-0.184231,2.697319,0.375068,1.007353,2.730281
72057594038042242,0,0.5454013,106250.6,0.4202093,0.5539895,2.740268,0.3776991,1.181508,2.684781,0.2413203,0.9577951,2.734764,0.2106815,0.7434502,2.737261,0.207202,0.5617893,2.708317,0.2080326,0.5065424,2.7045,0.5076609,0.9491921,2.70529,0.5464453,0.7220064,2.740534,0.5360107,0.4881195,2.653708,0.520161,0.4375424,2.619802,0.352983,0.5541239,2.717694,0.3134182,0.1879418,2.719041,0.3089251,-0.2098427,2.768177,0.4781446,0.5499251,2.700001,0.4879327,0.2091586,2.675969,0.5136487,-0.184231,2.697319,0.375068,1.007353,2.730281
72057594038042242,0,0.5454013,106250.6,0.4202093,0.5539895,2.740268,0.3776991,1.181508,2.684781,0.2413203,0.9577951,2.734764,0.2106815,0.7434502,2.737261,0.207202,0.5617893,2.708317,0.2080326,0.5065424,2.7045,0.5076609,0.9491921,2.70529,0.5464453,0.7220064,2.740534,0.5360107,0.4881195,2.653708,0.520161,0.4375424,2.619802,0.352983,0.5541239,2.717694,0.3134182,0.1879418,2.719041,0.3089251,-0.2098427,2.768177,0.4781446,0.5499251,2.700001,0.4879327,0.2091586,2.675969,0.5136487,-0.184231,2.697319,0.375068,1.007353,2.730281
72057594038042242,0,0.5454013,106250.6,0.4202093,0.5539895,2.740268,0.3776991,1.181508,2.684781,0.2413203,0.9577951,2.734764,0.2106815,0.7434502,2.737261,0.207202,0.5617893,2.708317,0.2080326,0.5065424,2.7045,0.5076609,0.9491921,2.70529,0.5464453,0.7220064,2.740534,0.5360107,0.4881195,2.653708,0.520161,0.4375424,2.619802,0.352983,0.5541239,2.717694,0.3134182,0.1879418,2.719041,0.3089251,-0.2098427,2.768177,0.4781446,0.5499251,2.700001,0.4879327,0.2091586,2.675969,0.5136487,-0.184231,2.697319,0.375068,1.007353,2.730281
72057594038042242,0,0.5454013,106250.6,0.4202093,0.5539895,2.740268,0.3776991,1.181508,2.684781,0.2413203,0.9577951,2.734764,0.2106815,0.7434502,2.737261,0.207202,0.5617893,2.708317,0.2080326,0.5065424,2.7045,0.5076609,0.9491921,2.70529,0.5464453,0.7220064,2.740534,0.5360107,0.4881195,2.653708,0.520161,0.4375424,2.619802,0.352983,0.5541239,2.717694,0.3134182,0.1879418,2.719041,0.3089251,-0.2098427,2.768177,0.4781446,0.5499251,2.700001,0.4879327,0.2091586,2.675969,0.5136487,-0.184231,2.697319,0.375068,1.007353,2.730281
72057594038042242,0,0.5454013,106250.6,0.4202093,0.5539895,2.740268,0.3776991,1.181508,2.684781,0.2413203,0.9577951,2.734764,0.2106815,0.7434502,2.737261,0.207202,0.5617893,2.708317,0.2080326,0.5065424,2.7045,0.5076609,0.9491921,2.70529,0.5464453,0.7220064,2.740534,0.5360107,0.4881195,2.653708,0.520161,0.4375424,2.619802,0.352983,0.5541239,2.717694,0.3134182,0.1879418,2.719041,0.3089251,-0.2098427,2.768177,0.4781446,0.5499251,2.700001,0.4879327,0.2091586,2.675969,0.5136487,-0.184231,2.697319,0.375068,1.007353,2.730281
72057594038042242,0,0.5454013,106250.6,0.4202093,0.5539895,2.740268,0.3776991,1.181508,2.684781,0.2413203,0.9577951,2.734764,0.2106815,0.7434502,2.737261,0.207202,0.5617893,2.708317,0.2080326,0.5065424,2.7045,0.5076609,0.9491921,2.70529,0.5464453,0.7220064,2.740534,0.5360107,0.4881195,2.653708,0.520161,0.4375424,2.619802,0.352983,0.5541239,2.717694,0.3134182,0.1879418,2.719041,0.3089251,-0.2098427,2.768177,0.4781446,0.5499251,2.700001,0.4879327,0.2091586,2.675969,0.5136487,-0.184231,2.697319,0.375068,1.007353,2.730281
72057594038042242,0,0.5454013,106250.6,0.4202093,0.5539895,2.740268,0.3776991,1.181508,2.684781,0.2413203,0.9577951,2.734764,0.2106815,0.7434502,2.737261,0.207202,0.5617893,2.708317,0.2080326,0.5065424,2.7045,0.5076609,0.9491921,2.70529,0.5464453,0.7220064,2.740534,0.5360107,0.4881195,2.653708,0.520161,0.4375424,2.619802,0.352983,0.5541239,2.717694,0.3134182,0.1879418,2.719041,0.3089251,-0.2098427,2.768177,0.4781446,0.5499251,2.700001,0.4879327,0.2091586,2.675969,0.5136487,-0.184231,2.697319,0.375068,1.007353,2.730281
72057594038042242,0,0.5454013,106250.6,0.4202093,0.5539895,2.740268,0.3776991,1.181508,2.684781,0.2413203,0.9577951,2.734764,0.2106815,0.7434502,2.737261,0.207202,0.5617893,2.708317,0.2080326,0.5065424,2.7045,0.5076609,0.9491921,2.70529,0.5464453,0.7220064,2.740534,0.5360107,0.4881195,2.653708,0.520161,0.4375424,2.619802,0.352983,0.5541239,2.717694,0.3134182,0.1879418,2.719041,0.3089251,-0.2098427,2.768177,0.4781446,0.5499251,2.700001,0.4879327,0.2091586,2.675969,0.5136487,-0.184231,2.697319,0.375068,1.007353,2.730281
72057594038042242,0,0.5467233,106250.6,0.4214501,0.553403,2.736498,0.3846239,1.181046,2.681723,0.2440301,0.9584115,2.732647,0.2148283,0.7418494,2.740518,0.2101375,0.5588629,2.720875,0.2060599,0.5032867,2.718869,0.5131282,0.9457973,2.696943,0.5515835,0.7281829,2.734536,0.5186558,0.5025077,2.628981,0.5133623,0.4515705,2.614913,0.3543411,0.5541567,2.714498,0.315756,0.1904669,2.717231,0.3102848,-0.2082521,2.767352,0.4792061,0.5486429,2.695524,0.4901876,0.210878,2.669902,0.5139103,-0.1841451,2.696136,0.3808628,1.007886,2.726447
72057594038042242,0,0.5467233,106250.6,0.4214501,0.553403,2.736498,0.3846239,1.181046,2.681723,0.2440301,0.9584115,2.732647,0.2148283,0.7418494,2.740518,0.2101375,0.5588629,2.720875,0.2060599,0.5032867,2.718869,0.5131282,0.9457973,2.696943,0.5515835,0.7281829,2.734536,0.5186558,0.5025077,2.628981,0.5133623,0.4515705,2.614913,0.3543411,0.5541567,2.714498,0.315756,0.1904669,2.717231,0.3102848,-0.2082521,2.767352,0.4792061,0.5486429,2.695524,0.4901876,0.210878,2.669902,0.5139103,-0.1841451,2.696136,0.3808628,1.007886,2.726447
72057594038042242,0,0.5467233,106250.6,0.4214501,0.553403,2.736498,0.3846239,1.181046,2.681723,0.2440301,0.9584115,2.732647,0.2148283,0.7418494,2.740518,0.2101375,0.5588629,2.720875,0.2060599,0.5032867,2.718869,0.5131282,0.9457973,2.696943,0.5515835,0.7281829,2.734536,0.5186558,0.5025077,2.628981,0.5133623,0.4515705,2.614913,0.3543411,0.5541567,2.714498,0.315756,0.1904669,2.717231,0.3102848,-0.2082521,2.767352,0.4792061,0.5486429,2.695524,0.4901876,0.210878,2.669902,0.5139103,-0.1841451,2.696136,0.3808628,1.007886,2.726447
72057594038042242,0,0.5467233,106250.6,0.4214501,0.553403,2.736498,0.3846239,1.181046,2.681723,0.2440301,0.9584115,2.732647,0.2148283,0.7418494,2.740518,0.2101375,0.5588629,2.720875,0.2060599,0.5032867,2.718869,0.5131282,0.9457973,2.696943,0.5515835,0.7281829,2.734536,0.5186558,0.5025077,2.628981,0.5133623,0.4515705,2.614913,0.3543411,0.5541567,2.714498,0.315756,0.1904669,2.717231,0.3102848,-0.2082521,2.767352,0.4792061,0.5486429,2.695524,0.4901876,0.210878,2.669902,0.5139103,-0.1841451,2.696136,0.3808628,1.007886,2.726447
72057594038042242,0,0.5467233,106250.6,0.4214501,0.553403,2.736498,0.3846239,1.181046,2.681723,0.2440301,0.9584115,2.732647,0.2148283,0.7418494,2.740518,0.2101375,0.5588629,2.720875,0.2060599,0.5032867,2.718869,0.5131282,0.9457973,2.696943,0.5515835,0.7281829,2.734536,0.5186558,0.5025077,2.628981,0.5133623,0.4515705,2.614913,0.3543411,0.5541567,2.714498,0.315756,0.1904669,2.717231,0.3102848,-0.2082521,2.767352,0.4792061,0.5486429,2.695524,0.4901876,0.210878,2.669902,0.5139103,-0.1841451,2.696136,0.3808628,1.007886,2.726447
72057594038042242,0,0.5467233,106250.6,0.4214501,0.553403,2.736498,0.3846239,1.181046,2.681723,0.2440301,0.9584115,2.732647,0.2148283,0.7418494,2.740518,0.2101375,0.5588629,2.720875,0.2060599,0.5032867,2.718869,0.5131282,0.9457973,2.696943,0.5515835,0.7281829,2.734536,0.5186558,0.5025077,2.628981,0.5133623,0.4515705,2.614913,0.3543411,0.5541567,2.714498,0.315756,0.1904669,2.717231,0.3102848,-0.2082521,2.767352,0.4792061,0.5486429,2.695524,0.4901876,0.210878,2.669902,0.5139103,-0.1841451,2.696136,0.3808628,1.007886,2.726447
72057594038042242,0,0.5467233,106250.6,0.4214501,0.553403,2.736498,0.3846239,1.181046,2.681723,0.2440301,0.9584115,2.732647,0.2148283,0.7418494,2.740518,0.2101375,0.5588629,2.720875,0.2060599,0.5032867,2.718869,0.5131282,0.9457973,2.696943,0.5515835,0.7281829,2.734536,0.5186558,0.5025077,2.628981,0.5133623,0.4515705,2.614913,0.3543411,0.5541567,2.714498,0.315756,0.1904669,2.717231,0.3102848,-0.2082521,2.767352,0.4792061,0.5486429,2.695524,0.4901876,0.210878,2.669902,0.5139103,-0.1841451,2.696136,0.3808628,1.007886,2.726447
72057594038042242,0,0.5467233,106250.6,0.4214501,0.553403,2.736498,0.3846239,1.181046,2.681723,0.2440301,0.9584115,2.732647,0.2148283,0.7418494,2.740518,0.2101375,0.5588629,2.720875,0.2060599,0.5032867,2.718869,0.5131282,0.9457973,2.696943,0.5515835,0.7281829,2.734536,0.5186558,0.5025077,2.628981,0.5133623,0.4515705,2.614913,0.3543411,0.5541567,2.714498,0.315756,0.1904669,2.717231,0.3102848,-0.2082521,2.767352,0.4792061,0.5486429,2.695524,0.4901876,0.210878,2.669902,0.5139103,-0.1841451,2.696136,0.3808628,1.007886,2.726447
72057594038042242,0,0.5467233,106250.7,0.4214501,0.553403,2.736498,0.3846239,1.181046,2.681723,0.2440301,0.9584115,2.732647,0.2148283,0.7418494,2.740518,0.2101375,0.5588629,2.720875,0.2060599,0.5032867,2.718869,0.5131282,0.9457973,2.696943,0.5515835,0.7281829,2.734536,0.5186558,0.5025077,2.628981,0.5133623,0.4515705,2.614913,0.3543411,0.5541567,2.714498,0.315756,0.1904669,2.717231,0.3102848,-0.2082521,2.767352,0.4792061,0.5486429,2.695524,0.4901876,0.210878,2.669902,0.5139103,-0.1841451,2.696136,0.3808628,1.007886,2.726447
72057594038042242,0,0.5467233,106250.7,0.4214501,0.553403,2.736498,0.3846239,1.181046,2.681723,0.2440301,0.9584115,2.732647,0.2148283,0.7418494,2.740518,0.2101375,0.5588629,2.720875,0.2060599,0.5032867,2.718869,0.5131282,0.9457973,2.696943,0.5515835,0.7281829,2.734536,0.5186558,0.5025077,2.628981,0.5133623,0.4515705,2.614913,0.3543411,0.5541567,2.714498,0.315756,0.1904669,2.717231,0.3102848,-0.2082521,2.767352,0.4792061,0.5486429,2.695524,0.4901876,0.210878,2.669902,0.5139103,-0.1841451,2.696136,0.3808628,1.007886,2.726447
72057594038042242,0,0.5467233,106250.7,0.4214501,0.553403,2.736498,0.3846239,1.181046,2.681723,0.2440301,0.9584115,2.732647,0.2148283,0.7418494,2.740518,0.2101375,0.5588629,2.720875,0.2060599,0.5032867,2.718869,0.5131282,0.9457973,2.696943,0.5515835,0.7281829,2.734536,0.5186558,0.5025077,2.628981,0.5133623,0.4515705,2.614913,0.3543411,0.5541567,2.714498,0.315756,0.1904669,2.717231,0.3102848,-0.2082521,2.767352,0.4792061,0.5486429,2.695524,0.4901876,0.210878,2.669902,0.5139103,-0.1841451,2.696136,0.3808628,1.007886,2.726447
72057594038042242,0,0.5452889,106250.7,0.4194564,0.5531306,2.733518,0.389031,1.181375,2.679626,0.2466932,0.9596732,2.730539,0.2169889,0.7421008,2.743308,0.2139413,0.5585708,2.737167,0.2042599,0.5033848,2.739244,0.5176086,0.9402594,2.691058,0.5566115,0.7292201,2.729513,0.5204493,0.502019,2.627578,0.5152035,0.4527465,2.612065,0.3504525,0.5482,2.711157,0.3207555,0.1911868,2.715706,0.3106657,-0.2023195,2.767637,0.477343,0.5538216,2.690179,0.4921773,0.2162828,2.665101,0.5138967,-0.1828502,2.695739,0.3824312,1.007913,2.724624
72057594038042242,0,0.5452889,106250.7,0.4194564,0.5531306,2.733518,0.389031,1.181375,2.679626,0.2466932,0.9596732,2.730539,0.2169889,0.7421008,2.743308,0.2139413,0.5585708,2.737167,0.2042599,0.5033848,2.739244,0.5176086,0.9402594,2.691058,0.5566115,0.7292201,2.729513,0.5204493,0.502019,2.627578,0.5152035,0.4527465,2.612065,0.3504525,0.5482,2.711157,0.3207555,0.1911868,2.715706,0.3106657,-0.2023195,2.767637,0.477343,0.5538216,2.690179,0.4921773,0.2162828,2.665101,0.5138967,-0.1828502,2.695739,0.3824312,1.007913,2.724624
72057594038042242,0,0.5452889,106250.7,0.4194564,0.5531306,2.733518,0.389031,1.181375,2.679626,0.2466932,0.9596732,2.730539,0.2169889,0.7421008,2.743308,0.2139413,0.5585708,2.737167,0.2042599,0.5033848,2.739244,0.5176086,0.9402594,2.691058,0.5566115,0.7292201,2.729513,0.5204493,0.502019,2.627578,0.5152035,0.4527465,2.612065,0.3504525,0.5482,2.711157,0.3207555,0.1911868,2.715706,0.3106657,-0.2023195,2.767637,0.477343,0.5538216,2.690179,0.4921773,0.2162828,2.665101,0.5138967,-0.1828502,2.695739,0.3824312,1.007913,2.724624
72057594038042242,0,0.5452889,106250.7,0.4194564,0.5531306,2.733518,0.389031,1.181375,2.679626,0.2466932,0.9596732,2.730539,0.2169889,0.7421008,2.743308,0.2139413,0.5585708,2.737167,0.2042599,0.5033848,2.739244,0.5176086,0.9402594,2.691058,0.5566115,0.7292201,2.729513,0.5204493,0.502019,2.627578,0.5152035,0.4527465,2.612065,0.3504525,0.5482,2.711157,0.3207555,0.1911868,2.715706,0.3106657,-0.2023195,2.767637,0.477343,0.5538216,2.690179,0.4921773,0.2162828,2.665101,0.5138967,-0.1828502,2.695739,0.3824312,1.007913,2.724624
72057594038042242,0,0.5452889,106250.7,0.4194564,0.5531306,2.733518,0.389031,1.181375,2.679626,0.2466932,0.9596732,2.730539,0.2169889,0.7421008,2.743308,0.2139413,0.5585708,2.737167,0.2042599,0.5033848,2.739244,0.5176086,0.9402594,2.691058,0.5566115,0.7292201,2.729513,0.5204493,0.502019,2.627578,0.5152035,0.4527465,2.612065,0.3504525,0.5482,2.711157,0.3207555,0.1911868,2.715706,0.3106657,-0.2023195,2.767637,0.477343,0.5538216,2.690179,0.4921773,0.2162828,2.665101,0.5138967,-0.1828502,2.695739,0.3824312,1.007913,2.724624
72057594038042242,0,0.5452889,106250.7,0.4194564,0.5531306,2.733518,0.389031,1.181375,2.679626,0.2466932,0.9596732,2.730539,0.2169889,0.7421008,2.743308,0.2139413,0.5585708,2.737167,0.2042599,0.5033848,2.739244,0.5176086,0.9402594,2.691058,0.5566115,0.7292201,2.729513,0.5204493,0.502019,2.627578,0.5152035,0.4527465,2.612065,0.3504525,0.5482,2.711157,0.3207555,0.1911868,2.715706,0.3106657,-0.2023195,2.767637,0.477343,0.5538216,2.690179,0.4921773,0.2162828,2.665101,0.5138967,-0.1828502,2.695739,0.3824312,1.007913,2.724624
72057594038042242,0,0.5452889,106250.7,0.4194564,0.5531306,2.733518,0.389031,1.181375,2.679626,0.2466932,0.9596732,2.730539,0.2169889,0.7421008,2.743308,0.2139413,0.5585708,2.737167,0.2042599,0.5033848,2.739244,0.5176086,0.9402594,2.691058,0.5566115,0.7292201,2.729513,0.5204493,0.502019,2.627578,0.5152035,0.4527465,2.612065,0.3504525,0.5482,2.711157,0.3207555,0.1911868,2.715706,0.3106657,-0.2023195,2.767637,0.477343,0.5538216,2.690179,0.4921773,0.2162828,2.665101,0.5138967,-0.1828502,2.695739,0.3824312,1.007913,2.724624
72057594038042242,0,0.5452889,106250.7,0.4194564,0.5531306,2.733518,0.389031,1.181375,2.679626,0.2466932,0.9596732,2.730539,0.2169889,0.7421008,2.743308,0.2139413,0.5585708,2.737167,0.2042599,0.5033848,2.739244,0.5176086,0.9402594,2.691058,0.5566115,0.7292201,2.729513,0.5204493,0.502019,2.627578,0.5152035,0.4527465,2.612065,0.3504525,0.5482,2.711157,0.3207555,0.1911868,2.715706,0.3106657,-0.2023195,2.767637,0.477343,0.5538216,2.690179,0.4921773,0.2162828,2.665101,0.5138967,-0.1828502,2.695739,0.3824312,1.007913,2.724624
72057594038042242,0,0.5452889,106250.7,0.4194564,0.5531306,2.733518,0.389031,1.181375,2.679626,0.2466932,0.9596732,2.730539,0.2169889,0.7421008,2.743308,0.2139413,0.5585708,2.737167,0.2042599,0.5033848,2.739244,0.5176086,0.9402594,2.691058,0.5566115,0.7292201,2.729513,0.5204493,0.502019,2.627578,0.5152035,0.4527465,2.612065,0.3504525,0.5482,2.711157,0.3207555,0.1911868,2.715706,0.3106657,-0.2023195,2.767637,0.477343,0.5538216,2.690179,0.4921773,0.2162828,2.665101,0.5138967,-0.1828502,2.695739,0.3824312,1.007913,2.724624
72057594038042242,0,0.5452889,106250.7,0.4194564,0.5531306,2.733518,0.389031,1.181375,2.679626,0.2466932,0.9596732,2.730539,0.2169889,0.7421008,2.743308,0.2139413,0.5585708,2.737167,0.2042599,0.5033848,2.739244,0.5176086,0.9402594,2.691058,0.5566115,0.7292201,2.729513,0.5204493,0.502019,2.627578,0.5152035,0.4527465,2.612065,0.3504525,0.5482,2.711157,0.3207555,0.1911868,2.715706,0.3106657,-0.2023195,2.767637,0.477343,0.5538216,2.690179,0.4921773,0.2162828,2.665101,0.5138967,-0.1828502,2.695739,0.3824312,1.007913,2.724624
72057594038042242,0,0.5452889,106250.7,0.4194564,0.5531306,2.733518,0.389031,1.181375,2.679626,0.2466932,0.9596732,2.730539,0.2169889,0.7421008,2.743308,0.2139413,0.5585708,2.737167,0.2042599,0.5033848,2.739244,0.5176086,0.9402594,2.691058,0.5566115,0.7292201,2.729513,0.5204493,0.502019,2.627578,0.5152035,0.4527465,2.612065,0.3504525,0.5482,2.711157,0.3207555,0.1911868,2.715706,0.3106657,-0.2023195,2.767637,0.477343,0.5538216,2.690179,0.4921773,0.2162828,2.665101,0.5138967,-0.1828502,2.695739,0.3824312,1.007913,2.724624
72057594038042242,0,0.5449205,106250.7,0.4197825,0.5542352,2.72894,0.3937621,1.180457,2.676764,0.2494097,0.9612235,2.72902,0.2194349,0.7427758,2.754463,0.2294544,0.5592611,2.735782,0.2164099,0.5045689,2.738727,0.5208141,0.941458,2.686398,0.5593491,0.7264423,2.719224,0.5220021,0.4978072,2.619611,0.5185367,0.4488002,2.605672,0.3509152,0.5478088,2.707061,0.3220266,0.1869403,2.715332,0.3101993,-0.2093093,2.767086,0.4780426,0.5565669,2.68622,0.4932755,0.2189726,2.662411,0.5141078,-0.1837907,2.695131,0.3882278,1.008324,2.719758
72057594038042242,0,0.5449205,106250.7,0.4197825,0.5542352,2.72894,0.3937621,1.180457,2.676764,0.2494097,0.9612235,2.72902,0.2194349,0.7427758,2.754463,0.2294544,0.5592611,2.735782,0.2164099,0.5045689,2.738727,0.5208141,0.941458,2.686398,0.5593491,0.7264423,2.719224,0.5220021,0.4978072,2.619611,0.5185367,0.4488002,2.605672,0.3509152,0.5478088,2.707061,0.3220266,0.1869403,2.715332,0.3101993,-0.2093093,2.767086,0.4780426,0.5565669,2.68622,0.4932755,0.2189726,2.662411,0.5141078,-0.1837907,2.695131,0.3882278,1.008324,2.719758
72057594038042242,0,0.5449205,106250.7,0.4197825,0.5542352,2.72894,0.3937621,1.180457,2.676764,0.2494097,0.9612235,2.72902,0.2194349,0.7427758,2.754463,0.2294544,0.5592611,2.735782,0.2164099,0.5045689,2.738727,0.5208141,0.941458,2.686398,0.5593491,0.7264423,2.719224,0.5220021,0.4978072,2.619611,0.5185367,0.4488002,2.605672,0.3509152,0.5478088,2.707061,0.3220266,0.1869403,2.715332,0.3101993,-0.2093093,2.767086,0.4780426,0.5565669,2.68622,0.4932755,0.2189726,2.662411,0.5141078,-0.1837907,2.695131,0.3882278,1.008324,2.719758
72057594038042242,0,0.5449205,106250.7,0.4197825,0.5542352,2.72894,0.3937621,1.180457,2.676764,0.2494097,0.9612235,2.72902,0.2194349,0.7427758,2.754463,0.2294544,0.5592611,2.735782,0.2164099,0.5045689,2.738727,0.5208141,0.941458,2.686398,0.5593491,0.7264423,2.719224,0.5220021,0.4978072,2.619611,0.5185367,0.4488002,2.605672,0.3509152,0.5478088,2.707061,0.3220266,0.1869403,2.715332,0.3101993,-0.2093093,2.767086,0.4780426,0.5565669,2.68622,0.4932755,0.2189726,2.662411,0.5141078,-0.1837907,2.695131,0.3882278,1.008324,2.719758
72057594038042242,0,0.5449205,106250.7,0.4197825,0.5542352,2.72894,0.3937621,1.180457,2.676764,0.2494097,0.9612235,2.72902,0.2194349,0.7427758,2.754463,0.2294544,0.5592611,2.735782,0.2164099,0.5045689,2.738727,0.5208141,0.941458,2.686398,0.5593491,0.7264423,2.719224,0.5220021,0.4978072,2.619611,0.5185367,0.4488002,2.605672,0.3509152,0.5478088,2.707061,0.3220266,0.1869403,2.715332,0.3101993,-0.2093093,2.767086,0.4780426,0.5565669,2.68622,0.4932755,0.2189726,2.662411,0.5141078,-0.1837907,2.695131,0.3882278,1.008324,2.719758
72057594038042242,0,0.5449205,106250.7,0.4197825,0.5542352,2.72894,0.3937621,1.180457,2.676764,0.2494097,0.9612235,2.72902,0.2194349,0.7427758,2.754463,0.2294544,0.5592611,2.735782,0.2164099,0.5045689,2.738727,0.5208141,0.941458,2.686398,0.5593491,0.7264423,2.719224,0.5220021,0.4978072,2.619611,0.5185367,0.4488002,2.605672,0.3509152,0.5478088,2.707061,0.3220266,0.1869403,2.715332,0.3101993,-0.2093093,2.767086,0.4780426,0.5565669,2.68622,0.4932755,0.2189726,2.662411,0.5141078,-0.1837907,2.695131,0.3882278,1.008324,2.719758
72057594038042242,0,0.5449205,106250.7,0.4197825,0.5542352,2.72894,0.3937621,1.180457,2.676764,0.2494097,0.9612235,2.72902,0.2194349,0.7427758,2.754463,0.2294544,0.5592611,2.735782,0.2164099,0.5045689,2.738727,0.5208141,0.941458,2.686398,0.5593491,0.7264423,2.719224,0.5220021,0.4978072,2.619611,0.5185367,0.4488002,2.605672,0.3509152,0.5478088,2.707061,0.3220266,0.1869403,2.715332,0.3101993,-0.2093093,2.767086,0.4780426,0.5565669,2.68622,0.4932755,0.2189726,2.662411,0.5141078,-0.1837907,2.695131,0.3882278,1.008324,2.719758
72057594038042242,0,0.5449205,106250.7,0.4197825,0.5542352,2.72894,0.3937621,1.180457,2.676764,0.2494097,0.9612235,2.72902,0.2194349,0.7427758,2.754463,0.2294544,0.5592611,2.735782,0.2164099,0.5045689,2.738727,0.5208141,0.941458,2.686398,0.5593491,0.7264423,2.719224,0.5220021,0.4978072,2.619611,0.5185367,0.4488002,2.605672,0.3509152,0.5478088,2.707061,0.3220266,0.1869403,2.715332,0.3101993,-0.2093093,2.767086,0.4780426,0.5565669,2.68622,0.4932755,0.2189726,2.662411,0.5141078,-0.1837907,2.695131,0.3882278,1.008324,2.719758
72057594038042242,0,0.5449205,106250.7,0.4197825,0.5542352,2.72894,0.3937621,1.180457,2.676764,0.2494097,0.9612235,2.72902,0.2194349,0.7427758,2.754463,0.2294544,0.5592611,2.735782,0.2164099,0.5045689,2.738727,0.5208141,0.941458,2.686398,0.5593491,0.7264423,2.719224,0.5220021,0.4978072,2.619611,0.5185367,0.4488002,2.605672,0.3509152,0.5478088,2.707061,0.3220266,0.1869403,2.715332,0.3101993,-0.2093093,2.767086,0.4780426,0.5565669,2.68622,0.4932755,0.2189726,2.662411,0.5141078,-0.1837907,2.695131,0.3882278,1.008324,2.719758
72057594038042242,0,0.5449205,106250.7,0.4197825,0.5542352,2.72894,0.3937621,1.180457,2.676764,0.2494097,0.9612235,2.72902,0.2194349,0.7427758,2.754463,0.2294544,0.5592611,2.735782,0.2164099,0.5045689,2.738727,0.5208141,0.941458,2.686398,0.5593491,0.7264423,2.719224,0.5220021,0.4978072,2.619611,0.5185367,0.4488002,2.605672,0.3509152,0.5478088,2.707061,0.3220266,0.1869403,2.715332,0.3101993,-0.2093093,2.767086,0.4780426,0.5565669,2.68622,0.4932755,0.2189726,2.662411,0.5141078,-0.1837907,2.695131,0.3882278,1.008324,2.719758
72057594038042242,0,0.5412365,106250.7,0.4179003,0.5579523,2.725836,0.3975517,1.180622,2.675651,0.2532012,0.9630913,2.727729,0.2205002,0.742658,2.764137,0.2300147,0.5593262,2.736288,0.2057463,0.5092427,2.746056,0.5244489,0.9424183,2.681961,0.5609386,0.7281036,2.709765,0.5167282,0.4982048,2.614636,0.5142341,0.4497492,2.604295,0.3496255,0.5491203,2.705759,0.3220575,0.1869665,2.715154,0.3100386,-0.2136781,2.766215,0.4762658,0.5636175,2.681458,0.4934179,0.2192675,2.662121,0.5142473,-0.1837477,2.695279,0.3918787,1.009539,2.716849
72057594038042242,0,0.5412365,106250.7,0.4179003,0.5579523,2.725836,0.3975517,1.180622,2.675651,0.2532012,0.9630913,2.727729,0.2205002,0.742658,2.764137,0.2300147,0.5593262,2.736288,0.2057463,0.5092427,2.746056,0.5244489,0.9424183,2.681961,0.5609386,0.7281036,2.709765,0.5167282,0.4982048,2.614636,0.5142341,0.4497492,2.604295,0.3496255,0.5491203,2.705759,0.3220575,0.1869665,2.715154,0.3100386,-0.2136781,2.766215,0.4762658,0.5636175,2.681458,0.4934179,0.2192675,2.662121,0.5142473,-0.1837477,2.695279,0.3918787,1.009539,2.716849
72057594038042242,0,0.5412365,106250.7,0.4179003,0.5579523,2.725836,0.3975517,1.180622,2.675651,0.2532012,0.9630913,2.727729,0.2205002,0.742658,2.764137,0.2300147,0.5593262,2.736288,0.2057463,0.5092427,2.746056,0.5244489,0.9424183,2.681961,0.5609386,0.7281036,2.709765,0.5167282,0.4982048,2.614636,0.5142341,0.4497492,2.604295,0.3496255,0.5491203,2.705759,0.3220575,0.1869665,2.715154,0.3100386,-0.2136781,2.766215,0.4762658,0.5636175,2.681458,0.4934179,0.2192675,2.662121,0.5142473,-0.1837477,2.695279,0.3918787,1.009539,2.716849
72057594038042242,0,0.5412365,106250.7,0.4179003,0.5579523,2.725836,0.3975517,1.180622,2.675651,0.2532012,0.9630913,2.727729,0.2205002,0.742658,2.764137,0.2300147,0.5593262,2.736288,0.2057463,0.5092427,2.746056,0.5244489,0.9424183,2.681961,0.5609386,0.7281036,2.709765,0.5167282,0.4982048,2.614636,0.5142341,0.4497492,2.604295,0.3496255,0.5491203,2.705759,0.3220575,0.1869665,2.715154,0.3100386,-0.2136781,2.766215,0.4762658,0.5636175,2.681458,0.4934179,0.2192675,2.662121,0.5142473,-0.1837477,2.695279,0.3918787,1.009539,2.716849
72057594038042242,0,0.5412365,106250.7,0.4179003,0.5579523,2.725836,0.3975517,1.180622,2.675651,0.2532012,0.9630913,2.727729,0.2205002,0.742658,2.764137,0.2300147,0.5593262,2.736288,0.2057463,0.5092427,2.746056,0.5244489,0.9424183,2.681961,0.5609386,0.7281036,2.709765,0.5167282,0.4982048,2.614636,0.5142341,0.4497492,2.604295,0.3496255,0.5491203,2.705759,0.3220575,0.1869665,2.715154,0.3100386,-0.2136781,2.766215,0.4762658,0.5636175,2.681458,0.4934179,0.2192675,2.662121,0.5142473,-0.1837477,2.695279,0.3918787,1.009539,2.716849
72057594038042242,0,0.5412365,106250.8,0.4179003,0.5579523,2.725836,0.3975517,1.180622,2.675651,0.2532012,0.9630913,2.727729,0.2205002,0.742658,2.764137,0.2300147,0.5593262,2.736288,0.2057463,0.5092427,2.746056,0.5244489,0.9424183,2.681961,0.5609386,0.7281036,2.709765,0.5167282,0.4982048,2.614636,0.5142341,0.4497492,2.604295,0.3496255,0.5491203,2.705759,0.3220575,0.1869665,2.715154,0.3100386,-0.2136781,2.766215,0.4762658,0.5636175,2.681458,0.4934179,0.2192675,2.662121,0.5142473,-0.1837477,2.695279,0.3918787,1.009539,2.716849
72057594038042242,0,0.5412365,106250.8,0.4179003,0.5579523,2.725836,0.3975517,1.180622,2.675651,0.2532012,0.9630913,2.727729,0.2205002,0.742658,2.764137,0.2300147,0.5593262,2.736288,0.2057463,0.5092427,2.746056,0.5244489,0.9424183,2.681961,0.5609386,0.7281036,2.709765,0.5167282,0.4982048,2.614636,0.5142341,0.4497492,2.604295,0.3496255,0.5491203,2.705759,0.3220575,0.1869665,2.715154,0.3100386,-0.2136781,2.766215,0.4762658,0.5636175,2.681458,0.4934179,0.2192675,2.662121,0.5142473,-0.1837477,2.695279,0.3918787,1.009539,2.716849
72057594038042242,0,0.5412365,106250.8,0.4179003,0.5579523,2.725836,0.3975517,1.180622,2.675651,0.2532012,0.9630913,2.727729,0.2205002,0.742658,2.764137,0.2300147,0.5593262,2.736288,0.2057463,0.5092427,2.746056,0.5244489,0.9424183,2.681961,0.5609386,0.7281036,2.709765,0.5167282,0.4982048,2.614636,0.5142341,0.4497492,2.604295,0.3496255,0.5491203,2.705759,0.3220575,0.1869665,2.715154,0.3100386,-0.2136781,2.766215,0.4762658,0.5636175,2.681458,0.4934179,0.2192675,2.662121,0.5142473,-0.1837477,2.695279,0.3918787,1.009539,2.716849
72057594038042242,0,0.5412365,106250.8,0.4179003,0.5579523,2.725836,0.3975517,1.180622,2.675651,0.2532012,0.9630913,2.727729,0.2205002,0.742658,2.764137,0.2300147,0.5593262,2.736288,0.2057463,0.5092427,2.746056,0.5244489,0.9424183,2.681961,0.5609386,0.7281036,2.709765,0.5167282,0.4982048,2.614636,0.5142341,0.4497492,2.604295,0.3496255,0.5491203,2.705759,0.3220575,0.1869665,2.715154,0.3100386,-0.2136781,2.766215,0.4762658,0.5636175,2.681458,0.4934179,0.2192675,2.662121,0.5142473,-0.1837477,2.695279,0.3918787,1.009539,2.716849
72057594038042242,0,0.5412365,106250.8,0.4179003,0.5579523,2.725836,0.3975517,1.180622,2.675651,0.2532012,0.9630913,2.727729,0.2205002,0.742658,2.764137,0.2300147,0.5593262,2.736288,0.2057463,0.5092427,2.746056,0.5244489,0.9424183,2.681961,0.5609386,0.7281036,2.709765,0.5167282,0.4982048,2.614636,0.5142341,0.4497492,2.604295,0.3496255,0.5491203,2.705759,0.3220575,0.1869665,2.715154,0.3100386,-0.2136781,2.766215,0.4762658,0.5636175,2.681458,0.4934179,0.2192675,2.662121,0.5142473,-0.1837477,2.695279,0.3918787,1.009539,2.716849
72057594038042242,0,0.5410919,106250.8,0.4194551,0.5604266,2.722345,0.400751,1.179575,2.674021,0.2564944,0.9638844,2.726344,0.2249954,0.7475985,2.772471,0.2301845,0.5629432,2.75832,0.1860128,0.541822,2.786773,0.5260465,0.9435851,2.67622,0.5620742,0.7306371,2.705189,0.5158963,0.499926,2.612045,0.5155978,0.4546839,2.600235,0.3507521,0.5508916,2.702863,0.3215806,0.1841475,2.714467,0.3112367,-0.2177512,2.765003,0.4782994,0.5663438,2.678201,0.4951674,0.2194007,2.661148,0.5142867,-0.1838226,2.695264,0.398301,1.008345,2.711007
72057594038042242,0,0.5410919,106250.8,0.4194551,0.5604266,2.722345,0.400751,1.179575,2.674021,0.2564944,0.9638844,2.726344,0.2249954,0.7475985,2.772471,0.2301845,0.5629432,2.75832,0.1860128,0.541822,2.786773,0.5260465,0.9435851,2.67622,0.5620742,0.7306371,2.705189,0.5158963,0.499926,2.612045,0.5155978,0.4546839,2.600235,0.3507521,0.5508916,2.702863,0.3215806,0.1841475,2.714467,0.3112367,-0.2177512,2.765003,0.4782994,0.5663438,2.678201,0.4951674,0.2194007,2.661148,0.5142867,-0.1838226,2.695264,0.398301,1.008345,2.711007
72057594038042242,0,0.5410919,106250.8,0.4194551,0.5604266,2.722345,0.400751,1.179575,2.674021,0.2564944,0.9638844,2.726344,0.2249954,0.7475985,2.772471,0.2301845,0.5629432,2.75832,0.1860128,0.541822,2.786773,0.5260465,0.9435851,2.67622,0.5620742,0.7306371,2.705189,0.5158963,0.499926,2.612045,0.5155978,0.4546839,2.600235,0.3507521,0.5508916,2.702863,0.3215806,0.1841475,2.714467,0.3112367,-0.2177512,2.765003,0.4782994,0.5663438,2.678201,0.4951674,0.2194007,2.661148,0.5142867,-0.1838226,2.695264,0.398301,1.008345,2.711007
72057594038042242,0,0.5410919,106250.8,0.4194551,0.5604266,2.722345,0.400751,1.179575,2.674021,0.2564944,0.9638844,2.726344,0.2249954,0.7475985,2.772471,0.2301845,0.5629432,2.75832,0.1860128,0.541822,2.786773,0.5260465,0.9435851,2.67622,0.5620742,0.7306371,2.705189,0.5158963,0.499926,2.612045,0.5155978,0.4546839,2.600235,0.3507521,0.5508916,2.702863,0.3215806,0.1841475,2.714467,0.3112367,-0.2177512,2.765003,0.4782994,0.5663438,2.678201,0.4951674,0.2194007,2.661148,0.5142867,-0.1838226,2.695264,0.398301,1.008345,2.711007
72057594038042242,0,0.5410919,106250.8,0.4194551,0.5604266,2.722345,0.400751,1.179575,2.674021,0.2564944,0.9638844,2.726344,0.2249954,0.7475985,2.772471,0.2301845,0.5629432,2.75832,0.1860128,0.541822,2.786773,0.5260465,0.9435851,2.67622,0.5620742,0.7306371,2.705189,0.5158963,0.499926,2.612045,0.5155978,0.4546839,2.600235,0.3507521,0.5508916,2.702863,0.3215806,0.1841475,2.714467,0.3112367,-0.2177512,2.765003,0.4782994,0.5663438,2.678201,0.4951674,0.2194007,2.661148,0.5142867,-0.1838226,2.695264,0.398301,1.008345,2.711007
72057594038042242,0,0.5410919,106250.8,0.4194551,0.5604266,2.722345,0.400751,1.179575,2.674021,0.2564944,0.9638844,2.726344,0.2249954,0.7475985,2.772471,0.2301845,0.5629432,2.75832,0.1860128,0.541822,2.786773,0.5260465,0.9435851,2.67622,0.5620742,0.7306371,2.705189,0.5158963,0.499926,2.612045,0.5155978,0.4546839,2.600235,0.3507521,0.5508916,2.702863,0.3215806,0.1841475,2.714467,0.3112367,-0.2177512,2.765003,0.4782994,0.5663438,2.678201,0.4951674,0.2194007,2.661148,0.5142867,-0.1838226,2.695264,0.398301,1.008345,2.711007
72057594038042242,0,0.5410919,106250.8,0.4194551,0.5604266,2.722345,0.400751,1.179575,2.674021,0.2564944,0.9638844,2.726344,0.2249954,0.7475985,2.772471,0.2301845,0.5629432,2.75832,0.1860128,0.541822,2.786773,0.5260465,0.9435851,2.67622,0.5620742,0.7306371,2.705189,0.5158963,0.499926,2.612045,0.5155978,0.4546839,2.600235,0.3507521,0.5508916,2.702863,0.3215806,0.1841475,2.714467,0.3112367,-0.2177512,2.765003,0.4782994,0.5663438,2.678201,0.4951674,0.2194007,2.661148,0.5142867,-0.1838226,2.695264,0.398301,1.008345,2.711007
72057594038042242,0,0.5410919,106250.8,0.4194551,0.5604266,2.722345,0.400751,1.179575,2.674021,0.2564944,0.9638844,2.726344,0.2249954,0.7475985,2.772471,0.2301845,0.5629432,2.75832,0.1860128,0.541822,2.786773,0.5260465,0.9435851,2.67622,0.5620742,0.7306371,2.705189,0.5158963,0.499926,2.612045,0.5155978,0.4546839,2.600235,0.3507521,0.5508916,2.702863,0.3215806,0.1841475,2.714467,0.3112367,-0.2177512,2.765003,0.4782994,0.5663438,2.678201,0.4951674,0.2194007,2.661148,0.5142867,-0.1838226,2.695264,0.398301,1.008345,2.711007
72057594038042242,0,0.5410919,106250.8,0.4194551,0.5604266,2.722345,0.400751,1.179575,2.674021,0.2564944,0.9638844,2.726344,0.2249954,0.7475985,2.772471,0.2301845,0.5629432,2.75832,0.1860128,0.541822,2.786773,0.5260465,0.9435851,2.67622,0.5620742,0.7306371,2.705189,0.5158963,0.499926,2.612045,0.5155978,0.4546839,2.600235,0.3507521,0.5508916,2.702863,0.3215806,0.1841475,2.714467,0.3112367,-0.2177512,2.765003,0.4782994,0.5663438,2.678201,0.4951674,0.2194007,2.661148,0.5142867,-0.1838226,2.695264,0.398301,1.008345,2.711007
72057594038042242,0,0.5410919,106250.8,0.4194551,0.5604266,2.722345,0.400751,1.179575,2.674021,0.2564944,0.9638844,2.726344,0.2249954,0.7475985,2.772471,0.2301845,0.5629432,2.75832,0.1860128,0.541822,2.786773,0.5260465,0.9435851,2.67622,0.5620742,0.7306371,2.705189,0.5158963,0.499926,2.612045,0.5155978,0.4546839,2.600235,0.3507521,0.5508916,2.702863,0.3215806,0.1841475,2.714467,0.3112367,-0.2177512,2.765003,0.4782994,0.5663438,2.678201,0.4951674,0.2194007,2.661148,0.5142867,-0.1838226,2.695264,0.398301,1.008345,2.711007
72057594038042242,0,0.5410919,106250.8,0.4194551,0.5604266,2.722345,0.400751,1.179575,2.674021,0.2564944,0.9638844,2.726344,0.2249954,0.7475985,2.772471,0.2301845,0.5629432,2.75832,0.1860128,0.541822,2.786773,0.5260465,0.9435851,2.67622,0.5620742,0.7306371,2.705189,0.5158963,0.499926,2.612045,0.5155978,0.4546839,2.600235,0.3507521,0.5508916,2.702863,0.3215806,0.1841475,2.714467,0.3112367,-0.2177512,2.765003,0.4782994,0.5663438,2.678201,0.4951674,0.2194007,2.661148,0.5142867,-0.1838226,2.695264,0.398301,1.008345,2.711007
72057594038042242,0,0.5394395,106250.8,0.4195911,0.563507,2.720325,0.4046942,1.180175,2.671084,0.2585098,0.9642149,2.725948,0.2289181,0.7623587,2.780401,0.207633,0.5839806,2.814056,0.1958309,0.5303816,2.804938,0.5295796,0.9427801,2.670968,0.5652061,0.7241031,2.701372,0.5167275,0.493396,2.609175,0.5154113,0.4481911,2.598176,0.3507956,0.5529938,2.701173,0.3223866,0.1829111,2.713273,0.31177,-0.2174535,2.765093,0.4786977,0.5702255,2.676253,0.4959591,0.2231951,2.660602,0.5142004,-0.1851536,2.695271,0.4010669,1.009197,2.709313
72057594038042242,0,0.5394395,106250.8,0.4195911,0.563507,2.720325,0.4046942,1.180175,2.671084,0.2585098,0.9642149,2.725948,0.2289181,0.7623587,2.780401,0.207633,0.5839806,2.814056,0.1958309,0.5303816,2.804938,0.5295796,0.9427801,2.670968,0.5652061,0.7241031,2.701372,0.5167275,0.493396,2.609175,0.5154113,0.4481911,2.598176,0.3507956,0.5529938,2.701173,0.3223866,0.1829111,2.713273,0.31177,-0.2174535,2.765093,0.4786977,0.5702255,2.676253,0.4959591,0.2231951,2.660602,0.5142004,-0.1851536,2.695271,0.4010669,1.009197,2.709313
72057594038042242,0,0.5394395,106250.8,0.4195911,0.563507,2.720325,0.4046942,1.180175,2.671084,0.2585098,0.9642149,2.725948,0.2289181,0.7623587,2.780401,0.207633,0.5839806,2.814056,0.1958309,0.5303816,2.804938,0.5295796,0.9427801,2.670968,0.5652061,0.7241031,2.701372,0.5167275,0.493396,2.609175,0.5154113,0.4481911,2.598176,0.3507956,0.5529938,2.701173,0.3223866,0.1829111,2.713273,0.31177,-0.2174535,2.765093,0.4786977,0.5702255,2.676253,0.4959591,0.2231951,2.660602,0.5142004,-0.1851536,2.695271,0.4010669,1.009197,2.709313
72057594038042242,0,0.5394395,106250.8,0.4195911,0.563507,2.720325,0.4046942,1.180175,2.671084,0.2585098,0.9642149,2.725948,0.2289181,0.7623587,2.780401,0.207633,0.5839806,2.814056,0.1958309,0.5303816,2.804938,0.5295796,0.9427801,2.670968,0.5652061,0.7241031,2.701372,0.5167275,0.493396,2.609175,0.5154113,0.4481911,2.598176,0.3507956,0.5529938,2.701173,0.3223866,0.1829111,2.713273,0.31177,-0.2174535,2.765093,0.4786977,0.5702255,2.676253,0.4959591,0.2231951,2.660602,0.5142004,-0.1851536,2.695271,0.4010669,1.009197,2.709313
72057594038042242,0,0.5394395,106250.8,0.4195911,0.563507,2.720325,0.4046942,1.180175,2.671084,0.2585098,0.9642149,2.725948,0.2289181,0.7623587,2.780401,0.207633,0.5839806,2.814056,0.1958309,0.5303816,2.804938,0.5295796,0.9427801,2.670968,0.5652061,0.7241031,2.701372,0.5167275,0.493396,2.609175,0.5154113,0.4481911,2.598176,0.3507956,0.5529938,2.701173,0.3223866,0.1829111,2.713273,0.31177,-0.2174535,2.765093,0.4786977,0.5702255,2.676253,0.4959591,0.2231951,2.660602,0.5142004,-0.1851536,2.695271,0.4010669,1.009197,2.709313
72057594038042242,0,0.5394395,106250.8,0.4195911,0.563507,2.720325,0.4046942,1.180175,2.671084,0.2585098,0.9642149,2.725948,0.2289181,0.7623587,2.780401,0.207633,0.5839806,2.814056,0.1958309,0.5303816,2.804938,0.5295796,0.9427801,2.670968,0.5652061,0.7241031,2.701372,0.5167275,0.493396,2.609175,0.5154113,0.4481911,2.598176,0.3507956,0.5529938,2.701173,0.3223866,0.1829111,2.713273,0.31177,-0.2174535,2.765093,0.4786977,0.5702255,2.676253,0.4959591,0.2231951,2.660602,0.5142004,-0.1851536,2.695271,0.4010669,1.009197,2.709313
72057594038042242,0,0.5394395,106250.8,0.4195911,0.563507,2.720325,0.4046942,1.180175,2.671084,0.2585098,0.9642149,2.725948,0.2289181,0.7623587,2.780401,0.207633,0.5839806,2.814056,0.1958309,0.5303816,2.804938,0.5295796,0.9427801,2.670968,0.5652061,0.7241031,2.701372,0.5167275,0.493396,2.609175,0.5154113,0.4481911,2.598176,0.3507956,0.5529938,2.701173,0.3223866,0.1829111,2.713273,0.31177,-0.2174535,2.765093,0.4786977,0.5702255,2.676253,0.4959591,0.2231951,2.660602,0.5142004,-0.1851536,2.695271,0.4010669,1.009197,2.709313
72057594038042242,0,0.5394395,106250.8,0.4195911,0.563507,2.720325,0.4046942,1.180175,2.671084,0.2585098,0.9642149,2.725948,0.2289181,0.7623587,2.780401,0.207633,0.5839806,2.814056,0.1958309,0.5303816,2.804938,0.5295796,0.9427801,2.670968,0.5652061,0.7241031,2.701372,0.5167275,0.493396,2.609175,0.5154113,0.4481911,2.598176,0.3507956,0.5529938,2.701173,0.3223866,0.1829111,2.713273,0.31177,-0.2174535,2.765093,0.4786977,0.5702255,2.676253,0.4959591,0.2231951,2.660602,0.5142004,-0.1851536,2.695271,0.4010669,1.009197,2.709313
72057594038042242,0,0.5394395,106250.8,0.4195911,0.563507,2.720325,0.4046942,1.180175,2.671084,0.2585098,0.9642149,2.725948,0.2289181,0.7623587,2.780401,0.207633,0.5839806,2.814056,0.1958309,0.5303816,2.804938,0.5295796,0.9427801,2.670968,0.5652061,0.7241031,2.701372,0.5167275,0.493396,2.609175,0.5154113,0.4481911,2.598176,0.3507956,0.5529938,2.701173,0.3223866,0.1829111,2.713273,0.31177,-0.2174535,2.765093,0.4786977,0.5702255,2.676253,0.4959591,0.2231951,2.660602,0.5142004,-0.1851536,2.695271,0.4010669,1.009197,2.709313
72057594038042242,0,0.5394395,106250.8,0.4195911,0.563507,2.720325,0.4046942,1.180175,2.671084,0.2585098,0.9642149,2.725948,0.2289181,0.7623587,2.780401,0.207633,0.5839806,2.814056,0.1958309,0.5303816,2.804938,0.5295796,0.9427801,2.670968,0.5652061,0.7241031,2.701372,0.5167275,0.493396,2.609175,0.5154113,0.4481911,2.598176,0.3507956,0.5529938,2.701173,0.3223866,0.1829111,2.713273,0.31177,-0.2174535,2.765093,0.4786977,0.5702255,2.676253,0.4959591,0.2231951,2.660602,0.5142004,-0.1851536,2.695271,0.4010669,1.009197,2.709313
72057594038042242,0,0.5394395,106250.8,0.4195911,0.563507,2.720325,0.4046942,1.180175,2.671084,0.2585098,0.9642149,2.725948,0.2289181,0.7623587,2.780401,0.207633,0.5839806,2.814056,0.1958309,0.5303816,2.804938,0.5295796,0.9427801,2.670968,0.5652061,0.7241031,2.701372,0.5167275,0.493396,2.609175,0.5154113,0.4481911,2.598176,0.3507956,0.5529938,2.701173,0.3223866,0.1829111,2.713273,0.31177,-0.2174535,2.765093,0.4786977,0.5702255,2.676253,0.4959591,0.2231951,2.660602,0.5142004,-0.1851536,2.695271,0.4010669,1.009197,2.709313
72057594038042242,0,0.541289,106250.8,0.424829,0.5679643,2.714636,0.4085935,1.17784,2.670249,0.2637666,0.965285,2.725433,0.2306173,0.7763026,2.787928,0.2153075,0.5936677,2.801811,0.1967256,0.5411644,2.797163,0.5311694,0.9419107,2.666986,0.5654342,0.7223972,2.69633,0.5137966,0.4933247,2.602154,0.5116355,0.4529946,2.594315,0.3555588,0.5559978,2.695784,0.3154271,0.1434346,2.722613,0.3122725,-0.224611,2.763926,0.4844745,0.5760665,2.670615,0.4980264,0.2212505,2.660691,0.5144171,-0.1848165,2.695682,0.404765,1.009848,2.707595
72057594038042242,0,0.541289,106250.8,0.424829,0.5679643,2.714636,0.4085935,1.17784,2.670249,0.2637666,0.965285,2.725433,0.2306173,0.7763026,2.787928,0.2153075,0.5936677,2.801811,0.1967256,0.5411644,2.797163,0.5311694,0.9419107,2.666986,0.5654342,0.7223972,2.69633,0.5137966,0.4933247,2.602154,0.5116355,0.4529946,2.594315,0.3555588,0.5559978,2.695784,0.3154271,0.1434346,2.722613,0.3122725,-0.224611,2.763926,0.4844745,0.5760665,2.670615,0.4980264,0.2212505,2.660691,0.5144171,-0.1848165,2.695682,0.404765,1.009848,2.707595
72057594038042242,0,0.541289,106250.8,0.424829,0.5679643,2.714636,0.4085935,1.17784,2.670249,0.2637666,0.965285,2.725433,0.2306173,0.7763026,2.787928,0.2153075,0.5936677,2.801811,0.1967256,0.5411644,2.797163,0.5311694,0.9419107,2.666986,0.5654342,0.7223972,2.69633,0.5137966,0.4933247,2.602154,0.5116355,0.4529946,2.594315,0.3555588,0.5559978,2.695784,0.3154271,0.1434346,2.722613,0.3122725,-0.224611,2.763926,0.4844745,0.5760665,2.670615,0.4980264,0.2212505,2.660691,0.5144171,-0.1848165,2.695682,0.404765,1.009848,2.707595
72057594038042242,0,0.541289,106250.8,0.424829,0.5679643,2.714636,0.4085935,1.17784,2.670249,0.2637666,0.965285,2.725433,0.2306173,0.7763026,2.787928,0.2153075,0.5936677,2.801811,0.1967256,0.5411644,2.797163,0.5311694,0.9419107,2.666986,0.5654342,0.7223972,2.69633,0.5137966,0.4933247,2.602154,0.5116355,0.4529946,2.594315,0.3555588,0.5559978,2.695784,0.3154271,0.1434346,2.722613,0.3122725,-0.224611,2.763926,0.4844745,0.5760665,2.670615,0.4980264,0.2212505,2.660691,0.5144171,-0.1848165,2.695682,0.404765,1.009848,2.707595
72057594038042242,0,0.541289,106250.8,0.424829,0.5679643,2.714636,0.4085935,1.17784,2.670249,0.2637666,0.965285,2.725433,0.2306173,0.7763026,2.787928,0.2153075,0.5936677,2.801811,0.1967256,0.5411644,2.797163,0.5311694,0.9419107,2.666986,0.5654342,0.7223972,2.69633,0.5137966,0.4933247,2.602154,0.5116355,0.4529946,2.594315,0.3555588,0.5559978,2.695784,0.3154271,0.1434346,2.722613,0.3122725,-0.224611,2.763926,0.4844745,0.5760665,2.670615,0.4980264,0.2212505,2.660691,0.5144171,-0.1848165,2.695682,0.404765,1.009848,2.707595
72057594038042242,0,0.541289,106250.8,0.424829,0.5679643,2.714636,0.4085935,1.17784,2.670249,0.2637666,0.965285,2.725433,0.2306173,0.7763026,2.787928,0.2153075,0.5936677,2.801811,0.1967256,0.5411644,2.797163,0.5311694,0.9419107,2.666986,0.5654342,0.7223972,2.69633,0.5137966,0.4933247,2.602154,0.5116355,0.4529946,2.594315,0.3555588,0.5559978,2.695784,0.3154271,0.1434346,2.722613,0.3122725,-0.224611,2.763926,0.4844745,0.5760665,2.670615,0.4980264,0.2212505,2.660691,0.5144171,-0.1848165,2.695682,0.404765,1.009848,2.707595
72057594038042242,0,0.541289,106250.9,0.424829,0.5679643,2.714636,0.4085935,1.17784,2.670249,0.2637666,0.965285,2.725433,0.2306173,0.7763026,2.787928,0.2153075,0.5936677,2.801811,0.1967256,0.5411644,2.797163,0.5311694,0.9419107,2.666986,0.5654342,0.7223972,2.69633,0.5137966,0.4933247,2.602154,0.5116355,0.4529946,2.594315,0.3555588,0.5559978,2.695784,0.3154271,0.1434346,2.722613,0.3122725,-0.224611,2.763926,0.4844745,0.5760665,2.670615,0.4980264,0.2212505,2.660691,0.5144171,-0.1848165,2.695682,0.404765,1.009848,2.707595
72057594038042242,0,0.541289,106250.9,0.424829,0.5679643,2.714636,0.4085935,1.17784,2.670249,0.2637666,0.965285,2.725433,0.2306173,0.7763026,2.787928,0.2153075,0.5936677,2.801811,0.1967256,0.5411644,2.797163,0.5311694,0.9419107,2.666986,0.5654342,0.7223972,2.69633,0.5137966,0.4933247,2.602154,0.5116355,0.4529946,2.594315,0.3555588,0.5559978,2.695784,0.3154271,0.1434346,2.722613,0.3122725,-0.224611,2.763926,0.4844745,0.5760665,2.670615,0.4980264,0.2212505,2.660691,0.5144171,-0.1848165,2.695682,0.404765,1.009848,2.707595
72057594038042242,0,0.541289,106250.9,0.424829,0.5679643,2.714636,0.4085935,1.17784,2.670249,0.2637666,0.965285,2.725433,0.2306173,0.7763026,2.787928,0.2153075,0.5936677,2.801811,0.1967256,0.5411644,2.797163,0.5311694,0.9419107,2.666986,0.5654342,0.7223972,2.69633,0.5137966,0.4933247,2.602154,0.5116355,0.4529946,2.594315,0.3555588,0.5559978,2.695784,0.3154271,0.1434346,2.722613,0.3122725,-0.224611,2.763926,0.4844745,0.5760665,2.670615,0.4980264,0.2212505,2.660691,0.5144171,-0.1848165,2.695682,0.404765,1.009848,2.707595
72057594038042242,0,0.541289,106250.9,0.424829,0.5679643,2.714636,0.4085935,1.17784,2.670249,0.2637666,0.965285,2.725433,0.2306173,0.7763026,2.787928,0.2153075,0.5936677,2.801811,0.1967256,0.5411644,2.797163,0.5311694,0.9419107,2.666986,0.5654342,0.7223972,2.69633,0.5137966,0.4933247,2.602154,0.5116355,0.4529946,2.594315,0.3555588,0.5559978,2.695784,0.3154271,0.1434346,2.722613,0.3122725,-0.224611,2.763926,0.4844745,0.5760665,2.670615,0.4980264,0.2212505,2.660691,0.5144171,-0.1848165,2.695682,0.404765,1.009848,2.707595
72057594038042242,0,0.541289,106250.9,0.424829,0.5679643,2.714636,0.4085935,1.17784,2.670249,0.2637666,0.965285,2.725433,0.2306173,0.7763026,2.787928,0.2153075,0.5936677,2.801811,0.1967256,0.5411644,2.797163,0.5311694,0.9419107,2.666986,0.5654342,0.7223972,2.69633,0.5137966,0.4933247,2.602154,0.5116355,0.4529946,2.594315,0.3555588,0.5559978,2.695784,0.3154271,0.1434346,2.722613,0.3122725,-0.224611,2.763926,0.4844745,0.5760665,2.670615,0.4980264,0.2212505,2.660691,0.5144171,-0.1848165,2.695682,0.404765,1.009848,2.707595
72057594038042242,0,0.5398453,106250.9,0.4255462,0.5716816,2.712074,0.4101995,1.176484,2.669553,0.2671881,0.965725,2.72511,0.2321109,0.768043,2.791202,0.2211034,0.5842451,2.798461,0.2177083,0.5234382,2.804294,0.5330929,0.9424888,2.664564,0.566156,0.7214925,2.692046,0.5129449,0.4934777,2.595493,0.5119457,0.4625878,2.591298,0.3561384,0.55878,2.694043,0.3218056,0.1773541,2.710287,0.3128099,-0.2118965,2.764952,0.4853752,0.5805603,2.667374,0.4986569,0.2246138,2.66075,0.5067181,-0.1397392,2.702993,0.4080185,1.010028,2.705398
72057594038042242,0,0.5398453,106250.9,0.4255462,0.5716816,2.712074,0.4101995,1.176484,2.669553,0.2671881,0.965725,2.72511,0.2321109,0.768043,2.791202,0.2211034,0.5842451,2.798461,0.2177083,0.5234382,2.804294,0.5330929,0.9424888,2.664564,0.566156,0.7214925,2.692046,0.5129449,0.4934777,2.595493,0.5119457,0.4625878,2.591298,0.3561384,0.55878,2.694043,0.3218056,0.1773541,2.710287,0.3128099,-0.2118965,2.764952,0.4853752,0.5805603,2.667374,0.4986569,0.2246138,2.66075,0.5067181,-0.1397392,2.702993,0.4080185,1.010028,2.705398
72057594038042242,0,0.5398453,106250.9,0.4255462,0.5716816,2.712074,0.4101995,1.176484,2.669553,0.2671881,0.965725,2.72511,0.2321109,0.768043,2.791202,0.2211034,0.5842451,2.798461,0.2177083,0.5234382,2.804294,0.5330929,0.9424888,2.664564,0.566156,0.7214925,2.692046,0.5129449,0.4934777,2.595493,0.5119457,0.4625878,2.591298,0.3561384,0.55878,2.694043,0.3218056,0.1773541,2.710287,0.3128099,-0.2118965,2.764952,0.4853752,0.5805603,2.667374,0.4986569,0.2246138,2.66075,0.5067181,-0.1397392,2.702993,0.4080185,1.010028,2.705398
72057594038042242,0,0.5398453,106250.9,0.4255462,0.5716816,2.712074,0.4101995,1.176484,2.669553,0.2671881,0.965725,2.72511,0.2321109,0.768043,2.791202,0.2211034,0.5842451,2.798461,0.2177083,0.5234382,2.804294,0.5330929,0.9424888,2.664564,0.566156,0.7214925,2.692046,0.5129449,0.4934777,2.595493,0.5119457,0.4625878,2.591298,0.3561384,0.55878,2.694043,0.3218056,0.1773541,2.710287,0.3128099,-0.2118965,2.764952,0.4853752,0.5805603,2.667374,0.4986569,0.2246138,2.66075,0.5067181,-0.1397392,2.702993,0.4080185,1.010028,2.705398
72057594038042242,0,0.5398453,106250.9,0.4255462,0.5716816,2.712074,0.4101995,1.176484,2.669553,0.2671881,0.965725,2.72511,0.2321109,0.768043,2.791202,0.2211034,0.5842451,2.798461,0.2177083,0.5234382,2.804294,0.5330929,0.9424888,2.664564,0.566156,0.7214925,2.692046,0.5129449,0.4934777,2.595493,0.5119457,0.4625878,2.591298,0.3561384,0.55878,2.694043,0.3218056,0.1773541,2.710287,0.3128099,-0.2118965,2.764952,0.4853752,0.5805603,2.667374,0.4986569,0.2246138,2.66075,0.5067181,-0.1397392,2.702993,0.4080185,1.010028,2.705398
72057594038042242,0,0.5398453,106250.9,0.4255462,0.5716816,2.712074,0.4101995,1.176484,2.669553,0.2671881,0.965725,2.72511,0.2321109,0.768043,2.791202,0.2211034,0.5842451,2.798461,0.2177083,0.5234382,2.804294,0.5330929,0.9424888,2.664564,0.566156,0.7214925,2.692046,0.5129449,0.4934777,2.595493,0.5119457,0.4625878,2.591298,0.3561384,0.55878,2.694043,0.3218056,0.1773541,2.710287,0.3128099,-0.2118965,2.764952,0.4853752,0.5805603,2.667374,0.4986569,0.2246138,2.66075,0.5067181,-0.1397392,2.702993,0.4080185,1.010028,2.705398
72057594038042242,0,0.5398453,106250.9,0.4255462,0.5716816,2.712074,0.4101995,1.176484,2.669553,0.2671881,0.965725,2.72511,0.2321109,0.768043,2.791202,0.2211034,0.5842451,2.798461,0.2177083,0.5234382,2.804294,0.5330929,0.9424888,2.664564,0.566156,0.7214925,2.692046,0.5129449,0.4934777,2.595493,0.5119457,0.4625878,2.591298,0.3561384,0.55878,2.694043,0.3218056,0.1773541,2.710287,0.3128099,-0.2118965,2.764952,0.4853752,0.5805603,2.667374,0.4986569,0.2246138,2.66075,0.5067181,-0.1397392,2.702993,0.4080185,1.010028,2.705398
72057594038042242,0,0.5398453,106250.9,0.4255462,0.5716816,2.712074,0.4101995,1.176484,2.669553,0.2671881,0.965725,2.72511,0.2321109,0.768043,2.791202,0.2211034,0.5842451,2.798461,0.2177083,0.5234382,2.804294,0.5330929,0.9424888,2.664564,0.566156,0.7214925,2.692046,0.5129449,0.4934777,2.595493,0.5119457,0.4625878,2.591298,0.3561384,0.55878,2.694043,0.3218056,0.1773541,2.710287,0.3128099,-0.2118965,2.764952,0.4853752,0.5805603,2.667374,0.4986569,0.2246138,2.66075,0.5067181,-0.1397392,2.702993,0.4080185,1.010028,2.705398
72057594038042242,0,0.5398453,106250.9,0.4255462,0.5716816,2.712074,0.4101995,1.176484,2.669553,0.2671881,0.965725,2.72511,0.2321109,0.768043,2.791202,0.2211034,0.5842451,2.798461,0.2177083,0.5234382,2.804294,0.5330929,0.9424888,2.664564,0.566156,0.7214925,2.692046,0.5129449,0.4934777,2.595493,0.5119457,0.4625878,2.591298,0.3561384,0.55878,2.694043,0.3218056,0.1773541,2.710287,0.3128099,-0.2118965,2.764952,0.4853752,0.5805603,2.667374,0.4986569,0.2246138,2.66075,0.5067181,-0.1397392,2.702993,0.4080185,1.010028,2.705398
72057594038042242,0,0.5398453,106250.9,0.4255462,0.5716816,2.712074,0.4101995,1.176484,2.669553,0.2671881,0.965725,2.72511,0.2321109,0.768043,2.791202,0.2211034,0.5842451,2.798461,0.2177083,0.5234382,2.804294,0.5330929,0.9424888,2.664564,0.566156,0.7214925,2.692046,0.5129449,0.4934777,2.595493,0.5119457,0.4625878,2.591298,0.3561384,0.55878,2.694043,0.3218056,0.1773541,2.710287,0.3128099,-0.2118965,2.764952,0.4853752,0.5805603,2.667374,0.4986569,0.2246138,2.66075,0.5067181,-0.1397392,2.702993,0.4080185,1.010028,2.705398
72057594038042242,0,0.5379405,106250.9,0.4239421,0.5725999,2.713665,0.4124029,1.175765,2.668498,0.2666179,0.9654779,2.72574,0.2354215,0.7734148,2.792055,0.2171842,0.5917567,2.811377,0.2009483,0.6111647,2.7933,0.5357839,0.9419947,2.661303,0.5678123,0.7215759,2.688753,0.5117816,0.4935113,2.594189,0.5123278,0.4623371,2.592492,0.356077,0.5602461,2.696299,0.321584,0.1869866,2.708512,0.3122385,-0.2144703,2.765594,0.4813651,0.5810724,2.669014,0.4988409,0.2245861,2.661086,0.5096365,-0.1556839,2.707618,0.4066999,1.009615,2.706542
72057594038042242,0,0.5379405,106250.9,0.4239421,0.5725999,2.713665,0.4124029,1.175765,2.668498,0.2666179,0.9654779,2.72574,0.2354215,0.7734148,2.792055,0.2171842,0.5917567,2.811377,0.2009483,0.6111647,2.7933,0.5357839,0.9419947,2.661303,0.5678123,0.7215759,2.688753,0.5117816,0.4935113,2.594189,0.5123278,0.4623371,2.592492,0.356077,0.5602461,2.696299,0.321584,0.1869866,2.708512,0.3122385,-0.2144703,2.765594,0.4813651,0.5810724,2.669014,0.4988409,0.2245861,2.661086,0.5096365,-0.1556839,2.707618,0.4066999,1.009615,2.706542
72057594038042242,0,0.5379405,106250.9,0.4239421,0.5725999,2.713665,0.4124029,1.175765,2.668498,0.2666179,0.9654779,2.72574,0.2354215,0.7734148,2.792055,0.2171842,0.5917567,2.811377,0.2009483,0.6111647,2.7933,0.5357839,0.9419947,2.661303,0.5678123,0.7215759,2.688753,0.5117816,0.4935113,2.594189,0.5123278,0.4623371,2.592492,0.356077,0.5602461,2.696299,0.321584,0.1869866,2.708512,0.3122385,-0.2144703,2.765594,0.4813651,0.5810724,2.669014,0.4988409,0.2245861,2.661086,0.5096365,-0.1556839,2.707618,0.4066999,1.009615,2.706542
72057594038042242,0,0.5379405,106250.9,0.4239421,0.5725999,2.713665,0.4124029,1.175765,2.668498,0.2666179,0.9654779,2.72574,0.2354215,0.7734148,2.792055,0.2171842,0.5917567,2.811377,0.2009483,0.6111647,2.7933,0.5357839,0.9419947,2.661303,0.5678123,0.7215759,2.688753,0.5117816,0.4935113,2.594189,0.5123278,0.4623371,2.592492,0.356077,0.5602461,2.696299,0.321584,0.1869866,2.708512,0.3122385,-0.2144703,2.765594,0.4813651,0.5810724,2.669014,0.4988409,0.2245861,2.661086,0.5096365,-0.1556839,2.707618,0.4066999,1.009615,2.706542
72057594038042242,0,0.5379405,106250.9,0.4239421,0.5725999,2.713665,0.4124029,1.175765,2.668498,0.2666179,0.9654779,2.72574,0.2354215,0.7734148,2.792055,0.2171842,0.5917567,2.811377,0.2009483,0.6111647,2.7933,0.5357839,0.9419947,2.661303,0.5678123,0.7215759,2.688753,0.5117816,0.4935113,2.594189,0.5123278,0.4623371,2.592492,0.356077,0.5602461,2.696299,0.321584,0.1869866,2.708512,0.3122385,-0.2144703,2.765594,0.4813651,0.5810724,2.669014,0.4988409,0.2245861,2.661086,0.5096365,-0.1556839,2.707618,0.4066999,1.009615,2.706542
72057594038042242,0,0.5379405,106250.9,0.4239421,0.5725999,2.713665,0.4124029,1.175765,2.668498,0.2666179,0.9654779,2.72574,0.2354215,0.7734148,2.792055,0.2171842,0.5917567,2.811377,0.2009483,0.6111647,2.7933,0.5357839,0.9419947,2.661303,0.5678123,0.7215759,2.688753,0.5117816,0.4935113,2.594189,0.5123278,0.4623371,2.592492,0.356077,0.5602461,2.696299,0.321584,0.1869866,2.708512,0.3122385,-0.2144703,2.765594,0.4813651,0.5810724,2.669014,0.4988409,0.2245861,2.661086,0.5096365,-0.1556839,2.707618,0.4066999,1.009615,2.706542
72057594038042242,0,0.5379405,106250.9,0.4239421,0.5725999,2.713665,0.4124029,1.175765,2.668498,0.2666179,0.9654779,2.72574,0.2354215,0.7734148,2.792055,0.2171842,0.5917567,2.811377,0.2009483,0.6111647,2.7933,0.5357839,0.9419947,2.661303,0.5678123,0.7215759,2.688753,0.5117816,0.4935113,2.594189,0.5123278,0.4623371,2.592492,0.356077,0.5602461,2.696299,0.321584,0.1869866,2.708512,0.3122385,-0.2144703,2.765594,0.4813651,0.5810724,2.669014,0.4988409,0.2245861,2.661086,0.5096365,-0.1556839,2.707618,0.4066999,1.009615,2.706542
72057594038042242,0,0.5379405,106250.9,0.4239421,0.5725999,2.713665,0.4124029,1.175765,2.668498,0.2666179,0.9654779,2.72574,0.2354215,0.7734148,2.792055,0.2171842,0.5917567,2.811377,0.2009483,0.6111647,2.7933,0.5357839,0.9419947,2.661303,0.5678123,0.7215759,2.688753,0.5117816,0.4935113,2.594189,0.5123278,0.4623371,2.592492,0.356077,0.5602461,2.696299,0.321584,0.1869866,2.708512,0.3122385,-0.2144703,2.765594,0.4813651,0.5810724,2.669014,0.4988409,0.2245861,2.661086,0.5096365,-0.1556839,2.707618,0.4066999,1.009615,2.706542
72057594038042242,0,0.5379405,106250.9,0.4239421,0.5725999,2.713665,0.4124029,1.175765,2.668498,0.2666179,0.9654779,2.72574,0.2354215,0.7734148,2.792055,0.2171842,0.5917567,2.811377,0.2009483,0.6111647,2.7933,0.5357839,0.9419947,2.661303,0.5678123,0.7215759,2.688753,0.5117816,0.4935113,2.594189,0.5123278,0.4623371,2.592492,0.356077,0.5602461,2.696299,0.321584,0.1869866,2.708512,0.3122385,-0.2144703,2.765594,0.4813651,0.5810724,2.669014,0.4988409,0.2245861,2.661086,0.5096365,-0.1556839,2.707618,0.4066999,1.009615,2.706542
72057594038042242,0,0.5379405,106250.9,0.4239421,0.5725999,2.713665,0.4124029,1.175765,2.668498,0.2666179,0.9654779,2.72574,0.2354215,0.7734148,2.792055,0.2171842,0.5917567,2.811377,0.2009483,0.6111647,2.7933,0.5357839,0.9419947,2.661303,0.5678123,0.7215759,2.688753,0.5117816,0.4935113,2.594189,0.5123278,0.4623371,2.592492,0.356077,0.5602461,2.696299,0.321584,0.1869866,2.708512,0.3122385,-0.2144703,2.765594,0.4813651,0.5810724,2.669014,0.4988409,0.2245861,2.661086,0.5096365,-0.1556839,2.707618,0.4066999,1.009615,2.706542
72057594038042242,0,0.5362947,106250.9,0.4227382,0.5736669,2.714942,0.4146953,1.175698,2.666659,0.2664546,0.9652915,2.726298,0.2395502,0.7494079,2.797315,0.2076082,0.5689222,2.813791,0.1820041,0.5193492,2.805384,0.5362459,0.9421935,2.66041,0.564741,0.7282002,2.676882,0.510222,0.4956329,2.592751,0.5120736,0.4637724,2.590009,0.3559832,0.5618781,2.698768,0.3204736,0.1444333,2.721266,0.3122372,-0.2143915,2.765556,0.4792137,0.5817864,2.669598,0.4991359,0.2132246,2.666886,0.5111618,-0.1597632,2.706239,0.4057362,1.009444,2.707136
72057594038042242,0,0.5362947,106250.9,0.4227382,0.5736669,2.714942,0.4146953,1.175698,2.666659,0.2664546,0.9652915,2.726298,0.2395502,0.7494079,2.797315,0.2076082,0.5689222,2.813791,0.1820041,0.5193492,2.805384,0.5362459,0.9421935,2.66041,0.564741,0.7282002,2.676882,0.510222,0.4956329,2.592751,0.5120736,0.4637724,2.590009,0.3559832,0.5618781,2.698768,0.3204736,0.1444333,2.721266,0.3122372,-0.2143915,2.765556,0.4792137,0.5817864,2.669598,0.4991359,0.2132246,2.666886,0.5111618,-0.1597632,2.706239,0.4057362,1.009444,2.707136
72057594038042242,0,0.5362947,106250.9,0.4227382,0.5736669,2.714942,0.4146953,1.175698,2.666659,0.2664546,0.9652915,2.726298,0.2395502,0.7494079,2.797315,0.2076082,0.5689222,2.813791,0.1820041,0.5193492,2.805384,0.5362459,0.9421935,2.66041,0.564741,0.7282002,2.676882,0.510222,0.4956329,2.592751,0.5120736,0.4637724,2.590009,0.3559832,0.5618781,2.698768,0.3204736,0.1444333,2.721266,0.3122372,-0.2143915,2.765556,0.4792137,0.5817864,2.669598,0.4991359,0.2132246,2.666886,0.5111618,-0.1597632,2.706239,0.4057362,1.009444,2.707136
72057594038042242,0,0.5362947,106250.9,0.4227382,0.5736669,2.714942,0.4146953,1.175698,2.666659,0.2664546,0.9652915,2.726298,0.2395502,0.7494079,2.797315,0.2076082,0.5689222,2.813791,0.1820041,0.5193492,2.805384,0.5362459,0.9421935,2.66041,0.564741,0.7282002,2.676882,0.510222,0.4956329,2.592751,0.5120736,0.4637724,2.590009,0.3559832,0.5618781,2.698768,0.3204736,0.1444333,2.721266,0.3122372,-0.2143915,2.765556,0.4792137,0.5817864,2.669598,0.4991359,0.2132246,2.666886,0.5111618,-0.1597632,2.706239,0.4057362,1.009444,2.707136
72057594038042242,0,0.5362947,106250.9,0.4227382,0.5736669,2.714942,0.4146953,1.175698,2.666659,0.2664546,0.9652915,2.726298,0.2395502,0.7494079,2.797315,0.2076082,0.5689222,2.813791,0.1820041,0.5193492,2.805384,0.5362459,0.9421935,2.66041,0.564741,0.7282002,2.676882,0.510222,0.4956329,2.592751,0.5120736,0.4637724,2.590009,0.3559832,0.5618781,2.698768,0.3204736,0.1444333,2.721266,0.3122372,-0.2143915,2.765556,0.4792137,0.5817864,2.669598,0.4991359,0.2132246,2.666886,0.5111618,-0.1597632,2.706239,0.4057362,1.009444,2.707136
72057594038042242,0,0.5362947,106250.9,0.4227382,0.5736669,2.714942,0.4146953,1.175698,2.666659,0.2664546,0.9652915,2.726298,0.2395502,0.7494079,2.797315,0.2076082,0.5689222,2.813791,0.1820041,0.5193492,2.805384,0.5362459,0.9421935,2.66041,0.564741,0.7282002,2.676882,0.510222,0.4956329,2.592751,0.5120736,0.4637724,2.590009,0.3559832,0.5618781,2.698768,0.3204736,0.1444333,2.721266,0.3122372,-0.2143915,2.765556,0.4792137,0.5817864,2.669598,0.4991359,0.2132246,2.666886,0.5111618,-0.1597632,2.706239,0.4057362,1.009444,2.707136
72057594038042242,0,0.5362947,106250.9,0.4227382,0.5736669,2.714942,0.4146953,1.175698,2.666659,0.2664546,0.9652915,2.726298,0.2395502,0.7494079,2.797315,0.2076082,0.5689222,2.813791,0.1820041,0.5193492,2.805384,0.5362459,0.9421935,2.66041,0.564741,0.7282002,2.676882,0.510222,0.4956329,2.592751,0.5120736,0.4637724,2.590009,0.3559832,0.5618781,2.698768,0.3204736,0.1444333,2.721266,0.3122372,-0.2143915,2.765556,0.4792137,0.5817864,2.669598,0.4991359,0.2132246,2.666886,0.5111618,-0.1597632,2.706239,0.4057362,1.009444,2.707136
72057594038042242,0,0.5362947,106251,0.4227382,0.5736669,2.714942,0.4146953,1.175698,2.666659,0.2664546,0.9652915,2.726298,0.2395502,0.7494079,2.797315,0.2076082,0.5689222,2.813791,0.1820041,0.5193492,2.805384,0.5362459,0.9421935,2.66041,0.564741,0.7282002,2.676882,0.510222,0.4956329,2.592751,0.5120736,0.4637724,2.590009,0.3559832,0.5618781,2.698768,0.3204736,0.1444333,2.721266,0.3122372,-0.2143915,2.765556,0.4792137,0.5817864,2.669598,0.4991359,0.2132246,2.666886,0.5111618,-0.1597632,2.706239,0.4057362,1.009444,2.707136
72057594038042242,0,0.5362947,106251,0.4227382,0.5736669,2.714942,0.4146953,1.175698,2.666659,0.2664546,0.9652915,2.726298,0.2395502,0.7494079,2.797315,0.2076082,0.5689222,2.813791,0.1820041,0.5193492,2.805384,0.5362459,0.9421935,2.66041,0.564741,0.7282002,2.676882,0.510222,0.4956329,2.592751,0.5120736,0.4637724,2.590009,0.3559832,0.5618781,2.698768,0.3204736,0.1444333,2.721266,0.3122372,-0.2143915,2.765556,0.4792137,0.5817864,2.669598,0.4991359,0.2132246,2.666886,0.5111618,-0.1597632,2.706239,0.4057362,1.009444,2.707136
72057594038042242,0,0.5362947,106251,0.4227382,0.5736669,2.714942,0.4146953,1.175698,2.666659,0.2664546,0.9652915,2.726298,0.2395502,0.7494079,2.797315,0.2076082,0.5689222,2.813791,0.1820041,0.5193492,2.805384,0.5362459,0.9421935,2.66041,0.564741,0.7282002,2.676882,0.510222,0.4956329,2.592751,0.5120736,0.4637724,2.590009,0.3559832,0.5618781,2.698768,0.3204736,0.1444333,2.721266,0.3122372,-0.2143915,2.765556,0.4792137,0.5817864,2.669598,0.4991359,0.2132246,2.666886,0.5111618,-0.1597632,2.706239,0.4057362,1.009444,2.707136
72057594038042242,0,0.5362947,106251,0.4227382,0.5736669,2.714942,0.4146953,1.175698,2.666659,0.2664546,0.9652915,2.726298,0.2395502,0.7494079,2.797315,0.2076082,0.5689222,2.813791,0.1820041,0.5193492,2.805384,0.5362459,0.9421935,2.66041,0.564741,0.7282002,2.676882,0.510222,0.4956329,2.592751,0.5120736,0.4637724,2.590009,0.3559832,0.5618781,2.698768,0.3204736,0.1444333,2.721266,0.3122372,-0.2143915,2.765556,0.4792137,0.5817864,2.669598,0.4991359,0.2132246,2.666886,0.5111618,-0.1597632,2.706239,0.4057362,1.009444,2.707136
72057594038042242,0,0.534396,106251,0.4203025,0.5734063,2.716401,0.4154044,1.175442,2.666968,0.266638,0.9651756,2.726458,0.2414051,0.7399387,2.795686,0.2108186,0.5577993,2.803875,0.2000355,0.503867,2.795684,0.5364243,0.941695,2.659257,0.5646474,0.7294005,2.672451,0.5096505,0.4952605,2.591773,0.5115065,0.465487,2.589528,0.3548119,0.5619588,2.700566,0.3245123,0.1919811,2.708146,0.3121879,-0.2195715,2.76434,0.4753628,0.5809054,2.670543,0.5005227,0.2122095,2.667566,0.5116981,-0.1599246,2.70722,0.4044636,1.009395,2.708067
72057594038042242,0,0.534396,106251,0.4203025,0.5734063,2.716401,0.4154044,1.175442,2.666968,0.266638,0.9651756,2.726458,0.2414051,0.7399387,2.795686,0.2108186,0.5577993,2.803875,0.2000355,0.503867,2.795684,0.5364243,0.941695,2.659257,0.5646474,0.7294005,2.672451,0.5096505,0.4952605,2.591773,0.5115065,0.465487,2.589528,0.3548119,0.5619588,2.700566,0.3245123,0.1919811,2.708146,0.3121879,-0.2195715,2.76434,0.4753628,0.5809054,2.670543,0.5005227,0.2122095,2.667566,0.5116981,-0.1599246,2.70722,0.4044636,1.009395,2.708067
72057594038042242,0,0.534396,106251,0.4203025,0.5734063,2.716401,0.4154044,1.175442,2.666968,0.266638,0.9651756,2.726458,0.2414051,0.7399387,2.795686,0.2108186,0.5577993,2.803875,0.2000355,0.503867,2.795684,0.5364243,0.941695,2.659257,0.5646474,0.7294005,2.672451,0.5096505,0.4952605,2.591773,0.5115065,0.465487,2.589528,0.3548119,0.5619588,2.700566,0.3245123,0.1919811,2.708146,0.3121879,-0.2195715,2.76434,0.4753628,0.5809054,2.670543,0.5005227,0.2122095,2.667566,0.5116981,-0.1599246,2.70722,0.4044636,1.009395,2.708067
72057594038042242,0,0.534396,106251,0.4203025,0.5734063,2.716401,0.4154044,1.175442,2.666968,0.266638,0.9651756,2.726458,0.2414051,0.7399387,2.795686,0.2108186,0.5577993,2.803875,0.2000355,0.503867,2.795684,0.5364243,0.941695,2.659257,0.5646474,0.7294005,2.672451,0.5096505,0.4952605,2.591773,0.5115065,0.465487,2.589528,0.3548119,0.5619588,2.700566,0.3245123,0.1919811,2.708146,0.3121879,-0.2195715,2.76434,0.4753628,0.5809054,2.670543,0.5005227,0.2122095,2.667566,0.5116981,-0.1599246,2.70722,0.4044636,1.009395,2.708067
72057594038042242,0,0.534396,106251,0.4203025,0.5734063,2.716401,0.4154044,1.175442,2.666968,0.266638,0.9651756,2.726458,0.2414051,0.7399387,2.795686,0.2108186,0.5577993,2.803875,0.2000355,0.503867,2.795684,0.5364243,0.941695,2.659257,0.5646474,0.7294005,2.672451,0.5096505,0.4952605,2.591773,0.5115065,0.465487,2.589528,0.3548119,0.5619588,2.700566,0.3245123,0.1919811,2.708146,0.3121879,-0.2195715,2.76434,0.4753628,0.5809054,2.670543,0.5005227,0.2122095,2.667566,0.5116981,-0.1599246,2.70722,0.4044636,1.009395,2.708067
72057594038042242,0,0.534396,106251,0.4203025,0.5734063,2.716401,0.4154044,1.175442,2.666968,0.266638,0.9651756,2.726458,0.2414051,0.7399387,2.795686,0.2108186,0.5577993,2.803875,0.2000355,0.503867,2.795684,0.5364243,0.941695,2.659257,0.5646474,0.7294005,2.672451,0.5096505,0.4952605,2.591773,0.5115065,0.465487,2.589528,0.3548119,0.5619588,2.700566,0.3245123,0.1919811,2.708146,0.3121879,-0.2195715,2.76434,0.4753628,0.5809054,2.670543,0.5005227,0.2122095,2.667566,0.5116981,-0.1599246,2.70722,0.4044636,1.009395,2.708067
72057594038042242,0,0.534396,106251,0.4203025,0.5734063,2.716401,0.4154044,1.175442,2.666968,0.266638,0.9651756,2.726458,0.2414051,0.7399387,2.795686,0.2108186,0.5577993,2.803875,0.2000355,0.503867,2.795684,0.5364243,0.941695,2.659257,0.5646474,0.7294005,2.672451,0.5096505,0.4952605,2.591773,0.5115065,0.465487,2.589528,0.3548119,0.5619588,2.700566,0.3245123,0.1919811,2.708146,0.3121879,-0.2195715,2.76434,0.4753628,0.5809054,2.670543,0.5005227,0.2122095,2.667566,0.5116981,-0.1599246,2.70722,0.4044636,1.009395,2.708067
72057594038042242,0,0.534396,106251,0.4203025,0.5734063,2.716401,0.4154044,1.175442,2.666968,0.266638,0.9651756,2.726458,0.2414051,0.7399387,2.795686,0.2108186,0.5577993,2.803875,0.2000355,0.503867,2.795684,0.5364243,0.941695,2.659257,0.5646474,0.7294005,2.672451,0.5096505,0.4952605,2.591773,0.5115065,0.465487,2.589528,0.3548119,0.5619588,2.700566,0.3245123,0.1919811,2.708146,0.3121879,-0.2195715,2.76434,0.4753628,0.5809054,2.670543,0.5005227,0.2122095,2.667566,0.5116981,-0.1599246,2.70722,0.4044636,1.009395,2.708067
72057594038042242,0,0.534396,106251,0.4203025,0.5734063,2.716401,0.4154044,1.175442,2.666968,0.266638,0.9651756,2.726458,0.2414051,0.7399387,2.795686,0.2108186,0.5577993,2.803875,0.2000355,0.503867,2.795684,0.5364243,0.941695,2.659257,0.5646474,0.7294005,2.672451,0.5096505,0.4952605,2.591773,0.5115065,0.465487,2.589528,0.3548119,0.5619588,2.700566,0.3245123,0.1919811,2.708146,0.3121879,-0.2195715,2.76434,0.4753628,0.5809054,2.670543,0.5005227,0.2122095,2.667566,0.5116981,-0.1599246,2.70722,0.4044636,1.009395,2.708067
72057594038042242,0,0.534396,106251,0.4203025,0.5734063,2.716401,0.4154044,1.175442,2.666968,0.266638,0.9651756,2.726458,0.2414051,0.7399387,2.795686,0.2108186,0.5577993,2.803875,0.2000355,0.503867,2.795684,0.5364243,0.941695,2.659257,0.5646474,0.7294005,2.672451,0.5096505,0.4952605,2.591773,0.5115065,0.465487,2.589528,0.3548119,0.5619588,2.700566,0.3245123,0.1919811,2.708146,0.3121879,-0.2195715,2.76434,0.4753628,0.5809054,2.670543,0.5005227,0.2122095,2.667566,0.5116981,-0.1599246,2.70722,0.4044636,1.009395,2.708067
72057594038042242,0,0.5343176,106251,0.420171,0.573374,2.716096,0.4171984,1.175592,2.665623,0.2743372,0.9650682,2.730309,0.2429273,0.7325227,2.793302,0.3128286,0.5649427,2.662335,0.3116547,0.5592719,2.657247,0.5369034,0.9418676,2.658368,0.5634989,0.7082052,2.661398,0.506817,0.4925256,2.58704,0.5090604,0.4630204,2.588836,0.3549082,0.5619732,2.700541,0.3246934,0.192547,2.708091,0.3118352,-0.2204283,2.764236,0.4745899,0.5806536,2.669228,0.5006803,0.2121072,2.66746,0.5123474,-0.1621603,2.70671,0.4076266,1.009307,2.706479
72057594038042242,0,0.5343176,106251,0.420171,0.573374,2.716096,0.4171984,1.175592,2.665623,0.2743372,0.9650682,2.730309,0.2429273,0.7325227,2.793302,0.3128286,0.5649427,2.662335,0.3116547,0.5592719,2.657247,0.5369034,0.9418676,2.658368,0.5634989,0.7082052,2.661398,0.506817,0.4925256,2.58704,0.5090604,0.4630204,2.588836,0.3549082,0.5619732,2.700541,0.3246934,0.192547,2.708091,0.3118352,-0.2204283,2.764236,0.4745899,0.5806536,2.669228,0.5006803,0.2121072,2.66746,0.5123474,-0.1621603,2.70671,0.4076266,1.009307,2.706479
72057594038042242,0,0.5343176,106251,0.420171,0.573374,2.716096,0.4171984,1.175592,2.665623,0.2743372,0.9650682,2.730309,0.2429273,0.7325227,2.793302,0.3128286,0.5649427,2.662335,0.3116547,0.5592719,2.657247,0.5369034,0.9418676,2.658368,0.5634989,0.7082052,2.661398,0.506817,0.4925256,2.58704,0.5090604,0.4630204,2.588836,0.3549082,0.5619732,2.700541,0.3246934,0.192547,2.708091,0.3118352,-0.2204283,2.764236,0.4745899,0.5806536,2.669228,0.5006803,0.2121072,2.66746,0.5123474,-0.1621603,2.70671,0.4076266,1.009307,2.706479
72057594038042242,0,0.5343176,106251,0.420171,0.573374,2.716096,0.4171984,1.175592,2.665623,0.2743372,0.9650682,2.730309,0.2429273,0.7325227,2.793302,0.3128286,0.5649427,2.662335,0.3116547,0.5592719,2.657247,0.5369034,0.9418676,2.658368,0.5634989,0.7082052,2.661398,0.506817,0.4925256,2.58704,0.5090604,0.4630204,2.588836,0.3549082,0.5619732,2.700541,0.3246934,0.192547,2.708091,0.3118352,-0.2204283,2.764236,0.4745899,0.5806536,2.669228,0.5006803,0.2121072,2.66746,0.5123474,-0.1621603,2.70671,0.4076266,1.009307,2.706479
72057594038042242,0,0.5343176,106251,0.420171,0.573374,2.716096,0.4171984,1.175592,2.665623,0.2743372,0.9650682,2.730309,0.2429273,0.7325227,2.793302,0.3128286,0.5649427,2.662335,0.3116547,0.5592719,2.657247,0.5369034,0.9418676,2.658368,0.5634989,0.7082052,2.661398,0.506817,0.4925256,2.58704,0.5090604,0.4630204,2.588836,0.3549082,0.5619732,2.700541,0.3246934,0.192547,2.708091,0.3118352,-0.2204283,2.764236,0.4745899,0.5806536,2.669228,0.5006803,0.2121072,2.66746,0.5123474,-0.1621603,2.70671,0.4076266,1.009307,2.706479
72057594038042242,0,0.5343176,106251,0.420171,0.573374,2.716096,0.4171984,1.175592,2.665623,0.2743372,0.9650682,2.730309,0.2429273,0.7325227,2.793302,0.3128286,0.5649427,2.662335,0.3116547,0.5592719,2.657247,0.5369034,0.9418676,2.658368,0.5634989,0.7082052,2.661398,0.506817,0.4925256,2.58704,0.5090604,0.4630204,2.588836,0.3549082,0.5619732,2.700541,0.3246934,0.192547,2.708091,0.3118352,-0.2204283,2.764236,0.4745899,0.5806536,2.669228,0.5006803,0.2121072,2.66746,0.5123474,-0.1621603,2.70671,0.4076266,1.009307,2.706479
72057594038042242,0,0.5343176,106251,0.420171,0.573374,2.716096,0.4171984,1.175592,2.665623,0.2743372,0.9650682,2.730309,0.2429273,0.7325227,2.793302,0.3128286,0.5649427,2.662335,0.3116547,0.5592719,2.657247,0.5369034,0.9418676,2.658368,0.5634989,0.7082052,2.661398,0.506817,0.4925256,2.58704,0.5090604,0.4630204,2.588836,0.3549082,0.5619732,2.700541,0.3246934,0.192547,2.708091,0.3118352,-0.2204283,2.764236,0.4745899,0.5806536,2.669228,0.5006803,0.2121072,2.66746,0.5123474,-0.1621603,2.70671,0.4076266,1.009307,2.706479
72057594038042242,0,0.5343176,106251,0.420171,0.573374,2.716096,0.4171984,1.175592,2.665623,0.2743372,0.9650682,2.730309,0.2429273,0.7325227,2.793302,0.3128286,0.5649427,2.662335,0.3116547,0.5592719,2.657247,0.5369034,0.9418676,2.658368,0.5634989,0.7082052,2.661398,0.506817,0.4925256,2.58704,0.5090604,0.4630204,2.588836,0.3549082,0.5619732,2.700541,0.3246934,0.192547,2.708091,0.3118352,-0.2204283,2.764236,0.4745899,0.5806536,2.669228,0.5006803,0.2121072,2.66746,0.5123474,-0.1621603,2.70671,0.4076266,1.009307,2.706479
72057594038042242,0,0.5343176,106251,0.420171,0.573374,2.716096,0.4171984,1.175592,2.665623,0.2743372,0.9650682,2.730309,0.2429273,0.7325227,2.793302,0.3128286,0.5649427,2.662335,0.3116547,0.5592719,2.657247,0.5369034,0.9418676,2.658368,0.5634989,0.7082052,2.661398,0.506817,0.4925256,2.58704,0.5090604,0.4630204,2.588836,0.3549082,0.5619732,2.700541,0.3246934,0.192547,2.708091,0.3118352,-0.2204283,2.764236,0.4745899,0.5806536,2.669228,0.5006803,0.2121072,2.66746,0.5123474,-0.1621603,2.70671,0.4076266,1.009307,2.706479
72057594038042242,0,0.5343176,106251,0.420171,0.573374,2.716096,0.4171984,1.175592,2.665623,0.2743372,0.9650682,2.730309,0.2429273,0.7325227,2.793302,0.3128286,0.5649427,2.662335,0.3116547,0.5592719,2.657247,0.5369034,0.9418676,2.658368,0.5634989,0.7082052,2.661398,0.506817,0.4925256,2.58704,0.5090604,0.4630204,2.588836,0.3549082,0.5619732,2.700541,0.3246934,0.192547,2.708091,0.3118352,-0.2204283,2.764236,0.4745899,0.5806536,2.669228,0.5006803,0.2121072,2.66746,0.5123474,-0.1621603,2.70671,0.4076266,1.009307,2.706479
72057594038042242,0,0.5333109,106251,0.4184754,0.5727286,2.715869,0.4178262,1.175548,2.665764,0.2737442,0.9645228,2.730601,0.2437306,0.7315392,2.793004,0.3038585,0.5817017,2.690233,0.3024682,0.6024083,2.670626,0.5375178,0.9423038,2.657366,0.5666586,0.7184682,2.661746,0.509269,0.4943932,2.584514,0.5106962,0.463377,2.588297,0.3543867,0.5618911,2.700785,0.3213561,0.1866173,2.710244,0.311762,-0.2205358,2.764287,0.471471,0.5789819,2.668117,0.5010967,0.2117045,2.6671,0.5141105,-0.1757965,2.703696,0.4102942,1.008612,2.704998
72057594038042242,0,0.5333109,106251,0.4184754,0.5727286,2.715869,0.4178262,1.175548,2.665764,0.2737442,0.9645228,2.730601,0.2437306,0.7315392,2.793004,0.3038585,0.5817017,2.690233,0.3024682,0.6024083,2.670626,0.5375178,0.9423038,2.657366,0.5666586,0.7184682,2.661746,0.509269,0.4943932,2.584514,0.5106962,0.463377,2.588297,0.3543867,0.5618911,2.700785,0.3213561,0.1866173,2.710244,0.311762,-0.2205358,2.764287,0.471471,0.5789819,2.668117,0.5010967,0.2117045,2.6671,0.5141105,-0.1757965,2.703696,0.4102942,1.008612,2.704998
72057594038042242,0,0.5333109,106251,0.4184754,0.5727286,2.715869,0.4178262,1.175548,2.665764,0.2737442,0.9645228,2.730601,0.2437306,0.7315392,2.793004,0.3038585,0.5817017,2.690233,0.3024682,0.6024083,2.670626,0.5375178,0.9423038,2.657366,0.5666586,0.7184682,2.661746,0.509269,0.4943932,2.584514,0.5106962,0.463377,2.588297,0.3543867,0.5618911,2.700785,0.3213561,0.1866173,2.710244,0.311762,-0.2205358,2.764287,0.471471,0.5789819,2.668117,0.5010967,0.2117045,2.6671,0.5141105,-0.1757965,2.703696,0.4102942,1.008612,2.704998
72057594038042242,0,0.5333109,106251,0.4184754,0.5727286,2.715869,0.4178262,1.175548,2.665764,0.2737442,0.9645228,2.730601,0.2437306,0.7315392,2.793004,0.3038585,0.5817017,2.690233,0.3024682,0.6024083,2.670626,0.5375178,0.9423038,2.657366,0.5666586,0.7184682,2.661746,0.509269,0.4943932,2.584514,0.5106962,0.463377,2.588297,0.3543867,0.5618911,2.700785,0.3213561,0.1866173,2.710244,0.311762,-0.2205358,2.764287,0.471471,0.5789819,2.668117,0.5010967,0.2117045,2.6671,0.5141105,-0.1757965,2.703696,0.4102942,1.008612,2.704998
72057594038042242,0,0.5333109,106251,0.4184754,0.5727286,2.715869,0.4178262,1.175548,2.665764,0.2737442,0.9645228,2.730601,0.2437306,0.7315392,2.793004,0.3038585,0.5817017,2.690233,0.3024682,0.6024083,2.670626,0.5375178,0.9423038,2.657366,0.5666586,0.7184682,2.661746,0.509269,0.4943932,2.584514,0.5106962,0.463377,2.588297,0.3543867,0.5618911,2.700785,0.3213561,0.1866173,2.710244,0.311762,-0.2205358,2.764287,0.471471,0.5789819,2.668117,0.5010967,0.2117045,2.6671,0.5141105,-0.1757965,2.703696,0.4102942,1.008612,2.704998
72057594038042242,0,0.5333109,106251,0.4184754,0.5727286,2.715869,0.4178262,1.175548,2.665764,0.2737442,0.9645228,2.730601,0.2437306,0.7315392,2.793004,0.3038585,0.5817017,2.690233,0.3024682,0.6024083,2.670626,0.5375178,0.9423038,2.657366,0.5666586,0.7184682,2.661746,0.509269,0.4943932,2.584514,0.5106962,0.463377,2.588297,0.3543867,0.5618911,2.700785,0.3213561,0.1866173,2.710244,0.311762,-0.2205358,2.764287,0.471471,0.5789819,2.668117,0.5010967,0.2117045,2.6671,0.5141105,-0.1757965,2.703696,0.4102942,1.008612,2.704998
72057594038042242,0,0.5333109,106251,0.4184754,0.5727286,2.715869,0.4178262,1.175548,2.665764,0.2737442,0.9645228,2.730601,0.2437306,0.7315392,2.793004,0.3038585,0.5817017,2.690233,0.3024682,0.6024083,2.670626,0.5375178,0.9423038,2.657366,0.5666586,0.7184682,2.661746,0.509269,0.4943932,2.584514,0.5106962,0.463377,2.588297,0.3543867,0.5618911,2.700785,0.3213561,0.1866173,2.710244,0.311762,-0.2205358,2.764287,0.471471,0.5789819,2.668117,0.5010967,0.2117045,2.6671,0.5141105,-0.1757965,2.703696,0.4102942,1.008612,2.704998
72057594038042242,0,0.5333109,106251.1,0.4184754,0.5727286,2.715869,0.4178262,1.175548,2.665764,0.2737442,0.9645228,2.730601,0.2437306,0.7315392,2.793004,0.3038585,0.5817017,2.690233,0.3024682,0.6024083,2.670626,0.5375178,0.9423038,2.657366,0.5666586,0.7184682,2.661746,0.509269,0.4943932,2.584514,0.5106962,0.463377,2.588297,0.3543867,0.5618911,2.700785,0.3213561,0.1866173,2.710244,0.311762,-0.2205358,2.764287,0.471471,0.5789819,2.668117,0.5010967,0.2117045,2.6671,0.5141105,-0.1757965,2.703696,0.4102942,1.008612,2.704998
72057594038042242,0,0.5333109,106251.1,0.4184754,0.5727286,2.715869,0.4178262,1.175548,2.665764,0.2737442,0.9645228,2.730601,0.2437306,0.7315392,2.793004,0.3038585,0.5817017,2.690233,0.3024682,0.6024083,2.670626,0.5375178,0.9423038,2.657366,0.5666586,0.7184682,2.661746,0.509269,0.4943932,2.584514,0.5106962,0.463377,2.588297,0.3543867,0.5618911,2.700785,0.3213561,0.1866173,2.710244,0.311762,-0.2205358,2.764287,0.471471,0.5789819,2.668117,0.5010967,0.2117045,2.6671,0.5141105,-0.1757965,2.703696,0.4102942,1.008612,2.704998
72057594038042242,0,0.5333109,106251.1,0.4184754,0.5727286,2.715869,0.4178262,1.175548,2.665764,0.2737442,0.9645228,2.730601,0.2437306,0.7315392,2.793004,0.3038585,0.5817017,2.690233,0.3024682,0.6024083,2.670626,0.5375178,0.9423038,2.657366,0.5666586,0.7184682,2.661746,0.509269,0.4943932,2.584514,0.5106962,0.463377,2.588297,0.3543867,0.5618911,2.700785,0.3213561,0.1866173,2.710244,0.311762,-0.2205358,2.764287,0.471471,0.5789819,2.668117,0.5010967,0.2117045,2.6671,0.5141105,-0.1757965,2.703696,0.4102942,1.008612,2.704998
72057594038042242,0,0.5762169,106251.1,0.4659835,0.5697551,2.68499,0.4183782,1.175314,2.66573,0.2737537,0.9629224,2.73065,0.2489134,0.7251083,2.78814,0.3061432,0.573405,2.685305,0.2941243,0.564262,2.668476,0.5381553,0.9425787,2.656183,0.5672183,0.7182782,2.661324,0.510403,0.4941342,2.583351,0.5113853,0.4610622,2.585521,0.4043551,0.5541506,2.677977,0.3214211,0.1864996,2.710328,0.312129,-0.2213084,2.764468,0.517284,0.5811514,2.630182,0.499985,0.2139226,2.665579,0.5145141,-0.1746878,2.703273,0.4100161,1.00853,2.705017
72057594038042242,0,0.5762169,106251.1,0.4659835,0.5697551,2.68499,0.4183782,1.175314,2.66573,0.2737537,0.9629224,2.73065,0.2489134,0.7251083,2.78814,0.3061432,0.573405,2.685305,0.2941243,0.564262,2.668476,0.5381553,0.9425787,2.656183,0.5672183,0.7182782,2.661324,0.510403,0.4941342,2.583351,0.5113853,0.4610622,2.585521,0.4043551,0.5541506,2.677977,0.3214211,0.1864996,2.710328,0.312129,-0.2213084,2.764468,0.517284,0.5811514,2.630182,0.499985,0.2139226,2.665579,0.5145141,-0.1746878,2.703273,0.4100161,1.00853,2.705017
72057594038042242,0,0.5762169,106251.1,0.4659835,0.5697551,2.68499,0.4183782,1.175314,2.66573,0.2737537,0.9629224,2.73065,0.2489134,0.7251083,2.78814,0.3061432,0.573405,2.685305,0.2941243,0.564262,2.668476,0.5381553,0.9425787,2.656183,0.5672183,0.7182782,2.661324,0.510403,0.4941342,2.583351,0.5113853,0.4610622,2.585521,0.4043551,0.5541506,2.677977,0.3214211,0.1864996,2.710328,0.312129,-0.2213084,2.764468,0.517284,0.5811514,2.630182,0.499985,0.2139226,2.665579,0.5145141,-0.1746878,2.703273,0.4100161,1.00853,2.705017
72057594038042242,0,0.5762169,106251.1,0.4659835,0.5697551,2.68499,0.4183782,1.175314,2.66573,0.2737537,0.9629224,2.73065,0.2489134,0.7251083,2.78814,0.3061432,0.573405,2.685305,0.2941243,0.564262,2.668476,0.5381553,0.9425787,2.656183,0.5672183,0.7182782,2.661324,0.510403,0.4941342,2.583351,0.5113853,0.4610622,2.585521,0.4043551,0.5541506,2.677977,0.3214211,0.1864996,2.710328,0.312129,-0.2213084,2.764468,0.517284,0.5811514,2.630182,0.499985,0.2139226,2.665579,0.5145141,-0.1746878,2.703273,0.4100161,1.00853,2.705017
72057594038042242,0,0.5762169,106251.1,0.4659835,0.5697551,2.68499,0.4183782,1.175314,2.66573,0.2737537,0.9629224,2.73065,0.2489134,0.7251083,2.78814,0.3061432,0.573405,2.685305,0.2941243,0.564262,2.668476,0.5381553,0.9425787,2.656183,0.5672183,0.7182782,2.661324,0.510403,0.4941342,2.583351,0.5113853,0.4610622,2.585521,0.4043551,0.5541506,2.677977,0.3214211,0.1864996,2.710328,0.312129,-0.2213084,2.764468,0.517284,0.5811514,2.630182,0.499985,0.2139226,2.665579,0.5145141,-0.1746878,2.703273,0.4100161,1.00853,2.705017
72057594038042242,0,0.5762169,106251.1,0.4659835,0.5697551,2.68499,0.4183782,1.175314,2.66573,0.2737537,0.9629224,2.73065,0.2489134,0.7251083,2.78814,0.3061432,0.573405,2.685305,0.2941243,0.564262,2.668476,0.5381553,0.9425787,2.656183,0.5672183,0.7182782,2.661324,0.510403,0.4941342,2.583351,0.5113853,0.4610622,2.585521,0.4043551,0.5541506,2.677977,0.3214211,0.1864996,2.710328,0.312129,-0.2213084,2.764468,0.517284,0.5811514,2.630182,0.499985,0.2139226,2.665579,0.5145141,-0.1746878,2.703273,0.4100161,1.00853,2.705017
72057594038042242,0,0.5762169,106251.1,0.4659835,0.5697551,2.68499,0.4183782,1.175314,2.66573,0.2737537,0.9629224,2.73065,0.2489134,0.7251083,2.78814,0.3061432,0.573405,2.685305,0.2941243,0.564262,2.668476,0.5381553,0.9425787,2.656183,0.5672183,0.7182782,2.661324,0.510403,0.4941342,2.583351,0.5113853,0.4610622,2.585521,0.4043551,0.5541506,2.677977,0.3214211,0.1864996,2.710328,0.312129,-0.2213084,2.764468,0.517284,0.5811514,2.630182,0.499985,0.2139226,2.665579,0.5145141,-0.1746878,2.703273,0.4100161,1.00853,2.705017
72057594038042242,0,0.5762169,106251.1,0.4659835,0.5697551,2.68499,0.4183782,1.175314,2.66573,0.2737537,0.9629224,2.73065,0.2489134,0.7251083,2.78814,0.3061432,0.573405,2.685305,0.2941243,0.564262,2.668476,0.5381553,0.9425787,2.656183,0.5672183,0.7182782,2.661324,0.510403,0.4941342,2.583351,0.5113853,0.4610622,2.585521,0.4043551,0.5541506,2.677977,0.3214211,0.1864996,2.710328,0.312129,-0.2213084,2.764468,0.517284,0.5811514,2.630182,0.499985,0.2139226,2.665579,0.5145141,-0.1746878,2.703273,0.4100161,1.00853,2.705017
72057594038042242,0,0.5762169,106251.1,0.4659835,0.5697551,2.68499,0.4183782,1.175314,2.66573,0.2737537,0.9629224,2.73065,0.2489134,0.7251083,2.78814,0.3061432,0.573405,2.685305,0.2941243,0.564262,2.668476,0.5381553,0.9425787,2.656183,0.5672183,0.7182782,2.661324,0.510403,0.4941342,2.583351,0.5113853,0.4610622,2.585521,0.4043551,0.5541506,2.677977,0.3214211,0.1864996,2.710328,0.312129,-0.2213084,2.764468,0.517284,0.5811514,2.630182,0.499985,0.2139226,2.665579,0.5145141,-0.1746878,2.703273,0.4100161,1.00853,2.705017
72057594038042242,0,0.5762169,106251.1,0.4659835,0.5697551,2.68499,0.4183782,1.175314,2.66573,0.2737537,0.9629224,2.73065,0.2489134,0.7251083,2.78814,0.3061432,0.573405,2.685305,0.2941243,0.564262,2.668476,0.5381553,0.9425787,2.656183,0.5672183,0.7182782,2.661324,0.510403,0.4941342,2.583351,0.5113853,0.4610622,2.585521,0.4043551,0.5541506,2.677977,0.3214211,0.1864996,2.710328,0.312129,-0.2213084,2.764468,0.517284,0.5811514,2.630182,0.499985,0.2139226,2.665579,0.5145141,-0.1746878,2.703273,0.4100161,1.00853,2.705017
72057594038042242,0,0.5762169,106251.1,0.4659835,0.5697551,2.68499,0.4183782,1.175314,2.66573,0.2737537,0.9629224,2.73065,0.2489134,0.7251083,2.78814,0.3061432,0.573405,2.685305,0.2941243,0.564262,2.668476,0.5381553,0.9425787,2.656183,0.5672183,0.7182782,2.661324,0.510403,0.4941342,2.583351,0.5113853,0.4610622,2.585521,0.4043551,0.5541506,2.677977,0.3214211,0.1864996,2.710328,0.312129,-0.2213084,2.764468,0.517284,0.5811514,2.630182,0.499985,0.2139226,2.665579,0.5145141,-0.1746878,2.703273,0.4100161,1.00853,2.705017
72057594038042242,0,0.5762872,106251.1,0.4654298,0.5687293,2.685212,0.419414,1.174955,2.665402,0.2738472,0.9623827,2.730663,0.254099,0.7227772,2.784381,0.2889481,0.5630247,2.682558,0.2920335,0.5569754,2.66839,0.5386937,0.9428509,2.655308,0.5681003,0.7194865,2.661124,0.5126374,0.4949387,2.582611,0.5149063,0.4619316,2.58436,0.4039657,0.5538608,2.677894,0.3208663,0.1861952,2.710496,0.3122107,-0.2212409,2.764519,0.5165596,0.5787978,2.631057,0.4999738,0.2151763,2.664295,0.5145906,-0.1823807,2.700794,0.4166302,1.006905,2.701234
72057594038042242,0,0.5762872,106251.1,0.4654298,0.5687293,2.685212,0.419414,1.174955,2.665402,0.2738472,0.9623827,2.730663,0.254099,0.7227772,2.784381,0.2889481,0.5630247,2.682558,0.2920335,0.5569754,2.66839,0.5386937,0.9428509,2.655308,0.5681003,0.7194865,2.661124,0.5126374,0.4949387,2.582611,0.5149063,0.4619316,2.58436,0.4039657,0.5538608,2.677894,0.3208663,0.1861952,2.710496,0.3122107,-0.2212409,2.764519,0.5165596,0.5787978,2.631057,0.4999738,0.2151763,2.664295,0.5145906,-0.1823807,2.700794,0.4166302,1.006905,2.701234
72057594038042242,0,0.5762872,106251.1,0.4654298,0.5687293,2.685212,0.419414,1.174955,2.665402,0.2738472,0.9623827,2.730663,0.254099,0.7227772,2.784381,0.2889481,0.5630247,2.682558,0.2920335,0.5569754,2.66839,0.5386937,0.9428509,2.655308,0.5681003,0.7194865,2.661124,0.5126374,0.4949387,2.582611,0.5149063,0.4619316,2.58436,0.4039657,0.5538608,2.677894,0.3208663,0.1861952,2.710496,0.3122107,-0.2212409,2.764519,0.5165596,0.5787978,2.631057,0.4999738,0.2151763,2.664295,0.5145906,-0.1823807,2.700794,0.4166302,1.006905,2.701234
72057594038042242,0,0.5762872,106251.1,0.4654298,0.5687293,2.685212,0.419414,1.174955,2.665402,0.2738472,0.9623827,2.730663,0.254099,0.7227772,2.784381,0.2889481,0.5630247,2.682558,0.2920335,0.5569754,2.66839,0.5386937,0.9428509,2.655308,0.5681003,0.7194865,2.661124,0.5126374,0.4949387,2.582611,0.5149063,0.4619316,2.58436,0.4039657,0.5538608,2.677894,0.3208663,0.1861952,2.710496,0.3122107,-0.2212409,2.764519,0.5165596,0.5787978,2.631057,0.4999738,0.2151763,2.664295,0.5145906,-0.1823807,2.700794,0.4166302,1.006905,2.701234
72057594038042242,0,0.5762872,106251.1,0.4654298,0.5687293,2.685212,0.419414,1.174955,2.665402,0.2738472,0.9623827,2.730663,0.254099,0.7227772,2.784381,0.2889481,0.5630247,2.682558,0.2920335,0.5569754,2.66839,0.5386937,0.9428509,2.655308,0.5681003,0.7194865,2.661124,0.5126374,0.4949387,2.582611,0.5149063,0.4619316,2.58436,0.4039657,0.5538608,2.677894,0.3208663,0.1861952,2.710496,0.3122107,-0.2212409,2.764519,0.5165596,0.5787978,2.631057,0.4999738,0.2151763,2.664295,0.5145906,-0.1823807,2.700794,0.4166302,1.006905,2.701234
72057594038042242,0,0.5762872,106251.1,0.4654298,0.5687293,2.685212,0.419414,1.174955,2.665402,0.2738472,0.9623827,2.730663,0.254099,0.7227772,2.784381,0.2889481,0.5630247,2.682558,0.2920335,0.5569754,2.66839,0.5386937,0.9428509,2.655308,0.5681003,0.7194865,2.661124,0.5126374,0.4949387,2.582611,0.5149063,0.4619316,2.58436,0.4039657,0.5538608,2.677894,0.3208663,0.1861952,2.710496,0.3122107,-0.2212409,2.764519,0.5165596,0.5787978,2.631057,0.4999738,0.2151763,2.664295,0.5145906,-0.1823807,2.700794,0.4166302,1.006905,2.701234
72057594038042242,0,0.5762872,106251.1,0.4654298,0.5687293,2.685212,0.419414,1.174955,2.665402,0.2738472,0.9623827,2.730663,0.254099,0.7227772,2.784381,0.2889481,0.5630247,2.682558,0.2920335,0.5569754,2.66839,0.5386937,0.9428509,2.655308,0.5681003,0.7194865,2.661124,0.5126374,0.4949387,2.582611,0.5149063,0.4619316,2.58436,0.4039657,0.5538608,2.677894,0.3208663,0.1861952,2.710496,0.3122107,-0.2212409,2.764519,0.5165596,0.5787978,2.631057,0.4999738,0.2151763,2.664295,0.5145906,-0.1823807,2.700794,0.4166302,1.006905,2.701234
72057594038042242,0,0.5762872,106251.1,0.4654298,0.5687293,2.685212,0.419414,1.174955,2.665402,0.2738472,0.9623827,2.730663,0.254099,0.7227772,2.784381,0.2889481,0.5630247,2.682558,0.2920335,0.5569754,2.66839,0.5386937,0.9428509,2.655308,0.5681003,0.7194865,2.661124,0.5126374,0.4949387,2.582611,0.5149063,0.4619316,2.58436,0.4039657,0.5538608,2.677894,0.3208663,0.1861952,2.710496,0.3122107,-0.2212409,2.764519,0.5165596,0.5787978,2.631057,0.4999738,0.2151763,2.664295,0.5145906,-0.1823807,2.700794,0.4166302,1.006905,2.701234
72057594038042242,0,0.5762872,106251.1,0.4654298,0.5687293,2.685212,0.419414,1.174955,2.665402,0.2738472,0.9623827,2.730663,0.254099,0.7227772,2.784381,0.2889481,0.5630247,2.682558,0.2920335,0.5569754,2.66839,0.5386937,0.9428509,2.655308,0.5681003,0.7194865,2.661124,0.5126374,0.4949387,2.582611,0.5149063,0.4619316,2.58436,0.4039657,0.5538608,2.677894,0.3208663,0.1861952,2.710496,0.3122107,-0.2212409,2.764519,0.5165596,0.5787978,2.631057,0.4999738,0.2151763,2.664295,0.5145906,-0.1823807,2.700794,0.4166302,1.006905,2.701234
72057594038042242,0,0.5762872,106251.1,0.4654298,0.5687293,2.685212,0.419414,1.174955,2.665402,0.2738472,0.9623827,2.730663,0.254099,0.7227772,2.784381,0.2889481,0.5630247,2.682558,0.2920335,0.5569754,2.66839,0.5386937,0.9428509,2.655308,0.5681003,0.7194865,2.661124,0.5126374,0.4949387,2.582611,0.5149063,0.4619316,2.58436,0.4039657,0.5538608,2.677894,0.3208663,0.1861952,2.710496,0.3122107,-0.2212409,2.764519,0.5165596,0.5787978,2.631057,0.4999738,0.2151763,2.664295,0.5145906,-0.1823807,2.700794,0.4166302,1.006905,2.701234
72057594038042242,0,0.5762872,106251.1,0.4654298,0.5687293,2.685212,0.419414,1.174955,2.665402,0.2738472,0.9623827,2.730663,0.254099,0.7227772,2.784381,0.2889481,0.5630247,2.682558,0.2920335,0.5569754,2.66839,0.5386937,0.9428509,2.655308,0.5681003,0.7194865,2.661124,0.5126374,0.4949387,2.582611,0.5149063,0.4619316,2.58436,0.4039657,0.5538608,2.677894,0.3208663,0.1861952,2.710496,0.3122107,-0.2212409,2.764519,0.5165596,0.5787978,2.631057,0.4999738,0.2151763,2.664295,0.5145906,-0.1823807,2.700794,0.4166302,1.006905,2.701234
72057594038042242,0,0.5750767,106251.1,0.4637046,0.568167,2.686047,0.4203373,1.175126,2.664996,0.274087,0.9619454,2.730675,0.2614512,0.7217054,2.779143,0.2983531,0.5575111,2.685109,0.2945484,0.5631986,2.668618,0.5423823,0.94471,2.649249,0.5711395,0.7203795,2.660886,0.5294787,0.5188963,2.573732,0.5261807,0.4862856,2.579031,0.4027977,0.5537498,2.678009,0.3208048,0.1859629,2.710586,0.3133115,-0.220156,2.764381,0.5141394,0.5777131,2.632941,0.5020582,0.2145052,2.663059,0.5114215,-0.216351,2.69607,0.418936,1.007277,2.700764
72057594038042242,0,0.5750767,106251.1,0.4637046,0.568167,2.686047,0.4203373,1.175126,2.664996,0.274087,0.9619454,2.730675,0.2614512,0.7217054,2.779143,0.2983531,0.5575111,2.685109,0.2945484,0.5631986,2.668618,0.5423823,0.94471,2.649249,0.5711395,0.7203795,2.660886,0.5294787,0.5188963,2.573732,0.5261807,0.4862856,2.579031,0.4027977,0.5537498,2.678009,0.3208048,0.1859629,2.710586,0.3133115,-0.220156,2.764381,0.5141394,0.5777131,2.632941,0.5020582,0.2145052,2.663059,0.5114215,-0.216351,2.69607,0.418936,1.007277,2.700764
72057594038042242,0,0.5750767,106251.1,0.4637046,0.568167,2.686047,0.4203373,1.175126,2.664996,0.274087,0.9619454,2.730675,0.2614512,0.7217054,2.779143,0.2983531,0.5575111,2.685109,0.2945484,0.5631986,2.668618,0.5423823,0.94471,2.649249,0.5711395,0.7203795,2.660886,0.5294787,0.5188963,2.573732,0.5261807,0.4862856,2.579031,0.4027977,0.5537498,2.678009,0.3208048,0.1859629,2.710586,0.3133115,-0.220156,2.764381,0.5141394,0.5777131,2.632941,0.5020582,0.2145052,2.663059,0.5114215,-0.216351,2.69607,0.418936,1.007277,2.700764
72057594038042242,0,0.5750767,106251.1,0.4637046,0.568167,2.686047,0.4203373,1.175126,2.664996,0.274087,0.9619454,2.730675,0.2614512,0.7217054,2.779143,0.2983531,0.5575111,2.685109,0.2945484,0.5631986,2.668618,0.5423823,0.94471,2.649249,0.5711395,0.7203795,2.660886,0.5294787,0.5188963,2.573732,0.5261807,0.4862856,2.579031,0.4027977,0.5537498,2.678009,0.3208048,0.1859629,2.710586,0.3133115,-0.220156,2.764381,0.5141394,0.5777131,2.632941,0.5020582,0.2145052,2.663059,0.5114215,-0.216351,2.69607,0.418936,1.007277,2.700764
72057594038042242,0,0.5750767,106251.1,0.4637046,0.568167,2.686047,0.4203373,1.175126,2.664996,0.274087,0.9619454,2.730675,0.2614512,0.7217054,2.779143,0.2983531,0.5575111,2.685109,0.2945484,0.5631986,2.668618,0.5423823,0.94471,2.649249,0.5711395,0.7203795,2.660886,0.5294787,0.5188963,2.573732,0.5261807,0.4862856,2.579031,0.4027977,0.5537498,2.678009,0.3208048,0.1859629,2.710586,0.3133115,-0.220156,2.764381,0.5141394,0.5777131,2.632941,0.5020582,0.2145052,2.663059,0.5114215,-0.216351,2.69607,0.418936,1.007277,2.700764
72057594038042242,0,0.5750767,106251.1,0.4637046,0.568167,2.686047,0.4203373,1.175126,2.664996,0.274087,0.9619454,2.730675,0.2614512,0.7217054,2.779143,0.2983531,0.5575111,2.685109,0.2945484,0.5631986,2.668618,0.5423823,0.94471,2.649249,0.5711395,0.7203795,2.660886,0.5294787,0.5188963,2.573732,0.5261807,0.4862856,2.579031,0.4027977,0.5537498,2.678009,0.3208048,0.1859629,2.710586,0.3133115,-0.220156,2.764381,0.5141394,0.5777131,2.632941,0.5020582,0.2145052,2.663059,0.5114215,-0.216351,2.69607,0.418936,1.007277,2.700764
72057594038042242,0,0.5750767,106251.1,0.4637046,0.568167,2.686047,0.4203373,1.175126,2.664996,0.274087,0.9619454,2.730675,0.2614512,0.7217054,2.779143,0.2983531,0.5575111,2.685109,0.2945484,0.5631986,2.668618,0.5423823,0.94471,2.649249,0.5711395,0.7203795,2.660886,0.5294787,0.5188963,2.573732,0.5261807,0.4862856,2.579031,0.4027977,0.5537498,2.678009,0.3208048,0.1859629,2.710586,0.3133115,-0.220156,2.764381,0.5141394,0.5777131,2.632941,0.5020582,0.2145052,2.663059,0.5114215,-0.216351,2.69607,0.418936,1.007277,2.700764
72057594038042242,0,0.5750767,106251.2,0.4637046,0.568167,2.686047,0.4203373,1.175126,2.664996,0.274087,0.9619454,2.730675,0.2614512,0.7217054,2.779143,0.2983531,0.5575111,2.685109,0.2945484,0.5631986,2.668618,0.5423823,0.94471,2.649249,0.5711395,0.7203795,2.660886,0.5294787,0.5188963,2.573732,0.5261807,0.4862856,2.579031,0.4027977,0.5537498,2.678009,0.3208048,0.1859629,2.710586,0.3133115,-0.220156,2.764381,0.5141394,0.5777131,2.632941,0.5020582,0.2145052,2.663059,0.5114215,-0.216351,2.69607,0.418936,1.007277,2.700764
72057594038042242,0,0.5750767,106251.2,0.4637046,0.568167,2.686047,0.4203373,1.175126,2.664996,0.274087,0.9619454,2.730675,0.2614512,0.7217054,2.779143,0.2983531,0.5575111,2.685109,0.2945484,0.5631986,2.668618,0.5423823,0.94471,2.649249,0.5711395,0.7203795,2.660886,0.5294787,0.5188963,2.573732,0.5261807,0.4862856,2.579031,0.4027977,0.5537498,2.678009,0.3208048,0.1859629,2.710586,0.3133115,-0.220156,2.764381,0.5141394,0.5777131,2.632941,0.5020582,0.2145052,2.663059,0.5114215,-0.216351,2.69607,0.418936,1.007277,2.700764
72057594038042242,0,0.5750767,106251.2,0.4637046,0.568167,2.686047,0.4203373,1.175126,2.664996,0.274087,0.9619454,2.730675,0.2614512,0.7217054,2.779143,0.2983531,0.5575111,2.685109,0.2945484,0.5631986,2.668618,0.5423823,0.94471,2.649249,0.5711395,0.7203795,2.660886,0.5294787,0.5188963,2.573732,0.5261807,0.4862856,2.579031,0.4027977,0.5537498,2.678009,0.3208048,0.1859629,2.710586,0.3133115,-0.220156,2.764381,0.5141394,0.5777131,2.632941,0.5020582,0.2145052,2.663059,0.5114215,-0.216351,2.69607,0.418936,1.007277,2.700764
72057594038042242,0,0.5739161,106251.2,0.4609917,0.566077,2.686461,0.4221501,1.174822,2.663413,0.2744629,0.9615253,2.730587,0.2645019,0.7219361,2.775851,0.2938984,0.5520779,2.68922,0.3040125,0.4958464,2.663733,0.5424457,0.944645,2.649341,0.573163,0.7212044,2.660322,0.5462693,0.5035827,2.571367,0.5379114,0.4721224,2.580459,0.40005,0.5530994,2.677222,0.3208176,0.1859651,2.710567,0.3143181,-0.2194322,2.76428,0.5111759,0.5736178,2.634843,0.5046306,0.2152276,2.660239,0.5115478,-0.2159935,2.695781,0.421183,1.006711,2.699096
72057594038042242,0,0.5739161,106251.2,0.4609917,0.566077,2.686461,0.4221501,1.174822,2.663413,0.2744629,0.9615253,2.730587,0.2645019,0.7219361,2.775851,0.2938984,0.5520779,2.68922,0.3040125,0.4958464,2.663733,0.5424457,0.944645,2.649341,0.573163,0.7212044,2.660322,0.5462693,0.5035827,2.571367,0.5379114,0.4721224,2.580459,0.40005,0.5530994,2.677222,0.3208176,0.1859651,2.710567,0.3143181,-0.2194322,2.76428,0.5111759,0.5736178,2.634843,0.5046306,0.2152276,2.660239,0.5115478,-0.2159935,2.695781,0.421183,1.006711,2.699096
72057594038042242,0,0.5739161,106251.2,0.4609917,0.566077,2.686461,0.4221501,1.174822,2.663413,0.2744629,0.9615253,2.730587,0.2645019,0.7219361,2.775851,0.2938984,0.5520779,2.68922,0.3040125,0.4958464,2.663733,0.5424457,0.944645,2.649341,0.573163,0.7212044,2.660322,0.5462693,0.5035827,2.571367,0.5379114,0.4721224,2.580459,0.40005,0.5530994,2.677222,0.3208176,0.1859651,2.710567,0.3143181,-0.2194322,2.76428,0.5111759,0.5736178,2.634843,0.5046306,0.2152276,2.660239,0.5115478,-0.2159935,2.695781,0.421183,1.006711,2.699096
72057594038042242,0,0.5739161,106251.2,0.4609917,0.566077,2.686461,0.4221501,1.174822,2.663413,0.2744629,0.9615253,2.730587,0.2645019,0.7219361,2.775851,0.2938984,0.5520779,2.68922,0.3040125,0.4958464,2.663733,0.5424457,0.944645,2.649341,0.573163,0.7212044,2.660322,0.5462693,0.5035827,2.571367,0.5379114,0.4721224,2.580459,0.40005,0.5530994,2.677222,0.3208176,0.1859651,2.710567,0.3143181,-0.2194322,2.76428,0.5111759,0.5736178,2.634843,0.5046306,0.2152276,2.660239,0.5115478,-0.2159935,2.695781,0.421183,1.006711,2.699096
72057594038042242,0,0.5739161,106251.2,0.4609917,0.566077,2.686461,0.4221501,1.174822,2.663413,0.2744629,0.9615253,2.730587,0.2645019,0.7219361,2.775851,0.2938984,0.5520779,2.68922,0.3040125,0.4958464,2.663733,0.5424457,0.944645,2.649341,0.573163,0.7212044,2.660322,0.5462693,0.5035827,2.571367,0.5379114,0.4721224,2.580459,0.40005,0.5530994,2.677222,0.3208176,0.1859651,2.710567,0.3143181,-0.2194322,2.76428,0.5111759,0.5736178,2.634843,0.5046306,0.2152276,2.660239,0.5115478,-0.2159935,2.695781,0.421183,1.006711,2.699096
72057594038042242,0,0.5739161,106251.2,0.4609917,0.566077,2.686461,0.4221501,1.174822,2.663413,0.2744629,0.9615253,2.730587,0.2645019,0.7219361,2.775851,0.2938984,0.5520779,2.68922,0.3040125,0.4958464,2.663733,0.5424457,0.944645,2.649341,0.573163,0.7212044,2.660322,0.5462693,0.5035827,2.571367,0.5379114,0.4721224,2.580459,0.40005,0.5530994,2.677222,0.3208176,0.1859651,2.710567,0.3143181,-0.2194322,2.76428,0.5111759,0.5736178,2.634843,0.5046306,0.2152276,2.660239,0.5115478,-0.2159935,2.695781,0.421183,1.006711,2.699096
72057594038042242,0,0.5739161,106251.2,0.4609917,0.566077,2.686461,0.4221501,1.174822,2.663413,0.2744629,0.9615253,2.730587,0.2645019,0.7219361,2.775851,0.2938984,0.5520779,2.68922,0.3040125,0.4958464,2.663733,0.5424457,0.944645,2.649341,0.573163,0.7212044,2.660322,0.5462693,0.5035827,2.571367,0.5379114,0.4721224,2.580459,0.40005,0.5530994,2.677222,0.3208176,0.1859651,2.710567,0.3143181,-0.2194322,2.76428,0.5111759,0.5736178,2.634843,0.5046306,0.2152276,2.660239,0.5115478,-0.2159935,2.695781,0.421183,1.006711,2.699096
72057594038042242,0,0.5739161,106251.2,0.4609917,0.566077,2.686461,0.4221501,1.174822,2.663413,0.2744629,0.9615253,2.730587,0.2645019,0.7219361,2.775851,0.2938984,0.5520779,2.68922,0.3040125,0.4958464,2.663733,0.5424457,0.944645,2.649341,0.573163,0.7212044,2.660322,0.5462693,0.5035827,2.571367,0.5379114,0.4721224,2.580459,0.40005,0.5530994,2.677222,0.3208176,0.1859651,2.710567,0.3143181,-0.2194322,2.76428,0.5111759,0.5736178,2.634843,0.5046306,0.2152276,2.660239,0.5115478,-0.2159935,2.695781,0.421183,1.006711,2.699096
72057594038042242,0,0.5739161,106251.2,0.4609917,0.566077,2.686461,0.4221501,1.174822,2.663413,0.2744629,0.9615253,2.730587,0.2645019,0.7219361,2.775851,0.2938984,0.5520779,2.68922,0.3040125,0.4958464,2.663733,0.5424457,0.944645,2.649341,0.573163,0.7212044,2.660322,0.5462693,0.5035827,2.571367,0.5379114,0.4721224,2.580459,0.40005,0.5530994,2.677222,0.3208176,0.1859651,2.710567,0.3143181,-0.2194322,2.76428,0.5111759,0.5736178,2.634843,0.5046306,0.2152276,2.660239,0.5115478,-0.2159935,2.695781,0.421183,1.006711,2.699096
72057594038042242,0,0.5739161,106251.2,0.4609917,0.566077,2.686461,0.4221501,1.174822,2.663413,0.2744629,0.9615253,2.730587,0.2645019,0.7219361,2.775851,0.2938984,0.5520779,2.68922,0.3040125,0.4958464,2.663733,0.5424457,0.944645,2.649341,0.573163,0.7212044,2.660322,0.5462693,0.5035827,2.571367,0.5379114,0.4721224,2.580459,0.40005,0.5530994,2.677222,0.3208176,0.1859651,2.710567,0.3143181,-0.2194322,2.76428,0.5111759,0.5736178,2.634843,0.5046306,0.2152276,2.660239,0.5115478,-0.2159935,2.695781,0.421183,1.006711,2.699096
72057594038042242,0,0.5739161,106251.2,0.4609917,0.566077,2.686461,0.4221501,1.174822,2.663413,0.2744629,0.9615253,2.730587,0.2645019,0.7219361,2.775851,0.2938984,0.5520779,2.68922,0.3040125,0.4958464,2.663733,0.5424457,0.944645,2.649341,0.573163,0.7212044,2.660322,0.5462693,0.5035827,2.571367,0.5379114,0.4721224,2.580459,0.40005,0.5530994,2.677222,0.3208176,0.1859651,2.710567,0.3143181,-0.2194322,2.76428,0.5111759,0.5736178,2.634843,0.5046306,0.2152276,2.660239,0.5115478,-0.2159935,2.695781,0.421183,1.006711,2.699096
72057594038042242,0,0.573365,106251.2,0.4580143,0.562429,2.687487,0.4248933,1.172403,2.664285,0.2866938,0.9592479,2.733174,0.2648449,0.7226272,2.775618,0.2738943,0.5468106,2.696391,0.2772244,0.4885942,2.67337,0.5423194,0.9444222,2.649334,0.5739363,0.7210509,2.659765,0.5470118,0.502574,2.571496,0.5399902,0.4724814,2.579651,0.3972942,0.5510507,2.675645,0.3221719,0.1849361,2.71045,0.3143909,-0.2199341,2.764227,0.5076617,0.5675992,2.639519,0.5056419,0.2151309,2.659364,0.5133435,-0.2039433,2.69546,0.4242603,1.00572,2.698233
72057594038042242,0,0.573365,106251.2,0.4580143,0.562429,2.687487,0.4248933,1.172403,2.664285,0.2866938,0.9592479,2.733174,0.2648449,0.7226272,2.775618,0.2738943,0.5468106,2.696391,0.2772244,0.4885942,2.67337,0.5423194,0.9444222,2.649334,0.5739363,0.7210509,2.659765,0.5470118,0.502574,2.571496,0.5399902,0.4724814,2.579651,0.3972942,0.5510507,2.675645,0.3221719,0.1849361,2.71045,0.3143909,-0.2199341,2.764227,0.5076617,0.5675992,2.639519,0.5056419,0.2151309,2.659364,0.5133435,-0.2039433,2.69546,0.4242603,1.00572,2.698233
72057594038042242,0,0.573365,106251.2,0.4580143,0.562429,2.687487,0.4248933,1.172403,2.664285,0.2866938,0.9592479,2.733174,0.2648449,0.7226272,2.775618,0.2738943,0.5468106,2.696391,0.2772244,0.4885942,2.67337,0.5423194,0.9444222,2.649334,0.5739363,0.7210509,2.659765,0.5470118,0.502574,2.571496,0.5399902,0.4724814,2.579651,0.3972942,0.5510507,2.675645,0.3221719,0.1849361,2.71045,0.3143909,-0.2199341,2.764227,0.5076617,0.5675992,2.639519,0.5056419,0.2151309,2.659364,0.5133435,-0.2039433,2.69546,0.4242603,1.00572,2.698233
72057594038042242,0,0.573365,106251.2,0.4580143,0.562429,2.687487,0.4248933,1.172403,2.664285,0.2866938,0.9592479,2.733174,0.2648449,0.7226272,2.775618,0.2738943,0.5468106,2.696391,0.2772244,0.4885942,2.67337,0.5423194,0.9444222,2.649334,0.5739363,0.7210509,2.659765,0.5470118,0.502574,2.571496,0.5399902,0.4724814,2.579651,0.3972942,0.5510507,2.675645,0.3221719,0.1849361,2.71045,0.3143909,-0.2199341,2.764227,0.5076617,0.5675992,2.639519,0.5056419,0.2151309,2.659364,0.5133435,-0.2039433,2.69546,0.4242603,1.00572,2.698233
72057594038042242,0,0.573365,106251.2,0.4580143,0.562429,2.687487,0.4248933,1.172403,2.664285,0.2866938,0.9592479,2.733174,0.2648449,0.7226272,2.775618,0.2738943,0.5468106,2.696391,0.2772244,0.4885942,2.67337,0.5423194,0.9444222,2.649334,0.5739363,0.7210509,2.659765,0.5470118,0.502574,2.571496,0.5399902,0.4724814,2.579651,0.3972942,0.5510507,2.675645,0.3221719,0.1849361,2.71045,0.3143909,-0.2199341,2.764227,0.5076617,0.5675992,2.639519,0.5056419,0.2151309,2.659364,0.5133435,-0.2039433,2.69546,0.4242603,1.00572,2.698233
72057594038042242,0,0.573365,106251.2,0.4580143,0.562429,2.687487,0.4248933,1.172403,2.664285,0.2866938,0.9592479,2.733174,0.2648449,0.7226272,2.775618,0.2738943,0.5468106,2.696391,0.2772244,0.4885942,2.67337,0.5423194,0.9444222,2.649334,0.5739363,0.7210509,2.659765,0.5470118,0.502574,2.571496,0.5399902,0.4724814,2.579651,0.3972942,0.5510507,2.675645,0.3221719,0.1849361,2.71045,0.3143909,-0.2199341,2.764227,0.5076617,0.5675992,2.639519,0.5056419,0.2151309,2.659364,0.5133435,-0.2039433,2.69546,0.4242603,1.00572,2.698233
72057594038042242,0,0.573365,106251.2,0.4580143,0.562429,2.687487,0.4248933,1.172403,2.664285,0.2866938,0.9592479,2.733174,0.2648449,0.7226272,2.775618,0.2738943,0.5468106,2.696391,0.2772244,0.4885942,2.67337,0.5423194,0.9444222,2.649334,0.5739363,0.7210509,2.659765,0.5470118,0.502574,2.571496,0.5399902,0.4724814,2.579651,0.3972942,0.5510507,2.675645,0.3221719,0.1849361,2.71045,0.3143909,-0.2199341,2.764227,0.5076617,0.5675992,2.639519,0.5056419,0.2151309,2.659364,0.5133435,-0.2039433,2.69546,0.4242603,1.00572,2.698233
72057594038042242,0,0.573365,106251.2,0.4580143,0.562429,2.687487,0.4248933,1.172403,2.664285,0.2866938,0.9592479,2.733174,0.2648449,0.7226272,2.775618,0.2738943,0.5468106,2.696391,0.2772244,0.4885942,2.67337,0.5423194,0.9444222,2.649334,0.5739363,0.7210509,2.659765,0.5470118,0.502574,2.571496,0.5399902,0.4724814,2.579651,0.3972942,0.5510507,2.675645,0.3221719,0.1849361,2.71045,0.3143909,-0.2199341,2.764227,0.5076617,0.5675992,2.639519,0.5056419,0.2151309,2.659364,0.5133435,-0.2039433,2.69546,0.4242603,1.00572,2.698233
72057594038042242,0,0.573365,106251.2,0.4580143,0.562429,2.687487,0.4248933,1.172403,2.664285,0.2866938,0.9592479,2.733174,0.2648449,0.7226272,2.775618,0.2738943,0.5468106,2.696391,0.2772244,0.4885942,2.67337,0.5423194,0.9444222,2.649334,0.5739363,0.7210509,2.659765,0.5470118,0.502574,2.571496,0.5399902,0.4724814,2.579651,0.3972942,0.5510507,2.675645,0.3221719,0.1849361,2.71045,0.3143909,-0.2199341,2.764227,0.5076617,0.5675992,2.639519,0.5056419,0.2151309,2.659364,0.5133435,-0.2039433,2.69546,0.4242603,1.00572,2.698233
72057594038042242,0,0.573365,106251.2,0.4580143,0.562429,2.687487,0.4248933,1.172403,2.664285,0.2866938,0.9592479,2.733174,0.2648449,0.7226272,2.775618,0.2738943,0.5468106,2.696391,0.2772244,0.4885942,2.67337,0.5423194,0.9444222,2.649334,0.5739363,0.7210509,2.659765,0.5470118,0.502574,2.571496,0.5399902,0.4724814,2.579651,0.3972942,0.5510507,2.675645,0.3221719,0.1849361,2.71045,0.3143909,-0.2199341,2.764227,0.5076617,0.5675992,2.639519,0.5056419,0.2151309,2.659364,0.5133435,-0.2039433,2.69546,0.4242603,1.00572,2.698233
72057594038042242,0,0.5734103,106251.2,0.4568058,0.5605114,2.687731,0.4265668,1.170949,2.664383,0.2870283,0.9593939,2.733152,0.2652297,0.7243607,2.774494,0.2651486,0.5452763,2.702291,0.2654348,0.4859738,2.681612,0.5423334,0.9444036,2.64934,0.5738596,0.7206125,2.659075,0.5475961,0.4998465,2.571661,0.540372,0.4682904,2.581631,0.3954493,0.5496809,2.673312,0.3239822,0.1846113,2.709568,0.3143902,-0.219943,2.764226,0.5067312,0.5645946,2.642178,0.5065807,0.2145872,2.657698,0.5132618,-0.2036744,2.695439,0.4248043,1.005779,2.697949
72057594038042242,0,0.5734103,106251.2,0.4568058,0.5605114,2.687731,0.4265668,1.170949,2.664383,0.2870283,0.9593939,2.733152,0.2652297,0.7243607,2.774494,0.2651486,0.5452763,2.702291,0.2654348,0.4859738,2.681612,0.5423334,0.9444036,2.64934,0.5738596,0.7206125,2.659075,0.5475961,0.4998465,2.571661,0.540372,0.4682904,2.581631,0.3954493,0.5496809,2.673312,0.3239822,0.1846113,2.709568,0.3143902,-0.219943,2.764226,0.5067312,0.5645946,2.642178,0.5065807,0.2145872,2.657698,0.5132618,-0.2036744,2.695439,0.4248043,1.005779,2.697949
72057594038042242,0,0.5734103,106251.2,0.4568058,0.5605114,2.687731,0.4265668,1.170949,2.664383,0.2870283,0.9593939,2.733152,0.2652297,0.7243607,2.774494,0.2651486,0.5452763,2.702291,0.2654348,0.4859738,2.681612,0.5423334,0.9444036,2.64934,0.5738596,0.7206125,2.659075,0.5475961,0.4998465,2.571661,0.540372,0.4682904,2.581631,0.3954493,0.5496809,2.673312,0.3239822,0.1846113,2.709568,0.3143902,-0.219943,2.764226,0.5067312,0.5645946,2.642178,0.5065807,0.2145872,2.657698,0.5132618,-0.2036744,2.695439,0.4248043,1.005779,2.697949
72057594038042242,0,0.5734103,106251.2,0.4568058,0.5605114,2.687731,0.4265668,1.170949,2.664383,0.2870283,0.9593939,2.733152,0.2652297,0.7243607,2.774494,0.2651486,0.5452763,2.702291,0.2654348,0.4859738,2.681612,0.5423334,0.9444036,2.64934,0.5738596,0.7206125,2.659075,0.5475961,0.4998465,2.571661,0.540372,0.4682904,2.581631,0.3954493,0.5496809,2.673312,0.3239822,0.1846113,2.709568,0.3143902,-0.219943,2.764226,0.5067312,0.5645946,2.642178,0.5065807,0.2145872,2.657698,0.5132618,-0.2036744,2.695439,0.4248043,1.005779,2.697949
72057594038042242,0,0.5734103,106251.2,0.4568058,0.5605114,2.687731,0.4265668,1.170949,2.664383,0.2870283,0.9593939,2.733152,0.2652297,0.7243607,2.774494,0.2651486,0.5452763,2.702291,0.2654348,0.4859738,2.681612,0.5423334,0.9444036,2.64934,0.5738596,0.7206125,2.659075,0.5475961,0.4998465,2.571661,0.540372,0.4682904,2.581631,0.3954493,0.5496809,2.673312,0.3239822,0.1846113,2.709568,0.3143902,-0.219943,2.764226,0.5067312,0.5645946,2.642178,0.5065807,0.2145872,2.657698,0.5132618,-0.2036744,2.695439,0.4248043,1.005779,2.697949
72057594038042242,0,0.5734103,106251.2,0.4568058,0.5605114,2.687731,0.4265668,1.170949,2.664383,0.2870283,0.9593939,2.733152,0.2652297,0.7243607,2.774494,0.2651486,0.5452763,2.702291,0.2654348,0.4859738,2.681612,0.5423334,0.9444036,2.64934,0.5738596,0.7206125,2.659075,0.5475961,0.4998465,2.571661,0.540372,0.4682904,2.581631,0.3954493,0.5496809,2.673312,0.3239822,0.1846113,2.709568,0.3143902,-0.219943,2.764226,0.5067312,0.5645946,2.642178,0.5065807,0.2145872,2.657698,0.5132618,-0.2036744,2.695439,0.4248043,1.005779,2.697949
72057594038042242,0,0.5734103,106251.3,0.4568058,0.5605114,2.687731,0.4265668,1.170949,2.664383,0.2870283,0.9593939,2.733152,0.2652297,0.7243607,2.774494,0.2651486,0.5452763,2.702291,0.2654348,0.4859738,2.681612,0.5423334,0.9444036,2.64934,0.5738596,0.7206125,2.659075,0.5475961,0.4998465,2.571661,0.540372,0.4682904,2.581631,0.3954493,0.5496809,2.673312,0.3239822,0.1846113,2.709568,0.3143902,-0.219943,2.764226,0.5067312,0.5645946,2.642178,0.5065807,0.2145872,2.657698,0.5132618,-0.2036744,2.695439,0.4248043,1.005779,2.697949
72057594038042242,0,0.5734103,106251.3,0.4568058,0.5605114,2.687731,0.4265668,1.170949,2.664383,0.2870283,0.9593939,2.733152,0.2652297,0.7243607,2.774494,0.2651486,0.5452763,2.702291,0.2654348,0.4859738,2.681612,0.5423334,0.9444036,2.64934,0.5738596,0.7206125,2.659075,0.5475961,0.4998465,2.571661,0.540372,0.4682904,2.581631,0.3954493,0.5496809,2.673312,0.3239822,0.1846113,2.709568,0.3143902,-0.219943,2.764226,0.5067312,0.5645946,2.642178,0.5065807,0.2145872,2.657698,0.5132618,-0.2036744,2.695439,0.4248043,1.005779,2.697949
72057594038042242,0,0.5734103,106251.3,0.4568058,0.5605114,2.687731,0.4265668,1.170949,2.664383,0.2870283,0.9593939,2.733152,0.2652297,0.7243607,2.774494,0.2651486,0.5452763,2.702291,0.2654348,0.4859738,2.681612,0.5423334,0.9444036,2.64934,0.5738596,0.7206125,2.659075,0.5475961,0.4998465,2.571661,0.540372,0.4682904,2.581631,0.3954493,0.5496809,2.673312,0.3239822,0.1846113,2.709568,0.3143902,-0.219943,2.764226,0.5067312,0.5645946,2.642178,0.5065807,0.2145872,2.657698,0.5132618,-0.2036744,2.695439,0.4248043,1.005779,2.697949
72057594038042242,0,0.5734103,106251.3,0.4568058,0.5605114,2.687731,0.4265668,1.170949,2.664383,0.2870283,0.9593939,2.733152,0.2652297,0.7243607,2.774494,0.2651486,0.5452763,2.702291,0.2654348,0.4859738,2.681612,0.5423334,0.9444036,2.64934,0.5738596,0.7206125,2.659075,0.5475961,0.4998465,2.571661,0.540372,0.4682904,2.581631,0.3954493,0.5496809,2.673312,0.3239822,0.1846113,2.709568,0.3143902,-0.219943,2.764226,0.5067312,0.5645946,2.642178,0.5065807,0.2145872,2.657698,0.5132618,-0.2036744,2.695439,0.4248043,1.005779,2.697949
72057594038042242,0,0.5734103,106251.3,0.4568058,0.5605114,2.687731,0.4265668,1.170949,2.664383,0.2870283,0.9593939,2.733152,0.2652297,0.7243607,2.774494,0.2651486,0.5452763,2.702291,0.2654348,0.4859738,2.681612,0.5423334,0.9444036,2.64934,0.5738596,0.7206125,2.659075,0.5475961,0.4998465,2.571661,0.540372,0.4682904,2.581631,0.3954493,0.5496809,2.673312,0.3239822,0.1846113,2.709568,0.3143902,-0.219943,2.764226,0.5067312,0.5645946,2.642178,0.5065807,0.2145872,2.657698,0.5132618,-0.2036744,2.695439,0.4248043,1.005779,2.697949
72057594038042242,0,0.5734103,106251.3,0.4568058,0.5605114,2.687731,0.4265668,1.170949,2.664383,0.2870283,0.9593939,2.733152,0.2652297,0.7243607,2.774494,0.2651486,0.5452763,2.702291,0.2654348,0.4859738,2.681612,0.5423334,0.9444036,2.64934,0.5738596,0.7206125,2.659075,0.5475961,0.4998465,2.571661,0.540372,0.4682904,2.581631,0.3954493,0.5496809,2.673312,0.3239822,0.1846113,2.709568,0.3143902,-0.219943,2.764226,0.5067312,0.5645946,2.642178,0.5065807,0.2145872,2.657698,0.5132618,-0.2036744,2.695439,0.4248043,1.005779,2.697949
72057594038042242,0,0.5725903,106251.3,0.4551413,0.5594909,2.687925,0.4267983,1.171174,2.664168,0.2905806,0.960232,2.734416,0.2657065,0.7292576,2.773096,0.2645149,0.5487635,2.703881,0.2644314,0.4889972,2.684197,0.5424938,0.9443022,2.649403,0.5734244,0.7119627,2.655361,0.5495789,0.4953716,2.572442,0.5395496,0.4630739,2.58164,0.3936329,0.5489025,2.672328,0.3279164,0.1756383,2.710589,0.3148398,-0.2198521,2.764378,0.5054777,0.563888,2.643039,0.5071217,0.2130075,2.656777,0.5133066,-0.2037719,2.69543,0.4250852,1.0057,2.697843
72057594038042242,0,0.5725903,106251.3,0.4551413,0.5594909,2.687925,0.4267983,1.171174,2.664168,0.2905806,0.960232,2.734416,0.2657065,0.7292576,2.773096,0.2645149,0.5487635,2.703881,0.2644314,0.4889972,2.684197,0.5424938,0.9443022,2.649403,0.5734244,0.7119627,2.655361,0.5495789,0.4953716,2.572442,0.5395496,0.4630739,2.58164,0.3936329,0.5489025,2.672328,0.3279164,0.1756383,2.710589,0.3148398,-0.2198521,2.764378,0.5054777,0.563888,2.643039,0.5071217,0.2130075,2.656777,0.5133066,-0.2037719,2.69543,0.4250852,1.0057,2.697843
72057594038042242,0,0.5725903,106251.3,0.4551413,0.5594909,2.687925,0.4267983,1.171174,2.664168,0.2905806,0.960232,2.734416,0.2657065,0.7292576,2.773096,0.2645149,0.5487635,2.703881,0.2644314,0.4889972,2.684197,0.5424938,0.9443022,2.649403,0.5734244,0.7119627,2.655361,0.5495789,0.4953716,2.572442,0.5395496,0.4630739,2.58164,0.3936329,0.5489025,2.672328,0.3279164,0.1756383,2.710589,0.3148398,-0.2198521,2.764378,0.5054777,0.563888,2.643039,0.5071217,0.2130075,2.656777,0.5133066,-0.2037719,2.69543,0.4250852,1.0057,2.697843
72057594038042242,0,0.5725903,106251.3,0.4551413,0.5594909,2.687925,0.4267983,1.171174,2.664168,0.2905806,0.960232,2.734416,0.2657065,0.7292576,2.773096,0.2645149,0.5487635,2.703881,0.2644314,0.4889972,2.684197,0.5424938,0.9443022,2.649403,0.5734244,0.7119627,2.655361,0.5495789,0.4953716,2.572442,0.5395496,0.4630739,2.58164,0.3936329,0.5489025,2.672328,0.3279164,0.1756383,2.710589,0.3148398,-0.2198521,2.764378,0.5054777,0.563888,2.643039,0.5071217,0.2130075,2.656777,0.5133066,-0.2037719,2.69543,0.4250852,1.0057,2.697843
72057594038042242,0,0.5725903,106251.3,0.4551413,0.5594909,2.687925,0.4267983,1.171174,2.664168,0.2905806,0.960232,2.734416,0.2657065,0.7292576,2.773096,0.2645149,0.5487635,2.703881,0.2644314,0.4889972,2.684197,0.5424938,0.9443022,2.649403,0.5734244,0.7119627,2.655361,0.5495789,0.4953716,2.572442,0.5395496,0.4630739,2.58164,0.3936329,0.5489025,2.672328,0.3279164,0.1756383,2.710589,0.3148398,-0.2198521,2.764378,0.5054777,0.563888,2.643039,0.5071217,0.2130075,2.656777,0.5133066,-0.2037719,2.69543,0.4250852,1.0057,2.697843
72057594038042242,0,0.5725903,106251.3,0.4551413,0.5594909,2.687925,0.4267983,1.171174,2.664168,0.2905806,0.960232,2.734416,0.2657065,0.7292576,2.773096,0.2645149,0.5487635,2.703881,0.2644314,0.4889972,2.684197,0.5424938,0.9443022,2.649403,0.5734244,0.7119627,2.655361,0.5495789,0.4953716,2.572442,0.5395496,0.4630739,2.58164,0.3936329,0.5489025,2.672328,0.3279164,0.1756383,2.710589,0.3148398,-0.2198521,2.764378,0.5054777,0.563888,2.643039,0.5071217,0.2130075,2.656777,0.5133066,-0.2037719,2.69543,0.4250852,1.0057,2.697843
72057594038042242,0,0.5725903,106251.3,0.4551413,0.5594909,2.687925,0.4267983,1.171174,2.664168,0.2905806,0.960232,2.734416,0.2657065,0.7292576,2.773096,0.2645149,0.5487635,2.703881,0.2644314,0.4889972,2.684197,0.5424938,0.9443022,2.649403,0.5734244,0.7119627,2.655361,0.5495789,0.4953716,2.572442,0.5395496,0.4630739,2.58164,0.3936329,0.5489025,2.672328,0.3279164,0.1756383,2.710589,0.3148398,-0.2198521,2.764378,0.5054777,0.563888,2.643039,0.5071217,0.2130075,2.656777,0.5133066,-0.2037719,2.69543,0.4250852,1.0057,2.697843
72057594038042242,0,0.5725903,106251.3,0.4551413,0.5594909,2.687925,0.4267983,1.171174,2.664168,0.2905806,0.960232,2.734416,0.2657065,0.7292576,2.773096,0.2645149,0.5487635,2.703881,0.2644314,0.4889972,2.684197,0.5424938,0.9443022,2.649403,0.5734244,0.7119627,2.655361,0.5495789,0.4953716,2.572442,0.5395496,0.4630739,2.58164,0.3936329,0.5489025,2.672328,0.3279164,0.1756383,2.710589,0.3148398,-0.2198521,2.764378,0.5054777,0.563888,2.643039,0.5071217,0.2130075,2.656777,0.5133066,-0.2037719,2.69543,0.4250852,1.0057,2.697843
72057594038042242,0,0.5725903,106251.3,0.4551413,0.5594909,2.687925,0.4267983,1.171174,2.664168,0.2905806,0.960232,2.734416,0.2657065,0.7292576,2.773096,0.2645149,0.5487635,2.703881,0.2644314,0.4889972,2.684197,0.5424938,0.9443022,2.649403,0.5734244,0.7119627,2.655361,0.5495789,0.4953716,2.572442,0.5395496,0.4630739,2.58164,0.3936329,0.5489025,2.672328,0.3279164,0.1756383,2.710589,0.3148398,-0.2198521,2.764378,0.5054777,0.563888,2.643039,0.5071217,0.2130075,2.656777,0.5133066,-0.2037719,2.69543,0.4250852,1.0057,2.697843
72057594038042242,0,0.5715089,106251.3,0.4532905,0.558621,2.688473,0.4273914,1.171724,2.663727,0.2951896,0.9620035,2.734227,0.2669053,0.7821367,2.779908,0.2547111,0.6002731,2.718197,0.2457381,0.588118,2.703616,0.5426437,0.944245,2.649403,0.5745919,0.7130996,2.654821,0.5492792,0.4958941,2.571548,0.5390304,0.4638323,2.5797,0.3918229,0.548308,2.671957,0.3362163,0.134137,2.71904,0.3148917,-0.2201172,2.764339,0.5039172,0.5632328,2.644215,0.5070503,0.2119208,2.656503,0.5136439,-0.2034817,2.695211,0.4252456,1.005618,2.697838
72057594038042242,0,0.5715089,106251.3,0.4532905,0.558621,2.688473,0.4273914,1.171724,2.663727,0.2951896,0.9620035,2.734227,0.2669053,0.7821367,2.779908,0.2547111,0.6002731,2.718197,0.2457381,0.588118,2.703616,0.5426437,0.944245,2.649403,0.5745919,0.7130996,2.654821,0.5492792,0.4958941,2.571548,0.5390304,0.4638323,2.5797,0.3918229,0.548308,2.671957,0.3362163,0.134137,2.71904,0.3148917,-0.2201172,2.764339,0.5039172,0.5632328,2.644215,0.5070503,0.2119208,2.656503,0.5136439,-0.2034817,2.695211,0.4252456,1.005618,2.697838
72057594038042242,0,0.5715089,106251.3,0.4532905,0.558621,2.688473,0.4273914,1.171724,2.663727,0.2951896,0.9620035,2.734227,0.2669053,0.7821367,2.779908,0.2547111,0.6002731,2.718197,0.2457381,0.588118,2.703616,0.5426437,0.944245,2.649403,0.5745919,0.7130996,2.654821,0.5492792,0.4958941,2.571548,0.5390304,0.4638323,2.5797,0.3918229,0.548308,2.671957,0.3362163,0.134137,2.71904,0.3148917,-0.2201172,2.764339,0.5039172,0.5632328,2.644215,0.5070503,0.2119208,2.656503,0.5136439,-0.2034817,2.695211,0.4252456,1.005618,2.697838
72057594038042242,0,0.5715089,106251.3,0.4532905,0.558621,2.688473,0.4273914,1.171724,2.663727,0.2951896,0.9620035,2.734227,0.2669053,0.7821367,2.779908,0.2547111,0.6002731,2.718197,0.2457381,0.588118,2.703616,0.5426437,0.944245,2.649403,0.5745919,0.7130996,2.654821,0.5492792,0.4958941,2.571548,0.5390304,0.4638323,2.5797,0.3918229,0.548308,2.671957,0.3362163,0.134137,2.71904,0.3148917,-0.2201172,2.764339,0.5039172,0.5632328,2.644215,0.5070503,0.2119208,2.656503,0.5136439,-0.2034817,2.695211,0.4252456,1.005618,2.697838
72057594038042242,0,0.5715089,106251.3,0.4532905,0.558621,2.688473,0.4273914,1.171724,2.663727,0.2951896,0.9620035,2.734227,0.2669053,0.7821367,2.779908,0.2547111,0.6002731,2.718197,0.2457381,0.588118,2.703616,0.5426437,0.944245,2.649403,0.5745919,0.7130996,2.654821,0.5492792,0.4958941,2.571548,0.5390304,0.4638323,2.5797,0.3918229,0.548308,2.671957,0.3362163,0.134137,2.71904,0.3148917,-0.2201172,2.764339,0.5039172,0.5632328,2.644215,0.5070503,0.2119208,2.656503,0.5136439,-0.2034817,2.695211,0.4252456,1.005618,2.697838
72057594038042242,0,0.5715089,106251.3,0.4532905,0.558621,2.688473,0.4273914,1.171724,2.663727,0.2951896,0.9620035,2.734227,0.2669053,0.7821367,2.779908,0.2547111,0.6002731,2.718197,0.2457381,0.588118,2.703616,0.5426437,0.944245,2.649403,0.5745919,0.7130996,2.654821,0.5492792,0.4958941,2.571548,0.5390304,0.4638323,2.5797,0.3918229,0.548308,2.671957,0.3362163,0.134137,2.71904,0.3148917,-0.2201172,2.764339,0.5039172,0.5632328,2.644215,0.5070503,0.2119208,2.656503,0.5136439,-0.2034817,2.695211,0.4252456,1.005618,2.697838
72057594038042242,0,0.5715089,106251.3,0.4532905,0.558621,2.688473,0.4273914,1.171724,2.663727,0.2951896,0.9620035,2.734227,0.2669053,0.7821367,2.779908,0.2547111,0.6002731,2.718197,0.2457381,0.588118,2.703616,0.5426437,0.944245,2.649403,0.5745919,0.7130996,2.654821,0.5492792,0.4958941,2.571548,0.5390304,0.4638323,2.5797,0.3918229,0.548308,2.671957,0.3362163,0.134137,2.71904,0.3148917,-0.2201172,2.764339,0.5039172,0.5632328,2.644215,0.5070503,0.2119208,2.656503,0.5136439,-0.2034817,2.695211,0.4252456,1.005618,2.697838
72057594038042242,0,0.5715089,106251.3,0.4532905,0.558621,2.688473,0.4273914,1.171724,2.663727,0.2951896,0.9620035,2.734227,0.2669053,0.7821367,2.779908,0.2547111,0.6002731,2.718197,0.2457381,0.588118,2.703616,0.5426437,0.944245,2.649403,0.5745919,0.7130996,2.654821,0.5492792,0.4958941,2.571548,0.5390304,0.4638323,2.5797,0.3918229,0.548308,2.671957,0.3362163,0.134137,2.71904,0.3148917,-0.2201172,2.764339,0.5039172,0.5632328,2.644215,0.5070503,0.2119208,2.656503,0.5136439,-0.2034817,2.695211,0.4252456,1.005618,2.697838
72057594038042242,0,0.5715089,106251.3,0.4532905,0.558621,2.688473,0.4273914,1.171724,2.663727,0.2951896,0.9620035,2.734227,0.2669053,0.7821367,2.779908,0.2547111,0.6002731,2.718197,0.2457381,0.588118,2.703616,0.5426437,0.944245,2.649403,0.5745919,0.7130996,2.654821,0.5492792,0.4958941,2.571548,0.5390304,0.4638323,2.5797,0.3918229,0.548308,2.671957,0.3362163,0.134137,2.71904,0.3148917,-0.2201172,2.764339,0.5039172,0.5632328,2.644215,0.5070503,0.2119208,2.656503,0.5136439,-0.2034817,2.695211,0.4252456,1.005618,2.697838
72057594038042242,0,0.5690355,106251.3,0.448819,0.5563586,2.689498,0.4273815,1.171728,2.663929,0.2947197,0.9618984,2.733998,0.2604753,0.7854957,2.784081,0.237492,0.6045684,2.725503,0.2360773,0.5916168,2.712063,0.5427139,0.943849,2.649404,0.5751228,0.7140015,2.654764,0.554628,0.5488003,2.556718,0.5416734,0.5128726,2.56972,0.387776,0.5466816,2.672309,0.3322821,0.15775,2.711499,0.315004,-0.2203466,2.764146,0.4997602,0.5610982,2.645482,0.5069984,0.2111856,2.656048,0.5127494,-0.2141713,2.691449,0.4259445,1.005564,2.697632
72057594038042242,0,0.5690355,106251.3,0.448819,0.5563586,2.689498,0.4273815,1.171728,2.663929,0.2947197,0.9618984,2.733998,0.2604753,0.7854957,2.784081,0.237492,0.6045684,2.725503,0.2360773,0.5916168,2.712063,0.5427139,0.943849,2.649404,0.5751228,0.7140015,2.654764,0.554628,0.5488003,2.556718,0.5416734,0.5128726,2.56972,0.387776,0.5466816,2.672309,0.3322821,0.15775,2.711499,0.315004,-0.2203466,2.764146,0.4997602,0.5610982,2.645482,0.5069984,0.2111856,2.656048,0.5127494,-0.2141713,2.691449,0.4259445,1.005564,2.697632
72057594038042242,0,0.5690355,106251.3,0.448819,0.5563586,2.689498,0.4273815,1.171728,2.663929,0.2947197,0.9618984,2.733998,0.2604753,0.7854957,2.784081,0.237492,0.6045684,2.725503,0.2360773,0.5916168,2.712063,0.5427139,0.943849,2.649404,0.5751228,0.7140015,2.654764,0.554628,0.5488003,2.556718,0.5416734,0.5128726,2.56972,0.387776,0.5466816,2.672309,0.3322821,0.15775,2.711499,0.315004,-0.2203466,2.764146,0.4997602,0.5610982,2.645482,0.5069984,0.2111856,2.656048,0.5127494,-0.2141713,2.691449,0.4259445,1.005564,2.697632
72057594038042242,0,0.5690355,106251.3,0.448819,0.5563586,2.689498,0.4273815,1.171728,2.663929,0.2947197,0.9618984,2.733998,0.2604753,0.7854957,2.784081,0.237492,0.6045684,2.725503,0.2360773,0.5916168,2.712063,0.5427139,0.943849,2.649404,0.5751228,0.7140015,2.654764,0.554628,0.5488003,2.556718,0.5416734,0.5128726,2.56972,0.387776,0.5466816,2.672309,0.3322821,0.15775,2.711499,0.315004,-0.2203466,2.764146,0.4997602,0.5610982,2.645482,0.5069984,0.2111856,2.656048,0.5127494,-0.2141713,2.691449,0.4259445,1.005564,2.697632
72057594038042242,0,0.5690355,106251.3,0.448819,0.5563586,2.689498,0.4273815,1.171728,2.663929,0.2947197,0.9618984,2.733998,0.2604753,0.7854957,2.784081,0.237492,0.6045684,2.725503,0.2360773,0.5916168,2.712063,0.5427139,0.943849,2.649404,0.5751228,0.7140015,2.654764,0.554628,0.5488003,2.556718,0.5416734,0.5128726,2.56972,0.387776,0.5466816,2.672309,0.3322821,0.15775,2.711499,0.315004,-0.2203466,2.764146,0.4997602,0.5610982,2.645482,0.5069984,0.2111856,2.656048,0.5127494,-0.2141713,2.691449,0.4259445,1.005564,2.697632
72057594038042242,0,0.5690355,106251.3,0.448819,0.5563586,2.689498,0.4273815,1.171728,2.663929,0.2947197,0.9618984,2.733998,0.2604753,0.7854957,2.784081,0.237492,0.6045684,2.725503,0.2360773,0.5916168,2.712063,0.5427139,0.943849,2.649404,0.5751228,0.7140015,2.654764,0.554628,0.5488003,2.556718,0.5416734,0.5128726,2.56972,0.387776,0.5466816,2.672309,0.3322821,0.15775,2.711499,0.315004,-0.2203466,2.764146,0.4997602,0.5610982,2.645482,0.5069984,0.2111856,2.656048,0.5127494,-0.2141713,2.691449,0.4259445,1.005564,2.697632
72057594038042242,0,0.5690355,106251.4,0.448819,0.5563586,2.689498,0.4273815,1.171728,2.663929,0.2947197,0.9618984,2.733998,0.2604753,0.7854957,2.784081,0.237492,0.6045684,2.725503,0.2360773,0.5916168,2.712063,0.5427139,0.943849,2.649404,0.5751228,0.7140015,2.654764,0.554628,0.5488003,2.556718,0.5416734,0.5128726,2.56972,0.387776,0.5466816,2.672309,0.3322821,0.15775,2.711499,0.315004,-0.2203466,2.764146,0.4997602,0.5610982,2.645482,0.5069984,0.2111856,2.656048,0.5127494,-0.2141713,2.691449,0.4259445,1.005564,2.697632
72057594038042242,0,0.5690355,106251.4,0.448819,0.5563586,2.689498,0.4273815,1.171728,2.663929,0.2947197,0.9618984,2.733998,0.2604753,0.7854957,2.784081,0.237492,0.6045684,2.725503,0.2360773,0.5916168,2.712063,0.5427139,0.943849,2.649404,0.5751228,0.7140015,2.654764,0.554628,0.5488003,2.556718,0.5416734,0.5128726,2.56972,0.387776,0.5466816,2.672309,0.3322821,0.15775,2.711499,0.315004,-0.2203466,2.764146,0.4997602,0.5610982,2.645482,0.5069984,0.2111856,2.656048,0.5127494,-0.2141713,2.691449,0.4259445,1.005564,2.697632
72057594038042242,0,0.5690355,106251.4,0.448819,0.5563586,2.689498,0.4273815,1.171728,2.663929,0.2947197,0.9618984,2.733998,0.2604753,0.7854957,2.784081,0.237492,0.6045684,2.725503,0.2360773,0.5916168,2.712063,0.5427139,0.943849,2.649404,0.5751228,0.7140015,2.654764,0.554628,0.5488003,2.556718,0.5416734,0.5128726,2.56972,0.387776,0.5466816,2.672309,0.3322821,0.15775,2.711499,0.315004,-0.2203466,2.764146,0.4997602,0.5610982,2.645482,0.5069984,0.2111856,2.656048,0.5127494,-0.2141713,2.691449,0.4259445,1.005564,2.697632
72057594038042242,0,0.5690355,106251.4,0.448819,0.5563586,2.689498,0.4273815,1.171728,2.663929,0.2947197,0.9618984,2.733998,0.2604753,0.7854957,2.784081,0.237492,0.6045684,2.725503,0.2360773,0.5916168,2.712063,0.5427139,0.943849,2.649404,0.5751228,0.7140015,2.654764,0.554628,0.5488003,2.556718,0.5416734,0.5128726,2.56972,0.387776,0.5466816,2.672309,0.3322821,0.15775,2.711499,0.315004,-0.2203466,2.764146,0.4997602,0.5610982,2.645482,0.5069984,0.2111856,2.656048,0.5127494,-0.2141713,2.691449,0.4259445,1.005564,2.697632
72057594038042242,0,0.5690355,106251.4,0.448819,0.5563586,2.689498,0.4273815,1.171728,2.663929,0.2947197,0.9618984,2.733998,0.2604753,0.7854957,2.784081,0.237492,0.6045684,2.725503,0.2360773,0.5916168,2.712063,0.5427139,0.943849,2.649404,0.5751228,0.7140015,2.654764,0.554628,0.5488003,2.556718,0.5416734,0.5128726,2.56972,0.387776,0.5466816,2.672309,0.3322821,0.15775,2.711499,0.315004,-0.2203466,2.764146,0.4997602,0.5610982,2.645482,0.5069984,0.2111856,2.656048,0.5127494,-0.2141713,2.691449,0.4259445,1.005564,2.697632
72057594038042242,0,0.5676476,106251.4,0.4460578,0.5546457,2.690889,0.4275337,1.17152,2.663951,0.294238,0.9617035,2.733898,0.249163,0.7897851,2.789165,0.2397432,0.6094952,2.724401,0.2342698,0.5929395,2.704913,0.5430323,0.9433588,2.649512,0.5755768,0.7136991,2.654519,0.5535989,0.5371794,2.563456,0.5420154,0.5014222,2.569492,0.3854057,0.5455976,2.673183,0.3315265,0.168928,2.70892,0.3152131,-0.2205455,2.764129,0.4968495,0.559089,2.647156,0.507517,0.210883,2.655385,0.514011,-0.1950387,2.700174,0.4259185,1.005433,2.697678
72057594038042242,0,0.5676476,106251.4,0.4460578,0.5546457,2.690889,0.4275337,1.17152,2.663951,0.294238,0.9617035,2.733898,0.249163,0.7897851,2.789165,0.2397432,0.6094952,2.724401,0.2342698,0.5929395,2.704913,0.5430323,0.9433588,2.649512,0.5755768,0.7136991,2.654519,0.5535989,0.5371794,2.563456,0.5420154,0.5014222,2.569492,0.3854057,0.5455976,2.673183,0.3315265,0.168928,2.70892,0.3152131,-0.2205455,2.764129,0.4968495,0.559089,2.647156,0.507517,0.210883,2.655385,0.514011,-0.1950387,2.700174,0.4259185,1.005433,2.697678
72057594038042242,0,0.5676476,106251.4,0.4460578,0.5546457,2.690889,0.4275337,1.17152,2.663951,0.294238,0.9617035,2.733898,0.249163,0.7897851,2.789165,0.2397432,0.6094952,2.724401,0.2342698,0.5929395,2.704913,0.5430323,0.9433588,2.649512,0.5755768,0.7136991,2.654519,0.5535989,0.5371794,2.563456,0.5420154,0.5014222,2.569492,0.3854057,0.5455976,2.673183,0.3315265,0.168928,2.70892,0.3152131,-0.2205455,2.764129,0.4968495,0.559089,2.647156,0.507517,0.210883,2.655385,0.514011,-0.1950387,2.700174,0.4259185,1.005433,2.697678
72057594038042242,0,0.5676476,106251.4,0.4460578,0.5546457,2.690889,0.4275337,1.17152,2.663951,0.294238,0.9617035,2.733898,0.249163,0.7897851,2.789165,0.2397432,0.6094952,2.724401,0.2342698,0.5929395,2.704913,0.5430323,0.9433588,2.649512,0.5755768,0.7136991,2.654519,0.5535989,0.5371794,2.563456,0.5420154,0.5014222,2.569492,0.3854057,0.5455976,2.673183,0.3315265,0.168928,2.70892,0.3152131,-0.2205455,2.764129,0.4968495,0.559089,2.647156,0.507517,0.210883,2.655385,0.514011,-0.1950387,2.700174,0.4259185,1.005433,2.697678
72057594038042242,0,0.5676476,106251.4,0.4460578,0.5546457,2.690889,0.4275337,1.17152,2.663951,0.294238,0.9617035,2.733898,0.249163,0.7897851,2.789165,0.2397432,0.6094952,2.724401,0.2342698,0.5929395,2.704913,0.5430323,0.9433588,2.649512,0.5755768,0.7136991,2.654519,0.5535989,0.5371794,2.563456,0.5420154,0.5014222,2.569492,0.3854057,0.5455976,2.673183,0.3315265,0.168928,2.70892,0.3152131,-0.2205455,2.764129,0.4968495,0.559089,2.647156,0.507517,0.210883,2.655385,0.514011,-0.1950387,2.700174,0.4259185,1.005433,2.697678
72057594038042242,0,0.5676476,106251.4,0.4460578,0.5546457,2.690889,0.4275337,1.17152,2.663951,0.294238,0.9617035,2.733898,0.249163,0.7897851,2.789165,0.2397432,0.6094952,2.724401,0.2342698,0.5929395,2.704913,0.5430323,0.9433588,2.649512,0.5755768,0.7136991,2.654519,0.5535989,0.5371794,2.563456,0.5420154,0.5014222,2.569492,0.3854057,0.5455976,2.673183,0.3315265,0.168928,2.70892,0.3152131,-0.2205455,2.764129,0.4968495,0.559089,2.647156,0.507517,0.210883,2.655385,0.514011,-0.1950387,2.700174,0.4259185,1.005433,2.697678
72057594038042242,0,0.5676476,106251.4,0.4460578,0.5546457,2.690889,0.4275337,1.17152,2.663951,0.294238,0.9617035,2.733898,0.249163,0.7897851,2.789165,0.2397432,0.6094952,2.724401,0.2342698,0.5929395,2.704913,0.5430323,0.9433588,2.649512,0.5755768,0.7136991,2.654519,0.5535989,0.5371794,2.563456,0.5420154,0.5014222,2.569492,0.3854057,0.5455976,2.673183,0.3315265,0.168928,2.70892,0.3152131,-0.2205455,2.764129,0.4968495,0.559089,2.647156,0.507517,0.210883,2.655385,0.514011,-0.1950387,2.700174,0.4259185,1.005433,2.697678
72057594038042242,0,0.5676476,106251.4,0.4460578,0.5546457,2.690889,0.4275337,1.17152,2.663951,0.294238,0.9617035,2.733898,0.249163,0.7897851,2.789165,0.2397432,0.6094952,2.724401,0.2342698,0.5929395,2.704913,0.5430323,0.9433588,2.649512,0.5755768,0.7136991,2.654519,0.5535989,0.5371794,2.563456,0.5420154,0.5014222,2.569492,0.3854057,0.5455976,2.673183,0.3315265,0.168928,2.70892,0.3152131,-0.2205455,2.764129,0.4968495,0.559089,2.647156,0.507517,0.210883,2.655385,0.514011,-0.1950387,2.700174,0.4259185,1.005433,2.697678
72057594038042242,0,0.5676476,106251.4,0.4460578,0.5546457,2.690889,0.4275337,1.17152,2.663951,0.294238,0.9617035,2.733898,0.249163,0.7897851,2.789165,0.2397432,0.6094952,2.724401,0.2342698,0.5929395,2.704913,0.5430323,0.9433588,2.649512,0.5755768,0.7136991,2.654519,0.5535989,0.5371794,2.563456,0.5420154,0.5014222,2.569492,0.3854057,0.5455976,2.673183,0.3315265,0.168928,2.70892,0.3152131,-0.2205455,2.764129,0.4968495,0.559089,2.647156,0.507517,0.210883,2.655385,0.514011,-0.1950387,2.700174,0.4259185,1.005433,2.697678
72057594038042242,0,0.5676476,106251.4,0.4460578,0.5546457,2.690889,0.4275337,1.17152,2.663951,0.294238,0.9617035,2.733898,0.249163,0.7897851,2.789165,0.2397432,0.6094952,2.724401,0.2342698,0.5929395,2.704913,0.5430323,0.9433588,2.649512,0.5755768,0.7136991,2.654519,0.5535989,0.5371794,2.563456,0.5420154,0.5014222,2.569492,0.3854057,0.5455976,2.673183,0.3315265,0.168928,2.70892,0.3152131,-0.2205455,2.764129,0.4968495,0.559089,2.647156,0.507517,0.210883,2.655385,0.514011,-0.1950387,2.700174,0.4259185,1.005433,2.697678
72057594038042242,0,0.5668976,106251.4,0.4441549,0.5531676,2.69153,0.4276045,1.171567,2.663879,0.2939712,0.9616436,2.733658,0.2457372,0.7908734,2.789525,0.2372851,0.612556,2.718758,0.2311653,0.594507,2.701651,0.5431215,0.942434,2.649366,0.5380693,0.6887029,2.59282,0.5647697,0.4427863,2.555599,0.5515966,0.4164792,2.586248,0.3835852,0.5448124,2.673743,0.3284449,0.1288741,2.716446,0.3152791,-0.2208552,2.764114,0.494923,0.5570294,2.647725,0.5075619,0.2104621,2.654903,0.5139243,-0.1948261,2.700109,0.4261777,1.004761,2.697948
72057594038042242,0,0.5668976,106251.4,0.4441549,0.5531676,2.69153,0.4276045,1.171567,2.663879,0.2939712,0.9616436,2.733658,0.2457372,0.7908734,2.789525,0.2372851,0.612556,2.718758,0.2311653,0.594507,2.701651,0.5431215,0.942434,2.649366,0.5380693,0.6887029,2.59282,0.5647697,0.4427863,2.555599,0.5515966,0.4164792,2.586248,0.3835852,0.5448124,2.673743,0.3284449,0.1288741,2.716446,0.3152791,-0.2208552,2.764114,0.494923,0.5570294,2.647725,0.5075619,0.2104621,2.654903,0.5139243,-0.1948261,2.700109,0.4261777,1.004761,2.697948
72057594038042242,0,0.5668976,106251.4,0.4441549,0.5531676,2.69153,0.4276045,1.171567,2.663879,0.2939712,0.9616436,2.733658,0.2457372,0.7908734,2.789525,0.2372851,0.612556,2.718758,0.2311653,0.594507,2.701651,0.5431215,0.942434,2.649366,0.5380693,0.6887029,2.59282,0.5647697,0.4427863,2.555599,0.5515966,0.4164792,2.586248,0.3835852,0.5448124,2.673743,0.3284449,0.1288741,2.716446,0.3152791,-0.2208552,2.764114,0.494923,0.5570294,2.647725,0.5075619,0.2104621,2.654903,0.5139243,-0.1948261,2.700109,0.4261777,1.004761,2.697948
72057594038042242,0,0.5668976,106251.4,0.4441549,0.5531676,2.69153,0.4276045,1.171567,2.663879,0.2939712,0.9616436,2.733658,0.2457372,0.7908734,2.789525,0.2372851,0.612556,2.718758,0.2311653,0.594507,2.701651,0.5431215,0.942434,2.649366,0.5380693,0.6887029,2.59282,0.5647697,0.4427863,2.555599,0.5515966,0.4164792,2.586248,0.3835852,0.5448124,2.673743,0.3284449,0.1288741,2.716446,0.3152791,-0.2208552,2.764114,0.494923,0.5570294,2.647725,0.5075619,0.2104621,2.654903,0.5139243,-0.1948261,2.700109,0.4261777,1.004761,2.697948
72057594038042242,0,0.5668976,106251.4,0.4441549,0.5531676,2.69153,0.4276045,1.171567,2.663879,0.2939712,0.9616436,2.733658,0.2457372,0.7908734,2.789525,0.2372851,0.612556,2.718758,0.2311653,0.594507,2.701651,0.5431215,0.942434,2.649366,0.5380693,0.6887029,2.59282,0.5647697,0.4427863,2.555599,0.5515966,0.4164792,2.586248,0.3835852,0.5448124,2.673743,0.3284449,0.1288741,2.716446,0.3152791,-0.2208552,2.764114,0.494923,0.5570294,2.647725,0.5075619,0.2104621,2.654903,0.5139243,-0.1948261,2.700109,0.4261777,1.004761,2.697948
72057594038042242,0,0.5668976,106251.4,0.4441549,0.5531676,2.69153,0.4276045,1.171567,2.663879,0.2939712,0.9616436,2.733658,0.2457372,0.7908734,2.789525,0.2372851,0.612556,2.718758,0.2311653,0.594507,2.701651,0.5431215,0.942434,2.649366,0.5380693,0.6887029,2.59282,0.5647697,0.4427863,2.555599,0.5515966,0.4164792,2.586248,0.3835852,0.5448124,2.673743,0.3284449,0.1288741,2.716446,0.3152791,-0.2208552,2.764114,0.494923,0.5570294,2.647725,0.5075619,0.2104621,2.654903,0.5139243,-0.1948261,2.700109,0.4261777,1.004761,2.697948
72057594038042242,0,0.5668976,106251.4,0.4441549,0.5531676,2.69153,0.4276045,1.171567,2.663879,0.2939712,0.9616436,2.733658,0.2457372,0.7908734,2.789525,0.2372851,0.612556,2.718758,0.2311653,0.594507,2.701651,0.5431215,0.942434,2.649366,0.5380693,0.6887029,2.59282,0.5647697,0.4427863,2.555599,0.5515966,0.4164792,2.586248,0.3835852,0.5448124,2.673743,0.3284449,0.1288741,2.716446,0.3152791,-0.2208552,2.764114,0.494923,0.5570294,2.647725,0.5075619,0.2104621,2.654903,0.5139243,-0.1948261,2.700109,0.4261777,1.004761,2.697948
72057594038042242,0,0.5668976,106251.4,0.4441549,0.5531676,2.69153,0.4276045,1.171567,2.663879,0.2939712,0.9616436,2.733658,0.2457372,0.7908734,2.789525,0.2372851,0.612556,2.718758,0.2311653,0.594507,2.701651,0.5431215,0.942434,2.649366,0.5380693,0.6887029,2.59282,0.5647697,0.4427863,2.555599,0.5515966,0.4164792,2.586248,0.3835852,0.5448124,2.673743,0.3284449,0.1288741,2.716446,0.3152791,-0.2208552,2.764114,0.494923,0.5570294,2.647725,0.5075619,0.2104621,2.654903,0.5139243,-0.1948261,2.700109,0.4261777,1.004761,2.697948
72057594038042242,0,0.5668976,106251.4,0.4441549,0.5531676,2.69153,0.4276045,1.171567,2.663879,0.2939712,0.9616436,2.733658,0.2457372,0.7908734,2.789525,0.2372851,0.612556,2.718758,0.2311653,0.594507,2.701651,0.5431215,0.942434,2.649366,0.5380693,0.6887029,2.59282,0.5647697,0.4427863,2.555599,0.5515966,0.4164792,2.586248,0.3835852,0.5448124,2.673743,0.3284449,0.1288741,2.716446,0.3152791,-0.2208552,2.764114,0.494923,0.5570294,2.647725,0.5075619,0.2104621,2.654903,0.5139243,-0.1948261,2.700109,0.4261777,1.004761,2.697948
72057594038042242,0,0.5668976,106251.4,0.4441549,0.5531676,2.69153,0.4276045,1.171567,2.663879,0.2939712,0.9616436,2.733658,0.2457372,0.7908734,2.789525,0.2372851,0.612556,2.718758,0.2311653,0.594507,2.701651,0.5431215,0.942434,2.649366,0.5380693,0.6887029,2.59282,0.5647697,0.4427863,2.555599,0.5515966,0.4164792,2.586248,0.3835852,0.5448124,2.673743,0.3284449,0.1288741,2.716446,0.3152791,-0.2208552,2.764114,0.494923,0.5570294,2.647725,0.5075619,0.2104621,2.654903,0.5139243,-0.1948261,2.700109,0.4261777,1.004761,2.697948
72057594038042242,0,0.5668976,106251.4,0.4441549,0.5531676,2.69153,0.4276045,1.171567,2.663879,0.2939712,0.9616436,2.733658,0.2457372,0.7908734,2.789525,0.2372851,0.612556,2.718758,0.2311653,0.594507,2.701651,0.5431215,0.942434,2.649366,0.5380693,0.6887029,2.59282,0.5647697,0.4427863,2.555599,0.5515966,0.4164792,2.586248,0.3835852,0.5448124,2.673743,0.3284449,0.1288741,2.716446,0.3152791,-0.2208552,2.764114,0.494923,0.5570294,2.647725,0.5075619,0.2104621,2.654903,0.5139243,-0.1948261,2.700109,0.4261777,1.004761,2.697948
72057594038042242,0,0.5644149,106251.4,0.440064,0.5515552,2.692801,0.4277019,1.171539,2.66387,0.2939251,0.9614546,2.733204,0.2282396,0.8038292,2.803621,0.2321782,0.6083596,2.708189,0.2319529,0.5837866,2.690004,0.5435334,0.942117,2.649477,0.5578996,0.6962254,2.610503,0.5362226,0.492164,2.570291,0.5313656,0.4527287,2.578649,0.3796951,0.5434263,2.674921,0.3284168,0.144574,2.712622,0.315268,-0.2209696,2.764214,0.4907747,0.5554428,2.648914,0.5077222,0.2087693,2.654176,0.5139815,-0.1931113,2.699934,0.4264051,1.004333,2.698003
72057594038042242,0,0.5644149,106251.4,0.440064,0.5515552,2.692801,0.4277019,1.171539,2.66387,0.2939251,0.9614546,2.733204,0.2282396,0.8038292,2.803621,0.2321782,0.6083596,2.708189,0.2319529,0.5837866,2.690004,0.5435334,0.942117,2.649477,0.5578996,0.6962254,2.610503,0.5362226,0.492164,2.570291,0.5313656,0.4527287,2.578649,0.3796951,0.5434263,2.674921,0.3284168,0.144574,2.712622,0.315268,-0.2209696,2.764214,0.4907747,0.5554428,2.648914,0.5077222,0.2087693,2.654176,0.5139815,-0.1931113,2.699934,0.4264051,1.004333,2.698003
72057594038042242,0,0.5644149,106251.4,0.440064,0.5515552,2.692801,0.4277019,1.171539,2.66387,0.2939251,0.9614546,2.733204,0.2282396,0.8038292,2.803621,0.2321782,0.6083596,2.708189,0.2319529,0.5837866,2.690004,0.5435334,0.942117,2.649477,0.5578996,0.6962254,2.610503,0.5362226,0.492164,2.570291,0.5313656,0.4527287,2.578649,0.3796951,0.5434263,2.674921,0.3284168,0.144574,2.712622,0.315268,-0.2209696,2.764214,0.4907747,0.5554428,2.648914,0.5077222,0.2087693,2.654176,0.5139815,-0.1931113,2.699934,0.4264051,1.004333,2.698003
72057594038042242,0,0.5644149,106251.4,0.440064,0.5515552,2.692801,0.4277019,1.171539,2.66387,0.2939251,0.9614546,2.733204,0.2282396,0.8038292,2.803621,0.2321782,0.6083596,2.708189,0.2319529,0.5837866,2.690004,0.5435334,0.942117,2.649477,0.5578996,0.6962254,2.610503,0.5362226,0.492164,2.570291,0.5313656,0.4527287,2.578649,0.3796951,0.5434263,2.674921,0.3284168,0.144574,2.712622,0.315268,-0.2209696,2.764214,0.4907747,0.5554428,2.648914,0.5077222,0.2087693,2.654176,0.5139815,-0.1931113,2.699934,0.4264051,1.004333,2.698003
72057594038042242,0,0.5644149,106251.4,0.440064,0.5515552,2.692801,0.4277019,1.171539,2.66387,0.2939251,0.9614546,2.733204,0.2282396,0.8038292,2.803621,0.2321782,0.6083596,2.708189,0.2319529,0.5837866,2.690004,0.5435334,0.942117,2.649477,0.5578996,0.6962254,2.610503,0.5362226,0.492164,2.570291,0.5313656,0.4527287,2.578649,0.3796951,0.5434263,2.674921,0.3284168,0.144574,2.712622,0.315268,-0.2209696,2.764214,0.4907747,0.5554428,2.648914,0.5077222,0.2087693,2.654176,0.5139815,-0.1931113,2.699934,0.4264051,1.004333,2.698003
72057594038042242,0,0.5644149,106251.4,0.440064,0.5515552,2.692801,0.4277019,1.171539,2.66387,0.2939251,0.9614546,2.733204,0.2282396,0.8038292,2.803621,0.2321782,0.6083596,2.708189,0.2319529,0.5837866,2.690004,0.5435334,0.942117,2.649477,0.5578996,0.6962254,2.610503,0.5362226,0.492164,2.570291,0.5313656,0.4527287,2.578649,0.3796951,0.5434263,2.674921,0.3284168,0.144574,2.712622,0.315268,-0.2209696,2.764214,0.4907747,0.5554428,2.648914,0.5077222,0.2087693,2.654176,0.5139815,-0.1931113,2.699934,0.4264051,1.004333,2.698003
72057594038042242,0,0.5644149,106251.5,0.440064,0.5515552,2.692801,0.4277019,1.171539,2.66387,0.2939251,0.9614546,2.733204,0.2282396,0.8038292,2.803621,0.2321782,0.6083596,2.708189,0.2319529,0.5837866,2.690004,0.5435334,0.942117,2.649477,0.5578996,0.6962254,2.610503,0.5362226,0.492164,2.570291,0.5313656,0.4527287,2.578649,0.3796951,0.5434263,2.674921,0.3284168,0.144574,2.712622,0.315268,-0.2209696,2.764214,0.4907747,0.5554428,2.648914,0.5077222,0.2087693,2.654176,0.5139815,-0.1931113,2.699934,0.4264051,1.004333,2.698003
72057594038042242,0,0.5644149,106251.5,0.440064,0.5515552,2.692801,0.4277019,1.171539,2.66387,0.2939251,0.9614546,2.733204,0.2282396,0.8038292,2.803621,0.2321782,0.6083596,2.708189,0.2319529,0.5837866,2.690004,0.5435334,0.942117,2.649477,0.5578996,0.6962254,2.610503,0.5362226,0.492164,2.570291,0.5313656,0.4527287,2.578649,0.3796951,0.5434263,2.674921,0.3284168,0.144574,2.712622,0.315268,-0.2209696,2.764214,0.4907747,0.5554428,2.648914,0.5077222,0.2087693,2.654176,0.5139815,-0.1931113,2.699934,0.4264051,1.004333,2.698003
72057594038042242,0,0.5644149,106251.5,0.440064,0.5515552,2.692801,0.4277019,1.171539,2.66387,0.2939251,0.9614546,2.733204,0.2282396,0.8038292,2.803621,0.2321782,0.6083596,2.708189,0.2319529,0.5837866,2.690004,0.5435334,0.942117,2.649477,0.5578996,0.6962254,2.610503,0.5362226,0.492164,2.570291,0.5313656,0.4527287,2.578649,0.3796951,0.5434263,2.674921,0.3284168,0.144574,2.712622,0.315268,-0.2209696,2.764214,0.4907747,0.5554428,2.648914,0.5077222,0.2087693,2.654176,0.5139815,-0.1931113,2.699934,0.4264051,1.004333,2.698003
72057594038042242,0,0.5644149,106251.5,0.440064,0.5515552,2.692801,0.4277019,1.171539,2.66387,0.2939251,0.9614546,2.733204,0.2282396,0.8038292,2.803621,0.2321782,0.6083596,2.708189,0.2319529,0.5837866,2.690004,0.5435334,0.942117,2.649477,0.5578996,0.6962254,2.610503,0.5362226,0.492164,2.570291,0.5313656,0.4527287,2.578649,0.3796951,0.5434263,2.674921,0.3284168,0.144574,2.712622,0.315268,-0.2209696,2.764214,0.4907747,0.5554428,2.648914,0.5077222,0.2087693,2.654176,0.5139815,-0.1931113,2.699934,0.4264051,1.004333,2.698003
72057594038042242,0,0.5647845,106251.5,0.4401549,0.5510378,2.692873,0.4282893,1.172296,2.663765,0.2934958,0.9614116,2.733003,0.2269976,0.8045888,2.804236,0.2229671,0.6184399,2.71186,0.2114884,0.6028463,2.705369,0.5436014,0.941972,2.649543,0.5584555,0.6970058,2.610788,0.5422165,0.4954331,2.569568,0.5355588,0.4585251,2.578584,0.3798645,0.5428326,2.67517,0.3205658,0.1679688,2.706652,0.3156386,-0.2206804,2.764381,0.4907881,0.5550222,2.648793,0.5076756,0.2078531,2.653404,0.514065,-0.193201,2.699762,0.4263658,1.004056,2.697958
72057594038042242,0,0.5647845,106251.5,0.4401549,0.5510378,2.692873,0.4282893,1.172296,2.663765,0.2934958,0.9614116,2.733003,0.2269976,0.8045888,2.804236,0.2229671,0.6184399,2.71186,0.2114884,0.6028463,2.705369,0.5436014,0.941972,2.649543,0.5584555,0.6970058,2.610788,0.5422165,0.4954331,2.569568,0.5355588,0.4585251,2.578584,0.3798645,0.5428326,2.67517,0.3205658,0.1679688,2.706652,0.3156386,-0.2206804,2.764381,0.4907881,0.5550222,2.648793,0.5076756,0.2078531,2.653404,0.514065,-0.193201,2.699762,0.4263658,1.004056,2.697958
72057594038042242,0,0.5647845,106251.5,0.4401549,0.5510378,2.692873,0.4282893,1.172296,2.663765,0.2934958,0.9614116,2.733003,0.2269976,0.8045888,2.804236,0.2229671,0.6184399,2.71186,0.2114884,0.6028463,2.705369,0.5436014,0.941972,2.649543,0.5584555,0.6970058,2.610788,0.5422165,0.4954331,2.569568,0.5355588,0.4585251,2.578584,0.3798645,0.5428326,2.67517,0.3205658,0.1679688,2.706652,0.3156386,-0.2206804,2.764381,0.4907881,0.5550222,2.648793,0.5076756,0.2078531,2.653404,0.514065,-0.193201,2.699762,0.4263658,1.004056,2.697958
72057594038042242,0,0.5647845,106251.5,0.4401549,0.5510378,2.692873,0.4282893,1.172296,2.663765,0.2934958,0.9614116,2.733003,0.2269976,0.8045888,2.804236,0.2229671,0.6184399,2.71186,0.2114884,0.6028463,2.705369,0.5436014,0.941972,2.649543,0.5584555,0.6970058,2.610788,0.5422165,0.4954331,2.569568,0.5355588,0.4585251,2.578584,0.3798645,0.5428326,2.67517,0.3205658,0.1679688,2.706652,0.3156386,-0.2206804,2.764381,0.4907881,0.5550222,2.648793,0.5076756,0.2078531,2.653404,0.514065,-0.193201,2.699762,0.4263658,1.004056,2.697958
72057594038042242,0,0.5647845,106251.5,0.4401549,0.5510378,2.692873,0.4282893,1.172296,2.663765,0.2934958,0.9614116,2.733003,0.2269976,0.8045888,2.804236,0.2229671,0.6184399,2.71186,0.2114884,0.6028463,2.705369,0.5436014,0.941972,2.649543,0.5584555,0.6970058,2.610788,0.5422165,0.4954331,2.569568,0.5355588,0.4585251,2.578584,0.3798645,0.5428326,2.67517,0.3205658,0.1679688,2.706652,0.3156386,-0.2206804,2.764381,0.4907881,0.5550222,2.648793,0.5076756,0.2078531,2.653404,0.514065,-0.193201,2.699762,0.4263658,1.004056,2.697958
72057594038042242,0,0.5647845,106251.5,0.4401549,0.5510378,2.692873,0.4282893,1.172296,2.663765,0.2934958,0.9614116,2.733003,0.2269976,0.8045888,2.804236,0.2229671,0.6184399,2.71186,0.2114884,0.6028463,2.705369,0.5436014,0.941972,2.649543,0.5584555,0.6970058,2.610788,0.5422165,0.4954331,2.569568,0.5355588,0.4585251,2.578584,0.3798645,0.5428326,2.67517,0.3205658,0.1679688,2.706652,0.3156386,-0.2206804,2.764381,0.4907881,0.5550222,2.648793,0.5076756,0.2078531,2.653404,0.514065,-0.193201,2.699762,0.4263658,1.004056,2.697958
72057594038042242,0,0.5647845,106251.5,0.4401549,0.5510378,2.692873,0.4282893,1.172296,2.663765,0.2934958,0.9614116,2.733003,0.2269976,0.8045888,2.804236,0.2229671,0.6184399,2.71186,0.2114884,0.6028463,2.705369,0.5436014,0.941972,2.649543,0.5584555,0.6970058,2.610788,0.5422165,0.4954331,2.569568,0.5355588,0.4585251,2.578584,0.3798645,0.5428326,2.67517,0.3205658,0.1679688,2.706652,0.3156386,-0.2206804,2.764381,0.4907881,0.5550222,2.648793,0.5076756,0.2078531,2.653404,0.514065,-0.193201,2.699762,0.4263658,1.004056,2.697958
72057594038042242,0,0.5647845,106251.5,0.4401549,0.5510378,2.692873,0.4282893,1.172296,2.663765,0.2934958,0.9614116,2.733003,0.2269976,0.8045888,2.804236,0.2229671,0.6184399,2.71186,0.2114884,0.6028463,2.705369,0.5436014,0.941972,2.649543,0.5584555,0.6970058,2.610788,0.5422165,0.4954331,2.569568,0.5355588,0.4585251,2.578584,0.3798645,0.5428326,2.67517,0.3205658,0.1679688,2.706652,0.3156386,-0.2206804,2.764381,0.4907881,0.5550222,2.648793,0.5076756,0.2078531,2.653404,0.514065,-0.193201,2.699762,0.4263658,1.004056,2.697958
72057594038042242,0,0.5647845,106251.5,0.4401549,0.5510378,2.692873,0.4282893,1.172296,2.663765,0.2934958,0.9614116,2.733003,0.2269976,0.8045888,2.804236,0.2229671,0.6184399,2.71186,0.2114884,0.6028463,2.705369,0.5436014,0.941972,2.649543,0.5584555,0.6970058,2.610788,0.5422165,0.4954331,2.569568,0.5355588,0.4585251,2.578584,0.3798645,0.5428326,2.67517,0.3205658,0.1679688,2.706652,0.3156386,-0.2206804,2.764381,0.4907881,0.5550222,2.648793,0.5076756,0.2078531,2.653404,0.514065,-0.193201,2.699762,0.4263658,1.004056,2.697958
72057594038042242,0,0.5647845,106251.5,0.4401549,0.5510378,2.692873,0.4282893,1.172296,2.663765,0.2934958,0.9614116,2.733003,0.2269976,0.8045888,2.804236,0.2229671,0.6184399,2.71186,0.2114884,0.6028463,2.705369,0.5436014,0.941972,2.649543,0.5584555,0.6970058,2.610788,0.5422165,0.4954331,2.569568,0.5355588,0.4585251,2.578584,0.3798645,0.5428326,2.67517,0.3205658,0.1679688,2.706652,0.3156386,-0.2206804,2.764381,0.4907881,0.5550222,2.648793,0.5076756,0.2078531,2.653404,0.514065,-0.193201,2.699762,0.4263658,1.004056,2.697958
72057594038042242,0,0.5647845,106251.5,0.4401549,0.5510378,2.692873,0.4282893,1.172296,2.663765,0.2934958,0.9614116,2.733003,0.2269976,0.8045888,2.804236,0.2229671,0.6184399,2.71186,0.2114884,0.6028463,2.705369,0.5436014,0.941972,2.649543,0.5584555,0.6970058,2.610788,0.5422165,0.4954331,2.569568,0.5355588,0.4585251,2.578584,0.3798645,0.5428326,2.67517,0.3205658,0.1679688,2.706652,0.3156386,-0.2206804,2.764381,0.4907881,0.5550222,2.648793,0.5076756,0.2078531,2.653404,0.514065,-0.193201,2.699762,0.4263658,1.004056,2.697958
72057594038042242,0,0.5647848,106251.5,0.4398114,0.5505202,2.693188,0.4284626,1.172466,2.664052,0.2929521,0.961396,2.732912,0.2244854,0.806973,2.806802,0.2199584,0.6230785,2.719069,0.215053,0.6051797,2.718708,0.5436071,0.941914,2.64959,0.558714,0.69745,2.611552,0.5423112,0.4956225,2.569493,0.5345091,0.4602022,2.578698,0.3796505,0.5421733,2.675531,0.3179351,0.1711939,2.706525,0.3156356,-0.2207637,2.764457,0.4903128,0.5546777,2.649019,0.5076302,0.207686,2.653019,0.5140406,-0.1932428,2.699753,0.4261682,1.003822,2.698074
72057594038042242,0,0.5647848,106251.5,0.4398114,0.5505202,2.693188,0.4284626,1.172466,2.664052,0.2929521,0.961396,2.732912,0.2244854,0.806973,2.806802,0.2199584,0.6230785,2.719069,0.215053,0.6051797,2.718708,0.5436071,0.941914,2.64959,0.558714,0.69745,2.611552,0.5423112,0.4956225,2.569493,0.5345091,0.4602022,2.578698,0.3796505,0.5421733,2.675531,0.3179351,0.1711939,2.706525,0.3156356,-0.2207637,2.764457,0.4903128,0.5546777,2.649019,0.5076302,0.207686,2.653019,0.5140406,-0.1932428,2.699753,0.4261682,1.003822,2.698074
72057594038042242,0,0.5647848,106251.5,0.4398114,0.5505202,2.693188,0.4284626,1.172466,2.664052,0.2929521,0.961396,2.732912,0.2244854,0.806973,2.806802,0.2199584,0.6230785,2.719069,0.215053,0.6051797,2.718708,0.5436071,0.941914,2.64959,0.558714,0.69745,2.611552,0.5423112,0.4956225,2.569493,0.5345091,0.4602022,2.578698,0.3796505,0.5421733,2.675531,0.3179351,0.1711939,2.706525,0.3156356,-0.2207637,2.764457,0.4903128,0.5546777,2.649019,0.5076302,0.207686,2.653019,0.5140406,-0.1932428,2.699753,0.4261682,1.003822,2.698074
72057594038042242,0,0.5647848,106251.5,0.4398114,0.5505202,2.693188,0.4284626,1.172466,2.664052,0.2929521,0.961396,2.732912,0.2244854,0.806973,2.806802,0.2199584,0.6230785,2.719069,0.215053,0.6051797,2.718708,0.5436071,0.941914,2.64959,0.558714,0.69745,2.611552,0.5423112,0.4956225,2.569493,0.5345091,0.4602022,2.578698,0.3796505,0.5421733,2.675531,0.3179351,0.1711939,2.706525,0.3156356,-0.2207637,2.764457,0.4903128,0.5546777,2.649019,0.5076302,0.207686,2.653019,0.5140406,-0.1932428,2.699753,0.4261682,1.003822,2.698074
72057594038042242,0,0.5647848,106251.5,0.4398114,0.5505202,2.693188,0.4284626,1.172466,2.664052,0.2929521,0.961396,2.732912,0.2244854,0.806973,2.806802,0.2199584,0.6230785,2.719069,0.215053,0.6051797,2.718708,0.5436071,0.941914,2.64959,0.558714,0.69745,2.611552,0.5423112,0.4956225,2.569493,0.5345091,0.4602022,2.578698,0.3796505,0.5421733,2.675531,0.3179351,0.1711939,2.706525,0.3156356,-0.2207637,2.764457,0.4903128,0.5546777,2.649019,0.5076302,0.207686,2.653019,0.5140406,-0.1932428,2.699753,0.4261682,1.003822,2.698074
72057594038042242,0,0.5647848,106251.5,0.4398114,0.5505202,2.693188,0.4284626,1.172466,2.664052,0.2929521,0.961396,2.732912,0.2244854,0.806973,2.806802,0.2199584,0.6230785,2.719069,0.215053,0.6051797,2.718708,0.5436071,0.941914,2.64959,0.558714,0.69745,2.611552,0.5423112,0.4956225,2.569493,0.5345091,0.4602022,2.578698,0.3796505,0.5421733,2.675531,0.3179351,0.1711939,2.706525,0.3156356,-0.2207637,2.764457,0.4903128,0.5546777,2.649019,0.5076302,0.207686,2.653019,0.5140406,-0.1932428,2.699753,0.4261682,1.003822,2.698074
72057594038042242,0,0.5647848,106251.5,0.4398114,0.5505202,2.693188,0.4284626,1.172466,2.664052,0.2929521,0.961396,2.732912,0.2244854,0.806973,2.806802,0.2199584,0.6230785,2.719069,0.215053,0.6051797,2.718708,0.5436071,0.941914,2.64959,0.558714,0.69745,2.611552,0.5423112,0.4956225,2.569493,0.5345091,0.4602022,2.578698,0.3796505,0.5421733,2.675531,0.3179351,0.1711939,2.706525,0.3156356,-0.2207637,2.764457,0.4903128,0.5546777,2.649019,0.5076302,0.207686,2.653019,0.5140406,-0.1932428,2.699753,0.4261682,1.003822,2.698074
72057594038042242,0,0.5647848,106251.5,0.4398114,0.5505202,2.693188,0.4284626,1.172466,2.664052,0.2929521,0.961396,2.732912,0.2244854,0.806973,2.806802,0.2199584,0.6230785,2.719069,0.215053,0.6051797,2.718708,0.5436071,0.941914,2.64959,0.558714,0.69745,2.611552,0.5423112,0.4956225,2.569493,0.5345091,0.4602022,2.578698,0.3796505,0.5421733,2.675531,0.3179351,0.1711939,2.706525,0.3156356,-0.2207637,2.764457,0.4903128,0.5546777,2.649019,0.5076302,0.207686,2.653019,0.5140406,-0.1932428,2.699753,0.4261682,1.003822,2.698074
72057594038042242,0,0.5647848,106251.5,0.4398114,0.5505202,2.693188,0.4284626,1.172466,2.664052,0.2929521,0.961396,2.732912,0.2244854,0.806973,2.806802,0.2199584,0.6230785,2.719069,0.215053,0.6051797,2.718708,0.5436071,0.941914,2.64959,0.558714,0.69745,2.611552,0.5423112,0.4956225,2.569493,0.5345091,0.4602022,2.578698,0.3796505,0.5421733,2.675531,0.3179351,0.1711939,2.706525,0.3156356,-0.2207637,2.764457,0.4903128,0.5546777,2.649019,0.5076302,0.207686,2.653019,0.5140406,-0.1932428,2.699753,0.4261682,1.003822,2.698074
72057594038042242,0,0.5647848,106251.5,0.4398114,0.5505202,2.693188,0.4284626,1.172466,2.664052,0.2929521,0.961396,2.732912,0.2244854,0.806973,2.806802,0.2199584,0.6230785,2.719069,0.215053,0.6051797,2.718708,0.5436071,0.941914,2.64959,0.558714,0.69745,2.611552,0.5423112,0.4956225,2.569493,0.5345091,0.4602022,2.578698,0.3796505,0.5421733,2.675531,0.3179351,0.1711939,2.706525,0.3156356,-0.2207637,2.764457,0.4903128,0.5546777,2.649019,0.5076302,0.207686,2.653019,0.5140406,-0.1932428,2.699753,0.4261682,1.003822,2.698074
72057594038042242,0,0.5651597,106251.5,0.439043,0.5487303,2.693881,0.4286288,1.171989,2.664391,0.2920308,0.9611009,2.732799,0.2234365,0.807625,2.808159,0.2190772,0.6241346,2.720666,0.2154641,0.607263,2.716928,0.5435467,0.9414908,2.649675,0.5619684,0.7063801,2.616476,0.5471753,0.5121987,2.565323,0.5370108,0.4783999,2.574213,0.3790142,0.5402116,2.676532,0.3159529,0.1740222,2.705931,0.315804,-0.2207792,2.764431,0.4894356,0.5531793,2.649362,0.5078638,0.2070175,2.652519,0.5140526,-0.1932027,2.699623,0.42572,1.001322,2.698181
72057594038042242,0,0.5651597,106251.5,0.439043,0.5487303,2.693881,0.4286288,1.171989,2.664391,0.2920308,0.9611009,2.732799,0.2234365,0.807625,2.808159,0.2190772,0.6241346,2.720666,0.2154641,0.607263,2.716928,0.5435467,0.9414908,2.649675,0.5619684,0.7063801,2.616476,0.5471753,0.5121987,2.565323,0.5370108,0.4783999,2.574213,0.3790142,0.5402116,2.676532,0.3159529,0.1740222,2.705931,0.315804,-0.2207792,2.764431,0.4894356,0.5531793,2.649362,0.5078638,0.2070175,2.652519,0.5140526,-0.1932027,2.699623,0.42572,1.001322,2.698181
72057594038042242,0,0.5651597,106251.5,0.439043,0.5487303,2.693881,0.4286288,1.171989,2.664391,0.2920308,0.9611009,2.732799,0.2234365,0.807625,2.808159,0.2190772,0.6241346,2.720666,0.2154641,0.607263,2.716928,0.5435467,0.9414908,2.649675,0.5619684,0.7063801,2.616476,0.5471753,0.5121987,2.565323,0.5370108,0.4783999,2.574213,0.3790142,0.5402116,2.676532,0.3159529,0.1740222,2.705931,0.315804,-0.2207792,2.764431,0.4894356,0.5531793,2.649362,0.5078638,0.2070175,2.652519,0.5140526,-0.1932027,2.699623,0.42572,1.001322,2.698181
72057594038042242,0,0.5651597,106251.5,0.439043,0.5487303,2.693881,0.4286288,1.171989,2.664391,0.2920308,0.9611009,2.732799,0.2234365,0.807625,2.808159,0.2190772,0.6241346,2.720666,0.2154641,0.607263,2.716928,0.5435467,0.9414908,2.649675,0.5619684,0.7063801,2.616476,0.5471753,0.5121987,2.565323,0.5370108,0.4783999,2.574213,0.3790142,0.5402116,2.676532,0.3159529,0.1740222,2.705931,0.315804,-0.2207792,2.764431,0.4894356,0.5531793,2.649362,0.5078638,0.2070175,2.652519,0.5140526,-0.1932027,2.699623,0.42572,1.001322,2.698181
72057594038042242,0,0.5651597,106251.5,0.439043,0.5487303,2.693881,0.4286288,1.171989,2.664391,0.2920308,0.9611009,2.732799,0.2234365,0.807625,2.808159,0.2190772,0.6241346,2.720666,0.2154641,0.607263,2.716928,0.5435467,0.9414908,2.649675,0.5619684,0.7063801,2.616476,0.5471753,0.5121987,2.565323,0.5370108,0.4783999,2.574213,0.3790142,0.5402116,2.676532,0.3159529,0.1740222,2.705931,0.315804,-0.2207792,2.764431,0.4894356,0.5531793,2.649362,0.5078638,0.2070175,2.652519,0.5140526,-0.1932027,2.699623,0.42572,1.001322,2.698181
72057594038042242,0,0.5651597,106251.5,0.439043,0.5487303,2.693881,0.4286288,1.171989,2.664391,0.2920308,0.9611009,2.732799,0.2234365,0.807625,2.808159,0.2190772,0.6241346,2.720666,0.2154641,0.607263,2.716928,0.5435467,0.9414908,2.649675,0.5619684,0.7063801,2.616476,0.5471753,0.5121987,2.565323,0.5370108,0.4783999,2.574213,0.3790142,0.5402116,2.676532,0.3159529,0.1740222,2.705931,0.315804,-0.2207792,2.764431,0.4894356,0.5531793,2.649362,0.5078638,0.2070175,2.652519,0.5140526,-0.1932027,2.699623,0.42572,1.001322,2.698181
72057594038042242,0,0.5651597,106251.5,0.439043,0.5487303,2.693881,0.4286288,1.171989,2.664391,0.2920308,0.9611009,2.732799,0.2234365,0.807625,2.808159,0.2190772,0.6241346,2.720666,0.2154641,0.607263,2.716928,0.5435467,0.9414908,2.649675,0.5619684,0.7063801,2.616476,0.5471753,0.5121987,2.565323,0.5370108,0.4783999,2.574213,0.3790142,0.5402116,2.676532,0.3159529,0.1740222,2.705931,0.315804,-0.2207792,2.764431,0.4894356,0.5531793,2.649362,0.5078638,0.2070175,2.652519,0.5140526,-0.1932027,2.699623,0.42572,1.001322,2.698181
72057594038042242,0,0.5651597,106251.6,0.439043,0.5487303,2.693881,0.4286288,1.171989,2.664391,0.2920308,0.9611009,2.732799,0.2234365,0.807625,2.808159,0.2190772,0.6241346,2.720666,0.2154641,0.607263,2.716928,0.5435467,0.9414908,2.649675,0.5619684,0.7063801,2.616476,0.5471753,0.5121987,2.565323,0.5370108,0.4783999,2.574213,0.3790142,0.5402116,2.676532,0.3159529,0.1740222,2.705931,0.315804,-0.2207792,2.764431,0.4894356,0.5531793,2.649362,0.5078638,0.2070175,2.652519,0.5140526,-0.1932027,2.699623,0.42572,1.001322,2.698181
72057594038042242,0,0.5651597,106251.6,0.439043,0.5487303,2.693881,0.4286288,1.171989,2.664391,0.2920308,0.9611009,2.732799,0.2234365,0.807625,2.808159,0.2190772,0.6241346,2.720666,0.2154641,0.607263,2.716928,0.5435467,0.9414908,2.649675,0.5619684,0.7063801,2.616476,0.5471753,0.5121987,2.565323,0.5370108,0.4783999,2.574213,0.3790142,0.5402116,2.676532,0.3159529,0.1740222,2.705931,0.315804,-0.2207792,2.764431,0.4894356,0.5531793,2.649362,0.5078638,0.2070175,2.652519,0.5140526,-0.1932027,2.699623,0.42572,1.001322,2.698181
72057594038042242,0,0.5651597,106251.6,0.439043,0.5487303,2.693881,0.4286288,1.171989,2.664391,0.2920308,0.9611009,2.732799,0.2234365,0.807625,2.808159,0.2190772,0.6241346,2.720666,0.2154641,0.607263,2.716928,0.5435467,0.9414908,2.649675,0.5619684,0.7063801,2.616476,0.5471753,0.5121987,2.565323,0.5370108,0.4783999,2.574213,0.3790142,0.5402116,2.676532,0.3159529,0.1740222,2.705931,0.315804,-0.2207792,2.764431,0.4894356,0.5531793,2.649362,0.5078638,0.2070175,2.652519,0.5140526,-0.1932027,2.699623,0.42572,1.001322,2.698181
72057594038042242,0,0.5651597,106251.6,0.439043,0.5487303,2.693881,0.4286288,1.171989,2.664391,0.2920308,0.9611009,2.732799,0.2234365,0.807625,2.808159,0.2190772,0.6241346,2.720666,0.2154641,0.607263,2.716928,0.5435467,0.9414908,2.649675,0.5619684,0.7063801,2.616476,0.5471753,0.5121987,2.565323,0.5370108,0.4783999,2.574213,0.3790142,0.5402116,2.676532,0.3159529,0.1740222,2.705931,0.315804,-0.2207792,2.764431,0.4894356,0.5531793,2.649362,0.5078638,0.2070175,2.652519,0.5140526,-0.1932027,2.699623,0.42572,1.001322,2.698181
72057594038042242,0,0.5588432,106251.6,0.4296793,0.5460749,2.69926,0.428813,1.172017,2.664342,0.2928115,0.9609469,2.732139,0.2213102,0.80869,2.80732,0.2184483,0.6250683,2.722284,0.2105968,0.6069127,2.720925,0.5435053,0.9414715,2.649716,0.5437253,0.6873509,2.595441,0.5475728,0.5002208,2.563335,0.5374168,0.463714,2.575033,0.3686407,0.5389998,2.682822,0.3146805,0.1758715,2.706002,0.3162223,-0.2214401,2.763809,0.4810365,0.5493722,2.653812,0.5075521,0.2054127,2.651906,0.5136472,-0.2051033,2.694403,0.4254555,1.001358,2.698243
72057594038042242,0,0.5588432,106251.6,0.4296793,0.5460749,2.69926,0.428813,1.172017,2.664342,0.2928115,0.9609469,2.732139,0.2213102,0.80869,2.80732,0.2184483,0.6250683,2.722284,0.2105968,0.6069127,2.720925,0.5435053,0.9414715,2.649716,0.5437253,0.6873509,2.595441,0.5475728,0.5002208,2.563335,0.5374168,0.463714,2.575033,0.3686407,0.5389998,2.682822,0.3146805,0.1758715,2.706002,0.3162223,-0.2214401,2.763809,0.4810365,0.5493722,2.653812,0.5075521,0.2054127,2.651906,0.5136472,-0.2051033,2.694403,0.4254555,1.001358,2.698243
72057594038042242,0,0.5588432,106251.6,0.4296793,0.5460749,2.69926,0.428813,1.172017,2.664342,0.2928115,0.9609469,2.732139,0.2213102,0.80869,2.80732,0.2184483,0.6250683,2.722284,0.2105968,0.6069127,2.720925,0.5435053,0.9414715,2.649716,0.5437253,0.6873509,2.595441,0.5475728,0.5002208,2.563335,0.5374168,0.463714,2.575033,0.3686407,0.5389998,2.682822,0.3146805,0.1758715,2.706002,0.3162223,-0.2214401,2.763809,0.4810365,0.5493722,2.653812,0.5075521,0.2054127,2.651906,0.5136472,-0.2051033,2.694403,0.4254555,1.001358,2.698243
72057594038042242,0,0.5588432,106251.6,0.4296793,0.5460749,2.69926,0.428813,1.172017,2.664342,0.2928115,0.9609469,2.732139,0.2213102,0.80869,2.80732,0.2184483,0.6250683,2.722284,0.2105968,0.6069127,2.720925,0.5435053,0.9414715,2.649716,0.5437253,0.6873509,2.595441,0.5475728,0.5002208,2.563335,0.5374168,0.463714,2.575033,0.3686407,0.5389998,2.682822,0.3146805,0.1758715,2.706002,0.3162223,-0.2214401,2.763809,0.4810365,0.5493722,2.653812,0.5075521,0.2054127,2.651906,0.5136472,-0.2051033,2.694403,0.4254555,1.001358,2.698243
72057594038042242,0,0.5588432,106251.6,0.4296793,0.5460749,2.69926,0.428813,1.172017,2.664342,0.2928115,0.9609469,2.732139,0.2213102,0.80869,2.80732,0.2184483,0.6250683,2.722284,0.2105968,0.6069127,2.720925,0.5435053,0.9414715,2.649716,0.5437253,0.6873509,2.595441,0.5475728,0.5002208,2.563335,0.5374168,0.463714,2.575033,0.3686407,0.5389998,2.682822,0.3146805,0.1758715,2.706002,0.3162223,-0.2214401,2.763809,0.4810365,0.5493722,2.653812,0.5075521,0.2054127,2.651906,0.5136472,-0.2051033,2.694403,0.4254555,1.001358,2.698243
72057594038042242,0,0.5588432,106251.6,0.4296793,0.5460749,2.69926,0.428813,1.172017,2.664342,0.2928115,0.9609469,2.732139,0.2213102,0.80869,2.80732,0.2184483,0.6250683,2.722284,0.2105968,0.6069127,2.720925,0.5435053,0.9414715,2.649716,0.5437253,0.6873509,2.595441,0.5475728,0.5002208,2.563335,0.5374168,0.463714,2.575033,0.3686407,0.5389998,2.682822,0.3146805,0.1758715,2.706002,0.3162223,-0.2214401,2.763809,0.4810365,0.5493722,2.653812,0.5075521,0.2054127,2.651906,0.5136472,-0.2051033,2.694403,0.4254555,1.001358,2.698243
72057594038042242,0,0.5588432,106251.6,0.4296793,0.5460749,2.69926,0.428813,1.172017,2.664342,0.2928115,0.9609469,2.732139,0.2213102,0.80869,2.80732,0.2184483,0.6250683,2.722284,0.2105968,0.6069127,2.720925,0.5435053,0.9414715,2.649716,0.5437253,0.6873509,2.595441,0.5475728,0.5002208,2.563335,0.5374168,0.463714,2.575033,0.3686407,0.5389998,2.682822,0.3146805,0.1758715,2.706002,0.3162223,-0.2214401,2.763809,0.4810365,0.5493722,2.653812,0.5075521,0.2054127,2.651906,0.5136472,-0.2051033,2.694403,0.4254555,1.001358,2.698243
72057594038042242,0,0.5588432,106251.6,0.4296793,0.5460749,2.69926,0.428813,1.172017,2.664342,0.2928115,0.9609469,2.732139,0.2213102,0.80869,2.80732,0.2184483,0.6250683,2.722284,0.2105968,0.6069127,2.720925,0.5435053,0.9414715,2.649716,0.5437253,0.6873509,2.595441,0.5475728,0.5002208,2.563335,0.5374168,0.463714,2.575033,0.3686407,0.5389998,2.682822,0.3146805,0.1758715,2.706002,0.3162223,-0.2214401,2.763809,0.4810365,0.5493722,2.653812,0.5075521,0.2054127,2.651906,0.5136472,-0.2051033,2.694403,0.4254555,1.001358,2.698243
72057594038042242,0,0.5588432,106251.6,0.4296793,0.5460749,2.69926,0.428813,1.172017,2.664342,0.2928115,0.9609469,2.732139,0.2213102,0.80869,2.80732,0.2184483,0.6250683,2.722284,0.2105968,0.6069127,2.720925,0.5435053,0.9414715,2.649716,0.5437253,0.6873509,2.595441,0.5475728,0.5002208,2.563335,0.5374168,0.463714,2.575033,0.3686407,0.5389998,2.682822,0.3146805,0.1758715,2.706002,0.3162223,-0.2214401,2.763809,0.4810365,0.5493722,2.653812,0.5075521,0.2054127,2.651906,0.5136472,-0.2051033,2.694403,0.4254555,1.001358,2.698243
72057594038042242,0,0.5588432,106251.6,0.4296793,0.5460749,2.69926,0.428813,1.172017,2.664342,0.2928115,0.9609469,2.732139,0.2213102,0.80869,2.80732,0.2184483,0.6250683,2.722284,0.2105968,0.6069127,2.720925,0.5435053,0.9414715,2.649716,0.5437253,0.6873509,2.595441,0.5475728,0.5002208,2.563335,0.5374168,0.463714,2.575033,0.3686407,0.5389998,2.682822,0.3146805,0.1758715,2.706002,0.3162223,-0.2214401,2.763809,0.4810365,0.5493722,2.653812,0.5075521,0.2054127,2.651906,0.5136472,-0.2051033,2.694403,0.4254555,1.001358,2.698243
72057594038042242,0,0.5569255,106251.6,0.4265495,0.544961,2.700667,0.4289033,1.172104,2.664247,0.2918905,0.9607878,2.732009,0.2207064,0.8081368,2.806781,0.2178694,0.6262014,2.725577,0.212591,0.6074161,2.727033,0.54344,0.9414781,2.649761,0.5652903,0.6994261,2.621293,0.5489024,0.5091331,2.564761,0.5353902,0.4777732,2.571946,0.3662647,0.5383116,2.684503,0.3127144,0.180064,2.706084,0.3168608,-0.2184888,2.762862,0.4771115,0.5477968,2.65477,0.50753,0.203826,2.651423,0.5150434,-0.1997129,2.69673,0.4253133,1.001116,2.698087
72057594038042242,0,0.5569255,106251.6,0.4265495,0.544961,2.700667,0.4289033,1.172104,2.664247,0.2918905,0.9607878,2.732009,0.2207064,0.8081368,2.806781,0.2178694,0.6262014,2.725577,0.212591,0.6074161,2.727033,0.54344,0.9414781,2.649761,0.5652903,0.6994261,2.621293,0.5489024,0.5091331,2.564761,0.5353902,0.4777732,2.571946,0.3662647,0.5383116,2.684503,0.3127144,0.180064,2.706084,0.3168608,-0.2184888,2.762862,0.4771115,0.5477968,2.65477,0.50753,0.203826,2.651423,0.5150434,-0.1997129,2.69673,0.4253133,1.001116,2.698087
72057594038042242,0,0.5569255,106251.6,0.4265495,0.544961,2.700667,0.4289033,1.172104,2.664247,0.2918905,0.9607878,2.732009,0.2207064,0.8081368,2.806781,0.2178694,0.6262014,2.725577,0.212591,0.6074161,2.727033,0.54344,0.9414781,2.649761,0.5652903,0.6994261,2.621293,0.5489024,0.5091331,2.564761,0.5353902,0.4777732,2.571946,0.3662647,0.5383116,2.684503,0.3127144,0.180064,2.706084,0.3168608,-0.2184888,2.762862,0.4771115,0.5477968,2.65477,0.50753,0.203826,2.651423,0.5150434,-0.1997129,2.69673,0.4253133,1.001116,2.698087
72057594038042242,0,0.5569255,106251.6,0.4265495,0.544961,2.700667,0.4289033,1.172104,2.664247,0.2918905,0.9607878,2.732009,0.2207064,0.8081368,2.806781,0.2178694,0.6262014,2.725577,0.212591,0.6074161,2.727033,0.54344,0.9414781,2.649761,0.5652903,0.6994261,2.621293,0.5489024,0.5091331,2.564761,0.5353902,0.4777732,2.571946,0.3662647,0.5383116,2.684503,0.3127144,0.180064,2.706084,0.3168608,-0.2184888,2.762862,0.4771115,0.5477968,2.65477,0.50753,0.203826,2.651423,0.5150434,-0.1997129,2.69673,0.4253133,1.001116,2.698087
72057594038042242,0,0.5569255,106251.6,0.4265495,0.544961,2.700667,0.4289033,1.172104,2.664247,0.2918905,0.9607878,2.732009,0.2207064,0.8081368,2.806781,0.2178694,0.6262014,2.725577,0.212591,0.6074161,2.727033,0.54344,0.9414781,2.649761,0.5652903,0.6994261,2.621293,0.5489024,0.5091331,2.564761,0.5353902,0.4777732,2.571946,0.3662647,0.5383116,2.684503,0.3127144,0.180064,2.706084,0.3168608,-0.2184888,2.762862,0.4771115,0.5477968,2.65477,0.50753,0.203826,2.651423,0.5150434,-0.1997129,2.69673,0.4253133,1.001116,2.698087
72057594038042242,0,0.5569255,106251.6,0.4265495,0.544961,2.700667,0.4289033,1.172104,2.664247,0.2918905,0.9607878,2.732009,0.2207064,0.8081368,2.806781,0.2178694,0.6262014,2.725577,0.212591,0.6074161,2.727033,0.54344,0.9414781,2.649761,0.5652903,0.6994261,2.621293,0.5489024,0.5091331,2.564761,0.5353902,0.4777732,2.571946,0.3662647,0.5383116,2.684503,0.3127144,0.180064,2.706084,0.3168608,-0.2184888,2.762862,0.4771115,0.5477968,2.65477,0.50753,0.203826,2.651423,0.5150434,-0.1997129,2.69673,0.4253133,1.001116,2.698087
72057594038042242,0,0.5569255,106251.6,0.4265495,0.544961,2.700667,0.4289033,1.172104,2.664247,0.2918905,0.9607878,2.732009,0.2207064,0.8081368,2.806781,0.2178694,0.6262014,2.725577,0.212591,0.6074161,2.727033,0.54344,0.9414781,2.649761,0.5652903,0.6994261,2.621293,0.5489024,0.5091331,2.564761,0.5353902,0.4777732,2.571946,0.3662647,0.5383116,2.684503,0.3127144,0.180064,2.706084,0.3168608,-0.2184888,2.762862,0.4771115,0.5477968,2.65477,0.50753,0.203826,2.651423,0.5150434,-0.1997129,2.69673,0.4253133,1.001116,2.698087
72057594038042242,0,0.5569255,106251.6,0.4265495,0.544961,2.700667,0.4289033,1.172104,2.664247,0.2918905,0.9607878,2.732009,0.2207064,0.8081368,2.806781,0.2178694,0.6262014,2.725577,0.212591,0.6074161,2.727033,0.54344,0.9414781,2.649761,0.5652903,0.6994261,2.621293,0.5489024,0.5091331,2.564761,0.5353902,0.4777732,2.571946,0.3662647,0.5383116,2.684503,0.3127144,0.180064,2.706084,0.3168608,-0.2184888,2.762862,0.4771115,0.5477968,2.65477,0.50753,0.203826,2.651423,0.5150434,-0.1997129,2.69673,0.4253133,1.001116,2.698087
72057594038042242,0,0.5569255,106251.6,0.4265495,0.544961,2.700667,0.4289033,1.172104,2.664247,0.2918905,0.9607878,2.732009,0.2207064,0.8081368,2.806781,0.2178694,0.6262014,2.725577,0.212591,0.6074161,2.727033,0.54344,0.9414781,2.649761,0.5652903,0.6994261,2.621293,0.5489024,0.5091331,2.564761,0.5353902,0.4777732,2.571946,0.3662647,0.5383116,2.684503,0.3127144,0.180064,2.706084,0.3168608,-0.2184888,2.762862,0.4771115,0.5477968,2.65477,0.50753,0.203826,2.651423,0.5150434,-0.1997129,2.69673,0.4253133,1.001116,2.698087
72057594038042242,0,0.5569255,106251.6,0.4265495,0.544961,2.700667,0.4289033,1.172104,2.664247,0.2918905,0.9607878,2.732009,0.2207064,0.8081368,2.806781,0.2178694,0.6262014,2.725577,0.212591,0.6074161,2.727033,0.54344,0.9414781,2.649761,0.5652903,0.6994261,2.621293,0.5489024,0.5091331,2.564761,0.5353902,0.4777732,2.571946,0.3662647,0.5383116,2.684503,0.3127144,0.180064,2.706084,0.3168608,-0.2184888,2.762862,0.4771115,0.5477968,2.65477,0.50753,0.203826,2.651423,0.5150434,-0.1997129,2.69673,0.4253133,1.001116,2.698087
72057594038042242,0,0.5592139,106251.6,0.4286184,0.5440223,2.699454,0.4288155,1.172067,2.664278,0.2906367,0.9605892,2.732034,0.2183067,0.8090299,2.807694,0.216511,0.6269954,2.730299,0.2123046,0.5944525,2.728841,0.5434436,0.9415052,2.649772,0.5406796,0.6875511,2.594353,0.5472665,0.5001742,2.565332,0.5350889,0.4663032,2.576468,0.3685392,0.5371217,2.683172,0.3106116,0.1789689,2.708066,0.3171701,-0.2192602,2.763005,0.4790344,0.5471187,2.653594,0.5072252,0.2037167,2.651417,0.5149769,-0.1973907,2.697272,0.4245448,1.000248,2.69761
72057594038042242,0,0.5592139,106251.6,0.4286184,0.5440223,2.699454,0.4288155,1.172067,2.664278,0.2906367,0.9605892,2.732034,0.2183067,0.8090299,2.807694,0.216511,0.6269954,2.730299,0.2123046,0.5944525,2.728841,0.5434436,0.9415052,2.649772,0.5406796,0.6875511,2.594353,0.5472665,0.5001742,2.565332,0.5350889,0.4663032,2.576468,0.3685392,0.5371217,2.683172,0.3106116,0.1789689,2.708066,0.3171701,-0.2192602,2.763005,0.4790344,0.5471187,2.653594,0.5072252,0.2037167,2.651417,0.5149769,-0.1973907,2.697272,0.4245448,1.000248,2.69761
72057594038042242,0,0.5592139,106251.6,0.4286184,0.5440223,2.699454,0.4288155,1.172067,2.664278,0.2906367,0.9605892,2.732034,0.2183067,0.8090299,2.807694,0.216511,0.6269954,2.730299,0.2123046,0.5944525,2.728841,0.5434436,0.9415052,2.649772,0.5406796,0.6875511,2.594353,0.5472665,0.5001742,2.565332,0.5350889,0.4663032,2.576468,0.3685392,0.5371217,2.683172,0.3106116,0.1789689,2.708066,0.3171701,-0.2192602,2.763005,0.4790344,0.5471187,2.653594,0.5072252,0.2037167,2.651417,0.5149769,-0.1973907,2.697272,0.4245448,1.000248,2.69761
72057594038042242,0,0.5592139,106251.6,0.4286184,0.5440223,2.699454,0.4288155,1.172067,2.664278,0.2906367,0.9605892,2.732034,0.2183067,0.8090299,2.807694,0.216511,0.6269954,2.730299,0.2123046,0.5944525,2.728841,0.5434436,0.9415052,2.649772,0.5406796,0.6875511,2.594353,0.5472665,0.5001742,2.565332,0.5350889,0.4663032,2.576468,0.3685392,0.5371217,2.683172,0.3106116,0.1789689,2.708066,0.3171701,-0.2192602,2.763005,0.4790344,0.5471187,2.653594,0.5072252,0.2037167,2.651417,0.5149769,-0.1973907,2.697272,0.4245448,1.000248,2.69761
72057594038042242,0,0.5592139,106251.6,0.4286184,0.5440223,2.699454,0.4288155,1.172067,2.664278,0.2906367,0.9605892,2.732034,0.2183067,0.8090299,2.807694,0.216511,0.6269954,2.730299,0.2123046,0.5944525,2.728841,0.5434436,0.9415052,2.649772,0.5406796,0.6875511,2.594353,0.5472665,0.5001742,2.565332,0.5350889,0.4663032,2.576468,0.3685392,0.5371217,2.683172,0.3106116,0.1789689,2.708066,0.3171701,-0.2192602,2.763005,0.4790344,0.5471187,2.653594,0.5072252,0.2037167,2.651417,0.5149769,-0.1973907,2.697272,0.4245448,1.000248,2.69761
72057594038042242,0,0.5592139,106251.6,0.4286184,0.5440223,2.699454,0.4288155,1.172067,2.664278,0.2906367,0.9605892,2.732034,0.2183067,0.8090299,2.807694,0.216511,0.6269954,2.730299,0.2123046,0.5944525,2.728841,0.5434436,0.9415052,2.649772,0.5406796,0.6875511,2.594353,0.5472665,0.5001742,2.565332,0.5350889,0.4663032,2.576468,0.3685392,0.5371217,2.683172,0.3106116,0.1789689,2.708066,0.3171701,-0.2192602,2.763005,0.4790344,0.5471187,2.653594,0.5072252,0.2037167,2.651417,0.5149769,-0.1973907,2.697272,0.4245448,1.000248,2.69761
72057594038042242,0,0.5592139,106251.6,0.4286184,0.5440223,2.699454,0.4288155,1.172067,2.664278,0.2906367,0.9605892,2.732034,0.2183067,0.8090299,2.807694,0.216511,0.6269954,2.730299,0.2123046,0.5944525,2.728841,0.5434436,0.9415052,2.649772,0.5406796,0.6875511,2.594353,0.5472665,0.5001742,2.565332,0.5350889,0.4663032,2.576468,0.3685392,0.5371217,2.683172,0.3106116,0.1789689,2.708066,0.3171701,-0.2192602,2.763005,0.4790344,0.5471187,2.653594,0.5072252,0.2037167,2.651417,0.5149769,-0.1973907,2.697272,0.4245448,1.000248,2.69761
72057594038042242,0,0.5592139,106251.7,0.4286184,0.5440223,2.699454,0.4288155,1.172067,2.664278,0.2906367,0.9605892,2.732034,0.2183067,0.8090299,2.807694,0.216511,0.6269954,2.730299,0.2123046,0.5944525,2.728841,0.5434436,0.9415052,2.649772,0.5406796,0.6875511,2.594353,0.5472665,0.5001742,2.565332,0.5350889,0.4663032,2.576468,0.3685392,0.5371217,2.683172,0.3106116,0.1789689,2.708066,0.3171701,-0.2192602,2.763005,0.4790344,0.5471187,2.653594,0.5072252,0.2037167,2.651417,0.5149769,-0.1973907,2.697272,0.4245448,1.000248,2.69761
72057594038042242,0,0.5592139,106251.7,0.4286184,0.5440223,2.699454,0.4288155,1.172067,2.664278,0.2906367,0.9605892,2.732034,0.2183067,0.8090299,2.807694,0.216511,0.6269954,2.730299,0.2123046,0.5944525,2.728841,0.5434436,0.9415052,2.649772,0.5406796,0.6875511,2.594353,0.5472665,0.5001742,2.565332,0.5350889,0.4663032,2.576468,0.3685392,0.5371217,2.683172,0.3106116,0.1789689,2.708066,0.3171701,-0.2192602,2.763005,0.4790344,0.5471187,2.653594,0.5072252,0.2037167,2.651417,0.5149769,-0.1973907,2.697272,0.4245448,1.000248,2.69761
72057594038042242,0,0.5592139,106251.7,0.4286184,0.5440223,2.699454,0.4288155,1.172067,2.664278,0.2906367,0.9605892,2.732034,0.2183067,0.8090299,2.807694,0.216511,0.6269954,2.730299,0.2123046,0.5944525,2.728841,0.5434436,0.9415052,2.649772,0.5406796,0.6875511,2.594353,0.5472665,0.5001742,2.565332,0.5350889,0.4663032,2.576468,0.3685392,0.5371217,2.683172,0.3106116,0.1789689,2.708066,0.3171701,-0.2192602,2.763005,0.4790344,0.5471187,2.653594,0.5072252,0.2037167,2.651417,0.5149769,-0.1973907,2.697272,0.4245448,1.000248,2.69761
72057594038042242,0,0.5588965,106251.7,0.4272846,0.5427011,2.700273,0.4285589,1.172174,2.664232,0.2898123,0.9604855,2.731802,0.2158155,0.8105739,2.808793,0.2151814,0.6270615,2.733525,0.2126705,0.5960281,2.733449,0.5434183,0.9415396,2.649783,0.5252286,0.6890672,2.58881,0.5507536,0.5031175,2.563987,0.5376056,0.4690579,2.574561,0.3685408,0.5362893,2.683403,0.3101189,0.1796834,2.708364,0.317179,-0.2194802,2.762946,0.474922,0.5450649,2.655545,0.5066514,0.2016571,2.650971,0.514599,-0.19613,2.697945,0.4239036,0.9998394,2.69743
72057594038042242,0,0.5588965,106251.7,0.4272846,0.5427011,2.700273,0.4285589,1.172174,2.664232,0.2898123,0.9604855,2.731802,0.2158155,0.8105739,2.808793,0.2151814,0.6270615,2.733525,0.2126705,0.5960281,2.733449,0.5434183,0.9415396,2.649783,0.5252286,0.6890672,2.58881,0.5507536,0.5031175,2.563987,0.5376056,0.4690579,2.574561,0.3685408,0.5362893,2.683403,0.3101189,0.1796834,2.708364,0.317179,-0.2194802,2.762946,0.474922,0.5450649,2.655545,0.5066514,0.2016571,2.650971,0.514599,-0.19613,2.697945,0.4239036,0.9998394,2.69743
72057594038042242,0,0.5588965,106251.7,0.4272846,0.5427011,2.700273,0.4285589,1.172174,2.664232,0.2898123,0.9604855,2.731802,0.2158155,0.8105739,2.808793,0.2151814,0.6270615,2.733525,0.2126705,0.5960281,2.733449,0.5434183,0.9415396,2.649783,0.5252286,0.6890672,2.58881,0.5507536,0.5031175,2.563987,0.5376056,0.4690579,2.574561,0.3685408,0.5362893,2.683403,0.3101189,0.1796834,2.708364,0.317179,-0.2194802,2.762946,0.474922,0.5450649,2.655545,0.5066514,0.2016571,2.650971,0.514599,-0.19613,2.697945,0.4239036,0.9998394,2.69743
72057594038042242,0,0.5588965,106251.7,0.4272846,0.5427011,2.700273,0.4285589,1.172174,2.664232,0.2898123,0.9604855,2.731802,0.2158155,0.8105739,2.808793,0.2151814,0.6270615,2.733525,0.2126705,0.5960281,2.733449,0.5434183,0.9415396,2.649783,0.5252286,0.6890672,2.58881,0.5507536,0.5031175,2.563987,0.5376056,0.4690579,2.574561,0.3685408,0.5362893,2.683403,0.3101189,0.1796834,2.708364,0.317179,-0.2194802,2.762946,0.474922,0.5450649,2.655545,0.5066514,0.2016571,2.650971,0.514599,-0.19613,2.697945,0.4239036,0.9998394,2.69743
72057594038042242,0,0.5588965,106251.7,0.4272846,0.5427011,2.700273,0.4285589,1.172174,2.664232,0.2898123,0.9604855,2.731802,0.2158155,0.8105739,2.808793,0.2151814,0.6270615,2.733525,0.2126705,0.5960281,2.733449,0.5434183,0.9415396,2.649783,0.5252286,0.6890672,2.58881,0.5507536,0.5031175,2.563987,0.5376056,0.4690579,2.574561,0.3685408,0.5362893,2.683403,0.3101189,0.1796834,2.708364,0.317179,-0.2194802,2.762946,0.474922,0.5450649,2.655545,0.5066514,0.2016571,2.650971,0.514599,-0.19613,2.697945,0.4239036,0.9998394,2.69743
72057594038042242,0,0.5588965,106251.7,0.4272846,0.5427011,2.700273,0.4285589,1.172174,2.664232,0.2898123,0.9604855,2.731802,0.2158155,0.8105739,2.808793,0.2151814,0.6270615,2.733525,0.2126705,0.5960281,2.733449,0.5434183,0.9415396,2.649783,0.5252286,0.6890672,2.58881,0.5507536,0.5031175,2.563987,0.5376056,0.4690579,2.574561,0.3685408,0.5362893,2.683403,0.3101189,0.1796834,2.708364,0.317179,-0.2194802,2.762946,0.474922,0.5450649,2.655545,0.5066514,0.2016571,2.650971,0.514599,-0.19613,2.697945,0.4239036,0.9998394,2.69743
72057594038042242,0,0.5588965,106251.7,0.4272846,0.5427011,2.700273,0.4285589,1.172174,2.664232,0.2898123,0.9604855,2.731802,0.2158155,0.8105739,2.808793,0.2151814,0.6270615,2.733525,0.2126705,0.5960281,2.733449,0.5434183,0.9415396,2.649783,0.5252286,0.6890672,2.58881,0.5507536,0.5031175,2.563987,0.5376056,0.4690579,2.574561,0.3685408,0.5362893,2.683403,0.3101189,0.1796834,2.708364,0.317179,-0.2194802,2.762946,0.474922,0.5450649,2.655545,0.5066514,0.2016571,2.650971,0.514599,-0.19613,2.697945,0.4239036,0.9998394,2.69743
72057594038042242,0,0.5588965,106251.7,0.4272846,0.5427011,2.700273,0.4285589,1.172174,2.664232,0.2898123,0.9604855,2.731802,0.2158155,0.8105739,2.808793,0.2151814,0.6270615,2.733525,0.2126705,0.5960281,2.733449,0.5434183,0.9415396,2.649783,0.5252286,0.6890672,2.58881,0.5507536,0.5031175,2.563987,0.5376056,0.4690579,2.574561,0.3685408,0.5362893,2.683403,0.3101189,0.1796834,2.708364,0.317179,-0.2194802,2.762946,0.474922,0.5450649,2.655545,0.5066514,0.2016571,2.650971,0.514599,-0.19613,2.697945,0.4239036,0.9998394,2.69743
72057594038042242,0,0.5588965,106251.7,0.4272846,0.5427011,2.700273,0.4285589,1.172174,2.664232,0.2898123,0.9604855,2.731802,0.2158155,0.8105739,2.808793,0.2151814,0.6270615,2.733525,0.2126705,0.5960281,2.733449,0.5434183,0.9415396,2.649783,0.5252286,0.6890672,2.58881,0.5507536,0.5031175,2.563987,0.5376056,0.4690579,2.574561,0.3685408,0.5362893,2.683403,0.3101189,0.1796834,2.708364,0.317179,-0.2194802,2.762946,0.474922,0.5450649,2.655545,0.5066514,0.2016571,2.650971,0.514599,-0.19613,2.697945,0.4239036,0.9998394,2.69743
72057594038042242,0,0.5588965,106251.7,0.4272846,0.5427011,2.700273,0.4285589,1.172174,2.664232,0.2898123,0.9604855,2.731802,0.2158155,0.8105739,2.808793,0.2151814,0.6270615,2.733525,0.2126705,0.5960281,2.733449,0.5434183,0.9415396,2.649783,0.5252286,0.6890672,2.58881,0.5507536,0.5031175,2.563987,0.5376056,0.4690579,2.574561,0.3685408,0.5362893,2.683403,0.3101189,0.1796834,2.708364,0.317179,-0.2194802,2.762946,0.474922,0.5450649,2.655545,0.5066514,0.2016571,2.650971,0.514599,-0.19613,2.697945,0.4239036,0.9998394,2.69743
72057594038042242,0,0.5588965,106251.7,0.4272846,0.5427011,2.700273,0.4285589,1.172174,2.664232,0.2898123,0.9604855,2.731802,0.2158155,0.8105739,2.808793,0.2151814,0.6270615,2.733525,0.2126705,0.5960281,2.733449,0.5434183,0.9415396,2.649783,0.5252286,0.6890672,2.58881,0.5507536,0.5031175,2.563987,0.5376056,0.4690579,2.574561,0.3685408,0.5362893,2.683403,0.3101189,0.1796834,2.708364,0.317179,-0.2194802,2.762946,0.474922,0.5450649,2.655545,0.5066514,0.2016571,2.650971,0.514599,-0.19613,2.697945,0.4239036,0.9998394,2.69743
72057594038042242,0,0.5588182,106251.7,0.426208,0.5413613,2.700821,0.4276937,1.1729,2.662688,0.289227,0.9604037,2.731498,0.2131289,0.8126122,2.810127,0.2152932,0.6317568,2.746499,0.212654,0.603227,2.746255,0.543182,0.9415237,2.64976,0.5319958,0.6877965,2.593845,0.5506254,0.5014758,2.563694,0.5374798,0.4680062,2.577589,0.3685782,0.5350215,2.68328,0.3087811,0.1820602,2.710346,0.3177888,-0.2185215,2.763093,0.4723711,0.5436093,2.657068,0.5063322,0.2015629,2.650987,0.5140443,-0.1885825,2.701658,0.4229968,1.0001,2.69667
72057594038042242,0,0.5588182,106251.7,0.426208,0.5413613,2.700821,0.4276937,1.1729,2.662688,0.289227,0.9604037,2.731498,0.2131289,0.8126122,2.810127,0.2152932,0.6317568,2.746499,0.212654,0.603227,2.746255,0.543182,0.9415237,2.64976,0.5319958,0.6877965,2.593845,0.5506254,0.5014758,2.563694,0.5374798,0.4680062,2.577589,0.3685782,0.5350215,2.68328,0.3087811,0.1820602,2.710346,0.3177888,-0.2185215,2.763093,0.4723711,0.5436093,2.657068,0.5063322,0.2015629,2.650987,0.5140443,-0.1885825,2.701658,0.4229968,1.0001,2.69667
72057594038042242,0,0.5588182,106251.7,0.426208,0.5413613,2.700821,0.4276937,1.1729,2.662688,0.289227,0.9604037,2.731498,0.2131289,0.8126122,2.810127,0.2152932,0.6317568,2.746499,0.212654,0.603227,2.746255,0.543182,0.9415237,2.64976,0.5319958,0.6877965,2.593845,0.5506254,0.5014758,2.563694,0.5374798,0.4680062,2.577589,0.3685782,0.5350215,2.68328,0.3087811,0.1820602,2.710346,0.3177888,-0.2185215,2.763093,0.4723711,0.5436093,2.657068,0.5063322,0.2015629,2.650987,0.5140443,-0.1885825,2.701658,0.4229968,1.0001,2.69667
72057594038042242,0,0.5588182,106251.7,0.426208,0.5413613,2.700821,0.4276937,1.1729,2.662688,0.289227,0.9604037,2.731498,0.2131289,0.8126122,2.810127,0.2152932,0.6317568,2.746499,0.212654,0.603227,2.746255,0.543182,0.9415237,2.64976,0.5319958,0.6877965,2.593845,0.5506254,0.5014758,2.563694,0.5374798,0.4680062,2.577589,0.3685782,0.5350215,2.68328,0.3087811,0.1820602,2.710346,0.3177888,-0.2185215,2.763093,0.4723711,0.5436093,2.657068,0.5063322,0.2015629,2.650987,0.5140443,-0.1885825,2.701658,0.4229968,1.0001,2.69667
72057594038042242,0,0.5588182,106251.7,0.426208,0.5413613,2.700821,0.4276937,1.1729,2.662688,0.289227,0.9604037,2.731498,0.2131289,0.8126122,2.810127,0.2152932,0.6317568,2.746499,0.212654,0.603227,2.746255,0.543182,0.9415237,2.64976,0.5319958,0.6877965,2.593845,0.5506254,0.5014758,2.563694,0.5374798,0.4680062,2.577589,0.3685782,0.5350215,2.68328,0.3087811,0.1820602,2.710346,0.3177888,-0.2185215,2.763093,0.4723711,0.5436093,2.657068,0.5063322,0.2015629,2.650987,0.5140443,-0.1885825,2.701658,0.4229968,1.0001,2.69667
72057594038042242,0,0.5588182,106251.7,0.426208,0.5413613,2.700821,0.4276937,1.1729,2.662688,0.289227,0.9604037,2.731498,0.2131289,0.8126122,2.810127,0.2152932,0.6317568,2.746499,0.212654,0.603227,2.746255,0.543182,0.9415237,2.64976,0.5319958,0.6877965,2.593845,0.5506254,0.5014758,2.563694,0.5374798,0.4680062,2.577589,0.3685782,0.5350215,2.68328,0.3087811,0.1820602,2.710346,0.3177888,-0.2185215,2.763093,0.4723711,0.5436093,2.657068,0.5063322,0.2015629,2.650987,0.5140443,-0.1885825,2.701658,0.4229968,1.0001,2.69667
72057594038042242,0,0.5588182,106251.7,0.426208,0.5413613,2.700821,0.4276937,1.1729,2.662688,0.289227,0.9604037,2.731498,0.2131289,0.8126122,2.810127,0.2152932,0.6317568,2.746499,0.212654,0.603227,2.746255,0.543182,0.9415237,2.64976,0.5319958,0.6877965,2.593845,0.5506254,0.5014758,2.563694,0.5374798,0.4680062,2.577589,0.3685782,0.5350215,2.68328,0.3087811,0.1820602,2.710346,0.3177888,-0.2185215,2.763093,0.4723711,0.5436093,2.657068,0.5063322,0.2015629,2.650987,0.5140443,-0.1885825,2.701658,0.4229968,1.0001,2.69667
72057594038042242,0,0.5588182,106251.7,0.426208,0.5413613,2.700821,0.4276937,1.1729,2.662688,0.289227,0.9604037,2.731498,0.2131289,0.8126122,2.810127,0.2152932,0.6317568,2.746499,0.212654,0.603227,2.746255,0.543182,0.9415237,2.64976,0.5319958,0.6877965,2.593845,0.5506254,0.5014758,2.563694,0.5374798,0.4680062,2.577589,0.3685782,0.5350215,2.68328,0.3087811,0.1820602,2.710346,0.3177888,-0.2185215,2.763093,0.4723711,0.5436093,2.657068,0.5063322,0.2015629,2.650987,0.5140443,-0.1885825,2.701658,0.4229968,1.0001,2.69667
72057594038042242,0,0.5588182,106251.7,0.426208,0.5413613,2.700821,0.4276937,1.1729,2.662688,0.289227,0.9604037,2.731498,0.2131289,0.8126122,2.810127,0.2152932,0.6317568,2.746499,0.212654,0.603227,2.746255,0.543182,0.9415237,2.64976,0.5319958,0.6877965,2.593845,0.5506254,0.5014758,2.563694,0.5374798,0.4680062,2.577589,0.3685782,0.5350215,2.68328,0.3087811,0.1820602,2.710346,0.3177888,-0.2185215,2.763093,0.4723711,0.5436093,2.657068,0.5063322,0.2015629,2.650987,0.5140443,-0.1885825,2.701658,0.4229968,1.0001,2.69667
72057594038042242,0,0.5588182,106251.7,0.426208,0.5413613,2.700821,0.4276937,1.1729,2.662688,0.289227,0.9604037,2.731498,0.2131289,0.8126122,2.810127,0.2152932,0.6317568,2.746499,0.212654,0.603227,2.746255,0.543182,0.9415237,2.64976,0.5319958,0.6877965,2.593845,0.5506254,0.5014758,2.563694,0.5374798,0.4680062,2.577589,0.3685782,0.5350215,2.68328,0.3087811,0.1820602,2.710346,0.3177888,-0.2185215,2.763093,0.4723711,0.5436093,2.657068,0.5063322,0.2015629,2.650987,0.5140443,-0.1885825,2.701658,0.4229968,1.0001,2.69667
72057594038042242,0,0.5588182,106251.7,0.426208,0.5413613,2.700821,0.4276937,1.1729,2.662688,0.289227,0.9604037,2.731498,0.2131289,0.8126122,2.810127,0.2152932,0.6317568,2.746499,0.212654,0.603227,2.746255,0.543182,0.9415237,2.64976,0.5319958,0.6877965,2.593845,0.5506254,0.5014758,2.563694,0.5374798,0.4680062,2.577589,0.3685782,0.5350215,2.68328,0.3087811,0.1820602,2.710346,0.3177888,-0.2185215,2.763093,0.4723711,0.5436093,2.657068,0.5063322,0.2015629,2.650987,0.5140443,-0.1885825,2.701658,0.4229968,1.0001,2.69667
72057594038042242,0,0.5590796,106251.7,0.4255392,0.5400369,2.701027,0.4267702,1.173521,2.661557,0.2891784,0.9604459,2.731268,0.2126402,0.8129519,2.810004,0.2145987,0.6315193,2.748303,0.2108792,0.6232581,2.755635,0.5431821,0.9416078,2.649839,0.5327992,0.6878263,2.594088,0.5455736,0.5008441,2.564923,0.5340002,0.4669121,2.574766,0.3683882,0.534058,2.683118,0.3084499,0.1832529,2.711358,0.3178695,-0.2191268,2.762965,0.4715506,0.5421269,2.65755,0.5061986,0.2011161,2.651003,0.5136505,-0.1861712,2.701983,0.4218282,1.000905,2.695529
72057594038042242,0,0.5590796,106251.7,0.4255392,0.5400369,2.701027,0.4267702,1.173521,2.661557,0.2891784,0.9604459,2.731268,0.2126402,0.8129519,2.810004,0.2145987,0.6315193,2.748303,0.2108792,0.6232581,2.755635,0.5431821,0.9416078,2.649839,0.5327992,0.6878263,2.594088,0.5455736,0.5008441,2.564923,0.5340002,0.4669121,2.574766,0.3683882,0.534058,2.683118,0.3084499,0.1832529,2.711358,0.3178695,-0.2191268,2.762965,0.4715506,0.5421269,2.65755,0.5061986,0.2011161,2.651003,0.5136505,-0.1861712,2.701983,0.4218282,1.000905,2.695529
72057594038042242,0,0.5590796,106251.7,0.4255392,0.5400369,2.701027,0.4267702,1.173521,2.661557,0.2891784,0.9604459,2.731268,0.2126402,0.8129519,2.810004,0.2145987,0.6315193,2.748303,0.2108792,0.6232581,2.755635,0.5431821,0.9416078,2.649839,0.5327992,0.6878263,2.594088,0.5455736,0.5008441,2.564923,0.5340002,0.4669121,2.574766,0.3683882,0.534058,2.683118,0.3084499,0.1832529,2.711358,0.3178695,-0.2191268,2.762965,0.4715506,0.5421269,2.65755,0.5061986,0.2011161,2.651003,0.5136505,-0.1861712,2.701983,0.4218282,1.000905,2.695529
72057594038042242,0,0.5590796,106251.7,0.4255392,0.5400369,2.701027,0.4267702,1.173521,2.661557,0.2891784,0.9604459,2.731268,0.2126402,0.8129519,2.810004,0.2145987,0.6315193,2.748303,0.2108792,0.6232581,2.755635,0.5431821,0.9416078,2.649839,0.5327992,0.6878263,2.594088,0.5455736,0.5008441,2.564923,0.5340002,0.4669121,2.574766,0.3683882,0.534058,2.683118,0.3084499,0.1832529,2.711358,0.3178695,-0.2191268,2.762965,0.4715506,0.5421269,2.65755,0.5061986,0.2011161,2.651003,0.5136505,-0.1861712,2.701983,0.4218282,1.000905,2.695529
72057594038042242,0,0.5590796,106251.7,0.4255392,0.5400369,2.701027,0.4267702,1.173521,2.661557,0.2891784,0.9604459,2.731268,0.2126402,0.8129519,2.810004,0.2145987,0.6315193,2.748303,0.2108792,0.6232581,2.755635,0.5431821,0.9416078,2.649839,0.5327992,0.6878263,2.594088,0.5455736,0.5008441,2.564923,0.5340002,0.4669121,2.574766,0.3683882,0.534058,2.683118,0.3084499,0.1832529,2.711358,0.3178695,-0.2191268,2.762965,0.4715506,0.5421269,2.65755,0.5061986,0.2011161,2.651003,0.5136505,-0.1861712,2.701983,0.4218282,1.000905,2.695529
72057594038042242,0,0.5590796,106251.8,0.4255392,0.5400369,2.701027,0.4267702,1.173521,2.661557,0.2891784,0.9604459,2.731268,0.2126402,0.8129519,2.810004,0.2145987,0.6315193,2.748303,0.2108792,0.6232581,2.755635,0.5431821,0.9416078,2.649839,0.5327992,0.6878263,2.594088,0.5455736,0.5008441,2.564923,0.5340002,0.4669121,2.574766,0.3683882,0.534058,2.683118,0.3084499,0.1832529,2.711358,0.3178695,-0.2191268,2.762965,0.4715506,0.5421269,2.65755,0.5061986,0.2011161,2.651003,0.5136505,-0.1861712,2.701983,0.4218282,1.000905,2.695529
72057594038042242,0,0.5590796,106251.8,0.4255392,0.5400369,2.701027,0.4267702,1.173521,2.661557,0.2891784,0.9604459,2.731268,0.2126402,0.8129519,2.810004,0.2145987,0.6315193,2.748303,0.2108792,0.6232581,2.755635,0.5431821,0.9416078,2.649839,0.5327992,0.6878263,2.594088,0.5455736,0.5008441,2.564923,0.5340002,0.4669121,2.574766,0.3683882,0.534058,2.683118,0.3084499,0.1832529,2.711358,0.3178695,-0.2191268,2.762965,0.4715506,0.5421269,2.65755,0.5061986,0.2011161,2.651003,0.5136505,-0.1861712,2.701983,0.4218282,1.000905,2.695529
72057594038042242,0,0.5590796,106251.8,0.4255392,0.5400369,2.701027,0.4267702,1.173521,2.661557,0.2891784,0.9604459,2.731268,0.2126402,0.8129519,2.810004,0.2145987,0.6315193,2.748303,0.2108792,0.6232581,2.755635,0.5431821,0.9416078,2.649839,0.5327992,0.6878263,2.594088,0.5455736,0.5008441,2.564923,0.5340002,0.4669121,2.574766,0.3683882,0.534058,2.683118,0.3084499,0.1832529,2.711358,0.3178695,-0.2191268,2.762965,0.4715506,0.5421269,2.65755,0.5061986,0.2011161,2.651003,0.5136505,-0.1861712,2.701983,0.4218282,1.000905,2.695529
72057594038042242,0,0.5590796,106251.8,0.4255392,0.5400369,2.701027,0.4267702,1.173521,2.661557,0.2891784,0.9604459,2.731268,0.2126402,0.8129519,2.810004,0.2145987,0.6315193,2.748303,0.2108792,0.6232581,2.755635,0.5431821,0.9416078,2.649839,0.5327992,0.6878263,2.594088,0.5455736,0.5008441,2.564923,0.5340002,0.4669121,2.574766,0.3683882,0.534058,2.683118,0.3084499,0.1832529,2.711358,0.3178695,-0.2191268,2.762965,0.4715506,0.5421269,2.65755,0.5061986,0.2011161,2.651003,0.5136505,-0.1861712,2.701983,0.4218282,1.000905,2.695529
72057594038042242,0,0.5590796,106251.8,0.4255392,0.5400369,2.701027,0.4267702,1.173521,2.661557,0.2891784,0.9604459,2.731268,0.2126402,0.8129519,2.810004,0.2145987,0.6315193,2.748303,0.2108792,0.6232581,2.755635,0.5431821,0.9416078,2.649839,0.5327992,0.6878263,2.594088,0.5455736,0.5008441,2.564923,0.5340002,0.4669121,2.574766,0.3683882,0.534058,2.683118,0.3084499,0.1832529,2.711358,0.3178695,-0.2191268,2.762965,0.4715506,0.5421269,2.65755,0.5061986,0.2011161,2.651003,0.5136505,-0.1861712,2.701983,0.4218282,1.000905,2.695529
72057594038042242,0,0.5590066,106251.8,0.4243219,0.5385133,2.701682,0.4256803,1.17376,2.66136,0.2886723,0.9604273,2.731047,0.2127469,0.8129568,2.810296,0.2160815,0.630172,2.753583,0.2122023,0.6008714,2.752225,0.5428974,0.9417454,2.649968,0.5315114,0.6881574,2.593279,0.5456285,0.5011526,2.565412,0.5338699,0.4691041,2.576339,0.3680947,0.5326388,2.683029,0.3078772,0.1843146,2.71313,0.3178583,-0.2198095,2.762846,0.4694538,0.5405864,2.659053,0.5056174,0.2002513,2.651635,0.5138619,-0.1927636,2.700957,0.4216815,1.00103,2.695454
72057594038042242,0,0.5590066,106251.8,0.4243219,0.5385133,2.701682,0.4256803,1.17376,2.66136,0.2886723,0.9604273,2.731047,0.2127469,0.8129568,2.810296,0.2160815,0.630172,2.753583,0.2122023,0.6008714,2.752225,0.5428974,0.9417454,2.649968,0.5315114,0.6881574,2.593279,0.5456285,0.5011526,2.565412,0.5338699,0.4691041,2.576339,0.3680947,0.5326388,2.683029,0.3078772,0.1843146,2.71313,0.3178583,-0.2198095,2.762846,0.4694538,0.5405864,2.659053,0.5056174,0.2002513,2.651635,0.5138619,-0.1927636,2.700957,0.4216815,1.00103,2.695454
72057594038042242,0,0.5590066,106251.8,0.4243219,0.5385133,2.701682,0.4256803,1.17376,2.66136,0.2886723,0.9604273,2.731047,0.2127469,0.8129568,2.810296,0.2160815,0.630172,2.753583,0.2122023,0.6008714,2.752225,0.5428974,0.9417454,2.649968,0.5315114,0.6881574,2.593279,0.5456285,0.5011526,2.565412,0.5338699,0.4691041,2.576339,0.3680947,0.5326388,2.683029,0.3078772,0.1843146,2.71313,0.3178583,-0.2198095,2.762846,0.4694538,0.5405864,2.659053,0.5056174,0.2002513,2.651635,0.5138619,-0.1927636,2.700957,0.4216815,1.00103,2.695454
72057594038042242,0,0.5590066,106251.8,0.4243219,0.5385133,2.701682,0.4256803,1.17376,2.66136,0.2886723,0.9604273,2.731047,0.2127469,0.8129568,2.810296,0.2160815,0.630172,2.753583,0.2122023,0.6008714,2.752225,0.5428974,0.9417454,2.649968,0.5315114,0.6881574,2.593279,0.5456285,0.5011526,2.565412,0.5338699,0.4691041,2.576339,0.3680947,0.5326388,2.683029,0.3078772,0.1843146,2.71313,0.3178583,-0.2198095,2.762846,0.4694538,0.5405864,2.659053,0.5056174,0.2002513,2.651635,0.5138619,-0.1927636,2.700957,0.4216815,1.00103,2.695454
72057594038042242,0,0.5590066,106251.8,0.4243219,0.5385133,2.701682,0.4256803,1.17376,2.66136,0.2886723,0.9604273,2.731047,0.2127469,0.8129568,2.810296,0.2160815,0.630172,2.753583,0.2122023,0.6008714,2.752225,0.5428974,0.9417454,2.649968,0.5315114,0.6881574,2.593279,0.5456285,0.5011526,2.565412,0.5338699,0.4691041,2.576339,0.3680947,0.5326388,2.683029,0.3078772,0.1843146,2.71313,0.3178583,-0.2198095,2.762846,0.4694538,0.5405864,2.659053,0.5056174,0.2002513,2.651635,0.5138619,-0.1927636,2.700957,0.4216815,1.00103,2.695454
72057594038042242,0,0.5590066,106251.8,0.4243219,0.5385133,2.701682,0.4256803,1.17376,2.66136,0.2886723,0.9604273,2.731047,0.2127469,0.8129568,2.810296,0.2160815,0.630172,2.753583,0.2122023,0.6008714,2.752225,0.5428974,0.9417454,2.649968,0.5315114,0.6881574,2.593279,0.5456285,0.5011526,2.565412,0.5338699,0.4691041,2.576339,0.3680947,0.5326388,2.683029,0.3078772,0.1843146,2.71313,0.3178583,-0.2198095,2.762846,0.4694538,0.5405864,2.659053,0.5056174,0.2002513,2.651635,0.5138619,-0.1927636,2.700957,0.4216815,1.00103,2.695454
72057594038042242,0,0.5590066,106251.8,0.4243219,0.5385133,2.701682,0.4256803,1.17376,2.66136,0.2886723,0.9604273,2.731047,0.2127469,0.8129568,2.810296,0.2160815,0.630172,2.753583,0.2122023,0.6008714,2.752225,0.5428974,0.9417454,2.649968,0.5315114,0.6881574,2.593279,0.5456285,0.5011526,2.565412,0.5338699,0.4691041,2.576339,0.3680947,0.5326388,2.683029,0.3078772,0.1843146,2.71313,0.3178583,-0.2198095,2.762846,0.4694538,0.5405864,2.659053,0.5056174,0.2002513,2.651635,0.5138619,-0.1927636,2.700957,0.4216815,1.00103,2.695454
72057594038042242,0,0.5590066,106251.8,0.4243219,0.5385133,2.701682,0.4256803,1.17376,2.66136,0.2886723,0.9604273,2.731047,0.2127469,0.8129568,2.810296,0.2160815,0.630172,2.753583,0.2122023,0.6008714,2.752225,0.5428974,0.9417454,2.649968,0.5315114,0.6881574,2.593279,0.5456285,0.5011526,2.565412,0.5338699,0.4691041,2.576339,0.3680947,0.5326388,2.683029,0.3078772,0.1843146,2.71313,0.3178583,-0.2198095,2.762846,0.4694538,0.5405864,2.659053,0.5056174,0.2002513,2.651635,0.5138619,-0.1927636,2.700957,0.4216815,1.00103,2.695454
72057594038042242,0,0.5590066,106251.8,0.4243219,0.5385133,2.701682,0.4256803,1.17376,2.66136,0.2886723,0.9604273,2.731047,0.2127469,0.8129568,2.810296,0.2160815,0.630172,2.753583,0.2122023,0.6008714,2.752225,0.5428974,0.9417454,2.649968,0.5315114,0.6881574,2.593279,0.5456285,0.5011526,2.565412,0.5338699,0.4691041,2.576339,0.3680947,0.5326388,2.683029,0.3078772,0.1843146,2.71313,0.3178583,-0.2198095,2.762846,0.4694538,0.5405864,2.659053,0.5056174,0.2002513,2.651635,0.5138619,-0.1927636,2.700957,0.4216815,1.00103,2.695454
72057594038042242,0,0.5590066,106251.8,0.4243219,0.5385133,2.701682,0.4256803,1.17376,2.66136,0.2886723,0.9604273,2.731047,0.2127469,0.8129568,2.810296,0.2160815,0.630172,2.753583,0.2122023,0.6008714,2.752225,0.5428974,0.9417454,2.649968,0.5315114,0.6881574,2.593279,0.5456285,0.5011526,2.565412,0.5338699,0.4691041,2.576339,0.3680947,0.5326388,2.683029,0.3078772,0.1843146,2.71313,0.3178583,-0.2198095,2.762846,0.4694538,0.5405864,2.659053,0.5056174,0.2002513,2.651635,0.5138619,-0.1927636,2.700957,0.4216815,1.00103,2.695454
72057594038042242,0,0.559427,106251.8,0.423945,0.5373154,2.701935,0.4252684,1.173663,2.66091,0.2882327,0.9605203,2.730619,0.213916,0.8107223,2.807537,0.2148954,0.626478,2.756674,0.2110293,0.6038796,2.753286,0.542763,0.9418167,2.649994,0.5319957,0.6882152,2.593261,0.5427048,0.5008373,2.566565,0.5322143,0.4629792,2.57584,0.3682282,0.5309339,2.682822,0.3070574,0.1851612,2.714392,0.3175759,-0.2204996,2.762974,0.4688984,0.5397837,2.659543,0.5053633,0.1996271,2.651808,0.5140712,-0.1898402,2.701006,0.4206454,1.000756,2.695015
72057594038042242,0,0.559427,106251.8,0.423945,0.5373154,2.701935,0.4252684,1.173663,2.66091,0.2882327,0.9605203,2.730619,0.213916,0.8107223,2.807537,0.2148954,0.626478,2.756674,0.2110293,0.6038796,2.753286,0.542763,0.9418167,2.649994,0.5319957,0.6882152,2.593261,0.5427048,0.5008373,2.566565,0.5322143,0.4629792,2.57584,0.3682282,0.5309339,2.682822,0.3070574,0.1851612,2.714392,0.3175759,-0.2204996,2.762974,0.4688984,0.5397837,2.659543,0.5053633,0.1996271,2.651808,0.5140712,-0.1898402,2.701006,0.4206454,1.000756,2.695015
72057594038042242,0,0.559427,106251.8,0.423945,0.5373154,2.701935,0.4252684,1.173663,2.66091,0.2882327,0.9605203,2.730619,0.213916,0.8107223,2.807537,0.2148954,0.626478,2.756674,0.2110293,0.6038796,2.753286,0.542763,0.9418167,2.649994,0.5319957,0.6882152,2.593261,0.5427048,0.5008373,2.566565,0.5322143,0.4629792,2.57584,0.3682282,0.5309339,2.682822,0.3070574,0.1851612,2.714392,0.3175759,-0.2204996,2.762974,0.4688984,0.5397837,2.659543,0.5053633,0.1996271,2.651808,0.5140712,-0.1898402,2.701006,0.4206454,1.000756,2.695015
72057594038042242,0,0.559427,106251.8,0.423945,0.5373154,2.701935,0.4252684,1.173663,2.66091,0.2882327,0.9605203,2.730619,0.213916,0.8107223,2.807537,0.2148954,0.626478,2.756674,0.2110293,0.6038796,2.753286,0.542763,0.9418167,2.649994,0.5319957,0.6882152,2.593261,0.5427048,0.5008373,2.566565,0.5322143,0.4629792,2.57584,0.3682282,0.5309339,2.682822,0.3070574,0.1851612,2.714392,0.3175759,-0.2204996,2.762974,0.4688984,0.5397837,2.659543,0.5053633,0.1996271,2.651808,0.5140712,-0.1898402,2.701006,0.4206454,1.000756,2.695015
72057594038042242,0,0.559427,106251.8,0.423945,0.5373154,2.701935,0.4252684,1.173663,2.66091,0.2882327,0.9605203,2.730619,0.213916,0.8107223,2.807537,0.2148954,0.626478,2.756674,0.2110293,0.6038796,2.753286,0.542763,0.9418167,2.649994,0.5319957,0.6882152,2.593261,0.5427048,0.5008373,2.566565,0.5322143,0.4629792,2.57584,0.3682282,0.5309339,2.682822,0.3070574,0.1851612,2.714392,0.3175759,-0.2204996,2.762974,0.4688984,0.5397837,2.659543,0.5053633,0.1996271,2.651808,0.5140712,-0.1898402,2.701006,0.4206454,1.000756,2.695015
72057594038042242,0,0.559427,106251.8,0.423945,0.5373154,2.701935,0.4252684,1.173663,2.66091,0.2882327,0.9605203,2.730619,0.213916,0.8107223,2.807537,0.2148954,0.626478,2.756674,0.2110293,0.6038796,2.753286,0.542763,0.9418167,2.649994,0.5319957,0.6882152,2.593261,0.5427048,0.5008373,2.566565,0.5322143,0.4629792,2.57584,0.3682282,0.5309339,2.682822,0.3070574,0.1851612,2.714392,0.3175759,-0.2204996,2.762974,0.4688984,0.5397837,2.659543,0.5053633,0.1996271,2.651808,0.5140712,-0.1898402,2.701006,0.4206454,1.000756,2.695015
72057594038042242,0,0.559427,106251.8,0.423945,0.5373154,2.701935,0.4252684,1.173663,2.66091,0.2882327,0.9605203,2.730619,0.213916,0.8107223,2.807537,0.2148954,0.626478,2.756674,0.2110293,0.6038796,2.753286,0.542763,0.9418167,2.649994,0.5319957,0.6882152,2.593261,0.5427048,0.5008373,2.566565,0.5322143,0.4629792,2.57584,0.3682282,0.5309339,2.682822,0.3070574,0.1851612,2.714392,0.3175759,-0.2204996,2.762974,0.4688984,0.5397837,2.659543,0.5053633,0.1996271,2.651808,0.5140712,-0.1898402,2.701006,0.4206454,1.000756,2.695015
72057594038042242,0,0.559427,106251.8,0.423945,0.5373154,2.701935,0.4252684,1.173663,2.66091,0.2882327,0.9605203,2.730619,0.213916,0.8107223,2.807537,0.2148954,0.626478,2.756674,0.2110293,0.6038796,2.753286,0.542763,0.9418167,2.649994,0.5319957,0.6882152,2.593261,0.5427048,0.5008373,2.566565,0.5322143,0.4629792,2.57584,0.3682282,0.5309339,2.682822,0.3070574,0.1851612,2.714392,0.3175759,-0.2204996,2.762974,0.4688984,0.5397837,2.659543,0.5053633,0.1996271,2.651808,0.5140712,-0.1898402,2.701006,0.4206454,1.000756,2.695015
72057594038042242,0,0.559427,106251.8,0.423945,0.5373154,2.701935,0.4252684,1.173663,2.66091,0.2882327,0.9605203,2.730619,0.213916,0.8107223,2.807537,0.2148954,0.626478,2.756674,0.2110293,0.6038796,2.753286,0.542763,0.9418167,2.649994,0.5319957,0.6882152,2.593261,0.5427048,0.5008373,2.566565,0.5322143,0.4629792,2.57584,0.3682282,0.5309339,2.682822,0.3070574,0.1851612,2.714392,0.3175759,-0.2204996,2.762974,0.4688984,0.5397837,2.659543,0.5053633,0.1996271,2.651808,0.5140712,-0.1898402,2.701006,0.4206454,1.000756,2.695015
72057594038042242,0,0.559427,106251.8,0.423945,0.5373154,2.701935,0.4252684,1.173663,2.66091,0.2882327,0.9605203,2.730619,0.213916,0.8107223,2.807537,0.2148954,0.626478,2.756674,0.2110293,0.6038796,2.753286,0.542763,0.9418167,2.649994,0.5319957,0.6882152,2.593261,0.5427048,0.5008373,2.566565,0.5322143,0.4629792,2.57584,0.3682282,0.5309339,2.682822,0.3070574,0.1851612,2.714392,0.3175759,-0.2204996,2.762974,0.4688984,0.5397837,2.659543,0.5053633,0.1996271,2.651808,0.5140712,-0.1898402,2.701006,0.4206454,1.000756,2.695015
72057594038042242,0,0.5596948,106251.8,0.4238304,0.5367233,2.702015,0.4243625,1.173393,2.660215,0.2879032,0.9606322,2.730398,0.2127603,0.8100129,2.805352,0.2148372,0.6243724,2.761297,0.2109654,0.6030622,2.756863,0.5425652,0.9419379,2.650094,0.52687,0.6887928,2.591961,0.5451236,0.5020574,2.565454,0.533382,0.4695863,2.578111,0.3680057,0.5300829,2.68263,0.3065272,0.1868186,2.715517,0.3176327,-0.2208252,2.76289,0.4689826,0.5394228,2.65974,0.5053412,0.1995119,2.651875,0.5140793,-0.1899204,2.700917,0.4205123,1.000715,2.695016
72057594038042242,0,0.5596948,106251.8,0.4238304,0.5367233,2.702015,0.4243625,1.173393,2.660215,0.2879032,0.9606322,2.730398,0.2127603,0.8100129,2.805352,0.2148372,0.6243724,2.761297,0.2109654,0.6030622,2.756863,0.5425652,0.9419379,2.650094,0.52687,0.6887928,2.591961,0.5451236,0.5020574,2.565454,0.533382,0.4695863,2.578111,0.3680057,0.5300829,2.68263,0.3065272,0.1868186,2.715517,0.3176327,-0.2208252,2.76289,0.4689826,0.5394228,2.65974,0.5053412,0.1995119,2.651875,0.5140793,-0.1899204,2.700917,0.4205123,1.000715,2.695016
72057594038042242,0,0.5596948,106251.8,0.4238304,0.5367233,2.702015,0.4243625,1.173393,2.660215,0.2879032,0.9606322,2.730398,0.2127603,0.8100129,2.805352,0.2148372,0.6243724,2.761297,0.2109654,0.6030622,2.756863,0.5425652,0.9419379,2.650094,0.52687,0.6887928,2.591961,0.5451236,0.5020574,2.565454,0.533382,0.4695863,2.578111,0.3680057,0.5300829,2.68263,0.3065272,0.1868186,2.715517,0.3176327,-0.2208252,2.76289,0.4689826,0.5394228,2.65974,0.5053412,0.1995119,2.651875,0.5140793,-0.1899204,2.700917,0.4205123,1.000715,2.695016
72057594038042242,0,0.5596948,106251.8,0.4238304,0.5367233,2.702015,0.4243625,1.173393,2.660215,0.2879032,0.9606322,2.730398,0.2127603,0.8100129,2.805352,0.2148372,0.6243724,2.761297,0.2109654,0.6030622,2.756863,0.5425652,0.9419379,2.650094,0.52687,0.6887928,2.591961,0.5451236,0.5020574,2.565454,0.533382,0.4695863,2.578111,0.3680057,0.5300829,2.68263,0.3065272,0.1868186,2.715517,0.3176327,-0.2208252,2.76289,0.4689826,0.5394228,2.65974,0.5053412,0.1995119,2.651875,0.5140793,-0.1899204,2.700917,0.4205123,1.000715,2.695016
72057594038042242,0,0.5596948,106251.8,0.4238304,0.5367233,2.702015,0.4243625,1.173393,2.660215,0.2879032,0.9606322,2.730398,0.2127603,0.8100129,2.805352,0.2148372,0.6243724,2.761297,0.2109654,0.6030622,2.756863,0.5425652,0.9419379,2.650094,0.52687,0.6887928,2.591961,0.5451236,0.5020574,2.565454,0.533382,0.4695863,2.578111,0.3680057,0.5300829,2.68263,0.3065272,0.1868186,2.715517,0.3176327,-0.2208252,2.76289,0.4689826,0.5394228,2.65974,0.5053412,0.1995119,2.651875,0.5140793,-0.1899204,2.700917,0.4205123,1.000715,2.695016
72057594038042242,0,0.5596948,106251.8,0.4238304,0.5367233,2.702015,0.4243625,1.173393,2.660215,0.2879032,0.9606322,2.730398,0.2127603,0.8100129,2.805352,0.2148372,0.6243724,2.761297,0.2109654,0.6030622,2.756863,0.5425652,0.9419379,2.650094,0.52687,0.6887928,2.591961,0.5451236,0.5020574,2.565454,0.533382,0.4695863,2.578111,0.3680057,0.5300829,2.68263,0.3065272,0.1868186,2.715517,0.3176327,-0.2208252,2.76289,0.4689826,0.5394228,2.65974,0.5053412,0.1995119,2.651875,0.5140793,-0.1899204,2.700917,0.4205123,1.000715,2.695016
72057594038042242,0,0.5596948,106251.9,0.4238304,0.5367233,2.702015,0.4243625,1.173393,2.660215,0.2879032,0.9606322,2.730398,0.2127603,0.8100129,2.805352,0.2148372,0.6243724,2.761297,0.2109654,0.6030622,2.756863,0.5425652,0.9419379,2.650094,0.52687,0.6887928,2.591961,0.5451236,0.5020574,2.565454,0.533382,0.4695863,2.578111,0.3680057,0.5300829,2.68263,0.3065272,0.1868186,2.715517,0.3176327,-0.2208252,2.76289,0.4689826,0.5394228,2.65974,0.5053412,0.1995119,2.651875,0.5140793,-0.1899204,2.700917,0.4205123,1.000715,2.695016
72057594038042242,0,0.5596948,106251.9,0.4238304,0.5367233,2.702015,0.4243625,1.173393,2.660215,0.2879032,0.9606322,2.730398,0.2127603,0.8100129,2.805352,0.2148372,0.6243724,2.761297,0.2109654,0.6030622,2.756863,0.5425652,0.9419379,2.650094,0.52687,0.6887928,2.591961,0.5451236,0.5020574,2.565454,0.533382,0.4695863,2.578111,0.3680057,0.5300829,2.68263,0.3065272,0.1868186,2.715517,0.3176327,-0.2208252,2.76289,0.4689826,0.5394228,2.65974,0.5053412,0.1995119,2.651875,0.5140793,-0.1899204,2.700917,0.4205123,1.000715,2.695016
72057594038042242,0,0.5596948,106251.9,0.4238304,0.5367233,2.702015,0.4243625,1.173393,2.660215,0.2879032,0.9606322,2.730398,0.2127603,0.8100129,2.805352,0.2148372,0.6243724,2.761297,0.2109654,0.6030622,2.756863,0.5425652,0.9419379,2.650094,0.52687,0.6887928,2.591961,0.5451236,0.5020574,2.565454,0.533382,0.4695863,2.578111,0.3680057,0.5300829,2.68263,0.3065272,0.1868186,2.715517,0.3176327,-0.2208252,2.76289,0.4689826,0.5394228,2.65974,0.5053412,0.1995119,2.651875,0.5140793,-0.1899204,2.700917,0.4205123,1.000715,2.695016
72057594038042242,0,0.5596948,106251.9,0.4238304,0.5367233,2.702015,0.4243625,1.173393,2.660215,0.2879032,0.9606322,2.730398,0.2127603,0.8100129,2.805352,0.2148372,0.6243724,2.761297,0.2109654,0.6030622,2.756863,0.5425652,0.9419379,2.650094,0.52687,0.6887928,2.591961,0.5451236,0.5020574,2.565454,0.533382,0.4695863,2.578111,0.3680057,0.5300829,2.68263,0.3065272,0.1868186,2.715517,0.3176327,-0.2208252,2.76289,0.4689826,0.5394228,2.65974,0.5053412,0.1995119,2.651875,0.5140793,-0.1899204,2.700917,0.4205123,1.000715,2.695016
72057594038042242,0,0.559992,106251.9,0.4236077,0.535928,2.702285,0.4234813,1.173522,2.660218,0.2874416,0.9607002,2.730055,0.2126782,0.8082898,2.802363,0.2146125,0.6217846,2.763297,0.2114737,0.6011842,2.756258,0.5424249,0.942018,2.650172,0.5264984,0.6887434,2.592834,0.5412083,0.5016952,2.565916,0.5325513,0.4656786,2.577567,0.3680298,0.5289335,2.682545,0.3063008,0.1889096,2.71603,0.3175998,-0.2212583,2.762801,0.4687024,0.5389337,2.66024,0.5051382,0.2000578,2.651799,0.5140367,-0.1898913,2.700924,0.4202879,1.000757,2.695087
72057594038042242,0,0.559992,106251.9,0.4236077,0.535928,2.702285,0.4234813,1.173522,2.660218,0.2874416,0.9607002,2.730055,0.2126782,0.8082898,2.802363,0.2146125,0.6217846,2.763297,0.2114737,0.6011842,2.756258,0.5424249,0.942018,2.650172,0.5264984,0.6887434,2.592834,0.5412083,0.5016952,2.565916,0.5325513,0.4656786,2.577567,0.3680298,0.5289335,2.682545,0.3063008,0.1889096,2.71603,0.3175998,-0.2212583,2.762801,0.4687024,0.5389337,2.66024,0.5051382,0.2000578,2.651799,0.5140367,-0.1898913,2.700924,0.4202879,1.000757,2.695087
72057594038042242,0,0.559992,106251.9,0.4236077,0.535928,2.702285,0.4234813,1.173522,2.660218,0.2874416,0.9607002,2.730055,0.2126782,0.8082898,2.802363,0.2146125,0.6217846,2.763297,0.2114737,0.6011842,2.756258,0.5424249,0.942018,2.650172,0.5264984,0.6887434,2.592834,0.5412083,0.5016952,2.565916,0.5325513,0.4656786,2.577567,0.3680298,0.5289335,2.682545,0.3063008,0.1889096,2.71603,0.3175998,-0.2212583,2.762801,0.4687024,0.5389337,2.66024,0.5051382,0.2000578,2.651799,0.5140367,-0.1898913,2.700924,0.4202879,1.000757,2.695087
72057594038042242,0,0.559992,106251.9,0.4236077,0.535928,2.702285,0.4234813,1.173522,2.660218,0.2874416,0.9607002,2.730055,0.2126782,0.8082898,2.802363,0.2146125,0.6217846,2.763297,0.2114737,0.6011842,2.756258,0.5424249,0.942018,2.650172,0.5264984,0.6887434,2.592834,0.5412083,0.5016952,2.565916,0.5325513,0.4656786,2.577567,0.3680298,0.5289335,2.682545,0.3063008,0.1889096,2.71603,0.3175998,-0.2212583,2.762801,0.4687024,0.5389337,2.66024,0.5051382,0.2000578,2.651799,0.5140367,-0.1898913,2.700924,0.4202879,1.000757,2.695087
72057594038042242,0,0.559992,106251.9,0.4236077,0.535928,2.702285,0.4234813,1.173522,2.660218,0.2874416,0.9607002,2.730055,0.2126782,0.8082898,2.802363,0.2146125,0.6217846,2.763297,0.2114737,0.6011842,2.756258,0.5424249,0.942018,2.650172,0.5264984,0.6887434,2.592834,0.5412083,0.5016952,2.565916,0.5325513,0.4656786,2.577567,0.3680298,0.5289335,2.682545,0.3063008,0.1889096,2.71603,0.3175998,-0.2212583,2.762801,0.4687024,0.5389337,2.66024,0.5051382,0.2000578,2.651799,0.5140367,-0.1898913,2.700924,0.4202879,1.000757,2.695087
72057594038042242,0,0.559992,106251.9,0.4236077,0.535928,2.702285,0.4234813,1.173522,2.660218,0.2874416,0.9607002,2.730055,0.2126782,0.8082898,2.802363,0.2146125,0.6217846,2.763297,0.2114737,0.6011842,2.756258,0.5424249,0.942018,2.650172,0.5264984,0.6887434,2.592834,0.5412083,0.5016952,2.565916,0.5325513,0.4656786,2.577567,0.3680298,0.5289335,2.682545,0.3063008,0.1889096,2.71603,0.3175998,-0.2212583,2.762801,0.4687024,0.5389337,2.66024,0.5051382,0.2000578,2.651799,0.5140367,-0.1898913,2.700924,0.4202879,1.000757,2.695087
72057594038042242,0,0.559992,106251.9,0.4236077,0.535928,2.702285,0.4234813,1.173522,2.660218,0.2874416,0.9607002,2.730055,0.2126782,0.8082898,2.802363,0.2146125,0.6217846,2.763297,0.2114737,0.6011842,2.756258,0.5424249,0.942018,2.650172,0.5264984,0.6887434,2.592834,0.5412083,0.5016952,2.565916,0.5325513,0.4656786,2.577567,0.3680298,0.5289335,2.682545,0.3063008,0.1889096,2.71603,0.3175998,-0.2212583,2.762801,0.4687024,0.5389337,2.66024,0.5051382,0.2000578,2.651799,0.5140367,-0.1898913,2.700924,0.4202879,1.000757,2.695087
72057594038042242,0,0.559992,106251.9,0.4236077,0.535928,2.702285,0.4234813,1.173522,2.660218,0.2874416,0.9607002,2.730055,0.2126782,0.8082898,2.802363,0.2146125,0.6217846,2.763297,0.2114737,0.6011842,2.756258,0.5424249,0.942018,2.650172,0.5264984,0.6887434,2.592834,0.5412083,0.5016952,2.565916,0.5325513,0.4656786,2.577567,0.3680298,0.5289335,2.682545,0.3063008,0.1889096,2.71603,0.3175998,-0.2212583,2.762801,0.4687024,0.5389337,2.66024,0.5051382,0.2000578,2.651799,0.5140367,-0.1898913,2.700924,0.4202879,1.000757,2.695087
72057594038042242,0,0.559992,106251.9,0.4236077,0.535928,2.702285,0.4234813,1.173522,2.660218,0.2874416,0.9607002,2.730055,0.2126782,0.8082898,2.802363,0.2146125,0.6217846,2.763297,0.2114737,0.6011842,2.756258,0.5424249,0.942018,2.650172,0.5264984,0.6887434,2.592834,0.5412083,0.5016952,2.565916,0.5325513,0.4656786,2.577567,0.3680298,0.5289335,2.682545,0.3063008,0.1889096,2.71603,0.3175998,-0.2212583,2.762801,0.4687024,0.5389337,2.66024,0.5051382,0.2000578,2.651799,0.5140367,-0.1898913,2.700924,0.4202879,1.000757,2.695087
72057594038042242,0,0.559992,106251.9,0.4236077,0.535928,2.702285,0.4234813,1.173522,2.660218,0.2874416,0.9607002,2.730055,0.2126782,0.8082898,2.802363,0.2146125,0.6217846,2.763297,0.2114737,0.6011842,2.756258,0.5424249,0.942018,2.650172,0.5264984,0.6887434,2.592834,0.5412083,0.5016952,2.565916,0.5325513,0.4656786,2.577567,0.3680298,0.5289335,2.682545,0.3063008,0.1889096,2.71603,0.3175998,-0.2212583,2.762801,0.4687024,0.5389337,2.66024,0.5051382,0.2000578,2.651799,0.5140367,-0.1898913,2.700924,0.4202879,1.000757,2.695087
72057594038042242,0,0.559992,106251.9,0.4236077,0.535928,2.702285,0.4234813,1.173522,2.660218,0.2874416,0.9607002,2.730055,0.2126782,0.8082898,2.802363,0.2146125,0.6217846,2.763297,0.2114737,0.6011842,2.756258,0.5424249,0.942018,2.650172,0.5264984,0.6887434,2.592834,0.5412083,0.5016952,2.565916,0.5325513,0.4656786,2.577567,0.3680298,0.5289335,2.682545,0.3063008,0.1889096,2.71603,0.3175998,-0.2212583,2.762801,0.4687024,0.5389337,2.66024,0.5051382,0.2000578,2.651799,0.5140367,-0.1898913,2.700924,0.4202879,1.000757,2.695087
72057594038042242,0,0.5601217,106251.9,0.4232838,0.5352888,2.702433,0.4220104,1.173893,2.659882,0.2881472,0.9618613,2.728978,0.2126418,0.8092468,2.800339,0.2141832,0.6224291,2.76324,0.2110879,0.6032161,2.75859,0.5422763,0.9421026,2.650321,0.547524,0.7148585,2.622315,0.5435075,0.5126078,2.567092,0.5322647,0.4703073,2.577649,0.3675123,0.5281067,2.682527,0.3058035,0.1916528,2.716496,0.3176425,-0.2213051,2.762997,0.4686505,0.5385562,2.660435,0.5050962,0.2000558,2.651845,0.5141114,-0.1894826,2.700531,0.4189875,1.000561,2.694361
72057594038042242,0,0.5601217,106251.9,0.4232838,0.5352888,2.702433,0.4220104,1.173893,2.659882,0.2881472,0.9618613,2.728978,0.2126418,0.8092468,2.800339,0.2141832,0.6224291,2.76324,0.2110879,0.6032161,2.75859,0.5422763,0.9421026,2.650321,0.547524,0.7148585,2.622315,0.5435075,0.5126078,2.567092,0.5322647,0.4703073,2.577649,0.3675123,0.5281067,2.682527,0.3058035,0.1916528,2.716496,0.3176425,-0.2213051,2.762997,0.4686505,0.5385562,2.660435,0.5050962,0.2000558,2.651845,0.5141114,-0.1894826,2.700531,0.4189875,1.000561,2.694361
72057594038042242,0,0.5601217,106251.9,0.4232838,0.5352888,2.702433,0.4220104,1.173893,2.659882,0.2881472,0.9618613,2.728978,0.2126418,0.8092468,2.800339,0.2141832,0.6224291,2.76324,0.2110879,0.6032161,2.75859,0.5422763,0.9421026,2.650321,0.547524,0.7148585,2.622315,0.5435075,0.5126078,2.567092,0.5322647,0.4703073,2.577649,0.3675123,0.5281067,2.682527,0.3058035,0.1916528,2.716496,0.3176425,-0.2213051,2.762997,0.4686505,0.5385562,2.660435,0.5050962,0.2000558,2.651845,0.5141114,-0.1894826,2.700531,0.4189875,1.000561,2.694361
72057594038042242,0,0.5601217,106251.9,0.4232838,0.5352888,2.702433,0.4220104,1.173893,2.659882,0.2881472,0.9618613,2.728978,0.2126418,0.8092468,2.800339,0.2141832,0.6224291,2.76324,0.2110879,0.6032161,2.75859,0.5422763,0.9421026,2.650321,0.547524,0.7148585,2.622315,0.5435075,0.5126078,2.567092,0.5322647,0.4703073,2.577649,0.3675123,0.5281067,2.682527,0.3058035,0.1916528,2.716496,0.3176425,-0.2213051,2.762997,0.4686505,0.5385562,2.660435,0.5050962,0.2000558,2.651845,0.5141114,-0.1894826,2.700531,0.4189875,1.000561,2.694361
72057594038042242,0,0.5601217,106251.9,0.4232838,0.5352888,2.702433,0.4220104,1.173893,2.659882,0.2881472,0.9618613,2.728978,0.2126418,0.8092468,2.800339,0.2141832,0.6224291,2.76324,0.2110879,0.6032161,2.75859,0.5422763,0.9421026,2.650321,0.547524,0.7148585,2.622315,0.5435075,0.5126078,2.567092,0.5322647,0.4703073,2.577649,0.3675123,0.5281067,2.682527,0.3058035,0.1916528,2.716496,0.3176425,-0.2213051,2.762997,0.4686505,0.5385562,2.660435,0.5050962,0.2000558,2.651845,0.5141114,-0.1894826,2.700531,0.4189875,1.000561,2.694361
72057594038042242,0,0.5601217,106251.9,0.4232838,0.5352888,2.702433,0.4220104,1.173893,2.659882,0.2881472,0.9618613,2.728978,0.2126418,0.8092468,2.800339,0.2141832,0.6224291,2.76324,0.2110879,0.6032161,2.75859,0.5422763,0.9421026,2.650321,0.547524,0.7148585,2.622315,0.5435075,0.5126078,2.567092,0.5322647,0.4703073,2.577649,0.3675123,0.5281067,2.682527,0.3058035,0.1916528,2.716496,0.3176425,-0.2213051,2.762997,0.4686505,0.5385562,2.660435,0.5050962,0.2000558,2.651845,0.5141114,-0.1894826,2.700531,0.4189875,1.000561,2.694361
72057594038042242,0,0.5601217,106251.9,0.4232838,0.5352888,2.702433,0.4220104,1.173893,2.659882,0.2881472,0.9618613,2.728978,0.2126418,0.8092468,2.800339,0.2141832,0.6224291,2.76324,0.2110879,0.6032161,2.75859,0.5422763,0.9421026,2.650321,0.547524,0.7148585,2.622315,0.5435075,0.5126078,2.567092,0.5322647,0.4703073,2.577649,0.3675123,0.5281067,2.682527,0.3058035,0.1916528,2.716496,0.3176425,-0.2213051,2.762997,0.4686505,0.5385562,2.660435,0.5050962,0.2000558,2.651845,0.5141114,-0.1894826,2.700531,0.4189875,1.000561,2.694361
72057594038042242,0,0.5601217,106251.9,0.4232838,0.5352888,2.702433,0.4220104,1.173893,2.659882,0.2881472,0.9618613,2.728978,0.2126418,0.8092468,2.800339,0.2141832,0.6224291,2.76324,0.2110879,0.6032161,2.75859,0.5422763,0.9421026,2.650321,0.547524,0.7148585,2.622315,0.5435075,0.5126078,2.567092,0.5322647,0.4703073,2.577649,0.3675123,0.5281067,2.682527,0.3058035,0.1916528,2.716496,0.3176425,-0.2213051,2.762997,0.4686505,0.5385562,2.660435,0.5050962,0.2000558,2.651845,0.5141114,-0.1894826,2.700531,0.4189875,1.000561,2.694361
72057594038042242,0,0.5601217,106251.9,0.4232838,0.5352888,2.702433,0.4220104,1.173893,2.659882,0.2881472,0.9618613,2.728978,0.2126418,0.8092468,2.800339,0.2141832,0.6224291,2.76324,0.2110879,0.6032161,2.75859,0.5422763,0.9421026,2.650321,0.547524,0.7148585,2.622315,0.5435075,0.5126078,2.567092,0.5322647,0.4703073,2.577649,0.3675123,0.5281067,2.682527,0.3058035,0.1916528,2.716496,0.3176425,-0.2213051,2.762997,0.4686505,0.5385562,2.660435,0.5050962,0.2000558,2.651845,0.5141114,-0.1894826,2.700531,0.4189875,1.000561,2.694361
72057594038042242,0,0.5601217,106251.9,0.4232838,0.5352888,2.702433,0.4220104,1.173893,2.659882,0.2881472,0.9618613,2.728978,0.2126418,0.8092468,2.800339,0.2141832,0.6224291,2.76324,0.2110879,0.6032161,2.75859,0.5422763,0.9421026,2.650321,0.547524,0.7148585,2.622315,0.5435075,0.5126078,2.567092,0.5322647,0.4703073,2.577649,0.3675123,0.5281067,2.682527,0.3058035,0.1916528,2.716496,0.3176425,-0.2213051,2.762997,0.4686505,0.5385562,2.660435,0.5050962,0.2000558,2.651845,0.5141114,-0.1894826,2.700531,0.4189875,1.000561,2.694361
72057594038042242,0,0.5601217,106251.9,0.4232838,0.5352888,2.702433,0.4220104,1.173893,2.659882,0.2881472,0.9618613,2.728978,0.2126418,0.8092468,2.800339,0.2141832,0.6224291,2.76324,0.2110879,0.6032161,2.75859,0.5422763,0.9421026,2.650321,0.547524,0.7148585,2.622315,0.5435075,0.5126078,2.567092,0.5322647,0.4703073,2.577649,0.3675123,0.5281067,2.682527,0.3058035,0.1916528,2.716496,0.3176425,-0.2213051,2.762997,0.4686505,0.5385562,2.660435,0.5050962,0.2000558,2.651845,0.5141114,-0.1894826,2.700531,0.4189875,1.000561,2.694361
72057594038042242,0,0.560766,106251.9,0.4232256,0.5341586,2.702538,0.4207697,1.174263,2.659462,0.2873963,0.96188,2.728756,0.2124077,0.8087589,2.799682,0.214216,0.6217866,2.763678,0.2112754,0.6009454,2.753419,0.5420761,0.9422718,2.650482,0.5469093,0.7166075,2.622314,0.5388492,0.5069345,2.567592,0.5303354,0.4667794,2.578623,0.3676591,0.5267382,2.682322,0.3057916,0.1916397,2.716543,0.3178048,-0.2208279,2.76309,0.4685622,0.5377196,2.660738,0.5049288,0.2002169,2.651935,0.5146137,-0.1792949,2.700826,0.4181774,1.000731,2.694122
72057594038042242,0,0.560766,106251.9,0.4232256,0.5341586,2.702538,0.4207697,1.174263,2.659462,0.2873963,0.96188,2.728756,0.2124077,0.8087589,2.799682,0.214216,0.6217866,2.763678,0.2112754,0.6009454,2.753419,0.5420761,0.9422718,2.650482,0.5469093,0.7166075,2.622314,0.5388492,0.5069345,2.567592,0.5303354,0.4667794,2.578623,0.3676591,0.5267382,2.682322,0.3057916,0.1916397,2.716543,0.3178048,-0.2208279,2.76309,0.4685622,0.5377196,2.660738,0.5049288,0.2002169,2.651935,0.5146137,-0.1792949,2.700826,0.4181774,1.000731,2.694122
72057594038042242,0,0.560766,106251.9,0.4232256,0.5341586,2.702538,0.4207697,1.174263,2.659462,0.2873963,0.96188,2.728756,0.2124077,0.8087589,2.799682,0.214216,0.6217866,2.763678,0.2112754,0.6009454,2.753419,0.5420761,0.9422718,2.650482,0.5469093,0.7166075,2.622314,0.5388492,0.5069345,2.567592,0.5303354,0.4667794,2.578623,0.3676591,0.5267382,2.682322,0.3057916,0.1916397,2.716543,0.3178048,-0.2208279,2.76309,0.4685622,0.5377196,2.660738,0.5049288,0.2002169,2.651935,0.5146137,-0.1792949,2.700826,0.4181774,1.000731,2.694122
72057594038042242,0,0.560766,106251.9,0.4232256,0.5341586,2.702538,0.4207697,1.174263,2.659462,0.2873963,0.96188,2.728756,0.2124077,0.8087589,2.799682,0.214216,0.6217866,2.763678,0.2112754,0.6009454,2.753419,0.5420761,0.9422718,2.650482,0.5469093,0.7166075,2.622314,0.5388492,0.5069345,2.567592,0.5303354,0.4667794,2.578623,0.3676591,0.5267382,2.682322,0.3057916,0.1916397,2.716543,0.3178048,-0.2208279,2.76309,0.4685622,0.5377196,2.660738,0.5049288,0.2002169,2.651935,0.5146137,-0.1792949,2.700826,0.4181774,1.000731,2.694122
72057594038042242,0,0.560766,106251.9,0.4232256,0.5341586,2.702538,0.4207697,1.174263,2.659462,0.2873963,0.96188,2.728756,0.2124077,0.8087589,2.799682,0.214216,0.6217866,2.763678,0.2112754,0.6009454,2.753419,0.5420761,0.9422718,2.650482,0.5469093,0.7166075,2.622314,0.5388492,0.5069345,2.567592,0.5303354,0.4667794,2.578623,0.3676591,0.5267382,2.682322,0.3057916,0.1916397,2.716543,0.3178048,-0.2208279,2.76309,0.4685622,0.5377196,2.660738,0.5049288,0.2002169,2.651935,0.5146137,-0.1792949,2.700826,0.4181774,1.000731,2.694122
72057594038042242,0,0.560766,106251.9,0.4232256,0.5341586,2.702538,0.4207697,1.174263,2.659462,0.2873963,0.96188,2.728756,0.2124077,0.8087589,2.799682,0.214216,0.6217866,2.763678,0.2112754,0.6009454,2.753419,0.5420761,0.9422718,2.650482,0.5469093,0.7166075,2.622314,0.5388492,0.5069345,2.567592,0.5303354,0.4667794,2.578623,0.3676591,0.5267382,2.682322,0.3057916,0.1916397,2.716543,0.3178048,-0.2208279,2.76309,0.4685622,0.5377196,2.660738,0.5049288,0.2002169,2.651935,0.5146137,-0.1792949,2.700826,0.4181774,1.000731,2.694122
72057594038042242,0,0.560766,106252,0.4232256,0.5341586,2.702538,0.4207697,1.174263,2.659462,0.2873963,0.96188,2.728756,0.2124077,0.8087589,2.799682,0.214216,0.6217866,2.763678,0.2112754,0.6009454,2.753419,0.5420761,0.9422718,2.650482,0.5469093,0.7166075,2.622314,0.5388492,0.5069345,2.567592,0.5303354,0.4667794,2.578623,0.3676591,0.5267382,2.682322,0.3057916,0.1916397,2.716543,0.3178048,-0.2208279,2.76309,0.4685622,0.5377196,2.660738,0.5049288,0.2002169,2.651935,0.5146137,-0.1792949,2.700826,0.4181774,1.000731,2.694122
72057594038042242,0,0.560766,106252,0.4232256,0.5341586,2.702538,0.4207697,1.174263,2.659462,0.2873963,0.96188,2.728756,0.2124077,0.8087589,2.799682,0.214216,0.6217866,2.763678,0.2112754,0.6009454,2.753419,0.5420761,0.9422718,2.650482,0.5469093,0.7166075,2.622314,0.5388492,0.5069345,2.567592,0.5303354,0.4667794,2.578623,0.3676591,0.5267382,2.682322,0.3057916,0.1916397,2.716543,0.3178048,-0.2208279,2.76309,0.4685622,0.5377196,2.660738,0.5049288,0.2002169,2.651935,0.5146137,-0.1792949,2.700826,0.4181774,1.000731,2.694122
72057594038042242,0,0.560766,106252,0.4232256,0.5341586,2.702538,0.4207697,1.174263,2.659462,0.2873963,0.96188,2.728756,0.2124077,0.8087589,2.799682,0.214216,0.6217866,2.763678,0.2112754,0.6009454,2.753419,0.5420761,0.9422718,2.650482,0.5469093,0.7166075,2.622314,0.5388492,0.5069345,2.567592,0.5303354,0.4667794,2.578623,0.3676591,0.5267382,2.682322,0.3057916,0.1916397,2.716543,0.3178048,-0.2208279,2.76309,0.4685622,0.5377196,2.660738,0.5049288,0.2002169,2.651935,0.5146137,-0.1792949,2.700826,0.4181774,1.000731,2.694122
72057594038042242,0,0.560766,106252,0.4232256,0.5341586,2.702538,0.4207697,1.174263,2.659462,0.2873963,0.96188,2.728756,0.2124077,0.8087589,2.799682,0.214216,0.6217866,2.763678,0.2112754,0.6009454,2.753419,0.5420761,0.9422718,2.650482,0.5469093,0.7166075,2.622314,0.5388492,0.5069345,2.567592,0.5303354,0.4667794,2.578623,0.3676591,0.5267382,2.682322,0.3057916,0.1916397,2.716543,0.3178048,-0.2208279,2.76309,0.4685622,0.5377196,2.660738,0.5049288,0.2002169,2.651935,0.5146137,-0.1792949,2.700826,0.4181774,1.000731,2.694122
72057594038042242,0,0.5613109,106252,0.4229095,0.5328586,2.702714,0.4191529,1.173205,2.659819,0.2869926,0.9618689,2.72851,0.2113032,0.8085626,2.798518,0.2141636,0.6215534,2.762893,0.2107019,0.6017517,2.751132,0.5419173,0.9423727,2.650609,0.5166432,0.6901006,2.591448,0.5380608,0.5034155,2.568823,0.531005,0.4604935,2.581236,0.3669703,0.5250986,2.682415,0.3059151,0.1926246,2.716474,0.3179674,-0.2234756,2.762823,0.4686494,0.5368189,2.660926,0.5040987,0.2033917,2.652749,0.5138507,-0.1877346,2.700148,0.4179323,1.000587,2.694201
72057594038042242,0,0.5613109,106252,0.4229095,0.5328586,2.702714,0.4191529,1.173205,2.659819,0.2869926,0.9618689,2.72851,0.2113032,0.8085626,2.798518,0.2141636,0.6215534,2.762893,0.2107019,0.6017517,2.751132,0.5419173,0.9423727,2.650609,0.5166432,0.6901006,2.591448,0.5380608,0.5034155,2.568823,0.531005,0.4604935,2.581236,0.3669703,0.5250986,2.682415,0.3059151,0.1926246,2.716474,0.3179674,-0.2234756,2.762823,0.4686494,0.5368189,2.660926,0.5040987,0.2033917,2.652749,0.5138507,-0.1877346,2.700148,0.4179323,1.000587,2.694201
72057594038042242,0,0.5613109,106252,0.4229095,0.5328586,2.702714,0.4191529,1.173205,2.659819,0.2869926,0.9618689,2.72851,0.2113032,0.8085626,2.798518,0.2141636,0.6215534,2.762893,0.2107019,0.6017517,2.751132,0.5419173,0.9423727,2.650609,0.5166432,0.6901006,2.591448,0.5380608,0.5034155,2.568823,0.531005,0.4604935,2.581236,0.3669703,0.5250986,2.682415,0.3059151,0.1926246,2.716474,0.3179674,-0.2234756,2.762823,0.4686494,0.5368189,2.660926,0.5040987,0.2033917,2.652749,0.5138507,-0.1877346,2.700148,0.4179323,1.000587,2.694201
72057594038042242,0,0.5613109,106252,0.4229095,0.5328586,2.702714,0.4191529,1.173205,2.659819,0.2869926,0.9618689,2.72851,0.2113032,0.8085626,2.798518,0.2141636,0.6215534,2.762893,0.2107019,0.6017517,2.751132,0.5419173,0.9423727,2.650609,0.5166432,0.6901006,2.591448,0.5380608,0.5034155,2.568823,0.531005,0.4604935,2.581236,0.3669703,0.5250986,2.682415,0.3059151,0.1926246,2.716474,0.3179674,-0.2234756,2.762823,0.4686494,0.5368189,2.660926,0.5040987,0.2033917,2.652749,0.5138507,-0.1877346,2.700148,0.4179323,1.000587,2.694201
72057594038042242,0,0.5613109,106252,0.4229095,0.5328586,2.702714,0.4191529,1.173205,2.659819,0.2869926,0.9618689,2.72851,0.2113032,0.8085626,2.798518,0.2141636,0.6215534,2.762893,0.2107019,0.6017517,2.751132,0.5419173,0.9423727,2.650609,0.5166432,0.6901006,2.591448,0.5380608,0.5034155,2.568823,0.531005,0.4604935,2.581236,0.3669703,0.5250986,2.682415,0.3059151,0.1926246,2.716474,0.3179674,-0.2234756,2.762823,0.4686494,0.5368189,2.660926,0.5040987,0.2033917,2.652749,0.5138507,-0.1877346,2.700148,0.4179323,1.000587,2.694201
72057594038042242,0,0.5613109,106252,0.4229095,0.5328586,2.702714,0.4191529,1.173205,2.659819,0.2869926,0.9618689,2.72851,0.2113032,0.8085626,2.798518,0.2141636,0.6215534,2.762893,0.2107019,0.6017517,2.751132,0.5419173,0.9423727,2.650609,0.5166432,0.6901006,2.591448,0.5380608,0.5034155,2.568823,0.531005,0.4604935,2.581236,0.3669703,0.5250986,2.682415,0.3059151,0.1926246,2.716474,0.3179674,-0.2234756,2.762823,0.4686494,0.5368189,2.660926,0.5040987,0.2033917,2.652749,0.5138507,-0.1877346,2.700148,0.4179323,1.000587,2.694201
72057594038042242,0,0.5613109,106252,0.4229095,0.5328586,2.702714,0.4191529,1.173205,2.659819,0.2869926,0.9618689,2.72851,0.2113032,0.8085626,2.798518,0.2141636,0.6215534,2.762893,0.2107019,0.6017517,2.751132,0.5419173,0.9423727,2.650609,0.5166432,0.6901006,2.591448,0.5380608,0.5034155,2.568823,0.531005,0.4604935,2.581236,0.3669703,0.5250986,2.682415,0.3059151,0.1926246,2.716474,0.3179674,-0.2234756,2.762823,0.4686494,0.5368189,2.660926,0.5040987,0.2033917,2.652749,0.5138507,-0.1877346,2.700148,0.4179323,1.000587,2.694201
72057594038042242,0,0.5613109,106252,0.4229095,0.5328586,2.702714,0.4191529,1.173205,2.659819,0.2869926,0.9618689,2.72851,0.2113032,0.8085626,2.798518,0.2141636,0.6215534,2.762893,0.2107019,0.6017517,2.751132,0.5419173,0.9423727,2.650609,0.5166432,0.6901006,2.591448,0.5380608,0.5034155,2.568823,0.531005,0.4604935,2.581236,0.3669703,0.5250986,2.682415,0.3059151,0.1926246,2.716474,0.3179674,-0.2234756,2.762823,0.4686494,0.5368189,2.660926,0.5040987,0.2033917,2.652749,0.5138507,-0.1877346,2.700148,0.4179323,1.000587,2.694201
72057594038042242,0,0.5613109,106252,0.4229095,0.5328586,2.702714,0.4191529,1.173205,2.659819,0.2869926,0.9618689,2.72851,0.2113032,0.8085626,2.798518,0.2141636,0.6215534,2.762893,0.2107019,0.6017517,2.751132,0.5419173,0.9423727,2.650609,0.5166432,0.6901006,2.591448,0.5380608,0.5034155,2.568823,0.531005,0.4604935,2.581236,0.3669703,0.5250986,2.682415,0.3059151,0.1926246,2.716474,0.3179674,-0.2234756,2.762823,0.4686494,0.5368189,2.660926,0.5040987,0.2033917,2.652749,0.5138507,-0.1877346,2.700148,0.4179323,1.000587,2.694201
72057594038042242,0,0.5613109,106252,0.4229095,0.5328586,2.702714,0.4191529,1.173205,2.659819,0.2869926,0.9618689,2.72851,0.2113032,0.8085626,2.798518,0.2141636,0.6215534,2.762893,0.2107019,0.6017517,2.751132,0.5419173,0.9423727,2.650609,0.5166432,0.6901006,2.591448,0.5380608,0.5034155,2.568823,0.531005,0.4604935,2.581236,0.3669703,0.5250986,2.682415,0.3059151,0.1926246,2.716474,0.3179674,-0.2234756,2.762823,0.4686494,0.5368189,2.660926,0.5040987,0.2033917,2.652749,0.5138507,-0.1877346,2.700148,0.4179323,1.000587,2.694201
72057594038042242,0,0.5622731,106252,0.4223466,0.5305721,2.702972,0.4186264,1.173405,2.659412,0.286691,0.9618988,2.728484,0.211245,0.8085818,2.79868,0.2135829,0.6218541,2.76106,0.2097744,0.6029705,2.741944,0.5417497,0.9424855,2.650731,0.5171888,0.6903244,2.590632,0.5421426,0.5040966,2.568304,0.5331336,0.4656772,2.581615,0.3664695,0.5230578,2.682487,0.3058374,0.1920538,2.716427,0.3177775,-0.2237079,2.762907,0.4682349,0.5345267,2.661325,0.5034282,0.2007896,2.653288,0.5141024,-0.1908872,2.697664,0.4177162,1.000378,2.694278
72057594038042242,0,0.5622731,106252,0.4223466,0.5305721,2.702972,0.4186264,1.173405,2.659412,0.286691,0.9618988,2.728484,0.211245,0.8085818,2.79868,0.2135829,0.6218541,2.76106,0.2097744,0.6029705,2.741944,0.5417497,0.9424855,2.650731,0.5171888,0.6903244,2.590632,0.5421426,0.5040966,2.568304,0.5331336,0.4656772,2.581615,0.3664695,0.5230578,2.682487,0.3058374,0.1920538,2.716427,0.3177775,-0.2237079,2.762907,0.4682349,0.5345267,2.661325,0.5034282,0.2007896,2.653288,0.5141024,-0.1908872,2.697664,0.4177162,1.000378,2.694278
72057594038042242,0,0.5622731,106252,0.4223466,0.5305721,2.702972,0.4186264,1.173405,2.659412,0.286691,0.9618988,2.728484,0.211245,0.8085818,2.79868,0.2135829,0.6218541,2.76106,0.2097744,0.6029705,2.741944,0.5417497,0.9424855,2.650731,0.5171888,0.6903244,2.590632,0.5421426,0.5040966,2.568304,0.5331336,0.4656772,2.581615,0.3664695,0.5230578,2.682487,0.3058374,0.1920538,2.716427,0.3177775,-0.2237079,2.762907,0.4682349,0.5345267,2.661325,0.5034282,0.2007896,2.653288,0.5141024,-0.1908872,2.697664,0.4177162,1.000378,2.694278
72057594038042242,0,0.5622731,106252,0.4223466,0.5305721,2.702972,0.4186264,1.173405,2.659412,0.286691,0.9618988,2.728484,0.211245,0.8085818,2.79868,0.2135829,0.6218541,2.76106,0.2097744,0.6029705,2.741944,0.5417497,0.9424855,2.650731,0.5171888,0.6903244,2.590632,0.5421426,0.5040966,2.568304,0.5331336,0.4656772,2.581615,0.3664695,0.5230578,2.682487,0.3058374,0.1920538,2.716427,0.3177775,-0.2237079,2.762907,0.4682349,0.5345267,2.661325,0.5034282,0.2007896,2.653288,0.5141024,-0.1908872,2.697664,0.4177162,1.000378,2.694278
72057594038042242,0,0.5622731,106252,0.4223466,0.5305721,2.702972,0.4186264,1.173405,2.659412,0.286691,0.9618988,2.728484,0.211245,0.8085818,2.79868,0.2135829,0.6218541,2.76106,0.2097744,0.6029705,2.741944,0.5417497,0.9424855,2.650731,0.5171888,0.6903244,2.590632,0.5421426,0.5040966,2.568304,0.5331336,0.4656772,2.581615,0.3664695,0.5230578,2.682487,0.3058374,0.1920538,2.716427,0.3177775,-0.2237079,2.762907,0.4682349,0.5345267,2.661325,0.5034282,0.2007896,2.653288,0.5141024,-0.1908872,2.697664,0.4177162,1.000378,2.694278
72057594038042242,0,0.5622731,106252,0.4223466,0.5305721,2.702972,0.4186264,1.173405,2.659412,0.286691,0.9618988,2.728484,0.211245,0.8085818,2.79868,0.2135829,0.6218541,2.76106,0.2097744,0.6029705,2.741944,0.5417497,0.9424855,2.650731,0.5171888,0.6903244,2.590632,0.5421426,0.5040966,2.568304,0.5331336,0.4656772,2.581615,0.3664695,0.5230578,2.682487,0.3058374,0.1920538,2.716427,0.3177775,-0.2237079,2.762907,0.4682349,0.5345267,2.661325,0.5034282,0.2007896,2.653288,0.5141024,-0.1908872,2.697664,0.4177162,1.000378,2.694278
72057594038042242,0,0.5622731,106252,0.4223466,0.5305721,2.702972,0.4186264,1.173405,2.659412,0.286691,0.9618988,2.728484,0.211245,0.8085818,2.79868,0.2135829,0.6218541,2.76106,0.2097744,0.6029705,2.741944,0.5417497,0.9424855,2.650731,0.5171888,0.6903244,2.590632,0.5421426,0.5040966,2.568304,0.5331336,0.4656772,2.581615,0.3664695,0.5230578,2.682487,0.3058374,0.1920538,2.716427,0.3177775,-0.2237079,2.762907,0.4682349,0.5345267,2.661325,0.5034282,0.2007896,2.653288,0.5141024,-0.1908872,2.697664,0.4177162,1.000378,2.694278
72057594038042242,0,0.5622731,106252,0.4223466,0.5305721,2.702972,0.4186264,1.173405,2.659412,0.286691,0.9618988,2.728484,0.211245,0.8085818,2.79868,0.2135829,0.6218541,2.76106,0.2097744,0.6029705,2.741944,0.5417497,0.9424855,2.650731,0.5171888,0.6903244,2.590632,0.5421426,0.5040966,2.568304,0.5331336,0.4656772,2.581615,0.3664695,0.5230578,2.682487,0.3058374,0.1920538,2.716427,0.3177775,-0.2237079,2.762907,0.4682349,0.5345267,2.661325,0.5034282,0.2007896,2.653288,0.5141024,-0.1908872,2.697664,0.4177162,1.000378,2.694278
72057594038042242,0,0.5622731,106252,0.4223466,0.5305721,2.702972,0.4186264,1.173405,2.659412,0.286691,0.9618988,2.728484,0.211245,0.8085818,2.79868,0.2135829,0.6218541,2.76106,0.2097744,0.6029705,2.741944,0.5417497,0.9424855,2.650731,0.5171888,0.6903244,2.590632,0.5421426,0.5040966,2.568304,0.5331336,0.4656772,2.581615,0.3664695,0.5230578,2.682487,0.3058374,0.1920538,2.716427,0.3177775,-0.2237079,2.762907,0.4682349,0.5345267,2.661325,0.5034282,0.2007896,2.653288,0.5141024,-0.1908872,2.697664,0.4177162,1.000378,2.694278
72057594038042242,0,0.5622731,106252,0.4223466,0.5305721,2.702972,0.4186264,1.173405,2.659412,0.286691,0.9618988,2.728484,0.211245,0.8085818,2.79868,0.2135829,0.6218541,2.76106,0.2097744,0.6029705,2.741944,0.5417497,0.9424855,2.650731,0.5171888,0.6903244,2.590632,0.5421426,0.5040966,2.568304,0.5331336,0.4656772,2.581615,0.3664695,0.5230578,2.682487,0.3058374,0.1920538,2.716427,0.3177775,-0.2237079,2.762907,0.4682349,0.5345267,2.661325,0.5034282,0.2007896,2.653288,0.5141024,-0.1908872,2.697664,0.4177162,1.000378,2.694278
72057594038042242,0,0.5622731,106252,0.4223466,0.5305721,2.702972,0.4186264,1.173405,2.659412,0.286691,0.9618988,2.728484,0.211245,0.8085818,2.79868,0.2135829,0.6218541,2.76106,0.2097744,0.6029705,2.741944,0.5417497,0.9424855,2.650731,0.5171888,0.6903244,2.590632,0.5421426,0.5040966,2.568304,0.5331336,0.4656772,2.581615,0.3664695,0.5230578,2.682487,0.3058374,0.1920538,2.716427,0.3177775,-0.2237079,2.762907,0.4682349,0.5345267,2.661325,0.5034282,0.2007896,2.653288,0.5141024,-0.1908872,2.697664,0.4177162,1.000378,2.694278
72057594038042242,0,0.5627297,106252,0.4221546,0.5296141,2.702786,0.4180374,1.17311,2.658524,0.2863211,0.9620209,2.72802,0.2102732,0.8124856,2.803164,0.2132882,0.6270896,2.760044,0.2102393,0.6175426,2.749067,0.5414646,0.942723,2.650978,0.517558,0.6910833,2.590781,0.5434378,0.5054579,2.56762,0.5325462,0.4672952,2.579147,0.3660268,0.5222352,2.682171,0.3057515,0.190434,2.714627,0.3177665,-0.2237137,2.762886,0.4683903,0.5334063,2.661241,0.5032894,0.2007015,2.653401,0.5141633,-0.1909198,2.697535,0.4155547,0.9994442,2.693477
72057594038042242,0,0.5627297,106252,0.4221546,0.5296141,2.702786,0.4180374,1.17311,2.658524,0.2863211,0.9620209,2.72802,0.2102732,0.8124856,2.803164,0.2132882,0.6270896,2.760044,0.2102393,0.6175426,2.749067,0.5414646,0.942723,2.650978,0.517558,0.6910833,2.590781,0.5434378,0.5054579,2.56762,0.5325462,0.4672952,2.579147,0.3660268,0.5222352,2.682171,0.3057515,0.190434,2.714627,0.3177665,-0.2237137,2.762886,0.4683903,0.5334063,2.661241,0.5032894,0.2007015,2.653401,0.5141633,-0.1909198,2.697535,0.4155547,0.9994442,2.693477
72057594038042242,0,0.5627297,106252,0.4221546,0.5296141,2.702786,0.4180374,1.17311,2.658524,0.2863211,0.9620209,2.72802,0.2102732,0.8124856,2.803164,0.2132882,0.6270896,2.760044,0.2102393,0.6175426,2.749067,0.5414646,0.942723,2.650978,0.517558,0.6910833,2.590781,0.5434378,0.5054579,2.56762,0.5325462,0.4672952,2.579147,0.3660268,0.5222352,2.682171,0.3057515,0.190434,2.714627,0.3177665,-0.2237137,2.762886,0.4683903,0.5334063,2.661241,0.5032894,0.2007015,2.653401,0.5141633,-0.1909198,2.697535,0.4155547,0.9994442,2.693477
72057594038042242,0,0.5627297,106252,0.4221546,0.5296141,2.702786,0.4180374,1.17311,2.658524,0.2863211,0.9620209,2.72802,0.2102732,0.8124856,2.803164,0.2132882,0.6270896,2.760044,0.2102393,0.6175426,2.749067,0.5414646,0.942723,2.650978,0.517558,0.6910833,2.590781,0.5434378,0.5054579,2.56762,0.5325462,0.4672952,2.579147,0.3660268,0.5222352,2.682171,0.3057515,0.190434,2.714627,0.3177665,-0.2237137,2.762886,0.4683903,0.5334063,2.661241,0.5032894,0.2007015,2.653401,0.5141633,-0.1909198,2.697535,0.4155547,0.9994442,2.693477
72057594038042242,0,0.5627297,106252,0.4221546,0.5296141,2.702786,0.4180374,1.17311,2.658524,0.2863211,0.9620209,2.72802,0.2102732,0.8124856,2.803164,0.2132882,0.6270896,2.760044,0.2102393,0.6175426,2.749067,0.5414646,0.942723,2.650978,0.517558,0.6910833,2.590781,0.5434378,0.5054579,2.56762,0.5325462,0.4672952,2.579147,0.3660268,0.5222352,2.682171,0.3057515,0.190434,2.714627,0.3177665,-0.2237137,2.762886,0.4683903,0.5334063,2.661241,0.5032894,0.2007015,2.653401,0.5141633,-0.1909198,2.697535,0.4155547,0.9994442,2.693477
72057594038042242,0,0.5627297,106252,0.4221546,0.5296141,2.702786,0.4180374,1.17311,2.658524,0.2863211,0.9620209,2.72802,0.2102732,0.8124856,2.803164,0.2132882,0.6270896,2.760044,0.2102393,0.6175426,2.749067,0.5414646,0.942723,2.650978,0.517558,0.6910833,2.590781,0.5434378,0.5054579,2.56762,0.5325462,0.4672952,2.579147,0.3660268,0.5222352,2.682171,0.3057515,0.190434,2.714627,0.3177665,-0.2237137,2.762886,0.4683903,0.5334063,2.661241,0.5032894,0.2007015,2.653401,0.5141633,-0.1909198,2.697535,0.4155547,0.9994442,2.693477
72057594038042242,0,0.5627297,106252.1,0.4221546,0.5296141,2.702786,0.4180374,1.17311,2.658524,0.2863211,0.9620209,2.72802,0.2102732,0.8124856,2.803164,0.2132882,0.6270896,2.760044,0.2102393,0.6175426,2.749067,0.5414646,0.942723,2.650978,0.517558,0.6910833,2.590781,0.5434378,0.5054579,2.56762,0.5325462,0.4672952,2.579147,0.3660268,0.5222352,2.682171,0.3057515,0.190434,2.714627,0.3177665,-0.2237137,2.762886,0.4683903,0.5334063,2.661241,0.5032894,0.2007015,2.653401,0.5141633,-0.1909198,2.697535,0.4155547,0.9994442,2.693477
72057594038042242,0,0.5627297,106252.1,0.4221546,0.5296141,2.702786,0.4180374,1.17311,2.658524,0.2863211,0.9620209,2.72802,0.2102732,0.8124856,2.803164,0.2132882,0.6270896,2.760044,0.2102393,0.6175426,2.749067,0.5414646,0.942723,2.650978,0.517558,0.6910833,2.590781,0.5434378,0.5054579,2.56762,0.5325462,0.4672952,2.579147,0.3660268,0.5222352,2.682171,0.3057515,0.190434,2.714627,0.3177665,-0.2237137,2.762886,0.4683903,0.5334063,2.661241,0.5032894,0.2007015,2.653401,0.5141633,-0.1909198,2.697535,0.4155547,0.9994442,2.693477
72057594038042242,0,0.5627297,106252.1,0.4221546,0.5296141,2.702786,0.4180374,1.17311,2.658524,0.2863211,0.9620209,2.72802,0.2102732,0.8124856,2.803164,0.2132882,0.6270896,2.760044,0.2102393,0.6175426,2.749067,0.5414646,0.942723,2.650978,0.517558,0.6910833,2.590781,0.5434378,0.5054579,2.56762,0.5325462,0.4672952,2.579147,0.3660268,0.5222352,2.682171,0.3057515,0.190434,2.714627,0.3177665,-0.2237137,2.762886,0.4683903,0.5334063,2.661241,0.5032894,0.2007015,2.653401,0.5141633,-0.1909198,2.697535,0.4155547,0.9994442,2.693477
72057594038042242,0,0.5627297,106252.1,0.4221546,0.5296141,2.702786,0.4180374,1.17311,2.658524,0.2863211,0.9620209,2.72802,0.2102732,0.8124856,2.803164,0.2132882,0.6270896,2.760044,0.2102393,0.6175426,2.749067,0.5414646,0.942723,2.650978,0.517558,0.6910833,2.590781,0.5434378,0.5054579,2.56762,0.5325462,0.4672952,2.579147,0.3660268,0.5222352,2.682171,0.3057515,0.190434,2.714627,0.3177665,-0.2237137,2.762886,0.4683903,0.5334063,2.661241,0.5032894,0.2007015,2.653401,0.5141633,-0.1909198,2.697535,0.4155547,0.9994442,2.693477
72057594038042242,0,0.5630037,106252.1,0.4220934,0.5291038,2.70272,0.4168503,1.174022,2.658313,0.2847154,0.9616962,2.728593,0.2055204,0.8146683,2.804284,0.2131375,0.6302785,2.758703,0.2087045,0.6184066,2.73779,0.5407059,0.9431086,2.651444,0.5177871,0.6919461,2.591127,0.5457779,0.5067178,2.573713,0.534848,0.4662378,2.587779,0.3658369,0.521148,2.682227,0.305421,0.1858503,2.712607,0.3175362,-0.2232265,2.762789,0.4684267,0.5332583,2.661128,0.5033373,0.2008029,2.65349,0.514169,-0.1907647,2.697829,0.4135515,0.9992383,2.693955
72057594038042242,0,0.5630037,106252.1,0.4220934,0.5291038,2.70272,0.4168503,1.174022,2.658313,0.2847154,0.9616962,2.728593,0.2055204,0.8146683,2.804284,0.2131375,0.6302785,2.758703,0.2087045,0.6184066,2.73779,0.5407059,0.9431086,2.651444,0.5177871,0.6919461,2.591127,0.5457779,0.5067178,2.573713,0.534848,0.4662378,2.587779,0.3658369,0.521148,2.682227,0.305421,0.1858503,2.712607,0.3175362,-0.2232265,2.762789,0.4684267,0.5332583,2.661128,0.5033373,0.2008029,2.65349,0.514169,-0.1907647,2.697829,0.4135515,0.9992383,2.693955
72057594038042242,0,0.5630037,106252.1,0.4220934,0.5291038,2.70272,0.4168503,1.174022,2.658313,0.2847154,0.9616962,2.728593,0.2055204,0.8146683,2.804284,0.2131375,0.6302785,2.758703,0.2087045,0.6184066,2.73779,0.5407059,0.9431086,2.651444,0.5177871,0.6919461,2.591127,0.5457779,0.5067178,2.573713,0.534848,0.4662378,2.587779,0.3658369,0.521148,2.682227,0.305421,0.1858503,2.712607,0.3175362,-0.2232265,2.762789,0.4684267,0.5332583,2.661128,0.5033373,0.2008029,2.65349,0.514169,-0.1907647,2.697829,0.4135515,0.9992383,2.693955
72057594038042242,0,0.5630037,106252.1,0.4220934,0.5291038,2.70272,0.4168503,1.174022,2.658313,0.2847154,0.9616962,2.728593,0.2055204,0.8146683,2.804284,0.2131375,0.6302785,2.758703,0.2087045,0.6184066,2.73779,0.5407059,0.9431086,2.651444,0.5177871,0.6919461,2.591127,0.5457779,0.5067178,2.573713,0.534848,0.4662378,2.587779,0.3658369,0.521148,2.682227,0.305421,0.1858503,2.712607,0.3175362,-0.2232265,2.762789,0.4684267,0.5332583,2.661128,0.5033373,0.2008029,2.65349,0.514169,-0.1907647,2.697829,0.4135515,0.9992383,2.693955
72057594038042242,0,0.5630037,106252.1,0.4220934,0.5291038,2.70272,0.4168503,1.174022,2.658313,0.2847154,0.9616962,2.728593,0.2055204,0.8146683,2.804284,0.2131375,0.6302785,2.758703,0.2087045,0.6184066,2.73779,0.5407059,0.9431086,2.651444,0.5177871,0.6919461,2.591127,0.5457779,0.5067178,2.573713,0.534848,0.4662378,2.587779,0.3658369,0.521148,2.682227,0.305421,0.1858503,2.712607,0.3175362,-0.2232265,2.762789,0.4684267,0.5332583,2.661128,0.5033373,0.2008029,2.65349,0.514169,-0.1907647,2.697829,0.4135515,0.9992383,2.693955
72057594038042242,0,0.5630037,106252.1,0.4220934,0.5291038,2.70272,0.4168503,1.174022,2.658313,0.2847154,0.9616962,2.728593,0.2055204,0.8146683,2.804284,0.2131375,0.6302785,2.758703,0.2087045,0.6184066,2.73779,0.5407059,0.9431086,2.651444,0.5177871,0.6919461,2.591127,0.5457779,0.5067178,2.573713,0.534848,0.4662378,2.587779,0.3658369,0.521148,2.682227,0.305421,0.1858503,2.712607,0.3175362,-0.2232265,2.762789,0.4684267,0.5332583,2.661128,0.5033373,0.2008029,2.65349,0.514169,-0.1907647,2.697829,0.4135515,0.9992383,2.693955
72057594038042242,0,0.5630037,106252.1,0.4220934,0.5291038,2.70272,0.4168503,1.174022,2.658313,0.2847154,0.9616962,2.728593,0.2055204,0.8146683,2.804284,0.2131375,0.6302785,2.758703,0.2087045,0.6184066,2.73779,0.5407059,0.9431086,2.651444,0.5177871,0.6919461,2.591127,0.5457779,0.5067178,2.573713,0.534848,0.4662378,2.587779,0.3658369,0.521148,2.682227,0.305421,0.1858503,2.712607,0.3175362,-0.2232265,2.762789,0.4684267,0.5332583,2.661128,0.5033373,0.2008029,2.65349,0.514169,-0.1907647,2.697829,0.4135515,0.9992383,2.693955
72057594038042242,0,0.5630037,106252.1,0.4220934,0.5291038,2.70272,0.4168503,1.174022,2.658313,0.2847154,0.9616962,2.728593,0.2055204,0.8146683,2.804284,0.2131375,0.6302785,2.758703,0.2087045,0.6184066,2.73779,0.5407059,0.9431086,2.651444,0.5177871,0.6919461,2.591127,0.5457779,0.5067178,2.573713,0.534848,0.4662378,2.587779,0.3658369,0.521148,2.682227,0.305421,0.1858503,2.712607,0.3175362,-0.2232265,2.762789,0.4684267,0.5332583,2.661128,0.5033373,0.2008029,2.65349,0.514169,-0.1907647,2.697829,0.4135515,0.9992383,2.693955
72057594038042242,0,0.5630037,106252.1,0.4220934,0.5291038,2.70272,0.4168503,1.174022,2.658313,0.2847154,0.9616962,2.728593,0.2055204,0.8146683,2.804284,0.2131375,0.6302785,2.758703,0.2087045,0.6184066,2.73779,0.5407059,0.9431086,2.651444,0.5177871,0.6919461,2.591127,0.5457779,0.5067178,2.573713,0.534848,0.4662378,2.587779,0.3658369,0.521148,2.682227,0.305421,0.1858503,2.712607,0.3175362,-0.2232265,2.762789,0.4684267,0.5332583,2.661128,0.5033373,0.2008029,2.65349,0.514169,-0.1907647,2.697829,0.4135515,0.9992383,2.693955
72057594038042242,0,0.5630037,106252.1,0.4220934,0.5291038,2.70272,0.4168503,1.174022,2.658313,0.2847154,0.9616962,2.728593,0.2055204,0.8146683,2.804284,0.2131375,0.6302785,2.758703,0.2087045,0.6184066,2.73779,0.5407059,0.9431086,2.651444,0.5177871,0.6919461,2.591127,0.5457779,0.5067178,2.573713,0.534848,0.4662378,2.587779,0.3658369,0.521148,2.682227,0.305421,0.1858503,2.712607,0.3175362,-0.2232265,2.762789,0.4684267,0.5332583,2.661128,0.5033373,0.2008029,2.65349,0.514169,-0.1907647,2.697829,0.4135515,0.9992383,2.693955
72057594038042242,0,0.5647578,106252.1,0.422494,0.5268453,2.702165,0.4161944,1.173801,2.658429,0.2841911,0.9613999,2.728764,0.2028927,0.8166358,2.805395,0.2114803,0.6345016,2.751545,0.2037745,0.6205335,2.716319,0.5403646,0.9432828,2.651853,0.5176821,0.6927209,2.590999,0.5205871,0.4970583,2.577026,0.522952,0.4492445,2.588845,0.3657938,0.5187548,2.681979,0.3061582,0.1771417,2.710756,0.318008,-0.2228091,2.762915,0.4694025,0.5311985,2.660194,0.5033749,0.2007978,2.653479,0.510909,-0.1728892,2.702264,0.4121709,0.9993428,2.694228
72057594038042242,0,0.5647578,106252.1,0.422494,0.5268453,2.702165,0.4161944,1.173801,2.658429,0.2841911,0.9613999,2.728764,0.2028927,0.8166358,2.805395,0.2114803,0.6345016,2.751545,0.2037745,0.6205335,2.716319,0.5403646,0.9432828,2.651853,0.5176821,0.6927209,2.590999,0.5205871,0.4970583,2.577026,0.522952,0.4492445,2.588845,0.3657938,0.5187548,2.681979,0.3061582,0.1771417,2.710756,0.318008,-0.2228091,2.762915,0.4694025,0.5311985,2.660194,0.5033749,0.2007978,2.653479,0.510909,-0.1728892,2.702264,0.4121709,0.9993428,2.694228
72057594038042242,0,0.5647578,106252.1,0.422494,0.5268453,2.702165,0.4161944,1.173801,2.658429,0.2841911,0.9613999,2.728764,0.2028927,0.8166358,2.805395,0.2114803,0.6345016,2.751545,0.2037745,0.6205335,2.716319,0.5403646,0.9432828,2.651853,0.5176821,0.6927209,2.590999,0.5205871,0.4970583,2.577026,0.522952,0.4492445,2.588845,0.3657938,0.5187548,2.681979,0.3061582,0.1771417,2.710756,0.318008,-0.2228091,2.762915,0.4694025,0.5311985,2.660194,0.5033749,0.2007978,2.653479,0.510909,-0.1728892,2.702264,0.4121709,0.9993428,2.694228
72057594038042242,0,0.5647578,106252.1,0.422494,0.5268453,2.702165,0.4161944,1.173801,2.658429,0.2841911,0.9613999,2.728764,0.2028927,0.8166358,2.805395,0.2114803,0.6345016,2.751545,0.2037745,0.6205335,2.716319,0.5403646,0.9432828,2.651853,0.5176821,0.6927209,2.590999,0.5205871,0.4970583,2.577026,0.522952,0.4492445,2.588845,0.3657938,0.5187548,2.681979,0.3061582,0.1771417,2.710756,0.318008,-0.2228091,2.762915,0.4694025,0.5311985,2.660194,0.5033749,0.2007978,2.653479,0.510909,-0.1728892,2.702264,0.4121709,0.9993428,2.694228
72057594038042242,0,0.5647578,106252.1,0.422494,0.5268453,2.702165,0.4161944,1.173801,2.658429,0.2841911,0.9613999,2.728764,0.2028927,0.8166358,2.805395,0.2114803,0.6345016,2.751545,0.2037745,0.6205335,2.716319,0.5403646,0.9432828,2.651853,0.5176821,0.6927209,2.590999,0.5205871,0.4970583,2.577026,0.522952,0.4492445,2.588845,0.3657938,0.5187548,2.681979,0.3061582,0.1771417,2.710756,0.318008,-0.2228091,2.762915,0.4694025,0.5311985,2.660194,0.5033749,0.2007978,2.653479,0.510909,-0.1728892,2.702264,0.4121709,0.9993428,2.694228
72057594038042242,0,0.5647578,106252.1,0.422494,0.5268453,2.702165,0.4161944,1.173801,2.658429,0.2841911,0.9613999,2.728764,0.2028927,0.8166358,2.805395,0.2114803,0.6345016,2.751545,0.2037745,0.6205335,2.716319,0.5403646,0.9432828,2.651853,0.5176821,0.6927209,2.590999,0.5205871,0.4970583,2.577026,0.522952,0.4492445,2.588845,0.3657938,0.5187548,2.681979,0.3061582,0.1771417,2.710756,0.318008,-0.2228091,2.762915,0.4694025,0.5311985,2.660194,0.5033749,0.2007978,2.653479,0.510909,-0.1728892,2.702264,0.4121709,0.9993428,2.694228
72057594038042242,0,0.5647578,106252.1,0.422494,0.5268453,2.702165,0.4161944,1.173801,2.658429,0.2841911,0.9613999,2.728764,0.2028927,0.8166358,2.805395,0.2114803,0.6345016,2.751545,0.2037745,0.6205335,2.716319,0.5403646,0.9432828,2.651853,0.5176821,0.6927209,2.590999,0.5205871,0.4970583,2.577026,0.522952,0.4492445,2.588845,0.3657938,0.5187548,2.681979,0.3061582,0.1771417,2.710756,0.318008,-0.2228091,2.762915,0.4694025,0.5311985,2.660194,0.5033749,0.2007978,2.653479,0.510909,-0.1728892,2.702264,0.4121709,0.9993428,2.694228
72057594038042242,0,0.5647578,106252.1,0.422494,0.5268453,2.702165,0.4161944,1.173801,2.658429,0.2841911,0.9613999,2.728764,0.2028927,0.8166358,2.805395,0.2114803,0.6345016,2.751545,0.2037745,0.6205335,2.716319,0.5403646,0.9432828,2.651853,0.5176821,0.6927209,2.590999,0.5205871,0.4970583,2.577026,0.522952,0.4492445,2.588845,0.3657938,0.5187548,2.681979,0.3061582,0.1771417,2.710756,0.318008,-0.2228091,2.762915,0.4694025,0.5311985,2.660194,0.5033749,0.2007978,2.653479,0.510909,-0.1728892,2.702264,0.4121709,0.9993428,2.694228
72057594038042242,0,0.5647578,106252.1,0.422494,0.5268453,2.702165,0.4161944,1.173801,2.658429,0.2841911,0.9613999,2.728764,0.2028927,0.8166358,2.805395,0.2114803,0.6345016,2.751545,0.2037745,0.6205335,2.716319,0.5403646,0.9432828,2.651853,0.5176821,0.6927209,2.590999,0.5205871,0.4970583,2.577026,0.522952,0.4492445,2.588845,0.3657938,0.5187548,2.681979,0.3061582,0.1771417,2.710756,0.318008,-0.2228091,2.762915,0.4694025,0.5311985,2.660194,0.5033749,0.2007978,2.653479,0.510909,-0.1728892,2.702264,0.4121709,0.9993428,2.694228
72057594038042242,0,0.5647578,106252.1,0.422494,0.5268453,2.702165,0.4161944,1.173801,2.658429,0.2841911,0.9613999,2.728764,0.2028927,0.8166358,2.805395,0.2114803,0.6345016,2.751545,0.2037745,0.6205335,2.716319,0.5403646,0.9432828,2.651853,0.5176821,0.6927209,2.590999,0.5205871,0.4970583,2.577026,0.522952,0.4492445,2.588845,0.3657938,0.5187548,2.681979,0.3061582,0.1771417,2.710756,0.318008,-0.2228091,2.762915,0.4694025,0.5311985,2.660194,0.5033749,0.2007978,2.653479,0.510909,-0.1728892,2.702264,0.4121709,0.9993428,2.694228
72057594038042242,0,0.5649597,106252.1,0.4222943,0.5262914,2.701982,0.4153469,1.174045,2.658413,0.2829966,0.9610515,2.72931,0.2016592,0.8166479,2.805681,0.2086851,0.6559574,2.700818,0.2015285,0.6223603,2.692638,0.5404443,0.9437,2.652755,0.5168266,0.6939794,2.590684,0.5429336,0.4980966,2.568354,0.5295432,0.4482495,2.585878,0.3654425,0.5180113,2.681748,0.3059782,0.1696949,2.709769,0.3183255,-0.2216576,2.762451,0.4693615,0.5308864,2.660053,0.5039313,0.2025031,2.652634,0.5116528,-0.1807595,2.700242,0.411148,0.9989489,2.694709
72057594038042242,0,0.5649597,106252.1,0.4222943,0.5262914,2.701982,0.4153469,1.174045,2.658413,0.2829966,0.9610515,2.72931,0.2016592,0.8166479,2.805681,0.2086851,0.6559574,2.700818,0.2015285,0.6223603,2.692638,0.5404443,0.9437,2.652755,0.5168266,0.6939794,2.590684,0.5429336,0.4980966,2.568354,0.5295432,0.4482495,2.585878,0.3654425,0.5180113,2.681748,0.3059782,0.1696949,2.709769,0.3183255,-0.2216576,2.762451,0.4693615,0.5308864,2.660053,0.5039313,0.2025031,2.652634,0.5116528,-0.1807595,2.700242,0.411148,0.9989489,2.694709
72057594038042242,0,0.5649597,106252.1,0.4222943,0.5262914,2.701982,0.4153469,1.174045,2.658413,0.2829966,0.9610515,2.72931,0.2016592,0.8166479,2.805681,0.2086851,0.6559574,2.700818,0.2015285,0.6223603,2.692638,0.5404443,0.9437,2.652755,0.5168266,0.6939794,2.590684,0.5429336,0.4980966,2.568354,0.5295432,0.4482495,2.585878,0.3654425,0.5180113,2.681748,0.3059782,0.1696949,2.709769,0.3183255,-0.2216576,2.762451,0.4693615,0.5308864,2.660053,0.5039313,0.2025031,2.652634,0.5116528,-0.1807595,2.700242,0.411148,0.9989489,2.694709
72057594038042242,0,0.5649597,106252.1,0.4222943,0.5262914,2.701982,0.4153469,1.174045,2.658413,0.2829966,0.9610515,2.72931,0.2016592,0.8166479,2.805681,0.2086851,0.6559574,2.700818,0.2015285,0.6223603,2.692638,0.5404443,0.9437,2.652755,0.5168266,0.6939794,2.590684,0.5429336,0.4980966,2.568354,0.5295432,0.4482495,2.585878,0.3654425,0.5180113,2.681748,0.3059782,0.1696949,2.709769,0.3183255,-0.2216576,2.762451,0.4693615,0.5308864,2.660053,0.5039313,0.2025031,2.652634,0.5116528,-0.1807595,2.700242,0.411148,0.9989489,2.694709
72057594038042242,0,0.5649597,106252.1,0.4222943,0.5262914,2.701982,0.4153469,1.174045,2.658413,0.2829966,0.9610515,2.72931,0.2016592,0.8166479,2.805681,0.2086851,0.6559574,2.700818,0.2015285,0.6223603,2.692638,0.5404443,0.9437,2.652755,0.5168266,0.6939794,2.590684,0.5429336,0.4980966,2.568354,0.5295432,0.4482495,2.585878,0.3654425,0.5180113,2.681748,0.3059782,0.1696949,2.709769,0.3183255,-0.2216576,2.762451,0.4693615,0.5308864,2.660053,0.5039313,0.2025031,2.652634,0.5116528,-0.1807595,2.700242,0.411148,0.9989489,2.694709
72057594038042242,0,0.5649597,106252.1,0.4222943,0.5262914,2.701982,0.4153469,1.174045,2.658413,0.2829966,0.9610515,2.72931,0.2016592,0.8166479,2.805681,0.2086851,0.6559574,2.700818,0.2015285,0.6223603,2.692638,0.5404443,0.9437,2.652755,0.5168266,0.6939794,2.590684,0.5429336,0.4980966,2.568354,0.5295432,0.4482495,2.585878,0.3654425,0.5180113,2.681748,0.3059782,0.1696949,2.709769,0.3183255,-0.2216576,2.762451,0.4693615,0.5308864,2.660053,0.5039313,0.2025031,2.652634,0.5116528,-0.1807595,2.700242,0.411148,0.9989489,2.694709
72057594038042242,0,0.5649597,106252.1,0.4222943,0.5262914,2.701982,0.4153469,1.174045,2.658413,0.2829966,0.9610515,2.72931,0.2016592,0.8166479,2.805681,0.2086851,0.6559574,2.700818,0.2015285,0.6223603,2.692638,0.5404443,0.9437,2.652755,0.5168266,0.6939794,2.590684,0.5429336,0.4980966,2.568354,0.5295432,0.4482495,2.585878,0.3654425,0.5180113,2.681748,0.3059782,0.1696949,2.709769,0.3183255,-0.2216576,2.762451,0.4693615,0.5308864,2.660053,0.5039313,0.2025031,2.652634,0.5116528,-0.1807595,2.700242,0.411148,0.9989489,2.694709
72057594038042242,0,0.5649597,106252.2,0.4222943,0.5262914,2.701982,0.4153469,1.174045,2.658413,0.2829966,0.9610515,2.72931,0.2016592,0.8166479,2.805681,0.2086851,0.6559574,2.700818,0.2015285,0.6223603,2.692638,0.5404443,0.9437,2.652755,0.5168266,0.6939794,2.590684,0.5429336,0.4980966,2.568354,0.5295432,0.4482495,2.585878,0.3654425,0.5180113,2.681748,0.3059782,0.1696949,2.709769,0.3183255,-0.2216576,2.762451,0.4693615,0.5308864,2.660053,0.5039313,0.2025031,2.652634,0.5116528,-0.1807595,2.700242,0.411148,0.9989489,2.694709
72057594038042242,0,0.5649597,106252.2,0.4222943,0.5262914,2.701982,0.4153469,1.174045,2.658413,0.2829966,0.9610515,2.72931,0.2016592,0.8166479,2.805681,0.2086851,0.6559574,2.700818,0.2015285,0.6223603,2.692638,0.5404443,0.9437,2.652755,0.5168266,0.6939794,2.590684,0.5429336,0.4980966,2.568354,0.5295432,0.4482495,2.585878,0.3654425,0.5180113,2.681748,0.3059782,0.1696949,2.709769,0.3183255,-0.2216576,2.762451,0.4693615,0.5308864,2.660053,0.5039313,0.2025031,2.652634,0.5116528,-0.1807595,2.700242,0.411148,0.9989489,2.694709
72057594038042242,0,0.5649597,106252.2,0.4222943,0.5262914,2.701982,0.4153469,1.174045,2.658413,0.2829966,0.9610515,2.72931,0.2016592,0.8166479,2.805681,0.2086851,0.6559574,2.700818,0.2015285,0.6223603,2.692638,0.5404443,0.9437,2.652755,0.5168266,0.6939794,2.590684,0.5429336,0.4980966,2.568354,0.5295432,0.4482495,2.585878,0.3654425,0.5180113,2.681748,0.3059782,0.1696949,2.709769,0.3183255,-0.2216576,2.762451,0.4693615,0.5308864,2.660053,0.5039313,0.2025031,2.652634,0.5116528,-0.1807595,2.700242,0.411148,0.9989489,2.694709
72057594038042242,0,0.5655221,106252.2,0.4221323,0.5252211,2.701682,0.4138272,1.174799,2.65875,0.281913,0.9607693,2.729905,0.1921395,0.8186433,2.801959,0.2028617,0.6573209,2.698499,0.1971938,0.6312732,2.681908,0.5401174,0.9440693,2.653697,0.5176001,0.6940086,2.592896,0.5271501,0.4960905,2.547039,0.5217842,0.4539308,2.578616,0.3653389,0.5172785,2.681544,0.3062077,0.1671062,2.708453,0.3182965,-0.2221128,2.762402,0.4692081,0.5295829,2.659639,0.5036767,0.2041227,2.651084,0.5118666,-0.1823483,2.699289,0.4097083,0.9988825,2.695853
72057594038042242,0,0.5655221,106252.2,0.4221323,0.5252211,2.701682,0.4138272,1.174799,2.65875,0.281913,0.9607693,2.729905,0.1921395,0.8186433,2.801959,0.2028617,0.6573209,2.698499,0.1971938,0.6312732,2.681908,0.5401174,0.9440693,2.653697,0.5176001,0.6940086,2.592896,0.5271501,0.4960905,2.547039,0.5217842,0.4539308,2.578616,0.3653389,0.5172785,2.681544,0.3062077,0.1671062,2.708453,0.3182965,-0.2221128,2.762402,0.4692081,0.5295829,2.659639,0.5036767,0.2041227,2.651084,0.5118666,-0.1823483,2.699289,0.4097083,0.9988825,2.695853
72057594038042242,0,0.5655221,106252.2,0.4221323,0.5252211,2.701682,0.4138272,1.174799,2.65875,0.281913,0.9607693,2.729905,0.1921395,0.8186433,2.801959,0.2028617,0.6573209,2.698499,0.1971938,0.6312732,2.681908,0.5401174,0.9440693,2.653697,0.5176001,0.6940086,2.592896,0.5271501,0.4960905,2.547039,0.5217842,0.4539308,2.578616,0.3653389,0.5172785,2.681544,0.3062077,0.1671062,2.708453,0.3182965,-0.2221128,2.762402,0.4692081,0.5295829,2.659639,0.5036767,0.2041227,2.651084,0.5118666,-0.1823483,2.699289,0.4097083,0.9988825,2.695853
72057594038042242,0,0.5655221,106252.2,0.4221323,0.5252211,2.701682,0.4138272,1.174799,2.65875,0.281913,0.9607693,2.729905,0.1921395,0.8186433,2.801959,0.2028617,0.6573209,2.698499,0.1971938,0.6312732,2.681908,0.5401174,0.9440693,2.653697,0.5176001,0.6940086,2.592896,0.5271501,0.4960905,2.547039,0.5217842,0.4539308,2.578616,0.3653389,0.5172785,2.681544,0.3062077,0.1671062,2.708453,0.3182965,-0.2221128,2.762402,0.4692081,0.5295829,2.659639,0.5036767,0.2041227,2.651084,0.5118666,-0.1823483,2.699289,0.4097083,0.9988825,2.695853
72057594038042242,0,0.5655221,106252.2,0.4221323,0.5252211,2.701682,0.4138272,1.174799,2.65875,0.281913,0.9607693,2.729905,0.1921395,0.8186433,2.801959,0.2028617,0.6573209,2.698499,0.1971938,0.6312732,2.681908,0.5401174,0.9440693,2.653697,0.5176001,0.6940086,2.592896,0.5271501,0.4960905,2.547039,0.5217842,0.4539308,2.578616,0.3653389,0.5172785,2.681544,0.3062077,0.1671062,2.708453,0.3182965,-0.2221128,2.762402,0.4692081,0.5295829,2.659639,0.5036767,0.2041227,2.651084,0.5118666,-0.1823483,2.699289,0.4097083,0.9988825,2.695853
72057594038042242,0,0.5655221,106252.2,0.4221323,0.5252211,2.701682,0.4138272,1.174799,2.65875,0.281913,0.9607693,2.729905,0.1921395,0.8186433,2.801959,0.2028617,0.6573209,2.698499,0.1971938,0.6312732,2.681908,0.5401174,0.9440693,2.653697,0.5176001,0.6940086,2.592896,0.5271501,0.4960905,2.547039,0.5217842,0.4539308,2.578616,0.3653389,0.5172785,2.681544,0.3062077,0.1671062,2.708453,0.3182965,-0.2221128,2.762402,0.4692081,0.5295829,2.659639,0.5036767,0.2041227,2.651084,0.5118666,-0.1823483,2.699289,0.4097083,0.9988825,2.695853
72057594038042242,0,0.5655221,106252.2,0.4221323,0.5252211,2.701682,0.4138272,1.174799,2.65875,0.281913,0.9607693,2.729905,0.1921395,0.8186433,2.801959,0.2028617,0.6573209,2.698499,0.1971938,0.6312732,2.681908,0.5401174,0.9440693,2.653697,0.5176001,0.6940086,2.592896,0.5271501,0.4960905,2.547039,0.5217842,0.4539308,2.578616,0.3653389,0.5172785,2.681544,0.3062077,0.1671062,2.708453,0.3182965,-0.2221128,2.762402,0.4692081,0.5295829,2.659639,0.5036767,0.2041227,2.651084,0.5118666,-0.1823483,2.699289,0.4097083,0.9988825,2.695853
72057594038042242,0,0.5655221,106252.2,0.4221323,0.5252211,2.701682,0.4138272,1.174799,2.65875,0.281913,0.9607693,2.729905,0.1921395,0.8186433,2.801959,0.2028617,0.6573209,2.698499,0.1971938,0.6312732,2.681908,0.5401174,0.9440693,2.653697,0.5176001,0.6940086,2.592896,0.5271501,0.4960905,2.547039,0.5217842,0.4539308,2.578616,0.3653389,0.5172785,2.681544,0.3062077,0.1671062,2.708453,0.3182965,-0.2221128,2.762402,0.4692081,0.5295829,2.659639,0.5036767,0.2041227,2.651084,0.5118666,-0.1823483,2.699289,0.4097083,0.9988825,2.695853
72057594038042242,0,0.5655221,106252.2,0.4221323,0.5252211,2.701682,0.4138272,1.174799,2.65875,0.281913,0.9607693,2.729905,0.1921395,0.8186433,2.801959,0.2028617,0.6573209,2.698499,0.1971938,0.6312732,2.681908,0.5401174,0.9440693,2.653697,0.5176001,0.6940086,2.592896,0.5271501,0.4960905,2.547039,0.5217842,0.4539308,2.578616,0.3653389,0.5172785,2.681544,0.3062077,0.1671062,2.708453,0.3182965,-0.2221128,2.762402,0.4692081,0.5295829,2.659639,0.5036767,0.2041227,2.651084,0.5118666,-0.1823483,2.699289,0.4097083,0.9988825,2.695853
72057594038042242,0,0.5655221,106252.2,0.4221323,0.5252211,2.701682,0.4138272,1.174799,2.65875,0.281913,0.9607693,2.729905,0.1921395,0.8186433,2.801959,0.2028617,0.6573209,2.698499,0.1971938,0.6312732,2.681908,0.5401174,0.9440693,2.653697,0.5176001,0.6940086,2.592896,0.5271501,0.4960905,2.547039,0.5217842,0.4539308,2.578616,0.3653389,0.5172785,2.681544,0.3062077,0.1671062,2.708453,0.3182965,-0.2221128,2.762402,0.4692081,0.5295829,2.659639,0.5036767,0.2041227,2.651084,0.5118666,-0.1823483,2.699289,0.4097083,0.9988825,2.695853
72057594038042242,0,0.5655221,106252.2,0.4221323,0.5252211,2.701682,0.4138272,1.174799,2.65875,0.281913,0.9607693,2.729905,0.1921395,0.8186433,2.801959,0.2028617,0.6573209,2.698499,0.1971938,0.6312732,2.681908,0.5401174,0.9440693,2.653697,0.5176001,0.6940086,2.592896,0.5271501,0.4960905,2.547039,0.5217842,0.4539308,2.578616,0.3653389,0.5172785,2.681544,0.3062077,0.1671062,2.708453,0.3182965,-0.2221128,2.762402,0.4692081,0.5295829,2.659639,0.5036767,0.2041227,2.651084,0.5118666,-0.1823483,2.699289,0.4097083,0.9988825,2.695853
72057594038042242,0,0.565914,106252.2,0.4219982,0.5244492,2.70149,0.4125631,1.175513,2.659756,0.2810397,0.9606588,2.730507,0.1867621,0.8203177,2.79986,0.2014673,0.6410697,2.739648,0.1838156,0.6670641,2.69489,0.540089,0.9442081,2.654825,0.5255589,0.6933658,2.598404,0.5134687,0.5299169,2.499865,0.5018031,0.5130842,2.416012,0.3653724,0.5164714,2.681601,0.307338,0.1609286,2.707665,0.3179143,-0.2229887,2.76261,0.4689296,0.5288461,2.659145,0.5033892,0.2045819,2.650885,0.5121659,-0.1846403,2.698845,0.4091842,0.9989039,2.696831
72057594038042242,0,0.565914,106252.2,0.4219982,0.5244492,2.70149,0.4125631,1.175513,2.659756,0.2810397,0.9606588,2.730507,0.1867621,0.8203177,2.79986,0.2014673,0.6410697,2.739648,0.1838156,0.6670641,2.69489,0.540089,0.9442081,2.654825,0.5255589,0.6933658,2.598404,0.5134687,0.5299169,2.499865,0.5018031,0.5130842,2.416012,0.3653724,0.5164714,2.681601,0.307338,0.1609286,2.707665,0.3179143,-0.2229887,2.76261,0.4689296,0.5288461,2.659145,0.5033892,0.2045819,2.650885,0.5121659,-0.1846403,2.698845,0.4091842,0.9989039,2.696831
72057594038042242,0,0.565914,106252.2,0.4219982,0.5244492,2.70149,0.4125631,1.175513,2.659756,0.2810397,0.9606588,2.730507,0.1867621,0.8203177,2.79986,0.2014673,0.6410697,2.739648,0.1838156,0.6670641,2.69489,0.540089,0.9442081,2.654825,0.5255589,0.6933658,2.598404,0.5134687,0.5299169,2.499865,0.5018031,0.5130842,2.416012,0.3653724,0.5164714,2.681601,0.307338,0.1609286,2.707665,0.3179143,-0.2229887,2.76261,0.4689296,0.5288461,2.659145,0.5033892,0.2045819,2.650885,0.5121659,-0.1846403,2.698845,0.4091842,0.9989039,2.696831
72057594038042242,0,0.565914,106252.2,0.4219982,0.5244492,2.70149,0.4125631,1.175513,2.659756,0.2810397,0.9606588,2.730507,0.1867621,0.8203177,2.79986,0.2014673,0.6410697,2.739648,0.1838156,0.6670641,2.69489,0.540089,0.9442081,2.654825,0.5255589,0.6933658,2.598404,0.5134687,0.5299169,2.499865,0.5018031,0.5130842,2.416012,0.3653724,0.5164714,2.681601,0.307338,0.1609286,2.707665,0.3179143,-0.2229887,2.76261,0.4689296,0.5288461,2.659145,0.5033892,0.2045819,2.650885,0.5121659,-0.1846403,2.698845,0.4091842,0.9989039,2.696831
72057594038042242,0,0.565914,106252.2,0.4219982,0.5244492,2.70149,0.4125631,1.175513,2.659756,0.2810397,0.9606588,2.730507,0.1867621,0.8203177,2.79986,0.2014673,0.6410697,2.739648,0.1838156,0.6670641,2.69489,0.540089,0.9442081,2.654825,0.5255589,0.6933658,2.598404,0.5134687,0.5299169,2.499865,0.5018031,0.5130842,2.416012,0.3653724,0.5164714,2.681601,0.307338,0.1609286,2.707665,0.3179143,-0.2229887,2.76261,0.4689296,0.5288461,2.659145,0.5033892,0.2045819,2.650885,0.5121659,-0.1846403,2.698845,0.4091842,0.9989039,2.696831
72057594038042242,0,0.565914,106252.2,0.4219982,0.5244492,2.70149,0.4125631,1.175513,2.659756,0.2810397,0.9606588,2.730507,0.1867621,0.8203177,2.79986,0.2014673,0.6410697,2.739648,0.1838156,0.6670641,2.69489,0.540089,0.9442081,2.654825,0.5255589,0.6933658,2.598404,0.5134687,0.5299169,2.499865,0.5018031,0.5130842,2.416012,0.3653724,0.5164714,2.681601,0.307338,0.1609286,2.707665,0.3179143,-0.2229887,2.76261,0.4689296,0.5288461,2.659145,0.5033892,0.2045819,2.650885,0.5121659,-0.1846403,2.698845,0.4091842,0.9989039,2.696831
72057594038042242,0,0.565914,106252.2,0.4219982,0.5244492,2.70149,0.4125631,1.175513,2.659756,0.2810397,0.9606588,2.730507,0.1867621,0.8203177,2.79986,0.2014673,0.6410697,2.739648,0.1838156,0.6670641,2.69489,0.540089,0.9442081,2.654825,0.5255589,0.6933658,2.598404,0.5134687,0.5299169,2.499865,0.5018031,0.5130842,2.416012,0.3653724,0.5164714,2.681601,0.307338,0.1609286,2.707665,0.3179143,-0.2229887,2.76261,0.4689296,0.5288461,2.659145,0.5033892,0.2045819,2.650885,0.5121659,-0.1846403,2.698845,0.4091842,0.9989039,2.696831
72057594038042242,0,0.565914,106252.2,0.4219982,0.5244492,2.70149,0.4125631,1.175513,2.659756,0.2810397,0.9606588,2.730507,0.1867621,0.8203177,2.79986,0.2014673,0.6410697,2.739648,0.1838156,0.6670641,2.69489,0.540089,0.9442081,2.654825,0.5255589,0.6933658,2.598404,0.5134687,0.5299169,2.499865,0.5018031,0.5130842,2.416012,0.3653724,0.5164714,2.681601,0.307338,0.1609286,2.707665,0.3179143,-0.2229887,2.76261,0.4689296,0.5288461,2.659145,0.5033892,0.2045819,2.650885,0.5121659,-0.1846403,2.698845,0.4091842,0.9989039,2.696831
72057594038042242,0,0.565914,106252.2,0.4219982,0.5244492,2.70149,0.4125631,1.175513,2.659756,0.2810397,0.9606588,2.730507,0.1867621,0.8203177,2.79986,0.2014673,0.6410697,2.739648,0.1838156,0.6670641,2.69489,0.540089,0.9442081,2.654825,0.5255589,0.6933658,2.598404,0.5134687,0.5299169,2.499865,0.5018031,0.5130842,2.416012,0.3653724,0.5164714,2.681601,0.307338,0.1609286,2.707665,0.3179143,-0.2229887,2.76261,0.4689296,0.5288461,2.659145,0.5033892,0.2045819,2.650885,0.5121659,-0.1846403,2.698845,0.4091842,0.9989039,2.696831
72057594038042242,0,0.565914,106252.2,0.4219982,0.5244492,2.70149,0.4125631,1.175513,2.659756,0.2810397,0.9606588,2.730507,0.1867621,0.8203177,2.79986,0.2014673,0.6410697,2.739648,0.1838156,0.6670641,2.69489,0.540089,0.9442081,2.654825,0.5255589,0.6933658,2.598404,0.5134687,0.5299169,2.499865,0.5018031,0.5130842,2.416012,0.3653724,0.5164714,2.681601,0.307338,0.1609286,2.707665,0.3179143,-0.2229887,2.76261,0.4689296,0.5288461,2.659145,0.5033892,0.2045819,2.650885,0.5121659,-0.1846403,2.698845,0.4091842,0.9989039,2.696831
72057594038042242,0,0.566897,106252.2,0.4214007,0.5221992,2.701005,0.4117232,1.176344,2.6609,0.2804733,0.9603464,2.730812,0.1836963,0.8199973,2.796584,0.1978896,0.640448,2.738539,0.2028375,0.5811027,2.722589,0.5397924,0.9444537,2.655705,0.5262032,0.6940619,2.599127,0.4778419,0.5686121,2.415636,0.4866289,0.5669018,2.393264,0.3650582,0.5150383,2.681628,0.3075348,0.1601911,2.706877,0.3178544,-0.2239923,2.761893,0.4680604,0.5257514,2.657909,0.5034128,0.2045818,2.650621,0.5124018,-0.1847709,2.698519,0.4082879,0.9981406,2.697784
72057594038042242,0,0.566897,106252.2,0.4214007,0.5221992,2.701005,0.4117232,1.176344,2.6609,0.2804733,0.9603464,2.730812,0.1836963,0.8199973,2.796584,0.1978896,0.640448,2.738539,0.2028375,0.5811027,2.722589,0.5397924,0.9444537,2.655705,0.5262032,0.6940619,2.599127,0.4778419,0.5686121,2.415636,0.4866289,0.5669018,2.393264,0.3650582,0.5150383,2.681628,0.3075348,0.1601911,2.706877,0.3178544,-0.2239923,2.761893,0.4680604,0.5257514,2.657909,0.5034128,0.2045818,2.650621,0.5124018,-0.1847709,2.698519,0.4082879,0.9981406,2.697784
72057594038042242,0,0.566897,106252.2,0.4214007,0.5221992,2.701005,0.4117232,1.176344,2.6609,0.2804733,0.9603464,2.730812,0.1836963,0.8199973,2.796584,0.1978896,0.640448,2.738539,0.2028375,0.5811027,2.722589,0.5397924,0.9444537,2.655705,0.5262032,0.6940619,2.599127,0.4778419,0.5686121,2.415636,0.4866289,0.5669018,2.393264,0.3650582,0.5150383,2.681628,0.3075348,0.1601911,2.706877,0.3178544,-0.2239923,2.761893,0.4680604,0.5257514,2.657909,0.5034128,0.2045818,2.650621,0.5124018,-0.1847709,2.698519,0.4082879,0.9981406,2.697784
72057594038042242,0,0.566897,106252.2,0.4214007,0.5221992,2.701005,0.4117232,1.176344,2.6609,0.2804733,0.9603464,2.730812,0.1836963,0.8199973,2.796584,0.1978896,0.640448,2.738539,0.2028375,0.5811027,2.722589,0.5397924,0.9444537,2.655705,0.5262032,0.6940619,2.599127,0.4778419,0.5686121,2.415636,0.4866289,0.5669018,2.393264,0.3650582,0.5150383,2.681628,0.3075348,0.1601911,2.706877,0.3178544,-0.2239923,2.761893,0.4680604,0.5257514,2.657909,0.5034128,0.2045818,2.650621,0.5124018,-0.1847709,2.698519,0.4082879,0.9981406,2.697784
72057594038042242,0,0.566897,106252.2,0.4214007,0.5221992,2.701005,0.4117232,1.176344,2.6609,0.2804733,0.9603464,2.730812,0.1836963,0.8199973,2.796584,0.1978896,0.640448,2.738539,0.2028375,0.5811027,2.722589,0.5397924,0.9444537,2.655705,0.5262032,0.6940619,2.599127,0.4778419,0.5686121,2.415636,0.4866289,0.5669018,2.393264,0.3650582,0.5150383,2.681628,0.3075348,0.1601911,2.706877,0.3178544,-0.2239923,2.761893,0.4680604,0.5257514,2.657909,0.5034128,0.2045818,2.650621,0.5124018,-0.1847709,2.698519,0.4082879,0.9981406,2.697784
72057594038042242,0,0.566897,106252.2,0.4214007,0.5221992,2.701005,0.4117232,1.176344,2.6609,0.2804733,0.9603464,2.730812,0.1836963,0.8199973,2.796584,0.1978896,0.640448,2.738539,0.2028375,0.5811027,2.722589,0.5397924,0.9444537,2.655705,0.5262032,0.6940619,2.599127,0.4778419,0.5686121,2.415636,0.4866289,0.5669018,2.393264,0.3650582,0.5150383,2.681628,0.3075348,0.1601911,2.706877,0.3178544,-0.2239923,2.761893,0.4680604,0.5257514,2.657909,0.5034128,0.2045818,2.650621,0.5124018,-0.1847709,2.698519,0.4082879,0.9981406,2.697784
72057594038042242,0,0.566897,106252.3,0.4214007,0.5221992,2.701005,0.4117232,1.176344,2.6609,0.2804733,0.9603464,2.730812,0.1836963,0.8199973,2.796584,0.1978896,0.640448,2.738539,0.2028375,0.5811027,2.722589,0.5397924,0.9444537,2.655705,0.5262032,0.6940619,2.599127,0.4778419,0.5686121,2.415636,0.4866289,0.5669018,2.393264,0.3650582,0.5150383,2.681628,0.3075348,0.1601911,2.706877,0.3178544,-0.2239923,2.761893,0.4680604,0.5257514,2.657909,0.5034128,0.2045818,2.650621,0.5124018,-0.1847709,2.698519,0.4082879,0.9981406,2.697784
72057594038042242,0,0.566897,106252.3,0.4214007,0.5221992,2.701005,0.4117232,1.176344,2.6609,0.2804733,0.9603464,2.730812,0.1836963,0.8199973,2.796584,0.1978896,0.640448,2.738539,0.2028375,0.5811027,2.722589,0.5397924,0.9444537,2.655705,0.5262032,0.6940619,2.599127,0.4778419,0.5686121,2.415636,0.4866289,0.5669018,2.393264,0.3650582,0.5150383,2.681628,0.3075348,0.1601911,2.706877,0.3178544,-0.2239923,2.761893,0.4680604,0.5257514,2.657909,0.5034128,0.2045818,2.650621,0.5124018,-0.1847709,2.698519,0.4082879,0.9981406,2.697784
72057594038042242,0,0.566897,106252.3,0.4214007,0.5221992,2.701005,0.4117232,1.176344,2.6609,0.2804733,0.9603464,2.730812,0.1836963,0.8199973,2.796584,0.1978896,0.640448,2.738539,0.2028375,0.5811027,2.722589,0.5397924,0.9444537,2.655705,0.5262032,0.6940619,2.599127,0.4778419,0.5686121,2.415636,0.4866289,0.5669018,2.393264,0.3650582,0.5150383,2.681628,0.3075348,0.1601911,2.706877,0.3178544,-0.2239923,2.761893,0.4680604,0.5257514,2.657909,0.5034128,0.2045818,2.650621,0.5124018,-0.1847709,2.698519,0.4082879,0.9981406,2.697784
72057594038042242,0,0.566897,106252.3,0.4214007,0.5221992,2.701005,0.4117232,1.176344,2.6609,0.2804733,0.9603464,2.730812,0.1836963,0.8199973,2.796584,0.1978896,0.640448,2.738539,0.2028375,0.5811027,2.722589,0.5397924,0.9444537,2.655705,0.5262032,0.6940619,2.599127,0.4778419,0.5686121,2.415636,0.4866289,0.5669018,2.393264,0.3650582,0.5150383,2.681628,0.3075348,0.1601911,2.706877,0.3178544,-0.2239923,2.761893,0.4680604,0.5257514,2.657909,0.5034128,0.2045818,2.650621,0.5124018,-0.1847709,2.698519,0.4082879,0.9981406,2.697784
72057594038042242,0,0.566897,106252.3,0.4214007,0.5221992,2.701005,0.4117232,1.176344,2.6609,0.2804733,0.9603464,2.730812,0.1836963,0.8199973,2.796584,0.1978896,0.640448,2.738539,0.2028375,0.5811027,2.722589,0.5397924,0.9444537,2.655705,0.5262032,0.6940619,2.599127,0.4778419,0.5686121,2.415636,0.4866289,0.5669018,2.393264,0.3650582,0.5150383,2.681628,0.3075348,0.1601911,2.706877,0.3178544,-0.2239923,2.761893,0.4680604,0.5257514,2.657909,0.5034128,0.2045818,2.650621,0.5124018,-0.1847709,2.698519,0.4082879,0.9981406,2.697784
72057594038042242,0,0.566897,106252.3,0.4214007,0.5221992,2.701005,0.4117232,1.176344,2.6609,0.2804733,0.9603464,2.730812,0.1836963,0.8199973,2.796584,0.1978896,0.640448,2.738539,0.2028375,0.5811027,2.722589,0.5397924,0.9444537,2.655705,0.5262032,0.6940619,2.599127,0.4778419,0.5686121,2.415636,0.4866289,0.5669018,2.393264,0.3650582,0.5150383,2.681628,0.3075348,0.1601911,2.706877,0.3178544,-0.2239923,2.761893,0.4680604,0.5257514,2.657909,0.5034128,0.2045818,2.650621,0.5124018,-0.1847709,2.698519,0.4082879,0.9981406,2.697784
72057594038042242,0,0.566853,106252.3,0.4209926,0.5217751,2.700946,0.4114441,1.176919,2.663028,0.2799915,0.9601995,2.73117,0.1777946,0.8237016,2.796811,0.2629926,0.6815693,2.599406,0.3269458,0.6522759,2.530526,0.5397526,0.9445407,2.656312,0.5234872,0.695017,2.595747,0.3063107,0.628493,2.519756,0.2769634,0.638836,2.530943,0.3647551,0.5145154,2.681568,0.3076201,0.1600672,2.70644,0.318232,-0.223069,2.762182,0.4676107,0.525489,2.65787,0.5041991,0.2063184,2.649002,0.509741,-0.1602176,2.710614,0.4077542,0.9975709,2.699843
72057594038042242,0,0.566853,106252.3,0.4209926,0.5217751,2.700946,0.4114441,1.176919,2.663028,0.2799915,0.9601995,2.73117,0.1777946,0.8237016,2.796811,0.2629926,0.6815693,2.599406,0.3269458,0.6522759,2.530526,0.5397526,0.9445407,2.656312,0.5234872,0.695017,2.595747,0.3063107,0.628493,2.519756,0.2769634,0.638836,2.530943,0.3647551,0.5145154,2.681568,0.3076201,0.1600672,2.70644,0.318232,-0.223069,2.762182,0.4676107,0.525489,2.65787,0.5041991,0.2063184,2.649002,0.509741,-0.1602176,2.710614,0.4077542,0.9975709,2.699843
72057594038042242,0,0.566853,106252.3,0.4209926,0.5217751,2.700946,0.4114441,1.176919,2.663028,0.2799915,0.9601995,2.73117,0.1777946,0.8237016,2.796811,0.2629926,0.6815693,2.599406,0.3269458,0.6522759,2.530526,0.5397526,0.9445407,2.656312,0.5234872,0.695017,2.595747,0.3063107,0.628493,2.519756,0.2769634,0.638836,2.530943,0.3647551,0.5145154,2.681568,0.3076201,0.1600672,2.70644,0.318232,-0.223069,2.762182,0.4676107,0.525489,2.65787,0.5041991,0.2063184,2.649002,0.509741,-0.1602176,2.710614,0.4077542,0.9975709,2.699843
72057594038042242,0,0.566853,106252.3,0.4209926,0.5217751,2.700946,0.4114441,1.176919,2.663028,0.2799915,0.9601995,2.73117,0.1777946,0.8237016,2.796811,0.2629926,0.6815693,2.599406,0.3269458,0.6522759,2.530526,0.5397526,0.9445407,2.656312,0.5234872,0.695017,2.595747,0.3063107,0.628493,2.519756,0.2769634,0.638836,2.530943,0.3647551,0.5145154,2.681568,0.3076201,0.1600672,2.70644,0.318232,-0.223069,2.762182,0.4676107,0.525489,2.65787,0.5041991,0.2063184,2.649002,0.509741,-0.1602176,2.710614,0.4077542,0.9975709,2.699843
72057594038042242,0,0.566853,106252.3,0.4209926,0.5217751,2.700946,0.4114441,1.176919,2.663028,0.2799915,0.9601995,2.73117,0.1777946,0.8237016,2.796811,0.2629926,0.6815693,2.599406,0.3269458,0.6522759,2.530526,0.5397526,0.9445407,2.656312,0.5234872,0.695017,2.595747,0.3063107,0.628493,2.519756,0.2769634,0.638836,2.530943,0.3647551,0.5145154,2.681568,0.3076201,0.1600672,2.70644,0.318232,-0.223069,2.762182,0.4676107,0.525489,2.65787,0.5041991,0.2063184,2.649002,0.509741,-0.1602176,2.710614,0.4077542,0.9975709,2.699843
72057594038042242,0,0.566853,106252.3,0.4209926,0.5217751,2.700946,0.4114441,1.176919,2.663028,0.2799915,0.9601995,2.73117,0.1777946,0.8237016,2.796811,0.2629926,0.6815693,2.599406,0.3269458,0.6522759,2.530526,0.5397526,0.9445407,2.656312,0.5234872,0.695017,2.595747,0.3063107,0.628493,2.519756,0.2769634,0.638836,2.530943,0.3647551,0.5145154,2.681568,0.3076201,0.1600672,2.70644,0.318232,-0.223069,2.762182,0.4676107,0.525489,2.65787,0.5041991,0.2063184,2.649002,0.509741,-0.1602176,2.710614,0.4077542,0.9975709,2.699843
72057594038042242,0,0.566853,106252.3,0.4209926,0.5217751,2.700946,0.4114441,1.176919,2.663028,0.2799915,0.9601995,2.73117,0.1777946,0.8237016,2.796811,0.2629926,0.6815693,2.599406,0.3269458,0.6522759,2.530526,0.5397526,0.9445407,2.656312,0.5234872,0.695017,2.595747,0.3063107,0.628493,2.519756,0.2769634,0.638836,2.530943,0.3647551,0.5145154,2.681568,0.3076201,0.1600672,2.70644,0.318232,-0.223069,2.762182,0.4676107,0.525489,2.65787,0.5041991,0.2063184,2.649002,0.509741,-0.1602176,2.710614,0.4077542,0.9975709,2.699843
72057594038042242,0,0.566853,106252.3,0.4209926,0.5217751,2.700946,0.4114441,1.176919,2.663028,0.2799915,0.9601995,2.73117,0.1777946,0.8237016,2.796811,0.2629926,0.6815693,2.599406,0.3269458,0.6522759,2.530526,0.5397526,0.9445407,2.656312,0.5234872,0.695017,2.595747,0.3063107,0.628493,2.519756,0.2769634,0.638836,2.530943,0.3647551,0.5145154,2.681568,0.3076201,0.1600672,2.70644,0.318232,-0.223069,2.762182,0.4676107,0.525489,2.65787,0.5041991,0.2063184,2.649002,0.509741,-0.1602176,2.710614,0.4077542,0.9975709,2.699843
72057594038042242,0,0.566853,106252.3,0.4209926,0.5217751,2.700946,0.4114441,1.176919,2.663028,0.2799915,0.9601995,2.73117,0.1777946,0.8237016,2.796811,0.2629926,0.6815693,2.599406,0.3269458,0.6522759,2.530526,0.5397526,0.9445407,2.656312,0.5234872,0.695017,2.595747,0.3063107,0.628493,2.519756,0.2769634,0.638836,2.530943,0.3647551,0.5145154,2.681568,0.3076201,0.1600672,2.70644,0.318232,-0.223069,2.762182,0.4676107,0.525489,2.65787,0.5041991,0.2063184,2.649002,0.509741,-0.1602176,2.710614,0.4077542,0.9975709,2.699843
72057594038042242,0,0.566853,106252.3,0.4209926,0.5217751,2.700946,0.4114441,1.176919,2.663028,0.2799915,0.9601995,2.73117,0.1777946,0.8237016,2.796811,0.2629926,0.6815693,2.599406,0.3269458,0.6522759,2.530526,0.5397526,0.9445407,2.656312,0.5234872,0.695017,2.595747,0.3063107,0.628493,2.519756,0.2769634,0.638836,2.530943,0.3647551,0.5145154,2.681568,0.3076201,0.1600672,2.70644,0.318232,-0.223069,2.762182,0.4676107,0.525489,2.65787,0.5041991,0.2063184,2.649002,0.509741,-0.1602176,2.710614,0.4077542,0.9975709,2.699843
72057594038042242,0,0.5667719,106252.3,0.4208464,0.5217263,2.700929,0.41077,1.17734,2.664782,0.2797438,0.960094,2.731239,0.1753894,0.824265,2.796003,0.2638035,0.6900308,2.593865,0.312312,0.668596,2.521291,0.5406003,0.9455293,2.659747,0.4650016,0.7529882,2.498513,0.3099454,0.6510029,2.517089,0.2905924,0.6650144,2.538318,0.364477,0.5143872,2.681565,0.307567,0.1599384,2.705692,0.3182423,-0.2230475,2.762245,0.4675683,0.5254976,2.657857,0.5044772,0.2084214,2.647756,0.5126087,-0.190542,2.69651,0.4071099,0.9980554,2.704195
72057594038042242,0,0.5667719,106252.3,0.4208464,0.5217263,2.700929,0.41077,1.17734,2.664782,0.2797438,0.960094,2.731239,0.1753894,0.824265,2.796003,0.2638035,0.6900308,2.593865,0.312312,0.668596,2.521291,0.5406003,0.9455293,2.659747,0.4650016,0.7529882,2.498513,0.3099454,0.6510029,2.517089,0.2905924,0.6650144,2.538318,0.364477,0.5143872,2.681565,0.307567,0.1599384,2.705692,0.3182423,-0.2230475,2.762245,0.4675683,0.5254976,2.657857,0.5044772,0.2084214,2.647756,0.5126087,-0.190542,2.69651,0.4071099,0.9980554,2.704195
72057594038042242,0,0.5667719,106252.3,0.4208464,0.5217263,2.700929,0.41077,1.17734,2.664782,0.2797438,0.960094,2.731239,0.1753894,0.824265,2.796003,0.2638035,0.6900308,2.593865,0.312312,0.668596,2.521291,0.5406003,0.9455293,2.659747,0.4650016,0.7529882,2.498513,0.3099454,0.6510029,2.517089,0.2905924,0.6650144,2.538318,0.364477,0.5143872,2.681565,0.307567,0.1599384,2.705692,0.3182423,-0.2230475,2.762245,0.4675683,0.5254976,2.657857,0.5044772,0.2084214,2.647756,0.5126087,-0.190542,2.69651,0.4071099,0.9980554,2.704195
72057594038042242,0,0.5667719,106252.3,0.4208464,0.5217263,2.700929,0.41077,1.17734,2.664782,0.2797438,0.960094,2.731239,0.1753894,0.824265,2.796003,0.2638035,0.6900308,2.593865,0.312312,0.668596,2.521291,0.5406003,0.9455293,2.659747,0.4650016,0.7529882,2.498513,0.3099454,0.6510029,2.517089,0.2905924,0.6650144,2.538318,0.364477,0.5143872,2.681565,0.307567,0.1599384,2.705692,0.3182423,-0.2230475,2.762245,0.4675683,0.5254976,2.657857,0.5044772,0.2084214,2.647756,0.5126087,-0.190542,2.69651,0.4071099,0.9980554,2.704195
72057594038042242,0,0.5667719,106252.3,0.4208464,0.5217263,2.700929,0.41077,1.17734,2.664782,0.2797438,0.960094,2.731239,0.1753894,0.824265,2.796003,0.2638035,0.6900308,2.593865,0.312312,0.668596,2.521291,0.5406003,0.9455293,2.659747,0.4650016,0.7529882,2.498513,0.3099454,0.6510029,2.517089,0.2905924,0.6650144,2.538318,0.364477,0.5143872,2.681565,0.307567,0.1599384,2.705692,0.3182423,-0.2230475,2.762245,0.4675683,0.5254976,2.657857,0.5044772,0.2084214,2.647756,0.5126087,-0.190542,2.69651,0.4071099,0.9980554,2.704195
72057594038042242,0,0.5667719,106252.3,0.4208464,0.5217263,2.700929,0.41077,1.17734,2.664782,0.2797438,0.960094,2.731239,0.1753894,0.824265,2.796003,0.2638035,0.6900308,2.593865,0.312312,0.668596,2.521291,0.5406003,0.9455293,2.659747,0.4650016,0.7529882,2.498513,0.3099454,0.6510029,2.517089,0.2905924,0.6650144,2.538318,0.364477,0.5143872,2.681565,0.307567,0.1599384,2.705692,0.3182423,-0.2230475,2.762245,0.4675683,0.5254976,2.657857,0.5044772,0.2084214,2.647756,0.5126087,-0.190542,2.69651,0.4071099,0.9980554,2.704195
72057594038042242,0,0.5667719,106252.3,0.4208464,0.5217263,2.700929,0.41077,1.17734,2.664782,0.2797438,0.960094,2.731239,0.1753894,0.824265,2.796003,0.2638035,0.6900308,2.593865,0.312312,0.668596,2.521291,0.5406003,0.9455293,2.659747,0.4650016,0.7529882,2.498513,0.3099454,0.6510029,2.517089,0.2905924,0.6650144,2.538318,0.364477,0.5143872,2.681565,0.307567,0.1599384,2.705692,0.3182423,-0.2230475,2.762245,0.4675683,0.5254976,2.657857,0.5044772,0.2084214,2.647756,0.5126087,-0.190542,2.69651,0.4071099,0.9980554,2.704195
72057594038042242,0,0.5667719,106252.3,0.4208464,0.5217263,2.700929,0.41077,1.17734,2.664782,0.2797438,0.960094,2.731239,0.1753894,0.824265,2.796003,0.2638035,0.6900308,2.593865,0.312312,0.668596,2.521291,0.5406003,0.9455293,2.659747,0.4650016,0.7529882,2.498513,0.3099454,0.6510029,2.517089,0.2905924,0.6650144,2.538318,0.364477,0.5143872,2.681565,0.307567,0.1599384,2.705692,0.3182423,-0.2230475,2.762245,0.4675683,0.5254976,2.657857,0.5044772,0.2084214,2.647756,0.5126087,-0.190542,2.69651,0.4071099,0.9980554,2.704195
72057594038042242,0,0.5667719,106252.3,0.4208464,0.5217263,2.700929,0.41077,1.17734,2.664782,0.2797438,0.960094,2.731239,0.1753894,0.824265,2.796003,0.2638035,0.6900308,2.593865,0.312312,0.668596,2.521291,0.5406003,0.9455293,2.659747,0.4650016,0.7529882,2.498513,0.3099454,0.6510029,2.517089,0.2905924,0.6650144,2.538318,0.364477,0.5143872,2.681565,0.307567,0.1599384,2.705692,0.3182423,-0.2230475,2.762245,0.4675683,0.5254976,2.657857,0.5044772,0.2084214,2.647756,0.5126087,-0.190542,2.69651,0.4071099,0.9980554,2.704195
72057594038042242,0,0.5665482,106252.3,0.4205547,0.5217358,2.700801,0.4101736,1.17701,2.66778,0.2793258,0.9596194,2.731875,0.1714012,0.8250257,2.794573,0.3196027,0.7623047,2.592699,0.353138,0.764549,2.560417,0.5406218,0.9455428,2.659978,0.4659209,0.7621678,2.486918,0.3115973,0.6634911,2.519301,0.2862152,0.6849213,2.55094,0.3640641,0.5144781,2.681542,0.30731,0.1608564,2.704848,0.3184753,-0.2213991,2.761833,0.4673797,0.5254714,2.657642,0.5055035,0.2143273,2.643902,0.5126699,-0.190443,2.696954,0.4070494,0.9977497,2.70564
72057594038042242,0,0.5665482,106252.3,0.4205547,0.5217358,2.700801,0.4101736,1.17701,2.66778,0.2793258,0.9596194,2.731875,0.1714012,0.8250257,2.794573,0.3196027,0.7623047,2.592699,0.353138,0.764549,2.560417,0.5406218,0.9455428,2.659978,0.4659209,0.7621678,2.486918,0.3115973,0.6634911,2.519301,0.2862152,0.6849213,2.55094,0.3640641,0.5144781,2.681542,0.30731,0.1608564,2.704848,0.3184753,-0.2213991,2.761833,0.4673797,0.5254714,2.657642,0.5055035,0.2143273,2.643902,0.5126699,-0.190443,2.696954,0.4070494,0.9977497,2.70564
72057594038042242,0,0.5665482,106252.3,0.4205547,0.5217358,2.700801,0.4101736,1.17701,2.66778,0.2793258,0.9596194,2.731875,0.1714012,0.8250257,2.794573,0.3196027,0.7623047,2.592699,0.353138,0.764549,2.560417,0.5406218,0.9455428,2.659978,0.4659209,0.7621678,2.486918,0.3115973,0.6634911,2.519301,0.2862152,0.6849213,2.55094,0.3640641,0.5144781,2.681542,0.30731,0.1608564,2.704848,0.3184753,-0.2213991,2.761833,0.4673797,0.5254714,2.657642,0.5055035,0.2143273,2.643902,0.5126699,-0.190443,2.696954,0.4070494,0.9977497,2.70564
72057594038042242,0,0.5665482,106252.3,0.4205547,0.5217358,2.700801,0.4101736,1.17701,2.66778,0.2793258,0.9596194,2.731875,0.1714012,0.8250257,2.794573,0.3196027,0.7623047,2.592699,0.353138,0.764549,2.560417,0.5406218,0.9455428,2.659978,0.4659209,0.7621678,2.486918,0.3115973,0.6634911,2.519301,0.2862152,0.6849213,2.55094,0.3640641,0.5144781,2.681542,0.30731,0.1608564,2.704848,0.3184753,-0.2213991,2.761833,0.4673797,0.5254714,2.657642,0.5055035,0.2143273,2.643902,0.5126699,-0.190443,2.696954,0.4070494,0.9977497,2.70564
72057594038042242,0,0.5665482,106252.3,0.4205547,0.5217358,2.700801,0.4101736,1.17701,2.66778,0.2793258,0.9596194,2.731875,0.1714012,0.8250257,2.794573,0.3196027,0.7623047,2.592699,0.353138,0.764549,2.560417,0.5406218,0.9455428,2.659978,0.4659209,0.7621678,2.486918,0.3115973,0.6634911,2.519301,0.2862152,0.6849213,2.55094,0.3640641,0.5144781,2.681542,0.30731,0.1608564,2.704848,0.3184753,-0.2213991,2.761833,0.4673797,0.5254714,2.657642,0.5055035,0.2143273,2.643902,0.5126699,-0.190443,2.696954,0.4070494,0.9977497,2.70564
72057594038042242,0,0.5665482,106252.3,0.4205547,0.5217358,2.700801,0.4101736,1.17701,2.66778,0.2793258,0.9596194,2.731875,0.1714012,0.8250257,2.794573,0.3196027,0.7623047,2.592699,0.353138,0.764549,2.560417,0.5406218,0.9455428,2.659978,0.4659209,0.7621678,2.486918,0.3115973,0.6634911,2.519301,0.2862152,0.6849213,2.55094,0.3640641,0.5144781,2.681542,0.30731,0.1608564,2.704848,0.3184753,-0.2213991,2.761833,0.4673797,0.5254714,2.657642,0.5055035,0.2143273,2.643902,0.5126699,-0.190443,2.696954,0.4070494,0.9977497,2.70564
72057594038042242,0,0.5665482,106252.4,0.4205547,0.5217358,2.700801,0.4101736,1.17701,2.66778,0.2793258,0.9596194,2.731875,0.1714012,0.8250257,2.794573,0.3196027,0.7623047,2.592699,0.353138,0.764549,2.560417,0.5406218,0.9455428,2.659978,0.4659209,0.7621678,2.486918,0.3115973,0.6634911,2.519301,0.2862152,0.6849213,2.55094,0.3640641,0.5144781,2.681542,0.30731,0.1608564,2.704848,0.3184753,-0.2213991,2.761833,0.4673797,0.5254714,2.657642,0.5055035,0.2143273,2.643902,0.5126699,-0.190443,2.696954,0.4070494,0.9977497,2.70564
72057594038042242,0,0.5665482,106252.4,0.4205547,0.5217358,2.700801,0.4101736,1.17701,2.66778,0.2793258,0.9596194,2.731875,0.1714012,0.8250257,2.794573,0.3196027,0.7623047,2.592699,0.353138,0.764549,2.560417,0.5406218,0.9455428,2.659978,0.4659209,0.7621678,2.486918,0.3115973,0.6634911,2.519301,0.2862152,0.6849213,2.55094,0.3640641,0.5144781,2.681542,0.30731,0.1608564,2.704848,0.3184753,-0.2213991,2.761833,0.4673797,0.5254714,2.657642,0.5055035,0.2143273,2.643902,0.5126699,-0.190443,2.696954,0.4070494,0.9977497,2.70564
72057594038042242,0,0.5665482,106252.4,0.4205547,0.5217358,2.700801,0.4101736,1.17701,2.66778,0.2793258,0.9596194,2.731875,0.1714012,0.8250257,2.794573,0.3196027,0.7623047,2.592699,0.353138,0.764549,2.560417,0.5406218,0.9455428,2.659978,0.4659209,0.7621678,2.486918,0.3115973,0.6634911,2.519301,0.2862152,0.6849213,2.55094,0.3640641,0.5144781,2.681542,0.30731,0.1608564,2.704848,0.3184753,-0.2213991,2.761833,0.4673797,0.5254714,2.657642,0.5055035,0.2143273,2.643902,0.5126699,-0.190443,2.696954,0.4070494,0.9977497,2.70564
72057594038042242,0,0.5665482,106252.4,0.4205547,0.5217358,2.700801,0.4101736,1.17701,2.66778,0.2793258,0.9596194,2.731875,0.1714012,0.8250257,2.794573,0.3196027,0.7623047,2.592699,0.353138,0.764549,2.560417,0.5406218,0.9455428,2.659978,0.4659209,0.7621678,2.486918,0.3115973,0.6634911,2.519301,0.2862152,0.6849213,2.55094,0.3640641,0.5144781,2.681542,0.30731,0.1608564,2.704848,0.3184753,-0.2213991,2.761833,0.4673797,0.5254714,2.657642,0.5055035,0.2143273,2.643902,0.5126699,-0.190443,2.696954,0.4070494,0.9977497,2.70564
72057594038042242,0,0.5665482,106252.4,0.4205547,0.5217358,2.700801,0.4101736,1.17701,2.66778,0.2793258,0.9596194,2.731875,0.1714012,0.8250257,2.794573,0.3196027,0.7623047,2.592699,0.353138,0.764549,2.560417,0.5406218,0.9455428,2.659978,0.4659209,0.7621678,2.486918,0.3115973,0.6634911,2.519301,0.2862152,0.6849213,2.55094,0.3640641,0.5144781,2.681542,0.30731,0.1608564,2.704848,0.3184753,-0.2213991,2.761833,0.4673797,0.5254714,2.657642,0.5055035,0.2143273,2.643902,0.5126699,-0.190443,2.696954,0.4070494,0.9977497,2.70564
72057594038042242,0,0.5660121,106252.4,0.4201768,0.5221246,2.700775,0.4099781,1.176777,2.669466,0.2788949,0.9603061,2.732835,0.1713717,0.8242964,2.793526,0.3082457,0.7818727,2.578509,0.3491223,0.7317598,2.534686,0.5406101,0.9453759,2.66005,0.4763293,0.781988,2.4635,0.3071527,0.7252184,2.512079,0.2889369,0.7150308,2.532305,0.3638162,0.5148535,2.68151,0.3074674,0.1619979,2.703692,0.3184534,-0.221935,2.761636,0.4668855,0.5259124,2.657636,0.5055684,0.2141,2.643864,0.512673,-0.1904451,2.696897,0.4082947,0.9973457,2.705546
72057594038042242,0,0.5660121,106252.4,0.4201768,0.5221246,2.700775,0.4099781,1.176777,2.669466,0.2788949,0.9603061,2.732835,0.1713717,0.8242964,2.793526,0.3082457,0.7818727,2.578509,0.3491223,0.7317598,2.534686,0.5406101,0.9453759,2.66005,0.4763293,0.781988,2.4635,0.3071527,0.7252184,2.512079,0.2889369,0.7150308,2.532305,0.3638162,0.5148535,2.68151,0.3074674,0.1619979,2.703692,0.3184534,-0.221935,2.761636,0.4668855,0.5259124,2.657636,0.5055684,0.2141,2.643864,0.512673,-0.1904451,2.696897,0.4082947,0.9973457,2.705546
72057594038042242,0,0.5660121,106252.4,0.4201768,0.5221246,2.700775,0.4099781,1.176777,2.669466,0.2788949,0.9603061,2.732835,0.1713717,0.8242964,2.793526,0.3082457,0.7818727,2.578509,0.3491223,0.7317598,2.534686,0.5406101,0.9453759,2.66005,0.4763293,0.781988,2.4635,0.3071527,0.7252184,2.512079,0.2889369,0.7150308,2.532305,0.3638162,0.5148535,2.68151,0.3074674,0.1619979,2.703692,0.3184534,-0.221935,2.761636,0.4668855,0.5259124,2.657636,0.5055684,0.2141,2.643864,0.512673,-0.1904451,2.696897,0.4082947,0.9973457,2.705546
72057594038042242,0,0.5660121,106252.4,0.4201768,0.5221246,2.700775,0.4099781,1.176777,2.669466,0.2788949,0.9603061,2.732835,0.1713717,0.8242964,2.793526,0.3082457,0.7818727,2.578509,0.3491223,0.7317598,2.534686,0.5406101,0.9453759,2.66005,0.4763293,0.781988,2.4635,0.3071527,0.7252184,2.512079,0.2889369,0.7150308,2.532305,0.3638162,0.5148535,2.68151,0.3074674,0.1619979,2.703692,0.3184534,-0.221935,2.761636,0.4668855,0.5259124,2.657636,0.5055684,0.2141,2.643864,0.512673,-0.1904451,2.696897,0.4082947,0.9973457,2.705546
72057594038042242,0,0.5660121,106252.4,0.4201768,0.5221246,2.700775,0.4099781,1.176777,2.669466,0.2788949,0.9603061,2.732835,0.1713717,0.8242964,2.793526,0.3082457,0.7818727,2.578509,0.3491223,0.7317598,2.534686,0.5406101,0.9453759,2.66005,0.4763293,0.781988,2.4635,0.3071527,0.7252184,2.512079,0.2889369,0.7150308,2.532305,0.3638162,0.5148535,2.68151,0.3074674,0.1619979,2.703692,0.3184534,-0.221935,2.761636,0.4668855,0.5259124,2.657636,0.5055684,0.2141,2.643864,0.512673,-0.1904451,2.696897,0.4082947,0.9973457,2.705546
72057594038042242,0,0.5660121,106252.4,0.4201768,0.5221246,2.700775,0.4099781,1.176777,2.669466,0.2788949,0.9603061,2.732835,0.1713717,0.8242964,2.793526,0.3082457,0.7818727,2.578509,0.3491223,0.7317598,2.534686,0.5406101,0.9453759,2.66005,0.4763293,0.781988,2.4635,0.3071527,0.7252184,2.512079,0.2889369,0.7150308,2.532305,0.3638162,0.5148535,2.68151,0.3074674,0.1619979,2.703692,0.3184534,-0.221935,2.761636,0.4668855,0.5259124,2.657636,0.5055684,0.2141,2.643864,0.512673,-0.1904451,2.696897,0.4082947,0.9973457,2.705546
72057594038042242,0,0.5660121,106252.4,0.4201768,0.5221246,2.700775,0.4099781,1.176777,2.669466,0.2788949,0.9603061,2.732835,0.1713717,0.8242964,2.793526,0.3082457,0.7818727,2.578509,0.3491223,0.7317598,2.534686,0.5406101,0.9453759,2.66005,0.4763293,0.781988,2.4635,0.3071527,0.7252184,2.512079,0.2889369,0.7150308,2.532305,0.3638162,0.5148535,2.68151,0.3074674,0.1619979,2.703692,0.3184534,-0.221935,2.761636,0.4668855,0.5259124,2.657636,0.5055684,0.2141,2.643864,0.512673,-0.1904451,2.696897,0.4082947,0.9973457,2.705546
72057594038042242,0,0.5660121,106252.4,0.4201768,0.5221246,2.700775,0.4099781,1.176777,2.669466,0.2788949,0.9603061,2.732835,0.1713717,0.8242964,2.793526,0.3082457,0.7818727,2.578509,0.3491223,0.7317598,2.534686,0.5406101,0.9453759,2.66005,0.4763293,0.781988,2.4635,0.3071527,0.7252184,2.512079,0.2889369,0.7150308,2.532305,0.3638162,0.5148535,2.68151,0.3074674,0.1619979,2.703692,0.3184534,-0.221935,2.761636,0.4668855,0.5259124,2.657636,0.5055684,0.2141,2.643864,0.512673,-0.1904451,2.696897,0.4082947,0.9973457,2.705546
72057594038042242,0,0.5660121,106252.4,0.4201768,0.5221246,2.700775,0.4099781,1.176777,2.669466,0.2788949,0.9603061,2.732835,0.1713717,0.8242964,2.793526,0.3082457,0.7818727,2.578509,0.3491223,0.7317598,2.534686,0.5406101,0.9453759,2.66005,0.4763293,0.781988,2.4635,0.3071527,0.7252184,2.512079,0.2889369,0.7150308,2.532305,0.3638162,0.5148535,2.68151,0.3074674,0.1619979,2.703692,0.3184534,-0.221935,2.761636,0.4668855,0.5259124,2.657636,0.5055684,0.2141,2.643864,0.512673,-0.1904451,2.696897,0.4082947,0.9973457,2.705546
72057594038042242,0,0.5660121,106252.4,0.4201768,0.5221246,2.700775,0.4099781,1.176777,2.669466,0.2788949,0.9603061,2.732835,0.1713717,0.8242964,2.793526,0.3082457,0.7818727,2.578509,0.3491223,0.7317598,2.534686,0.5406101,0.9453759,2.66005,0.4763293,0.781988,2.4635,0.3071527,0.7252184,2.512079,0.2889369,0.7150308,2.532305,0.3638162,0.5148535,2.68151,0.3074674,0.1619979,2.703692,0.3184534,-0.221935,2.761636,0.4668855,0.5259124,2.657636,0.5055684,0.2141,2.643864,0.512673,-0.1904451,2.696897,0.4082947,0.9973457,2.705546
72057594038042242,0,0.5660121,106252.4,0.4201768,0.5221246,2.700775,0.4099781,1.176777,2.669466,0.2788949,0.9603061,2.732835,0.1713717,0.8242964,2.793526,0.3082457,0.7818727,2.578509,0.3491223,0.7317598,2.534686,0.5406101,0.9453759,2.66005,0.4763293,0.781988,2.4635,0.3071527,0.7252184,2.512079,0.2889369,0.7150308,2.532305,0.3638162,0.5148535,2.68151,0.3074674,0.1619979,2.703692,0.3184534,-0.221935,2.761636,0.4668855,0.5259124,2.657636,0.5055684,0.2141,2.643864,0.512673,-0.1904451,2.696897,0.4082947,0.9973457,2.705546
72057594038042242,0,0.5655867,106252.4,0.4199761,0.5225736,2.700554,0.409506,1.176825,2.672536,0.2786278,0.9603666,2.733114,0.1703115,0.8244647,2.792146,0.3081227,0.7876554,2.577194,0.3597321,0.7636259,2.501149,0.5405237,0.9454921,2.660275,0.4636669,0.7939062,2.459127,0.2305308,0.748678,2.535542,0.1534404,0.7341438,2.564336,0.3635053,0.5154855,2.6814,0.307498,0.1611062,2.703223,0.3176306,-0.2221348,2.761677,0.4667932,0.5262709,2.657311,0.5056123,0.2139395,2.643695,0.5128523,-0.1890591,2.696956,0.4080677,0.9967008,2.706678
72057594038042242,0,0.5655867,106252.4,0.4199761,0.5225736,2.700554,0.409506,1.176825,2.672536,0.2786278,0.9603666,2.733114,0.1703115,0.8244647,2.792146,0.3081227,0.7876554,2.577194,0.3597321,0.7636259,2.501149,0.5405237,0.9454921,2.660275,0.4636669,0.7939062,2.459127,0.2305308,0.748678,2.535542,0.1534404,0.7341438,2.564336,0.3635053,0.5154855,2.6814,0.307498,0.1611062,2.703223,0.3176306,-0.2221348,2.761677,0.4667932,0.5262709,2.657311,0.5056123,0.2139395,2.643695,0.5128523,-0.1890591,2.696956,0.4080677,0.9967008,2.706678
72057594038042242,0,0.5655867,106252.4,0.4199761,0.5225736,2.700554,0.409506,1.176825,2.672536,0.2786278,0.9603666,2.733114,0.1703115,0.8244647,2.792146,0.3081227,0.7876554,2.577194,0.3597321,0.7636259,2.501149,0.5405237,0.9454921,2.660275,0.4636669,0.7939062,2.459127,0.2305308,0.748678,2.535542,0.1534404,0.7341438,2.564336,0.3635053,0.5154855,2.6814,0.307498,0.1611062,2.703223,0.3176306,-0.2221348,2.761677,0.4667932,0.5262709,2.657311,0.5056123,0.2139395,2.643695,0.5128523,-0.1890591,2.696956,0.4080677,0.9967008,2.706678
72057594038042242,0,0.5655867,106252.4,0.4199761,0.5225736,2.700554,0.409506,1.176825,2.672536,0.2786278,0.9603666,2.733114,0.1703115,0.8244647,2.792146,0.3081227,0.7876554,2.577194,0.3597321,0.7636259,2.501149,0.5405237,0.9454921,2.660275,0.4636669,0.7939062,2.459127,0.2305308,0.748678,2.535542,0.1534404,0.7341438,2.564336,0.3635053,0.5154855,2.6814,0.307498,0.1611062,2.703223,0.3176306,-0.2221348,2.761677,0.4667932,0.5262709,2.657311,0.5056123,0.2139395,2.643695,0.5128523,-0.1890591,2.696956,0.4080677,0.9967008,2.706678
72057594038042242,0,0.5655867,106252.4,0.4199761,0.5225736,2.700554,0.409506,1.176825,2.672536,0.2786278,0.9603666,2.733114,0.1703115,0.8244647,2.792146,0.3081227,0.7876554,2.577194,0.3597321,0.7636259,2.501149,0.5405237,0.9454921,2.660275,0.4636669,0.7939062,2.459127,0.2305308,0.748678,2.535542,0.1534404,0.7341438,2.564336,0.3635053,0.5154855,2.6814,0.307498,0.1611062,2.703223,0.3176306,-0.2221348,2.761677,0.4667932,0.5262709,2.657311,0.5056123,0.2139395,2.643695,0.5128523,-0.1890591,2.696956,0.4080677,0.9967008,2.706678
72057594038042242,0,0.5655867,106252.4,0.4199761,0.5225736,2.700554,0.409506,1.176825,2.672536,0.2786278,0.9603666,2.733114,0.1703115,0.8244647,2.792146,0.3081227,0.7876554,2.577194,0.3597321,0.7636259,2.501149,0.5405237,0.9454921,2.660275,0.4636669,0.7939062,2.459127,0.2305308,0.748678,2.535542,0.1534404,0.7341438,2.564336,0.3635053,0.5154855,2.6814,0.307498,0.1611062,2.703223,0.3176306,-0.2221348,2.761677,0.4667932,0.5262709,2.657311,0.5056123,0.2139395,2.643695,0.5128523,-0.1890591,2.696956,0.4080677,0.9967008,2.706678
72057594038042242,0,0.5655867,106252.4,0.4199761,0.5225736,2.700554,0.409506,1.176825,2.672536,0.2786278,0.9603666,2.733114,0.1703115,0.8244647,2.792146,0.3081227,0.7876554,2.577194,0.3597321,0.7636259,2.501149,0.5405237,0.9454921,2.660275,0.4636669,0.7939062,2.459127,0.2305308,0.748678,2.535542,0.1534404,0.7341438,2.564336,0.3635053,0.5154855,2.6814,0.307498,0.1611062,2.703223,0.3176306,-0.2221348,2.761677,0.4667932,0.5262709,2.657311,0.5056123,0.2139395,2.643695,0.5128523,-0.1890591,2.696956,0.4080677,0.9967008,2.706678
72057594038042242,0,0.5655867,106252.4,0.4199761,0.5225736,2.700554,0.409506,1.176825,2.672536,0.2786278,0.9603666,2.733114,0.1703115,0.8244647,2.792146,0.3081227,0.7876554,2.577194,0.3597321,0.7636259,2.501149,0.5405237,0.9454921,2.660275,0.4636669,0.7939062,2.459127,0.2305308,0.748678,2.535542,0.1534404,0.7341438,2.564336,0.3635053,0.5154855,2.6814,0.307498,0.1611062,2.703223,0.3176306,-0.2221348,2.761677,0.4667932,0.5262709,2.657311,0.5056123,0.2139395,2.643695,0.5128523,-0.1890591,2.696956,0.4080677,0.9967008,2.706678
72057594038042242,0,0.5655867,106252.4,0.4199761,0.5225736,2.700554,0.409506,1.176825,2.672536,0.2786278,0.9603666,2.733114,0.1703115,0.8244647,2.792146,0.3081227,0.7876554,2.577194,0.3597321,0.7636259,2.501149,0.5405237,0.9454921,2.660275,0.4636669,0.7939062,2.459127,0.2305308,0.748678,2.535542,0.1534404,0.7341438,2.564336,0.3635053,0.5154855,2.6814,0.307498,0.1611062,2.703223,0.3176306,-0.2221348,2.761677,0.4667932,0.5262709,2.657311,0.5056123,0.2139395,2.643695,0.5128523,-0.1890591,2.696956,0.4080677,0.9967008,2.706678
72057594038042242,0,0.5655867,106252.4,0.4199761,0.5225736,2.700554,0.409506,1.176825,2.672536,0.2786278,0.9603666,2.733114,0.1703115,0.8244647,2.792146,0.3081227,0.7876554,2.577194,0.3597321,0.7636259,2.501149,0.5405237,0.9454921,2.660275,0.4636669,0.7939062,2.459127,0.2305308,0.748678,2.535542,0.1534404,0.7341438,2.564336,0.3635053,0.5154855,2.6814,0.307498,0.1611062,2.703223,0.3176306,-0.2221348,2.761677,0.4667932,0.5262709,2.657311,0.5056123,0.2139395,2.643695,0.5128523,-0.1890591,2.696956,0.4080677,0.9967008,2.706678
72057594038042242,0,0.5638657,106252.4,0.4191906,0.524362,2.700303,0.408898,1.176979,2.675568,0.2782515,0.9606912,2.733717,0.1684259,0.8235798,2.788295,0.3098181,0.7988212,2.574033,0.4443032,0.8016474,2.42577,0.5403981,0.9455253,2.660471,0.4637637,0.7933552,2.459694,0.288394,0.7679626,2.510274,0.2801529,0.7443025,2.533828,0.3630663,0.5170144,2.680568,0.3078102,0.1609308,2.702252,0.3176041,-0.2224239,2.761697,0.4655802,0.5285991,2.65776,0.5058711,0.213546,2.642823,0.5108412,-0.1679078,2.702336,0.4075202,0.9959631,2.709268
72057594038042242,0,0.5638657,106252.4,0.4191906,0.524362,2.700303,0.408898,1.176979,2.675568,0.2782515,0.9606912,2.733717,0.1684259,0.8235798,2.788295,0.3098181,0.7988212,2.574033,0.4443032,0.8016474,2.42577,0.5403981,0.9455253,2.660471,0.4637637,0.7933552,2.459694,0.288394,0.7679626,2.510274,0.2801529,0.7443025,2.533828,0.3630663,0.5170144,2.680568,0.3078102,0.1609308,2.702252,0.3176041,-0.2224239,2.761697,0.4655802,0.5285991,2.65776,0.5058711,0.213546,2.642823,0.5108412,-0.1679078,2.702336,0.4075202,0.9959631,2.709268
72057594038042242,0,0.5638657,106252.4,0.4191906,0.524362,2.700303,0.408898,1.176979,2.675568,0.2782515,0.9606912,2.733717,0.1684259,0.8235798,2.788295,0.3098181,0.7988212,2.574033,0.4443032,0.8016474,2.42577,0.5403981,0.9455253,2.660471,0.4637637,0.7933552,2.459694,0.288394,0.7679626,2.510274,0.2801529,0.7443025,2.533828,0.3630663,0.5170144,2.680568,0.3078102,0.1609308,2.702252,0.3176041,-0.2224239,2.761697,0.4655802,0.5285991,2.65776,0.5058711,0.213546,2.642823,0.5108412,-0.1679078,2.702336,0.4075202,0.9959631,2.709268
72057594038042242,0,0.5638657,106252.4,0.4191906,0.524362,2.700303,0.408898,1.176979,2.675568,0.2782515,0.9606912,2.733717,0.1684259,0.8235798,2.788295,0.3098181,0.7988212,2.574033,0.4443032,0.8016474,2.42577,0.5403981,0.9455253,2.660471,0.4637637,0.7933552,2.459694,0.288394,0.7679626,2.510274,0.2801529,0.7443025,2.533828,0.3630663,0.5170144,2.680568,0.3078102,0.1609308,2.702252,0.3176041,-0.2224239,2.761697,0.4655802,0.5285991,2.65776,0.5058711,0.213546,2.642823,0.5108412,-0.1679078,2.702336,0.4075202,0.9959631,2.709268
72057594038042242,0,0.5638657,106252.4,0.4191906,0.524362,2.700303,0.408898,1.176979,2.675568,0.2782515,0.9606912,2.733717,0.1684259,0.8235798,2.788295,0.3098181,0.7988212,2.574033,0.4443032,0.8016474,2.42577,0.5403981,0.9455253,2.660471,0.4637637,0.7933552,2.459694,0.288394,0.7679626,2.510274,0.2801529,0.7443025,2.533828,0.3630663,0.5170144,2.680568,0.3078102,0.1609308,2.702252,0.3176041,-0.2224239,2.761697,0.4655802,0.5285991,2.65776,0.5058711,0.213546,2.642823,0.5108412,-0.1679078,2.702336,0.4075202,0.9959631,2.709268
72057594038042242,0,0.5638657,106252.4,0.4191906,0.524362,2.700303,0.408898,1.176979,2.675568,0.2782515,0.9606912,2.733717,0.1684259,0.8235798,2.788295,0.3098181,0.7988212,2.574033,0.4443032,0.8016474,2.42577,0.5403981,0.9455253,2.660471,0.4637637,0.7933552,2.459694,0.288394,0.7679626,2.510274,0.2801529,0.7443025,2.533828,0.3630663,0.5170144,2.680568,0.3078102,0.1609308,2.702252,0.3176041,-0.2224239,2.761697,0.4655802,0.5285991,2.65776,0.5058711,0.213546,2.642823,0.5108412,-0.1679078,2.702336,0.4075202,0.9959631,2.709268
72057594038042242,0,0.5638657,106252.5,0.4191906,0.524362,2.700303,0.408898,1.176979,2.675568,0.2782515,0.9606912,2.733717,0.1684259,0.8235798,2.788295,0.3098181,0.7988212,2.574033,0.4443032,0.8016474,2.42577,0.5403981,0.9455253,2.660471,0.4637637,0.7933552,2.459694,0.288394,0.7679626,2.510274,0.2801529,0.7443025,2.533828,0.3630663,0.5170144,2.680568,0.3078102,0.1609308,2.702252,0.3176041,-0.2224239,2.761697,0.4655802,0.5285991,2.65776,0.5058711,0.213546,2.642823,0.5108412,-0.1679078,2.702336,0.4075202,0.9959631,2.709268
72057594038042242,0,0.5638657,106252.5,0.4191906,0.524362,2.700303,0.408898,1.176979,2.675568,0.2782515,0.9606912,2.733717,0.1684259,0.8235798,2.788295,0.3098181,0.7988212,2.574033,0.4443032,0.8016474,2.42577,0.5403981,0.9455253,2.660471,0.4637637,0.7933552,2.459694,0.288394,0.7679626,2.510274,0.2801529,0.7443025,2.533828,0.3630663,0.5170144,2.680568,0.3078102,0.1609308,2.702252,0.3176041,-0.2224239,2.761697,0.4655802,0.5285991,2.65776,0.5058711,0.213546,2.642823,0.5108412,-0.1679078,2.702336,0.4075202,0.9959631,2.709268
72057594038042242,0,0.5638657,106252.5,0.4191906,0.524362,2.700303,0.408898,1.176979,2.675568,0.2782515,0.9606912,2.733717,0.1684259,0.8235798,2.788295,0.3098181,0.7988212,2.574033,0.4443032,0.8016474,2.42577,0.5403981,0.9455253,2.660471,0.4637637,0.7933552,2.459694,0.288394,0.7679626,2.510274,0.2801529,0.7443025,2.533828,0.3630663,0.5170144,2.680568,0.3078102,0.1609308,2.702252,0.3176041,-0.2224239,2.761697,0.4655802,0.5285991,2.65776,0.5058711,0.213546,2.642823,0.5108412,-0.1679078,2.702336,0.4075202,0.9959631,2.709268
72057594038042242,0,0.5638657,106252.5,0.4191906,0.524362,2.700303,0.408898,1.176979,2.675568,0.2782515,0.9606912,2.733717,0.1684259,0.8235798,2.788295,0.3098181,0.7988212,2.574033,0.4443032,0.8016474,2.42577,0.5403981,0.9455253,2.660471,0.4637637,0.7933552,2.459694,0.288394,0.7679626,2.510274,0.2801529,0.7443025,2.533828,0.3630663,0.5170144,2.680568,0.3078102,0.1609308,2.702252,0.3176041,-0.2224239,2.761697,0.4655802,0.5285991,2.65776,0.5058711,0.213546,2.642823,0.5108412,-0.1679078,2.702336,0.4075202,0.9959631,2.709268
72057594038042242,0,0.5629891,106252.5,0.4188081,0.5252959,2.700172,0.408658,1.176885,2.679527,0.278114,0.9606944,2.733789,0.1675024,0.8225298,2.785062,0.3105253,0.8050895,2.571215,0.4546009,0.8094729,2.424402,0.5404755,0.9455786,2.66075,0.4693612,0.797139,2.455064,0.2948685,0.7701674,2.507553,0.2832842,0.7567917,2.532985,0.3624627,0.5184624,2.679148,0.3079317,0.1605206,2.701835,0.3189825,-0.2176231,2.761169,0.4652542,0.5295563,2.658568,0.5058054,0.213308,2.642719,0.5114466,-0.1764254,2.699354,0.4083399,0.9961779,2.709256
72057594038042242,0,0.5629891,106252.5,0.4188081,0.5252959,2.700172,0.408658,1.176885,2.679527,0.278114,0.9606944,2.733789,0.1675024,0.8225298,2.785062,0.3105253,0.8050895,2.571215,0.4546009,0.8094729,2.424402,0.5404755,0.9455786,2.66075,0.4693612,0.797139,2.455064,0.2948685,0.7701674,2.507553,0.2832842,0.7567917,2.532985,0.3624627,0.5184624,2.679148,0.3079317,0.1605206,2.701835,0.3189825,-0.2176231,2.761169,0.4652542,0.5295563,2.658568,0.5058054,0.213308,2.642719,0.5114466,-0.1764254,2.699354,0.4083399,0.9961779,2.709256
72057594038042242,0,0.5629891,106252.5,0.4188081,0.5252959,2.700172,0.408658,1.176885,2.679527,0.278114,0.9606944,2.733789,0.1675024,0.8225298,2.785062,0.3105253,0.8050895,2.571215,0.4546009,0.8094729,2.424402,0.5404755,0.9455786,2.66075,0.4693612,0.797139,2.455064,0.2948685,0.7701674,2.507553,0.2832842,0.7567917,2.532985,0.3624627,0.5184624,2.679148,0.3079317,0.1605206,2.701835,0.3189825,-0.2176231,2.761169,0.4652542,0.5295563,2.658568,0.5058054,0.213308,2.642719,0.5114466,-0.1764254,2.699354,0.4083399,0.9961779,2.709256
72057594038042242,0,0.5629891,106252.5,0.4188081,0.5252959,2.700172,0.408658,1.176885,2.679527,0.278114,0.9606944,2.733789,0.1675024,0.8225298,2.785062,0.3105253,0.8050895,2.571215,0.4546009,0.8094729,2.424402,0.5404755,0.9455786,2.66075,0.4693612,0.797139,2.455064,0.2948685,0.7701674,2.507553,0.2832842,0.7567917,2.532985,0.3624627,0.5184624,2.679148,0.3079317,0.1605206,2.701835,0.3189825,-0.2176231,2.761169,0.4652542,0.5295563,2.658568,0.5058054,0.213308,2.642719,0.5114466,-0.1764254,2.699354,0.4083399,0.9961779,2.709256
72057594038042242,0,0.5629891,106252.5,0.4188081,0.5252959,2.700172,0.408658,1.176885,2.679527,0.278114,0.9606944,2.733789,0.1675024,0.8225298,2.785062,0.3105253,0.8050895,2.571215,0.4546009,0.8094729,2.424402,0.5404755,0.9455786,2.66075,0.4693612,0.797139,2.455064,0.2948685,0.7701674,2.507553,0.2832842,0.7567917,2.532985,0.3624627,0.5184624,2.679148,0.3079317,0.1605206,2.701835,0.3189825,-0.2176231,2.761169,0.4652542,0.5295563,2.658568,0.5058054,0.213308,2.642719,0.5114466,-0.1764254,2.699354,0.4083399,0.9961779,2.709256
72057594038042242,0,0.5629891,106252.5,0.4188081,0.5252959,2.700172,0.408658,1.176885,2.679527,0.278114,0.9606944,2.733789,0.1675024,0.8225298,2.785062,0.3105253,0.8050895,2.571215,0.4546009,0.8094729,2.424402,0.5404755,0.9455786,2.66075,0.4693612,0.797139,2.455064,0.2948685,0.7701674,2.507553,0.2832842,0.7567917,2.532985,0.3624627,0.5184624,2.679148,0.3079317,0.1605206,2.701835,0.3189825,-0.2176231,2.761169,0.4652542,0.5295563,2.658568,0.5058054,0.213308,2.642719,0.5114466,-0.1764254,2.699354,0.4083399,0.9961779,2.709256
72057594038042242,0,0.5629891,106252.5,0.4188081,0.5252959,2.700172,0.408658,1.176885,2.679527,0.278114,0.9606944,2.733789,0.1675024,0.8225298,2.785062,0.3105253,0.8050895,2.571215,0.4546009,0.8094729,2.424402,0.5404755,0.9455786,2.66075,0.4693612,0.797139,2.455064,0.2948685,0.7701674,2.507553,0.2832842,0.7567917,2.532985,0.3624627,0.5184624,2.679148,0.3079317,0.1605206,2.701835,0.3189825,-0.2176231,2.761169,0.4652542,0.5295563,2.658568,0.5058054,0.213308,2.642719,0.5114466,-0.1764254,2.699354,0.4083399,0.9961779,2.709256
72057594038042242,0,0.5629891,106252.5,0.4188081,0.5252959,2.700172,0.408658,1.176885,2.679527,0.278114,0.9606944,2.733789,0.1675024,0.8225298,2.785062,0.3105253,0.8050895,2.571215,0.4546009,0.8094729,2.424402,0.5404755,0.9455786,2.66075,0.4693612,0.797139,2.455064,0.2948685,0.7701674,2.507553,0.2832842,0.7567917,2.532985,0.3624627,0.5184624,2.679148,0.3079317,0.1605206,2.701835,0.3189825,-0.2176231,2.761169,0.4652542,0.5295563,2.658568,0.5058054,0.213308,2.642719,0.5114466,-0.1764254,2.699354,0.4083399,0.9961779,2.709256
72057594038042242,0,0.5629891,106252.5,0.4188081,0.5252959,2.700172,0.408658,1.176885,2.679527,0.278114,0.9606944,2.733789,0.1675024,0.8225298,2.785062,0.3105253,0.8050895,2.571215,0.4546009,0.8094729,2.424402,0.5404755,0.9455786,2.66075,0.4693612,0.797139,2.455064,0.2948685,0.7701674,2.507553,0.2832842,0.7567917,2.532985,0.3624627,0.5184624,2.679148,0.3079317,0.1605206,2.701835,0.3189825,-0.2176231,2.761169,0.4652542,0.5295563,2.658568,0.5058054,0.213308,2.642719,0.5114466,-0.1764254,2.699354,0.4083399,0.9961779,2.709256
72057594038042242,0,0.5629891,106252.5,0.4188081,0.5252959,2.700172,0.408658,1.176885,2.679527,0.278114,0.9606944,2.733789,0.1675024,0.8225298,2.785062,0.3105253,0.8050895,2.571215,0.4546009,0.8094729,2.424402,0.5404755,0.9455786,2.66075,0.4693612,0.797139,2.455064,0.2948685,0.7701674,2.507553,0.2832842,0.7567917,2.532985,0.3624627,0.5184624,2.679148,0.3079317,0.1605206,2.701835,0.3189825,-0.2176231,2.761169,0.4652542,0.5295563,2.658568,0.5058054,0.213308,2.642719,0.5114466,-0.1764254,2.699354,0.4083399,0.9961779,2.709256
72057594038042242,0,0.562412,106252.5,0.4188201,0.526242,2.700023,0.4086622,1.177232,2.680604,0.2780043,0.9607491,2.733854,0.165331,0.8220973,2.780599,0.3283682,0.85401,2.584401,0.3642796,0.7979383,2.510076,0.5404987,0.9460412,2.66143,0.4690807,0.8039712,2.45125,0.2972509,0.7709931,2.508148,0.283484,0.7633674,2.533405,0.3625196,0.5196563,2.678097,0.3082333,0.1605178,2.700725,0.3188924,-0.2176186,2.761338,0.4653181,0.5305052,2.659177,0.5057117,0.2132948,2.642488,0.5115549,-0.1816884,2.698019,0.4090024,0.9963124,2.709342
72057594038042242,0,0.562412,106252.5,0.4188201,0.526242,2.700023,0.4086622,1.177232,2.680604,0.2780043,0.9607491,2.733854,0.165331,0.8220973,2.780599,0.3283682,0.85401,2.584401,0.3642796,0.7979383,2.510076,0.5404987,0.9460412,2.66143,0.4690807,0.8039712,2.45125,0.2972509,0.7709931,2.508148,0.283484,0.7633674,2.533405,0.3625196,0.5196563,2.678097,0.3082333,0.1605178,2.700725,0.3188924,-0.2176186,2.761338,0.4653181,0.5305052,2.659177,0.5057117,0.2132948,2.642488,0.5115549,-0.1816884,2.698019,0.4090024,0.9963124,2.709342
72057594038042242,0,0.562412,106252.5,0.4188201,0.526242,2.700023,0.4086622,1.177232,2.680604,0.2780043,0.9607491,2.733854,0.165331,0.8220973,2.780599,0.3283682,0.85401,2.584401,0.3642796,0.7979383,2.510076,0.5404987,0.9460412,2.66143,0.4690807,0.8039712,2.45125,0.2972509,0.7709931,2.508148,0.283484,0.7633674,2.533405,0.3625196,0.5196563,2.678097,0.3082333,0.1605178,2.700725,0.3188924,-0.2176186,2.761338,0.4653181,0.5305052,2.659177,0.5057117,0.2132948,2.642488,0.5115549,-0.1816884,2.698019,0.4090024,0.9963124,2.709342
72057594038042242,0,0.562412,106252.5,0.4188201,0.526242,2.700023,0.4086622,1.177232,2.680604,0.2780043,0.9607491,2.733854,0.165331,0.8220973,2.780599,0.3283682,0.85401,2.584401,0.3642796,0.7979383,2.510076,0.5404987,0.9460412,2.66143,0.4690807,0.8039712,2.45125,0.2972509,0.7709931,2.508148,0.283484,0.7633674,2.533405,0.3625196,0.5196563,2.678097,0.3082333,0.1605178,2.700725,0.3188924,-0.2176186,2.761338,0.4653181,0.5305052,2.659177,0.5057117,0.2132948,2.642488,0.5115549,-0.1816884,2.698019,0.4090024,0.9963124,2.709342
72057594038042242,0,0.562412,106252.5,0.4188201,0.526242,2.700023,0.4086622,1.177232,2.680604,0.2780043,0.9607491,2.733854,0.165331,0.8220973,2.780599,0.3283682,0.85401,2.584401,0.3642796,0.7979383,2.510076,0.5404987,0.9460412,2.66143,0.4690807,0.8039712,2.45125,0.2972509,0.7709931,2.508148,0.283484,0.7633674,2.533405,0.3625196,0.5196563,2.678097,0.3082333,0.1605178,2.700725,0.3188924,-0.2176186,2.761338,0.4653181,0.5305052,2.659177,0.5057117,0.2132948,2.642488,0.5115549,-0.1816884,2.698019,0.4090024,0.9963124,2.709342
72057594038042242,0,0.562412,106252.5,0.4188201,0.526242,2.700023,0.4086622,1.177232,2.680604,0.2780043,0.9607491,2.733854,0.165331,0.8220973,2.780599,0.3283682,0.85401,2.584401,0.3642796,0.7979383,2.510076,0.5404987,0.9460412,2.66143,0.4690807,0.8039712,2.45125,0.2972509,0.7709931,2.508148,0.283484,0.7633674,2.533405,0.3625196,0.5196563,2.678097,0.3082333,0.1605178,2.700725,0.3188924,-0.2176186,2.761338,0.4653181,0.5305052,2.659177,0.5057117,0.2132948,2.642488,0.5115549,-0.1816884,2.698019,0.4090024,0.9963124,2.709342
72057594038042242,0,0.562412,106252.5,0.4188201,0.526242,2.700023,0.4086622,1.177232,2.680604,0.2780043,0.9607491,2.733854,0.165331,0.8220973,2.780599,0.3283682,0.85401,2.584401,0.3642796,0.7979383,2.510076,0.5404987,0.9460412,2.66143,0.4690807,0.8039712,2.45125,0.2972509,0.7709931,2.508148,0.283484,0.7633674,2.533405,0.3625196,0.5196563,2.678097,0.3082333,0.1605178,2.700725,0.3188924,-0.2176186,2.761338,0.4653181,0.5305052,2.659177,0.5057117,0.2132948,2.642488,0.5115549,-0.1816884,2.698019,0.4090024,0.9963124,2.709342
72057594038042242,0,0.562412,106252.5,0.4188201,0.526242,2.700023,0.4086622,1.177232,2.680604,0.2780043,0.9607491,2.733854,0.165331,0.8220973,2.780599,0.3283682,0.85401,2.584401,0.3642796,0.7979383,2.510076,0.5404987,0.9460412,2.66143,0.4690807,0.8039712,2.45125,0.2972509,0.7709931,2.508148,0.283484,0.7633674,2.533405,0.3625196,0.5196563,2.678097,0.3082333,0.1605178,2.700725,0.3188924,-0.2176186,2.761338,0.4653181,0.5305052,2.659177,0.5057117,0.2132948,2.642488,0.5115549,-0.1816884,2.698019,0.4090024,0.9963124,2.709342
72057594038042242,0,0.562412,106252.5,0.4188201,0.526242,2.700023,0.4086622,1.177232,2.680604,0.2780043,0.9607491,2.733854,0.165331,0.8220973,2.780599,0.3283682,0.85401,2.584401,0.3642796,0.7979383,2.510076,0.5404987,0.9460412,2.66143,0.4690807,0.8039712,2.45125,0.2972509,0.7709931,2.508148,0.283484,0.7633674,2.533405,0.3625196,0.5196563,2.678097,0.3082333,0.1605178,2.700725,0.3188924,-0.2176186,2.761338,0.4653181,0.5305052,2.659177,0.5057117,0.2132948,2.642488,0.5115549,-0.1816884,2.698019,0.4090024,0.9963124,2.709342
72057594038042242,0,0.562412,106252.5,0.4188201,0.526242,2.700023,0.4086622,1.177232,2.680604,0.2780043,0.9607491,2.733854,0.165331,0.8220973,2.780599,0.3283682,0.85401,2.584401,0.3642796,0.7979383,2.510076,0.5404987,0.9460412,2.66143,0.4690807,0.8039712,2.45125,0.2972509,0.7709931,2.508148,0.283484,0.7633674,2.533405,0.3625196,0.5196563,2.678097,0.3082333,0.1605178,2.700725,0.3188924,-0.2176186,2.761338,0.4653181,0.5305052,2.659177,0.5057117,0.2132948,2.642488,0.5115549,-0.1816884,2.698019,0.4090024,0.9963124,2.709342
72057594038042242,0,0.5619701,106252.5,0.4186766,0.5267685,2.700018,0.4088659,1.177332,2.681627,0.2769331,0.9612881,2.735449,0.1631496,0.8201385,2.774197,0.3143071,0.8204353,2.565578,0.3696765,0.8063724,2.495531,0.5406945,0.9464453,2.661979,0.4700588,0.8073961,2.449458,0.2986511,0.7737142,2.507107,0.2821356,0.7684037,2.533293,0.3624367,0.520173,2.677497,0.3082276,0.1600149,2.700218,0.3189112,-0.2176152,2.761472,0.4650794,0.5312551,2.659934,0.5054711,0.2131369,2.642219,0.5117334,-0.182773,2.697903,0.4093771,0.9964326,2.70941
72057594038042242,0,0.5619701,106252.5,0.4186766,0.5267685,2.700018,0.4088659,1.177332,2.681627,0.2769331,0.9612881,2.735449,0.1631496,0.8201385,2.774197,0.3143071,0.8204353,2.565578,0.3696765,0.8063724,2.495531,0.5406945,0.9464453,2.661979,0.4700588,0.8073961,2.449458,0.2986511,0.7737142,2.507107,0.2821356,0.7684037,2.533293,0.3624367,0.520173,2.677497,0.3082276,0.1600149,2.700218,0.3189112,-0.2176152,2.761472,0.4650794,0.5312551,2.659934,0.5054711,0.2131369,2.642219,0.5117334,-0.182773,2.697903,0.4093771,0.9964326,2.70941
72057594038042242,0,0.5619701,106252.5,0.4186766,0.5267685,2.700018,0.4088659,1.177332,2.681627,0.2769331,0.9612881,2.735449,0.1631496,0.8201385,2.774197,0.3143071,0.8204353,2.565578,0.3696765,0.8063724,2.495531,0.5406945,0.9464453,2.661979,0.4700588,0.8073961,2.449458,0.2986511,0.7737142,2.507107,0.2821356,0.7684037,2.533293,0.3624367,0.520173,2.677497,0.3082276,0.1600149,2.700218,0.3189112,-0.2176152,2.761472,0.4650794,0.5312551,2.659934,0.5054711,0.2131369,2.642219,0.5117334,-0.182773,2.697903,0.4093771,0.9964326,2.70941
72057594038042242,0,0.5619701,106252.5,0.4186766,0.5267685,2.700018,0.4088659,1.177332,2.681627,0.2769331,0.9612881,2.735449,0.1631496,0.8201385,2.774197,0.3143071,0.8204353,2.565578,0.3696765,0.8063724,2.495531,0.5406945,0.9464453,2.661979,0.4700588,0.8073961,2.449458,0.2986511,0.7737142,2.507107,0.2821356,0.7684037,2.533293,0.3624367,0.520173,2.677497,0.3082276,0.1600149,2.700218,0.3189112,-0.2176152,2.761472,0.4650794,0.5312551,2.659934,0.5054711,0.2131369,2.642219,0.5117334,-0.182773,2.697903,0.4093771,0.9964326,2.70941
72057594038042242,0,0.5619701,106252.5,0.4186766,0.5267685,2.700018,0.4088659,1.177332,2.681627,0.2769331,0.9612881,2.735449,0.1631496,0.8201385,2.774197,0.3143071,0.8204353,2.565578,0.3696765,0.8063724,2.495531,0.5406945,0.9464453,2.661979,0.4700588,0.8073961,2.449458,0.2986511,0.7737142,2.507107,0.2821356,0.7684037,2.533293,0.3624367,0.520173,2.677497,0.3082276,0.1600149,2.700218,0.3189112,-0.2176152,2.761472,0.4650794,0.5312551,2.659934,0.5054711,0.2131369,2.642219,0.5117334,-0.182773,2.697903,0.4093771,0.9964326,2.70941
72057594038042242,0,0.5619701,106252.5,0.4186766,0.5267685,2.700018,0.4088659,1.177332,2.681627,0.2769331,0.9612881,2.735449,0.1631496,0.8201385,2.774197,0.3143071,0.8204353,2.565578,0.3696765,0.8063724,2.495531,0.5406945,0.9464453,2.661979,0.4700588,0.8073961,2.449458,0.2986511,0.7737142,2.507107,0.2821356,0.7684037,2.533293,0.3624367,0.520173,2.677497,0.3082276,0.1600149,2.700218,0.3189112,-0.2176152,2.761472,0.4650794,0.5312551,2.659934,0.5054711,0.2131369,2.642219,0.5117334,-0.182773,2.697903,0.4093771,0.9964326,2.70941
72057594038042242,0,0.5619701,106252.6,0.4186766,0.5267685,2.700018,0.4088659,1.177332,2.681627,0.2769331,0.9612881,2.735449,0.1631496,0.8201385,2.774197,0.3143071,0.8204353,2.565578,0.3696765,0.8063724,2.495531,0.5406945,0.9464453,2.661979,0.4700588,0.8073961,2.449458,0.2986511,0.7737142,2.507107,0.2821356,0.7684037,2.533293,0.3624367,0.520173,2.677497,0.3082276,0.1600149,2.700218,0.3189112,-0.2176152,2.761472,0.4650794,0.5312551,2.659934,0.5054711,0.2131369,2.642219,0.5117334,-0.182773,2.697903,0.4093771,0.9964326,2.70941
72057594038042242,0,0.5619701,106252.6,0.4186766,0.5267685,2.700018,0.4088659,1.177332,2.681627,0.2769331,0.9612881,2.735449,0.1631496,0.8201385,2.774197,0.3143071,0.8204353,2.565578,0.3696765,0.8063724,2.495531,0.5406945,0.9464453,2.661979,0.4700588,0.8073961,2.449458,0.2986511,0.7737142,2.507107,0.2821356,0.7684037,2.533293,0.3624367,0.520173,2.677497,0.3082276,0.1600149,2.700218,0.3189112,-0.2176152,2.761472,0.4650794,0.5312551,2.659934,0.5054711,0.2131369,2.642219,0.5117334,-0.182773,2.697903,0.4093771,0.9964326,2.70941
72057594038042242,0,0.5619701,106252.6,0.4186766,0.5267685,2.700018,0.4088659,1.177332,2.681627,0.2769331,0.9612881,2.735449,0.1631496,0.8201385,2.774197,0.3143071,0.8204353,2.565578,0.3696765,0.8063724,2.495531,0.5406945,0.9464453,2.661979,0.4700588,0.8073961,2.449458,0.2986511,0.7737142,2.507107,0.2821356,0.7684037,2.533293,0.3624367,0.520173,2.677497,0.3082276,0.1600149,2.700218,0.3189112,-0.2176152,2.761472,0.4650794,0.5312551,2.659934,0.5054711,0.2131369,2.642219,0.5117334,-0.182773,2.697903,0.4093771,0.9964326,2.70941
72057594038042242,0,0.5619701,106252.6,0.4186766,0.5267685,2.700018,0.4088659,1.177332,2.681627,0.2769331,0.9612881,2.735449,0.1631496,0.8201385,2.774197,0.3143071,0.8204353,2.565578,0.3696765,0.8063724,2.495531,0.5406945,0.9464453,2.661979,0.4700588,0.8073961,2.449458,0.2986511,0.7737142,2.507107,0.2821356,0.7684037,2.533293,0.3624367,0.520173,2.677497,0.3082276,0.1600149,2.700218,0.3189112,-0.2176152,2.761472,0.4650794,0.5312551,2.659934,0.5054711,0.2131369,2.642219,0.5117334,-0.182773,2.697903,0.4093771,0.9964326,2.70941
72057594038042242,0,0.5612049,106252.6,0.4184878,0.5277763,2.69979,0.4088516,1.175269,2.683826,0.2763857,0.9617153,2.736051,0.1623348,0.8185799,2.768812,0.3158208,0.8221428,2.562016,0.4658349,0.8255829,2.428038,0.5407102,0.9466643,2.662134,0.4709432,0.8105047,2.447403,0.3009287,0.77563,2.50789,0.2852109,0.775884,2.535524,0.3623984,0.5208287,2.676934,0.3081987,0.1596797,2.699843,0.3189943,-0.2175346,2.761395,0.4647909,0.5324991,2.660163,0.5052297,0.2129738,2.641707,0.5105568,-0.174744,2.699236,0.4097909,0.9964745,2.709299
72057594038042242,0,0.5612049,106252.6,0.4184878,0.5277763,2.69979,0.4088516,1.175269,2.683826,0.2763857,0.9617153,2.736051,0.1623348,0.8185799,2.768812,0.3158208,0.8221428,2.562016,0.4658349,0.8255829,2.428038,0.5407102,0.9466643,2.662134,0.4709432,0.8105047,2.447403,0.3009287,0.77563,2.50789,0.2852109,0.775884,2.535524,0.3623984,0.5208287,2.676934,0.3081987,0.1596797,2.699843,0.3189943,-0.2175346,2.761395,0.4647909,0.5324991,2.660163,0.5052297,0.2129738,2.641707,0.5105568,-0.174744,2.699236,0.4097909,0.9964745,2.709299
72057594038042242,0,0.5612049,106252.6,0.4184878,0.5277763,2.69979,0.4088516,1.175269,2.683826,0.2763857,0.9617153,2.736051,0.1623348,0.8185799,2.768812,0.3158208,0.8221428,2.562016,0.4658349,0.8255829,2.428038,0.5407102,0.9466643,2.662134,0.4709432,0.8105047,2.447403,0.3009287,0.77563,2.50789,0.2852109,0.775884,2.535524,0.3623984,0.5208287,2.676934,0.3081987,0.1596797,2.699843,0.3189943,-0.2175346,2.761395,0.4647909,0.5324991,2.660163,0.5052297,0.2129738,2.641707,0.5105568,-0.174744,2.699236,0.4097909,0.9964745,2.709299
72057594038042242,0,0.5612049,106252.6,0.4184878,0.5277763,2.69979,0.4088516,1.175269,2.683826,0.2763857,0.9617153,2.736051,0.1623348,0.8185799,2.768812,0.3158208,0.8221428,2.562016,0.4658349,0.8255829,2.428038,0.5407102,0.9466643,2.662134,0.4709432,0.8105047,2.447403,0.3009287,0.77563,2.50789,0.2852109,0.775884,2.535524,0.3623984,0.5208287,2.676934,0.3081987,0.1596797,2.699843,0.3189943,-0.2175346,2.761395,0.4647909,0.5324991,2.660163,0.5052297,0.2129738,2.641707,0.5105568,-0.174744,2.699236,0.4097909,0.9964745,2.709299
72057594038042242,0,0.5612049,106252.6,0.4184878,0.5277763,2.69979,0.4088516,1.175269,2.683826,0.2763857,0.9617153,2.736051,0.1623348,0.8185799,2.768812,0.3158208,0.8221428,2.562016,0.4658349,0.8255829,2.428038,0.5407102,0.9466643,2.662134,0.4709432,0.8105047,2.447403,0.3009287,0.77563,2.50789,0.2852109,0.775884,2.535524,0.3623984,0.5208287,2.676934,0.3081987,0.1596797,2.699843,0.3189943,-0.2175346,2.761395,0.4647909,0.5324991,2.660163,0.5052297,0.2129738,2.641707,0.5105568,-0.174744,2.699236,0.4097909,0.9964745,2.709299
72057594038042242,0,0.5612049,106252.6,0.4184878,0.5277763,2.69979,0.4088516,1.175269,2.683826,0.2763857,0.9617153,2.736051,0.1623348,0.8185799,2.768812,0.3158208,0.8221428,2.562016,0.4658349,0.8255829,2.428038,0.5407102,0.9466643,2.662134,0.4709432,0.8105047,2.447403,0.3009287,0.77563,2.50789,0.2852109,0.775884,2.535524,0.3623984,0.5208287,2.676934,0.3081987,0.1596797,2.699843,0.3189943,-0.2175346,2.761395,0.4647909,0.5324991,2.660163,0.5052297,0.2129738,2.641707,0.5105568,-0.174744,2.699236,0.4097909,0.9964745,2.709299
72057594038042242,0,0.5612049,106252.6,0.4184878,0.5277763,2.69979,0.4088516,1.175269,2.683826,0.2763857,0.9617153,2.736051,0.1623348,0.8185799,2.768812,0.3158208,0.8221428,2.562016,0.4658349,0.8255829,2.428038,0.5407102,0.9466643,2.662134,0.4709432,0.8105047,2.447403,0.3009287,0.77563,2.50789,0.2852109,0.775884,2.535524,0.3623984,0.5208287,2.676934,0.3081987,0.1596797,2.699843,0.3189943,-0.2175346,2.761395,0.4647909,0.5324991,2.660163,0.5052297,0.2129738,2.641707,0.5105568,-0.174744,2.699236,0.4097909,0.9964745,2.709299
72057594038042242,0,0.5612049,106252.6,0.4184878,0.5277763,2.69979,0.4088516,1.175269,2.683826,0.2763857,0.9617153,2.736051,0.1623348,0.8185799,2.768812,0.3158208,0.8221428,2.562016,0.4658349,0.8255829,2.428038,0.5407102,0.9466643,2.662134,0.4709432,0.8105047,2.447403,0.3009287,0.77563,2.50789,0.2852109,0.775884,2.535524,0.3623984,0.5208287,2.676934,0.3081987,0.1596797,2.699843,0.3189943,-0.2175346,2.761395,0.4647909,0.5324991,2.660163,0.5052297,0.2129738,2.641707,0.5105568,-0.174744,2.699236,0.4097909,0.9964745,2.709299
72057594038042242,0,0.5612049,106252.6,0.4184878,0.5277763,2.69979,0.4088516,1.175269,2.683826,0.2763857,0.9617153,2.736051,0.1623348,0.8185799,2.768812,0.3158208,0.8221428,2.562016,0.4658349,0.8255829,2.428038,0.5407102,0.9466643,2.662134,0.4709432,0.8105047,2.447403,0.3009287,0.77563,2.50789,0.2852109,0.775884,2.535524,0.3623984,0.5208287,2.676934,0.3081987,0.1596797,2.699843,0.3189943,-0.2175346,2.761395,0.4647909,0.5324991,2.660163,0.5052297,0.2129738,2.641707,0.5105568,-0.174744,2.699236,0.4097909,0.9964745,2.709299
72057594038042242,0,0.5612049,106252.6,0.4184878,0.5277763,2.69979,0.4088516,1.175269,2.683826,0.2763857,0.9617153,2.736051,0.1623348,0.8185799,2.768812,0.3158208,0.8221428,2.562016,0.4658349,0.8255829,2.428038,0.5407102,0.9466643,2.662134,0.4709432,0.8105047,2.447403,0.3009287,0.77563,2.50789,0.2852109,0.775884,2.535524,0.3623984,0.5208287,2.676934,0.3081987,0.1596797,2.699843,0.3189943,-0.2175346,2.761395,0.4647909,0.5324991,2.660163,0.5052297,0.2129738,2.641707,0.5105568,-0.174744,2.699236,0.4097909,0.9964745,2.709299
72057594038042242,0,0.5612049,106252.6,0.4184878,0.5277763,2.69979,0.4088516,1.175269,2.683826,0.2763857,0.9617153,2.736051,0.1623348,0.8185799,2.768812,0.3158208,0.8221428,2.562016,0.4658349,0.8255829,2.428038,0.5407102,0.9466643,2.662134,0.4709432,0.8105047,2.447403,0.3009287,0.77563,2.50789,0.2852109,0.775884,2.535524,0.3623984,0.5208287,2.676934,0.3081987,0.1596797,2.699843,0.3189943,-0.2175346,2.761395,0.4647909,0.5324991,2.660163,0.5052297,0.2129738,2.641707,0.5105568,-0.174744,2.699236,0.4097909,0.9964745,2.709299
72057594038042242,0,0.5611879,106252.6,0.4185139,0.5278407,2.699739,0.4092996,1.174511,2.685243,0.2763889,0.9616972,2.736025,0.1612382,0.8154587,2.755072,0.319901,0.8217012,2.55246,0.3741455,0.8193736,2.49018,0.5408611,0.946839,2.662202,0.4707757,0.8126557,2.446297,0.3012034,0.7798635,2.508742,0.2836082,0.7815566,2.53062,0.3623829,0.5212052,2.676387,0.3085368,0.1596349,2.698734,0.3187434,-0.2154021,2.761516,0.464913,0.5324174,2.660324,0.505294,0.2121407,2.641407,0.5114093,-0.1759981,2.698518,0.410205,0.9965609,2.709357
72057594038042242,0,0.5611879,106252.6,0.4185139,0.5278407,2.699739,0.4092996,1.174511,2.685243,0.2763889,0.9616972,2.736025,0.1612382,0.8154587,2.755072,0.319901,0.8217012,2.55246,0.3741455,0.8193736,2.49018,0.5408611,0.946839,2.662202,0.4707757,0.8126557,2.446297,0.3012034,0.7798635,2.508742,0.2836082,0.7815566,2.53062,0.3623829,0.5212052,2.676387,0.3085368,0.1596349,2.698734,0.3187434,-0.2154021,2.761516,0.464913,0.5324174,2.660324,0.505294,0.2121407,2.641407,0.5114093,-0.1759981,2.698518,0.410205,0.9965609,2.709357
72057594038042242,0,0.5611879,106252.6,0.4185139,0.5278407,2.699739,0.4092996,1.174511,2.685243,0.2763889,0.9616972,2.736025,0.1612382,0.8154587,2.755072,0.319901,0.8217012,2.55246,0.3741455,0.8193736,2.49018,0.5408611,0.946839,2.662202,0.4707757,0.8126557,2.446297,0.3012034,0.7798635,2.508742,0.2836082,0.7815566,2.53062,0.3623829,0.5212052,2.676387,0.3085368,0.1596349,2.698734,0.3187434,-0.2154021,2.761516,0.464913,0.5324174,2.660324,0.505294,0.2121407,2.641407,0.5114093,-0.1759981,2.698518,0.410205,0.9965609,2.709357
72057594038042242,0,0.5611879,106252.6,0.4185139,0.5278407,2.699739,0.4092996,1.174511,2.685243,0.2763889,0.9616972,2.736025,0.1612382,0.8154587,2.755072,0.319901,0.8217012,2.55246,0.3741455,0.8193736,2.49018,0.5408611,0.946839,2.662202,0.4707757,0.8126557,2.446297,0.3012034,0.7798635,2.508742,0.2836082,0.7815566,2.53062,0.3623829,0.5212052,2.676387,0.3085368,0.1596349,2.698734,0.3187434,-0.2154021,2.761516,0.464913,0.5324174,2.660324,0.505294,0.2121407,2.641407,0.5114093,-0.1759981,2.698518,0.410205,0.9965609,2.709357
72057594038042242,0,0.5611879,106252.6,0.4185139,0.5278407,2.699739,0.4092996,1.174511,2.685243,0.2763889,0.9616972,2.736025,0.1612382,0.8154587,2.755072,0.319901,0.8217012,2.55246,0.3741455,0.8193736,2.49018,0.5408611,0.946839,2.662202,0.4707757,0.8126557,2.446297,0.3012034,0.7798635,2.508742,0.2836082,0.7815566,2.53062,0.3623829,0.5212052,2.676387,0.3085368,0.1596349,2.698734,0.3187434,-0.2154021,2.761516,0.464913,0.5324174,2.660324,0.505294,0.2121407,2.641407,0.5114093,-0.1759981,2.698518,0.410205,0.9965609,2.709357
72057594038042242,0,0.5611879,106252.6,0.4185139,0.5278407,2.699739,0.4092996,1.174511,2.685243,0.2763889,0.9616972,2.736025,0.1612382,0.8154587,2.755072,0.319901,0.8217012,2.55246,0.3741455,0.8193736,2.49018,0.5408611,0.946839,2.662202,0.4707757,0.8126557,2.446297,0.3012034,0.7798635,2.508742,0.2836082,0.7815566,2.53062,0.3623829,0.5212052,2.676387,0.3085368,0.1596349,2.698734,0.3187434,-0.2154021,2.761516,0.464913,0.5324174,2.660324,0.505294,0.2121407,2.641407,0.5114093,-0.1759981,2.698518,0.410205,0.9965609,2.709357
72057594038042242,0,0.5611879,106252.6,0.4185139,0.5278407,2.699739,0.4092996,1.174511,2.685243,0.2763889,0.9616972,2.736025,0.1612382,0.8154587,2.755072,0.319901,0.8217012,2.55246,0.3741455,0.8193736,2.49018,0.5408611,0.946839,2.662202,0.4707757,0.8126557,2.446297,0.3012034,0.7798635,2.508742,0.2836082,0.7815566,2.53062,0.3623829,0.5212052,2.676387,0.3085368,0.1596349,2.698734,0.3187434,-0.2154021,2.761516,0.464913,0.5324174,2.660324,0.505294,0.2121407,2.641407,0.5114093,-0.1759981,2.698518,0.410205,0.9965609,2.709357
72057594038042242,0,0.5611879,106252.6,0.4185139,0.5278407,2.699739,0.4092996,1.174511,2.685243,0.2763889,0.9616972,2.736025,0.1612382,0.8154587,2.755072,0.319901,0.8217012,2.55246,0.3741455,0.8193736,2.49018,0.5408611,0.946839,2.662202,0.4707757,0.8126557,2.446297,0.3012034,0.7798635,2.508742,0.2836082,0.7815566,2.53062,0.3623829,0.5212052,2.676387,0.3085368,0.1596349,2.698734,0.3187434,-0.2154021,2.761516,0.464913,0.5324174,2.660324,0.505294,0.2121407,2.641407,0.5114093,-0.1759981,2.698518,0.410205,0.9965609,2.709357
72057594038042242,0,0.5611879,106252.6,0.4185139,0.5278407,2.699739,0.4092996,1.174511,2.685243,0.2763889,0.9616972,2.736025,0.1612382,0.8154587,2.755072,0.319901,0.8217012,2.55246,0.3741455,0.8193736,2.49018,0.5408611,0.946839,2.662202,0.4707757,0.8126557,2.446297,0.3012034,0.7798635,2.508742,0.2836082,0.7815566,2.53062,0.3623829,0.5212052,2.676387,0.3085368,0.1596349,2.698734,0.3187434,-0.2154021,2.761516,0.464913,0.5324174,2.660324,0.505294,0.2121407,2.641407,0.5114093,-0.1759981,2.698518,0.410205,0.9965609,2.709357
72057594038042242,0,0.5611879,106252.6,0.4185139,0.5278407,2.699739,0.4092996,1.174511,2.685243,0.2763889,0.9616972,2.736025,0.1612382,0.8154587,2.755072,0.319901,0.8217012,2.55246,0.3741455,0.8193736,2.49018,0.5408611,0.946839,2.662202,0.4707757,0.8126557,2.446297,0.3012034,0.7798635,2.508742,0.2836082,0.7815566,2.53062,0.3623829,0.5212052,2.676387,0.3085368,0.1596349,2.698734,0.3187434,-0.2154021,2.761516,0.464913,0.5324174,2.660324,0.505294,0.2121407,2.641407,0.5114093,-0.1759981,2.698518,0.410205,0.9965609,2.709357
72057594038042242,0,0.5610278,106252.6,0.4184978,0.5280772,2.699726,0.4094634,1.174762,2.686999,0.2757879,0.9615729,2.737358,0.1606901,0.8141906,2.751352,0.3224053,0.824405,2.551462,0.4681466,0.829809,2.437927,0.5408143,0.9472882,2.6625,0.4723334,0.8142309,2.448521,0.3014124,0.7876285,2.51023,0.2821315,0.7842408,2.533488,0.3624151,0.5214031,2.675928,0.3089254,0.1585874,2.698685,0.3182619,-0.2166445,2.761267,0.4648679,0.5328584,2.660885,0.5053623,0.2121282,2.641312,0.5118005,-0.1801956,2.698147,0.4106017,0.9968211,2.70951
72057594038042242,0,0.5610278,106252.6,0.4184978,0.5280772,2.699726,0.4094634,1.174762,2.686999,0.2757879,0.9615729,2.737358,0.1606901,0.8141906,2.751352,0.3224053,0.824405,2.551462,0.4681466,0.829809,2.437927,0.5408143,0.9472882,2.6625,0.4723334,0.8142309,2.448521,0.3014124,0.7876285,2.51023,0.2821315,0.7842408,2.533488,0.3624151,0.5214031,2.675928,0.3089254,0.1585874,2.698685,0.3182619,-0.2166445,2.761267,0.4648679,0.5328584,2.660885,0.5053623,0.2121282,2.641312,0.5118005,-0.1801956,2.698147,0.4106017,0.9968211,2.70951
72057594038042242,0,0.5610278,106252.6,0.4184978,0.5280772,2.699726,0.4094634,1.174762,2.686999,0.2757879,0.9615729,2.737358,0.1606901,0.8141906,2.751352,0.3224053,0.824405,2.551462,0.4681466,0.829809,2.437927,0.5408143,0.9472882,2.6625,0.4723334,0.8142309,2.448521,0.3014124,0.7876285,2.51023,0.2821315,0.7842408,2.533488,0.3624151,0.5214031,2.675928,0.3089254,0.1585874,2.698685,0.3182619,-0.2166445,2.761267,0.4648679,0.5328584,2.660885,0.5053623,0.2121282,2.641312,0.5118005,-0.1801956,2.698147,0.4106017,0.9968211,2.70951
72057594038042242,0,0.5610278,106252.6,0.4184978,0.5280772,2.699726,0.4094634,1.174762,2.686999,0.2757879,0.9615729,2.737358,0.1606901,0.8141906,2.751352,0.3224053,0.824405,2.551462,0.4681466,0.829809,2.437927,0.5408143,0.9472882,2.6625,0.4723334,0.8142309,2.448521,0.3014124,0.7876285,2.51023,0.2821315,0.7842408,2.533488,0.3624151,0.5214031,2.675928,0.3089254,0.1585874,2.698685,0.3182619,-0.2166445,2.761267,0.4648679,0.5328584,2.660885,0.5053623,0.2121282,2.641312,0.5118005,-0.1801956,2.698147,0.4106017,0.9968211,2.70951
72057594038042242,0,0.5610278,106252.6,0.4184978,0.5280772,2.699726,0.4094634,1.174762,2.686999,0.2757879,0.9615729,2.737358,0.1606901,0.8141906,2.751352,0.3224053,0.824405,2.551462,0.4681466,0.829809,2.437927,0.5408143,0.9472882,2.6625,0.4723334,0.8142309,2.448521,0.3014124,0.7876285,2.51023,0.2821315,0.7842408,2.533488,0.3624151,0.5214031,2.675928,0.3089254,0.1585874,2.698685,0.3182619,-0.2166445,2.761267,0.4648679,0.5328584,2.660885,0.5053623,0.2121282,2.641312,0.5118005,-0.1801956,2.698147,0.4106017,0.9968211,2.70951
72057594038042242,0,0.5610278,106252.6,0.4184978,0.5280772,2.699726,0.4094634,1.174762,2.686999,0.2757879,0.9615729,2.737358,0.1606901,0.8141906,2.751352,0.3224053,0.824405,2.551462,0.4681466,0.829809,2.437927,0.5408143,0.9472882,2.6625,0.4723334,0.8142309,2.448521,0.3014124,0.7876285,2.51023,0.2821315,0.7842408,2.533488,0.3624151,0.5214031,2.675928,0.3089254,0.1585874,2.698685,0.3182619,-0.2166445,2.761267,0.4648679,0.5328584,2.660885,0.5053623,0.2121282,2.641312,0.5118005,-0.1801956,2.698147,0.4106017,0.9968211,2.70951
72057594038042242,0,0.5610278,106252.6,0.4184978,0.5280772,2.699726,0.4094634,1.174762,2.686999,0.2757879,0.9615729,2.737358,0.1606901,0.8141906,2.751352,0.3224053,0.824405,2.551462,0.4681466,0.829809,2.437927,0.5408143,0.9472882,2.6625,0.4723334,0.8142309,2.448521,0.3014124,0.7876285,2.51023,0.2821315,0.7842408,2.533488,0.3624151,0.5214031,2.675928,0.3089254,0.1585874,2.698685,0.3182619,-0.2166445,2.761267,0.4648679,0.5328584,2.660885,0.5053623,0.2121282,2.641312,0.5118005,-0.1801956,2.698147,0.4106017,0.9968211,2.70951
72057594038042242,0,0.5610278,106252.7,0.4184978,0.5280772,2.699726,0.4094634,1.174762,2.686999,0.2757879,0.9615729,2.737358,0.1606901,0.8141906,2.751352,0.3224053,0.824405,2.551462,0.4681466,0.829809,2.437927,0.5408143,0.9472882,2.6625,0.4723334,0.8142309,2.448521,0.3014124,0.7876285,2.51023,0.2821315,0.7842408,2.533488,0.3624151,0.5214031,2.675928,0.3089254,0.1585874,2.698685,0.3182619,-0.2166445,2.761267,0.4648679,0.5328584,2.660885,0.5053623,0.2121282,2.641312,0.5118005,-0.1801956,2.698147,0.4106017,0.9968211,2.70951
72057594038042242,0,0.5610278,106252.7,0.4184978,0.5280772,2.699726,0.4094634,1.174762,2.686999,0.2757879,0.9615729,2.737358,0.1606901,0.8141906,2.751352,0.3224053,0.824405,2.551462,0.4681466,0.829809,2.437927,0.5408143,0.9472882,2.6625,0.4723334,0.8142309,2.448521,0.3014124,0.7876285,2.51023,0.2821315,0.7842408,2.533488,0.3624151,0.5214031,2.675928,0.3089254,0.1585874,2.698685,0.3182619,-0.2166445,2.761267,0.4648679,0.5328584,2.660885,0.5053623,0.2121282,2.641312,0.5118005,-0.1801956,2.698147,0.4106017,0.9968211,2.70951
72057594038042242,0,0.5610278,106252.7,0.4184978,0.5280772,2.699726,0.4094634,1.174762,2.686999,0.2757879,0.9615729,2.737358,0.1606901,0.8141906,2.751352,0.3224053,0.824405,2.551462,0.4681466,0.829809,2.437927,0.5408143,0.9472882,2.6625,0.4723334,0.8142309,2.448521,0.3014124,0.7876285,2.51023,0.2821315,0.7842408,2.533488,0.3624151,0.5214031,2.675928,0.3089254,0.1585874,2.698685,0.3182619,-0.2166445,2.761267,0.4648679,0.5328584,2.660885,0.5053623,0.2121282,2.641312,0.5118005,-0.1801956,2.698147,0.4106017,0.9968211,2.70951
72057594038042242,0,0.5611368,106252.7,0.4187581,0.5282332,2.699652,0.4094535,1.175036,2.688476,0.2751352,0.9619763,2.73799,0.1612072,0.8130243,2.748452,0.3246383,0.8235084,2.550039,0.3788606,0.8238665,2.48812,0.5408466,0.9474319,2.66248,0.4734575,0.814463,2.449742,0.300634,0.7951447,2.509082,0.2772327,0.7863289,2.523714,0.362738,0.5216928,2.675432,0.3089273,0.1597391,2.6976,0.3183189,-0.2167816,2.761194,0.465286,0.5328617,2.661163,0.5057685,0.2122421,2.640551,0.5113572,-0.1845303,2.697878,0.4108238,0.9969305,2.709481
72057594038042242,0,0.5611368,106252.7,0.4187581,0.5282332,2.699652,0.4094535,1.175036,2.688476,0.2751352,0.9619763,2.73799,0.1612072,0.8130243,2.748452,0.3246383,0.8235084,2.550039,0.3788606,0.8238665,2.48812,0.5408466,0.9474319,2.66248,0.4734575,0.814463,2.449742,0.300634,0.7951447,2.509082,0.2772327,0.7863289,2.523714,0.362738,0.5216928,2.675432,0.3089273,0.1597391,2.6976,0.3183189,-0.2167816,2.761194,0.465286,0.5328617,2.661163,0.5057685,0.2122421,2.640551,0.5113572,-0.1845303,2.697878,0.4108238,0.9969305,2.709481
72057594038042242,0,0.5611368,106252.7,0.4187581,0.5282332,2.699652,0.4094535,1.175036,2.688476,0.2751352,0.9619763,2.73799,0.1612072,0.8130243,2.748452,0.3246383,0.8235084,2.550039,0.3788606,0.8238665,2.48812,0.5408466,0.9474319,2.66248,0.4734575,0.814463,2.449742,0.300634,0.7951447,2.509082,0.2772327,0.7863289,2.523714,0.362738,0.5216928,2.675432,0.3089273,0.1597391,2.6976,0.3183189,-0.2167816,2.761194,0.465286,0.5328617,2.661163,0.5057685,0.2122421,2.640551,0.5113572,-0.1845303,2.697878,0.4108238,0.9969305,2.709481
72057594038042242,0,0.5611368,106252.7,0.4187581,0.5282332,2.699652,0.4094535,1.175036,2.688476,0.2751352,0.9619763,2.73799,0.1612072,0.8130243,2.748452,0.3246383,0.8235084,2.550039,0.3788606,0.8238665,2.48812,0.5408466,0.9474319,2.66248,0.4734575,0.814463,2.449742,0.300634,0.7951447,2.509082,0.2772327,0.7863289,2.523714,0.362738,0.5216928,2.675432,0.3089273,0.1597391,2.6976,0.3183189,-0.2167816,2.761194,0.465286,0.5328617,2.661163,0.5057685,0.2122421,2.640551,0.5113572,-0.1845303,2.697878,0.4108238,0.9969305,2.709481
72057594038042242,0,0.5611368,106252.7,0.4187581,0.5282332,2.699652,0.4094535,1.175036,2.688476,0.2751352,0.9619763,2.73799,0.1612072,0.8130243,2.748452,0.3246383,0.8235084,2.550039,0.3788606,0.8238665,2.48812,0.5408466,0.9474319,2.66248,0.4734575,0.814463,2.449742,0.300634,0.7951447,2.509082,0.2772327,0.7863289,2.523714,0.362738,0.5216928,2.675432,0.3089273,0.1597391,2.6976,0.3183189,-0.2167816,2.761194,0.465286,0.5328617,2.661163,0.5057685,0.2122421,2.640551,0.5113572,-0.1845303,2.697878,0.4108238,0.9969305,2.709481
72057594038042242,0,0.5611368,106252.7,0.4187581,0.5282332,2.699652,0.4094535,1.175036,2.688476,0.2751352,0.9619763,2.73799,0.1612072,0.8130243,2.748452,0.3246383,0.8235084,2.550039,0.3788606,0.8238665,2.48812,0.5408466,0.9474319,2.66248,0.4734575,0.814463,2.449742,0.300634,0.7951447,2.509082,0.2772327,0.7863289,2.523714,0.362738,0.5216928,2.675432,0.3089273,0.1597391,2.6976,0.3183189,-0.2167816,2.761194,0.465286,0.5328617,2.661163,0.5057685,0.2122421,2.640551,0.5113572,-0.1845303,2.697878,0.4108238,0.9969305,2.709481
72057594038042242,0,0.5611368,106252.7,0.4187581,0.5282332,2.699652,0.4094535,1.175036,2.688476,0.2751352,0.9619763,2.73799,0.1612072,0.8130243,2.748452,0.3246383,0.8235084,2.550039,0.3788606,0.8238665,2.48812,0.5408466,0.9474319,2.66248,0.4734575,0.814463,2.449742,0.300634,0.7951447,2.509082,0.2772327,0.7863289,2.523714,0.362738,0.5216928,2.675432,0.3089273,0.1597391,2.6976,0.3183189,-0.2167816,2.761194,0.465286,0.5328617,2.661163,0.5057685,0.2122421,2.640551,0.5113572,-0.1845303,2.697878,0.4108238,0.9969305,2.709481
72057594038042242,0,0.5611368,106252.7,0.4187581,0.5282332,2.699652,0.4094535,1.175036,2.688476,0.2751352,0.9619763,2.73799,0.1612072,0.8130243,2.748452,0.3246383,0.8235084,2.550039,0.3788606,0.8238665,2.48812,0.5408466,0.9474319,2.66248,0.4734575,0.814463,2.449742,0.300634,0.7951447,2.509082,0.2772327,0.7863289,2.523714,0.362738,0.5216928,2.675432,0.3089273,0.1597391,2.6976,0.3183189,-0.2167816,2.761194,0.465286,0.5328617,2.661163,0.5057685,0.2122421,2.640551,0.5113572,-0.1845303,2.697878,0.4108238,0.9969305,2.709481
72057594038042242,0,0.5611368,106252.7,0.4187581,0.5282332,2.699652,0.4094535,1.175036,2.688476,0.2751352,0.9619763,2.73799,0.1612072,0.8130243,2.748452,0.3246383,0.8235084,2.550039,0.3788606,0.8238665,2.48812,0.5408466,0.9474319,2.66248,0.4734575,0.814463,2.449742,0.300634,0.7951447,2.509082,0.2772327,0.7863289,2.523714,0.362738,0.5216928,2.675432,0.3089273,0.1597391,2.6976,0.3183189,-0.2167816,2.761194,0.465286,0.5328617,2.661163,0.5057685,0.2122421,2.640551,0.5113572,-0.1845303,2.697878,0.4108238,0.9969305,2.709481
72057594038042242,0,0.5611368,106252.7,0.4187581,0.5282332,2.699652,0.4094535,1.175036,2.688476,0.2751352,0.9619763,2.73799,0.1612072,0.8130243,2.748452,0.3246383,0.8235084,2.550039,0.3788606,0.8238665,2.48812,0.5408466,0.9474319,2.66248,0.4734575,0.814463,2.449742,0.300634,0.7951447,2.509082,0.2772327,0.7863289,2.523714,0.362738,0.5216928,2.675432,0.3089273,0.1597391,2.6976,0.3183189,-0.2167816,2.761194,0.465286,0.5328617,2.661163,0.5057685,0.2122421,2.640551,0.5113572,-0.1845303,2.697878,0.4108238,0.9969305,2.709481
72057594038042242,0,0.5611368,106252.7,0.4187581,0.5282332,2.699652,0.4094535,1.175036,2.688476,0.2751352,0.9619763,2.73799,0.1612072,0.8130243,2.748452,0.3246383,0.8235084,2.550039,0.3788606,0.8238665,2.48812,0.5408466,0.9474319,2.66248,0.4734575,0.814463,2.449742,0.300634,0.7951447,2.509082,0.2772327,0.7863289,2.523714,0.362738,0.5216928,2.675432,0.3089273,0.1597391,2.6976,0.3183189,-0.2167816,2.761194,0.465286,0.5328617,2.661163,0.5057685,0.2122421,2.640551,0.5113572,-0.1845303,2.697878,0.4108238,0.9969305,2.709481
72057594038042242,0,0.5610906,106252.7,0.4187538,0.528302,2.699647,0.4095894,1.175137,2.689231,0.2749241,0.9622874,2.738396,0.1630608,0.8108972,2.743114,0.3274097,0.8229605,2.545599,0.4499669,0.8317585,2.44271,0.5408823,0.9474397,2.662471,0.4737692,0.8151515,2.451019,0.2995853,0.7964851,2.507111,0.2736628,0.7885829,2.520677,0.3627399,0.5216986,2.675415,0.3090445,0.1601622,2.697493,0.3173751,-0.2182346,2.761707,0.4652786,0.5329532,2.66121,0.5057409,0.2123555,2.640495,0.5103846,-0.1658063,2.703613,0.4110671,0.9970215,2.709398
72057594038042242,0,0.5610906,106252.7,0.4187538,0.528302,2.699647,0.4095894,1.175137,2.689231,0.2749241,0.9622874,2.738396,0.1630608,0.8108972,2.743114,0.3274097,0.8229605,2.545599,0.4499669,0.8317585,2.44271,0.5408823,0.9474397,2.662471,0.4737692,0.8151515,2.451019,0.2995853,0.7964851,2.507111,0.2736628,0.7885829,2.520677,0.3627399,0.5216986,2.675415,0.3090445,0.1601622,2.697493,0.3173751,-0.2182346,2.761707,0.4652786,0.5329532,2.66121,0.5057409,0.2123555,2.640495,0.5103846,-0.1658063,2.703613,0.4110671,0.9970215,2.709398
72057594038042242,0,0.5610906,106252.7,0.4187538,0.528302,2.699647,0.4095894,1.175137,2.689231,0.2749241,0.9622874,2.738396,0.1630608,0.8108972,2.743114,0.3274097,0.8229605,2.545599,0.4499669,0.8317585,2.44271,0.5408823,0.9474397,2.662471,0.4737692,0.8151515,2.451019,0.2995853,0.7964851,2.507111,0.2736628,0.7885829,2.520677,0.3627399,0.5216986,2.675415,0.3090445,0.1601622,2.697493,0.3173751,-0.2182346,2.761707,0.4652786,0.5329532,2.66121,0.5057409,0.2123555,2.640495,0.5103846,-0.1658063,2.703613,0.4110671,0.9970215,2.709398
72057594038042242,0,0.5610906,106252.7,0.4187538,0.528302,2.699647,0.4095894,1.175137,2.689231,0.2749241,0.9622874,2.738396,0.1630608,0.8108972,2.743114,0.3274097,0.8229605,2.545599,0.4499669,0.8317585,2.44271,0.5408823,0.9474397,2.662471,0.4737692,0.8151515,2.451019,0.2995853,0.7964851,2.507111,0.2736628,0.7885829,2.520677,0.3627399,0.5216986,2.675415,0.3090445,0.1601622,2.697493,0.3173751,-0.2182346,2.761707,0.4652786,0.5329532,2.66121,0.5057409,0.2123555,2.640495,0.5103846,-0.1658063,2.703613,0.4110671,0.9970215,2.709398
72057594038042242,0,0.5610906,106252.7,0.4187538,0.528302,2.699647,0.4095894,1.175137,2.689231,0.2749241,0.9622874,2.738396,0.1630608,0.8108972,2.743114,0.3274097,0.8229605,2.545599,0.4499669,0.8317585,2.44271,0.5408823,0.9474397,2.662471,0.4737692,0.8151515,2.451019,0.2995853,0.7964851,2.507111,0.2736628,0.7885829,2.520677,0.3627399,0.5216986,2.675415,0.3090445,0.1601622,2.697493,0.3173751,-0.2182346,2.761707,0.4652786,0.5329532,2.66121,0.5057409,0.2123555,2.640495,0.5103846,-0.1658063,2.703613,0.4110671,0.9970215,2.709398
72057594038042242,0,0.5610906,106252.7,0.4187538,0.528302,2.699647,0.4095894,1.175137,2.689231,0.2749241,0.9622874,2.738396,0.1630608,0.8108972,2.743114,0.3274097,0.8229605,2.545599,0.4499669,0.8317585,2.44271,0.5408823,0.9474397,2.662471,0.4737692,0.8151515,2.451019,0.2995853,0.7964851,2.507111,0.2736628,0.7885829,2.520677,0.3627399,0.5216986,2.675415,0.3090445,0.1601622,2.697493,0.3173751,-0.2182346,2.761707,0.4652786,0.5329532,2.66121,0.5057409,0.2123555,2.640495,0.5103846,-0.1658063,2.703613,0.4110671,0.9970215,2.709398
72057594038042242,0,0.5610906,106252.7,0.4187538,0.528302,2.699647,0.4095894,1.175137,2.689231,0.2749241,0.9622874,2.738396,0.1630608,0.8108972,2.743114,0.3274097,0.8229605,2.545599,0.4499669,0.8317585,2.44271,0.5408823,0.9474397,2.662471,0.4737692,0.8151515,2.451019,0.2995853,0.7964851,2.507111,0.2736628,0.7885829,2.520677,0.3627399,0.5216986,2.675415,0.3090445,0.1601622,2.697493,0.3173751,-0.2182346,2.761707,0.4652786,0.5329532,2.66121,0.5057409,0.2123555,2.640495,0.5103846,-0.1658063,2.703613,0.4110671,0.9970215,2.709398
72057594038042242,0,0.5610906,106252.7,0.4187538,0.528302,2.699647,0.4095894,1.175137,2.689231,0.2749241,0.9622874,2.738396,0.1630608,0.8108972,2.743114,0.3274097,0.8229605,2.545599,0.4499669,0.8317585,2.44271,0.5408823,0.9474397,2.662471,0.4737692,0.8151515,2.451019,0.2995853,0.7964851,2.507111,0.2736628,0.7885829,2.520677,0.3627399,0.5216986,2.675415,0.3090445,0.1601622,2.697493,0.3173751,-0.2182346,2.761707,0.4652786,0.5329532,2.66121,0.5057409,0.2123555,2.640495,0.5103846,-0.1658063,2.703613,0.4110671,0.9970215,2.709398
72057594038042242,0,0.5610906,106252.7,0.4187538,0.528302,2.699647,0.4095894,1.175137,2.689231,0.2749241,0.9622874,2.738396,0.1630608,0.8108972,2.743114,0.3274097,0.8229605,2.545599,0.4499669,0.8317585,2.44271,0.5408823,0.9474397,2.662471,0.4737692,0.8151515,2.451019,0.2995853,0.7964851,2.507111,0.2736628,0.7885829,2.520677,0.3627399,0.5216986,2.675415,0.3090445,0.1601622,2.697493,0.3173751,-0.2182346,2.761707,0.4652786,0.5329532,2.66121,0.5057409,0.2123555,2.640495,0.5103846,-0.1658063,2.703613,0.4110671,0.9970215,2.709398
72057594038042242,0,0.5610859,106252.7,0.4187793,0.5283408,2.69965,0.4101138,1.174637,2.689527,0.2749203,0.9624863,2.738368,0.1636736,0.809427,2.726942,0.3332173,0.8231941,2.534191,0.4522013,0.82796,2.439453,0.5409803,0.9475011,2.662503,0.4739319,0.815441,2.451041,0.2993852,0.7968297,2.506205,0.2700638,0.7918082,2.515504,0.3627504,0.5218183,2.675192,0.309069,0.160098,2.697529,0.3171501,-0.2108328,2.759527,0.465419,0.5329143,2.661518,0.5055876,0.2122585,2.64055,0.5114732,-0.1814635,2.697684,0.4114918,0.9969167,2.709217
72057594038042242,0,0.5610859,106252.7,0.4187793,0.5283408,2.69965,0.4101138,1.174637,2.689527,0.2749203,0.9624863,2.738368,0.1636736,0.809427,2.726942,0.3332173,0.8231941,2.534191,0.4522013,0.82796,2.439453,0.5409803,0.9475011,2.662503,0.4739319,0.815441,2.451041,0.2993852,0.7968297,2.506205,0.2700638,0.7918082,2.515504,0.3627504,0.5218183,2.675192,0.309069,0.160098,2.697529,0.3171501,-0.2108328,2.759527,0.465419,0.5329143,2.661518,0.5055876,0.2122585,2.64055,0.5114732,-0.1814635,2.697684,0.4114918,0.9969167,2.709217
72057594038042242,0,0.5610859,106252.7,0.4187793,0.5283408,2.69965,0.4101138,1.174637,2.689527,0.2749203,0.9624863,2.738368,0.1636736,0.809427,2.726942,0.3332173,0.8231941,2.534191,0.4522013,0.82796,2.439453,0.5409803,0.9475011,2.662503,0.4739319,0.815441,2.451041,0.2993852,0.7968297,2.506205,0.2700638,0.7918082,2.515504,0.3627504,0.5218183,2.675192,0.309069,0.160098,2.697529,0.3171501,-0.2108328,2.759527,0.465419,0.5329143,2.661518,0.5055876,0.2122585,2.64055,0.5114732,-0.1814635,2.697684,0.4114918,0.9969167,2.709217
72057594038042242,0,0.5610859,106252.7,0.4187793,0.5283408,2.69965,0.4101138,1.174637,2.689527,0.2749203,0.9624863,2.738368,0.1636736,0.809427,2.726942,0.3332173,0.8231941,2.534191,0.4522013,0.82796,2.439453,0.5409803,0.9475011,2.662503,0.4739319,0.815441,2.451041,0.2993852,0.7968297,2.506205,0.2700638,0.7918082,2.515504,0.3627504,0.5218183,2.675192,0.309069,0.160098,2.697529,0.3171501,-0.2108328,2.759527,0.465419,0.5329143,2.661518,0.5055876,0.2122585,2.64055,0.5114732,-0.1814635,2.697684,0.4114918,0.9969167,2.709217
72057594038042242,0,0.5610859,106252.7,0.4187793,0.5283408,2.69965,0.4101138,1.174637,2.689527,0.2749203,0.9624863,2.738368,0.1636736,0.809427,2.726942,0.3332173,0.8231941,2.534191,0.4522013,0.82796,2.439453,0.5409803,0.9475011,2.662503,0.4739319,0.815441,2.451041,0.2993852,0.7968297,2.506205,0.2700638,0.7918082,2.515504,0.3627504,0.5218183,2.675192,0.309069,0.160098,2.697529,0.3171501,-0.2108328,2.759527,0.465419,0.5329143,2.661518,0.5055876,0.2122585,2.64055,0.5114732,-0.1814635,2.697684,0.4114918,0.9969167,2.709217
72057594038042242,0,0.5610859,106252.8,0.4187793,0.5283408,2.69965,0.4101138,1.174637,2.689527,0.2749203,0.9624863,2.738368,0.1636736,0.809427,2.726942,0.3332173,0.8231941,2.534191,0.4522013,0.82796,2.439453,0.5409803,0.9475011,2.662503,0.4739319,0.815441,2.451041,0.2993852,0.7968297,2.506205,0.2700638,0.7918082,2.515504,0.3627504,0.5218183,2.675192,0.309069,0.160098,2.697529,0.3171501,-0.2108328,2.759527,0.465419,0.5329143,2.661518,0.5055876,0.2122585,2.64055,0.5114732,-0.1814635,2.697684,0.4114918,0.9969167,2.709217
72057594038042242,0,0.5610859,106252.8,0.4187793,0.5283408,2.69965,0.4101138,1.174637,2.689527,0.2749203,0.9624863,2.738368,0.1636736,0.809427,2.726942,0.3332173,0.8231941,2.534191,0.4522013,0.82796,2.439453,0.5409803,0.9475011,2.662503,0.4739319,0.815441,2.451041,0.2993852,0.7968297,2.506205,0.2700638,0.7918082,2.515504,0.3627504,0.5218183,2.675192,0.309069,0.160098,2.697529,0.3171501,-0.2108328,2.759527,0.465419,0.5329143,2.661518,0.5055876,0.2122585,2.64055,0.5114732,-0.1814635,2.697684,0.4114918,0.9969167,2.709217
72057594038042242,0,0.5610859,106252.8,0.4187793,0.5283408,2.69965,0.4101138,1.174637,2.689527,0.2749203,0.9624863,2.738368,0.1636736,0.809427,2.726942,0.3332173,0.8231941,2.534191,0.4522013,0.82796,2.439453,0.5409803,0.9475011,2.662503,0.4739319,0.815441,2.451041,0.2993852,0.7968297,2.506205,0.2700638,0.7918082,2.515504,0.3627504,0.5218183,2.675192,0.309069,0.160098,2.697529,0.3171501,-0.2108328,2.759527,0.465419,0.5329143,2.661518,0.5055876,0.2122585,2.64055,0.5114732,-0.1814635,2.697684,0.4114918,0.9969167,2.709217
72057594038042242,0,0.5610859,106252.8,0.4187793,0.5283408,2.69965,0.4101138,1.174637,2.689527,0.2749203,0.9624863,2.738368,0.1636736,0.809427,2.726942,0.3332173,0.8231941,2.534191,0.4522013,0.82796,2.439453,0.5409803,0.9475011,2.662503,0.4739319,0.815441,2.451041,0.2993852,0.7968297,2.506205,0.2700638,0.7918082,2.515504,0.3627504,0.5218183,2.675192,0.309069,0.160098,2.697529,0.3171501,-0.2108328,2.759527,0.465419,0.5329143,2.661518,0.5055876,0.2122585,2.64055,0.5114732,-0.1814635,2.697684,0.4114918,0.9969167,2.709217
72057594038042242,0,0.5610859,106252.8,0.4187793,0.5283408,2.69965,0.4101138,1.174637,2.689527,0.2749203,0.9624863,2.738368,0.1636736,0.809427,2.726942,0.3332173,0.8231941,2.534191,0.4522013,0.82796,2.439453,0.5409803,0.9475011,2.662503,0.4739319,0.815441,2.451041,0.2993852,0.7968297,2.506205,0.2700638,0.7918082,2.515504,0.3627504,0.5218183,2.675192,0.309069,0.160098,2.697529,0.3171501,-0.2108328,2.759527,0.465419,0.5329143,2.661518,0.5055876,0.2122585,2.64055,0.5114732,-0.1814635,2.697684,0.4114918,0.9969167,2.709217
72057594038042242,0,0.5652038,106252.8,0.4181681,0.5210911,2.699385,0.4101897,1.174837,2.689772,0.2750194,0.9623251,2.738096,0.2996607,0.8217004,2.602427,0.4605539,0.818156,2.433582,0.4740827,0.816216,2.42145,0.5410386,0.9476099,2.662485,0.4688735,0.8202492,2.450413,0.2865934,0.8121357,2.482548,0.2667774,0.7975572,2.507863,0.3605959,0.511793,2.679431,0.309372,0.159477,2.697633,0.3172769,-0.2128917,2.759622,0.4660222,0.5255069,2.65732,0.5055259,0.2127526,2.640635,0.5106501,-0.1578493,2.704241,0.4118758,0.9965268,2.709119
72057594038042242,0,0.5652038,106252.8,0.4181681,0.5210911,2.699385,0.4101897,1.174837,2.689772,0.2750194,0.9623251,2.738096,0.2996607,0.8217004,2.602427,0.4605539,0.818156,2.433582,0.4740827,0.816216,2.42145,0.5410386,0.9476099,2.662485,0.4688735,0.8202492,2.450413,0.2865934,0.8121357,2.482548,0.2667774,0.7975572,2.507863,0.3605959,0.511793,2.679431,0.309372,0.159477,2.697633,0.3172769,-0.2128917,2.759622,0.4660222,0.5255069,2.65732,0.5055259,0.2127526,2.640635,0.5106501,-0.1578493,2.704241,0.4118758,0.9965268,2.709119
72057594038042242,0,0.5652038,106252.8,0.4181681,0.5210911,2.699385,0.4101897,1.174837,2.689772,0.2750194,0.9623251,2.738096,0.2996607,0.8217004,2.602427,0.4605539,0.818156,2.433582,0.4740827,0.816216,2.42145,0.5410386,0.9476099,2.662485,0.4688735,0.8202492,2.450413,0.2865934,0.8121357,2.482548,0.2667774,0.7975572,2.507863,0.3605959,0.511793,2.679431,0.309372,0.159477,2.697633,0.3172769,-0.2128917,2.759622,0.4660222,0.5255069,2.65732,0.5055259,0.2127526,2.640635,0.5106501,-0.1578493,2.704241,0.4118758,0.9965268,2.709119
72057594038042242,0,0.5652038,106252.8,0.4181681,0.5210911,2.699385,0.4101897,1.174837,2.689772,0.2750194,0.9623251,2.738096,0.2996607,0.8217004,2.602427,0.4605539,0.818156,2.433582,0.4740827,0.816216,2.42145,0.5410386,0.9476099,2.662485,0.4688735,0.8202492,2.450413,0.2865934,0.8121357,2.482548,0.2667774,0.7975572,2.507863,0.3605959,0.511793,2.679431,0.309372,0.159477,2.697633,0.3172769,-0.2128917,2.759622,0.4660222,0.5255069,2.65732,0.5055259,0.2127526,2.640635,0.5106501,-0.1578493,2.704241,0.4118758,0.9965268,2.709119
72057594038042242,0,0.5652038,106252.8,0.4181681,0.5210911,2.699385,0.4101897,1.174837,2.689772,0.2750194,0.9623251,2.738096,0.2996607,0.8217004,2.602427,0.4605539,0.818156,2.433582,0.4740827,0.816216,2.42145,0.5410386,0.9476099,2.662485,0.4688735,0.8202492,2.450413,0.2865934,0.8121357,2.482548,0.2667774,0.7975572,2.507863,0.3605959,0.511793,2.679431,0.309372,0.159477,2.697633,0.3172769,-0.2128917,2.759622,0.4660222,0.5255069,2.65732,0.5055259,0.2127526,2.640635,0.5106501,-0.1578493,2.704241,0.4118758,0.9965268,2.709119
72057594038042242,0,0.5652038,106252.8,0.4181681,0.5210911,2.699385,0.4101897,1.174837,2.689772,0.2750194,0.9623251,2.738096,0.2996607,0.8217004,2.602427,0.4605539,0.818156,2.433582,0.4740827,0.816216,2.42145,0.5410386,0.9476099,2.662485,0.4688735,0.8202492,2.450413,0.2865934,0.8121357,2.482548,0.2667774,0.7975572,2.507863,0.3605959,0.511793,2.679431,0.309372,0.159477,2.697633,0.3172769,-0.2128917,2.759622,0.4660222,0.5255069,2.65732,0.5055259,0.2127526,2.640635,0.5106501,-0.1578493,2.704241,0.4118758,0.9965268,2.709119
72057594038042242,0,0.5652038,106252.8,0.4181681,0.5210911,2.699385,0.4101897,1.174837,2.689772,0.2750194,0.9623251,2.738096,0.2996607,0.8217004,2.602427,0.4605539,0.818156,2.433582,0.4740827,0.816216,2.42145,0.5410386,0.9476099,2.662485,0.4688735,0.8202492,2.450413,0.2865934,0.8121357,2.482548,0.2667774,0.7975572,2.507863,0.3605959,0.511793,2.679431,0.309372,0.159477,2.697633,0.3172769,-0.2128917,2.759622,0.4660222,0.5255069,2.65732,0.5055259,0.2127526,2.640635,0.5106501,-0.1578493,2.704241,0.4118758,0.9965268,2.709119
72057594038042242,0,0.5652038,106252.8,0.4181681,0.5210911,2.699385,0.4101897,1.174837,2.689772,0.2750194,0.9623251,2.738096,0.2996607,0.8217004,2.602427,0.4605539,0.818156,2.433582,0.4740827,0.816216,2.42145,0.5410386,0.9476099,2.662485,0.4688735,0.8202492,2.450413,0.2865934,0.8121357,2.482548,0.2667774,0.7975572,2.507863,0.3605959,0.511793,2.679431,0.309372,0.159477,2.697633,0.3172769,-0.2128917,2.759622,0.4660222,0.5255069,2.65732,0.5055259,0.2127526,2.640635,0.5106501,-0.1578493,2.704241,0.4118758,0.9965268,2.709119
72057594038042242,0,0.5652038,106252.8,0.4181681,0.5210911,2.699385,0.4101897,1.174837,2.689772,0.2750194,0.9623251,2.738096,0.2996607,0.8217004,2.602427,0.4605539,0.818156,2.433582,0.4740827,0.816216,2.42145,0.5410386,0.9476099,2.662485,0.4688735,0.8202492,2.450413,0.2865934,0.8121357,2.482548,0.2667774,0.7975572,2.507863,0.3605959,0.511793,2.679431,0.309372,0.159477,2.697633,0.3172769,-0.2128917,2.759622,0.4660222,0.5255069,2.65732,0.5055259,0.2127526,2.640635,0.5106501,-0.1578493,2.704241,0.4118758,0.9965268,2.709119
72057594038042242,0,0.5652038,106252.8,0.4181681,0.5210911,2.699385,0.4101897,1.174837,2.689772,0.2750194,0.9623251,2.738096,0.2996607,0.8217004,2.602427,0.4605539,0.818156,2.433582,0.4740827,0.816216,2.42145,0.5410386,0.9476099,2.662485,0.4688735,0.8202492,2.450413,0.2865934,0.8121357,2.482548,0.2667774,0.7975572,2.507863,0.3605959,0.511793,2.679431,0.309372,0.159477,2.697633,0.3172769,-0.2128917,2.759622,0.4660222,0.5255069,2.65732,0.5055259,0.2127526,2.640635,0.5106501,-0.1578493,2.704241,0.4118758,0.9965268,2.709119
72057594038042242,0,0.5670083,106252.8,0.4177676,0.5177335,2.699807,0.410776,1.174692,2.690587,0.2749577,0.963315,2.73866,0.1650546,0.809745,2.712238,0.3024469,0.7953203,2.494358,0.3228665,0.8108178,2.456588,0.5411464,0.9477164,2.662408,0.4709952,0.8198898,2.442589,0.2546568,0.7960624,2.486427,0.2313552,0.7956697,2.489261,0.3598674,0.5086306,2.68131,0.3096259,0.1592466,2.698156,0.3172774,-0.2143715,2.760403,0.4660271,0.5223024,2.656309,0.5054312,0.2133617,2.640954,0.512548,-0.1753944,2.697576,0.4118827,0.9961012,2.711375
72057594038042242,0,0.5670083,106252.8,0.4177676,0.5177335,2.699807,0.410776,1.174692,2.690587,0.2749577,0.963315,2.73866,0.1650546,0.809745,2.712238,0.3024469,0.7953203,2.494358,0.3228665,0.8108178,2.456588,0.5411464,0.9477164,2.662408,0.4709952,0.8198898,2.442589,0.2546568,0.7960624,2.486427,0.2313552,0.7956697,2.489261,0.3598674,0.5086306,2.68131,0.3096259,0.1592466,2.698156,0.3172774,-0.2143715,2.760403,0.4660271,0.5223024,2.656309,0.5054312,0.2133617,2.640954,0.512548,-0.1753944,2.697576,0.4118827,0.9961012,2.711375
72057594038042242,0,0.5670083,106252.8,0.4177676,0.5177335,2.699807,0.410776,1.174692,2.690587,0.2749577,0.963315,2.73866,0.1650546,0.809745,2.712238,0.3024469,0.7953203,2.494358,0.3228665,0.8108178,2.456588,0.5411464,0.9477164,2.662408,0.4709952,0.8198898,2.442589,0.2546568,0.7960624,2.486427,0.2313552,0.7956697,2.489261,0.3598674,0.5086306,2.68131,0.3096259,0.1592466,2.698156,0.3172774,-0.2143715,2.760403,0.4660271,0.5223024,2.656309,0.5054312,0.2133617,2.640954,0.512548,-0.1753944,2.697576,0.4118827,0.9961012,2.711375
72057594038042242,0,0.5670083,106252.8,0.4177676,0.5177335,2.699807,0.410776,1.174692,2.690587,0.2749577,0.963315,2.73866,0.1650546,0.809745,2.712238,0.3024469,0.7953203,2.494358,0.3228665,0.8108178,2.456588,0.5411464,0.9477164,2.662408,0.4709952,0.8198898,2.442589,0.2546568,0.7960624,2.486427,0.2313552,0.7956697,2.489261,0.3598674,0.5086306,2.68131,0.3096259,0.1592466,2.698156,0.3172774,-0.2143715,2.760403,0.4660271,0.5223024,2.656309,0.5054312,0.2133617,2.640954,0.512548,-0.1753944,2.697576,0.4118827,0.9961012,2.711375
72057594038042242,0,0.5670083,106252.8,0.4177676,0.5177335,2.699807,0.410776,1.174692,2.690587,0.2749577,0.963315,2.73866,0.1650546,0.809745,2.712238,0.3024469,0.7953203,2.494358,0.3228665,0.8108178,2.456588,0.5411464,0.9477164,2.662408,0.4709952,0.8198898,2.442589,0.2546568,0.7960624,2.486427,0.2313552,0.7956697,2.489261,0.3598674,0.5086306,2.68131,0.3096259,0.1592466,2.698156,0.3172774,-0.2143715,2.760403,0.4660271,0.5223024,2.656309,0.5054312,0.2133617,2.640954,0.512548,-0.1753944,2.697576,0.4118827,0.9961012,2.711375
72057594038042242,0,0.5670083,106252.8,0.4177676,0.5177335,2.699807,0.410776,1.174692,2.690587,0.2749577,0.963315,2.73866,0.1650546,0.809745,2.712238,0.3024469,0.7953203,2.494358,0.3228665,0.8108178,2.456588,0.5411464,0.9477164,2.662408,0.4709952,0.8198898,2.442589,0.2546568,0.7960624,2.486427,0.2313552,0.7956697,2.489261,0.3598674,0.5086306,2.68131,0.3096259,0.1592466,2.698156,0.3172774,-0.2143715,2.760403,0.4660271,0.5223024,2.656309,0.5054312,0.2133617,2.640954,0.512548,-0.1753944,2.697576,0.4118827,0.9961012,2.711375
72057594038042242,0,0.5670083,106252.8,0.4177676,0.5177335,2.699807,0.410776,1.174692,2.690587,0.2749577,0.963315,2.73866,0.1650546,0.809745,2.712238,0.3024469,0.7953203,2.494358,0.3228665,0.8108178,2.456588,0.5411464,0.9477164,2.662408,0.4709952,0.8198898,2.442589,0.2546568,0.7960624,2.486427,0.2313552,0.7956697,2.489261,0.3598674,0.5086306,2.68131,0.3096259,0.1592466,2.698156,0.3172774,-0.2143715,2.760403,0.4660271,0.5223024,2.656309,0.5054312,0.2133617,2.640954,0.512548,-0.1753944,2.697576,0.4118827,0.9961012,2.711375
72057594038042242,0,0.5670083,106252.8,0.4177676,0.5177335,2.699807,0.410776,1.174692,2.690587,0.2749577,0.963315,2.73866,0.1650546,0.809745,2.712238,0.3024469,0.7953203,2.494358,0.3228665,0.8108178,2.456588,0.5411464,0.9477164,2.662408,0.4709952,0.8198898,2.442589,0.2546568,0.7960624,2.486427,0.2313552,0.7956697,2.489261,0.3598674,0.5086306,2.68131,0.3096259,0.1592466,2.698156,0.3172774,-0.2143715,2.760403,0.4660271,0.5223024,2.656309,0.5054312,0.2133617,2.640954,0.512548,-0.1753944,2.697576,0.4118827,0.9961012,2.711375
72057594038042242,0,0.5670083,106252.8,0.4177676,0.5177335,2.699807,0.410776,1.174692,2.690587,0.2749577,0.963315,2.73866,0.1650546,0.809745,2.712238,0.3024469,0.7953203,2.494358,0.3228665,0.8108178,2.456588,0.5411464,0.9477164,2.662408,0.4709952,0.8198898,2.442589,0.2546568,0.7960624,2.486427,0.2313552,0.7956697,2.489261,0.3598674,0.5086306,2.68131,0.3096259,0.1592466,2.698156,0.3172774,-0.2143715,2.760403,0.4660271,0.5223024,2.656309,0.5054312,0.2133617,2.640954,0.512548,-0.1753944,2.697576,0.4118827,0.9961012,2.711375
72057594038042242,0,0.5670083,106252.8,0.4177676,0.5177335,2.699807,0.410776,1.174692,2.690587,0.2749577,0.963315,2.73866,0.1650546,0.809745,2.712238,0.3024469,0.7953203,2.494358,0.3228665,0.8108178,2.456588,0.5411464,0.9477164,2.662408,0.4709952,0.8198898,2.442589,0.2546568,0.7960624,2.486427,0.2313552,0.7956697,2.489261,0.3598674,0.5086306,2.68131,0.3096259,0.1592466,2.698156,0.3172774,-0.2143715,2.760403,0.4660271,0.5223024,2.656309,0.5054312,0.2133617,2.640954,0.512548,-0.1753944,2.697576,0.4118827,0.9961012,2.711375
72057594038042242,0,0.5694166,106252.8,0.4178409,0.5140393,2.700052,0.4116665,1.173772,2.691078,0.2751597,0.9639446,2.739053,0.1626238,0.8140239,2.701036,0.1393779,0.7133963,2.537393,0.2763389,0.7938172,2.440523,0.54121,0.9477342,2.662399,0.4769125,0.8111933,2.450126,0.2523641,0.7920246,2.458505,0.2114539,0.7906685,2.487228,0.3596203,0.5068215,2.681525,0.3096279,0.1593031,2.698267,0.3176472,-0.2188591,2.760277,0.4667326,0.5170612,2.656427,0.5058006,0.2100931,2.641555,0.5130107,-0.1791248,2.698019,0.4116476,0.99552,2.712378
72057594038042242,0,0.5694166,106252.8,0.4178409,0.5140393,2.700052,0.4116665,1.173772,2.691078,0.2751597,0.9639446,2.739053,0.1626238,0.8140239,2.701036,0.1393779,0.7133963,2.537393,0.2763389,0.7938172,2.440523,0.54121,0.9477342,2.662399,0.4769125,0.8111933,2.450126,0.2523641,0.7920246,2.458505,0.2114539,0.7906685,2.487228,0.3596203,0.5068215,2.681525,0.3096279,0.1593031,2.698267,0.3176472,-0.2188591,2.760277,0.4667326,0.5170612,2.656427,0.5058006,0.2100931,2.641555,0.5130107,-0.1791248,2.698019,0.4116476,0.99552,2.712378
72057594038042242,0,0.5694166,106252.8,0.4178409,0.5140393,2.700052,0.4116665,1.173772,2.691078,0.2751597,0.9639446,2.739053,0.1626238,0.8140239,2.701036,0.1393779,0.7133963,2.537393,0.2763389,0.7938172,2.440523,0.54121,0.9477342,2.662399,0.4769125,0.8111933,2.450126,0.2523641,0.7920246,2.458505,0.2114539,0.7906685,2.487228,0.3596203,0.5068215,2.681525,0.3096279,0.1593031,2.698267,0.3176472,-0.2188591,2.760277,0.4667326,0.5170612,2.656427,0.5058006,0.2100931,2.641555,0.5130107,-0.1791248,2.698019,0.4116476,0.99552,2.712378
72057594038042242,0,0.5694166,106252.9,0.4178409,0.5140393,2.700052,0.4116665,1.173772,2.691078,0.2751597,0.9639446,2.739053,0.1626238,0.8140239,2.701036,0.1393779,0.7133963,2.537393,0.2763389,0.7938172,2.440523,0.54121,0.9477342,2.662399,0.4769125,0.8111933,2.450126,0.2523641,0.7920246,2.458505,0.2114539,0.7906685,2.487228,0.3596203,0.5068215,2.681525,0.3096279,0.1593031,2.698267,0.3176472,-0.2188591,2.760277,0.4667326,0.5170612,2.656427,0.5058006,0.2100931,2.641555,0.5130107,-0.1791248,2.698019,0.4116476,0.99552,2.712378
72057594038042242,0,0.5694166,106252.9,0.4178409,0.5140393,2.700052,0.4116665,1.173772,2.691078,0.2751597,0.9639446,2.739053,0.1626238,0.8140239,2.701036,0.1393779,0.7133963,2.537393,0.2763389,0.7938172,2.440523,0.54121,0.9477342,2.662399,0.4769125,0.8111933,2.450126,0.2523641,0.7920246,2.458505,0.2114539,0.7906685,2.487228,0.3596203,0.5068215,2.681525,0.3096279,0.1593031,2.698267,0.3176472,-0.2188591,2.760277,0.4667326,0.5170612,2.656427,0.5058006,0.2100931,2.641555,0.5130107,-0.1791248,2.698019,0.4116476,0.99552,2.712378
72057594038042242,0,0.5694166,106252.9,0.4178409,0.5140393,2.700052,0.4116665,1.173772,2.691078,0.2751597,0.9639446,2.739053,0.1626238,0.8140239,2.701036,0.1393779,0.7133963,2.537393,0.2763389,0.7938172,2.440523,0.54121,0.9477342,2.662399,0.4769125,0.8111933,2.450126,0.2523641,0.7920246,2.458505,0.2114539,0.7906685,2.487228,0.3596203,0.5068215,2.681525,0.3096279,0.1593031,2.698267,0.3176472,-0.2188591,2.760277,0.4667326,0.5170612,2.656427,0.5058006,0.2100931,2.641555,0.5130107,-0.1791248,2.698019,0.4116476,0.99552,2.712378
72057594038042242,0,0.5694166,106252.9,0.4178409,0.5140393,2.700052,0.4116665,1.173772,2.691078,0.2751597,0.9639446,2.739053,0.1626238,0.8140239,2.701036,0.1393779,0.7133963,2.537393,0.2763389,0.7938172,2.440523,0.54121,0.9477342,2.662399,0.4769125,0.8111933,2.450126,0.2523641,0.7920246,2.458505,0.2114539,0.7906685,2.487228,0.3596203,0.5068215,2.681525,0.3096279,0.1593031,2.698267,0.3176472,-0.2188591,2.760277,0.4667326,0.5170612,2.656427,0.5058006,0.2100931,2.641555,0.5130107,-0.1791248,2.698019,0.4116476,0.99552,2.712378
72057594038042242,0,0.5711929,106252.9,0.4179132,0.5113144,2.700609,0.4119999,1.173977,2.691037,0.2755267,0.9647705,2.739771,0.145432,0.8292009,2.744568,0.1471163,0.7546792,2.545142,0.2382466,0.7817748,2.424585,0.5416051,0.9476654,2.662462,0.4927579,0.7995641,2.464529,0.258685,0.7874023,2.459508,0.207065,0.7843562,2.441101,0.3593377,0.5052034,2.68202,0.3099648,0.1599468,2.698811,0.3174613,-0.2197647,2.760506,0.4673135,0.5135792,2.656938,0.5064245,0.2066839,2.642348,0.5133361,-0.1823789,2.696783,0.4117347,0.9962157,2.714177
72057594038042242,0,0.5711929,106252.9,0.4179132,0.5113144,2.700609,0.4119999,1.173977,2.691037,0.2755267,0.9647705,2.739771,0.145432,0.8292009,2.744568,0.1471163,0.7546792,2.545142,0.2382466,0.7817748,2.424585,0.5416051,0.9476654,2.662462,0.4927579,0.7995641,2.464529,0.258685,0.7874023,2.459508,0.207065,0.7843562,2.441101,0.3593377,0.5052034,2.68202,0.3099648,0.1599468,2.698811,0.3174613,-0.2197647,2.760506,0.4673135,0.5135792,2.656938,0.5064245,0.2066839,2.642348,0.5133361,-0.1823789,2.696783,0.4117347,0.9962157,2.714177
72057594038042242,0,0.5711929,106252.9,0.4179132,0.5113144,2.700609,0.4119999,1.173977,2.691037,0.2755267,0.9647705,2.739771,0.145432,0.8292009,2.744568,0.1471163,0.7546792,2.545142,0.2382466,0.7817748,2.424585,0.5416051,0.9476654,2.662462,0.4927579,0.7995641,2.464529,0.258685,0.7874023,2.459508,0.207065,0.7843562,2.441101,0.3593377,0.5052034,2.68202,0.3099648,0.1599468,2.698811,0.3174613,-0.2197647,2.760506,0.4673135,0.5135792,2.656938,0.5064245,0.2066839,2.642348,0.5133361,-0.1823789,2.696783,0.4117347,0.9962157,2.714177
72057594038042242,0,0.5711929,106252.9,0.4179132,0.5113144,2.700609,0.4119999,1.173977,2.691037,0.2755267,0.9647705,2.739771,0.145432,0.8292009,2.744568,0.1471163,0.7546792,2.545142,0.2382466,0.7817748,2.424585,0.5416051,0.9476654,2.662462,0.4927579,0.7995641,2.464529,0.258685,0.7874023,2.459508,0.207065,0.7843562,2.441101,0.3593377,0.5052034,2.68202,0.3099648,0.1599468,2.698811,0.3174613,-0.2197647,2.760506,0.4673135,0.5135792,2.656938,0.5064245,0.2066839,2.642348,0.5133361,-0.1823789,2.696783,0.4117347,0.9962157,2.714177
72057594038042242,0,0.5711929,106252.9,0.4179132,0.5113144,2.700609,0.4119999,1.173977,2.691037,0.2755267,0.9647705,2.739771,0.145432,0.8292009,2.744568,0.1471163,0.7546792,2.545142,0.2382466,0.7817748,2.424585,0.5416051,0.9476654,2.662462,0.4927579,0.7995641,2.464529,0.258685,0.7874023,2.459508,0.207065,0.7843562,2.441101,0.3593377,0.5052034,2.68202,0.3099648,0.1599468,2.698811,0.3174613,-0.2197647,2.760506,0.4673135,0.5135792,2.656938,0.5064245,0.2066839,2.642348,0.5133361,-0.1823789,2.696783,0.4117347,0.9962157,2.714177
72057594038042242,0,0.5711929,106252.9,0.4179132,0.5113144,2.700609,0.4119999,1.173977,2.691037,0.2755267,0.9647705,2.739771,0.145432,0.8292009,2.744568,0.1471163,0.7546792,2.545142,0.2382466,0.7817748,2.424585,0.5416051,0.9476654,2.662462,0.4927579,0.7995641,2.464529,0.258685,0.7874023,2.459508,0.207065,0.7843562,2.441101,0.3593377,0.5052034,2.68202,0.3099648,0.1599468,2.698811,0.3174613,-0.2197647,2.760506,0.4673135,0.5135792,2.656938,0.5064245,0.2066839,2.642348,0.5133361,-0.1823789,2.696783,0.4117347,0.9962157,2.714177
72057594038042242,0,0.5711929,106252.9,0.4179132,0.5113144,2.700609,0.4119999,1.173977,2.691037,0.2755267,0.9647705,2.739771,0.145432,0.8292009,2.744568,0.1471163,0.7546792,2.545142,0.2382466,0.7817748,2.424585,0.5416051,0.9476654,2.662462,0.4927579,0.7995641,2.464529,0.258685,0.7874023,2.459508,0.207065,0.7843562,2.441101,0.3593377,0.5052034,2.68202,0.3099648,0.1599468,2.698811,0.3174613,-0.2197647,2.760506,0.4673135,0.5135792,2.656938,0.5064245,0.2066839,2.642348,0.5133361,-0.1823789,2.696783,0.4117347,0.9962157,2.714177
72057594038042242,0,0.5711929,106252.9,0.4179132,0.5113144,2.700609,0.4119999,1.173977,2.691037,0.2755267,0.9647705,2.739771,0.145432,0.8292009,2.744568,0.1471163,0.7546792,2.545142,0.2382466,0.7817748,2.424585,0.5416051,0.9476654,2.662462,0.4927579,0.7995641,2.464529,0.258685,0.7874023,2.459508,0.207065,0.7843562,2.441101,0.3593377,0.5052034,2.68202,0.3099648,0.1599468,2.698811,0.3174613,-0.2197647,2.760506,0.4673135,0.5135792,2.656938,0.5064245,0.2066839,2.642348,0.5133361,-0.1823789,2.696783,0.4117347,0.9962157,2.714177
72057594038042242,0,0.5711929,106252.9,0.4179132,0.5113144,2.700609,0.4119999,1.173977,2.691037,0.2755267,0.9647705,2.739771,0.145432,0.8292009,2.744568,0.1471163,0.7546792,2.545142,0.2382466,0.7817748,2.424585,0.5416051,0.9476654,2.662462,0.4927579,0.7995641,2.464529,0.258685,0.7874023,2.459508,0.207065,0.7843562,2.441101,0.3593377,0.5052034,2.68202,0.3099648,0.1599468,2.698811,0.3174613,-0.2197647,2.760506,0.4673135,0.5135792,2.656938,0.5064245,0.2066839,2.642348,0.5133361,-0.1823789,2.696783,0.4117347,0.9962157,2.714177
72057594038042242,0,0.5711929,106252.9,0.4179132,0.5113144,2.700609,0.4119999,1.173977,2.691037,0.2755267,0.9647705,2.739771,0.145432,0.8292009,2.744568,0.1471163,0.7546792,2.545142,0.2382466,0.7817748,2.424585,0.5416051,0.9476654,2.662462,0.4927579,0.7995641,2.464529,0.258685,0.7874023,2.459508,0.207065,0.7843562,2.441101,0.3593377,0.5052034,2.68202,0.3099648,0.1599468,2.698811,0.3174613,-0.2197647,2.760506,0.4673135,0.5135792,2.656938,0.5064245,0.2066839,2.642348,0.5133361,-0.1823789,2.696783,0.4117347,0.9962157,2.714177
72057594038042242,0,0.5711929,106252.9,0.4179132,0.5113144,2.700609,0.4119999,1.173977,2.691037,0.2755267,0.9647705,2.739771,0.145432,0.8292009,2.744568,0.1471163,0.7546792,2.545142,0.2382466,0.7817748,2.424585,0.5416051,0.9476654,2.662462,0.4927579,0.7995641,2.464529,0.258685,0.7874023,2.459508,0.207065,0.7843562,2.441101,0.3593377,0.5052034,2.68202,0.3099648,0.1599468,2.698811,0.3174613,-0.2197647,2.760506,0.4673135,0.5135792,2.656938,0.5064245,0.2066839,2.642348,0.5133361,-0.1823789,2.696783,0.4117347,0.9962157,2.714177
72057594038042242,0,0.5725148,106252.9,0.4177763,0.5090865,2.700854,0.4137735,1.172887,2.69076,0.2757066,0.9641301,2.739432,0.1439135,0.8305897,2.746484,0.1015058,0.7351431,2.547117,0.1251521,0.744428,2.467904,0.5416529,0.9476669,2.662452,0.4932251,0.800279,2.466082,0.2593624,0.7876359,2.459959,0.1630063,0.7687154,2.43662,0.3586618,0.5027832,2.682643,0.3102382,0.1602364,2.699499,0.3176421,-0.2191054,2.760448,0.467612,0.5117985,2.656843,0.5069285,0.2049979,2.642832,0.5136689,-0.1799577,2.698299,0.4121844,0.9960823,2.71532
72057594038042242,0,0.5725148,106252.9,0.4177763,0.5090865,2.700854,0.4137735,1.172887,2.69076,0.2757066,0.9641301,2.739432,0.1439135,0.8305897,2.746484,0.1015058,0.7351431,2.547117,0.1251521,0.744428,2.467904,0.5416529,0.9476669,2.662452,0.4932251,0.800279,2.466082,0.2593624,0.7876359,2.459959,0.1630063,0.7687154,2.43662,0.3586618,0.5027832,2.682643,0.3102382,0.1602364,2.699499,0.3176421,-0.2191054,2.760448,0.467612,0.5117985,2.656843,0.5069285,0.2049979,2.642832,0.5136689,-0.1799577,2.698299,0.4121844,0.9960823,2.71532
72057594038042242,0,0.5725148,106252.9,0.4177763,0.5090865,2.700854,0.4137735,1.172887,2.69076,0.2757066,0.9641301,2.739432,0.1439135,0.8305897,2.746484,0.1015058,0.7351431,2.547117,0.1251521,0.744428,2.467904,0.5416529,0.9476669,2.662452,0.4932251,0.800279,2.466082,0.2593624,0.7876359,2.459959,0.1630063,0.7687154,2.43662,0.3586618,0.5027832,2.682643,0.3102382,0.1602364,2.699499,0.3176421,-0.2191054,2.760448,0.467612,0.5117985,2.656843,0.5069285,0.2049979,2.642832,0.5136689,-0.1799577,2.698299,0.4121844,0.9960823,2.71532
72057594038042242,0,0.5725148,106252.9,0.4177763,0.5090865,2.700854,0.4137735,1.172887,2.69076,0.2757066,0.9641301,2.739432,0.1439135,0.8305897,2.746484,0.1015058,0.7351431,2.547117,0.1251521,0.744428,2.467904,0.5416529,0.9476669,2.662452,0.4932251,0.800279,2.466082,0.2593624,0.7876359,2.459959,0.1630063,0.7687154,2.43662,0.3586618,0.5027832,2.682643,0.3102382,0.1602364,2.699499,0.3176421,-0.2191054,2.760448,0.467612,0.5117985,2.656843,0.5069285,0.2049979,2.642832,0.5136689,-0.1799577,2.698299,0.4121844,0.9960823,2.71532
72057594038042242,0,0.5725148,106252.9,0.4177763,0.5090865,2.700854,0.4137735,1.172887,2.69076,0.2757066,0.9641301,2.739432,0.1439135,0.8305897,2.746484,0.1015058,0.7351431,2.547117,0.1251521,0.744428,2.467904,0.5416529,0.9476669,2.662452,0.4932251,0.800279,2.466082,0.2593624,0.7876359,2.459959,0.1630063,0.7687154,2.43662,0.3586618,0.5027832,2.682643,0.3102382,0.1602364,2.699499,0.3176421,-0.2191054,2.760448,0.467612,0.5117985,2.656843,0.5069285,0.2049979,2.642832,0.5136689,-0.1799577,2.698299,0.4121844,0.9960823,2.71532
72057594038042242,0,0.5725148,106252.9,0.4177763,0.5090865,2.700854,0.4137735,1.172887,2.69076,0.2757066,0.9641301,2.739432,0.1439135,0.8305897,2.746484,0.1015058,0.7351431,2.547117,0.1251521,0.744428,2.467904,0.5416529,0.9476669,2.662452,0.4932251,0.800279,2.466082,0.2593624,0.7876359,2.459959,0.1630063,0.7687154,2.43662,0.3586618,0.5027832,2.682643,0.3102382,0.1602364,2.699499,0.3176421,-0.2191054,2.760448,0.467612,0.5117985,2.656843,0.5069285,0.2049979,2.642832,0.5136689,-0.1799577,2.698299,0.4121844,0.9960823,2.71532
72057594038042242,0,0.5725148,106252.9,0.4177763,0.5090865,2.700854,0.4137735,1.172887,2.69076,0.2757066,0.9641301,2.739432,0.1439135,0.8305897,2.746484,0.1015058,0.7351431,2.547117,0.1251521,0.744428,2.467904,0.5416529,0.9476669,2.662452,0.4932251,0.800279,2.466082,0.2593624,0.7876359,2.459959,0.1630063,0.7687154,2.43662,0.3586618,0.5027832,2.682643,0.3102382,0.1602364,2.699499,0.3176421,-0.2191054,2.760448,0.467612,0.5117985,2.656843,0.5069285,0.2049979,2.642832,0.5136689,-0.1799577,2.698299,0.4121844,0.9960823,2.71532
72057594038042242,0,0.5725148,106252.9,0.4177763,0.5090865,2.700854,0.4137735,1.172887,2.69076,0.2757066,0.9641301,2.739432,0.1439135,0.8305897,2.746484,0.1015058,0.7351431,2.547117,0.1251521,0.744428,2.467904,0.5416529,0.9476669,2.662452,0.4932251,0.800279,2.466082,0.2593624,0.7876359,2.459959,0.1630063,0.7687154,2.43662,0.3586618,0.5027832,2.682643,0.3102382,0.1602364,2.699499,0.3176421,-0.2191054,2.760448,0.467612,0.5117985,2.656843,0.5069285,0.2049979,2.642832,0.5136689,-0.1799577,2.698299,0.4121844,0.9960823,2.71532
72057594038042242,0,0.5725148,106252.9,0.4177763,0.5090865,2.700854,0.4137735,1.172887,2.69076,0.2757066,0.9641301,2.739432,0.1439135,0.8305897,2.746484,0.1015058,0.7351431,2.547117,0.1251521,0.744428,2.467904,0.5416529,0.9476669,2.662452,0.4932251,0.800279,2.466082,0.2593624,0.7876359,2.459959,0.1630063,0.7687154,2.43662,0.3586618,0.5027832,2.682643,0.3102382,0.1602364,2.699499,0.3176421,-0.2191054,2.760448,0.467612,0.5117985,2.656843,0.5069285,0.2049979,2.642832,0.5136689,-0.1799577,2.698299,0.4121844,0.9960823,2.71532
72057594038042242,0,0.5725148,106252.9,0.4177763,0.5090865,2.700854,0.4137735,1.172887,2.69076,0.2757066,0.9641301,2.739432,0.1439135,0.8305897,2.746484,0.1015058,0.7351431,2.547117,0.1251521,0.744428,2.467904,0.5416529,0.9476669,2.662452,0.4932251,0.800279,2.466082,0.2593624,0.7876359,2.459959,0.1630063,0.7687154,2.43662,0.3586618,0.5027832,2.682643,0.3102382,0.1602364,2.699499,0.3176421,-0.2191054,2.760448,0.467612,0.5117985,2.656843,0.5069285,0.2049979,2.642832,0.5136689,-0.1799577,2.698299,0.4121844,0.9960823,2.71532
72057594038042242,0,0.5727638,106252.9,0.4176842,0.5085702,2.70112,0.4145156,1.172662,2.690496,0.2758586,0.9641128,2.739841,0.1428264,0.8326511,2.751316,0.1235188,0.7570667,2.529553,0.1062391,0.7171609,2.42083,0.5418291,0.9476696,2.662434,0.4942267,0.8008432,2.467307,0.2607398,0.7879059,2.460481,0.1835444,0.7841375,2.461526,0.3584348,0.5018872,2.683454,0.3101677,0.1601485,2.699685,0.3179214,-0.220206,2.760378,0.467597,0.5116116,2.656823,0.5066352,0.2048695,2.644138,0.5140699,-0.1831725,2.697522,0.4133438,0.9960425,2.713925
72057594038042242,0,0.5727638,106252.9,0.4176842,0.5085702,2.70112,0.4145156,1.172662,2.690496,0.2758586,0.9641128,2.739841,0.1428264,0.8326511,2.751316,0.1235188,0.7570667,2.529553,0.1062391,0.7171609,2.42083,0.5418291,0.9476696,2.662434,0.4942267,0.8008432,2.467307,0.2607398,0.7879059,2.460481,0.1835444,0.7841375,2.461526,0.3584348,0.5018872,2.683454,0.3101677,0.1601485,2.699685,0.3179214,-0.220206,2.760378,0.467597,0.5116116,2.656823,0.5066352,0.2048695,2.644138,0.5140699,-0.1831725,2.697522,0.4133438,0.9960425,2.713925
72057594038042242,0,0.5727638,106252.9,0.4176842,0.5085702,2.70112,0.4145156,1.172662,2.690496,0.2758586,0.9641128,2.739841,0.1428264,0.8326511,2.751316,0.1235188,0.7570667,2.529553,0.1062391,0.7171609,2.42083,0.5418291,0.9476696,2.662434,0.4942267,0.8008432,2.467307,0.2607398,0.7879059,2.460481,0.1835444,0.7841375,2.461526,0.3584348,0.5018872,2.683454,0.3101677,0.1601485,2.699685,0.3179214,-0.220206,2.760378,0.467597,0.5116116,2.656823,0.5066352,0.2048695,2.644138,0.5140699,-0.1831725,2.697522,0.4133438,0.9960425,2.713925
72057594038042242,0,0.5727638,106252.9,0.4176842,0.5085702,2.70112,0.4145156,1.172662,2.690496,0.2758586,0.9641128,2.739841,0.1428264,0.8326511,2.751316,0.1235188,0.7570667,2.529553,0.1062391,0.7171609,2.42083,0.5418291,0.9476696,2.662434,0.4942267,0.8008432,2.467307,0.2607398,0.7879059,2.460481,0.1835444,0.7841375,2.461526,0.3584348,0.5018872,2.683454,0.3101677,0.1601485,2.699685,0.3179214,-0.220206,2.760378,0.467597,0.5116116,2.656823,0.5066352,0.2048695,2.644138,0.5140699,-0.1831725,2.697522,0.4133438,0.9960425,2.713925
72057594038042242,0,0.5727638,106252.9,0.4176842,0.5085702,2.70112,0.4145156,1.172662,2.690496,0.2758586,0.9641128,2.739841,0.1428264,0.8326511,2.751316,0.1235188,0.7570667,2.529553,0.1062391,0.7171609,2.42083,0.5418291,0.9476696,2.662434,0.4942267,0.8008432,2.467307,0.2607398,0.7879059,2.460481,0.1835444,0.7841375,2.461526,0.3584348,0.5018872,2.683454,0.3101677,0.1601485,2.699685,0.3179214,-0.220206,2.760378,0.467597,0.5116116,2.656823,0.5066352,0.2048695,2.644138,0.5140699,-0.1831725,2.697522,0.4133438,0.9960425,2.713925
72057594038042242,0,0.5727638,106252.9,0.4176842,0.5085702,2.70112,0.4145156,1.172662,2.690496,0.2758586,0.9641128,2.739841,0.1428264,0.8326511,2.751316,0.1235188,0.7570667,2.529553,0.1062391,0.7171609,2.42083,0.5418291,0.9476696,2.662434,0.4942267,0.8008432,2.467307,0.2607398,0.7879059,2.460481,0.1835444,0.7841375,2.461526,0.3584348,0.5018872,2.683454,0.3101677,0.1601485,2.699685,0.3179214,-0.220206,2.760378,0.467597,0.5116116,2.656823,0.5066352,0.2048695,2.644138,0.5140699,-0.1831725,2.697522,0.4133438,0.9960425,2.713925
72057594038042242,0,0.5727638,106253,0.4176842,0.5085702,2.70112,0.4145156,1.172662,2.690496,0.2758586,0.9641128,2.739841,0.1428264,0.8326511,2.751316,0.1235188,0.7570667,2.529553,0.1062391,0.7171609,2.42083,0.5418291,0.9476696,2.662434,0.4942267,0.8008432,2.467307,0.2607398,0.7879059,2.460481,0.1835444,0.7841375,2.461526,0.3584348,0.5018872,2.683454,0.3101677,0.1601485,2.699685,0.3179214,-0.220206,2.760378,0.467597,0.5116116,2.656823,0.5066352,0.2048695,2.644138,0.5140699,-0.1831725,2.697522,0.4133438,0.9960425,2.713925
72057594038042242,0,0.5727638,106253,0.4176842,0.5085702,2.70112,0.4145156,1.172662,2.690496,0.2758586,0.9641128,2.739841,0.1428264,0.8326511,2.751316,0.1235188,0.7570667,2.529553,0.1062391,0.7171609,2.42083,0.5418291,0.9476696,2.662434,0.4942267,0.8008432,2.467307,0.2607398,0.7879059,2.460481,0.1835444,0.7841375,2.461526,0.3584348,0.5018872,2.683454,0.3101677,0.1601485,2.699685,0.3179214,-0.220206,2.760378,0.467597,0.5116116,2.656823,0.5066352,0.2048695,2.644138,0.5140699,-0.1831725,2.697522,0.4133438,0.9960425,2.713925
72057594038042242,0,0.5727638,106253,0.4176842,0.5085702,2.70112,0.4145156,1.172662,2.690496,0.2758586,0.9641128,2.739841,0.1428264,0.8326511,2.751316,0.1235188,0.7570667,2.529553,0.1062391,0.7171609,2.42083,0.5418291,0.9476696,2.662434,0.4942267,0.8008432,2.467307,0.2607398,0.7879059,2.460481,0.1835444,0.7841375,2.461526,0.3584348,0.5018872,2.683454,0.3101677,0.1601485,2.699685,0.3179214,-0.220206,2.760378,0.467597,0.5116116,2.656823,0.5066352,0.2048695,2.644138,0.5140699,-0.1831725,2.697522,0.4133438,0.9960425,2.713925
72057594038042242,0,0.5727638,106253,0.4176842,0.5085702,2.70112,0.4145156,1.172662,2.690496,0.2758586,0.9641128,2.739841,0.1428264,0.8326511,2.751316,0.1235188,0.7570667,2.529553,0.1062391,0.7171609,2.42083,0.5418291,0.9476696,2.662434,0.4942267,0.8008432,2.467307,0.2607398,0.7879059,2.460481,0.1835444,0.7841375,2.461526,0.3584348,0.5018872,2.683454,0.3101677,0.1601485,2.699685,0.3179214,-0.220206,2.760378,0.467597,0.5116116,2.656823,0.5066352,0.2048695,2.644138,0.5140699,-0.1831725,2.697522,0.4133438,0.9960425,2.713925
72057594038042242,0,0.5738994,106253,0.417726,0.5068368,2.701488,0.4149531,1.17283,2.690703,0.276004,0.9639409,2.739704,0.1383225,0.8383877,2.755337,0.001856282,0.743016,2.662387,-0.009291379,0.7124571,2.592984,0.5418332,0.9476238,2.662325,0.4910984,0.799291,2.466697,0.25824,0.7860729,2.459107,0.1812502,0.7822092,2.459898,0.358421,0.4999751,2.684331,0.3099403,0.1598871,2.699926,0.3180352,-0.2203043,2.760357,0.4676903,0.5102506,2.656708,0.5067621,0.2036481,2.645519,0.5139884,-0.1863234,2.696442,0.4139931,0.9961659,2.713364
72057594038042242,0,0.5738994,106253,0.417726,0.5068368,2.701488,0.4149531,1.17283,2.690703,0.276004,0.9639409,2.739704,0.1383225,0.8383877,2.755337,0.001856282,0.743016,2.662387,-0.009291379,0.7124571,2.592984,0.5418332,0.9476238,2.662325,0.4910984,0.799291,2.466697,0.25824,0.7860729,2.459107,0.1812502,0.7822092,2.459898,0.358421,0.4999751,2.684331,0.3099403,0.1598871,2.699926,0.3180352,-0.2203043,2.760357,0.4676903,0.5102506,2.656708,0.5067621,0.2036481,2.645519,0.5139884,-0.1863234,2.696442,0.4139931,0.9961659,2.713364
72057594038042242,0,0.5738994,106253,0.417726,0.5068368,2.701488,0.4149531,1.17283,2.690703,0.276004,0.9639409,2.739704,0.1383225,0.8383877,2.755337,0.001856282,0.743016,2.662387,-0.009291379,0.7124571,2.592984,0.5418332,0.9476238,2.662325,0.4910984,0.799291,2.466697,0.25824,0.7860729,2.459107,0.1812502,0.7822092,2.459898,0.358421,0.4999751,2.684331,0.3099403,0.1598871,2.699926,0.3180352,-0.2203043,2.760357,0.4676903,0.5102506,2.656708,0.5067621,0.2036481,2.645519,0.5139884,-0.1863234,2.696442,0.4139931,0.9961659,2.713364
72057594038042242,0,0.5738994,106253,0.417726,0.5068368,2.701488,0.4149531,1.17283,2.690703,0.276004,0.9639409,2.739704,0.1383225,0.8383877,2.755337,0.001856282,0.743016,2.662387,-0.009291379,0.7124571,2.592984,0.5418332,0.9476238,2.662325,0.4910984,0.799291,2.466697,0.25824,0.7860729,2.459107,0.1812502,0.7822092,2.459898,0.358421,0.4999751,2.684331,0.3099403,0.1598871,2.699926,0.3180352,-0.2203043,2.760357,0.4676903,0.5102506,2.656708,0.5067621,0.2036481,2.645519,0.5139884,-0.1863234,2.696442,0.4139931,0.9961659,2.713364
72057594038042242,0,0.5738994,106253,0.417726,0.5068368,2.701488,0.4149531,1.17283,2.690703,0.276004,0.9639409,2.739704,0.1383225,0.8383877,2.755337,0.001856282,0.743016,2.662387,-0.009291379,0.7124571,2.592984,0.5418332,0.9476238,2.662325,0.4910984,0.799291,2.466697,0.25824,0.7860729,2.459107,0.1812502,0.7822092,2.459898,0.358421,0.4999751,2.684331,0.3099403,0.1598871,2.699926,0.3180352,-0.2203043,2.760357,0.4676903,0.5102506,2.656708,0.5067621,0.2036481,2.645519,0.5139884,-0.1863234,2.696442,0.4139931,0.9961659,2.713364
72057594038042242,0,0.5738994,106253,0.417726,0.5068368,2.701488,0.4149531,1.17283,2.690703,0.276004,0.9639409,2.739704,0.1383225,0.8383877,2.755337,0.001856282,0.743016,2.662387,-0.009291379,0.7124571,2.592984,0.5418332,0.9476238,2.662325,0.4910984,0.799291,2.466697,0.25824,0.7860729,2.459107,0.1812502,0.7822092,2.459898,0.358421,0.4999751,2.684331,0.3099403,0.1598871,2.699926,0.3180352,-0.2203043,2.760357,0.4676903,0.5102506,2.656708,0.5067621,0.2036481,2.645519,0.5139884,-0.1863234,2.696442,0.4139931,0.9961659,2.713364
72057594038042242,0,0.5738994,106253,0.417726,0.5068368,2.701488,0.4149531,1.17283,2.690703,0.276004,0.9639409,2.739704,0.1383225,0.8383877,2.755337,0.001856282,0.743016,2.662387,-0.009291379,0.7124571,2.592984,0.5418332,0.9476238,2.662325,0.4910984,0.799291,2.466697,0.25824,0.7860729,2.459107,0.1812502,0.7822092,2.459898,0.358421,0.4999751,2.684331,0.3099403,0.1598871,2.699926,0.3180352,-0.2203043,2.760357,0.4676903,0.5102506,2.656708,0.5067621,0.2036481,2.645519,0.5139884,-0.1863234,2.696442,0.4139931,0.9961659,2.713364
72057594038042242,0,0.5738994,106253,0.417726,0.5068368,2.701488,0.4149531,1.17283,2.690703,0.276004,0.9639409,2.739704,0.1383225,0.8383877,2.755337,0.001856282,0.743016,2.662387,-0.009291379,0.7124571,2.592984,0.5418332,0.9476238,2.662325,0.4910984,0.799291,2.466697,0.25824,0.7860729,2.459107,0.1812502,0.7822092,2.459898,0.358421,0.4999751,2.684331,0.3099403,0.1598871,2.699926,0.3180352,-0.2203043,2.760357,0.4676903,0.5102506,2.656708,0.5067621,0.2036481,2.645519,0.5139884,-0.1863234,2.696442,0.4139931,0.9961659,2.713364
72057594038042242,0,0.5738994,106253,0.417726,0.5068368,2.701488,0.4149531,1.17283,2.690703,0.276004,0.9639409,2.739704,0.1383225,0.8383877,2.755337,0.001856282,0.743016,2.662387,-0.009291379,0.7124571,2.592984,0.5418332,0.9476238,2.662325,0.4910984,0.799291,2.466697,0.25824,0.7860729,2.459107,0.1812502,0.7822092,2.459898,0.358421,0.4999751,2.684331,0.3099403,0.1598871,2.699926,0.3180352,-0.2203043,2.760357,0.4676903,0.5102506,2.656708,0.5067621,0.2036481,2.645519,0.5139884,-0.1863234,2.696442,0.4139931,0.9961659,2.713364
72057594038042242,0,0.5738994,106253,0.417726,0.5068368,2.701488,0.4149531,1.17283,2.690703,0.276004,0.9639409,2.739704,0.1383225,0.8383877,2.755337,0.001856282,0.743016,2.662387,-0.009291379,0.7124571,2.592984,0.5418332,0.9476238,2.662325,0.4910984,0.799291,2.466697,0.25824,0.7860729,2.459107,0.1812502,0.7822092,2.459898,0.358421,0.4999751,2.684331,0.3099403,0.1598871,2.699926,0.3180352,-0.2203043,2.760357,0.4676903,0.5102506,2.656708,0.5067621,0.2036481,2.645519,0.5139884,-0.1863234,2.696442,0.4139931,0.9961659,2.713364
72057594038042242,0,0.5738994,106253,0.417726,0.5068368,2.701488,0.4149531,1.17283,2.690703,0.276004,0.9639409,2.739704,0.1383225,0.8383877,2.755337,0.001856282,0.743016,2.662387,-0.009291379,0.7124571,2.592984,0.5418332,0.9476238,2.662325,0.4910984,0.799291,2.466697,0.25824,0.7860729,2.459107,0.1812502,0.7822092,2.459898,0.358421,0.4999751,2.684331,0.3099403,0.1598871,2.699926,0.3180352,-0.2203043,2.760357,0.4676903,0.5102506,2.656708,0.5067621,0.2036481,2.645519,0.5139884,-0.1863234,2.696442,0.4139931,0.9961659,2.713364
72057594038042242,0,0.5741665,106253,0.4177708,0.5064641,2.701647,0.4156687,1.172944,2.690002,0.2762682,0.9642723,2.741049,0.1359625,0.8417045,2.756687,0.02702677,0.7292328,2.646388,-0.009137368,0.6922791,2.613023,0.5420956,0.9476904,2.662154,0.4918334,0.7999451,2.467007,0.2592394,0.7866179,2.459102,0.1823385,0.7827185,2.459789,0.3584736,0.4995067,2.684906,0.3104369,0.1601793,2.700195,0.3180456,-0.220401,2.760341,0.4677413,0.5099411,2.656581,0.5067755,0.2034252,2.646461,0.5141553,-0.1872191,2.696548,0.4141754,0.9967253,2.713998
72057594038042242,0,0.5741665,106253,0.4177708,0.5064641,2.701647,0.4156687,1.172944,2.690002,0.2762682,0.9642723,2.741049,0.1359625,0.8417045,2.756687,0.02702677,0.7292328,2.646388,-0.009137368,0.6922791,2.613023,0.5420956,0.9476904,2.662154,0.4918334,0.7999451,2.467007,0.2592394,0.7866179,2.459102,0.1823385,0.7827185,2.459789,0.3584736,0.4995067,2.684906,0.3104369,0.1601793,2.700195,0.3180456,-0.220401,2.760341,0.4677413,0.5099411,2.656581,0.5067755,0.2034252,2.646461,0.5141553,-0.1872191,2.696548,0.4141754,0.9967253,2.713998
72057594038042242,0,0.5741665,106253,0.4177708,0.5064641,2.701647,0.4156687,1.172944,2.690002,0.2762682,0.9642723,2.741049,0.1359625,0.8417045,2.756687,0.02702677,0.7292328,2.646388,-0.009137368,0.6922791,2.613023,0.5420956,0.9476904,2.662154,0.4918334,0.7999451,2.467007,0.2592394,0.7866179,2.459102,0.1823385,0.7827185,2.459789,0.3584736,0.4995067,2.684906,0.3104369,0.1601793,2.700195,0.3180456,-0.220401,2.760341,0.4677413,0.5099411,2.656581,0.5067755,0.2034252,2.646461,0.5141553,-0.1872191,2.696548,0.4141754,0.9967253,2.713998
72057594038042242,0,0.5741665,106253,0.4177708,0.5064641,2.701647,0.4156687,1.172944,2.690002,0.2762682,0.9642723,2.741049,0.1359625,0.8417045,2.756687,0.02702677,0.7292328,2.646388,-0.009137368,0.6922791,2.613023,0.5420956,0.9476904,2.662154,0.4918334,0.7999451,2.467007,0.2592394,0.7866179,2.459102,0.1823385,0.7827185,2.459789,0.3584736,0.4995067,2.684906,0.3104369,0.1601793,2.700195,0.3180456,-0.220401,2.760341,0.4677413,0.5099411,2.656581,0.5067755,0.2034252,2.646461,0.5141553,-0.1872191,2.696548,0.4141754,0.9967253,2.713998
72057594038042242,0,0.5741665,106253,0.4177708,0.5064641,2.701647,0.4156687,1.172944,2.690002,0.2762682,0.9642723,2.741049,0.1359625,0.8417045,2.756687,0.02702677,0.7292328,2.646388,-0.009137368,0.6922791,2.613023,0.5420956,0.9476904,2.662154,0.4918334,0.7999451,2.467007,0.2592394,0.7866179,2.459102,0.1823385,0.7827185,2.459789,0.3584736,0.4995067,2.684906,0.3104369,0.1601793,2.700195,0.3180456,-0.220401,2.760341,0.4677413,0.5099411,2.656581,0.5067755,0.2034252,2.646461,0.5141553,-0.1872191,2.696548,0.4141754,0.9967253,2.713998
72057594038042242,0,0.5741665,106253,0.4177708,0.5064641,2.701647,0.4156687,1.172944,2.690002,0.2762682,0.9642723,2.741049,0.1359625,0.8417045,2.756687,0.02702677,0.7292328,2.646388,-0.009137368,0.6922791,2.613023,0.5420956,0.9476904,2.662154,0.4918334,0.7999451,2.467007,0.2592394,0.7866179,2.459102,0.1823385,0.7827185,2.459789,0.3584736,0.4995067,2.684906,0.3104369,0.1601793,2.700195,0.3180456,-0.220401,2.760341,0.4677413,0.5099411,2.656581,0.5067755,0.2034252,2.646461,0.5141553,-0.1872191,2.696548,0.4141754,0.9967253,2.713998
72057594038042242,0,0.5741665,106253,0.4177708,0.5064641,2.701647,0.4156687,1.172944,2.690002,0.2762682,0.9642723,2.741049,0.1359625,0.8417045,2.756687,0.02702677,0.7292328,2.646388,-0.009137368,0.6922791,2.613023,0.5420956,0.9476904,2.662154,0.4918334,0.7999451,2.467007,0.2592394,0.7866179,2.459102,0.1823385,0.7827185,2.459789,0.3584736,0.4995067,2.684906,0.3104369,0.1601793,2.700195,0.3180456,-0.220401,2.760341,0.4677413,0.5099411,2.656581,0.5067755,0.2034252,2.646461,0.5141553,-0.1872191,2.696548,0.4141754,0.9967253,2.713998
72057594038042242,0,0.5741665,106253,0.4177708,0.5064641,2.701647,0.4156687,1.172944,2.690002,0.2762682,0.9642723,2.741049,0.1359625,0.8417045,2.756687,0.02702677,0.7292328,2.646388,-0.009137368,0.6922791,2.613023,0.5420956,0.9476904,2.662154,0.4918334,0.7999451,2.467007,0.2592394,0.7866179,2.459102,0.1823385,0.7827185,2.459789,0.3584736,0.4995067,2.684906,0.3104369,0.1601793,2.700195,0.3180456,-0.220401,2.760341,0.4677413,0.5099411,2.656581,0.5067755,0.2034252,2.646461,0.5141553,-0.1872191,2.696548,0.4141754,0.9967253,2.713998
72057594038042242,0,0.5741665,106253,0.4177708,0.5064641,2.701647,0.4156687,1.172944,2.690002,0.2762682,0.9642723,2.741049,0.1359625,0.8417045,2.756687,0.02702677,0.7292328,2.646388,-0.009137368,0.6922791,2.613023,0.5420956,0.9476904,2.662154,0.4918334,0.7999451,2.467007,0.2592394,0.7866179,2.459102,0.1823385,0.7827185,2.459789,0.3584736,0.4995067,2.684906,0.3104369,0.1601793,2.700195,0.3180456,-0.220401,2.760341,0.4677413,0.5099411,2.656581,0.5067755,0.2034252,2.646461,0.5141553,-0.1872191,2.696548,0.4141754,0.9967253,2.713998
72057594038042242,0,0.5741665,106253,0.4177708,0.5064641,2.701647,0.4156687,1.172944,2.690002,0.2762682,0.9642723,2.741049,0.1359625,0.8417045,2.756687,0.02702677,0.7292328,2.646388,-0.009137368,0.6922791,2.613023,0.5420956,0.9476904,2.662154,0.4918334,0.7999451,2.467007,0.2592394,0.7866179,2.459102,0.1823385,0.7827185,2.459789,0.3584736,0.4995067,2.684906,0.3104369,0.1601793,2.700195,0.3180456,-0.220401,2.760341,0.4677413,0.5099411,2.656581,0.5067755,0.2034252,2.646461,0.5141553,-0.1872191,2.696548,0.4141754,0.9967253,2.713998
72057594038042242,0,0.5748938,106253,0.4178164,0.5053741,2.701939,0.4163619,1.173631,2.689808,0.276391,0.9640827,2.741104,0.1338875,0.8439515,2.756101,0.02728958,0.7288786,2.646207,0.06256568,0.794826,2.70771,0.5422791,0.9476271,2.661804,0.4923515,0.7998902,2.466792,0.4301787,0.6884538,2.59246,0.4006317,0.6532186,2.60411,0.3583013,0.4987934,2.685561,0.3107663,0.1605462,2.700415,0.3174711,-0.222499,2.759855,0.4680777,0.5083797,2.656356,0.5070019,0.2019375,2.647044,0.5141115,-0.1872293,2.69657,0.4148968,0.996571,2.712389
72057594038042242,0,0.5748938,106253,0.4178164,0.5053741,2.701939,0.4163619,1.173631,2.689808,0.276391,0.9640827,2.741104,0.1338875,0.8439515,2.756101,0.02728958,0.7288786,2.646207,0.06256568,0.794826,2.70771,0.5422791,0.9476271,2.661804,0.4923515,0.7998902,2.466792,0.4301787,0.6884538,2.59246,0.4006317,0.6532186,2.60411,0.3583013,0.4987934,2.685561,0.3107663,0.1605462,2.700415,0.3174711,-0.222499,2.759855,0.4680777,0.5083797,2.656356,0.5070019,0.2019375,2.647044,0.5141115,-0.1872293,2.69657,0.4148968,0.996571,2.712389
72057594038042242,0,0.5748938,106253,0.4178164,0.5053741,2.701939,0.4163619,1.173631,2.689808,0.276391,0.9640827,2.741104,0.1338875,0.8439515,2.756101,0.02728958,0.7288786,2.646207,0.06256568,0.794826,2.70771,0.5422791,0.9476271,2.661804,0.4923515,0.7998902,2.466792,0.4301787,0.6884538,2.59246,0.4006317,0.6532186,2.60411,0.3583013,0.4987934,2.685561,0.3107663,0.1605462,2.700415,0.3174711,-0.222499,2.759855,0.4680777,0.5083797,2.656356,0.5070019,0.2019375,2.647044,0.5141115,-0.1872293,2.69657,0.4148968,0.996571,2.712389
72057594038042242,0,0.5748938,106253,0.4178164,0.5053741,2.701939,0.4163619,1.173631,2.689808,0.276391,0.9640827,2.741104,0.1338875,0.8439515,2.756101,0.02728958,0.7288786,2.646207,0.06256568,0.794826,2.70771,0.5422791,0.9476271,2.661804,0.4923515,0.7998902,2.466792,0.4301787,0.6884538,2.59246,0.4006317,0.6532186,2.60411,0.3583013,0.4987934,2.685561,0.3107663,0.1605462,2.700415,0.3174711,-0.222499,2.759855,0.4680777,0.5083797,2.656356,0.5070019,0.2019375,2.647044,0.5141115,-0.1872293,2.69657,0.4148968,0.996571,2.712389
72057594038042242,0,0.5748938,106253,0.4178164,0.5053741,2.701939,0.4163619,1.173631,2.689808,0.276391,0.9640827,2.741104,0.1338875,0.8439515,2.756101,0.02728958,0.7288786,2.646207,0.06256568,0.794826,2.70771,0.5422791,0.9476271,2.661804,0.4923515,0.7998902,2.466792,0.4301787,0.6884538,2.59246,0.4006317,0.6532186,2.60411,0.3583013,0.4987934,2.685561,0.3107663,0.1605462,2.700415,0.3174711,-0.222499,2.759855,0.4680777,0.5083797,2.656356,0.5070019,0.2019375,2.647044,0.5141115,-0.1872293,2.69657,0.4148968,0.996571,2.712389
72057594038042242,0,0.5748938,106253,0.4178164,0.5053741,2.701939,0.4163619,1.173631,2.689808,0.276391,0.9640827,2.741104,0.1338875,0.8439515,2.756101,0.02728958,0.7288786,2.646207,0.06256568,0.794826,2.70771,0.5422791,0.9476271,2.661804,0.4923515,0.7998902,2.466792,0.4301787,0.6884538,2.59246,0.4006317,0.6532186,2.60411,0.3583013,0.4987934,2.685561,0.3107663,0.1605462,2.700415,0.3174711,-0.222499,2.759855,0.4680777,0.5083797,2.656356,0.5070019,0.2019375,2.647044,0.5141115,-0.1872293,2.69657,0.4148968,0.996571,2.712389
72057594038042242,0,0.5748938,106253.1,0.4178164,0.5053741,2.701939,0.4163619,1.173631,2.689808,0.276391,0.9640827,2.741104,0.1338875,0.8439515,2.756101,0.02728958,0.7288786,2.646207,0.06256568,0.794826,2.70771,0.5422791,0.9476271,2.661804,0.4923515,0.7998902,2.466792,0.4301787,0.6884538,2.59246,0.4006317,0.6532186,2.60411,0.3583013,0.4987934,2.685561,0.3107663,0.1605462,2.700415,0.3174711,-0.222499,2.759855,0.4680777,0.5083797,2.656356,0.5070019,0.2019375,2.647044,0.5141115,-0.1872293,2.69657,0.4148968,0.996571,2.712389
72057594038042242,0,0.5748938,106253.1,0.4178164,0.5053741,2.701939,0.4163619,1.173631,2.689808,0.276391,0.9640827,2.741104,0.1338875,0.8439515,2.756101,0.02728958,0.7288786,2.646207,0.06256568,0.794826,2.70771,0.5422791,0.9476271,2.661804,0.4923515,0.7998902,2.466792,0.4301787,0.6884538,2.59246,0.4006317,0.6532186,2.60411,0.3583013,0.4987934,2.685561,0.3107663,0.1605462,2.700415,0.3174711,-0.222499,2.759855,0.4680777,0.5083797,2.656356,0.5070019,0.2019375,2.647044,0.5141115,-0.1872293,2.69657,0.4148968,0.996571,2.712389
72057594038042242,0,0.5748938,106253.1,0.4178164,0.5053741,2.701939,0.4163619,1.173631,2.689808,0.276391,0.9640827,2.741104,0.1338875,0.8439515,2.756101,0.02728958,0.7288786,2.646207,0.06256568,0.794826,2.70771,0.5422791,0.9476271,2.661804,0.4923515,0.7998902,2.466792,0.4301787,0.6884538,2.59246,0.4006317,0.6532186,2.60411,0.3583013,0.4987934,2.685561,0.3107663,0.1605462,2.700415,0.3174711,-0.222499,2.759855,0.4680777,0.5083797,2.656356,0.5070019,0.2019375,2.647044,0.5141115,-0.1872293,2.69657,0.4148968,0.996571,2.712389
72057594038042242,0,0.5748938,106253.1,0.4178164,0.5053741,2.701939,0.4163619,1.173631,2.689808,0.276391,0.9640827,2.741104,0.1338875,0.8439515,2.756101,0.02728958,0.7288786,2.646207,0.06256568,0.794826,2.70771,0.5422791,0.9476271,2.661804,0.4923515,0.7998902,2.466792,0.4301787,0.6884538,2.59246,0.4006317,0.6532186,2.60411,0.3583013,0.4987934,2.685561,0.3107663,0.1605462,2.700415,0.3174711,-0.222499,2.759855,0.4680777,0.5083797,2.656356,0.5070019,0.2019375,2.647044,0.5141115,-0.1872293,2.69657,0.4148968,0.996571,2.712389
72057594038042242,0,0.5748712,106253.1,0.4176202,0.5051589,2.702193,0.4168357,1.173707,2.68959,0.2766837,0.9643899,2.741172,0.1316646,0.8464899,2.752664,0.0262617,0.7329204,2.639889,0.0653532,0.8001734,2.705875,0.5425577,0.947251,2.661081,0.4932176,0.7990235,2.46528,0.5446086,0.5771727,2.561523,0.5368985,0.5165875,2.573365,0.3581898,0.4985568,2.685719,0.3106429,0.160493,2.700528,0.3175107,-0.222426,2.759766,0.4677943,0.5082816,2.656674,0.5071704,0.2019354,2.647678,0.5140557,-0.1863027,2.697266,0.4151141,0.9971135,2.712682
72057594038042242,0,0.5748712,106253.1,0.4176202,0.5051589,2.702193,0.4168357,1.173707,2.68959,0.2766837,0.9643899,2.741172,0.1316646,0.8464899,2.752664,0.0262617,0.7329204,2.639889,0.0653532,0.8001734,2.705875,0.5425577,0.947251,2.661081,0.4932176,0.7990235,2.46528,0.5446086,0.5771727,2.561523,0.5368985,0.5165875,2.573365,0.3581898,0.4985568,2.685719,0.3106429,0.160493,2.700528,0.3175107,-0.222426,2.759766,0.4677943,0.5082816,2.656674,0.5071704,0.2019354,2.647678,0.5140557,-0.1863027,2.697266,0.4151141,0.9971135,2.712682
72057594038042242,0,0.5748712,106253.1,0.4176202,0.5051589,2.702193,0.4168357,1.173707,2.68959,0.2766837,0.9643899,2.741172,0.1316646,0.8464899,2.752664,0.0262617,0.7329204,2.639889,0.0653532,0.8001734,2.705875,0.5425577,0.947251,2.661081,0.4932176,0.7990235,2.46528,0.5446086,0.5771727,2.561523,0.5368985,0.5165875,2.573365,0.3581898,0.4985568,2.685719,0.3106429,0.160493,2.700528,0.3175107,-0.222426,2.759766,0.4677943,0.5082816,2.656674,0.5071704,0.2019354,2.647678,0.5140557,-0.1863027,2.697266,0.4151141,0.9971135,2.712682
72057594038042242,0,0.5748712,106253.1,0.4176202,0.5051589,2.702193,0.4168357,1.173707,2.68959,0.2766837,0.9643899,2.741172,0.1316646,0.8464899,2.752664,0.0262617,0.7329204,2.639889,0.0653532,0.8001734,2.705875,0.5425577,0.947251,2.661081,0.4932176,0.7990235,2.46528,0.5446086,0.5771727,2.561523,0.5368985,0.5165875,2.573365,0.3581898,0.4985568,2.685719,0.3106429,0.160493,2.700528,0.3175107,-0.222426,2.759766,0.4677943,0.5082816,2.656674,0.5071704,0.2019354,2.647678,0.5140557,-0.1863027,2.697266,0.4151141,0.9971135,2.712682
72057594038042242,0,0.5748712,106253.1,0.4176202,0.5051589,2.702193,0.4168357,1.173707,2.68959,0.2766837,0.9643899,2.741172,0.1316646,0.8464899,2.752664,0.0262617,0.7329204,2.639889,0.0653532,0.8001734,2.705875,0.5425577,0.947251,2.661081,0.4932176,0.7990235,2.46528,0.5446086,0.5771727,2.561523,0.5368985,0.5165875,2.573365,0.3581898,0.4985568,2.685719,0.3106429,0.160493,2.700528,0.3175107,-0.222426,2.759766,0.4677943,0.5082816,2.656674,0.5071704,0.2019354,2.647678,0.5140557,-0.1863027,2.697266,0.4151141,0.9971135,2.712682
72057594038042242,0,0.5748712,106253.1,0.4176202,0.5051589,2.702193,0.4168357,1.173707,2.68959,0.2766837,0.9643899,2.741172,0.1316646,0.8464899,2.752664,0.0262617,0.7329204,2.639889,0.0653532,0.8001734,2.705875,0.5425577,0.947251,2.661081,0.4932176,0.7990235,2.46528,0.5446086,0.5771727,2.561523,0.5368985,0.5165875,2.573365,0.3581898,0.4985568,2.685719,0.3106429,0.160493,2.700528,0.3175107,-0.222426,2.759766,0.4677943,0.5082816,2.656674,0.5071704,0.2019354,2.647678,0.5140557,-0.1863027,2.697266,0.4151141,0.9971135,2.712682
72057594038042242,0,0.5748712,106253.1,0.4176202,0.5051589,2.702193,0.4168357,1.173707,2.68959,0.2766837,0.9643899,2.741172,0.1316646,0.8464899,2.752664,0.0262617,0.7329204,2.639889,0.0653532,0.8001734,2.705875,0.5425577,0.947251,2.661081,0.4932176,0.7990235,2.46528,0.5446086,0.5771727,2.561523,0.5368985,0.5165875,2.573365,0.3581898,0.4985568,2.685719,0.3106429,0.160493,2.700528,0.3175107,-0.222426,2.759766,0.4677943,0.5082816,2.656674,0.5071704,0.2019354,2.647678,0.5140557,-0.1863027,2.697266,0.4151141,0.9971135,2.712682
72057594038042242,0,0.5748712,106253.1,0.4176202,0.5051589,2.702193,0.4168357,1.173707,2.68959,0.2766837,0.9643899,2.741172,0.1316646,0.8464899,2.752664,0.0262617,0.7329204,2.639889,0.0653532,0.8001734,2.705875,0.5425577,0.947251,2.661081,0.4932176,0.7990235,2.46528,0.5446086,0.5771727,2.561523,0.5368985,0.5165875,2.573365,0.3581898,0.4985568,2.685719,0.3106429,0.160493,2.700528,0.3175107,-0.222426,2.759766,0.4677943,0.5082816,2.656674,0.5071704,0.2019354,2.647678,0.5140557,-0.1863027,2.697266,0.4151141,0.9971135,2.712682
72057594038042242,0,0.5748712,106253.1,0.4176202,0.5051589,2.702193,0.4168357,1.173707,2.68959,0.2766837,0.9643899,2.741172,0.1316646,0.8464899,2.752664,0.0262617,0.7329204,2.639889,0.0653532,0.8001734,2.705875,0.5425577,0.947251,2.661081,0.4932176,0.7990235,2.46528,0.5446086,0.5771727,2.561523,0.5368985,0.5165875,2.573365,0.3581898,0.4985568,2.685719,0.3106429,0.160493,2.700528,0.3175107,-0.222426,2.759766,0.4677943,0.5082816,2.656674,0.5071704,0.2019354,2.647678,0.5140557,-0.1863027,2.697266,0.4151141,0.9971135,2.712682
72057594038042242,0,0.5748086,106253.1,0.4172439,0.5047874,2.702555,0.4182078,1.174517,2.688195,0.2780163,0.9650537,2.740197,0.131038,0.849806,2.75002,-0.03003575,0.7808626,2.67867,-0.0835832,0.7584367,2.658282,0.543131,0.9471125,2.659469,0.4943983,0.7994363,2.461194,0.5484371,0.585021,2.567569,0.5275165,0.5399106,2.574739,0.3577923,0.4984404,2.686091,0.3106762,0.1609374,2.701281,0.3181886,-0.2200814,2.760712,0.4674472,0.5077081,2.656984,0.5073516,0.2014613,2.648132,0.5140994,-0.1891974,2.697255,0.4156993,0.9979656,2.711977
72057594038042242,0,0.5748086,106253.1,0.4172439,0.5047874,2.702555,0.4182078,1.174517,2.688195,0.2780163,0.9650537,2.740197,0.131038,0.849806,2.75002,-0.03003575,0.7808626,2.67867,-0.0835832,0.7584367,2.658282,0.543131,0.9471125,2.659469,0.4943983,0.7994363,2.461194,0.5484371,0.585021,2.567569,0.5275165,0.5399106,2.574739,0.3577923,0.4984404,2.686091,0.3106762,0.1609374,2.701281,0.3181886,-0.2200814,2.760712,0.4674472,0.5077081,2.656984,0.5073516,0.2014613,2.648132,0.5140994,-0.1891974,2.697255,0.4156993,0.9979656,2.711977
72057594038042242,0,0.5748086,106253.1,0.4172439,0.5047874,2.702555,0.4182078,1.174517,2.688195,0.2780163,0.9650537,2.740197,0.131038,0.849806,2.75002,-0.03003575,0.7808626,2.67867,-0.0835832,0.7584367,2.658282,0.543131,0.9471125,2.659469,0.4943983,0.7994363,2.461194,0.5484371,0.585021,2.567569,0.5275165,0.5399106,2.574739,0.3577923,0.4984404,2.686091,0.3106762,0.1609374,2.701281,0.3181886,-0.2200814,2.760712,0.4674472,0.5077081,2.656984,0.5073516,0.2014613,2.648132,0.5140994,-0.1891974,2.697255,0.4156993,0.9979656,2.711977
72057594038042242,0,0.5748086,106253.1,0.4172439,0.5047874,2.702555,0.4182078,1.174517,2.688195,0.2780163,0.9650537,2.740197,0.131038,0.849806,2.75002,-0.03003575,0.7808626,2.67867,-0.0835832,0.7584367,2.658282,0.543131,0.9471125,2.659469,0.4943983,0.7994363,2.461194,0.5484371,0.585021,2.567569,0.5275165,0.5399106,2.574739,0.3577923,0.4984404,2.686091,0.3106762,0.1609374,2.701281,0.3181886,-0.2200814,2.760712,0.4674472,0.5077081,2.656984,0.5073516,0.2014613,2.648132,0.5140994,-0.1891974,2.697255,0.4156993,0.9979656,2.711977
72057594038042242,0,0.5748086,106253.1,0.4172439,0.5047874,2.702555,0.4182078,1.174517,2.688195,0.2780163,0.9650537,2.740197,0.131038,0.849806,2.75002,-0.03003575,0.7808626,2.67867,-0.0835832,0.7584367,2.658282,0.543131,0.9471125,2.659469,0.4943983,0.7994363,2.461194,0.5484371,0.585021,2.567569,0.5275165,0.5399106,2.574739,0.3577923,0.4984404,2.686091,0.3106762,0.1609374,2.701281,0.3181886,-0.2200814,2.760712,0.4674472,0.5077081,2.656984,0.5073516,0.2014613,2.648132,0.5140994,-0.1891974,2.697255,0.4156993,0.9979656,2.711977
72057594038042242,0,0.5748086,106253.1,0.4172439,0.5047874,2.702555,0.4182078,1.174517,2.688195,0.2780163,0.9650537,2.740197,0.131038,0.849806,2.75002,-0.03003575,0.7808626,2.67867,-0.0835832,0.7584367,2.658282,0.543131,0.9471125,2.659469,0.4943983,0.7994363,2.461194,0.5484371,0.585021,2.567569,0.5275165,0.5399106,2.574739,0.3577923,0.4984404,2.686091,0.3106762,0.1609374,2.701281,0.3181886,-0.2200814,2.760712,0.4674472,0.5077081,2.656984,0.5073516,0.2014613,2.648132,0.5140994,-0.1891974,2.697255,0.4156993,0.9979656,2.711977
72057594038042242,0,0.5748086,106253.1,0.4172439,0.5047874,2.702555,0.4182078,1.174517,2.688195,0.2780163,0.9650537,2.740197,0.131038,0.849806,2.75002,-0.03003575,0.7808626,2.67867,-0.0835832,0.7584367,2.658282,0.543131,0.9471125,2.659469,0.4943983,0.7994363,2.461194,0.5484371,0.585021,2.567569,0.5275165,0.5399106,2.574739,0.3577923,0.4984404,2.686091,0.3106762,0.1609374,2.701281,0.3181886,-0.2200814,2.760712,0.4674472,0.5077081,2.656984,0.5073516,0.2014613,2.648132,0.5140994,-0.1891974,2.697255,0.4156993,0.9979656,2.711977
72057594038042242,0,0.5748086,106253.1,0.4172439,0.5047874,2.702555,0.4182078,1.174517,2.688195,0.2780163,0.9650537,2.740197,0.131038,0.849806,2.75002,-0.03003575,0.7808626,2.67867,-0.0835832,0.7584367,2.658282,0.543131,0.9471125,2.659469,0.4943983,0.7994363,2.461194,0.5484371,0.585021,2.567569,0.5275165,0.5399106,2.574739,0.3577923,0.4984404,2.686091,0.3106762,0.1609374,2.701281,0.3181886,-0.2200814,2.760712,0.4674472,0.5077081,2.656984,0.5073516,0.2014613,2.648132,0.5140994,-0.1891974,2.697255,0.4156993,0.9979656,2.711977
72057594038042242,0,0.5748086,106253.1,0.4172439,0.5047874,2.702555,0.4182078,1.174517,2.688195,0.2780163,0.9650537,2.740197,0.131038,0.849806,2.75002,-0.03003575,0.7808626,2.67867,-0.0835832,0.7584367,2.658282,0.543131,0.9471125,2.659469,0.4943983,0.7994363,2.461194,0.5484371,0.585021,2.567569,0.5275165,0.5399106,2.574739,0.3577923,0.4984404,2.686091,0.3106762,0.1609374,2.701281,0.3181886,-0.2200814,2.760712,0.4674472,0.5077081,2.656984,0.5073516,0.2014613,2.648132,0.5140994,-0.1891974,2.697255,0.4156993,0.9979656,2.711977
72057594038042242,0,0.5748086,106253.1,0.4172439,0.5047874,2.702555,0.4182078,1.174517,2.688195,0.2780163,0.9650537,2.740197,0.131038,0.849806,2.75002,-0.03003575,0.7808626,2.67867,-0.0835832,0.7584367,2.658282,0.543131,0.9471125,2.659469,0.4943983,0.7994363,2.461194,0.5484371,0.585021,2.567569,0.5275165,0.5399106,2.574739,0.3577923,0.4984404,2.686091,0.3106762,0.1609374,2.701281,0.3181886,-0.2200814,2.760712,0.4674472,0.5077081,2.656984,0.5073516,0.2014613,2.648132,0.5140994,-0.1891974,2.697255,0.4156993,0.9979656,2.711977
72057594038042242,0,0.5748086,106253.1,0.4172439,0.5047874,2.702555,0.4182078,1.174517,2.688195,0.2780163,0.9650537,2.740197,0.131038,0.849806,2.75002,-0.03003575,0.7808626,2.67867,-0.0835832,0.7584367,2.658282,0.543131,0.9471125,2.659469,0.4943983,0.7994363,2.461194,0.5484371,0.585021,2.567569,0.5275165,0.5399106,2.574739,0.3577923,0.4984404,2.686091,0.3106762,0.1609374,2.701281,0.3181886,-0.2200814,2.760712,0.4674472,0.5077081,2.656984,0.5073516,0.2014613,2.648132,0.5140994,-0.1891974,2.697255,0.4156993,0.9979656,2.711977
72057594038042242,0,0.5746553,106253.1,0.4170213,0.5047604,2.702605,0.4185751,1.174661,2.687047,0.2790246,0.9660823,2.737829,0.1293523,0.8553462,2.750064,-0.03019543,0.777414,2.686287,-0.08323497,0.7519978,2.668421,0.543293,0.9473931,2.657433,0.4939378,0.800095,2.451809,0.4461946,0.678119,2.582087,0.4390049,0.6380869,2.591047,0.357412,0.4983682,2.686393,0.3106079,0.1614963,2.701928,0.3179724,-0.2201457,2.760798,0.4672629,0.5077471,2.656859,0.5073834,0.2015539,2.648254,0.5130209,-0.1790668,2.700886,0.4155707,0.9984004,2.710791
72057594038042242,0,0.5746553,106253.1,0.4170213,0.5047604,2.702605,0.4185751,1.174661,2.687047,0.2790246,0.9660823,2.737829,0.1293523,0.8553462,2.750064,-0.03019543,0.777414,2.686287,-0.08323497,0.7519978,2.668421,0.543293,0.9473931,2.657433,0.4939378,0.800095,2.451809,0.4461946,0.678119,2.582087,0.4390049,0.6380869,2.591047,0.357412,0.4983682,2.686393,0.3106079,0.1614963,2.701928,0.3179724,-0.2201457,2.760798,0.4672629,0.5077471,2.656859,0.5073834,0.2015539,2.648254,0.5130209,-0.1790668,2.700886,0.4155707,0.9984004,2.710791
72057594038042242,0,0.5746553,106253.1,0.4170213,0.5047604,2.702605,0.4185751,1.174661,2.687047,0.2790246,0.9660823,2.737829,0.1293523,0.8553462,2.750064,-0.03019543,0.777414,2.686287,-0.08323497,0.7519978,2.668421,0.543293,0.9473931,2.657433,0.4939378,0.800095,2.451809,0.4461946,0.678119,2.582087,0.4390049,0.6380869,2.591047,0.357412,0.4983682,2.686393,0.3106079,0.1614963,2.701928,0.3179724,-0.2201457,2.760798,0.4672629,0.5077471,2.656859,0.5073834,0.2015539,2.648254,0.5130209,-0.1790668,2.700886,0.4155707,0.9984004,2.710791
72057594038042242,0,0.5746553,106253.1,0.4170213,0.5047604,2.702605,0.4185751,1.174661,2.687047,0.2790246,0.9660823,2.737829,0.1293523,0.8553462,2.750064,-0.03019543,0.777414,2.686287,-0.08323497,0.7519978,2.668421,0.543293,0.9473931,2.657433,0.4939378,0.800095,2.451809,0.4461946,0.678119,2.582087,0.4390049,0.6380869,2.591047,0.357412,0.4983682,2.686393,0.3106079,0.1614963,2.701928,0.3179724,-0.2201457,2.760798,0.4672629,0.5077471,2.656859,0.5073834,0.2015539,2.648254,0.5130209,-0.1790668,2.700886,0.4155707,0.9984004,2.710791
72057594038042242,0,0.5746553,106253.1,0.4170213,0.5047604,2.702605,0.4185751,1.174661,2.687047,0.2790246,0.9660823,2.737829,0.1293523,0.8553462,2.750064,-0.03019543,0.777414,2.686287,-0.08323497,0.7519978,2.668421,0.543293,0.9473931,2.657433,0.4939378,0.800095,2.451809,0.4461946,0.678119,2.582087,0.4390049,0.6380869,2.591047,0.357412,0.4983682,2.686393,0.3106079,0.1614963,2.701928,0.3179724,-0.2201457,2.760798,0.4672629,0.5077471,2.656859,0.5073834,0.2015539,2.648254,0.5130209,-0.1790668,2.700886,0.4155707,0.9984004,2.710791
72057594038042242,0,0.5746553,106253.1,0.4170213,0.5047604,2.702605,0.4185751,1.174661,2.687047,0.2790246,0.9660823,2.737829,0.1293523,0.8553462,2.750064,-0.03019543,0.777414,2.686287,-0.08323497,0.7519978,2.668421,0.543293,0.9473931,2.657433,0.4939378,0.800095,2.451809,0.4461946,0.678119,2.582087,0.4390049,0.6380869,2.591047,0.357412,0.4983682,2.686393,0.3106079,0.1614963,2.701928,0.3179724,-0.2201457,2.760798,0.4672629,0.5077471,2.656859,0.5073834,0.2015539,2.648254,0.5130209,-0.1790668,2.700886,0.4155707,0.9984004,2.710791
72057594038042242,0,0.5746553,106253.1,0.4170213,0.5047604,2.702605,0.4185751,1.174661,2.687047,0.2790246,0.9660823,2.737829,0.1293523,0.8553462,2.750064,-0.03019543,0.777414,2.686287,-0.08323497,0.7519978,2.668421,0.543293,0.9473931,2.657433,0.4939378,0.800095,2.451809,0.4461946,0.678119,2.582087,0.4390049,0.6380869,2.591047,0.357412,0.4983682,2.686393,0.3106079,0.1614963,2.701928,0.3179724,-0.2201457,2.760798,0.4672629,0.5077471,2.656859,0.5073834,0.2015539,2.648254,0.5130209,-0.1790668,2.700886,0.4155707,0.9984004,2.710791
72057594038042242,0,0.5746553,106253.2,0.4170213,0.5047604,2.702605,0.4185751,1.174661,2.687047,0.2790246,0.9660823,2.737829,0.1293523,0.8553462,2.750064,-0.03019543,0.777414,2.686287,-0.08323497,0.7519978,2.668421,0.543293,0.9473931,2.657433,0.4939378,0.800095,2.451809,0.4461946,0.678119,2.582087,0.4390049,0.6380869,2.591047,0.357412,0.4983682,2.686393,0.3106079,0.1614963,2.701928,0.3179724,-0.2201457,2.760798,0.4672629,0.5077471,2.656859,0.5073834,0.2015539,2.648254,0.5130209,-0.1790668,2.700886,0.4155707,0.9984004,2.710791
72057594038042242,0,0.5746553,106253.2,0.4170213,0.5047604,2.702605,0.4185751,1.174661,2.687047,0.2790246,0.9660823,2.737829,0.1293523,0.8553462,2.750064,-0.03019543,0.777414,2.686287,-0.08323497,0.7519978,2.668421,0.543293,0.9473931,2.657433,0.4939378,0.800095,2.451809,0.4461946,0.678119,2.582087,0.4390049,0.6380869,2.591047,0.357412,0.4983682,2.686393,0.3106079,0.1614963,2.701928,0.3179724,-0.2201457,2.760798,0.4672629,0.5077471,2.656859,0.5073834,0.2015539,2.648254,0.5130209,-0.1790668,2.700886,0.4155707,0.9984004,2.710791
72057594038042242,0,0.5746553,106253.2,0.4170213,0.5047604,2.702605,0.4185751,1.174661,2.687047,0.2790246,0.9660823,2.737829,0.1293523,0.8553462,2.750064,-0.03019543,0.777414,2.686287,-0.08323497,0.7519978,2.668421,0.543293,0.9473931,2.657433,0.4939378,0.800095,2.451809,0.4461946,0.678119,2.582087,0.4390049,0.6380869,2.591047,0.357412,0.4983682,2.686393,0.3106079,0.1614963,2.701928,0.3179724,-0.2201457,2.760798,0.4672629,0.5077471,2.656859,0.5073834,0.2015539,2.648254,0.5130209,-0.1790668,2.700886,0.4155707,0.9984004,2.710791
72057594038042242,0,0.5744691,106253.2,0.4168112,0.504798,2.702656,0.4190831,1.175223,2.68355,0.2788575,0.9680164,2.735435,0.1285702,0.8615906,2.758471,-0.04328873,0.8100563,2.794526,-0.08011952,0.7726103,2.772426,0.5436224,0.9474665,2.655426,0.4929031,0.7954761,2.447744,0.444708,0.6714143,2.579875,0.4340165,0.631765,2.590283,0.3571972,0.4984577,2.686697,0.3108049,0.1616059,2.702347,0.3180181,-0.2195817,2.761902,0.4669227,0.5078136,2.656653,0.5075639,0.2017166,2.648256,0.5130304,-0.1791516,2.700897,0.4158648,0.9995526,2.707184
72057594038042242,0,0.5744691,106253.2,0.4168112,0.504798,2.702656,0.4190831,1.175223,2.68355,0.2788575,0.9680164,2.735435,0.1285702,0.8615906,2.758471,-0.04328873,0.8100563,2.794526,-0.08011952,0.7726103,2.772426,0.5436224,0.9474665,2.655426,0.4929031,0.7954761,2.447744,0.444708,0.6714143,2.579875,0.4340165,0.631765,2.590283,0.3571972,0.4984577,2.686697,0.3108049,0.1616059,2.702347,0.3180181,-0.2195817,2.761902,0.4669227,0.5078136,2.656653,0.5075639,0.2017166,2.648256,0.5130304,-0.1791516,2.700897,0.4158648,0.9995526,2.707184
72057594038042242,0,0.5744691,106253.2,0.4168112,0.504798,2.702656,0.4190831,1.175223,2.68355,0.2788575,0.9680164,2.735435,0.1285702,0.8615906,2.758471,-0.04328873,0.8100563,2.794526,-0.08011952,0.7726103,2.772426,0.5436224,0.9474665,2.655426,0.4929031,0.7954761,2.447744,0.444708,0.6714143,2.579875,0.4340165,0.631765,2.590283,0.3571972,0.4984577,2.686697,0.3108049,0.1616059,2.702347,0.3180181,-0.2195817,2.761902,0.4669227,0.5078136,2.656653,0.5075639,0.2017166,2.648256,0.5130304,-0.1791516,2.700897,0.4158648,0.9995526,2.707184
72057594038042242,0,0.5744691,106253.2,0.4168112,0.504798,2.702656,0.4190831,1.175223,2.68355,0.2788575,0.9680164,2.735435,0.1285702,0.8615906,2.758471,-0.04328873,0.8100563,2.794526,-0.08011952,0.7726103,2.772426,0.5436224,0.9474665,2.655426,0.4929031,0.7954761,2.447744,0.444708,0.6714143,2.579875,0.4340165,0.631765,2.590283,0.3571972,0.4984577,2.686697,0.3108049,0.1616059,2.702347,0.3180181,-0.2195817,2.761902,0.4669227,0.5078136,2.656653,0.5075639,0.2017166,2.648256,0.5130304,-0.1791516,2.700897,0.4158648,0.9995526,2.707184
72057594038042242,0,0.5744691,106253.2,0.4168112,0.504798,2.702656,0.4190831,1.175223,2.68355,0.2788575,0.9680164,2.735435,0.1285702,0.8615906,2.758471,-0.04328873,0.8100563,2.794526,-0.08011952,0.7726103,2.772426,0.5436224,0.9474665,2.655426,0.4929031,0.7954761,2.447744,0.444708,0.6714143,2.579875,0.4340165,0.631765,2.590283,0.3571972,0.4984577,2.686697,0.3108049,0.1616059,2.702347,0.3180181,-0.2195817,2.761902,0.4669227,0.5078136,2.656653,0.5075639,0.2017166,2.648256,0.5130304,-0.1791516,2.700897,0.4158648,0.9995526,2.707184
72057594038042242,0,0.5744691,106253.2,0.4168112,0.504798,2.702656,0.4190831,1.175223,2.68355,0.2788575,0.9680164,2.735435,0.1285702,0.8615906,2.758471,-0.04328873,0.8100563,2.794526,-0.08011952,0.7726103,2.772426,0.5436224,0.9474665,2.655426,0.4929031,0.7954761,2.447744,0.444708,0.6714143,2.579875,0.4340165,0.631765,2.590283,0.3571972,0.4984577,2.686697,0.3108049,0.1616059,2.702347,0.3180181,-0.2195817,2.761902,0.4669227,0.5078136,2.656653,0.5075639,0.2017166,2.648256,0.5130304,-0.1791516,2.700897,0.4158648,0.9995526,2.707184
72057594038042242,0,0.5744691,106253.2,0.4168112,0.504798,2.702656,0.4190831,1.175223,2.68355,0.2788575,0.9680164,2.735435,0.1285702,0.8615906,2.758471,-0.04328873,0.8100563,2.794526,-0.08011952,0.7726103,2.772426,0.5436224,0.9474665,2.655426,0.4929031,0.7954761,2.447744,0.444708,0.6714143,2.579875,0.4340165,0.631765,2.590283,0.3571972,0.4984577,2.686697,0.3108049,0.1616059,2.702347,0.3180181,-0.2195817,2.761902,0.4669227,0.5078136,2.656653,0.5075639,0.2017166,2.648256,0.5130304,-0.1791516,2.700897,0.4158648,0.9995526,2.707184
72057594038042242,0,0.5744691,106253.2,0.4168112,0.504798,2.702656,0.4190831,1.175223,2.68355,0.2788575,0.9680164,2.735435,0.1285702,0.8615906,2.758471,-0.04328873,0.8100563,2.794526,-0.08011952,0.7726103,2.772426,0.5436224,0.9474665,2.655426,0.4929031,0.7954761,2.447744,0.444708,0.6714143,2.579875,0.4340165,0.631765,2.590283,0.3571972,0.4984577,2.686697,0.3108049,0.1616059,2.702347,0.3180181,-0.2195817,2.761902,0.4669227,0.5078136,2.656653,0.5075639,0.2017166,2.648256,0.5130304,-0.1791516,2.700897,0.4158648,0.9995526,2.707184
72057594038042242,0,0.5744691,106253.2,0.4168112,0.504798,2.702656,0.4190831,1.175223,2.68355,0.2788575,0.9680164,2.735435,0.1285702,0.8615906,2.758471,-0.04328873,0.8100563,2.794526,-0.08011952,0.7726103,2.772426,0.5436224,0.9474665,2.655426,0.4929031,0.7954761,2.447744,0.444708,0.6714143,2.579875,0.4340165,0.631765,2.590283,0.3571972,0.4984577,2.686697,0.3108049,0.1616059,2.702347,0.3180181,-0.2195817,2.761902,0.4669227,0.5078136,2.656653,0.5075639,0.2017166,2.648256,0.5130304,-0.1791516,2.700897,0.4158648,0.9995526,2.707184
72057594038042242,0,0.5744691,106253.2,0.4168112,0.504798,2.702656,0.4190831,1.175223,2.68355,0.2788575,0.9680164,2.735435,0.1285702,0.8615906,2.758471,-0.04328873,0.8100563,2.794526,-0.08011952,0.7726103,2.772426,0.5436224,0.9474665,2.655426,0.4929031,0.7954761,2.447744,0.444708,0.6714143,2.579875,0.4340165,0.631765,2.590283,0.3571972,0.4984577,2.686697,0.3108049,0.1616059,2.702347,0.3180181,-0.2195817,2.761902,0.4669227,0.5078136,2.656653,0.5075639,0.2017166,2.648256,0.5130304,-0.1791516,2.700897,0.4158648,0.9995526,2.707184
72057594038042242,0,0.5744691,106253.2,0.4168112,0.504798,2.702656,0.4190831,1.175223,2.68355,0.2788575,0.9680164,2.735435,0.1285702,0.8615906,2.758471,-0.04328873,0.8100563,2.794526,-0.08011952,0.7726103,2.772426,0.5436224,0.9474665,2.655426,0.4929031,0.7954761,2.447744,0.444708,0.6714143,2.579875,0.4340165,0.631765,2.590283,0.3571972,0.4984577,2.686697,0.3108049,0.1616059,2.702347,0.3180181,-0.2195817,2.761902,0.4669227,0.5078136,2.656653,0.5075639,0.2017166,2.648256,0.5130304,-0.1791516,2.700897,0.4158648,0.9995526,2.707184
72057594038042242,0,0.5744877,106253.2,0.4166923,0.5046477,2.702477,0.4213581,1.175633,2.673355,0.2797667,0.9703676,2.729181,0.1323046,0.8703902,2.773838,-0.02101873,0.7730996,2.802586,-0.07747373,0.7663672,2.807663,0.5436351,0.9471599,2.653806,0.4921345,0.7952328,2.446264,0.4443204,0.6713985,2.579898,0.432175,0.6309367,2.584339,0.3570099,0.4983189,2.686593,0.3107838,0.1623611,2.702872,0.3178825,-0.2199384,2.762086,0.4668898,0.5076765,2.656324,0.5076185,0.2016341,2.648366,0.5129293,-0.1799991,2.700673,0.416911,0.9996389,2.703922
72057594038042242,0,0.5744877,106253.2,0.4166923,0.5046477,2.702477,0.4213581,1.175633,2.673355,0.2797667,0.9703676,2.729181,0.1323046,0.8703902,2.773838,-0.02101873,0.7730996,2.802586,-0.07747373,0.7663672,2.807663,0.5436351,0.9471599,2.653806,0.4921345,0.7952328,2.446264,0.4443204,0.6713985,2.579898,0.432175,0.6309367,2.584339,0.3570099,0.4983189,2.686593,0.3107838,0.1623611,2.702872,0.3178825,-0.2199384,2.762086,0.4668898,0.5076765,2.656324,0.5076185,0.2016341,2.648366,0.5129293,-0.1799991,2.700673,0.416911,0.9996389,2.703922
72057594038042242,0,0.5744877,106253.2,0.4166923,0.5046477,2.702477,0.4213581,1.175633,2.673355,0.2797667,0.9703676,2.729181,0.1323046,0.8703902,2.773838,-0.02101873,0.7730996,2.802586,-0.07747373,0.7663672,2.807663,0.5436351,0.9471599,2.653806,0.4921345,0.7952328,2.446264,0.4443204,0.6713985,2.579898,0.432175,0.6309367,2.584339,0.3570099,0.4983189,2.686593,0.3107838,0.1623611,2.702872,0.3178825,-0.2199384,2.762086,0.4668898,0.5076765,2.656324,0.5076185,0.2016341,2.648366,0.5129293,-0.1799991,2.700673,0.416911,0.9996389,2.703922
72057594038042242,0,0.5744877,106253.2,0.4166923,0.5046477,2.702477,0.4213581,1.175633,2.673355,0.2797667,0.9703676,2.729181,0.1323046,0.8703902,2.773838,-0.02101873,0.7730996,2.802586,-0.07747373,0.7663672,2.807663,0.5436351,0.9471599,2.653806,0.4921345,0.7952328,2.446264,0.4443204,0.6713985,2.579898,0.432175,0.6309367,2.584339,0.3570099,0.4983189,2.686593,0.3107838,0.1623611,2.702872,0.3178825,-0.2199384,2.762086,0.4668898,0.5076765,2.656324,0.5076185,0.2016341,2.648366,0.5129293,-0.1799991,2.700673,0.416911,0.9996389,2.703922
72057594038042242,0,0.5744877,106253.2,0.4166923,0.5046477,2.702477,0.4213581,1.175633,2.673355,0.2797667,0.9703676,2.729181,0.1323046,0.8703902,2.773838,-0.02101873,0.7730996,2.802586,-0.07747373,0.7663672,2.807663,0.5436351,0.9471599,2.653806,0.4921345,0.7952328,2.446264,0.4443204,0.6713985,2.579898,0.432175,0.6309367,2.584339,0.3570099,0.4983189,2.686593,0.3107838,0.1623611,2.702872,0.3178825,-0.2199384,2.762086,0.4668898,0.5076765,2.656324,0.5076185,0.2016341,2.648366,0.5129293,-0.1799991,2.700673,0.416911,0.9996389,2.703922
72057594038042242,0,0.5744877,106253.2,0.4166923,0.5046477,2.702477,0.4213581,1.175633,2.673355,0.2797667,0.9703676,2.729181,0.1323046,0.8703902,2.773838,-0.02101873,0.7730996,2.802586,-0.07747373,0.7663672,2.807663,0.5436351,0.9471599,2.653806,0.4921345,0.7952328,2.446264,0.4443204,0.6713985,2.579898,0.432175,0.6309367,2.584339,0.3570099,0.4983189,2.686593,0.3107838,0.1623611,2.702872,0.3178825,-0.2199384,2.762086,0.4668898,0.5076765,2.656324,0.5076185,0.2016341,2.648366,0.5129293,-0.1799991,2.700673,0.416911,0.9996389,2.703922
72057594038042242,0,0.5744877,106253.2,0.4166923,0.5046477,2.702477,0.4213581,1.175633,2.673355,0.2797667,0.9703676,2.729181,0.1323046,0.8703902,2.773838,-0.02101873,0.7730996,2.802586,-0.07747373,0.7663672,2.807663,0.5436351,0.9471599,2.653806,0.4921345,0.7952328,2.446264,0.4443204,0.6713985,2.579898,0.432175,0.6309367,2.584339,0.3570099,0.4983189,2.686593,0.3107838,0.1623611,2.702872,0.3178825,-0.2199384,2.762086,0.4668898,0.5076765,2.656324,0.5076185,0.2016341,2.648366,0.5129293,-0.1799991,2.700673,0.416911,0.9996389,2.703922
72057594038042242,0,0.5744877,106253.2,0.4166923,0.5046477,2.702477,0.4213581,1.175633,2.673355,0.2797667,0.9703676,2.729181,0.1323046,0.8703902,2.773838,-0.02101873,0.7730996,2.802586,-0.07747373,0.7663672,2.807663,0.5436351,0.9471599,2.653806,0.4921345,0.7952328,2.446264,0.4443204,0.6713985,2.579898,0.432175,0.6309367,2.584339,0.3570099,0.4983189,2.686593,0.3107838,0.1623611,2.702872,0.3178825,-0.2199384,2.762086,0.4668898,0.5076765,2.656324,0.5076185,0.2016341,2.648366,0.5129293,-0.1799991,2.700673,0.416911,0.9996389,2.703922
72057594038042242,0,0.5744877,106253.2,0.4166923,0.5046477,2.702477,0.4213581,1.175633,2.673355,0.2797667,0.9703676,2.729181,0.1323046,0.8703902,2.773838,-0.02101873,0.7730996,2.802586,-0.07747373,0.7663672,2.807663,0.5436351,0.9471599,2.653806,0.4921345,0.7952328,2.446264,0.4443204,0.6713985,2.579898,0.432175,0.6309367,2.584339,0.3570099,0.4983189,2.686593,0.3107838,0.1623611,2.702872,0.3178825,-0.2199384,2.762086,0.4668898,0.5076765,2.656324,0.5076185,0.2016341,2.648366,0.5129293,-0.1799991,2.700673,0.416911,0.9996389,2.703922
72057594038042242,0,0.5747905,106253.2,0.4166225,0.5041378,2.702088,0.4214031,1.177376,2.66442,0.2804419,0.971463,2.726583,0.1365304,0.8738918,2.784995,-0.01446995,0.7710239,2.808716,-0.07155846,0.7699728,2.808776,0.5436103,0.9470464,2.652998,0.4921318,0.7947365,2.445653,0.4435204,0.6736946,2.577383,0.4315858,0.6310973,2.582204,0.3569077,0.4982855,2.686507,0.3113643,0.1634276,2.703418,0.3180303,-0.2202186,2.762074,0.4670688,0.506196,2.655271,0.508,0.2003548,2.648921,0.512854,-0.1897351,2.698261,0.41715,1.00045,2.69805
72057594038042242,0,0.5747905,106253.2,0.4166225,0.5041378,2.702088,0.4214031,1.177376,2.66442,0.2804419,0.971463,2.726583,0.1365304,0.8738918,2.784995,-0.01446995,0.7710239,2.808716,-0.07155846,0.7699728,2.808776,0.5436103,0.9470464,2.652998,0.4921318,0.7947365,2.445653,0.4435204,0.6736946,2.577383,0.4315858,0.6310973,2.582204,0.3569077,0.4982855,2.686507,0.3113643,0.1634276,2.703418,0.3180303,-0.2202186,2.762074,0.4670688,0.506196,2.655271,0.508,0.2003548,2.648921,0.512854,-0.1897351,2.698261,0.41715,1.00045,2.69805
72057594038042242,0,0.5747905,106253.2,0.4166225,0.5041378,2.702088,0.4214031,1.177376,2.66442,0.2804419,0.971463,2.726583,0.1365304,0.8738918,2.784995,-0.01446995,0.7710239,2.808716,-0.07155846,0.7699728,2.808776,0.5436103,0.9470464,2.652998,0.4921318,0.7947365,2.445653,0.4435204,0.6736946,2.577383,0.4315858,0.6310973,2.582204,0.3569077,0.4982855,2.686507,0.3113643,0.1634276,2.703418,0.3180303,-0.2202186,2.762074,0.4670688,0.506196,2.655271,0.508,0.2003548,2.648921,0.512854,-0.1897351,2.698261,0.41715,1.00045,2.69805
72057594038042242,0,0.5747905,106253.2,0.4166225,0.5041378,2.702088,0.4214031,1.177376,2.66442,0.2804419,0.971463,2.726583,0.1365304,0.8738918,2.784995,-0.01446995,0.7710239,2.808716,-0.07155846,0.7699728,2.808776,0.5436103,0.9470464,2.652998,0.4921318,0.7947365,2.445653,0.4435204,0.6736946,2.577383,0.4315858,0.6310973,2.582204,0.3569077,0.4982855,2.686507,0.3113643,0.1634276,2.703418,0.3180303,-0.2202186,2.762074,0.4670688,0.506196,2.655271,0.508,0.2003548,2.648921,0.512854,-0.1897351,2.698261,0.41715,1.00045,2.69805
72057594038042242,0,0.5747905,106253.2,0.4166225,0.5041378,2.702088,0.4214031,1.177376,2.66442,0.2804419,0.971463,2.726583,0.1365304,0.8738918,2.784995,-0.01446995,0.7710239,2.808716,-0.07155846,0.7699728,2.808776,0.5436103,0.9470464,2.652998,0.4921318,0.7947365,2.445653,0.4435204,0.6736946,2.577383,0.4315858,0.6310973,2.582204,0.3569077,0.4982855,2.686507,0.3113643,0.1634276,2.703418,0.3180303,-0.2202186,2.762074,0.4670688,0.506196,2.655271,0.508,0.2003548,2.648921,0.512854,-0.1897351,2.698261,0.41715,1.00045,2.69805
72057594038042242,0,0.5747905,106253.2,0.4166225,0.5041378,2.702088,0.4214031,1.177376,2.66442,0.2804419,0.971463,2.726583,0.1365304,0.8738918,2.784995,-0.01446995,0.7710239,2.808716,-0.07155846,0.7699728,2.808776,0.5436103,0.9470464,2.652998,0.4921318,0.7947365,2.445653,0.4435204,0.6736946,2.577383,0.4315858,0.6310973,2.582204,0.3569077,0.4982855,2.686507,0.3113643,0.1634276,2.703418,0.3180303,-0.2202186,2.762074,0.4670688,0.506196,2.655271,0.508,0.2003548,2.648921,0.512854,-0.1897351,2.698261,0.41715,1.00045,2.69805
72057594038042242,0,0.5747905,106253.3,0.4166225,0.5041378,2.702088,0.4214031,1.177376,2.66442,0.2804419,0.971463,2.726583,0.1365304,0.8738918,2.784995,-0.01446995,0.7710239,2.808716,-0.07155846,0.7699728,2.808776,0.5436103,0.9470464,2.652998,0.4921318,0.7947365,2.445653,0.4435204,0.6736946,2.577383,0.4315858,0.6310973,2.582204,0.3569077,0.4982855,2.686507,0.3113643,0.1634276,2.703418,0.3180303,-0.2202186,2.762074,0.4670688,0.506196,2.655271,0.508,0.2003548,2.648921,0.512854,-0.1897351,2.698261,0.41715,1.00045,2.69805
72057594038042242,0,0.5747905,106253.3,0.4166225,0.5041378,2.702088,0.4214031,1.177376,2.66442,0.2804419,0.971463,2.726583,0.1365304,0.8738918,2.784995,-0.01446995,0.7710239,2.808716,-0.07155846,0.7699728,2.808776,0.5436103,0.9470464,2.652998,0.4921318,0.7947365,2.445653,0.4435204,0.6736946,2.577383,0.4315858,0.6310973,2.582204,0.3569077,0.4982855,2.686507,0.3113643,0.1634276,2.703418,0.3180303,-0.2202186,2.762074,0.4670688,0.506196,2.655271,0.508,0.2003548,2.648921,0.512854,-0.1897351,2.698261,0.41715,1.00045,2.69805
72057594038042242,0,0.5747905,106253.3,0.4166225,0.5041378,2.702088,0.4214031,1.177376,2.66442,0.2804419,0.971463,2.726583,0.1365304,0.8738918,2.784995,-0.01446995,0.7710239,2.808716,-0.07155846,0.7699728,2.808776,0.5436103,0.9470464,2.652998,0.4921318,0.7947365,2.445653,0.4435204,0.6736946,2.577383,0.4315858,0.6310973,2.582204,0.3569077,0.4982855,2.686507,0.3113643,0.1634276,2.703418,0.3180303,-0.2202186,2.762074,0.4670688,0.506196,2.655271,0.508,0.2003548,2.648921,0.512854,-0.1897351,2.698261,0.41715,1.00045,2.69805
72057594038042242,0,0.5747905,106253.3,0.4166225,0.5041378,2.702088,0.4214031,1.177376,2.66442,0.2804419,0.971463,2.726583,0.1365304,0.8738918,2.784995,-0.01446995,0.7710239,2.808716,-0.07155846,0.7699728,2.808776,0.5436103,0.9470464,2.652998,0.4921318,0.7947365,2.445653,0.4435204,0.6736946,2.577383,0.4315858,0.6310973,2.582204,0.3569077,0.4982855,2.686507,0.3113643,0.1634276,2.703418,0.3180303,-0.2202186,2.762074,0.4670688,0.506196,2.655271,0.508,0.2003548,2.648921,0.512854,-0.1897351,2.698261,0.41715,1.00045,2.69805
72057594038042242,0,0.5747905,106253.3,0.4166225,0.5041378,2.702088,0.4214031,1.177376,2.66442,0.2804419,0.971463,2.726583,0.1365304,0.8738918,2.784995,-0.01446995,0.7710239,2.808716,-0.07155846,0.7699728,2.808776,0.5436103,0.9470464,2.652998,0.4921318,0.7947365,2.445653,0.4435204,0.6736946,2.577383,0.4315858,0.6310973,2.582204,0.3569077,0.4982855,2.686507,0.3113643,0.1634276,2.703418,0.3180303,-0.2202186,2.762074,0.4670688,0.506196,2.655271,0.508,0.2003548,2.648921,0.512854,-0.1897351,2.698261,0.41715,1.00045,2.69805
72057594038042242,0,0.5747905,106253.3,0.4166225,0.5041378,2.702088,0.4214031,1.177376,2.66442,0.2804419,0.971463,2.726583,0.1365304,0.8738918,2.784995,-0.01446995,0.7710239,2.808716,-0.07155846,0.7699728,2.808776,0.5436103,0.9470464,2.652998,0.4921318,0.7947365,2.445653,0.4435204,0.6736946,2.577383,0.4315858,0.6310973,2.582204,0.3569077,0.4982855,2.686507,0.3113643,0.1634276,2.703418,0.3180303,-0.2202186,2.762074,0.4670688,0.506196,2.655271,0.508,0.2003548,2.648921,0.512854,-0.1897351,2.698261,0.41715,1.00045,2.69805
72057594038042242,0,0.5750566,106253.3,0.4166058,0.5037825,2.701288,0.4221135,1.177334,2.659882,0.2802542,0.9718795,2.725703,0.1358227,0.87462,2.796745,-0.003106104,0.7644999,2.842506,-0.05571328,0.7603756,2.864193,0.5435886,0.9469453,2.652148,0.490874,0.7944094,2.445131,0.4397311,0.6760142,2.575184,0.4299823,0.6366827,2.579595,0.3568435,0.4980642,2.686227,0.31152,0.1637825,2.703494,0.3180601,-0.2201826,2.762071,0.4671578,0.5058955,2.653709,0.5090015,0.200374,2.649112,0.5131962,-0.1867524,2.69898,0.4172284,1.000793,2.694511
72057594038042242,0,0.5750566,106253.3,0.4166058,0.5037825,2.701288,0.4221135,1.177334,2.659882,0.2802542,0.9718795,2.725703,0.1358227,0.87462,2.796745,-0.003106104,0.7644999,2.842506,-0.05571328,0.7603756,2.864193,0.5435886,0.9469453,2.652148,0.490874,0.7944094,2.445131,0.4397311,0.6760142,2.575184,0.4299823,0.6366827,2.579595,0.3568435,0.4980642,2.686227,0.31152,0.1637825,2.703494,0.3180601,-0.2201826,2.762071,0.4671578,0.5058955,2.653709,0.5090015,0.200374,2.649112,0.5131962,-0.1867524,2.69898,0.4172284,1.000793,2.694511
72057594038042242,0,0.5750566,106253.3,0.4166058,0.5037825,2.701288,0.4221135,1.177334,2.659882,0.2802542,0.9718795,2.725703,0.1358227,0.87462,2.796745,-0.003106104,0.7644999,2.842506,-0.05571328,0.7603756,2.864193,0.5435886,0.9469453,2.652148,0.490874,0.7944094,2.445131,0.4397311,0.6760142,2.575184,0.4299823,0.6366827,2.579595,0.3568435,0.4980642,2.686227,0.31152,0.1637825,2.703494,0.3180601,-0.2201826,2.762071,0.4671578,0.5058955,2.653709,0.5090015,0.200374,2.649112,0.5131962,-0.1867524,2.69898,0.4172284,1.000793,2.694511
72057594038042242,0,0.5750566,106253.3,0.4166058,0.5037825,2.701288,0.4221135,1.177334,2.659882,0.2802542,0.9718795,2.725703,0.1358227,0.87462,2.796745,-0.003106104,0.7644999,2.842506,-0.05571328,0.7603756,2.864193,0.5435886,0.9469453,2.652148,0.490874,0.7944094,2.445131,0.4397311,0.6760142,2.575184,0.4299823,0.6366827,2.579595,0.3568435,0.4980642,2.686227,0.31152,0.1637825,2.703494,0.3180601,-0.2201826,2.762071,0.4671578,0.5058955,2.653709,0.5090015,0.200374,2.649112,0.5131962,-0.1867524,2.69898,0.4172284,1.000793,2.694511
72057594038042242,0,0.5750566,106253.3,0.4166058,0.5037825,2.701288,0.4221135,1.177334,2.659882,0.2802542,0.9718795,2.725703,0.1358227,0.87462,2.796745,-0.003106104,0.7644999,2.842506,-0.05571328,0.7603756,2.864193,0.5435886,0.9469453,2.652148,0.490874,0.7944094,2.445131,0.4397311,0.6760142,2.575184,0.4299823,0.6366827,2.579595,0.3568435,0.4980642,2.686227,0.31152,0.1637825,2.703494,0.3180601,-0.2201826,2.762071,0.4671578,0.5058955,2.653709,0.5090015,0.200374,2.649112,0.5131962,-0.1867524,2.69898,0.4172284,1.000793,2.694511
72057594038042242,0,0.5750566,106253.3,0.4166058,0.5037825,2.701288,0.4221135,1.177334,2.659882,0.2802542,0.9718795,2.725703,0.1358227,0.87462,2.796745,-0.003106104,0.7644999,2.842506,-0.05571328,0.7603756,2.864193,0.5435886,0.9469453,2.652148,0.490874,0.7944094,2.445131,0.4397311,0.6760142,2.575184,0.4299823,0.6366827,2.579595,0.3568435,0.4980642,2.686227,0.31152,0.1637825,2.703494,0.3180601,-0.2201826,2.762071,0.4671578,0.5058955,2.653709,0.5090015,0.200374,2.649112,0.5131962,-0.1867524,2.69898,0.4172284,1.000793,2.694511
72057594038042242,0,0.5750566,106253.3,0.4166058,0.5037825,2.701288,0.4221135,1.177334,2.659882,0.2802542,0.9718795,2.725703,0.1358227,0.87462,2.796745,-0.003106104,0.7644999,2.842506,-0.05571328,0.7603756,2.864193,0.5435886,0.9469453,2.652148,0.490874,0.7944094,2.445131,0.4397311,0.6760142,2.575184,0.4299823,0.6366827,2.579595,0.3568435,0.4980642,2.686227,0.31152,0.1637825,2.703494,0.3180601,-0.2201826,2.762071,0.4671578,0.5058955,2.653709,0.5090015,0.200374,2.649112,0.5131962,-0.1867524,2.69898,0.4172284,1.000793,2.694511
72057594038042242,0,0.5750566,106253.3,0.4166058,0.5037825,2.701288,0.4221135,1.177334,2.659882,0.2802542,0.9718795,2.725703,0.1358227,0.87462,2.796745,-0.003106104,0.7644999,2.842506,-0.05571328,0.7603756,2.864193,0.5435886,0.9469453,2.652148,0.490874,0.7944094,2.445131,0.4397311,0.6760142,2.575184,0.4299823,0.6366827,2.579595,0.3568435,0.4980642,2.686227,0.31152,0.1637825,2.703494,0.3180601,-0.2201826,2.762071,0.4671578,0.5058955,2.653709,0.5090015,0.200374,2.649112,0.5131962,-0.1867524,2.69898,0.4172284,1.000793,2.694511
72057594038042242,0,0.5750566,106253.3,0.4166058,0.5037825,2.701288,0.4221135,1.177334,2.659882,0.2802542,0.9718795,2.725703,0.1358227,0.87462,2.796745,-0.003106104,0.7644999,2.842506,-0.05571328,0.7603756,2.864193,0.5435886,0.9469453,2.652148,0.490874,0.7944094,2.445131,0.4397311,0.6760142,2.575184,0.4299823,0.6366827,2.579595,0.3568435,0.4980642,2.686227,0.31152,0.1637825,2.703494,0.3180601,-0.2201826,2.762071,0.4671578,0.5058955,2.653709,0.5090015,0.200374,2.649112,0.5131962,-0.1867524,2.69898,0.4172284,1.000793,2.694511
72057594038042242,0,0.5750566,106253.3,0.4166058,0.5037825,2.701288,0.4221135,1.177334,2.659882,0.2802542,0.9718795,2.725703,0.1358227,0.87462,2.796745,-0.003106104,0.7644999,2.842506,-0.05571328,0.7603756,2.864193,0.5435886,0.9469453,2.652148,0.490874,0.7944094,2.445131,0.4397311,0.6760142,2.575184,0.4299823,0.6366827,2.579595,0.3568435,0.4980642,2.686227,0.31152,0.1637825,2.703494,0.3180601,-0.2201826,2.762071,0.4671578,0.5058955,2.653709,0.5090015,0.200374,2.649112,0.5131962,-0.1867524,2.69898,0.4172284,1.000793,2.694511
72057594038042242,0,0.576334,106253.3,0.4173343,0.5028155,2.699695,0.4224105,1.177402,2.654548,0.2802907,0.9718871,2.725124,0.1366878,0.8755383,2.802229,-0.0005014557,0.766437,2.854206,-0.05453842,0.7551538,2.868797,0.5435692,0.9466824,2.651236,0.489051,0.7913271,2.446672,0.4371095,0.6732711,2.573828,0.4290492,0.6303439,2.581932,0.3572713,0.4972816,2.685112,0.3120071,0.1624587,2.703961,0.3180646,-0.220181,2.762069,0.4681693,0.5049941,2.651726,0.5094365,0.1996398,2.649433,0.5132748,-0.1864771,2.698997,0.4183321,1.000452,2.689755
72057594038042242,0,0.576334,106253.3,0.4173343,0.5028155,2.699695,0.4224105,1.177402,2.654548,0.2802907,0.9718871,2.725124,0.1366878,0.8755383,2.802229,-0.0005014557,0.766437,2.854206,-0.05453842,0.7551538,2.868797,0.5435692,0.9466824,2.651236,0.489051,0.7913271,2.446672,0.4371095,0.6732711,2.573828,0.4290492,0.6303439,2.581932,0.3572713,0.4972816,2.685112,0.3120071,0.1624587,2.703961,0.3180646,-0.220181,2.762069,0.4681693,0.5049941,2.651726,0.5094365,0.1996398,2.649433,0.5132748,-0.1864771,2.698997,0.4183321,1.000452,2.689755
72057594038042242,0,0.576334,106253.3,0.4173343,0.5028155,2.699695,0.4224105,1.177402,2.654548,0.2802907,0.9718871,2.725124,0.1366878,0.8755383,2.802229,-0.0005014557,0.766437,2.854206,-0.05453842,0.7551538,2.868797,0.5435692,0.9466824,2.651236,0.489051,0.7913271,2.446672,0.4371095,0.6732711,2.573828,0.4290492,0.6303439,2.581932,0.3572713,0.4972816,2.685112,0.3120071,0.1624587,2.703961,0.3180646,-0.220181,2.762069,0.4681693,0.5049941,2.651726,0.5094365,0.1996398,2.649433,0.5132748,-0.1864771,2.698997,0.4183321,1.000452,2.689755
72057594038042242,0,0.576334,106253.3,0.4173343,0.5028155,2.699695,0.4224105,1.177402,2.654548,0.2802907,0.9718871,2.725124,0.1366878,0.8755383,2.802229,-0.0005014557,0.766437,2.854206,-0.05453842,0.7551538,2.868797,0.5435692,0.9466824,2.651236,0.489051,0.7913271,2.446672,0.4371095,0.6732711,2.573828,0.4290492,0.6303439,2.581932,0.3572713,0.4972816,2.685112,0.3120071,0.1624587,2.703961,0.3180646,-0.220181,2.762069,0.4681693,0.5049941,2.651726,0.5094365,0.1996398,2.649433,0.5132748,-0.1864771,2.698997,0.4183321,1.000452,2.689755
72057594038042242,0,0.576334,106253.3,0.4173343,0.5028155,2.699695,0.4224105,1.177402,2.654548,0.2802907,0.9718871,2.725124,0.1366878,0.8755383,2.802229,-0.0005014557,0.766437,2.854206,-0.05453842,0.7551538,2.868797,0.5435692,0.9466824,2.651236,0.489051,0.7913271,2.446672,0.4371095,0.6732711,2.573828,0.4290492,0.6303439,2.581932,0.3572713,0.4972816,2.685112,0.3120071,0.1624587,2.703961,0.3180646,-0.220181,2.762069,0.4681693,0.5049941,2.651726,0.5094365,0.1996398,2.649433,0.5132748,-0.1864771,2.698997,0.4183321,1.000452,2.689755
72057594038042242,0,0.576334,106253.3,0.4173343,0.5028155,2.699695,0.4224105,1.177402,2.654548,0.2802907,0.9718871,2.725124,0.1366878,0.8755383,2.802229,-0.0005014557,0.766437,2.854206,-0.05453842,0.7551538,2.868797,0.5435692,0.9466824,2.651236,0.489051,0.7913271,2.446672,0.4371095,0.6732711,2.573828,0.4290492,0.6303439,2.581932,0.3572713,0.4972816,2.685112,0.3120071,0.1624587,2.703961,0.3180646,-0.220181,2.762069,0.4681693,0.5049941,2.651726,0.5094365,0.1996398,2.649433,0.5132748,-0.1864771,2.698997,0.4183321,1.000452,2.689755
72057594038042242,0,0.576334,106253.3,0.4173343,0.5028155,2.699695,0.4224105,1.177402,2.654548,0.2802907,0.9718871,2.725124,0.1366878,0.8755383,2.802229,-0.0005014557,0.766437,2.854206,-0.05453842,0.7551538,2.868797,0.5435692,0.9466824,2.651236,0.489051,0.7913271,2.446672,0.4371095,0.6732711,2.573828,0.4290492,0.6303439,2.581932,0.3572713,0.4972816,2.685112,0.3120071,0.1624587,2.703961,0.3180646,-0.220181,2.762069,0.4681693,0.5049941,2.651726,0.5094365,0.1996398,2.649433,0.5132748,-0.1864771,2.698997,0.4183321,1.000452,2.689755
72057594038042242,0,0.576334,106253.3,0.4173343,0.5028155,2.699695,0.4224105,1.177402,2.654548,0.2802907,0.9718871,2.725124,0.1366878,0.8755383,2.802229,-0.0005014557,0.766437,2.854206,-0.05453842,0.7551538,2.868797,0.5435692,0.9466824,2.651236,0.489051,0.7913271,2.446672,0.4371095,0.6732711,2.573828,0.4290492,0.6303439,2.581932,0.3572713,0.4972816,2.685112,0.3120071,0.1624587,2.703961,0.3180646,-0.220181,2.762069,0.4681693,0.5049941,2.651726,0.5094365,0.1996398,2.649433,0.5132748,-0.1864771,2.698997,0.4183321,1.000452,2.689755
72057594038042242,0,0.576334,106253.3,0.4173343,0.5028155,2.699695,0.4224105,1.177402,2.654548,0.2802907,0.9718871,2.725124,0.1366878,0.8755383,2.802229,-0.0005014557,0.766437,2.854206,-0.05453842,0.7551538,2.868797,0.5435692,0.9466824,2.651236,0.489051,0.7913271,2.446672,0.4371095,0.6732711,2.573828,0.4290492,0.6303439,2.581932,0.3572713,0.4972816,2.685112,0.3120071,0.1624587,2.703961,0.3180646,-0.220181,2.762069,0.4681693,0.5049941,2.651726,0.5094365,0.1996398,2.649433,0.5132748,-0.1864771,2.698997,0.4183321,1.000452,2.689755
72057594038042242,0,0.5780651,106253.3,0.4179819,0.5010659,2.698137,0.422212,1.177182,2.651181,0.2806276,0.9721949,2.724541,0.1379214,0.8744047,2.806866,-0.00166765,0.7882574,2.883873,-0.0480255,0.760126,2.912934,0.543625,0.9462205,2.65025,0.4890462,0.7906034,2.445686,0.4373213,0.6735659,2.573164,0.4295998,0.6300324,2.583797,0.3575532,0.4960623,2.683706,0.3120952,0.1614895,2.70373,0.3176024,-0.2214791,2.76172,0.4691927,0.5028846,2.650127,0.5101767,0.1976548,2.649083,0.513282,-0.1864857,2.699,0.4186802,0.9994552,2.686593
72057594038042242,0,0.5780651,106253.3,0.4179819,0.5010659,2.698137,0.422212,1.177182,2.651181,0.2806276,0.9721949,2.724541,0.1379214,0.8744047,2.806866,-0.00166765,0.7882574,2.883873,-0.0480255,0.760126,2.912934,0.543625,0.9462205,2.65025,0.4890462,0.7906034,2.445686,0.4373213,0.6735659,2.573164,0.4295998,0.6300324,2.583797,0.3575532,0.4960623,2.683706,0.3120952,0.1614895,2.70373,0.3176024,-0.2214791,2.76172,0.4691927,0.5028846,2.650127,0.5101767,0.1976548,2.649083,0.513282,-0.1864857,2.699,0.4186802,0.9994552,2.686593
72057594038042242,0,0.5780651,106253.3,0.4179819,0.5010659,2.698137,0.422212,1.177182,2.651181,0.2806276,0.9721949,2.724541,0.1379214,0.8744047,2.806866,-0.00166765,0.7882574,2.883873,-0.0480255,0.760126,2.912934,0.543625,0.9462205,2.65025,0.4890462,0.7906034,2.445686,0.4373213,0.6735659,2.573164,0.4295998,0.6300324,2.583797,0.3575532,0.4960623,2.683706,0.3120952,0.1614895,2.70373,0.3176024,-0.2214791,2.76172,0.4691927,0.5028846,2.650127,0.5101767,0.1976548,2.649083,0.513282,-0.1864857,2.699,0.4186802,0.9994552,2.686593
72057594038042242,0,0.5780651,106253.3,0.4179819,0.5010659,2.698137,0.422212,1.177182,2.651181,0.2806276,0.9721949,2.724541,0.1379214,0.8744047,2.806866,-0.00166765,0.7882574,2.883873,-0.0480255,0.760126,2.912934,0.543625,0.9462205,2.65025,0.4890462,0.7906034,2.445686,0.4373213,0.6735659,2.573164,0.4295998,0.6300324,2.583797,0.3575532,0.4960623,2.683706,0.3120952,0.1614895,2.70373,0.3176024,-0.2214791,2.76172,0.4691927,0.5028846,2.650127,0.5101767,0.1976548,2.649083,0.513282,-0.1864857,2.699,0.4186802,0.9994552,2.686593
72057594038042242,0,0.5780651,106253.3,0.4179819,0.5010659,2.698137,0.422212,1.177182,2.651181,0.2806276,0.9721949,2.724541,0.1379214,0.8744047,2.806866,-0.00166765,0.7882574,2.883873,-0.0480255,0.760126,2.912934,0.543625,0.9462205,2.65025,0.4890462,0.7906034,2.445686,0.4373213,0.6735659,2.573164,0.4295998,0.6300324,2.583797,0.3575532,0.4960623,2.683706,0.3120952,0.1614895,2.70373,0.3176024,-0.2214791,2.76172,0.4691927,0.5028846,2.650127,0.5101767,0.1976548,2.649083,0.513282,-0.1864857,2.699,0.4186802,0.9994552,2.686593
72057594038042242,0,0.5780651,106253.3,0.4179819,0.5010659,2.698137,0.422212,1.177182,2.651181,0.2806276,0.9721949,2.724541,0.1379214,0.8744047,2.806866,-0.00166765,0.7882574,2.883873,-0.0480255,0.760126,2.912934,0.543625,0.9462205,2.65025,0.4890462,0.7906034,2.445686,0.4373213,0.6735659,2.573164,0.4295998,0.6300324,2.583797,0.3575532,0.4960623,2.683706,0.3120952,0.1614895,2.70373,0.3176024,-0.2214791,2.76172,0.4691927,0.5028846,2.650127,0.5101767,0.1976548,2.649083,0.513282,-0.1864857,2.699,0.4186802,0.9994552,2.686593
72057594038042242,0,0.5780651,106253.4,0.4179819,0.5010659,2.698137,0.422212,1.177182,2.651181,0.2806276,0.9721949,2.724541,0.1379214,0.8744047,2.806866,-0.00166765,0.7882574,2.883873,-0.0480255,0.760126,2.912934,0.543625,0.9462205,2.65025,0.4890462,0.7906034,2.445686,0.4373213,0.6735659,2.573164,0.4295998,0.6300324,2.583797,0.3575532,0.4960623,2.683706,0.3120952,0.1614895,2.70373,0.3176024,-0.2214791,2.76172,0.4691927,0.5028846,2.650127,0.5101767,0.1976548,2.649083,0.513282,-0.1864857,2.699,0.4186802,0.9994552,2.686593
72057594038042242,0,0.5780651,106253.4,0.4179819,0.5010659,2.698137,0.422212,1.177182,2.651181,0.2806276,0.9721949,2.724541,0.1379214,0.8744047,2.806866,-0.00166765,0.7882574,2.883873,-0.0480255,0.760126,2.912934,0.543625,0.9462205,2.65025,0.4890462,0.7906034,2.445686,0.4373213,0.6735659,2.573164,0.4295998,0.6300324,2.583797,0.3575532,0.4960623,2.683706,0.3120952,0.1614895,2.70373,0.3176024,-0.2214791,2.76172,0.4691927,0.5028846,2.650127,0.5101767,0.1976548,2.649083,0.513282,-0.1864857,2.699,0.4186802,0.9994552,2.686593
72057594038042242,0,0.5780651,106253.4,0.4179819,0.5010659,2.698137,0.422212,1.177182,2.651181,0.2806276,0.9721949,2.724541,0.1379214,0.8744047,2.806866,-0.00166765,0.7882574,2.883873,-0.0480255,0.760126,2.912934,0.543625,0.9462205,2.65025,0.4890462,0.7906034,2.445686,0.4373213,0.6735659,2.573164,0.4295998,0.6300324,2.583797,0.3575532,0.4960623,2.683706,0.3120952,0.1614895,2.70373,0.3176024,-0.2214791,2.76172,0.4691927,0.5028846,2.650127,0.5101767,0.1976548,2.649083,0.513282,-0.1864857,2.699,0.4186802,0.9994552,2.686593
72057594038042242,0,0.5780651,106253.4,0.4179819,0.5010659,2.698137,0.422212,1.177182,2.651181,0.2806276,0.9721949,2.724541,0.1379214,0.8744047,2.806866,-0.00166765,0.7882574,2.883873,-0.0480255,0.760126,2.912934,0.543625,0.9462205,2.65025,0.4890462,0.7906034,2.445686,0.4373213,0.6735659,2.573164,0.4295998,0.6300324,2.583797,0.3575532,0.4960623,2.683706,0.3120952,0.1614895,2.70373,0.3176024,-0.2214791,2.76172,0.4691927,0.5028846,2.650127,0.5101767,0.1976548,2.649083,0.513282,-0.1864857,2.699,0.4186802,0.9994552,2.686593
72057594038042242,0,0.5780651,106253.4,0.4179819,0.5010659,2.698137,0.422212,1.177182,2.651181,0.2806276,0.9721949,2.724541,0.1379214,0.8744047,2.806866,-0.00166765,0.7882574,2.883873,-0.0480255,0.760126,2.912934,0.543625,0.9462205,2.65025,0.4890462,0.7906034,2.445686,0.4373213,0.6735659,2.573164,0.4295998,0.6300324,2.583797,0.3575532,0.4960623,2.683706,0.3120952,0.1614895,2.70373,0.3176024,-0.2214791,2.76172,0.4691927,0.5028846,2.650127,0.5101767,0.1976548,2.649083,0.513282,-0.1864857,2.699,0.4186802,0.9994552,2.686593
72057594038042242,0,0.5789776,106253.4,0.4187037,0.5006028,2.697117,0.4222341,1.177499,2.647523,0.2806262,0.9722026,2.724596,0.1393794,0.8711935,2.812807,0.0009917374,0.7776185,2.884431,-0.03351057,0.7321161,2.886561,0.5438284,0.9461592,2.649918,0.4887777,0.7903147,2.445392,0.5443009,0.5750419,2.552007,0.5258665,0.5304804,2.564548,0.357934,0.4958845,2.683126,0.3136583,0.1606648,2.702652,0.3181609,-0.2216618,2.761274,0.4702943,0.5021503,2.648607,0.5133172,0.1971976,2.647079,0.513393,-0.189203,2.698111,0.4185627,0.9994305,2.686246
72057594038042242,0,0.5789776,106253.4,0.4187037,0.5006028,2.697117,0.4222341,1.177499,2.647523,0.2806262,0.9722026,2.724596,0.1393794,0.8711935,2.812807,0.0009917374,0.7776185,2.884431,-0.03351057,0.7321161,2.886561,0.5438284,0.9461592,2.649918,0.4887777,0.7903147,2.445392,0.5443009,0.5750419,2.552007,0.5258665,0.5304804,2.564548,0.357934,0.4958845,2.683126,0.3136583,0.1606648,2.702652,0.3181609,-0.2216618,2.761274,0.4702943,0.5021503,2.648607,0.5133172,0.1971976,2.647079,0.513393,-0.189203,2.698111,0.4185627,0.9994305,2.686246
72057594038042242,0,0.5789776,106253.4,0.4187037,0.5006028,2.697117,0.4222341,1.177499,2.647523,0.2806262,0.9722026,2.724596,0.1393794,0.8711935,2.812807,0.0009917374,0.7776185,2.884431,-0.03351057,0.7321161,2.886561,0.5438284,0.9461592,2.649918,0.4887777,0.7903147,2.445392,0.5443009,0.5750419,2.552007,0.5258665,0.5304804,2.564548,0.357934,0.4958845,2.683126,0.3136583,0.1606648,2.702652,0.3181609,-0.2216618,2.761274,0.4702943,0.5021503,2.648607,0.5133172,0.1971976,2.647079,0.513393,-0.189203,2.698111,0.4185627,0.9994305,2.686246
72057594038042242,0,0.5789776,106253.4,0.4187037,0.5006028,2.697117,0.4222341,1.177499,2.647523,0.2806262,0.9722026,2.724596,0.1393794,0.8711935,2.812807,0.0009917374,0.7776185,2.884431,-0.03351057,0.7321161,2.886561,0.5438284,0.9461592,2.649918,0.4887777,0.7903147,2.445392,0.5443009,0.5750419,2.552007,0.5258665,0.5304804,2.564548,0.357934,0.4958845,2.683126,0.3136583,0.1606648,2.702652,0.3181609,-0.2216618,2.761274,0.4702943,0.5021503,2.648607,0.5133172,0.1971976,2.647079,0.513393,-0.189203,2.698111,0.4185627,0.9994305,2.686246
72057594038042242,0,0.5789776,106253.4,0.4187037,0.5006028,2.697117,0.4222341,1.177499,2.647523,0.2806262,0.9722026,2.724596,0.1393794,0.8711935,2.812807,0.0009917374,0.7776185,2.884431,-0.03351057,0.7321161,2.886561,0.5438284,0.9461592,2.649918,0.4887777,0.7903147,2.445392,0.5443009,0.5750419,2.552007,0.5258665,0.5304804,2.564548,0.357934,0.4958845,2.683126,0.3136583,0.1606648,2.702652,0.3181609,-0.2216618,2.761274,0.4702943,0.5021503,2.648607,0.5133172,0.1971976,2.647079,0.513393,-0.189203,2.698111,0.4185627,0.9994305,2.686246
72057594038042242,0,0.5789776,106253.4,0.4187037,0.5006028,2.697117,0.4222341,1.177499,2.647523,0.2806262,0.9722026,2.724596,0.1393794,0.8711935,2.812807,0.0009917374,0.7776185,2.884431,-0.03351057,0.7321161,2.886561,0.5438284,0.9461592,2.649918,0.4887777,0.7903147,2.445392,0.5443009,0.5750419,2.552007,0.5258665,0.5304804,2.564548,0.357934,0.4958845,2.683126,0.3136583,0.1606648,2.702652,0.3181609,-0.2216618,2.761274,0.4702943,0.5021503,2.648607,0.5133172,0.1971976,2.647079,0.513393,-0.189203,2.698111,0.4185627,0.9994305,2.686246
72057594038042242,0,0.5789776,106253.4,0.4187037,0.5006028,2.697117,0.4222341,1.177499,2.647523,0.2806262,0.9722026,2.724596,0.1393794,0.8711935,2.812807,0.0009917374,0.7776185,2.884431,-0.03351057,0.7321161,2.886561,0.5438284,0.9461592,2.649918,0.4887777,0.7903147,2.445392,0.5443009,0.5750419,2.552007,0.5258665,0.5304804,2.564548,0.357934,0.4958845,2.683126,0.3136583,0.1606648,2.702652,0.3181609,-0.2216618,2.761274,0.4702943,0.5021503,2.648607,0.5133172,0.1971976,2.647079,0.513393,-0.189203,2.698111,0.4185627,0.9994305,2.686246
72057594038042242,0,0.5789776,106253.4,0.4187037,0.5006028,2.697117,0.4222341,1.177499,2.647523,0.2806262,0.9722026,2.724596,0.1393794,0.8711935,2.812807,0.0009917374,0.7776185,2.884431,-0.03351057,0.7321161,2.886561,0.5438284,0.9461592,2.649918,0.4887777,0.7903147,2.445392,0.5443009,0.5750419,2.552007,0.5258665,0.5304804,2.564548,0.357934,0.4958845,2.683126,0.3136583,0.1606648,2.702652,0.3181609,-0.2216618,2.761274,0.4702943,0.5021503,2.648607,0.5133172,0.1971976,2.647079,0.513393,-0.189203,2.698111,0.4185627,0.9994305,2.686246
72057594038042242,0,0.5789776,106253.4,0.4187037,0.5006028,2.697117,0.4222341,1.177499,2.647523,0.2806262,0.9722026,2.724596,0.1393794,0.8711935,2.812807,0.0009917374,0.7776185,2.884431,-0.03351057,0.7321161,2.886561,0.5438284,0.9461592,2.649918,0.4887777,0.7903147,2.445392,0.5443009,0.5750419,2.552007,0.5258665,0.5304804,2.564548,0.357934,0.4958845,2.683126,0.3136583,0.1606648,2.702652,0.3181609,-0.2216618,2.761274,0.4702943,0.5021503,2.648607,0.5133172,0.1971976,2.647079,0.513393,-0.189203,2.698111,0.4185627,0.9994305,2.686246
72057594038042242,0,0.5789776,106253.4,0.4187037,0.5006028,2.697117,0.4222341,1.177499,2.647523,0.2806262,0.9722026,2.724596,0.1393794,0.8711935,2.812807,0.0009917374,0.7776185,2.884431,-0.03351057,0.7321161,2.886561,0.5438284,0.9461592,2.649918,0.4887777,0.7903147,2.445392,0.5443009,0.5750419,2.552007,0.5258665,0.5304804,2.564548,0.357934,0.4958845,2.683126,0.3136583,0.1606648,2.702652,0.3181609,-0.2216618,2.761274,0.4702943,0.5021503,2.648607,0.5133172,0.1971976,2.647079,0.513393,-0.189203,2.698111,0.4185627,0.9994305,2.686246
72057594038042242,0,0.5794048,106253.4,0.4192303,0.5006341,2.696339,0.4222462,1.177469,2.645582,0.2816275,0.9724725,2.723927,0.141176,0.8657075,2.817417,0.007140162,0.7579082,2.878861,-0.0457397,0.741438,2.892988,0.5492295,0.9480863,2.64054,0.4886223,0.7881189,2.441961,0.5458746,0.5751692,2.55225,0.5269641,0.5309786,2.56582,0.3583651,0.4957992,2.682629,0.3165678,0.1552259,2.699643,0.3182111,-0.221619,2.7613,0.4708877,0.5024171,2.647511,0.5135951,0.1974258,2.646127,0.5122083,-0.1739038,2.702031,0.4185996,0.9990591,2.685567
72057594038042242,0,0.5794048,106253.4,0.4192303,0.5006341,2.696339,0.4222462,1.177469,2.645582,0.2816275,0.9724725,2.723927,0.141176,0.8657075,2.817417,0.007140162,0.7579082,2.878861,-0.0457397,0.741438,2.892988,0.5492295,0.9480863,2.64054,0.4886223,0.7881189,2.441961,0.5458746,0.5751692,2.55225,0.5269641,0.5309786,2.56582,0.3583651,0.4957992,2.682629,0.3165678,0.1552259,2.699643,0.3182111,-0.221619,2.7613,0.4708877,0.5024171,2.647511,0.5135951,0.1974258,2.646127,0.5122083,-0.1739038,2.702031,0.4185996,0.9990591,2.685567
72057594038042242,0,0.5794048,106253.4,0.4192303,0.5006341,2.696339,0.4222462,1.177469,2.645582,0.2816275,0.9724725,2.723927,0.141176,0.8657075,2.817417,0.007140162,0.7579082,2.878861,-0.0457397,0.741438,2.892988,0.5492295,0.9480863,2.64054,0.4886223,0.7881189,2.441961,0.5458746,0.5751692,2.55225,0.5269641,0.5309786,2.56582,0.3583651,0.4957992,2.682629,0.3165678,0.1552259,2.699643,0.3182111,-0.221619,2.7613,0.4708877,0.5024171,2.647511,0.5135951,0.1974258,2.646127,0.5122083,-0.1739038,2.702031,0.4185996,0.9990591,2.685567
72057594038042242,0,0.5794048,106253.4,0.4192303,0.5006341,2.696339,0.4222462,1.177469,2.645582,0.2816275,0.9724725,2.723927,0.141176,0.8657075,2.817417,0.007140162,0.7579082,2.878861,-0.0457397,0.741438,2.892988,0.5492295,0.9480863,2.64054,0.4886223,0.7881189,2.441961,0.5458746,0.5751692,2.55225,0.5269641,0.5309786,2.56582,0.3583651,0.4957992,2.682629,0.3165678,0.1552259,2.699643,0.3182111,-0.221619,2.7613,0.4708877,0.5024171,2.647511,0.5135951,0.1974258,2.646127,0.5122083,-0.1739038,2.702031,0.4185996,0.9990591,2.685567
72057594038042242,0,0.5794048,106253.4,0.4192303,0.5006341,2.696339,0.4222462,1.177469,2.645582,0.2816275,0.9724725,2.723927,0.141176,0.8657075,2.817417,0.007140162,0.7579082,2.878861,-0.0457397,0.741438,2.892988,0.5492295,0.9480863,2.64054,0.4886223,0.7881189,2.441961,0.5458746,0.5751692,2.55225,0.5269641,0.5309786,2.56582,0.3583651,0.4957992,2.682629,0.3165678,0.1552259,2.699643,0.3182111,-0.221619,2.7613,0.4708877,0.5024171,2.647511,0.5135951,0.1974258,2.646127,0.5122083,-0.1739038,2.702031,0.4185996,0.9990591,2.685567
72057594038042242,0,0.5794048,106253.4,0.4192303,0.5006341,2.696339,0.4222462,1.177469,2.645582,0.2816275,0.9724725,2.723927,0.141176,0.8657075,2.817417,0.007140162,0.7579082,2.878861,-0.0457397,0.741438,2.892988,0.5492295,0.9480863,2.64054,0.4886223,0.7881189,2.441961,0.5458746,0.5751692,2.55225,0.5269641,0.5309786,2.56582,0.3583651,0.4957992,2.682629,0.3165678,0.1552259,2.699643,0.3182111,-0.221619,2.7613,0.4708877,0.5024171,2.647511,0.5135951,0.1974258,2.646127,0.5122083,-0.1739038,2.702031,0.4185996,0.9990591,2.685567
72057594038042242,0,0.5794048,106253.4,0.4192303,0.5006341,2.696339,0.4222462,1.177469,2.645582,0.2816275,0.9724725,2.723927,0.141176,0.8657075,2.817417,0.007140162,0.7579082,2.878861,-0.0457397,0.741438,2.892988,0.5492295,0.9480863,2.64054,0.4886223,0.7881189,2.441961,0.5458746,0.5751692,2.55225,0.5269641,0.5309786,2.56582,0.3583651,0.4957992,2.682629,0.3165678,0.1552259,2.699643,0.3182111,-0.221619,2.7613,0.4708877,0.5024171,2.647511,0.5135951,0.1974258,2.646127,0.5122083,-0.1739038,2.702031,0.4185996,0.9990591,2.685567
72057594038042242,0,0.5794048,106253.4,0.4192303,0.5006341,2.696339,0.4222462,1.177469,2.645582,0.2816275,0.9724725,2.723927,0.141176,0.8657075,2.817417,0.007140162,0.7579082,2.878861,-0.0457397,0.741438,2.892988,0.5492295,0.9480863,2.64054,0.4886223,0.7881189,2.441961,0.5458746,0.5751692,2.55225,0.5269641,0.5309786,2.56582,0.3583651,0.4957992,2.682629,0.3165678,0.1552259,2.699643,0.3182111,-0.221619,2.7613,0.4708877,0.5024171,2.647511,0.5135951,0.1974258,2.646127,0.5122083,-0.1739038,2.702031,0.4185996,0.9990591,2.685567
72057594038042242,0,0.5794048,106253.4,0.4192303,0.5006341,2.696339,0.4222462,1.177469,2.645582,0.2816275,0.9724725,2.723927,0.141176,0.8657075,2.817417,0.007140162,0.7579082,2.878861,-0.0457397,0.741438,2.892988,0.5492295,0.9480863,2.64054,0.4886223,0.7881189,2.441961,0.5458746,0.5751692,2.55225,0.5269641,0.5309786,2.56582,0.3583651,0.4957992,2.682629,0.3165678,0.1552259,2.699643,0.3182111,-0.221619,2.7613,0.4708877,0.5024171,2.647511,0.5135951,0.1974258,2.646127,0.5122083,-0.1739038,2.702031,0.4185996,0.9990591,2.685567
72057594038042242,0,0.5794048,106253.4,0.4192303,0.5006341,2.696339,0.4222462,1.177469,2.645582,0.2816275,0.9724725,2.723927,0.141176,0.8657075,2.817417,0.007140162,0.7579082,2.878861,-0.0457397,0.741438,2.892988,0.5492295,0.9480863,2.64054,0.4886223,0.7881189,2.441961,0.5458746,0.5751692,2.55225,0.5269641,0.5309786,2.56582,0.3583651,0.4957992,2.682629,0.3165678,0.1552259,2.699643,0.3182111,-0.221619,2.7613,0.4708877,0.5024171,2.647511,0.5135951,0.1974258,2.646127,0.5122083,-0.1739038,2.702031,0.4185996,0.9990591,2.685567
72057594038042242,0,0.5794048,106253.4,0.4192303,0.5006341,2.696339,0.4222462,1.177469,2.645582,0.2816275,0.9724725,2.723927,0.141176,0.8657075,2.817417,0.007140162,0.7579082,2.878861,-0.0457397,0.741438,2.892988,0.5492295,0.9480863,2.64054,0.4886223,0.7881189,2.441961,0.5458746,0.5751692,2.55225,0.5269641,0.5309786,2.56582,0.3583651,0.4957992,2.682629,0.3165678,0.1552259,2.699643,0.3182111,-0.221619,2.7613,0.4708877,0.5024171,2.647511,0.5135951,0.1974258,2.646127,0.5122083,-0.1739038,2.702031,0.4185996,0.9990591,2.685567
72057594038042242,0,0.5801299,106253.4,0.41982,0.5002912,2.695501,0.4221634,1.177311,2.641779,0.2818034,0.9722307,2.723794,0.143553,0.8625739,2.819005,0.02211224,0.7453498,2.888137,-0.02845525,0.7225499,2.902058,0.5487484,0.9476685,2.641048,0.4900292,0.7876068,2.441888,0.5458906,0.5736906,2.551586,0.5270939,0.5260538,2.561627,0.3589395,0.4950346,2.681681,0.3178362,0.1524344,2.697741,0.3183286,-0.2209961,2.761374,0.4714856,0.5024719,2.646758,0.5138831,0.1974425,2.645484,0.5130766,-0.1822368,2.698321,0.4186461,0.9989607,2.684689
72057594038042242,0,0.5801299,106253.4,0.41982,0.5002912,2.695501,0.4221634,1.177311,2.641779,0.2818034,0.9722307,2.723794,0.143553,0.8625739,2.819005,0.02211224,0.7453498,2.888137,-0.02845525,0.7225499,2.902058,0.5487484,0.9476685,2.641048,0.4900292,0.7876068,2.441888,0.5458906,0.5736906,2.551586,0.5270939,0.5260538,2.561627,0.3589395,0.4950346,2.681681,0.3178362,0.1524344,2.697741,0.3183286,-0.2209961,2.761374,0.4714856,0.5024719,2.646758,0.5138831,0.1974425,2.645484,0.5130766,-0.1822368,2.698321,0.4186461,0.9989607,2.684689
72057594038042242,0,0.5801299,106253.4,0.41982,0.5002912,2.695501,0.4221634,1.177311,2.641779,0.2818034,0.9722307,2.723794,0.143553,0.8625739,2.819005,0.02211224,0.7453498,2.888137,-0.02845525,0.7225499,2.902058,0.5487484,0.9476685,2.641048,0.4900292,0.7876068,2.441888,0.5458906,0.5736906,2.551586,0.5270939,0.5260538,2.561627,0.3589395,0.4950346,2.681681,0.3178362,0.1524344,2.697741,0.3183286,-0.2209961,2.761374,0.4714856,0.5024719,2.646758,0.5138831,0.1974425,2.645484,0.5130766,-0.1822368,2.698321,0.4186461,0.9989607,2.684689
72057594038042242,0,0.5801299,106253.4,0.41982,0.5002912,2.695501,0.4221634,1.177311,2.641779,0.2818034,0.9722307,2.723794,0.143553,0.8625739,2.819005,0.02211224,0.7453498,2.888137,-0.02845525,0.7225499,2.902058,0.5487484,0.9476685,2.641048,0.4900292,0.7876068,2.441888,0.5458906,0.5736906,2.551586,0.5270939,0.5260538,2.561627,0.3589395,0.4950346,2.681681,0.3178362,0.1524344,2.697741,0.3183286,-0.2209961,2.761374,0.4714856,0.5024719,2.646758,0.5138831,0.1974425,2.645484,0.5130766,-0.1822368,2.698321,0.4186461,0.9989607,2.684689
72057594038042242,0,0.5801299,106253.4,0.41982,0.5002912,2.695501,0.4221634,1.177311,2.641779,0.2818034,0.9722307,2.723794,0.143553,0.8625739,2.819005,0.02211224,0.7453498,2.888137,-0.02845525,0.7225499,2.902058,0.5487484,0.9476685,2.641048,0.4900292,0.7876068,2.441888,0.5458906,0.5736906,2.551586,0.5270939,0.5260538,2.561627,0.3589395,0.4950346,2.681681,0.3178362,0.1524344,2.697741,0.3183286,-0.2209961,2.761374,0.4714856,0.5024719,2.646758,0.5138831,0.1974425,2.645484,0.5130766,-0.1822368,2.698321,0.4186461,0.9989607,2.684689
72057594038042242,0,0.5801299,106253.4,0.41982,0.5002912,2.695501,0.4221634,1.177311,2.641779,0.2818034,0.9722307,2.723794,0.143553,0.8625739,2.819005,0.02211224,0.7453498,2.888137,-0.02845525,0.7225499,2.902058,0.5487484,0.9476685,2.641048,0.4900292,0.7876068,2.441888,0.5458906,0.5736906,2.551586,0.5270939,0.5260538,2.561627,0.3589395,0.4950346,2.681681,0.3178362,0.1524344,2.697741,0.3183286,-0.2209961,2.761374,0.4714856,0.5024719,2.646758,0.5138831,0.1974425,2.645484,0.5130766,-0.1822368,2.698321,0.4186461,0.9989607,2.684689
72057594038042242,0,0.5801299,106253.5,0.41982,0.5002912,2.695501,0.4221634,1.177311,2.641779,0.2818034,0.9722307,2.723794,0.143553,0.8625739,2.819005,0.02211224,0.7453498,2.888137,-0.02845525,0.7225499,2.902058,0.5487484,0.9476685,2.641048,0.4900292,0.7876068,2.441888,0.5458906,0.5736906,2.551586,0.5270939,0.5260538,2.561627,0.3589395,0.4950346,2.681681,0.3178362,0.1524344,2.697741,0.3183286,-0.2209961,2.761374,0.4714856,0.5024719,2.646758,0.5138831,0.1974425,2.645484,0.5130766,-0.1822368,2.698321,0.4186461,0.9989607,2.684689
72057594038042242,0,0.5801299,106253.5,0.41982,0.5002912,2.695501,0.4221634,1.177311,2.641779,0.2818034,0.9722307,2.723794,0.143553,0.8625739,2.819005,0.02211224,0.7453498,2.888137,-0.02845525,0.7225499,2.902058,0.5487484,0.9476685,2.641048,0.4900292,0.7876068,2.441888,0.5458906,0.5736906,2.551586,0.5270939,0.5260538,2.561627,0.3589395,0.4950346,2.681681,0.3178362,0.1524344,2.697741,0.3183286,-0.2209961,2.761374,0.4714856,0.5024719,2.646758,0.5138831,0.1974425,2.645484,0.5130766,-0.1822368,2.698321,0.4186461,0.9989607,2.684689
72057594038042242,0,0.5801299,106253.5,0.41982,0.5002912,2.695501,0.4221634,1.177311,2.641779,0.2818034,0.9722307,2.723794,0.143553,0.8625739,2.819005,0.02211224,0.7453498,2.888137,-0.02845525,0.7225499,2.902058,0.5487484,0.9476685,2.641048,0.4900292,0.7876068,2.441888,0.5458906,0.5736906,2.551586,0.5270939,0.5260538,2.561627,0.3589395,0.4950346,2.681681,0.3178362,0.1524344,2.697741,0.3183286,-0.2209961,2.761374,0.4714856,0.5024719,2.646758,0.5138831,0.1974425,2.645484,0.5130766,-0.1822368,2.698321,0.4186461,0.9989607,2.684689
72057594038042242,0,0.5801299,106253.5,0.41982,0.5002912,2.695501,0.4221634,1.177311,2.641779,0.2818034,0.9722307,2.723794,0.143553,0.8625739,2.819005,0.02211224,0.7453498,2.888137,-0.02845525,0.7225499,2.902058,0.5487484,0.9476685,2.641048,0.4900292,0.7876068,2.441888,0.5458906,0.5736906,2.551586,0.5270939,0.5260538,2.561627,0.3589395,0.4950346,2.681681,0.3178362,0.1524344,2.697741,0.3183286,-0.2209961,2.761374,0.4714856,0.5024719,2.646758,0.5138831,0.1974425,2.645484,0.5130766,-0.1822368,2.698321,0.4186461,0.9989607,2.684689
72057594038042242,0,0.5802844,106253.5,0.4199662,0.5002777,2.694982,0.4224108,1.177956,2.640039,0.2829085,0.9712495,2.72387,0.1470826,0.8584393,2.819001,0.03000299,0.7314046,2.879741,-0.01930618,0.7098931,2.899196,0.5512511,0.9475601,2.637002,0.4907585,0.7853281,2.441386,0.5461366,0.5964168,2.553455,0.524838,0.55367,2.560641,0.3591628,0.4948676,2.681414,0.3182,0.1517677,2.69698,0.3182966,-0.2209665,2.761391,0.4714971,0.5027583,2.64582,0.5159752,0.1977747,2.64193,0.5130343,-0.1829011,2.697633,0.4190539,0.9990889,2.684462
72057594038042242,0,0.5802844,106253.5,0.4199662,0.5002777,2.694982,0.4224108,1.177956,2.640039,0.2829085,0.9712495,2.72387,0.1470826,0.8584393,2.819001,0.03000299,0.7314046,2.879741,-0.01930618,0.7098931,2.899196,0.5512511,0.9475601,2.637002,0.4907585,0.7853281,2.441386,0.5461366,0.5964168,2.553455,0.524838,0.55367,2.560641,0.3591628,0.4948676,2.681414,0.3182,0.1517677,2.69698,0.3182966,-0.2209665,2.761391,0.4714971,0.5027583,2.64582,0.5159752,0.1977747,2.64193,0.5130343,-0.1829011,2.697633,0.4190539,0.9990889,2.684462
72057594038042242,0,0.5802844,106253.5,0.4199662,0.5002777,2.694982,0.4224108,1.177956,2.640039,0.2829085,0.9712495,2.72387,0.1470826,0.8584393,2.819001,0.03000299,0.7314046,2.879741,-0.01930618,0.7098931,2.899196,0.5512511,0.9475601,2.637002,0.4907585,0.7853281,2.441386,0.5461366,0.5964168,2.553455,0.524838,0.55367,2.560641,0.3591628,0.4948676,2.681414,0.3182,0.1517677,2.69698,0.3182966,-0.2209665,2.761391,0.4714971,0.5027583,2.64582,0.5159752,0.1977747,2.64193,0.5130343,-0.1829011,2.697633,0.4190539,0.9990889,2.684462
72057594038042242,0,0.5802844,106253.5,0.4199662,0.5002777,2.694982,0.4224108,1.177956,2.640039,0.2829085,0.9712495,2.72387,0.1470826,0.8584393,2.819001,0.03000299,0.7314046,2.879741,-0.01930618,0.7098931,2.899196,0.5512511,0.9475601,2.637002,0.4907585,0.7853281,2.441386,0.5461366,0.5964168,2.553455,0.524838,0.55367,2.560641,0.3591628,0.4948676,2.681414,0.3182,0.1517677,2.69698,0.3182966,-0.2209665,2.761391,0.4714971,0.5027583,2.64582,0.5159752,0.1977747,2.64193,0.5130343,-0.1829011,2.697633,0.4190539,0.9990889,2.684462
72057594038042242,0,0.5802844,106253.5,0.4199662,0.5002777,2.694982,0.4224108,1.177956,2.640039,0.2829085,0.9712495,2.72387,0.1470826,0.8584393,2.819001,0.03000299,0.7314046,2.879741,-0.01930618,0.7098931,2.899196,0.5512511,0.9475601,2.637002,0.4907585,0.7853281,2.441386,0.5461366,0.5964168,2.553455,0.524838,0.55367,2.560641,0.3591628,0.4948676,2.681414,0.3182,0.1517677,2.69698,0.3182966,-0.2209665,2.761391,0.4714971,0.5027583,2.64582,0.5159752,0.1977747,2.64193,0.5130343,-0.1829011,2.697633,0.4190539,0.9990889,2.684462
72057594038042242,0,0.5802844,106253.5,0.4199662,0.5002777,2.694982,0.4224108,1.177956,2.640039,0.2829085,0.9712495,2.72387,0.1470826,0.8584393,2.819001,0.03000299,0.7314046,2.879741,-0.01930618,0.7098931,2.899196,0.5512511,0.9475601,2.637002,0.4907585,0.7853281,2.441386,0.5461366,0.5964168,2.553455,0.524838,0.55367,2.560641,0.3591628,0.4948676,2.681414,0.3182,0.1517677,2.69698,0.3182966,-0.2209665,2.761391,0.4714971,0.5027583,2.64582,0.5159752,0.1977747,2.64193,0.5130343,-0.1829011,2.697633,0.4190539,0.9990889,2.684462
72057594038042242,0,0.5802844,106253.5,0.4199662,0.5002777,2.694982,0.4224108,1.177956,2.640039,0.2829085,0.9712495,2.72387,0.1470826,0.8584393,2.819001,0.03000299,0.7314046,2.879741,-0.01930618,0.7098931,2.899196,0.5512511,0.9475601,2.637002,0.4907585,0.7853281,2.441386,0.5461366,0.5964168,2.553455,0.524838,0.55367,2.560641,0.3591628,0.4948676,2.681414,0.3182,0.1517677,2.69698,0.3182966,-0.2209665,2.761391,0.4714971,0.5027583,2.64582,0.5159752,0.1977747,2.64193,0.5130343,-0.1829011,2.697633,0.4190539,0.9990889,2.684462
72057594038042242,0,0.5802844,106253.5,0.4199662,0.5002777,2.694982,0.4224108,1.177956,2.640039,0.2829085,0.9712495,2.72387,0.1470826,0.8584393,2.819001,0.03000299,0.7314046,2.879741,-0.01930618,0.7098931,2.899196,0.5512511,0.9475601,2.637002,0.4907585,0.7853281,2.441386,0.5461366,0.5964168,2.553455,0.524838,0.55367,2.560641,0.3591628,0.4948676,2.681414,0.3182,0.1517677,2.69698,0.3182966,-0.2209665,2.761391,0.4714971,0.5027583,2.64582,0.5159752,0.1977747,2.64193,0.5130343,-0.1829011,2.697633,0.4190539,0.9990889,2.684462
72057594038042242,0,0.5802844,106253.5,0.4199662,0.5002777,2.694982,0.4224108,1.177956,2.640039,0.2829085,0.9712495,2.72387,0.1470826,0.8584393,2.819001,0.03000299,0.7314046,2.879741,-0.01930618,0.7098931,2.899196,0.5512511,0.9475601,2.637002,0.4907585,0.7853281,2.441386,0.5461366,0.5964168,2.553455,0.524838,0.55367,2.560641,0.3591628,0.4948676,2.681414,0.3182,0.1517677,2.69698,0.3182966,-0.2209665,2.761391,0.4714971,0.5027583,2.64582,0.5159752,0.1977747,2.64193,0.5130343,-0.1829011,2.697633,0.4190539,0.9990889,2.684462
72057594038042242,0,0.5802844,106253.5,0.4199662,0.5002777,2.694982,0.4224108,1.177956,2.640039,0.2829085,0.9712495,2.72387,0.1470826,0.8584393,2.819001,0.03000299,0.7314046,2.879741,-0.01930618,0.7098931,2.899196,0.5512511,0.9475601,2.637002,0.4907585,0.7853281,2.441386,0.5461366,0.5964168,2.553455,0.524838,0.55367,2.560641,0.3591628,0.4948676,2.681414,0.3182,0.1517677,2.69698,0.3182966,-0.2209665,2.761391,0.4714971,0.5027583,2.64582,0.5159752,0.1977747,2.64193,0.5130343,-0.1829011,2.697633,0.4190539,0.9990889,2.684462
72057594038042242,0,0.5804212,106253.5,0.4206738,0.5009541,2.694323,0.4226378,1.177735,2.639585,0.2833947,0.9712705,2.724373,0.1505154,0.8529264,2.819002,0.0260112,0.7318307,2.877751,-0.02168966,0.7078404,2.898383,0.5525215,0.9481132,2.634268,0.4908804,0.7837403,2.440268,0.5465399,0.5637652,2.539642,0.5305416,0.5177941,2.560184,0.3598708,0.4951299,2.680953,0.3185787,0.1510402,2.696649,0.3183943,-0.2210428,2.761419,0.472187,0.5040545,2.644947,0.5158568,0.1988499,2.64039,0.5131282,-0.1830211,2.697612,0.4201093,0.999547,2.684402
72057594038042242,0,0.5804212,106253.5,0.4206738,0.5009541,2.694323,0.4226378,1.177735,2.639585,0.2833947,0.9712705,2.724373,0.1505154,0.8529264,2.819002,0.0260112,0.7318307,2.877751,-0.02168966,0.7078404,2.898383,0.5525215,0.9481132,2.634268,0.4908804,0.7837403,2.440268,0.5465399,0.5637652,2.539642,0.5305416,0.5177941,2.560184,0.3598708,0.4951299,2.680953,0.3185787,0.1510402,2.696649,0.3183943,-0.2210428,2.761419,0.472187,0.5040545,2.644947,0.5158568,0.1988499,2.64039,0.5131282,-0.1830211,2.697612,0.4201093,0.999547,2.684402
72057594038042242,0,0.5804212,106253.5,0.4206738,0.5009541,2.694323,0.4226378,1.177735,2.639585,0.2833947,0.9712705,2.724373,0.1505154,0.8529264,2.819002,0.0260112,0.7318307,2.877751,-0.02168966,0.7078404,2.898383,0.5525215,0.9481132,2.634268,0.4908804,0.7837403,2.440268,0.5465399,0.5637652,2.539642,0.5305416,0.5177941,2.560184,0.3598708,0.4951299,2.680953,0.3185787,0.1510402,2.696649,0.3183943,-0.2210428,2.761419,0.472187,0.5040545,2.644947,0.5158568,0.1988499,2.64039,0.5131282,-0.1830211,2.697612,0.4201093,0.999547,2.684402
72057594038042242,0,0.5804212,106253.5,0.4206738,0.5009541,2.694323,0.4226378,1.177735,2.639585,0.2833947,0.9712705,2.724373,0.1505154,0.8529264,2.819002,0.0260112,0.7318307,2.877751,-0.02168966,0.7078404,2.898383,0.5525215,0.9481132,2.634268,0.4908804,0.7837403,2.440268,0.5465399,0.5637652,2.539642,0.5305416,0.5177941,2.560184,0.3598708,0.4951299,2.680953,0.3185787,0.1510402,2.696649,0.3183943,-0.2210428,2.761419,0.472187,0.5040545,2.644947,0.5158568,0.1988499,2.64039,0.5131282,-0.1830211,2.697612,0.4201093,0.999547,2.684402
72057594038042242,0,0.5804212,106253.5,0.4206738,0.5009541,2.694323,0.4226378,1.177735,2.639585,0.2833947,0.9712705,2.724373,0.1505154,0.8529264,2.819002,0.0260112,0.7318307,2.877751,-0.02168966,0.7078404,2.898383,0.5525215,0.9481132,2.634268,0.4908804,0.7837403,2.440268,0.5465399,0.5637652,2.539642,0.5305416,0.5177941,2.560184,0.3598708,0.4951299,2.680953,0.3185787,0.1510402,2.696649,0.3183943,-0.2210428,2.761419,0.472187,0.5040545,2.644947,0.5158568,0.1988499,2.64039,0.5131282,-0.1830211,2.697612,0.4201093,0.999547,2.684402
72057594038042242,0,0.5804212,106253.5,0.4206738,0.5009541,2.694323,0.4226378,1.177735,2.639585,0.2833947,0.9712705,2.724373,0.1505154,0.8529264,2.819002,0.0260112,0.7318307,2.877751,-0.02168966,0.7078404,2.898383,0.5525215,0.9481132,2.634268,0.4908804,0.7837403,2.440268,0.5465399,0.5637652,2.539642,0.5305416,0.5177941,2.560184,0.3598708,0.4951299,2.680953,0.3185787,0.1510402,2.696649,0.3183943,-0.2210428,2.761419,0.472187,0.5040545,2.644947,0.5158568,0.1988499,2.64039,0.5131282,-0.1830211,2.697612,0.4201093,0.999547,2.684402
72057594038042242,0,0.5804212,106253.5,0.4206738,0.5009541,2.694323,0.4226378,1.177735,2.639585,0.2833947,0.9712705,2.724373,0.1505154,0.8529264,2.819002,0.0260112,0.7318307,2.877751,-0.02168966,0.7078404,2.898383,0.5525215,0.9481132,2.634268,0.4908804,0.7837403,2.440268,0.5465399,0.5637652,2.539642,0.5305416,0.5177941,2.560184,0.3598708,0.4951299,2.680953,0.3185787,0.1510402,2.696649,0.3183943,-0.2210428,2.761419,0.472187,0.5040545,2.644947,0.5158568,0.1988499,2.64039,0.5131282,-0.1830211,2.697612,0.4201093,0.999547,2.684402
72057594038042242,0,0.5804212,106253.5,0.4206738,0.5009541,2.694323,0.4226378,1.177735,2.639585,0.2833947,0.9712705,2.724373,0.1505154,0.8529264,2.819002,0.0260112,0.7318307,2.877751,-0.02168966,0.7078404,2.898383,0.5525215,0.9481132,2.634268,0.4908804,0.7837403,2.440268,0.5465399,0.5637652,2.539642,0.5305416,0.5177941,2.560184,0.3598708,0.4951299,2.680953,0.3185787,0.1510402,2.696649,0.3183943,-0.2210428,2.761419,0.472187,0.5040545,2.644947,0.5158568,0.1988499,2.64039,0.5131282,-0.1830211,2.697612,0.4201093,0.999547,2.684402
72057594038042242,0,0.5804212,106253.5,0.4206738,0.5009541,2.694323,0.4226378,1.177735,2.639585,0.2833947,0.9712705,2.724373,0.1505154,0.8529264,2.819002,0.0260112,0.7318307,2.877751,-0.02168966,0.7078404,2.898383,0.5525215,0.9481132,2.634268,0.4908804,0.7837403,2.440268,0.5465399,0.5637652,2.539642,0.5305416,0.5177941,2.560184,0.3598708,0.4951299,2.680953,0.3185787,0.1510402,2.696649,0.3183943,-0.2210428,2.761419,0.472187,0.5040545,2.644947,0.5158568,0.1988499,2.64039,0.5131282,-0.1830211,2.697612,0.4201093,0.999547,2.684402
72057594038042242,0,0.5804212,106253.5,0.4206738,0.5009541,2.694323,0.4226378,1.177735,2.639585,0.2833947,0.9712705,2.724373,0.1505154,0.8529264,2.819002,0.0260112,0.7318307,2.877751,-0.02168966,0.7078404,2.898383,0.5525215,0.9481132,2.634268,0.4908804,0.7837403,2.440268,0.5465399,0.5637652,2.539642,0.5305416,0.5177941,2.560184,0.3598708,0.4951299,2.680953,0.3185787,0.1510402,2.696649,0.3183943,-0.2210428,2.761419,0.472187,0.5040545,2.644947,0.5158568,0.1988499,2.64039,0.5131282,-0.1830211,2.697612,0.4201093,0.999547,2.684402
72057594038042242,0,0.5804212,106253.5,0.4206738,0.5009541,2.694323,0.4226378,1.177735,2.639585,0.2833947,0.9712705,2.724373,0.1505154,0.8529264,2.819002,0.0260112,0.7318307,2.877751,-0.02168966,0.7078404,2.898383,0.5525215,0.9481132,2.634268,0.4908804,0.7837403,2.440268,0.5465399,0.5637652,2.539642,0.5305416,0.5177941,2.560184,0.3598708,0.4951299,2.680953,0.3185787,0.1510402,2.696649,0.3183943,-0.2210428,2.761419,0.472187,0.5040545,2.644947,0.5158568,0.1988499,2.64039,0.5131282,-0.1830211,2.697612,0.4201093,0.999547,2.684402
72057594038042242,0,0.5804608,106253.5,0.4206808,0.500916,2.694189,0.422825,1.17876,2.6388,0.2842155,0.9714311,2.724898,0.1525084,0.8501551,2.818491,0.02764446,0.7262745,2.871899,0.04333849,0.7133212,2.856244,0.5543729,0.9479153,2.631675,0.4935112,0.7854325,2.43852,0.5460315,0.5649942,2.538975,0.529036,0.518732,2.558575,0.3599336,0.4951244,2.680942,0.3210996,0.1508226,2.695694,0.3189408,-0.2201929,2.761217,0.4720335,0.5039352,2.644531,0.5162193,0.198794,2.639758,0.5133218,-0.1829172,2.697439,0.4207104,0.9993829,2.684188
72057594038042242,0,0.5804608,106253.5,0.4206808,0.500916,2.694189,0.422825,1.17876,2.6388,0.2842155,0.9714311,2.724898,0.1525084,0.8501551,2.818491,0.02764446,0.7262745,2.871899,0.04333849,0.7133212,2.856244,0.5543729,0.9479153,2.631675,0.4935112,0.7854325,2.43852,0.5460315,0.5649942,2.538975,0.529036,0.518732,2.558575,0.3599336,0.4951244,2.680942,0.3210996,0.1508226,2.695694,0.3189408,-0.2201929,2.761217,0.4720335,0.5039352,2.644531,0.5162193,0.198794,2.639758,0.5133218,-0.1829172,2.697439,0.4207104,0.9993829,2.684188
72057594038042242,0,0.5804608,106253.5,0.4206808,0.500916,2.694189,0.422825,1.17876,2.6388,0.2842155,0.9714311,2.724898,0.1525084,0.8501551,2.818491,0.02764446,0.7262745,2.871899,0.04333849,0.7133212,2.856244,0.5543729,0.9479153,2.631675,0.4935112,0.7854325,2.43852,0.5460315,0.5649942,2.538975,0.529036,0.518732,2.558575,0.3599336,0.4951244,2.680942,0.3210996,0.1508226,2.695694,0.3189408,-0.2201929,2.761217,0.4720335,0.5039352,2.644531,0.5162193,0.198794,2.639758,0.5133218,-0.1829172,2.697439,0.4207104,0.9993829,2.684188
72057594038042242,0,0.5804608,106253.5,0.4206808,0.500916,2.694189,0.422825,1.17876,2.6388,0.2842155,0.9714311,2.724898,0.1525084,0.8501551,2.818491,0.02764446,0.7262745,2.871899,0.04333849,0.7133212,2.856244,0.5543729,0.9479153,2.631675,0.4935112,0.7854325,2.43852,0.5460315,0.5649942,2.538975,0.529036,0.518732,2.558575,0.3599336,0.4951244,2.680942,0.3210996,0.1508226,2.695694,0.3189408,-0.2201929,2.761217,0.4720335,0.5039352,2.644531,0.5162193,0.198794,2.639758,0.5133218,-0.1829172,2.697439,0.4207104,0.9993829,2.684188
72057594038042242,0,0.5804608,106253.5,0.4206808,0.500916,2.694189,0.422825,1.17876,2.6388,0.2842155,0.9714311,2.724898,0.1525084,0.8501551,2.818491,0.02764446,0.7262745,2.871899,0.04333849,0.7133212,2.856244,0.5543729,0.9479153,2.631675,0.4935112,0.7854325,2.43852,0.5460315,0.5649942,2.538975,0.529036,0.518732,2.558575,0.3599336,0.4951244,2.680942,0.3210996,0.1508226,2.695694,0.3189408,-0.2201929,2.761217,0.4720335,0.5039352,2.644531,0.5162193,0.198794,2.639758,0.5133218,-0.1829172,2.697439,0.4207104,0.9993829,2.684188
72057594038042242,0,0.5804608,106253.5,0.4206808,0.500916,2.694189,0.422825,1.17876,2.6388,0.2842155,0.9714311,2.724898,0.1525084,0.8501551,2.818491,0.02764446,0.7262745,2.871899,0.04333849,0.7133212,2.856244,0.5543729,0.9479153,2.631675,0.4935112,0.7854325,2.43852,0.5460315,0.5649942,2.538975,0.529036,0.518732,2.558575,0.3599336,0.4951244,2.680942,0.3210996,0.1508226,2.695694,0.3189408,-0.2201929,2.761217,0.4720335,0.5039352,2.644531,0.5162193,0.198794,2.639758,0.5133218,-0.1829172,2.697439,0.4207104,0.9993829,2.684188
72057594038042242,0,0.5804608,106253.5,0.4206808,0.500916,2.694189,0.422825,1.17876,2.6388,0.2842155,0.9714311,2.724898,0.1525084,0.8501551,2.818491,0.02764446,0.7262745,2.871899,0.04333849,0.7133212,2.856244,0.5543729,0.9479153,2.631675,0.4935112,0.7854325,2.43852,0.5460315,0.5649942,2.538975,0.529036,0.518732,2.558575,0.3599336,0.4951244,2.680942,0.3210996,0.1508226,2.695694,0.3189408,-0.2201929,2.761217,0.4720335,0.5039352,2.644531,0.5162193,0.198794,2.639758,0.5133218,-0.1829172,2.697439,0.4207104,0.9993829,2.684188
72057594038042242,0,0.5804608,106253.6,0.4206808,0.500916,2.694189,0.422825,1.17876,2.6388,0.2842155,0.9714311,2.724898,0.1525084,0.8501551,2.818491,0.02764446,0.7262745,2.871899,0.04333849,0.7133212,2.856244,0.5543729,0.9479153,2.631675,0.4935112,0.7854325,2.43852,0.5460315,0.5649942,2.538975,0.529036,0.518732,2.558575,0.3599336,0.4951244,2.680942,0.3210996,0.1508226,2.695694,0.3189408,-0.2201929,2.761217,0.4720335,0.5039352,2.644531,0.5162193,0.198794,2.639758,0.5133218,-0.1829172,2.697439,0.4207104,0.9993829,2.684188
72057594038042242,0,0.5804608,106253.6,0.4206808,0.500916,2.694189,0.422825,1.17876,2.6388,0.2842155,0.9714311,2.724898,0.1525084,0.8501551,2.818491,0.02764446,0.7262745,2.871899,0.04333849,0.7133212,2.856244,0.5543729,0.9479153,2.631675,0.4935112,0.7854325,2.43852,0.5460315,0.5649942,2.538975,0.529036,0.518732,2.558575,0.3599336,0.4951244,2.680942,0.3210996,0.1508226,2.695694,0.3189408,-0.2201929,2.761217,0.4720335,0.5039352,2.644531,0.5162193,0.198794,2.639758,0.5133218,-0.1829172,2.697439,0.4207104,0.9993829,2.684188
72057594038042242,0,0.5804608,106253.6,0.4206808,0.500916,2.694189,0.422825,1.17876,2.6388,0.2842155,0.9714311,2.724898,0.1525084,0.8501551,2.818491,0.02764446,0.7262745,2.871899,0.04333849,0.7133212,2.856244,0.5543729,0.9479153,2.631675,0.4935112,0.7854325,2.43852,0.5460315,0.5649942,2.538975,0.529036,0.518732,2.558575,0.3599336,0.4951244,2.680942,0.3210996,0.1508226,2.695694,0.3189408,-0.2201929,2.761217,0.4720335,0.5039352,2.644531,0.5162193,0.198794,2.639758,0.5133218,-0.1829172,2.697439,0.4207104,0.9993829,2.684188
72057594038042242,0,0.5804964,106253.6,0.4206583,0.5008497,2.694058,0.4236479,1.177832,2.638624,0.2854286,0.9718108,2.726276,0.1541163,0.8473686,2.818621,0.02919967,0.7202808,2.865772,0.02444461,0.6961942,2.85548,0.5566269,0.9474729,2.628399,0.4949064,0.7861419,2.43658,0.5479282,0.5685467,2.542533,0.5302941,0.5242066,2.558069,0.3600063,0.4950843,2.680893,0.3219007,0.1510095,2.695265,0.3201705,-0.2142944,2.760123,0.471825,0.5038165,2.644268,0.5157219,0.1985114,2.63834,0.5132784,-0.1828434,2.697432,0.4215422,0.9990237,2.683962
72057594038042242,0,0.5804964,106253.6,0.4206583,0.5008497,2.694058,0.4236479,1.177832,2.638624,0.2854286,0.9718108,2.726276,0.1541163,0.8473686,2.818621,0.02919967,0.7202808,2.865772,0.02444461,0.6961942,2.85548,0.5566269,0.9474729,2.628399,0.4949064,0.7861419,2.43658,0.5479282,0.5685467,2.542533,0.5302941,0.5242066,2.558069,0.3600063,0.4950843,2.680893,0.3219007,0.1510095,2.695265,0.3201705,-0.2142944,2.760123,0.471825,0.5038165,2.644268,0.5157219,0.1985114,2.63834,0.5132784,-0.1828434,2.697432,0.4215422,0.9990237,2.683962
72057594038042242,0,0.5804964,106253.6,0.4206583,0.5008497,2.694058,0.4236479,1.177832,2.638624,0.2854286,0.9718108,2.726276,0.1541163,0.8473686,2.818621,0.02919967,0.7202808,2.865772,0.02444461,0.6961942,2.85548,0.5566269,0.9474729,2.628399,0.4949064,0.7861419,2.43658,0.5479282,0.5685467,2.542533,0.5302941,0.5242066,2.558069,0.3600063,0.4950843,2.680893,0.3219007,0.1510095,2.695265,0.3201705,-0.2142944,2.760123,0.471825,0.5038165,2.644268,0.5157219,0.1985114,2.63834,0.5132784,-0.1828434,2.697432,0.4215422,0.9990237,2.683962
72057594038042242,0,0.5804964,106253.6,0.4206583,0.5008497,2.694058,0.4236479,1.177832,2.638624,0.2854286,0.9718108,2.726276,0.1541163,0.8473686,2.818621,0.02919967,0.7202808,2.865772,0.02444461,0.6961942,2.85548,0.5566269,0.9474729,2.628399,0.4949064,0.7861419,2.43658,0.5479282,0.5685467,2.542533,0.5302941,0.5242066,2.558069,0.3600063,0.4950843,2.680893,0.3219007,0.1510095,2.695265,0.3201705,-0.2142944,2.760123,0.471825,0.5038165,2.644268,0.5157219,0.1985114,2.63834,0.5132784,-0.1828434,2.697432,0.4215422,0.9990237,2.683962
72057594038042242,0,0.5804964,106253.6,0.4206583,0.5008497,2.694058,0.4236479,1.177832,2.638624,0.2854286,0.9718108,2.726276,0.1541163,0.8473686,2.818621,0.02919967,0.7202808,2.865772,0.02444461,0.6961942,2.85548,0.5566269,0.9474729,2.628399,0.4949064,0.7861419,2.43658,0.5479282,0.5685467,2.542533,0.5302941,0.5242066,2.558069,0.3600063,0.4950843,2.680893,0.3219007,0.1510095,2.695265,0.3201705,-0.2142944,2.760123,0.471825,0.5038165,2.644268,0.5157219,0.1985114,2.63834,0.5132784,-0.1828434,2.697432,0.4215422,0.9990237,2.683962
72057594038042242,0,0.5804964,106253.6,0.4206583,0.5008497,2.694058,0.4236479,1.177832,2.638624,0.2854286,0.9718108,2.726276,0.1541163,0.8473686,2.818621,0.02919967,0.7202808,2.865772,0.02444461,0.6961942,2.85548,0.5566269,0.9474729,2.628399,0.4949064,0.7861419,2.43658,0.5479282,0.5685467,2.542533,0.5302941,0.5242066,2.558069,0.3600063,0.4950843,2.680893,0.3219007,0.1510095,2.695265,0.3201705,-0.2142944,2.760123,0.471825,0.5038165,2.644268,0.5157219,0.1985114,2.63834,0.5132784,-0.1828434,2.697432,0.4215422,0.9990237,2.683962
72057594038042242,0,0.5804964,106253.6,0.4206583,0.5008497,2.694058,0.4236479,1.177832,2.638624,0.2854286,0.9718108,2.726276,0.1541163,0.8473686,2.818621,0.02919967,0.7202808,2.865772,0.02444461,0.6961942,2.85548,0.5566269,0.9474729,2.628399,0.4949064,0.7861419,2.43658,0.5479282,0.5685467,2.542533,0.5302941,0.5242066,2.558069,0.3600063,0.4950843,2.680893,0.3219007,0.1510095,2.695265,0.3201705,-0.2142944,2.760123,0.471825,0.5038165,2.644268,0.5157219,0.1985114,2.63834,0.5132784,-0.1828434,2.697432,0.4215422,0.9990237,2.683962
72057594038042242,0,0.5804964,106253.6,0.4206583,0.5008497,2.694058,0.4236479,1.177832,2.638624,0.2854286,0.9718108,2.726276,0.1541163,0.8473686,2.818621,0.02919967,0.7202808,2.865772,0.02444461,0.6961942,2.85548,0.5566269,0.9474729,2.628399,0.4949064,0.7861419,2.43658,0.5479282,0.5685467,2.542533,0.5302941,0.5242066,2.558069,0.3600063,0.4950843,2.680893,0.3219007,0.1510095,2.695265,0.3201705,-0.2142944,2.760123,0.471825,0.5038165,2.644268,0.5157219,0.1985114,2.63834,0.5132784,-0.1828434,2.697432,0.4215422,0.9990237,2.683962
72057594038042242,0,0.5804964,106253.6,0.4206583,0.5008497,2.694058,0.4236479,1.177832,2.638624,0.2854286,0.9718108,2.726276,0.1541163,0.8473686,2.818621,0.02919967,0.7202808,2.865772,0.02444461,0.6961942,2.85548,0.5566269,0.9474729,2.628399,0.4949064,0.7861419,2.43658,0.5479282,0.5685467,2.542533,0.5302941,0.5242066,2.558069,0.3600063,0.4950843,2.680893,0.3219007,0.1510095,2.695265,0.3201705,-0.2142944,2.760123,0.471825,0.5038165,2.644268,0.5157219,0.1985114,2.63834,0.5132784,-0.1828434,2.697432,0.4215422,0.9990237,2.683962
72057594038042242,0,0.5804964,106253.6,0.4206583,0.5008497,2.694058,0.4236479,1.177832,2.638624,0.2854286,0.9718108,2.726276,0.1541163,0.8473686,2.818621,0.02919967,0.7202808,2.865772,0.02444461,0.6961942,2.85548,0.5566269,0.9474729,2.628399,0.4949064,0.7861419,2.43658,0.5479282,0.5685467,2.542533,0.5302941,0.5242066,2.558069,0.3600063,0.4950843,2.680893,0.3219007,0.1510095,2.695265,0.3201705,-0.2142944,2.760123,0.471825,0.5038165,2.644268,0.5157219,0.1985114,2.63834,0.5132784,-0.1828434,2.697432,0.4215422,0.9990237,2.683962
72057594038042242,0,0.5807257,106253.6,0.4208349,0.5007356,2.69375,0.4246061,1.177506,2.639396,0.2875071,0.9713063,2.727085,0.1551689,0.8456672,2.818308,0.0273025,0.7201864,2.862801,0.02195884,0.6928473,2.844259,0.5578664,0.9473553,2.62722,0.4976584,0.7875946,2.434765,0.5489148,0.5706713,2.543081,0.5313663,0.5243466,2.556062,0.360212,0.4950205,2.680739,0.3215877,0.1506006,2.695384,0.3199439,-0.2143164,2.760256,0.4719537,0.5036569,2.643843,0.5162562,0.1981541,2.635089,0.5136538,-0.1817459,2.697705,0.4232034,0.9983721,2.68502
72057594038042242,0,0.5807257,106253.6,0.4208349,0.5007356,2.69375,0.4246061,1.177506,2.639396,0.2875071,0.9713063,2.727085,0.1551689,0.8456672,2.818308,0.0273025,0.7201864,2.862801,0.02195884,0.6928473,2.844259,0.5578664,0.9473553,2.62722,0.4976584,0.7875946,2.434765,0.5489148,0.5706713,2.543081,0.5313663,0.5243466,2.556062,0.360212,0.4950205,2.680739,0.3215877,0.1506006,2.695384,0.3199439,-0.2143164,2.760256,0.4719537,0.5036569,2.643843,0.5162562,0.1981541,2.635089,0.5136538,-0.1817459,2.697705,0.4232034,0.9983721,2.68502
72057594038042242,0,0.5807257,106253.6,0.4208349,0.5007356,2.69375,0.4246061,1.177506,2.639396,0.2875071,0.9713063,2.727085,0.1551689,0.8456672,2.818308,0.0273025,0.7201864,2.862801,0.02195884,0.6928473,2.844259,0.5578664,0.9473553,2.62722,0.4976584,0.7875946,2.434765,0.5489148,0.5706713,2.543081,0.5313663,0.5243466,2.556062,0.360212,0.4950205,2.680739,0.3215877,0.1506006,2.695384,0.3199439,-0.2143164,2.760256,0.4719537,0.5036569,2.643843,0.5162562,0.1981541,2.635089,0.5136538,-0.1817459,2.697705,0.4232034,0.9983721,2.68502
72057594038042242,0,0.5807257,106253.6,0.4208349,0.5007356,2.69375,0.4246061,1.177506,2.639396,0.2875071,0.9713063,2.727085,0.1551689,0.8456672,2.818308,0.0273025,0.7201864,2.862801,0.02195884,0.6928473,2.844259,0.5578664,0.9473553,2.62722,0.4976584,0.7875946,2.434765,0.5489148,0.5706713,2.543081,0.5313663,0.5243466,2.556062,0.360212,0.4950205,2.680739,0.3215877,0.1506006,2.695384,0.3199439,-0.2143164,2.760256,0.4719537,0.5036569,2.643843,0.5162562,0.1981541,2.635089,0.5136538,-0.1817459,2.697705,0.4232034,0.9983721,2.68502
72057594038042242,0,0.5807257,106253.6,0.4208349,0.5007356,2.69375,0.4246061,1.177506,2.639396,0.2875071,0.9713063,2.727085,0.1551689,0.8456672,2.818308,0.0273025,0.7201864,2.862801,0.02195884,0.6928473,2.844259,0.5578664,0.9473553,2.62722,0.4976584,0.7875946,2.434765,0.5489148,0.5706713,2.543081,0.5313663,0.5243466,2.556062,0.360212,0.4950205,2.680739,0.3215877,0.1506006,2.695384,0.3199439,-0.2143164,2.760256,0.4719537,0.5036569,2.643843,0.5162562,0.1981541,2.635089,0.5136538,-0.1817459,2.697705,0.4232034,0.9983721,2.68502
72057594038042242,0,0.5807257,106253.6,0.4208349,0.5007356,2.69375,0.4246061,1.177506,2.639396,0.2875071,0.9713063,2.727085,0.1551689,0.8456672,2.818308,0.0273025,0.7201864,2.862801,0.02195884,0.6928473,2.844259,0.5578664,0.9473553,2.62722,0.4976584,0.7875946,2.434765,0.5489148,0.5706713,2.543081,0.5313663,0.5243466,2.556062,0.360212,0.4950205,2.680739,0.3215877,0.1506006,2.695384,0.3199439,-0.2143164,2.760256,0.4719537,0.5036569,2.643843,0.5162562,0.1981541,2.635089,0.5136538,-0.1817459,2.697705,0.4232034,0.9983721,2.68502
72057594038042242,0,0.5807257,106253.6,0.4208349,0.5007356,2.69375,0.4246061,1.177506,2.639396,0.2875071,0.9713063,2.727085,0.1551689,0.8456672,2.818308,0.0273025,0.7201864,2.862801,0.02195884,0.6928473,2.844259,0.5578664,0.9473553,2.62722,0.4976584,0.7875946,2.434765,0.5489148,0.5706713,2.543081,0.5313663,0.5243466,2.556062,0.360212,0.4950205,2.680739,0.3215877,0.1506006,2.695384,0.3199439,-0.2143164,2.760256,0.4719537,0.5036569,2.643843,0.5162562,0.1981541,2.635089,0.5136538,-0.1817459,2.697705,0.4232034,0.9983721,2.68502
72057594038042242,0,0.5807257,106253.6,0.4208349,0.5007356,2.69375,0.4246061,1.177506,2.639396,0.2875071,0.9713063,2.727085,0.1551689,0.8456672,2.818308,0.0273025,0.7201864,2.862801,0.02195884,0.6928473,2.844259,0.5578664,0.9473553,2.62722,0.4976584,0.7875946,2.434765,0.5489148,0.5706713,2.543081,0.5313663,0.5243466,2.556062,0.360212,0.4950205,2.680739,0.3215877,0.1506006,2.695384,0.3199439,-0.2143164,2.760256,0.4719537,0.5036569,2.643843,0.5162562,0.1981541,2.635089,0.5136538,-0.1817459,2.697705,0.4232034,0.9983721,2.68502
72057594038042242,0,0.5807257,106253.6,0.4208349,0.5007356,2.69375,0.4246061,1.177506,2.639396,0.2875071,0.9713063,2.727085,0.1551689,0.8456672,2.818308,0.0273025,0.7201864,2.862801,0.02195884,0.6928473,2.844259,0.5578664,0.9473553,2.62722,0.4976584,0.7875946,2.434765,0.5489148,0.5706713,2.543081,0.5313663,0.5243466,2.556062,0.360212,0.4950205,2.680739,0.3215877,0.1506006,2.695384,0.3199439,-0.2143164,2.760256,0.4719537,0.5036569,2.643843,0.5162562,0.1981541,2.635089,0.5136538,-0.1817459,2.697705,0.4232034,0.9983721,2.68502
72057594038042242,0,0.5807257,106253.6,0.4208349,0.5007356,2.69375,0.4246061,1.177506,2.639396,0.2875071,0.9713063,2.727085,0.1551689,0.8456672,2.818308,0.0273025,0.7201864,2.862801,0.02195884,0.6928473,2.844259,0.5578664,0.9473553,2.62722,0.4976584,0.7875946,2.434765,0.5489148,0.5706713,2.543081,0.5313663,0.5243466,2.556062,0.360212,0.4950205,2.680739,0.3215877,0.1506006,2.695384,0.3199439,-0.2143164,2.760256,0.4719537,0.5036569,2.643843,0.5162562,0.1981541,2.635089,0.5136538,-0.1817459,2.697705,0.4232034,0.9983721,2.68502
72057594038042242,0,0.5807257,106253.6,0.4208349,0.5007356,2.69375,0.4246061,1.177506,2.639396,0.2875071,0.9713063,2.727085,0.1551689,0.8456672,2.818308,0.0273025,0.7201864,2.862801,0.02195884,0.6928473,2.844259,0.5578664,0.9473553,2.62722,0.4976584,0.7875946,2.434765,0.5489148,0.5706713,2.543081,0.5313663,0.5243466,2.556062,0.360212,0.4950205,2.680739,0.3215877,0.1506006,2.695384,0.3199439,-0.2143164,2.760256,0.4719537,0.5036569,2.643843,0.5162562,0.1981541,2.635089,0.5136538,-0.1817459,2.697705,0.4232034,0.9983721,2.68502
72057594038042242,0,0.5808415,106253.6,0.4209519,0.5007155,2.693549,0.4249639,1.177621,2.639497,0.2890697,0.9711044,2.729076,0.1573094,0.8449601,2.818454,0.03324009,0.7142614,2.859893,0.01693816,0.6936871,2.842509,0.5593681,0.9472569,2.626235,0.4994154,0.7871208,2.434177,0.5503722,0.5895785,2.547787,0.5309827,0.5467745,2.555055,0.3603792,0.4949977,2.680749,0.3227778,0.1537835,2.694097,0.3197988,-0.2139987,2.760404,0.472022,0.5036471,2.643235,0.5175983,0.1981399,2.631924,0.5136576,-0.1818005,2.697766,0.4248843,0.9986683,2.68622
72057594038042242,0,0.5808415,106253.6,0.4209519,0.5007155,2.693549,0.4249639,1.177621,2.639497,0.2890697,0.9711044,2.729076,0.1573094,0.8449601,2.818454,0.03324009,0.7142614,2.859893,0.01693816,0.6936871,2.842509,0.5593681,0.9472569,2.626235,0.4994154,0.7871208,2.434177,0.5503722,0.5895785,2.547787,0.5309827,0.5467745,2.555055,0.3603792,0.4949977,2.680749,0.3227778,0.1537835,2.694097,0.3197988,-0.2139987,2.760404,0.472022,0.5036471,2.643235,0.5175983,0.1981399,2.631924,0.5136576,-0.1818005,2.697766,0.4248843,0.9986683,2.68622
72057594038042242,0,0.5808415,106253.6,0.4209519,0.5007155,2.693549,0.4249639,1.177621,2.639497,0.2890697,0.9711044,2.729076,0.1573094,0.8449601,2.818454,0.03324009,0.7142614,2.859893,0.01693816,0.6936871,2.842509,0.5593681,0.9472569,2.626235,0.4994154,0.7871208,2.434177,0.5503722,0.5895785,2.547787,0.5309827,0.5467745,2.555055,0.3603792,0.4949977,2.680749,0.3227778,0.1537835,2.694097,0.3197988,-0.2139987,2.760404,0.472022,0.5036471,2.643235,0.5175983,0.1981399,2.631924,0.5136576,-0.1818005,2.697766,0.4248843,0.9986683,2.68622
72057594038042242,0,0.5808415,106253.6,0.4209519,0.5007155,2.693549,0.4249639,1.177621,2.639497,0.2890697,0.9711044,2.729076,0.1573094,0.8449601,2.818454,0.03324009,0.7142614,2.859893,0.01693816,0.6936871,2.842509,0.5593681,0.9472569,2.626235,0.4994154,0.7871208,2.434177,0.5503722,0.5895785,2.547787,0.5309827,0.5467745,2.555055,0.3603792,0.4949977,2.680749,0.3227778,0.1537835,2.694097,0.3197988,-0.2139987,2.760404,0.472022,0.5036471,2.643235,0.5175983,0.1981399,2.631924,0.5136576,-0.1818005,2.697766,0.4248843,0.9986683,2.68622
72057594038042242,0,0.5808415,106253.6,0.4209519,0.5007155,2.693549,0.4249639,1.177621,2.639497,0.2890697,0.9711044,2.729076,0.1573094,0.8449601,2.818454,0.03324009,0.7142614,2.859893,0.01693816,0.6936871,2.842509,0.5593681,0.9472569,2.626235,0.4994154,0.7871208,2.434177,0.5503722,0.5895785,2.547787,0.5309827,0.5467745,2.555055,0.3603792,0.4949977,2.680749,0.3227778,0.1537835,2.694097,0.3197988,-0.2139987,2.760404,0.472022,0.5036471,2.643235,0.5175983,0.1981399,2.631924,0.5136576,-0.1818005,2.697766,0.4248843,0.9986683,2.68622
72057594038042242,0,0.5808415,106253.6,0.4209519,0.5007155,2.693549,0.4249639,1.177621,2.639497,0.2890697,0.9711044,2.729076,0.1573094,0.8449601,2.818454,0.03324009,0.7142614,2.859893,0.01693816,0.6936871,2.842509,0.5593681,0.9472569,2.626235,0.4994154,0.7871208,2.434177,0.5503722,0.5895785,2.547787,0.5309827,0.5467745,2.555055,0.3603792,0.4949977,2.680749,0.3227778,0.1537835,2.694097,0.3197988,-0.2139987,2.760404,0.472022,0.5036471,2.643235,0.5175983,0.1981399,2.631924,0.5136576,-0.1818005,2.697766,0.4248843,0.9986683,2.68622
72057594038042242,0,0.5808415,106253.6,0.4209519,0.5007155,2.693549,0.4249639,1.177621,2.639497,0.2890697,0.9711044,2.729076,0.1573094,0.8449601,2.818454,0.03324009,0.7142614,2.859893,0.01693816,0.6936871,2.842509,0.5593681,0.9472569,2.626235,0.4994154,0.7871208,2.434177,0.5503722,0.5895785,2.547787,0.5309827,0.5467745,2.555055,0.3603792,0.4949977,2.680749,0.3227778,0.1537835,2.694097,0.3197988,-0.2139987,2.760404,0.472022,0.5036471,2.643235,0.5175983,0.1981399,2.631924,0.5136576,-0.1818005,2.697766,0.4248843,0.9986683,2.68622
72057594038042242,0,0.5808415,106253.7,0.4209519,0.5007155,2.693549,0.4249639,1.177621,2.639497,0.2890697,0.9711044,2.729076,0.1573094,0.8449601,2.818454,0.03324009,0.7142614,2.859893,0.01693816,0.6936871,2.842509,0.5593681,0.9472569,2.626235,0.4994154,0.7871208,2.434177,0.5503722,0.5895785,2.547787,0.5309827,0.5467745,2.555055,0.3603792,0.4949977,2.680749,0.3227778,0.1537835,2.694097,0.3197988,-0.2139987,2.760404,0.472022,0.5036471,2.643235,0.5175983,0.1981399,2.631924,0.5136576,-0.1818005,2.697766,0.4248843,0.9986683,2.68622
72057594038042242,0,0.5808415,106253.7,0.4209519,0.5007155,2.693549,0.4249639,1.177621,2.639497,0.2890697,0.9711044,2.729076,0.1573094,0.8449601,2.818454,0.03324009,0.7142614,2.859893,0.01693816,0.6936871,2.842509,0.5593681,0.9472569,2.626235,0.4994154,0.7871208,2.434177,0.5503722,0.5895785,2.547787,0.5309827,0.5467745,2.555055,0.3603792,0.4949977,2.680749,0.3227778,0.1537835,2.694097,0.3197988,-0.2139987,2.760404,0.472022,0.5036471,2.643235,0.5175983,0.1981399,2.631924,0.5136576,-0.1818005,2.697766,0.4248843,0.9986683,2.68622
72057594038042242,0,0.5808415,106253.7,0.4209519,0.5007155,2.693549,0.4249639,1.177621,2.639497,0.2890697,0.9711044,2.729076,0.1573094,0.8449601,2.818454,0.03324009,0.7142614,2.859893,0.01693816,0.6936871,2.842509,0.5593681,0.9472569,2.626235,0.4994154,0.7871208,2.434177,0.5503722,0.5895785,2.547787,0.5309827,0.5467745,2.555055,0.3603792,0.4949977,2.680749,0.3227778,0.1537835,2.694097,0.3197988,-0.2139987,2.760404,0.472022,0.5036471,2.643235,0.5175983,0.1981399,2.631924,0.5136576,-0.1818005,2.697766,0.4248843,0.9986683,2.68622
72057594038042242,0,0.5809231,106253.7,0.421023,0.5007014,2.693286,0.4259192,1.177398,2.639785,0.2909184,0.9705123,2.730594,0.1583676,0.8445534,2.818839,0.03084388,0.716158,2.858383,-0.01381681,0.6843998,2.875135,0.5605214,0.9471135,2.62588,0.492799,0.776221,2.435975,0.5522057,0.5844314,2.547475,0.5319545,0.5394991,2.555216,0.3605203,0.4949788,2.6807,0.3228599,0.1540752,2.693971,0.3195701,-0.2139023,2.760377,0.4719589,0.5036539,2.642641,0.517555,0.1981395,2.631214,0.5138918,-0.1836764,2.696388,0.4254606,0.9987119,2.687157
72057594038042242,0,0.5809231,106253.7,0.421023,0.5007014,2.693286,0.4259192,1.177398,2.639785,0.2909184,0.9705123,2.730594,0.1583676,0.8445534,2.818839,0.03084388,0.716158,2.858383,-0.01381681,0.6843998,2.875135,0.5605214,0.9471135,2.62588,0.492799,0.776221,2.435975,0.5522057,0.5844314,2.547475,0.5319545,0.5394991,2.555216,0.3605203,0.4949788,2.6807,0.3228599,0.1540752,2.693971,0.3195701,-0.2139023,2.760377,0.4719589,0.5036539,2.642641,0.517555,0.1981395,2.631214,0.5138918,-0.1836764,2.696388,0.4254606,0.9987119,2.687157
72057594038042242,0,0.5809231,106253.7,0.421023,0.5007014,2.693286,0.4259192,1.177398,2.639785,0.2909184,0.9705123,2.730594,0.1583676,0.8445534,2.818839,0.03084388,0.716158,2.858383,-0.01381681,0.6843998,2.875135,0.5605214,0.9471135,2.62588,0.492799,0.776221,2.435975,0.5522057,0.5844314,2.547475,0.5319545,0.5394991,2.555216,0.3605203,0.4949788,2.6807,0.3228599,0.1540752,2.693971,0.3195701,-0.2139023,2.760377,0.4719589,0.5036539,2.642641,0.517555,0.1981395,2.631214,0.5138918,-0.1836764,2.696388,0.4254606,0.9987119,2.687157
72057594038042242,0,0.5809231,106253.7,0.421023,0.5007014,2.693286,0.4259192,1.177398,2.639785,0.2909184,0.9705123,2.730594,0.1583676,0.8445534,2.818839,0.03084388,0.716158,2.858383,-0.01381681,0.6843998,2.875135,0.5605214,0.9471135,2.62588,0.492799,0.776221,2.435975,0.5522057,0.5844314,2.547475,0.5319545,0.5394991,2.555216,0.3605203,0.4949788,2.6807,0.3228599,0.1540752,2.693971,0.3195701,-0.2139023,2.760377,0.4719589,0.5036539,2.642641,0.517555,0.1981395,2.631214,0.5138918,-0.1836764,2.696388,0.4254606,0.9987119,2.687157
72057594038042242,0,0.5809231,106253.7,0.421023,0.5007014,2.693286,0.4259192,1.177398,2.639785,0.2909184,0.9705123,2.730594,0.1583676,0.8445534,2.818839,0.03084388,0.716158,2.858383,-0.01381681,0.6843998,2.875135,0.5605214,0.9471135,2.62588,0.492799,0.776221,2.435975,0.5522057,0.5844314,2.547475,0.5319545,0.5394991,2.555216,0.3605203,0.4949788,2.6807,0.3228599,0.1540752,2.693971,0.3195701,-0.2139023,2.760377,0.4719589,0.5036539,2.642641,0.517555,0.1981395,2.631214,0.5138918,-0.1836764,2.696388,0.4254606,0.9987119,2.687157
72057594038042242,0,0.5809231,106253.7,0.421023,0.5007014,2.693286,0.4259192,1.177398,2.639785,0.2909184,0.9705123,2.730594,0.1583676,0.8445534,2.818839,0.03084388,0.716158,2.858383,-0.01381681,0.6843998,2.875135,0.5605214,0.9471135,2.62588,0.492799,0.776221,2.435975,0.5522057,0.5844314,2.547475,0.5319545,0.5394991,2.555216,0.3605203,0.4949788,2.6807,0.3228599,0.1540752,2.693971,0.3195701,-0.2139023,2.760377,0.4719589,0.5036539,2.642641,0.517555,0.1981395,2.631214,0.5138918,-0.1836764,2.696388,0.4254606,0.9987119,2.687157
72057594038042242,0,0.5809231,106253.7,0.421023,0.5007014,2.693286,0.4259192,1.177398,2.639785,0.2909184,0.9705123,2.730594,0.1583676,0.8445534,2.818839,0.03084388,0.716158,2.858383,-0.01381681,0.6843998,2.875135,0.5605214,0.9471135,2.62588,0.492799,0.776221,2.435975,0.5522057,0.5844314,2.547475,0.5319545,0.5394991,2.555216,0.3605203,0.4949788,2.6807,0.3228599,0.1540752,2.693971,0.3195701,-0.2139023,2.760377,0.4719589,0.5036539,2.642641,0.517555,0.1981395,2.631214,0.5138918,-0.1836764,2.696388,0.4254606,0.9987119,2.687157
72057594038042242,0,0.5809231,106253.7,0.421023,0.5007014,2.693286,0.4259192,1.177398,2.639785,0.2909184,0.9705123,2.730594,0.1583676,0.8445534,2.818839,0.03084388,0.716158,2.858383,-0.01381681,0.6843998,2.875135,0.5605214,0.9471135,2.62588,0.492799,0.776221,2.435975,0.5522057,0.5844314,2.547475,0.5319545,0.5394991,2.555216,0.3605203,0.4949788,2.6807,0.3228599,0.1540752,2.693971,0.3195701,-0.2139023,2.760377,0.4719589,0.5036539,2.642641,0.517555,0.1981395,2.631214,0.5138918,-0.1836764,2.696388,0.4254606,0.9987119,2.687157
72057594038042242,0,0.5809231,106253.7,0.421023,0.5007014,2.693286,0.4259192,1.177398,2.639785,0.2909184,0.9705123,2.730594,0.1583676,0.8445534,2.818839,0.03084388,0.716158,2.858383,-0.01381681,0.6843998,2.875135,0.5605214,0.9471135,2.62588,0.492799,0.776221,2.435975,0.5522057,0.5844314,2.547475,0.5319545,0.5394991,2.555216,0.3605203,0.4949788,2.6807,0.3228599,0.1540752,2.693971,0.3195701,-0.2139023,2.760377,0.4719589,0.5036539,2.642641,0.517555,0.1981395,2.631214,0.5138918,-0.1836764,2.696388,0.4254606,0.9987119,2.687157
72057594038042242,0,0.5809231,106253.7,0.421023,0.5007014,2.693286,0.4259192,1.177398,2.639785,0.2909184,0.9705123,2.730594,0.1583676,0.8445534,2.818839,0.03084388,0.716158,2.858383,-0.01381681,0.6843998,2.875135,0.5605214,0.9471135,2.62588,0.492799,0.776221,2.435975,0.5522057,0.5844314,2.547475,0.5319545,0.5394991,2.555216,0.3605203,0.4949788,2.6807,0.3228599,0.1540752,2.693971,0.3195701,-0.2139023,2.760377,0.4719589,0.5036539,2.642641,0.517555,0.1981395,2.631214,0.5138918,-0.1836764,2.696388,0.4254606,0.9987119,2.687157
72057594038042242,0,0.5809231,106253.7,0.421023,0.5007014,2.693286,0.4259192,1.177398,2.639785,0.2909184,0.9705123,2.730594,0.1583676,0.8445534,2.818839,0.03084388,0.716158,2.858383,-0.01381681,0.6843998,2.875135,0.5605214,0.9471135,2.62588,0.492799,0.776221,2.435975,0.5522057,0.5844314,2.547475,0.5319545,0.5394991,2.555216,0.3605203,0.4949788,2.6807,0.3228599,0.1540752,2.693971,0.3195701,-0.2139023,2.760377,0.4719589,0.5036539,2.642641,0.517555,0.1981395,2.631214,0.5138918,-0.1836764,2.696388,0.4254606,0.9987119,2.687157
72057594038042242,0,0.5809246,106253.7,0.4209359,0.5006177,2.693111,0.4276864,1.17537,2.641743,0.2931429,0.9711676,2.73371,0.1596944,0.8446733,2.819187,0.02954154,0.7185129,2.856972,-0.01829243,0.6903992,2.871326,0.5561581,0.9452296,2.632058,0.5382342,0.737506,2.578333,0.5555571,0.5530683,2.541064,0.5418159,0.5163728,2.549004,0.3605739,0.4948887,2.680669,0.3232969,0.1553191,2.69301,0.3195873,-0.2134582,2.760344,0.4715775,0.5035993,2.642242,0.5181037,0.1981901,2.630139,0.5141091,-0.1805286,2.695621,0.4275674,0.9983526,2.688356
72057594038042242,0,0.5809246,106253.7,0.4209359,0.5006177,2.693111,0.4276864,1.17537,2.641743,0.2931429,0.9711676,2.73371,0.1596944,0.8446733,2.819187,0.02954154,0.7185129,2.856972,-0.01829243,0.6903992,2.871326,0.5561581,0.9452296,2.632058,0.5382342,0.737506,2.578333,0.5555571,0.5530683,2.541064,0.5418159,0.5163728,2.549004,0.3605739,0.4948887,2.680669,0.3232969,0.1553191,2.69301,0.3195873,-0.2134582,2.760344,0.4715775,0.5035993,2.642242,0.5181037,0.1981901,2.630139,0.5141091,-0.1805286,2.695621,0.4275674,0.9983526,2.688356
72057594038042242,0,0.5809246,106253.7,0.4209359,0.5006177,2.693111,0.4276864,1.17537,2.641743,0.2931429,0.9711676,2.73371,0.1596944,0.8446733,2.819187,0.02954154,0.7185129,2.856972,-0.01829243,0.6903992,2.871326,0.5561581,0.9452296,2.632058,0.5382342,0.737506,2.578333,0.5555571,0.5530683,2.541064,0.5418159,0.5163728,2.549004,0.3605739,0.4948887,2.680669,0.3232969,0.1553191,2.69301,0.3195873,-0.2134582,2.760344,0.4715775,0.5035993,2.642242,0.5181037,0.1981901,2.630139,0.5141091,-0.1805286,2.695621,0.4275674,0.9983526,2.688356
72057594038042242,0,0.5809246,106253.7,0.4209359,0.5006177,2.693111,0.4276864,1.17537,2.641743,0.2931429,0.9711676,2.73371,0.1596944,0.8446733,2.819187,0.02954154,0.7185129,2.856972,-0.01829243,0.6903992,2.871326,0.5561581,0.9452296,2.632058,0.5382342,0.737506,2.578333,0.5555571,0.5530683,2.541064,0.5418159,0.5163728,2.549004,0.3605739,0.4948887,2.680669,0.3232969,0.1553191,2.69301,0.3195873,-0.2134582,2.760344,0.4715775,0.5035993,2.642242,0.5181037,0.1981901,2.630139,0.5141091,-0.1805286,2.695621,0.4275674,0.9983526,2.688356
72057594038042242,0,0.5809246,106253.7,0.4209359,0.5006177,2.693111,0.4276864,1.17537,2.641743,0.2931429,0.9711676,2.73371,0.1596944,0.8446733,2.819187,0.02954154,0.7185129,2.856972,-0.01829243,0.6903992,2.871326,0.5561581,0.9452296,2.632058,0.5382342,0.737506,2.578333,0.5555571,0.5530683,2.541064,0.5418159,0.5163728,2.549004,0.3605739,0.4948887,2.680669,0.3232969,0.1553191,2.69301,0.3195873,-0.2134582,2.760344,0.4715775,0.5035993,2.642242,0.5181037,0.1981901,2.630139,0.5141091,-0.1805286,2.695621,0.4275674,0.9983526,2.688356
72057594038042242,0,0.5809246,106253.7,0.4209359,0.5006177,2.693111,0.4276864,1.17537,2.641743,0.2931429,0.9711676,2.73371,0.1596944,0.8446733,2.819187,0.02954154,0.7185129,2.856972,-0.01829243,0.6903992,2.871326,0.5561581,0.9452296,2.632058,0.5382342,0.737506,2.578333,0.5555571,0.5530683,2.541064,0.5418159,0.5163728,2.549004,0.3605739,0.4948887,2.680669,0.3232969,0.1553191,2.69301,0.3195873,-0.2134582,2.760344,0.4715775,0.5035993,2.642242,0.5181037,0.1981901,2.630139,0.5141091,-0.1805286,2.695621,0.4275674,0.9983526,2.688356
72057594038042242,0,0.5809246,106253.7,0.4209359,0.5006177,2.693111,0.4276864,1.17537,2.641743,0.2931429,0.9711676,2.73371,0.1596944,0.8446733,2.819187,0.02954154,0.7185129,2.856972,-0.01829243,0.6903992,2.871326,0.5561581,0.9452296,2.632058,0.5382342,0.737506,2.578333,0.5555571,0.5530683,2.541064,0.5418159,0.5163728,2.549004,0.3605739,0.4948887,2.680669,0.3232969,0.1553191,2.69301,0.3195873,-0.2134582,2.760344,0.4715775,0.5035993,2.642242,0.5181037,0.1981901,2.630139,0.5141091,-0.1805286,2.695621,0.4275674,0.9983526,2.688356
72057594038042242,0,0.5809246,106253.7,0.4209359,0.5006177,2.693111,0.4276864,1.17537,2.641743,0.2931429,0.9711676,2.73371,0.1596944,0.8446733,2.819187,0.02954154,0.7185129,2.856972,-0.01829243,0.6903992,2.871326,0.5561581,0.9452296,2.632058,0.5382342,0.737506,2.578333,0.5555571,0.5530683,2.541064,0.5418159,0.5163728,2.549004,0.3605739,0.4948887,2.680669,0.3232969,0.1553191,2.69301,0.3195873,-0.2134582,2.760344,0.4715775,0.5035993,2.642242,0.5181037,0.1981901,2.630139,0.5141091,-0.1805286,2.695621,0.4275674,0.9983526,2.688356
72057594038042242,0,0.5809246,106253.7,0.4209359,0.5006177,2.693111,0.4276864,1.17537,2.641743,0.2931429,0.9711676,2.73371,0.1596944,0.8446733,2.819187,0.02954154,0.7185129,2.856972,-0.01829243,0.6903992,2.871326,0.5561581,0.9452296,2.632058,0.5382342,0.737506,2.578333,0.5555571,0.5530683,2.541064,0.5418159,0.5163728,2.549004,0.3605739,0.4948887,2.680669,0.3232969,0.1553191,2.69301,0.3195873,-0.2134582,2.760344,0.4715775,0.5035993,2.642242,0.5181037,0.1981901,2.630139,0.5141091,-0.1805286,2.695621,0.4275674,0.9983526,2.688356
72057594038042242,0,0.5815105,106253.7,0.421309,0.5001714,2.69293,0.4298979,1.174724,2.64358,0.2960021,0.9712237,2.735863,0.1607386,0.8448156,2.82014,0.02893597,0.7199375,2.856137,-0.01998528,0.6929389,2.868894,0.5592558,0.9454067,2.629136,0.5383029,0.7373183,2.578198,0.5582259,0.5533689,2.540686,0.5446848,0.5118935,2.547714,0.3614517,0.4943469,2.680862,0.3232595,0.1553117,2.692886,0.3193215,-0.2139374,2.760308,0.471692,0.503112,2.641823,0.5190038,0.1977943,2.629049,0.5139529,-0.1804118,2.695925,0.4290586,0.9982203,2.68882
72057594038042242,0,0.5815105,106253.7,0.421309,0.5001714,2.69293,0.4298979,1.174724,2.64358,0.2960021,0.9712237,2.735863,0.1607386,0.8448156,2.82014,0.02893597,0.7199375,2.856137,-0.01998528,0.6929389,2.868894,0.5592558,0.9454067,2.629136,0.5383029,0.7373183,2.578198,0.5582259,0.5533689,2.540686,0.5446848,0.5118935,2.547714,0.3614517,0.4943469,2.680862,0.3232595,0.1553117,2.692886,0.3193215,-0.2139374,2.760308,0.471692,0.503112,2.641823,0.5190038,0.1977943,2.629049,0.5139529,-0.1804118,2.695925,0.4290586,0.9982203,2.68882
72057594038042242,0,0.5815105,106253.7,0.421309,0.5001714,2.69293,0.4298979,1.174724,2.64358,0.2960021,0.9712237,2.735863,0.1607386,0.8448156,2.82014,0.02893597,0.7199375,2.856137,-0.01998528,0.6929389,2.868894,0.5592558,0.9454067,2.629136,0.5383029,0.7373183,2.578198,0.5582259,0.5533689,2.540686,0.5446848,0.5118935,2.547714,0.3614517,0.4943469,2.680862,0.3232595,0.1553117,2.692886,0.3193215,-0.2139374,2.760308,0.471692,0.503112,2.641823,0.5190038,0.1977943,2.629049,0.5139529,-0.1804118,2.695925,0.4290586,0.9982203,2.68882
72057594038042242,0,0.5815105,106253.7,0.421309,0.5001714,2.69293,0.4298979,1.174724,2.64358,0.2960021,0.9712237,2.735863,0.1607386,0.8448156,2.82014,0.02893597,0.7199375,2.856137,-0.01998528,0.6929389,2.868894,0.5592558,0.9454067,2.629136,0.5383029,0.7373183,2.578198,0.5582259,0.5533689,2.540686,0.5446848,0.5118935,2.547714,0.3614517,0.4943469,2.680862,0.3232595,0.1553117,2.692886,0.3193215,-0.2139374,2.760308,0.471692,0.503112,2.641823,0.5190038,0.1977943,2.629049,0.5139529,-0.1804118,2.695925,0.4290586,0.9982203,2.68882
72057594038042242,0,0.5815105,106253.7,0.421309,0.5001714,2.69293,0.4298979,1.174724,2.64358,0.2960021,0.9712237,2.735863,0.1607386,0.8448156,2.82014,0.02893597,0.7199375,2.856137,-0.01998528,0.6929389,2.868894,0.5592558,0.9454067,2.629136,0.5383029,0.7373183,2.578198,0.5582259,0.5533689,2.540686,0.5446848,0.5118935,2.547714,0.3614517,0.4943469,2.680862,0.3232595,0.1553117,2.692886,0.3193215,-0.2139374,2.760308,0.471692,0.503112,2.641823,0.5190038,0.1977943,2.629049,0.5139529,-0.1804118,2.695925,0.4290586,0.9982203,2.68882
72057594038042242,0,0.5815105,106253.8,0.421309,0.5001714,2.69293,0.4298979,1.174724,2.64358,0.2960021,0.9712237,2.735863,0.1607386,0.8448156,2.82014,0.02893597,0.7199375,2.856137,-0.01998528,0.6929389,2.868894,0.5592558,0.9454067,2.629136,0.5383029,0.7373183,2.578198,0.5582259,0.5533689,2.540686,0.5446848,0.5118935,2.547714,0.3614517,0.4943469,2.680862,0.3232595,0.1553117,2.692886,0.3193215,-0.2139374,2.760308,0.471692,0.503112,2.641823,0.5190038,0.1977943,2.629049,0.5139529,-0.1804118,2.695925,0.4290586,0.9982203,2.68882
72057594038042242,0,0.5815105,106253.8,0.421309,0.5001714,2.69293,0.4298979,1.174724,2.64358,0.2960021,0.9712237,2.735863,0.1607386,0.8448156,2.82014,0.02893597,0.7199375,2.856137,-0.01998528,0.6929389,2.868894,0.5592558,0.9454067,2.629136,0.5383029,0.7373183,2.578198,0.5582259,0.5533689,2.540686,0.5446848,0.5118935,2.547714,0.3614517,0.4943469,2.680862,0.3232595,0.1553117,2.692886,0.3193215,-0.2139374,2.760308,0.471692,0.503112,2.641823,0.5190038,0.1977943,2.629049,0.5139529,-0.1804118,2.695925,0.4290586,0.9982203,2.68882
72057594038042242,0,0.5815105,106253.8,0.421309,0.5001714,2.69293,0.4298979,1.174724,2.64358,0.2960021,0.9712237,2.735863,0.1607386,0.8448156,2.82014,0.02893597,0.7199375,2.856137,-0.01998528,0.6929389,2.868894,0.5592558,0.9454067,2.629136,0.5383029,0.7373183,2.578198,0.5582259,0.5533689,2.540686,0.5446848,0.5118935,2.547714,0.3614517,0.4943469,2.680862,0.3232595,0.1553117,2.692886,0.3193215,-0.2139374,2.760308,0.471692,0.503112,2.641823,0.5190038,0.1977943,2.629049,0.5139529,-0.1804118,2.695925,0.4290586,0.9982203,2.68882
72057594038042242,0,0.5815105,106253.8,0.421309,0.5001714,2.69293,0.4298979,1.174724,2.64358,0.2960021,0.9712237,2.735863,0.1607386,0.8448156,2.82014,0.02893597,0.7199375,2.856137,-0.01998528,0.6929389,2.868894,0.5592558,0.9454067,2.629136,0.5383029,0.7373183,2.578198,0.5582259,0.5533689,2.540686,0.5446848,0.5118935,2.547714,0.3614517,0.4943469,2.680862,0.3232595,0.1553117,2.692886,0.3193215,-0.2139374,2.760308,0.471692,0.503112,2.641823,0.5190038,0.1977943,2.629049,0.5139529,-0.1804118,2.695925,0.4290586,0.9982203,2.68882
72057594038042242,0,0.5815105,106253.8,0.421309,0.5001714,2.69293,0.4298979,1.174724,2.64358,0.2960021,0.9712237,2.735863,0.1607386,0.8448156,2.82014,0.02893597,0.7199375,2.856137,-0.01998528,0.6929389,2.868894,0.5592558,0.9454067,2.629136,0.5383029,0.7373183,2.578198,0.5582259,0.5533689,2.540686,0.5446848,0.5118935,2.547714,0.3614517,0.4943469,2.680862,0.3232595,0.1553117,2.692886,0.3193215,-0.2139374,2.760308,0.471692,0.503112,2.641823,0.5190038,0.1977943,2.629049,0.5139529,-0.1804118,2.695925,0.4290586,0.9982203,2.68882
72057594038042242,0,0.5815105,106253.8,0.421309,0.5001714,2.69293,0.4298979,1.174724,2.64358,0.2960021,0.9712237,2.735863,0.1607386,0.8448156,2.82014,0.02893597,0.7199375,2.856137,-0.01998528,0.6929389,2.868894,0.5592558,0.9454067,2.629136,0.5383029,0.7373183,2.578198,0.5582259,0.5533689,2.540686,0.5446848,0.5118935,2.547714,0.3614517,0.4943469,2.680862,0.3232595,0.1553117,2.692886,0.3193215,-0.2139374,2.760308,0.471692,0.503112,2.641823,0.5190038,0.1977943,2.629049,0.5139529,-0.1804118,2.695925,0.4290586,0.9982203,2.68882
72057594038042242,0,0.5817109,106253.8,0.4214089,0.4999827,2.692903,0.4335357,1.17266,2.646317,0.2991112,0.9709923,2.738023,0.1637685,0.8458716,2.82194,0.0236058,0.7327986,2.862576,-0.02414084,0.7021005,2.870561,0.5606642,0.9453943,2.627715,0.5357822,0.735551,2.57923,0.5601609,0.5522482,2.542346,0.5482222,0.5105951,2.548389,0.3619065,0.4940754,2.681082,0.3233811,0.154318,2.692229,0.3188494,-0.2166044,2.760234,0.4716068,0.502884,2.641669,0.5187315,0.1974962,2.628367,0.5141234,-0.1783057,2.697072,0.4312314,0.9979159,2.689686
72057594038042242,0,0.5817109,106253.8,0.4214089,0.4999827,2.692903,0.4335357,1.17266,2.646317,0.2991112,0.9709923,2.738023,0.1637685,0.8458716,2.82194,0.0236058,0.7327986,2.862576,-0.02414084,0.7021005,2.870561,0.5606642,0.9453943,2.627715,0.5357822,0.735551,2.57923,0.5601609,0.5522482,2.542346,0.5482222,0.5105951,2.548389,0.3619065,0.4940754,2.681082,0.3233811,0.154318,2.692229,0.3188494,-0.2166044,2.760234,0.4716068,0.502884,2.641669,0.5187315,0.1974962,2.628367,0.5141234,-0.1783057,2.697072,0.4312314,0.9979159,2.689686
72057594038042242,0,0.5817109,106253.8,0.4214089,0.4999827,2.692903,0.4335357,1.17266,2.646317,0.2991112,0.9709923,2.738023,0.1637685,0.8458716,2.82194,0.0236058,0.7327986,2.862576,-0.02414084,0.7021005,2.870561,0.5606642,0.9453943,2.627715,0.5357822,0.735551,2.57923,0.5601609,0.5522482,2.542346,0.5482222,0.5105951,2.548389,0.3619065,0.4940754,2.681082,0.3233811,0.154318,2.692229,0.3188494,-0.2166044,2.760234,0.4716068,0.502884,2.641669,0.5187315,0.1974962,2.628367,0.5141234,-0.1783057,2.697072,0.4312314,0.9979159,2.689686
72057594038042242,0,0.5817109,106253.8,0.4214089,0.4999827,2.692903,0.4335357,1.17266,2.646317,0.2991112,0.9709923,2.738023,0.1637685,0.8458716,2.82194,0.0236058,0.7327986,2.862576,-0.02414084,0.7021005,2.870561,0.5606642,0.9453943,2.627715,0.5357822,0.735551,2.57923,0.5601609,0.5522482,2.542346,0.5482222,0.5105951,2.548389,0.3619065,0.4940754,2.681082,0.3233811,0.154318,2.692229,0.3188494,-0.2166044,2.760234,0.4716068,0.502884,2.641669,0.5187315,0.1974962,2.628367,0.5141234,-0.1783057,2.697072,0.4312314,0.9979159,2.689686
72057594038042242,0,0.5817109,106253.8,0.4214089,0.4999827,2.692903,0.4335357,1.17266,2.646317,0.2991112,0.9709923,2.738023,0.1637685,0.8458716,2.82194,0.0236058,0.7327986,2.862576,-0.02414084,0.7021005,2.870561,0.5606642,0.9453943,2.627715,0.5357822,0.735551,2.57923,0.5601609,0.5522482,2.542346,0.5482222,0.5105951,2.548389,0.3619065,0.4940754,2.681082,0.3233811,0.154318,2.692229,0.3188494,-0.2166044,2.760234,0.4716068,0.502884,2.641669,0.5187315,0.1974962,2.628367,0.5141234,-0.1783057,2.697072,0.4312314,0.9979159,2.689686
72057594038042242,0,0.5817109,106253.8,0.4214089,0.4999827,2.692903,0.4335357,1.17266,2.646317,0.2991112,0.9709923,2.738023,0.1637685,0.8458716,2.82194,0.0236058,0.7327986,2.862576,-0.02414084,0.7021005,2.870561,0.5606642,0.9453943,2.627715,0.5357822,0.735551,2.57923,0.5601609,0.5522482,2.542346,0.5482222,0.5105951,2.548389,0.3619065,0.4940754,2.681082,0.3233811,0.154318,2.692229,0.3188494,-0.2166044,2.760234,0.4716068,0.502884,2.641669,0.5187315,0.1974962,2.628367,0.5141234,-0.1783057,2.697072,0.4312314,0.9979159,2.689686
72057594038042242,0,0.5817109,106253.8,0.4214089,0.4999827,2.692903,0.4335357,1.17266,2.646317,0.2991112,0.9709923,2.738023,0.1637685,0.8458716,2.82194,0.0236058,0.7327986,2.862576,-0.02414084,0.7021005,2.870561,0.5606642,0.9453943,2.627715,0.5357822,0.735551,2.57923,0.5601609,0.5522482,2.542346,0.5482222,0.5105951,2.548389,0.3619065,0.4940754,2.681082,0.3233811,0.154318,2.692229,0.3188494,-0.2166044,2.760234,0.4716068,0.502884,2.641669,0.5187315,0.1974962,2.628367,0.5141234,-0.1783057,2.697072,0.4312314,0.9979159,2.689686
72057594038042242,0,0.5817109,106253.8,0.4214089,0.4999827,2.692903,0.4335357,1.17266,2.646317,0.2991112,0.9709923,2.738023,0.1637685,0.8458716,2.82194,0.0236058,0.7327986,2.862576,-0.02414084,0.7021005,2.870561,0.5606642,0.9453943,2.627715,0.5357822,0.735551,2.57923,0.5601609,0.5522482,2.542346,0.5482222,0.5105951,2.548389,0.3619065,0.4940754,2.681082,0.3233811,0.154318,2.692229,0.3188494,-0.2166044,2.760234,0.4716068,0.502884,2.641669,0.5187315,0.1974962,2.628367,0.5141234,-0.1783057,2.697072,0.4312314,0.9979159,2.689686
72057594038042242,0,0.5817109,106253.8,0.4214089,0.4999827,2.692903,0.4335357,1.17266,2.646317,0.2991112,0.9709923,2.738023,0.1637685,0.8458716,2.82194,0.0236058,0.7327986,2.862576,-0.02414084,0.7021005,2.870561,0.5606642,0.9453943,2.627715,0.5357822,0.735551,2.57923,0.5601609,0.5522482,2.542346,0.5482222,0.5105951,2.548389,0.3619065,0.4940754,2.681082,0.3233811,0.154318,2.692229,0.3188494,-0.2166044,2.760234,0.4716068,0.502884,2.641669,0.5187315,0.1974962,2.628367,0.5141234,-0.1783057,2.697072,0.4312314,0.9979159,2.689686
72057594038042242,0,0.582002,106253.8,0.4215356,0.4996843,2.692894,0.4343121,1.172624,2.647044,0.2995071,0.9711012,2.742844,0.1639729,0.8460711,2.823505,0.02352994,0.7324631,2.861601,-0.02593478,0.704644,2.869866,0.5583783,0.9447391,2.63207,0.5351081,0.7355176,2.579605,0.5773185,0.555539,2.544879,0.555827,0.5126256,2.546047,0.3620587,0.4939819,2.681149,0.3241296,0.1537155,2.691329,0.3186457,-0.2167014,2.760219,0.4716725,0.5022646,2.641607,0.5194916,0.1969339,2.627289,0.5144165,-0.177532,2.696555,0.4341294,0.9976206,2.690038
72057594038042242,0,0.582002,106253.8,0.4215356,0.4996843,2.692894,0.4343121,1.172624,2.647044,0.2995071,0.9711012,2.742844,0.1639729,0.8460711,2.823505,0.02352994,0.7324631,2.861601,-0.02593478,0.704644,2.869866,0.5583783,0.9447391,2.63207,0.5351081,0.7355176,2.579605,0.5773185,0.555539,2.544879,0.555827,0.5126256,2.546047,0.3620587,0.4939819,2.681149,0.3241296,0.1537155,2.691329,0.3186457,-0.2167014,2.760219,0.4716725,0.5022646,2.641607,0.5194916,0.1969339,2.627289,0.5144165,-0.177532,2.696555,0.4341294,0.9976206,2.690038
72057594038042242,0,0.582002,106253.8,0.4215356,0.4996843,2.692894,0.4343121,1.172624,2.647044,0.2995071,0.9711012,2.742844,0.1639729,0.8460711,2.823505,0.02352994,0.7324631,2.861601,-0.02593478,0.704644,2.869866,0.5583783,0.9447391,2.63207,0.5351081,0.7355176,2.579605,0.5773185,0.555539,2.544879,0.555827,0.5126256,2.546047,0.3620587,0.4939819,2.681149,0.3241296,0.1537155,2.691329,0.3186457,-0.2167014,2.760219,0.4716725,0.5022646,2.641607,0.5194916,0.1969339,2.627289,0.5144165,-0.177532,2.696555,0.4341294,0.9976206,2.690038
72057594038042242,0,0.582002,106253.8,0.4215356,0.4996843,2.692894,0.4343121,1.172624,2.647044,0.2995071,0.9711012,2.742844,0.1639729,0.8460711,2.823505,0.02352994,0.7324631,2.861601,-0.02593478,0.704644,2.869866,0.5583783,0.9447391,2.63207,0.5351081,0.7355176,2.579605,0.5773185,0.555539,2.544879,0.555827,0.5126256,2.546047,0.3620587,0.4939819,2.681149,0.3241296,0.1537155,2.691329,0.3186457,-0.2167014,2.760219,0.4716725,0.5022646,2.641607,0.5194916,0.1969339,2.627289,0.5144165,-0.177532,2.696555,0.4341294,0.9976206,2.690038
72057594038042242,0,0.582002,106253.8,0.4215356,0.4996843,2.692894,0.4343121,1.172624,2.647044,0.2995071,0.9711012,2.742844,0.1639729,0.8460711,2.823505,0.02352994,0.7324631,2.861601,-0.02593478,0.704644,2.869866,0.5583783,0.9447391,2.63207,0.5351081,0.7355176,2.579605,0.5773185,0.555539,2.544879,0.555827,0.5126256,2.546047,0.3620587,0.4939819,2.681149,0.3241296,0.1537155,2.691329,0.3186457,-0.2167014,2.760219,0.4716725,0.5022646,2.641607,0.5194916,0.1969339,2.627289,0.5144165,-0.177532,2.696555,0.4341294,0.9976206,2.690038
72057594038042242,0,0.582002,106253.8,0.4215356,0.4996843,2.692894,0.4343121,1.172624,2.647044,0.2995071,0.9711012,2.742844,0.1639729,0.8460711,2.823505,0.02352994,0.7324631,2.861601,-0.02593478,0.704644,2.869866,0.5583783,0.9447391,2.63207,0.5351081,0.7355176,2.579605,0.5773185,0.555539,2.544879,0.555827,0.5126256,2.546047,0.3620587,0.4939819,2.681149,0.3241296,0.1537155,2.691329,0.3186457,-0.2167014,2.760219,0.4716725,0.5022646,2.641607,0.5194916,0.1969339,2.627289,0.5144165,-0.177532,2.696555,0.4341294,0.9976206,2.690038
72057594038042242,0,0.582002,106253.8,0.4215356,0.4996843,2.692894,0.4343121,1.172624,2.647044,0.2995071,0.9711012,2.742844,0.1639729,0.8460711,2.823505,0.02352994,0.7324631,2.861601,-0.02593478,0.704644,2.869866,0.5583783,0.9447391,2.63207,0.5351081,0.7355176,2.579605,0.5773185,0.555539,2.544879,0.555827,0.5126256,2.546047,0.3620587,0.4939819,2.681149,0.3241296,0.1537155,2.691329,0.3186457,-0.2167014,2.760219,0.4716725,0.5022646,2.641607,0.5194916,0.1969339,2.627289,0.5144165,-0.177532,2.696555,0.4341294,0.9976206,2.690038
72057594038042242,0,0.582002,106253.8,0.4215356,0.4996843,2.692894,0.4343121,1.172624,2.647044,0.2995071,0.9711012,2.742844,0.1639729,0.8460711,2.823505,0.02352994,0.7324631,2.861601,-0.02593478,0.704644,2.869866,0.5583783,0.9447391,2.63207,0.5351081,0.7355176,2.579605,0.5773185,0.555539,2.544879,0.555827,0.5126256,2.546047,0.3620587,0.4939819,2.681149,0.3241296,0.1537155,2.691329,0.3186457,-0.2167014,2.760219,0.4716725,0.5022646,2.641607,0.5194916,0.1969339,2.627289,0.5144165,-0.177532,2.696555,0.4341294,0.9976206,2.690038
72057594038042242,0,0.582002,106253.8,0.4215356,0.4996843,2.692894,0.4343121,1.172624,2.647044,0.2995071,0.9711012,2.742844,0.1639729,0.8460711,2.823505,0.02352994,0.7324631,2.861601,-0.02593478,0.704644,2.869866,0.5583783,0.9447391,2.63207,0.5351081,0.7355176,2.579605,0.5773185,0.555539,2.544879,0.555827,0.5126256,2.546047,0.3620587,0.4939819,2.681149,0.3241296,0.1537155,2.691329,0.3186457,-0.2167014,2.760219,0.4716725,0.5022646,2.641607,0.5194916,0.1969339,2.627289,0.5144165,-0.177532,2.696555,0.4341294,0.9976206,2.690038
72057594038042242,0,0.582002,106253.8,0.4215356,0.4996843,2.692894,0.4343121,1.172624,2.647044,0.2995071,0.9711012,2.742844,0.1639729,0.8460711,2.823505,0.02352994,0.7324631,2.861601,-0.02593478,0.704644,2.869866,0.5583783,0.9447391,2.63207,0.5351081,0.7355176,2.579605,0.5773185,0.555539,2.544879,0.555827,0.5126256,2.546047,0.3620587,0.4939819,2.681149,0.3241296,0.1537155,2.691329,0.3186457,-0.2167014,2.760219,0.4716725,0.5022646,2.641607,0.5194916,0.1969339,2.627289,0.5144165,-0.177532,2.696555,0.4341294,0.9976206,2.690038
72057594038042242,0,0.5824534,106253.8,0.4217073,0.4991938,2.692875,0.4368526,1.170417,2.649377,0.3038332,0.9714697,2.743103,0.1663682,0.8472413,2.825329,0.02350877,0.7355139,2.860023,-0.02661503,0.7086716,2.8677,0.5631276,0.9414972,2.628371,0.5354351,0.7352731,2.579667,0.5660324,0.5545133,2.535687,0.5505056,0.5185558,2.545902,0.3625907,0.4935221,2.681493,0.3251119,0.1534715,2.690171,0.3185194,-0.2167742,2.760207,0.4715588,0.5016019,2.641314,0.519712,0.1962102,2.625097,0.5145741,-0.1660959,2.696912,0.4358988,0.9967076,2.691402
72057594038042242,0,0.5824534,106253.8,0.4217073,0.4991938,2.692875,0.4368526,1.170417,2.649377,0.3038332,0.9714697,2.743103,0.1663682,0.8472413,2.825329,0.02350877,0.7355139,2.860023,-0.02661503,0.7086716,2.8677,0.5631276,0.9414972,2.628371,0.5354351,0.7352731,2.579667,0.5660324,0.5545133,2.535687,0.5505056,0.5185558,2.545902,0.3625907,0.4935221,2.681493,0.3251119,0.1534715,2.690171,0.3185194,-0.2167742,2.760207,0.4715588,0.5016019,2.641314,0.519712,0.1962102,2.625097,0.5145741,-0.1660959,2.696912,0.4358988,0.9967076,2.691402
72057594038042242,0,0.5824534,106253.8,0.4217073,0.4991938,2.692875,0.4368526,1.170417,2.649377,0.3038332,0.9714697,2.743103,0.1663682,0.8472413,2.825329,0.02350877,0.7355139,2.860023,-0.02661503,0.7086716,2.8677,0.5631276,0.9414972,2.628371,0.5354351,0.7352731,2.579667,0.5660324,0.5545133,2.535687,0.5505056,0.5185558,2.545902,0.3625907,0.4935221,2.681493,0.3251119,0.1534715,2.690171,0.3185194,-0.2167742,2.760207,0.4715588,0.5016019,2.641314,0.519712,0.1962102,2.625097,0.5145741,-0.1660959,2.696912,0.4358988,0.9967076,2.691402
72057594038042242,0,0.5824534,106253.8,0.4217073,0.4991938,2.692875,0.4368526,1.170417,2.649377,0.3038332,0.9714697,2.743103,0.1663682,0.8472413,2.825329,0.02350877,0.7355139,2.860023,-0.02661503,0.7086716,2.8677,0.5631276,0.9414972,2.628371,0.5354351,0.7352731,2.579667,0.5660324,0.5545133,2.535687,0.5505056,0.5185558,2.545902,0.3625907,0.4935221,2.681493,0.3251119,0.1534715,2.690171,0.3185194,-0.2167742,2.760207,0.4715588,0.5016019,2.641314,0.519712,0.1962102,2.625097,0.5145741,-0.1660959,2.696912,0.4358988,0.9967076,2.691402
72057594038042242,0,0.5824534,106253.8,0.4217073,0.4991938,2.692875,0.4368526,1.170417,2.649377,0.3038332,0.9714697,2.743103,0.1663682,0.8472413,2.825329,0.02350877,0.7355139,2.860023,-0.02661503,0.7086716,2.8677,0.5631276,0.9414972,2.628371,0.5354351,0.7352731,2.579667,0.5660324,0.5545133,2.535687,0.5505056,0.5185558,2.545902,0.3625907,0.4935221,2.681493,0.3251119,0.1534715,2.690171,0.3185194,-0.2167742,2.760207,0.4715588,0.5016019,2.641314,0.519712,0.1962102,2.625097,0.5145741,-0.1660959,2.696912,0.4358988,0.9967076,2.691402
72057594038042242,0,0.5824534,106253.8,0.4217073,0.4991938,2.692875,0.4368526,1.170417,2.649377,0.3038332,0.9714697,2.743103,0.1663682,0.8472413,2.825329,0.02350877,0.7355139,2.860023,-0.02661503,0.7086716,2.8677,0.5631276,0.9414972,2.628371,0.5354351,0.7352731,2.579667,0.5660324,0.5545133,2.535687,0.5505056,0.5185558,2.545902,0.3625907,0.4935221,2.681493,0.3251119,0.1534715,2.690171,0.3185194,-0.2167742,2.760207,0.4715588,0.5016019,2.641314,0.519712,0.1962102,2.625097,0.5145741,-0.1660959,2.696912,0.4358988,0.9967076,2.691402
72057594038042242,0,0.5824534,106253.9,0.4217073,0.4991938,2.692875,0.4368526,1.170417,2.649377,0.3038332,0.9714697,2.743103,0.1663682,0.8472413,2.825329,0.02350877,0.7355139,2.860023,-0.02661503,0.7086716,2.8677,0.5631276,0.9414972,2.628371,0.5354351,0.7352731,2.579667,0.5660324,0.5545133,2.535687,0.5505056,0.5185558,2.545902,0.3625907,0.4935221,2.681493,0.3251119,0.1534715,2.690171,0.3185194,-0.2167742,2.760207,0.4715588,0.5016019,2.641314,0.519712,0.1962102,2.625097,0.5145741,-0.1660959,2.696912,0.4358988,0.9967076,2.691402
72057594038042242,0,0.5824534,106253.9,0.4217073,0.4991938,2.692875,0.4368526,1.170417,2.649377,0.3038332,0.9714697,2.743103,0.1663682,0.8472413,2.825329,0.02350877,0.7355139,2.860023,-0.02661503,0.7086716,2.8677,0.5631276,0.9414972,2.628371,0.5354351,0.7352731,2.579667,0.5660324,0.5545133,2.535687,0.5505056,0.5185558,2.545902,0.3625907,0.4935221,2.681493,0.3251119,0.1534715,2.690171,0.3185194,-0.2167742,2.760207,0.4715588,0.5016019,2.641314,0.519712,0.1962102,2.625097,0.5145741,-0.1660959,2.696912,0.4358988,0.9967076,2.691402
72057594038042242,0,0.5824534,106253.9,0.4217073,0.4991938,2.692875,0.4368526,1.170417,2.649377,0.3038332,0.9714697,2.743103,0.1663682,0.8472413,2.825329,0.02350877,0.7355139,2.860023,-0.02661503,0.7086716,2.8677,0.5631276,0.9414972,2.628371,0.5354351,0.7352731,2.579667,0.5660324,0.5545133,2.535687,0.5505056,0.5185558,2.545902,0.3625907,0.4935221,2.681493,0.3251119,0.1534715,2.690171,0.3185194,-0.2167742,2.760207,0.4715588,0.5016019,2.641314,0.519712,0.1962102,2.625097,0.5145741,-0.1660959,2.696912,0.4358988,0.9967076,2.691402
72057594038042242,0,0.5824534,106253.9,0.4217073,0.4991938,2.692875,0.4368526,1.170417,2.649377,0.3038332,0.9714697,2.743103,0.1663682,0.8472413,2.825329,0.02350877,0.7355139,2.860023,-0.02661503,0.7086716,2.8677,0.5631276,0.9414972,2.628371,0.5354351,0.7352731,2.579667,0.5660324,0.5545133,2.535687,0.5505056,0.5185558,2.545902,0.3625907,0.4935221,2.681493,0.3251119,0.1534715,2.690171,0.3185194,-0.2167742,2.760207,0.4715588,0.5016019,2.641314,0.519712,0.1962102,2.625097,0.5145741,-0.1660959,2.696912,0.4358988,0.9967076,2.691402
72057594038042242,0,0.5824534,106253.9,0.4217073,0.4991938,2.692875,0.4368526,1.170417,2.649377,0.3038332,0.9714697,2.743103,0.1663682,0.8472413,2.825329,0.02350877,0.7355139,2.860023,-0.02661503,0.7086716,2.8677,0.5631276,0.9414972,2.628371,0.5354351,0.7352731,2.579667,0.5660324,0.5545133,2.535687,0.5505056,0.5185558,2.545902,0.3625907,0.4935221,2.681493,0.3251119,0.1534715,2.690171,0.3185194,-0.2167742,2.760207,0.4715588,0.5016019,2.641314,0.519712,0.1962102,2.625097,0.5145741,-0.1660959,2.696912,0.4358988,0.9967076,2.691402
72057594038042242,0,0.583084,106253.9,0.4220066,0.4985757,2.692861,0.4380098,1.17041,2.650006,0.305159,0.9715654,2.746394,0.1682212,0.8485832,2.826548,0.02487548,0.737297,2.860455,-0.02598974,0.711629,2.867555,0.5641075,0.9412199,2.627275,0.5302386,0.722747,2.580021,0.5693696,0.5444332,2.533252,0.555115,0.5057048,2.543125,0.3630942,0.4932642,2.681925,0.3261255,0.1523341,2.688633,0.318562,-0.2168763,2.760083,0.4716876,0.5002923,2.640771,0.5204067,0.1949975,2.624219,0.5155338,-0.1720945,2.694195,0.437525,0.9959919,2.691678
72057594038042242,0,0.583084,106253.9,0.4220066,0.4985757,2.692861,0.4380098,1.17041,2.650006,0.305159,0.9715654,2.746394,0.1682212,0.8485832,2.826548,0.02487548,0.737297,2.860455,-0.02598974,0.711629,2.867555,0.5641075,0.9412199,2.627275,0.5302386,0.722747,2.580021,0.5693696,0.5444332,2.533252,0.555115,0.5057048,2.543125,0.3630942,0.4932642,2.681925,0.3261255,0.1523341,2.688633,0.318562,-0.2168763,2.760083,0.4716876,0.5002923,2.640771,0.5204067,0.1949975,2.624219,0.5155338,-0.1720945,2.694195,0.437525,0.9959919,2.691678
72057594038042242,0,0.583084,106253.9,0.4220066,0.4985757,2.692861,0.4380098,1.17041,2.650006,0.305159,0.9715654,2.746394,0.1682212,0.8485832,2.826548,0.02487548,0.737297,2.860455,-0.02598974,0.711629,2.867555,0.5641075,0.9412199,2.627275,0.5302386,0.722747,2.580021,0.5693696,0.5444332,2.533252,0.555115,0.5057048,2.543125,0.3630942,0.4932642,2.681925,0.3261255,0.1523341,2.688633,0.318562,-0.2168763,2.760083,0.4716876,0.5002923,2.640771,0.5204067,0.1949975,2.624219,0.5155338,-0.1720945,2.694195,0.437525,0.9959919,2.691678
72057594038042242,0,0.583084,106253.9,0.4220066,0.4985757,2.692861,0.4380098,1.17041,2.650006,0.305159,0.9715654,2.746394,0.1682212,0.8485832,2.826548,0.02487548,0.737297,2.860455,-0.02598974,0.711629,2.867555,0.5641075,0.9412199,2.627275,0.5302386,0.722747,2.580021,0.5693696,0.5444332,2.533252,0.555115,0.5057048,2.543125,0.3630942,0.4932642,2.681925,0.3261255,0.1523341,2.688633,0.318562,-0.2168763,2.760083,0.4716876,0.5002923,2.640771,0.5204067,0.1949975,2.624219,0.5155338,-0.1720945,2.694195,0.437525,0.9959919,2.691678
72057594038042242,0,0.583084,106253.9,0.4220066,0.4985757,2.692861,0.4380098,1.17041,2.650006,0.305159,0.9715654,2.746394,0.1682212,0.8485832,2.826548,0.02487548,0.737297,2.860455,-0.02598974,0.711629,2.867555,0.5641075,0.9412199,2.627275,0.5302386,0.722747,2.580021,0.5693696,0.5444332,2.533252,0.555115,0.5057048,2.543125,0.3630942,0.4932642,2.681925,0.3261255,0.1523341,2.688633,0.318562,-0.2168763,2.760083,0.4716876,0.5002923,2.640771,0.5204067,0.1949975,2.624219,0.5155338,-0.1720945,2.694195,0.437525,0.9959919,2.691678
72057594038042242,0,0.583084,106253.9,0.4220066,0.4985757,2.692861,0.4380098,1.17041,2.650006,0.305159,0.9715654,2.746394,0.1682212,0.8485832,2.826548,0.02487548,0.737297,2.860455,-0.02598974,0.711629,2.867555,0.5641075,0.9412199,2.627275,0.5302386,0.722747,2.580021,0.5693696,0.5444332,2.533252,0.555115,0.5057048,2.543125,0.3630942,0.4932642,2.681925,0.3261255,0.1523341,2.688633,0.318562,-0.2168763,2.760083,0.4716876,0.5002923,2.640771,0.5204067,0.1949975,2.624219,0.5155338,-0.1720945,2.694195,0.437525,0.9959919,2.691678
72057594038042242,0,0.583084,106253.9,0.4220066,0.4985757,2.692861,0.4380098,1.17041,2.650006,0.305159,0.9715654,2.746394,0.1682212,0.8485832,2.826548,0.02487548,0.737297,2.860455,-0.02598974,0.711629,2.867555,0.5641075,0.9412199,2.627275,0.5302386,0.722747,2.580021,0.5693696,0.5444332,2.533252,0.555115,0.5057048,2.543125,0.3630942,0.4932642,2.681925,0.3261255,0.1523341,2.688633,0.318562,-0.2168763,2.760083,0.4716876,0.5002923,2.640771,0.5204067,0.1949975,2.624219,0.5155338,-0.1720945,2.694195,0.437525,0.9959919,2.691678
72057594038042242,0,0.583084,106253.9,0.4220066,0.4985757,2.692861,0.4380098,1.17041,2.650006,0.305159,0.9715654,2.746394,0.1682212,0.8485832,2.826548,0.02487548,0.737297,2.860455,-0.02598974,0.711629,2.867555,0.5641075,0.9412199,2.627275,0.5302386,0.722747,2.580021,0.5693696,0.5444332,2.533252,0.555115,0.5057048,2.543125,0.3630942,0.4932642,2.681925,0.3261255,0.1523341,2.688633,0.318562,-0.2168763,2.760083,0.4716876,0.5002923,2.640771,0.5204067,0.1949975,2.624219,0.5155338,-0.1720945,2.694195,0.437525,0.9959919,2.691678
72057594038042242,0,0.583084,106253.9,0.4220066,0.4985757,2.692861,0.4380098,1.17041,2.650006,0.305159,0.9715654,2.746394,0.1682212,0.8485832,2.826548,0.02487548,0.737297,2.860455,-0.02598974,0.711629,2.867555,0.5641075,0.9412199,2.627275,0.5302386,0.722747,2.580021,0.5693696,0.5444332,2.533252,0.555115,0.5057048,2.543125,0.3630942,0.4932642,2.681925,0.3261255,0.1523341,2.688633,0.318562,-0.2168763,2.760083,0.4716876,0.5002923,2.640771,0.5204067,0.1949975,2.624219,0.5155338,-0.1720945,2.694195,0.437525,0.9959919,2.691678
72057594038042242,0,0.583084,106253.9,0.4220066,0.4985757,2.692861,0.4380098,1.17041,2.650006,0.305159,0.9715654,2.746394,0.1682212,0.8485832,2.826548,0.02487548,0.737297,2.860455,-0.02598974,0.711629,2.867555,0.5641075,0.9412199,2.627275,0.5302386,0.722747,2.580021,0.5693696,0.5444332,2.533252,0.555115,0.5057048,2.543125,0.3630942,0.4932642,2.681925,0.3261255,0.1523341,2.688633,0.318562,-0.2168763,2.760083,0.4716876,0.5002923,2.640771,0.5204067,0.1949975,2.624219,0.5155338,-0.1720945,2.694195,0.437525,0.9959919,2.691678
72057594038042242,0,0.5834455,106253.9,0.4222149,0.4982612,2.692877,0.4401225,1.170218,2.65166,0.3068218,0.9717268,2.747895,0.1697868,0.8495315,2.829032,0.02740231,0.7376404,2.864507,-0.02466352,0.7137372,2.868885,0.5647761,0.9398178,2.625785,0.555572,0.6876704,2.576293,0.5683044,0.5067165,2.523583,0.5590223,0.4767827,2.547321,0.3637916,0.4928398,2.682371,0.328801,0.1505144,2.684972,0.3186196,-0.2176585,2.759822,0.4716494,0.5000442,2.640599,0.5213525,0.1948302,2.62237,0.5155837,-0.1744985,2.692586,0.4396402,0.9953387,2.692695
72057594038042242,0,0.5834455,106253.9,0.4222149,0.4982612,2.692877,0.4401225,1.170218,2.65166,0.3068218,0.9717268,2.747895,0.1697868,0.8495315,2.829032,0.02740231,0.7376404,2.864507,-0.02466352,0.7137372,2.868885,0.5647761,0.9398178,2.625785,0.555572,0.6876704,2.576293,0.5683044,0.5067165,2.523583,0.5590223,0.4767827,2.547321,0.3637916,0.4928398,2.682371,0.328801,0.1505144,2.684972,0.3186196,-0.2176585,2.759822,0.4716494,0.5000442,2.640599,0.5213525,0.1948302,2.62237,0.5155837,-0.1744985,2.692586,0.4396402,0.9953387,2.692695
72057594038042242,0,0.5834455,106253.9,0.4222149,0.4982612,2.692877,0.4401225,1.170218,2.65166,0.3068218,0.9717268,2.747895,0.1697868,0.8495315,2.829032,0.02740231,0.7376404,2.864507,-0.02466352,0.7137372,2.868885,0.5647761,0.9398178,2.625785,0.555572,0.6876704,2.576293,0.5683044,0.5067165,2.523583,0.5590223,0.4767827,2.547321,0.3637916,0.4928398,2.682371,0.328801,0.1505144,2.684972,0.3186196,-0.2176585,2.759822,0.4716494,0.5000442,2.640599,0.5213525,0.1948302,2.62237,0.5155837,-0.1744985,2.692586,0.4396402,0.9953387,2.692695
72057594038042242,0,0.5834455,106253.9,0.4222149,0.4982612,2.692877,0.4401225,1.170218,2.65166,0.3068218,0.9717268,2.747895,0.1697868,0.8495315,2.829032,0.02740231,0.7376404,2.864507,-0.02466352,0.7137372,2.868885,0.5647761,0.9398178,2.625785,0.555572,0.6876704,2.576293,0.5683044,0.5067165,2.523583,0.5590223,0.4767827,2.547321,0.3637916,0.4928398,2.682371,0.328801,0.1505144,2.684972,0.3186196,-0.2176585,2.759822,0.4716494,0.5000442,2.640599,0.5213525,0.1948302,2.62237,0.5155837,-0.1744985,2.692586,0.4396402,0.9953387,2.692695
72057594038042242,0,0.5834455,106253.9,0.4222149,0.4982612,2.692877,0.4401225,1.170218,2.65166,0.3068218,0.9717268,2.747895,0.1697868,0.8495315,2.829032,0.02740231,0.7376404,2.864507,-0.02466352,0.7137372,2.868885,0.5647761,0.9398178,2.625785,0.555572,0.6876704,2.576293,0.5683044,0.5067165,2.523583,0.5590223,0.4767827,2.547321,0.3637916,0.4928398,2.682371,0.328801,0.1505144,2.684972,0.3186196,-0.2176585,2.759822,0.4716494,0.5000442,2.640599,0.5213525,0.1948302,2.62237,0.5155837,-0.1744985,2.692586,0.4396402,0.9953387,2.692695
72057594038042242,0,0.5834455,106253.9,0.4222149,0.4982612,2.692877,0.4401225,1.170218,2.65166,0.3068218,0.9717268,2.747895,0.1697868,0.8495315,2.829032,0.02740231,0.7376404,2.864507,-0.02466352,0.7137372,2.868885,0.5647761,0.9398178,2.625785,0.555572,0.6876704,2.576293,0.5683044,0.5067165,2.523583,0.5590223,0.4767827,2.547321,0.3637916,0.4928398,2.682371,0.328801,0.1505144,2.684972,0.3186196,-0.2176585,2.759822,0.4716494,0.5000442,2.640599,0.5213525,0.1948302,2.62237,0.5155837,-0.1744985,2.692586,0.4396402,0.9953387,2.692695
72057594038042242,0,0.5834455,106253.9,0.4222149,0.4982612,2.692877,0.4401225,1.170218,2.65166,0.3068218,0.9717268,2.747895,0.1697868,0.8495315,2.829032,0.02740231,0.7376404,2.864507,-0.02466352,0.7137372,2.868885,0.5647761,0.9398178,2.625785,0.555572,0.6876704,2.576293,0.5683044,0.5067165,2.523583,0.5590223,0.4767827,2.547321,0.3637916,0.4928398,2.682371,0.328801,0.1505144,2.684972,0.3186196,-0.2176585,2.759822,0.4716494,0.5000442,2.640599,0.5213525,0.1948302,2.62237,0.5155837,-0.1744985,2.692586,0.4396402,0.9953387,2.692695
72057594038042242,0,0.5834455,106253.9,0.4222149,0.4982612,2.692877,0.4401225,1.170218,2.65166,0.3068218,0.9717268,2.747895,0.1697868,0.8495315,2.829032,0.02740231,0.7376404,2.864507,-0.02466352,0.7137372,2.868885,0.5647761,0.9398178,2.625785,0.555572,0.6876704,2.576293,0.5683044,0.5067165,2.523583,0.5590223,0.4767827,2.547321,0.3637916,0.4928398,2.682371,0.328801,0.1505144,2.684972,0.3186196,-0.2176585,2.759822,0.4716494,0.5000442,2.640599,0.5213525,0.1948302,2.62237,0.5155837,-0.1744985,2.692586,0.4396402,0.9953387,2.692695
72057594038042242,0,0.5834455,106253.9,0.4222149,0.4982612,2.692877,0.4401225,1.170218,2.65166,0.3068218,0.9717268,2.747895,0.1697868,0.8495315,2.829032,0.02740231,0.7376404,2.864507,-0.02466352,0.7137372,2.868885,0.5647761,0.9398178,2.625785,0.555572,0.6876704,2.576293,0.5683044,0.5067165,2.523583,0.5590223,0.4767827,2.547321,0.3637916,0.4928398,2.682371,0.328801,0.1505144,2.684972,0.3186196,-0.2176585,2.759822,0.4716494,0.5000442,2.640599,0.5213525,0.1948302,2.62237,0.5155837,-0.1744985,2.692586,0.4396402,0.9953387,2.692695
72057594038042242,0,0.5834455,106253.9,0.4222149,0.4982612,2.692877,0.4401225,1.170218,2.65166,0.3068218,0.9717268,2.747895,0.1697868,0.8495315,2.829032,0.02740231,0.7376404,2.864507,-0.02466352,0.7137372,2.868885,0.5647761,0.9398178,2.625785,0.555572,0.6876704,2.576293,0.5683044,0.5067165,2.523583,0.5590223,0.4767827,2.547321,0.3637916,0.4928398,2.682371,0.328801,0.1505144,2.684972,0.3186196,-0.2176585,2.759822,0.4716494,0.5000442,2.640599,0.5213525,0.1948302,2.62237,0.5155837,-0.1744985,2.692586,0.4396402,0.9953387,2.692695
72057594038042242,0,0.5841849,106253.9,0.4229898,0.4980227,2.692878,0.44235,1.17137,2.65295,0.3098406,0.9722898,2.749936,0.173069,0.8502421,2.830537,0.02784749,0.7411242,2.863424,0.03122262,0.7460867,2.859968,0.5673887,0.940823,2.624348,0.5607612,0.6886396,2.575368,0.5549672,0.4940807,2.541014,0.5485309,0.4591594,2.550724,0.3649936,0.4929842,2.682512,0.3305107,0.1501408,2.683162,0.3186806,-0.2187095,2.759245,0.472084,0.4996465,2.640556,0.5221304,0.1944395,2.621206,0.5157018,-0.1747292,2.692641,0.4405399,0.9945214,2.694524
72057594038042242,0,0.5841849,106253.9,0.4229898,0.4980227,2.692878,0.44235,1.17137,2.65295,0.3098406,0.9722898,2.749936,0.173069,0.8502421,2.830537,0.02784749,0.7411242,2.863424,0.03122262,0.7460867,2.859968,0.5673887,0.940823,2.624348,0.5607612,0.6886396,2.575368,0.5549672,0.4940807,2.541014,0.5485309,0.4591594,2.550724,0.3649936,0.4929842,2.682512,0.3305107,0.1501408,2.683162,0.3186806,-0.2187095,2.759245,0.472084,0.4996465,2.640556,0.5221304,0.1944395,2.621206,0.5157018,-0.1747292,2.692641,0.4405399,0.9945214,2.694524
72057594038042242,0,0.5841849,106253.9,0.4229898,0.4980227,2.692878,0.44235,1.17137,2.65295,0.3098406,0.9722898,2.749936,0.173069,0.8502421,2.830537,0.02784749,0.7411242,2.863424,0.03122262,0.7460867,2.859968,0.5673887,0.940823,2.624348,0.5607612,0.6886396,2.575368,0.5549672,0.4940807,2.541014,0.5485309,0.4591594,2.550724,0.3649936,0.4929842,2.682512,0.3305107,0.1501408,2.683162,0.3186806,-0.2187095,2.759245,0.472084,0.4996465,2.640556,0.5221304,0.1944395,2.621206,0.5157018,-0.1747292,2.692641,0.4405399,0.9945214,2.694524
72057594038042242,0,0.5841849,106253.9,0.4229898,0.4980227,2.692878,0.44235,1.17137,2.65295,0.3098406,0.9722898,2.749936,0.173069,0.8502421,2.830537,0.02784749,0.7411242,2.863424,0.03122262,0.7460867,2.859968,0.5673887,0.940823,2.624348,0.5607612,0.6886396,2.575368,0.5549672,0.4940807,2.541014,0.5485309,0.4591594,2.550724,0.3649936,0.4929842,2.682512,0.3305107,0.1501408,2.683162,0.3186806,-0.2187095,2.759245,0.472084,0.4996465,2.640556,0.5221304,0.1944395,2.621206,0.5157018,-0.1747292,2.692641,0.4405399,0.9945214,2.694524
72057594038042242,0,0.5841849,106253.9,0.4229898,0.4980227,2.692878,0.44235,1.17137,2.65295,0.3098406,0.9722898,2.749936,0.173069,0.8502421,2.830537,0.02784749,0.7411242,2.863424,0.03122262,0.7460867,2.859968,0.5673887,0.940823,2.624348,0.5607612,0.6886396,2.575368,0.5549672,0.4940807,2.541014,0.5485309,0.4591594,2.550724,0.3649936,0.4929842,2.682512,0.3305107,0.1501408,2.683162,0.3186806,-0.2187095,2.759245,0.472084,0.4996465,2.640556,0.5221304,0.1944395,2.621206,0.5157018,-0.1747292,2.692641,0.4405399,0.9945214,2.694524
72057594038042242,0,0.5841849,106253.9,0.4229898,0.4980227,2.692878,0.44235,1.17137,2.65295,0.3098406,0.9722898,2.749936,0.173069,0.8502421,2.830537,0.02784749,0.7411242,2.863424,0.03122262,0.7460867,2.859968,0.5673887,0.940823,2.624348,0.5607612,0.6886396,2.575368,0.5549672,0.4940807,2.541014,0.5485309,0.4591594,2.550724,0.3649936,0.4929842,2.682512,0.3305107,0.1501408,2.683162,0.3186806,-0.2187095,2.759245,0.472084,0.4996465,2.640556,0.5221304,0.1944395,2.621206,0.5157018,-0.1747292,2.692641,0.4405399,0.9945214,2.694524
72057594038042242,0,0.5841849,106254,0.4229898,0.4980227,2.692878,0.44235,1.17137,2.65295,0.3098406,0.9722898,2.749936,0.173069,0.8502421,2.830537,0.02784749,0.7411242,2.863424,0.03122262,0.7460867,2.859968,0.5673887,0.940823,2.624348,0.5607612,0.6886396,2.575368,0.5549672,0.4940807,2.541014,0.5485309,0.4591594,2.550724,0.3649936,0.4929842,2.682512,0.3305107,0.1501408,2.683162,0.3186806,-0.2187095,2.759245,0.472084,0.4996465,2.640556,0.5221304,0.1944395,2.621206,0.5157018,-0.1747292,2.692641,0.4405399,0.9945214,2.694524
72057594038042242,0,0.5841849,106254,0.4229898,0.4980227,2.692878,0.44235,1.17137,2.65295,0.3098406,0.9722898,2.749936,0.173069,0.8502421,2.830537,0.02784749,0.7411242,2.863424,0.03122262,0.7460867,2.859968,0.5673887,0.940823,2.624348,0.5607612,0.6886396,2.575368,0.5549672,0.4940807,2.541014,0.5485309,0.4591594,2.550724,0.3649936,0.4929842,2.682512,0.3305107,0.1501408,2.683162,0.3186806,-0.2187095,2.759245,0.472084,0.4996465,2.640556,0.5221304,0.1944395,2.621206,0.5157018,-0.1747292,2.692641,0.4405399,0.9945214,2.694524
72057594038042242,0,0.5841849,106254,0.4229898,0.4980227,2.692878,0.44235,1.17137,2.65295,0.3098406,0.9722898,2.749936,0.173069,0.8502421,2.830537,0.02784749,0.7411242,2.863424,0.03122262,0.7460867,2.859968,0.5673887,0.940823,2.624348,0.5607612,0.6886396,2.575368,0.5549672,0.4940807,2.541014,0.5485309,0.4591594,2.550724,0.3649936,0.4929842,2.682512,0.3305107,0.1501408,2.683162,0.3186806,-0.2187095,2.759245,0.472084,0.4996465,2.640556,0.5221304,0.1944395,2.621206,0.5157018,-0.1747292,2.692641,0.4405399,0.9945214,2.694524
72057594038042242,0,0.5841849,106254,0.4229898,0.4980227,2.692878,0.44235,1.17137,2.65295,0.3098406,0.9722898,2.749936,0.173069,0.8502421,2.830537,0.02784749,0.7411242,2.863424,0.03122262,0.7460867,2.859968,0.5673887,0.940823,2.624348,0.5607612,0.6886396,2.575368,0.5549672,0.4940807,2.541014,0.5485309,0.4591594,2.550724,0.3649936,0.4929842,2.682512,0.3305107,0.1501408,2.683162,0.3186806,-0.2187095,2.759245,0.472084,0.4996465,2.640556,0.5221304,0.1944395,2.621206,0.5157018,-0.1747292,2.692641,0.4405399,0.9945214,2.694524
72057594038042242,0,0.5841849,106254,0.4229898,0.4980227,2.692878,0.44235,1.17137,2.65295,0.3098406,0.9722898,2.749936,0.173069,0.8502421,2.830537,0.02784749,0.7411242,2.863424,0.03122262,0.7460867,2.859968,0.5673887,0.940823,2.624348,0.5607612,0.6886396,2.575368,0.5549672,0.4940807,2.541014,0.5485309,0.4591594,2.550724,0.3649936,0.4929842,2.682512,0.3305107,0.1501408,2.683162,0.3186806,-0.2187095,2.759245,0.472084,0.4996465,2.640556,0.5221304,0.1944395,2.621206,0.5157018,-0.1747292,2.692641,0.4405399,0.9945214,2.694524
72057594038042242,0,0.5847698,106254,0.4234388,0.4976453,2.692877,0.4441698,1.171267,2.653577,0.3121038,0.9717295,2.751199,0.1748439,0.8496128,2.833009,0.02554099,0.7456411,2.864526,0.0259558,0.7522513,2.853928,0.5685796,0.9381768,2.622145,0.5548804,0.6858304,2.575933,0.5731683,0.5034413,2.532851,0.5608508,0.468306,2.547407,0.365982,0.4924764,2.683077,0.3332601,0.1524868,2.680022,0.3186551,-0.2194164,2.758081,0.4722239,0.4993711,2.640258,0.5221146,0.1940664,2.6195,0.5162616,-0.1763896,2.692404,0.4463765,0.9941399,2.694534
72057594038042242,0,0.5847698,106254,0.4234388,0.4976453,2.692877,0.4441698,1.171267,2.653577,0.3121038,0.9717295,2.751199,0.1748439,0.8496128,2.833009,0.02554099,0.7456411,2.864526,0.0259558,0.7522513,2.853928,0.5685796,0.9381768,2.622145,0.5548804,0.6858304,2.575933,0.5731683,0.5034413,2.532851,0.5608508,0.468306,2.547407,0.365982,0.4924764,2.683077,0.3332601,0.1524868,2.680022,0.3186551,-0.2194164,2.758081,0.4722239,0.4993711,2.640258,0.5221146,0.1940664,2.6195,0.5162616,-0.1763896,2.692404,0.4463765,0.9941399,2.694534
72057594038042242,0,0.5847698,106254,0.4234388,0.4976453,2.692877,0.4441698,1.171267,2.653577,0.3121038,0.9717295,2.751199,0.1748439,0.8496128,2.833009,0.02554099,0.7456411,2.864526,0.0259558,0.7522513,2.853928,0.5685796,0.9381768,2.622145,0.5548804,0.6858304,2.575933,0.5731683,0.5034413,2.532851,0.5608508,0.468306,2.547407,0.365982,0.4924764,2.683077,0.3332601,0.1524868,2.680022,0.3186551,-0.2194164,2.758081,0.4722239,0.4993711,2.640258,0.5221146,0.1940664,2.6195,0.5162616,-0.1763896,2.692404,0.4463765,0.9941399,2.694534
72057594038042242,0,0.5847698,106254,0.4234388,0.4976453,2.692877,0.4441698,1.171267,2.653577,0.3121038,0.9717295,2.751199,0.1748439,0.8496128,2.833009,0.02554099,0.7456411,2.864526,0.0259558,0.7522513,2.853928,0.5685796,0.9381768,2.622145,0.5548804,0.6858304,2.575933,0.5731683,0.5034413,2.532851,0.5608508,0.468306,2.547407,0.365982,0.4924764,2.683077,0.3332601,0.1524868,2.680022,0.3186551,-0.2194164,2.758081,0.4722239,0.4993711,2.640258,0.5221146,0.1940664,2.6195,0.5162616,-0.1763896,2.692404,0.4463765,0.9941399,2.694534
72057594038042242,0,0.5847698,106254,0.4234388,0.4976453,2.692877,0.4441698,1.171267,2.653577,0.3121038,0.9717295,2.751199,0.1748439,0.8496128,2.833009,0.02554099,0.7456411,2.864526,0.0259558,0.7522513,2.853928,0.5685796,0.9381768,2.622145,0.5548804,0.6858304,2.575933,0.5731683,0.5034413,2.532851,0.5608508,0.468306,2.547407,0.365982,0.4924764,2.683077,0.3332601,0.1524868,2.680022,0.3186551,-0.2194164,2.758081,0.4722239,0.4993711,2.640258,0.5221146,0.1940664,2.6195,0.5162616,-0.1763896,2.692404,0.4463765,0.9941399,2.694534
72057594038042242,0,0.5847698,106254,0.4234388,0.4976453,2.692877,0.4441698,1.171267,2.653577,0.3121038,0.9717295,2.751199,0.1748439,0.8496128,2.833009,0.02554099,0.7456411,2.864526,0.0259558,0.7522513,2.853928,0.5685796,0.9381768,2.622145,0.5548804,0.6858304,2.575933,0.5731683,0.5034413,2.532851,0.5608508,0.468306,2.547407,0.365982,0.4924764,2.683077,0.3332601,0.1524868,2.680022,0.3186551,-0.2194164,2.758081,0.4722239,0.4993711,2.640258,0.5221146,0.1940664,2.6195,0.5162616,-0.1763896,2.692404,0.4463765,0.9941399,2.694534
72057594038042242,0,0.5847698,106254,0.4234388,0.4976453,2.692877,0.4441698,1.171267,2.653577,0.3121038,0.9717295,2.751199,0.1748439,0.8496128,2.833009,0.02554099,0.7456411,2.864526,0.0259558,0.7522513,2.853928,0.5685796,0.9381768,2.622145,0.5548804,0.6858304,2.575933,0.5731683,0.5034413,2.532851,0.5608508,0.468306,2.547407,0.365982,0.4924764,2.683077,0.3332601,0.1524868,2.680022,0.3186551,-0.2194164,2.758081,0.4722239,0.4993711,2.640258,0.5221146,0.1940664,2.6195,0.5162616,-0.1763896,2.692404,0.4463765,0.9941399,2.694534
72057594038042242,0,0.5847698,106254,0.4234388,0.4976453,2.692877,0.4441698,1.171267,2.653577,0.3121038,0.9717295,2.751199,0.1748439,0.8496128,2.833009,0.02554099,0.7456411,2.864526,0.0259558,0.7522513,2.853928,0.5685796,0.9381768,2.622145,0.5548804,0.6858304,2.575933,0.5731683,0.5034413,2.532851,0.5608508,0.468306,2.547407,0.365982,0.4924764,2.683077,0.3332601,0.1524868,2.680022,0.3186551,-0.2194164,2.758081,0.4722239,0.4993711,2.640258,0.5221146,0.1940664,2.6195,0.5162616,-0.1763896,2.692404,0.4463765,0.9941399,2.694534
72057594038042242,0,0.5847698,106254,0.4234388,0.4976453,2.692877,0.4441698,1.171267,2.653577,0.3121038,0.9717295,2.751199,0.1748439,0.8496128,2.833009,0.02554099,0.7456411,2.864526,0.0259558,0.7522513,2.853928,0.5685796,0.9381768,2.622145,0.5548804,0.6858304,2.575933,0.5731683,0.5034413,2.532851,0.5608508,0.468306,2.547407,0.365982,0.4924764,2.683077,0.3332601,0.1524868,2.680022,0.3186551,-0.2194164,2.758081,0.4722239,0.4993711,2.640258,0.5221146,0.1940664,2.6195,0.5162616,-0.1763896,2.692404,0.4463765,0.9941399,2.694534
72057594038042242,0,0.5847698,106254,0.4234388,0.4976453,2.692877,0.4441698,1.171267,2.653577,0.3121038,0.9717295,2.751199,0.1748439,0.8496128,2.833009,0.02554099,0.7456411,2.864526,0.0259558,0.7522513,2.853928,0.5685796,0.9381768,2.622145,0.5548804,0.6858304,2.575933,0.5731683,0.5034413,2.532851,0.5608508,0.468306,2.547407,0.365982,0.4924764,2.683077,0.3332601,0.1524868,2.680022,0.3186551,-0.2194164,2.758081,0.4722239,0.4993711,2.640258,0.5221146,0.1940664,2.6195,0.5162616,-0.1763896,2.692404,0.4463765,0.9941399,2.694534
72057594038042242,0,0.5854803,106254,0.4238517,0.4970038,2.693156,0.4470581,1.171709,2.654197,0.3150536,0.9720002,2.752255,0.1766663,0.8494754,2.834147,0.02763603,0.7463862,2.868671,0.02719837,0.7524639,2.862589,0.5693231,0.9369959,2.621434,0.5548711,0.6846252,2.575699,0.5740075,0.5024533,2.531995,0.5620641,0.4676585,2.545631,0.3668091,0.4917785,2.683727,0.3333457,0.1470888,2.67602,0.3196144,-0.2201055,2.755898,0.4722725,0.4989065,2.6403,0.522066,0.1935301,2.618262,0.5164415,-0.176007,2.692311,0.4486885,0.9933432,2.694982
72057594038042242,0,0.5854803,106254,0.4238517,0.4970038,2.693156,0.4470581,1.171709,2.654197,0.3150536,0.9720002,2.752255,0.1766663,0.8494754,2.834147,0.02763603,0.7463862,2.868671,0.02719837,0.7524639,2.862589,0.5693231,0.9369959,2.621434,0.5548711,0.6846252,2.575699,0.5740075,0.5024533,2.531995,0.5620641,0.4676585,2.545631,0.3668091,0.4917785,2.683727,0.3333457,0.1470888,2.67602,0.3196144,-0.2201055,2.755898,0.4722725,0.4989065,2.6403,0.522066,0.1935301,2.618262,0.5164415,-0.176007,2.692311,0.4486885,0.9933432,2.694982
72057594038042242,0,0.5854803,106254,0.4238517,0.4970038,2.693156,0.4470581,1.171709,2.654197,0.3150536,0.9720002,2.752255,0.1766663,0.8494754,2.834147,0.02763603,0.7463862,2.868671,0.02719837,0.7524639,2.862589,0.5693231,0.9369959,2.621434,0.5548711,0.6846252,2.575699,0.5740075,0.5024533,2.531995,0.5620641,0.4676585,2.545631,0.3668091,0.4917785,2.683727,0.3333457,0.1470888,2.67602,0.3196144,-0.2201055,2.755898,0.4722725,0.4989065,2.6403,0.522066,0.1935301,2.618262,0.5164415,-0.176007,2.692311,0.4486885,0.9933432,2.694982
72057594038042242,0,0.5854803,106254,0.4238517,0.4970038,2.693156,0.4470581,1.171709,2.654197,0.3150536,0.9720002,2.752255,0.1766663,0.8494754,2.834147,0.02763603,0.7463862,2.868671,0.02719837,0.7524639,2.862589,0.5693231,0.9369959,2.621434,0.5548711,0.6846252,2.575699,0.5740075,0.5024533,2.531995,0.5620641,0.4676585,2.545631,0.3668091,0.4917785,2.683727,0.3333457,0.1470888,2.67602,0.3196144,-0.2201055,2.755898,0.4722725,0.4989065,2.6403,0.522066,0.1935301,2.618262,0.5164415,-0.176007,2.692311,0.4486885,0.9933432,2.694982
72057594038042242,0,0.5854803,106254,0.4238517,0.4970038,2.693156,0.4470581,1.171709,2.654197,0.3150536,0.9720002,2.752255,0.1766663,0.8494754,2.834147,0.02763603,0.7463862,2.868671,0.02719837,0.7524639,2.862589,0.5693231,0.9369959,2.621434,0.5548711,0.6846252,2.575699,0.5740075,0.5024533,2.531995,0.5620641,0.4676585,2.545631,0.3668091,0.4917785,2.683727,0.3333457,0.1470888,2.67602,0.3196144,-0.2201055,2.755898,0.4722725,0.4989065,2.6403,0.522066,0.1935301,2.618262,0.5164415,-0.176007,2.692311,0.4486885,0.9933432,2.694982
72057594038042242,0,0.5854803,106254,0.4238517,0.4970038,2.693156,0.4470581,1.171709,2.654197,0.3150536,0.9720002,2.752255,0.1766663,0.8494754,2.834147,0.02763603,0.7463862,2.868671,0.02719837,0.7524639,2.862589,0.5693231,0.9369959,2.621434,0.5548711,0.6846252,2.575699,0.5740075,0.5024533,2.531995,0.5620641,0.4676585,2.545631,0.3668091,0.4917785,2.683727,0.3333457,0.1470888,2.67602,0.3196144,-0.2201055,2.755898,0.4722725,0.4989065,2.6403,0.522066,0.1935301,2.618262,0.5164415,-0.176007,2.692311,0.4486885,0.9933432,2.694982
72057594038042242,0,0.5854803,106254,0.4238517,0.4970038,2.693156,0.4470581,1.171709,2.654197,0.3150536,0.9720002,2.752255,0.1766663,0.8494754,2.834147,0.02763603,0.7463862,2.868671,0.02719837,0.7524639,2.862589,0.5693231,0.9369959,2.621434,0.5548711,0.6846252,2.575699,0.5740075,0.5024533,2.531995,0.5620641,0.4676585,2.545631,0.3668091,0.4917785,2.683727,0.3333457,0.1470888,2.67602,0.3196144,-0.2201055,2.755898,0.4722725,0.4989065,2.6403,0.522066,0.1935301,2.618262,0.5164415,-0.176007,2.692311,0.4486885,0.9933432,2.694982
72057594038042242,0,0.5854803,106254,0.4238517,0.4970038,2.693156,0.4470581,1.171709,2.654197,0.3150536,0.9720002,2.752255,0.1766663,0.8494754,2.834147,0.02763603,0.7463862,2.868671,0.02719837,0.7524639,2.862589,0.5693231,0.9369959,2.621434,0.5548711,0.6846252,2.575699,0.5740075,0.5024533,2.531995,0.5620641,0.4676585,2.545631,0.3668091,0.4917785,2.683727,0.3333457,0.1470888,2.67602,0.3196144,-0.2201055,2.755898,0.4722725,0.4989065,2.6403,0.522066,0.1935301,2.618262,0.5164415,-0.176007,2.692311,0.4486885,0.9933432,2.694982
72057594038042242,0,0.5854803,106254,0.4238517,0.4970038,2.693156,0.4470581,1.171709,2.654197,0.3150536,0.9720002,2.752255,0.1766663,0.8494754,2.834147,0.02763603,0.7463862,2.868671,0.02719837,0.7524639,2.862589,0.5693231,0.9369959,2.621434,0.5548711,0.6846252,2.575699,0.5740075,0.5024533,2.531995,0.5620641,0.4676585,2.545631,0.3668091,0.4917785,2.683727,0.3333457,0.1470888,2.67602,0.3196144,-0.2201055,2.755898,0.4722725,0.4989065,2.6403,0.522066,0.1935301,2.618262,0.5164415,-0.176007,2.692311,0.4486885,0.9933432,2.694982
72057594038042242,0,0.5854803,106254,0.4238517,0.4970038,2.693156,0.4470581,1.171709,2.654197,0.3150536,0.9720002,2.752255,0.1766663,0.8494754,2.834147,0.02763603,0.7463862,2.868671,0.02719837,0.7524639,2.862589,0.5693231,0.9369959,2.621434,0.5548711,0.6846252,2.575699,0.5740075,0.5024533,2.531995,0.5620641,0.4676585,2.545631,0.3668091,0.4917785,2.683727,0.3333457,0.1470888,2.67602,0.3196144,-0.2201055,2.755898,0.4722725,0.4989065,2.6403,0.522066,0.1935301,2.618262,0.5164415,-0.176007,2.692311,0.4486885,0.9933432,2.694982
72057594038042242,0,0.5854803,106254,0.4238517,0.4970038,2.693156,0.4470581,1.171709,2.654197,0.3150536,0.9720002,2.752255,0.1766663,0.8494754,2.834147,0.02763603,0.7463862,2.868671,0.02719837,0.7524639,2.862589,0.5693231,0.9369959,2.621434,0.5548711,0.6846252,2.575699,0.5740075,0.5024533,2.531995,0.5620641,0.4676585,2.545631,0.3668091,0.4917785,2.683727,0.3333457,0.1470888,2.67602,0.3196144,-0.2201055,2.755898,0.4722725,0.4989065,2.6403,0.522066,0.1935301,2.618262,0.5164415,-0.176007,2.692311,0.4486885,0.9933432,2.694982
72057594038042242,0,0.5868877,106254,0.4253503,0.4966136,2.692831,0.4531794,1.167616,2.655715,0.3175916,0.9713641,2.753485,0.1786422,0.8493382,2.836763,0.0288332,0.7474777,2.871475,0.02660161,0.7508183,2.860858,0.5699422,0.9352385,2.620343,0.5557735,0.6827434,2.575524,0.5736329,0.5005721,2.531096,0.5633643,0.467519,2.544581,0.3682737,0.4914625,2.683946,0.3344668,0.1479298,2.671459,0.3188277,-0.2210786,2.753774,0.4736654,0.4985658,2.639388,0.5221991,0.1929497,2.616969,0.5170687,-0.1700735,2.69479,0.4499216,0.9929006,2.695768
72057594038042242,0,0.5868877,106254,0.4253503,0.4966136,2.692831,0.4531794,1.167616,2.655715,0.3175916,0.9713641,2.753485,0.1786422,0.8493382,2.836763,0.0288332,0.7474777,2.871475,0.02660161,0.7508183,2.860858,0.5699422,0.9352385,2.620343,0.5557735,0.6827434,2.575524,0.5736329,0.5005721,2.531096,0.5633643,0.467519,2.544581,0.3682737,0.4914625,2.683946,0.3344668,0.1479298,2.671459,0.3188277,-0.2210786,2.753774,0.4736654,0.4985658,2.639388,0.5221991,0.1929497,2.616969,0.5170687,-0.1700735,2.69479,0.4499216,0.9929006,2.695768
72057594038042242,0,0.5868877,106254,0.4253503,0.4966136,2.692831,0.4531794,1.167616,2.655715,0.3175916,0.9713641,2.753485,0.1786422,0.8493382,2.836763,0.0288332,0.7474777,2.871475,0.02660161,0.7508183,2.860858,0.5699422,0.9352385,2.620343,0.5557735,0.6827434,2.575524,0.5736329,0.5005721,2.531096,0.5633643,0.467519,2.544581,0.3682737,0.4914625,2.683946,0.3344668,0.1479298,2.671459,0.3188277,-0.2210786,2.753774,0.4736654,0.4985658,2.639388,0.5221991,0.1929497,2.616969,0.5170687,-0.1700735,2.69479,0.4499216,0.9929006,2.695768
72057594038042242,0,0.5868877,106254,0.4253503,0.4966136,2.692831,0.4531794,1.167616,2.655715,0.3175916,0.9713641,2.753485,0.1786422,0.8493382,2.836763,0.0288332,0.7474777,2.871475,0.02660161,0.7508183,2.860858,0.5699422,0.9352385,2.620343,0.5557735,0.6827434,2.575524,0.5736329,0.5005721,2.531096,0.5633643,0.467519,2.544581,0.3682737,0.4914625,2.683946,0.3344668,0.1479298,2.671459,0.3188277,-0.2210786,2.753774,0.4736654,0.4985658,2.639388,0.5221991,0.1929497,2.616969,0.5170687,-0.1700735,2.69479,0.4499216,0.9929006,2.695768
72057594038042242,0,0.5868877,106254,0.4253503,0.4966136,2.692831,0.4531794,1.167616,2.655715,0.3175916,0.9713641,2.753485,0.1786422,0.8493382,2.836763,0.0288332,0.7474777,2.871475,0.02660161,0.7508183,2.860858,0.5699422,0.9352385,2.620343,0.5557735,0.6827434,2.575524,0.5736329,0.5005721,2.531096,0.5633643,0.467519,2.544581,0.3682737,0.4914625,2.683946,0.3344668,0.1479298,2.671459,0.3188277,-0.2210786,2.753774,0.4736654,0.4985658,2.639388,0.5221991,0.1929497,2.616969,0.5170687,-0.1700735,2.69479,0.4499216,0.9929006,2.695768
72057594038042242,0,0.5868877,106254,0.4253503,0.4966136,2.692831,0.4531794,1.167616,2.655715,0.3175916,0.9713641,2.753485,0.1786422,0.8493382,2.836763,0.0288332,0.7474777,2.871475,0.02660161,0.7508183,2.860858,0.5699422,0.9352385,2.620343,0.5557735,0.6827434,2.575524,0.5736329,0.5005721,2.531096,0.5633643,0.467519,2.544581,0.3682737,0.4914625,2.683946,0.3344668,0.1479298,2.671459,0.3188277,-0.2210786,2.753774,0.4736654,0.4985658,2.639388,0.5221991,0.1929497,2.616969,0.5170687,-0.1700735,2.69479,0.4499216,0.9929006,2.695768
72057594038042242,0,0.5868877,106254.1,0.4253503,0.4966136,2.692831,0.4531794,1.167616,2.655715,0.3175916,0.9713641,2.753485,0.1786422,0.8493382,2.836763,0.0288332,0.7474777,2.871475,0.02660161,0.7508183,2.860858,0.5699422,0.9352385,2.620343,0.5557735,0.6827434,2.575524,0.5736329,0.5005721,2.531096,0.5633643,0.467519,2.544581,0.3682737,0.4914625,2.683946,0.3344668,0.1479298,2.671459,0.3188277,-0.2210786,2.753774,0.4736654,0.4985658,2.639388,0.5221991,0.1929497,2.616969,0.5170687,-0.1700735,2.69479,0.4499216,0.9929006,2.695768
72057594038042242,0,0.5868877,106254.1,0.4253503,0.4966136,2.692831,0.4531794,1.167616,2.655715,0.3175916,0.9713641,2.753485,0.1786422,0.8493382,2.836763,0.0288332,0.7474777,2.871475,0.02660161,0.7508183,2.860858,0.5699422,0.9352385,2.620343,0.5557735,0.6827434,2.575524,0.5736329,0.5005721,2.531096,0.5633643,0.467519,2.544581,0.3682737,0.4914625,2.683946,0.3344668,0.1479298,2.671459,0.3188277,-0.2210786,2.753774,0.4736654,0.4985658,2.639388,0.5221991,0.1929497,2.616969,0.5170687,-0.1700735,2.69479,0.4499216,0.9929006,2.695768
72057594038042242,0,0.5868877,106254.1,0.4253503,0.4966136,2.692831,0.4531794,1.167616,2.655715,0.3175916,0.9713641,2.753485,0.1786422,0.8493382,2.836763,0.0288332,0.7474777,2.871475,0.02660161,0.7508183,2.860858,0.5699422,0.9352385,2.620343,0.5557735,0.6827434,2.575524,0.5736329,0.5005721,2.531096,0.5633643,0.467519,2.544581,0.3682737,0.4914625,2.683946,0.3344668,0.1479298,2.671459,0.3188277,-0.2210786,2.753774,0.4736654,0.4985658,2.639388,0.5221991,0.1929497,2.616969,0.5170687,-0.1700735,2.69479,0.4499216,0.9929006,2.695768
72057594038042242,0,0.5868877,106254.1,0.4253503,0.4966136,2.692831,0.4531794,1.167616,2.655715,0.3175916,0.9713641,2.753485,0.1786422,0.8493382,2.836763,0.0288332,0.7474777,2.871475,0.02660161,0.7508183,2.860858,0.5699422,0.9352385,2.620343,0.5557735,0.6827434,2.575524,0.5736329,0.5005721,2.531096,0.5633643,0.467519,2.544581,0.3682737,0.4914625,2.683946,0.3344668,0.1479298,2.671459,0.3188277,-0.2210786,2.753774,0.4736654,0.4985658,2.639388,0.5221991,0.1929497,2.616969,0.5170687,-0.1700735,2.69479,0.4499216,0.9929006,2.695768
72057594038042242,0,0.5874049,106254.1,0.4258425,0.4963731,2.692982,0.4553555,1.167436,2.656432,0.3210793,0.970661,2.755115,0.1821052,0.8485849,2.838952,0.03274258,0.7469959,2.87571,0.02883297,0.7481552,2.87981,0.5701207,0.935116,2.619944,0.5582366,0.6823446,2.576611,0.5736199,0.4999569,2.532007,0.5638391,0.4664118,2.548678,0.3690729,0.4912876,2.684484,0.3340052,0.1455649,2.66695,0.3184273,-0.2215611,2.751908,0.473885,0.4983576,2.639315,0.5223524,0.1927764,2.617866,0.5172625,-0.17155,2.694877,0.4528852,0.9918231,2.695938
72057594038042242,0,0.5874049,106254.1,0.4258425,0.4963731,2.692982,0.4553555,1.167436,2.656432,0.3210793,0.970661,2.755115,0.1821052,0.8485849,2.838952,0.03274258,0.7469959,2.87571,0.02883297,0.7481552,2.87981,0.5701207,0.935116,2.619944,0.5582366,0.6823446,2.576611,0.5736199,0.4999569,2.532007,0.5638391,0.4664118,2.548678,0.3690729,0.4912876,2.684484,0.3340052,0.1455649,2.66695,0.3184273,-0.2215611,2.751908,0.473885,0.4983576,2.639315,0.5223524,0.1927764,2.617866,0.5172625,-0.17155,2.694877,0.4528852,0.9918231,2.695938
72057594038042242,0,0.5874049,106254.1,0.4258425,0.4963731,2.692982,0.4553555,1.167436,2.656432,0.3210793,0.970661,2.755115,0.1821052,0.8485849,2.838952,0.03274258,0.7469959,2.87571,0.02883297,0.7481552,2.87981,0.5701207,0.935116,2.619944,0.5582366,0.6823446,2.576611,0.5736199,0.4999569,2.532007,0.5638391,0.4664118,2.548678,0.3690729,0.4912876,2.684484,0.3340052,0.1455649,2.66695,0.3184273,-0.2215611,2.751908,0.473885,0.4983576,2.639315,0.5223524,0.1927764,2.617866,0.5172625,-0.17155,2.694877,0.4528852,0.9918231,2.695938
72057594038042242,0,0.5874049,106254.1,0.4258425,0.4963731,2.692982,0.4553555,1.167436,2.656432,0.3210793,0.970661,2.755115,0.1821052,0.8485849,2.838952,0.03274258,0.7469959,2.87571,0.02883297,0.7481552,2.87981,0.5701207,0.935116,2.619944,0.5582366,0.6823446,2.576611,0.5736199,0.4999569,2.532007,0.5638391,0.4664118,2.548678,0.3690729,0.4912876,2.684484,0.3340052,0.1455649,2.66695,0.3184273,-0.2215611,2.751908,0.473885,0.4983576,2.639315,0.5223524,0.1927764,2.617866,0.5172625,-0.17155,2.694877,0.4528852,0.9918231,2.695938
72057594038042242,0,0.5874049,106254.1,0.4258425,0.4963731,2.692982,0.4553555,1.167436,2.656432,0.3210793,0.970661,2.755115,0.1821052,0.8485849,2.838952,0.03274258,0.7469959,2.87571,0.02883297,0.7481552,2.87981,0.5701207,0.935116,2.619944,0.5582366,0.6823446,2.576611,0.5736199,0.4999569,2.532007,0.5638391,0.4664118,2.548678,0.3690729,0.4912876,2.684484,0.3340052,0.1455649,2.66695,0.3184273,-0.2215611,2.751908,0.473885,0.4983576,2.639315,0.5223524,0.1927764,2.617866,0.5172625,-0.17155,2.694877,0.4528852,0.9918231,2.695938
72057594038042242,0,0.5874049,106254.1,0.4258425,0.4963731,2.692982,0.4553555,1.167436,2.656432,0.3210793,0.970661,2.755115,0.1821052,0.8485849,2.838952,0.03274258,0.7469959,2.87571,0.02883297,0.7481552,2.87981,0.5701207,0.935116,2.619944,0.5582366,0.6823446,2.576611,0.5736199,0.4999569,2.532007,0.5638391,0.4664118,2.548678,0.3690729,0.4912876,2.684484,0.3340052,0.1455649,2.66695,0.3184273,-0.2215611,2.751908,0.473885,0.4983576,2.639315,0.5223524,0.1927764,2.617866,0.5172625,-0.17155,2.694877,0.4528852,0.9918231,2.695938
72057594038042242,0,0.5874049,106254.1,0.4258425,0.4963731,2.692982,0.4553555,1.167436,2.656432,0.3210793,0.970661,2.755115,0.1821052,0.8485849,2.838952,0.03274258,0.7469959,2.87571,0.02883297,0.7481552,2.87981,0.5701207,0.935116,2.619944,0.5582366,0.6823446,2.576611,0.5736199,0.4999569,2.532007,0.5638391,0.4664118,2.548678,0.3690729,0.4912876,2.684484,0.3340052,0.1455649,2.66695,0.3184273,-0.2215611,2.751908,0.473885,0.4983576,2.639315,0.5223524,0.1927764,2.617866,0.5172625,-0.17155,2.694877,0.4528852,0.9918231,2.695938
72057594038042242,0,0.5874049,106254.1,0.4258425,0.4963731,2.692982,0.4553555,1.167436,2.656432,0.3210793,0.970661,2.755115,0.1821052,0.8485849,2.838952,0.03274258,0.7469959,2.87571,0.02883297,0.7481552,2.87981,0.5701207,0.935116,2.619944,0.5582366,0.6823446,2.576611,0.5736199,0.4999569,2.532007,0.5638391,0.4664118,2.548678,0.3690729,0.4912876,2.684484,0.3340052,0.1455649,2.66695,0.3184273,-0.2215611,2.751908,0.473885,0.4983576,2.639315,0.5223524,0.1927764,2.617866,0.5172625,-0.17155,2.694877,0.4528852,0.9918231,2.695938
72057594038042242,0,0.5874049,106254.1,0.4258425,0.4963731,2.692982,0.4553555,1.167436,2.656432,0.3210793,0.970661,2.755115,0.1821052,0.8485849,2.838952,0.03274258,0.7469959,2.87571,0.02883297,0.7481552,2.87981,0.5701207,0.935116,2.619944,0.5582366,0.6823446,2.576611,0.5736199,0.4999569,2.532007,0.5638391,0.4664118,2.548678,0.3690729,0.4912876,2.684484,0.3340052,0.1455649,2.66695,0.3184273,-0.2215611,2.751908,0.473885,0.4983576,2.639315,0.5223524,0.1927764,2.617866,0.5172625,-0.17155,2.694877,0.4528852,0.9918231,2.695938
72057594038042242,0,0.5874049,106254.1,0.4258425,0.4963731,2.692982,0.4553555,1.167436,2.656432,0.3210793,0.970661,2.755115,0.1821052,0.8485849,2.838952,0.03274258,0.7469959,2.87571,0.02883297,0.7481552,2.87981,0.5701207,0.935116,2.619944,0.5582366,0.6823446,2.576611,0.5736199,0.4999569,2.532007,0.5638391,0.4664118,2.548678,0.3690729,0.4912876,2.684484,0.3340052,0.1455649,2.66695,0.3184273,-0.2215611,2.751908,0.473885,0.4983576,2.639315,0.5223524,0.1927764,2.617866,0.5172625,-0.17155,2.694877,0.4528852,0.9918231,2.695938
72057594038042242,0,0.5896569,106254.1,0.4271626,0.4944635,2.692852,0.4619626,1.163342,2.657488,0.3293836,0.9682625,2.753622,0.1847433,0.8472371,2.840912,0.03659885,0.7443881,2.878803,0.02991954,0.7437829,2.884569,0.5724748,0.9256024,2.616472,0.5585845,0.6726985,2.575305,0.5675254,0.4891611,2.534428,0.5601898,0.4551089,2.550694,0.3703903,0.4900685,2.684762,0.3364937,0.1481616,2.657256,0.3176302,-0.2223876,2.748153,0.4749691,0.4957887,2.638646,0.5235431,0.1902778,2.617543,0.5176514,-0.172884,2.693389,0.455796,0.9904633,2.696008
72057594038042242,0,0.5896569,106254.1,0.4271626,0.4944635,2.692852,0.4619626,1.163342,2.657488,0.3293836,0.9682625,2.753622,0.1847433,0.8472371,2.840912,0.03659885,0.7443881,2.878803,0.02991954,0.7437829,2.884569,0.5724748,0.9256024,2.616472,0.5585845,0.6726985,2.575305,0.5675254,0.4891611,2.534428,0.5601898,0.4551089,2.550694,0.3703903,0.4900685,2.684762,0.3364937,0.1481616,2.657256,0.3176302,-0.2223876,2.748153,0.4749691,0.4957887,2.638646,0.5235431,0.1902778,2.617543,0.5176514,-0.172884,2.693389,0.455796,0.9904633,2.696008
72057594038042242,0,0.5896569,106254.1,0.4271626,0.4944635,2.692852,0.4619626,1.163342,2.657488,0.3293836,0.9682625,2.753622,0.1847433,0.8472371,2.840912,0.03659885,0.7443881,2.878803,0.02991954,0.7437829,2.884569,0.5724748,0.9256024,2.616472,0.5585845,0.6726985,2.575305,0.5675254,0.4891611,2.534428,0.5601898,0.4551089,2.550694,0.3703903,0.4900685,2.684762,0.3364937,0.1481616,2.657256,0.3176302,-0.2223876,2.748153,0.4749691,0.4957887,2.638646,0.5235431,0.1902778,2.617543,0.5176514,-0.172884,2.693389,0.455796,0.9904633,2.696008
72057594038042242,0,0.5896569,106254.1,0.4271626,0.4944635,2.692852,0.4619626,1.163342,2.657488,0.3293836,0.9682625,2.753622,0.1847433,0.8472371,2.840912,0.03659885,0.7443881,2.878803,0.02991954,0.7437829,2.884569,0.5724748,0.9256024,2.616472,0.5585845,0.6726985,2.575305,0.5675254,0.4891611,2.534428,0.5601898,0.4551089,2.550694,0.3703903,0.4900685,2.684762,0.3364937,0.1481616,2.657256,0.3176302,-0.2223876,2.748153,0.4749691,0.4957887,2.638646,0.5235431,0.1902778,2.617543,0.5176514,-0.172884,2.693389,0.455796,0.9904633,2.696008
72057594038042242,0,0.5896569,106254.1,0.4271626,0.4944635,2.692852,0.4619626,1.163342,2.657488,0.3293836,0.9682625,2.753622,0.1847433,0.8472371,2.840912,0.03659885,0.7443881,2.878803,0.02991954,0.7437829,2.884569,0.5724748,0.9256024,2.616472,0.5585845,0.6726985,2.575305,0.5675254,0.4891611,2.534428,0.5601898,0.4551089,2.550694,0.3703903,0.4900685,2.684762,0.3364937,0.1481616,2.657256,0.3176302,-0.2223876,2.748153,0.4749691,0.4957887,2.638646,0.5235431,0.1902778,2.617543,0.5176514,-0.172884,2.693389,0.455796,0.9904633,2.696008
72057594038042242,0,0.5896569,106254.1,0.4271626,0.4944635,2.692852,0.4619626,1.163342,2.657488,0.3293836,0.9682625,2.753622,0.1847433,0.8472371,2.840912,0.03659885,0.7443881,2.878803,0.02991954,0.7437829,2.884569,0.5724748,0.9256024,2.616472,0.5585845,0.6726985,2.575305,0.5675254,0.4891611,2.534428,0.5601898,0.4551089,2.550694,0.3703903,0.4900685,2.684762,0.3364937,0.1481616,2.657256,0.3176302,-0.2223876,2.748153,0.4749691,0.4957887,2.638646,0.5235431,0.1902778,2.617543,0.5176514,-0.172884,2.693389,0.455796,0.9904633,2.696008
72057594038042242,0,0.5896569,106254.1,0.4271626,0.4944635,2.692852,0.4619626,1.163342,2.657488,0.3293836,0.9682625,2.753622,0.1847433,0.8472371,2.840912,0.03659885,0.7443881,2.878803,0.02991954,0.7437829,2.884569,0.5724748,0.9256024,2.616472,0.5585845,0.6726985,2.575305,0.5675254,0.4891611,2.534428,0.5601898,0.4551089,2.550694,0.3703903,0.4900685,2.684762,0.3364937,0.1481616,2.657256,0.3176302,-0.2223876,2.748153,0.4749691,0.4957887,2.638646,0.5235431,0.1902778,2.617543,0.5176514,-0.172884,2.693389,0.455796,0.9904633,2.696008
72057594038042242,0,0.5896569,106254.1,0.4271626,0.4944635,2.692852,0.4619626,1.163342,2.657488,0.3293836,0.9682625,2.753622,0.1847433,0.8472371,2.840912,0.03659885,0.7443881,2.878803,0.02991954,0.7437829,2.884569,0.5724748,0.9256024,2.616472,0.5585845,0.6726985,2.575305,0.5675254,0.4891611,2.534428,0.5601898,0.4551089,2.550694,0.3703903,0.4900685,2.684762,0.3364937,0.1481616,2.657256,0.3176302,-0.2223876,2.748153,0.4749691,0.4957887,2.638646,0.5235431,0.1902778,2.617543,0.5176514,-0.172884,2.693389,0.455796,0.9904633,2.696008
72057594038042242,0,0.5896569,106254.1,0.4271626,0.4944635,2.692852,0.4619626,1.163342,2.657488,0.3293836,0.9682625,2.753622,0.1847433,0.8472371,2.840912,0.03659885,0.7443881,2.878803,0.02991954,0.7437829,2.884569,0.5724748,0.9256024,2.616472,0.5585845,0.6726985,2.575305,0.5675254,0.4891611,2.534428,0.5601898,0.4551089,2.550694,0.3703903,0.4900685,2.684762,0.3364937,0.1481616,2.657256,0.3176302,-0.2223876,2.748153,0.4749691,0.4957887,2.638646,0.5235431,0.1902778,2.617543,0.5176514,-0.172884,2.693389,0.455796,0.9904633,2.696008
72057594038042242,0,0.5896569,106254.1,0.4271626,0.4944635,2.692852,0.4619626,1.163342,2.657488,0.3293836,0.9682625,2.753622,0.1847433,0.8472371,2.840912,0.03659885,0.7443881,2.878803,0.02991954,0.7437829,2.884569,0.5724748,0.9256024,2.616472,0.5585845,0.6726985,2.575305,0.5675254,0.4891611,2.534428,0.5601898,0.4551089,2.550694,0.3703903,0.4900685,2.684762,0.3364937,0.1481616,2.657256,0.3176302,-0.2223876,2.748153,0.4749691,0.4957887,2.638646,0.5235431,0.1902778,2.617543,0.5176514,-0.172884,2.693389,0.455796,0.9904633,2.696008
72057594038042242,0,0.5896569,106254.1,0.4271626,0.4944635,2.692852,0.4619626,1.163342,2.657488,0.3293836,0.9682625,2.753622,0.1847433,0.8472371,2.840912,0.03659885,0.7443881,2.878803,0.02991954,0.7437829,2.884569,0.5724748,0.9256024,2.616472,0.5585845,0.6726985,2.575305,0.5675254,0.4891611,2.534428,0.5601898,0.4551089,2.550694,0.3703903,0.4900685,2.684762,0.3364937,0.1481616,2.657256,0.3176302,-0.2223876,2.748153,0.4749691,0.4957887,2.638646,0.5235431,0.1902778,2.617543,0.5176514,-0.172884,2.693389,0.455796,0.9904633,2.696008
72057594038042242,0,0.590892,106254.1,0.4283734,0.4940141,2.692447,0.4642612,1.162255,2.657635,0.3295266,0.9687219,2.754882,0.1875764,0.8452773,2.846355,0.04017996,0.7424893,2.886581,0.03172319,0.7384477,2.898418,0.5696353,0.9278476,2.620554,0.5614294,0.6749944,2.577292,0.5652753,0.4909377,2.538096,0.5597764,0.457212,2.550514,0.3714086,0.4896898,2.684498,0.3387815,0.1463141,2.645982,0.3176943,-0.2238623,2.741887,0.4761767,0.4953925,2.638119,0.523564,0.1897285,2.618046,0.5177342,-0.1728987,2.693388,0.4545076,0.9907854,2.69558
72057594038042242,0,0.590892,106254.1,0.4283734,0.4940141,2.692447,0.4642612,1.162255,2.657635,0.3295266,0.9687219,2.754882,0.1875764,0.8452773,2.846355,0.04017996,0.7424893,2.886581,0.03172319,0.7384477,2.898418,0.5696353,0.9278476,2.620554,0.5614294,0.6749944,2.577292,0.5652753,0.4909377,2.538096,0.5597764,0.457212,2.550514,0.3714086,0.4896898,2.684498,0.3387815,0.1463141,2.645982,0.3176943,-0.2238623,2.741887,0.4761767,0.4953925,2.638119,0.523564,0.1897285,2.618046,0.5177342,-0.1728987,2.693388,0.4545076,0.9907854,2.69558
72057594038042242,0,0.590892,106254.1,0.4283734,0.4940141,2.692447,0.4642612,1.162255,2.657635,0.3295266,0.9687219,2.754882,0.1875764,0.8452773,2.846355,0.04017996,0.7424893,2.886581,0.03172319,0.7384477,2.898418,0.5696353,0.9278476,2.620554,0.5614294,0.6749944,2.577292,0.5652753,0.4909377,2.538096,0.5597764,0.457212,2.550514,0.3714086,0.4896898,2.684498,0.3387815,0.1463141,2.645982,0.3176943,-0.2238623,2.741887,0.4761767,0.4953925,2.638119,0.523564,0.1897285,2.618046,0.5177342,-0.1728987,2.693388,0.4545076,0.9907854,2.69558
72057594038042242,0,0.590892,106254.1,0.4283734,0.4940141,2.692447,0.4642612,1.162255,2.657635,0.3295266,0.9687219,2.754882,0.1875764,0.8452773,2.846355,0.04017996,0.7424893,2.886581,0.03172319,0.7384477,2.898418,0.5696353,0.9278476,2.620554,0.5614294,0.6749944,2.577292,0.5652753,0.4909377,2.538096,0.5597764,0.457212,2.550514,0.3714086,0.4896898,2.684498,0.3387815,0.1463141,2.645982,0.3176943,-0.2238623,2.741887,0.4761767,0.4953925,2.638119,0.523564,0.1897285,2.618046,0.5177342,-0.1728987,2.693388,0.4545076,0.9907854,2.69558
72057594038042242,0,0.590892,106254.1,0.4283734,0.4940141,2.692447,0.4642612,1.162255,2.657635,0.3295266,0.9687219,2.754882,0.1875764,0.8452773,2.846355,0.04017996,0.7424893,2.886581,0.03172319,0.7384477,2.898418,0.5696353,0.9278476,2.620554,0.5614294,0.6749944,2.577292,0.5652753,0.4909377,2.538096,0.5597764,0.457212,2.550514,0.3714086,0.4896898,2.684498,0.3387815,0.1463141,2.645982,0.3176943,-0.2238623,2.741887,0.4761767,0.4953925,2.638119,0.523564,0.1897285,2.618046,0.5177342,-0.1728987,2.693388,0.4545076,0.9907854,2.69558
72057594038042242,0,0.590892,106254.1,0.4283734,0.4940141,2.692447,0.4642612,1.162255,2.657635,0.3295266,0.9687219,2.754882,0.1875764,0.8452773,2.846355,0.04017996,0.7424893,2.886581,0.03172319,0.7384477,2.898418,0.5696353,0.9278476,2.620554,0.5614294,0.6749944,2.577292,0.5652753,0.4909377,2.538096,0.5597764,0.457212,2.550514,0.3714086,0.4896898,2.684498,0.3387815,0.1463141,2.645982,0.3176943,-0.2238623,2.741887,0.4761767,0.4953925,2.638119,0.523564,0.1897285,2.618046,0.5177342,-0.1728987,2.693388,0.4545076,0.9907854,2.69558
72057594038042242,0,0.590892,106254.1,0.4283734,0.4940141,2.692447,0.4642612,1.162255,2.657635,0.3295266,0.9687219,2.754882,0.1875764,0.8452773,2.846355,0.04017996,0.7424893,2.886581,0.03172319,0.7384477,2.898418,0.5696353,0.9278476,2.620554,0.5614294,0.6749944,2.577292,0.5652753,0.4909377,2.538096,0.5597764,0.457212,2.550514,0.3714086,0.4896898,2.684498,0.3387815,0.1463141,2.645982,0.3176943,-0.2238623,2.741887,0.4761767,0.4953925,2.638119,0.523564,0.1897285,2.618046,0.5177342,-0.1728987,2.693388,0.4545076,0.9907854,2.69558
72057594038042242,0,0.590892,106254.2,0.4283734,0.4940141,2.692447,0.4642612,1.162255,2.657635,0.3295266,0.9687219,2.754882,0.1875764,0.8452773,2.846355,0.04017996,0.7424893,2.886581,0.03172319,0.7384477,2.898418,0.5696353,0.9278476,2.620554,0.5614294,0.6749944,2.577292,0.5652753,0.4909377,2.538096,0.5597764,0.457212,2.550514,0.3714086,0.4896898,2.684498,0.3387815,0.1463141,2.645982,0.3176943,-0.2238623,2.741887,0.4761767,0.4953925,2.638119,0.523564,0.1897285,2.618046,0.5177342,-0.1728987,2.693388,0.4545076,0.9907854,2.69558
72057594038042242,0,0.590892,106254.2,0.4283734,0.4940141,2.692447,0.4642612,1.162255,2.657635,0.3295266,0.9687219,2.754882,0.1875764,0.8452773,2.846355,0.04017996,0.7424893,2.886581,0.03172319,0.7384477,2.898418,0.5696353,0.9278476,2.620554,0.5614294,0.6749944,2.577292,0.5652753,0.4909377,2.538096,0.5597764,0.457212,2.550514,0.3714086,0.4896898,2.684498,0.3387815,0.1463141,2.645982,0.3176943,-0.2238623,2.741887,0.4761767,0.4953925,2.638119,0.523564,0.1897285,2.618046,0.5177342,-0.1728987,2.693388,0.4545076,0.9907854,2.69558
72057594038042242,0,0.590892,106254.2,0.4283734,0.4940141,2.692447,0.4642612,1.162255,2.657635,0.3295266,0.9687219,2.754882,0.1875764,0.8452773,2.846355,0.04017996,0.7424893,2.886581,0.03172319,0.7384477,2.898418,0.5696353,0.9278476,2.620554,0.5614294,0.6749944,2.577292,0.5652753,0.4909377,2.538096,0.5597764,0.457212,2.550514,0.3714086,0.4896898,2.684498,0.3387815,0.1463141,2.645982,0.3176943,-0.2238623,2.741887,0.4761767,0.4953925,2.638119,0.523564,0.1897285,2.618046,0.5177342,-0.1728987,2.693388,0.4545076,0.9907854,2.69558
72057594038042242,0,0.5936232,106254.2,0.4309205,0.4928434,2.691809,0.4676519,1.161641,2.655889,0.3363146,0.9678381,2.756538,0.1905647,0.8421273,2.85235,0.04740589,0.7381248,2.901399,0.02872843,0.7260834,2.905399,0.5718104,0.9221252,2.619017,0.5622705,0.669063,2.578068,0.5650904,0.4851339,2.538042,0.5604802,0.4511133,2.552861,0.3740113,0.4888296,2.68429,0.3422951,0.1449434,2.625636,0.3153692,-0.2248314,2.737823,0.4785013,0.4940328,2.637047,0.5243774,0.1881887,2.618122,0.5177331,-0.1729622,2.693292,0.4649174,0.9894829,2.694141
72057594038042242,0,0.5936232,106254.2,0.4309205,0.4928434,2.691809,0.4676519,1.161641,2.655889,0.3363146,0.9678381,2.756538,0.1905647,0.8421273,2.85235,0.04740589,0.7381248,2.901399,0.02872843,0.7260834,2.905399,0.5718104,0.9221252,2.619017,0.5622705,0.669063,2.578068,0.5650904,0.4851339,2.538042,0.5604802,0.4511133,2.552861,0.3740113,0.4888296,2.68429,0.3422951,0.1449434,2.625636,0.3153692,-0.2248314,2.737823,0.4785013,0.4940328,2.637047,0.5243774,0.1881887,2.618122,0.5177331,-0.1729622,2.693292,0.4649174,0.9894829,2.694141
72057594038042242,0,0.5936232,106254.2,0.4309205,0.4928434,2.691809,0.4676519,1.161641,2.655889,0.3363146,0.9678381,2.756538,0.1905647,0.8421273,2.85235,0.04740589,0.7381248,2.901399,0.02872843,0.7260834,2.905399,0.5718104,0.9221252,2.619017,0.5622705,0.669063,2.578068,0.5650904,0.4851339,2.538042,0.5604802,0.4511133,2.552861,0.3740113,0.4888296,2.68429,0.3422951,0.1449434,2.625636,0.3153692,-0.2248314,2.737823,0.4785013,0.4940328,2.637047,0.5243774,0.1881887,2.618122,0.5177331,-0.1729622,2.693292,0.4649174,0.9894829,2.694141
72057594038042242,0,0.5936232,106254.2,0.4309205,0.4928434,2.691809,0.4676519,1.161641,2.655889,0.3363146,0.9678381,2.756538,0.1905647,0.8421273,2.85235,0.04740589,0.7381248,2.901399,0.02872843,0.7260834,2.905399,0.5718104,0.9221252,2.619017,0.5622705,0.669063,2.578068,0.5650904,0.4851339,2.538042,0.5604802,0.4511133,2.552861,0.3740113,0.4888296,2.68429,0.3422951,0.1449434,2.625636,0.3153692,-0.2248314,2.737823,0.4785013,0.4940328,2.637047,0.5243774,0.1881887,2.618122,0.5177331,-0.1729622,2.693292,0.4649174,0.9894829,2.694141
72057594038042242,0,0.5936232,106254.2,0.4309205,0.4928434,2.691809,0.4676519,1.161641,2.655889,0.3363146,0.9678381,2.756538,0.1905647,0.8421273,2.85235,0.04740589,0.7381248,2.901399,0.02872843,0.7260834,2.905399,0.5718104,0.9221252,2.619017,0.5622705,0.669063,2.578068,0.5650904,0.4851339,2.538042,0.5604802,0.4511133,2.552861,0.3740113,0.4888296,2.68429,0.3422951,0.1449434,2.625636,0.3153692,-0.2248314,2.737823,0.4785013,0.4940328,2.637047,0.5243774,0.1881887,2.618122,0.5177331,-0.1729622,2.693292,0.4649174,0.9894829,2.694141
72057594038042242,0,0.5936232,106254.2,0.4309205,0.4928434,2.691809,0.4676519,1.161641,2.655889,0.3363146,0.9678381,2.756538,0.1905647,0.8421273,2.85235,0.04740589,0.7381248,2.901399,0.02872843,0.7260834,2.905399,0.5718104,0.9221252,2.619017,0.5622705,0.669063,2.578068,0.5650904,0.4851339,2.538042,0.5604802,0.4511133,2.552861,0.3740113,0.4888296,2.68429,0.3422951,0.1449434,2.625636,0.3153692,-0.2248314,2.737823,0.4785013,0.4940328,2.637047,0.5243774,0.1881887,2.618122,0.5177331,-0.1729622,2.693292,0.4649174,0.9894829,2.694141
72057594038042242,0,0.5936232,106254.2,0.4309205,0.4928434,2.691809,0.4676519,1.161641,2.655889,0.3363146,0.9678381,2.756538,0.1905647,0.8421273,2.85235,0.04740589,0.7381248,2.901399,0.02872843,0.7260834,2.905399,0.5718104,0.9221252,2.619017,0.5622705,0.669063,2.578068,0.5650904,0.4851339,2.538042,0.5604802,0.4511133,2.552861,0.3740113,0.4888296,2.68429,0.3422951,0.1449434,2.625636,0.3153692,-0.2248314,2.737823,0.4785013,0.4940328,2.637047,0.5243774,0.1881887,2.618122,0.5177331,-0.1729622,2.693292,0.4649174,0.9894829,2.694141
72057594038042242,0,0.5936232,106254.2,0.4309205,0.4928434,2.691809,0.4676519,1.161641,2.655889,0.3363146,0.9678381,2.756538,0.1905647,0.8421273,2.85235,0.04740589,0.7381248,2.901399,0.02872843,0.7260834,2.905399,0.5718104,0.9221252,2.619017,0.5622705,0.669063,2.578068,0.5650904,0.4851339,2.538042,0.5604802,0.4511133,2.552861,0.3740113,0.4888296,2.68429,0.3422951,0.1449434,2.625636,0.3153692,-0.2248314,2.737823,0.4785013,0.4940328,2.637047,0.5243774,0.1881887,2.618122,0.5177331,-0.1729622,2.693292,0.4649174,0.9894829,2.694141
72057594038042242,0,0.5936232,106254.2,0.4309205,0.4928434,2.691809,0.4676519,1.161641,2.655889,0.3363146,0.9678381,2.756538,0.1905647,0.8421273,2.85235,0.04740589,0.7381248,2.901399,0.02872843,0.7260834,2.905399,0.5718104,0.9221252,2.619017,0.5622705,0.669063,2.578068,0.5650904,0.4851339,2.538042,0.5604802,0.4511133,2.552861,0.3740113,0.4888296,2.68429,0.3422951,0.1449434,2.625636,0.3153692,-0.2248314,2.737823,0.4785013,0.4940328,2.637047,0.5243774,0.1881887,2.618122,0.5177331,-0.1729622,2.693292,0.4649174,0.9894829,2.694141
72057594038042242,0,0.5990945,106254.2,0.4364704,0.4910454,2.690356,0.4807856,1.140888,2.659803,0.3396768,0.9669145,2.759806,0.1958232,0.8412879,2.852934,0.0530465,0.738917,2.905588,0.05515282,0.7402804,2.913052,0.5723842,0.9196048,2.618372,0.5631462,0.6664115,2.578671,0.5671223,0.4826072,2.538164,0.5623544,0.4475769,2.554835,0.379743,0.4871909,2.683382,0.3439385,0.148003,2.610757,0.3154719,-0.2221429,2.728787,0.4836115,0.4922368,2.635091,0.5254701,0.1858224,2.617208,0.5186618,-0.170467,2.692387,0.4678055,0.9872715,2.694076
72057594038042242,0,0.5990945,106254.2,0.4364704,0.4910454,2.690356,0.4807856,1.140888,2.659803,0.3396768,0.9669145,2.759806,0.1958232,0.8412879,2.852934,0.0530465,0.738917,2.905588,0.05515282,0.7402804,2.913052,0.5723842,0.9196048,2.618372,0.5631462,0.6664115,2.578671,0.5671223,0.4826072,2.538164,0.5623544,0.4475769,2.554835,0.379743,0.4871909,2.683382,0.3439385,0.148003,2.610757,0.3154719,-0.2221429,2.728787,0.4836115,0.4922368,2.635091,0.5254701,0.1858224,2.617208,0.5186618,-0.170467,2.692387,0.4678055,0.9872715,2.694076
72057594038042242,0,0.5990945,106254.2,0.4364704,0.4910454,2.690356,0.4807856,1.140888,2.659803,0.3396768,0.9669145,2.759806,0.1958232,0.8412879,2.852934,0.0530465,0.738917,2.905588,0.05515282,0.7402804,2.913052,0.5723842,0.9196048,2.618372,0.5631462,0.6664115,2.578671,0.5671223,0.4826072,2.538164,0.5623544,0.4475769,2.554835,0.379743,0.4871909,2.683382,0.3439385,0.148003,2.610757,0.3154719,-0.2221429,2.728787,0.4836115,0.4922368,2.635091,0.5254701,0.1858224,2.617208,0.5186618,-0.170467,2.692387,0.4678055,0.9872715,2.694076
72057594038042242,0,0.5990945,106254.2,0.4364704,0.4910454,2.690356,0.4807856,1.140888,2.659803,0.3396768,0.9669145,2.759806,0.1958232,0.8412879,2.852934,0.0530465,0.738917,2.905588,0.05515282,0.7402804,2.913052,0.5723842,0.9196048,2.618372,0.5631462,0.6664115,2.578671,0.5671223,0.4826072,2.538164,0.5623544,0.4475769,2.554835,0.379743,0.4871909,2.683382,0.3439385,0.148003,2.610757,0.3154719,-0.2221429,2.728787,0.4836115,0.4922368,2.635091,0.5254701,0.1858224,2.617208,0.5186618,-0.170467,2.692387,0.4678055,0.9872715,2.694076
72057594038042242,0,0.5990945,106254.2,0.4364704,0.4910454,2.690356,0.4807856,1.140888,2.659803,0.3396768,0.9669145,2.759806,0.1958232,0.8412879,2.852934,0.0530465,0.738917,2.905588,0.05515282,0.7402804,2.913052,0.5723842,0.9196048,2.618372,0.5631462,0.6664115,2.578671,0.5671223,0.4826072,2.538164,0.5623544,0.4475769,2.554835,0.379743,0.4871909,2.683382,0.3439385,0.148003,2.610757,0.3154719,-0.2221429,2.728787,0.4836115,0.4922368,2.635091,0.5254701,0.1858224,2.617208,0.5186618,-0.170467,2.692387,0.4678055,0.9872715,2.694076
72057594038042242,0,0.5990945,106254.2,0.4364704,0.4910454,2.690356,0.4807856,1.140888,2.659803,0.3396768,0.9669145,2.759806,0.1958232,0.8412879,2.852934,0.0530465,0.738917,2.905588,0.05515282,0.7402804,2.913052,0.5723842,0.9196048,2.618372,0.5631462,0.6664115,2.578671,0.5671223,0.4826072,2.538164,0.5623544,0.4475769,2.554835,0.379743,0.4871909,2.683382,0.3439385,0.148003,2.610757,0.3154719,-0.2221429,2.728787,0.4836115,0.4922368,2.635091,0.5254701,0.1858224,2.617208,0.5186618,-0.170467,2.692387,0.4678055,0.9872715,2.694076
72057594038042242,0,0.5990945,106254.2,0.4364704,0.4910454,2.690356,0.4807856,1.140888,2.659803,0.3396768,0.9669145,2.759806,0.1958232,0.8412879,2.852934,0.0530465,0.738917,2.905588,0.05515282,0.7402804,2.913052,0.5723842,0.9196048,2.618372,0.5631462,0.6664115,2.578671,0.5671223,0.4826072,2.538164,0.5623544,0.4475769,2.554835,0.379743,0.4871909,2.683382,0.3439385,0.148003,2.610757,0.3154719,-0.2221429,2.728787,0.4836115,0.4922368,2.635091,0.5254701,0.1858224,2.617208,0.5186618,-0.170467,2.692387,0.4678055,0.9872715,2.694076
72057594038042242,0,0.5990945,106254.2,0.4364704,0.4910454,2.690356,0.4807856,1.140888,2.659803,0.3396768,0.9669145,2.759806,0.1958232,0.8412879,2.852934,0.0530465,0.738917,2.905588,0.05515282,0.7402804,2.913052,0.5723842,0.9196048,2.618372,0.5631462,0.6664115,2.578671,0.5671223,0.4826072,2.538164,0.5623544,0.4475769,2.554835,0.379743,0.4871909,2.683382,0.3439385,0.148003,2.610757,0.3154719,-0.2221429,2.728787,0.4836115,0.4922368,2.635091,0.5254701,0.1858224,2.617208,0.5186618,-0.170467,2.692387,0.4678055,0.9872715,2.694076
72057594038042242,0,0.5990945,106254.2,0.4364704,0.4910454,2.690356,0.4807856,1.140888,2.659803,0.3396768,0.9669145,2.759806,0.1958232,0.8412879,2.852934,0.0530465,0.738917,2.905588,0.05515282,0.7402804,2.913052,0.5723842,0.9196048,2.618372,0.5631462,0.6664115,2.578671,0.5671223,0.4826072,2.538164,0.5623544,0.4475769,2.554835,0.379743,0.4871909,2.683382,0.3439385,0.148003,2.610757,0.3154719,-0.2221429,2.728787,0.4836115,0.4922368,2.635091,0.5254701,0.1858224,2.617208,0.5186618,-0.170467,2.692387,0.4678055,0.9872715,2.694076
72057594038042242,0,0.5990945,106254.2,0.4364704,0.4910454,2.690356,0.4807856,1.140888,2.659803,0.3396768,0.9669145,2.759806,0.1958232,0.8412879,2.852934,0.0530465,0.738917,2.905588,0.05515282,0.7402804,2.913052,0.5723842,0.9196048,2.618372,0.5631462,0.6664115,2.578671,0.5671223,0.4826072,2.538164,0.5623544,0.4475769,2.554835,0.379743,0.4871909,2.683382,0.3439385,0.148003,2.610757,0.3154719,-0.2221429,2.728787,0.4836115,0.4922368,2.635091,0.5254701,0.1858224,2.617208,0.5186618,-0.170467,2.692387,0.4678055,0.9872715,2.694076
72057594038042242,0,0.5990945,106254.2,0.4364704,0.4910454,2.690356,0.4807856,1.140888,2.659803,0.3396768,0.9669145,2.759806,0.1958232,0.8412879,2.852934,0.0530465,0.738917,2.905588,0.05515282,0.7402804,2.913052,0.5723842,0.9196048,2.618372,0.5631462,0.6664115,2.578671,0.5671223,0.4826072,2.538164,0.5623544,0.4475769,2.554835,0.379743,0.4871909,2.683382,0.3439385,0.148003,2.610757,0.3154719,-0.2221429,2.728787,0.4836115,0.4922368,2.635091,0.5254701,0.1858224,2.617208,0.5186618,-0.170467,2.692387,0.4678055,0.9872715,2.694076
72057594038042242,0,0.6053334,106254.2,0.4410143,0.4869679,2.68834,0.4831827,1.138841,2.660005,0.3445318,0.9646037,2.760936,0.2001025,0.8409764,2.855118,0.05741195,0.7397788,2.90981,0.05331364,0.7346879,2.922098,0.5733652,0.9113647,2.618299,0.5666128,0.6580594,2.579559,0.5659264,0.4741642,2.539218,0.5642177,0.4399676,2.555053,0.3837299,0.4837481,2.681651,0.3464058,0.1569027,2.589116,0.3154343,-0.2193573,2.723284,0.4885332,0.4876856,2.632796,0.5271276,0.1810169,2.617737,0.5191963,-0.1714212,2.691934,0.4754561,0.9827991,2.69166
72057594038042242,0,0.6053334,106254.2,0.4410143,0.4869679,2.68834,0.4831827,1.138841,2.660005,0.3445318,0.9646037,2.760936,0.2001025,0.8409764,2.855118,0.05741195,0.7397788,2.90981,0.05331364,0.7346879,2.922098,0.5733652,0.9113647,2.618299,0.5666128,0.6580594,2.579559,0.5659264,0.4741642,2.539218,0.5642177,0.4399676,2.555053,0.3837299,0.4837481,2.681651,0.3464058,0.1569027,2.589116,0.3154343,-0.2193573,2.723284,0.4885332,0.4876856,2.632796,0.5271276,0.1810169,2.617737,0.5191963,-0.1714212,2.691934,0.4754561,0.9827991,2.69166
72057594038042242,0,0.6053334,106254.2,0.4410143,0.4869679,2.68834,0.4831827,1.138841,2.660005,0.3445318,0.9646037,2.760936,0.2001025,0.8409764,2.855118,0.05741195,0.7397788,2.90981,0.05331364,0.7346879,2.922098,0.5733652,0.9113647,2.618299,0.5666128,0.6580594,2.579559,0.5659264,0.4741642,2.539218,0.5642177,0.4399676,2.555053,0.3837299,0.4837481,2.681651,0.3464058,0.1569027,2.589116,0.3154343,-0.2193573,2.723284,0.4885332,0.4876856,2.632796,0.5271276,0.1810169,2.617737,0.5191963,-0.1714212,2.691934,0.4754561,0.9827991,2.69166
72057594038042242,0,0.6053334,106254.2,0.4410143,0.4869679,2.68834,0.4831827,1.138841,2.660005,0.3445318,0.9646037,2.760936,0.2001025,0.8409764,2.855118,0.05741195,0.7397788,2.90981,0.05331364,0.7346879,2.922098,0.5733652,0.9113647,2.618299,0.5666128,0.6580594,2.579559,0.5659264,0.4741642,2.539218,0.5642177,0.4399676,2.555053,0.3837299,0.4837481,2.681651,0.3464058,0.1569027,2.589116,0.3154343,-0.2193573,2.723284,0.4885332,0.4876856,2.632796,0.5271276,0.1810169,2.617737,0.5191963,-0.1714212,2.691934,0.4754561,0.9827991,2.69166
72057594038042242,0,0.6053334,106254.2,0.4410143,0.4869679,2.68834,0.4831827,1.138841,2.660005,0.3445318,0.9646037,2.760936,0.2001025,0.8409764,2.855118,0.05741195,0.7397788,2.90981,0.05331364,0.7346879,2.922098,0.5733652,0.9113647,2.618299,0.5666128,0.6580594,2.579559,0.5659264,0.4741642,2.539218,0.5642177,0.4399676,2.555053,0.3837299,0.4837481,2.681651,0.3464058,0.1569027,2.589116,0.3154343,-0.2193573,2.723284,0.4885332,0.4876856,2.632796,0.5271276,0.1810169,2.617737,0.5191963,-0.1714212,2.691934,0.4754561,0.9827991,2.69166
72057594038042242,0,0.6053334,106254.2,0.4410143,0.4869679,2.68834,0.4831827,1.138841,2.660005,0.3445318,0.9646037,2.760936,0.2001025,0.8409764,2.855118,0.05741195,0.7397788,2.90981,0.05331364,0.7346879,2.922098,0.5733652,0.9113647,2.618299,0.5666128,0.6580594,2.579559,0.5659264,0.4741642,2.539218,0.5642177,0.4399676,2.555053,0.3837299,0.4837481,2.681651,0.3464058,0.1569027,2.589116,0.3154343,-0.2193573,2.723284,0.4885332,0.4876856,2.632796,0.5271276,0.1810169,2.617737,0.5191963,-0.1714212,2.691934,0.4754561,0.9827991,2.69166
72057594038042242,0,0.6053334,106254.3,0.4410143,0.4869679,2.68834,0.4831827,1.138841,2.660005,0.3445318,0.9646037,2.760936,0.2001025,0.8409764,2.855118,0.05741195,0.7397788,2.90981,0.05331364,0.7346879,2.922098,0.5733652,0.9113647,2.618299,0.5666128,0.6580594,2.579559,0.5659264,0.4741642,2.539218,0.5642177,0.4399676,2.555053,0.3837299,0.4837481,2.681651,0.3464058,0.1569027,2.589116,0.3154343,-0.2193573,2.723284,0.4885332,0.4876856,2.632796,0.5271276,0.1810169,2.617737,0.5191963,-0.1714212,2.691934,0.4754561,0.9827991,2.69166
72057594038042242,0,0.6053334,106254.3,0.4410143,0.4869679,2.68834,0.4831827,1.138841,2.660005,0.3445318,0.9646037,2.760936,0.2001025,0.8409764,2.855118,0.05741195,0.7397788,2.90981,0.05331364,0.7346879,2.922098,0.5733652,0.9113647,2.618299,0.5666128,0.6580594,2.579559,0.5659264,0.4741642,2.539218,0.5642177,0.4399676,2.555053,0.3837299,0.4837481,2.681651,0.3464058,0.1569027,2.589116,0.3154343,-0.2193573,2.723284,0.4885332,0.4876856,2.632796,0.5271276,0.1810169,2.617737,0.5191963,-0.1714212,2.691934,0.4754561,0.9827991,2.69166
72057594038042242,0,0.6053334,106254.3,0.4410143,0.4869679,2.68834,0.4831827,1.138841,2.660005,0.3445318,0.9646037,2.760936,0.2001025,0.8409764,2.855118,0.05741195,0.7397788,2.90981,0.05331364,0.7346879,2.922098,0.5733652,0.9113647,2.618299,0.5666128,0.6580594,2.579559,0.5659264,0.4741642,2.539218,0.5642177,0.4399676,2.555053,0.3837299,0.4837481,2.681651,0.3464058,0.1569027,2.589116,0.3154343,-0.2193573,2.723284,0.4885332,0.4876856,2.632796,0.5271276,0.1810169,2.617737,0.5191963,-0.1714212,2.691934,0.4754561,0.9827991,2.69166
72057594038042242,0,0.6053334,106254.3,0.4410143,0.4869679,2.68834,0.4831827,1.138841,2.660005,0.3445318,0.9646037,2.760936,0.2001025,0.8409764,2.855118,0.05741195,0.7397788,2.90981,0.05331364,0.7346879,2.922098,0.5733652,0.9113647,2.618299,0.5666128,0.6580594,2.579559,0.5659264,0.4741642,2.539218,0.5642177,0.4399676,2.555053,0.3837299,0.4837481,2.681651,0.3464058,0.1569027,2.589116,0.3154343,-0.2193573,2.723284,0.4885332,0.4876856,2.632796,0.5271276,0.1810169,2.617737,0.5191963,-0.1714212,2.691934,0.4754561,0.9827991,2.69166
72057594038042242,0,0.6053334,106254.3,0.4410143,0.4869679,2.68834,0.4831827,1.138841,2.660005,0.3445318,0.9646037,2.760936,0.2001025,0.8409764,2.855118,0.05741195,0.7397788,2.90981,0.05331364,0.7346879,2.922098,0.5733652,0.9113647,2.618299,0.5666128,0.6580594,2.579559,0.5659264,0.4741642,2.539218,0.5642177,0.4399676,2.555053,0.3837299,0.4837481,2.681651,0.3464058,0.1569027,2.589116,0.3154343,-0.2193573,2.723284,0.4885332,0.4876856,2.632796,0.5271276,0.1810169,2.617737,0.5191963,-0.1714212,2.691934,0.4754561,0.9827991,2.69166
72057594038042242,0,0.6102155,106254.3,0.4463613,0.485918,2.686435,0.4898302,1.13971,2.657193,0.3520866,0.9625478,2.759522,0.2049377,0.8411465,2.856666,0.0646248,0.7398499,2.916169,0.05243642,0.7320338,2.933506,0.57354,0.9119433,2.618761,0.5703496,0.6585627,2.580458,0.5644206,0.474572,2.540915,0.5600532,0.4415706,2.556842,0.3883584,0.4833814,2.679944,0.3456784,0.1587463,2.573844,0.315172,-0.2199753,2.711883,0.4945271,0.4859174,2.630681,0.5280121,0.1787707,2.618402,0.5194017,-0.1735564,2.691409,0.4778847,0.9806131,2.692073
72057594038042242,0,0.6102155,106254.3,0.4463613,0.485918,2.686435,0.4898302,1.13971,2.657193,0.3520866,0.9625478,2.759522,0.2049377,0.8411465,2.856666,0.0646248,0.7398499,2.916169,0.05243642,0.7320338,2.933506,0.57354,0.9119433,2.618761,0.5703496,0.6585627,2.580458,0.5644206,0.474572,2.540915,0.5600532,0.4415706,2.556842,0.3883584,0.4833814,2.679944,0.3456784,0.1587463,2.573844,0.315172,-0.2199753,2.711883,0.4945271,0.4859174,2.630681,0.5280121,0.1787707,2.618402,0.5194017,-0.1735564,2.691409,0.4778847,0.9806131,2.692073
72057594038042242,0,0.6102155,106254.3,0.4463613,0.485918,2.686435,0.4898302,1.13971,2.657193,0.3520866,0.9625478,2.759522,0.2049377,0.8411465,2.856666,0.0646248,0.7398499,2.916169,0.05243642,0.7320338,2.933506,0.57354,0.9119433,2.618761,0.5703496,0.6585627,2.580458,0.5644206,0.474572,2.540915,0.5600532,0.4415706,2.556842,0.3883584,0.4833814,2.679944,0.3456784,0.1587463,2.573844,0.315172,-0.2199753,2.711883,0.4945271,0.4859174,2.630681,0.5280121,0.1787707,2.618402,0.5194017,-0.1735564,2.691409,0.4778847,0.9806131,2.692073
72057594038042242,0,0.6102155,106254.3,0.4463613,0.485918,2.686435,0.4898302,1.13971,2.657193,0.3520866,0.9625478,2.759522,0.2049377,0.8411465,2.856666,0.0646248,0.7398499,2.916169,0.05243642,0.7320338,2.933506,0.57354,0.9119433,2.618761,0.5703496,0.6585627,2.580458,0.5644206,0.474572,2.540915,0.5600532,0.4415706,2.556842,0.3883584,0.4833814,2.679944,0.3456784,0.1587463,2.573844,0.315172,-0.2199753,2.711883,0.4945271,0.4859174,2.630681,0.5280121,0.1787707,2.618402,0.5194017,-0.1735564,2.691409,0.4778847,0.9806131,2.692073
72057594038042242,0,0.6102155,106254.3,0.4463613,0.485918,2.686435,0.4898302,1.13971,2.657193,0.3520866,0.9625478,2.759522,0.2049377,0.8411465,2.856666,0.0646248,0.7398499,2.916169,0.05243642,0.7320338,2.933506,0.57354,0.9119433,2.618761,0.5703496,0.6585627,2.580458,0.5644206,0.474572,2.540915,0.5600532,0.4415706,2.556842,0.3883584,0.4833814,2.679944,0.3456784,0.1587463,2.573844,0.315172,-0.2199753,2.711883,0.4945271,0.4859174,2.630681,0.5280121,0.1787707,2.618402,0.5194017,-0.1735564,2.691409,0.4778847,0.9806131,2.692073
72057594038042242,0,0.6102155,106254.3,0.4463613,0.485918,2.686435,0.4898302,1.13971,2.657193,0.3520866,0.9625478,2.759522,0.2049377,0.8411465,2.856666,0.0646248,0.7398499,2.916169,0.05243642,0.7320338,2.933506,0.57354,0.9119433,2.618761,0.5703496,0.6585627,2.580458,0.5644206,0.474572,2.540915,0.5600532,0.4415706,2.556842,0.3883584,0.4833814,2.679944,0.3456784,0.1587463,2.573844,0.315172,-0.2199753,2.711883,0.4945271,0.4859174,2.630681,0.5280121,0.1787707,2.618402,0.5194017,-0.1735564,2.691409,0.4778847,0.9806131,2.692073
72057594038042242,0,0.6102155,106254.3,0.4463613,0.485918,2.686435,0.4898302,1.13971,2.657193,0.3520866,0.9625478,2.759522,0.2049377,0.8411465,2.856666,0.0646248,0.7398499,2.916169,0.05243642,0.7320338,2.933506,0.57354,0.9119433,2.618761,0.5703496,0.6585627,2.580458,0.5644206,0.474572,2.540915,0.5600532,0.4415706,2.556842,0.3883584,0.4833814,2.679944,0.3456784,0.1587463,2.573844,0.315172,-0.2199753,2.711883,0.4945271,0.4859174,2.630681,0.5280121,0.1787707,2.618402,0.5194017,-0.1735564,2.691409,0.4778847,0.9806131,2.692073
72057594038042242,0,0.6102155,106254.3,0.4463613,0.485918,2.686435,0.4898302,1.13971,2.657193,0.3520866,0.9625478,2.759522,0.2049377,0.8411465,2.856666,0.0646248,0.7398499,2.916169,0.05243642,0.7320338,2.933506,0.57354,0.9119433,2.618761,0.5703496,0.6585627,2.580458,0.5644206,0.474572,2.540915,0.5600532,0.4415706,2.556842,0.3883584,0.4833814,2.679944,0.3456784,0.1587463,2.573844,0.315172,-0.2199753,2.711883,0.4945271,0.4859174,2.630681,0.5280121,0.1787707,2.618402,0.5194017,-0.1735564,2.691409,0.4778847,0.9806131,2.692073
72057594038042242,0,0.6102155,106254.3,0.4463613,0.485918,2.686435,0.4898302,1.13971,2.657193,0.3520866,0.9625478,2.759522,0.2049377,0.8411465,2.856666,0.0646248,0.7398499,2.916169,0.05243642,0.7320338,2.933506,0.57354,0.9119433,2.618761,0.5703496,0.6585627,2.580458,0.5644206,0.474572,2.540915,0.5600532,0.4415706,2.556842,0.3883584,0.4833814,2.679944,0.3456784,0.1587463,2.573844,0.315172,-0.2199753,2.711883,0.4945271,0.4859174,2.630681,0.5280121,0.1787707,2.618402,0.5194017,-0.1735564,2.691409,0.4778847,0.9806131,2.692073
72057594038042242,0,0.6102155,106254.3,0.4463613,0.485918,2.686435,0.4898302,1.13971,2.657193,0.3520866,0.9625478,2.759522,0.2049377,0.8411465,2.856666,0.0646248,0.7398499,2.916169,0.05243642,0.7320338,2.933506,0.57354,0.9119433,2.618761,0.5703496,0.6585627,2.580458,0.5644206,0.474572,2.540915,0.5600532,0.4415706,2.556842,0.3883584,0.4833814,2.679944,0.3456784,0.1587463,2.573844,0.315172,-0.2199753,2.711883,0.4945271,0.4859174,2.630681,0.5280121,0.1787707,2.618402,0.5194017,-0.1735564,2.691409,0.4778847,0.9806131,2.692073
72057594038042242,0,0.613818,106254.3,0.4488907,0.4835008,2.684933,0.4933166,1.13929,2.653881,0.3533441,0.962213,2.761041,0.2065435,0.8393884,2.859048,0.06852736,0.7411253,2.926797,0.05349933,0.7321069,2.947785,0.5750238,0.9059301,2.619247,0.5716703,0.6526647,2.580088,0.5653534,0.4688382,2.539731,0.5621765,0.4374193,2.556651,0.3908964,0.4814187,2.678377,0.3470958,0.1629112,2.5532,0.315523,-0.2178971,2.70001,0.4969418,0.4831358,2.629264,0.5299435,0.1760849,2.6185,0.5198988,-0.1719855,2.691409,0.4822987,0.9775411,2.68948
72057594038042242,0,0.613818,106254.3,0.4488907,0.4835008,2.684933,0.4933166,1.13929,2.653881,0.3533441,0.962213,2.761041,0.2065435,0.8393884,2.859048,0.06852736,0.7411253,2.926797,0.05349933,0.7321069,2.947785,0.5750238,0.9059301,2.619247,0.5716703,0.6526647,2.580088,0.5653534,0.4688382,2.539731,0.5621765,0.4374193,2.556651,0.3908964,0.4814187,2.678377,0.3470958,0.1629112,2.5532,0.315523,-0.2178971,2.70001,0.4969418,0.4831358,2.629264,0.5299435,0.1760849,2.6185,0.5198988,-0.1719855,2.691409,0.4822987,0.9775411,2.68948
72057594038042242,0,0.613818,106254.3,0.4488907,0.4835008,2.684933,0.4933166,1.13929,2.653881,0.3533441,0.962213,2.761041,0.2065435,0.8393884,2.859048,0.06852736,0.7411253,2.926797,0.05349933,0.7321069,2.947785,0.5750238,0.9059301,2.619247,0.5716703,0.6526647,2.580088,0.5653534,0.4688382,2.539731,0.5621765,0.4374193,2.556651,0.3908964,0.4814187,2.678377,0.3470958,0.1629112,2.5532,0.315523,-0.2178971,2.70001,0.4969418,0.4831358,2.629264,0.5299435,0.1760849,2.6185,0.5198988,-0.1719855,2.691409,0.4822987,0.9775411,2.68948
72057594038042242,0,0.613818,106254.3,0.4488907,0.4835008,2.684933,0.4933166,1.13929,2.653881,0.3533441,0.962213,2.761041,0.2065435,0.8393884,2.859048,0.06852736,0.7411253,2.926797,0.05349933,0.7321069,2.947785,0.5750238,0.9059301,2.619247,0.5716703,0.6526647,2.580088,0.5653534,0.4688382,2.539731,0.5621765,0.4374193,2.556651,0.3908964,0.4814187,2.678377,0.3470958,0.1629112,2.5532,0.315523,-0.2178971,2.70001,0.4969418,0.4831358,2.629264,0.5299435,0.1760849,2.6185,0.5198988,-0.1719855,2.691409,0.4822987,0.9775411,2.68948
72057594038042242,0,0.613818,106254.3,0.4488907,0.4835008,2.684933,0.4933166,1.13929,2.653881,0.3533441,0.962213,2.761041,0.2065435,0.8393884,2.859048,0.06852736,0.7411253,2.926797,0.05349933,0.7321069,2.947785,0.5750238,0.9059301,2.619247,0.5716703,0.6526647,2.580088,0.5653534,0.4688382,2.539731,0.5621765,0.4374193,2.556651,0.3908964,0.4814187,2.678377,0.3470958,0.1629112,2.5532,0.315523,-0.2178971,2.70001,0.4969418,0.4831358,2.629264,0.5299435,0.1760849,2.6185,0.5198988,-0.1719855,2.691409,0.4822987,0.9775411,2.68948
72057594038042242,0,0.613818,106254.3,0.4488907,0.4835008,2.684933,0.4933166,1.13929,2.653881,0.3533441,0.962213,2.761041,0.2065435,0.8393884,2.859048,0.06852736,0.7411253,2.926797,0.05349933,0.7321069,2.947785,0.5750238,0.9059301,2.619247,0.5716703,0.6526647,2.580088,0.5653534,0.4688382,2.539731,0.5621765,0.4374193,2.556651,0.3908964,0.4814187,2.678377,0.3470958,0.1629112,2.5532,0.315523,-0.2178971,2.70001,0.4969418,0.4831358,2.629264,0.5299435,0.1760849,2.6185,0.5198988,-0.1719855,2.691409,0.4822987,0.9775411,2.68948
72057594038042242,0,0.613818,106254.3,0.4488907,0.4835008,2.684933,0.4933166,1.13929,2.653881,0.3533441,0.962213,2.761041,0.2065435,0.8393884,2.859048,0.06852736,0.7411253,2.926797,0.05349933,0.7321069,2.947785,0.5750238,0.9059301,2.619247,0.5716703,0.6526647,2.580088,0.5653534,0.4688382,2.539731,0.5621765,0.4374193,2.556651,0.3908964,0.4814187,2.678377,0.3470958,0.1629112,2.5532,0.315523,-0.2178971,2.70001,0.4969418,0.4831358,2.629264,0.5299435,0.1760849,2.6185,0.5198988,-0.1719855,2.691409,0.4822987,0.9775411,2.68948
72057594038042242,0,0.613818,106254.3,0.4488907,0.4835008,2.684933,0.4933166,1.13929,2.653881,0.3533441,0.962213,2.761041,0.2065435,0.8393884,2.859048,0.06852736,0.7411253,2.926797,0.05349933,0.7321069,2.947785,0.5750238,0.9059301,2.619247,0.5716703,0.6526647,2.580088,0.5653534,0.4688382,2.539731,0.5621765,0.4374193,2.556651,0.3908964,0.4814187,2.678377,0.3470958,0.1629112,2.5532,0.315523,-0.2178971,2.70001,0.4969418,0.4831358,2.629264,0.5299435,0.1760849,2.6185,0.5198988,-0.1719855,2.691409,0.4822987,0.9775411,2.68948
72057594038042242,0,0.613818,106254.3,0.4488907,0.4835008,2.684933,0.4933166,1.13929,2.653881,0.3533441,0.962213,2.761041,0.2065435,0.8393884,2.859048,0.06852736,0.7411253,2.926797,0.05349933,0.7321069,2.947785,0.5750238,0.9059301,2.619247,0.5716703,0.6526647,2.580088,0.5653534,0.4688382,2.539731,0.5621765,0.4374193,2.556651,0.3908964,0.4814187,2.678377,0.3470958,0.1629112,2.5532,0.315523,-0.2178971,2.70001,0.4969418,0.4831358,2.629264,0.5299435,0.1760849,2.6185,0.5198988,-0.1719855,2.691409,0.4822987,0.9775411,2.68948
72057594038042242,0,0.613818,106254.3,0.4488907,0.4835008,2.684933,0.4933166,1.13929,2.653881,0.3533441,0.962213,2.761041,0.2065435,0.8393884,2.859048,0.06852736,0.7411253,2.926797,0.05349933,0.7321069,2.947785,0.5750238,0.9059301,2.619247,0.5716703,0.6526647,2.580088,0.5653534,0.4688382,2.539731,0.5621765,0.4374193,2.556651,0.3908964,0.4814187,2.678377,0.3470958,0.1629112,2.5532,0.315523,-0.2178971,2.70001,0.4969418,0.4831358,2.629264,0.5299435,0.1760849,2.6185,0.5198988,-0.1719855,2.691409,0.4822987,0.9775411,2.68948
72057594038042242,0,0.613818,106254.3,0.4488907,0.4835008,2.684933,0.4933166,1.13929,2.653881,0.3533441,0.962213,2.761041,0.2065435,0.8393884,2.859048,0.06852736,0.7411253,2.926797,0.05349933,0.7321069,2.947785,0.5750238,0.9059301,2.619247,0.5716703,0.6526647,2.580088,0.5653534,0.4688382,2.539731,0.5621765,0.4374193,2.556651,0.3908964,0.4814187,2.678377,0.3470958,0.1629112,2.5532,0.315523,-0.2178971,2.70001,0.4969418,0.4831358,2.629264,0.5299435,0.1760849,2.6185,0.5198988,-0.1719855,2.691409,0.4822987,0.9775411,2.68948
72057594038042242,0,0.6171004,106254.3,0.4519782,0.4822584,2.68329,0.4963695,1.134533,2.655356,0.3514972,0.9624898,2.760518,0.2092071,0.8398083,2.862943,0.07147739,0.7418604,2.931583,0.05431823,0.7295246,2.954081,0.5751166,0.905968,2.619344,0.5749542,0.6526566,2.580784,0.569983,0.4536422,2.538,0.565504,0.4207143,2.554741,0.39353,0.4803622,2.676155,0.3500226,0.1659991,2.542034,0.3159848,-0.2137332,2.692477,0.5005096,0.4817233,2.628183,0.53246,0.1745619,2.617427,0.5220168,-0.1642684,2.693799,0.4863244,0.9754105,2.688139
72057594038042242,0,0.6171004,106254.3,0.4519782,0.4822584,2.68329,0.4963695,1.134533,2.655356,0.3514972,0.9624898,2.760518,0.2092071,0.8398083,2.862943,0.07147739,0.7418604,2.931583,0.05431823,0.7295246,2.954081,0.5751166,0.905968,2.619344,0.5749542,0.6526566,2.580784,0.569983,0.4536422,2.538,0.565504,0.4207143,2.554741,0.39353,0.4803622,2.676155,0.3500226,0.1659991,2.542034,0.3159848,-0.2137332,2.692477,0.5005096,0.4817233,2.628183,0.53246,0.1745619,2.617427,0.5220168,-0.1642684,2.693799,0.4863244,0.9754105,2.688139
72057594038042242,0,0.6171004,106254.3,0.4519782,0.4822584,2.68329,0.4963695,1.134533,2.655356,0.3514972,0.9624898,2.760518,0.2092071,0.8398083,2.862943,0.07147739,0.7418604,2.931583,0.05431823,0.7295246,2.954081,0.5751166,0.905968,2.619344,0.5749542,0.6526566,2.580784,0.569983,0.4536422,2.538,0.565504,0.4207143,2.554741,0.39353,0.4803622,2.676155,0.3500226,0.1659991,2.542034,0.3159848,-0.2137332,2.692477,0.5005096,0.4817233,2.628183,0.53246,0.1745619,2.617427,0.5220168,-0.1642684,2.693799,0.4863244,0.9754105,2.688139
72057594038042242,0,0.6171004,106254.3,0.4519782,0.4822584,2.68329,0.4963695,1.134533,2.655356,0.3514972,0.9624898,2.760518,0.2092071,0.8398083,2.862943,0.07147739,0.7418604,2.931583,0.05431823,0.7295246,2.954081,0.5751166,0.905968,2.619344,0.5749542,0.6526566,2.580784,0.569983,0.4536422,2.538,0.565504,0.4207143,2.554741,0.39353,0.4803622,2.676155,0.3500226,0.1659991,2.542034,0.3159848,-0.2137332,2.692477,0.5005096,0.4817233,2.628183,0.53246,0.1745619,2.617427,0.5220168,-0.1642684,2.693799,0.4863244,0.9754105,2.688139
72057594038042242,0,0.6171004,106254.3,0.4519782,0.4822584,2.68329,0.4963695,1.134533,2.655356,0.3514972,0.9624898,2.760518,0.2092071,0.8398083,2.862943,0.07147739,0.7418604,2.931583,0.05431823,0.7295246,2.954081,0.5751166,0.905968,2.619344,0.5749542,0.6526566,2.580784,0.569983,0.4536422,2.538,0.565504,0.4207143,2.554741,0.39353,0.4803622,2.676155,0.3500226,0.1659991,2.542034,0.3159848,-0.2137332,2.692477,0.5005096,0.4817233,2.628183,0.53246,0.1745619,2.617427,0.5220168,-0.1642684,2.693799,0.4863244,0.9754105,2.688139
72057594038042242,0,0.6171004,106254.4,0.4519782,0.4822584,2.68329,0.4963695,1.134533,2.655356,0.3514972,0.9624898,2.760518,0.2092071,0.8398083,2.862943,0.07147739,0.7418604,2.931583,0.05431823,0.7295246,2.954081,0.5751166,0.905968,2.619344,0.5749542,0.6526566,2.580784,0.569983,0.4536422,2.538,0.565504,0.4207143,2.554741,0.39353,0.4803622,2.676155,0.3500226,0.1659991,2.542034,0.3159848,-0.2137332,2.692477,0.5005096,0.4817233,2.628183,0.53246,0.1745619,2.617427,0.5220168,-0.1642684,2.693799,0.4863244,0.9754105,2.688139
72057594038042242,0,0.6171004,106254.4,0.4519782,0.4822584,2.68329,0.4963695,1.134533,2.655356,0.3514972,0.9624898,2.760518,0.2092071,0.8398083,2.862943,0.07147739,0.7418604,2.931583,0.05431823,0.7295246,2.954081,0.5751166,0.905968,2.619344,0.5749542,0.6526566,2.580784,0.569983,0.4536422,2.538,0.565504,0.4207143,2.554741,0.39353,0.4803622,2.676155,0.3500226,0.1659991,2.542034,0.3159848,-0.2137332,2.692477,0.5005096,0.4817233,2.628183,0.53246,0.1745619,2.617427,0.5220168,-0.1642684,2.693799,0.4863244,0.9754105,2.688139
72057594038042242,0,0.6171004,106254.4,0.4519782,0.4822584,2.68329,0.4963695,1.134533,2.655356,0.3514972,0.9624898,2.760518,0.2092071,0.8398083,2.862943,0.07147739,0.7418604,2.931583,0.05431823,0.7295246,2.954081,0.5751166,0.905968,2.619344,0.5749542,0.6526566,2.580784,0.569983,0.4536422,2.538,0.565504,0.4207143,2.554741,0.39353,0.4803622,2.676155,0.3500226,0.1659991,2.542034,0.3159848,-0.2137332,2.692477,0.5005096,0.4817233,2.628183,0.53246,0.1745619,2.617427,0.5220168,-0.1642684,2.693799,0.4863244,0.9754105,2.688139
72057594038042242,0,0.6171004,106254.4,0.4519782,0.4822584,2.68329,0.4963695,1.134533,2.655356,0.3514972,0.9624898,2.760518,0.2092071,0.8398083,2.862943,0.07147739,0.7418604,2.931583,0.05431823,0.7295246,2.954081,0.5751166,0.905968,2.619344,0.5749542,0.6526566,2.580784,0.569983,0.4536422,2.538,0.565504,0.4207143,2.554741,0.39353,0.4803622,2.676155,0.3500226,0.1659991,2.542034,0.3159848,-0.2137332,2.692477,0.5005096,0.4817233,2.628183,0.53246,0.1745619,2.617427,0.5220168,-0.1642684,2.693799,0.4863244,0.9754105,2.688139
72057594038042242,0,0.6202844,106254.4,0.4537367,0.479753,2.680576,0.499907,1.131047,2.653452,0.3507449,0.9627893,2.75994,0.2127253,0.8410771,2.863202,0.077039,0.7455928,2.938049,0.05357886,0.7300259,2.964526,0.5747033,0.9023753,2.619565,0.5758972,0.6491036,2.580956,0.5960597,0.4666322,2.540382,0.5801522,0.4309282,2.551871,0.3951767,0.478216,2.673559,0.353603,0.1673096,2.532171,0.3186763,-0.2085624,2.681247,0.5022663,0.4789633,2.62539,0.5325446,0.1719058,2.617792,0.5218447,-0.1755148,2.692646,0.4879906,0.9739993,2.687353
72057594038042242,0,0.6202844,106254.4,0.4537367,0.479753,2.680576,0.499907,1.131047,2.653452,0.3507449,0.9627893,2.75994,0.2127253,0.8410771,2.863202,0.077039,0.7455928,2.938049,0.05357886,0.7300259,2.964526,0.5747033,0.9023753,2.619565,0.5758972,0.6491036,2.580956,0.5960597,0.4666322,2.540382,0.5801522,0.4309282,2.551871,0.3951767,0.478216,2.673559,0.353603,0.1673096,2.532171,0.3186763,-0.2085624,2.681247,0.5022663,0.4789633,2.62539,0.5325446,0.1719058,2.617792,0.5218447,-0.1755148,2.692646,0.4879906,0.9739993,2.687353
72057594038042242,0,0.6202844,106254.4,0.4537367,0.479753,2.680576,0.499907,1.131047,2.653452,0.3507449,0.9627893,2.75994,0.2127253,0.8410771,2.863202,0.077039,0.7455928,2.938049,0.05357886,0.7300259,2.964526,0.5747033,0.9023753,2.619565,0.5758972,0.6491036,2.580956,0.5960597,0.4666322,2.540382,0.5801522,0.4309282,2.551871,0.3951767,0.478216,2.673559,0.353603,0.1673096,2.532171,0.3186763,-0.2085624,2.681247,0.5022663,0.4789633,2.62539,0.5325446,0.1719058,2.617792,0.5218447,-0.1755148,2.692646,0.4879906,0.9739993,2.687353
72057594038042242,0,0.6202844,106254.4,0.4537367,0.479753,2.680576,0.499907,1.131047,2.653452,0.3507449,0.9627893,2.75994,0.2127253,0.8410771,2.863202,0.077039,0.7455928,2.938049,0.05357886,0.7300259,2.964526,0.5747033,0.9023753,2.619565,0.5758972,0.6491036,2.580956,0.5960597,0.4666322,2.540382,0.5801522,0.4309282,2.551871,0.3951767,0.478216,2.673559,0.353603,0.1673096,2.532171,0.3186763,-0.2085624,2.681247,0.5022663,0.4789633,2.62539,0.5325446,0.1719058,2.617792,0.5218447,-0.1755148,2.692646,0.4879906,0.9739993,2.687353
72057594038042242,0,0.6202844,106254.4,0.4537367,0.479753,2.680576,0.499907,1.131047,2.653452,0.3507449,0.9627893,2.75994,0.2127253,0.8410771,2.863202,0.077039,0.7455928,2.938049,0.05357886,0.7300259,2.964526,0.5747033,0.9023753,2.619565,0.5758972,0.6491036,2.580956,0.5960597,0.4666322,2.540382,0.5801522,0.4309282,2.551871,0.3951767,0.478216,2.673559,0.353603,0.1673096,2.532171,0.3186763,-0.2085624,2.681247,0.5022663,0.4789633,2.62539,0.5325446,0.1719058,2.617792,0.5218447,-0.1755148,2.692646,0.4879906,0.9739993,2.687353
72057594038042242,0,0.6202844,106254.4,0.4537367,0.479753,2.680576,0.499907,1.131047,2.653452,0.3507449,0.9627893,2.75994,0.2127253,0.8410771,2.863202,0.077039,0.7455928,2.938049,0.05357886,0.7300259,2.964526,0.5747033,0.9023753,2.619565,0.5758972,0.6491036,2.580956,0.5960597,0.4666322,2.540382,0.5801522,0.4309282,2.551871,0.3951767,0.478216,2.673559,0.353603,0.1673096,2.532171,0.3186763,-0.2085624,2.681247,0.5022663,0.4789633,2.62539,0.5325446,0.1719058,2.617792,0.5218447,-0.1755148,2.692646,0.4879906,0.9739993,2.687353
72057594038042242,0,0.6202844,106254.4,0.4537367,0.479753,2.680576,0.499907,1.131047,2.653452,0.3507449,0.9627893,2.75994,0.2127253,0.8410771,2.863202,0.077039,0.7455928,2.938049,0.05357886,0.7300259,2.964526,0.5747033,0.9023753,2.619565,0.5758972,0.6491036,2.580956,0.5960597,0.4666322,2.540382,0.5801522,0.4309282,2.551871,0.3951767,0.478216,2.673559,0.353603,0.1673096,2.532171,0.3186763,-0.2085624,2.681247,0.5022663,0.4789633,2.62539,0.5325446,0.1719058,2.617792,0.5218447,-0.1755148,2.692646,0.4879906,0.9739993,2.687353
72057594038042242,0,0.6202844,106254.4,0.4537367,0.479753,2.680576,0.499907,1.131047,2.653452,0.3507449,0.9627893,2.75994,0.2127253,0.8410771,2.863202,0.077039,0.7455928,2.938049,0.05357886,0.7300259,2.964526,0.5747033,0.9023753,2.619565,0.5758972,0.6491036,2.580956,0.5960597,0.4666322,2.540382,0.5801522,0.4309282,2.551871,0.3951767,0.478216,2.673559,0.353603,0.1673096,2.532171,0.3186763,-0.2085624,2.681247,0.5022663,0.4789633,2.62539,0.5325446,0.1719058,2.617792,0.5218447,-0.1755148,2.692646,0.4879906,0.9739993,2.687353
72057594038042242,0,0.6202844,106254.4,0.4537367,0.479753,2.680576,0.499907,1.131047,2.653452,0.3507449,0.9627893,2.75994,0.2127253,0.8410771,2.863202,0.077039,0.7455928,2.938049,0.05357886,0.7300259,2.964526,0.5747033,0.9023753,2.619565,0.5758972,0.6491036,2.580956,0.5960597,0.4666322,2.540382,0.5801522,0.4309282,2.551871,0.3951767,0.478216,2.673559,0.353603,0.1673096,2.532171,0.3186763,-0.2085624,2.681247,0.5022663,0.4789633,2.62539,0.5325446,0.1719058,2.617792,0.5218447,-0.1755148,2.692646,0.4879906,0.9739993,2.687353
72057594038042242,0,0.6202844,106254.4,0.4537367,0.479753,2.680576,0.499907,1.131047,2.653452,0.3507449,0.9627893,2.75994,0.2127253,0.8410771,2.863202,0.077039,0.7455928,2.938049,0.05357886,0.7300259,2.964526,0.5747033,0.9023753,2.619565,0.5758972,0.6491036,2.580956,0.5960597,0.4666322,2.540382,0.5801522,0.4309282,2.551871,0.3951767,0.478216,2.673559,0.353603,0.1673096,2.532171,0.3186763,-0.2085624,2.681247,0.5022663,0.4789633,2.62539,0.5325446,0.1719058,2.617792,0.5218447,-0.1755148,2.692646,0.4879906,0.9739993,2.687353
72057594038042242,0,0.6235403,106254.4,0.4559208,0.4777193,2.677392,0.50271,1.127864,2.650644,0.3500062,0.9630258,2.75961,0.2140974,0.8419743,2.864548,0.07944766,0.7471538,2.941715,0.05464532,0.7315906,2.972647,0.5746692,0.9024822,2.619646,0.5778005,0.6493102,2.580432,0.5760969,0.4651814,2.541697,0.5701854,0.4263457,2.551399,0.3966252,0.4775623,2.67143,0.3576982,0.1685132,2.523736,0.3292115,-0.1945118,2.657848,0.5052899,0.4750293,2.620852,0.5331687,0.1681216,2.617104,0.5217981,-0.17235,2.692826,0.4887778,0.9734339,2.686991
72057594038042242,0,0.6235403,106254.4,0.4559208,0.4777193,2.677392,0.50271,1.127864,2.650644,0.3500062,0.9630258,2.75961,0.2140974,0.8419743,2.864548,0.07944766,0.7471538,2.941715,0.05464532,0.7315906,2.972647,0.5746692,0.9024822,2.619646,0.5778005,0.6493102,2.580432,0.5760969,0.4651814,2.541697,0.5701854,0.4263457,2.551399,0.3966252,0.4775623,2.67143,0.3576982,0.1685132,2.523736,0.3292115,-0.1945118,2.657848,0.5052899,0.4750293,2.620852,0.5331687,0.1681216,2.617104,0.5217981,-0.17235,2.692826,0.4887778,0.9734339,2.686991
72057594038042242,0,0.6235403,106254.4,0.4559208,0.4777193,2.677392,0.50271,1.127864,2.650644,0.3500062,0.9630258,2.75961,0.2140974,0.8419743,2.864548,0.07944766,0.7471538,2.941715,0.05464532,0.7315906,2.972647,0.5746692,0.9024822,2.619646,0.5778005,0.6493102,2.580432,0.5760969,0.4651814,2.541697,0.5701854,0.4263457,2.551399,0.3966252,0.4775623,2.67143,0.3576982,0.1685132,2.523736,0.3292115,-0.1945118,2.657848,0.5052899,0.4750293,2.620852,0.5331687,0.1681216,2.617104,0.5217981,-0.17235,2.692826,0.4887778,0.9734339,2.686991
72057594038042242,0,0.6235403,106254.4,0.4559208,0.4777193,2.677392,0.50271,1.127864,2.650644,0.3500062,0.9630258,2.75961,0.2140974,0.8419743,2.864548,0.07944766,0.7471538,2.941715,0.05464532,0.7315906,2.972647,0.5746692,0.9024822,2.619646,0.5778005,0.6493102,2.580432,0.5760969,0.4651814,2.541697,0.5701854,0.4263457,2.551399,0.3966252,0.4775623,2.67143,0.3576982,0.1685132,2.523736,0.3292115,-0.1945118,2.657848,0.5052899,0.4750293,2.620852,0.5331687,0.1681216,2.617104,0.5217981,-0.17235,2.692826,0.4887778,0.9734339,2.686991
72057594038042242,0,0.6235403,106254.4,0.4559208,0.4777193,2.677392,0.50271,1.127864,2.650644,0.3500062,0.9630258,2.75961,0.2140974,0.8419743,2.864548,0.07944766,0.7471538,2.941715,0.05464532,0.7315906,2.972647,0.5746692,0.9024822,2.619646,0.5778005,0.6493102,2.580432,0.5760969,0.4651814,2.541697,0.5701854,0.4263457,2.551399,0.3966252,0.4775623,2.67143,0.3576982,0.1685132,2.523736,0.3292115,-0.1945118,2.657848,0.5052899,0.4750293,2.620852,0.5331687,0.1681216,2.617104,0.5217981,-0.17235,2.692826,0.4887778,0.9734339,2.686991
72057594038042242,0,0.6235403,106254.4,0.4559208,0.4777193,2.677392,0.50271,1.127864,2.650644,0.3500062,0.9630258,2.75961,0.2140974,0.8419743,2.864548,0.07944766,0.7471538,2.941715,0.05464532,0.7315906,2.972647,0.5746692,0.9024822,2.619646,0.5778005,0.6493102,2.580432,0.5760969,0.4651814,2.541697,0.5701854,0.4263457,2.551399,0.3966252,0.4775623,2.67143,0.3576982,0.1685132,2.523736,0.3292115,-0.1945118,2.657848,0.5052899,0.4750293,2.620852,0.5331687,0.1681216,2.617104,0.5217981,-0.17235,2.692826,0.4887778,0.9734339,2.686991
72057594038042242,0,0.6235403,106254.4,0.4559208,0.4777193,2.677392,0.50271,1.127864,2.650644,0.3500062,0.9630258,2.75961,0.2140974,0.8419743,2.864548,0.07944766,0.7471538,2.941715,0.05464532,0.7315906,2.972647,0.5746692,0.9024822,2.619646,0.5778005,0.6493102,2.580432,0.5760969,0.4651814,2.541697,0.5701854,0.4263457,2.551399,0.3966252,0.4775623,2.67143,0.3576982,0.1685132,2.523736,0.3292115,-0.1945118,2.657848,0.5052899,0.4750293,2.620852,0.5331687,0.1681216,2.617104,0.5217981,-0.17235,2.692826,0.4887778,0.9734339,2.686991
72057594038042242,0,0.6235403,106254.4,0.4559208,0.4777193,2.677392,0.50271,1.127864,2.650644,0.3500062,0.9630258,2.75961,0.2140974,0.8419743,2.864548,0.07944766,0.7471538,2.941715,0.05464532,0.7315906,2.972647,0.5746692,0.9024822,2.619646,0.5778005,0.6493102,2.580432,0.5760969,0.4651814,2.541697,0.5701854,0.4263457,2.551399,0.3966252,0.4775623,2.67143,0.3576982,0.1685132,2.523736,0.3292115,-0.1945118,2.657848,0.5052899,0.4750293,2.620852,0.5331687,0.1681216,2.617104,0.5217981,-0.17235,2.692826,0.4887778,0.9734339,2.686991
72057594038042242,0,0.6235403,106254.4,0.4559208,0.4777193,2.677392,0.50271,1.127864,2.650644,0.3500062,0.9630258,2.75961,0.2140974,0.8419743,2.864548,0.07944766,0.7471538,2.941715,0.05464532,0.7315906,2.972647,0.5746692,0.9024822,2.619646,0.5778005,0.6493102,2.580432,0.5760969,0.4651814,2.541697,0.5701854,0.4263457,2.551399,0.3966252,0.4775623,2.67143,0.3576982,0.1685132,2.523736,0.3292115,-0.1945118,2.657848,0.5052899,0.4750293,2.620852,0.5331687,0.1681216,2.617104,0.5217981,-0.17235,2.692826,0.4887778,0.9734339,2.686991
72057594038042242,0,0.6235403,106254.4,0.4559208,0.4777193,2.677392,0.50271,1.127864,2.650644,0.3500062,0.9630258,2.75961,0.2140974,0.8419743,2.864548,0.07944766,0.7471538,2.941715,0.05464532,0.7315906,2.972647,0.5746692,0.9024822,2.619646,0.5778005,0.6493102,2.580432,0.5760969,0.4651814,2.541697,0.5701854,0.4263457,2.551399,0.3966252,0.4775623,2.67143,0.3576982,0.1685132,2.523736,0.3292115,-0.1945118,2.657848,0.5052899,0.4750293,2.620852,0.5331687,0.1681216,2.617104,0.5217981,-0.17235,2.692826,0.4887778,0.9734339,2.686991
72057594038042242,0,0.6235403,106254.4,0.4559208,0.4777193,2.677392,0.50271,1.127864,2.650644,0.3500062,0.9630258,2.75961,0.2140974,0.8419743,2.864548,0.07944766,0.7471538,2.941715,0.05464532,0.7315906,2.972647,0.5746692,0.9024822,2.619646,0.5778005,0.6493102,2.580432,0.5760969,0.4651814,2.541697,0.5701854,0.4263457,2.551399,0.3966252,0.4775623,2.67143,0.3576982,0.1685132,2.523736,0.3292115,-0.1945118,2.657848,0.5052899,0.4750293,2.620852,0.5331687,0.1681216,2.617104,0.5217981,-0.17235,2.692826,0.4887778,0.9734339,2.686991
72057594038042242,0,0.6266021,106254.4,0.4585777,0.4764935,2.674679,0.5085009,1.126192,2.647713,0.3497399,0.9632446,2.758999,0.221863,0.8475915,2.863397,0.08720706,0.7525767,2.940421,0.05254227,0.7311041,2.977431,0.5746757,0.9026015,2.619669,0.5785453,0.6494821,2.580122,0.5721862,0.4650795,2.543493,0.5609823,0.4206495,2.549303,0.3992968,0.4772948,2.66803,0.3608987,0.167731,2.519502,0.3369867,-0.1864012,2.640743,0.5078591,0.4730821,2.618806,0.5330595,0.1660359,2.616237,0.5231156,-0.1614776,2.694,0.4897168,0.9728121,2.686478
72057594038042242,0,0.6266021,106254.4,0.4585777,0.4764935,2.674679,0.5085009,1.126192,2.647713,0.3497399,0.9632446,2.758999,0.221863,0.8475915,2.863397,0.08720706,0.7525767,2.940421,0.05254227,0.7311041,2.977431,0.5746757,0.9026015,2.619669,0.5785453,0.6494821,2.580122,0.5721862,0.4650795,2.543493,0.5609823,0.4206495,2.549303,0.3992968,0.4772948,2.66803,0.3608987,0.167731,2.519502,0.3369867,-0.1864012,2.640743,0.5078591,0.4730821,2.618806,0.5330595,0.1660359,2.616237,0.5231156,-0.1614776,2.694,0.4897168,0.9728121,2.686478
72057594038042242,0,0.6266021,106254.4,0.4585777,0.4764935,2.674679,0.5085009,1.126192,2.647713,0.3497399,0.9632446,2.758999,0.221863,0.8475915,2.863397,0.08720706,0.7525767,2.940421,0.05254227,0.7311041,2.977431,0.5746757,0.9026015,2.619669,0.5785453,0.6494821,2.580122,0.5721862,0.4650795,2.543493,0.5609823,0.4206495,2.549303,0.3992968,0.4772948,2.66803,0.3608987,0.167731,2.519502,0.3369867,-0.1864012,2.640743,0.5078591,0.4730821,2.618806,0.5330595,0.1660359,2.616237,0.5231156,-0.1614776,2.694,0.4897168,0.9728121,2.686478
72057594038042242,0,0.6266021,106254.4,0.4585777,0.4764935,2.674679,0.5085009,1.126192,2.647713,0.3497399,0.9632446,2.758999,0.221863,0.8475915,2.863397,0.08720706,0.7525767,2.940421,0.05254227,0.7311041,2.977431,0.5746757,0.9026015,2.619669,0.5785453,0.6494821,2.580122,0.5721862,0.4650795,2.543493,0.5609823,0.4206495,2.549303,0.3992968,0.4772948,2.66803,0.3608987,0.167731,2.519502,0.3369867,-0.1864012,2.640743,0.5078591,0.4730821,2.618806,0.5330595,0.1660359,2.616237,0.5231156,-0.1614776,2.694,0.4897168,0.9728121,2.686478
72057594038042242,0,0.6266021,106254.4,0.4585777,0.4764935,2.674679,0.5085009,1.126192,2.647713,0.3497399,0.9632446,2.758999,0.221863,0.8475915,2.863397,0.08720706,0.7525767,2.940421,0.05254227,0.7311041,2.977431,0.5746757,0.9026015,2.619669,0.5785453,0.6494821,2.580122,0.5721862,0.4650795,2.543493,0.5609823,0.4206495,2.549303,0.3992968,0.4772948,2.66803,0.3608987,0.167731,2.519502,0.3369867,-0.1864012,2.640743,0.5078591,0.4730821,2.618806,0.5330595,0.1660359,2.616237,0.5231156,-0.1614776,2.694,0.4897168,0.9728121,2.686478
72057594038042242,0,0.6266021,106254.4,0.4585777,0.4764935,2.674679,0.5085009,1.126192,2.647713,0.3497399,0.9632446,2.758999,0.221863,0.8475915,2.863397,0.08720706,0.7525767,2.940421,0.05254227,0.7311041,2.977431,0.5746757,0.9026015,2.619669,0.5785453,0.6494821,2.580122,0.5721862,0.4650795,2.543493,0.5609823,0.4206495,2.549303,0.3992968,0.4772948,2.66803,0.3608987,0.167731,2.519502,0.3369867,-0.1864012,2.640743,0.5078591,0.4730821,2.618806,0.5330595,0.1660359,2.616237,0.5231156,-0.1614776,2.694,0.4897168,0.9728121,2.686478
72057594038042242,0,0.6266021,106254.5,0.4585777,0.4764935,2.674679,0.5085009,1.126192,2.647713,0.3497399,0.9632446,2.758999,0.221863,0.8475915,2.863397,0.08720706,0.7525767,2.940421,0.05254227,0.7311041,2.977431,0.5746757,0.9026015,2.619669,0.5785453,0.6494821,2.580122,0.5721862,0.4650795,2.543493,0.5609823,0.4206495,2.549303,0.3992968,0.4772948,2.66803,0.3608987,0.167731,2.519502,0.3369867,-0.1864012,2.640743,0.5078591,0.4730821,2.618806,0.5330595,0.1660359,2.616237,0.5231156,-0.1614776,2.694,0.4897168,0.9728121,2.686478
72057594038042242,0,0.6266021,106254.5,0.4585777,0.4764935,2.674679,0.5085009,1.126192,2.647713,0.3497399,0.9632446,2.758999,0.221863,0.8475915,2.863397,0.08720706,0.7525767,2.940421,0.05254227,0.7311041,2.977431,0.5746757,0.9026015,2.619669,0.5785453,0.6494821,2.580122,0.5721862,0.4650795,2.543493,0.5609823,0.4206495,2.549303,0.3992968,0.4772948,2.66803,0.3608987,0.167731,2.519502,0.3369867,-0.1864012,2.640743,0.5078591,0.4730821,2.618806,0.5330595,0.1660359,2.616237,0.5231156,-0.1614776,2.694,0.4897168,0.9728121,2.686478
72057594038042242,0,0.6266021,106254.5,0.4585777,0.4764935,2.674679,0.5085009,1.126192,2.647713,0.3497399,0.9632446,2.758999,0.221863,0.8475915,2.863397,0.08720706,0.7525767,2.940421,0.05254227,0.7311041,2.977431,0.5746757,0.9026015,2.619669,0.5785453,0.6494821,2.580122,0.5721862,0.4650795,2.543493,0.5609823,0.4206495,2.549303,0.3992968,0.4772948,2.66803,0.3608987,0.167731,2.519502,0.3369867,-0.1864012,2.640743,0.5078591,0.4730821,2.618806,0.5330595,0.1660359,2.616237,0.5231156,-0.1614776,2.694,0.4897168,0.9728121,2.686478
72057594038042242,0,0.6286642,106254.5,0.4593866,0.4750136,2.669727,0.5111815,1.124063,2.646473,0.3495454,0.9636194,2.758071,0.2263716,0.8507066,2.861573,0.08994458,0.7640515,2.944199,0.03776551,0.7265313,2.994245,0.5746691,0.9026933,2.619525,0.5825477,0.6498734,2.578476,0.5712625,0.4655831,2.542305,0.5624367,0.4233639,2.54575,0.4013876,0.4722108,2.661726,0.3706469,0.1509442,2.518896,0.3424932,-0.2009165,2.612675,0.5077057,0.4742683,2.614254,0.5327454,0.1675497,2.614894,0.5226582,-0.1640118,2.692929,0.4904459,0.9721227,2.685748
72057594038042242,0,0.6286642,106254.5,0.4593866,0.4750136,2.669727,0.5111815,1.124063,2.646473,0.3495454,0.9636194,2.758071,0.2263716,0.8507066,2.861573,0.08994458,0.7640515,2.944199,0.03776551,0.7265313,2.994245,0.5746691,0.9026933,2.619525,0.5825477,0.6498734,2.578476,0.5712625,0.4655831,2.542305,0.5624367,0.4233639,2.54575,0.4013876,0.4722108,2.661726,0.3706469,0.1509442,2.518896,0.3424932,-0.2009165,2.612675,0.5077057,0.4742683,2.614254,0.5327454,0.1675497,2.614894,0.5226582,-0.1640118,2.692929,0.4904459,0.9721227,2.685748
72057594038042242,0,0.6286642,106254.5,0.4593866,0.4750136,2.669727,0.5111815,1.124063,2.646473,0.3495454,0.9636194,2.758071,0.2263716,0.8507066,2.861573,0.08994458,0.7640515,2.944199,0.03776551,0.7265313,2.994245,0.5746691,0.9026933,2.619525,0.5825477,0.6498734,2.578476,0.5712625,0.4655831,2.542305,0.5624367,0.4233639,2.54575,0.4013876,0.4722108,2.661726,0.3706469,0.1509442,2.518896,0.3424932,-0.2009165,2.612675,0.5077057,0.4742683,2.614254,0.5327454,0.1675497,2.614894,0.5226582,-0.1640118,2.692929,0.4904459,0.9721227,2.685748
72057594038042242,0,0.6286642,106254.5,0.4593866,0.4750136,2.669727,0.5111815,1.124063,2.646473,0.3495454,0.9636194,2.758071,0.2263716,0.8507066,2.861573,0.08994458,0.7640515,2.944199,0.03776551,0.7265313,2.994245,0.5746691,0.9026933,2.619525,0.5825477,0.6498734,2.578476,0.5712625,0.4655831,2.542305,0.5624367,0.4233639,2.54575,0.4013876,0.4722108,2.661726,0.3706469,0.1509442,2.518896,0.3424932,-0.2009165,2.612675,0.5077057,0.4742683,2.614254,0.5327454,0.1675497,2.614894,0.5226582,-0.1640118,2.692929,0.4904459,0.9721227,2.685748
72057594038042242,0,0.6286642,106254.5,0.4593866,0.4750136,2.669727,0.5111815,1.124063,2.646473,0.3495454,0.9636194,2.758071,0.2263716,0.8507066,2.861573,0.08994458,0.7640515,2.944199,0.03776551,0.7265313,2.994245,0.5746691,0.9026933,2.619525,0.5825477,0.6498734,2.578476,0.5712625,0.4655831,2.542305,0.5624367,0.4233639,2.54575,0.4013876,0.4722108,2.661726,0.3706469,0.1509442,2.518896,0.3424932,-0.2009165,2.612675,0.5077057,0.4742683,2.614254,0.5327454,0.1675497,2.614894,0.5226582,-0.1640118,2.692929,0.4904459,0.9721227,2.685748
72057594038042242,0,0.6286642,106254.5,0.4593866,0.4750136,2.669727,0.5111815,1.124063,2.646473,0.3495454,0.9636194,2.758071,0.2263716,0.8507066,2.861573,0.08994458,0.7640515,2.944199,0.03776551,0.7265313,2.994245,0.5746691,0.9026933,2.619525,0.5825477,0.6498734,2.578476,0.5712625,0.4655831,2.542305,0.5624367,0.4233639,2.54575,0.4013876,0.4722108,2.661726,0.3706469,0.1509442,2.518896,0.3424932,-0.2009165,2.612675,0.5077057,0.4742683,2.614254,0.5327454,0.1675497,2.614894,0.5226582,-0.1640118,2.692929,0.4904459,0.9721227,2.685748
72057594038042242,0,0.6286642,106254.5,0.4593866,0.4750136,2.669727,0.5111815,1.124063,2.646473,0.3495454,0.9636194,2.758071,0.2263716,0.8507066,2.861573,0.08994458,0.7640515,2.944199,0.03776551,0.7265313,2.994245,0.5746691,0.9026933,2.619525,0.5825477,0.6498734,2.578476,0.5712625,0.4655831,2.542305,0.5624367,0.4233639,2.54575,0.4013876,0.4722108,2.661726,0.3706469,0.1509442,2.518896,0.3424932,-0.2009165,2.612675,0.5077057,0.4742683,2.614254,0.5327454,0.1675497,2.614894,0.5226582,-0.1640118,2.692929,0.4904459,0.9721227,2.685748
72057594038042242,0,0.6286642,106254.5,0.4593866,0.4750136,2.669727,0.5111815,1.124063,2.646473,0.3495454,0.9636194,2.758071,0.2263716,0.8507066,2.861573,0.08994458,0.7640515,2.944199,0.03776551,0.7265313,2.994245,0.5746691,0.9026933,2.619525,0.5825477,0.6498734,2.578476,0.5712625,0.4655831,2.542305,0.5624367,0.4233639,2.54575,0.4013876,0.4722108,2.661726,0.3706469,0.1509442,2.518896,0.3424932,-0.2009165,2.612675,0.5077057,0.4742683,2.614254,0.5327454,0.1675497,2.614894,0.5226582,-0.1640118,2.692929,0.4904459,0.9721227,2.685748
72057594038042242,0,0.6286642,106254.5,0.4593866,0.4750136,2.669727,0.5111815,1.124063,2.646473,0.3495454,0.9636194,2.758071,0.2263716,0.8507066,2.861573,0.08994458,0.7640515,2.944199,0.03776551,0.7265313,2.994245,0.5746691,0.9026933,2.619525,0.5825477,0.6498734,2.578476,0.5712625,0.4655831,2.542305,0.5624367,0.4233639,2.54575,0.4013876,0.4722108,2.661726,0.3706469,0.1509442,2.518896,0.3424932,-0.2009165,2.612675,0.5077057,0.4742683,2.614254,0.5327454,0.1675497,2.614894,0.5226582,-0.1640118,2.692929,0.4904459,0.9721227,2.685748
72057594038042242,0,0.6286642,106254.5,0.4593866,0.4750136,2.669727,0.5111815,1.124063,2.646473,0.3495454,0.9636194,2.758071,0.2263716,0.8507066,2.861573,0.08994458,0.7640515,2.944199,0.03776551,0.7265313,2.994245,0.5746691,0.9026933,2.619525,0.5825477,0.6498734,2.578476,0.5712625,0.4655831,2.542305,0.5624367,0.4233639,2.54575,0.4013876,0.4722108,2.661726,0.3706469,0.1509442,2.518896,0.3424932,-0.2009165,2.612675,0.5077057,0.4742683,2.614254,0.5327454,0.1675497,2.614894,0.5226582,-0.1640118,2.692929,0.4904459,0.9721227,2.685748
72057594038042242,0,0.6286642,106254.5,0.4593866,0.4750136,2.669727,0.5111815,1.124063,2.646473,0.3495454,0.9636194,2.758071,0.2263716,0.8507066,2.861573,0.08994458,0.7640515,2.944199,0.03776551,0.7265313,2.994245,0.5746691,0.9026933,2.619525,0.5825477,0.6498734,2.578476,0.5712625,0.4655831,2.542305,0.5624367,0.4233639,2.54575,0.4013876,0.4722108,2.661726,0.3706469,0.1509442,2.518896,0.3424932,-0.2009165,2.612675,0.5077057,0.4742683,2.614254,0.5327454,0.1675497,2.614894,0.5226582,-0.1640118,2.692929,0.4904459,0.9721227,2.685748
72057594038042242,0,0.6302988,106254.5,0.4605739,0.4741521,2.668013,0.5174869,1.129298,2.623079,0.3547171,0.9646387,2.753659,0.2260488,0.8510415,2.862068,0.08955031,0.765376,2.945477,0.04204551,0.7305551,2.991181,0.5746465,0.9028365,2.619376,0.5849173,0.6504147,2.575847,0.5716981,0.4659859,2.541398,0.5597492,0.4215692,2.543339,0.4020218,0.4711304,2.660971,0.3731652,0.1481056,2.5171,0.3493555,-0.2034466,2.590515,0.509384,0.4741918,2.611644,0.5339237,0.1674917,2.612874,0.5225576,-0.1636475,2.692577,0.491941,0.9707194,2.683893
72057594038042242,0,0.6302988,106254.5,0.4605739,0.4741521,2.668013,0.5174869,1.129298,2.623079,0.3547171,0.9646387,2.753659,0.2260488,0.8510415,2.862068,0.08955031,0.765376,2.945477,0.04204551,0.7305551,2.991181,0.5746465,0.9028365,2.619376,0.5849173,0.6504147,2.575847,0.5716981,0.4659859,2.541398,0.5597492,0.4215692,2.543339,0.4020218,0.4711304,2.660971,0.3731652,0.1481056,2.5171,0.3493555,-0.2034466,2.590515,0.509384,0.4741918,2.611644,0.5339237,0.1674917,2.612874,0.5225576,-0.1636475,2.692577,0.491941,0.9707194,2.683893
72057594038042242,0,0.6302988,106254.5,0.4605739,0.4741521,2.668013,0.5174869,1.129298,2.623079,0.3547171,0.9646387,2.753659,0.2260488,0.8510415,2.862068,0.08955031,0.765376,2.945477,0.04204551,0.7305551,2.991181,0.5746465,0.9028365,2.619376,0.5849173,0.6504147,2.575847,0.5716981,0.4659859,2.541398,0.5597492,0.4215692,2.543339,0.4020218,0.4711304,2.660971,0.3731652,0.1481056,2.5171,0.3493555,-0.2034466,2.590515,0.509384,0.4741918,2.611644,0.5339237,0.1674917,2.612874,0.5225576,-0.1636475,2.692577,0.491941,0.9707194,2.683893
72057594038042242,0,0.6302988,106254.5,0.4605739,0.4741521,2.668013,0.5174869,1.129298,2.623079,0.3547171,0.9646387,2.753659,0.2260488,0.8510415,2.862068,0.08955031,0.765376,2.945477,0.04204551,0.7305551,2.991181,0.5746465,0.9028365,2.619376,0.5849173,0.6504147,2.575847,0.5716981,0.4659859,2.541398,0.5597492,0.4215692,2.543339,0.4020218,0.4711304,2.660971,0.3731652,0.1481056,2.5171,0.3493555,-0.2034466,2.590515,0.509384,0.4741918,2.611644,0.5339237,0.1674917,2.612874,0.5225576,-0.1636475,2.692577,0.491941,0.9707194,2.683893
72057594038042242,0,0.6302988,106254.5,0.4605739,0.4741521,2.668013,0.5174869,1.129298,2.623079,0.3547171,0.9646387,2.753659,0.2260488,0.8510415,2.862068,0.08955031,0.765376,2.945477,0.04204551,0.7305551,2.991181,0.5746465,0.9028365,2.619376,0.5849173,0.6504147,2.575847,0.5716981,0.4659859,2.541398,0.5597492,0.4215692,2.543339,0.4020218,0.4711304,2.660971,0.3731652,0.1481056,2.5171,0.3493555,-0.2034466,2.590515,0.509384,0.4741918,2.611644,0.5339237,0.1674917,2.612874,0.5225576,-0.1636475,2.692577,0.491941,0.9707194,2.683893
72057594038042242,0,0.6302988,106254.5,0.4605739,0.4741521,2.668013,0.5174869,1.129298,2.623079,0.3547171,0.9646387,2.753659,0.2260488,0.8510415,2.862068,0.08955031,0.765376,2.945477,0.04204551,0.7305551,2.991181,0.5746465,0.9028365,2.619376,0.5849173,0.6504147,2.575847,0.5716981,0.4659859,2.541398,0.5597492,0.4215692,2.543339,0.4020218,0.4711304,2.660971,0.3731652,0.1481056,2.5171,0.3493555,-0.2034466,2.590515,0.509384,0.4741918,2.611644,0.5339237,0.1674917,2.612874,0.5225576,-0.1636475,2.692577,0.491941,0.9707194,2.683893
72057594038042242,0,0.6302988,106254.5,0.4605739,0.4741521,2.668013,0.5174869,1.129298,2.623079,0.3547171,0.9646387,2.753659,0.2260488,0.8510415,2.862068,0.08955031,0.765376,2.945477,0.04204551,0.7305551,2.991181,0.5746465,0.9028365,2.619376,0.5849173,0.6504147,2.575847,0.5716981,0.4659859,2.541398,0.5597492,0.4215692,2.543339,0.4020218,0.4711304,2.660971,0.3731652,0.1481056,2.5171,0.3493555,-0.2034466,2.590515,0.509384,0.4741918,2.611644,0.5339237,0.1674917,2.612874,0.5225576,-0.1636475,2.692577,0.491941,0.9707194,2.683893
72057594038042242,0,0.6302988,106254.5,0.4605739,0.4741521,2.668013,0.5174869,1.129298,2.623079,0.3547171,0.9646387,2.753659,0.2260488,0.8510415,2.862068,0.08955031,0.765376,2.945477,0.04204551,0.7305551,2.991181,0.5746465,0.9028365,2.619376,0.5849173,0.6504147,2.575847,0.5716981,0.4659859,2.541398,0.5597492,0.4215692,2.543339,0.4020218,0.4711304,2.660971,0.3731652,0.1481056,2.5171,0.3493555,-0.2034466,2.590515,0.509384,0.4741918,2.611644,0.5339237,0.1674917,2.612874,0.5225576,-0.1636475,2.692577,0.491941,0.9707194,2.683893
72057594038042242,0,0.6302988,106254.5,0.4605739,0.4741521,2.668013,0.5174869,1.129298,2.623079,0.3547171,0.9646387,2.753659,0.2260488,0.8510415,2.862068,0.08955031,0.765376,2.945477,0.04204551,0.7305551,2.991181,0.5746465,0.9028365,2.619376,0.5849173,0.6504147,2.575847,0.5716981,0.4659859,2.541398,0.5597492,0.4215692,2.543339,0.4020218,0.4711304,2.660971,0.3731652,0.1481056,2.5171,0.3493555,-0.2034466,2.590515,0.509384,0.4741918,2.611644,0.5339237,0.1674917,2.612874,0.5225576,-0.1636475,2.692577,0.491941,0.9707194,2.683893
72057594038042242,0,0.6302988,106254.5,0.4605739,0.4741521,2.668013,0.5174869,1.129298,2.623079,0.3547171,0.9646387,2.753659,0.2260488,0.8510415,2.862068,0.08955031,0.765376,2.945477,0.04204551,0.7305551,2.991181,0.5746465,0.9028365,2.619376,0.5849173,0.6504147,2.575847,0.5716981,0.4659859,2.541398,0.5597492,0.4215692,2.543339,0.4020218,0.4711304,2.660971,0.3731652,0.1481056,2.5171,0.3493555,-0.2034466,2.590515,0.509384,0.4741918,2.611644,0.5339237,0.1674917,2.612874,0.5225576,-0.1636475,2.692577,0.491941,0.9707194,2.683893
72057594038042242,0,0.6326707,106254.5,0.4615062,0.4720489,2.665143,0.5155615,1.114131,2.642222,0.3566046,0.9644618,2.751343,0.2314185,0.8558148,2.853779,0.0964753,0.7705556,2.939789,0.04904871,0.7412653,2.972938,0.5745774,0.9028203,2.618634,0.5823015,0.6514225,2.566756,0.5685624,0.4663998,2.537368,0.5586058,0.4179067,2.538656,0.4029909,0.4677118,2.656045,0.3845728,0.1568993,2.513642,0.3617409,-0.2010752,2.553984,0.5099452,0.4734151,2.610678,0.5345532,0.1664981,2.609949,0.5233109,-0.1645173,2.691265,0.4929065,0.9694334,2.681489
72057594038042242,0,0.6326707,106254.5,0.4615062,0.4720489,2.665143,0.5155615,1.114131,2.642222,0.3566046,0.9644618,2.751343,0.2314185,0.8558148,2.853779,0.0964753,0.7705556,2.939789,0.04904871,0.7412653,2.972938,0.5745774,0.9028203,2.618634,0.5823015,0.6514225,2.566756,0.5685624,0.4663998,2.537368,0.5586058,0.4179067,2.538656,0.4029909,0.4677118,2.656045,0.3845728,0.1568993,2.513642,0.3617409,-0.2010752,2.553984,0.5099452,0.4734151,2.610678,0.5345532,0.1664981,2.609949,0.5233109,-0.1645173,2.691265,0.4929065,0.9694334,2.681489
72057594038042242,0,0.6326707,106254.5,0.4615062,0.4720489,2.665143,0.5155615,1.114131,2.642222,0.3566046,0.9644618,2.751343,0.2314185,0.8558148,2.853779,0.0964753,0.7705556,2.939789,0.04904871,0.7412653,2.972938,0.5745774,0.9028203,2.618634,0.5823015,0.6514225,2.566756,0.5685624,0.4663998,2.537368,0.5586058,0.4179067,2.538656,0.4029909,0.4677118,2.656045,0.3845728,0.1568993,2.513642,0.3617409,-0.2010752,2.553984,0.5099452,0.4734151,2.610678,0.5345532,0.1664981,2.609949,0.5233109,-0.1645173,2.691265,0.4929065,0.9694334,2.681489
72057594038042242,0,0.6326707,106254.5,0.4615062,0.4720489,2.665143,0.5155615,1.114131,2.642222,0.3566046,0.9644618,2.751343,0.2314185,0.8558148,2.853779,0.0964753,0.7705556,2.939789,0.04904871,0.7412653,2.972938,0.5745774,0.9028203,2.618634,0.5823015,0.6514225,2.566756,0.5685624,0.4663998,2.537368,0.5586058,0.4179067,2.538656,0.4029909,0.4677118,2.656045,0.3845728,0.1568993,2.513642,0.3617409,-0.2010752,2.553984,0.5099452,0.4734151,2.610678,0.5345532,0.1664981,2.609949,0.5233109,-0.1645173,2.691265,0.4929065,0.9694334,2.681489
72057594038042242,0,0.6326707,106254.5,0.4615062,0.4720489,2.665143,0.5155615,1.114131,2.642222,0.3566046,0.9644618,2.751343,0.2314185,0.8558148,2.853779,0.0964753,0.7705556,2.939789,0.04904871,0.7412653,2.972938,0.5745774,0.9028203,2.618634,0.5823015,0.6514225,2.566756,0.5685624,0.4663998,2.537368,0.5586058,0.4179067,2.538656,0.4029909,0.4677118,2.656045,0.3845728,0.1568993,2.513642,0.3617409,-0.2010752,2.553984,0.5099452,0.4734151,2.610678,0.5345532,0.1664981,2.609949,0.5233109,-0.1645173,2.691265,0.4929065,0.9694334,2.681489
72057594038042242,0,0.6326707,106254.5,0.4615062,0.4720489,2.665143,0.5155615,1.114131,2.642222,0.3566046,0.9644618,2.751343,0.2314185,0.8558148,2.853779,0.0964753,0.7705556,2.939789,0.04904871,0.7412653,2.972938,0.5745774,0.9028203,2.618634,0.5823015,0.6514225,2.566756,0.5685624,0.4663998,2.537368,0.5586058,0.4179067,2.538656,0.4029909,0.4677118,2.656045,0.3845728,0.1568993,2.513642,0.3617409,-0.2010752,2.553984,0.5099452,0.4734151,2.610678,0.5345532,0.1664981,2.609949,0.5233109,-0.1645173,2.691265,0.4929065,0.9694334,2.681489
72057594038042242,0,0.6326707,106254.5,0.4615062,0.4720489,2.665143,0.5155615,1.114131,2.642222,0.3566046,0.9644618,2.751343,0.2314185,0.8558148,2.853779,0.0964753,0.7705556,2.939789,0.04904871,0.7412653,2.972938,0.5745774,0.9028203,2.618634,0.5823015,0.6514225,2.566756,0.5685624,0.4663998,2.537368,0.5586058,0.4179067,2.538656,0.4029909,0.4677118,2.656045,0.3845728,0.1568993,2.513642,0.3617409,-0.2010752,2.553984,0.5099452,0.4734151,2.610678,0.5345532,0.1664981,2.609949,0.5233109,-0.1645173,2.691265,0.4929065,0.9694334,2.681489
72057594038042242,0,0.6326707,106254.6,0.4615062,0.4720489,2.665143,0.5155615,1.114131,2.642222,0.3566046,0.9644618,2.751343,0.2314185,0.8558148,2.853779,0.0964753,0.7705556,2.939789,0.04904871,0.7412653,2.972938,0.5745774,0.9028203,2.618634,0.5823015,0.6514225,2.566756,0.5685624,0.4663998,2.537368,0.5586058,0.4179067,2.538656,0.4029909,0.4677118,2.656045,0.3845728,0.1568993,2.513642,0.3617409,-0.2010752,2.553984,0.5099452,0.4734151,2.610678,0.5345532,0.1664981,2.609949,0.5233109,-0.1645173,2.691265,0.4929065,0.9694334,2.681489
72057594038042242,0,0.6326707,106254.6,0.4615062,0.4720489,2.665143,0.5155615,1.114131,2.642222,0.3566046,0.9644618,2.751343,0.2314185,0.8558148,2.853779,0.0964753,0.7705556,2.939789,0.04904871,0.7412653,2.972938,0.5745774,0.9028203,2.618634,0.5823015,0.6514225,2.566756,0.5685624,0.4663998,2.537368,0.5586058,0.4179067,2.538656,0.4029909,0.4677118,2.656045,0.3845728,0.1568993,2.513642,0.3617409,-0.2010752,2.553984,0.5099452,0.4734151,2.610678,0.5345532,0.1664981,2.609949,0.5233109,-0.1645173,2.691265,0.4929065,0.9694334,2.681489
72057594038042242,0,0.6326707,106254.6,0.4615062,0.4720489,2.665143,0.5155615,1.114131,2.642222,0.3566046,0.9644618,2.751343,0.2314185,0.8558148,2.853779,0.0964753,0.7705556,2.939789,0.04904871,0.7412653,2.972938,0.5745774,0.9028203,2.618634,0.5823015,0.6514225,2.566756,0.5685624,0.4663998,2.537368,0.5586058,0.4179067,2.538656,0.4029909,0.4677118,2.656045,0.3845728,0.1568993,2.513642,0.3617409,-0.2010752,2.553984,0.5099452,0.4734151,2.610678,0.5345532,0.1664981,2.609949,0.5233109,-0.1645173,2.691265,0.4929065,0.9694334,2.681489
72057594038042242,0,0.6326707,106254.6,0.4615062,0.4720489,2.665143,0.5155615,1.114131,2.642222,0.3566046,0.9644618,2.751343,0.2314185,0.8558148,2.853779,0.0964753,0.7705556,2.939789,0.04904871,0.7412653,2.972938,0.5745774,0.9028203,2.618634,0.5823015,0.6514225,2.566756,0.5685624,0.4663998,2.537368,0.5586058,0.4179067,2.538656,0.4029909,0.4677118,2.656045,0.3845728,0.1568993,2.513642,0.3617409,-0.2010752,2.553984,0.5099452,0.4734151,2.610678,0.5345532,0.1664981,2.609949,0.5233109,-0.1645173,2.691265,0.4929065,0.9694334,2.681489
72057594038042242,0,0.6342046,106254.6,0.4625546,0.4713136,2.662762,0.5144141,1.11842,2.6307,0.3709486,0.9641319,2.734623,0.2331465,0.8573986,2.848636,0.09740525,0.7742261,2.935332,0.04996336,0.7416899,2.967531,0.5760722,0.8998339,2.611472,0.5814145,0.7142598,2.563762,0.5898083,0.530226,2.524841,0.5646234,0.4803479,2.532056,0.4039894,0.4672891,2.65448,0.3894881,0.157031,2.51271,0.3650187,-0.2019215,2.53012,0.5107886,0.4726404,2.607998,0.5312672,0.1298535,2.617788,0.5227331,-0.1925727,2.698678,0.4979473,0.9672607,2.670281
72057594038042242,0,0.6342046,106254.6,0.4625546,0.4713136,2.662762,0.5144141,1.11842,2.6307,0.3709486,0.9641319,2.734623,0.2331465,0.8573986,2.848636,0.09740525,0.7742261,2.935332,0.04996336,0.7416899,2.967531,0.5760722,0.8998339,2.611472,0.5814145,0.7142598,2.563762,0.5898083,0.530226,2.524841,0.5646234,0.4803479,2.532056,0.4039894,0.4672891,2.65448,0.3894881,0.157031,2.51271,0.3650187,-0.2019215,2.53012,0.5107886,0.4726404,2.607998,0.5312672,0.1298535,2.617788,0.5227331,-0.1925727,2.698678,0.4979473,0.9672607,2.670281
72057594038042242,0,0.6342046,106254.6,0.4625546,0.4713136,2.662762,0.5144141,1.11842,2.6307,0.3709486,0.9641319,2.734623,0.2331465,0.8573986,2.848636,0.09740525,0.7742261,2.935332,0.04996336,0.7416899,2.967531,0.5760722,0.8998339,2.611472,0.5814145,0.7142598,2.563762,0.5898083,0.530226,2.524841,0.5646234,0.4803479,2.532056,0.4039894,0.4672891,2.65448,0.3894881,0.157031,2.51271,0.3650187,-0.2019215,2.53012,0.5107886,0.4726404,2.607998,0.5312672,0.1298535,2.617788,0.5227331,-0.1925727,2.698678,0.4979473,0.9672607,2.670281
72057594038042242,0,0.6342046,106254.6,0.4625546,0.4713136,2.662762,0.5144141,1.11842,2.6307,0.3709486,0.9641319,2.734623,0.2331465,0.8573986,2.848636,0.09740525,0.7742261,2.935332,0.04996336,0.7416899,2.967531,0.5760722,0.8998339,2.611472,0.5814145,0.7142598,2.563762,0.5898083,0.530226,2.524841,0.5646234,0.4803479,2.532056,0.4039894,0.4672891,2.65448,0.3894881,0.157031,2.51271,0.3650187,-0.2019215,2.53012,0.5107886,0.4726404,2.607998,0.5312672,0.1298535,2.617788,0.5227331,-0.1925727,2.698678,0.4979473,0.9672607,2.670281
72057594038042242,0,0.6342046,106254.6,0.4625546,0.4713136,2.662762,0.5144141,1.11842,2.6307,0.3709486,0.9641319,2.734623,0.2331465,0.8573986,2.848636,0.09740525,0.7742261,2.935332,0.04996336,0.7416899,2.967531,0.5760722,0.8998339,2.611472,0.5814145,0.7142598,2.563762,0.5898083,0.530226,2.524841,0.5646234,0.4803479,2.532056,0.4039894,0.4672891,2.65448,0.3894881,0.157031,2.51271,0.3650187,-0.2019215,2.53012,0.5107886,0.4726404,2.607998,0.5312672,0.1298535,2.617788,0.5227331,-0.1925727,2.698678,0.4979473,0.9672607,2.670281
72057594038042242,0,0.6342046,106254.6,0.4625546,0.4713136,2.662762,0.5144141,1.11842,2.6307,0.3709486,0.9641319,2.734623,0.2331465,0.8573986,2.848636,0.09740525,0.7742261,2.935332,0.04996336,0.7416899,2.967531,0.5760722,0.8998339,2.611472,0.5814145,0.7142598,2.563762,0.5898083,0.530226,2.524841,0.5646234,0.4803479,2.532056,0.4039894,0.4672891,2.65448,0.3894881,0.157031,2.51271,0.3650187,-0.2019215,2.53012,0.5107886,0.4726404,2.607998,0.5312672,0.1298535,2.617788,0.5227331,-0.1925727,2.698678,0.4979473,0.9672607,2.670281
72057594038042242,0,0.6342046,106254.6,0.4625546,0.4713136,2.662762,0.5144141,1.11842,2.6307,0.3709486,0.9641319,2.734623,0.2331465,0.8573986,2.848636,0.09740525,0.7742261,2.935332,0.04996336,0.7416899,2.967531,0.5760722,0.8998339,2.611472,0.5814145,0.7142598,2.563762,0.5898083,0.530226,2.524841,0.5646234,0.4803479,2.532056,0.4039894,0.4672891,2.65448,0.3894881,0.157031,2.51271,0.3650187,-0.2019215,2.53012,0.5107886,0.4726404,2.607998,0.5312672,0.1298535,2.617788,0.5227331,-0.1925727,2.698678,0.4979473,0.9672607,2.670281
72057594038042242,0,0.6342046,106254.6,0.4625546,0.4713136,2.662762,0.5144141,1.11842,2.6307,0.3709486,0.9641319,2.734623,0.2331465,0.8573986,2.848636,0.09740525,0.7742261,2.935332,0.04996336,0.7416899,2.967531,0.5760722,0.8998339,2.611472,0.5814145,0.7142598,2.563762,0.5898083,0.530226,2.524841,0.5646234,0.4803479,2.532056,0.4039894,0.4672891,2.65448,0.3894881,0.157031,2.51271,0.3650187,-0.2019215,2.53012,0.5107886,0.4726404,2.607998,0.5312672,0.1298535,2.617788,0.5227331,-0.1925727,2.698678,0.4979473,0.9672607,2.670281
72057594038042242,0,0.6342046,106254.6,0.4625546,0.4713136,2.662762,0.5144141,1.11842,2.6307,0.3709486,0.9641319,2.734623,0.2331465,0.8573986,2.848636,0.09740525,0.7742261,2.935332,0.04996336,0.7416899,2.967531,0.5760722,0.8998339,2.611472,0.5814145,0.7142598,2.563762,0.5898083,0.530226,2.524841,0.5646234,0.4803479,2.532056,0.4039894,0.4672891,2.65448,0.3894881,0.157031,2.51271,0.3650187,-0.2019215,2.53012,0.5107886,0.4726404,2.607998,0.5312672,0.1298535,2.617788,0.5227331,-0.1925727,2.698678,0.4979473,0.9672607,2.670281
72057594038042242,0,0.6342046,106254.6,0.4625546,0.4713136,2.662762,0.5144141,1.11842,2.6307,0.3709486,0.9641319,2.734623,0.2331465,0.8573986,2.848636,0.09740525,0.7742261,2.935332,0.04996336,0.7416899,2.967531,0.5760722,0.8998339,2.611472,0.5814145,0.7142598,2.563762,0.5898083,0.530226,2.524841,0.5646234,0.4803479,2.532056,0.4039894,0.4672891,2.65448,0.3894881,0.157031,2.51271,0.3650187,-0.2019215,2.53012,0.5107886,0.4726404,2.607998,0.5312672,0.1298535,2.617788,0.5227331,-0.1925727,2.698678,0.4979473,0.9672607,2.670281
72057594038042242,0,0.636472,106254.6,0.4655252,0.4718691,2.659533,0.5105135,1.121075,2.618102,0.3732037,0.9633805,2.728834,0.2342547,0.859308,2.840411,0.09652794,0.7773217,2.925341,0.0467721,0.7443631,2.954392,0.5791082,0.9025128,2.603621,0.5822437,0.7159653,2.560938,0.5877506,0.5311824,2.526021,0.5629787,0.4783236,2.528537,0.4060258,0.4673534,2.65317,0.3994258,0.1558953,2.512661,0.3719563,-0.1961755,2.497241,0.5146992,0.4741542,2.602415,0.531462,0.130071,2.617406,0.5197093,-0.223613,2.667835,0.50085,0.9663823,2.661639
72057594038042242,0,0.636472,106254.6,0.4655252,0.4718691,2.659533,0.5105135,1.121075,2.618102,0.3732037,0.9633805,2.728834,0.2342547,0.859308,2.840411,0.09652794,0.7773217,2.925341,0.0467721,0.7443631,2.954392,0.5791082,0.9025128,2.603621,0.5822437,0.7159653,2.560938,0.5877506,0.5311824,2.526021,0.5629787,0.4783236,2.528537,0.4060258,0.4673534,2.65317,0.3994258,0.1558953,2.512661,0.3719563,-0.1961755,2.497241,0.5146992,0.4741542,2.602415,0.531462,0.130071,2.617406,0.5197093,-0.223613,2.667835,0.50085,0.9663823,2.661639
72057594038042242,0,0.636472,106254.6,0.4655252,0.4718691,2.659533,0.5105135,1.121075,2.618102,0.3732037,0.9633805,2.728834,0.2342547,0.859308,2.840411,0.09652794,0.7773217,2.925341,0.0467721,0.7443631,2.954392,0.5791082,0.9025128,2.603621,0.5822437,0.7159653,2.560938,0.5877506,0.5311824,2.526021,0.5629787,0.4783236,2.528537,0.4060258,0.4673534,2.65317,0.3994258,0.1558953,2.512661,0.3719563,-0.1961755,2.497241,0.5146992,0.4741542,2.602415,0.531462,0.130071,2.617406,0.5197093,-0.223613,2.667835,0.50085,0.9663823,2.661639
72057594038042242,0,0.636472,106254.6,0.4655252,0.4718691,2.659533,0.5105135,1.121075,2.618102,0.3732037,0.9633805,2.728834,0.2342547,0.859308,2.840411,0.09652794,0.7773217,2.925341,0.0467721,0.7443631,2.954392,0.5791082,0.9025128,2.603621,0.5822437,0.7159653,2.560938,0.5877506,0.5311824,2.526021,0.5629787,0.4783236,2.528537,0.4060258,0.4673534,2.65317,0.3994258,0.1558953,2.512661,0.3719563,-0.1961755,2.497241,0.5146992,0.4741542,2.602415,0.531462,0.130071,2.617406,0.5197093,-0.223613,2.667835,0.50085,0.9663823,2.661639
72057594038042242,0,0.636472,106254.6,0.4655252,0.4718691,2.659533,0.5105135,1.121075,2.618102,0.3732037,0.9633805,2.728834,0.2342547,0.859308,2.840411,0.09652794,0.7773217,2.925341,0.0467721,0.7443631,2.954392,0.5791082,0.9025128,2.603621,0.5822437,0.7159653,2.560938,0.5877506,0.5311824,2.526021,0.5629787,0.4783236,2.528537,0.4060258,0.4673534,2.65317,0.3994258,0.1558953,2.512661,0.3719563,-0.1961755,2.497241,0.5146992,0.4741542,2.602415,0.531462,0.130071,2.617406,0.5197093,-0.223613,2.667835,0.50085,0.9663823,2.661639
72057594038042242,0,0.636472,106254.6,0.4655252,0.4718691,2.659533,0.5105135,1.121075,2.618102,0.3732037,0.9633805,2.728834,0.2342547,0.859308,2.840411,0.09652794,0.7773217,2.925341,0.0467721,0.7443631,2.954392,0.5791082,0.9025128,2.603621,0.5822437,0.7159653,2.560938,0.5877506,0.5311824,2.526021,0.5629787,0.4783236,2.528537,0.4060258,0.4673534,2.65317,0.3994258,0.1558953,2.512661,0.3719563,-0.1961755,2.497241,0.5146992,0.4741542,2.602415,0.531462,0.130071,2.617406,0.5197093,-0.223613,2.667835,0.50085,0.9663823,2.661639
72057594038042242,0,0.636472,106254.6,0.4655252,0.4718691,2.659533,0.5105135,1.121075,2.618102,0.3732037,0.9633805,2.728834,0.2342547,0.859308,2.840411,0.09652794,0.7773217,2.925341,0.0467721,0.7443631,2.954392,0.5791082,0.9025128,2.603621,0.5822437,0.7159653,2.560938,0.5877506,0.5311824,2.526021,0.5629787,0.4783236,2.528537,0.4060258,0.4673534,2.65317,0.3994258,0.1558953,2.512661,0.3719563,-0.1961755,2.497241,0.5146992,0.4741542,2.602415,0.531462,0.130071,2.617406,0.5197093,-0.223613,2.667835,0.50085,0.9663823,2.661639
72057594038042242,0,0.636472,106254.6,0.4655252,0.4718691,2.659533,0.5105135,1.121075,2.618102,0.3732037,0.9633805,2.728834,0.2342547,0.859308,2.840411,0.09652794,0.7773217,2.925341,0.0467721,0.7443631,2.954392,0.5791082,0.9025128,2.603621,0.5822437,0.7159653,2.560938,0.5877506,0.5311824,2.526021,0.5629787,0.4783236,2.528537,0.4060258,0.4673534,2.65317,0.3994258,0.1558953,2.512661,0.3719563,-0.1961755,2.497241,0.5146992,0.4741542,2.602415,0.531462,0.130071,2.617406,0.5197093,-0.223613,2.667835,0.50085,0.9663823,2.661639
72057594038042242,0,0.636472,106254.6,0.4655252,0.4718691,2.659533,0.5105135,1.121075,2.618102,0.3732037,0.9633805,2.728834,0.2342547,0.859308,2.840411,0.09652794,0.7773217,2.925341,0.0467721,0.7443631,2.954392,0.5791082,0.9025128,2.603621,0.5822437,0.7159653,2.560938,0.5877506,0.5311824,2.526021,0.5629787,0.4783236,2.528537,0.4060258,0.4673534,2.65317,0.3994258,0.1558953,2.512661,0.3719563,-0.1961755,2.497241,0.5146992,0.4741542,2.602415,0.531462,0.130071,2.617406,0.5197093,-0.223613,2.667835,0.50085,0.9663823,2.661639
72057594038042242,0,0.636472,106254.6,0.4655252,0.4718691,2.659533,0.5105135,1.121075,2.618102,0.3732037,0.9633805,2.728834,0.2342547,0.859308,2.840411,0.09652794,0.7773217,2.925341,0.0467721,0.7443631,2.954392,0.5791082,0.9025128,2.603621,0.5822437,0.7159653,2.560938,0.5877506,0.5311824,2.526021,0.5629787,0.4783236,2.528537,0.4060258,0.4673534,2.65317,0.3994258,0.1558953,2.512661,0.3719563,-0.1961755,2.497241,0.5146992,0.4741542,2.602415,0.531462,0.130071,2.617406,0.5197093,-0.223613,2.667835,0.50085,0.9663823,2.661639
72057594038042242,0,0.6381861,106254.6,0.4667388,0.4711211,2.656921,0.5099683,1.120593,2.613143,0.3750381,0.9628193,2.720336,0.230445,0.8586247,2.833376,0.09126162,0.7752629,2.914996,0.04530789,0.7432506,2.935058,0.5802302,0.9036344,2.597821,0.5851308,0.7168427,2.557093,0.5867221,0.5314812,2.525705,0.5632019,0.4784545,2.52544,0.4074265,0.4676291,2.650119,0.4038928,0.1479889,2.510959,0.3810195,-0.2116362,2.451724,0.5156963,0.472528,2.600465,0.5322018,0.1287658,2.61713,0.5197612,-0.2237428,2.667834,0.5015778,0.9638554,2.656373
72057594038042242,0,0.6381861,106254.6,0.4667388,0.4711211,2.656921,0.5099683,1.120593,2.613143,0.3750381,0.9628193,2.720336,0.230445,0.8586247,2.833376,0.09126162,0.7752629,2.914996,0.04530789,0.7432506,2.935058,0.5802302,0.9036344,2.597821,0.5851308,0.7168427,2.557093,0.5867221,0.5314812,2.525705,0.5632019,0.4784545,2.52544,0.4074265,0.4676291,2.650119,0.4038928,0.1479889,2.510959,0.3810195,-0.2116362,2.451724,0.5156963,0.472528,2.600465,0.5322018,0.1287658,2.61713,0.5197612,-0.2237428,2.667834,0.5015778,0.9638554,2.656373
72057594038042242,0,0.6381861,106254.6,0.4667388,0.4711211,2.656921,0.5099683,1.120593,2.613143,0.3750381,0.9628193,2.720336,0.230445,0.8586247,2.833376,0.09126162,0.7752629,2.914996,0.04530789,0.7432506,2.935058,0.5802302,0.9036344,2.597821,0.5851308,0.7168427,2.557093,0.5867221,0.5314812,2.525705,0.5632019,0.4784545,2.52544,0.4074265,0.4676291,2.650119,0.4038928,0.1479889,2.510959,0.3810195,-0.2116362,2.451724,0.5156963,0.472528,2.600465,0.5322018,0.1287658,2.61713,0.5197612,-0.2237428,2.667834,0.5015778,0.9638554,2.656373
72057594038042242,0,0.6381861,106254.6,0.4667388,0.4711211,2.656921,0.5099683,1.120593,2.613143,0.3750381,0.9628193,2.720336,0.230445,0.8586247,2.833376,0.09126162,0.7752629,2.914996,0.04530789,0.7432506,2.935058,0.5802302,0.9036344,2.597821,0.5851308,0.7168427,2.557093,0.5867221,0.5314812,2.525705,0.5632019,0.4784545,2.52544,0.4074265,0.4676291,2.650119,0.4038928,0.1479889,2.510959,0.3810195,-0.2116362,2.451724,0.5156963,0.472528,2.600465,0.5322018,0.1287658,2.61713,0.5197612,-0.2237428,2.667834,0.5015778,0.9638554,2.656373
72057594038042242,0,0.6381861,106254.6,0.4667388,0.4711211,2.656921,0.5099683,1.120593,2.613143,0.3750381,0.9628193,2.720336,0.230445,0.8586247,2.833376,0.09126162,0.7752629,2.914996,0.04530789,0.7432506,2.935058,0.5802302,0.9036344,2.597821,0.5851308,0.7168427,2.557093,0.5867221,0.5314812,2.525705,0.5632019,0.4784545,2.52544,0.4074265,0.4676291,2.650119,0.4038928,0.1479889,2.510959,0.3810195,-0.2116362,2.451724,0.5156963,0.472528,2.600465,0.5322018,0.1287658,2.61713,0.5197612,-0.2237428,2.667834,0.5015778,0.9638554,2.656373
72057594038042242,0,0.6381861,106254.6,0.4667388,0.4711211,2.656921,0.5099683,1.120593,2.613143,0.3750381,0.9628193,2.720336,0.230445,0.8586247,2.833376,0.09126162,0.7752629,2.914996,0.04530789,0.7432506,2.935058,0.5802302,0.9036344,2.597821,0.5851308,0.7168427,2.557093,0.5867221,0.5314812,2.525705,0.5632019,0.4784545,2.52544,0.4074265,0.4676291,2.650119,0.4038928,0.1479889,2.510959,0.3810195,-0.2116362,2.451724,0.5156963,0.472528,2.600465,0.5322018,0.1287658,2.61713,0.5197612,-0.2237428,2.667834,0.5015778,0.9638554,2.656373
72057594038042242,0,0.6381861,106254.6,0.4667388,0.4711211,2.656921,0.5099683,1.120593,2.613143,0.3750381,0.9628193,2.720336,0.230445,0.8586247,2.833376,0.09126162,0.7752629,2.914996,0.04530789,0.7432506,2.935058,0.5802302,0.9036344,2.597821,0.5851308,0.7168427,2.557093,0.5867221,0.5314812,2.525705,0.5632019,0.4784545,2.52544,0.4074265,0.4676291,2.650119,0.4038928,0.1479889,2.510959,0.3810195,-0.2116362,2.451724,0.5156963,0.472528,2.600465,0.5322018,0.1287658,2.61713,0.5197612,-0.2237428,2.667834,0.5015778,0.9638554,2.656373
72057594038042242,0,0.6381861,106254.7,0.4667388,0.4711211,2.656921,0.5099683,1.120593,2.613143,0.3750381,0.9628193,2.720336,0.230445,0.8586247,2.833376,0.09126162,0.7752629,2.914996,0.04530789,0.7432506,2.935058,0.5802302,0.9036344,2.597821,0.5851308,0.7168427,2.557093,0.5867221,0.5314812,2.525705,0.5632019,0.4784545,2.52544,0.4074265,0.4676291,2.650119,0.4038928,0.1479889,2.510959,0.3810195,-0.2116362,2.451724,0.5156963,0.472528,2.600465,0.5322018,0.1287658,2.61713,0.5197612,-0.2237428,2.667834,0.5015778,0.9638554,2.656373
72057594038042242,0,0.6381861,106254.7,0.4667388,0.4711211,2.656921,0.5099683,1.120593,2.613143,0.3750381,0.9628193,2.720336,0.230445,0.8586247,2.833376,0.09126162,0.7752629,2.914996,0.04530789,0.7432506,2.935058,0.5802302,0.9036344,2.597821,0.5851308,0.7168427,2.557093,0.5867221,0.5314812,2.525705,0.5632019,0.4784545,2.52544,0.4074265,0.4676291,2.650119,0.4038928,0.1479889,2.510959,0.3810195,-0.2116362,2.451724,0.5156963,0.472528,2.600465,0.5322018,0.1287658,2.61713,0.5197612,-0.2237428,2.667834,0.5015778,0.9638554,2.656373
72057594038042242,0,0.6381861,106254.7,0.4667388,0.4711211,2.656921,0.5099683,1.120593,2.613143,0.3750381,0.9628193,2.720336,0.230445,0.8586247,2.833376,0.09126162,0.7752629,2.914996,0.04530789,0.7432506,2.935058,0.5802302,0.9036344,2.597821,0.5851308,0.7168427,2.557093,0.5867221,0.5314812,2.525705,0.5632019,0.4784545,2.52544,0.4074265,0.4676291,2.650119,0.4038928,0.1479889,2.510959,0.3810195,-0.2116362,2.451724,0.5156963,0.472528,2.600465,0.5322018,0.1287658,2.61713,0.5197612,-0.2237428,2.667834,0.5015778,0.9638554,2.656373
72057594038042242,0,0.6396571,106254.7,0.4666945,0.4694964,2.653223,0.5132153,1.117317,2.595438,0.3749799,0.9619293,2.712534,0.230046,0.8596542,2.819639,0.09066429,0.7734703,2.898423,0.04473651,0.7428747,2.920404,0.5794975,0.9006962,2.590257,0.5888057,0.7143372,2.548266,0.5851089,0.528453,2.521559,0.5592541,0.4753998,2.520336,0.4076493,0.4668269,2.646227,0.4065022,0.1428665,2.508801,0.3838681,-0.2172902,2.425423,0.5153329,0.4701621,2.59734,0.5329046,0.1282422,2.615881,0.5197489,-0.2337634,2.657315,0.5003745,0.9607623,2.64561
72057594038042242,0,0.6396571,106254.7,0.4666945,0.4694964,2.653223,0.5132153,1.117317,2.595438,0.3749799,0.9619293,2.712534,0.230046,0.8596542,2.819639,0.09066429,0.7734703,2.898423,0.04473651,0.7428747,2.920404,0.5794975,0.9006962,2.590257,0.5888057,0.7143372,2.548266,0.5851089,0.528453,2.521559,0.5592541,0.4753998,2.520336,0.4076493,0.4668269,2.646227,0.4065022,0.1428665,2.508801,0.3838681,-0.2172902,2.425423,0.5153329,0.4701621,2.59734,0.5329046,0.1282422,2.615881,0.5197489,-0.2337634,2.657315,0.5003745,0.9607623,2.64561
72057594038042242,0,0.6396571,106254.7,0.4666945,0.4694964,2.653223,0.5132153,1.117317,2.595438,0.3749799,0.9619293,2.712534,0.230046,0.8596542,2.819639,0.09066429,0.7734703,2.898423,0.04473651,0.7428747,2.920404,0.5794975,0.9006962,2.590257,0.5888057,0.7143372,2.548266,0.5851089,0.528453,2.521559,0.5592541,0.4753998,2.520336,0.4076493,0.4668269,2.646227,0.4065022,0.1428665,2.508801,0.3838681,-0.2172902,2.425423,0.5153329,0.4701621,2.59734,0.5329046,0.1282422,2.615881,0.5197489,-0.2337634,2.657315,0.5003745,0.9607623,2.64561
72057594038042242,0,0.6396571,106254.7,0.4666945,0.4694964,2.653223,0.5132153,1.117317,2.595438,0.3749799,0.9619293,2.712534,0.230046,0.8596542,2.819639,0.09066429,0.7734703,2.898423,0.04473651,0.7428747,2.920404,0.5794975,0.9006962,2.590257,0.5888057,0.7143372,2.548266,0.5851089,0.528453,2.521559,0.5592541,0.4753998,2.520336,0.4076493,0.4668269,2.646227,0.4065022,0.1428665,2.508801,0.3838681,-0.2172902,2.425423,0.5153329,0.4701621,2.59734,0.5329046,0.1282422,2.615881,0.5197489,-0.2337634,2.657315,0.5003745,0.9607623,2.64561
72057594038042242,0,0.6396571,106254.7,0.4666945,0.4694964,2.653223,0.5132153,1.117317,2.595438,0.3749799,0.9619293,2.712534,0.230046,0.8596542,2.819639,0.09066429,0.7734703,2.898423,0.04473651,0.7428747,2.920404,0.5794975,0.9006962,2.590257,0.5888057,0.7143372,2.548266,0.5851089,0.528453,2.521559,0.5592541,0.4753998,2.520336,0.4076493,0.4668269,2.646227,0.4065022,0.1428665,2.508801,0.3838681,-0.2172902,2.425423,0.5153329,0.4701621,2.59734,0.5329046,0.1282422,2.615881,0.5197489,-0.2337634,2.657315,0.5003745,0.9607623,2.64561
72057594038042242,0,0.6396571,106254.7,0.4666945,0.4694964,2.653223,0.5132153,1.117317,2.595438,0.3749799,0.9619293,2.712534,0.230046,0.8596542,2.819639,0.09066429,0.7734703,2.898423,0.04473651,0.7428747,2.920404,0.5794975,0.9006962,2.590257,0.5888057,0.7143372,2.548266,0.5851089,0.528453,2.521559,0.5592541,0.4753998,2.520336,0.4076493,0.4668269,2.646227,0.4065022,0.1428665,2.508801,0.3838681,-0.2172902,2.425423,0.5153329,0.4701621,2.59734,0.5329046,0.1282422,2.615881,0.5197489,-0.2337634,2.657315,0.5003745,0.9607623,2.64561
72057594038042242,0,0.6396571,106254.7,0.4666945,0.4694964,2.653223,0.5132153,1.117317,2.595438,0.3749799,0.9619293,2.712534,0.230046,0.8596542,2.819639,0.09066429,0.7734703,2.898423,0.04473651,0.7428747,2.920404,0.5794975,0.9006962,2.590257,0.5888057,0.7143372,2.548266,0.5851089,0.528453,2.521559,0.5592541,0.4753998,2.520336,0.4076493,0.4668269,2.646227,0.4065022,0.1428665,2.508801,0.3838681,-0.2172902,2.425423,0.5153329,0.4701621,2.59734,0.5329046,0.1282422,2.615881,0.5197489,-0.2337634,2.657315,0.5003745,0.9607623,2.64561
72057594038042242,0,0.6396571,106254.7,0.4666945,0.4694964,2.653223,0.5132153,1.117317,2.595438,0.3749799,0.9619293,2.712534,0.230046,0.8596542,2.819639,0.09066429,0.7734703,2.898423,0.04473651,0.7428747,2.920404,0.5794975,0.9006962,2.590257,0.5888057,0.7143372,2.548266,0.5851089,0.528453,2.521559,0.5592541,0.4753998,2.520336,0.4076493,0.4668269,2.646227,0.4065022,0.1428665,2.508801,0.3838681,-0.2172902,2.425423,0.5153329,0.4701621,2.59734,0.5329046,0.1282422,2.615881,0.5197489,-0.2337634,2.657315,0.5003745,0.9607623,2.64561
72057594038042242,0,0.6396571,106254.7,0.4666945,0.4694964,2.653223,0.5132153,1.117317,2.595438,0.3749799,0.9619293,2.712534,0.230046,0.8596542,2.819639,0.09066429,0.7734703,2.898423,0.04473651,0.7428747,2.920404,0.5794975,0.9006962,2.590257,0.5888057,0.7143372,2.548266,0.5851089,0.528453,2.521559,0.5592541,0.4753998,2.520336,0.4076493,0.4668269,2.646227,0.4065022,0.1428665,2.508801,0.3838681,-0.2172902,2.425423,0.5153329,0.4701621,2.59734,0.5329046,0.1282422,2.615881,0.5197489,-0.2337634,2.657315,0.5003745,0.9607623,2.64561
72057594038042242,0,0.6396571,106254.7,0.4666945,0.4694964,2.653223,0.5132153,1.117317,2.595438,0.3749799,0.9619293,2.712534,0.230046,0.8596542,2.819639,0.09066429,0.7734703,2.898423,0.04473651,0.7428747,2.920404,0.5794975,0.9006962,2.590257,0.5888057,0.7143372,2.548266,0.5851089,0.528453,2.521559,0.5592541,0.4753998,2.520336,0.4076493,0.4668269,2.646227,0.4065022,0.1428665,2.508801,0.3838681,-0.2172902,2.425423,0.5153329,0.4701621,2.59734,0.5329046,0.1282422,2.615881,0.5197489,-0.2337634,2.657315,0.5003745,0.9607623,2.64561
72057594038042242,0,0.6396571,106254.7,0.4666945,0.4694964,2.653223,0.5132153,1.117317,2.595438,0.3749799,0.9619293,2.712534,0.230046,0.8596542,2.819639,0.09066429,0.7734703,2.898423,0.04473651,0.7428747,2.920404,0.5794975,0.9006962,2.590257,0.5888057,0.7143372,2.548266,0.5851089,0.528453,2.521559,0.5592541,0.4753998,2.520336,0.4076493,0.4668269,2.646227,0.4065022,0.1428665,2.508801,0.3838681,-0.2172902,2.425423,0.5153329,0.4701621,2.59734,0.5329046,0.1282422,2.615881,0.5197489,-0.2337634,2.657315,0.5003745,0.9607623,2.64561
72057594038042242,0,0.6399324,106254.7,0.4666175,0.4697373,2.64949,0.5129467,1.116,2.584455,0.3751287,0.961623,2.708688,0.2292789,0.85842,2.80968,0.08711535,0.767996,2.879628,0.0424115,0.7372234,2.894144,0.5793585,0.9000028,2.590567,0.5867574,0.7154703,2.538046,0.567888,0.5149175,2.513169,0.558166,0.4720584,2.513924,0.4073312,0.4680141,2.641397,0.4041085,0.1503881,2.500318,0.3914294,-0.2174038,2.394441,0.5153986,0.4696935,2.594762,0.5372033,0.1290452,2.607287,0.5200771,-0.250868,2.643571,0.5005514,0.9605129,2.636772
72057594038042242,0,0.6399324,106254.7,0.4666175,0.4697373,2.64949,0.5129467,1.116,2.584455,0.3751287,0.961623,2.708688,0.2292789,0.85842,2.80968,0.08711535,0.767996,2.879628,0.0424115,0.7372234,2.894144,0.5793585,0.9000028,2.590567,0.5867574,0.7154703,2.538046,0.567888,0.5149175,2.513169,0.558166,0.4720584,2.513924,0.4073312,0.4680141,2.641397,0.4041085,0.1503881,2.500318,0.3914294,-0.2174038,2.394441,0.5153986,0.4696935,2.594762,0.5372033,0.1290452,2.607287,0.5200771,-0.250868,2.643571,0.5005514,0.9605129,2.636772
72057594038042242,0,0.6399324,106254.7,0.4666175,0.4697373,2.64949,0.5129467,1.116,2.584455,0.3751287,0.961623,2.708688,0.2292789,0.85842,2.80968,0.08711535,0.767996,2.879628,0.0424115,0.7372234,2.894144,0.5793585,0.9000028,2.590567,0.5867574,0.7154703,2.538046,0.567888,0.5149175,2.513169,0.558166,0.4720584,2.513924,0.4073312,0.4680141,2.641397,0.4041085,0.1503881,2.500318,0.3914294,-0.2174038,2.394441,0.5153986,0.4696935,2.594762,0.5372033,0.1290452,2.607287,0.5200771,-0.250868,2.643571,0.5005514,0.9605129,2.636772
72057594038042242,0,0.6399324,106254.7,0.4666175,0.4697373,2.64949,0.5129467,1.116,2.584455,0.3751287,0.961623,2.708688,0.2292789,0.85842,2.80968,0.08711535,0.767996,2.879628,0.0424115,0.7372234,2.894144,0.5793585,0.9000028,2.590567,0.5867574,0.7154703,2.538046,0.567888,0.5149175,2.513169,0.558166,0.4720584,2.513924,0.4073312,0.4680141,2.641397,0.4041085,0.1503881,2.500318,0.3914294,-0.2174038,2.394441,0.5153986,0.4696935,2.594762,0.5372033,0.1290452,2.607287,0.5200771,-0.250868,2.643571,0.5005514,0.9605129,2.636772
72057594038042242,0,0.6399324,106254.7,0.4666175,0.4697373,2.64949,0.5129467,1.116,2.584455,0.3751287,0.961623,2.708688,0.2292789,0.85842,2.80968,0.08711535,0.767996,2.879628,0.0424115,0.7372234,2.894144,0.5793585,0.9000028,2.590567,0.5867574,0.7154703,2.538046,0.567888,0.5149175,2.513169,0.558166,0.4720584,2.513924,0.4073312,0.4680141,2.641397,0.4041085,0.1503881,2.500318,0.3914294,-0.2174038,2.394441,0.5153986,0.4696935,2.594762,0.5372033,0.1290452,2.607287,0.5200771,-0.250868,2.643571,0.5005514,0.9605129,2.636772
72057594038042242,0,0.6399324,106254.7,0.4666175,0.4697373,2.64949,0.5129467,1.116,2.584455,0.3751287,0.961623,2.708688,0.2292789,0.85842,2.80968,0.08711535,0.767996,2.879628,0.0424115,0.7372234,2.894144,0.5793585,0.9000028,2.590567,0.5867574,0.7154703,2.538046,0.567888,0.5149175,2.513169,0.558166,0.4720584,2.513924,0.4073312,0.4680141,2.641397,0.4041085,0.1503881,2.500318,0.3914294,-0.2174038,2.394441,0.5153986,0.4696935,2.594762,0.5372033,0.1290452,2.607287,0.5200771,-0.250868,2.643571,0.5005514,0.9605129,2.636772
72057594038042242,0,0.6399324,106254.7,0.4666175,0.4697373,2.64949,0.5129467,1.116,2.584455,0.3751287,0.961623,2.708688,0.2292789,0.85842,2.80968,0.08711535,0.767996,2.879628,0.0424115,0.7372234,2.894144,0.5793585,0.9000028,2.590567,0.5867574,0.7154703,2.538046,0.567888,0.5149175,2.513169,0.558166,0.4720584,2.513924,0.4073312,0.4680141,2.641397,0.4041085,0.1503881,2.500318,0.3914294,-0.2174038,2.394441,0.5153986,0.4696935,2.594762,0.5372033,0.1290452,2.607287,0.5200771,-0.250868,2.643571,0.5005514,0.9605129,2.636772
72057594038042242,0,0.6399324,106254.7,0.4666175,0.4697373,2.64949,0.5129467,1.116,2.584455,0.3751287,0.961623,2.708688,0.2292789,0.85842,2.80968,0.08711535,0.767996,2.879628,0.0424115,0.7372234,2.894144,0.5793585,0.9000028,2.590567,0.5867574,0.7154703,2.538046,0.567888,0.5149175,2.513169,0.558166,0.4720584,2.513924,0.4073312,0.4680141,2.641397,0.4041085,0.1503881,2.500318,0.3914294,-0.2174038,2.394441,0.5153986,0.4696935,2.594762,0.5372033,0.1290452,2.607287,0.5200771,-0.250868,2.643571,0.5005514,0.9605129,2.636772
72057594038042242,0,0.6399324,106254.7,0.4666175,0.4697373,2.64949,0.5129467,1.116,2.584455,0.3751287,0.961623,2.708688,0.2292789,0.85842,2.80968,0.08711535,0.767996,2.879628,0.0424115,0.7372234,2.894144,0.5793585,0.9000028,2.590567,0.5867574,0.7154703,2.538046,0.567888,0.5149175,2.513169,0.558166,0.4720584,2.513924,0.4073312,0.4680141,2.641397,0.4041085,0.1503881,2.500318,0.3914294,-0.2174038,2.394441,0.5153986,0.4696935,2.594762,0.5372033,0.1290452,2.607287,0.5200771,-0.250868,2.643571,0.5005514,0.9605129,2.636772
72057594038042242,0,0.6399324,106254.7,0.4666175,0.4697373,2.64949,0.5129467,1.116,2.584455,0.3751287,0.961623,2.708688,0.2292789,0.85842,2.80968,0.08711535,0.767996,2.879628,0.0424115,0.7372234,2.894144,0.5793585,0.9000028,2.590567,0.5867574,0.7154703,2.538046,0.567888,0.5149175,2.513169,0.558166,0.4720584,2.513924,0.4073312,0.4680141,2.641397,0.4041085,0.1503881,2.500318,0.3914294,-0.2174038,2.394441,0.5153986,0.4696935,2.594762,0.5372033,0.1290452,2.607287,0.5200771,-0.250868,2.643571,0.5005514,0.9605129,2.636772
72057594038042242,0,0.6396921,106254.7,0.4652263,0.4697574,2.643541,0.5122006,1.11501,2.581192,0.3755202,0.9606804,2.702933,0.2246486,0.8558155,2.791189,0.08355455,0.7616104,2.858732,0.04135541,0.7342672,2.873964,0.5793014,0.8987216,2.586231,0.5865152,0.7142138,2.533545,0.581825,0.5289207,2.501336,0.5623462,0.4778131,2.507663,0.4058535,0.467958,2.634831,0.3998333,0.1017041,2.463695,0.3958175,-0.2261944,2.381702,0.5141408,0.4696911,2.589817,0.538434,0.1296996,2.601438,0.5219093,-0.262827,2.63897,0.5002608,0.9591085,2.625792
72057594038042242,0,0.6396921,106254.7,0.4652263,0.4697574,2.643541,0.5122006,1.11501,2.581192,0.3755202,0.9606804,2.702933,0.2246486,0.8558155,2.791189,0.08355455,0.7616104,2.858732,0.04135541,0.7342672,2.873964,0.5793014,0.8987216,2.586231,0.5865152,0.7142138,2.533545,0.581825,0.5289207,2.501336,0.5623462,0.4778131,2.507663,0.4058535,0.467958,2.634831,0.3998333,0.1017041,2.463695,0.3958175,-0.2261944,2.381702,0.5141408,0.4696911,2.589817,0.538434,0.1296996,2.601438,0.5219093,-0.262827,2.63897,0.5002608,0.9591085,2.625792
72057594038042242,0,0.6396921,106254.7,0.4652263,0.4697574,2.643541,0.5122006,1.11501,2.581192,0.3755202,0.9606804,2.702933,0.2246486,0.8558155,2.791189,0.08355455,0.7616104,2.858732,0.04135541,0.7342672,2.873964,0.5793014,0.8987216,2.586231,0.5865152,0.7142138,2.533545,0.581825,0.5289207,2.501336,0.5623462,0.4778131,2.507663,0.4058535,0.467958,2.634831,0.3998333,0.1017041,2.463695,0.3958175,-0.2261944,2.381702,0.5141408,0.4696911,2.589817,0.538434,0.1296996,2.601438,0.5219093,-0.262827,2.63897,0.5002608,0.9591085,2.625792
72057594038042242,0,0.6396921,106254.7,0.4652263,0.4697574,2.643541,0.5122006,1.11501,2.581192,0.3755202,0.9606804,2.702933,0.2246486,0.8558155,2.791189,0.08355455,0.7616104,2.858732,0.04135541,0.7342672,2.873964,0.5793014,0.8987216,2.586231,0.5865152,0.7142138,2.533545,0.581825,0.5289207,2.501336,0.5623462,0.4778131,2.507663,0.4058535,0.467958,2.634831,0.3998333,0.1017041,2.463695,0.3958175,-0.2261944,2.381702,0.5141408,0.4696911,2.589817,0.538434,0.1296996,2.601438,0.5219093,-0.262827,2.63897,0.5002608,0.9591085,2.625792
72057594038042242,0,0.6396921,106254.7,0.4652263,0.4697574,2.643541,0.5122006,1.11501,2.581192,0.3755202,0.9606804,2.702933,0.2246486,0.8558155,2.791189,0.08355455,0.7616104,2.858732,0.04135541,0.7342672,2.873964,0.5793014,0.8987216,2.586231,0.5865152,0.7142138,2.533545,0.581825,0.5289207,2.501336,0.5623462,0.4778131,2.507663,0.4058535,0.467958,2.634831,0.3998333,0.1017041,2.463695,0.3958175,-0.2261944,2.381702,0.5141408,0.4696911,2.589817,0.538434,0.1296996,2.601438,0.5219093,-0.262827,2.63897,0.5002608,0.9591085,2.625792
72057594038042242,0,0.6396921,106254.8,0.4652263,0.4697574,2.643541,0.5122006,1.11501,2.581192,0.3755202,0.9606804,2.702933,0.2246486,0.8558155,2.791189,0.08355455,0.7616104,2.858732,0.04135541,0.7342672,2.873964,0.5793014,0.8987216,2.586231,0.5865152,0.7142138,2.533545,0.581825,0.5289207,2.501336,0.5623462,0.4778131,2.507663,0.4058535,0.467958,2.634831,0.3998333,0.1017041,2.463695,0.3958175,-0.2261944,2.381702,0.5141408,0.4696911,2.589817,0.538434,0.1296996,2.601438,0.5219093,-0.262827,2.63897,0.5002608,0.9591085,2.625792
72057594038042242,0,0.6396921,106254.8,0.4652263,0.4697574,2.643541,0.5122006,1.11501,2.581192,0.3755202,0.9606804,2.702933,0.2246486,0.8558155,2.791189,0.08355455,0.7616104,2.858732,0.04135541,0.7342672,2.873964,0.5793014,0.8987216,2.586231,0.5865152,0.7142138,2.533545,0.581825,0.5289207,2.501336,0.5623462,0.4778131,2.507663,0.4058535,0.467958,2.634831,0.3998333,0.1017041,2.463695,0.3958175,-0.2261944,2.381702,0.5141408,0.4696911,2.589817,0.538434,0.1296996,2.601438,0.5219093,-0.262827,2.63897,0.5002608,0.9591085,2.625792
72057594038042242,0,0.6396921,106254.8,0.4652263,0.4697574,2.643541,0.5122006,1.11501,2.581192,0.3755202,0.9606804,2.702933,0.2246486,0.8558155,2.791189,0.08355455,0.7616104,2.858732,0.04135541,0.7342672,2.873964,0.5793014,0.8987216,2.586231,0.5865152,0.7142138,2.533545,0.581825,0.5289207,2.501336,0.5623462,0.4778131,2.507663,0.4058535,0.467958,2.634831,0.3998333,0.1017041,2.463695,0.3958175,-0.2261944,2.381702,0.5141408,0.4696911,2.589817,0.538434,0.1296996,2.601438,0.5219093,-0.262827,2.63897,0.5002608,0.9591085,2.625792
72057594038042242,0,0.6396921,106254.8,0.4652263,0.4697574,2.643541,0.5122006,1.11501,2.581192,0.3755202,0.9606804,2.702933,0.2246486,0.8558155,2.791189,0.08355455,0.7616104,2.858732,0.04135541,0.7342672,2.873964,0.5793014,0.8987216,2.586231,0.5865152,0.7142138,2.533545,0.581825,0.5289207,2.501336,0.5623462,0.4778131,2.507663,0.4058535,0.467958,2.634831,0.3998333,0.1017041,2.463695,0.3958175,-0.2261944,2.381702,0.5141408,0.4696911,2.589817,0.538434,0.1296996,2.601438,0.5219093,-0.262827,2.63897,0.5002608,0.9591085,2.625792
72057594038042242,0,0.6396921,106254.8,0.4652263,0.4697574,2.643541,0.5122006,1.11501,2.581192,0.3755202,0.9606804,2.702933,0.2246486,0.8558155,2.791189,0.08355455,0.7616104,2.858732,0.04135541,0.7342672,2.873964,0.5793014,0.8987216,2.586231,0.5865152,0.7142138,2.533545,0.581825,0.5289207,2.501336,0.5623462,0.4778131,2.507663,0.4058535,0.467958,2.634831,0.3998333,0.1017041,2.463695,0.3958175,-0.2261944,2.381702,0.5141408,0.4696911,2.589817,0.538434,0.1296996,2.601438,0.5219093,-0.262827,2.63897,0.5002608,0.9591085,2.625792
72057594038042242,0,0.642069,106254.8,0.4675986,0.4719201,2.630656,0.5095201,1.120779,2.559135,0.3722645,0.9581846,2.677405,0.2227108,0.8515964,2.776009,0.07924213,0.7572716,2.839002,0.03903299,0.7269724,2.8475,0.5851052,0.9058191,2.549314,0.5829519,0.7169467,2.528766,0.5442186,0.4895449,2.494142,0.5426557,0.4533731,2.498241,0.4089596,0.4685249,2.62196,0.4177642,0.1029483,2.470909,0.4065899,-0.217905,2.362643,0.5156511,0.473322,2.577024,0.5416644,0.1293972,2.590639,0.5244141,-0.3203159,2.640118,0.5001307,0.9586436,2.615518
72057594038042242,0,0.642069,106254.8,0.4675986,0.4719201,2.630656,0.5095201,1.120779,2.559135,0.3722645,0.9581846,2.677405,0.2227108,0.8515964,2.776009,0.07924213,0.7572716,2.839002,0.03903299,0.7269724,2.8475,0.5851052,0.9058191,2.549314,0.5829519,0.7169467,2.528766,0.5442186,0.4895449,2.494142,0.5426557,0.4533731,2.498241,0.4089596,0.4685249,2.62196,0.4177642,0.1029483,2.470909,0.4065899,-0.217905,2.362643,0.5156511,0.473322,2.577024,0.5416644,0.1293972,2.590639,0.5244141,-0.3203159,2.640118,0.5001307,0.9586436,2.615518
72057594038042242,0,0.642069,106254.8,0.4675986,0.4719201,2.630656,0.5095201,1.120779,2.559135,0.3722645,0.9581846,2.677405,0.2227108,0.8515964,2.776009,0.07924213,0.7572716,2.839002,0.03903299,0.7269724,2.8475,0.5851052,0.9058191,2.549314,0.5829519,0.7169467,2.528766,0.5442186,0.4895449,2.494142,0.5426557,0.4533731,2.498241,0.4089596,0.4685249,2.62196,0.4177642,0.1029483,2.470909,0.4065899,-0.217905,2.362643,0.5156511,0.473322,2.577024,0.5416644,0.1293972,2.590639,0.5244141,-0.3203159,2.640118,0.5001307,0.9586436,2.615518
72057594038042242,0,0.642069,106254.8,0.4675986,0.4719201,2.630656,0.5095201,1.120779,2.559135,0.3722645,0.9581846,2.677405,0.2227108,0.8515964,2.776009,0.07924213,0.7572716,2.839002,0.03903299,0.7269724,2.8475,0.5851052,0.9058191,2.549314,0.5829519,0.7169467,2.528766,0.5442186,0.4895449,2.494142,0.5426557,0.4533731,2.498241,0.4089596,0.4685249,2.62196,0.4177642,0.1029483,2.470909,0.4065899,-0.217905,2.362643,0.5156511,0.473322,2.577024,0.5416644,0.1293972,2.590639,0.5244141,-0.3203159,2.640118,0.5001307,0.9586436,2.615518
72057594038042242,0,0.642069,106254.8,0.4675986,0.4719201,2.630656,0.5095201,1.120779,2.559135,0.3722645,0.9581846,2.677405,0.2227108,0.8515964,2.776009,0.07924213,0.7572716,2.839002,0.03903299,0.7269724,2.8475,0.5851052,0.9058191,2.549314,0.5829519,0.7169467,2.528766,0.5442186,0.4895449,2.494142,0.5426557,0.4533731,2.498241,0.4089596,0.4685249,2.62196,0.4177642,0.1029483,2.470909,0.4065899,-0.217905,2.362643,0.5156511,0.473322,2.577024,0.5416644,0.1293972,2.590639,0.5244141,-0.3203159,2.640118,0.5001307,0.9586436,2.615518
72057594038042242,0,0.642069,106254.8,0.4675986,0.4719201,2.630656,0.5095201,1.120779,2.559135,0.3722645,0.9581846,2.677405,0.2227108,0.8515964,2.776009,0.07924213,0.7572716,2.839002,0.03903299,0.7269724,2.8475,0.5851052,0.9058191,2.549314,0.5829519,0.7169467,2.528766,0.5442186,0.4895449,2.494142,0.5426557,0.4533731,2.498241,0.4089596,0.4685249,2.62196,0.4177642,0.1029483,2.470909,0.4065899,-0.217905,2.362643,0.5156511,0.473322,2.577024,0.5416644,0.1293972,2.590639,0.5244141,-0.3203159,2.640118,0.5001307,0.9586436,2.615518
72057594038042242,0,0.642069,106254.8,0.4675986,0.4719201,2.630656,0.5095201,1.120779,2.559135,0.3722645,0.9581846,2.677405,0.2227108,0.8515964,2.776009,0.07924213,0.7572716,2.839002,0.03903299,0.7269724,2.8475,0.5851052,0.9058191,2.549314,0.5829519,0.7169467,2.528766,0.5442186,0.4895449,2.494142,0.5426557,0.4533731,2.498241,0.4089596,0.4685249,2.62196,0.4177642,0.1029483,2.470909,0.4065899,-0.217905,2.362643,0.5156511,0.473322,2.577024,0.5416644,0.1293972,2.590639,0.5244141,-0.3203159,2.640118,0.5001307,0.9586436,2.615518
72057594038042242,0,0.642069,106254.8,0.4675986,0.4719201,2.630656,0.5095201,1.120779,2.559135,0.3722645,0.9581846,2.677405,0.2227108,0.8515964,2.776009,0.07924213,0.7572716,2.839002,0.03903299,0.7269724,2.8475,0.5851052,0.9058191,2.549314,0.5829519,0.7169467,2.528766,0.5442186,0.4895449,2.494142,0.5426557,0.4533731,2.498241,0.4089596,0.4685249,2.62196,0.4177642,0.1029483,2.470909,0.4065899,-0.217905,2.362643,0.5156511,0.473322,2.577024,0.5416644,0.1293972,2.590639,0.5244141,-0.3203159,2.640118,0.5001307,0.9586436,2.615518
72057594038042242,0,0.642069,106254.8,0.4675986,0.4719201,2.630656,0.5095201,1.120779,2.559135,0.3722645,0.9581846,2.677405,0.2227108,0.8515964,2.776009,0.07924213,0.7572716,2.839002,0.03903299,0.7269724,2.8475,0.5851052,0.9058191,2.549314,0.5829519,0.7169467,2.528766,0.5442186,0.4895449,2.494142,0.5426557,0.4533731,2.498241,0.4089596,0.4685249,2.62196,0.4177642,0.1029483,2.470909,0.4065899,-0.217905,2.362643,0.5156511,0.473322,2.577024,0.5416644,0.1293972,2.590639,0.5244141,-0.3203159,2.640118,0.5001307,0.9586436,2.615518
72057594038042242,0,0.642069,106254.8,0.4675986,0.4719201,2.630656,0.5095201,1.120779,2.559135,0.3722645,0.9581846,2.677405,0.2227108,0.8515964,2.776009,0.07924213,0.7572716,2.839002,0.03903299,0.7269724,2.8475,0.5851052,0.9058191,2.549314,0.5829519,0.7169467,2.528766,0.5442186,0.4895449,2.494142,0.5426557,0.4533731,2.498241,0.4089596,0.4685249,2.62196,0.4177642,0.1029483,2.470909,0.4065899,-0.217905,2.362643,0.5156511,0.473322,2.577024,0.5416644,0.1293972,2.590639,0.5244141,-0.3203159,2.640118,0.5001307,0.9586436,2.615518
72057594038042242,0,0.6459507,106254.8,0.4705895,0.4724078,2.619339,0.5048121,1.126753,2.540767,0.3699681,0.9565245,2.665891,0.2175708,0.8449305,2.759252,0.07453506,0.750089,2.822399,0.06126388,0.7359095,2.811669,0.585134,0.9056811,2.547158,0.5851647,0.7178556,2.512648,0.5443187,0.4898126,2.492213,0.5395234,0.4421945,2.489704,0.4113736,0.4684373,2.613372,0.4219801,0.103683,2.462791,0.4110286,-0.2190579,2.351218,0.5191156,0.4744531,2.562803,0.5424362,0.1242056,2.586219,0.5243687,-0.3249853,2.639031,0.4972612,0.9581444,2.605164
72057594038042242,0,0.6459507,106254.8,0.4705895,0.4724078,2.619339,0.5048121,1.126753,2.540767,0.3699681,0.9565245,2.665891,0.2175708,0.8449305,2.759252,0.07453506,0.750089,2.822399,0.06126388,0.7359095,2.811669,0.585134,0.9056811,2.547158,0.5851647,0.7178556,2.512648,0.5443187,0.4898126,2.492213,0.5395234,0.4421945,2.489704,0.4113736,0.4684373,2.613372,0.4219801,0.103683,2.462791,0.4110286,-0.2190579,2.351218,0.5191156,0.4744531,2.562803,0.5424362,0.1242056,2.586219,0.5243687,-0.3249853,2.639031,0.4972612,0.9581444,2.605164
72057594038042242,0,0.6459507,106254.8,0.4705895,0.4724078,2.619339,0.5048121,1.126753,2.540767,0.3699681,0.9565245,2.665891,0.2175708,0.8449305,2.759252,0.07453506,0.750089,2.822399,0.06126388,0.7359095,2.811669,0.585134,0.9056811,2.547158,0.5851647,0.7178556,2.512648,0.5443187,0.4898126,2.492213,0.5395234,0.4421945,2.489704,0.4113736,0.4684373,2.613372,0.4219801,0.103683,2.462791,0.4110286,-0.2190579,2.351218,0.5191156,0.4744531,2.562803,0.5424362,0.1242056,2.586219,0.5243687,-0.3249853,2.639031,0.4972612,0.9581444,2.605164
72057594038042242,0,0.6459507,106254.8,0.4705895,0.4724078,2.619339,0.5048121,1.126753,2.540767,0.3699681,0.9565245,2.665891,0.2175708,0.8449305,2.759252,0.07453506,0.750089,2.822399,0.06126388,0.7359095,2.811669,0.585134,0.9056811,2.547158,0.5851647,0.7178556,2.512648,0.5443187,0.4898126,2.492213,0.5395234,0.4421945,2.489704,0.4113736,0.4684373,2.613372,0.4219801,0.103683,2.462791,0.4110286,-0.2190579,2.351218,0.5191156,0.4744531,2.562803,0.5424362,0.1242056,2.586219,0.5243687,-0.3249853,2.639031,0.4972612,0.9581444,2.605164
72057594038042242,0,0.6459507,106254.8,0.4705895,0.4724078,2.619339,0.5048121,1.126753,2.540767,0.3699681,0.9565245,2.665891,0.2175708,0.8449305,2.759252,0.07453506,0.750089,2.822399,0.06126388,0.7359095,2.811669,0.585134,0.9056811,2.547158,0.5851647,0.7178556,2.512648,0.5443187,0.4898126,2.492213,0.5395234,0.4421945,2.489704,0.4113736,0.4684373,2.613372,0.4219801,0.103683,2.462791,0.4110286,-0.2190579,2.351218,0.5191156,0.4744531,2.562803,0.5424362,0.1242056,2.586219,0.5243687,-0.3249853,2.639031,0.4972612,0.9581444,2.605164
72057594038042242,0,0.6459507,106254.8,0.4705895,0.4724078,2.619339,0.5048121,1.126753,2.540767,0.3699681,0.9565245,2.665891,0.2175708,0.8449305,2.759252,0.07453506,0.750089,2.822399,0.06126388,0.7359095,2.811669,0.585134,0.9056811,2.547158,0.5851647,0.7178556,2.512648,0.5443187,0.4898126,2.492213,0.5395234,0.4421945,2.489704,0.4113736,0.4684373,2.613372,0.4219801,0.103683,2.462791,0.4110286,-0.2190579,2.351218,0.5191156,0.4744531,2.562803,0.5424362,0.1242056,2.586219,0.5243687,-0.3249853,2.639031,0.4972612,0.9581444,2.605164
72057594038042242,0,0.6459507,106254.8,0.4705895,0.4724078,2.619339,0.5048121,1.126753,2.540767,0.3699681,0.9565245,2.665891,0.2175708,0.8449305,2.759252,0.07453506,0.750089,2.822399,0.06126388,0.7359095,2.811669,0.585134,0.9056811,2.547158,0.5851647,0.7178556,2.512648,0.5443187,0.4898126,2.492213,0.5395234,0.4421945,2.489704,0.4113736,0.4684373,2.613372,0.4219801,0.103683,2.462791,0.4110286,-0.2190579,2.351218,0.5191156,0.4744531,2.562803,0.5424362,0.1242056,2.586219,0.5243687,-0.3249853,2.639031,0.4972612,0.9581444,2.605164
72057594038042242,0,0.6459507,106254.8,0.4705895,0.4724078,2.619339,0.5048121,1.126753,2.540767,0.3699681,0.9565245,2.665891,0.2175708,0.8449305,2.759252,0.07453506,0.750089,2.822399,0.06126388,0.7359095,2.811669,0.585134,0.9056811,2.547158,0.5851647,0.7178556,2.512648,0.5443187,0.4898126,2.492213,0.5395234,0.4421945,2.489704,0.4113736,0.4684373,2.613372,0.4219801,0.103683,2.462791,0.4110286,-0.2190579,2.351218,0.5191156,0.4744531,2.562803,0.5424362,0.1242056,2.586219,0.5243687,-0.3249853,2.639031,0.4972612,0.9581444,2.605164
72057594038042242,0,0.6459507,106254.8,0.4705895,0.4724078,2.619339,0.5048121,1.126753,2.540767,0.3699681,0.9565245,2.665891,0.2175708,0.8449305,2.759252,0.07453506,0.750089,2.822399,0.06126388,0.7359095,2.811669,0.585134,0.9056811,2.547158,0.5851647,0.7178556,2.512648,0.5443187,0.4898126,2.492213,0.5395234,0.4421945,2.489704,0.4113736,0.4684373,2.613372,0.4219801,0.103683,2.462791,0.4110286,-0.2190579,2.351218,0.5191156,0.4744531,2.562803,0.5424362,0.1242056,2.586219,0.5243687,-0.3249853,2.639031,0.4972612,0.9581444,2.605164
72057594038042242,0,0.6459507,106254.8,0.4705895,0.4724078,2.619339,0.5048121,1.126753,2.540767,0.3699681,0.9565245,2.665891,0.2175708,0.8449305,2.759252,0.07453506,0.750089,2.822399,0.06126388,0.7359095,2.811669,0.585134,0.9056811,2.547158,0.5851647,0.7178556,2.512648,0.5443187,0.4898126,2.492213,0.5395234,0.4421945,2.489704,0.4113736,0.4684373,2.613372,0.4219801,0.103683,2.462791,0.4110286,-0.2190579,2.351218,0.5191156,0.4744531,2.562803,0.5424362,0.1242056,2.586219,0.5243687,-0.3249853,2.639031,0.4972612,0.9581444,2.605164
72057594038042242,0,0.6459507,106254.8,0.4705895,0.4724078,2.619339,0.5048121,1.126753,2.540767,0.3699681,0.9565245,2.665891,0.2175708,0.8449305,2.759252,0.07453506,0.750089,2.822399,0.06126388,0.7359095,2.811669,0.585134,0.9056811,2.547158,0.5851647,0.7178556,2.512648,0.5443187,0.4898126,2.492213,0.5395234,0.4421945,2.489704,0.4113736,0.4684373,2.613372,0.4219801,0.103683,2.462791,0.4110286,-0.2190579,2.351218,0.5191156,0.4744531,2.562803,0.5424362,0.1242056,2.586219,0.5243687,-0.3249853,2.639031,0.4972612,0.9581444,2.605164
72057594038042242,0,0.6447702,106254.8,0.4649599,0.4711544,2.607373,0.5038232,1.126339,2.539514,0.3670858,0.9537449,2.652036,0.2175492,0.8345844,2.734184,0.07259614,0.7299478,2.778174,0.06002999,0.7238727,2.785266,0.5840484,0.9011167,2.534082,0.5860409,0.7127304,2.505972,0.5296794,0.4863608,2.475086,0.5255093,0.442948,2.47276,0.4048052,0.4678238,2.597903,0.4333166,0.09879625,2.462211,0.4146618,-0.2207885,2.346438,0.5144519,0.4726827,2.554109,0.5414579,0.1134521,2.570837,0.5239075,-0.333749,2.636592,0.4932581,0.9579294,2.594868
72057594038042242,0,0.6447702,106254.8,0.4649599,0.4711544,2.607373,0.5038232,1.126339,2.539514,0.3670858,0.9537449,2.652036,0.2175492,0.8345844,2.734184,0.07259614,0.7299478,2.778174,0.06002999,0.7238727,2.785266,0.5840484,0.9011167,2.534082,0.5860409,0.7127304,2.505972,0.5296794,0.4863608,2.475086,0.5255093,0.442948,2.47276,0.4048052,0.4678238,2.597903,0.4333166,0.09879625,2.462211,0.4146618,-0.2207885,2.346438,0.5144519,0.4726827,2.554109,0.5414579,0.1134521,2.570837,0.5239075,-0.333749,2.636592,0.4932581,0.9579294,2.594868
72057594038042242,0,0.6447702,106254.8,0.4649599,0.4711544,2.607373,0.5038232,1.126339,2.539514,0.3670858,0.9537449,2.652036,0.2175492,0.8345844,2.734184,0.07259614,0.7299478,2.778174,0.06002999,0.7238727,2.785266,0.5840484,0.9011167,2.534082,0.5860409,0.7127304,2.505972,0.5296794,0.4863608,2.475086,0.5255093,0.442948,2.47276,0.4048052,0.4678238,2.597903,0.4333166,0.09879625,2.462211,0.4146618,-0.2207885,2.346438,0.5144519,0.4726827,2.554109,0.5414579,0.1134521,2.570837,0.5239075,-0.333749,2.636592,0.4932581,0.9579294,2.594868
72057594038042242,0,0.6447702,106254.8,0.4649599,0.4711544,2.607373,0.5038232,1.126339,2.539514,0.3670858,0.9537449,2.652036,0.2175492,0.8345844,2.734184,0.07259614,0.7299478,2.778174,0.06002999,0.7238727,2.785266,0.5840484,0.9011167,2.534082,0.5860409,0.7127304,2.505972,0.5296794,0.4863608,2.475086,0.5255093,0.442948,2.47276,0.4048052,0.4678238,2.597903,0.4333166,0.09879625,2.462211,0.4146618,-0.2207885,2.346438,0.5144519,0.4726827,2.554109,0.5414579,0.1134521,2.570837,0.5239075,-0.333749,2.636592,0.4932581,0.9579294,2.594868
72057594038042242,0,0.6447702,106254.8,0.4649599,0.4711544,2.607373,0.5038232,1.126339,2.539514,0.3670858,0.9537449,2.652036,0.2175492,0.8345844,2.734184,0.07259614,0.7299478,2.778174,0.06002999,0.7238727,2.785266,0.5840484,0.9011167,2.534082,0.5860409,0.7127304,2.505972,0.5296794,0.4863608,2.475086,0.5255093,0.442948,2.47276,0.4048052,0.4678238,2.597903,0.4333166,0.09879625,2.462211,0.4146618,-0.2207885,2.346438,0.5144519,0.4726827,2.554109,0.5414579,0.1134521,2.570837,0.5239075,-0.333749,2.636592,0.4932581,0.9579294,2.594868
72057594038042242,0,0.6447702,106254.8,0.4649599,0.4711544,2.607373,0.5038232,1.126339,2.539514,0.3670858,0.9537449,2.652036,0.2175492,0.8345844,2.734184,0.07259614,0.7299478,2.778174,0.06002999,0.7238727,2.785266,0.5840484,0.9011167,2.534082,0.5860409,0.7127304,2.505972,0.5296794,0.4863608,2.475086,0.5255093,0.442948,2.47276,0.4048052,0.4678238,2.597903,0.4333166,0.09879625,2.462211,0.4146618,-0.2207885,2.346438,0.5144519,0.4726827,2.554109,0.5414579,0.1134521,2.570837,0.5239075,-0.333749,2.636592,0.4932581,0.9579294,2.594868
72057594038042242,0,0.6447702,106254.9,0.4649599,0.4711544,2.607373,0.5038232,1.126339,2.539514,0.3670858,0.9537449,2.652036,0.2175492,0.8345844,2.734184,0.07259614,0.7299478,2.778174,0.06002999,0.7238727,2.785266,0.5840484,0.9011167,2.534082,0.5860409,0.7127304,2.505972,0.5296794,0.4863608,2.475086,0.5255093,0.442948,2.47276,0.4048052,0.4678238,2.597903,0.4333166,0.09879625,2.462211,0.4146618,-0.2207885,2.346438,0.5144519,0.4726827,2.554109,0.5414579,0.1134521,2.570837,0.5239075,-0.333749,2.636592,0.4932581,0.9579294,2.594868
72057594038042242,0,0.6447702,106254.9,0.4649599,0.4711544,2.607373,0.5038232,1.126339,2.539514,0.3670858,0.9537449,2.652036,0.2175492,0.8345844,2.734184,0.07259614,0.7299478,2.778174,0.06002999,0.7238727,2.785266,0.5840484,0.9011167,2.534082,0.5860409,0.7127304,2.505972,0.5296794,0.4863608,2.475086,0.5255093,0.442948,2.47276,0.4048052,0.4678238,2.597903,0.4333166,0.09879625,2.462211,0.4146618,-0.2207885,2.346438,0.5144519,0.4726827,2.554109,0.5414579,0.1134521,2.570837,0.5239075,-0.333749,2.636592,0.4932581,0.9579294,2.594868
72057594038042242,0,0.6447702,106254.9,0.4649599,0.4711544,2.607373,0.5038232,1.126339,2.539514,0.3670858,0.9537449,2.652036,0.2175492,0.8345844,2.734184,0.07259614,0.7299478,2.778174,0.06002999,0.7238727,2.785266,0.5840484,0.9011167,2.534082,0.5860409,0.7127304,2.505972,0.5296794,0.4863608,2.475086,0.5255093,0.442948,2.47276,0.4048052,0.4678238,2.597903,0.4333166,0.09879625,2.462211,0.4146618,-0.2207885,2.346438,0.5144519,0.4726827,2.554109,0.5414579,0.1134521,2.570837,0.5239075,-0.333749,2.636592,0.4932581,0.9579294,2.594868
72057594038042242,0,0.6447702,106254.9,0.4649599,0.4711544,2.607373,0.5038232,1.126339,2.539514,0.3670858,0.9537449,2.652036,0.2175492,0.8345844,2.734184,0.07259614,0.7299478,2.778174,0.06002999,0.7238727,2.785266,0.5840484,0.9011167,2.534082,0.5860409,0.7127304,2.505972,0.5296794,0.4863608,2.475086,0.5255093,0.442948,2.47276,0.4048052,0.4678238,2.597903,0.4333166,0.09879625,2.462211,0.4146618,-0.2207885,2.346438,0.5144519,0.4726827,2.554109,0.5414579,0.1134521,2.570837,0.5239075,-0.333749,2.636592,0.4932581,0.9579294,2.594868
72057594038042242,0,0.6447702,106254.9,0.4649599,0.4711544,2.607373,0.5038232,1.126339,2.539514,0.3670858,0.9537449,2.652036,0.2175492,0.8345844,2.734184,0.07259614,0.7299478,2.778174,0.06002999,0.7238727,2.785266,0.5840484,0.9011167,2.534082,0.5860409,0.7127304,2.505972,0.5296794,0.4863608,2.475086,0.5255093,0.442948,2.47276,0.4048052,0.4678238,2.597903,0.4333166,0.09879625,2.462211,0.4146618,-0.2207885,2.346438,0.5144519,0.4726827,2.554109,0.5414579,0.1134521,2.570837,0.5239075,-0.333749,2.636592,0.4932581,0.9579294,2.594868
72057594038042242,0,0.646158,106254.9,0.462014,0.4707097,2.591657,0.4956104,1.126882,2.529088,0.3640261,0.9518421,2.640324,0.2114812,0.8261577,2.719429,0.0688028,0.7191005,2.764673,0.05980774,0.7097694,2.753358,0.582912,0.8968865,2.524011,0.5805428,0.7090642,2.489288,0.5262179,0.4868113,2.46647,0.5214058,0.439918,2.459063,0.4020757,0.4672858,2.581732,0.4264214,0.1307703,2.432448,0.4203705,-0.2219454,2.339339,0.5113691,0.4721763,2.539479,0.5406588,0.1145014,2.557862,0.5265957,-0.3324847,2.6255,0.4906082,0.9561282,2.582998
72057594038042242,0,0.646158,106254.9,0.462014,0.4707097,2.591657,0.4956104,1.126882,2.529088,0.3640261,0.9518421,2.640324,0.2114812,0.8261577,2.719429,0.0688028,0.7191005,2.764673,0.05980774,0.7097694,2.753358,0.582912,0.8968865,2.524011,0.5805428,0.7090642,2.489288,0.5262179,0.4868113,2.46647,0.5214058,0.439918,2.459063,0.4020757,0.4672858,2.581732,0.4264214,0.1307703,2.432448,0.4203705,-0.2219454,2.339339,0.5113691,0.4721763,2.539479,0.5406588,0.1145014,2.557862,0.5265957,-0.3324847,2.6255,0.4906082,0.9561282,2.582998
72057594038042242,0,0.646158,106254.9,0.462014,0.4707097,2.591657,0.4956104,1.126882,2.529088,0.3640261,0.9518421,2.640324,0.2114812,0.8261577,2.719429,0.0688028,0.7191005,2.764673,0.05980774,0.7097694,2.753358,0.582912,0.8968865,2.524011,0.5805428,0.7090642,2.489288,0.5262179,0.4868113,2.46647,0.5214058,0.439918,2.459063,0.4020757,0.4672858,2.581732,0.4264214,0.1307703,2.432448,0.4203705,-0.2219454,2.339339,0.5113691,0.4721763,2.539479,0.5406588,0.1145014,2.557862,0.5265957,-0.3324847,2.6255,0.4906082,0.9561282,2.582998
72057594038042242,0,0.646158,106254.9,0.462014,0.4707097,2.591657,0.4956104,1.126882,2.529088,0.3640261,0.9518421,2.640324,0.2114812,0.8261577,2.719429,0.0688028,0.7191005,2.764673,0.05980774,0.7097694,2.753358,0.582912,0.8968865,2.524011,0.5805428,0.7090642,2.489288,0.5262179,0.4868113,2.46647,0.5214058,0.439918,2.459063,0.4020757,0.4672858,2.581732,0.4264214,0.1307703,2.432448,0.4203705,-0.2219454,2.339339,0.5113691,0.4721763,2.539479,0.5406588,0.1145014,2.557862,0.5265957,-0.3324847,2.6255,0.4906082,0.9561282,2.582998
72057594038042242,0,0.646158,106254.9,0.462014,0.4707097,2.591657,0.4956104,1.126882,2.529088,0.3640261,0.9518421,2.640324,0.2114812,0.8261577,2.719429,0.0688028,0.7191005,2.764673,0.05980774,0.7097694,2.753358,0.582912,0.8968865,2.524011,0.5805428,0.7090642,2.489288,0.5262179,0.4868113,2.46647,0.5214058,0.439918,2.459063,0.4020757,0.4672858,2.581732,0.4264214,0.1307703,2.432448,0.4203705,-0.2219454,2.339339,0.5113691,0.4721763,2.539479,0.5406588,0.1145014,2.557862,0.5265957,-0.3324847,2.6255,0.4906082,0.9561282,2.582998
72057594038042242,0,0.646158,106254.9,0.462014,0.4707097,2.591657,0.4956104,1.126882,2.529088,0.3640261,0.9518421,2.640324,0.2114812,0.8261577,2.719429,0.0688028,0.7191005,2.764673,0.05980774,0.7097694,2.753358,0.582912,0.8968865,2.524011,0.5805428,0.7090642,2.489288,0.5262179,0.4868113,2.46647,0.5214058,0.439918,2.459063,0.4020757,0.4672858,2.581732,0.4264214,0.1307703,2.432448,0.4203705,-0.2219454,2.339339,0.5113691,0.4721763,2.539479,0.5406588,0.1145014,2.557862,0.5265957,-0.3324847,2.6255,0.4906082,0.9561282,2.582998
72057594038042242,0,0.646158,106254.9,0.462014,0.4707097,2.591657,0.4956104,1.126882,2.529088,0.3640261,0.9518421,2.640324,0.2114812,0.8261577,2.719429,0.0688028,0.7191005,2.764673,0.05980774,0.7097694,2.753358,0.582912,0.8968865,2.524011,0.5805428,0.7090642,2.489288,0.5262179,0.4868113,2.46647,0.5214058,0.439918,2.459063,0.4020757,0.4672858,2.581732,0.4264214,0.1307703,2.432448,0.4203705,-0.2219454,2.339339,0.5113691,0.4721763,2.539479,0.5406588,0.1145014,2.557862,0.5265957,-0.3324847,2.6255,0.4906082,0.9561282,2.582998
72057594038042242,0,0.646158,106254.9,0.462014,0.4707097,2.591657,0.4956104,1.126882,2.529088,0.3640261,0.9518421,2.640324,0.2114812,0.8261577,2.719429,0.0688028,0.7191005,2.764673,0.05980774,0.7097694,2.753358,0.582912,0.8968865,2.524011,0.5805428,0.7090642,2.489288,0.5262179,0.4868113,2.46647,0.5214058,0.439918,2.459063,0.4020757,0.4672858,2.581732,0.4264214,0.1307703,2.432448,0.4203705,-0.2219454,2.339339,0.5113691,0.4721763,2.539479,0.5406588,0.1145014,2.557862,0.5265957,-0.3324847,2.6255,0.4906082,0.9561282,2.582998
72057594038042242,0,0.646158,106254.9,0.462014,0.4707097,2.591657,0.4956104,1.126882,2.529088,0.3640261,0.9518421,2.640324,0.2114812,0.8261577,2.719429,0.0688028,0.7191005,2.764673,0.05980774,0.7097694,2.753358,0.582912,0.8968865,2.524011,0.5805428,0.7090642,2.489288,0.5262179,0.4868113,2.46647,0.5214058,0.439918,2.459063,0.4020757,0.4672858,2.581732,0.4264214,0.1307703,2.432448,0.4203705,-0.2219454,2.339339,0.5113691,0.4721763,2.539479,0.5406588,0.1145014,2.557862,0.5265957,-0.3324847,2.6255,0.4906082,0.9561282,2.582998
72057594038042242,0,0.646158,106254.9,0.462014,0.4707097,2.591657,0.4956104,1.126882,2.529088,0.3640261,0.9518421,2.640324,0.2114812,0.8261577,2.719429,0.0688028,0.7191005,2.764673,0.05980774,0.7097694,2.753358,0.582912,0.8968865,2.524011,0.5805428,0.7090642,2.489288,0.5262179,0.4868113,2.46647,0.5214058,0.439918,2.459063,0.4020757,0.4672858,2.581732,0.4264214,0.1307703,2.432448,0.4203705,-0.2219454,2.339339,0.5113691,0.4721763,2.539479,0.5406588,0.1145014,2.557862,0.5265957,-0.3324847,2.6255,0.4906082,0.9561282,2.582998
72057594038042242,0,0.651769,106254.9,0.4633384,0.4690235,2.57633,0.4932327,1.125393,2.523538,0.357765,0.9481176,2.627487,0.2106792,0.8157907,2.69281,0.07128441,0.6986088,2.724368,0.03522064,0.6711131,2.727872,0.5744607,0.8959794,2.514262,0.5691183,0.680368,2.464985,0.5267617,0.4847364,2.447247,0.519794,0.4389807,2.442556,0.4032878,0.4644199,2.568452,0.4246174,0.1344697,2.420774,0.4227685,-0.2218344,2.336842,0.5126891,0.4717825,2.521787,0.5416498,0.115614,2.542043,0.5274726,-0.3313974,2.609653,0.485912,0.9544405,2.57188
72057594038042242,0,0.651769,106254.9,0.4633384,0.4690235,2.57633,0.4932327,1.125393,2.523538,0.357765,0.9481176,2.627487,0.2106792,0.8157907,2.69281,0.07128441,0.6986088,2.724368,0.03522064,0.6711131,2.727872,0.5744607,0.8959794,2.514262,0.5691183,0.680368,2.464985,0.5267617,0.4847364,2.447247,0.519794,0.4389807,2.442556,0.4032878,0.4644199,2.568452,0.4246174,0.1344697,2.420774,0.4227685,-0.2218344,2.336842,0.5126891,0.4717825,2.521787,0.5416498,0.115614,2.542043,0.5274726,-0.3313974,2.609653,0.485912,0.9544405,2.57188
72057594038042242,0,0.651769,106254.9,0.4633384,0.4690235,2.57633,0.4932327,1.125393,2.523538,0.357765,0.9481176,2.627487,0.2106792,0.8157907,2.69281,0.07128441,0.6986088,2.724368,0.03522064,0.6711131,2.727872,0.5744607,0.8959794,2.514262,0.5691183,0.680368,2.464985,0.5267617,0.4847364,2.447247,0.519794,0.4389807,2.442556,0.4032878,0.4644199,2.568452,0.4246174,0.1344697,2.420774,0.4227685,-0.2218344,2.336842,0.5126891,0.4717825,2.521787,0.5416498,0.115614,2.542043,0.5274726,-0.3313974,2.609653,0.485912,0.9544405,2.57188
72057594038042242,0,0.651769,106254.9,0.4633384,0.4690235,2.57633,0.4932327,1.125393,2.523538,0.357765,0.9481176,2.627487,0.2106792,0.8157907,2.69281,0.07128441,0.6986088,2.724368,0.03522064,0.6711131,2.727872,0.5744607,0.8959794,2.514262,0.5691183,0.680368,2.464985,0.5267617,0.4847364,2.447247,0.519794,0.4389807,2.442556,0.4032878,0.4644199,2.568452,0.4246174,0.1344697,2.420774,0.4227685,-0.2218344,2.336842,0.5126891,0.4717825,2.521787,0.5416498,0.115614,2.542043,0.5274726,-0.3313974,2.609653,0.485912,0.9544405,2.57188
72057594038042242,0,0.651769,106254.9,0.4633384,0.4690235,2.57633,0.4932327,1.125393,2.523538,0.357765,0.9481176,2.627487,0.2106792,0.8157907,2.69281,0.07128441,0.6986088,2.724368,0.03522064,0.6711131,2.727872,0.5744607,0.8959794,2.514262,0.5691183,0.680368,2.464985,0.5267617,0.4847364,2.447247,0.519794,0.4389807,2.442556,0.4032878,0.4644199,2.568452,0.4246174,0.1344697,2.420774,0.4227685,-0.2218344,2.336842,0.5126891,0.4717825,2.521787,0.5416498,0.115614,2.542043,0.5274726,-0.3313974,2.609653,0.485912,0.9544405,2.57188
72057594038042242,0,0.651769,106254.9,0.4633384,0.4690235,2.57633,0.4932327,1.125393,2.523538,0.357765,0.9481176,2.627487,0.2106792,0.8157907,2.69281,0.07128441,0.6986088,2.724368,0.03522064,0.6711131,2.727872,0.5744607,0.8959794,2.514262,0.5691183,0.680368,2.464985,0.5267617,0.4847364,2.447247,0.519794,0.4389807,2.442556,0.4032878,0.4644199,2.568452,0.4246174,0.1344697,2.420774,0.4227685,-0.2218344,2.336842,0.5126891,0.4717825,2.521787,0.5416498,0.115614,2.542043,0.5274726,-0.3313974,2.609653,0.485912,0.9544405,2.57188
72057594038042242,0,0.651769,106254.9,0.4633384,0.4690235,2.57633,0.4932327,1.125393,2.523538,0.357765,0.9481176,2.627487,0.2106792,0.8157907,2.69281,0.07128441,0.6986088,2.724368,0.03522064,0.6711131,2.727872,0.5744607,0.8959794,2.514262,0.5691183,0.680368,2.464985,0.5267617,0.4847364,2.447247,0.519794,0.4389807,2.442556,0.4032878,0.4644199,2.568452,0.4246174,0.1344697,2.420774,0.4227685,-0.2218344,2.336842,0.5126891,0.4717825,2.521787,0.5416498,0.115614,2.542043,0.5274726,-0.3313974,2.609653,0.485912,0.9544405,2.57188
72057594038042242,0,0.651769,106254.9,0.4633384,0.4690235,2.57633,0.4932327,1.125393,2.523538,0.357765,0.9481176,2.627487,0.2106792,0.8157907,2.69281,0.07128441,0.6986088,2.724368,0.03522064,0.6711131,2.727872,0.5744607,0.8959794,2.514262,0.5691183,0.680368,2.464985,0.5267617,0.4847364,2.447247,0.519794,0.4389807,2.442556,0.4032878,0.4644199,2.568452,0.4246174,0.1344697,2.420774,0.4227685,-0.2218344,2.336842,0.5126891,0.4717825,2.521787,0.5416498,0.115614,2.542043,0.5274726,-0.3313974,2.609653,0.485912,0.9544405,2.57188
72057594038042242,0,0.651769,106254.9,0.4633384,0.4690235,2.57633,0.4932327,1.125393,2.523538,0.357765,0.9481176,2.627487,0.2106792,0.8157907,2.69281,0.07128441,0.6986088,2.724368,0.03522064,0.6711131,2.727872,0.5744607,0.8959794,2.514262,0.5691183,0.680368,2.464985,0.5267617,0.4847364,2.447247,0.519794,0.4389807,2.442556,0.4032878,0.4644199,2.568452,0.4246174,0.1344697,2.420774,0.4227685,-0.2218344,2.336842,0.5126891,0.4717825,2.521787,0.5416498,0.115614,2.542043,0.5274726,-0.3313974,2.609653,0.485912,0.9544405,2.57188
72057594038042242,0,0.651769,106254.9,0.4633384,0.4690235,2.57633,0.4932327,1.125393,2.523538,0.357765,0.9481176,2.627487,0.2106792,0.8157907,2.69281,0.07128441,0.6986088,2.724368,0.03522064,0.6711131,2.727872,0.5744607,0.8959794,2.514262,0.5691183,0.680368,2.464985,0.5267617,0.4847364,2.447247,0.519794,0.4389807,2.442556,0.4032878,0.4644199,2.568452,0.4246174,0.1344697,2.420774,0.4227685,-0.2218344,2.336842,0.5126891,0.4717825,2.521787,0.5416498,0.115614,2.542043,0.5274726,-0.3313974,2.609653,0.485912,0.9544405,2.57188
72057594038042242,0,0.654451,106254.9,0.4626978,0.4700589,2.561379,0.4874652,1.124779,2.515579,0.3537837,0.9429778,2.608073,0.2082242,0.8042476,2.674143,0.07136728,0.6807824,2.694758,0.05586074,0.6693996,2.689077,0.574901,0.896494,2.514529,0.5514851,0.6471959,2.453876,0.5300719,0.4317091,2.419934,0.5171426,0.3959779,2.432272,0.3993718,0.4651385,2.550913,0.4277412,0.1375178,2.412168,0.4256145,-0.22377,2.334202,0.5147558,0.4729503,2.509053,0.5373459,0.1089721,2.530377,0.5279325,-0.3376423,2.600552,0.4854038,0.9551288,2.569774
72057594038042242,0,0.654451,106254.9,0.4626978,0.4700589,2.561379,0.4874652,1.124779,2.515579,0.3537837,0.9429778,2.608073,0.2082242,0.8042476,2.674143,0.07136728,0.6807824,2.694758,0.05586074,0.6693996,2.689077,0.574901,0.896494,2.514529,0.5514851,0.6471959,2.453876,0.5300719,0.4317091,2.419934,0.5171426,0.3959779,2.432272,0.3993718,0.4651385,2.550913,0.4277412,0.1375178,2.412168,0.4256145,-0.22377,2.334202,0.5147558,0.4729503,2.509053,0.5373459,0.1089721,2.530377,0.5279325,-0.3376423,2.600552,0.4854038,0.9551288,2.569774
72057594038042242,0,0.654451,106254.9,0.4626978,0.4700589,2.561379,0.4874652,1.124779,2.515579,0.3537837,0.9429778,2.608073,0.2082242,0.8042476,2.674143,0.07136728,0.6807824,2.694758,0.05586074,0.6693996,2.689077,0.574901,0.896494,2.514529,0.5514851,0.6471959,2.453876,0.5300719,0.4317091,2.419934,0.5171426,0.3959779,2.432272,0.3993718,0.4651385,2.550913,0.4277412,0.1375178,2.412168,0.4256145,-0.22377,2.334202,0.5147558,0.4729503,2.509053,0.5373459,0.1089721,2.530377,0.5279325,-0.3376423,2.600552,0.4854038,0.9551288,2.569774
72057594038042242,0,0.654451,106254.9,0.4626978,0.4700589,2.561379,0.4874652,1.124779,2.515579,0.3537837,0.9429778,2.608073,0.2082242,0.8042476,2.674143,0.07136728,0.6807824,2.694758,0.05586074,0.6693996,2.689077,0.574901,0.896494,2.514529,0.5514851,0.6471959,2.453876,0.5300719,0.4317091,2.419934,0.5171426,0.3959779,2.432272,0.3993718,0.4651385,2.550913,0.4277412,0.1375178,2.412168,0.4256145,-0.22377,2.334202,0.5147558,0.4729503,2.509053,0.5373459,0.1089721,2.530377,0.5279325,-0.3376423,2.600552,0.4854038,0.9551288,2.569774
72057594038042242,0,0.654451,106254.9,0.4626978,0.4700589,2.561379,0.4874652,1.124779,2.515579,0.3537837,0.9429778,2.608073,0.2082242,0.8042476,2.674143,0.07136728,0.6807824,2.694758,0.05586074,0.6693996,2.689077,0.574901,0.896494,2.514529,0.5514851,0.6471959,2.453876,0.5300719,0.4317091,2.419934,0.5171426,0.3959779,2.432272,0.3993718,0.4651385,2.550913,0.4277412,0.1375178,2.412168,0.4256145,-0.22377,2.334202,0.5147558,0.4729503,2.509053,0.5373459,0.1089721,2.530377,0.5279325,-0.3376423,2.600552,0.4854038,0.9551288,2.569774
72057594038042242,0,0.654451,106255,0.4626978,0.4700589,2.561379,0.4874652,1.124779,2.515579,0.3537837,0.9429778,2.608073,0.2082242,0.8042476,2.674143,0.07136728,0.6807824,2.694758,0.05586074,0.6693996,2.689077,0.574901,0.896494,2.514529,0.5514851,0.6471959,2.453876,0.5300719,0.4317091,2.419934,0.5171426,0.3959779,2.432272,0.3993718,0.4651385,2.550913,0.4277412,0.1375178,2.412168,0.4256145,-0.22377,2.334202,0.5147558,0.4729503,2.509053,0.5373459,0.1089721,2.530377,0.5279325,-0.3376423,2.600552,0.4854038,0.9551288,2.569774
72057594038042242,0,0.654451,106255,0.4626978,0.4700589,2.561379,0.4874652,1.124779,2.515579,0.3537837,0.9429778,2.608073,0.2082242,0.8042476,2.674143,0.07136728,0.6807824,2.694758,0.05586074,0.6693996,2.689077,0.574901,0.896494,2.514529,0.5514851,0.6471959,2.453876,0.5300719,0.4317091,2.419934,0.5171426,0.3959779,2.432272,0.3993718,0.4651385,2.550913,0.4277412,0.1375178,2.412168,0.4256145,-0.22377,2.334202,0.5147558,0.4729503,2.509053,0.5373459,0.1089721,2.530377,0.5279325,-0.3376423,2.600552,0.4854038,0.9551288,2.569774
72057594038042242,0,0.654451,106255,0.4626978,0.4700589,2.561379,0.4874652,1.124779,2.515579,0.3537837,0.9429778,2.608073,0.2082242,0.8042476,2.674143,0.07136728,0.6807824,2.694758,0.05586074,0.6693996,2.689077,0.574901,0.896494,2.514529,0.5514851,0.6471959,2.453876,0.5300719,0.4317091,2.419934,0.5171426,0.3959779,2.432272,0.3993718,0.4651385,2.550913,0.4277412,0.1375178,2.412168,0.4256145,-0.22377,2.334202,0.5147558,0.4729503,2.509053,0.5373459,0.1089721,2.530377,0.5279325,-0.3376423,2.600552,0.4854038,0.9551288,2.569774
72057594038042242,0,0.654451,106255,0.4626978,0.4700589,2.561379,0.4874652,1.124779,2.515579,0.3537837,0.9429778,2.608073,0.2082242,0.8042476,2.674143,0.07136728,0.6807824,2.694758,0.05586074,0.6693996,2.689077,0.574901,0.896494,2.514529,0.5514851,0.6471959,2.453876,0.5300719,0.4317091,2.419934,0.5171426,0.3959779,2.432272,0.3993718,0.4651385,2.550913,0.4277412,0.1375178,2.412168,0.4256145,-0.22377,2.334202,0.5147558,0.4729503,2.509053,0.5373459,0.1089721,2.530377,0.5279325,-0.3376423,2.600552,0.4854038,0.9551288,2.569774
72057594038042242,0,0.654451,106255,0.4626978,0.4700589,2.561379,0.4874652,1.124779,2.515579,0.3537837,0.9429778,2.608073,0.2082242,0.8042476,2.674143,0.07136728,0.6807824,2.694758,0.05586074,0.6693996,2.689077,0.574901,0.896494,2.514529,0.5514851,0.6471959,2.453876,0.5300719,0.4317091,2.419934,0.5171426,0.3959779,2.432272,0.3993718,0.4651385,2.550913,0.4277412,0.1375178,2.412168,0.4256145,-0.22377,2.334202,0.5147558,0.4729503,2.509053,0.5373459,0.1089721,2.530377,0.5279325,-0.3376423,2.600552,0.4854038,0.9551288,2.569774
72057594038042242,0,0.6518762,106255,0.4547555,0.4723005,2.544815,0.4751047,1.131858,2.501193,0.3495262,0.9414951,2.595253,0.2090099,0.7958695,2.651132,0.07720869,0.6652596,2.663298,0.06067667,0.6537087,2.656592,0.5628789,0.8990305,2.484796,0.5536026,0.6762439,2.44322,0.5232,0.4818837,2.40821,0.5156376,0.438092,2.414245,0.3920878,0.4667064,2.534254,0.4425249,0.1665244,2.398041,0.4256445,-0.2228346,2.333542,0.5067616,0.4756936,2.493377,0.5384092,0.1675196,2.46785,0.5289602,-0.2743596,2.561816,0.4755177,0.9605181,2.547142
72057594038042242,0,0.6518762,106255,0.4547555,0.4723005,2.544815,0.4751047,1.131858,2.501193,0.3495262,0.9414951,2.595253,0.2090099,0.7958695,2.651132,0.07720869,0.6652596,2.663298,0.06067667,0.6537087,2.656592,0.5628789,0.8990305,2.484796,0.5536026,0.6762439,2.44322,0.5232,0.4818837,2.40821,0.5156376,0.438092,2.414245,0.3920878,0.4667064,2.534254,0.4425249,0.1665244,2.398041,0.4256445,-0.2228346,2.333542,0.5067616,0.4756936,2.493377,0.5384092,0.1675196,2.46785,0.5289602,-0.2743596,2.561816,0.4755177,0.9605181,2.547142
72057594038042242,0,0.6518762,106255,0.4547555,0.4723005,2.544815,0.4751047,1.131858,2.501193,0.3495262,0.9414951,2.595253,0.2090099,0.7958695,2.651132,0.07720869,0.6652596,2.663298,0.06067667,0.6537087,2.656592,0.5628789,0.8990305,2.484796,0.5536026,0.6762439,2.44322,0.5232,0.4818837,2.40821,0.5156376,0.438092,2.414245,0.3920878,0.4667064,2.534254,0.4425249,0.1665244,2.398041,0.4256445,-0.2228346,2.333542,0.5067616,0.4756936,2.493377,0.5384092,0.1675196,2.46785,0.5289602,-0.2743596,2.561816,0.4755177,0.9605181,2.547142
72057594038042242,0,0.6518762,106255,0.4547555,0.4723005,2.544815,0.4751047,1.131858,2.501193,0.3495262,0.9414951,2.595253,0.2090099,0.7958695,2.651132,0.07720869,0.6652596,2.663298,0.06067667,0.6537087,2.656592,0.5628789,0.8990305,2.484796,0.5536026,0.6762439,2.44322,0.5232,0.4818837,2.40821,0.5156376,0.438092,2.414245,0.3920878,0.4667064,2.534254,0.4425249,0.1665244,2.398041,0.4256445,-0.2228346,2.333542,0.5067616,0.4756936,2.493377,0.5384092,0.1675196,2.46785,0.5289602,-0.2743596,2.561816,0.4755177,0.9605181,2.547142
72057594038042242,0,0.6518762,106255,0.4547555,0.4723005,2.544815,0.4751047,1.131858,2.501193,0.3495262,0.9414951,2.595253,0.2090099,0.7958695,2.651132,0.07720869,0.6652596,2.663298,0.06067667,0.6537087,2.656592,0.5628789,0.8990305,2.484796,0.5536026,0.6762439,2.44322,0.5232,0.4818837,2.40821,0.5156376,0.438092,2.414245,0.3920878,0.4667064,2.534254,0.4425249,0.1665244,2.398041,0.4256445,-0.2228346,2.333542,0.5067616,0.4756936,2.493377,0.5384092,0.1675196,2.46785,0.5289602,-0.2743596,2.561816,0.4755177,0.9605181,2.547142
72057594038042242,0,0.6518762,106255,0.4547555,0.4723005,2.544815,0.4751047,1.131858,2.501193,0.3495262,0.9414951,2.595253,0.2090099,0.7958695,2.651132,0.07720869,0.6652596,2.663298,0.06067667,0.6537087,2.656592,0.5628789,0.8990305,2.484796,0.5536026,0.6762439,2.44322,0.5232,0.4818837,2.40821,0.5156376,0.438092,2.414245,0.3920878,0.4667064,2.534254,0.4425249,0.1665244,2.398041,0.4256445,-0.2228346,2.333542,0.5067616,0.4756936,2.493377,0.5384092,0.1675196,2.46785,0.5289602,-0.2743596,2.561816,0.4755177,0.9605181,2.547142
72057594038042242,0,0.6518762,106255,0.4547555,0.4723005,2.544815,0.4751047,1.131858,2.501193,0.3495262,0.9414951,2.595253,0.2090099,0.7958695,2.651132,0.07720869,0.6652596,2.663298,0.06067667,0.6537087,2.656592,0.5628789,0.8990305,2.484796,0.5536026,0.6762439,2.44322,0.5232,0.4818837,2.40821,0.5156376,0.438092,2.414245,0.3920878,0.4667064,2.534254,0.4425249,0.1665244,2.398041,0.4256445,-0.2228346,2.333542,0.5067616,0.4756936,2.493377,0.5384092,0.1675196,2.46785,0.5289602,-0.2743596,2.561816,0.4755177,0.9605181,2.547142
72057594038042242,0,0.6518762,106255,0.4547555,0.4723005,2.544815,0.4751047,1.131858,2.501193,0.3495262,0.9414951,2.595253,0.2090099,0.7958695,2.651132,0.07720869,0.6652596,2.663298,0.06067667,0.6537087,2.656592,0.5628789,0.8990305,2.484796,0.5536026,0.6762439,2.44322,0.5232,0.4818837,2.40821,0.5156376,0.438092,2.414245,0.3920878,0.4667064,2.534254,0.4425249,0.1665244,2.398041,0.4256445,-0.2228346,2.333542,0.5067616,0.4756936,2.493377,0.5384092,0.1675196,2.46785,0.5289602,-0.2743596,2.561816,0.4755177,0.9605181,2.547142
72057594038042242,0,0.6518762,106255,0.4547555,0.4723005,2.544815,0.4751047,1.131858,2.501193,0.3495262,0.9414951,2.595253,0.2090099,0.7958695,2.651132,0.07720869,0.6652596,2.663298,0.06067667,0.6537087,2.656592,0.5628789,0.8990305,2.484796,0.5536026,0.6762439,2.44322,0.5232,0.4818837,2.40821,0.5156376,0.438092,2.414245,0.3920878,0.4667064,2.534254,0.4425249,0.1665244,2.398041,0.4256445,-0.2228346,2.333542,0.5067616,0.4756936,2.493377,0.5384092,0.1675196,2.46785,0.5289602,-0.2743596,2.561816,0.4755177,0.9605181,2.547142
72057594038042242,0,0.6518762,106255,0.4547555,0.4723005,2.544815,0.4751047,1.131858,2.501193,0.3495262,0.9414951,2.595253,0.2090099,0.7958695,2.651132,0.07720869,0.6652596,2.663298,0.06067667,0.6537087,2.656592,0.5628789,0.8990305,2.484796,0.5536026,0.6762439,2.44322,0.5232,0.4818837,2.40821,0.5156376,0.438092,2.414245,0.3920878,0.4667064,2.534254,0.4425249,0.1665244,2.398041,0.4256445,-0.2228346,2.333542,0.5067616,0.4756936,2.493377,0.5384092,0.1675196,2.46785,0.5289602,-0.2743596,2.561816,0.4755177,0.9605181,2.547142
72057594038042242,0,0.6518762,106255,0.4547555,0.4723005,2.544815,0.4751047,1.131858,2.501193,0.3495262,0.9414951,2.595253,0.2090099,0.7958695,2.651132,0.07720869,0.6652596,2.663298,0.06067667,0.6537087,2.656592,0.5628789,0.8990305,2.484796,0.5536026,0.6762439,2.44322,0.5232,0.4818837,2.40821,0.5156376,0.438092,2.414245,0.3920878,0.4667064,2.534254,0.4425249,0.1665244,2.398041,0.4256445,-0.2228346,2.333542,0.5067616,0.4756936,2.493377,0.5384092,0.1675196,2.46785,0.5289602,-0.2743596,2.561816,0.4755177,0.9605181,2.547142
72057594038042242,0,0.6475937,106255,0.4420685,0.472236,2.529179,0.4700024,1.131996,2.497577,0.3441817,0.9397868,2.583112,0.2063907,0.7859138,2.624502,0.08648235,0.6430085,2.625414,0.07537083,0.6423059,2.621939,0.5594963,0.896553,2.476631,0.5516315,0.6790515,2.438738,0.5221663,0.4697213,2.400946,0.5061933,0.4213884,2.402473,0.379885,0.4666517,2.517599,0.4353601,0.173972,2.375495,0.4255723,-0.2224811,2.332823,0.4937589,0.4756277,2.478534,0.5296646,0.1196311,2.486827,0.5249878,-0.3185134,2.571431,0.4684632,0.9606872,2.536372
72057594038042242,0,0.6475937,106255,0.4420685,0.472236,2.529179,0.4700024,1.131996,2.497577,0.3441817,0.9397868,2.583112,0.2063907,0.7859138,2.624502,0.08648235,0.6430085,2.625414,0.07537083,0.6423059,2.621939,0.5594963,0.896553,2.476631,0.5516315,0.6790515,2.438738,0.5221663,0.4697213,2.400946,0.5061933,0.4213884,2.402473,0.379885,0.4666517,2.517599,0.4353601,0.173972,2.375495,0.4255723,-0.2224811,2.332823,0.4937589,0.4756277,2.478534,0.5296646,0.1196311,2.486827,0.5249878,-0.3185134,2.571431,0.4684632,0.9606872,2.536372
72057594038042242,0,0.6475937,106255,0.4420685,0.472236,2.529179,0.4700024,1.131996,2.497577,0.3441817,0.9397868,2.583112,0.2063907,0.7859138,2.624502,0.08648235,0.6430085,2.625414,0.07537083,0.6423059,2.621939,0.5594963,0.896553,2.476631,0.5516315,0.6790515,2.438738,0.5221663,0.4697213,2.400946,0.5061933,0.4213884,2.402473,0.379885,0.4666517,2.517599,0.4353601,0.173972,2.375495,0.4255723,-0.2224811,2.332823,0.4937589,0.4756277,2.478534,0.5296646,0.1196311,2.486827,0.5249878,-0.3185134,2.571431,0.4684632,0.9606872,2.536372
72057594038042242,0,0.6475937,106255,0.4420685,0.472236,2.529179,0.4700024,1.131996,2.497577,0.3441817,0.9397868,2.583112,0.2063907,0.7859138,2.624502,0.08648235,0.6430085,2.625414,0.07537083,0.6423059,2.621939,0.5594963,0.896553,2.476631,0.5516315,0.6790515,2.438738,0.5221663,0.4697213,2.400946,0.5061933,0.4213884,2.402473,0.379885,0.4666517,2.517599,0.4353601,0.173972,2.375495,0.4255723,-0.2224811,2.332823,0.4937589,0.4756277,2.478534,0.5296646,0.1196311,2.486827,0.5249878,-0.3185134,2.571431,0.4684632,0.9606872,2.536372
72057594038042242,0,0.6475937,106255,0.4420685,0.472236,2.529179,0.4700024,1.131996,2.497577,0.3441817,0.9397868,2.583112,0.2063907,0.7859138,2.624502,0.08648235,0.6430085,2.625414,0.07537083,0.6423059,2.621939,0.5594963,0.896553,2.476631,0.5516315,0.6790515,2.438738,0.5221663,0.4697213,2.400946,0.5061933,0.4213884,2.402473,0.379885,0.4666517,2.517599,0.4353601,0.173972,2.375495,0.4255723,-0.2224811,2.332823,0.4937589,0.4756277,2.478534,0.5296646,0.1196311,2.486827,0.5249878,-0.3185134,2.571431,0.4684632,0.9606872,2.536372
72057594038042242,0,0.6475937,106255,0.4420685,0.472236,2.529179,0.4700024,1.131996,2.497577,0.3441817,0.9397868,2.583112,0.2063907,0.7859138,2.624502,0.08648235,0.6430085,2.625414,0.07537083,0.6423059,2.621939,0.5594963,0.896553,2.476631,0.5516315,0.6790515,2.438738,0.5221663,0.4697213,2.400946,0.5061933,0.4213884,2.402473,0.379885,0.4666517,2.517599,0.4353601,0.173972,2.375495,0.4255723,-0.2224811,2.332823,0.4937589,0.4756277,2.478534,0.5296646,0.1196311,2.486827,0.5249878,-0.3185134,2.571431,0.4684632,0.9606872,2.536372
72057594038042242,0,0.6475937,106255,0.4420685,0.472236,2.529179,0.4700024,1.131996,2.497577,0.3441817,0.9397868,2.583112,0.2063907,0.7859138,2.624502,0.08648235,0.6430085,2.625414,0.07537083,0.6423059,2.621939,0.5594963,0.896553,2.476631,0.5516315,0.6790515,2.438738,0.5221663,0.4697213,2.400946,0.5061933,0.4213884,2.402473,0.379885,0.4666517,2.517599,0.4353601,0.173972,2.375495,0.4255723,-0.2224811,2.332823,0.4937589,0.4756277,2.478534,0.5296646,0.1196311,2.486827,0.5249878,-0.3185134,2.571431,0.4684632,0.9606872,2.536372
72057594038042242,0,0.6475937,106255,0.4420685,0.472236,2.529179,0.4700024,1.131996,2.497577,0.3441817,0.9397868,2.583112,0.2063907,0.7859138,2.624502,0.08648235,0.6430085,2.625414,0.07537083,0.6423059,2.621939,0.5594963,0.896553,2.476631,0.5516315,0.6790515,2.438738,0.5221663,0.4697213,2.400946,0.5061933,0.4213884,2.402473,0.379885,0.4666517,2.517599,0.4353601,0.173972,2.375495,0.4255723,-0.2224811,2.332823,0.4937589,0.4756277,2.478534,0.5296646,0.1196311,2.486827,0.5249878,-0.3185134,2.571431,0.4684632,0.9606872,2.536372
72057594038042242,0,0.6475937,106255,0.4420685,0.472236,2.529179,0.4700024,1.131996,2.497577,0.3441817,0.9397868,2.583112,0.2063907,0.7859138,2.624502,0.08648235,0.6430085,2.625414,0.07537083,0.6423059,2.621939,0.5594963,0.896553,2.476631,0.5516315,0.6790515,2.438738,0.5221663,0.4697213,2.400946,0.5061933,0.4213884,2.402473,0.379885,0.4666517,2.517599,0.4353601,0.173972,2.375495,0.4255723,-0.2224811,2.332823,0.4937589,0.4756277,2.478534,0.5296646,0.1196311,2.486827,0.5249878,-0.3185134,2.571431,0.4684632,0.9606872,2.536372
72057594038042242,0,0.6475937,106255,0.4420685,0.472236,2.529179,0.4700024,1.131996,2.497577,0.3441817,0.9397868,2.583112,0.2063907,0.7859138,2.624502,0.08648235,0.6430085,2.625414,0.07537083,0.6423059,2.621939,0.5594963,0.896553,2.476631,0.5516315,0.6790515,2.438738,0.5221663,0.4697213,2.400946,0.5061933,0.4213884,2.402473,0.379885,0.4666517,2.517599,0.4353601,0.173972,2.375495,0.4255723,-0.2224811,2.332823,0.4937589,0.4756277,2.478534,0.5296646,0.1196311,2.486827,0.5249878,-0.3185134,2.571431,0.4684632,0.9606872,2.536372
72057594038042242,0,0.6445035,106255,0.437499,0.4756738,2.522078,0.4596077,1.135451,2.484629,0.3376231,0.9366853,2.569057,0.2076133,0.7717853,2.600655,0.08896443,0.6276229,2.596493,0.07138202,0.6096515,2.586128,0.5574639,0.8965318,2.47069,0.5489061,0.6803584,2.427285,0.5170084,0.483794,2.388427,0.4998164,0.4383968,2.390481,0.373449,0.4687618,2.510895,0.4108008,0.1166407,2.346437,0.4258368,-0.2237599,2.33092,0.4909199,0.4805182,2.470636,0.5419614,0.1750989,2.433683,0.5357297,-0.264661,2.536453,0.4654675,0.9611697,2.531251
72057594038042242,0,0.6445035,106255,0.437499,0.4756738,2.522078,0.4596077,1.135451,2.484629,0.3376231,0.9366853,2.569057,0.2076133,0.7717853,2.600655,0.08896443,0.6276229,2.596493,0.07138202,0.6096515,2.586128,0.5574639,0.8965318,2.47069,0.5489061,0.6803584,2.427285,0.5170084,0.483794,2.388427,0.4998164,0.4383968,2.390481,0.373449,0.4687618,2.510895,0.4108008,0.1166407,2.346437,0.4258368,-0.2237599,2.33092,0.4909199,0.4805182,2.470636,0.5419614,0.1750989,2.433683,0.5357297,-0.264661,2.536453,0.4654675,0.9611697,2.531251
72057594038042242,0,0.6445035,106255,0.437499,0.4756738,2.522078,0.4596077,1.135451,2.484629,0.3376231,0.9366853,2.569057,0.2076133,0.7717853,2.600655,0.08896443,0.6276229,2.596493,0.07138202,0.6096515,2.586128,0.5574639,0.8965318,2.47069,0.5489061,0.6803584,2.427285,0.5170084,0.483794,2.388427,0.4998164,0.4383968,2.390481,0.373449,0.4687618,2.510895,0.4108008,0.1166407,2.346437,0.4258368,-0.2237599,2.33092,0.4909199,0.4805182,2.470636,0.5419614,0.1750989,2.433683,0.5357297,-0.264661,2.536453,0.4654675,0.9611697,2.531251
72057594038042242,0,0.6445035,106255,0.437499,0.4756738,2.522078,0.4596077,1.135451,2.484629,0.3376231,0.9366853,2.569057,0.2076133,0.7717853,2.600655,0.08896443,0.6276229,2.596493,0.07138202,0.6096515,2.586128,0.5574639,0.8965318,2.47069,0.5489061,0.6803584,2.427285,0.5170084,0.483794,2.388427,0.4998164,0.4383968,2.390481,0.373449,0.4687618,2.510895,0.4108008,0.1166407,2.346437,0.4258368,-0.2237599,2.33092,0.4909199,0.4805182,2.470636,0.5419614,0.1750989,2.433683,0.5357297,-0.264661,2.536453,0.4654675,0.9611697,2.531251
72057594038042242,0,0.6445035,106255,0.437499,0.4756738,2.522078,0.4596077,1.135451,2.484629,0.3376231,0.9366853,2.569057,0.2076133,0.7717853,2.600655,0.08896443,0.6276229,2.596493,0.07138202,0.6096515,2.586128,0.5574639,0.8965318,2.47069,0.5489061,0.6803584,2.427285,0.5170084,0.483794,2.388427,0.4998164,0.4383968,2.390481,0.373449,0.4687618,2.510895,0.4108008,0.1166407,2.346437,0.4258368,-0.2237599,2.33092,0.4909199,0.4805182,2.470636,0.5419614,0.1750989,2.433683,0.5357297,-0.264661,2.536453,0.4654675,0.9611697,2.531251
72057594038042242,0,0.6445035,106255,0.437499,0.4756738,2.522078,0.4596077,1.135451,2.484629,0.3376231,0.9366853,2.569057,0.2076133,0.7717853,2.600655,0.08896443,0.6276229,2.596493,0.07138202,0.6096515,2.586128,0.5574639,0.8965318,2.47069,0.5489061,0.6803584,2.427285,0.5170084,0.483794,2.388427,0.4998164,0.4383968,2.390481,0.373449,0.4687618,2.510895,0.4108008,0.1166407,2.346437,0.4258368,-0.2237599,2.33092,0.4909199,0.4805182,2.470636,0.5419614,0.1750989,2.433683,0.5357297,-0.264661,2.536453,0.4654675,0.9611697,2.531251
72057594038042242,0,0.6445035,106255.1,0.437499,0.4756738,2.522078,0.4596077,1.135451,2.484629,0.3376231,0.9366853,2.569057,0.2076133,0.7717853,2.600655,0.08896443,0.6276229,2.596493,0.07138202,0.6096515,2.586128,0.5574639,0.8965318,2.47069,0.5489061,0.6803584,2.427285,0.5170084,0.483794,2.388427,0.4998164,0.4383968,2.390481,0.373449,0.4687618,2.510895,0.4108008,0.1166407,2.346437,0.4258368,-0.2237599,2.33092,0.4909199,0.4805182,2.470636,0.5419614,0.1750989,2.433683,0.5357297,-0.264661,2.536453,0.4654675,0.9611697,2.531251
72057594038042242,0,0.6445035,106255.1,0.437499,0.4756738,2.522078,0.4596077,1.135451,2.484629,0.3376231,0.9366853,2.569057,0.2076133,0.7717853,2.600655,0.08896443,0.6276229,2.596493,0.07138202,0.6096515,2.586128,0.5574639,0.8965318,2.47069,0.5489061,0.6803584,2.427285,0.5170084,0.483794,2.388427,0.4998164,0.4383968,2.390481,0.373449,0.4687618,2.510895,0.4108008,0.1166407,2.346437,0.4258368,-0.2237599,2.33092,0.4909199,0.4805182,2.470636,0.5419614,0.1750989,2.433683,0.5357297,-0.264661,2.536453,0.4654675,0.9611697,2.531251
72057594038042242,0,0.6445035,106255.1,0.437499,0.4756738,2.522078,0.4596077,1.135451,2.484629,0.3376231,0.9366853,2.569057,0.2076133,0.7717853,2.600655,0.08896443,0.6276229,2.596493,0.07138202,0.6096515,2.586128,0.5574639,0.8965318,2.47069,0.5489061,0.6803584,2.427285,0.5170084,0.483794,2.388427,0.4998164,0.4383968,2.390481,0.373449,0.4687618,2.510895,0.4108008,0.1166407,2.346437,0.4258368,-0.2237599,2.33092,0.4909199,0.4805182,2.470636,0.5419614,0.1750989,2.433683,0.5357297,-0.264661,2.536453,0.4654675,0.9611697,2.531251
72057594038042242,0,0.6445035,106255.1,0.437499,0.4756738,2.522078,0.4596077,1.135451,2.484629,0.3376231,0.9366853,2.569057,0.2076133,0.7717853,2.600655,0.08896443,0.6276229,2.596493,0.07138202,0.6096515,2.586128,0.5574639,0.8965318,2.47069,0.5489061,0.6803584,2.427285,0.5170084,0.483794,2.388427,0.4998164,0.4383968,2.390481,0.373449,0.4687618,2.510895,0.4108008,0.1166407,2.346437,0.4258368,-0.2237599,2.33092,0.4909199,0.4805182,2.470636,0.5419614,0.1750989,2.433683,0.5357297,-0.264661,2.536453,0.4654675,0.9611697,2.531251
72057594038042242,0,0.641302,106255.1,0.4346222,0.4810716,2.515542,0.4517533,1.13854,2.476289,0.3316778,0.9344395,2.557383,0.2079248,0.7607286,2.578357,0.1004552,0.6080197,2.56331,0.08379066,0.5907395,2.551299,0.5542188,0.8988973,2.465813,0.5425867,0.6762828,2.413363,0.5154687,0.4855147,2.383257,0.4979492,0.4389389,2.381455,0.3676395,0.471311,2.505171,0.4140594,0.1328459,2.346455,0.4258344,-0.2244753,2.329198,0.4913148,0.4900026,2.46225,0.5464946,0.1852933,2.432017,0.5421359,-0.2574242,2.523271,0.4558958,0.9660642,2.515211
72057594038042242,0,0.641302,106255.1,0.4346222,0.4810716,2.515542,0.4517533,1.13854,2.476289,0.3316778,0.9344395,2.557383,0.2079248,0.7607286,2.578357,0.1004552,0.6080197,2.56331,0.08379066,0.5907395,2.551299,0.5542188,0.8988973,2.465813,0.5425867,0.6762828,2.413363,0.5154687,0.4855147,2.383257,0.4979492,0.4389389,2.381455,0.3676395,0.471311,2.505171,0.4140594,0.1328459,2.346455,0.4258344,-0.2244753,2.329198,0.4913148,0.4900026,2.46225,0.5464946,0.1852933,2.432017,0.5421359,-0.2574242,2.523271,0.4558958,0.9660642,2.515211
72057594038042242,0,0.641302,106255.1,0.4346222,0.4810716,2.515542,0.4517533,1.13854,2.476289,0.3316778,0.9344395,2.557383,0.2079248,0.7607286,2.578357,0.1004552,0.6080197,2.56331,0.08379066,0.5907395,2.551299,0.5542188,0.8988973,2.465813,0.5425867,0.6762828,2.413363,0.5154687,0.4855147,2.383257,0.4979492,0.4389389,2.381455,0.3676395,0.471311,2.505171,0.4140594,0.1328459,2.346455,0.4258344,-0.2244753,2.329198,0.4913148,0.4900026,2.46225,0.5464946,0.1852933,2.432017,0.5421359,-0.2574242,2.523271,0.4558958,0.9660642,2.515211
72057594038042242,0,0.641302,106255.1,0.4346222,0.4810716,2.515542,0.4517533,1.13854,2.476289,0.3316778,0.9344395,2.557383,0.2079248,0.7607286,2.578357,0.1004552,0.6080197,2.56331,0.08379066,0.5907395,2.551299,0.5542188,0.8988973,2.465813,0.5425867,0.6762828,2.413363,0.5154687,0.4855147,2.383257,0.4979492,0.4389389,2.381455,0.3676395,0.471311,2.505171,0.4140594,0.1328459,2.346455,0.4258344,-0.2244753,2.329198,0.4913148,0.4900026,2.46225,0.5464946,0.1852933,2.432017,0.5421359,-0.2574242,2.523271,0.4558958,0.9660642,2.515211
72057594038042242,0,0.641302,106255.1,0.4346222,0.4810716,2.515542,0.4517533,1.13854,2.476289,0.3316778,0.9344395,2.557383,0.2079248,0.7607286,2.578357,0.1004552,0.6080197,2.56331,0.08379066,0.5907395,2.551299,0.5542188,0.8988973,2.465813,0.5425867,0.6762828,2.413363,0.5154687,0.4855147,2.383257,0.4979492,0.4389389,2.381455,0.3676395,0.471311,2.505171,0.4140594,0.1328459,2.346455,0.4258344,-0.2244753,2.329198,0.4913148,0.4900026,2.46225,0.5464946,0.1852933,2.432017,0.5421359,-0.2574242,2.523271,0.4558958,0.9660642,2.515211
72057594038042242,0,0.641302,106255.1,0.4346222,0.4810716,2.515542,0.4517533,1.13854,2.476289,0.3316778,0.9344395,2.557383,0.2079248,0.7607286,2.578357,0.1004552,0.6080197,2.56331,0.08379066,0.5907395,2.551299,0.5542188,0.8988973,2.465813,0.5425867,0.6762828,2.413363,0.5154687,0.4855147,2.383257,0.4979492,0.4389389,2.381455,0.3676395,0.471311,2.505171,0.4140594,0.1328459,2.346455,0.4258344,-0.2244753,2.329198,0.4913148,0.4900026,2.46225,0.5464946,0.1852933,2.432017,0.5421359,-0.2574242,2.523271,0.4558958,0.9660642,2.515211
72057594038042242,0,0.641302,106255.1,0.4346222,0.4810716,2.515542,0.4517533,1.13854,2.476289,0.3316778,0.9344395,2.557383,0.2079248,0.7607286,2.578357,0.1004552,0.6080197,2.56331,0.08379066,0.5907395,2.551299,0.5542188,0.8988973,2.465813,0.5425867,0.6762828,2.413363,0.5154687,0.4855147,2.383257,0.4979492,0.4389389,2.381455,0.3676395,0.471311,2.505171,0.4140594,0.1328459,2.346455,0.4258344,-0.2244753,2.329198,0.4913148,0.4900026,2.46225,0.5464946,0.1852933,2.432017,0.5421359,-0.2574242,2.523271,0.4558958,0.9660642,2.515211
72057594038042242,0,0.641302,106255.1,0.4346222,0.4810716,2.515542,0.4517533,1.13854,2.476289,0.3316778,0.9344395,2.557383,0.2079248,0.7607286,2.578357,0.1004552,0.6080197,2.56331,0.08379066,0.5907395,2.551299,0.5542188,0.8988973,2.465813,0.5425867,0.6762828,2.413363,0.5154687,0.4855147,2.383257,0.4979492,0.4389389,2.381455,0.3676395,0.471311,2.505171,0.4140594,0.1328459,2.346455,0.4258344,-0.2244753,2.329198,0.4913148,0.4900026,2.46225,0.5464946,0.1852933,2.432017,0.5421359,-0.2574242,2.523271,0.4558958,0.9660642,2.515211
72057594038042242,0,0.641302,106255.1,0.4346222,0.4810716,2.515542,0.4517533,1.13854,2.476289,0.3316778,0.9344395,2.557383,0.2079248,0.7607286,2.578357,0.1004552,0.6080197,2.56331,0.08379066,0.5907395,2.551299,0.5542188,0.8988973,2.465813,0.5425867,0.6762828,2.413363,0.5154687,0.4855147,2.383257,0.4979492,0.4389389,2.381455,0.3676395,0.471311,2.505171,0.4140594,0.1328459,2.346455,0.4258344,-0.2244753,2.329198,0.4913148,0.4900026,2.46225,0.5464946,0.1852933,2.432017,0.5421359,-0.2574242,2.523271,0.4558958,0.9660642,2.515211
72057594038042242,0,0.641302,106255.1,0.4346222,0.4810716,2.515542,0.4517533,1.13854,2.476289,0.3316778,0.9344395,2.557383,0.2079248,0.7607286,2.578357,0.1004552,0.6080197,2.56331,0.08379066,0.5907395,2.551299,0.5542188,0.8988973,2.465813,0.5425867,0.6762828,2.413363,0.5154687,0.4855147,2.383257,0.4979492,0.4389389,2.381455,0.3676395,0.471311,2.505171,0.4140594,0.1328459,2.346455,0.4258344,-0.2244753,2.329198,0.4913148,0.4900026,2.46225,0.5464946,0.1852933,2.432017,0.5421359,-0.2574242,2.523271,0.4558958,0.9660642,2.515211
72057594038042242,0,0.6415098,106255.1,0.429617,0.484711,2.498749,0.4432221,1.141297,2.466808,0.3227185,0.9337931,2.54122,0.2107781,0.7516773,2.552684,0.1137662,0.5927531,2.527238,0.1130302,0.5957462,2.522667,0.5444338,0.9078355,2.44531,0.5384101,0.6754152,2.401586,0.5138334,0.4888171,2.373047,0.4966213,0.4370421,2.371,0.3628583,0.4760072,2.489466,0.427255,0.1908493,2.353475,0.4262807,-0.2249259,2.329043,0.4863529,0.4913979,2.446001,0.5338342,0.1851108,2.41215,0.530543,-0.261781,2.483999,0.4496336,0.9688883,2.506144
72057594038042242,0,0.6415098,106255.1,0.429617,0.484711,2.498749,0.4432221,1.141297,2.466808,0.3227185,0.9337931,2.54122,0.2107781,0.7516773,2.552684,0.1137662,0.5927531,2.527238,0.1130302,0.5957462,2.522667,0.5444338,0.9078355,2.44531,0.5384101,0.6754152,2.401586,0.5138334,0.4888171,2.373047,0.4966213,0.4370421,2.371,0.3628583,0.4760072,2.489466,0.427255,0.1908493,2.353475,0.4262807,-0.2249259,2.329043,0.4863529,0.4913979,2.446001,0.5338342,0.1851108,2.41215,0.530543,-0.261781,2.483999,0.4496336,0.9688883,2.506144
72057594038042242,0,0.6415098,106255.1,0.429617,0.484711,2.498749,0.4432221,1.141297,2.466808,0.3227185,0.9337931,2.54122,0.2107781,0.7516773,2.552684,0.1137662,0.5927531,2.527238,0.1130302,0.5957462,2.522667,0.5444338,0.9078355,2.44531,0.5384101,0.6754152,2.401586,0.5138334,0.4888171,2.373047,0.4966213,0.4370421,2.371,0.3628583,0.4760072,2.489466,0.427255,0.1908493,2.353475,0.4262807,-0.2249259,2.329043,0.4863529,0.4913979,2.446001,0.5338342,0.1851108,2.41215,0.530543,-0.261781,2.483999,0.4496336,0.9688883,2.506144
72057594038042242,0,0.6415098,106255.1,0.429617,0.484711,2.498749,0.4432221,1.141297,2.466808,0.3227185,0.9337931,2.54122,0.2107781,0.7516773,2.552684,0.1137662,0.5927531,2.527238,0.1130302,0.5957462,2.522667,0.5444338,0.9078355,2.44531,0.5384101,0.6754152,2.401586,0.5138334,0.4888171,2.373047,0.4966213,0.4370421,2.371,0.3628583,0.4760072,2.489466,0.427255,0.1908493,2.353475,0.4262807,-0.2249259,2.329043,0.4863529,0.4913979,2.446001,0.5338342,0.1851108,2.41215,0.530543,-0.261781,2.483999,0.4496336,0.9688883,2.506144
72057594038042242,0,0.6415098,106255.1,0.429617,0.484711,2.498749,0.4432221,1.141297,2.466808,0.3227185,0.9337931,2.54122,0.2107781,0.7516773,2.552684,0.1137662,0.5927531,2.527238,0.1130302,0.5957462,2.522667,0.5444338,0.9078355,2.44531,0.5384101,0.6754152,2.401586,0.5138334,0.4888171,2.373047,0.4966213,0.4370421,2.371,0.3628583,0.4760072,2.489466,0.427255,0.1908493,2.353475,0.4262807,-0.2249259,2.329043,0.4863529,0.4913979,2.446001,0.5338342,0.1851108,2.41215,0.530543,-0.261781,2.483999,0.4496336,0.9688883,2.506144
72057594038042242,0,0.6415098,106255.1,0.429617,0.484711,2.498749,0.4432221,1.141297,2.466808,0.3227185,0.9337931,2.54122,0.2107781,0.7516773,2.552684,0.1137662,0.5927531,2.527238,0.1130302,0.5957462,2.522667,0.5444338,0.9078355,2.44531,0.5384101,0.6754152,2.401586,0.5138334,0.4888171,2.373047,0.4966213,0.4370421,2.371,0.3628583,0.4760072,2.489466,0.427255,0.1908493,2.353475,0.4262807,-0.2249259,2.329043,0.4863529,0.4913979,2.446001,0.5338342,0.1851108,2.41215,0.530543,-0.261781,2.483999,0.4496336,0.9688883,2.506144
72057594038042242,0,0.6415098,106255.1,0.429617,0.484711,2.498749,0.4432221,1.141297,2.466808,0.3227185,0.9337931,2.54122,0.2107781,0.7516773,2.552684,0.1137662,0.5927531,2.527238,0.1130302,0.5957462,2.522667,0.5444338,0.9078355,2.44531,0.5384101,0.6754152,2.401586,0.5138334,0.4888171,2.373047,0.4966213,0.4370421,2.371,0.3628583,0.4760072,2.489466,0.427255,0.1908493,2.353475,0.4262807,-0.2249259,2.329043,0.4863529,0.4913979,2.446001,0.5338342,0.1851108,2.41215,0.530543,-0.261781,2.483999,0.4496336,0.9688883,2.506144
72057594038042242,0,0.6415098,106255.1,0.429617,0.484711,2.498749,0.4432221,1.141297,2.466808,0.3227185,0.9337931,2.54122,0.2107781,0.7516773,2.552684,0.1137662,0.5927531,2.527238,0.1130302,0.5957462,2.522667,0.5444338,0.9078355,2.44531,0.5384101,0.6754152,2.401586,0.5138334,0.4888171,2.373047,0.4966213,0.4370421,2.371,0.3628583,0.4760072,2.489466,0.427255,0.1908493,2.353475,0.4262807,-0.2249259,2.329043,0.4863529,0.4913979,2.446001,0.5338342,0.1851108,2.41215,0.530543,-0.261781,2.483999,0.4496336,0.9688883,2.506144
72057594038042242,0,0.6415098,106255.1,0.429617,0.484711,2.498749,0.4432221,1.141297,2.466808,0.3227185,0.9337931,2.54122,0.2107781,0.7516773,2.552684,0.1137662,0.5927531,2.527238,0.1130302,0.5957462,2.522667,0.5444338,0.9078355,2.44531,0.5384101,0.6754152,2.401586,0.5138334,0.4888171,2.373047,0.4966213,0.4370421,2.371,0.3628583,0.4760072,2.489466,0.427255,0.1908493,2.353475,0.4262807,-0.2249259,2.329043,0.4863529,0.4913979,2.446001,0.5338342,0.1851108,2.41215,0.530543,-0.261781,2.483999,0.4496336,0.9688883,2.506144
72057594038042242,0,0.6415098,106255.1,0.429617,0.484711,2.498749,0.4432221,1.141297,2.466808,0.3227185,0.9337931,2.54122,0.2107781,0.7516773,2.552684,0.1137662,0.5927531,2.527238,0.1130302,0.5957462,2.522667,0.5444338,0.9078355,2.44531,0.5384101,0.6754152,2.401586,0.5138334,0.4888171,2.373047,0.4966213,0.4370421,2.371,0.3628583,0.4760072,2.489466,0.427255,0.1908493,2.353475,0.4262807,-0.2249259,2.329043,0.4863529,0.4913979,2.446001,0.5338342,0.1851108,2.41215,0.530543,-0.261781,2.483999,0.4496336,0.9688883,2.506144
72057594038042242,0,0.6405965,106255.1,0.4277238,0.4869379,2.493988,0.432202,1.146583,2.456061,0.3155096,0.9350193,2.526138,0.2178506,0.7463847,2.534555,0.130937,0.583359,2.496882,0.1202033,0.5670407,2.486687,0.5403677,0.9134821,2.435055,0.5302958,0.6858631,2.389267,0.5099359,0.5019406,2.354687,0.4937968,0.457972,2.360966,0.3600924,0.4791746,2.483013,0.4299456,0.1931409,2.353209,0.4265019,-0.2257981,2.327814,0.4851174,0.4926746,2.442607,0.5319739,0.1862466,2.408132,0.5292051,-0.2602744,2.481962,0.4423107,0.9725397,2.497878
72057594038042242,0,0.6405965,106255.1,0.4277238,0.4869379,2.493988,0.432202,1.146583,2.456061,0.3155096,0.9350193,2.526138,0.2178506,0.7463847,2.534555,0.130937,0.583359,2.496882,0.1202033,0.5670407,2.486687,0.5403677,0.9134821,2.435055,0.5302958,0.6858631,2.389267,0.5099359,0.5019406,2.354687,0.4937968,0.457972,2.360966,0.3600924,0.4791746,2.483013,0.4299456,0.1931409,2.353209,0.4265019,-0.2257981,2.327814,0.4851174,0.4926746,2.442607,0.5319739,0.1862466,2.408132,0.5292051,-0.2602744,2.481962,0.4423107,0.9725397,2.497878
72057594038042242,0,0.6405965,106255.1,0.4277238,0.4869379,2.493988,0.432202,1.146583,2.456061,0.3155096,0.9350193,2.526138,0.2178506,0.7463847,2.534555,0.130937,0.583359,2.496882,0.1202033,0.5670407,2.486687,0.5403677,0.9134821,2.435055,0.5302958,0.6858631,2.389267,0.5099359,0.5019406,2.354687,0.4937968,0.457972,2.360966,0.3600924,0.4791746,2.483013,0.4299456,0.1931409,2.353209,0.4265019,-0.2257981,2.327814,0.4851174,0.4926746,2.442607,0.5319739,0.1862466,2.408132,0.5292051,-0.2602744,2.481962,0.4423107,0.9725397,2.497878
72057594038042242,0,0.6405965,106255.1,0.4277238,0.4869379,2.493988,0.432202,1.146583,2.456061,0.3155096,0.9350193,2.526138,0.2178506,0.7463847,2.534555,0.130937,0.583359,2.496882,0.1202033,0.5670407,2.486687,0.5403677,0.9134821,2.435055,0.5302958,0.6858631,2.389267,0.5099359,0.5019406,2.354687,0.4937968,0.457972,2.360966,0.3600924,0.4791746,2.483013,0.4299456,0.1931409,2.353209,0.4265019,-0.2257981,2.327814,0.4851174,0.4926746,2.442607,0.5319739,0.1862466,2.408132,0.5292051,-0.2602744,2.481962,0.4423107,0.9725397,2.497878
72057594038042242,0,0.6405965,106255.1,0.4277238,0.4869379,2.493988,0.432202,1.146583,2.456061,0.3155096,0.9350193,2.526138,0.2178506,0.7463847,2.534555,0.130937,0.583359,2.496882,0.1202033,0.5670407,2.486687,0.5403677,0.9134821,2.435055,0.5302958,0.6858631,2.389267,0.5099359,0.5019406,2.354687,0.4937968,0.457972,2.360966,0.3600924,0.4791746,2.483013,0.4299456,0.1931409,2.353209,0.4265019,-0.2257981,2.327814,0.4851174,0.4926746,2.442607,0.5319739,0.1862466,2.408132,0.5292051,-0.2602744,2.481962,0.4423107,0.9725397,2.497878
72057594038042242,0,0.6405965,106255.1,0.4277238,0.4869379,2.493988,0.432202,1.146583,2.456061,0.3155096,0.9350193,2.526138,0.2178506,0.7463847,2.534555,0.130937,0.583359,2.496882,0.1202033,0.5670407,2.486687,0.5403677,0.9134821,2.435055,0.5302958,0.6858631,2.389267,0.5099359,0.5019406,2.354687,0.4937968,0.457972,2.360966,0.3600924,0.4791746,2.483013,0.4299456,0.1931409,2.353209,0.4265019,-0.2257981,2.327814,0.4851174,0.4926746,2.442607,0.5319739,0.1862466,2.408132,0.5292051,-0.2602744,2.481962,0.4423107,0.9725397,2.497878
72057594038042242,0,0.6405965,106255.1,0.4277238,0.4869379,2.493988,0.432202,1.146583,2.456061,0.3155096,0.9350193,2.526138,0.2178506,0.7463847,2.534555,0.130937,0.583359,2.496882,0.1202033,0.5670407,2.486687,0.5403677,0.9134821,2.435055,0.5302958,0.6858631,2.389267,0.5099359,0.5019406,2.354687,0.4937968,0.457972,2.360966,0.3600924,0.4791746,2.483013,0.4299456,0.1931409,2.353209,0.4265019,-0.2257981,2.327814,0.4851174,0.4926746,2.442607,0.5319739,0.1862466,2.408132,0.5292051,-0.2602744,2.481962,0.4423107,0.9725397,2.497878
72057594038042242,0,0.6405965,106255.2,0.4277238,0.4869379,2.493988,0.432202,1.146583,2.456061,0.3155096,0.9350193,2.526138,0.2178506,0.7463847,2.534555,0.130937,0.583359,2.496882,0.1202033,0.5670407,2.486687,0.5403677,0.9134821,2.435055,0.5302958,0.6858631,2.389267,0.5099359,0.5019406,2.354687,0.4937968,0.457972,2.360966,0.3600924,0.4791746,2.483013,0.4299456,0.1931409,2.353209,0.4265019,-0.2257981,2.327814,0.4851174,0.4926746,2.442607,0.5319739,0.1862466,2.408132,0.5292051,-0.2602744,2.481962,0.4423107,0.9725397,2.497878
72057594038042242,0,0.6405965,106255.2,0.4277238,0.4869379,2.493988,0.432202,1.146583,2.456061,0.3155096,0.9350193,2.526138,0.2178506,0.7463847,2.534555,0.130937,0.583359,2.496882,0.1202033,0.5670407,2.486687,0.5403677,0.9134821,2.435055,0.5302958,0.6858631,2.389267,0.5099359,0.5019406,2.354687,0.4937968,0.457972,2.360966,0.3600924,0.4791746,2.483013,0.4299456,0.1931409,2.353209,0.4265019,-0.2257981,2.327814,0.4851174,0.4926746,2.442607,0.5319739,0.1862466,2.408132,0.5292051,-0.2602744,2.481962,0.4423107,0.9725397,2.497878
72057594038042242,0,0.6405965,106255.2,0.4277238,0.4869379,2.493988,0.432202,1.146583,2.456061,0.3155096,0.9350193,2.526138,0.2178506,0.7463847,2.534555,0.130937,0.583359,2.496882,0.1202033,0.5670407,2.486687,0.5403677,0.9134821,2.435055,0.5302958,0.6858631,2.389267,0.5099359,0.5019406,2.354687,0.4937968,0.457972,2.360966,0.3600924,0.4791746,2.483013,0.4299456,0.1931409,2.353209,0.4265019,-0.2257981,2.327814,0.4851174,0.4926746,2.442607,0.5319739,0.1862466,2.408132,0.5292051,-0.2602744,2.481962,0.4423107,0.9725397,2.497878
72057594038042242,0,0.6405965,106255.2,0.4277238,0.4869379,2.493988,0.432202,1.146583,2.456061,0.3155096,0.9350193,2.526138,0.2178506,0.7463847,2.534555,0.130937,0.583359,2.496882,0.1202033,0.5670407,2.486687,0.5403677,0.9134821,2.435055,0.5302958,0.6858631,2.389267,0.5099359,0.5019406,2.354687,0.4937968,0.457972,2.360966,0.3600924,0.4791746,2.483013,0.4299456,0.1931409,2.353209,0.4265019,-0.2257981,2.327814,0.4851174,0.4926746,2.442607,0.5319739,0.1862466,2.408132,0.5292051,-0.2602744,2.481962,0.4423107,0.9725397,2.497878
72057594038042242,0,0.6403564,106255.2,0.4224517,0.4879952,2.483463,0.4222338,1.150837,2.446425,0.3084897,0.9347184,2.512483,0.2241235,0.7280383,2.513379,0.1428824,0.5641934,2.464977,0.116362,0.5103185,2.437815,0.5352634,0.9158117,2.427007,0.5264944,0.674267,2.376213,0.4999263,0.4835052,2.345725,0.4874295,0.4383991,2.358993,0.3548635,0.4807686,2.471157,0.4357953,0.1948582,2.350325,0.4265546,-0.2257703,2.327815,0.4799247,0.4929605,2.433423,0.5233468,0.1859139,2.399601,0.5328025,-0.2602701,2.474334,0.4326231,0.9751644,2.485144
72057594038042242,0,0.6403564,106255.2,0.4224517,0.4879952,2.483463,0.4222338,1.150837,2.446425,0.3084897,0.9347184,2.512483,0.2241235,0.7280383,2.513379,0.1428824,0.5641934,2.464977,0.116362,0.5103185,2.437815,0.5352634,0.9158117,2.427007,0.5264944,0.674267,2.376213,0.4999263,0.4835052,2.345725,0.4874295,0.4383991,2.358993,0.3548635,0.4807686,2.471157,0.4357953,0.1948582,2.350325,0.4265546,-0.2257703,2.327815,0.4799247,0.4929605,2.433423,0.5233468,0.1859139,2.399601,0.5328025,-0.2602701,2.474334,0.4326231,0.9751644,2.485144
72057594038042242,0,0.6403564,106255.2,0.4224517,0.4879952,2.483463,0.4222338,1.150837,2.446425,0.3084897,0.9347184,2.512483,0.2241235,0.7280383,2.513379,0.1428824,0.5641934,2.464977,0.116362,0.5103185,2.437815,0.5352634,0.9158117,2.427007,0.5264944,0.674267,2.376213,0.4999263,0.4835052,2.345725,0.4874295,0.4383991,2.358993,0.3548635,0.4807686,2.471157,0.4357953,0.1948582,2.350325,0.4265546,-0.2257703,2.327815,0.4799247,0.4929605,2.433423,0.5233468,0.1859139,2.399601,0.5328025,-0.2602701,2.474334,0.4326231,0.9751644,2.485144
72057594038042242,0,0.6403564,106255.2,0.4224517,0.4879952,2.483463,0.4222338,1.150837,2.446425,0.3084897,0.9347184,2.512483,0.2241235,0.7280383,2.513379,0.1428824,0.5641934,2.464977,0.116362,0.5103185,2.437815,0.5352634,0.9158117,2.427007,0.5264944,0.674267,2.376213,0.4999263,0.4835052,2.345725,0.4874295,0.4383991,2.358993,0.3548635,0.4807686,2.471157,0.4357953,0.1948582,2.350325,0.4265546,-0.2257703,2.327815,0.4799247,0.4929605,2.433423,0.5233468,0.1859139,2.399601,0.5328025,-0.2602701,2.474334,0.4326231,0.9751644,2.485144
72057594038042242,0,0.6403564,106255.2,0.4224517,0.4879952,2.483463,0.4222338,1.150837,2.446425,0.3084897,0.9347184,2.512483,0.2241235,0.7280383,2.513379,0.1428824,0.5641934,2.464977,0.116362,0.5103185,2.437815,0.5352634,0.9158117,2.427007,0.5264944,0.674267,2.376213,0.4999263,0.4835052,2.345725,0.4874295,0.4383991,2.358993,0.3548635,0.4807686,2.471157,0.4357953,0.1948582,2.350325,0.4265546,-0.2257703,2.327815,0.4799247,0.4929605,2.433423,0.5233468,0.1859139,2.399601,0.5328025,-0.2602701,2.474334,0.4326231,0.9751644,2.485144
72057594038042242,0,0.6403564,106255.2,0.4224517,0.4879952,2.483463,0.4222338,1.150837,2.446425,0.3084897,0.9347184,2.512483,0.2241235,0.7280383,2.513379,0.1428824,0.5641934,2.464977,0.116362,0.5103185,2.437815,0.5352634,0.9158117,2.427007,0.5264944,0.674267,2.376213,0.4999263,0.4835052,2.345725,0.4874295,0.4383991,2.358993,0.3548635,0.4807686,2.471157,0.4357953,0.1948582,2.350325,0.4265546,-0.2257703,2.327815,0.4799247,0.4929605,2.433423,0.5233468,0.1859139,2.399601,0.5328025,-0.2602701,2.474334,0.4326231,0.9751644,2.485144
72057594038042242,0,0.6403564,106255.2,0.4224517,0.4879952,2.483463,0.4222338,1.150837,2.446425,0.3084897,0.9347184,2.512483,0.2241235,0.7280383,2.513379,0.1428824,0.5641934,2.464977,0.116362,0.5103185,2.437815,0.5352634,0.9158117,2.427007,0.5264944,0.674267,2.376213,0.4999263,0.4835052,2.345725,0.4874295,0.4383991,2.358993,0.3548635,0.4807686,2.471157,0.4357953,0.1948582,2.350325,0.4265546,-0.2257703,2.327815,0.4799247,0.4929605,2.433423,0.5233468,0.1859139,2.399601,0.5328025,-0.2602701,2.474334,0.4326231,0.9751644,2.485144
72057594038042242,0,0.6403564,106255.2,0.4224517,0.4879952,2.483463,0.4222338,1.150837,2.446425,0.3084897,0.9347184,2.512483,0.2241235,0.7280383,2.513379,0.1428824,0.5641934,2.464977,0.116362,0.5103185,2.437815,0.5352634,0.9158117,2.427007,0.5264944,0.674267,2.376213,0.4999263,0.4835052,2.345725,0.4874295,0.4383991,2.358993,0.3548635,0.4807686,2.471157,0.4357953,0.1948582,2.350325,0.4265546,-0.2257703,2.327815,0.4799247,0.4929605,2.433423,0.5233468,0.1859139,2.399601,0.5328025,-0.2602701,2.474334,0.4326231,0.9751644,2.485144
72057594038042242,0,0.6403564,106255.2,0.4224517,0.4879952,2.483463,0.4222338,1.150837,2.446425,0.3084897,0.9347184,2.512483,0.2241235,0.7280383,2.513379,0.1428824,0.5641934,2.464977,0.116362,0.5103185,2.437815,0.5352634,0.9158117,2.427007,0.5264944,0.674267,2.376213,0.4999263,0.4835052,2.345725,0.4874295,0.4383991,2.358993,0.3548635,0.4807686,2.471157,0.4357953,0.1948582,2.350325,0.4265546,-0.2257703,2.327815,0.4799247,0.4929605,2.433423,0.5233468,0.1859139,2.399601,0.5328025,-0.2602701,2.474334,0.4326231,0.9751644,2.485144
72057594038042242,0,0.6415463,106255.2,0.4203255,0.4867949,2.478645,0.4143976,1.152461,2.439463,0.3041557,0.934424,2.505112,0.2261341,0.7149941,2.49783,0.161697,0.5476037,2.430054,0.1395898,0.5019284,2.412494,0.5295516,0.9210288,2.415507,0.5231258,0.6716948,2.368368,0.5025749,0.4870398,2.339038,0.4877788,0.4505693,2.351026,0.3526356,0.4820721,2.466651,0.4363562,0.195789,2.349752,0.4265952,-0.2256628,2.328145,0.4775446,0.4883276,2.427357,0.4215002,0.1505083,2.338645,0.440329,-0.2944263,2.417304,0.4240626,0.9769441,2.476854
72057594038042242,0,0.6415463,106255.2,0.4203255,0.4867949,2.478645,0.4143976,1.152461,2.439463,0.3041557,0.934424,2.505112,0.2261341,0.7149941,2.49783,0.161697,0.5476037,2.430054,0.1395898,0.5019284,2.412494,0.5295516,0.9210288,2.415507,0.5231258,0.6716948,2.368368,0.5025749,0.4870398,2.339038,0.4877788,0.4505693,2.351026,0.3526356,0.4820721,2.466651,0.4363562,0.195789,2.349752,0.4265952,-0.2256628,2.328145,0.4775446,0.4883276,2.427357,0.4215002,0.1505083,2.338645,0.440329,-0.2944263,2.417304,0.4240626,0.9769441,2.476854
72057594038042242,0,0.6415463,106255.2,0.4203255,0.4867949,2.478645,0.4143976,1.152461,2.439463,0.3041557,0.934424,2.505112,0.2261341,0.7149941,2.49783,0.161697,0.5476037,2.430054,0.1395898,0.5019284,2.412494,0.5295516,0.9210288,2.415507,0.5231258,0.6716948,2.368368,0.5025749,0.4870398,2.339038,0.4877788,0.4505693,2.351026,0.3526356,0.4820721,2.466651,0.4363562,0.195789,2.349752,0.4265952,-0.2256628,2.328145,0.4775446,0.4883276,2.427357,0.4215002,0.1505083,2.338645,0.440329,-0.2944263,2.417304,0.4240626,0.9769441,2.476854
72057594038042242,0,0.6415463,106255.2,0.4203255,0.4867949,2.478645,0.4143976,1.152461,2.439463,0.3041557,0.934424,2.505112,0.2261341,0.7149941,2.49783,0.161697,0.5476037,2.430054,0.1395898,0.5019284,2.412494,0.5295516,0.9210288,2.415507,0.5231258,0.6716948,2.368368,0.5025749,0.4870398,2.339038,0.4877788,0.4505693,2.351026,0.3526356,0.4820721,2.466651,0.4363562,0.195789,2.349752,0.4265952,-0.2256628,2.328145,0.4775446,0.4883276,2.427357,0.4215002,0.1505083,2.338645,0.440329,-0.2944263,2.417304,0.4240626,0.9769441,2.476854
72057594038042242,0,0.6415463,106255.2,0.4203255,0.4867949,2.478645,0.4143976,1.152461,2.439463,0.3041557,0.934424,2.505112,0.2261341,0.7149941,2.49783,0.161697,0.5476037,2.430054,0.1395898,0.5019284,2.412494,0.5295516,0.9210288,2.415507,0.5231258,0.6716948,2.368368,0.5025749,0.4870398,2.339038,0.4877788,0.4505693,2.351026,0.3526356,0.4820721,2.466651,0.4363562,0.195789,2.349752,0.4265952,-0.2256628,2.328145,0.4775446,0.4883276,2.427357,0.4215002,0.1505083,2.338645,0.440329,-0.2944263,2.417304,0.4240626,0.9769441,2.476854
72057594038042242,0,0.6415463,106255.2,0.4203255,0.4867949,2.478645,0.4143976,1.152461,2.439463,0.3041557,0.934424,2.505112,0.2261341,0.7149941,2.49783,0.161697,0.5476037,2.430054,0.1395898,0.5019284,2.412494,0.5295516,0.9210288,2.415507,0.5231258,0.6716948,2.368368,0.5025749,0.4870398,2.339038,0.4877788,0.4505693,2.351026,0.3526356,0.4820721,2.466651,0.4363562,0.195789,2.349752,0.4265952,-0.2256628,2.328145,0.4775446,0.4883276,2.427357,0.4215002,0.1505083,2.338645,0.440329,-0.2944263,2.417304,0.4240626,0.9769441,2.476854
72057594038042242,0,0.6415463,106255.2,0.4203255,0.4867949,2.478645,0.4143976,1.152461,2.439463,0.3041557,0.934424,2.505112,0.2261341,0.7149941,2.49783,0.161697,0.5476037,2.430054,0.1395898,0.5019284,2.412494,0.5295516,0.9210288,2.415507,0.5231258,0.6716948,2.368368,0.5025749,0.4870398,2.339038,0.4877788,0.4505693,2.351026,0.3526356,0.4820721,2.466651,0.4363562,0.195789,2.349752,0.4265952,-0.2256628,2.328145,0.4775446,0.4883276,2.427357,0.4215002,0.1505083,2.338645,0.440329,-0.2944263,2.417304,0.4240626,0.9769441,2.476854
72057594038042242,0,0.6415463,106255.2,0.4203255,0.4867949,2.478645,0.4143976,1.152461,2.439463,0.3041557,0.934424,2.505112,0.2261341,0.7149941,2.49783,0.161697,0.5476037,2.430054,0.1395898,0.5019284,2.412494,0.5295516,0.9210288,2.415507,0.5231258,0.6716948,2.368368,0.5025749,0.4870398,2.339038,0.4877788,0.4505693,2.351026,0.3526356,0.4820721,2.466651,0.4363562,0.195789,2.349752,0.4265952,-0.2256628,2.328145,0.4775446,0.4883276,2.427357,0.4215002,0.1505083,2.338645,0.440329,-0.2944263,2.417304,0.4240626,0.9769441,2.476854
72057594038042242,0,0.6415463,106255.2,0.4203255,0.4867949,2.478645,0.4143976,1.152461,2.439463,0.3041557,0.934424,2.505112,0.2261341,0.7149941,2.49783,0.161697,0.5476037,2.430054,0.1395898,0.5019284,2.412494,0.5295516,0.9210288,2.415507,0.5231258,0.6716948,2.368368,0.5025749,0.4870398,2.339038,0.4877788,0.4505693,2.351026,0.3526356,0.4820721,2.466651,0.4363562,0.195789,2.349752,0.4265952,-0.2256628,2.328145,0.4775446,0.4883276,2.427357,0.4215002,0.1505083,2.338645,0.440329,-0.2944263,2.417304,0.4240626,0.9769441,2.476854
72057594038042242,0,0.6415463,106255.2,0.4203255,0.4867949,2.478645,0.4143976,1.152461,2.439463,0.3041557,0.934424,2.505112,0.2261341,0.7149941,2.49783,0.161697,0.5476037,2.430054,0.1395898,0.5019284,2.412494,0.5295516,0.9210288,2.415507,0.5231258,0.6716948,2.368368,0.5025749,0.4870398,2.339038,0.4877788,0.4505693,2.351026,0.3526356,0.4820721,2.466651,0.4363562,0.195789,2.349752,0.4265952,-0.2256628,2.328145,0.4775446,0.4883276,2.427357,0.4215002,0.1505083,2.338645,0.440329,-0.2944263,2.417304,0.4240626,0.9769441,2.476854
72057594038042242,0,0.6415463,106255.2,0.4203255,0.4867949,2.478645,0.4143976,1.152461,2.439463,0.3041557,0.934424,2.505112,0.2261341,0.7149941,2.49783,0.161697,0.5476037,2.430054,0.1395898,0.5019284,2.412494,0.5295516,0.9210288,2.415507,0.5231258,0.6716948,2.368368,0.5025749,0.4870398,2.339038,0.4877788,0.4505693,2.351026,0.3526356,0.4820721,2.466651,0.4363562,0.195789,2.349752,0.4265952,-0.2256628,2.328145,0.4775446,0.4883276,2.427357,0.4215002,0.1505083,2.338645,0.440329,-0.2944263,2.417304,0.4240626,0.9769441,2.476854
72057594038042242,0,0.642338,106255.2,0.4171523,0.4855958,2.47317,0.4051137,1.152886,2.428926,0.2905716,0.931749,2.48481,0.2260797,0.6936733,2.477655,0.1672591,0.469968,2.368083,0.1512004,0.4030058,2.331818,0.5260285,0.9225659,2.40806,0.519066,0.6704297,2.361815,0.5021287,0.4854559,2.332371,0.4877323,0.4499935,2.344258,0.3488446,0.4826264,2.461246,0.4383023,0.1966842,2.349456,0.426844,-0.224186,2.328098,0.4751344,0.4856484,2.422152,0.4183891,0.1308333,2.337398,0.4329815,-0.241793,2.321928,0.4177229,0.9780663,2.466251
72057594038042242,0,0.642338,106255.2,0.4171523,0.4855958,2.47317,0.4051137,1.152886,2.428926,0.2905716,0.931749,2.48481,0.2260797,0.6936733,2.477655,0.1672591,0.469968,2.368083,0.1512004,0.4030058,2.331818,0.5260285,0.9225659,2.40806,0.519066,0.6704297,2.361815,0.5021287,0.4854559,2.332371,0.4877323,0.4499935,2.344258,0.3488446,0.4826264,2.461246,0.4383023,0.1966842,2.349456,0.426844,-0.224186,2.328098,0.4751344,0.4856484,2.422152,0.4183891,0.1308333,2.337398,0.4329815,-0.241793,2.321928,0.4177229,0.9780663,2.466251
72057594038042242,0,0.642338,106255.2,0.4171523,0.4855958,2.47317,0.4051137,1.152886,2.428926,0.2905716,0.931749,2.48481,0.2260797,0.6936733,2.477655,0.1672591,0.469968,2.368083,0.1512004,0.4030058,2.331818,0.5260285,0.9225659,2.40806,0.519066,0.6704297,2.361815,0.5021287,0.4854559,2.332371,0.4877323,0.4499935,2.344258,0.3488446,0.4826264,2.461246,0.4383023,0.1966842,2.349456,0.426844,-0.224186,2.328098,0.4751344,0.4856484,2.422152,0.4183891,0.1308333,2.337398,0.4329815,-0.241793,2.321928,0.4177229,0.9780663,2.466251
72057594038042242,0,0.642338,106255.2,0.4171523,0.4855958,2.47317,0.4051137,1.152886,2.428926,0.2905716,0.931749,2.48481,0.2260797,0.6936733,2.477655,0.1672591,0.469968,2.368083,0.1512004,0.4030058,2.331818,0.5260285,0.9225659,2.40806,0.519066,0.6704297,2.361815,0.5021287,0.4854559,2.332371,0.4877323,0.4499935,2.344258,0.3488446,0.4826264,2.461246,0.4383023,0.1966842,2.349456,0.426844,-0.224186,2.328098,0.4751344,0.4856484,2.422152,0.4183891,0.1308333,2.337398,0.4329815,-0.241793,2.321928,0.4177229,0.9780663,2.466251
72057594038042242,0,0.642338,106255.2,0.4171523,0.4855958,2.47317,0.4051137,1.152886,2.428926,0.2905716,0.931749,2.48481,0.2260797,0.6936733,2.477655,0.1672591,0.469968,2.368083,0.1512004,0.4030058,2.331818,0.5260285,0.9225659,2.40806,0.519066,0.6704297,2.361815,0.5021287,0.4854559,2.332371,0.4877323,0.4499935,2.344258,0.3488446,0.4826264,2.461246,0.4383023,0.1966842,2.349456,0.426844,-0.224186,2.328098,0.4751344,0.4856484,2.422152,0.4183891,0.1308333,2.337398,0.4329815,-0.241793,2.321928,0.4177229,0.9780663,2.466251
72057594038042242,0,0.642338,106255.3,0.4171523,0.4855958,2.47317,0.4051137,1.152886,2.428926,0.2905716,0.931749,2.48481,0.2260797,0.6936733,2.477655,0.1672591,0.469968,2.368083,0.1512004,0.4030058,2.331818,0.5260285,0.9225659,2.40806,0.519066,0.6704297,2.361815,0.5021287,0.4854559,2.332371,0.4877323,0.4499935,2.344258,0.3488446,0.4826264,2.461246,0.4383023,0.1966842,2.349456,0.426844,-0.224186,2.328098,0.4751344,0.4856484,2.422152,0.4183891,0.1308333,2.337398,0.4329815,-0.241793,2.321928,0.4177229,0.9780663,2.466251
72057594038042242,0,0.642338,106255.3,0.4171523,0.4855958,2.47317,0.4051137,1.152886,2.428926,0.2905716,0.931749,2.48481,0.2260797,0.6936733,2.477655,0.1672591,0.469968,2.368083,0.1512004,0.4030058,2.331818,0.5260285,0.9225659,2.40806,0.519066,0.6704297,2.361815,0.5021287,0.4854559,2.332371,0.4877323,0.4499935,2.344258,0.3488446,0.4826264,2.461246,0.4383023,0.1966842,2.349456,0.426844,-0.224186,2.328098,0.4751344,0.4856484,2.422152,0.4183891,0.1308333,2.337398,0.4329815,-0.241793,2.321928,0.4177229,0.9780663,2.466251
72057594038042242,0,0.642338,106255.3,0.4171523,0.4855958,2.47317,0.4051137,1.152886,2.428926,0.2905716,0.931749,2.48481,0.2260797,0.6936733,2.477655,0.1672591,0.469968,2.368083,0.1512004,0.4030058,2.331818,0.5260285,0.9225659,2.40806,0.519066,0.6704297,2.361815,0.5021287,0.4854559,2.332371,0.4877323,0.4499935,2.344258,0.3488446,0.4826264,2.461246,0.4383023,0.1966842,2.349456,0.426844,-0.224186,2.328098,0.4751344,0.4856484,2.422152,0.4183891,0.1308333,2.337398,0.4329815,-0.241793,2.321928,0.4177229,0.9780663,2.466251
72057594038042242,0,0.642338,106255.3,0.4171523,0.4855958,2.47317,0.4051137,1.152886,2.428926,0.2905716,0.931749,2.48481,0.2260797,0.6936733,2.477655,0.1672591,0.469968,2.368083,0.1512004,0.4030058,2.331818,0.5260285,0.9225659,2.40806,0.519066,0.6704297,2.361815,0.5021287,0.4854559,2.332371,0.4877323,0.4499935,2.344258,0.3488446,0.4826264,2.461246,0.4383023,0.1966842,2.349456,0.426844,-0.224186,2.328098,0.4751344,0.4856484,2.422152,0.4183891,0.1308333,2.337398,0.4329815,-0.241793,2.321928,0.4177229,0.9780663,2.466251
72057594038042242,0,0.642338,106255.3,0.4171523,0.4855958,2.47317,0.4051137,1.152886,2.428926,0.2905716,0.931749,2.48481,0.2260797,0.6936733,2.477655,0.1672591,0.469968,2.368083,0.1512004,0.4030058,2.331818,0.5260285,0.9225659,2.40806,0.519066,0.6704297,2.361815,0.5021287,0.4854559,2.332371,0.4877323,0.4499935,2.344258,0.3488446,0.4826264,2.461246,0.4383023,0.1966842,2.349456,0.426844,-0.224186,2.328098,0.4751344,0.4856484,2.422152,0.4183891,0.1308333,2.337398,0.4329815,-0.241793,2.321928,0.4177229,0.9780663,2.466251
72057594038042242,0,0.6423824,106255.3,0.4144099,0.4850146,2.46943,0.3938406,1.154069,2.420327,0.2838247,0.9304079,2.473202,0.2299318,0.6913024,2.468784,0.1800777,0.4667963,2.356263,0.1764402,0.4036206,2.311367,0.5193869,0.9236796,2.397969,0.5129866,0.6705556,2.35392,0.4988523,0.4827708,2.327098,0.4864799,0.4444684,2.337507,0.3448429,0.4826693,2.457433,0.4384359,0.1971325,2.34921,0.4270476,-0.2239642,2.327914,0.4736017,0.4846577,2.418706,0.4120317,0.1816221,2.341436,0.4336884,-0.2384599,2.321936,0.4098631,0.9794407,2.458722
72057594038042242,0,0.6423824,106255.3,0.4144099,0.4850146,2.46943,0.3938406,1.154069,2.420327,0.2838247,0.9304079,2.473202,0.2299318,0.6913024,2.468784,0.1800777,0.4667963,2.356263,0.1764402,0.4036206,2.311367,0.5193869,0.9236796,2.397969,0.5129866,0.6705556,2.35392,0.4988523,0.4827708,2.327098,0.4864799,0.4444684,2.337507,0.3448429,0.4826693,2.457433,0.4384359,0.1971325,2.34921,0.4270476,-0.2239642,2.327914,0.4736017,0.4846577,2.418706,0.4120317,0.1816221,2.341436,0.4336884,-0.2384599,2.321936,0.4098631,0.9794407,2.458722
72057594038042242,0,0.6423824,106255.3,0.4144099,0.4850146,2.46943,0.3938406,1.154069,2.420327,0.2838247,0.9304079,2.473202,0.2299318,0.6913024,2.468784,0.1800777,0.4667963,2.356263,0.1764402,0.4036206,2.311367,0.5193869,0.9236796,2.397969,0.5129866,0.6705556,2.35392,0.4988523,0.4827708,2.327098,0.4864799,0.4444684,2.337507,0.3448429,0.4826693,2.457433,0.4384359,0.1971325,2.34921,0.4270476,-0.2239642,2.327914,0.4736017,0.4846577,2.418706,0.4120317,0.1816221,2.341436,0.4336884,-0.2384599,2.321936,0.4098631,0.9794407,2.458722
72057594038042242,0,0.6423824,106255.3,0.4144099,0.4850146,2.46943,0.3938406,1.154069,2.420327,0.2838247,0.9304079,2.473202,0.2299318,0.6913024,2.468784,0.1800777,0.4667963,2.356263,0.1764402,0.4036206,2.311367,0.5193869,0.9236796,2.397969,0.5129866,0.6705556,2.35392,0.4988523,0.4827708,2.327098,0.4864799,0.4444684,2.337507,0.3448429,0.4826693,2.457433,0.4384359,0.1971325,2.34921,0.4270476,-0.2239642,2.327914,0.4736017,0.4846577,2.418706,0.4120317,0.1816221,2.341436,0.4336884,-0.2384599,2.321936,0.4098631,0.9794407,2.458722
72057594038042242,0,0.6423824,106255.3,0.4144099,0.4850146,2.46943,0.3938406,1.154069,2.420327,0.2838247,0.9304079,2.473202,0.2299318,0.6913024,2.468784,0.1800777,0.4667963,2.356263,0.1764402,0.4036206,2.311367,0.5193869,0.9236796,2.397969,0.5129866,0.6705556,2.35392,0.4988523,0.4827708,2.327098,0.4864799,0.4444684,2.337507,0.3448429,0.4826693,2.457433,0.4384359,0.1971325,2.34921,0.4270476,-0.2239642,2.327914,0.4736017,0.4846577,2.418706,0.4120317,0.1816221,2.341436,0.4336884,-0.2384599,2.321936,0.4098631,0.9794407,2.458722
72057594038042242,0,0.6423824,106255.3,0.4144099,0.4850146,2.46943,0.3938406,1.154069,2.420327,0.2838247,0.9304079,2.473202,0.2299318,0.6913024,2.468784,0.1800777,0.4667963,2.356263,0.1764402,0.4036206,2.311367,0.5193869,0.9236796,2.397969,0.5129866,0.6705556,2.35392,0.4988523,0.4827708,2.327098,0.4864799,0.4444684,2.337507,0.3448429,0.4826693,2.457433,0.4384359,0.1971325,2.34921,0.4270476,-0.2239642,2.327914,0.4736017,0.4846577,2.418706,0.4120317,0.1816221,2.341436,0.4336884,-0.2384599,2.321936,0.4098631,0.9794407,2.458722
72057594038042242,0,0.6423824,106255.3,0.4144099,0.4850146,2.46943,0.3938406,1.154069,2.420327,0.2838247,0.9304079,2.473202,0.2299318,0.6913024,2.468784,0.1800777,0.4667963,2.356263,0.1764402,0.4036206,2.311367,0.5193869,0.9236796,2.397969,0.5129866,0.6705556,2.35392,0.4988523,0.4827708,2.327098,0.4864799,0.4444684,2.337507,0.3448429,0.4826693,2.457433,0.4384359,0.1971325,2.34921,0.4270476,-0.2239642,2.327914,0.4736017,0.4846577,2.418706,0.4120317,0.1816221,2.341436,0.4336884,-0.2384599,2.321936,0.4098631,0.9794407,2.458722
72057594038042242,0,0.6423824,106255.3,0.4144099,0.4850146,2.46943,0.3938406,1.154069,2.420327,0.2838247,0.9304079,2.473202,0.2299318,0.6913024,2.468784,0.1800777,0.4667963,2.356263,0.1764402,0.4036206,2.311367,0.5193869,0.9236796,2.397969,0.5129866,0.6705556,2.35392,0.4988523,0.4827708,2.327098,0.4864799,0.4444684,2.337507,0.3448429,0.4826693,2.457433,0.4384359,0.1971325,2.34921,0.4270476,-0.2239642,2.327914,0.4736017,0.4846577,2.418706,0.4120317,0.1816221,2.341436,0.4336884,-0.2384599,2.321936,0.4098631,0.9794407,2.458722
72057594038042242,0,0.6423824,106255.3,0.4144099,0.4850146,2.46943,0.3938406,1.154069,2.420327,0.2838247,0.9304079,2.473202,0.2299318,0.6913024,2.468784,0.1800777,0.4667963,2.356263,0.1764402,0.4036206,2.311367,0.5193869,0.9236796,2.397969,0.5129866,0.6705556,2.35392,0.4988523,0.4827708,2.327098,0.4864799,0.4444684,2.337507,0.3448429,0.4826693,2.457433,0.4384359,0.1971325,2.34921,0.4270476,-0.2239642,2.327914,0.4736017,0.4846577,2.418706,0.4120317,0.1816221,2.341436,0.4336884,-0.2384599,2.321936,0.4098631,0.9794407,2.458722
72057594038042242,0,0.6423824,106255.3,0.4144099,0.4850146,2.46943,0.3938406,1.154069,2.420327,0.2838247,0.9304079,2.473202,0.2299318,0.6913024,2.468784,0.1800777,0.4667963,2.356263,0.1764402,0.4036206,2.311367,0.5193869,0.9236796,2.397969,0.5129866,0.6705556,2.35392,0.4988523,0.4827708,2.327098,0.4864799,0.4444684,2.337507,0.3448429,0.4826693,2.457433,0.4384359,0.1971325,2.34921,0.4270476,-0.2239642,2.327914,0.4736017,0.4846577,2.418706,0.4120317,0.1816221,2.341436,0.4336884,-0.2384599,2.321936,0.4098631,0.9794407,2.458722
72057594038042242,0,0.6423824,106255.3,0.4144099,0.4850146,2.46943,0.3938406,1.154069,2.420327,0.2838247,0.9304079,2.473202,0.2299318,0.6913024,2.468784,0.1800777,0.4667963,2.356263,0.1764402,0.4036206,2.311367,0.5193869,0.9236796,2.397969,0.5129866,0.6705556,2.35392,0.4988523,0.4827708,2.327098,0.4864799,0.4444684,2.337507,0.3448429,0.4826693,2.457433,0.4384359,0.1971325,2.34921,0.4270476,-0.2239642,2.327914,0.4736017,0.4846577,2.418706,0.4120317,0.1816221,2.341436,0.4336884,-0.2384599,2.321936,0.4098631,0.9794407,2.458722
72057594038042242,0,0.6409906,106255.3,0.4101096,0.4856831,2.464888,0.3844438,1.155298,2.411523,0.2786599,0.9292155,2.465011,0.2369874,0.694917,2.456496,0.2076877,0.4708851,2.335591,0.2058114,0.4008897,2.292822,0.5143917,0.9268262,2.388406,0.5068837,0.6734642,2.346191,0.4999356,0.477945,2.326505,0.4860427,0.4451364,2.330381,0.3406009,0.4821778,2.452777,0.4234847,0.1667861,2.34189,0.4272394,-0.223423,2.327693,0.46944,0.4865159,2.414421,0.4122092,0.1820638,2.341673,0.4338526,-0.2337459,2.321949,0.3995352,0.9803041,2.448225
72057594038042242,0,0.6409906,106255.3,0.4101096,0.4856831,2.464888,0.3844438,1.155298,2.411523,0.2786599,0.9292155,2.465011,0.2369874,0.694917,2.456496,0.2076877,0.4708851,2.335591,0.2058114,0.4008897,2.292822,0.5143917,0.9268262,2.388406,0.5068837,0.6734642,2.346191,0.4999356,0.477945,2.326505,0.4860427,0.4451364,2.330381,0.3406009,0.4821778,2.452777,0.4234847,0.1667861,2.34189,0.4272394,-0.223423,2.327693,0.46944,0.4865159,2.414421,0.4122092,0.1820638,2.341673,0.4338526,-0.2337459,2.321949,0.3995352,0.9803041,2.448225
72057594038042242,0,0.6409906,106255.3,0.4101096,0.4856831,2.464888,0.3844438,1.155298,2.411523,0.2786599,0.9292155,2.465011,0.2369874,0.694917,2.456496,0.2076877,0.4708851,2.335591,0.2058114,0.4008897,2.292822,0.5143917,0.9268262,2.388406,0.5068837,0.6734642,2.346191,0.4999356,0.477945,2.326505,0.4860427,0.4451364,2.330381,0.3406009,0.4821778,2.452777,0.4234847,0.1667861,2.34189,0.4272394,-0.223423,2.327693,0.46944,0.4865159,2.414421,0.4122092,0.1820638,2.341673,0.4338526,-0.2337459,2.321949,0.3995352,0.9803041,2.448225
72057594038042242,0,0.6409906,106255.3,0.4101096,0.4856831,2.464888,0.3844438,1.155298,2.411523,0.2786599,0.9292155,2.465011,0.2369874,0.694917,2.456496,0.2076877,0.4708851,2.335591,0.2058114,0.4008897,2.292822,0.5143917,0.9268262,2.388406,0.5068837,0.6734642,2.346191,0.4999356,0.477945,2.326505,0.4860427,0.4451364,2.330381,0.3406009,0.4821778,2.452777,0.4234847,0.1667861,2.34189,0.4272394,-0.223423,2.327693,0.46944,0.4865159,2.414421,0.4122092,0.1820638,2.341673,0.4338526,-0.2337459,2.321949,0.3995352,0.9803041,2.448225
72057594038042242,0,0.6409906,106255.3,0.4101096,0.4856831,2.464888,0.3844438,1.155298,2.411523,0.2786599,0.9292155,2.465011,0.2369874,0.694917,2.456496,0.2076877,0.4708851,2.335591,0.2058114,0.4008897,2.292822,0.5143917,0.9268262,2.388406,0.5068837,0.6734642,2.346191,0.4999356,0.477945,2.326505,0.4860427,0.4451364,2.330381,0.3406009,0.4821778,2.452777,0.4234847,0.1667861,2.34189,0.4272394,-0.223423,2.327693,0.46944,0.4865159,2.414421,0.4122092,0.1820638,2.341673,0.4338526,-0.2337459,2.321949,0.3995352,0.9803041,2.448225
72057594038042242,0,0.6409906,106255.3,0.4101096,0.4856831,2.464888,0.3844438,1.155298,2.411523,0.2786599,0.9292155,2.465011,0.2369874,0.694917,2.456496,0.2076877,0.4708851,2.335591,0.2058114,0.4008897,2.292822,0.5143917,0.9268262,2.388406,0.5068837,0.6734642,2.346191,0.4999356,0.477945,2.326505,0.4860427,0.4451364,2.330381,0.3406009,0.4821778,2.452777,0.4234847,0.1667861,2.34189,0.4272394,-0.223423,2.327693,0.46944,0.4865159,2.414421,0.4122092,0.1820638,2.341673,0.4338526,-0.2337459,2.321949,0.3995352,0.9803041,2.448225
72057594038042242,0,0.6409906,106255.3,0.4101096,0.4856831,2.464888,0.3844438,1.155298,2.411523,0.2786599,0.9292155,2.465011,0.2369874,0.694917,2.456496,0.2076877,0.4708851,2.335591,0.2058114,0.4008897,2.292822,0.5143917,0.9268262,2.388406,0.5068837,0.6734642,2.346191,0.4999356,0.477945,2.326505,0.4860427,0.4451364,2.330381,0.3406009,0.4821778,2.452777,0.4234847,0.1667861,2.34189,0.4272394,-0.223423,2.327693,0.46944,0.4865159,2.414421,0.4122092,0.1820638,2.341673,0.4338526,-0.2337459,2.321949,0.3995352,0.9803041,2.448225
72057594038042242,0,0.6409906,106255.3,0.4101096,0.4856831,2.464888,0.3844438,1.155298,2.411523,0.2786599,0.9292155,2.465011,0.2369874,0.694917,2.456496,0.2076877,0.4708851,2.335591,0.2058114,0.4008897,2.292822,0.5143917,0.9268262,2.388406,0.5068837,0.6734642,2.346191,0.4999356,0.477945,2.326505,0.4860427,0.4451364,2.330381,0.3406009,0.4821778,2.452777,0.4234847,0.1667861,2.34189,0.4272394,-0.223423,2.327693,0.46944,0.4865159,2.414421,0.4122092,0.1820638,2.341673,0.4338526,-0.2337459,2.321949,0.3995352,0.9803041,2.448225
72057594038042242,0,0.6409906,106255.3,0.4101096,0.4856831,2.464888,0.3844438,1.155298,2.411523,0.2786599,0.9292155,2.465011,0.2369874,0.694917,2.456496,0.2076877,0.4708851,2.335591,0.2058114,0.4008897,2.292822,0.5143917,0.9268262,2.388406,0.5068837,0.6734642,2.346191,0.4999356,0.477945,2.326505,0.4860427,0.4451364,2.330381,0.3406009,0.4821778,2.452777,0.4234847,0.1667861,2.34189,0.4272394,-0.223423,2.327693,0.46944,0.4865159,2.414421,0.4122092,0.1820638,2.341673,0.4338526,-0.2337459,2.321949,0.3995352,0.9803041,2.448225
72057594038042242,0,0.6409906,106255.3,0.4101096,0.4856831,2.464888,0.3844438,1.155298,2.411523,0.2786599,0.9292155,2.465011,0.2369874,0.694917,2.456496,0.2076877,0.4708851,2.335591,0.2058114,0.4008897,2.292822,0.5143917,0.9268262,2.388406,0.5068837,0.6734642,2.346191,0.4999356,0.477945,2.326505,0.4860427,0.4451364,2.330381,0.3406009,0.4821778,2.452777,0.4234847,0.1667861,2.34189,0.4272394,-0.223423,2.327693,0.46944,0.4865159,2.414421,0.4122092,0.1820638,2.341673,0.4338526,-0.2337459,2.321949,0.3995352,0.9803041,2.448225
72057594038042242,0,0.6335289,106255.3,0.3961709,0.4841438,2.463069,0.377028,1.155909,2.403389,0.27119,0.9264305,2.457429,0.2461354,0.683531,2.445475,0.2260764,0.4595983,2.322474,0.2321271,0.3965328,2.280933,0.5104572,0.9252867,2.381929,0.4932911,0.672256,2.339987,0.5003915,0.4759623,2.325388,0.4836136,0.4398716,2.32734,0.326605,0.4805871,2.453199,0.4151658,0.156778,2.338215,0.427083,-0.2230607,2.327893,0.4558036,0.4850961,2.410428,0.4115723,0.1783507,2.341022,0.4342046,-0.2334694,2.321758,0.3944527,0.9793658,2.442214
72057594038042242,0,0.6335289,106255.3,0.3961709,0.4841438,2.463069,0.377028,1.155909,2.403389,0.27119,0.9264305,2.457429,0.2461354,0.683531,2.445475,0.2260764,0.4595983,2.322474,0.2321271,0.3965328,2.280933,0.5104572,0.9252867,2.381929,0.4932911,0.672256,2.339987,0.5003915,0.4759623,2.325388,0.4836136,0.4398716,2.32734,0.326605,0.4805871,2.453199,0.4151658,0.156778,2.338215,0.427083,-0.2230607,2.327893,0.4558036,0.4850961,2.410428,0.4115723,0.1783507,2.341022,0.4342046,-0.2334694,2.321758,0.3944527,0.9793658,2.442214
72057594038042242,0,0.6335289,106255.3,0.3961709,0.4841438,2.463069,0.377028,1.155909,2.403389,0.27119,0.9264305,2.457429,0.2461354,0.683531,2.445475,0.2260764,0.4595983,2.322474,0.2321271,0.3965328,2.280933,0.5104572,0.9252867,2.381929,0.4932911,0.672256,2.339987,0.5003915,0.4759623,2.325388,0.4836136,0.4398716,2.32734,0.326605,0.4805871,2.453199,0.4151658,0.156778,2.338215,0.427083,-0.2230607,2.327893,0.4558036,0.4850961,2.410428,0.4115723,0.1783507,2.341022,0.4342046,-0.2334694,2.321758,0.3944527,0.9793658,2.442214
72057594038042242,0,0.6335289,106255.3,0.3961709,0.4841438,2.463069,0.377028,1.155909,2.403389,0.27119,0.9264305,2.457429,0.2461354,0.683531,2.445475,0.2260764,0.4595983,2.322474,0.2321271,0.3965328,2.280933,0.5104572,0.9252867,2.381929,0.4932911,0.672256,2.339987,0.5003915,0.4759623,2.325388,0.4836136,0.4398716,2.32734,0.326605,0.4805871,2.453199,0.4151658,0.156778,2.338215,0.427083,-0.2230607,2.327893,0.4558036,0.4850961,2.410428,0.4115723,0.1783507,2.341022,0.4342046,-0.2334694,2.321758,0.3944527,0.9793658,2.442214
72057594038042242,0,0.6335289,106255.3,0.3961709,0.4841438,2.463069,0.377028,1.155909,2.403389,0.27119,0.9264305,2.457429,0.2461354,0.683531,2.445475,0.2260764,0.4595983,2.322474,0.2321271,0.3965328,2.280933,0.5104572,0.9252867,2.381929,0.4932911,0.672256,2.339987,0.5003915,0.4759623,2.325388,0.4836136,0.4398716,2.32734,0.326605,0.4805871,2.453199,0.4151658,0.156778,2.338215,0.427083,-0.2230607,2.327893,0.4558036,0.4850961,2.410428,0.4115723,0.1783507,2.341022,0.4342046,-0.2334694,2.321758,0.3944527,0.9793658,2.442214
72057594038042242,0,0.6335289,106255.4,0.3961709,0.4841438,2.463069,0.377028,1.155909,2.403389,0.27119,0.9264305,2.457429,0.2461354,0.683531,2.445475,0.2260764,0.4595983,2.322474,0.2321271,0.3965328,2.280933,0.5104572,0.9252867,2.381929,0.4932911,0.672256,2.339987,0.5003915,0.4759623,2.325388,0.4836136,0.4398716,2.32734,0.326605,0.4805871,2.453199,0.4151658,0.156778,2.338215,0.427083,-0.2230607,2.327893,0.4558036,0.4850961,2.410428,0.4115723,0.1783507,2.341022,0.4342046,-0.2334694,2.321758,0.3944527,0.9793658,2.442214
72057594038042242,0,0.6339314,106255.4,0.3950985,0.4848599,2.459486,0.3689913,1.15466,2.397018,0.265952,0.9261454,2.449371,0.2506383,0.6796029,2.43922,0.2362555,0.4556002,2.315554,0.2511471,0.3910269,2.271703,0.5082064,0.9270618,2.378709,0.490513,0.6741345,2.33601,0.507351,0.4886159,2.317609,0.4892479,0.4535535,2.32377,0.3254463,0.4809616,2.450149,0.413811,0.1563985,2.337619,0.4223367,-0.2272536,2.327184,0.4549578,0.4861882,2.406362,0.4116507,0.1788235,2.341344,0.4363802,-0.2348244,2.32089,0.3881451,0.9814216,2.43321
72057594038042242,0,0.6339314,106255.4,0.3950985,0.4848599,2.459486,0.3689913,1.15466,2.397018,0.265952,0.9261454,2.449371,0.2506383,0.6796029,2.43922,0.2362555,0.4556002,2.315554,0.2511471,0.3910269,2.271703,0.5082064,0.9270618,2.378709,0.490513,0.6741345,2.33601,0.507351,0.4886159,2.317609,0.4892479,0.4535535,2.32377,0.3254463,0.4809616,2.450149,0.413811,0.1563985,2.337619,0.4223367,-0.2272536,2.327184,0.4549578,0.4861882,2.406362,0.4116507,0.1788235,2.341344,0.4363802,-0.2348244,2.32089,0.3881451,0.9814216,2.43321
72057594038042242,0,0.6339314,106255.4,0.3950985,0.4848599,2.459486,0.3689913,1.15466,2.397018,0.265952,0.9261454,2.449371,0.2506383,0.6796029,2.43922,0.2362555,0.4556002,2.315554,0.2511471,0.3910269,2.271703,0.5082064,0.9270618,2.378709,0.490513,0.6741345,2.33601,0.507351,0.4886159,2.317609,0.4892479,0.4535535,2.32377,0.3254463,0.4809616,2.450149,0.413811,0.1563985,2.337619,0.4223367,-0.2272536,2.327184,0.4549578,0.4861882,2.406362,0.4116507,0.1788235,2.341344,0.4363802,-0.2348244,2.32089,0.3881451,0.9814216,2.43321
72057594038042242,0,0.6339314,106255.4,0.3950985,0.4848599,2.459486,0.3689913,1.15466,2.397018,0.265952,0.9261454,2.449371,0.2506383,0.6796029,2.43922,0.2362555,0.4556002,2.315554,0.2511471,0.3910269,2.271703,0.5082064,0.9270618,2.378709,0.490513,0.6741345,2.33601,0.507351,0.4886159,2.317609,0.4892479,0.4535535,2.32377,0.3254463,0.4809616,2.450149,0.413811,0.1563985,2.337619,0.4223367,-0.2272536,2.327184,0.4549578,0.4861882,2.406362,0.4116507,0.1788235,2.341344,0.4363802,-0.2348244,2.32089,0.3881451,0.9814216,2.43321
72057594038042242,0,0.6339314,106255.4,0.3950985,0.4848599,2.459486,0.3689913,1.15466,2.397018,0.265952,0.9261454,2.449371,0.2506383,0.6796029,2.43922,0.2362555,0.4556002,2.315554,0.2511471,0.3910269,2.271703,0.5082064,0.9270618,2.378709,0.490513,0.6741345,2.33601,0.507351,0.4886159,2.317609,0.4892479,0.4535535,2.32377,0.3254463,0.4809616,2.450149,0.413811,0.1563985,2.337619,0.4223367,-0.2272536,2.327184,0.4549578,0.4861882,2.406362,0.4116507,0.1788235,2.341344,0.4363802,-0.2348244,2.32089,0.3881451,0.9814216,2.43321
72057594038042242,0,0.6339314,106255.4,0.3950985,0.4848599,2.459486,0.3689913,1.15466,2.397018,0.265952,0.9261454,2.449371,0.2506383,0.6796029,2.43922,0.2362555,0.4556002,2.315554,0.2511471,0.3910269,2.271703,0.5082064,0.9270618,2.378709,0.490513,0.6741345,2.33601,0.507351,0.4886159,2.317609,0.4892479,0.4535535,2.32377,0.3254463,0.4809616,2.450149,0.413811,0.1563985,2.337619,0.4223367,-0.2272536,2.327184,0.4549578,0.4861882,2.406362,0.4116507,0.1788235,2.341344,0.4363802,-0.2348244,2.32089,0.3881451,0.9814216,2.43321
72057594038042242,0,0.6339314,106255.4,0.3950985,0.4848599,2.459486,0.3689913,1.15466,2.397018,0.265952,0.9261454,2.449371,0.2506383,0.6796029,2.43922,0.2362555,0.4556002,2.315554,0.2511471,0.3910269,2.271703,0.5082064,0.9270618,2.378709,0.490513,0.6741345,2.33601,0.507351,0.4886159,2.317609,0.4892479,0.4535535,2.32377,0.3254463,0.4809616,2.450149,0.413811,0.1563985,2.337619,0.4223367,-0.2272536,2.327184,0.4549578,0.4861882,2.406362,0.4116507,0.1788235,2.341344,0.4363802,-0.2348244,2.32089,0.3881451,0.9814216,2.43321
72057594038042242,0,0.6339314,106255.4,0.3950985,0.4848599,2.459486,0.3689913,1.15466,2.397018,0.265952,0.9261454,2.449371,0.2506383,0.6796029,2.43922,0.2362555,0.4556002,2.315554,0.2511471,0.3910269,2.271703,0.5082064,0.9270618,2.378709,0.490513,0.6741345,2.33601,0.507351,0.4886159,2.317609,0.4892479,0.4535535,2.32377,0.3254463,0.4809616,2.450149,0.413811,0.1563985,2.337619,0.4223367,-0.2272536,2.327184,0.4549578,0.4861882,2.406362,0.4116507,0.1788235,2.341344,0.4363802,-0.2348244,2.32089,0.3881451,0.9814216,2.43321
72057594038042242,0,0.6339314,106255.4,0.3950985,0.4848599,2.459486,0.3689913,1.15466,2.397018,0.265952,0.9261454,2.449371,0.2506383,0.6796029,2.43922,0.2362555,0.4556002,2.315554,0.2511471,0.3910269,2.271703,0.5082064,0.9270618,2.378709,0.490513,0.6741345,2.33601,0.507351,0.4886159,2.317609,0.4892479,0.4535535,2.32377,0.3254463,0.4809616,2.450149,0.413811,0.1563985,2.337619,0.4223367,-0.2272536,2.327184,0.4549578,0.4861882,2.406362,0.4116507,0.1788235,2.341344,0.4363802,-0.2348244,2.32089,0.3881451,0.9814216,2.43321
72057594038042242,0,0.6339314,106255.4,0.3950985,0.4848599,2.459486,0.3689913,1.15466,2.397018,0.265952,0.9261454,2.449371,0.2506383,0.6796029,2.43922,0.2362555,0.4556002,2.315554,0.2511471,0.3910269,2.271703,0.5082064,0.9270618,2.378709,0.490513,0.6741345,2.33601,0.507351,0.4886159,2.317609,0.4892479,0.4535535,2.32377,0.3254463,0.4809616,2.450149,0.413811,0.1563985,2.337619,0.4223367,-0.2272536,2.327184,0.4549578,0.4861882,2.406362,0.4116507,0.1788235,2.341344,0.4363802,-0.2348244,2.32089,0.3881451,0.9814216,2.43321
72057594038042242,0,0.6339314,106255.4,0.3950985,0.4848599,2.459486,0.3689913,1.15466,2.397018,0.265952,0.9261454,2.449371,0.2506383,0.6796029,2.43922,0.2362555,0.4556002,2.315554,0.2511471,0.3910269,2.271703,0.5082064,0.9270618,2.378709,0.490513,0.6741345,2.33601,0.507351,0.4886159,2.317609,0.4892479,0.4535535,2.32377,0.3254463,0.4809616,2.450149,0.413811,0.1563985,2.337619,0.4223367,-0.2272536,2.327184,0.4549578,0.4861882,2.406362,0.4116507,0.1788235,2.341344,0.4363802,-0.2348244,2.32089,0.3881451,0.9814216,2.43321
72057594038042242,0,0.6385348,106255.4,0.3972098,0.4841417,2.453126,0.3632061,1.155164,2.388703,0.260485,0.9232144,2.442394,0.2535755,0.6788079,2.434192,0.2504162,0.456925,2.311633,0.2655008,0.3908454,2.268966,0.4963079,0.9313681,2.363384,0.4881585,0.6769701,2.331328,0.4980123,0.4630718,2.320188,0.4879341,0.4289243,2.324516,0.3285427,0.4778242,2.443503,0.4173291,0.1607729,2.34253,0.4213491,-0.2259714,2.328063,0.4563517,0.4876839,2.399712,0.4123203,0.1797194,2.341924,0.4362896,-0.2346369,2.320668,0.3843663,0.9827194,2.425907
72057594038042242,0,0.6385348,106255.4,0.3972098,0.4841417,2.453126,0.3632061,1.155164,2.388703,0.260485,0.9232144,2.442394,0.2535755,0.6788079,2.434192,0.2504162,0.456925,2.311633,0.2655008,0.3908454,2.268966,0.4963079,0.9313681,2.363384,0.4881585,0.6769701,2.331328,0.4980123,0.4630718,2.320188,0.4879341,0.4289243,2.324516,0.3285427,0.4778242,2.443503,0.4173291,0.1607729,2.34253,0.4213491,-0.2259714,2.328063,0.4563517,0.4876839,2.399712,0.4123203,0.1797194,2.341924,0.4362896,-0.2346369,2.320668,0.3843663,0.9827194,2.425907
72057594038042242,0,0.6385348,106255.4,0.3972098,0.4841417,2.453126,0.3632061,1.155164,2.388703,0.260485,0.9232144,2.442394,0.2535755,0.6788079,2.434192,0.2504162,0.456925,2.311633,0.2655008,0.3908454,2.268966,0.4963079,0.9313681,2.363384,0.4881585,0.6769701,2.331328,0.4980123,0.4630718,2.320188,0.4879341,0.4289243,2.324516,0.3285427,0.4778242,2.443503,0.4173291,0.1607729,2.34253,0.4213491,-0.2259714,2.328063,0.4563517,0.4876839,2.399712,0.4123203,0.1797194,2.341924,0.4362896,-0.2346369,2.320668,0.3843663,0.9827194,2.425907
72057594038042242,0,0.6385348,106255.4,0.3972098,0.4841417,2.453126,0.3632061,1.155164,2.388703,0.260485,0.9232144,2.442394,0.2535755,0.6788079,2.434192,0.2504162,0.456925,2.311633,0.2655008,0.3908454,2.268966,0.4963079,0.9313681,2.363384,0.4881585,0.6769701,2.331328,0.4980123,0.4630718,2.320188,0.4879341,0.4289243,2.324516,0.3285427,0.4778242,2.443503,0.4173291,0.1607729,2.34253,0.4213491,-0.2259714,2.328063,0.4563517,0.4876839,2.399712,0.4123203,0.1797194,2.341924,0.4362896,-0.2346369,2.320668,0.3843663,0.9827194,2.425907
72057594038042242,0,0.6385348,106255.4,0.3972098,0.4841417,2.453126,0.3632061,1.155164,2.388703,0.260485,0.9232144,2.442394,0.2535755,0.6788079,2.434192,0.2504162,0.456925,2.311633,0.2655008,0.3908454,2.268966,0.4963079,0.9313681,2.363384,0.4881585,0.6769701,2.331328,0.4980123,0.4630718,2.320188,0.4879341,0.4289243,2.324516,0.3285427,0.4778242,2.443503,0.4173291,0.1607729,2.34253,0.4213491,-0.2259714,2.328063,0.4563517,0.4876839,2.399712,0.4123203,0.1797194,2.341924,0.4362896,-0.2346369,2.320668,0.3843663,0.9827194,2.425907
72057594038042242,0,0.6385348,106255.4,0.3972098,0.4841417,2.453126,0.3632061,1.155164,2.388703,0.260485,0.9232144,2.442394,0.2535755,0.6788079,2.434192,0.2504162,0.456925,2.311633,0.2655008,0.3908454,2.268966,0.4963079,0.9313681,2.363384,0.4881585,0.6769701,2.331328,0.4980123,0.4630718,2.320188,0.4879341,0.4289243,2.324516,0.3285427,0.4778242,2.443503,0.4173291,0.1607729,2.34253,0.4213491,-0.2259714,2.328063,0.4563517,0.4876839,2.399712,0.4123203,0.1797194,2.341924,0.4362896,-0.2346369,2.320668,0.3843663,0.9827194,2.425907
72057594038042242,0,0.6385348,106255.4,0.3972098,0.4841417,2.453126,0.3632061,1.155164,2.388703,0.260485,0.9232144,2.442394,0.2535755,0.6788079,2.434192,0.2504162,0.456925,2.311633,0.2655008,0.3908454,2.268966,0.4963079,0.9313681,2.363384,0.4881585,0.6769701,2.331328,0.4980123,0.4630718,2.320188,0.4879341,0.4289243,2.324516,0.3285427,0.4778242,2.443503,0.4173291,0.1607729,2.34253,0.4213491,-0.2259714,2.328063,0.4563517,0.4876839,2.399712,0.4123203,0.1797194,2.341924,0.4362896,-0.2346369,2.320668,0.3843663,0.9827194,2.425907
72057594038042242,0,0.6385348,106255.4,0.3972098,0.4841417,2.453126,0.3632061,1.155164,2.388703,0.260485,0.9232144,2.442394,0.2535755,0.6788079,2.434192,0.2504162,0.456925,2.311633,0.2655008,0.3908454,2.268966,0.4963079,0.9313681,2.363384,0.4881585,0.6769701,2.331328,0.4980123,0.4630718,2.320188,0.4879341,0.4289243,2.324516,0.3285427,0.4778242,2.443503,0.4173291,0.1607729,2.34253,0.4213491,-0.2259714,2.328063,0.4563517,0.4876839,2.399712,0.4123203,0.1797194,2.341924,0.4362896,-0.2346369,2.320668,0.3843663,0.9827194,2.425907
72057594038042242,0,0.6385348,106255.4,0.3972098,0.4841417,2.453126,0.3632061,1.155164,2.388703,0.260485,0.9232144,2.442394,0.2535755,0.6788079,2.434192,0.2504162,0.456925,2.311633,0.2655008,0.3908454,2.268966,0.4963079,0.9313681,2.363384,0.4881585,0.6769701,2.331328,0.4980123,0.4630718,2.320188,0.4879341,0.4289243,2.324516,0.3285427,0.4778242,2.443503,0.4173291,0.1607729,2.34253,0.4213491,-0.2259714,2.328063,0.4563517,0.4876839,2.399712,0.4123203,0.1797194,2.341924,0.4362896,-0.2346369,2.320668,0.3843663,0.9827194,2.425907
72057594038042242,0,0.6385348,106255.4,0.3972098,0.4841417,2.453126,0.3632061,1.155164,2.388703,0.260485,0.9232144,2.442394,0.2535755,0.6788079,2.434192,0.2504162,0.456925,2.311633,0.2655008,0.3908454,2.268966,0.4963079,0.9313681,2.363384,0.4881585,0.6769701,2.331328,0.4980123,0.4630718,2.320188,0.4879341,0.4289243,2.324516,0.3285427,0.4778242,2.443503,0.4173291,0.1607729,2.34253,0.4213491,-0.2259714,2.328063,0.4563517,0.4876839,2.399712,0.4123203,0.1797194,2.341924,0.4362896,-0.2346369,2.320668,0.3843663,0.9827194,2.425907
72057594038042242,0,0.6385348,106255.4,0.3972098,0.4841417,2.453126,0.3632061,1.155164,2.388703,0.260485,0.9232144,2.442394,0.2535755,0.6788079,2.434192,0.2504162,0.456925,2.311633,0.2655008,0.3908454,2.268966,0.4963079,0.9313681,2.363384,0.4881585,0.6769701,2.331328,0.4980123,0.4630718,2.320188,0.4879341,0.4289243,2.324516,0.3285427,0.4778242,2.443503,0.4173291,0.1607729,2.34253,0.4213491,-0.2259714,2.328063,0.4563517,0.4876839,2.399712,0.4123203,0.1797194,2.341924,0.4362896,-0.2346369,2.320668,0.3843663,0.9827194,2.425907
72057594038042242,0,0.642694,106255.4,0.3994243,0.4836134,2.44773,0.356431,1.155254,2.381033,0.2561805,0.9230755,2.436716,0.2563749,0.6791689,2.427565,0.257071,0.4591749,2.312812,0.2761428,0.3918098,2.27413,0.4939347,0.932741,2.358333,0.4880623,0.6783645,2.325234,0.4987485,0.4641235,2.318657,0.5022084,0.4076594,2.324257,0.3309754,0.4771919,2.43819,0.4136111,0.1589306,2.34199,0.4210196,-0.2200564,2.328011,0.4581468,0.4873613,2.394716,0.4073507,0.1255609,2.338643,0.4464189,-0.2339683,2.329374,0.380575,0.9834954,2.412962
72057594038042242,0,0.642694,106255.4,0.3994243,0.4836134,2.44773,0.356431,1.155254,2.381033,0.2561805,0.9230755,2.436716,0.2563749,0.6791689,2.427565,0.257071,0.4591749,2.312812,0.2761428,0.3918098,2.27413,0.4939347,0.932741,2.358333,0.4880623,0.6783645,2.325234,0.4987485,0.4641235,2.318657,0.5022084,0.4076594,2.324257,0.3309754,0.4771919,2.43819,0.4136111,0.1589306,2.34199,0.4210196,-0.2200564,2.328011,0.4581468,0.4873613,2.394716,0.4073507,0.1255609,2.338643,0.4464189,-0.2339683,2.329374,0.380575,0.9834954,2.412962
72057594038042242,0,0.642694,106255.4,0.3994243,0.4836134,2.44773,0.356431,1.155254,2.381033,0.2561805,0.9230755,2.436716,0.2563749,0.6791689,2.427565,0.257071,0.4591749,2.312812,0.2761428,0.3918098,2.27413,0.4939347,0.932741,2.358333,0.4880623,0.6783645,2.325234,0.4987485,0.4641235,2.318657,0.5022084,0.4076594,2.324257,0.3309754,0.4771919,2.43819,0.4136111,0.1589306,2.34199,0.4210196,-0.2200564,2.328011,0.4581468,0.4873613,2.394716,0.4073507,0.1255609,2.338643,0.4464189,-0.2339683,2.329374,0.380575,0.9834954,2.412962
72057594038042242,0,0.642694,106255.4,0.3994243,0.4836134,2.44773,0.356431,1.155254,2.381033,0.2561805,0.9230755,2.436716,0.2563749,0.6791689,2.427565,0.257071,0.4591749,2.312812,0.2761428,0.3918098,2.27413,0.4939347,0.932741,2.358333,0.4880623,0.6783645,2.325234,0.4987485,0.4641235,2.318657,0.5022084,0.4076594,2.324257,0.3309754,0.4771919,2.43819,0.4136111,0.1589306,2.34199,0.4210196,-0.2200564,2.328011,0.4581468,0.4873613,2.394716,0.4073507,0.1255609,2.338643,0.4464189,-0.2339683,2.329374,0.380575,0.9834954,2.412962
72057594038042242,0,0.642694,106255.4,0.3994243,0.4836134,2.44773,0.356431,1.155254,2.381033,0.2561805,0.9230755,2.436716,0.2563749,0.6791689,2.427565,0.257071,0.4591749,2.312812,0.2761428,0.3918098,2.27413,0.4939347,0.932741,2.358333,0.4880623,0.6783645,2.325234,0.4987485,0.4641235,2.318657,0.5022084,0.4076594,2.324257,0.3309754,0.4771919,2.43819,0.4136111,0.1589306,2.34199,0.4210196,-0.2200564,2.328011,0.4581468,0.4873613,2.394716,0.4073507,0.1255609,2.338643,0.4464189,-0.2339683,2.329374,0.380575,0.9834954,2.412962
72057594038042242,0,0.642694,106255.4,0.3994243,0.4836134,2.44773,0.356431,1.155254,2.381033,0.2561805,0.9230755,2.436716,0.2563749,0.6791689,2.427565,0.257071,0.4591749,2.312812,0.2761428,0.3918098,2.27413,0.4939347,0.932741,2.358333,0.4880623,0.6783645,2.325234,0.4987485,0.4641235,2.318657,0.5022084,0.4076594,2.324257,0.3309754,0.4771919,2.43819,0.4136111,0.1589306,2.34199,0.4210196,-0.2200564,2.328011,0.4581468,0.4873613,2.394716,0.4073507,0.1255609,2.338643,0.4464189,-0.2339683,2.329374,0.380575,0.9834954,2.412962
72057594038042242,0,0.642694,106255.5,0.3994243,0.4836134,2.44773,0.356431,1.155254,2.381033,0.2561805,0.9230755,2.436716,0.2563749,0.6791689,2.427565,0.257071,0.4591749,2.312812,0.2761428,0.3918098,2.27413,0.4939347,0.932741,2.358333,0.4880623,0.6783645,2.325234,0.4987485,0.4641235,2.318657,0.5022084,0.4076594,2.324257,0.3309754,0.4771919,2.43819,0.4136111,0.1589306,2.34199,0.4210196,-0.2200564,2.328011,0.4581468,0.4873613,2.394716,0.4073507,0.1255609,2.338643,0.4464189,-0.2339683,2.329374,0.380575,0.9834954,2.412962
72057594038042242,0,0.642694,106255.5,0.3994243,0.4836134,2.44773,0.356431,1.155254,2.381033,0.2561805,0.9230755,2.436716,0.2563749,0.6791689,2.427565,0.257071,0.4591749,2.312812,0.2761428,0.3918098,2.27413,0.4939347,0.932741,2.358333,0.4880623,0.6783645,2.325234,0.4987485,0.4641235,2.318657,0.5022084,0.4076594,2.324257,0.3309754,0.4771919,2.43819,0.4136111,0.1589306,2.34199,0.4210196,-0.2200564,2.328011,0.4581468,0.4873613,2.394716,0.4073507,0.1255609,2.338643,0.4464189,-0.2339683,2.329374,0.380575,0.9834954,2.412962
72057594038042242,0,0.642694,106255.5,0.3994243,0.4836134,2.44773,0.356431,1.155254,2.381033,0.2561805,0.9230755,2.436716,0.2563749,0.6791689,2.427565,0.257071,0.4591749,2.312812,0.2761428,0.3918098,2.27413,0.4939347,0.932741,2.358333,0.4880623,0.6783645,2.325234,0.4987485,0.4641235,2.318657,0.5022084,0.4076594,2.324257,0.3309754,0.4771919,2.43819,0.4136111,0.1589306,2.34199,0.4210196,-0.2200564,2.328011,0.4581468,0.4873613,2.394716,0.4073507,0.1255609,2.338643,0.4464189,-0.2339683,2.329374,0.380575,0.9834954,2.412962
72057594038042242,0,0.642694,106255.5,0.3994243,0.4836134,2.44773,0.356431,1.155254,2.381033,0.2561805,0.9230755,2.436716,0.2563749,0.6791689,2.427565,0.257071,0.4591749,2.312812,0.2761428,0.3918098,2.27413,0.4939347,0.932741,2.358333,0.4880623,0.6783645,2.325234,0.4987485,0.4641235,2.318657,0.5022084,0.4076594,2.324257,0.3309754,0.4771919,2.43819,0.4136111,0.1589306,2.34199,0.4210196,-0.2200564,2.328011,0.4581468,0.4873613,2.394716,0.4073507,0.1255609,2.338643,0.4464189,-0.2339683,2.329374,0.380575,0.9834954,2.412962
72057594038042242,0,0.645049,106255.5,0.4002022,0.4839325,2.443177,0.3507,1.156258,2.370031,0.2524521,0.9236664,2.427137,0.2578434,0.6792103,2.420453,0.2620685,0.4626178,2.314904,0.2820241,0.3940413,2.281147,0.4899724,0.9341471,2.349761,0.4886089,0.679363,2.322051,0.4969439,0.4860824,2.31456,0.4892549,0.4377765,2.313752,0.3319499,0.477486,2.433059,0.4127012,0.1590896,2.342349,0.4216824,-0.2196831,2.328239,0.4586966,0.4877225,2.390855,0.4169501,0.06930953,2.341392,0.4711655,-0.2618096,2.332505,0.3786374,0.98419,2.406419
72057594038042242,0,0.645049,106255.5,0.4002022,0.4839325,2.443177,0.3507,1.156258,2.370031,0.2524521,0.9236664,2.427137,0.2578434,0.6792103,2.420453,0.2620685,0.4626178,2.314904,0.2820241,0.3940413,2.281147,0.4899724,0.9341471,2.349761,0.4886089,0.679363,2.322051,0.4969439,0.4860824,2.31456,0.4892549,0.4377765,2.313752,0.3319499,0.477486,2.433059,0.4127012,0.1590896,2.342349,0.4216824,-0.2196831,2.328239,0.4586966,0.4877225,2.390855,0.4169501,0.06930953,2.341392,0.4711655,-0.2618096,2.332505,0.3786374,0.98419,2.406419
72057594038042242,0,0.645049,106255.5,0.4002022,0.4839325,2.443177,0.3507,1.156258,2.370031,0.2524521,0.9236664,2.427137,0.2578434,0.6792103,2.420453,0.2620685,0.4626178,2.314904,0.2820241,0.3940413,2.281147,0.4899724,0.9341471,2.349761,0.4886089,0.679363,2.322051,0.4969439,0.4860824,2.31456,0.4892549,0.4377765,2.313752,0.3319499,0.477486,2.433059,0.4127012,0.1590896,2.342349,0.4216824,-0.2196831,2.328239,0.4586966,0.4877225,2.390855,0.4169501,0.06930953,2.341392,0.4711655,-0.2618096,2.332505,0.3786374,0.98419,2.406419
72057594038042242,0,0.645049,106255.5,0.4002022,0.4839325,2.443177,0.3507,1.156258,2.370031,0.2524521,0.9236664,2.427137,0.2578434,0.6792103,2.420453,0.2620685,0.4626178,2.314904,0.2820241,0.3940413,2.281147,0.4899724,0.9341471,2.349761,0.4886089,0.679363,2.322051,0.4969439,0.4860824,2.31456,0.4892549,0.4377765,2.313752,0.3319499,0.477486,2.433059,0.4127012,0.1590896,2.342349,0.4216824,-0.2196831,2.328239,0.4586966,0.4877225,2.390855,0.4169501,0.06930953,2.341392,0.4711655,-0.2618096,2.332505,0.3786374,0.98419,2.406419
72057594038042242,0,0.645049,106255.5,0.4002022,0.4839325,2.443177,0.3507,1.156258,2.370031,0.2524521,0.9236664,2.427137,0.2578434,0.6792103,2.420453,0.2620685,0.4626178,2.314904,0.2820241,0.3940413,2.281147,0.4899724,0.9341471,2.349761,0.4886089,0.679363,2.322051,0.4969439,0.4860824,2.31456,0.4892549,0.4377765,2.313752,0.3319499,0.477486,2.433059,0.4127012,0.1590896,2.342349,0.4216824,-0.2196831,2.328239,0.4586966,0.4877225,2.390855,0.4169501,0.06930953,2.341392,0.4711655,-0.2618096,2.332505,0.3786374,0.98419,2.406419
72057594038042242,0,0.645049,106255.5,0.4002022,0.4839325,2.443177,0.3507,1.156258,2.370031,0.2524521,0.9236664,2.427137,0.2578434,0.6792103,2.420453,0.2620685,0.4626178,2.314904,0.2820241,0.3940413,2.281147,0.4899724,0.9341471,2.349761,0.4886089,0.679363,2.322051,0.4969439,0.4860824,2.31456,0.4892549,0.4377765,2.313752,0.3319499,0.477486,2.433059,0.4127012,0.1590896,2.342349,0.4216824,-0.2196831,2.328239,0.4586966,0.4877225,2.390855,0.4169501,0.06930953,2.341392,0.4711655,-0.2618096,2.332505,0.3786374,0.98419,2.406419
72057594038042242,0,0.645049,106255.5,0.4002022,0.4839325,2.443177,0.3507,1.156258,2.370031,0.2524521,0.9236664,2.427137,0.2578434,0.6792103,2.420453,0.2620685,0.4626178,2.314904,0.2820241,0.3940413,2.281147,0.4899724,0.9341471,2.349761,0.4886089,0.679363,2.322051,0.4969439,0.4860824,2.31456,0.4892549,0.4377765,2.313752,0.3319499,0.477486,2.433059,0.4127012,0.1590896,2.342349,0.4216824,-0.2196831,2.328239,0.4586966,0.4877225,2.390855,0.4169501,0.06930953,2.341392,0.4711655,-0.2618096,2.332505,0.3786374,0.98419,2.406419
72057594038042242,0,0.645049,106255.5,0.4002022,0.4839325,2.443177,0.3507,1.156258,2.370031,0.2524521,0.9236664,2.427137,0.2578434,0.6792103,2.420453,0.2620685,0.4626178,2.314904,0.2820241,0.3940413,2.281147,0.4899724,0.9341471,2.349761,0.4886089,0.679363,2.322051,0.4969439,0.4860824,2.31456,0.4892549,0.4377765,2.313752,0.3319499,0.477486,2.433059,0.4127012,0.1590896,2.342349,0.4216824,-0.2196831,2.328239,0.4586966,0.4877225,2.390855,0.4169501,0.06930953,2.341392,0.4711655,-0.2618096,2.332505,0.3786374,0.98419,2.406419
72057594038042242,0,0.645049,106255.5,0.4002022,0.4839325,2.443177,0.3507,1.156258,2.370031,0.2524521,0.9236664,2.427137,0.2578434,0.6792103,2.420453,0.2620685,0.4626178,2.314904,0.2820241,0.3940413,2.281147,0.4899724,0.9341471,2.349761,0.4886089,0.679363,2.322051,0.4969439,0.4860824,2.31456,0.4892549,0.4377765,2.313752,0.3319499,0.477486,2.433059,0.4127012,0.1590896,2.342349,0.4216824,-0.2196831,2.328239,0.4586966,0.4877225,2.390855,0.4169501,0.06930953,2.341392,0.4711655,-0.2618096,2.332505,0.3786374,0.98419,2.406419
72057594038042242,0,0.645049,106255.5,0.4002022,0.4839325,2.443177,0.3507,1.156258,2.370031,0.2524521,0.9236664,2.427137,0.2578434,0.6792103,2.420453,0.2620685,0.4626178,2.314904,0.2820241,0.3940413,2.281147,0.4899724,0.9341471,2.349761,0.4886089,0.679363,2.322051,0.4969439,0.4860824,2.31456,0.4892549,0.4377765,2.313752,0.3319499,0.477486,2.433059,0.4127012,0.1590896,2.342349,0.4216824,-0.2196831,2.328239,0.4586966,0.4877225,2.390855,0.4169501,0.06930953,2.341392,0.4711655,-0.2618096,2.332505,0.3786374,0.98419,2.406419
72057594038042242,0,0.644359,106255.5,0.4001695,0.4871091,2.440373,0.3472997,1.156995,2.36288,0.2499925,0.9235762,2.421875,0.2576328,0.6798784,2.413651,0.2651426,0.4648612,2.317183,0.2864594,0.3977634,2.291318,0.4862082,0.9383199,2.342532,0.4911903,0.6836603,2.313959,0.4983034,0.497227,2.309318,0.4900476,0.4377181,2.310895,0.3315436,0.4797399,2.430624,0.3926924,0.1800071,2.346935,0.4052114,-0.1560525,2.331398,0.4591155,0.4919699,2.387676,0.4013759,0.1287988,2.346482,0.4447784,-0.2273757,2.331339,0.3758067,0.9869604,2.397959
72057594038042242,0,0.644359,106255.5,0.4001695,0.4871091,2.440373,0.3472997,1.156995,2.36288,0.2499925,0.9235762,2.421875,0.2576328,0.6798784,2.413651,0.2651426,0.4648612,2.317183,0.2864594,0.3977634,2.291318,0.4862082,0.9383199,2.342532,0.4911903,0.6836603,2.313959,0.4983034,0.497227,2.309318,0.4900476,0.4377181,2.310895,0.3315436,0.4797399,2.430624,0.3926924,0.1800071,2.346935,0.4052114,-0.1560525,2.331398,0.4591155,0.4919699,2.387676,0.4013759,0.1287988,2.346482,0.4447784,-0.2273757,2.331339,0.3758067,0.9869604,2.397959
72057594038042242,0,0.644359,106255.5,0.4001695,0.4871091,2.440373,0.3472997,1.156995,2.36288,0.2499925,0.9235762,2.421875,0.2576328,0.6798784,2.413651,0.2651426,0.4648612,2.317183,0.2864594,0.3977634,2.291318,0.4862082,0.9383199,2.342532,0.4911903,0.6836603,2.313959,0.4983034,0.497227,2.309318,0.4900476,0.4377181,2.310895,0.3315436,0.4797399,2.430624,0.3926924,0.1800071,2.346935,0.4052114,-0.1560525,2.331398,0.4591155,0.4919699,2.387676,0.4013759,0.1287988,2.346482,0.4447784,-0.2273757,2.331339,0.3758067,0.9869604,2.397959
72057594038042242,0,0.644359,106255.5,0.4001695,0.4871091,2.440373,0.3472997,1.156995,2.36288,0.2499925,0.9235762,2.421875,0.2576328,0.6798784,2.413651,0.2651426,0.4648612,2.317183,0.2864594,0.3977634,2.291318,0.4862082,0.9383199,2.342532,0.4911903,0.6836603,2.313959,0.4983034,0.497227,2.309318,0.4900476,0.4377181,2.310895,0.3315436,0.4797399,2.430624,0.3926924,0.1800071,2.346935,0.4052114,-0.1560525,2.331398,0.4591155,0.4919699,2.387676,0.4013759,0.1287988,2.346482,0.4447784,-0.2273757,2.331339,0.3758067,0.9869604,2.397959
72057594038042242,0,0.644359,106255.5,0.4001695,0.4871091,2.440373,0.3472997,1.156995,2.36288,0.2499925,0.9235762,2.421875,0.2576328,0.6798784,2.413651,0.2651426,0.4648612,2.317183,0.2864594,0.3977634,2.291318,0.4862082,0.9383199,2.342532,0.4911903,0.6836603,2.313959,0.4983034,0.497227,2.309318,0.4900476,0.4377181,2.310895,0.3315436,0.4797399,2.430624,0.3926924,0.1800071,2.346935,0.4052114,-0.1560525,2.331398,0.4591155,0.4919699,2.387676,0.4013759,0.1287988,2.346482,0.4447784,-0.2273757,2.331339,0.3758067,0.9869604,2.397959
72057594038042242,0,0.644359,106255.5,0.4001695,0.4871091,2.440373,0.3472997,1.156995,2.36288,0.2499925,0.9235762,2.421875,0.2576328,0.6798784,2.413651,0.2651426,0.4648612,2.317183,0.2864594,0.3977634,2.291318,0.4862082,0.9383199,2.342532,0.4911903,0.6836603,2.313959,0.4983034,0.497227,2.309318,0.4900476,0.4377181,2.310895,0.3315436,0.4797399,2.430624,0.3926924,0.1800071,2.346935,0.4052114,-0.1560525,2.331398,0.4591155,0.4919699,2.387676,0.4013759,0.1287988,2.346482,0.4447784,-0.2273757,2.331339,0.3758067,0.9869604,2.397959
72057594038042242,0,0.644359,106255.5,0.4001695,0.4871091,2.440373,0.3472997,1.156995,2.36288,0.2499925,0.9235762,2.421875,0.2576328,0.6798784,2.413651,0.2651426,0.4648612,2.317183,0.2864594,0.3977634,2.291318,0.4862082,0.9383199,2.342532,0.4911903,0.6836603,2.313959,0.4983034,0.497227,2.309318,0.4900476,0.4377181,2.310895,0.3315436,0.4797399,2.430624,0.3926924,0.1800071,2.346935,0.4052114,-0.1560525,2.331398,0.4591155,0.4919699,2.387676,0.4013759,0.1287988,2.346482,0.4447784,-0.2273757,2.331339,0.3758067,0.9869604,2.397959
72057594038042242,0,0.644359,106255.5,0.4001695,0.4871091,2.440373,0.3472997,1.156995,2.36288,0.2499925,0.9235762,2.421875,0.2576328,0.6798784,2.413651,0.2651426,0.4648612,2.317183,0.2864594,0.3977634,2.291318,0.4862082,0.9383199,2.342532,0.4911903,0.6836603,2.313959,0.4983034,0.497227,2.309318,0.4900476,0.4377181,2.310895,0.3315436,0.4797399,2.430624,0.3926924,0.1800071,2.346935,0.4052114,-0.1560525,2.331398,0.4591155,0.4919699,2.387676,0.4013759,0.1287988,2.346482,0.4447784,-0.2273757,2.331339,0.3758067,0.9869604,2.397959
72057594038042242,0,0.644359,106255.5,0.4001695,0.4871091,2.440373,0.3472997,1.156995,2.36288,0.2499925,0.9235762,2.421875,0.2576328,0.6798784,2.413651,0.2651426,0.4648612,2.317183,0.2864594,0.3977634,2.291318,0.4862082,0.9383199,2.342532,0.4911903,0.6836603,2.313959,0.4983034,0.497227,2.309318,0.4900476,0.4377181,2.310895,0.3315436,0.4797399,2.430624,0.3926924,0.1800071,2.346935,0.4052114,-0.1560525,2.331398,0.4591155,0.4919699,2.387676,0.4013759,0.1287988,2.346482,0.4447784,-0.2273757,2.331339,0.3758067,0.9869604,2.397959
72057594038042242,0,0.644359,106255.5,0.4001695,0.4871091,2.440373,0.3472997,1.156995,2.36288,0.2499925,0.9235762,2.421875,0.2576328,0.6798784,2.413651,0.2651426,0.4648612,2.317183,0.2864594,0.3977634,2.291318,0.4862082,0.9383199,2.342532,0.4911903,0.6836603,2.313959,0.4983034,0.497227,2.309318,0.4900476,0.4377181,2.310895,0.3315436,0.4797399,2.430624,0.3926924,0.1800071,2.346935,0.4052114,-0.1560525,2.331398,0.4591155,0.4919699,2.387676,0.4013759,0.1287988,2.346482,0.4447784,-0.2273757,2.331339,0.3758067,0.9869604,2.397959
72057594038042242,0,0.6438509,106255.5,0.3991276,0.488424,2.438268,0.3451273,1.156536,2.357544,0.2474938,0.9231044,2.413548,0.2592372,0.6796783,2.409172,0.2685747,0.4632228,2.320829,0.2887902,0.3966878,2.303962,0.4828924,0.9380059,2.33571,0.4917794,0.685181,2.309787,0.497767,0.4987391,2.306764,0.486074,0.4396278,2.309608,0.3301546,0.4807177,2.428843,0.3959586,0.1819055,2.345872,0.4243357,-0.2160965,2.327882,0.4584326,0.4936179,2.385213,0.4009705,0.1439104,2.347574,0.4418192,-0.2268906,2.329941,0.3741076,0.9870865,2.39224
72057594038042242,0,0.6438509,106255.5,0.3991276,0.488424,2.438268,0.3451273,1.156536,2.357544,0.2474938,0.9231044,2.413548,0.2592372,0.6796783,2.409172,0.2685747,0.4632228,2.320829,0.2887902,0.3966878,2.303962,0.4828924,0.9380059,2.33571,0.4917794,0.685181,2.309787,0.497767,0.4987391,2.306764,0.486074,0.4396278,2.309608,0.3301546,0.4807177,2.428843,0.3959586,0.1819055,2.345872,0.4243357,-0.2160965,2.327882,0.4584326,0.4936179,2.385213,0.4009705,0.1439104,2.347574,0.4418192,-0.2268906,2.329941,0.3741076,0.9870865,2.39224
72057594038042242,0,0.6438509,106255.5,0.3991276,0.488424,2.438268,0.3451273,1.156536,2.357544,0.2474938,0.9231044,2.413548,0.2592372,0.6796783,2.409172,0.2685747,0.4632228,2.320829,0.2887902,0.3966878,2.303962,0.4828924,0.9380059,2.33571,0.4917794,0.685181,2.309787,0.497767,0.4987391,2.306764,0.486074,0.4396278,2.309608,0.3301546,0.4807177,2.428843,0.3959586,0.1819055,2.345872,0.4243357,-0.2160965,2.327882,0.4584326,0.4936179,2.385213,0.4009705,0.1439104,2.347574,0.4418192,-0.2268906,2.329941,0.3741076,0.9870865,2.39224
72057594038042242,0,0.6438509,106255.5,0.3991276,0.488424,2.438268,0.3451273,1.156536,2.357544,0.2474938,0.9231044,2.413548,0.2592372,0.6796783,2.409172,0.2685747,0.4632228,2.320829,0.2887902,0.3966878,2.303962,0.4828924,0.9380059,2.33571,0.4917794,0.685181,2.309787,0.497767,0.4987391,2.306764,0.486074,0.4396278,2.309608,0.3301546,0.4807177,2.428843,0.3959586,0.1819055,2.345872,0.4243357,-0.2160965,2.327882,0.4584326,0.4936179,2.385213,0.4009705,0.1439104,2.347574,0.4418192,-0.2268906,2.329941,0.3741076,0.9870865,2.39224
72057594038042242,0,0.6438509,106255.5,0.3991276,0.488424,2.438268,0.3451273,1.156536,2.357544,0.2474938,0.9231044,2.413548,0.2592372,0.6796783,2.409172,0.2685747,0.4632228,2.320829,0.2887902,0.3966878,2.303962,0.4828924,0.9380059,2.33571,0.4917794,0.685181,2.309787,0.497767,0.4987391,2.306764,0.486074,0.4396278,2.309608,0.3301546,0.4807177,2.428843,0.3959586,0.1819055,2.345872,0.4243357,-0.2160965,2.327882,0.4584326,0.4936179,2.385213,0.4009705,0.1439104,2.347574,0.4418192,-0.2268906,2.329941,0.3741076,0.9870865,2.39224
72057594038042242,0,0.6438509,106255.5,0.3991276,0.488424,2.438268,0.3451273,1.156536,2.357544,0.2474938,0.9231044,2.413548,0.2592372,0.6796783,2.409172,0.2685747,0.4632228,2.320829,0.2887902,0.3966878,2.303962,0.4828924,0.9380059,2.33571,0.4917794,0.685181,2.309787,0.497767,0.4987391,2.306764,0.486074,0.4396278,2.309608,0.3301546,0.4807177,2.428843,0.3959586,0.1819055,2.345872,0.4243357,-0.2160965,2.327882,0.4584326,0.4936179,2.385213,0.4009705,0.1439104,2.347574,0.4418192,-0.2268906,2.329941,0.3741076,0.9870865,2.39224
72057594038042242,0,0.6438509,106255.6,0.3991276,0.488424,2.438268,0.3451273,1.156536,2.357544,0.2474938,0.9231044,2.413548,0.2592372,0.6796783,2.409172,0.2685747,0.4632228,2.320829,0.2887902,0.3966878,2.303962,0.4828924,0.9380059,2.33571,0.4917794,0.685181,2.309787,0.497767,0.4987391,2.306764,0.486074,0.4396278,2.309608,0.3301546,0.4807177,2.428843,0.3959586,0.1819055,2.345872,0.4243357,-0.2160965,2.327882,0.4584326,0.4936179,2.385213,0.4009705,0.1439104,2.347574,0.4418192,-0.2268906,2.329941,0.3741076,0.9870865,2.39224
72057594038042242,0,0.6438509,106255.6,0.3991276,0.488424,2.438268,0.3451273,1.156536,2.357544,0.2474938,0.9231044,2.413548,0.2592372,0.6796783,2.409172,0.2685747,0.4632228,2.320829,0.2887902,0.3966878,2.303962,0.4828924,0.9380059,2.33571,0.4917794,0.685181,2.309787,0.497767,0.4987391,2.306764,0.486074,0.4396278,2.309608,0.3301546,0.4807177,2.428843,0.3959586,0.1819055,2.345872,0.4243357,-0.2160965,2.327882,0.4584326,0.4936179,2.385213,0.4009705,0.1439104,2.347574,0.4418192,-0.2268906,2.329941,0.3741076,0.9870865,2.39224
72057594038042242,0,0.6438509,106255.6,0.3991276,0.488424,2.438268,0.3451273,1.156536,2.357544,0.2474938,0.9231044,2.413548,0.2592372,0.6796783,2.409172,0.2685747,0.4632228,2.320829,0.2887902,0.3966878,2.303962,0.4828924,0.9380059,2.33571,0.4917794,0.685181,2.309787,0.497767,0.4987391,2.306764,0.486074,0.4396278,2.309608,0.3301546,0.4807177,2.428843,0.3959586,0.1819055,2.345872,0.4243357,-0.2160965,2.327882,0.4584326,0.4936179,2.385213,0.4009705,0.1439104,2.347574,0.4418192,-0.2268906,2.329941,0.3741076,0.9870865,2.39224
72057594038042242,0,0.6438509,106255.6,0.3991276,0.488424,2.438268,0.3451273,1.156536,2.357544,0.2474938,0.9231044,2.413548,0.2592372,0.6796783,2.409172,0.2685747,0.4632228,2.320829,0.2887902,0.3966878,2.303962,0.4828924,0.9380059,2.33571,0.4917794,0.685181,2.309787,0.497767,0.4987391,2.306764,0.486074,0.4396278,2.309608,0.3301546,0.4807177,2.428843,0.3959586,0.1819055,2.345872,0.4243357,-0.2160965,2.327882,0.4584326,0.4936179,2.385213,0.4009705,0.1439104,2.347574,0.4418192,-0.2268906,2.329941,0.3741076,0.9870865,2.39224
72057594038042242,0,0.6448098,106255.6,0.3989587,0.4884171,2.435967,0.3454001,1.154496,2.351302,0.2473169,0.9221748,2.407352,0.2608916,0.6789912,2.402566,0.2713785,0.4655156,2.327042,0.2888614,0.4035294,2.316632,0.4795959,0.9382216,2.328227,0.491248,0.688403,2.304698,0.4982032,0.5021071,2.304341,0.490124,0.438018,2.307585,0.3299311,0.4814554,2.425773,0.3969994,0.1824645,2.345705,0.4244158,-0.2166855,2.327881,0.4582773,0.493015,2.383493,0.4008551,0.1458724,2.347752,0.4389768,-0.227395,2.328942,0.3731525,0.9871697,2.382884
72057594038042242,0,0.6448098,106255.6,0.3989587,0.4884171,2.435967,0.3454001,1.154496,2.351302,0.2473169,0.9221748,2.407352,0.2608916,0.6789912,2.402566,0.2713785,0.4655156,2.327042,0.2888614,0.4035294,2.316632,0.4795959,0.9382216,2.328227,0.491248,0.688403,2.304698,0.4982032,0.5021071,2.304341,0.490124,0.438018,2.307585,0.3299311,0.4814554,2.425773,0.3969994,0.1824645,2.345705,0.4244158,-0.2166855,2.327881,0.4582773,0.493015,2.383493,0.4008551,0.1458724,2.347752,0.4389768,-0.227395,2.328942,0.3731525,0.9871697,2.382884
72057594038042242,0,0.6448098,106255.6,0.3989587,0.4884171,2.435967,0.3454001,1.154496,2.351302,0.2473169,0.9221748,2.407352,0.2608916,0.6789912,2.402566,0.2713785,0.4655156,2.327042,0.2888614,0.4035294,2.316632,0.4795959,0.9382216,2.328227,0.491248,0.688403,2.304698,0.4982032,0.5021071,2.304341,0.490124,0.438018,2.307585,0.3299311,0.4814554,2.425773,0.3969994,0.1824645,2.345705,0.4244158,-0.2166855,2.327881,0.4582773,0.493015,2.383493,0.4008551,0.1458724,2.347752,0.4389768,-0.227395,2.328942,0.3731525,0.9871697,2.382884
72057594038042242,0,0.6448098,106255.6,0.3989587,0.4884171,2.435967,0.3454001,1.154496,2.351302,0.2473169,0.9221748,2.407352,0.2608916,0.6789912,2.402566,0.2713785,0.4655156,2.327042,0.2888614,0.4035294,2.316632,0.4795959,0.9382216,2.328227,0.491248,0.688403,2.304698,0.4982032,0.5021071,2.304341,0.490124,0.438018,2.307585,0.3299311,0.4814554,2.425773,0.3969994,0.1824645,2.345705,0.4244158,-0.2166855,2.327881,0.4582773,0.493015,2.383493,0.4008551,0.1458724,2.347752,0.4389768,-0.227395,2.328942,0.3731525,0.9871697,2.382884
72057594038042242,0,0.6448098,106255.6,0.3989587,0.4884171,2.435967,0.3454001,1.154496,2.351302,0.2473169,0.9221748,2.407352,0.2608916,0.6789912,2.402566,0.2713785,0.4655156,2.327042,0.2888614,0.4035294,2.316632,0.4795959,0.9382216,2.328227,0.491248,0.688403,2.304698,0.4982032,0.5021071,2.304341,0.490124,0.438018,2.307585,0.3299311,0.4814554,2.425773,0.3969994,0.1824645,2.345705,0.4244158,-0.2166855,2.327881,0.4582773,0.493015,2.383493,0.4008551,0.1458724,2.347752,0.4389768,-0.227395,2.328942,0.3731525,0.9871697,2.382884
72057594038042242,0,0.6448098,106255.6,0.3989587,0.4884171,2.435967,0.3454001,1.154496,2.351302,0.2473169,0.9221748,2.407352,0.2608916,0.6789912,2.402566,0.2713785,0.4655156,2.327042,0.2888614,0.4035294,2.316632,0.4795959,0.9382216,2.328227,0.491248,0.688403,2.304698,0.4982032,0.5021071,2.304341,0.490124,0.438018,2.307585,0.3299311,0.4814554,2.425773,0.3969994,0.1824645,2.345705,0.4244158,-0.2166855,2.327881,0.4582773,0.493015,2.383493,0.4008551,0.1458724,2.347752,0.4389768,-0.227395,2.328942,0.3731525,0.9871697,2.382884
72057594038042242,0,0.6448098,106255.6,0.3989587,0.4884171,2.435967,0.3454001,1.154496,2.351302,0.2473169,0.9221748,2.407352,0.2608916,0.6789912,2.402566,0.2713785,0.4655156,2.327042,0.2888614,0.4035294,2.316632,0.4795959,0.9382216,2.328227,0.491248,0.688403,2.304698,0.4982032,0.5021071,2.304341,0.490124,0.438018,2.307585,0.3299311,0.4814554,2.425773,0.3969994,0.1824645,2.345705,0.4244158,-0.2166855,2.327881,0.4582773,0.493015,2.383493,0.4008551,0.1458724,2.347752,0.4389768,-0.227395,2.328942,0.3731525,0.9871697,2.382884
72057594038042242,0,0.6448098,106255.6,0.3989587,0.4884171,2.435967,0.3454001,1.154496,2.351302,0.2473169,0.9221748,2.407352,0.2608916,0.6789912,2.402566,0.2713785,0.4655156,2.327042,0.2888614,0.4035294,2.316632,0.4795959,0.9382216,2.328227,0.491248,0.688403,2.304698,0.4982032,0.5021071,2.304341,0.490124,0.438018,2.307585,0.3299311,0.4814554,2.425773,0.3969994,0.1824645,2.345705,0.4244158,-0.2166855,2.327881,0.4582773,0.493015,2.383493,0.4008551,0.1458724,2.347752,0.4389768,-0.227395,2.328942,0.3731525,0.9871697,2.382884
72057594038042242,0,0.6448098,106255.6,0.3989587,0.4884171,2.435967,0.3454001,1.154496,2.351302,0.2473169,0.9221748,2.407352,0.2608916,0.6789912,2.402566,0.2713785,0.4655156,2.327042,0.2888614,0.4035294,2.316632,0.4795959,0.9382216,2.328227,0.491248,0.688403,2.304698,0.4982032,0.5021071,2.304341,0.490124,0.438018,2.307585,0.3299311,0.4814554,2.425773,0.3969994,0.1824645,2.345705,0.4244158,-0.2166855,2.327881,0.4582773,0.493015,2.383493,0.4008551,0.1458724,2.347752,0.4389768,-0.227395,2.328942,0.3731525,0.9871697,2.382884
72057594038042242,0,0.6470315,106255.6,0.3978103,0.4866349,2.431939,0.346034,1.152227,2.343158,0.247167,0.9211009,2.394822,0.2618597,0.6788118,2.397269,0.2718852,0.4622233,2.330493,0.2861131,0.4038402,2.32754,0.4749906,0.9358211,2.318457,0.4920374,0.6898087,2.300775,0.4985341,0.502667,2.301704,0.4903393,0.4390921,2.303818,0.3292354,0.4796923,2.421522,0.4003034,0.1681857,2.345339,0.4240856,-0.2170722,2.32788,0.4566812,0.4911692,2.379804,0.4015197,0.1459829,2.34703,0.4368361,-0.2283577,2.327274,0.3724116,0.9855271,2.374941
72057594038042242,0,0.6470315,106255.6,0.3978103,0.4866349,2.431939,0.346034,1.152227,2.343158,0.247167,0.9211009,2.394822,0.2618597,0.6788118,2.397269,0.2718852,0.4622233,2.330493,0.2861131,0.4038402,2.32754,0.4749906,0.9358211,2.318457,0.4920374,0.6898087,2.300775,0.4985341,0.502667,2.301704,0.4903393,0.4390921,2.303818,0.3292354,0.4796923,2.421522,0.4003034,0.1681857,2.345339,0.4240856,-0.2170722,2.32788,0.4566812,0.4911692,2.379804,0.4015197,0.1459829,2.34703,0.4368361,-0.2283577,2.327274,0.3724116,0.9855271,2.374941
72057594038042242,0,0.6470315,106255.6,0.3978103,0.4866349,2.431939,0.346034,1.152227,2.343158,0.247167,0.9211009,2.394822,0.2618597,0.6788118,2.397269,0.2718852,0.4622233,2.330493,0.2861131,0.4038402,2.32754,0.4749906,0.9358211,2.318457,0.4920374,0.6898087,2.300775,0.4985341,0.502667,2.301704,0.4903393,0.4390921,2.303818,0.3292354,0.4796923,2.421522,0.4003034,0.1681857,2.345339,0.4240856,-0.2170722,2.32788,0.4566812,0.4911692,2.379804,0.4015197,0.1459829,2.34703,0.4368361,-0.2283577,2.327274,0.3724116,0.9855271,2.374941
72057594038042242,0,0.6470315,106255.6,0.3978103,0.4866349,2.431939,0.346034,1.152227,2.343158,0.247167,0.9211009,2.394822,0.2618597,0.6788118,2.397269,0.2718852,0.4622233,2.330493,0.2861131,0.4038402,2.32754,0.4749906,0.9358211,2.318457,0.4920374,0.6898087,2.300775,0.4985341,0.502667,2.301704,0.4903393,0.4390921,2.303818,0.3292354,0.4796923,2.421522,0.4003034,0.1681857,2.345339,0.4240856,-0.2170722,2.32788,0.4566812,0.4911692,2.379804,0.4015197,0.1459829,2.34703,0.4368361,-0.2283577,2.327274,0.3724116,0.9855271,2.374941
72057594038042242,0,0.6470315,106255.6,0.3978103,0.4866349,2.431939,0.346034,1.152227,2.343158,0.247167,0.9211009,2.394822,0.2618597,0.6788118,2.397269,0.2718852,0.4622233,2.330493,0.2861131,0.4038402,2.32754,0.4749906,0.9358211,2.318457,0.4920374,0.6898087,2.300775,0.4985341,0.502667,2.301704,0.4903393,0.4390921,2.303818,0.3292354,0.4796923,2.421522,0.4003034,0.1681857,2.345339,0.4240856,-0.2170722,2.32788,0.4566812,0.4911692,2.379804,0.4015197,0.1459829,2.34703,0.4368361,-0.2283577,2.327274,0.3724116,0.9855271,2.374941
72057594038042242,0,0.6470315,106255.6,0.3978103,0.4866349,2.431939,0.346034,1.152227,2.343158,0.247167,0.9211009,2.394822,0.2618597,0.6788118,2.397269,0.2718852,0.4622233,2.330493,0.2861131,0.4038402,2.32754,0.4749906,0.9358211,2.318457,0.4920374,0.6898087,2.300775,0.4985341,0.502667,2.301704,0.4903393,0.4390921,2.303818,0.3292354,0.4796923,2.421522,0.4003034,0.1681857,2.345339,0.4240856,-0.2170722,2.32788,0.4566812,0.4911692,2.379804,0.4015197,0.1459829,2.34703,0.4368361,-0.2283577,2.327274,0.3724116,0.9855271,2.374941
72057594038042242,0,0.6470315,106255.6,0.3978103,0.4866349,2.431939,0.346034,1.152227,2.343158,0.247167,0.9211009,2.394822,0.2618597,0.6788118,2.397269,0.2718852,0.4622233,2.330493,0.2861131,0.4038402,2.32754,0.4749906,0.9358211,2.318457,0.4920374,0.6898087,2.300775,0.4985341,0.502667,2.301704,0.4903393,0.4390921,2.303818,0.3292354,0.4796923,2.421522,0.4003034,0.1681857,2.345339,0.4240856,-0.2170722,2.32788,0.4566812,0.4911692,2.379804,0.4015197,0.1459829,2.34703,0.4368361,-0.2283577,2.327274,0.3724116,0.9855271,2.374941
72057594038042242,0,0.6470315,106255.6,0.3978103,0.4866349,2.431939,0.346034,1.152227,2.343158,0.247167,0.9211009,2.394822,0.2618597,0.6788118,2.397269,0.2718852,0.4622233,2.330493,0.2861131,0.4038402,2.32754,0.4749906,0.9358211,2.318457,0.4920374,0.6898087,2.300775,0.4985341,0.502667,2.301704,0.4903393,0.4390921,2.303818,0.3292354,0.4796923,2.421522,0.4003034,0.1681857,2.345339,0.4240856,-0.2170722,2.32788,0.4566812,0.4911692,2.379804,0.4015197,0.1459829,2.34703,0.4368361,-0.2283577,2.327274,0.3724116,0.9855271,2.374941
72057594038042242,0,0.6470315,106255.6,0.3978103,0.4866349,2.431939,0.346034,1.152227,2.343158,0.247167,0.9211009,2.394822,0.2618597,0.6788118,2.397269,0.2718852,0.4622233,2.330493,0.2861131,0.4038402,2.32754,0.4749906,0.9358211,2.318457,0.4920374,0.6898087,2.300775,0.4985341,0.502667,2.301704,0.4903393,0.4390921,2.303818,0.3292354,0.4796923,2.421522,0.4003034,0.1681857,2.345339,0.4240856,-0.2170722,2.32788,0.4566812,0.4911692,2.379804,0.4015197,0.1459829,2.34703,0.4368361,-0.2283577,2.327274,0.3724116,0.9855271,2.374941
72057594038042242,0,0.6470315,106255.6,0.3978103,0.4866349,2.431939,0.346034,1.152227,2.343158,0.247167,0.9211009,2.394822,0.2618597,0.6788118,2.397269,0.2718852,0.4622233,2.330493,0.2861131,0.4038402,2.32754,0.4749906,0.9358211,2.318457,0.4920374,0.6898087,2.300775,0.4985341,0.502667,2.301704,0.4903393,0.4390921,2.303818,0.3292354,0.4796923,2.421522,0.4003034,0.1681857,2.345339,0.4240856,-0.2170722,2.32788,0.4566812,0.4911692,2.379804,0.4015197,0.1459829,2.34703,0.4368361,-0.2283577,2.327274,0.3724116,0.9855271,2.374941
72057594038042242,0,0.6470315,106255.6,0.3978103,0.4866349,2.431939,0.346034,1.152227,2.343158,0.247167,0.9211009,2.394822,0.2618597,0.6788118,2.397269,0.2718852,0.4622233,2.330493,0.2861131,0.4038402,2.32754,0.4749906,0.9358211,2.318457,0.4920374,0.6898087,2.300775,0.4985341,0.502667,2.301704,0.4903393,0.4390921,2.303818,0.3292354,0.4796923,2.421522,0.4003034,0.1681857,2.345339,0.4240856,-0.2170722,2.32788,0.4566812,0.4911692,2.379804,0.4015197,0.1459829,2.34703,0.4368361,-0.2283577,2.327274,0.3724116,0.9855271,2.374941
72057594038042242,0,0.6472166,106255.6,0.3967786,0.4866315,2.430143,0.3477523,1.152437,2.331156,0.2493475,0.9217055,2.386324,0.2639722,0.6771522,2.389871,0.2714531,0.4623391,2.334203,0.2831939,0.4058698,2.335213,0.4754735,0.9357396,2.308089,0.4913548,0.681146,2.292032,0.4985794,0.4952214,2.296801,0.4929223,0.43168,2.298633,0.3277735,0.4807573,2.419804,0.3997308,0.1824971,2.342919,0.4240873,-0.2173896,2.327134,0.4558695,0.4900124,2.377586,0.4017722,0.1461757,2.346164,0.4357831,-0.2276275,2.325265,0.3741454,0.9850841,2.365156
72057594038042242,0,0.6472166,106255.6,0.3967786,0.4866315,2.430143,0.3477523,1.152437,2.331156,0.2493475,0.9217055,2.386324,0.2639722,0.6771522,2.389871,0.2714531,0.4623391,2.334203,0.2831939,0.4058698,2.335213,0.4754735,0.9357396,2.308089,0.4913548,0.681146,2.292032,0.4985794,0.4952214,2.296801,0.4929223,0.43168,2.298633,0.3277735,0.4807573,2.419804,0.3997308,0.1824971,2.342919,0.4240873,-0.2173896,2.327134,0.4558695,0.4900124,2.377586,0.4017722,0.1461757,2.346164,0.4357831,-0.2276275,2.325265,0.3741454,0.9850841,2.365156
72057594038042242,0,0.6472166,106255.6,0.3967786,0.4866315,2.430143,0.3477523,1.152437,2.331156,0.2493475,0.9217055,2.386324,0.2639722,0.6771522,2.389871,0.2714531,0.4623391,2.334203,0.2831939,0.4058698,2.335213,0.4754735,0.9357396,2.308089,0.4913548,0.681146,2.292032,0.4985794,0.4952214,2.296801,0.4929223,0.43168,2.298633,0.3277735,0.4807573,2.419804,0.3997308,0.1824971,2.342919,0.4240873,-0.2173896,2.327134,0.4558695,0.4900124,2.377586,0.4017722,0.1461757,2.346164,0.4357831,-0.2276275,2.325265,0.3741454,0.9850841,2.365156
72057594038042242,0,0.6472166,106255.6,0.3967786,0.4866315,2.430143,0.3477523,1.152437,2.331156,0.2493475,0.9217055,2.386324,0.2639722,0.6771522,2.389871,0.2714531,0.4623391,2.334203,0.2831939,0.4058698,2.335213,0.4754735,0.9357396,2.308089,0.4913548,0.681146,2.292032,0.4985794,0.4952214,2.296801,0.4929223,0.43168,2.298633,0.3277735,0.4807573,2.419804,0.3997308,0.1824971,2.342919,0.4240873,-0.2173896,2.327134,0.4558695,0.4900124,2.377586,0.4017722,0.1461757,2.346164,0.4357831,-0.2276275,2.325265,0.3741454,0.9850841,2.365156
72057594038042242,0,0.6472166,106255.6,0.3967786,0.4866315,2.430143,0.3477523,1.152437,2.331156,0.2493475,0.9217055,2.386324,0.2639722,0.6771522,2.389871,0.2714531,0.4623391,2.334203,0.2831939,0.4058698,2.335213,0.4754735,0.9357396,2.308089,0.4913548,0.681146,2.292032,0.4985794,0.4952214,2.296801,0.4929223,0.43168,2.298633,0.3277735,0.4807573,2.419804,0.3997308,0.1824971,2.342919,0.4240873,-0.2173896,2.327134,0.4558695,0.4900124,2.377586,0.4017722,0.1461757,2.346164,0.4357831,-0.2276275,2.325265,0.3741454,0.9850841,2.365156
72057594038042242,0,0.6472166,106255.6,0.3967786,0.4866315,2.430143,0.3477523,1.152437,2.331156,0.2493475,0.9217055,2.386324,0.2639722,0.6771522,2.389871,0.2714531,0.4623391,2.334203,0.2831939,0.4058698,2.335213,0.4754735,0.9357396,2.308089,0.4913548,0.681146,2.292032,0.4985794,0.4952214,2.296801,0.4929223,0.43168,2.298633,0.3277735,0.4807573,2.419804,0.3997308,0.1824971,2.342919,0.4240873,-0.2173896,2.327134,0.4558695,0.4900124,2.377586,0.4017722,0.1461757,2.346164,0.4357831,-0.2276275,2.325265,0.3741454,0.9850841,2.365156
72057594038042242,0,0.6472166,106255.6,0.3967786,0.4866315,2.430143,0.3477523,1.152437,2.331156,0.2493475,0.9217055,2.386324,0.2639722,0.6771522,2.389871,0.2714531,0.4623391,2.334203,0.2831939,0.4058698,2.335213,0.4754735,0.9357396,2.308089,0.4913548,0.681146,2.292032,0.4985794,0.4952214,2.296801,0.4929223,0.43168,2.298633,0.3277735,0.4807573,2.419804,0.3997308,0.1824971,2.342919,0.4240873,-0.2173896,2.327134,0.4558695,0.4900124,2.377586,0.4017722,0.1461757,2.346164,0.4357831,-0.2276275,2.325265,0.3741454,0.9850841,2.365156
72057594038042242,0,0.6472166,106255.6,0.3967786,0.4866315,2.430143,0.3477523,1.152437,2.331156,0.2493475,0.9217055,2.386324,0.2639722,0.6771522,2.389871,0.2714531,0.4623391,2.334203,0.2831939,0.4058698,2.335213,0.4754735,0.9357396,2.308089,0.4913548,0.681146,2.292032,0.4985794,0.4952214,2.296801,0.4929223,0.43168,2.298633,0.3277735,0.4807573,2.419804,0.3997308,0.1824971,2.342919,0.4240873,-0.2173896,2.327134,0.4558695,0.4900124,2.377586,0.4017722,0.1461757,2.346164,0.4357831,-0.2276275,2.325265,0.3741454,0.9850841,2.365156
72057594038042242,0,0.6472166,106255.7,0.3967786,0.4866315,2.430143,0.3477523,1.152437,2.331156,0.2493475,0.9217055,2.386324,0.2639722,0.6771522,2.389871,0.2714531,0.4623391,2.334203,0.2831939,0.4058698,2.335213,0.4754735,0.9357396,2.308089,0.4913548,0.681146,2.292032,0.4985794,0.4952214,2.296801,0.4929223,0.43168,2.298633,0.3277735,0.4807573,2.419804,0.3997308,0.1824971,2.342919,0.4240873,-0.2173896,2.327134,0.4558695,0.4900124,2.377586,0.4017722,0.1461757,2.346164,0.4357831,-0.2276275,2.325265,0.3741454,0.9850841,2.365156
72057594038042242,0,0.6472166,106255.7,0.3967786,0.4866315,2.430143,0.3477523,1.152437,2.331156,0.2493475,0.9217055,2.386324,0.2639722,0.6771522,2.389871,0.2714531,0.4623391,2.334203,0.2831939,0.4058698,2.335213,0.4754735,0.9357396,2.308089,0.4913548,0.681146,2.292032,0.4985794,0.4952214,2.296801,0.4929223,0.43168,2.298633,0.3277735,0.4807573,2.419804,0.3997308,0.1824971,2.342919,0.4240873,-0.2173896,2.327134,0.4558695,0.4900124,2.377586,0.4017722,0.1461757,2.346164,0.4357831,-0.2276275,2.325265,0.3741454,0.9850841,2.365156
72057594038042242,0,0.6472166,106255.7,0.3967786,0.4866315,2.430143,0.3477523,1.152437,2.331156,0.2493475,0.9217055,2.386324,0.2639722,0.6771522,2.389871,0.2714531,0.4623391,2.334203,0.2831939,0.4058698,2.335213,0.4754735,0.9357396,2.308089,0.4913548,0.681146,2.292032,0.4985794,0.4952214,2.296801,0.4929223,0.43168,2.298633,0.3277735,0.4807573,2.419804,0.3997308,0.1824971,2.342919,0.4240873,-0.2173896,2.327134,0.4558695,0.4900124,2.377586,0.4017722,0.1461757,2.346164,0.4357831,-0.2276275,2.325265,0.3741454,0.9850841,2.365156
72057594038042242,0,0.6472526,106255.7,0.3955957,0.4866126,2.428492,0.349585,1.15053,2.326461,0.2499571,0.9220477,2.378609,0.2645475,0.6764498,2.385185,0.2702217,0.4632111,2.336892,0.280665,0.4105819,2.341333,0.4752029,0.9327361,2.299449,0.4912742,0.6810575,2.286389,0.497867,0.4952954,2.293445,0.488347,0.4341415,2.297225,0.3263354,0.4815218,2.418312,0.5105637,0.2422889,2.322567,0.3995292,-0.1164148,2.337956,0.4548919,0.4891689,2.375744,0.3891999,0.1836797,2.345121,0.4048395,-0.130869,2.335958,0.3749835,0.985388,2.35776
72057594038042242,0,0.6472526,106255.7,0.3955957,0.4866126,2.428492,0.349585,1.15053,2.326461,0.2499571,0.9220477,2.378609,0.2645475,0.6764498,2.385185,0.2702217,0.4632111,2.336892,0.280665,0.4105819,2.341333,0.4752029,0.9327361,2.299449,0.4912742,0.6810575,2.286389,0.497867,0.4952954,2.293445,0.488347,0.4341415,2.297225,0.3263354,0.4815218,2.418312,0.5105637,0.2422889,2.322567,0.3995292,-0.1164148,2.337956,0.4548919,0.4891689,2.375744,0.3891999,0.1836797,2.345121,0.4048395,-0.130869,2.335958,0.3749835,0.985388,2.35776
72057594038042242,0,0.6472526,106255.7,0.3955957,0.4866126,2.428492,0.349585,1.15053,2.326461,0.2499571,0.9220477,2.378609,0.2645475,0.6764498,2.385185,0.2702217,0.4632111,2.336892,0.280665,0.4105819,2.341333,0.4752029,0.9327361,2.299449,0.4912742,0.6810575,2.286389,0.497867,0.4952954,2.293445,0.488347,0.4341415,2.297225,0.3263354,0.4815218,2.418312,0.5105637,0.2422889,2.322567,0.3995292,-0.1164148,2.337956,0.4548919,0.4891689,2.375744,0.3891999,0.1836797,2.345121,0.4048395,-0.130869,2.335958,0.3749835,0.985388,2.35776
72057594038042242,0,0.6472526,106255.7,0.3955957,0.4866126,2.428492,0.349585,1.15053,2.326461,0.2499571,0.9220477,2.378609,0.2645475,0.6764498,2.385185,0.2702217,0.4632111,2.336892,0.280665,0.4105819,2.341333,0.4752029,0.9327361,2.299449,0.4912742,0.6810575,2.286389,0.497867,0.4952954,2.293445,0.488347,0.4341415,2.297225,0.3263354,0.4815218,2.418312,0.5105637,0.2422889,2.322567,0.3995292,-0.1164148,2.337956,0.4548919,0.4891689,2.375744,0.3891999,0.1836797,2.345121,0.4048395,-0.130869,2.335958,0.3749835,0.985388,2.35776
72057594038042242,0,0.6472526,106255.7,0.3955957,0.4866126,2.428492,0.349585,1.15053,2.326461,0.2499571,0.9220477,2.378609,0.2645475,0.6764498,2.385185,0.2702217,0.4632111,2.336892,0.280665,0.4105819,2.341333,0.4752029,0.9327361,2.299449,0.4912742,0.6810575,2.286389,0.497867,0.4952954,2.293445,0.488347,0.4341415,2.297225,0.3263354,0.4815218,2.418312,0.5105637,0.2422889,2.322567,0.3995292,-0.1164148,2.337956,0.4548919,0.4891689,2.375744,0.3891999,0.1836797,2.345121,0.4048395,-0.130869,2.335958,0.3749835,0.985388,2.35776
72057594038042242,0,0.6472526,106255.7,0.3955957,0.4866126,2.428492,0.349585,1.15053,2.326461,0.2499571,0.9220477,2.378609,0.2645475,0.6764498,2.385185,0.2702217,0.4632111,2.336892,0.280665,0.4105819,2.341333,0.4752029,0.9327361,2.299449,0.4912742,0.6810575,2.286389,0.497867,0.4952954,2.293445,0.488347,0.4341415,2.297225,0.3263354,0.4815218,2.418312,0.5105637,0.2422889,2.322567,0.3995292,-0.1164148,2.337956,0.4548919,0.4891689,2.375744,0.3891999,0.1836797,2.345121,0.4048395,-0.130869,2.335958,0.3749835,0.985388,2.35776
72057594038042242,0,0.6472526,106255.7,0.3955957,0.4866126,2.428492,0.349585,1.15053,2.326461,0.2499571,0.9220477,2.378609,0.2645475,0.6764498,2.385185,0.2702217,0.4632111,2.336892,0.280665,0.4105819,2.341333,0.4752029,0.9327361,2.299449,0.4912742,0.6810575,2.286389,0.497867,0.4952954,2.293445,0.488347,0.4341415,2.297225,0.3263354,0.4815218,2.418312,0.5105637,0.2422889,2.322567,0.3995292,-0.1164148,2.337956,0.4548919,0.4891689,2.375744,0.3891999,0.1836797,2.345121,0.4048395,-0.130869,2.335958,0.3749835,0.985388,2.35776
72057594038042242,0,0.6472526,106255.7,0.3955957,0.4866126,2.428492,0.349585,1.15053,2.326461,0.2499571,0.9220477,2.378609,0.2645475,0.6764498,2.385185,0.2702217,0.4632111,2.336892,0.280665,0.4105819,2.341333,0.4752029,0.9327361,2.299449,0.4912742,0.6810575,2.286389,0.497867,0.4952954,2.293445,0.488347,0.4341415,2.297225,0.3263354,0.4815218,2.418312,0.5105637,0.2422889,2.322567,0.3995292,-0.1164148,2.337956,0.4548919,0.4891689,2.375744,0.3891999,0.1836797,2.345121,0.4048395,-0.130869,2.335958,0.3749835,0.985388,2.35776
72057594038042242,0,0.6472526,106255.7,0.3955957,0.4866126,2.428492,0.349585,1.15053,2.326461,0.2499571,0.9220477,2.378609,0.2645475,0.6764498,2.385185,0.2702217,0.4632111,2.336892,0.280665,0.4105819,2.341333,0.4752029,0.9327361,2.299449,0.4912742,0.6810575,2.286389,0.497867,0.4952954,2.293445,0.488347,0.4341415,2.297225,0.3263354,0.4815218,2.418312,0.5105637,0.2422889,2.322567,0.3995292,-0.1164148,2.337956,0.4548919,0.4891689,2.375744,0.3891999,0.1836797,2.345121,0.4048395,-0.130869,2.335958,0.3749835,0.985388,2.35776
72057594038042242,0,0.6472526,106255.7,0.3955957,0.4866126,2.428492,0.349585,1.15053,2.326461,0.2499571,0.9220477,2.378609,0.2645475,0.6764498,2.385185,0.2702217,0.4632111,2.336892,0.280665,0.4105819,2.341333,0.4752029,0.9327361,2.299449,0.4912742,0.6810575,2.286389,0.497867,0.4952954,2.293445,0.488347,0.4341415,2.297225,0.3263354,0.4815218,2.418312,0.5105637,0.2422889,2.322567,0.3995292,-0.1164148,2.337956,0.4548919,0.4891689,2.375744,0.3891999,0.1836797,2.345121,0.4048395,-0.130869,2.335958,0.3749835,0.985388,2.35776
72057594038042242,0,0.646529,106255.7,0.3923107,0.486122,2.426253,0.3512809,1.148917,2.319516,0.2516652,0.921371,2.367312,0.2640463,0.6788044,2.37812,0.2666633,0.4623214,2.340025,0.2719607,0.4117576,2.344819,0.472901,0.926299,2.29018,0.4907655,0.6788055,2.282597,0.4973665,0.4929699,2.288787,0.4863755,0.4296492,2.293111,0.322,0.481591,2.416327,0.5172017,0.2516054,2.318835,0.4778448,-0.2023832,2.310403,0.4526173,0.488188,2.373439,0.3895266,0.1820353,2.345462,0.4275489,-0.2289482,2.32393,0.3758359,0.9838797,2.34918
72057594038042242,0,0.646529,106255.7,0.3923107,0.486122,2.426253,0.3512809,1.148917,2.319516,0.2516652,0.921371,2.367312,0.2640463,0.6788044,2.37812,0.2666633,0.4623214,2.340025,0.2719607,0.4117576,2.344819,0.472901,0.926299,2.29018,0.4907655,0.6788055,2.282597,0.4973665,0.4929699,2.288787,0.4863755,0.4296492,2.293111,0.322,0.481591,2.416327,0.5172017,0.2516054,2.318835,0.4778448,-0.2023832,2.310403,0.4526173,0.488188,2.373439,0.3895266,0.1820353,2.345462,0.4275489,-0.2289482,2.32393,0.3758359,0.9838797,2.34918
72057594038042242,0,0.646529,106255.7,0.3923107,0.486122,2.426253,0.3512809,1.148917,2.319516,0.2516652,0.921371,2.367312,0.2640463,0.6788044,2.37812,0.2666633,0.4623214,2.340025,0.2719607,0.4117576,2.344819,0.472901,0.926299,2.29018,0.4907655,0.6788055,2.282597,0.4973665,0.4929699,2.288787,0.4863755,0.4296492,2.293111,0.322,0.481591,2.416327,0.5172017,0.2516054,2.318835,0.4778448,-0.2023832,2.310403,0.4526173,0.488188,2.373439,0.3895266,0.1820353,2.345462,0.4275489,-0.2289482,2.32393,0.3758359,0.9838797,2.34918
72057594038042242,0,0.646529,106255.7,0.3923107,0.486122,2.426253,0.3512809,1.148917,2.319516,0.2516652,0.921371,2.367312,0.2640463,0.6788044,2.37812,0.2666633,0.4623214,2.340025,0.2719607,0.4117576,2.344819,0.472901,0.926299,2.29018,0.4907655,0.6788055,2.282597,0.4973665,0.4929699,2.288787,0.4863755,0.4296492,2.293111,0.322,0.481591,2.416327,0.5172017,0.2516054,2.318835,0.4778448,-0.2023832,2.310403,0.4526173,0.488188,2.373439,0.3895266,0.1820353,2.345462,0.4275489,-0.2289482,2.32393,0.3758359,0.9838797,2.34918
72057594038042242,0,0.646529,106255.7,0.3923107,0.486122,2.426253,0.3512809,1.148917,2.319516,0.2516652,0.921371,2.367312,0.2640463,0.6788044,2.37812,0.2666633,0.4623214,2.340025,0.2719607,0.4117576,2.344819,0.472901,0.926299,2.29018,0.4907655,0.6788055,2.282597,0.4973665,0.4929699,2.288787,0.4863755,0.4296492,2.293111,0.322,0.481591,2.416327,0.5172017,0.2516054,2.318835,0.4778448,-0.2023832,2.310403,0.4526173,0.488188,2.373439,0.3895266,0.1820353,2.345462,0.4275489,-0.2289482,2.32393,0.3758359,0.9838797,2.34918
72057594038042242,0,0.646529,106255.7,0.3923107,0.486122,2.426253,0.3512809,1.148917,2.319516,0.2516652,0.921371,2.367312,0.2640463,0.6788044,2.37812,0.2666633,0.4623214,2.340025,0.2719607,0.4117576,2.344819,0.472901,0.926299,2.29018,0.4907655,0.6788055,2.282597,0.4973665,0.4929699,2.288787,0.4863755,0.4296492,2.293111,0.322,0.481591,2.416327,0.5172017,0.2516054,2.318835,0.4778448,-0.2023832,2.310403,0.4526173,0.488188,2.373439,0.3895266,0.1820353,2.345462,0.4275489,-0.2289482,2.32393,0.3758359,0.9838797,2.34918
72057594038042242,0,0.646529,106255.7,0.3923107,0.486122,2.426253,0.3512809,1.148917,2.319516,0.2516652,0.921371,2.367312,0.2640463,0.6788044,2.37812,0.2666633,0.4623214,2.340025,0.2719607,0.4117576,2.344819,0.472901,0.926299,2.29018,0.4907655,0.6788055,2.282597,0.4973665,0.4929699,2.288787,0.4863755,0.4296492,2.293111,0.322,0.481591,2.416327,0.5172017,0.2516054,2.318835,0.4778448,-0.2023832,2.310403,0.4526173,0.488188,2.373439,0.3895266,0.1820353,2.345462,0.4275489,-0.2289482,2.32393,0.3758359,0.9838797,2.34918
72057594038042242,0,0.646529,106255.7,0.3923107,0.486122,2.426253,0.3512809,1.148917,2.319516,0.2516652,0.921371,2.367312,0.2640463,0.6788044,2.37812,0.2666633,0.4623214,2.340025,0.2719607,0.4117576,2.344819,0.472901,0.926299,2.29018,0.4907655,0.6788055,2.282597,0.4973665,0.4929699,2.288787,0.4863755,0.4296492,2.293111,0.322,0.481591,2.416327,0.5172017,0.2516054,2.318835,0.4778448,-0.2023832,2.310403,0.4526173,0.488188,2.373439,0.3895266,0.1820353,2.345462,0.4275489,-0.2289482,2.32393,0.3758359,0.9838797,2.34918
72057594038042242,0,0.646529,106255.7,0.3923107,0.486122,2.426253,0.3512809,1.148917,2.319516,0.2516652,0.921371,2.367312,0.2640463,0.6788044,2.37812,0.2666633,0.4623214,2.340025,0.2719607,0.4117576,2.344819,0.472901,0.926299,2.29018,0.4907655,0.6788055,2.282597,0.4973665,0.4929699,2.288787,0.4863755,0.4296492,2.293111,0.322,0.481591,2.416327,0.5172017,0.2516054,2.318835,0.4778448,-0.2023832,2.310403,0.4526173,0.488188,2.373439,0.3895266,0.1820353,2.345462,0.4275489,-0.2289482,2.32393,0.3758359,0.9838797,2.34918
72057594038042242,0,0.646529,106255.7,0.3923107,0.486122,2.426253,0.3512809,1.148917,2.319516,0.2516652,0.921371,2.367312,0.2640463,0.6788044,2.37812,0.2666633,0.4623214,2.340025,0.2719607,0.4117576,2.344819,0.472901,0.926299,2.29018,0.4907655,0.6788055,2.282597,0.4973665,0.4929699,2.288787,0.4863755,0.4296492,2.293111,0.322,0.481591,2.416327,0.5172017,0.2516054,2.318835,0.4778448,-0.2023832,2.310403,0.4526173,0.488188,2.373439,0.3895266,0.1820353,2.345462,0.4275489,-0.2289482,2.32393,0.3758359,0.9838797,2.34918
72057594038042242,0,0.6471826,106255.7,0.387241,0.4830051,2.422223,0.3549749,1.148897,2.307267,0.2595426,0.920295,2.348003,0.2640293,0.6772653,2.371421,0.2651225,0.4255108,2.347656,0.272581,0.3533415,2.341916,0.4735537,0.9131792,2.275263,0.4917407,0.6613032,2.27263,0.495651,0.4755332,2.280016,0.4844782,0.4149905,2.290719,0.3172982,0.4804625,2.413545,0.5169555,0.2533209,2.32,0.3983094,-0.1194006,2.329156,0.4473324,0.4824798,2.367935,0.4028785,0.1225847,2.340605,0.4032642,-0.2133477,2.325964,0.3783419,0.9824225,2.336821
72057594038042242,0,0.6471826,106255.7,0.387241,0.4830051,2.422223,0.3549749,1.148897,2.307267,0.2595426,0.920295,2.348003,0.2640293,0.6772653,2.371421,0.2651225,0.4255108,2.347656,0.272581,0.3533415,2.341916,0.4735537,0.9131792,2.275263,0.4917407,0.6613032,2.27263,0.495651,0.4755332,2.280016,0.4844782,0.4149905,2.290719,0.3172982,0.4804625,2.413545,0.5169555,0.2533209,2.32,0.3983094,-0.1194006,2.329156,0.4473324,0.4824798,2.367935,0.4028785,0.1225847,2.340605,0.4032642,-0.2133477,2.325964,0.3783419,0.9824225,2.336821
72057594038042242,0,0.6471826,106255.7,0.387241,0.4830051,2.422223,0.3549749,1.148897,2.307267,0.2595426,0.920295,2.348003,0.2640293,0.6772653,2.371421,0.2651225,0.4255108,2.347656,0.272581,0.3533415,2.341916,0.4735537,0.9131792,2.275263,0.4917407,0.6613032,2.27263,0.495651,0.4755332,2.280016,0.4844782,0.4149905,2.290719,0.3172982,0.4804625,2.413545,0.5169555,0.2533209,2.32,0.3983094,-0.1194006,2.329156,0.4473324,0.4824798,2.367935,0.4028785,0.1225847,2.340605,0.4032642,-0.2133477,2.325964,0.3783419,0.9824225,2.336821
72057594038042242,0,0.6471826,106255.7,0.387241,0.4830051,2.422223,0.3549749,1.148897,2.307267,0.2595426,0.920295,2.348003,0.2640293,0.6772653,2.371421,0.2651225,0.4255108,2.347656,0.272581,0.3533415,2.341916,0.4735537,0.9131792,2.275263,0.4917407,0.6613032,2.27263,0.495651,0.4755332,2.280016,0.4844782,0.4149905,2.290719,0.3172982,0.4804625,2.413545,0.5169555,0.2533209,2.32,0.3983094,-0.1194006,2.329156,0.4473324,0.4824798,2.367935,0.4028785,0.1225847,2.340605,0.4032642,-0.2133477,2.325964,0.3783419,0.9824225,2.336821
72057594038042242,0,0.6471826,106255.7,0.387241,0.4830051,2.422223,0.3549749,1.148897,2.307267,0.2595426,0.920295,2.348003,0.2640293,0.6772653,2.371421,0.2651225,0.4255108,2.347656,0.272581,0.3533415,2.341916,0.4735537,0.9131792,2.275263,0.4917407,0.6613032,2.27263,0.495651,0.4755332,2.280016,0.4844782,0.4149905,2.290719,0.3172982,0.4804625,2.413545,0.5169555,0.2533209,2.32,0.3983094,-0.1194006,2.329156,0.4473324,0.4824798,2.367935,0.4028785,0.1225847,2.340605,0.4032642,-0.2133477,2.325964,0.3783419,0.9824225,2.336821
72057594038042242,0,0.6471826,106255.8,0.387241,0.4830051,2.422223,0.3549749,1.148897,2.307267,0.2595426,0.920295,2.348003,0.2640293,0.6772653,2.371421,0.2651225,0.4255108,2.347656,0.272581,0.3533415,2.341916,0.4735537,0.9131792,2.275263,0.4917407,0.6613032,2.27263,0.495651,0.4755332,2.280016,0.4844782,0.4149905,2.290719,0.3172982,0.4804625,2.413545,0.5169555,0.2533209,2.32,0.3983094,-0.1194006,2.329156,0.4473324,0.4824798,2.367935,0.4028785,0.1225847,2.340605,0.4032642,-0.2133477,2.325964,0.3783419,0.9824225,2.336821
72057594038042242,0,0.6471826,106255.8,0.387241,0.4830051,2.422223,0.3549749,1.148897,2.307267,0.2595426,0.920295,2.348003,0.2640293,0.6772653,2.371421,0.2651225,0.4255108,2.347656,0.272581,0.3533415,2.341916,0.4735537,0.9131792,2.275263,0.4917407,0.6613032,2.27263,0.495651,0.4755332,2.280016,0.4844782,0.4149905,2.290719,0.3172982,0.4804625,2.413545,0.5169555,0.2533209,2.32,0.3983094,-0.1194006,2.329156,0.4473324,0.4824798,2.367935,0.4028785,0.1225847,2.340605,0.4032642,-0.2133477,2.325964,0.3783419,0.9824225,2.336821
72057594038042242,0,0.6471826,106255.8,0.387241,0.4830051,2.422223,0.3549749,1.148897,2.307267,0.2595426,0.920295,2.348003,0.2640293,0.6772653,2.371421,0.2651225,0.4255108,2.347656,0.272581,0.3533415,2.341916,0.4735537,0.9131792,2.275263,0.4917407,0.6613032,2.27263,0.495651,0.4755332,2.280016,0.4844782,0.4149905,2.290719,0.3172982,0.4804625,2.413545,0.5169555,0.2533209,2.32,0.3983094,-0.1194006,2.329156,0.4473324,0.4824798,2.367935,0.4028785,0.1225847,2.340605,0.4032642,-0.2133477,2.325964,0.3783419,0.9824225,2.336821
72057594038042242,0,0.6471826,106255.8,0.387241,0.4830051,2.422223,0.3549749,1.148897,2.307267,0.2595426,0.920295,2.348003,0.2640293,0.6772653,2.371421,0.2651225,0.4255108,2.347656,0.272581,0.3533415,2.341916,0.4735537,0.9131792,2.275263,0.4917407,0.6613032,2.27263,0.495651,0.4755332,2.280016,0.4844782,0.4149905,2.290719,0.3172982,0.4804625,2.413545,0.5169555,0.2533209,2.32,0.3983094,-0.1194006,2.329156,0.4473324,0.4824798,2.367935,0.4028785,0.1225847,2.340605,0.4032642,-0.2133477,2.325964,0.3783419,0.9824225,2.336821
72057594038042242,0,0.6471826,106255.8,0.387241,0.4830051,2.422223,0.3549749,1.148897,2.307267,0.2595426,0.920295,2.348003,0.2640293,0.6772653,2.371421,0.2651225,0.4255108,2.347656,0.272581,0.3533415,2.341916,0.4735537,0.9131792,2.275263,0.4917407,0.6613032,2.27263,0.495651,0.4755332,2.280016,0.4844782,0.4149905,2.290719,0.3172982,0.4804625,2.413545,0.5169555,0.2533209,2.32,0.3983094,-0.1194006,2.329156,0.4473324,0.4824798,2.367935,0.4028785,0.1225847,2.340605,0.4032642,-0.2133477,2.325964,0.3783419,0.9824225,2.336821
72057594038042242,0,0.6471826,106255.8,0.387241,0.4830051,2.422223,0.3549749,1.148897,2.307267,0.2595426,0.920295,2.348003,0.2640293,0.6772653,2.371421,0.2651225,0.4255108,2.347656,0.272581,0.3533415,2.341916,0.4735537,0.9131792,2.275263,0.4917407,0.6613032,2.27263,0.495651,0.4755332,2.280016,0.4844782,0.4149905,2.290719,0.3172982,0.4804625,2.413545,0.5169555,0.2533209,2.32,0.3983094,-0.1194006,2.329156,0.4473324,0.4824798,2.367935,0.4028785,0.1225847,2.340605,0.4032642,-0.2133477,2.325964,0.3783419,0.9824225,2.336821
72057594038042242,0,0.6480293,106255.8,0.3843097,0.4816193,2.418479,0.3568409,1.148225,2.301669,0.2638162,0.9192834,2.341481,0.2631598,0.6766402,2.363985,0.2641517,0.4246067,2.34657,0.2669007,0.3467603,2.341742,0.4748215,0.9162501,2.269006,0.4907841,0.6711329,2.264222,0.494052,0.4743912,2.277123,0.4904811,0.4202864,2.283425,0.3138397,0.4797309,2.40889,0.4091079,0.1866171,2.336774,0.4223621,-0.21017,2.327902,0.4450889,0.4807928,2.365262,0.385161,0.1742771,2.341184,0.4295284,-0.2225261,2.323944,0.3811197,0.9803836,2.328459
72057594038042242,0,0.6480293,106255.8,0.3843097,0.4816193,2.418479,0.3568409,1.148225,2.301669,0.2638162,0.9192834,2.341481,0.2631598,0.6766402,2.363985,0.2641517,0.4246067,2.34657,0.2669007,0.3467603,2.341742,0.4748215,0.9162501,2.269006,0.4907841,0.6711329,2.264222,0.494052,0.4743912,2.277123,0.4904811,0.4202864,2.283425,0.3138397,0.4797309,2.40889,0.4091079,0.1866171,2.336774,0.4223621,-0.21017,2.327902,0.4450889,0.4807928,2.365262,0.385161,0.1742771,2.341184,0.4295284,-0.2225261,2.323944,0.3811197,0.9803836,2.328459
72057594038042242,0,0.6480293,106255.8,0.3843097,0.4816193,2.418479,0.3568409,1.148225,2.301669,0.2638162,0.9192834,2.341481,0.2631598,0.6766402,2.363985,0.2641517,0.4246067,2.34657,0.2669007,0.3467603,2.341742,0.4748215,0.9162501,2.269006,0.4907841,0.6711329,2.264222,0.494052,0.4743912,2.277123,0.4904811,0.4202864,2.283425,0.3138397,0.4797309,2.40889,0.4091079,0.1866171,2.336774,0.4223621,-0.21017,2.327902,0.4450889,0.4807928,2.365262,0.385161,0.1742771,2.341184,0.4295284,-0.2225261,2.323944,0.3811197,0.9803836,2.328459
72057594038042242,0,0.6480293,106255.8,0.3843097,0.4816193,2.418479,0.3568409,1.148225,2.301669,0.2638162,0.9192834,2.341481,0.2631598,0.6766402,2.363985,0.2641517,0.4246067,2.34657,0.2669007,0.3467603,2.341742,0.4748215,0.9162501,2.269006,0.4907841,0.6711329,2.264222,0.494052,0.4743912,2.277123,0.4904811,0.4202864,2.283425,0.3138397,0.4797309,2.40889,0.4091079,0.1866171,2.336774,0.4223621,-0.21017,2.327902,0.4450889,0.4807928,2.365262,0.385161,0.1742771,2.341184,0.4295284,-0.2225261,2.323944,0.3811197,0.9803836,2.328459
72057594038042242,0,0.6480293,106255.8,0.3843097,0.4816193,2.418479,0.3568409,1.148225,2.301669,0.2638162,0.9192834,2.341481,0.2631598,0.6766402,2.363985,0.2641517,0.4246067,2.34657,0.2669007,0.3467603,2.341742,0.4748215,0.9162501,2.269006,0.4907841,0.6711329,2.264222,0.494052,0.4743912,2.277123,0.4904811,0.4202864,2.283425,0.3138397,0.4797309,2.40889,0.4091079,0.1866171,2.336774,0.4223621,-0.21017,2.327902,0.4450889,0.4807928,2.365262,0.385161,0.1742771,2.341184,0.4295284,-0.2225261,2.323944,0.3811197,0.9803836,2.328459
72057594038042242,0,0.6480293,106255.8,0.3843097,0.4816193,2.418479,0.3568409,1.148225,2.301669,0.2638162,0.9192834,2.341481,0.2631598,0.6766402,2.363985,0.2641517,0.4246067,2.34657,0.2669007,0.3467603,2.341742,0.4748215,0.9162501,2.269006,0.4907841,0.6711329,2.264222,0.494052,0.4743912,2.277123,0.4904811,0.4202864,2.283425,0.3138397,0.4797309,2.40889,0.4091079,0.1866171,2.336774,0.4223621,-0.21017,2.327902,0.4450889,0.4807928,2.365262,0.385161,0.1742771,2.341184,0.4295284,-0.2225261,2.323944,0.3811197,0.9803836,2.328459
72057594038042242,0,0.6480293,106255.8,0.3843097,0.4816193,2.418479,0.3568409,1.148225,2.301669,0.2638162,0.9192834,2.341481,0.2631598,0.6766402,2.363985,0.2641517,0.4246067,2.34657,0.2669007,0.3467603,2.341742,0.4748215,0.9162501,2.269006,0.4907841,0.6711329,2.264222,0.494052,0.4743912,2.277123,0.4904811,0.4202864,2.283425,0.3138397,0.4797309,2.40889,0.4091079,0.1866171,2.336774,0.4223621,-0.21017,2.327902,0.4450889,0.4807928,2.365262,0.385161,0.1742771,2.341184,0.4295284,-0.2225261,2.323944,0.3811197,0.9803836,2.328459
72057594038042242,0,0.6480293,106255.8,0.3843097,0.4816193,2.418479,0.3568409,1.148225,2.301669,0.2638162,0.9192834,2.341481,0.2631598,0.6766402,2.363985,0.2641517,0.4246067,2.34657,0.2669007,0.3467603,2.341742,0.4748215,0.9162501,2.269006,0.4907841,0.6711329,2.264222,0.494052,0.4743912,2.277123,0.4904811,0.4202864,2.283425,0.3138397,0.4797309,2.40889,0.4091079,0.1866171,2.336774,0.4223621,-0.21017,2.327902,0.4450889,0.4807928,2.365262,0.385161,0.1742771,2.341184,0.4295284,-0.2225261,2.323944,0.3811197,0.9803836,2.328459
72057594038042242,0,0.6480293,106255.8,0.3843097,0.4816193,2.418479,0.3568409,1.148225,2.301669,0.2638162,0.9192834,2.341481,0.2631598,0.6766402,2.363985,0.2641517,0.4246067,2.34657,0.2669007,0.3467603,2.341742,0.4748215,0.9162501,2.269006,0.4907841,0.6711329,2.264222,0.494052,0.4743912,2.277123,0.4904811,0.4202864,2.283425,0.3138397,0.4797309,2.40889,0.4091079,0.1866171,2.336774,0.4223621,-0.21017,2.327902,0.4450889,0.4807928,2.365262,0.385161,0.1742771,2.341184,0.4295284,-0.2225261,2.323944,0.3811197,0.9803836,2.328459
72057594038042242,0,0.6480293,106255.8,0.3843097,0.4816193,2.418479,0.3568409,1.148225,2.301669,0.2638162,0.9192834,2.341481,0.2631598,0.6766402,2.363985,0.2641517,0.4246067,2.34657,0.2669007,0.3467603,2.341742,0.4748215,0.9162501,2.269006,0.4907841,0.6711329,2.264222,0.494052,0.4743912,2.277123,0.4904811,0.4202864,2.283425,0.3138397,0.4797309,2.40889,0.4091079,0.1866171,2.336774,0.4223621,-0.21017,2.327902,0.4450889,0.4807928,2.365262,0.385161,0.1742771,2.341184,0.4295284,-0.2225261,2.323944,0.3811197,0.9803836,2.328459
72057594038042242,0,0.6499993,106255.8,0.3807876,0.4785084,2.413957,0.370925,1.14433,2.282588,0.2707112,0.9155408,2.331596,0.2587399,0.663245,2.353839,0.2607963,0.4111525,2.344124,0.2589389,0.3341812,2.339558,0.4749231,0.9031714,2.25854,0.4909504,0.672337,2.260125,0.492971,0.4706189,2.272429,0.4867196,0.4240468,2.275382,0.3102185,0.4771827,2.405486,0.4823594,0.2293906,2.306007,0.4045922,-0.141002,2.333979,0.4419147,0.4772645,2.359733,0.3904053,0.169526,2.338079,0.405672,-0.1662775,2.328636,0.3857296,0.9787356,2.31771
72057594038042242,0,0.6499993,106255.8,0.3807876,0.4785084,2.413957,0.370925,1.14433,2.282588,0.2707112,0.9155408,2.331596,0.2587399,0.663245,2.353839,0.2607963,0.4111525,2.344124,0.2589389,0.3341812,2.339558,0.4749231,0.9031714,2.25854,0.4909504,0.672337,2.260125,0.492971,0.4706189,2.272429,0.4867196,0.4240468,2.275382,0.3102185,0.4771827,2.405486,0.4823594,0.2293906,2.306007,0.4045922,-0.141002,2.333979,0.4419147,0.4772645,2.359733,0.3904053,0.169526,2.338079,0.405672,-0.1662775,2.328636,0.3857296,0.9787356,2.31771
72057594038042242,0,0.6499993,106255.8,0.3807876,0.4785084,2.413957,0.370925,1.14433,2.282588,0.2707112,0.9155408,2.331596,0.2587399,0.663245,2.353839,0.2607963,0.4111525,2.344124,0.2589389,0.3341812,2.339558,0.4749231,0.9031714,2.25854,0.4909504,0.672337,2.260125,0.492971,0.4706189,2.272429,0.4867196,0.4240468,2.275382,0.3102185,0.4771827,2.405486,0.4823594,0.2293906,2.306007,0.4045922,-0.141002,2.333979,0.4419147,0.4772645,2.359733,0.3904053,0.169526,2.338079,0.405672,-0.1662775,2.328636,0.3857296,0.9787356,2.31771
72057594038042242,0,0.6499993,106255.8,0.3807876,0.4785084,2.413957,0.370925,1.14433,2.282588,0.2707112,0.9155408,2.331596,0.2587399,0.663245,2.353839,0.2607963,0.4111525,2.344124,0.2589389,0.3341812,2.339558,0.4749231,0.9031714,2.25854,0.4909504,0.672337,2.260125,0.492971,0.4706189,2.272429,0.4867196,0.4240468,2.275382,0.3102185,0.4771827,2.405486,0.4823594,0.2293906,2.306007,0.4045922,-0.141002,2.333979,0.4419147,0.4772645,2.359733,0.3904053,0.169526,2.338079,0.405672,-0.1662775,2.328636,0.3857296,0.9787356,2.31771
72057594038042242,0,0.6499993,106255.8,0.3807876,0.4785084,2.413957,0.370925,1.14433,2.282588,0.2707112,0.9155408,2.331596,0.2587399,0.663245,2.353839,0.2607963,0.4111525,2.344124,0.2589389,0.3341812,2.339558,0.4749231,0.9031714,2.25854,0.4909504,0.672337,2.260125,0.492971,0.4706189,2.272429,0.4867196,0.4240468,2.275382,0.3102185,0.4771827,2.405486,0.4823594,0.2293906,2.306007,0.4045922,-0.141002,2.333979,0.4419147,0.4772645,2.359733,0.3904053,0.169526,2.338079,0.405672,-0.1662775,2.328636,0.3857296,0.9787356,2.31771
72057594038042242,0,0.6499993,106255.8,0.3807876,0.4785084,2.413957,0.370925,1.14433,2.282588,0.2707112,0.9155408,2.331596,0.2587399,0.663245,2.353839,0.2607963,0.4111525,2.344124,0.2589389,0.3341812,2.339558,0.4749231,0.9031714,2.25854,0.4909504,0.672337,2.260125,0.492971,0.4706189,2.272429,0.4867196,0.4240468,2.275382,0.3102185,0.4771827,2.405486,0.4823594,0.2293906,2.306007,0.4045922,-0.141002,2.333979,0.4419147,0.4772645,2.359733,0.3904053,0.169526,2.338079,0.405672,-0.1662775,2.328636,0.3857296,0.9787356,2.31771
72057594038042242,0,0.6499993,106255.8,0.3807876,0.4785084,2.413957,0.370925,1.14433,2.282588,0.2707112,0.9155408,2.331596,0.2587399,0.663245,2.353839,0.2607963,0.4111525,2.344124,0.2589389,0.3341812,2.339558,0.4749231,0.9031714,2.25854,0.4909504,0.672337,2.260125,0.492971,0.4706189,2.272429,0.4867196,0.4240468,2.275382,0.3102185,0.4771827,2.405486,0.4823594,0.2293906,2.306007,0.4045922,-0.141002,2.333979,0.4419147,0.4772645,2.359733,0.3904053,0.169526,2.338079,0.405672,-0.1662775,2.328636,0.3857296,0.9787356,2.31771
72057594038042242,0,0.6499993,106255.8,0.3807876,0.4785084,2.413957,0.370925,1.14433,2.282588,0.2707112,0.9155408,2.331596,0.2587399,0.663245,2.353839,0.2607963,0.4111525,2.344124,0.2589389,0.3341812,2.339558,0.4749231,0.9031714,2.25854,0.4909504,0.672337,2.260125,0.492971,0.4706189,2.272429,0.4867196,0.4240468,2.275382,0.3102185,0.4771827,2.405486,0.4823594,0.2293906,2.306007,0.4045922,-0.141002,2.333979,0.4419147,0.4772645,2.359733,0.3904053,0.169526,2.338079,0.405672,-0.1662775,2.328636,0.3857296,0.9787356,2.31771
72057594038042242,0,0.6499993,106255.8,0.3807876,0.4785084,2.413957,0.370925,1.14433,2.282588,0.2707112,0.9155408,2.331596,0.2587399,0.663245,2.353839,0.2607963,0.4111525,2.344124,0.2589389,0.3341812,2.339558,0.4749231,0.9031714,2.25854,0.4909504,0.672337,2.260125,0.492971,0.4706189,2.272429,0.4867196,0.4240468,2.275382,0.3102185,0.4771827,2.405486,0.4823594,0.2293906,2.306007,0.4045922,-0.141002,2.333979,0.4419147,0.4772645,2.359733,0.3904053,0.169526,2.338079,0.405672,-0.1662775,2.328636,0.3857296,0.9787356,2.31771
72057594038042242,0,0.6499993,106255.8,0.3807876,0.4785084,2.413957,0.370925,1.14433,2.282588,0.2707112,0.9155408,2.331596,0.2587399,0.663245,2.353839,0.2607963,0.4111525,2.344124,0.2589389,0.3341812,2.339558,0.4749231,0.9031714,2.25854,0.4909504,0.672337,2.260125,0.492971,0.4706189,2.272429,0.4867196,0.4240468,2.275382,0.3102185,0.4771827,2.405486,0.4823594,0.2293906,2.306007,0.4045922,-0.141002,2.333979,0.4419147,0.4772645,2.359733,0.3904053,0.169526,2.338079,0.405672,-0.1662775,2.328636,0.3857296,0.9787356,2.31771
72057594038042242,0,0.6499993,106255.8,0.3807876,0.4785084,2.413957,0.370925,1.14433,2.282588,0.2707112,0.9155408,2.331596,0.2587399,0.663245,2.353839,0.2607963,0.4111525,2.344124,0.2589389,0.3341812,2.339558,0.4749231,0.9031714,2.25854,0.4909504,0.672337,2.260125,0.492971,0.4706189,2.272429,0.4867196,0.4240468,2.275382,0.3102185,0.4771827,2.405486,0.4823594,0.2293906,2.306007,0.4045922,-0.141002,2.333979,0.4419147,0.4772645,2.359733,0.3904053,0.169526,2.338079,0.405672,-0.1662775,2.328636,0.3857296,0.9787356,2.31771
72057594038042242,0,0.6648601,106255.8,0.3807533,0.4642077,2.401911,0.3760626,1.138531,2.26343,0.2808131,0.9118962,2.317681,0.2555911,0.6608049,2.342009,0.2535002,0.4088329,2.340349,0.2510818,0.3303148,2.335143,0.4721844,0.8889039,2.248192,0.4925157,0.6637143,2.251309,0.4923859,0.4682974,2.263743,0.4942761,0.4034485,2.274701,0.311143,0.4631274,2.392566,0.5301988,0.2602749,2.283729,0.4909805,-0.193165,2.298028,0.4409231,0.4632384,2.348817,0.3950403,0.1553249,2.334689,0.4277954,-0.2220275,2.325904,0.3910656,0.9778615,2.305938
72057594038042242,0,0.6648601,106255.8,0.3807533,0.4642077,2.401911,0.3760626,1.138531,2.26343,0.2808131,0.9118962,2.317681,0.2555911,0.6608049,2.342009,0.2535002,0.4088329,2.340349,0.2510818,0.3303148,2.335143,0.4721844,0.8889039,2.248192,0.4925157,0.6637143,2.251309,0.4923859,0.4682974,2.263743,0.4942761,0.4034485,2.274701,0.311143,0.4631274,2.392566,0.5301988,0.2602749,2.283729,0.4909805,-0.193165,2.298028,0.4409231,0.4632384,2.348817,0.3950403,0.1553249,2.334689,0.4277954,-0.2220275,2.325904,0.3910656,0.9778615,2.305938
72057594038042242,0,0.6648601,106255.8,0.3807533,0.4642077,2.401911,0.3760626,1.138531,2.26343,0.2808131,0.9118962,2.317681,0.2555911,0.6608049,2.342009,0.2535002,0.4088329,2.340349,0.2510818,0.3303148,2.335143,0.4721844,0.8889039,2.248192,0.4925157,0.6637143,2.251309,0.4923859,0.4682974,2.263743,0.4942761,0.4034485,2.274701,0.311143,0.4631274,2.392566,0.5301988,0.2602749,2.283729,0.4909805,-0.193165,2.298028,0.4409231,0.4632384,2.348817,0.3950403,0.1553249,2.334689,0.4277954,-0.2220275,2.325904,0.3910656,0.9778615,2.305938
72057594038042242,0,0.6648601,106255.8,0.3807533,0.4642077,2.401911,0.3760626,1.138531,2.26343,0.2808131,0.9118962,2.317681,0.2555911,0.6608049,2.342009,0.2535002,0.4088329,2.340349,0.2510818,0.3303148,2.335143,0.4721844,0.8889039,2.248192,0.4925157,0.6637143,2.251309,0.4923859,0.4682974,2.263743,0.4942761,0.4034485,2.274701,0.311143,0.4631274,2.392566,0.5301988,0.2602749,2.283729,0.4909805,-0.193165,2.298028,0.4409231,0.4632384,2.348817,0.3950403,0.1553249,2.334689,0.4277954,-0.2220275,2.325904,0.3910656,0.9778615,2.305938
72057594038042242,0,0.6648601,106255.8,0.3807533,0.4642077,2.401911,0.3760626,1.138531,2.26343,0.2808131,0.9118962,2.317681,0.2555911,0.6608049,2.342009,0.2535002,0.4088329,2.340349,0.2510818,0.3303148,2.335143,0.4721844,0.8889039,2.248192,0.4925157,0.6637143,2.251309,0.4923859,0.4682974,2.263743,0.4942761,0.4034485,2.274701,0.311143,0.4631274,2.392566,0.5301988,0.2602749,2.283729,0.4909805,-0.193165,2.298028,0.4409231,0.4632384,2.348817,0.3950403,0.1553249,2.334689,0.4277954,-0.2220275,2.325904,0.3910656,0.9778615,2.305938
72057594038042242,0,0.6648601,106255.8,0.3807533,0.4642077,2.401911,0.3760626,1.138531,2.26343,0.2808131,0.9118962,2.317681,0.2555911,0.6608049,2.342009,0.2535002,0.4088329,2.340349,0.2510818,0.3303148,2.335143,0.4721844,0.8889039,2.248192,0.4925157,0.6637143,2.251309,0.4923859,0.4682974,2.263743,0.4942761,0.4034485,2.274701,0.311143,0.4631274,2.392566,0.5301988,0.2602749,2.283729,0.4909805,-0.193165,2.298028,0.4409231,0.4632384,2.348817,0.3950403,0.1553249,2.334689,0.4277954,-0.2220275,2.325904,0.3910656,0.9778615,2.305938
72057594038042242,0,0.6648601,106255.9,0.3807533,0.4642077,2.401911,0.3760626,1.138531,2.26343,0.2808131,0.9118962,2.317681,0.2555911,0.6608049,2.342009,0.2535002,0.4088329,2.340349,0.2510818,0.3303148,2.335143,0.4721844,0.8889039,2.248192,0.4925157,0.6637143,2.251309,0.4923859,0.4682974,2.263743,0.4942761,0.4034485,2.274701,0.311143,0.4631274,2.392566,0.5301988,0.2602749,2.283729,0.4909805,-0.193165,2.298028,0.4409231,0.4632384,2.348817,0.3950403,0.1553249,2.334689,0.4277954,-0.2220275,2.325904,0.3910656,0.9778615,2.305938
72057594038042242,0,0.6648601,106255.9,0.3807533,0.4642077,2.401911,0.3760626,1.138531,2.26343,0.2808131,0.9118962,2.317681,0.2555911,0.6608049,2.342009,0.2535002,0.4088329,2.340349,0.2510818,0.3303148,2.335143,0.4721844,0.8889039,2.248192,0.4925157,0.6637143,2.251309,0.4923859,0.4682974,2.263743,0.4942761,0.4034485,2.274701,0.311143,0.4631274,2.392566,0.5301988,0.2602749,2.283729,0.4909805,-0.193165,2.298028,0.4409231,0.4632384,2.348817,0.3950403,0.1553249,2.334689,0.4277954,-0.2220275,2.325904,0.3910656,0.9778615,2.305938
72057594038042242,0,0.6648601,106255.9,0.3807533,0.4642077,2.401911,0.3760626,1.138531,2.26343,0.2808131,0.9118962,2.317681,0.2555911,0.6608049,2.342009,0.2535002,0.4088329,2.340349,0.2510818,0.3303148,2.335143,0.4721844,0.8889039,2.248192,0.4925157,0.6637143,2.251309,0.4923859,0.4682974,2.263743,0.4942761,0.4034485,2.274701,0.311143,0.4631274,2.392566,0.5301988,0.2602749,2.283729,0.4909805,-0.193165,2.298028,0.4409231,0.4632384,2.348817,0.3950403,0.1553249,2.334689,0.4277954,-0.2220275,2.325904,0.3910656,0.9778615,2.305938
72057594038042242,0,0.6648601,106255.9,0.3807533,0.4642077,2.401911,0.3760626,1.138531,2.26343,0.2808131,0.9118962,2.317681,0.2555911,0.6608049,2.342009,0.2535002,0.4088329,2.340349,0.2510818,0.3303148,2.335143,0.4721844,0.8889039,2.248192,0.4925157,0.6637143,2.251309,0.4923859,0.4682974,2.263743,0.4942761,0.4034485,2.274701,0.311143,0.4631274,2.392566,0.5301988,0.2602749,2.283729,0.4909805,-0.193165,2.298028,0.4409231,0.4632384,2.348817,0.3950403,0.1553249,2.334689,0.4277954,-0.2220275,2.325904,0.3910656,0.9778615,2.305938
72057594038042242,0,0.6648601,106255.9,0.3807533,0.4642077,2.401911,0.3760626,1.138531,2.26343,0.2808131,0.9118962,2.317681,0.2555911,0.6608049,2.342009,0.2535002,0.4088329,2.340349,0.2510818,0.3303148,2.335143,0.4721844,0.8889039,2.248192,0.4925157,0.6637143,2.251309,0.4923859,0.4682974,2.263743,0.4942761,0.4034485,2.274701,0.311143,0.4631274,2.392566,0.5301988,0.2602749,2.283729,0.4909805,-0.193165,2.298028,0.4409231,0.4632384,2.348817,0.3950403,0.1553249,2.334689,0.4277954,-0.2220275,2.325904,0.3910656,0.9778615,2.305938
72057594038042242,0,0.704637,106255.9,0.4031135,0.4386302,2.381149,0.3753846,1.14193,2.260737,0.2872781,0.9123914,2.307033,0.2567004,0.6631072,2.338678,0.2440538,0.4112827,2.333034,0.2408336,0.3373006,2.326211,0.4742101,0.8626342,2.235455,0.4934837,0.660229,2.243609,0.4917708,0.4662137,2.254221,0.4904563,0.4069417,2.262653,0.3361445,0.4333394,2.363661,0.5674196,0.2365863,2.284264,0.5277016,-0.2165846,2.300287,0.4602858,0.4418971,2.335038,0.3906069,0.1396596,2.335933,0.3911726,-0.1962242,2.336096,0.3980339,0.9750448,2.294501
72057594038042242,0,0.704637,106255.9,0.4031135,0.4386302,2.381149,0.3753846,1.14193,2.260737,0.2872781,0.9123914,2.307033,0.2567004,0.6631072,2.338678,0.2440538,0.4112827,2.333034,0.2408336,0.3373006,2.326211,0.4742101,0.8626342,2.235455,0.4934837,0.660229,2.243609,0.4917708,0.4662137,2.254221,0.4904563,0.4069417,2.262653,0.3361445,0.4333394,2.363661,0.5674196,0.2365863,2.284264,0.5277016,-0.2165846,2.300287,0.4602858,0.4418971,2.335038,0.3906069,0.1396596,2.335933,0.3911726,-0.1962242,2.336096,0.3980339,0.9750448,2.294501
72057594038042242,0,0.704637,106255.9,0.4031135,0.4386302,2.381149,0.3753846,1.14193,2.260737,0.2872781,0.9123914,2.307033,0.2567004,0.6631072,2.338678,0.2440538,0.4112827,2.333034,0.2408336,0.3373006,2.326211,0.4742101,0.8626342,2.235455,0.4934837,0.660229,2.243609,0.4917708,0.4662137,2.254221,0.4904563,0.4069417,2.262653,0.3361445,0.4333394,2.363661,0.5674196,0.2365863,2.284264,0.5277016,-0.2165846,2.300287,0.4602858,0.4418971,2.335038,0.3906069,0.1396596,2.335933,0.3911726,-0.1962242,2.336096,0.3980339,0.9750448,2.294501
72057594038042242,0,0.704637,106255.9,0.4031135,0.4386302,2.381149,0.3753846,1.14193,2.260737,0.2872781,0.9123914,2.307033,0.2567004,0.6631072,2.338678,0.2440538,0.4112827,2.333034,0.2408336,0.3373006,2.326211,0.4742101,0.8626342,2.235455,0.4934837,0.660229,2.243609,0.4917708,0.4662137,2.254221,0.4904563,0.4069417,2.262653,0.3361445,0.4333394,2.363661,0.5674196,0.2365863,2.284264,0.5277016,-0.2165846,2.300287,0.4602858,0.4418971,2.335038,0.3906069,0.1396596,2.335933,0.3911726,-0.1962242,2.336096,0.3980339,0.9750448,2.294501
72057594038042242,0,0.704637,106255.9,0.4031135,0.4386302,2.381149,0.3753846,1.14193,2.260737,0.2872781,0.9123914,2.307033,0.2567004,0.6631072,2.338678,0.2440538,0.4112827,2.333034,0.2408336,0.3373006,2.326211,0.4742101,0.8626342,2.235455,0.4934837,0.660229,2.243609,0.4917708,0.4662137,2.254221,0.4904563,0.4069417,2.262653,0.3361445,0.4333394,2.363661,0.5674196,0.2365863,2.284264,0.5277016,-0.2165846,2.300287,0.4602858,0.4418971,2.335038,0.3906069,0.1396596,2.335933,0.3911726,-0.1962242,2.336096,0.3980339,0.9750448,2.294501
72057594038042242,0,0.704637,106255.9,0.4031135,0.4386302,2.381149,0.3753846,1.14193,2.260737,0.2872781,0.9123914,2.307033,0.2567004,0.6631072,2.338678,0.2440538,0.4112827,2.333034,0.2408336,0.3373006,2.326211,0.4742101,0.8626342,2.235455,0.4934837,0.660229,2.243609,0.4917708,0.4662137,2.254221,0.4904563,0.4069417,2.262653,0.3361445,0.4333394,2.363661,0.5674196,0.2365863,2.284264,0.5277016,-0.2165846,2.300287,0.4602858,0.4418971,2.335038,0.3906069,0.1396596,2.335933,0.3911726,-0.1962242,2.336096,0.3980339,0.9750448,2.294501
72057594038042242,0,0.704637,106255.9,0.4031135,0.4386302,2.381149,0.3753846,1.14193,2.260737,0.2872781,0.9123914,2.307033,0.2567004,0.6631072,2.338678,0.2440538,0.4112827,2.333034,0.2408336,0.3373006,2.326211,0.4742101,0.8626342,2.235455,0.4934837,0.660229,2.243609,0.4917708,0.4662137,2.254221,0.4904563,0.4069417,2.262653,0.3361445,0.4333394,2.363661,0.5674196,0.2365863,2.284264,0.5277016,-0.2165846,2.300287,0.4602858,0.4418971,2.335038,0.3906069,0.1396596,2.335933,0.3911726,-0.1962242,2.336096,0.3980339,0.9750448,2.294501
72057594038042242,0,0.704637,106255.9,0.4031135,0.4386302,2.381149,0.3753846,1.14193,2.260737,0.2872781,0.9123914,2.307033,0.2567004,0.6631072,2.338678,0.2440538,0.4112827,2.333034,0.2408336,0.3373006,2.326211,0.4742101,0.8626342,2.235455,0.4934837,0.660229,2.243609,0.4917708,0.4662137,2.254221,0.4904563,0.4069417,2.262653,0.3361445,0.4333394,2.363661,0.5674196,0.2365863,2.284264,0.5277016,-0.2165846,2.300287,0.4602858,0.4418971,2.335038,0.3906069,0.1396596,2.335933,0.3911726,-0.1962242,2.336096,0.3980339,0.9750448,2.294501
72057594038042242,0,0.704637,106255.9,0.4031135,0.4386302,2.381149,0.3753846,1.14193,2.260737,0.2872781,0.9123914,2.307033,0.2567004,0.6631072,2.338678,0.2440538,0.4112827,2.333034,0.2408336,0.3373006,2.326211,0.4742101,0.8626342,2.235455,0.4934837,0.660229,2.243609,0.4917708,0.4662137,2.254221,0.4904563,0.4069417,2.262653,0.3361445,0.4333394,2.363661,0.5674196,0.2365863,2.284264,0.5277016,-0.2165846,2.300287,0.4602858,0.4418971,2.335038,0.3906069,0.1396596,2.335933,0.3911726,-0.1962242,2.336096,0.3980339,0.9750448,2.294501
72057594038042242,0,0.704637,106255.9,0.4031135,0.4386302,2.381149,0.3753846,1.14193,2.260737,0.2872781,0.9123914,2.307033,0.2567004,0.6631072,2.338678,0.2440538,0.4112827,2.333034,0.2408336,0.3373006,2.326211,0.4742101,0.8626342,2.235455,0.4934837,0.660229,2.243609,0.4917708,0.4662137,2.254221,0.4904563,0.4069417,2.262653,0.3361445,0.4333394,2.363661,0.5674196,0.2365863,2.284264,0.5277016,-0.2165846,2.300287,0.4602858,0.4418971,2.335038,0.3906069,0.1396596,2.335933,0.3911726,-0.1962242,2.336096,0.3980339,0.9750448,2.294501
72057594038042242,0,0.7047663,106255.9,0.4022964,0.4386141,2.379944,0.3974184,1.120043,2.232771,0.2896939,0.9128221,2.303655,0.2576465,0.6629107,2.330929,0.2388856,0.4114433,2.325789,0.2316039,0.3203655,2.317526,0.4740352,0.8629457,2.23503,0.4964664,0.6573993,2.234218,0.491926,0.4613765,2.245285,0.4924246,0.4075736,2.251671,0.3335218,0.4350453,2.363299,0.5607614,0.2342818,2.280328,0.5166574,-0.2180971,2.302267,0.4604882,0.4401904,2.332063,0.3918844,0.1376901,2.332496,0.3909408,-0.1980527,2.336135,0.3994664,0.9747791,2.291753
72057594038042242,0,0.7047663,106255.9,0.4022964,0.4386141,2.379944,0.3974184,1.120043,2.232771,0.2896939,0.9128221,2.303655,0.2576465,0.6629107,2.330929,0.2388856,0.4114433,2.325789,0.2316039,0.3203655,2.317526,0.4740352,0.8629457,2.23503,0.4964664,0.6573993,2.234218,0.491926,0.4613765,2.245285,0.4924246,0.4075736,2.251671,0.3335218,0.4350453,2.363299,0.5607614,0.2342818,2.280328,0.5166574,-0.2180971,2.302267,0.4604882,0.4401904,2.332063,0.3918844,0.1376901,2.332496,0.3909408,-0.1980527,2.336135,0.3994664,0.9747791,2.291753
72057594038042242,0,0.7047663,106255.9,0.4022964,0.4386141,2.379944,0.3974184,1.120043,2.232771,0.2896939,0.9128221,2.303655,0.2576465,0.6629107,2.330929,0.2388856,0.4114433,2.325789,0.2316039,0.3203655,2.317526,0.4740352,0.8629457,2.23503,0.4964664,0.6573993,2.234218,0.491926,0.4613765,2.245285,0.4924246,0.4075736,2.251671,0.3335218,0.4350453,2.363299,0.5607614,0.2342818,2.280328,0.5166574,-0.2180971,2.302267,0.4604882,0.4401904,2.332063,0.3918844,0.1376901,2.332496,0.3909408,-0.1980527,2.336135,0.3994664,0.9747791,2.291753
72057594038042242,0,0.7047663,106255.9,0.4022964,0.4386141,2.379944,0.3974184,1.120043,2.232771,0.2896939,0.9128221,2.303655,0.2576465,0.6629107,2.330929,0.2388856,0.4114433,2.325789,0.2316039,0.3203655,2.317526,0.4740352,0.8629457,2.23503,0.4964664,0.6573993,2.234218,0.491926,0.4613765,2.245285,0.4924246,0.4075736,2.251671,0.3335218,0.4350453,2.363299,0.5607614,0.2342818,2.280328,0.5166574,-0.2180971,2.302267,0.4604882,0.4401904,2.332063,0.3918844,0.1376901,2.332496,0.3909408,-0.1980527,2.336135,0.3994664,0.9747791,2.291753
72057594038042242,0,0.7047663,106255.9,0.4022964,0.4386141,2.379944,0.3974184,1.120043,2.232771,0.2896939,0.9128221,2.303655,0.2576465,0.6629107,2.330929,0.2388856,0.4114433,2.325789,0.2316039,0.3203655,2.317526,0.4740352,0.8629457,2.23503,0.4964664,0.6573993,2.234218,0.491926,0.4613765,2.245285,0.4924246,0.4075736,2.251671,0.3335218,0.4350453,2.363299,0.5607614,0.2342818,2.280328,0.5166574,-0.2180971,2.302267,0.4604882,0.4401904,2.332063,0.3918844,0.1376901,2.332496,0.3909408,-0.1980527,2.336135,0.3994664,0.9747791,2.291753
72057594038042242,0,0.7047663,106255.9,0.4022964,0.4386141,2.379944,0.3974184,1.120043,2.232771,0.2896939,0.9128221,2.303655,0.2576465,0.6629107,2.330929,0.2388856,0.4114433,2.325789,0.2316039,0.3203655,2.317526,0.4740352,0.8629457,2.23503,0.4964664,0.6573993,2.234218,0.491926,0.4613765,2.245285,0.4924246,0.4075736,2.251671,0.3335218,0.4350453,2.363299,0.5607614,0.2342818,2.280328,0.5166574,-0.2180971,2.302267,0.4604882,0.4401904,2.332063,0.3918844,0.1376901,2.332496,0.3909408,-0.1980527,2.336135,0.3994664,0.9747791,2.291753
72057594038042242,0,0.7047663,106255.9,0.4022964,0.4386141,2.379944,0.3974184,1.120043,2.232771,0.2896939,0.9128221,2.303655,0.2576465,0.6629107,2.330929,0.2388856,0.4114433,2.325789,0.2316039,0.3203655,2.317526,0.4740352,0.8629457,2.23503,0.4964664,0.6573993,2.234218,0.491926,0.4613765,2.245285,0.4924246,0.4075736,2.251671,0.3335218,0.4350453,2.363299,0.5607614,0.2342818,2.280328,0.5166574,-0.2180971,2.302267,0.4604882,0.4401904,2.332063,0.3918844,0.1376901,2.332496,0.3909408,-0.1980527,2.336135,0.3994664,0.9747791,2.291753
72057594038042242,0,0.7047663,106255.9,0.4022964,0.4386141,2.379944,0.3974184,1.120043,2.232771,0.2896939,0.9128221,2.303655,0.2576465,0.6629107,2.330929,0.2388856,0.4114433,2.325789,0.2316039,0.3203655,2.317526,0.4740352,0.8629457,2.23503,0.4964664,0.6573993,2.234218,0.491926,0.4613765,2.245285,0.4924246,0.4075736,2.251671,0.3335218,0.4350453,2.363299,0.5607614,0.2342818,2.280328,0.5166574,-0.2180971,2.302267,0.4604882,0.4401904,2.332063,0.3918844,0.1376901,2.332496,0.3909408,-0.1980527,2.336135,0.3994664,0.9747791,2.291753
72057594038042242,0,0.7047663,106255.9,0.4022964,0.4386141,2.379944,0.3974184,1.120043,2.232771,0.2896939,0.9128221,2.303655,0.2576465,0.6629107,2.330929,0.2388856,0.4114433,2.325789,0.2316039,0.3203655,2.317526,0.4740352,0.8629457,2.23503,0.4964664,0.6573993,2.234218,0.491926,0.4613765,2.245285,0.4924246,0.4075736,2.251671,0.3335218,0.4350453,2.363299,0.5607614,0.2342818,2.280328,0.5166574,-0.2180971,2.302267,0.4604882,0.4401904,2.332063,0.3918844,0.1376901,2.332496,0.3909408,-0.1980527,2.336135,0.3994664,0.9747791,2.291753
72057594038042242,0,0.7047663,106255.9,0.4022964,0.4386141,2.379944,0.3974184,1.120043,2.232771,0.2896939,0.9128221,2.303655,0.2576465,0.6629107,2.330929,0.2388856,0.4114433,2.325789,0.2316039,0.3203655,2.317526,0.4740352,0.8629457,2.23503,0.4964664,0.6573993,2.234218,0.491926,0.4613765,2.245285,0.4924246,0.4075736,2.251671,0.3335218,0.4350453,2.363299,0.5607614,0.2342818,2.280328,0.5166574,-0.2180971,2.302267,0.4604882,0.4401904,2.332063,0.3918844,0.1376901,2.332496,0.3909408,-0.1980527,2.336135,0.3994664,0.9747791,2.291753
72057594038042242,0,0.7302748,106255.9,0.416507,0.4271134,2.360478,0.4358172,1.126549,2.225673,0.3036833,0.9122158,2.281325,0.257422,0.665936,2.31647,0.2343327,0.4148849,2.31371,0.2234528,0.3242591,2.301797,0.4745485,0.8576071,2.223276,0.5128522,0.6731737,2.199796,0.4961521,0.474775,2.229261,0.4918268,0.4055942,2.244127,0.3388031,0.4288109,2.355735,0.4190526,0.1300524,2.316772,0.4166134,-0.2041142,2.326211,0.4871215,0.4234207,2.298349,0.3843596,0.1368034,2.334758,0.4268135,-0.2250026,2.321988,0.4085503,0.9686583,2.273534
72057594038042242,0,0.7302748,106255.9,0.416507,0.4271134,2.360478,0.4358172,1.126549,2.225673,0.3036833,0.9122158,2.281325,0.257422,0.665936,2.31647,0.2343327,0.4148849,2.31371,0.2234528,0.3242591,2.301797,0.4745485,0.8576071,2.223276,0.5128522,0.6731737,2.199796,0.4961521,0.474775,2.229261,0.4918268,0.4055942,2.244127,0.3388031,0.4288109,2.355735,0.4190526,0.1300524,2.316772,0.4166134,-0.2041142,2.326211,0.4871215,0.4234207,2.298349,0.3843596,0.1368034,2.334758,0.4268135,-0.2250026,2.321988,0.4085503,0.9686583,2.273534
72057594038042242,0,0.7302748,106255.9,0.416507,0.4271134,2.360478,0.4358172,1.126549,2.225673,0.3036833,0.9122158,2.281325,0.257422,0.665936,2.31647,0.2343327,0.4148849,2.31371,0.2234528,0.3242591,2.301797,0.4745485,0.8576071,2.223276,0.5128522,0.6731737,2.199796,0.4961521,0.474775,2.229261,0.4918268,0.4055942,2.244127,0.3388031,0.4288109,2.355735,0.4190526,0.1300524,2.316772,0.4166134,-0.2041142,2.326211,0.4871215,0.4234207,2.298349,0.3843596,0.1368034,2.334758,0.4268135,-0.2250026,2.321988,0.4085503,0.9686583,2.273534
72057594038042242,0,0.7302748,106255.9,0.416507,0.4271134,2.360478,0.4358172,1.126549,2.225673,0.3036833,0.9122158,2.281325,0.257422,0.665936,2.31647,0.2343327,0.4148849,2.31371,0.2234528,0.3242591,2.301797,0.4745485,0.8576071,2.223276,0.5128522,0.6731737,2.199796,0.4961521,0.474775,2.229261,0.4918268,0.4055942,2.244127,0.3388031,0.4288109,2.355735,0.4190526,0.1300524,2.316772,0.4166134,-0.2041142,2.326211,0.4871215,0.4234207,2.298349,0.3843596,0.1368034,2.334758,0.4268135,-0.2250026,2.321988,0.4085503,0.9686583,2.273534
72057594038042242,0,0.7302748,106255.9,0.416507,0.4271134,2.360478,0.4358172,1.126549,2.225673,0.3036833,0.9122158,2.281325,0.257422,0.665936,2.31647,0.2343327,0.4148849,2.31371,0.2234528,0.3242591,2.301797,0.4745485,0.8576071,2.223276,0.5128522,0.6731737,2.199796,0.4961521,0.474775,2.229261,0.4918268,0.4055942,2.244127,0.3388031,0.4288109,2.355735,0.4190526,0.1300524,2.316772,0.4166134,-0.2041142,2.326211,0.4871215,0.4234207,2.298349,0.3843596,0.1368034,2.334758,0.4268135,-0.2250026,2.321988,0.4085503,0.9686583,2.273534
72057594038042242,0,0.7302748,106255.9,0.416507,0.4271134,2.360478,0.4358172,1.126549,2.225673,0.3036833,0.9122158,2.281325,0.257422,0.665936,2.31647,0.2343327,0.4148849,2.31371,0.2234528,0.3242591,2.301797,0.4745485,0.8576071,2.223276,0.5128522,0.6731737,2.199796,0.4961521,0.474775,2.229261,0.4918268,0.4055942,2.244127,0.3388031,0.4288109,2.355735,0.4190526,0.1300524,2.316772,0.4166134,-0.2041142,2.326211,0.4871215,0.4234207,2.298349,0.3843596,0.1368034,2.334758,0.4268135,-0.2250026,2.321988,0.4085503,0.9686583,2.273534
72057594038042242,0,0.7302748,106256,0.416507,0.4271134,2.360478,0.4358172,1.126549,2.225673,0.3036833,0.9122158,2.281325,0.257422,0.665936,2.31647,0.2343327,0.4148849,2.31371,0.2234528,0.3242591,2.301797,0.4745485,0.8576071,2.223276,0.5128522,0.6731737,2.199796,0.4961521,0.474775,2.229261,0.4918268,0.4055942,2.244127,0.3388031,0.4288109,2.355735,0.4190526,0.1300524,2.316772,0.4166134,-0.2041142,2.326211,0.4871215,0.4234207,2.298349,0.3843596,0.1368034,2.334758,0.4268135,-0.2250026,2.321988,0.4085503,0.9686583,2.273534
72057594038042242,0,0.7302748,106256,0.416507,0.4271134,2.360478,0.4358172,1.126549,2.225673,0.3036833,0.9122158,2.281325,0.257422,0.665936,2.31647,0.2343327,0.4148849,2.31371,0.2234528,0.3242591,2.301797,0.4745485,0.8576071,2.223276,0.5128522,0.6731737,2.199796,0.4961521,0.474775,2.229261,0.4918268,0.4055942,2.244127,0.3388031,0.4288109,2.355735,0.4190526,0.1300524,2.316772,0.4166134,-0.2041142,2.326211,0.4871215,0.4234207,2.298349,0.3843596,0.1368034,2.334758,0.4268135,-0.2250026,2.321988,0.4085503,0.9686583,2.273534
72057594038042242,0,0.7302748,106256,0.416507,0.4271134,2.360478,0.4358172,1.126549,2.225673,0.3036833,0.9122158,2.281325,0.257422,0.665936,2.31647,0.2343327,0.4148849,2.31371,0.2234528,0.3242591,2.301797,0.4745485,0.8576071,2.223276,0.5128522,0.6731737,2.199796,0.4961521,0.474775,2.229261,0.4918268,0.4055942,2.244127,0.3388031,0.4288109,2.355735,0.4190526,0.1300524,2.316772,0.4166134,-0.2041142,2.326211,0.4871215,0.4234207,2.298349,0.3843596,0.1368034,2.334758,0.4268135,-0.2250026,2.321988,0.4085503,0.9686583,2.273534
72057594038042242,0,0.7302748,106256,0.416507,0.4271134,2.360478,0.4358172,1.126549,2.225673,0.3036833,0.9122158,2.281325,0.257422,0.665936,2.31647,0.2343327,0.4148849,2.31371,0.2234528,0.3242591,2.301797,0.4745485,0.8576071,2.223276,0.5128522,0.6731737,2.199796,0.4961521,0.474775,2.229261,0.4918268,0.4055942,2.244127,0.3388031,0.4288109,2.355735,0.4190526,0.1300524,2.316772,0.4166134,-0.2041142,2.326211,0.4871215,0.4234207,2.298349,0.3843596,0.1368034,2.334758,0.4268135,-0.2250026,2.321988,0.4085503,0.9686583,2.273534
72057594038042242,0,0.7320066,106256,0.4151212,0.4264072,2.356373,0.4497243,1.098087,2.202915,0.3243757,0.9332604,2.256764,0.2642822,0.69056,2.296661,0.2314578,0.44029,2.294789,0.2157756,0.3311136,2.285759,0.4750951,0.8538439,2.212854,0.5161716,0.6697295,2.195528,0.5028682,0.4770328,2.214167,0.4951702,0.408207,2.229584,0.3366416,0.4293929,2.351291,0.4007722,0.1264521,2.314438,0.4464884,-0.3253477,2.324097,0.4857084,0.42203,2.29618,0.3913567,0.1309418,2.324971,0.4270546,-0.224965,2.322134,0.4111572,0.969005,2.266973
72057594038042242,0,0.7320066,106256,0.4151212,0.4264072,2.356373,0.4497243,1.098087,2.202915,0.3243757,0.9332604,2.256764,0.2642822,0.69056,2.296661,0.2314578,0.44029,2.294789,0.2157756,0.3311136,2.285759,0.4750951,0.8538439,2.212854,0.5161716,0.6697295,2.195528,0.5028682,0.4770328,2.214167,0.4951702,0.408207,2.229584,0.3366416,0.4293929,2.351291,0.4007722,0.1264521,2.314438,0.4464884,-0.3253477,2.324097,0.4857084,0.42203,2.29618,0.3913567,0.1309418,2.324971,0.4270546,-0.224965,2.322134,0.4111572,0.969005,2.266973
72057594038042242,0,0.7320066,106256,0.4151212,0.4264072,2.356373,0.4497243,1.098087,2.202915,0.3243757,0.9332604,2.256764,0.2642822,0.69056,2.296661,0.2314578,0.44029,2.294789,0.2157756,0.3311136,2.285759,0.4750951,0.8538439,2.212854,0.5161716,0.6697295,2.195528,0.5028682,0.4770328,2.214167,0.4951702,0.408207,2.229584,0.3366416,0.4293929,2.351291,0.4007722,0.1264521,2.314438,0.4464884,-0.3253477,2.324097,0.4857084,0.42203,2.29618,0.3913567,0.1309418,2.324971,0.4270546,-0.224965,2.322134,0.4111572,0.969005,2.266973
72057594038042242,0,0.7320066,106256,0.4151212,0.4264072,2.356373,0.4497243,1.098087,2.202915,0.3243757,0.9332604,2.256764,0.2642822,0.69056,2.296661,0.2314578,0.44029,2.294789,0.2157756,0.3311136,2.285759,0.4750951,0.8538439,2.212854,0.5161716,0.6697295,2.195528,0.5028682,0.4770328,2.214167,0.4951702,0.408207,2.229584,0.3366416,0.4293929,2.351291,0.4007722,0.1264521,2.314438,0.4464884,-0.3253477,2.324097,0.4857084,0.42203,2.29618,0.3913567,0.1309418,2.324971,0.4270546,-0.224965,2.322134,0.4111572,0.969005,2.266973
72057594038042242,0,0.7320066,106256,0.4151212,0.4264072,2.356373,0.4497243,1.098087,2.202915,0.3243757,0.9332604,2.256764,0.2642822,0.69056,2.296661,0.2314578,0.44029,2.294789,0.2157756,0.3311136,2.285759,0.4750951,0.8538439,2.212854,0.5161716,0.6697295,2.195528,0.5028682,0.4770328,2.214167,0.4951702,0.408207,2.229584,0.3366416,0.4293929,2.351291,0.4007722,0.1264521,2.314438,0.4464884,-0.3253477,2.324097,0.4857084,0.42203,2.29618,0.3913567,0.1309418,2.324971,0.4270546,-0.224965,2.322134,0.4111572,0.969005,2.266973
72057594038042242,0,0.7320066,106256,0.4151212,0.4264072,2.356373,0.4497243,1.098087,2.202915,0.3243757,0.9332604,2.256764,0.2642822,0.69056,2.296661,0.2314578,0.44029,2.294789,0.2157756,0.3311136,2.285759,0.4750951,0.8538439,2.212854,0.5161716,0.6697295,2.195528,0.5028682,0.4770328,2.214167,0.4951702,0.408207,2.229584,0.3366416,0.4293929,2.351291,0.4007722,0.1264521,2.314438,0.4464884,-0.3253477,2.324097,0.4857084,0.42203,2.29618,0.3913567,0.1309418,2.324971,0.4270546,-0.224965,2.322134,0.4111572,0.969005,2.266973
72057594038042242,0,0.7320066,106256,0.4151212,0.4264072,2.356373,0.4497243,1.098087,2.202915,0.3243757,0.9332604,2.256764,0.2642822,0.69056,2.296661,0.2314578,0.44029,2.294789,0.2157756,0.3311136,2.285759,0.4750951,0.8538439,2.212854,0.5161716,0.6697295,2.195528,0.5028682,0.4770328,2.214167,0.4951702,0.408207,2.229584,0.3366416,0.4293929,2.351291,0.4007722,0.1264521,2.314438,0.4464884,-0.3253477,2.324097,0.4857084,0.42203,2.29618,0.3913567,0.1309418,2.324971,0.4270546,-0.224965,2.322134,0.4111572,0.969005,2.266973
72057594038042242,0,0.7320066,106256,0.4151212,0.4264072,2.356373,0.4497243,1.098087,2.202915,0.3243757,0.9332604,2.256764,0.2642822,0.69056,2.296661,0.2314578,0.44029,2.294789,0.2157756,0.3311136,2.285759,0.4750951,0.8538439,2.212854,0.5161716,0.6697295,2.195528,0.5028682,0.4770328,2.214167,0.4951702,0.408207,2.229584,0.3366416,0.4293929,2.351291,0.4007722,0.1264521,2.314438,0.4464884,-0.3253477,2.324097,0.4857084,0.42203,2.29618,0.3913567,0.1309418,2.324971,0.4270546,-0.224965,2.322134,0.4111572,0.969005,2.266973
72057594038042242,0,0.7320066,106256,0.4151212,0.4264072,2.356373,0.4497243,1.098087,2.202915,0.3243757,0.9332604,2.256764,0.2642822,0.69056,2.296661,0.2314578,0.44029,2.294789,0.2157756,0.3311136,2.285759,0.4750951,0.8538439,2.212854,0.5161716,0.6697295,2.195528,0.5028682,0.4770328,2.214167,0.4951702,0.408207,2.229584,0.3366416,0.4293929,2.351291,0.4007722,0.1264521,2.314438,0.4464884,-0.3253477,2.324097,0.4857084,0.42203,2.29618,0.3913567,0.1309418,2.324971,0.4270546,-0.224965,2.322134,0.4111572,0.969005,2.266973
72057594038042242,0,0.7320066,106256,0.4151212,0.4264072,2.356373,0.4497243,1.098087,2.202915,0.3243757,0.9332604,2.256764,0.2642822,0.69056,2.296661,0.2314578,0.44029,2.294789,0.2157756,0.3311136,2.285759,0.4750951,0.8538439,2.212854,0.5161716,0.6697295,2.195528,0.5028682,0.4770328,2.214167,0.4951702,0.408207,2.229584,0.3366416,0.4293929,2.351291,0.4007722,0.1264521,2.314438,0.4464884,-0.3253477,2.324097,0.4857084,0.42203,2.29618,0.3913567,0.1309418,2.324971,0.4270546,-0.224965,2.322134,0.4111572,0.969005,2.266973
72057594038042242,0,0.7320066,106256,0.4151212,0.4264072,2.356373,0.4497243,1.098087,2.202915,0.3243757,0.9332604,2.256764,0.2642822,0.69056,2.296661,0.2314578,0.44029,2.294789,0.2157756,0.3311136,2.285759,0.4750951,0.8538439,2.212854,0.5161716,0.6697295,2.195528,0.5028682,0.4770328,2.214167,0.4951702,0.408207,2.229584,0.3366416,0.4293929,2.351291,0.4007722,0.1264521,2.314438,0.4464884,-0.3253477,2.324097,0.4857084,0.42203,2.29618,0.3913567,0.1309418,2.324971,0.4270546,-0.224965,2.322134,0.4111572,0.969005,2.266973
72057594038042242,0,0.7411851,106256,0.4065563,0.4140973,2.343988,0.4530092,1.092287,2.187857,0.322201,0.9248333,2.253562,0.2636682,0.6789377,2.279295,0.2272755,0.4290295,2.274271,0.212715,0.3352641,2.264563,0.4743647,0.8481764,2.201577,0.5237498,0.666362,2.180313,0.4731309,0.4877821,2.196756,0.4693972,0.4152632,2.215601,0.3301004,0.418197,2.336862,0.4419169,0.130531,2.291829,0.4168472,-0.2050217,2.325801,0.4734991,0.4088408,2.287531,0.3909326,0.1165304,2.323992,0.4271885,-0.2252347,2.322122,0.4156767,0.9627874,2.253553
72057594038042242,0,0.7411851,106256,0.4065563,0.4140973,2.343988,0.4530092,1.092287,2.187857,0.322201,0.9248333,2.253562,0.2636682,0.6789377,2.279295,0.2272755,0.4290295,2.274271,0.212715,0.3352641,2.264563,0.4743647,0.8481764,2.201577,0.5237498,0.666362,2.180313,0.4731309,0.4877821,2.196756,0.4693972,0.4152632,2.215601,0.3301004,0.418197,2.336862,0.4419169,0.130531,2.291829,0.4168472,-0.2050217,2.325801,0.4734991,0.4088408,2.287531,0.3909326,0.1165304,2.323992,0.4271885,-0.2252347,2.322122,0.4156767,0.9627874,2.253553
72057594038042242,0,0.7411851,106256,0.4065563,0.4140973,2.343988,0.4530092,1.092287,2.187857,0.322201,0.9248333,2.253562,0.2636682,0.6789377,2.279295,0.2272755,0.4290295,2.274271,0.212715,0.3352641,2.264563,0.4743647,0.8481764,2.201577,0.5237498,0.666362,2.180313,0.4731309,0.4877821,2.196756,0.4693972,0.4152632,2.215601,0.3301004,0.418197,2.336862,0.4419169,0.130531,2.291829,0.4168472,-0.2050217,2.325801,0.4734991,0.4088408,2.287531,0.3909326,0.1165304,2.323992,0.4271885,-0.2252347,2.322122,0.4156767,0.9627874,2.253553
72057594038042242,0,0.7411851,106256,0.4065563,0.4140973,2.343988,0.4530092,1.092287,2.187857,0.322201,0.9248333,2.253562,0.2636682,0.6789377,2.279295,0.2272755,0.4290295,2.274271,0.212715,0.3352641,2.264563,0.4743647,0.8481764,2.201577,0.5237498,0.666362,2.180313,0.4731309,0.4877821,2.196756,0.4693972,0.4152632,2.215601,0.3301004,0.418197,2.336862,0.4419169,0.130531,2.291829,0.4168472,-0.2050217,2.325801,0.4734991,0.4088408,2.287531,0.3909326,0.1165304,2.323992,0.4271885,-0.2252347,2.322122,0.4156767,0.9627874,2.253553
72057594038042242,0,0.7411851,106256,0.4065563,0.4140973,2.343988,0.4530092,1.092287,2.187857,0.322201,0.9248333,2.253562,0.2636682,0.6789377,2.279295,0.2272755,0.4290295,2.274271,0.212715,0.3352641,2.264563,0.4743647,0.8481764,2.201577,0.5237498,0.666362,2.180313,0.4731309,0.4877821,2.196756,0.4693972,0.4152632,2.215601,0.3301004,0.418197,2.336862,0.4419169,0.130531,2.291829,0.4168472,-0.2050217,2.325801,0.4734991,0.4088408,2.287531,0.3909326,0.1165304,2.323992,0.4271885,-0.2252347,2.322122,0.4156767,0.9627874,2.253553
72057594038042242,0,0.7411851,106256,0.4065563,0.4140973,2.343988,0.4530092,1.092287,2.187857,0.322201,0.9248333,2.253562,0.2636682,0.6789377,2.279295,0.2272755,0.4290295,2.274271,0.212715,0.3352641,2.264563,0.4743647,0.8481764,2.201577,0.5237498,0.666362,2.180313,0.4731309,0.4877821,2.196756,0.4693972,0.4152632,2.215601,0.3301004,0.418197,2.336862,0.4419169,0.130531,2.291829,0.4168472,-0.2050217,2.325801,0.4734991,0.4088408,2.287531,0.3909326,0.1165304,2.323992,0.4271885,-0.2252347,2.322122,0.4156767,0.9627874,2.253553
72057594038042242,0,0.7411851,106256,0.4065563,0.4140973,2.343988,0.4530092,1.092287,2.187857,0.322201,0.9248333,2.253562,0.2636682,0.6789377,2.279295,0.2272755,0.4290295,2.274271,0.212715,0.3352641,2.264563,0.4743647,0.8481764,2.201577,0.5237498,0.666362,2.180313,0.4731309,0.4877821,2.196756,0.4693972,0.4152632,2.215601,0.3301004,0.418197,2.336862,0.4419169,0.130531,2.291829,0.4168472,-0.2050217,2.325801,0.4734991,0.4088408,2.287531,0.3909326,0.1165304,2.323992,0.4271885,-0.2252347,2.322122,0.4156767,0.9627874,2.253553
72057594038042242,0,0.7411851,106256,0.4065563,0.4140973,2.343988,0.4530092,1.092287,2.187857,0.322201,0.9248333,2.253562,0.2636682,0.6789377,2.279295,0.2272755,0.4290295,2.274271,0.212715,0.3352641,2.264563,0.4743647,0.8481764,2.201577,0.5237498,0.666362,2.180313,0.4731309,0.4877821,2.196756,0.4693972,0.4152632,2.215601,0.3301004,0.418197,2.336862,0.4419169,0.130531,2.291829,0.4168472,-0.2050217,2.325801,0.4734991,0.4088408,2.287531,0.3909326,0.1165304,2.323992,0.4271885,-0.2252347,2.322122,0.4156767,0.9627874,2.253553
72057594038042242,0,0.7411851,106256,0.4065563,0.4140973,2.343988,0.4530092,1.092287,2.187857,0.322201,0.9248333,2.253562,0.2636682,0.6789377,2.279295,0.2272755,0.4290295,2.274271,0.212715,0.3352641,2.264563,0.4743647,0.8481764,2.201577,0.5237498,0.666362,2.180313,0.4731309,0.4877821,2.196756,0.4693972,0.4152632,2.215601,0.3301004,0.418197,2.336862,0.4419169,0.130531,2.291829,0.4168472,-0.2050217,2.325801,0.4734991,0.4088408,2.287531,0.3909326,0.1165304,2.323992,0.4271885,-0.2252347,2.322122,0.4156767,0.9627874,2.253553
72057594038042242,0,0.7411851,106256,0.4065563,0.4140973,2.343988,0.4530092,1.092287,2.187857,0.322201,0.9248333,2.253562,0.2636682,0.6789377,2.279295,0.2272755,0.4290295,2.274271,0.212715,0.3352641,2.264563,0.4743647,0.8481764,2.201577,0.5237498,0.666362,2.180313,0.4731309,0.4877821,2.196756,0.4693972,0.4152632,2.215601,0.3301004,0.418197,2.336862,0.4419169,0.130531,2.291829,0.4168472,-0.2050217,2.325801,0.4734991,0.4088408,2.287531,0.3909326,0.1165304,2.323992,0.4271885,-0.2252347,2.322122,0.4156767,0.9627874,2.253553
72057594038042242,0,0.7819874,106256,0.4162835,0.3826173,2.315024,0.4539851,1.07589,2.182073,0.3225502,0.9243904,2.253025,0.2654535,0.6761267,2.262967,0.2260084,0.4266689,2.254234,0.2117102,0.3360705,2.244622,0.4738057,0.8459887,2.195081,0.5297003,0.6714142,2.138165,0.4754775,0.5047678,2.194581,0.4644591,0.4349324,2.198084,0.3445871,0.3766499,2.30205,0.4580868,0.09225634,2.301713,0.4169495,-0.2051452,2.32581,0.4773979,0.3902929,2.268216,0.3871528,0.1051433,2.322521,0.4275316,-0.2260555,2.322101,0.4109224,0.9501799,2.245515
72057594038042242,0,0.7819874,106256,0.4162835,0.3826173,2.315024,0.4539851,1.07589,2.182073,0.3225502,0.9243904,2.253025,0.2654535,0.6761267,2.262967,0.2260084,0.4266689,2.254234,0.2117102,0.3360705,2.244622,0.4738057,0.8459887,2.195081,0.5297003,0.6714142,2.138165,0.4754775,0.5047678,2.194581,0.4644591,0.4349324,2.198084,0.3445871,0.3766499,2.30205,0.4580868,0.09225634,2.301713,0.4169495,-0.2051452,2.32581,0.4773979,0.3902929,2.268216,0.3871528,0.1051433,2.322521,0.4275316,-0.2260555,2.322101,0.4109224,0.9501799,2.245515
72057594038042242,0,0.7819874,106256,0.4162835,0.3826173,2.315024,0.4539851,1.07589,2.182073,0.3225502,0.9243904,2.253025,0.2654535,0.6761267,2.262967,0.2260084,0.4266689,2.254234,0.2117102,0.3360705,2.244622,0.4738057,0.8459887,2.195081,0.5297003,0.6714142,2.138165,0.4754775,0.5047678,2.194581,0.4644591,0.4349324,2.198084,0.3445871,0.3766499,2.30205,0.4580868,0.09225634,2.301713,0.4169495,-0.2051452,2.32581,0.4773979,0.3902929,2.268216,0.3871528,0.1051433,2.322521,0.4275316,-0.2260555,2.322101,0.4109224,0.9501799,2.245515
72057594038042242,0,0.7819874,106256,0.4162835,0.3826173,2.315024,0.4539851,1.07589,2.182073,0.3225502,0.9243904,2.253025,0.2654535,0.6761267,2.262967,0.2260084,0.4266689,2.254234,0.2117102,0.3360705,2.244622,0.4738057,0.8459887,2.195081,0.5297003,0.6714142,2.138165,0.4754775,0.5047678,2.194581,0.4644591,0.4349324,2.198084,0.3445871,0.3766499,2.30205,0.4580868,0.09225634,2.301713,0.4169495,-0.2051452,2.32581,0.4773979,0.3902929,2.268216,0.3871528,0.1051433,2.322521,0.4275316,-0.2260555,2.322101,0.4109224,0.9501799,2.245515
72057594038042242,0,0.7819874,106256,0.4162835,0.3826173,2.315024,0.4539851,1.07589,2.182073,0.3225502,0.9243904,2.253025,0.2654535,0.6761267,2.262967,0.2260084,0.4266689,2.254234,0.2117102,0.3360705,2.244622,0.4738057,0.8459887,2.195081,0.5297003,0.6714142,2.138165,0.4754775,0.5047678,2.194581,0.4644591,0.4349324,2.198084,0.3445871,0.3766499,2.30205,0.4580868,0.09225634,2.301713,0.4169495,-0.2051452,2.32581,0.4773979,0.3902929,2.268216,0.3871528,0.1051433,2.322521,0.4275316,-0.2260555,2.322101,0.4109224,0.9501799,2.245515
72057594038042242,0,0.7819874,106256,0.4162835,0.3826173,2.315024,0.4539851,1.07589,2.182073,0.3225502,0.9243904,2.253025,0.2654535,0.6761267,2.262967,0.2260084,0.4266689,2.254234,0.2117102,0.3360705,2.244622,0.4738057,0.8459887,2.195081,0.5297003,0.6714142,2.138165,0.4754775,0.5047678,2.194581,0.4644591,0.4349324,2.198084,0.3445871,0.3766499,2.30205,0.4580868,0.09225634,2.301713,0.4169495,-0.2051452,2.32581,0.4773979,0.3902929,2.268216,0.3871528,0.1051433,2.322521,0.4275316,-0.2260555,2.322101,0.4109224,0.9501799,2.245515
72057594038042242,0,0.7819874,106256,0.4162835,0.3826173,2.315024,0.4539851,1.07589,2.182073,0.3225502,0.9243904,2.253025,0.2654535,0.6761267,2.262967,0.2260084,0.4266689,2.254234,0.2117102,0.3360705,2.244622,0.4738057,0.8459887,2.195081,0.5297003,0.6714142,2.138165,0.4754775,0.5047678,2.194581,0.4644591,0.4349324,2.198084,0.3445871,0.3766499,2.30205,0.4580868,0.09225634,2.301713,0.4169495,-0.2051452,2.32581,0.4773979,0.3902929,2.268216,0.3871528,0.1051433,2.322521,0.4275316,-0.2260555,2.322101,0.4109224,0.9501799,2.245515
72057594038042242,0,0.7819874,106256.1,0.4162835,0.3826173,2.315024,0.4539851,1.07589,2.182073,0.3225502,0.9243904,2.253025,0.2654535,0.6761267,2.262967,0.2260084,0.4266689,2.254234,0.2117102,0.3360705,2.244622,0.4738057,0.8459887,2.195081,0.5297003,0.6714142,2.138165,0.4754775,0.5047678,2.194581,0.4644591,0.4349324,2.198084,0.3445871,0.3766499,2.30205,0.4580868,0.09225634,2.301713,0.4169495,-0.2051452,2.32581,0.4773979,0.3902929,2.268216,0.3871528,0.1051433,2.322521,0.4275316,-0.2260555,2.322101,0.4109224,0.9501799,2.245515
72057594038042242,0,0.7819874,106256.1,0.4162835,0.3826173,2.315024,0.4539851,1.07589,2.182073,0.3225502,0.9243904,2.253025,0.2654535,0.6761267,2.262967,0.2260084,0.4266689,2.254234,0.2117102,0.3360705,2.244622,0.4738057,0.8459887,2.195081,0.5297003,0.6714142,2.138165,0.4754775,0.5047678,2.194581,0.4644591,0.4349324,2.198084,0.3445871,0.3766499,2.30205,0.4580868,0.09225634,2.301713,0.4169495,-0.2051452,2.32581,0.4773979,0.3902929,2.268216,0.3871528,0.1051433,2.322521,0.4275316,-0.2260555,2.322101,0.4109224,0.9501799,2.245515
72057594038042242,0,0.7819874,106256.1,0.4162835,0.3826173,2.315024,0.4539851,1.07589,2.182073,0.3225502,0.9243904,2.253025,0.2654535,0.6761267,2.262967,0.2260084,0.4266689,2.254234,0.2117102,0.3360705,2.244622,0.4738057,0.8459887,2.195081,0.5297003,0.6714142,2.138165,0.4754775,0.5047678,2.194581,0.4644591,0.4349324,2.198084,0.3445871,0.3766499,2.30205,0.4580868,0.09225634,2.301713,0.4169495,-0.2051452,2.32581,0.4773979,0.3902929,2.268216,0.3871528,0.1051433,2.322521,0.4275316,-0.2260555,2.322101,0.4109224,0.9501799,2.245515
72057594038042242,0,0.7819874,106256.1,0.4162835,0.3826173,2.315024,0.4539851,1.07589,2.182073,0.3225502,0.9243904,2.253025,0.2654535,0.6761267,2.262967,0.2260084,0.4266689,2.254234,0.2117102,0.3360705,2.244622,0.4738057,0.8459887,2.195081,0.5297003,0.6714142,2.138165,0.4754775,0.5047678,2.194581,0.4644591,0.4349324,2.198084,0.3445871,0.3766499,2.30205,0.4580868,0.09225634,2.301713,0.4169495,-0.2051452,2.32581,0.4773979,0.3902929,2.268216,0.3871528,0.1051433,2.322521,0.4275316,-0.2260555,2.322101,0.4109224,0.9501799,2.245515
72057594038042242,0,0.7979478,106256.1,0.4068742,0.3537063,2.310658,0.4062801,0.9711839,2.253552,0.315727,0.8373499,2.248601,0.2545658,0.6046752,2.251906,0.2227729,0.4087944,2.222038,0.2124275,0.3460962,2.214318,0.477331,0.8139237,2.162786,0.511613,0.5617909,2.158254,0.4930248,0.3129277,2.184,0.4829533,0.2600157,2.219319,0.3314365,0.3378783,2.299947,0.403874,-0.004015446,2.322748,0.4176562,-0.2054961,2.325296,0.4706708,0.3674289,2.260182,0.3857897,0.08237189,2.318206,0.4280896,-0.22765,2.32088,0.3971816,0.7807736,2.252346
72057594038042242,0,0.7979478,106256.1,0.4068742,0.3537063,2.310658,0.4062801,0.9711839,2.253552,0.315727,0.8373499,2.248601,0.2545658,0.6046752,2.251906,0.2227729,0.4087944,2.222038,0.2124275,0.3460962,2.214318,0.477331,0.8139237,2.162786,0.511613,0.5617909,2.158254,0.4930248,0.3129277,2.184,0.4829533,0.2600157,2.219319,0.3314365,0.3378783,2.299947,0.403874,-0.004015446,2.322748,0.4176562,-0.2054961,2.325296,0.4706708,0.3674289,2.260182,0.3857897,0.08237189,2.318206,0.4280896,-0.22765,2.32088,0.3971816,0.7807736,2.252346
72057594038042242,0,0.7979478,106256.1,0.4068742,0.3537063,2.310658,0.4062801,0.9711839,2.253552,0.315727,0.8373499,2.248601,0.2545658,0.6046752,2.251906,0.2227729,0.4087944,2.222038,0.2124275,0.3460962,2.214318,0.477331,0.8139237,2.162786,0.511613,0.5617909,2.158254,0.4930248,0.3129277,2.184,0.4829533,0.2600157,2.219319,0.3314365,0.3378783,2.299947,0.403874,-0.004015446,2.322748,0.4176562,-0.2054961,2.325296,0.4706708,0.3674289,2.260182,0.3857897,0.08237189,2.318206,0.4280896,-0.22765,2.32088,0.3971816,0.7807736,2.252346
72057594038042242,0,0.7979478,106256.1,0.4068742,0.3537063,2.310658,0.4062801,0.9711839,2.253552,0.315727,0.8373499,2.248601,0.2545658,0.6046752,2.251906,0.2227729,0.4087944,2.222038,0.2124275,0.3460962,2.214318,0.477331,0.8139237,2.162786,0.511613,0.5617909,2.158254,0.4930248,0.3129277,2.184,0.4829533,0.2600157,2.219319,0.3314365,0.3378783,2.299947,0.403874,-0.004015446,2.322748,0.4176562,-0.2054961,2.325296,0.4706708,0.3674289,2.260182,0.3857897,0.08237189,2.318206,0.4280896,-0.22765,2.32088,0.3971816,0.7807736,2.252346
72057594038042242,0,0.7979478,106256.1,0.4068742,0.3537063,2.310658,0.4062801,0.9711839,2.253552,0.315727,0.8373499,2.248601,0.2545658,0.6046752,2.251906,0.2227729,0.4087944,2.222038,0.2124275,0.3460962,2.214318,0.477331,0.8139237,2.162786,0.511613,0.5617909,2.158254,0.4930248,0.3129277,2.184,0.4829533,0.2600157,2.219319,0.3314365,0.3378783,2.299947,0.403874,-0.004015446,2.322748,0.4176562,-0.2054961,2.325296,0.4706708,0.3674289,2.260182,0.3857897,0.08237189,2.318206,0.4280896,-0.22765,2.32088,0.3971816,0.7807736,2.252346
72057594038042242,0,0.7979478,106256.1,0.4068742,0.3537063,2.310658,0.4062801,0.9711839,2.253552,0.315727,0.8373499,2.248601,0.2545658,0.6046752,2.251906,0.2227729,0.4087944,2.222038,0.2124275,0.3460962,2.214318,0.477331,0.8139237,2.162786,0.511613,0.5617909,2.158254,0.4930248,0.3129277,2.184,0.4829533,0.2600157,2.219319,0.3314365,0.3378783,2.299947,0.403874,-0.004015446,2.322748,0.4176562,-0.2054961,2.325296,0.4706708,0.3674289,2.260182,0.3857897,0.08237189,2.318206,0.4280896,-0.22765,2.32088,0.3971816,0.7807736,2.252346
72057594038042242,0,0.7979478,106256.1,0.4068742,0.3537063,2.310658,0.4062801,0.9711839,2.253552,0.315727,0.8373499,2.248601,0.2545658,0.6046752,2.251906,0.2227729,0.4087944,2.222038,0.2124275,0.3460962,2.214318,0.477331,0.8139237,2.162786,0.511613,0.5617909,2.158254,0.4930248,0.3129277,2.184,0.4829533,0.2600157,2.219319,0.3314365,0.3378783,2.299947,0.403874,-0.004015446,2.322748,0.4176562,-0.2054961,2.325296,0.4706708,0.3674289,2.260182,0.3857897,0.08237189,2.318206,0.4280896,-0.22765,2.32088,0.3971816,0.7807736,2.252346
72057594038042242,0,0.7979478,106256.1,0.4068742,0.3537063,2.310658,0.4062801,0.9711839,2.253552,0.315727,0.8373499,2.248601,0.2545658,0.6046752,2.251906,0.2227729,0.4087944,2.222038,0.2124275,0.3460962,2.214318,0.477331,0.8139237,2.162786,0.511613,0.5617909,2.158254,0.4930248,0.3129277,2.184,0.4829533,0.2600157,2.219319,0.3314365,0.3378783,2.299947,0.403874,-0.004015446,2.322748,0.4176562,-0.2054961,2.325296,0.4706708,0.3674289,2.260182,0.3857897,0.08237189,2.318206,0.4280896,-0.22765,2.32088,0.3971816,0.7807736,2.252346
72057594038042242,0,0.7979478,106256.1,0.4068742,0.3537063,2.310658,0.4062801,0.9711839,2.253552,0.315727,0.8373499,2.248601,0.2545658,0.6046752,2.251906,0.2227729,0.4087944,2.222038,0.2124275,0.3460962,2.214318,0.477331,0.8139237,2.162786,0.511613,0.5617909,2.158254,0.4930248,0.3129277,2.184,0.4829533,0.2600157,2.219319,0.3314365,0.3378783,2.299947,0.403874,-0.004015446,2.322748,0.4176562,-0.2054961,2.325296,0.4706708,0.3674289,2.260182,0.3857897,0.08237189,2.318206,0.4280896,-0.22765,2.32088,0.3971816,0.7807736,2.252346
72057594038042242,0,0.8259588,106256.1,0.423724,0.3450239,2.285811,0.4069409,0.9705568,2.251475,0.3162797,0.8371659,2.247868,0.2589886,0.5976999,2.236053,0.2278486,0.407893,2.200677,0.2186252,0.353081,2.187804,0.4772103,0.8166609,2.16432,0.5075781,0.5638251,2.144606,0.4837298,0.3320846,2.169254,0.4774485,0.261156,2.19956,0.3360031,0.3377275,2.292218,0.4432245,0.04810923,2.279756,0.4139825,-0.2788335,2.338046,0.5034528,0.3486477,2.213981,0.3833811,0.08898881,2.304206,0.4287893,-0.2287481,2.319596,0.3988862,0.7814965,2.249281
72057594038042242,0,0.8259588,106256.1,0.423724,0.3450239,2.285811,0.4069409,0.9705568,2.251475,0.3162797,0.8371659,2.247868,0.2589886,0.5976999,2.236053,0.2278486,0.407893,2.200677,0.2186252,0.353081,2.187804,0.4772103,0.8166609,2.16432,0.5075781,0.5638251,2.144606,0.4837298,0.3320846,2.169254,0.4774485,0.261156,2.19956,0.3360031,0.3377275,2.292218,0.4432245,0.04810923,2.279756,0.4139825,-0.2788335,2.338046,0.5034528,0.3486477,2.213981,0.3833811,0.08898881,2.304206,0.4287893,-0.2287481,2.319596,0.3988862,0.7814965,2.249281
72057594038042242,0,0.8259588,106256.1,0.423724,0.3450239,2.285811,0.4069409,0.9705568,2.251475,0.3162797,0.8371659,2.247868,0.2589886,0.5976999,2.236053,0.2278486,0.407893,2.200677,0.2186252,0.353081,2.187804,0.4772103,0.8166609,2.16432,0.5075781,0.5638251,2.144606,0.4837298,0.3320846,2.169254,0.4774485,0.261156,2.19956,0.3360031,0.3377275,2.292218,0.4432245,0.04810923,2.279756,0.4139825,-0.2788335,2.338046,0.5034528,0.3486477,2.213981,0.3833811,0.08898881,2.304206,0.4287893,-0.2287481,2.319596,0.3988862,0.7814965,2.249281
72057594038042242,0,0.8259588,106256.1,0.423724,0.3450239,2.285811,0.4069409,0.9705568,2.251475,0.3162797,0.8371659,2.247868,0.2589886,0.5976999,2.236053,0.2278486,0.407893,2.200677,0.2186252,0.353081,2.187804,0.4772103,0.8166609,2.16432,0.5075781,0.5638251,2.144606,0.4837298,0.3320846,2.169254,0.4774485,0.261156,2.19956,0.3360031,0.3377275,2.292218,0.4432245,0.04810923,2.279756,0.4139825,-0.2788335,2.338046,0.5034528,0.3486477,2.213981,0.3833811,0.08898881,2.304206,0.4287893,-0.2287481,2.319596,0.3988862,0.7814965,2.249281
72057594038042242,0,0.8259588,106256.1,0.423724,0.3450239,2.285811,0.4069409,0.9705568,2.251475,0.3162797,0.8371659,2.247868,0.2589886,0.5976999,2.236053,0.2278486,0.407893,2.200677,0.2186252,0.353081,2.187804,0.4772103,0.8166609,2.16432,0.5075781,0.5638251,2.144606,0.4837298,0.3320846,2.169254,0.4774485,0.261156,2.19956,0.3360031,0.3377275,2.292218,0.4432245,0.04810923,2.279756,0.4139825,-0.2788335,2.338046,0.5034528,0.3486477,2.213981,0.3833811,0.08898881,2.304206,0.4287893,-0.2287481,2.319596,0.3988862,0.7814965,2.249281
72057594038042242,0,0.8259588,106256.1,0.423724,0.3450239,2.285811,0.4069409,0.9705568,2.251475,0.3162797,0.8371659,2.247868,0.2589886,0.5976999,2.236053,0.2278486,0.407893,2.200677,0.2186252,0.353081,2.187804,0.4772103,0.8166609,2.16432,0.5075781,0.5638251,2.144606,0.4837298,0.3320846,2.169254,0.4774485,0.261156,2.19956,0.3360031,0.3377275,2.292218,0.4432245,0.04810923,2.279756,0.4139825,-0.2788335,2.338046,0.5034528,0.3486477,2.213981,0.3833811,0.08898881,2.304206,0.4287893,-0.2287481,2.319596,0.3988862,0.7814965,2.249281
72057594038042242,0,0.8259588,106256.1,0.423724,0.3450239,2.285811,0.4069409,0.9705568,2.251475,0.3162797,0.8371659,2.247868,0.2589886,0.5976999,2.236053,0.2278486,0.407893,2.200677,0.2186252,0.353081,2.187804,0.4772103,0.8166609,2.16432,0.5075781,0.5638251,2.144606,0.4837298,0.3320846,2.169254,0.4774485,0.261156,2.19956,0.3360031,0.3377275,2.292218,0.4432245,0.04810923,2.279756,0.4139825,-0.2788335,2.338046,0.5034528,0.3486477,2.213981,0.3833811,0.08898881,2.304206,0.4287893,-0.2287481,2.319596,0.3988862,0.7814965,2.249281
72057594038042242,0,0.8259588,106256.1,0.423724,0.3450239,2.285811,0.4069409,0.9705568,2.251475,0.3162797,0.8371659,2.247868,0.2589886,0.5976999,2.236053,0.2278486,0.407893,2.200677,0.2186252,0.353081,2.187804,0.4772103,0.8166609,2.16432,0.5075781,0.5638251,2.144606,0.4837298,0.3320846,2.169254,0.4774485,0.261156,2.19956,0.3360031,0.3377275,2.292218,0.4432245,0.04810923,2.279756,0.4139825,-0.2788335,2.338046,0.5034528,0.3486477,2.213981,0.3833811,0.08898881,2.304206,0.4287893,-0.2287481,2.319596,0.3988862,0.7814965,2.249281
72057594038042242,0,0.8259588,106256.1,0.423724,0.3450239,2.285811,0.4069409,0.9705568,2.251475,0.3162797,0.8371659,2.247868,0.2589886,0.5976999,2.236053,0.2278486,0.407893,2.200677,0.2186252,0.353081,2.187804,0.4772103,0.8166609,2.16432,0.5075781,0.5638251,2.144606,0.4837298,0.3320846,2.169254,0.4774485,0.261156,2.19956,0.3360031,0.3377275,2.292218,0.4432245,0.04810923,2.279756,0.4139825,-0.2788335,2.338046,0.5034528,0.3486477,2.213981,0.3833811,0.08898881,2.304206,0.4287893,-0.2287481,2.319596,0.3988862,0.7814965,2.249281
72057594038042242,0,0.8259588,106256.1,0.423724,0.3450239,2.285811,0.4069409,0.9705568,2.251475,0.3162797,0.8371659,2.247868,0.2589886,0.5976999,2.236053,0.2278486,0.407893,2.200677,0.2186252,0.353081,2.187804,0.4772103,0.8166609,2.16432,0.5075781,0.5638251,2.144606,0.4837298,0.3320846,2.169254,0.4774485,0.261156,2.19956,0.3360031,0.3377275,2.292218,0.4432245,0.04810923,2.279756,0.4139825,-0.2788335,2.338046,0.5034528,0.3486477,2.213981,0.3833811,0.08898881,2.304206,0.4287893,-0.2287481,2.319596,0.3988862,0.7814965,2.249281
72057594038042242,0,0.8259588,106256.1,0.423724,0.3450239,2.285811,0.4069409,0.9705568,2.251475,0.3162797,0.8371659,2.247868,0.2589886,0.5976999,2.236053,0.2278486,0.407893,2.200677,0.2186252,0.353081,2.187804,0.4772103,0.8166609,2.16432,0.5075781,0.5638251,2.144606,0.4837298,0.3320846,2.169254,0.4774485,0.261156,2.19956,0.3360031,0.3377275,2.292218,0.4432245,0.04810923,2.279756,0.4139825,-0.2788335,2.338046,0.5034528,0.3486477,2.213981,0.3833811,0.08898881,2.304206,0.4287893,-0.2287481,2.319596,0.3988862,0.7814965,2.249281
72057594038042242,0,0.8397127,106256.1,0.4297481,0.3448373,2.266882,0.4066488,0.9685566,2.246879,0.3260069,0.8378026,2.230957,0.2664172,0.5894247,2.210419,0.2364534,0.4103926,2.15689,0.2284036,0.367908,2.151014,0.4867103,0.8092932,2.141876,0.5049427,0.5551096,2.1318,0.492632,0.3565545,2.135713,0.4783049,0.296048,2.161619,0.3601691,0.3314829,2.254394,0.4226162,-0.001149148,2.275788,0.4269684,-0.3265411,2.343952,0.4991502,0.3533348,2.206481,0.3878481,0.08092377,2.276072,0.4293738,-0.2255042,2.316876,0.4100382,0.7844299,2.227608
72057594038042242,0,0.8397127,106256.1,0.4297481,0.3448373,2.266882,0.4066488,0.9685566,2.246879,0.3260069,0.8378026,2.230957,0.2664172,0.5894247,2.210419,0.2364534,0.4103926,2.15689,0.2284036,0.367908,2.151014,0.4867103,0.8092932,2.141876,0.5049427,0.5551096,2.1318,0.492632,0.3565545,2.135713,0.4783049,0.296048,2.161619,0.3601691,0.3314829,2.254394,0.4226162,-0.001149148,2.275788,0.4269684,-0.3265411,2.343952,0.4991502,0.3533348,2.206481,0.3878481,0.08092377,2.276072,0.4293738,-0.2255042,2.316876,0.4100382,0.7844299,2.227608
72057594038042242,0,0.8397127,106256.1,0.4297481,0.3448373,2.266882,0.4066488,0.9685566,2.246879,0.3260069,0.8378026,2.230957,0.2664172,0.5894247,2.210419,0.2364534,0.4103926,2.15689,0.2284036,0.367908,2.151014,0.4867103,0.8092932,2.141876,0.5049427,0.5551096,2.1318,0.492632,0.3565545,2.135713,0.4783049,0.296048,2.161619,0.3601691,0.3314829,2.254394,0.4226162,-0.001149148,2.275788,0.4269684,-0.3265411,2.343952,0.4991502,0.3533348,2.206481,0.3878481,0.08092377,2.276072,0.4293738,-0.2255042,2.316876,0.4100382,0.7844299,2.227608
72057594038042242,0,0.8397127,106256.1,0.4297481,0.3448373,2.266882,0.4066488,0.9685566,2.246879,0.3260069,0.8378026,2.230957,0.2664172,0.5894247,2.210419,0.2364534,0.4103926,2.15689,0.2284036,0.367908,2.151014,0.4867103,0.8092932,2.141876,0.5049427,0.5551096,2.1318,0.492632,0.3565545,2.135713,0.4783049,0.296048,2.161619,0.3601691,0.3314829,2.254394,0.4226162,-0.001149148,2.275788,0.4269684,-0.3265411,2.343952,0.4991502,0.3533348,2.206481,0.3878481,0.08092377,2.276072,0.4293738,-0.2255042,2.316876,0.4100382,0.7844299,2.227608
72057594038042242,0,0.8397127,106256.1,0.4297481,0.3448373,2.266882,0.4066488,0.9685566,2.246879,0.3260069,0.8378026,2.230957,0.2664172,0.5894247,2.210419,0.2364534,0.4103926,2.15689,0.2284036,0.367908,2.151014,0.4867103,0.8092932,2.141876,0.5049427,0.5551096,2.1318,0.492632,0.3565545,2.135713,0.4783049,0.296048,2.161619,0.3601691,0.3314829,2.254394,0.4226162,-0.001149148,2.275788,0.4269684,-0.3265411,2.343952,0.4991502,0.3533348,2.206481,0.3878481,0.08092377,2.276072,0.4293738,-0.2255042,2.316876,0.4100382,0.7844299,2.227608
72057594038042242,0,0.8397127,106256.1,0.4297481,0.3448373,2.266882,0.4066488,0.9685566,2.246879,0.3260069,0.8378026,2.230957,0.2664172,0.5894247,2.210419,0.2364534,0.4103926,2.15689,0.2284036,0.367908,2.151014,0.4867103,0.8092932,2.141876,0.5049427,0.5551096,2.1318,0.492632,0.3565545,2.135713,0.4783049,0.296048,2.161619,0.3601691,0.3314829,2.254394,0.4226162,-0.001149148,2.275788,0.4269684,-0.3265411,2.343952,0.4991502,0.3533348,2.206481,0.3878481,0.08092377,2.276072,0.4293738,-0.2255042,2.316876,0.4100382,0.7844299,2.227608
72057594038042242,0,0.8397127,106256.1,0.4297481,0.3448373,2.266882,0.4066488,0.9685566,2.246879,0.3260069,0.8378026,2.230957,0.2664172,0.5894247,2.210419,0.2364534,0.4103926,2.15689,0.2284036,0.367908,2.151014,0.4867103,0.8092932,2.141876,0.5049427,0.5551096,2.1318,0.492632,0.3565545,2.135713,0.4783049,0.296048,2.161619,0.3601691,0.3314829,2.254394,0.4226162,-0.001149148,2.275788,0.4269684,-0.3265411,2.343952,0.4991502,0.3533348,2.206481,0.3878481,0.08092377,2.276072,0.4293738,-0.2255042,2.316876,0.4100382,0.7844299,2.227608
72057594038042242,0,0.8397127,106256.2,0.4297481,0.3448373,2.266882,0.4066488,0.9685566,2.246879,0.3260069,0.8378026,2.230957,0.2664172,0.5894247,2.210419,0.2364534,0.4103926,2.15689,0.2284036,0.367908,2.151014,0.4867103,0.8092932,2.141876,0.5049427,0.5551096,2.1318,0.492632,0.3565545,2.135713,0.4783049,0.296048,2.161619,0.3601691,0.3314829,2.254394,0.4226162,-0.001149148,2.275788,0.4269684,-0.3265411,2.343952,0.4991502,0.3533348,2.206481,0.3878481,0.08092377,2.276072,0.4293738,-0.2255042,2.316876,0.4100382,0.7844299,2.227608
72057594038042242,0,0.8397127,106256.2,0.4297481,0.3448373,2.266882,0.4066488,0.9685566,2.246879,0.3260069,0.8378026,2.230957,0.2664172,0.5894247,2.210419,0.2364534,0.4103926,2.15689,0.2284036,0.367908,2.151014,0.4867103,0.8092932,2.141876,0.5049427,0.5551096,2.1318,0.492632,0.3565545,2.135713,0.4783049,0.296048,2.161619,0.3601691,0.3314829,2.254394,0.4226162,-0.001149148,2.275788,0.4269684,-0.3265411,2.343952,0.4991502,0.3533348,2.206481,0.3878481,0.08092377,2.276072,0.4293738,-0.2255042,2.316876,0.4100382,0.7844299,2.227608
72057594038042242,0,0.8397127,106256.2,0.4297481,0.3448373,2.266882,0.4066488,0.9685566,2.246879,0.3260069,0.8378026,2.230957,0.2664172,0.5894247,2.210419,0.2364534,0.4103926,2.15689,0.2284036,0.367908,2.151014,0.4867103,0.8092932,2.141876,0.5049427,0.5551096,2.1318,0.492632,0.3565545,2.135713,0.4783049,0.296048,2.161619,0.3601691,0.3314829,2.254394,0.4226162,-0.001149148,2.275788,0.4269684,-0.3265411,2.343952,0.4991502,0.3533348,2.206481,0.3878481,0.08092377,2.276072,0.4293738,-0.2255042,2.316876,0.4100382,0.7844299,2.227608
72057594038042242,0,0.8779752,106256.2,0.4547574,0.3459946,2.222044,0.4100473,0.9696428,2.23692,0.3329768,0.8353071,2.219519,0.2790514,0.5866262,2.182824,0.2458801,0.4080461,2.129583,0.2419618,0.3733697,2.12108,0.4867987,0.8072886,2.137044,0.505375,0.5533876,2.110942,0.4945952,0.3537536,2.124253,0.479468,0.291119,2.136735,0.3783978,0.3258628,2.220563,0.4351364,0.02429208,2.243227,0.4274046,-0.2955696,2.331601,0.5148408,0.3665061,2.170057,0.3845706,0.1011481,2.238667,0.4304088,-0.2261704,2.313555,0.417814,0.7827116,2.214415
72057594038042242,0,0.8779752,106256.2,0.4547574,0.3459946,2.222044,0.4100473,0.9696428,2.23692,0.3329768,0.8353071,2.219519,0.2790514,0.5866262,2.182824,0.2458801,0.4080461,2.129583,0.2419618,0.3733697,2.12108,0.4867987,0.8072886,2.137044,0.505375,0.5533876,2.110942,0.4945952,0.3537536,2.124253,0.479468,0.291119,2.136735,0.3783978,0.3258628,2.220563,0.4351364,0.02429208,2.243227,0.4274046,-0.2955696,2.331601,0.5148408,0.3665061,2.170057,0.3845706,0.1011481,2.238667,0.4304088,-0.2261704,2.313555,0.417814,0.7827116,2.214415
72057594038042242,0,0.8779752,106256.2,0.4547574,0.3459946,2.222044,0.4100473,0.9696428,2.23692,0.3329768,0.8353071,2.219519,0.2790514,0.5866262,2.182824,0.2458801,0.4080461,2.129583,0.2419618,0.3733697,2.12108,0.4867987,0.8072886,2.137044,0.505375,0.5533876,2.110942,0.4945952,0.3537536,2.124253,0.479468,0.291119,2.136735,0.3783978,0.3258628,2.220563,0.4351364,0.02429208,2.243227,0.4274046,-0.2955696,2.331601,0.5148408,0.3665061,2.170057,0.3845706,0.1011481,2.238667,0.4304088,-0.2261704,2.313555,0.417814,0.7827116,2.214415
72057594038042242,0,0.8779752,106256.2,0.4547574,0.3459946,2.222044,0.4100473,0.9696428,2.23692,0.3329768,0.8353071,2.219519,0.2790514,0.5866262,2.182824,0.2458801,0.4080461,2.129583,0.2419618,0.3733697,2.12108,0.4867987,0.8072886,2.137044,0.505375,0.5533876,2.110942,0.4945952,0.3537536,2.124253,0.479468,0.291119,2.136735,0.3783978,0.3258628,2.220563,0.4351364,0.02429208,2.243227,0.4274046,-0.2955696,2.331601,0.5148408,0.3665061,2.170057,0.3845706,0.1011481,2.238667,0.4304088,-0.2261704,2.313555,0.417814,0.7827116,2.214415
72057594038042242,0,0.8779752,106256.2,0.4547574,0.3459946,2.222044,0.4100473,0.9696428,2.23692,0.3329768,0.8353071,2.219519,0.2790514,0.5866262,2.182824,0.2458801,0.4080461,2.129583,0.2419618,0.3733697,2.12108,0.4867987,0.8072886,2.137044,0.505375,0.5533876,2.110942,0.4945952,0.3537536,2.124253,0.479468,0.291119,2.136735,0.3783978,0.3258628,2.220563,0.4351364,0.02429208,2.243227,0.4274046,-0.2955696,2.331601,0.5148408,0.3665061,2.170057,0.3845706,0.1011481,2.238667,0.4304088,-0.2261704,2.313555,0.417814,0.7827116,2.214415
72057594038042242,0,0.8779752,106256.2,0.4547574,0.3459946,2.222044,0.4100473,0.9696428,2.23692,0.3329768,0.8353071,2.219519,0.2790514,0.5866262,2.182824,0.2458801,0.4080461,2.129583,0.2419618,0.3733697,2.12108,0.4867987,0.8072886,2.137044,0.505375,0.5533876,2.110942,0.4945952,0.3537536,2.124253,0.479468,0.291119,2.136735,0.3783978,0.3258628,2.220563,0.4351364,0.02429208,2.243227,0.4274046,-0.2955696,2.331601,0.5148408,0.3665061,2.170057,0.3845706,0.1011481,2.238667,0.4304088,-0.2261704,2.313555,0.417814,0.7827116,2.214415
72057594038042242,0,0.8779752,106256.2,0.4547574,0.3459946,2.222044,0.4100473,0.9696428,2.23692,0.3329768,0.8353071,2.219519,0.2790514,0.5866262,2.182824,0.2458801,0.4080461,2.129583,0.2419618,0.3733697,2.12108,0.4867987,0.8072886,2.137044,0.505375,0.5533876,2.110942,0.4945952,0.3537536,2.124253,0.479468,0.291119,2.136735,0.3783978,0.3258628,2.220563,0.4351364,0.02429208,2.243227,0.4274046,-0.2955696,2.331601,0.5148408,0.3665061,2.170057,0.3845706,0.1011481,2.238667,0.4304088,-0.2261704,2.313555,0.417814,0.7827116,2.214415
72057594038042242,0,0.8779752,106256.2,0.4547574,0.3459946,2.222044,0.4100473,0.9696428,2.23692,0.3329768,0.8353071,2.219519,0.2790514,0.5866262,2.182824,0.2458801,0.4080461,2.129583,0.2419618,0.3733697,2.12108,0.4867987,0.8072886,2.137044,0.505375,0.5533876,2.110942,0.4945952,0.3537536,2.124253,0.479468,0.291119,2.136735,0.3783978,0.3258628,2.220563,0.4351364,0.02429208,2.243227,0.4274046,-0.2955696,2.331601,0.5148408,0.3665061,2.170057,0.3845706,0.1011481,2.238667,0.4304088,-0.2261704,2.313555,0.417814,0.7827116,2.214415
72057594038042242,0,0.8779752,106256.2,0.4547574,0.3459946,2.222044,0.4100473,0.9696428,2.23692,0.3329768,0.8353071,2.219519,0.2790514,0.5866262,2.182824,0.2458801,0.4080461,2.129583,0.2419618,0.3733697,2.12108,0.4867987,0.8072886,2.137044,0.505375,0.5533876,2.110942,0.4945952,0.3537536,2.124253,0.479468,0.291119,2.136735,0.3783978,0.3258628,2.220563,0.4351364,0.02429208,2.243227,0.4274046,-0.2955696,2.331601,0.5148408,0.3665061,2.170057,0.3845706,0.1011481,2.238667,0.4304088,-0.2261704,2.313555,0.417814,0.7827116,2.214415
72057594038042242,0,0.8779752,106256.2,0.4547574,0.3459946,2.222044,0.4100473,0.9696428,2.23692,0.3329768,0.8353071,2.219519,0.2790514,0.5866262,2.182824,0.2458801,0.4080461,2.129583,0.2419618,0.3733697,2.12108,0.4867987,0.8072886,2.137044,0.505375,0.5533876,2.110942,0.4945952,0.3537536,2.124253,0.479468,0.291119,2.136735,0.3783978,0.3258628,2.220563,0.4351364,0.02429208,2.243227,0.4274046,-0.2955696,2.331601,0.5148408,0.3665061,2.170057,0.3845706,0.1011481,2.238667,0.4304088,-0.2261704,2.313555,0.417814,0.7827116,2.214415
72057594038042242,0,0.8929578,106256.2,0.4387817,0.3182369,2.211494,0.4137095,0.9690256,2.227853,0.3374172,0.7510344,2.202904,0.2831154,0.5534676,2.154881,0.2611206,0.3878767,2.062421,0.2636212,0.357972,2.089052,0.4869222,0.8055085,2.131064,0.5029395,0.5519553,2.096448,0.4674107,0.3389882,2.10494,0.4601219,0.2709139,2.114131,0.3555273,0.3025493,2.210585,0.4336457,0.01185077,2.237679,0.4315285,-0.3067445,2.329872,0.5086336,0.3320002,2.150025,0.3445935,0.08513594,2.217616,0.4297525,-0.1836098,2.28496,0.4202845,0.7810451,2.208846
72057594038042242,0,0.8929578,106256.2,0.4387817,0.3182369,2.211494,0.4137095,0.9690256,2.227853,0.3374172,0.7510344,2.202904,0.2831154,0.5534676,2.154881,0.2611206,0.3878767,2.062421,0.2636212,0.357972,2.089052,0.4869222,0.8055085,2.131064,0.5029395,0.5519553,2.096448,0.4674107,0.3389882,2.10494,0.4601219,0.2709139,2.114131,0.3555273,0.3025493,2.210585,0.4336457,0.01185077,2.237679,0.4315285,-0.3067445,2.329872,0.5086336,0.3320002,2.150025,0.3445935,0.08513594,2.217616,0.4297525,-0.1836098,2.28496,0.4202845,0.7810451,2.208846
72057594038042242,0,0.8929578,106256.2,0.4387817,0.3182369,2.211494,0.4137095,0.9690256,2.227853,0.3374172,0.7510344,2.202904,0.2831154,0.5534676,2.154881,0.2611206,0.3878767,2.062421,0.2636212,0.357972,2.089052,0.4869222,0.8055085,2.131064,0.5029395,0.5519553,2.096448,0.4674107,0.3389882,2.10494,0.4601219,0.2709139,2.114131,0.3555273,0.3025493,2.210585,0.4336457,0.01185077,2.237679,0.4315285,-0.3067445,2.329872,0.5086336,0.3320002,2.150025,0.3445935,0.08513594,2.217616,0.4297525,-0.1836098,2.28496,0.4202845,0.7810451,2.208846
72057594038042242,0,0.8929578,106256.2,0.4387817,0.3182369,2.211494,0.4137095,0.9690256,2.227853,0.3374172,0.7510344,2.202904,0.2831154,0.5534676,2.154881,0.2611206,0.3878767,2.062421,0.2636212,0.357972,2.089052,0.4869222,0.8055085,2.131064,0.5029395,0.5519553,2.096448,0.4674107,0.3389882,2.10494,0.4601219,0.2709139,2.114131,0.3555273,0.3025493,2.210585,0.4336457,0.01185077,2.237679,0.4315285,-0.3067445,2.329872,0.5086336,0.3320002,2.150025,0.3445935,0.08513594,2.217616,0.4297525,-0.1836098,2.28496,0.4202845,0.7810451,2.208846
72057594038042242,0,0.8929578,106256.2,0.4387817,0.3182369,2.211494,0.4137095,0.9690256,2.227853,0.3374172,0.7510344,2.202904,0.2831154,0.5534676,2.154881,0.2611206,0.3878767,2.062421,0.2636212,0.357972,2.089052,0.4869222,0.8055085,2.131064,0.5029395,0.5519553,2.096448,0.4674107,0.3389882,2.10494,0.4601219,0.2709139,2.114131,0.3555273,0.3025493,2.210585,0.4336457,0.01185077,2.237679,0.4315285,-0.3067445,2.329872,0.5086336,0.3320002,2.150025,0.3445935,0.08513594,2.217616,0.4297525,-0.1836098,2.28496,0.4202845,0.7810451,2.208846
72057594038042242,0,0.8929578,106256.2,0.4387817,0.3182369,2.211494,0.4137095,0.9690256,2.227853,0.3374172,0.7510344,2.202904,0.2831154,0.5534676,2.154881,0.2611206,0.3878767,2.062421,0.2636212,0.357972,2.089052,0.4869222,0.8055085,2.131064,0.5029395,0.5519553,2.096448,0.4674107,0.3389882,2.10494,0.4601219,0.2709139,2.114131,0.3555273,0.3025493,2.210585,0.4336457,0.01185077,2.237679,0.4315285,-0.3067445,2.329872,0.5086336,0.3320002,2.150025,0.3445935,0.08513594,2.217616,0.4297525,-0.1836098,2.28496,0.4202845,0.7810451,2.208846
72057594038042242,0,0.8929578,106256.2,0.4387817,0.3182369,2.211494,0.4137095,0.9690256,2.227853,0.3374172,0.7510344,2.202904,0.2831154,0.5534676,2.154881,0.2611206,0.3878767,2.062421,0.2636212,0.357972,2.089052,0.4869222,0.8055085,2.131064,0.5029395,0.5519553,2.096448,0.4674107,0.3389882,2.10494,0.4601219,0.2709139,2.114131,0.3555273,0.3025493,2.210585,0.4336457,0.01185077,2.237679,0.4315285,-0.3067445,2.329872,0.5086336,0.3320002,2.150025,0.3445935,0.08513594,2.217616,0.4297525,-0.1836098,2.28496,0.4202845,0.7810451,2.208846
72057594038042242,0,0.8929578,106256.2,0.4387817,0.3182369,2.211494,0.4137095,0.9690256,2.227853,0.3374172,0.7510344,2.202904,0.2831154,0.5534676,2.154881,0.2611206,0.3878767,2.062421,0.2636212,0.357972,2.089052,0.4869222,0.8055085,2.131064,0.5029395,0.5519553,2.096448,0.4674107,0.3389882,2.10494,0.4601219,0.2709139,2.114131,0.3555273,0.3025493,2.210585,0.4336457,0.01185077,2.237679,0.4315285,-0.3067445,2.329872,0.5086336,0.3320002,2.150025,0.3445935,0.08513594,2.217616,0.4297525,-0.1836098,2.28496,0.4202845,0.7810451,2.208846
72057594038042242,0,0.8929578,106256.2,0.4387817,0.3182369,2.211494,0.4137095,0.9690256,2.227853,0.3374172,0.7510344,2.202904,0.2831154,0.5534676,2.154881,0.2611206,0.3878767,2.062421,0.2636212,0.357972,2.089052,0.4869222,0.8055085,2.131064,0.5029395,0.5519553,2.096448,0.4674107,0.3389882,2.10494,0.4601219,0.2709139,2.114131,0.3555273,0.3025493,2.210585,0.4336457,0.01185077,2.237679,0.4315285,-0.3067445,2.329872,0.5086336,0.3320002,2.150025,0.3445935,0.08513594,2.217616,0.4297525,-0.1836098,2.28496,0.4202845,0.7810451,2.208846
72057594038042242,0,0.8929578,106256.2,0.4387817,0.3182369,2.211494,0.4137095,0.9690256,2.227853,0.3374172,0.7510344,2.202904,0.2831154,0.5534676,2.154881,0.2611206,0.3878767,2.062421,0.2636212,0.357972,2.089052,0.4869222,0.8055085,2.131064,0.5029395,0.5519553,2.096448,0.4674107,0.3389882,2.10494,0.4601219,0.2709139,2.114131,0.3555273,0.3025493,2.210585,0.4336457,0.01185077,2.237679,0.4315285,-0.3067445,2.329872,0.5086336,0.3320002,2.150025,0.3445935,0.08513594,2.217616,0.4297525,-0.1836098,2.28496,0.4202845,0.7810451,2.208846
72057594038042242,0,0.8929578,106256.2,0.4387817,0.3182369,2.211494,0.4137095,0.9690256,2.227853,0.3374172,0.7510344,2.202904,0.2831154,0.5534676,2.154881,0.2611206,0.3878767,2.062421,0.2636212,0.357972,2.089052,0.4869222,0.8055085,2.131064,0.5029395,0.5519553,2.096448,0.4674107,0.3389882,2.10494,0.4601219,0.2709139,2.114131,0.3555273,0.3025493,2.210585,0.4336457,0.01185077,2.237679,0.4315285,-0.3067445,2.329872,0.5086336,0.3320002,2.150025,0.3445935,0.08513594,2.217616,0.4297525,-0.1836098,2.28496,0.4202845,0.7810451,2.208846
72057594038042242,0,0.8921351,106256.2,0.4321032,0.3199229,2.205354,0.4198672,0.9673892,2.218827,0.3379461,0.7498516,2.201611,0.2910762,0.551519,2.134139,0.2762479,0.3879395,2.036406,0.2858866,0.3650343,2.044408,0.4870471,0.8047613,2.126871,0.5035879,0.5514776,2.089593,0.4590099,0.3679259,2.08937,0.4562723,0.3112678,2.080052,0.3497816,0.3047491,2.209079,0.4265695,0.009406298,2.212292,0.4332951,-0.3029921,2.321255,0.5014008,0.334873,2.136455,0.3813098,0.05087328,2.153141,0.4284403,-0.1862824,2.278217,0.4218317,0.780014,2.204478
72057594038042242,0,0.8921351,106256.2,0.4321032,0.3199229,2.205354,0.4198672,0.9673892,2.218827,0.3379461,0.7498516,2.201611,0.2910762,0.551519,2.134139,0.2762479,0.3879395,2.036406,0.2858866,0.3650343,2.044408,0.4870471,0.8047613,2.126871,0.5035879,0.5514776,2.089593,0.4590099,0.3679259,2.08937,0.4562723,0.3112678,2.080052,0.3497816,0.3047491,2.209079,0.4265695,0.009406298,2.212292,0.4332951,-0.3029921,2.321255,0.5014008,0.334873,2.136455,0.3813098,0.05087328,2.153141,0.4284403,-0.1862824,2.278217,0.4218317,0.780014,2.204478
72057594038042242,0,0.8921351,106256.2,0.4321032,0.3199229,2.205354,0.4198672,0.9673892,2.218827,0.3379461,0.7498516,2.201611,0.2910762,0.551519,2.134139,0.2762479,0.3879395,2.036406,0.2858866,0.3650343,2.044408,0.4870471,0.8047613,2.126871,0.5035879,0.5514776,2.089593,0.4590099,0.3679259,2.08937,0.4562723,0.3112678,2.080052,0.3497816,0.3047491,2.209079,0.4265695,0.009406298,2.212292,0.4332951,-0.3029921,2.321255,0.5014008,0.334873,2.136455,0.3813098,0.05087328,2.153141,0.4284403,-0.1862824,2.278217,0.4218317,0.780014,2.204478
72057594038042242,0,0.8921351,106256.2,0.4321032,0.3199229,2.205354,0.4198672,0.9673892,2.218827,0.3379461,0.7498516,2.201611,0.2910762,0.551519,2.134139,0.2762479,0.3879395,2.036406,0.2858866,0.3650343,2.044408,0.4870471,0.8047613,2.126871,0.5035879,0.5514776,2.089593,0.4590099,0.3679259,2.08937,0.4562723,0.3112678,2.080052,0.3497816,0.3047491,2.209079,0.4265695,0.009406298,2.212292,0.4332951,-0.3029921,2.321255,0.5014008,0.334873,2.136455,0.3813098,0.05087328,2.153141,0.4284403,-0.1862824,2.278217,0.4218317,0.780014,2.204478
72057594038042242,0,0.8921351,106256.2,0.4321032,0.3199229,2.205354,0.4198672,0.9673892,2.218827,0.3379461,0.7498516,2.201611,0.2910762,0.551519,2.134139,0.2762479,0.3879395,2.036406,0.2858866,0.3650343,2.044408,0.4870471,0.8047613,2.126871,0.5035879,0.5514776,2.089593,0.4590099,0.3679259,2.08937,0.4562723,0.3112678,2.080052,0.3497816,0.3047491,2.209079,0.4265695,0.009406298,2.212292,0.4332951,-0.3029921,2.321255,0.5014008,0.334873,2.136455,0.3813098,0.05087328,2.153141,0.4284403,-0.1862824,2.278217,0.4218317,0.780014,2.204478
72057594038042242,0,0.8921351,106256.3,0.4321032,0.3199229,2.205354,0.4198672,0.9673892,2.218827,0.3379461,0.7498516,2.201611,0.2910762,0.551519,2.134139,0.2762479,0.3879395,2.036406,0.2858866,0.3650343,2.044408,0.4870471,0.8047613,2.126871,0.5035879,0.5514776,2.089593,0.4590099,0.3679259,2.08937,0.4562723,0.3112678,2.080052,0.3497816,0.3047491,2.209079,0.4265695,0.009406298,2.212292,0.4332951,-0.3029921,2.321255,0.5014008,0.334873,2.136455,0.3813098,0.05087328,2.153141,0.4284403,-0.1862824,2.278217,0.4218317,0.780014,2.204478
72057594038042242,0,0.8921351,106256.3,0.4321032,0.3199229,2.205354,0.4198672,0.9673892,2.218827,0.3379461,0.7498516,2.201611,0.2910762,0.551519,2.134139,0.2762479,0.3879395,2.036406,0.2858866,0.3650343,2.044408,0.4870471,0.8047613,2.126871,0.5035879,0.5514776,2.089593,0.4590099,0.3679259,2.08937,0.4562723,0.3112678,2.080052,0.3497816,0.3047491,2.209079,0.4265695,0.009406298,2.212292,0.4332951,-0.3029921,2.321255,0.5014008,0.334873,2.136455,0.3813098,0.05087328,2.153141,0.4284403,-0.1862824,2.278217,0.4218317,0.780014,2.204478
72057594038042242,0,0.8921351,106256.3,0.4321032,0.3199229,2.205354,0.4198672,0.9673892,2.218827,0.3379461,0.7498516,2.201611,0.2910762,0.551519,2.134139,0.2762479,0.3879395,2.036406,0.2858866,0.3650343,2.044408,0.4870471,0.8047613,2.126871,0.5035879,0.5514776,2.089593,0.4590099,0.3679259,2.08937,0.4562723,0.3112678,2.080052,0.3497816,0.3047491,2.209079,0.4265695,0.009406298,2.212292,0.4332951,-0.3029921,2.321255,0.5014008,0.334873,2.136455,0.3813098,0.05087328,2.153141,0.4284403,-0.1862824,2.278217,0.4218317,0.780014,2.204478
72057594038042242,0,0.8921351,106256.3,0.4321032,0.3199229,2.205354,0.4198672,0.9673892,2.218827,0.3379461,0.7498516,2.201611,0.2910762,0.551519,2.134139,0.2762479,0.3879395,2.036406,0.2858866,0.3650343,2.044408,0.4870471,0.8047613,2.126871,0.5035879,0.5514776,2.089593,0.4590099,0.3679259,2.08937,0.4562723,0.3112678,2.080052,0.3497816,0.3047491,2.209079,0.4265695,0.009406298,2.212292,0.4332951,-0.3029921,2.321255,0.5014008,0.334873,2.136455,0.3813098,0.05087328,2.153141,0.4284403,-0.1862824,2.278217,0.4218317,0.780014,2.204478
72057594038042242,0,0.8921351,106256.3,0.4321032,0.3199229,2.205354,0.4198672,0.9673892,2.218827,0.3379461,0.7498516,2.201611,0.2910762,0.551519,2.134139,0.2762479,0.3879395,2.036406,0.2858866,0.3650343,2.044408,0.4870471,0.8047613,2.126871,0.5035879,0.5514776,2.089593,0.4590099,0.3679259,2.08937,0.4562723,0.3112678,2.080052,0.3497816,0.3047491,2.209079,0.4265695,0.009406298,2.212292,0.4332951,-0.3029921,2.321255,0.5014008,0.334873,2.136455,0.3813098,0.05087328,2.153141,0.4284403,-0.1862824,2.278217,0.4218317,0.780014,2.204478
72057594038042242,0,0.8921351,106256.3,0.4321032,0.3199229,2.205354,0.4198672,0.9673892,2.218827,0.3379461,0.7498516,2.201611,0.2910762,0.551519,2.134139,0.2762479,0.3879395,2.036406,0.2858866,0.3650343,2.044408,0.4870471,0.8047613,2.126871,0.5035879,0.5514776,2.089593,0.4590099,0.3679259,2.08937,0.4562723,0.3112678,2.080052,0.3497816,0.3047491,2.209079,0.4265695,0.009406298,2.212292,0.4332951,-0.3029921,2.321255,0.5014008,0.334873,2.136455,0.3813098,0.05087328,2.153141,0.4284403,-0.1862824,2.278217,0.4218317,0.780014,2.204478
72057594038042242,0,0.9195726,106256.3,0.4398949,0.3196948,2.166741,0.4229445,0.9659876,2.213985,0.3453612,0.7424875,2.185537,0.306577,0.5448183,2.099286,0.3144292,0.3912338,1.984845,0.3067596,0.3705762,2.005462,0.4899322,0.8039281,2.117683,0.5035814,0.5506107,2.078458,0.4517019,0.3438889,2.053257,0.4497094,0.2824626,2.055442,0.3649381,0.3001827,2.145453,0.4351743,0.006654739,2.168017,0.4368791,-0.2980825,2.29521,0.502859,0.3374172,2.127691,0.375223,0.05239573,2.074554,0.4258267,-0.1858861,2.254564,0.4276655,0.7786151,2.192113
72057594038042242,0,0.9195726,106256.3,0.4398949,0.3196948,2.166741,0.4229445,0.9659876,2.213985,0.3453612,0.7424875,2.185537,0.306577,0.5448183,2.099286,0.3144292,0.3912338,1.984845,0.3067596,0.3705762,2.005462,0.4899322,0.8039281,2.117683,0.5035814,0.5506107,2.078458,0.4517019,0.3438889,2.053257,0.4497094,0.2824626,2.055442,0.3649381,0.3001827,2.145453,0.4351743,0.006654739,2.168017,0.4368791,-0.2980825,2.29521,0.502859,0.3374172,2.127691,0.375223,0.05239573,2.074554,0.4258267,-0.1858861,2.254564,0.4276655,0.7786151,2.192113
72057594038042242,0,0.9195726,106256.3,0.4398949,0.3196948,2.166741,0.4229445,0.9659876,2.213985,0.3453612,0.7424875,2.185537,0.306577,0.5448183,2.099286,0.3144292,0.3912338,1.984845,0.3067596,0.3705762,2.005462,0.4899322,0.8039281,2.117683,0.5035814,0.5506107,2.078458,0.4517019,0.3438889,2.053257,0.4497094,0.2824626,2.055442,0.3649381,0.3001827,2.145453,0.4351743,0.006654739,2.168017,0.4368791,-0.2980825,2.29521,0.502859,0.3374172,2.127691,0.375223,0.05239573,2.074554,0.4258267,-0.1858861,2.254564,0.4276655,0.7786151,2.192113
72057594038042242,0,0.9195726,106256.3,0.4398949,0.3196948,2.166741,0.4229445,0.9659876,2.213985,0.3453612,0.7424875,2.185537,0.306577,0.5448183,2.099286,0.3144292,0.3912338,1.984845,0.3067596,0.3705762,2.005462,0.4899322,0.8039281,2.117683,0.5035814,0.5506107,2.078458,0.4517019,0.3438889,2.053257,0.4497094,0.2824626,2.055442,0.3649381,0.3001827,2.145453,0.4351743,0.006654739,2.168017,0.4368791,-0.2980825,2.29521,0.502859,0.3374172,2.127691,0.375223,0.05239573,2.074554,0.4258267,-0.1858861,2.254564,0.4276655,0.7786151,2.192113
72057594038042242,0,0.9195726,106256.3,0.4398949,0.3196948,2.166741,0.4229445,0.9659876,2.213985,0.3453612,0.7424875,2.185537,0.306577,0.5448183,2.099286,0.3144292,0.3912338,1.984845,0.3067596,0.3705762,2.005462,0.4899322,0.8039281,2.117683,0.5035814,0.5506107,2.078458,0.4517019,0.3438889,2.053257,0.4497094,0.2824626,2.055442,0.3649381,0.3001827,2.145453,0.4351743,0.006654739,2.168017,0.4368791,-0.2980825,2.29521,0.502859,0.3374172,2.127691,0.375223,0.05239573,2.074554,0.4258267,-0.1858861,2.254564,0.4276655,0.7786151,2.192113
72057594038042242,0,0.9195726,106256.3,0.4398949,0.3196948,2.166741,0.4229445,0.9659876,2.213985,0.3453612,0.7424875,2.185537,0.306577,0.5448183,2.099286,0.3144292,0.3912338,1.984845,0.3067596,0.3705762,2.005462,0.4899322,0.8039281,2.117683,0.5035814,0.5506107,2.078458,0.4517019,0.3438889,2.053257,0.4497094,0.2824626,2.055442,0.3649381,0.3001827,2.145453,0.4351743,0.006654739,2.168017,0.4368791,-0.2980825,2.29521,0.502859,0.3374172,2.127691,0.375223,0.05239573,2.074554,0.4258267,-0.1858861,2.254564,0.4276655,0.7786151,2.192113
72057594038042242,0,0.9195726,106256.3,0.4398949,0.3196948,2.166741,0.4229445,0.9659876,2.213985,0.3453612,0.7424875,2.185537,0.306577,0.5448183,2.099286,0.3144292,0.3912338,1.984845,0.3067596,0.3705762,2.005462,0.4899322,0.8039281,2.117683,0.5035814,0.5506107,2.078458,0.4517019,0.3438889,2.053257,0.4497094,0.2824626,2.055442,0.3649381,0.3001827,2.145453,0.4351743,0.006654739,2.168017,0.4368791,-0.2980825,2.29521,0.502859,0.3374172,2.127691,0.375223,0.05239573,2.074554,0.4258267,-0.1858861,2.254564,0.4276655,0.7786151,2.192113
72057594038042242,0,0.9195726,106256.3,0.4398949,0.3196948,2.166741,0.4229445,0.9659876,2.213985,0.3453612,0.7424875,2.185537,0.306577,0.5448183,2.099286,0.3144292,0.3912338,1.984845,0.3067596,0.3705762,2.005462,0.4899322,0.8039281,2.117683,0.5035814,0.5506107,2.078458,0.4517019,0.3438889,2.053257,0.4497094,0.2824626,2.055442,0.3649381,0.3001827,2.145453,0.4351743,0.006654739,2.168017,0.4368791,-0.2980825,2.29521,0.502859,0.3374172,2.127691,0.375223,0.05239573,2.074554,0.4258267,-0.1858861,2.254564,0.4276655,0.7786151,2.192113
72057594038042242,0,0.9195726,106256.3,0.4398949,0.3196948,2.166741,0.4229445,0.9659876,2.213985,0.3453612,0.7424875,2.185537,0.306577,0.5448183,2.099286,0.3144292,0.3912338,1.984845,0.3067596,0.3705762,2.005462,0.4899322,0.8039281,2.117683,0.5035814,0.5506107,2.078458,0.4517019,0.3438889,2.053257,0.4497094,0.2824626,2.055442,0.3649381,0.3001827,2.145453,0.4351743,0.006654739,2.168017,0.4368791,-0.2980825,2.29521,0.502859,0.3374172,2.127691,0.375223,0.05239573,2.074554,0.4258267,-0.1858861,2.254564,0.4276655,0.7786151,2.192113
72057594038042242,0,0.9285804,106256.3,0.4409586,0.3170246,2.155695,0.4263768,0.9658583,2.208568,0.3529496,0.7414922,2.174247,0.3170339,0.5412113,2.073944,0.3415105,0.3892656,1.959866,0.3273649,0.3754669,1.98286,0.4912575,0.8022087,2.112698,0.5036293,0.5490496,2.071201,0.455723,0.3429755,2.032717,0.4442266,0.2713723,2.026113,0.3660255,0.2980976,2.139231,0.4296103,0.001981676,2.15669,0.4317921,-0.3030534,2.283158,0.5036342,0.3362662,2.108558,0.4418906,0.2131664,2.059633,0.3943233,-0.2949233,2.241712,0.4324573,0.7749528,2.183624
72057594038042242,0,0.9285804,106256.3,0.4409586,0.3170246,2.155695,0.4263768,0.9658583,2.208568,0.3529496,0.7414922,2.174247,0.3170339,0.5412113,2.073944,0.3415105,0.3892656,1.959866,0.3273649,0.3754669,1.98286,0.4912575,0.8022087,2.112698,0.5036293,0.5490496,2.071201,0.455723,0.3429755,2.032717,0.4442266,0.2713723,2.026113,0.3660255,0.2980976,2.139231,0.4296103,0.001981676,2.15669,0.4317921,-0.3030534,2.283158,0.5036342,0.3362662,2.108558,0.4418906,0.2131664,2.059633,0.3943233,-0.2949233,2.241712,0.4324573,0.7749528,2.183624
72057594038042242,0,0.9285804,106256.3,0.4409586,0.3170246,2.155695,0.4263768,0.9658583,2.208568,0.3529496,0.7414922,2.174247,0.3170339,0.5412113,2.073944,0.3415105,0.3892656,1.959866,0.3273649,0.3754669,1.98286,0.4912575,0.8022087,2.112698,0.5036293,0.5490496,2.071201,0.455723,0.3429755,2.032717,0.4442266,0.2713723,2.026113,0.3660255,0.2980976,2.139231,0.4296103,0.001981676,2.15669,0.4317921,-0.3030534,2.283158,0.5036342,0.3362662,2.108558,0.4418906,0.2131664,2.059633,0.3943233,-0.2949233,2.241712,0.4324573,0.7749528,2.183624
72057594038042242,0,0.9285804,106256.3,0.4409586,0.3170246,2.155695,0.4263768,0.9658583,2.208568,0.3529496,0.7414922,2.174247,0.3170339,0.5412113,2.073944,0.3415105,0.3892656,1.959866,0.3273649,0.3754669,1.98286,0.4912575,0.8022087,2.112698,0.5036293,0.5490496,2.071201,0.455723,0.3429755,2.032717,0.4442266,0.2713723,2.026113,0.3660255,0.2980976,2.139231,0.4296103,0.001981676,2.15669,0.4317921,-0.3030534,2.283158,0.5036342,0.3362662,2.108558,0.4418906,0.2131664,2.059633,0.3943233,-0.2949233,2.241712,0.4324573,0.7749528,2.183624
72057594038042242,0,0.9285804,106256.3,0.4409586,0.3170246,2.155695,0.4263768,0.9658583,2.208568,0.3529496,0.7414922,2.174247,0.3170339,0.5412113,2.073944,0.3415105,0.3892656,1.959866,0.3273649,0.3754669,1.98286,0.4912575,0.8022087,2.112698,0.5036293,0.5490496,2.071201,0.455723,0.3429755,2.032717,0.4442266,0.2713723,2.026113,0.3660255,0.2980976,2.139231,0.4296103,0.001981676,2.15669,0.4317921,-0.3030534,2.283158,0.5036342,0.3362662,2.108558,0.4418906,0.2131664,2.059633,0.3943233,-0.2949233,2.241712,0.4324573,0.7749528,2.183624
72057594038042242,0,0.9285804,106256.3,0.4409586,0.3170246,2.155695,0.4263768,0.9658583,2.208568,0.3529496,0.7414922,2.174247,0.3170339,0.5412113,2.073944,0.3415105,0.3892656,1.959866,0.3273649,0.3754669,1.98286,0.4912575,0.8022087,2.112698,0.5036293,0.5490496,2.071201,0.455723,0.3429755,2.032717,0.4442266,0.2713723,2.026113,0.3660255,0.2980976,2.139231,0.4296103,0.001981676,2.15669,0.4317921,-0.3030534,2.283158,0.5036342,0.3362662,2.108558,0.4418906,0.2131664,2.059633,0.3943233,-0.2949233,2.241712,0.4324573,0.7749528,2.183624
72057594038042242,0,0.9285804,106256.3,0.4409586,0.3170246,2.155695,0.4263768,0.9658583,2.208568,0.3529496,0.7414922,2.174247,0.3170339,0.5412113,2.073944,0.3415105,0.3892656,1.959866,0.3273649,0.3754669,1.98286,0.4912575,0.8022087,2.112698,0.5036293,0.5490496,2.071201,0.455723,0.3429755,2.032717,0.4442266,0.2713723,2.026113,0.3660255,0.2980976,2.139231,0.4296103,0.001981676,2.15669,0.4317921,-0.3030534,2.283158,0.5036342,0.3362662,2.108558,0.4418906,0.2131664,2.059633,0.3943233,-0.2949233,2.241712,0.4324573,0.7749528,2.183624
72057594038042242,0,0.9285804,106256.3,0.4409586,0.3170246,2.155695,0.4263768,0.9658583,2.208568,0.3529496,0.7414922,2.174247,0.3170339,0.5412113,2.073944,0.3415105,0.3892656,1.959866,0.3273649,0.3754669,1.98286,0.4912575,0.8022087,2.112698,0.5036293,0.5490496,2.071201,0.455723,0.3429755,2.032717,0.4442266,0.2713723,2.026113,0.3660255,0.2980976,2.139231,0.4296103,0.001981676,2.15669,0.4317921,-0.3030534,2.283158,0.5036342,0.3362662,2.108558,0.4418906,0.2131664,2.059633,0.3943233,-0.2949233,2.241712,0.4324573,0.7749528,2.183624
72057594038042242,0,0.9285804,106256.3,0.4409586,0.3170246,2.155695,0.4263768,0.9658583,2.208568,0.3529496,0.7414922,2.174247,0.3170339,0.5412113,2.073944,0.3415105,0.3892656,1.959866,0.3273649,0.3754669,1.98286,0.4912575,0.8022087,2.112698,0.5036293,0.5490496,2.071201,0.455723,0.3429755,2.032717,0.4442266,0.2713723,2.026113,0.3660255,0.2980976,2.139231,0.4296103,0.001981676,2.15669,0.4317921,-0.3030534,2.283158,0.5036342,0.3362662,2.108558,0.4418906,0.2131664,2.059633,0.3943233,-0.2949233,2.241712,0.4324573,0.7749528,2.183624
72057594038042242,0,0.9285804,106256.3,0.4409586,0.3170246,2.155695,0.4263768,0.9658583,2.208568,0.3529496,0.7414922,2.174247,0.3170339,0.5412113,2.073944,0.3415105,0.3892656,1.959866,0.3273649,0.3754669,1.98286,0.4912575,0.8022087,2.112698,0.5036293,0.5490496,2.071201,0.455723,0.3429755,2.032717,0.4442266,0.2713723,2.026113,0.3660255,0.2980976,2.139231,0.4296103,0.001981676,2.15669,0.4317921,-0.3030534,2.283158,0.5036342,0.3362662,2.108558,0.4418906,0.2131664,2.059633,0.3943233,-0.2949233,2.241712,0.4324573,0.7749528,2.183624
72057594038042242,0,0.9412152,106256.3,0.4416903,0.3195229,2.133872,0.4371889,0.953556,2.195394,0.3589408,0.739455,2.16457,0.322919,0.5440198,2.069721,0.348123,0.3992845,1.946183,0.3466735,0.3891067,1.961361,0.4944694,0.7972822,2.101842,0.486949,0.5446877,2.052612,0.4599896,0.2967334,2.004835,0.4475574,0.2518578,1.994174,0.3651428,0.3003413,2.125248,0.4312357,0.004840404,2.143085,0.432933,-0.3024979,2.264489,0.5065624,0.3398545,2.079346,0.4474139,0.21643,2.021468,0.4242884,-0.2371468,2.228147,0.437226,0.7701049,2.171495
72057594038042242,0,0.9412152,106256.3,0.4416903,0.3195229,2.133872,0.4371889,0.953556,2.195394,0.3589408,0.739455,2.16457,0.322919,0.5440198,2.069721,0.348123,0.3992845,1.946183,0.3466735,0.3891067,1.961361,0.4944694,0.7972822,2.101842,0.486949,0.5446877,2.052612,0.4599896,0.2967334,2.004835,0.4475574,0.2518578,1.994174,0.3651428,0.3003413,2.125248,0.4312357,0.004840404,2.143085,0.432933,-0.3024979,2.264489,0.5065624,0.3398545,2.079346,0.4474139,0.21643,2.021468,0.4242884,-0.2371468,2.228147,0.437226,0.7701049,2.171495
72057594038042242,0,0.9412152,106256.3,0.4416903,0.3195229,2.133872,0.4371889,0.953556,2.195394,0.3589408,0.739455,2.16457,0.322919,0.5440198,2.069721,0.348123,0.3992845,1.946183,0.3466735,0.3891067,1.961361,0.4944694,0.7972822,2.101842,0.486949,0.5446877,2.052612,0.4599896,0.2967334,2.004835,0.4475574,0.2518578,1.994174,0.3651428,0.3003413,2.125248,0.4312357,0.004840404,2.143085,0.432933,-0.3024979,2.264489,0.5065624,0.3398545,2.079346,0.4474139,0.21643,2.021468,0.4242884,-0.2371468,2.228147,0.437226,0.7701049,2.171495
72057594038042242,0,0.9412152,106256.3,0.4416903,0.3195229,2.133872,0.4371889,0.953556,2.195394,0.3589408,0.739455,2.16457,0.322919,0.5440198,2.069721,0.348123,0.3992845,1.946183,0.3466735,0.3891067,1.961361,0.4944694,0.7972822,2.101842,0.486949,0.5446877,2.052612,0.4599896,0.2967334,2.004835,0.4475574,0.2518578,1.994174,0.3651428,0.3003413,2.125248,0.4312357,0.004840404,2.143085,0.432933,-0.3024979,2.264489,0.5065624,0.3398545,2.079346,0.4474139,0.21643,2.021468,0.4242884,-0.2371468,2.228147,0.437226,0.7701049,2.171495
72057594038042242,0,0.9412152,106256.3,0.4416903,0.3195229,2.133872,0.4371889,0.953556,2.195394,0.3589408,0.739455,2.16457,0.322919,0.5440198,2.069721,0.348123,0.3992845,1.946183,0.3466735,0.3891067,1.961361,0.4944694,0.7972822,2.101842,0.486949,0.5446877,2.052612,0.4599896,0.2967334,2.004835,0.4475574,0.2518578,1.994174,0.3651428,0.3003413,2.125248,0.4312357,0.004840404,2.143085,0.432933,-0.3024979,2.264489,0.5065624,0.3398545,2.079346,0.4474139,0.21643,2.021468,0.4242884,-0.2371468,2.228147,0.437226,0.7701049,2.171495
72057594038042242,0,0.9412152,106256.4,0.4416903,0.3195229,2.133872,0.4371889,0.953556,2.195394,0.3589408,0.739455,2.16457,0.322919,0.5440198,2.069721,0.348123,0.3992845,1.946183,0.3466735,0.3891067,1.961361,0.4944694,0.7972822,2.101842,0.486949,0.5446877,2.052612,0.4599896,0.2967334,2.004835,0.4475574,0.2518578,1.994174,0.3651428,0.3003413,2.125248,0.4312357,0.004840404,2.143085,0.432933,-0.3024979,2.264489,0.5065624,0.3398545,2.079346,0.4474139,0.21643,2.021468,0.4242884,-0.2371468,2.228147,0.437226,0.7701049,2.171495
72057594038042242,0,0.9412152,106256.4,0.4416903,0.3195229,2.133872,0.4371889,0.953556,2.195394,0.3589408,0.739455,2.16457,0.322919,0.5440198,2.069721,0.348123,0.3992845,1.946183,0.3466735,0.3891067,1.961361,0.4944694,0.7972822,2.101842,0.486949,0.5446877,2.052612,0.4599896,0.2967334,2.004835,0.4475574,0.2518578,1.994174,0.3651428,0.3003413,2.125248,0.4312357,0.004840404,2.143085,0.432933,-0.3024979,2.264489,0.5065624,0.3398545,2.079346,0.4474139,0.21643,2.021468,0.4242884,-0.2371468,2.228147,0.437226,0.7701049,2.171495
72057594038042242,0,0.9412152,106256.4,0.4416903,0.3195229,2.133872,0.4371889,0.953556,2.195394,0.3589408,0.739455,2.16457,0.322919,0.5440198,2.069721,0.348123,0.3992845,1.946183,0.3466735,0.3891067,1.961361,0.4944694,0.7972822,2.101842,0.486949,0.5446877,2.052612,0.4599896,0.2967334,2.004835,0.4475574,0.2518578,1.994174,0.3651428,0.3003413,2.125248,0.4312357,0.004840404,2.143085,0.432933,-0.3024979,2.264489,0.5065624,0.3398545,2.079346,0.4474139,0.21643,2.021468,0.4242884,-0.2371468,2.228147,0.437226,0.7701049,2.171495
72057594038042242,0,0.9412152,106256.4,0.4416903,0.3195229,2.133872,0.4371889,0.953556,2.195394,0.3589408,0.739455,2.16457,0.322919,0.5440198,2.069721,0.348123,0.3992845,1.946183,0.3466735,0.3891067,1.961361,0.4944694,0.7972822,2.101842,0.486949,0.5446877,2.052612,0.4599896,0.2967334,2.004835,0.4475574,0.2518578,1.994174,0.3651428,0.3003413,2.125248,0.4312357,0.004840404,2.143085,0.432933,-0.3024979,2.264489,0.5065624,0.3398545,2.079346,0.4474139,0.21643,2.021468,0.4242884,-0.2371468,2.228147,0.437226,0.7701049,2.171495
72057594038042242,0,0.9881336,106256.4,0.4627833,0.3264914,2.071793,0.4374989,0.9537525,2.194278,0.3638708,0.7368363,2.156471,0.3422173,0.5469812,2.051413,0.3499032,0.3893489,1.942811,0.3687249,0.3958796,1.943181,0.496836,0.7960193,2.096809,0.5125151,0.5497242,2.043155,0.4749033,0.3097999,1.964509,0.4539611,0.2448943,1.963668,0.3885782,0.3075065,2.062253,0.4566193,0.01415119,2.087542,0.4187282,-0.2298757,2.22797,0.5238289,0.3470044,2.019495,0.4180212,0.0532701,1.968626,0.3804914,-0.3244928,2.204839,0.4418866,0.7689366,2.161951
72057594038042242,0,0.9881336,106256.4,0.4627833,0.3264914,2.071793,0.4374989,0.9537525,2.194278,0.3638708,0.7368363,2.156471,0.3422173,0.5469812,2.051413,0.3499032,0.3893489,1.942811,0.3687249,0.3958796,1.943181,0.496836,0.7960193,2.096809,0.5125151,0.5497242,2.043155,0.4749033,0.3097999,1.964509,0.4539611,0.2448943,1.963668,0.3885782,0.3075065,2.062253,0.4566193,0.01415119,2.087542,0.4187282,-0.2298757,2.22797,0.5238289,0.3470044,2.019495,0.4180212,0.0532701,1.968626,0.3804914,-0.3244928,2.204839,0.4418866,0.7689366,2.161951
72057594038042242,0,0.9881336,106256.4,0.4627833,0.3264914,2.071793,0.4374989,0.9537525,2.194278,0.3638708,0.7368363,2.156471,0.3422173,0.5469812,2.051413,0.3499032,0.3893489,1.942811,0.3687249,0.3958796,1.943181,0.496836,0.7960193,2.096809,0.5125151,0.5497242,2.043155,0.4749033,0.3097999,1.964509,0.4539611,0.2448943,1.963668,0.3885782,0.3075065,2.062253,0.4566193,0.01415119,2.087542,0.4187282,-0.2298757,2.22797,0.5238289,0.3470044,2.019495,0.4180212,0.0532701,1.968626,0.3804914,-0.3244928,2.204839,0.4418866,0.7689366,2.161951
72057594038042242,0,0.9881336,106256.4,0.4627833,0.3264914,2.071793,0.4374989,0.9537525,2.194278,0.3638708,0.7368363,2.156471,0.3422173,0.5469812,2.051413,0.3499032,0.3893489,1.942811,0.3687249,0.3958796,1.943181,0.496836,0.7960193,2.096809,0.5125151,0.5497242,2.043155,0.4749033,0.3097999,1.964509,0.4539611,0.2448943,1.963668,0.3885782,0.3075065,2.062253,0.4566193,0.01415119,2.087542,0.4187282,-0.2298757,2.22797,0.5238289,0.3470044,2.019495,0.4180212,0.0532701,1.968626,0.3804914,-0.3244928,2.204839,0.4418866,0.7689366,2.161951
72057594038042242,0,0.9881336,106256.4,0.4627833,0.3264914,2.071793,0.4374989,0.9537525,2.194278,0.3638708,0.7368363,2.156471,0.3422173,0.5469812,2.051413,0.3499032,0.3893489,1.942811,0.3687249,0.3958796,1.943181,0.496836,0.7960193,2.096809,0.5125151,0.5497242,2.043155,0.4749033,0.3097999,1.964509,0.4539611,0.2448943,1.963668,0.3885782,0.3075065,2.062253,0.4566193,0.01415119,2.087542,0.4187282,-0.2298757,2.22797,0.5238289,0.3470044,2.019495,0.4180212,0.0532701,1.968626,0.3804914,-0.3244928,2.204839,0.4418866,0.7689366,2.161951
72057594038042242,0,0.9881336,106256.4,0.4627833,0.3264914,2.071793,0.4374989,0.9537525,2.194278,0.3638708,0.7368363,2.156471,0.3422173,0.5469812,2.051413,0.3499032,0.3893489,1.942811,0.3687249,0.3958796,1.943181,0.496836,0.7960193,2.096809,0.5125151,0.5497242,2.043155,0.4749033,0.3097999,1.964509,0.4539611,0.2448943,1.963668,0.3885782,0.3075065,2.062253,0.4566193,0.01415119,2.087542,0.4187282,-0.2298757,2.22797,0.5238289,0.3470044,2.019495,0.4180212,0.0532701,1.968626,0.3804914,-0.3244928,2.204839,0.4418866,0.7689366,2.161951
72057594038042242,0,0.9881336,106256.4,0.4627833,0.3264914,2.071793,0.4374989,0.9537525,2.194278,0.3638708,0.7368363,2.156471,0.3422173,0.5469812,2.051413,0.3499032,0.3893489,1.942811,0.3687249,0.3958796,1.943181,0.496836,0.7960193,2.096809,0.5125151,0.5497242,2.043155,0.4749033,0.3097999,1.964509,0.4539611,0.2448943,1.963668,0.3885782,0.3075065,2.062253,0.4566193,0.01415119,2.087542,0.4187282,-0.2298757,2.22797,0.5238289,0.3470044,2.019495,0.4180212,0.0532701,1.968626,0.3804914,-0.3244928,2.204839,0.4418866,0.7689366,2.161951
72057594038042242,0,0.9881336,106256.4,0.4627833,0.3264914,2.071793,0.4374989,0.9537525,2.194278,0.3638708,0.7368363,2.156471,0.3422173,0.5469812,2.051413,0.3499032,0.3893489,1.942811,0.3687249,0.3958796,1.943181,0.496836,0.7960193,2.096809,0.5125151,0.5497242,2.043155,0.4749033,0.3097999,1.964509,0.4539611,0.2448943,1.963668,0.3885782,0.3075065,2.062253,0.4566193,0.01415119,2.087542,0.4187282,-0.2298757,2.22797,0.5238289,0.3470044,2.019495,0.4180212,0.0532701,1.968626,0.3804914,-0.3244928,2.204839,0.4418866,0.7689366,2.161951
72057594038042242,0,0.9881336,106256.4,0.4627833,0.3264914,2.071793,0.4374989,0.9537525,2.194278,0.3638708,0.7368363,2.156471,0.3422173,0.5469812,2.051413,0.3499032,0.3893489,1.942811,0.3687249,0.3958796,1.943181,0.496836,0.7960193,2.096809,0.5125151,0.5497242,2.043155,0.4749033,0.3097999,1.964509,0.4539611,0.2448943,1.963668,0.3885782,0.3075065,2.062253,0.4566193,0.01415119,2.087542,0.4187282,-0.2298757,2.22797,0.5238289,0.3470044,2.019495,0.4180212,0.0532701,1.968626,0.3804914,-0.3244928,2.204839,0.4418866,0.7689366,2.161951
72057594038042242,0,0.9881336,106256.4,0.4627833,0.3264914,2.071793,0.4374989,0.9537525,2.194278,0.3638708,0.7368363,2.156471,0.3422173,0.5469812,2.051413,0.3499032,0.3893489,1.942811,0.3687249,0.3958796,1.943181,0.496836,0.7960193,2.096809,0.5125151,0.5497242,2.043155,0.4749033,0.3097999,1.964509,0.4539611,0.2448943,1.963668,0.3885782,0.3075065,2.062253,0.4566193,0.01415119,2.087542,0.4187282,-0.2298757,2.22797,0.5238289,0.3470044,2.019495,0.4180212,0.0532701,1.968626,0.3804914,-0.3244928,2.204839,0.4418866,0.7689366,2.161951
72057594038042242,0,1.002783,106256.4,0.477593,0.3365539,2.052638,0.4435523,0.9501672,2.185925,0.3725416,0.7339244,2.14665,0.3505422,0.5463997,2.044069,0.4001991,0.3667617,1.923928,0.4563176,0.3083739,1.954198,0.5094066,0.7812024,2.081711,0.5190192,0.5729246,2.040405,0.4808179,0.3327214,1.963348,0.4558741,0.2674471,1.947491,0.3987295,0.314169,2.044692,0.4744594,0.0242914,2.076265,0.4256229,-0.2318478,2.189051,0.5436803,0.360865,1.998574,0.4178598,0.07373467,1.958606,0.3674403,-0.3060017,2.189998,0.4491554,0.76965,2.148128
72057594038042242,0,1.002783,106256.4,0.477593,0.3365539,2.052638,0.4435523,0.9501672,2.185925,0.3725416,0.7339244,2.14665,0.3505422,0.5463997,2.044069,0.4001991,0.3667617,1.923928,0.4563176,0.3083739,1.954198,0.5094066,0.7812024,2.081711,0.5190192,0.5729246,2.040405,0.4808179,0.3327214,1.963348,0.4558741,0.2674471,1.947491,0.3987295,0.314169,2.044692,0.4744594,0.0242914,2.076265,0.4256229,-0.2318478,2.189051,0.5436803,0.360865,1.998574,0.4178598,0.07373467,1.958606,0.3674403,-0.3060017,2.189998,0.4491554,0.76965,2.148128
72057594038042242,0,1.002783,106256.4,0.477593,0.3365539,2.052638,0.4435523,0.9501672,2.185925,0.3725416,0.7339244,2.14665,0.3505422,0.5463997,2.044069,0.4001991,0.3667617,1.923928,0.4563176,0.3083739,1.954198,0.5094066,0.7812024,2.081711,0.5190192,0.5729246,2.040405,0.4808179,0.3327214,1.963348,0.4558741,0.2674471,1.947491,0.3987295,0.314169,2.044692,0.4744594,0.0242914,2.076265,0.4256229,-0.2318478,2.189051,0.5436803,0.360865,1.998574,0.4178598,0.07373467,1.958606,0.3674403,-0.3060017,2.189998,0.4491554,0.76965,2.148128
72057594038042242,0,1.002783,106256.4,0.477593,0.3365539,2.052638,0.4435523,0.9501672,2.185925,0.3725416,0.7339244,2.14665,0.3505422,0.5463997,2.044069,0.4001991,0.3667617,1.923928,0.4563176,0.3083739,1.954198,0.5094066,0.7812024,2.081711,0.5190192,0.5729246,2.040405,0.4808179,0.3327214,1.963348,0.4558741,0.2674471,1.947491,0.3987295,0.314169,2.044692,0.4744594,0.0242914,2.076265,0.4256229,-0.2318478,2.189051,0.5436803,0.360865,1.998574,0.4178598,0.07373467,1.958606,0.3674403,-0.3060017,2.189998,0.4491554,0.76965,2.148128
72057594038042242,0,1.002783,106256.4,0.477593,0.3365539,2.052638,0.4435523,0.9501672,2.185925,0.3725416,0.7339244,2.14665,0.3505422,0.5463997,2.044069,0.4001991,0.3667617,1.923928,0.4563176,0.3083739,1.954198,0.5094066,0.7812024,2.081711,0.5190192,0.5729246,2.040405,0.4808179,0.3327214,1.963348,0.4558741,0.2674471,1.947491,0.3987295,0.314169,2.044692,0.4744594,0.0242914,2.076265,0.4256229,-0.2318478,2.189051,0.5436803,0.360865,1.998574,0.4178598,0.07373467,1.958606,0.3674403,-0.3060017,2.189998,0.4491554,0.76965,2.148128
72057594038042242,0,1.002783,106256.4,0.477593,0.3365539,2.052638,0.4435523,0.9501672,2.185925,0.3725416,0.7339244,2.14665,0.3505422,0.5463997,2.044069,0.4001991,0.3667617,1.923928,0.4563176,0.3083739,1.954198,0.5094066,0.7812024,2.081711,0.5190192,0.5729246,2.040405,0.4808179,0.3327214,1.963348,0.4558741,0.2674471,1.947491,0.3987295,0.314169,2.044692,0.4744594,0.0242914,2.076265,0.4256229,-0.2318478,2.189051,0.5436803,0.360865,1.998574,0.4178598,0.07373467,1.958606,0.3674403,-0.3060017,2.189998,0.4491554,0.76965,2.148128
72057594038042242,0,1.002783,106256.4,0.477593,0.3365539,2.052638,0.4435523,0.9501672,2.185925,0.3725416,0.7339244,2.14665,0.3505422,0.5463997,2.044069,0.4001991,0.3667617,1.923928,0.4563176,0.3083739,1.954198,0.5094066,0.7812024,2.081711,0.5190192,0.5729246,2.040405,0.4808179,0.3327214,1.963348,0.4558741,0.2674471,1.947491,0.3987295,0.314169,2.044692,0.4744594,0.0242914,2.076265,0.4256229,-0.2318478,2.189051,0.5436803,0.360865,1.998574,0.4178598,0.07373467,1.958606,0.3674403,-0.3060017,2.189998,0.4491554,0.76965,2.148128
72057594038042242,0,1.002783,106256.4,0.477593,0.3365539,2.052638,0.4435523,0.9501672,2.185925,0.3725416,0.7339244,2.14665,0.3505422,0.5463997,2.044069,0.4001991,0.3667617,1.923928,0.4563176,0.3083739,1.954198,0.5094066,0.7812024,2.081711,0.5190192,0.5729246,2.040405,0.4808179,0.3327214,1.963348,0.4558741,0.2674471,1.947491,0.3987295,0.314169,2.044692,0.4744594,0.0242914,2.076265,0.4256229,-0.2318478,2.189051,0.5436803,0.360865,1.998574,0.4178598,0.07373467,1.958606,0.3674403,-0.3060017,2.189998,0.4491554,0.76965,2.148128
72057594038042242,0,1.002783,106256.4,0.477593,0.3365539,2.052638,0.4435523,0.9501672,2.185925,0.3725416,0.7339244,2.14665,0.3505422,0.5463997,2.044069,0.4001991,0.3667617,1.923928,0.4563176,0.3083739,1.954198,0.5094066,0.7812024,2.081711,0.5190192,0.5729246,2.040405,0.4808179,0.3327214,1.963348,0.4558741,0.2674471,1.947491,0.3987295,0.314169,2.044692,0.4744594,0.0242914,2.076265,0.4256229,-0.2318478,2.189051,0.5436803,0.360865,1.998574,0.4178598,0.07373467,1.958606,0.3674403,-0.3060017,2.189998,0.4491554,0.76965,2.148128
72057594038042242,0,1.002783,106256.4,0.477593,0.3365539,2.052638,0.4435523,0.9501672,2.185925,0.3725416,0.7339244,2.14665,0.3505422,0.5463997,2.044069,0.4001991,0.3667617,1.923928,0.4563176,0.3083739,1.954198,0.5094066,0.7812024,2.081711,0.5190192,0.5729246,2.040405,0.4808179,0.3327214,1.963348,0.4558741,0.2674471,1.947491,0.3987295,0.314169,2.044692,0.4744594,0.0242914,2.076265,0.4256229,-0.2318478,2.189051,0.5436803,0.360865,1.998574,0.4178598,0.07373467,1.958606,0.3674403,-0.3060017,2.189998,0.4491554,0.76965,2.148128
72057594038042242,0,1.002783,106256.4,0.477593,0.3365539,2.052638,0.4435523,0.9501672,2.185925,0.3725416,0.7339244,2.14665,0.3505422,0.5463997,2.044069,0.4001991,0.3667617,1.923928,0.4563176,0.3083739,1.954198,0.5094066,0.7812024,2.081711,0.5190192,0.5729246,2.040405,0.4808179,0.3327214,1.963348,0.4558741,0.2674471,1.947491,0.3987295,0.314169,2.044692,0.4744594,0.0242914,2.076265,0.4256229,-0.2318478,2.189051,0.5436803,0.360865,1.998574,0.4178598,0.07373467,1.958606,0.3674403,-0.3060017,2.189998,0.4491554,0.76965,2.148128
72057594038042242,0,1.004166,106256.4,0.4785594,0.3428289,2.046366,0.4497677,0.9477406,2.177977,0.3918293,0.7974863,2.149843,0.3701634,0.5990031,2.061061,0.3868702,0.4552658,1.931747,0.4066429,0.4186175,1.939013,0.5131883,0.7776373,2.076094,0.5172202,0.5700971,2.038441,0.4818123,0.3323354,1.952632,0.4624364,0.2685718,1.927914,0.4076217,0.3325589,2.024071,0.471411,0.04309189,2.069711,0.4170722,-0.2271311,2.178649,0.5421289,0.3617438,1.99811,0.4387754,0.07031992,1.917421,0.3787608,-0.3044318,2.154458,0.4529261,0.7694534,2.140317
72057594038042242,0,1.004166,106256.4,0.4785594,0.3428289,2.046366,0.4497677,0.9477406,2.177977,0.3918293,0.7974863,2.149843,0.3701634,0.5990031,2.061061,0.3868702,0.4552658,1.931747,0.4066429,0.4186175,1.939013,0.5131883,0.7776373,2.076094,0.5172202,0.5700971,2.038441,0.4818123,0.3323354,1.952632,0.4624364,0.2685718,1.927914,0.4076217,0.3325589,2.024071,0.471411,0.04309189,2.069711,0.4170722,-0.2271311,2.178649,0.5421289,0.3617438,1.99811,0.4387754,0.07031992,1.917421,0.3787608,-0.3044318,2.154458,0.4529261,0.7694534,2.140317
72057594038042242,0,1.004166,106256.4,0.4785594,0.3428289,2.046366,0.4497677,0.9477406,2.177977,0.3918293,0.7974863,2.149843,0.3701634,0.5990031,2.061061,0.3868702,0.4552658,1.931747,0.4066429,0.4186175,1.939013,0.5131883,0.7776373,2.076094,0.5172202,0.5700971,2.038441,0.4818123,0.3323354,1.952632,0.4624364,0.2685718,1.927914,0.4076217,0.3325589,2.024071,0.471411,0.04309189,2.069711,0.4170722,-0.2271311,2.178649,0.5421289,0.3617438,1.99811,0.4387754,0.07031992,1.917421,0.3787608,-0.3044318,2.154458,0.4529261,0.7694534,2.140317
72057594038042242,0,1.004166,106256.4,0.4785594,0.3428289,2.046366,0.4497677,0.9477406,2.177977,0.3918293,0.7974863,2.149843,0.3701634,0.5990031,2.061061,0.3868702,0.4552658,1.931747,0.4066429,0.4186175,1.939013,0.5131883,0.7776373,2.076094,0.5172202,0.5700971,2.038441,0.4818123,0.3323354,1.952632,0.4624364,0.2685718,1.927914,0.4076217,0.3325589,2.024071,0.471411,0.04309189,2.069711,0.4170722,-0.2271311,2.178649,0.5421289,0.3617438,1.99811,0.4387754,0.07031992,1.917421,0.3787608,-0.3044318,2.154458,0.4529261,0.7694534,2.140317
72057594038042242,0,1.004166,106256.4,0.4785594,0.3428289,2.046366,0.4497677,0.9477406,2.177977,0.3918293,0.7974863,2.149843,0.3701634,0.5990031,2.061061,0.3868702,0.4552658,1.931747,0.4066429,0.4186175,1.939013,0.5131883,0.7776373,2.076094,0.5172202,0.5700971,2.038441,0.4818123,0.3323354,1.952632,0.4624364,0.2685718,1.927914,0.4076217,0.3325589,2.024071,0.471411,0.04309189,2.069711,0.4170722,-0.2271311,2.178649,0.5421289,0.3617438,1.99811,0.4387754,0.07031992,1.917421,0.3787608,-0.3044318,2.154458,0.4529261,0.7694534,2.140317
72057594038042242,0,1.004166,106256.4,0.4785594,0.3428289,2.046366,0.4497677,0.9477406,2.177977,0.3918293,0.7974863,2.149843,0.3701634,0.5990031,2.061061,0.3868702,0.4552658,1.931747,0.4066429,0.4186175,1.939013,0.5131883,0.7776373,2.076094,0.5172202,0.5700971,2.038441,0.4818123,0.3323354,1.952632,0.4624364,0.2685718,1.927914,0.4076217,0.3325589,2.024071,0.471411,0.04309189,2.069711,0.4170722,-0.2271311,2.178649,0.5421289,0.3617438,1.99811,0.4387754,0.07031992,1.917421,0.3787608,-0.3044318,2.154458,0.4529261,0.7694534,2.140317
72057594038042242,0,1.004166,106256.5,0.4785594,0.3428289,2.046366,0.4497677,0.9477406,2.177977,0.3918293,0.7974863,2.149843,0.3701634,0.5990031,2.061061,0.3868702,0.4552658,1.931747,0.4066429,0.4186175,1.939013,0.5131883,0.7776373,2.076094,0.5172202,0.5700971,2.038441,0.4818123,0.3323354,1.952632,0.4624364,0.2685718,1.927914,0.4076217,0.3325589,2.024071,0.471411,0.04309189,2.069711,0.4170722,-0.2271311,2.178649,0.5421289,0.3617438,1.99811,0.4387754,0.07031992,1.917421,0.3787608,-0.3044318,2.154458,0.4529261,0.7694534,2.140317
72057594038042242,0,1.004166,106256.5,0.4785594,0.3428289,2.046366,0.4497677,0.9477406,2.177977,0.3918293,0.7974863,2.149843,0.3701634,0.5990031,2.061061,0.3868702,0.4552658,1.931747,0.4066429,0.4186175,1.939013,0.5131883,0.7776373,2.076094,0.5172202,0.5700971,2.038441,0.4818123,0.3323354,1.952632,0.4624364,0.2685718,1.927914,0.4076217,0.3325589,2.024071,0.471411,0.04309189,2.069711,0.4170722,-0.2271311,2.178649,0.5421289,0.3617438,1.99811,0.4387754,0.07031992,1.917421,0.3787608,-0.3044318,2.154458,0.4529261,0.7694534,2.140317
72057594038042242,0,1.004166,106256.5,0.4785594,0.3428289,2.046366,0.4497677,0.9477406,2.177977,0.3918293,0.7974863,2.149843,0.3701634,0.5990031,2.061061,0.3868702,0.4552658,1.931747,0.4066429,0.4186175,1.939013,0.5131883,0.7776373,2.076094,0.5172202,0.5700971,2.038441,0.4818123,0.3323354,1.952632,0.4624364,0.2685718,1.927914,0.4076217,0.3325589,2.024071,0.471411,0.04309189,2.069711,0.4170722,-0.2271311,2.178649,0.5421289,0.3617438,1.99811,0.4387754,0.07031992,1.917421,0.3787608,-0.3044318,2.154458,0.4529261,0.7694534,2.140317
72057594038042242,0,1.004166,106256.5,0.4785594,0.3428289,2.046366,0.4497677,0.9477406,2.177977,0.3918293,0.7974863,2.149843,0.3701634,0.5990031,2.061061,0.3868702,0.4552658,1.931747,0.4066429,0.4186175,1.939013,0.5131883,0.7776373,2.076094,0.5172202,0.5700971,2.038441,0.4818123,0.3323354,1.952632,0.4624364,0.2685718,1.927914,0.4076217,0.3325589,2.024071,0.471411,0.04309189,2.069711,0.4170722,-0.2271311,2.178649,0.5421289,0.3617438,1.99811,0.4387754,0.07031992,1.917421,0.3787608,-0.3044318,2.154458,0.4529261,0.7694534,2.140317
72057594038042242,0,1.002475,106256.5,0.4792087,0.3488417,2.044636,0.4546802,0.9481391,2.170036,0.3922492,0.797187,2.148802,0.3787461,0.5929099,2.051098,0.4398673,0.4120377,1.929701,0.4625404,0.3564826,1.939849,0.5153232,0.8099458,2.071273,0.5157823,0.5573294,2.022601,0.4914951,0.320704,1.929724,0.4708779,0.2660608,1.91379,0.4083729,0.3356198,2.02425,0.472055,0.04530865,2.067223,0.4075615,-0.2207313,2.152653,0.5404069,0.3659977,1.997563,0.4418213,0.07294092,1.917252,0.4334194,-0.1800808,2.138344,0.4537169,0.7699145,2.138276
72057594038042242,0,1.002475,106256.5,0.4792087,0.3488417,2.044636,0.4546802,0.9481391,2.170036,0.3922492,0.797187,2.148802,0.3787461,0.5929099,2.051098,0.4398673,0.4120377,1.929701,0.4625404,0.3564826,1.939849,0.5153232,0.8099458,2.071273,0.5157823,0.5573294,2.022601,0.4914951,0.320704,1.929724,0.4708779,0.2660608,1.91379,0.4083729,0.3356198,2.02425,0.472055,0.04530865,2.067223,0.4075615,-0.2207313,2.152653,0.5404069,0.3659977,1.997563,0.4418213,0.07294092,1.917252,0.4334194,-0.1800808,2.138344,0.4537169,0.7699145,2.138276
72057594038042242,0,1.002475,106256.5,0.4792087,0.3488417,2.044636,0.4546802,0.9481391,2.170036,0.3922492,0.797187,2.148802,0.3787461,0.5929099,2.051098,0.4398673,0.4120377,1.929701,0.4625404,0.3564826,1.939849,0.5153232,0.8099458,2.071273,0.5157823,0.5573294,2.022601,0.4914951,0.320704,1.929724,0.4708779,0.2660608,1.91379,0.4083729,0.3356198,2.02425,0.472055,0.04530865,2.067223,0.4075615,-0.2207313,2.152653,0.5404069,0.3659977,1.997563,0.4418213,0.07294092,1.917252,0.4334194,-0.1800808,2.138344,0.4537169,0.7699145,2.138276
72057594038042242,0,1.002475,106256.5,0.4792087,0.3488417,2.044636,0.4546802,0.9481391,2.170036,0.3922492,0.797187,2.148802,0.3787461,0.5929099,2.051098,0.4398673,0.4120377,1.929701,0.4625404,0.3564826,1.939849,0.5153232,0.8099458,2.071273,0.5157823,0.5573294,2.022601,0.4914951,0.320704,1.929724,0.4708779,0.2660608,1.91379,0.4083729,0.3356198,2.02425,0.472055,0.04530865,2.067223,0.4075615,-0.2207313,2.152653,0.5404069,0.3659977,1.997563,0.4418213,0.07294092,1.917252,0.4334194,-0.1800808,2.138344,0.4537169,0.7699145,2.138276
72057594038042242,0,1.002475,106256.5,0.4792087,0.3488417,2.044636,0.4546802,0.9481391,2.170036,0.3922492,0.797187,2.148802,0.3787461,0.5929099,2.051098,0.4398673,0.4120377,1.929701,0.4625404,0.3564826,1.939849,0.5153232,0.8099458,2.071273,0.5157823,0.5573294,2.022601,0.4914951,0.320704,1.929724,0.4708779,0.2660608,1.91379,0.4083729,0.3356198,2.02425,0.472055,0.04530865,2.067223,0.4075615,-0.2207313,2.152653,0.5404069,0.3659977,1.997563,0.4418213,0.07294092,1.917252,0.4334194,-0.1800808,2.138344,0.4537169,0.7699145,2.138276
72057594038042242,0,1.002475,106256.5,0.4792087,0.3488417,2.044636,0.4546802,0.9481391,2.170036,0.3922492,0.797187,2.148802,0.3787461,0.5929099,2.051098,0.4398673,0.4120377,1.929701,0.4625404,0.3564826,1.939849,0.5153232,0.8099458,2.071273,0.5157823,0.5573294,2.022601,0.4914951,0.320704,1.929724,0.4708779,0.2660608,1.91379,0.4083729,0.3356198,2.02425,0.472055,0.04530865,2.067223,0.4075615,-0.2207313,2.152653,0.5404069,0.3659977,1.997563,0.4418213,0.07294092,1.917252,0.4334194,-0.1800808,2.138344,0.4537169,0.7699145,2.138276
72057594038042242,0,1.002475,106256.5,0.4792087,0.3488417,2.044636,0.4546802,0.9481391,2.170036,0.3922492,0.797187,2.148802,0.3787461,0.5929099,2.051098,0.4398673,0.4120377,1.929701,0.4625404,0.3564826,1.939849,0.5153232,0.8099458,2.071273,0.5157823,0.5573294,2.022601,0.4914951,0.320704,1.929724,0.4708779,0.2660608,1.91379,0.4083729,0.3356198,2.02425,0.472055,0.04530865,2.067223,0.4075615,-0.2207313,2.152653,0.5404069,0.3659977,1.997563,0.4418213,0.07294092,1.917252,0.4334194,-0.1800808,2.138344,0.4537169,0.7699145,2.138276
72057594038042242,0,1.002475,106256.5,0.4792087,0.3488417,2.044636,0.4546802,0.9481391,2.170036,0.3922492,0.797187,2.148802,0.3787461,0.5929099,2.051098,0.4398673,0.4120377,1.929701,0.4625404,0.3564826,1.939849,0.5153232,0.8099458,2.071273,0.5157823,0.5573294,2.022601,0.4914951,0.320704,1.929724,0.4708779,0.2660608,1.91379,0.4083729,0.3356198,2.02425,0.472055,0.04530865,2.067223,0.4075615,-0.2207313,2.152653,0.5404069,0.3659977,1.997563,0.4418213,0.07294092,1.917252,0.4334194,-0.1800808,2.138344,0.4537169,0.7699145,2.138276
72057594038042242,0,1.002475,106256.5,0.4792087,0.3488417,2.044636,0.4546802,0.9481391,2.170036,0.3922492,0.797187,2.148802,0.3787461,0.5929099,2.051098,0.4398673,0.4120377,1.929701,0.4625404,0.3564826,1.939849,0.5153232,0.8099458,2.071273,0.5157823,0.5573294,2.022601,0.4914951,0.320704,1.929724,0.4708779,0.2660608,1.91379,0.4083729,0.3356198,2.02425,0.472055,0.04530865,2.067223,0.4075615,-0.2207313,2.152653,0.5404069,0.3659977,1.997563,0.4418213,0.07294092,1.917252,0.4334194,-0.1800808,2.138344,0.4537169,0.7699145,2.138276
72057594038042242,0,1.002475,106256.5,0.4792087,0.3488417,2.044636,0.4546802,0.9481391,2.170036,0.3922492,0.797187,2.148802,0.3787461,0.5929099,2.051098,0.4398673,0.4120377,1.929701,0.4625404,0.3564826,1.939849,0.5153232,0.8099458,2.071273,0.5157823,0.5573294,2.022601,0.4914951,0.320704,1.929724,0.4708779,0.2660608,1.91379,0.4083729,0.3356198,2.02425,0.472055,0.04530865,2.067223,0.4075615,-0.2207313,2.152653,0.5404069,0.3659977,1.997563,0.4418213,0.07294092,1.917252,0.4334194,-0.1800808,2.138344,0.4537169,0.7699145,2.138276
72057594038042242,0,0.9934584,106256.5,0.4697134,0.3597586,2.0426,0.4609299,0.9489435,2.159518,0.4054998,0.7859993,2.128099,0.413836,0.5592647,2.00002,0.4714,0.3250416,1.918955,0.4768336,0.2659553,1.907329,0.5231819,0.8547358,2.053663,0.5323321,0.6555747,2.023386,0.5037805,0.4142689,1.945207,0.4745012,0.2754925,1.911532,0.4054181,0.3429402,2.024621,0.4314779,0.04687718,2.071403,0.4094754,-0.2821436,2.122379,0.5172392,0.379703,1.995417,0.4668784,0.07906881,1.897446,0.4320126,-0.220265,2.095198,0.4587356,0.7743427,2.123779
72057594038042242,0,0.9934584,106256.5,0.4697134,0.3597586,2.0426,0.4609299,0.9489435,2.159518,0.4054998,0.7859993,2.128099,0.413836,0.5592647,2.00002,0.4714,0.3250416,1.918955,0.4768336,0.2659553,1.907329,0.5231819,0.8547358,2.053663,0.5323321,0.6555747,2.023386,0.5037805,0.4142689,1.945207,0.4745012,0.2754925,1.911532,0.4054181,0.3429402,2.024621,0.4314779,0.04687718,2.071403,0.4094754,-0.2821436,2.122379,0.5172392,0.379703,1.995417,0.4668784,0.07906881,1.897446,0.4320126,-0.220265,2.095198,0.4587356,0.7743427,2.123779
72057594038042242,0,0.9934584,106256.5,0.4697134,0.3597586,2.0426,0.4609299,0.9489435,2.159518,0.4054998,0.7859993,2.128099,0.413836,0.5592647,2.00002,0.4714,0.3250416,1.918955,0.4768336,0.2659553,1.907329,0.5231819,0.8547358,2.053663,0.5323321,0.6555747,2.023386,0.5037805,0.4142689,1.945207,0.4745012,0.2754925,1.911532,0.4054181,0.3429402,2.024621,0.4314779,0.04687718,2.071403,0.4094754,-0.2821436,2.122379,0.5172392,0.379703,1.995417,0.4668784,0.07906881,1.897446,0.4320126,-0.220265,2.095198,0.4587356,0.7743427,2.123779
72057594038042242,0,0.9934584,106256.5,0.4697134,0.3597586,2.0426,0.4609299,0.9489435,2.159518,0.4054998,0.7859993,2.128099,0.413836,0.5592647,2.00002,0.4714,0.3250416,1.918955,0.4768336,0.2659553,1.907329,0.5231819,0.8547358,2.053663,0.5323321,0.6555747,2.023386,0.5037805,0.4142689,1.945207,0.4745012,0.2754925,1.911532,0.4054181,0.3429402,2.024621,0.4314779,0.04687718,2.071403,0.4094754,-0.2821436,2.122379,0.5172392,0.379703,1.995417,0.4668784,0.07906881,1.897446,0.4320126,-0.220265,2.095198,0.4587356,0.7743427,2.123779
72057594038042242,0,0.9934584,106256.5,0.4697134,0.3597586,2.0426,0.4609299,0.9489435,2.159518,0.4054998,0.7859993,2.128099,0.413836,0.5592647,2.00002,0.4714,0.3250416,1.918955,0.4768336,0.2659553,1.907329,0.5231819,0.8547358,2.053663,0.5323321,0.6555747,2.023386,0.5037805,0.4142689,1.945207,0.4745012,0.2754925,1.911532,0.4054181,0.3429402,2.024621,0.4314779,0.04687718,2.071403,0.4094754,-0.2821436,2.122379,0.5172392,0.379703,1.995417,0.4668784,0.07906881,1.897446,0.4320126,-0.220265,2.095198,0.4587356,0.7743427,2.123779
72057594038042242,0,0.9934584,106256.5,0.4697134,0.3597586,2.0426,0.4609299,0.9489435,2.159518,0.4054998,0.7859993,2.128099,0.413836,0.5592647,2.00002,0.4714,0.3250416,1.918955,0.4768336,0.2659553,1.907329,0.5231819,0.8547358,2.053663,0.5323321,0.6555747,2.023386,0.5037805,0.4142689,1.945207,0.4745012,0.2754925,1.911532,0.4054181,0.3429402,2.024621,0.4314779,0.04687718,2.071403,0.4094754,-0.2821436,2.122379,0.5172392,0.379703,1.995417,0.4668784,0.07906881,1.897446,0.4320126,-0.220265,2.095198,0.4587356,0.7743427,2.123779
72057594038042242,0,0.9934584,106256.5,0.4697134,0.3597586,2.0426,0.4609299,0.9489435,2.159518,0.4054998,0.7859993,2.128099,0.413836,0.5592647,2.00002,0.4714,0.3250416,1.918955,0.4768336,0.2659553,1.907329,0.5231819,0.8547358,2.053663,0.5323321,0.6555747,2.023386,0.5037805,0.4142689,1.945207,0.4745012,0.2754925,1.911532,0.4054181,0.3429402,2.024621,0.4314779,0.04687718,2.071403,0.4094754,-0.2821436,2.122379,0.5172392,0.379703,1.995417,0.4668784,0.07906881,1.897446,0.4320126,-0.220265,2.095198,0.4587356,0.7743427,2.123779
72057594038042242,0,0.9934584,106256.5,0.4697134,0.3597586,2.0426,0.4609299,0.9489435,2.159518,0.4054998,0.7859993,2.128099,0.413836,0.5592647,2.00002,0.4714,0.3250416,1.918955,0.4768336,0.2659553,1.907329,0.5231819,0.8547358,2.053663,0.5323321,0.6555747,2.023386,0.5037805,0.4142689,1.945207,0.4745012,0.2754925,1.911532,0.4054181,0.3429402,2.024621,0.4314779,0.04687718,2.071403,0.4094754,-0.2821436,2.122379,0.5172392,0.379703,1.995417,0.4668784,0.07906881,1.897446,0.4320126,-0.220265,2.095198,0.4587356,0.7743427,2.123779
72057594038042242,0,0.9934584,106256.5,0.4697134,0.3597586,2.0426,0.4609299,0.9489435,2.159518,0.4054998,0.7859993,2.128099,0.413836,0.5592647,2.00002,0.4714,0.3250416,1.918955,0.4768336,0.2659553,1.907329,0.5231819,0.8547358,2.053663,0.5323321,0.6555747,2.023386,0.5037805,0.4142689,1.945207,0.4745012,0.2754925,1.911532,0.4054181,0.3429402,2.024621,0.4314779,0.04687718,2.071403,0.4094754,-0.2821436,2.122379,0.5172392,0.379703,1.995417,0.4668784,0.07906881,1.897446,0.4320126,-0.220265,2.095198,0.4587356,0.7743427,2.123779
72057594038042242,0,0.9931036,106256.5,0.4669714,0.3622688,2.039313,0.4650002,0.9492023,2.152343,0.4023174,0.7579269,2.114541,0.4113725,0.5283617,1.992321,0.4788849,0.2969849,1.911338,0.4783733,0.247254,1.912274,0.5234181,0.8550093,2.053195,0.5325244,0.6635072,2.023372,0.4228547,0.4656805,1.931675,0.419448,0.4171832,1.943885,0.4048186,0.3445119,2.023705,0.4292927,0.04814616,2.070151,0.4088553,-0.2810302,2.120832,0.5133452,0.3815348,1.990859,0.4705484,0.08051026,1.89009,0.4192507,-0.3286089,2.068948,0.4596077,0.7765267,2.117298
72057594038042242,0,0.9931036,106256.5,0.4669714,0.3622688,2.039313,0.4650002,0.9492023,2.152343,0.4023174,0.7579269,2.114541,0.4113725,0.5283617,1.992321,0.4788849,0.2969849,1.911338,0.4783733,0.247254,1.912274,0.5234181,0.8550093,2.053195,0.5325244,0.6635072,2.023372,0.4228547,0.4656805,1.931675,0.419448,0.4171832,1.943885,0.4048186,0.3445119,2.023705,0.4292927,0.04814616,2.070151,0.4088553,-0.2810302,2.120832,0.5133452,0.3815348,1.990859,0.4705484,0.08051026,1.89009,0.4192507,-0.3286089,2.068948,0.4596077,0.7765267,2.117298
72057594038042242,0,0.9931036,106256.5,0.4669714,0.3622688,2.039313,0.4650002,0.9492023,2.152343,0.4023174,0.7579269,2.114541,0.4113725,0.5283617,1.992321,0.4788849,0.2969849,1.911338,0.4783733,0.247254,1.912274,0.5234181,0.8550093,2.053195,0.5325244,0.6635072,2.023372,0.4228547,0.4656805,1.931675,0.419448,0.4171832,1.943885,0.4048186,0.3445119,2.023705,0.4292927,0.04814616,2.070151,0.4088553,-0.2810302,2.120832,0.5133452,0.3815348,1.990859,0.4705484,0.08051026,1.89009,0.4192507,-0.3286089,2.068948,0.4596077,0.7765267,2.117298
72057594038042242,0,0.9931036,106256.5,0.4669714,0.3622688,2.039313,0.4650002,0.9492023,2.152343,0.4023174,0.7579269,2.114541,0.4113725,0.5283617,1.992321,0.4788849,0.2969849,1.911338,0.4783733,0.247254,1.912274,0.5234181,0.8550093,2.053195,0.5325244,0.6635072,2.023372,0.4228547,0.4656805,1.931675,0.419448,0.4171832,1.943885,0.4048186,0.3445119,2.023705,0.4292927,0.04814616,2.070151,0.4088553,-0.2810302,2.120832,0.5133452,0.3815348,1.990859,0.4705484,0.08051026,1.89009,0.4192507,-0.3286089,2.068948,0.4596077,0.7765267,2.117298
72057594038042242,0,0.9931036,106256.5,0.4669714,0.3622688,2.039313,0.4650002,0.9492023,2.152343,0.4023174,0.7579269,2.114541,0.4113725,0.5283617,1.992321,0.4788849,0.2969849,1.911338,0.4783733,0.247254,1.912274,0.5234181,0.8550093,2.053195,0.5325244,0.6635072,2.023372,0.4228547,0.4656805,1.931675,0.419448,0.4171832,1.943885,0.4048186,0.3445119,2.023705,0.4292927,0.04814616,2.070151,0.4088553,-0.2810302,2.120832,0.5133452,0.3815348,1.990859,0.4705484,0.08051026,1.89009,0.4192507,-0.3286089,2.068948,0.4596077,0.7765267,2.117298
72057594038042242,0,0.9931036,106256.5,0.4669714,0.3622688,2.039313,0.4650002,0.9492023,2.152343,0.4023174,0.7579269,2.114541,0.4113725,0.5283617,1.992321,0.4788849,0.2969849,1.911338,0.4783733,0.247254,1.912274,0.5234181,0.8550093,2.053195,0.5325244,0.6635072,2.023372,0.4228547,0.4656805,1.931675,0.419448,0.4171832,1.943885,0.4048186,0.3445119,2.023705,0.4292927,0.04814616,2.070151,0.4088553,-0.2810302,2.120832,0.5133452,0.3815348,1.990859,0.4705484,0.08051026,1.89009,0.4192507,-0.3286089,2.068948,0.4596077,0.7765267,2.117298
72057594038042242,0,0.9931036,106256.6,0.4669714,0.3622688,2.039313,0.4650002,0.9492023,2.152343,0.4023174,0.7579269,2.114541,0.4113725,0.5283617,1.992321,0.4788849,0.2969849,1.911338,0.4783733,0.247254,1.912274,0.5234181,0.8550093,2.053195,0.5325244,0.6635072,2.023372,0.4228547,0.4656805,1.931675,0.419448,0.4171832,1.943885,0.4048186,0.3445119,2.023705,0.4292927,0.04814616,2.070151,0.4088553,-0.2810302,2.120832,0.5133452,0.3815348,1.990859,0.4705484,0.08051026,1.89009,0.4192507,-0.3286089,2.068948,0.4596077,0.7765267,2.117298
72057594038042242,0,0.9931036,106256.6,0.4669714,0.3622688,2.039313,0.4650002,0.9492023,2.152343,0.4023174,0.7579269,2.114541,0.4113725,0.5283617,1.992321,0.4788849,0.2969849,1.911338,0.4783733,0.247254,1.912274,0.5234181,0.8550093,2.053195,0.5325244,0.6635072,2.023372,0.4228547,0.4656805,1.931675,0.419448,0.4171832,1.943885,0.4048186,0.3445119,2.023705,0.4292927,0.04814616,2.070151,0.4088553,-0.2810302,2.120832,0.5133452,0.3815348,1.990859,0.4705484,0.08051026,1.89009,0.4192507,-0.3286089,2.068948,0.4596077,0.7765267,2.117298
72057594038042242,0,0.9931036,106256.6,0.4669714,0.3622688,2.039313,0.4650002,0.9492023,2.152343,0.4023174,0.7579269,2.114541,0.4113725,0.5283617,1.992321,0.4788849,0.2969849,1.911338,0.4783733,0.247254,1.912274,0.5234181,0.8550093,2.053195,0.5325244,0.6635072,2.023372,0.4228547,0.4656805,1.931675,0.419448,0.4171832,1.943885,0.4048186,0.3445119,2.023705,0.4292927,0.04814616,2.070151,0.4088553,-0.2810302,2.120832,0.5133452,0.3815348,1.990859,0.4705484,0.08051026,1.89009,0.4192507,-0.3286089,2.068948,0.4596077,0.7765267,2.117298
72057594038042242,0,0.9931036,106256.6,0.4669714,0.3622688,2.039313,0.4650002,0.9492023,2.152343,0.4023174,0.7579269,2.114541,0.4113725,0.5283617,1.992321,0.4788849,0.2969849,1.911338,0.4783733,0.247254,1.912274,0.5234181,0.8550093,2.053195,0.5325244,0.6635072,2.023372,0.4228547,0.4656805,1.931675,0.419448,0.4171832,1.943885,0.4048186,0.3445119,2.023705,0.4292927,0.04814616,2.070151,0.4088553,-0.2810302,2.120832,0.5133452,0.3815348,1.990859,0.4705484,0.08051026,1.89009,0.4192507,-0.3286089,2.068948,0.4596077,0.7765267,2.117298
72057594038042242,0,0.9980255,106256.6,0.4201528,0.3433727,2.015985,0.4679942,0.9514512,2.143581,0.5041174,0.6649684,2.048109,0.4147731,0.4472781,1.965863,0.4972968,0.2516865,1.914852,0.4912834,0.229417,1.913387,0.5080008,0.7860516,2.050653,0.4439914,0.607579,2.050892,0.4940602,0.3818518,1.942207,0.4869219,0.282326,1.923448,0.4153962,0.3348375,2.017692,0.3904995,0.05584636,2.112571,0.3759142,-0.2740944,2.160644,0.4038925,0.3609712,1.957322,0.5403868,0.08720046,1.896872,0.4877186,-0.3204576,2.078805,0.4588205,0.7780937,2.109188
72057594038042242,0,0.9980255,106256.6,0.4201528,0.3433727,2.015985,0.4679942,0.9514512,2.143581,0.5041174,0.6649684,2.048109,0.4147731,0.4472781,1.965863,0.4972968,0.2516865,1.914852,0.4912834,0.229417,1.913387,0.5080008,0.7860516,2.050653,0.4439914,0.607579,2.050892,0.4940602,0.3818518,1.942207,0.4869219,0.282326,1.923448,0.4153962,0.3348375,2.017692,0.3904995,0.05584636,2.112571,0.3759142,-0.2740944,2.160644,0.4038925,0.3609712,1.957322,0.5403868,0.08720046,1.896872,0.4877186,-0.3204576,2.078805,0.4588205,0.7780937,2.109188
72057594038042242,0,0.9980255,106256.6,0.4201528,0.3433727,2.015985,0.4679942,0.9514512,2.143581,0.5041174,0.6649684,2.048109,0.4147731,0.4472781,1.965863,0.4972968,0.2516865,1.914852,0.4912834,0.229417,1.913387,0.5080008,0.7860516,2.050653,0.4439914,0.607579,2.050892,0.4940602,0.3818518,1.942207,0.4869219,0.282326,1.923448,0.4153962,0.3348375,2.017692,0.3904995,0.05584636,2.112571,0.3759142,-0.2740944,2.160644,0.4038925,0.3609712,1.957322,0.5403868,0.08720046,1.896872,0.4877186,-0.3204576,2.078805,0.4588205,0.7780937,2.109188
72057594038042242,0,0.9980255,106256.6,0.4201528,0.3433727,2.015985,0.4679942,0.9514512,2.143581,0.5041174,0.6649684,2.048109,0.4147731,0.4472781,1.965863,0.4972968,0.2516865,1.914852,0.4912834,0.229417,1.913387,0.5080008,0.7860516,2.050653,0.4439914,0.607579,2.050892,0.4940602,0.3818518,1.942207,0.4869219,0.282326,1.923448,0.4153962,0.3348375,2.017692,0.3904995,0.05584636,2.112571,0.3759142,-0.2740944,2.160644,0.4038925,0.3609712,1.957322,0.5403868,0.08720046,1.896872,0.4877186,-0.3204576,2.078805,0.4588205,0.7780937,2.109188
72057594038042242,0,0.9980255,106256.6,0.4201528,0.3433727,2.015985,0.4679942,0.9514512,2.143581,0.5041174,0.6649684,2.048109,0.4147731,0.4472781,1.965863,0.4972968,0.2516865,1.914852,0.4912834,0.229417,1.913387,0.5080008,0.7860516,2.050653,0.4439914,0.607579,2.050892,0.4940602,0.3818518,1.942207,0.4869219,0.282326,1.923448,0.4153962,0.3348375,2.017692,0.3904995,0.05584636,2.112571,0.3759142,-0.2740944,2.160644,0.4038925,0.3609712,1.957322,0.5403868,0.08720046,1.896872,0.4877186,-0.3204576,2.078805,0.4588205,0.7780937,2.109188
72057594038042242,0,0.9980255,106256.6,0.4201528,0.3433727,2.015985,0.4679942,0.9514512,2.143581,0.5041174,0.6649684,2.048109,0.4147731,0.4472781,1.965863,0.4972968,0.2516865,1.914852,0.4912834,0.229417,1.913387,0.5080008,0.7860516,2.050653,0.4439914,0.607579,2.050892,0.4940602,0.3818518,1.942207,0.4869219,0.282326,1.923448,0.4153962,0.3348375,2.017692,0.3904995,0.05584636,2.112571,0.3759142,-0.2740944,2.160644,0.4038925,0.3609712,1.957322,0.5403868,0.08720046,1.896872,0.4877186,-0.3204576,2.078805,0.4588205,0.7780937,2.109188
72057594038042242,0,0.9980255,106256.6,0.4201528,0.3433727,2.015985,0.4679942,0.9514512,2.143581,0.5041174,0.6649684,2.048109,0.4147731,0.4472781,1.965863,0.4972968,0.2516865,1.914852,0.4912834,0.229417,1.913387,0.5080008,0.7860516,2.050653,0.4439914,0.607579,2.050892,0.4940602,0.3818518,1.942207,0.4869219,0.282326,1.923448,0.4153962,0.3348375,2.017692,0.3904995,0.05584636,2.112571,0.3759142,-0.2740944,2.160644,0.4038925,0.3609712,1.957322,0.5403868,0.08720046,1.896872,0.4877186,-0.3204576,2.078805,0.4588205,0.7780937,2.109188
72057594038042242,0,0.9980255,106256.6,0.4201528,0.3433727,2.015985,0.4679942,0.9514512,2.143581,0.5041174,0.6649684,2.048109,0.4147731,0.4472781,1.965863,0.4972968,0.2516865,1.914852,0.4912834,0.229417,1.913387,0.5080008,0.7860516,2.050653,0.4439914,0.607579,2.050892,0.4940602,0.3818518,1.942207,0.4869219,0.282326,1.923448,0.4153962,0.3348375,2.017692,0.3904995,0.05584636,2.112571,0.3759142,-0.2740944,2.160644,0.4038925,0.3609712,1.957322,0.5403868,0.08720046,1.896872,0.4877186,-0.3204576,2.078805,0.4588205,0.7780937,2.109188
72057594038042242,0,0.9980255,106256.6,0.4201528,0.3433727,2.015985,0.4679942,0.9514512,2.143581,0.5041174,0.6649684,2.048109,0.4147731,0.4472781,1.965863,0.4972968,0.2516865,1.914852,0.4912834,0.229417,1.913387,0.5080008,0.7860516,2.050653,0.4439914,0.607579,2.050892,0.4940602,0.3818518,1.942207,0.4869219,0.282326,1.923448,0.4153962,0.3348375,2.017692,0.3904995,0.05584636,2.112571,0.3759142,-0.2740944,2.160644,0.4038925,0.3609712,1.957322,0.5403868,0.08720046,1.896872,0.4877186,-0.3204576,2.078805,0.4588205,0.7780937,2.109188
72057594038042242,0,0.9980255,106256.6,0.4201528,0.3433727,2.015985,0.4679942,0.9514512,2.143581,0.5041174,0.6649684,2.048109,0.4147731,0.4472781,1.965863,0.4972968,0.2516865,1.914852,0.4912834,0.229417,1.913387,0.5080008,0.7860516,2.050653,0.4439914,0.607579,2.050892,0.4940602,0.3818518,1.942207,0.4869219,0.282326,1.923448,0.4153962,0.3348375,2.017692,0.3904995,0.05584636,2.112571,0.3759142,-0.2740944,2.160644,0.4038925,0.3609712,1.957322,0.5403868,0.08720046,1.896872,0.4877186,-0.3204576,2.078805,0.4588205,0.7780937,2.109188
72057594038042242,0,0.9983718,106256.6,0.4371699,0.3493995,2.0216,0.470331,0.9479365,2.136994,0.3990096,0.7513456,2.09717,0.4094355,0.5132679,1.994681,0.4865048,0.2810847,1.927784,0.4863374,0.2316831,1.932216,0.5091985,0.7859756,2.048478,0.5339319,0.5898828,1.996104,0.5752227,0.3596421,1.89399,0.508069,0.3269269,1.929841,0.3806187,0.3435233,2.010103,0.4052294,0.06442812,2.1018,0.3905587,-0.2655794,2.149895,0.5095659,0.3623711,1.980072,0.4885869,0.1895979,1.895248,0.4345765,-0.2217921,2.081061,0.4622549,0.7747563,2.099503
72057594038042242,0,0.9983718,106256.6,0.4371699,0.3493995,2.0216,0.470331,0.9479365,2.136994,0.3990096,0.7513456,2.09717,0.4094355,0.5132679,1.994681,0.4865048,0.2810847,1.927784,0.4863374,0.2316831,1.932216,0.5091985,0.7859756,2.048478,0.5339319,0.5898828,1.996104,0.5752227,0.3596421,1.89399,0.508069,0.3269269,1.929841,0.3806187,0.3435233,2.010103,0.4052294,0.06442812,2.1018,0.3905587,-0.2655794,2.149895,0.5095659,0.3623711,1.980072,0.4885869,0.1895979,1.895248,0.4345765,-0.2217921,2.081061,0.4622549,0.7747563,2.099503
72057594038042242,0,0.9983718,106256.6,0.4371699,0.3493995,2.0216,0.470331,0.9479365,2.136994,0.3990096,0.7513456,2.09717,0.4094355,0.5132679,1.994681,0.4865048,0.2810847,1.927784,0.4863374,0.2316831,1.932216,0.5091985,0.7859756,2.048478,0.5339319,0.5898828,1.996104,0.5752227,0.3596421,1.89399,0.508069,0.3269269,1.929841,0.3806187,0.3435233,2.010103,0.4052294,0.06442812,2.1018,0.3905587,-0.2655794,2.149895,0.5095659,0.3623711,1.980072,0.4885869,0.1895979,1.895248,0.4345765,-0.2217921,2.081061,0.4622549,0.7747563,2.099503
72057594038042242,0,0.9983718,106256.6,0.4371699,0.3493995,2.0216,0.470331,0.9479365,2.136994,0.3990096,0.7513456,2.09717,0.4094355,0.5132679,1.994681,0.4865048,0.2810847,1.927784,0.4863374,0.2316831,1.932216,0.5091985,0.7859756,2.048478,0.5339319,0.5898828,1.996104,0.5752227,0.3596421,1.89399,0.508069,0.3269269,1.929841,0.3806187,0.3435233,2.010103,0.4052294,0.06442812,2.1018,0.3905587,-0.2655794,2.149895,0.5095659,0.3623711,1.980072,0.4885869,0.1895979,1.895248,0.4345765,-0.2217921,2.081061,0.4622549,0.7747563,2.099503
72057594038042242,0,0.9983718,106256.6,0.4371699,0.3493995,2.0216,0.470331,0.9479365,2.136994,0.3990096,0.7513456,2.09717,0.4094355,0.5132679,1.994681,0.4865048,0.2810847,1.927784,0.4863374,0.2316831,1.932216,0.5091985,0.7859756,2.048478,0.5339319,0.5898828,1.996104,0.5752227,0.3596421,1.89399,0.508069,0.3269269,1.929841,0.3806187,0.3435233,2.010103,0.4052294,0.06442812,2.1018,0.3905587,-0.2655794,2.149895,0.5095659,0.3623711,1.980072,0.4885869,0.1895979,1.895248,0.4345765,-0.2217921,2.081061,0.4622549,0.7747563,2.099503
72057594038042242,0,0.9983718,106256.6,0.4371699,0.3493995,2.0216,0.470331,0.9479365,2.136994,0.3990096,0.7513456,2.09717,0.4094355,0.5132679,1.994681,0.4865048,0.2810847,1.927784,0.4863374,0.2316831,1.932216,0.5091985,0.7859756,2.048478,0.5339319,0.5898828,1.996104,0.5752227,0.3596421,1.89399,0.508069,0.3269269,1.929841,0.3806187,0.3435233,2.010103,0.4052294,0.06442812,2.1018,0.3905587,-0.2655794,2.149895,0.5095659,0.3623711,1.980072,0.4885869,0.1895979,1.895248,0.4345765,-0.2217921,2.081061,0.4622549,0.7747563,2.099503
72057594038042242,0,0.9983718,106256.6,0.4371699,0.3493995,2.0216,0.470331,0.9479365,2.136994,0.3990096,0.7513456,2.09717,0.4094355,0.5132679,1.994681,0.4865048,0.2810847,1.927784,0.4863374,0.2316831,1.932216,0.5091985,0.7859756,2.048478,0.5339319,0.5898828,1.996104,0.5752227,0.3596421,1.89399,0.508069,0.3269269,1.929841,0.3806187,0.3435233,2.010103,0.4052294,0.06442812,2.1018,0.3905587,-0.2655794,2.149895,0.5095659,0.3623711,1.980072,0.4885869,0.1895979,1.895248,0.4345765,-0.2217921,2.081061,0.4622549,0.7747563,2.099503
72057594038042242,0,0.9983718,106256.6,0.4371699,0.3493995,2.0216,0.470331,0.9479365,2.136994,0.3990096,0.7513456,2.09717,0.4094355,0.5132679,1.994681,0.4865048,0.2810847,1.927784,0.4863374,0.2316831,1.932216,0.5091985,0.7859756,2.048478,0.5339319,0.5898828,1.996104,0.5752227,0.3596421,1.89399,0.508069,0.3269269,1.929841,0.3806187,0.3435233,2.010103,0.4052294,0.06442812,2.1018,0.3905587,-0.2655794,2.149895,0.5095659,0.3623711,1.980072,0.4885869,0.1895979,1.895248,0.4345765,-0.2217921,2.081061,0.4622549,0.7747563,2.099503
72057594038042242,0,0.9983718,106256.6,0.4371699,0.3493995,2.0216,0.470331,0.9479365,2.136994,0.3990096,0.7513456,2.09717,0.4094355,0.5132679,1.994681,0.4865048,0.2810847,1.927784,0.4863374,0.2316831,1.932216,0.5091985,0.7859756,2.048478,0.5339319,0.5898828,1.996104,0.5752227,0.3596421,1.89399,0.508069,0.3269269,1.929841,0.3806187,0.3435233,2.010103,0.4052294,0.06442812,2.1018,0.3905587,-0.2655794,2.149895,0.5095659,0.3623711,1.980072,0.4885869,0.1895979,1.895248,0.4345765,-0.2217921,2.081061,0.4622549,0.7747563,2.099503
72057594038042242,0,0.9983718,106256.6,0.4371699,0.3493995,2.0216,0.470331,0.9479365,2.136994,0.3990096,0.7513456,2.09717,0.4094355,0.5132679,1.994681,0.4865048,0.2810847,1.927784,0.4863374,0.2316831,1.932216,0.5091985,0.7859756,2.048478,0.5339319,0.5898828,1.996104,0.5752227,0.3596421,1.89399,0.508069,0.3269269,1.929841,0.3806187,0.3435233,2.010103,0.4052294,0.06442812,2.1018,0.3905587,-0.2655794,2.149895,0.5095659,0.3623711,1.980072,0.4885869,0.1895979,1.895248,0.4345765,-0.2217921,2.081061,0.4622549,0.7747563,2.099503
72057594038042242,0,0.9983718,106256.6,0.4371699,0.3493995,2.0216,0.470331,0.9479365,2.136994,0.3990096,0.7513456,2.09717,0.4094355,0.5132679,1.994681,0.4865048,0.2810847,1.927784,0.4863374,0.2316831,1.932216,0.5091985,0.7859756,2.048478,0.5339319,0.5898828,1.996104,0.5752227,0.3596421,1.89399,0.508069,0.3269269,1.929841,0.3806187,0.3435233,2.010103,0.4052294,0.06442812,2.1018,0.3905587,-0.2655794,2.149895,0.5095659,0.3623711,1.980072,0.4885869,0.1895979,1.895248,0.4345765,-0.2217921,2.081061,0.4622549,0.7747563,2.099503
72057594038042242,0,1.006461,106256.6,0.4450682,0.3289776,2.030847,0.4713494,0.9464146,2.130793,0.4011869,0.7472589,2.094651,0.4041545,0.503792,2.006424,0.4866358,0.2751622,1.932917,0.4894206,0.2273288,1.930889,0.5146142,0.7180896,2.032258,0.5342159,0.5334992,1.985563,0.4723053,0.3593536,1.945933,0.4750762,0.2947615,1.949558,0.3752812,0.3234781,2.007443,0.4045291,0.03210133,2.066137,0.3898161,-0.2977535,2.114193,0.5118939,0.3348764,1.998369,0.4950494,0.1850725,1.903958,0.4406686,-0.2262617,2.089645,0.4637151,0.772081,2.09516
72057594038042242,0,1.006461,106256.6,0.4450682,0.3289776,2.030847,0.4713494,0.9464146,2.130793,0.4011869,0.7472589,2.094651,0.4041545,0.503792,2.006424,0.4866358,0.2751622,1.932917,0.4894206,0.2273288,1.930889,0.5146142,0.7180896,2.032258,0.5342159,0.5334992,1.985563,0.4723053,0.3593536,1.945933,0.4750762,0.2947615,1.949558,0.3752812,0.3234781,2.007443,0.4045291,0.03210133,2.066137,0.3898161,-0.2977535,2.114193,0.5118939,0.3348764,1.998369,0.4950494,0.1850725,1.903958,0.4406686,-0.2262617,2.089645,0.4637151,0.772081,2.09516
72057594038042242,0,1.006461,106256.6,0.4450682,0.3289776,2.030847,0.4713494,0.9464146,2.130793,0.4011869,0.7472589,2.094651,0.4041545,0.503792,2.006424,0.4866358,0.2751622,1.932917,0.4894206,0.2273288,1.930889,0.5146142,0.7180896,2.032258,0.5342159,0.5334992,1.985563,0.4723053,0.3593536,1.945933,0.4750762,0.2947615,1.949558,0.3752812,0.3234781,2.007443,0.4045291,0.03210133,2.066137,0.3898161,-0.2977535,2.114193,0.5118939,0.3348764,1.998369,0.4950494,0.1850725,1.903958,0.4406686,-0.2262617,2.089645,0.4637151,0.772081,2.09516
72057594038042242,0,1.006461,106256.6,0.4450682,0.3289776,2.030847,0.4713494,0.9464146,2.130793,0.4011869,0.7472589,2.094651,0.4041545,0.503792,2.006424,0.4866358,0.2751622,1.932917,0.4894206,0.2273288,1.930889,0.5146142,0.7180896,2.032258,0.5342159,0.5334992,1.985563,0.4723053,0.3593536,1.945933,0.4750762,0.2947615,1.949558,0.3752812,0.3234781,2.007443,0.4045291,0.03210133,2.066137,0.3898161,-0.2977535,2.114193,0.5118939,0.3348764,1.998369,0.4950494,0.1850725,1.903958,0.4406686,-0.2262617,2.089645,0.4637151,0.772081,2.09516
72057594038042242,0,1.006461,106256.6,0.4450682,0.3289776,2.030847,0.4713494,0.9464146,2.130793,0.4011869,0.7472589,2.094651,0.4041545,0.503792,2.006424,0.4866358,0.2751622,1.932917,0.4894206,0.2273288,1.930889,0.5146142,0.7180896,2.032258,0.5342159,0.5334992,1.985563,0.4723053,0.3593536,1.945933,0.4750762,0.2947615,1.949558,0.3752812,0.3234781,2.007443,0.4045291,0.03210133,2.066137,0.3898161,-0.2977535,2.114193,0.5118939,0.3348764,1.998369,0.4950494,0.1850725,1.903958,0.4406686,-0.2262617,2.089645,0.4637151,0.772081,2.09516
72057594038042242,0,1.006461,106256.6,0.4450682,0.3289776,2.030847,0.4713494,0.9464146,2.130793,0.4011869,0.7472589,2.094651,0.4041545,0.503792,2.006424,0.4866358,0.2751622,1.932917,0.4894206,0.2273288,1.930889,0.5146142,0.7180896,2.032258,0.5342159,0.5334992,1.985563,0.4723053,0.3593536,1.945933,0.4750762,0.2947615,1.949558,0.3752812,0.3234781,2.007443,0.4045291,0.03210133,2.066137,0.3898161,-0.2977535,2.114193,0.5118939,0.3348764,1.998369,0.4950494,0.1850725,1.903958,0.4406686,-0.2262617,2.089645,0.4637151,0.772081,2.09516
72057594038042242,0,1.006461,106256.6,0.4450682,0.3289776,2.030847,0.4713494,0.9464146,2.130793,0.4011869,0.7472589,2.094651,0.4041545,0.503792,2.006424,0.4866358,0.2751622,1.932917,0.4894206,0.2273288,1.930889,0.5146142,0.7180896,2.032258,0.5342159,0.5334992,1.985563,0.4723053,0.3593536,1.945933,0.4750762,0.2947615,1.949558,0.3752812,0.3234781,2.007443,0.4045291,0.03210133,2.066137,0.3898161,-0.2977535,2.114193,0.5118939,0.3348764,1.998369,0.4950494,0.1850725,1.903958,0.4406686,-0.2262617,2.089645,0.4637151,0.772081,2.09516
72057594038042242,0,1.006461,106256.7,0.4450682,0.3289776,2.030847,0.4713494,0.9464146,2.130793,0.4011869,0.7472589,2.094651,0.4041545,0.503792,2.006424,0.4866358,0.2751622,1.932917,0.4894206,0.2273288,1.930889,0.5146142,0.7180896,2.032258,0.5342159,0.5334992,1.985563,0.4723053,0.3593536,1.945933,0.4750762,0.2947615,1.949558,0.3752812,0.3234781,2.007443,0.4045291,0.03210133,2.066137,0.3898161,-0.2977535,2.114193,0.5118939,0.3348764,1.998369,0.4950494,0.1850725,1.903958,0.4406686,-0.2262617,2.089645,0.4637151,0.772081,2.09516
72057594038042242,0,1.006461,106256.7,0.4450682,0.3289776,2.030847,0.4713494,0.9464146,2.130793,0.4011869,0.7472589,2.094651,0.4041545,0.503792,2.006424,0.4866358,0.2751622,1.932917,0.4894206,0.2273288,1.930889,0.5146142,0.7180896,2.032258,0.5342159,0.5334992,1.985563,0.4723053,0.3593536,1.945933,0.4750762,0.2947615,1.949558,0.3752812,0.3234781,2.007443,0.4045291,0.03210133,2.066137,0.3898161,-0.2977535,2.114193,0.5118939,0.3348764,1.998369,0.4950494,0.1850725,1.903958,0.4406686,-0.2262617,2.089645,0.4637151,0.772081,2.09516
72057594038042242,0,1.006461,106256.7,0.4450682,0.3289776,2.030847,0.4713494,0.9464146,2.130793,0.4011869,0.7472589,2.094651,0.4041545,0.503792,2.006424,0.4866358,0.2751622,1.932917,0.4894206,0.2273288,1.930889,0.5146142,0.7180896,2.032258,0.5342159,0.5334992,1.985563,0.4723053,0.3593536,1.945933,0.4750762,0.2947615,1.949558,0.3752812,0.3234781,2.007443,0.4045291,0.03210133,2.066137,0.3898161,-0.2977535,2.114193,0.5118939,0.3348764,1.998369,0.4950494,0.1850725,1.903958,0.4406686,-0.2262617,2.089645,0.4637151,0.772081,2.09516
72057594038042242,0,1.01625,106256.7,0.4564597,0.3190687,2.03218,0.4722672,0.9445789,2.123217,0.4003167,0.717635,2.081102,0.4260044,0.4736621,2.000212,0.4935099,0.2543588,1.927873,0.4892908,0.2174969,1.92765,0.5094435,0.7908456,2.034004,0.5248515,0.5970441,1.995465,0.4803602,0.3708047,1.946005,0.4756455,0.3037167,1.945278,0.3925862,0.2990826,2.016156,0.4175945,0.004191488,2.063673,0.4028083,-0.3255058,2.111724,0.514882,0.3336718,1.994607,0.4937564,0.1843386,1.907729,0.4393145,-0.2270252,2.093476,0.4661105,0.7689972,2.089057
72057594038042242,0,1.01625,106256.7,0.4564597,0.3190687,2.03218,0.4722672,0.9445789,2.123217,0.4003167,0.717635,2.081102,0.4260044,0.4736621,2.000212,0.4935099,0.2543588,1.927873,0.4892908,0.2174969,1.92765,0.5094435,0.7908456,2.034004,0.5248515,0.5970441,1.995465,0.4803602,0.3708047,1.946005,0.4756455,0.3037167,1.945278,0.3925862,0.2990826,2.016156,0.4175945,0.004191488,2.063673,0.4028083,-0.3255058,2.111724,0.514882,0.3336718,1.994607,0.4937564,0.1843386,1.907729,0.4393145,-0.2270252,2.093476,0.4661105,0.7689972,2.089057
72057594038042242,0,1.01625,106256.7,0.4564597,0.3190687,2.03218,0.4722672,0.9445789,2.123217,0.4003167,0.717635,2.081102,0.4260044,0.4736621,2.000212,0.4935099,0.2543588,1.927873,0.4892908,0.2174969,1.92765,0.5094435,0.7908456,2.034004,0.5248515,0.5970441,1.995465,0.4803602,0.3708047,1.946005,0.4756455,0.3037167,1.945278,0.3925862,0.2990826,2.016156,0.4175945,0.004191488,2.063673,0.4028083,-0.3255058,2.111724,0.514882,0.3336718,1.994607,0.4937564,0.1843386,1.907729,0.4393145,-0.2270252,2.093476,0.4661105,0.7689972,2.089057
72057594038042242,0,1.01625,106256.7,0.4564597,0.3190687,2.03218,0.4722672,0.9445789,2.123217,0.4003167,0.717635,2.081102,0.4260044,0.4736621,2.000212,0.4935099,0.2543588,1.927873,0.4892908,0.2174969,1.92765,0.5094435,0.7908456,2.034004,0.5248515,0.5970441,1.995465,0.4803602,0.3708047,1.946005,0.4756455,0.3037167,1.945278,0.3925862,0.2990826,2.016156,0.4175945,0.004191488,2.063673,0.4028083,-0.3255058,2.111724,0.514882,0.3336718,1.994607,0.4937564,0.1843386,1.907729,0.4393145,-0.2270252,2.093476,0.4661105,0.7689972,2.089057
72057594038042242,0,1.01625,106256.7,0.4564597,0.3190687,2.03218,0.4722672,0.9445789,2.123217,0.4003167,0.717635,2.081102,0.4260044,0.4736621,2.000212,0.4935099,0.2543588,1.927873,0.4892908,0.2174969,1.92765,0.5094435,0.7908456,2.034004,0.5248515,0.5970441,1.995465,0.4803602,0.3708047,1.946005,0.4756455,0.3037167,1.945278,0.3925862,0.2990826,2.016156,0.4175945,0.004191488,2.063673,0.4028083,-0.3255058,2.111724,0.514882,0.3336718,1.994607,0.4937564,0.1843386,1.907729,0.4393145,-0.2270252,2.093476,0.4661105,0.7689972,2.089057
72057594038042242,0,1.01625,106256.7,0.4564597,0.3190687,2.03218,0.4722672,0.9445789,2.123217,0.4003167,0.717635,2.081102,0.4260044,0.4736621,2.000212,0.4935099,0.2543588,1.927873,0.4892908,0.2174969,1.92765,0.5094435,0.7908456,2.034004,0.5248515,0.5970441,1.995465,0.4803602,0.3708047,1.946005,0.4756455,0.3037167,1.945278,0.3925862,0.2990826,2.016156,0.4175945,0.004191488,2.063673,0.4028083,-0.3255058,2.111724,0.514882,0.3336718,1.994607,0.4937564,0.1843386,1.907729,0.4393145,-0.2270252,2.093476,0.4661105,0.7689972,2.089057
72057594038042242,0,1.01625,106256.7,0.4564597,0.3190687,2.03218,0.4722672,0.9445789,2.123217,0.4003167,0.717635,2.081102,0.4260044,0.4736621,2.000212,0.4935099,0.2543588,1.927873,0.4892908,0.2174969,1.92765,0.5094435,0.7908456,2.034004,0.5248515,0.5970441,1.995465,0.4803602,0.3708047,1.946005,0.4756455,0.3037167,1.945278,0.3925862,0.2990826,2.016156,0.4175945,0.004191488,2.063673,0.4028083,-0.3255058,2.111724,0.514882,0.3336718,1.994607,0.4937564,0.1843386,1.907729,0.4393145,-0.2270252,2.093476,0.4661105,0.7689972,2.089057
72057594038042242,0,1.01625,106256.7,0.4564597,0.3190687,2.03218,0.4722672,0.9445789,2.123217,0.4003167,0.717635,2.081102,0.4260044,0.4736621,2.000212,0.4935099,0.2543588,1.927873,0.4892908,0.2174969,1.92765,0.5094435,0.7908456,2.034004,0.5248515,0.5970441,1.995465,0.4803602,0.3708047,1.946005,0.4756455,0.3037167,1.945278,0.3925862,0.2990826,2.016156,0.4175945,0.004191488,2.063673,0.4028083,-0.3255058,2.111724,0.514882,0.3336718,1.994607,0.4937564,0.1843386,1.907729,0.4393145,-0.2270252,2.093476,0.4661105,0.7689972,2.089057
72057594038042242,0,1.01625,106256.7,0.4564597,0.3190687,2.03218,0.4722672,0.9445789,2.123217,0.4003167,0.717635,2.081102,0.4260044,0.4736621,2.000212,0.4935099,0.2543588,1.927873,0.4892908,0.2174969,1.92765,0.5094435,0.7908456,2.034004,0.5248515,0.5970441,1.995465,0.4803602,0.3708047,1.946005,0.4756455,0.3037167,1.945278,0.3925862,0.2990826,2.016156,0.4175945,0.004191488,2.063673,0.4028083,-0.3255058,2.111724,0.514882,0.3336718,1.994607,0.4937564,0.1843386,1.907729,0.4393145,-0.2270252,2.093476,0.4661105,0.7689972,2.089057
72057594038042242,0,1.01625,106256.7,0.4564597,0.3190687,2.03218,0.4722672,0.9445789,2.123217,0.4003167,0.717635,2.081102,0.4260044,0.4736621,2.000212,0.4935099,0.2543588,1.927873,0.4892908,0.2174969,1.92765,0.5094435,0.7908456,2.034004,0.5248515,0.5970441,1.995465,0.4803602,0.3708047,1.946005,0.4756455,0.3037167,1.945278,0.3925862,0.2990826,2.016156,0.4175945,0.004191488,2.063673,0.4028083,-0.3255058,2.111724,0.514882,0.3336718,1.994607,0.4937564,0.1843386,1.907729,0.4393145,-0.2270252,2.093476,0.4661105,0.7689972,2.089057
72057594038042242,0,1.01625,106256.7,0.4564597,0.3190687,2.03218,0.4722672,0.9445789,2.123217,0.4003167,0.717635,2.081102,0.4260044,0.4736621,2.000212,0.4935099,0.2543588,1.927873,0.4892908,0.2174969,1.92765,0.5094435,0.7908456,2.034004,0.5248515,0.5970441,1.995465,0.4803602,0.3708047,1.946005,0.4756455,0.3037167,1.945278,0.3925862,0.2990826,2.016156,0.4175945,0.004191488,2.063673,0.4028083,-0.3255058,2.111724,0.514882,0.3336718,1.994607,0.4937564,0.1843386,1.907729,0.4393145,-0.2270252,2.093476,0.4661105,0.7689972,2.089057
72057594038042242,0,1.018062,106256.7,0.4575669,0.3179215,2.031221,0.4718549,0.9427606,2.114882,0.4538943,0.6837389,2.054159,0.3806144,0.439112,2.031277,0.4940882,0.2461814,1.923088,0.496246,0.2147705,1.914335,0.509413,0.7908181,2.033837,0.5306568,0.6056979,1.988051,0.4876411,0.3873332,1.941379,0.4757963,0.3182669,1.937582,0.4079374,0.2986314,2.013406,0.4143934,0.00330928,2.064315,0.3996234,-0.3263918,2.11236,0.5015476,0.3314925,1.987237,0.4944911,0.1833626,1.907688,0.4400198,-0.2280024,2.093436,0.4668867,0.767597,2.086378
72057594038042242,0,1.018062,106256.7,0.4575669,0.3179215,2.031221,0.4718549,0.9427606,2.114882,0.4538943,0.6837389,2.054159,0.3806144,0.439112,2.031277,0.4940882,0.2461814,1.923088,0.496246,0.2147705,1.914335,0.509413,0.7908181,2.033837,0.5306568,0.6056979,1.988051,0.4876411,0.3873332,1.941379,0.4757963,0.3182669,1.937582,0.4079374,0.2986314,2.013406,0.4143934,0.00330928,2.064315,0.3996234,-0.3263918,2.11236,0.5015476,0.3314925,1.987237,0.4944911,0.1833626,1.907688,0.4400198,-0.2280024,2.093436,0.4668867,0.767597,2.086378
72057594038042242,0,1.018062,106256.7,0.4575669,0.3179215,2.031221,0.4718549,0.9427606,2.114882,0.4538943,0.6837389,2.054159,0.3806144,0.439112,2.031277,0.4940882,0.2461814,1.923088,0.496246,0.2147705,1.914335,0.509413,0.7908181,2.033837,0.5306568,0.6056979,1.988051,0.4876411,0.3873332,1.941379,0.4757963,0.3182669,1.937582,0.4079374,0.2986314,2.013406,0.4143934,0.00330928,2.064315,0.3996234,-0.3263918,2.11236,0.5015476,0.3314925,1.987237,0.4944911,0.1833626,1.907688,0.4400198,-0.2280024,2.093436,0.4668867,0.767597,2.086378
72057594038042242,0,1.018062,106256.7,0.4575669,0.3179215,2.031221,0.4718549,0.9427606,2.114882,0.4538943,0.6837389,2.054159,0.3806144,0.439112,2.031277,0.4940882,0.2461814,1.923088,0.496246,0.2147705,1.914335,0.509413,0.7908181,2.033837,0.5306568,0.6056979,1.988051,0.4876411,0.3873332,1.941379,0.4757963,0.3182669,1.937582,0.4079374,0.2986314,2.013406,0.4143934,0.00330928,2.064315,0.3996234,-0.3263918,2.11236,0.5015476,0.3314925,1.987237,0.4944911,0.1833626,1.907688,0.4400198,-0.2280024,2.093436,0.4668867,0.767597,2.086378
72057594038042242,0,1.018062,106256.7,0.4575669,0.3179215,2.031221,0.4718549,0.9427606,2.114882,0.4538943,0.6837389,2.054159,0.3806144,0.439112,2.031277,0.4940882,0.2461814,1.923088,0.496246,0.2147705,1.914335,0.509413,0.7908181,2.033837,0.5306568,0.6056979,1.988051,0.4876411,0.3873332,1.941379,0.4757963,0.3182669,1.937582,0.4079374,0.2986314,2.013406,0.4143934,0.00330928,2.064315,0.3996234,-0.3263918,2.11236,0.5015476,0.3314925,1.987237,0.4944911,0.1833626,1.907688,0.4400198,-0.2280024,2.093436,0.4668867,0.767597,2.086378
72057594038042242,0,1.018062,106256.7,0.4575669,0.3179215,2.031221,0.4718549,0.9427606,2.114882,0.4538943,0.6837389,2.054159,0.3806144,0.439112,2.031277,0.4940882,0.2461814,1.923088,0.496246,0.2147705,1.914335,0.509413,0.7908181,2.033837,0.5306568,0.6056979,1.988051,0.4876411,0.3873332,1.941379,0.4757963,0.3182669,1.937582,0.4079374,0.2986314,2.013406,0.4143934,0.00330928,2.064315,0.3996234,-0.3263918,2.11236,0.5015476,0.3314925,1.987237,0.4944911,0.1833626,1.907688,0.4400198,-0.2280024,2.093436,0.4668867,0.767597,2.086378
72057594038042242,0,1.018062,106256.7,0.4575669,0.3179215,2.031221,0.4718549,0.9427606,2.114882,0.4538943,0.6837389,2.054159,0.3806144,0.439112,2.031277,0.4940882,0.2461814,1.923088,0.496246,0.2147705,1.914335,0.509413,0.7908181,2.033837,0.5306568,0.6056979,1.988051,0.4876411,0.3873332,1.941379,0.4757963,0.3182669,1.937582,0.4079374,0.2986314,2.013406,0.4143934,0.00330928,2.064315,0.3996234,-0.3263918,2.11236,0.5015476,0.3314925,1.987237,0.4944911,0.1833626,1.907688,0.4400198,-0.2280024,2.093436,0.4668867,0.767597,2.086378
72057594038042242,0,1.018062,106256.7,0.4575669,0.3179215,2.031221,0.4718549,0.9427606,2.114882,0.4538943,0.6837389,2.054159,0.3806144,0.439112,2.031277,0.4940882,0.2461814,1.923088,0.496246,0.2147705,1.914335,0.509413,0.7908181,2.033837,0.5306568,0.6056979,1.988051,0.4876411,0.3873332,1.941379,0.4757963,0.3182669,1.937582,0.4079374,0.2986314,2.013406,0.4143934,0.00330928,2.064315,0.3996234,-0.3263918,2.11236,0.5015476,0.3314925,1.987237,0.4944911,0.1833626,1.907688,0.4400198,-0.2280024,2.093436,0.4668867,0.767597,2.086378
72057594038042242,0,1.018062,106256.7,0.4575669,0.3179215,2.031221,0.4718549,0.9427606,2.114882,0.4538943,0.6837389,2.054159,0.3806144,0.439112,2.031277,0.4940882,0.2461814,1.923088,0.496246,0.2147705,1.914335,0.509413,0.7908181,2.033837,0.5306568,0.6056979,1.988051,0.4876411,0.3873332,1.941379,0.4757963,0.3182669,1.937582,0.4079374,0.2986314,2.013406,0.4143934,0.00330928,2.064315,0.3996234,-0.3263918,2.11236,0.5015476,0.3314925,1.987237,0.4944911,0.1833626,1.907688,0.4400198,-0.2280024,2.093436,0.4668867,0.767597,2.086378
72057594038042242,0,1.018062,106256.7,0.4575669,0.3179215,2.031221,0.4718549,0.9427606,2.114882,0.4538943,0.6837389,2.054159,0.3806144,0.439112,2.031277,0.4940882,0.2461814,1.923088,0.496246,0.2147705,1.914335,0.509413,0.7908181,2.033837,0.5306568,0.6056979,1.988051,0.4876411,0.3873332,1.941379,0.4757963,0.3182669,1.937582,0.4079374,0.2986314,2.013406,0.4143934,0.00330928,2.064315,0.3996234,-0.3263918,2.11236,0.5015476,0.3314925,1.987237,0.4944911,0.1833626,1.907688,0.4400198,-0.2280024,2.093436,0.4668867,0.767597,2.086378
72057594038042242,0,1.018231,106256.7,0.4612992,0.3177561,2.033639,0.4713632,0.9425883,2.1102,0.3938851,0.7162981,2.073847,0.3702393,0.4907622,2.03773,0.4844826,0.3179719,1.924718,0.4948999,0.2730403,1.915829,0.512063,0.7918266,2.025879,0.5312176,0.5919934,1.981629,0.4806361,0.3465421,1.938173,0.4748322,0.2442241,1.925128,0.4014228,0.2963539,2.016842,0.4201694,0.0008791387,2.064295,0.4053695,-0.3288156,2.112348,0.5262822,0.3403721,1.992718,0.4772937,0.2306123,1.951591,0.4229126,-0.1810875,2.137392,0.4696641,0.7664951,2.078999
72057594038042242,0,1.018231,106256.7,0.4612992,0.3177561,2.033639,0.4713632,0.9425883,2.1102,0.3938851,0.7162981,2.073847,0.3702393,0.4907622,2.03773,0.4844826,0.3179719,1.924718,0.4948999,0.2730403,1.915829,0.512063,0.7918266,2.025879,0.5312176,0.5919934,1.981629,0.4806361,0.3465421,1.938173,0.4748322,0.2442241,1.925128,0.4014228,0.2963539,2.016842,0.4201694,0.0008791387,2.064295,0.4053695,-0.3288156,2.112348,0.5262822,0.3403721,1.992718,0.4772937,0.2306123,1.951591,0.4229126,-0.1810875,2.137392,0.4696641,0.7664951,2.078999
72057594038042242,0,1.018231,106256.7,0.4612992,0.3177561,2.033639,0.4713632,0.9425883,2.1102,0.3938851,0.7162981,2.073847,0.3702393,0.4907622,2.03773,0.4844826,0.3179719,1.924718,0.4948999,0.2730403,1.915829,0.512063,0.7918266,2.025879,0.5312176,0.5919934,1.981629,0.4806361,0.3465421,1.938173,0.4748322,0.2442241,1.925128,0.4014228,0.2963539,2.016842,0.4201694,0.0008791387,2.064295,0.4053695,-0.3288156,2.112348,0.5262822,0.3403721,1.992718,0.4772937,0.2306123,1.951591,0.4229126,-0.1810875,2.137392,0.4696641,0.7664951,2.078999
72057594038042242,0,1.018231,106256.7,0.4612992,0.3177561,2.033639,0.4713632,0.9425883,2.1102,0.3938851,0.7162981,2.073847,0.3702393,0.4907622,2.03773,0.4844826,0.3179719,1.924718,0.4948999,0.2730403,1.915829,0.512063,0.7918266,2.025879,0.5312176,0.5919934,1.981629,0.4806361,0.3465421,1.938173,0.4748322,0.2442241,1.925128,0.4014228,0.2963539,2.016842,0.4201694,0.0008791387,2.064295,0.4053695,-0.3288156,2.112348,0.5262822,0.3403721,1.992718,0.4772937,0.2306123,1.951591,0.4229126,-0.1810875,2.137392,0.4696641,0.7664951,2.078999
72057594038042242,0,1.018231,106256.7,0.4612992,0.3177561,2.033639,0.4713632,0.9425883,2.1102,0.3938851,0.7162981,2.073847,0.3702393,0.4907622,2.03773,0.4844826,0.3179719,1.924718,0.4948999,0.2730403,1.915829,0.512063,0.7918266,2.025879,0.5312176,0.5919934,1.981629,0.4806361,0.3465421,1.938173,0.4748322,0.2442241,1.925128,0.4014228,0.2963539,2.016842,0.4201694,0.0008791387,2.064295,0.4053695,-0.3288156,2.112348,0.5262822,0.3403721,1.992718,0.4772937,0.2306123,1.951591,0.4229126,-0.1810875,2.137392,0.4696641,0.7664951,2.078999
72057594038042242,0,1.018231,106256.8,0.4612992,0.3177561,2.033639,0.4713632,0.9425883,2.1102,0.3938851,0.7162981,2.073847,0.3702393,0.4907622,2.03773,0.4844826,0.3179719,1.924718,0.4948999,0.2730403,1.915829,0.512063,0.7918266,2.025879,0.5312176,0.5919934,1.981629,0.4806361,0.3465421,1.938173,0.4748322,0.2442241,1.925128,0.4014228,0.2963539,2.016842,0.4201694,0.0008791387,2.064295,0.4053695,-0.3288156,2.112348,0.5262822,0.3403721,1.992718,0.4772937,0.2306123,1.951591,0.4229126,-0.1810875,2.137392,0.4696641,0.7664951,2.078999
72057594038042242,0,1.018231,106256.8,0.4612992,0.3177561,2.033639,0.4713632,0.9425883,2.1102,0.3938851,0.7162981,2.073847,0.3702393,0.4907622,2.03773,0.4844826,0.3179719,1.924718,0.4948999,0.2730403,1.915829,0.512063,0.7918266,2.025879,0.5312176,0.5919934,1.981629,0.4806361,0.3465421,1.938173,0.4748322,0.2442241,1.925128,0.4014228,0.2963539,2.016842,0.4201694,0.0008791387,2.064295,0.4053695,-0.3288156,2.112348,0.5262822,0.3403721,1.992718,0.4772937,0.2306123,1.951591,0.4229126,-0.1810875,2.137392,0.4696641,0.7664951,2.078999
72057594038042242,0,1.018231,106256.8,0.4612992,0.3177561,2.033639,0.4713632,0.9425883,2.1102,0.3938851,0.7162981,2.073847,0.3702393,0.4907622,2.03773,0.4844826,0.3179719,1.924718,0.4948999,0.2730403,1.915829,0.512063,0.7918266,2.025879,0.5312176,0.5919934,1.981629,0.4806361,0.3465421,1.938173,0.4748322,0.2442241,1.925128,0.4014228,0.2963539,2.016842,0.4201694,0.0008791387,2.064295,0.4053695,-0.3288156,2.112348,0.5262822,0.3403721,1.992718,0.4772937,0.2306123,1.951591,0.4229126,-0.1810875,2.137392,0.4696641,0.7664951,2.078999
72057594038042242,0,1.018231,106256.8,0.4612992,0.3177561,2.033639,0.4713632,0.9425883,2.1102,0.3938851,0.7162981,2.073847,0.3702393,0.4907622,2.03773,0.4844826,0.3179719,1.924718,0.4948999,0.2730403,1.915829,0.512063,0.7918266,2.025879,0.5312176,0.5919934,1.981629,0.4806361,0.3465421,1.938173,0.4748322,0.2442241,1.925128,0.4014228,0.2963539,2.016842,0.4201694,0.0008791387,2.064295,0.4053695,-0.3288156,2.112348,0.5262822,0.3403721,1.992718,0.4772937,0.2306123,1.951591,0.4229126,-0.1810875,2.137392,0.4696641,0.7664951,2.078999
72057594038042242,0,1.018231,106256.8,0.4612992,0.3177561,2.033639,0.4713632,0.9425883,2.1102,0.3938851,0.7162981,2.073847,0.3702393,0.4907622,2.03773,0.4844826,0.3179719,1.924718,0.4948999,0.2730403,1.915829,0.512063,0.7918266,2.025879,0.5312176,0.5919934,1.981629,0.4806361,0.3465421,1.938173,0.4748322,0.2442241,1.925128,0.4014228,0.2963539,2.016842,0.4201694,0.0008791387,2.064295,0.4053695,-0.3288156,2.112348,0.5262822,0.3403721,1.992718,0.4772937,0.2306123,1.951591,0.4229126,-0.1810875,2.137392,0.4696641,0.7664951,2.078999
72057594038042242,0,1.018231,106256.8,0.4612992,0.3177561,2.033639,0.4713632,0.9425883,2.1102,0.3938851,0.7162981,2.073847,0.3702393,0.4907622,2.03773,0.4844826,0.3179719,1.924718,0.4948999,0.2730403,1.915829,0.512063,0.7918266,2.025879,0.5312176,0.5919934,1.981629,0.4806361,0.3465421,1.938173,0.4748322,0.2442241,1.925128,0.4014228,0.2963539,2.016842,0.4201694,0.0008791387,2.064295,0.4053695,-0.3288156,2.112348,0.5262822,0.3403721,1.992718,0.4772937,0.2306123,1.951591,0.4229126,-0.1810875,2.137392,0.4696641,0.7664951,2.078999
72057594038042242,0,1.017814,106256.8,0.4624611,0.3181638,2.034714,0.4713811,0.9427198,2.103412,0.3922385,0.7134455,2.07361,0.3669852,0.5091454,2.043805,0.4812477,0.3362802,1.930813,0.4900548,0.2936679,1.909734,0.5119577,0.7916857,2.025575,0.5327901,0.5847766,1.977108,0.5015123,0.3812675,1.913939,0.4872476,0.3170675,1.914065,0.400709,0.2965751,2.016789,0.4219202,0.001277149,2.064086,0.407111,-0.3284285,2.112144,0.5263317,0.3409499,1.994229,0.4774952,0.2111963,1.941274,0.4230874,-0.2003828,2.127043,0.4697396,0.7666926,2.078705
72057594038042242,0,1.017814,106256.8,0.4624611,0.3181638,2.034714,0.4713811,0.9427198,2.103412,0.3922385,0.7134455,2.07361,0.3669852,0.5091454,2.043805,0.4812477,0.3362802,1.930813,0.4900548,0.2936679,1.909734,0.5119577,0.7916857,2.025575,0.5327901,0.5847766,1.977108,0.5015123,0.3812675,1.913939,0.4872476,0.3170675,1.914065,0.400709,0.2965751,2.016789,0.4219202,0.001277149,2.064086,0.407111,-0.3284285,2.112144,0.5263317,0.3409499,1.994229,0.4774952,0.2111963,1.941274,0.4230874,-0.2003828,2.127043,0.4697396,0.7666926,2.078705
72057594038042242,0,1.017814,106256.8,0.4624611,0.3181638,2.034714,0.4713811,0.9427198,2.103412,0.3922385,0.7134455,2.07361,0.3669852,0.5091454,2.043805,0.4812477,0.3362802,1.930813,0.4900548,0.2936679,1.909734,0.5119577,0.7916857,2.025575,0.5327901,0.5847766,1.977108,0.5015123,0.3812675,1.913939,0.4872476,0.3170675,1.914065,0.400709,0.2965751,2.016789,0.4219202,0.001277149,2.064086,0.407111,-0.3284285,2.112144,0.5263317,0.3409499,1.994229,0.4774952,0.2111963,1.941274,0.4230874,-0.2003828,2.127043,0.4697396,0.7666926,2.078705
72057594038042242,0,1.017814,106256.8,0.4624611,0.3181638,2.034714,0.4713811,0.9427198,2.103412,0.3922385,0.7134455,2.07361,0.3669852,0.5091454,2.043805,0.4812477,0.3362802,1.930813,0.4900548,0.2936679,1.909734,0.5119577,0.7916857,2.025575,0.5327901,0.5847766,1.977108,0.5015123,0.3812675,1.913939,0.4872476,0.3170675,1.914065,0.400709,0.2965751,2.016789,0.4219202,0.001277149,2.064086,0.407111,-0.3284285,2.112144,0.5263317,0.3409499,1.994229,0.4774952,0.2111963,1.941274,0.4230874,-0.2003828,2.127043,0.4697396,0.7666926,2.078705
72057594038042242,0,1.017814,106256.8,0.4624611,0.3181638,2.034714,0.4713811,0.9427198,2.103412,0.3922385,0.7134455,2.07361,0.3669852,0.5091454,2.043805,0.4812477,0.3362802,1.930813,0.4900548,0.2936679,1.909734,0.5119577,0.7916857,2.025575,0.5327901,0.5847766,1.977108,0.5015123,0.3812675,1.913939,0.4872476,0.3170675,1.914065,0.400709,0.2965751,2.016789,0.4219202,0.001277149,2.064086,0.407111,-0.3284285,2.112144,0.5263317,0.3409499,1.994229,0.4774952,0.2111963,1.941274,0.4230874,-0.2003828,2.127043,0.4697396,0.7666926,2.078705
72057594038042242,0,1.017814,106256.8,0.4624611,0.3181638,2.034714,0.4713811,0.9427198,2.103412,0.3922385,0.7134455,2.07361,0.3669852,0.5091454,2.043805,0.4812477,0.3362802,1.930813,0.4900548,0.2936679,1.909734,0.5119577,0.7916857,2.025575,0.5327901,0.5847766,1.977108,0.5015123,0.3812675,1.913939,0.4872476,0.3170675,1.914065,0.400709,0.2965751,2.016789,0.4219202,0.001277149,2.064086,0.407111,-0.3284285,2.112144,0.5263317,0.3409499,1.994229,0.4774952,0.2111963,1.941274,0.4230874,-0.2003828,2.127043,0.4697396,0.7666926,2.078705
72057594038042242,0,1.017814,106256.8,0.4624611,0.3181638,2.034714,0.4713811,0.9427198,2.103412,0.3922385,0.7134455,2.07361,0.3669852,0.5091454,2.043805,0.4812477,0.3362802,1.930813,0.4900548,0.2936679,1.909734,0.5119577,0.7916857,2.025575,0.5327901,0.5847766,1.977108,0.5015123,0.3812675,1.913939,0.4872476,0.3170675,1.914065,0.400709,0.2965751,2.016789,0.4219202,0.001277149,2.064086,0.407111,-0.3284285,2.112144,0.5263317,0.3409499,1.994229,0.4774952,0.2111963,1.941274,0.4230874,-0.2003828,2.127043,0.4697396,0.7666926,2.078705
72057594038042242,0,1.017814,106256.8,0.4624611,0.3181638,2.034714,0.4713811,0.9427198,2.103412,0.3922385,0.7134455,2.07361,0.3669852,0.5091454,2.043805,0.4812477,0.3362802,1.930813,0.4900548,0.2936679,1.909734,0.5119577,0.7916857,2.025575,0.5327901,0.5847766,1.977108,0.5015123,0.3812675,1.913939,0.4872476,0.3170675,1.914065,0.400709,0.2965751,2.016789,0.4219202,0.001277149,2.064086,0.407111,-0.3284285,2.112144,0.5263317,0.3409499,1.994229,0.4774952,0.2111963,1.941274,0.4230874,-0.2003828,2.127043,0.4697396,0.7666926,2.078705
72057594038042242,0,1.017814,106256.8,0.4624611,0.3181638,2.034714,0.4713811,0.9427198,2.103412,0.3922385,0.7134455,2.07361,0.3669852,0.5091454,2.043805,0.4812477,0.3362802,1.930813,0.4900548,0.2936679,1.909734,0.5119577,0.7916857,2.025575,0.5327901,0.5847766,1.977108,0.5015123,0.3812675,1.913939,0.4872476,0.3170675,1.914065,0.400709,0.2965751,2.016789,0.4219202,0.001277149,2.064086,0.407111,-0.3284285,2.112144,0.5263317,0.3409499,1.994229,0.4774952,0.2111963,1.941274,0.4230874,-0.2003828,2.127043,0.4697396,0.7666926,2.078705
72057594038042242,0,1.017642,106256.8,0.4615712,0.3174479,2.034928,0.4706036,0.9447007,2.098843,0.3915664,0.7153798,2.073263,0.3639031,0.511365,2.048458,0.4781806,0.3384944,1.935467,0.4855293,0.299622,1.901913,0.5105367,0.7134575,2.001007,0.5212182,0.5266545,1.957127,0.4615787,0.2895705,1.916941,0.4671158,0.2421735,1.909974,0.386435,0.2980625,2.011694,0.4367697,0.03929478,1.986539,0.4379513,-0.2409055,1.989491,0.5260105,0.3376179,1.996758,0.4723938,0.2173146,1.942284,0.4431571,-0.2349734,1.987543,0.4694428,0.7680246,2.071998
72057594038042242,0,1.017642,106256.8,0.4615712,0.3174479,2.034928,0.4706036,0.9447007,2.098843,0.3915664,0.7153798,2.073263,0.3639031,0.511365,2.048458,0.4781806,0.3384944,1.935467,0.4855293,0.299622,1.901913,0.5105367,0.7134575,2.001007,0.5212182,0.5266545,1.957127,0.4615787,0.2895705,1.916941,0.4671158,0.2421735,1.909974,0.386435,0.2980625,2.011694,0.4367697,0.03929478,1.986539,0.4379513,-0.2409055,1.989491,0.5260105,0.3376179,1.996758,0.4723938,0.2173146,1.942284,0.4431571,-0.2349734,1.987543,0.4694428,0.7680246,2.071998
72057594038042242,0,1.017642,106256.8,0.4615712,0.3174479,2.034928,0.4706036,0.9447007,2.098843,0.3915664,0.7153798,2.073263,0.3639031,0.511365,2.048458,0.4781806,0.3384944,1.935467,0.4855293,0.299622,1.901913,0.5105367,0.7134575,2.001007,0.5212182,0.5266545,1.957127,0.4615787,0.2895705,1.916941,0.4671158,0.2421735,1.909974,0.386435,0.2980625,2.011694,0.4367697,0.03929478,1.986539,0.4379513,-0.2409055,1.989491,0.5260105,0.3376179,1.996758,0.4723938,0.2173146,1.942284,0.4431571,-0.2349734,1.987543,0.4694428,0.7680246,2.071998
72057594038042242,0,1.017642,106256.8,0.4615712,0.3174479,2.034928,0.4706036,0.9447007,2.098843,0.3915664,0.7153798,2.073263,0.3639031,0.511365,2.048458,0.4781806,0.3384944,1.935467,0.4855293,0.299622,1.901913,0.5105367,0.7134575,2.001007,0.5212182,0.5266545,1.957127,0.4615787,0.2895705,1.916941,0.4671158,0.2421735,1.909974,0.386435,0.2980625,2.011694,0.4367697,0.03929478,1.986539,0.4379513,-0.2409055,1.989491,0.5260105,0.3376179,1.996758,0.4723938,0.2173146,1.942284,0.4431571,-0.2349734,1.987543,0.4694428,0.7680246,2.071998
72057594038042242,0,1.017642,106256.8,0.4615712,0.3174479,2.034928,0.4706036,0.9447007,2.098843,0.3915664,0.7153798,2.073263,0.3639031,0.511365,2.048458,0.4781806,0.3384944,1.935467,0.4855293,0.299622,1.901913,0.5105367,0.7134575,2.001007,0.5212182,0.5266545,1.957127,0.4615787,0.2895705,1.916941,0.4671158,0.2421735,1.909974,0.386435,0.2980625,2.011694,0.4367697,0.03929478,1.986539,0.4379513,-0.2409055,1.989491,0.5260105,0.3376179,1.996758,0.4723938,0.2173146,1.942284,0.4431571,-0.2349734,1.987543,0.4694428,0.7680246,2.071998
72057594038042242,0,1.017642,106256.8,0.4615712,0.3174479,2.034928,0.4706036,0.9447007,2.098843,0.3915664,0.7153798,2.073263,0.3639031,0.511365,2.048458,0.4781806,0.3384944,1.935467,0.4855293,0.299622,1.901913,0.5105367,0.7134575,2.001007,0.5212182,0.5266545,1.957127,0.4615787,0.2895705,1.916941,0.4671158,0.2421735,1.909974,0.386435,0.2980625,2.011694,0.4367697,0.03929478,1.986539,0.4379513,-0.2409055,1.989491,0.5260105,0.3376179,1.996758,0.4723938,0.2173146,1.942284,0.4431571,-0.2349734,1.987543,0.4694428,0.7680246,2.071998
72057594038042242,0,1.017642,106256.8,0.4615712,0.3174479,2.034928,0.4706036,0.9447007,2.098843,0.3915664,0.7153798,2.073263,0.3639031,0.511365,2.048458,0.4781806,0.3384944,1.935467,0.4855293,0.299622,1.901913,0.5105367,0.7134575,2.001007,0.5212182,0.5266545,1.957127,0.4615787,0.2895705,1.916941,0.4671158,0.2421735,1.909974,0.386435,0.2980625,2.011694,0.4367697,0.03929478,1.986539,0.4379513,-0.2409055,1.989491,0.5260105,0.3376179,1.996758,0.4723938,0.2173146,1.942284,0.4431571,-0.2349734,1.987543,0.4694428,0.7680246,2.071998
72057594038042242,0,1.017642,106256.8,0.4615712,0.3174479,2.034928,0.4706036,0.9447007,2.098843,0.3915664,0.7153798,2.073263,0.3639031,0.511365,2.048458,0.4781806,0.3384944,1.935467,0.4855293,0.299622,1.901913,0.5105367,0.7134575,2.001007,0.5212182,0.5266545,1.957127,0.4615787,0.2895705,1.916941,0.4671158,0.2421735,1.909974,0.386435,0.2980625,2.011694,0.4367697,0.03929478,1.986539,0.4379513,-0.2409055,1.989491,0.5260105,0.3376179,1.996758,0.4723938,0.2173146,1.942284,0.4431571,-0.2349734,1.987543,0.4694428,0.7680246,2.071998
72057594038042242,0,1.017642,106256.8,0.4615712,0.3174479,2.034928,0.4706036,0.9447007,2.098843,0.3915664,0.7153798,2.073263,0.3639031,0.511365,2.048458,0.4781806,0.3384944,1.935467,0.4855293,0.299622,1.901913,0.5105367,0.7134575,2.001007,0.5212182,0.5266545,1.957127,0.4615787,0.2895705,1.916941,0.4671158,0.2421735,1.909974,0.386435,0.2980625,2.011694,0.4367697,0.03929478,1.986539,0.4379513,-0.2409055,1.989491,0.5260105,0.3376179,1.996758,0.4723938,0.2173146,1.942284,0.4431571,-0.2349734,1.987543,0.4694428,0.7680246,2.071998
72057594038042242,0,1.017642,106256.8,0.4615712,0.3174479,2.034928,0.4706036,0.9447007,2.098843,0.3915664,0.7153798,2.073263,0.3639031,0.511365,2.048458,0.4781806,0.3384944,1.935467,0.4855293,0.299622,1.901913,0.5105367,0.7134575,2.001007,0.5212182,0.5266545,1.957127,0.4615787,0.2895705,1.916941,0.4671158,0.2421735,1.909974,0.386435,0.2980625,2.011694,0.4367697,0.03929478,1.986539,0.4379513,-0.2409055,1.989491,0.5260105,0.3376179,1.996758,0.4723938,0.2173146,1.942284,0.4431571,-0.2349734,1.987543,0.4694428,0.7680246,2.071998
72057594038042242,0,1.017642,106256.8,0.4615712,0.3174479,2.034928,0.4706036,0.9447007,2.098843,0.3915664,0.7153798,2.073263,0.3639031,0.511365,2.048458,0.4781806,0.3384944,1.935467,0.4855293,0.299622,1.901913,0.5105367,0.7134575,2.001007,0.5212182,0.5266545,1.957127,0.4615787,0.2895705,1.916941,0.4671158,0.2421735,1.909974,0.386435,0.2980625,2.011694,0.4367697,0.03929478,1.986539,0.4379513,-0.2409055,1.989491,0.5260105,0.3376179,1.996758,0.4723938,0.2173146,1.942284,0.4431571,-0.2349734,1.987543,0.4694428,0.7680246,2.071998
72057594038042242,0,1.028477,106256.8,0.468683,0.3107014,2.029467,0.4702064,0.9453346,2.094122,0.3904281,0.7150249,2.073069,0.3608132,0.5178253,2.052855,0.3407932,0.3342031,2.017146,0.3550666,0.3278987,2.031192,0.5109749,0.7134945,2.000232,0.5205659,0.5267839,1.956272,0.4575868,0.3073051,1.915787,0.4593389,0.2483745,1.911126,0.3893896,0.2900023,2.006576,0.4314441,-0.05318579,1.998003,0.4379898,-0.2398201,1.989501,0.5364411,0.3329154,1.990617,0.3141679,0.1090219,1.952196,0.2934248,-0.2266035,1.948467,0.4707588,0.767758,2.065281
72057594038042242,0,1.028477,106256.8,0.468683,0.3107014,2.029467,0.4702064,0.9453346,2.094122,0.3904281,0.7150249,2.073069,0.3608132,0.5178253,2.052855,0.3407932,0.3342031,2.017146,0.3550666,0.3278987,2.031192,0.5109749,0.7134945,2.000232,0.5205659,0.5267839,1.956272,0.4575868,0.3073051,1.915787,0.4593389,0.2483745,1.911126,0.3893896,0.2900023,2.006576,0.4314441,-0.05318579,1.998003,0.4379898,-0.2398201,1.989501,0.5364411,0.3329154,1.990617,0.3141679,0.1090219,1.952196,0.2934248,-0.2266035,1.948467,0.4707588,0.767758,2.065281
72057594038042242,0,1.028477,106256.8,0.468683,0.3107014,2.029467,0.4702064,0.9453346,2.094122,0.3904281,0.7150249,2.073069,0.3608132,0.5178253,2.052855,0.3407932,0.3342031,2.017146,0.3550666,0.3278987,2.031192,0.5109749,0.7134945,2.000232,0.5205659,0.5267839,1.956272,0.4575868,0.3073051,1.915787,0.4593389,0.2483745,1.911126,0.3893896,0.2900023,2.006576,0.4314441,-0.05318579,1.998003,0.4379898,-0.2398201,1.989501,0.5364411,0.3329154,1.990617,0.3141679,0.1090219,1.952196,0.2934248,-0.2266035,1.948467,0.4707588,0.767758,2.065281
72057594038042242,0,1.028477,106256.8,0.468683,0.3107014,2.029467,0.4702064,0.9453346,2.094122,0.3904281,0.7150249,2.073069,0.3608132,0.5178253,2.052855,0.3407932,0.3342031,2.017146,0.3550666,0.3278987,2.031192,0.5109749,0.7134945,2.000232,0.5205659,0.5267839,1.956272,0.4575868,0.3073051,1.915787,0.4593389,0.2483745,1.911126,0.3893896,0.2900023,2.006576,0.4314441,-0.05318579,1.998003,0.4379898,-0.2398201,1.989501,0.5364411,0.3329154,1.990617,0.3141679,0.1090219,1.952196,0.2934248,-0.2266035,1.948467,0.4707588,0.767758,2.065281
72057594038042242,0,1.028477,106256.8,0.468683,0.3107014,2.029467,0.4702064,0.9453346,2.094122,0.3904281,0.7150249,2.073069,0.3608132,0.5178253,2.052855,0.3407932,0.3342031,2.017146,0.3550666,0.3278987,2.031192,0.5109749,0.7134945,2.000232,0.5205659,0.5267839,1.956272,0.4575868,0.3073051,1.915787,0.4593389,0.2483745,1.911126,0.3893896,0.2900023,2.006576,0.4314441,-0.05318579,1.998003,0.4379898,-0.2398201,1.989501,0.5364411,0.3329154,1.990617,0.3141679,0.1090219,1.952196,0.2934248,-0.2266035,1.948467,0.4707588,0.767758,2.065281
72057594038042242,0,1.028477,106256.8,0.468683,0.3107014,2.029467,0.4702064,0.9453346,2.094122,0.3904281,0.7150249,2.073069,0.3608132,0.5178253,2.052855,0.3407932,0.3342031,2.017146,0.3550666,0.3278987,2.031192,0.5109749,0.7134945,2.000232,0.5205659,0.5267839,1.956272,0.4575868,0.3073051,1.915787,0.4593389,0.2483745,1.911126,0.3893896,0.2900023,2.006576,0.4314441,-0.05318579,1.998003,0.4379898,-0.2398201,1.989501,0.5364411,0.3329154,1.990617,0.3141679,0.1090219,1.952196,0.2934248,-0.2266035,1.948467,0.4707588,0.767758,2.065281
72057594038042242,0,1.028477,106256.8,0.468683,0.3107014,2.029467,0.4702064,0.9453346,2.094122,0.3904281,0.7150249,2.073069,0.3608132,0.5178253,2.052855,0.3407932,0.3342031,2.017146,0.3550666,0.3278987,2.031192,0.5109749,0.7134945,2.000232,0.5205659,0.5267839,1.956272,0.4575868,0.3073051,1.915787,0.4593389,0.2483745,1.911126,0.3893896,0.2900023,2.006576,0.4314441,-0.05318579,1.998003,0.4379898,-0.2398201,1.989501,0.5364411,0.3329154,1.990617,0.3141679,0.1090219,1.952196,0.2934248,-0.2266035,1.948467,0.4707588,0.767758,2.065281
72057594038042242,0,1.028477,106256.9,0.468683,0.3107014,2.029467,0.4702064,0.9453346,2.094122,0.3904281,0.7150249,2.073069,0.3608132,0.5178253,2.052855,0.3407932,0.3342031,2.017146,0.3550666,0.3278987,2.031192,0.5109749,0.7134945,2.000232,0.5205659,0.5267839,1.956272,0.4575868,0.3073051,1.915787,0.4593389,0.2483745,1.911126,0.3893896,0.2900023,2.006576,0.4314441,-0.05318579,1.998003,0.4379898,-0.2398201,1.989501,0.5364411,0.3329154,1.990617,0.3141679,0.1090219,1.952196,0.2934248,-0.2266035,1.948467,0.4707588,0.767758,2.065281
72057594038042242,0,1.028477,106256.9,0.468683,0.3107014,2.029467,0.4702064,0.9453346,2.094122,0.3904281,0.7150249,2.073069,0.3608132,0.5178253,2.052855,0.3407932,0.3342031,2.017146,0.3550666,0.3278987,2.031192,0.5109749,0.7134945,2.000232,0.5205659,0.5267839,1.956272,0.4575868,0.3073051,1.915787,0.4593389,0.2483745,1.911126,0.3893896,0.2900023,2.006576,0.4314441,-0.05318579,1.998003,0.4379898,-0.2398201,1.989501,0.5364411,0.3329154,1.990617,0.3141679,0.1090219,1.952196,0.2934248,-0.2266035,1.948467,0.4707588,0.767758,2.065281
72057594038042242,0,1.028477,106256.9,0.468683,0.3107014,2.029467,0.4702064,0.9453346,2.094122,0.3904281,0.7150249,2.073069,0.3608132,0.5178253,2.052855,0.3407932,0.3342031,2.017146,0.3550666,0.3278987,2.031192,0.5109749,0.7134945,2.000232,0.5205659,0.5267839,1.956272,0.4575868,0.3073051,1.915787,0.4593389,0.2483745,1.911126,0.3893896,0.2900023,2.006576,0.4314441,-0.05318579,1.998003,0.4379898,-0.2398201,1.989501,0.5364411,0.3329154,1.990617,0.3141679,0.1090219,1.952196,0.2934248,-0.2266035,1.948467,0.4707588,0.767758,2.065281
72057594038042242,0,1.028477,106256.9,0.468683,0.3107014,2.029467,0.4702064,0.9453346,2.094122,0.3904281,0.7150249,2.073069,0.3608132,0.5178253,2.052855,0.3407932,0.3342031,2.017146,0.3550666,0.3278987,2.031192,0.5109749,0.7134945,2.000232,0.5205659,0.5267839,1.956272,0.4575868,0.3073051,1.915787,0.4593389,0.2483745,1.911126,0.3893896,0.2900023,2.006576,0.4314441,-0.05318579,1.998003,0.4379898,-0.2398201,1.989501,0.5364411,0.3329154,1.990617,0.3141679,0.1090219,1.952196,0.2934248,-0.2266035,1.948467,0.4707588,0.767758,2.065281
72057594038042242,0,1.032267,106256.9,0.4714389,0.3087878,2.027385,0.4671617,0.944352,2.089939,0.389399,0.7163826,2.073598,0.3595188,0.519839,2.053867,0.340952,0.3360155,2.018528,0.3527358,0.3257917,2.039079,0.5111618,0.7128384,1.999335,0.5202564,0.5269902,1.954104,0.4570257,0.3255411,1.909259,0.4593707,0.2599558,1.904022,0.3914273,0.2870843,2.003345,0.4311197,-0.05319965,1.99841,0.4382545,-0.2382608,1.98784,0.5390753,0.3320278,1.989517,0.3131911,0.1116875,1.947929,0.2890996,-0.2237322,1.945138,0.4707274,0.7677728,2.06573
72057594038042242,0,1.032267,106256.9,0.4714389,0.3087878,2.027385,0.4671617,0.944352,2.089939,0.389399,0.7163826,2.073598,0.3595188,0.519839,2.053867,0.340952,0.3360155,2.018528,0.3527358,0.3257917,2.039079,0.5111618,0.7128384,1.999335,0.5202564,0.5269902,1.954104,0.4570257,0.3255411,1.909259,0.4593707,0.2599558,1.904022,0.3914273,0.2870843,2.003345,0.4311197,-0.05319965,1.99841,0.4382545,-0.2382608,1.98784,0.5390753,0.3320278,1.989517,0.3131911,0.1116875,1.947929,0.2890996,-0.2237322,1.945138,0.4707274,0.7677728,2.06573
72057594038042242,0,1.032267,106256.9,0.4714389,0.3087878,2.027385,0.4671617,0.944352,2.089939,0.389399,0.7163826,2.073598,0.3595188,0.519839,2.053867,0.340952,0.3360155,2.018528,0.3527358,0.3257917,2.039079,0.5111618,0.7128384,1.999335,0.5202564,0.5269902,1.954104,0.4570257,0.3255411,1.909259,0.4593707,0.2599558,1.904022,0.3914273,0.2870843,2.003345,0.4311197,-0.05319965,1.99841,0.4382545,-0.2382608,1.98784,0.5390753,0.3320278,1.989517,0.3131911,0.1116875,1.947929,0.2890996,-0.2237322,1.945138,0.4707274,0.7677728,2.06573
72057594038042242,0,1.032267,106256.9,0.4714389,0.3087878,2.027385,0.4671617,0.944352,2.089939,0.389399,0.7163826,2.073598,0.3595188,0.519839,2.053867,0.340952,0.3360155,2.018528,0.3527358,0.3257917,2.039079,0.5111618,0.7128384,1.999335,0.5202564,0.5269902,1.954104,0.4570257,0.3255411,1.909259,0.4593707,0.2599558,1.904022,0.3914273,0.2870843,2.003345,0.4311197,-0.05319965,1.99841,0.4382545,-0.2382608,1.98784,0.5390753,0.3320278,1.989517,0.3131911,0.1116875,1.947929,0.2890996,-0.2237322,1.945138,0.4707274,0.7677728,2.06573
72057594038042242,0,1.032267,106256.9,0.4714389,0.3087878,2.027385,0.4671617,0.944352,2.089939,0.389399,0.7163826,2.073598,0.3595188,0.519839,2.053867,0.340952,0.3360155,2.018528,0.3527358,0.3257917,2.039079,0.5111618,0.7128384,1.999335,0.5202564,0.5269902,1.954104,0.4570257,0.3255411,1.909259,0.4593707,0.2599558,1.904022,0.3914273,0.2870843,2.003345,0.4311197,-0.05319965,1.99841,0.4382545,-0.2382608,1.98784,0.5390753,0.3320278,1.989517,0.3131911,0.1116875,1.947929,0.2890996,-0.2237322,1.945138,0.4707274,0.7677728,2.06573
72057594038042242,0,1.032267,106256.9,0.4714389,0.3087878,2.027385,0.4671617,0.944352,2.089939,0.389399,0.7163826,2.073598,0.3595188,0.519839,2.053867,0.340952,0.3360155,2.018528,0.3527358,0.3257917,2.039079,0.5111618,0.7128384,1.999335,0.5202564,0.5269902,1.954104,0.4570257,0.3255411,1.909259,0.4593707,0.2599558,1.904022,0.3914273,0.2870843,2.003345,0.4311197,-0.05319965,1.99841,0.4382545,-0.2382608,1.98784,0.5390753,0.3320278,1.989517,0.3131911,0.1116875,1.947929,0.2890996,-0.2237322,1.945138,0.4707274,0.7677728,2.06573
72057594038042242,0,1.032267,106256.9,0.4714389,0.3087878,2.027385,0.4671617,0.944352,2.089939,0.389399,0.7163826,2.073598,0.3595188,0.519839,2.053867,0.340952,0.3360155,2.018528,0.3527358,0.3257917,2.039079,0.5111618,0.7128384,1.999335,0.5202564,0.5269902,1.954104,0.4570257,0.3255411,1.909259,0.4593707,0.2599558,1.904022,0.3914273,0.2870843,2.003345,0.4311197,-0.05319965,1.99841,0.4382545,-0.2382608,1.98784,0.5390753,0.3320278,1.989517,0.3131911,0.1116875,1.947929,0.2890996,-0.2237322,1.945138,0.4707274,0.7677728,2.06573
72057594038042242,0,1.032267,106256.9,0.4714389,0.3087878,2.027385,0.4671617,0.944352,2.089939,0.389399,0.7163826,2.073598,0.3595188,0.519839,2.053867,0.340952,0.3360155,2.018528,0.3527358,0.3257917,2.039079,0.5111618,0.7128384,1.999335,0.5202564,0.5269902,1.954104,0.4570257,0.3255411,1.909259,0.4593707,0.2599558,1.904022,0.3914273,0.2870843,2.003345,0.4311197,-0.05319965,1.99841,0.4382545,-0.2382608,1.98784,0.5390753,0.3320278,1.989517,0.3131911,0.1116875,1.947929,0.2890996,-0.2237322,1.945138,0.4707274,0.7677728,2.06573
72057594038042242,0,1.032267,106256.9,0.4714389,0.3087878,2.027385,0.4671617,0.944352,2.089939,0.389399,0.7163826,2.073598,0.3595188,0.519839,2.053867,0.340952,0.3360155,2.018528,0.3527358,0.3257917,2.039079,0.5111618,0.7128384,1.999335,0.5202564,0.5269902,1.954104,0.4570257,0.3255411,1.909259,0.4593707,0.2599558,1.904022,0.3914273,0.2870843,2.003345,0.4311197,-0.05319965,1.99841,0.4382545,-0.2382608,1.98784,0.5390753,0.3320278,1.989517,0.3131911,0.1116875,1.947929,0.2890996,-0.2237322,1.945138,0.4707274,0.7677728,2.06573
72057594038042242,0,1.012947,106256.9,0.4511126,0.3165323,2.035403,0.4642175,0.9459725,2.085249,0.3892902,0.7167577,2.073622,0.3578703,0.522938,2.054783,0.3408756,0.3389641,2.019439,0.3487588,0.3295476,2.034187,0.5106277,0.7062345,1.997084,0.5241301,0.5216393,1.947186,0.4731122,0.2961671,1.890355,0.4583575,0.239168,1.898712,0.3621595,0.303633,2.013937,0.4394916,0.006601304,1.96799,0.4465568,-0.3264666,1.995183,0.5246139,0.3339315,1.995748,0.3833336,0.06982684,1.871831,0.3526569,-0.2596908,1.918915,0.4699703,0.7683524,2.066441
72057594038042242,0,1.012947,106256.9,0.4511126,0.3165323,2.035403,0.4642175,0.9459725,2.085249,0.3892902,0.7167577,2.073622,0.3578703,0.522938,2.054783,0.3408756,0.3389641,2.019439,0.3487588,0.3295476,2.034187,0.5106277,0.7062345,1.997084,0.5241301,0.5216393,1.947186,0.4731122,0.2961671,1.890355,0.4583575,0.239168,1.898712,0.3621595,0.303633,2.013937,0.4394916,0.006601304,1.96799,0.4465568,-0.3264666,1.995183,0.5246139,0.3339315,1.995748,0.3833336,0.06982684,1.871831,0.3526569,-0.2596908,1.918915,0.4699703,0.7683524,2.066441
72057594038042242,0,1.012947,106256.9,0.4511126,0.3165323,2.035403,0.4642175,0.9459725,2.085249,0.3892902,0.7167577,2.073622,0.3578703,0.522938,2.054783,0.3408756,0.3389641,2.019439,0.3487588,0.3295476,2.034187,0.5106277,0.7062345,1.997084,0.5241301,0.5216393,1.947186,0.4731122,0.2961671,1.890355,0.4583575,0.239168,1.898712,0.3621595,0.303633,2.013937,0.4394916,0.006601304,1.96799,0.4465568,-0.3264666,1.995183,0.5246139,0.3339315,1.995748,0.3833336,0.06982684,1.871831,0.3526569,-0.2596908,1.918915,0.4699703,0.7683524,2.066441
72057594038042242,0,1.012947,106256.9,0.4511126,0.3165323,2.035403,0.4642175,0.9459725,2.085249,0.3892902,0.7167577,2.073622,0.3578703,0.522938,2.054783,0.3408756,0.3389641,2.019439,0.3487588,0.3295476,2.034187,0.5106277,0.7062345,1.997084,0.5241301,0.5216393,1.947186,0.4731122,0.2961671,1.890355,0.4583575,0.239168,1.898712,0.3621595,0.303633,2.013937,0.4394916,0.006601304,1.96799,0.4465568,-0.3264666,1.995183,0.5246139,0.3339315,1.995748,0.3833336,0.06982684,1.871831,0.3526569,-0.2596908,1.918915,0.4699703,0.7683524,2.066441
72057594038042242,0,1.012947,106256.9,0.4511126,0.3165323,2.035403,0.4642175,0.9459725,2.085249,0.3892902,0.7167577,2.073622,0.3578703,0.522938,2.054783,0.3408756,0.3389641,2.019439,0.3487588,0.3295476,2.034187,0.5106277,0.7062345,1.997084,0.5241301,0.5216393,1.947186,0.4731122,0.2961671,1.890355,0.4583575,0.239168,1.898712,0.3621595,0.303633,2.013937,0.4394916,0.006601304,1.96799,0.4465568,-0.3264666,1.995183,0.5246139,0.3339315,1.995748,0.3833336,0.06982684,1.871831,0.3526569,-0.2596908,1.918915,0.4699703,0.7683524,2.066441
72057594038042242,0,1.012947,106256.9,0.4511126,0.3165323,2.035403,0.4642175,0.9459725,2.085249,0.3892902,0.7167577,2.073622,0.3578703,0.522938,2.054783,0.3408756,0.3389641,2.019439,0.3487588,0.3295476,2.034187,0.5106277,0.7062345,1.997084,0.5241301,0.5216393,1.947186,0.4731122,0.2961671,1.890355,0.4583575,0.239168,1.898712,0.3621595,0.303633,2.013937,0.4394916,0.006601304,1.96799,0.4465568,-0.3264666,1.995183,0.5246139,0.3339315,1.995748,0.3833336,0.06982684,1.871831,0.3526569,-0.2596908,1.918915,0.4699703,0.7683524,2.066441
72057594038042242,0,1.012947,106256.9,0.4511126,0.3165323,2.035403,0.4642175,0.9459725,2.085249,0.3892902,0.7167577,2.073622,0.3578703,0.522938,2.054783,0.3408756,0.3389641,2.019439,0.3487588,0.3295476,2.034187,0.5106277,0.7062345,1.997084,0.5241301,0.5216393,1.947186,0.4731122,0.2961671,1.890355,0.4583575,0.239168,1.898712,0.3621595,0.303633,2.013937,0.4394916,0.006601304,1.96799,0.4465568,-0.3264666,1.995183,0.5246139,0.3339315,1.995748,0.3833336,0.06982684,1.871831,0.3526569,-0.2596908,1.918915,0.4699703,0.7683524,2.066441
72057594038042242,0,1.012947,106256.9,0.4511126,0.3165323,2.035403,0.4642175,0.9459725,2.085249,0.3892902,0.7167577,2.073622,0.3578703,0.522938,2.054783,0.3408756,0.3389641,2.019439,0.3487588,0.3295476,2.034187,0.5106277,0.7062345,1.997084,0.5241301,0.5216393,1.947186,0.4731122,0.2961671,1.890355,0.4583575,0.239168,1.898712,0.3621595,0.303633,2.013937,0.4394916,0.006601304,1.96799,0.4465568,-0.3264666,1.995183,0.5246139,0.3339315,1.995748,0.3833336,0.06982684,1.871831,0.3526569,-0.2596908,1.918915,0.4699703,0.7683524,2.066441
72057594038042242,0,1.012947,106256.9,0.4511126,0.3165323,2.035403,0.4642175,0.9459725,2.085249,0.3892902,0.7167577,2.073622,0.3578703,0.522938,2.054783,0.3408756,0.3389641,2.019439,0.3487588,0.3295476,2.034187,0.5106277,0.7062345,1.997084,0.5241301,0.5216393,1.947186,0.4731122,0.2961671,1.890355,0.4583575,0.239168,1.898712,0.3621595,0.303633,2.013937,0.4394916,0.006601304,1.96799,0.4465568,-0.3264666,1.995183,0.5246139,0.3339315,1.995748,0.3833336,0.06982684,1.871831,0.3526569,-0.2596908,1.918915,0.4699703,0.7683524,2.066441
72057594038042242,0,1.012947,106256.9,0.4511126,0.3165323,2.035403,0.4642175,0.9459725,2.085249,0.3892902,0.7167577,2.073622,0.3578703,0.522938,2.054783,0.3408756,0.3389641,2.019439,0.3487588,0.3295476,2.034187,0.5106277,0.7062345,1.997084,0.5241301,0.5216393,1.947186,0.4731122,0.2961671,1.890355,0.4583575,0.239168,1.898712,0.3621595,0.303633,2.013937,0.4394916,0.006601304,1.96799,0.4465568,-0.3264666,1.995183,0.5246139,0.3339315,1.995748,0.3833336,0.06982684,1.871831,0.3526569,-0.2596908,1.918915,0.4699703,0.7683524,2.066441
72057594038042242,0,1.012947,106256.9,0.4511126,0.3165323,2.035403,0.4642175,0.9459725,2.085249,0.3892902,0.7167577,2.073622,0.3578703,0.522938,2.054783,0.3408756,0.3389641,2.019439,0.3487588,0.3295476,2.034187,0.5106277,0.7062345,1.997084,0.5241301,0.5216393,1.947186,0.4731122,0.2961671,1.890355,0.4583575,0.239168,1.898712,0.3621595,0.303633,2.013937,0.4394916,0.006601304,1.96799,0.4465568,-0.3264666,1.995183,0.5246139,0.3339315,1.995748,0.3833336,0.06982684,1.871831,0.3526569,-0.2596908,1.918915,0.4699703,0.7683524,2.066441
72057594038042242,0,1.02107,106256.9,0.4621994,0.3264845,2.023261,0.4617095,0.9478741,2.081918,0.3889644,0.7174844,2.073897,0.3554326,0.5277404,2.057689,0.3385989,0.3438954,2.021233,0.3462144,0.3336211,2.033039,0.5106531,0.7040653,1.994929,0.5267314,0.5203042,1.942297,0.4743534,0.3042256,1.889246,0.4598497,0.2443976,1.894734,0.3757232,0.3172251,1.99934,0.5001606,0.03751206,1.952551,0.4655847,-0.2936115,1.986099,0.5347539,0.3393128,1.985141,0.3858578,0.0722951,1.882848,0.3544941,-0.2585163,1.922044,0.4696821,0.7691155,2.066441
72057594038042242,0,1.02107,106256.9,0.4621994,0.3264845,2.023261,0.4617095,0.9478741,2.081918,0.3889644,0.7174844,2.073897,0.3554326,0.5277404,2.057689,0.3385989,0.3438954,2.021233,0.3462144,0.3336211,2.033039,0.5106531,0.7040653,1.994929,0.5267314,0.5203042,1.942297,0.4743534,0.3042256,1.889246,0.4598497,0.2443976,1.894734,0.3757232,0.3172251,1.99934,0.5001606,0.03751206,1.952551,0.4655847,-0.2936115,1.986099,0.5347539,0.3393128,1.985141,0.3858578,0.0722951,1.882848,0.3544941,-0.2585163,1.922044,0.4696821,0.7691155,2.066441
72057594038042242,0,1.02107,106256.9,0.4621994,0.3264845,2.023261,0.4617095,0.9478741,2.081918,0.3889644,0.7174844,2.073897,0.3554326,0.5277404,2.057689,0.3385989,0.3438954,2.021233,0.3462144,0.3336211,2.033039,0.5106531,0.7040653,1.994929,0.5267314,0.5203042,1.942297,0.4743534,0.3042256,1.889246,0.4598497,0.2443976,1.894734,0.3757232,0.3172251,1.99934,0.5001606,0.03751206,1.952551,0.4655847,-0.2936115,1.986099,0.5347539,0.3393128,1.985141,0.3858578,0.0722951,1.882848,0.3544941,-0.2585163,1.922044,0.4696821,0.7691155,2.066441
72057594038042242,0,1.02107,106256.9,0.4621994,0.3264845,2.023261,0.4617095,0.9478741,2.081918,0.3889644,0.7174844,2.073897,0.3554326,0.5277404,2.057689,0.3385989,0.3438954,2.021233,0.3462144,0.3336211,2.033039,0.5106531,0.7040653,1.994929,0.5267314,0.5203042,1.942297,0.4743534,0.3042256,1.889246,0.4598497,0.2443976,1.894734,0.3757232,0.3172251,1.99934,0.5001606,0.03751206,1.952551,0.4655847,-0.2936115,1.986099,0.5347539,0.3393128,1.985141,0.3858578,0.0722951,1.882848,0.3544941,-0.2585163,1.922044,0.4696821,0.7691155,2.066441
72057594038042242,0,1.02107,106256.9,0.4621994,0.3264845,2.023261,0.4617095,0.9478741,2.081918,0.3889644,0.7174844,2.073897,0.3554326,0.5277404,2.057689,0.3385989,0.3438954,2.021233,0.3462144,0.3336211,2.033039,0.5106531,0.7040653,1.994929,0.5267314,0.5203042,1.942297,0.4743534,0.3042256,1.889246,0.4598497,0.2443976,1.894734,0.3757232,0.3172251,1.99934,0.5001606,0.03751206,1.952551,0.4655847,-0.2936115,1.986099,0.5347539,0.3393128,1.985141,0.3858578,0.0722951,1.882848,0.3544941,-0.2585163,1.922044,0.4696821,0.7691155,2.066441
72057594038042242,0,1.02107,106256.9,0.4621994,0.3264845,2.023261,0.4617095,0.9478741,2.081918,0.3889644,0.7174844,2.073897,0.3554326,0.5277404,2.057689,0.3385989,0.3438954,2.021233,0.3462144,0.3336211,2.033039,0.5106531,0.7040653,1.994929,0.5267314,0.5203042,1.942297,0.4743534,0.3042256,1.889246,0.4598497,0.2443976,1.894734,0.3757232,0.3172251,1.99934,0.5001606,0.03751206,1.952551,0.4655847,-0.2936115,1.986099,0.5347539,0.3393128,1.985141,0.3858578,0.0722951,1.882848,0.3544941,-0.2585163,1.922044,0.4696821,0.7691155,2.066441
72057594038042242,0,1.02107,106257,0.4621994,0.3264845,2.023261,0.4617095,0.9478741,2.081918,0.3889644,0.7174844,2.073897,0.3554326,0.5277404,2.057689,0.3385989,0.3438954,2.021233,0.3462144,0.3336211,2.033039,0.5106531,0.7040653,1.994929,0.5267314,0.5203042,1.942297,0.4743534,0.3042256,1.889246,0.4598497,0.2443976,1.894734,0.3757232,0.3172251,1.99934,0.5001606,0.03751206,1.952551,0.4655847,-0.2936115,1.986099,0.5347539,0.3393128,1.985141,0.3858578,0.0722951,1.882848,0.3544941,-0.2585163,1.922044,0.4696821,0.7691155,2.066441
72057594038042242,0,1.02107,106257,0.4621994,0.3264845,2.023261,0.4617095,0.9478741,2.081918,0.3889644,0.7174844,2.073897,0.3554326,0.5277404,2.057689,0.3385989,0.3438954,2.021233,0.3462144,0.3336211,2.033039,0.5106531,0.7040653,1.994929,0.5267314,0.5203042,1.942297,0.4743534,0.3042256,1.889246,0.4598497,0.2443976,1.894734,0.3757232,0.3172251,1.99934,0.5001606,0.03751206,1.952551,0.4655847,-0.2936115,1.986099,0.5347539,0.3393128,1.985141,0.3858578,0.0722951,1.882848,0.3544941,-0.2585163,1.922044,0.4696821,0.7691155,2.066441
72057594038042242,0,1.02107,106257,0.4621994,0.3264845,2.023261,0.4617095,0.9478741,2.081918,0.3889644,0.7174844,2.073897,0.3554326,0.5277404,2.057689,0.3385989,0.3438954,2.021233,0.3462144,0.3336211,2.033039,0.5106531,0.7040653,1.994929,0.5267314,0.5203042,1.942297,0.4743534,0.3042256,1.889246,0.4598497,0.2443976,1.894734,0.3757232,0.3172251,1.99934,0.5001606,0.03751206,1.952551,0.4655847,-0.2936115,1.986099,0.5347539,0.3393128,1.985141,0.3858578,0.0722951,1.882848,0.3544941,-0.2585163,1.922044,0.4696821,0.7691155,2.066441
72057594038042242,0,1.02107,106257,0.4621994,0.3264845,2.023261,0.4617095,0.9478741,2.081918,0.3889644,0.7174844,2.073897,0.3554326,0.5277404,2.057689,0.3385989,0.3438954,2.021233,0.3462144,0.3336211,2.033039,0.5106531,0.7040653,1.994929,0.5267314,0.5203042,1.942297,0.4743534,0.3042256,1.889246,0.4598497,0.2443976,1.894734,0.3757232,0.3172251,1.99934,0.5001606,0.03751206,1.952551,0.4655847,-0.2936115,1.986099,0.5347539,0.3393128,1.985141,0.3858578,0.0722951,1.882848,0.3544941,-0.2585163,1.922044,0.4696821,0.7691155,2.066441
72057594038042242,0,1.022036,106257,0.4635679,0.3295558,2.020422,0.4588191,0.9507106,2.076053,0.3886765,0.7178269,2.073883,0.3547781,0.5285522,2.057623,0.3362288,0.3447072,2.022203,0.345184,0.3309992,2.032916,0.5105702,0.7030721,1.993231,0.5279272,0.5205827,1.935712,0.4698426,0.2783295,1.884716,0.4597276,0.2303951,1.890658,0.3757268,0.3189382,1.998012,0.499128,0.03867269,1.952437,0.4372303,-0.2324452,1.988556,0.5383337,0.3431854,1.980419,0.3831208,0.0770005,1.88819,0.3516231,-0.2533434,1.930332,0.4693183,0.7696415,2.066213
72057594038042242,0,1.022036,106257,0.4635679,0.3295558,2.020422,0.4588191,0.9507106,2.076053,0.3886765,0.7178269,2.073883,0.3547781,0.5285522,2.057623,0.3362288,0.3447072,2.022203,0.345184,0.3309992,2.032916,0.5105702,0.7030721,1.993231,0.5279272,0.5205827,1.935712,0.4698426,0.2783295,1.884716,0.4597276,0.2303951,1.890658,0.3757268,0.3189382,1.998012,0.499128,0.03867269,1.952437,0.4372303,-0.2324452,1.988556,0.5383337,0.3431854,1.980419,0.3831208,0.0770005,1.88819,0.3516231,-0.2533434,1.930332,0.4693183,0.7696415,2.066213
72057594038042242,0,1.022036,106257,0.4635679,0.3295558,2.020422,0.4588191,0.9507106,2.076053,0.3886765,0.7178269,2.073883,0.3547781,0.5285522,2.057623,0.3362288,0.3447072,2.022203,0.345184,0.3309992,2.032916,0.5105702,0.7030721,1.993231,0.5279272,0.5205827,1.935712,0.4698426,0.2783295,1.884716,0.4597276,0.2303951,1.890658,0.3757268,0.3189382,1.998012,0.499128,0.03867269,1.952437,0.4372303,-0.2324452,1.988556,0.5383337,0.3431854,1.980419,0.3831208,0.0770005,1.88819,0.3516231,-0.2533434,1.930332,0.4693183,0.7696415,2.066213
72057594038042242,0,1.022036,106257,0.4635679,0.3295558,2.020422,0.4588191,0.9507106,2.076053,0.3886765,0.7178269,2.073883,0.3547781,0.5285522,2.057623,0.3362288,0.3447072,2.022203,0.345184,0.3309992,2.032916,0.5105702,0.7030721,1.993231,0.5279272,0.5205827,1.935712,0.4698426,0.2783295,1.884716,0.4597276,0.2303951,1.890658,0.3757268,0.3189382,1.998012,0.499128,0.03867269,1.952437,0.4372303,-0.2324452,1.988556,0.5383337,0.3431854,1.980419,0.3831208,0.0770005,1.88819,0.3516231,-0.2533434,1.930332,0.4693183,0.7696415,2.066213
72057594038042242,0,1.022036,106257,0.4635679,0.3295558,2.020422,0.4588191,0.9507106,2.076053,0.3886765,0.7178269,2.073883,0.3547781,0.5285522,2.057623,0.3362288,0.3447072,2.022203,0.345184,0.3309992,2.032916,0.5105702,0.7030721,1.993231,0.5279272,0.5205827,1.935712,0.4698426,0.2783295,1.884716,0.4597276,0.2303951,1.890658,0.3757268,0.3189382,1.998012,0.499128,0.03867269,1.952437,0.4372303,-0.2324452,1.988556,0.5383337,0.3431854,1.980419,0.3831208,0.0770005,1.88819,0.3516231,-0.2533434,1.930332,0.4693183,0.7696415,2.066213
72057594038042242,0,1.022036,106257,0.4635679,0.3295558,2.020422,0.4588191,0.9507106,2.076053,0.3886765,0.7178269,2.073883,0.3547781,0.5285522,2.057623,0.3362288,0.3447072,2.022203,0.345184,0.3309992,2.032916,0.5105702,0.7030721,1.993231,0.5279272,0.5205827,1.935712,0.4698426,0.2783295,1.884716,0.4597276,0.2303951,1.890658,0.3757268,0.3189382,1.998012,0.499128,0.03867269,1.952437,0.4372303,-0.2324452,1.988556,0.5383337,0.3431854,1.980419,0.3831208,0.0770005,1.88819,0.3516231,-0.2533434,1.930332,0.4693183,0.7696415,2.066213
72057594038042242,0,1.022036,106257,0.4635679,0.3295558,2.020422,0.4588191,0.9507106,2.076053,0.3886765,0.7178269,2.073883,0.3547781,0.5285522,2.057623,0.3362288,0.3447072,2.022203,0.345184,0.3309992,2.032916,0.5105702,0.7030721,1.993231,0.5279272,0.5205827,1.935712,0.4698426,0.2783295,1.884716,0.4597276,0.2303951,1.890658,0.3757268,0.3189382,1.998012,0.499128,0.03867269,1.952437,0.4372303,-0.2324452,1.988556,0.5383337,0.3431854,1.980419,0.3831208,0.0770005,1.88819,0.3516231,-0.2533434,1.930332,0.4693183,0.7696415,2.066213
72057594038042242,0,1.022036,106257,0.4635679,0.3295558,2.020422,0.4588191,0.9507106,2.076053,0.3886765,0.7178269,2.073883,0.3547781,0.5285522,2.057623,0.3362288,0.3447072,2.022203,0.345184,0.3309992,2.032916,0.5105702,0.7030721,1.993231,0.5279272,0.5205827,1.935712,0.4698426,0.2783295,1.884716,0.4597276,0.2303951,1.890658,0.3757268,0.3189382,1.998012,0.499128,0.03867269,1.952437,0.4372303,-0.2324452,1.988556,0.5383337,0.3431854,1.980419,0.3831208,0.0770005,1.88819,0.3516231,-0.2533434,1.930332,0.4693183,0.7696415,2.066213
72057594038042242,0,1.022036,106257,0.4635679,0.3295558,2.020422,0.4588191,0.9507106,2.076053,0.3886765,0.7178269,2.073883,0.3547781,0.5285522,2.057623,0.3362288,0.3447072,2.022203,0.345184,0.3309992,2.032916,0.5105702,0.7030721,1.993231,0.5279272,0.5205827,1.935712,0.4698426,0.2783295,1.884716,0.4597276,0.2303951,1.890658,0.3757268,0.3189382,1.998012,0.499128,0.03867269,1.952437,0.4372303,-0.2324452,1.988556,0.5383337,0.3431854,1.980419,0.3831208,0.0770005,1.88819,0.3516231,-0.2533434,1.930332,0.4693183,0.7696415,2.066213
72057594038042242,0,1.022036,106257,0.4635679,0.3295558,2.020422,0.4588191,0.9507106,2.076053,0.3886765,0.7178269,2.073883,0.3547781,0.5285522,2.057623,0.3362288,0.3447072,2.022203,0.345184,0.3309992,2.032916,0.5105702,0.7030721,1.993231,0.5279272,0.5205827,1.935712,0.4698426,0.2783295,1.884716,0.4597276,0.2303951,1.890658,0.3757268,0.3189382,1.998012,0.499128,0.03867269,1.952437,0.4372303,-0.2324452,1.988556,0.5383337,0.3431854,1.980419,0.3831208,0.0770005,1.88819,0.3516231,-0.2533434,1.930332,0.4693183,0.7696415,2.066213
72057594038042242,0,1.022036,106257,0.4635679,0.3295558,2.020422,0.4588191,0.9507106,2.076053,0.3886765,0.7178269,2.073883,0.3547781,0.5285522,2.057623,0.3362288,0.3447072,2.022203,0.345184,0.3309992,2.032916,0.5105702,0.7030721,1.993231,0.5279272,0.5205827,1.935712,0.4698426,0.2783295,1.884716,0.4597276,0.2303951,1.890658,0.3757268,0.3189382,1.998012,0.499128,0.03867269,1.952437,0.4372303,-0.2324452,1.988556,0.5383337,0.3431854,1.980419,0.3831208,0.0770005,1.88819,0.3516231,-0.2533434,1.930332,0.4693183,0.7696415,2.066213
72057594038042242,0,1.024018,106257,0.4641251,0.3309433,2.0169,0.4551567,0.9545874,2.071808,0.3838919,0.7203771,2.072586,0.3529959,0.530616,2.057082,0.3363822,0.3463838,2.023201,0.3462372,0.3283193,2.032265,0.5116065,0.7039053,1.978173,0.5282643,0.5192456,1.930164,0.4655716,0.2807089,1.884012,0.4616068,0.2301197,1.890298,0.3771989,0.3202372,1.996499,0.497782,0.03869072,1.950436,0.4375024,-0.2326323,1.98828,0.5371471,0.3441097,1.973749,0.3934492,0.07224935,1.879789,0.3601979,-0.2567262,1.928639,0.4640338,0.7788994,2.048081
72057594038042242,0,1.024018,106257,0.4641251,0.3309433,2.0169,0.4551567,0.9545874,2.071808,0.3838919,0.7203771,2.072586,0.3529959,0.530616,2.057082,0.3363822,0.3463838,2.023201,0.3462372,0.3283193,2.032265,0.5116065,0.7039053,1.978173,0.5282643,0.5192456,1.930164,0.4655716,0.2807089,1.884012,0.4616068,0.2301197,1.890298,0.3771989,0.3202372,1.996499,0.497782,0.03869072,1.950436,0.4375024,-0.2326323,1.98828,0.5371471,0.3441097,1.973749,0.3934492,0.07224935,1.879789,0.3601979,-0.2567262,1.928639,0.4640338,0.7788994,2.048081
72057594038042242,0,1.024018,106257,0.4641251,0.3309433,2.0169,0.4551567,0.9545874,2.071808,0.3838919,0.7203771,2.072586,0.3529959,0.530616,2.057082,0.3363822,0.3463838,2.023201,0.3462372,0.3283193,2.032265,0.5116065,0.7039053,1.978173,0.5282643,0.5192456,1.930164,0.4655716,0.2807089,1.884012,0.4616068,0.2301197,1.890298,0.3771989,0.3202372,1.996499,0.497782,0.03869072,1.950436,0.4375024,-0.2326323,1.98828,0.5371471,0.3441097,1.973749,0.3934492,0.07224935,1.879789,0.3601979,-0.2567262,1.928639,0.4640338,0.7788994,2.048081
72057594038042242,0,1.024018,106257,0.4641251,0.3309433,2.0169,0.4551567,0.9545874,2.071808,0.3838919,0.7203771,2.072586,0.3529959,0.530616,2.057082,0.3363822,0.3463838,2.023201,0.3462372,0.3283193,2.032265,0.5116065,0.7039053,1.978173,0.5282643,0.5192456,1.930164,0.4655716,0.2807089,1.884012,0.4616068,0.2301197,1.890298,0.3771989,0.3202372,1.996499,0.497782,0.03869072,1.950436,0.4375024,-0.2326323,1.98828,0.5371471,0.3441097,1.973749,0.3934492,0.07224935,1.879789,0.3601979,-0.2567262,1.928639,0.4640338,0.7788994,2.048081
72057594038042242,0,1.024018,106257,0.4641251,0.3309433,2.0169,0.4551567,0.9545874,2.071808,0.3838919,0.7203771,2.072586,0.3529959,0.530616,2.057082,0.3363822,0.3463838,2.023201,0.3462372,0.3283193,2.032265,0.5116065,0.7039053,1.978173,0.5282643,0.5192456,1.930164,0.4655716,0.2807089,1.884012,0.4616068,0.2301197,1.890298,0.3771989,0.3202372,1.996499,0.497782,0.03869072,1.950436,0.4375024,-0.2326323,1.98828,0.5371471,0.3441097,1.973749,0.3934492,0.07224935,1.879789,0.3601979,-0.2567262,1.928639,0.4640338,0.7788994,2.048081
72057594038042242,0,1.024018,106257,0.4641251,0.3309433,2.0169,0.4551567,0.9545874,2.071808,0.3838919,0.7203771,2.072586,0.3529959,0.530616,2.057082,0.3363822,0.3463838,2.023201,0.3462372,0.3283193,2.032265,0.5116065,0.7039053,1.978173,0.5282643,0.5192456,1.930164,0.4655716,0.2807089,1.884012,0.4616068,0.2301197,1.890298,0.3771989,0.3202372,1.996499,0.497782,0.03869072,1.950436,0.4375024,-0.2326323,1.98828,0.5371471,0.3441097,1.973749,0.3934492,0.07224935,1.879789,0.3601979,-0.2567262,1.928639,0.4640338,0.7788994,2.048081
72057594038042242,0,1.024018,106257,0.4641251,0.3309433,2.0169,0.4551567,0.9545874,2.071808,0.3838919,0.7203771,2.072586,0.3529959,0.530616,2.057082,0.3363822,0.3463838,2.023201,0.3462372,0.3283193,2.032265,0.5116065,0.7039053,1.978173,0.5282643,0.5192456,1.930164,0.4655716,0.2807089,1.884012,0.4616068,0.2301197,1.890298,0.3771989,0.3202372,1.996499,0.497782,0.03869072,1.950436,0.4375024,-0.2326323,1.98828,0.5371471,0.3441097,1.973749,0.3934492,0.07224935,1.879789,0.3601979,-0.2567262,1.928639,0.4640338,0.7788994,2.048081
72057594038042242,0,1.024018,106257,0.4641251,0.3309433,2.0169,0.4551567,0.9545874,2.071808,0.3838919,0.7203771,2.072586,0.3529959,0.530616,2.057082,0.3363822,0.3463838,2.023201,0.3462372,0.3283193,2.032265,0.5116065,0.7039053,1.978173,0.5282643,0.5192456,1.930164,0.4655716,0.2807089,1.884012,0.4616068,0.2301197,1.890298,0.3771989,0.3202372,1.996499,0.497782,0.03869072,1.950436,0.4375024,-0.2326323,1.98828,0.5371471,0.3441097,1.973749,0.3934492,0.07224935,1.879789,0.3601979,-0.2567262,1.928639,0.4640338,0.7788994,2.048081
72057594038042242,0,1.024018,106257,0.4641251,0.3309433,2.0169,0.4551567,0.9545874,2.071808,0.3838919,0.7203771,2.072586,0.3529959,0.530616,2.057082,0.3363822,0.3463838,2.023201,0.3462372,0.3283193,2.032265,0.5116065,0.7039053,1.978173,0.5282643,0.5192456,1.930164,0.4655716,0.2807089,1.884012,0.4616068,0.2301197,1.890298,0.3771989,0.3202372,1.996499,0.497782,0.03869072,1.950436,0.4375024,-0.2326323,1.98828,0.5371471,0.3441097,1.973749,0.3934492,0.07224935,1.879789,0.3601979,-0.2567262,1.928639,0.4640338,0.7788994,2.048081
72057594038042242,0,1.024018,106257,0.4641251,0.3309433,2.0169,0.4551567,0.9545874,2.071808,0.3838919,0.7203771,2.072586,0.3529959,0.530616,2.057082,0.3363822,0.3463838,2.023201,0.3462372,0.3283193,2.032265,0.5116065,0.7039053,1.978173,0.5282643,0.5192456,1.930164,0.4655716,0.2807089,1.884012,0.4616068,0.2301197,1.890298,0.3771989,0.3202372,1.996499,0.497782,0.03869072,1.950436,0.4375024,-0.2326323,1.98828,0.5371471,0.3441097,1.973749,0.3934492,0.07224935,1.879789,0.3601979,-0.2567262,1.928639,0.4640338,0.7788994,2.048081
72057594038042242,0,1.023572,106257,0.4627365,0.33174,2.015998,0.45099,0.9581648,2.068292,0.3798963,0.7258152,2.071619,0.3515822,0.5311662,2.05641,0.3353735,0.3469427,2.022195,0.3460906,0.3308939,2.022819,0.5118225,0.6991432,1.965781,0.5276889,0.5134784,1.923116,0.4658489,0.2790044,1.882972,0.4617738,0.2308812,1.887915,0.3771406,0.3216095,1.996746,0.4957594,0.03923923,1.948632,0.4374984,-0.2330951,1.988208,0.5326207,0.3437601,1.97071,0.3959234,0.06820229,1.878299,0.3626496,-0.2603653,1.929135,0.4613942,0.7820656,2.042783
72057594038042242,0,1.023572,106257,0.4627365,0.33174,2.015998,0.45099,0.9581648,2.068292,0.3798963,0.7258152,2.071619,0.3515822,0.5311662,2.05641,0.3353735,0.3469427,2.022195,0.3460906,0.3308939,2.022819,0.5118225,0.6991432,1.965781,0.5276889,0.5134784,1.923116,0.4658489,0.2790044,1.882972,0.4617738,0.2308812,1.887915,0.3771406,0.3216095,1.996746,0.4957594,0.03923923,1.948632,0.4374984,-0.2330951,1.988208,0.5326207,0.3437601,1.97071,0.3959234,0.06820229,1.878299,0.3626496,-0.2603653,1.929135,0.4613942,0.7820656,2.042783
72057594038042242,0,1.023572,106257,0.4627365,0.33174,2.015998,0.45099,0.9581648,2.068292,0.3798963,0.7258152,2.071619,0.3515822,0.5311662,2.05641,0.3353735,0.3469427,2.022195,0.3460906,0.3308939,2.022819,0.5118225,0.6991432,1.965781,0.5276889,0.5134784,1.923116,0.4658489,0.2790044,1.882972,0.4617738,0.2308812,1.887915,0.3771406,0.3216095,1.996746,0.4957594,0.03923923,1.948632,0.4374984,-0.2330951,1.988208,0.5326207,0.3437601,1.97071,0.3959234,0.06820229,1.878299,0.3626496,-0.2603653,1.929135,0.4613942,0.7820656,2.042783
72057594038042242,0,1.023572,106257,0.4627365,0.33174,2.015998,0.45099,0.9581648,2.068292,0.3798963,0.7258152,2.071619,0.3515822,0.5311662,2.05641,0.3353735,0.3469427,2.022195,0.3460906,0.3308939,2.022819,0.5118225,0.6991432,1.965781,0.5276889,0.5134784,1.923116,0.4658489,0.2790044,1.882972,0.4617738,0.2308812,1.887915,0.3771406,0.3216095,1.996746,0.4957594,0.03923923,1.948632,0.4374984,-0.2330951,1.988208,0.5326207,0.3437601,1.97071,0.3959234,0.06820229,1.878299,0.3626496,-0.2603653,1.929135,0.4613942,0.7820656,2.042783
72057594038042242,0,1.023572,106257,0.4627365,0.33174,2.015998,0.45099,0.9581648,2.068292,0.3798963,0.7258152,2.071619,0.3515822,0.5311662,2.05641,0.3353735,0.3469427,2.022195,0.3460906,0.3308939,2.022819,0.5118225,0.6991432,1.965781,0.5276889,0.5134784,1.923116,0.4658489,0.2790044,1.882972,0.4617738,0.2308812,1.887915,0.3771406,0.3216095,1.996746,0.4957594,0.03923923,1.948632,0.4374984,-0.2330951,1.988208,0.5326207,0.3437601,1.97071,0.3959234,0.06820229,1.878299,0.3626496,-0.2603653,1.929135,0.4613942,0.7820656,2.042783
72057594038042242,0,1.023572,106257,0.4627365,0.33174,2.015998,0.45099,0.9581648,2.068292,0.3798963,0.7258152,2.071619,0.3515822,0.5311662,2.05641,0.3353735,0.3469427,2.022195,0.3460906,0.3308939,2.022819,0.5118225,0.6991432,1.965781,0.5276889,0.5134784,1.923116,0.4658489,0.2790044,1.882972,0.4617738,0.2308812,1.887915,0.3771406,0.3216095,1.996746,0.4957594,0.03923923,1.948632,0.4374984,-0.2330951,1.988208,0.5326207,0.3437601,1.97071,0.3959234,0.06820229,1.878299,0.3626496,-0.2603653,1.929135,0.4613942,0.7820656,2.042783
72057594038042242,0,1.023572,106257,0.4627365,0.33174,2.015998,0.45099,0.9581648,2.068292,0.3798963,0.7258152,2.071619,0.3515822,0.5311662,2.05641,0.3353735,0.3469427,2.022195,0.3460906,0.3308939,2.022819,0.5118225,0.6991432,1.965781,0.5276889,0.5134784,1.923116,0.4658489,0.2790044,1.882972,0.4617738,0.2308812,1.887915,0.3771406,0.3216095,1.996746,0.4957594,0.03923923,1.948632,0.4374984,-0.2330951,1.988208,0.5326207,0.3437601,1.97071,0.3959234,0.06820229,1.878299,0.3626496,-0.2603653,1.929135,0.4613942,0.7820656,2.042783
72057594038042242,0,1.023572,106257.1,0.4627365,0.33174,2.015998,0.45099,0.9581648,2.068292,0.3798963,0.7258152,2.071619,0.3515822,0.5311662,2.05641,0.3353735,0.3469427,2.022195,0.3460906,0.3308939,2.022819,0.5118225,0.6991432,1.965781,0.5276889,0.5134784,1.923116,0.4658489,0.2790044,1.882972,0.4617738,0.2308812,1.887915,0.3771406,0.3216095,1.996746,0.4957594,0.03923923,1.948632,0.4374984,-0.2330951,1.988208,0.5326207,0.3437601,1.97071,0.3959234,0.06820229,1.878299,0.3626496,-0.2603653,1.929135,0.4613942,0.7820656,2.042783
72057594038042242,0,1.023572,106257.1,0.4627365,0.33174,2.015998,0.45099,0.9581648,2.068292,0.3798963,0.7258152,2.071619,0.3515822,0.5311662,2.05641,0.3353735,0.3469427,2.022195,0.3460906,0.3308939,2.022819,0.5118225,0.6991432,1.965781,0.5276889,0.5134784,1.923116,0.4658489,0.2790044,1.882972,0.4617738,0.2308812,1.887915,0.3771406,0.3216095,1.996746,0.4957594,0.03923923,1.948632,0.4374984,-0.2330951,1.988208,0.5326207,0.3437601,1.97071,0.3959234,0.06820229,1.878299,0.3626496,-0.2603653,1.929135,0.4613942,0.7820656,2.042783
72057594038042242,0,1.023572,106257.1,0.4627365,0.33174,2.015998,0.45099,0.9581648,2.068292,0.3798963,0.7258152,2.071619,0.3515822,0.5311662,2.05641,0.3353735,0.3469427,2.022195,0.3460906,0.3308939,2.022819,0.5118225,0.6991432,1.965781,0.5276889,0.5134784,1.923116,0.4658489,0.2790044,1.882972,0.4617738,0.2308812,1.887915,0.3771406,0.3216095,1.996746,0.4957594,0.03923923,1.948632,0.4374984,-0.2330951,1.988208,0.5326207,0.3437601,1.97071,0.3959234,0.06820229,1.878299,0.3626496,-0.2603653,1.929135,0.4613942,0.7820656,2.042783
72057594038042242,0,1.023572,106257.1,0.4627365,0.33174,2.015998,0.45099,0.9581648,2.068292,0.3798963,0.7258152,2.071619,0.3515822,0.5311662,2.05641,0.3353735,0.3469427,2.022195,0.3460906,0.3308939,2.022819,0.5118225,0.6991432,1.965781,0.5276889,0.5134784,1.923116,0.4658489,0.2790044,1.882972,0.4617738,0.2308812,1.887915,0.3771406,0.3216095,1.996746,0.4957594,0.03923923,1.948632,0.4374984,-0.2330951,1.988208,0.5326207,0.3437601,1.97071,0.3959234,0.06820229,1.878299,0.3626496,-0.2603653,1.929135,0.4613942,0.7820656,2.042783
72057594038042242,0,1.015863,106257.1,0.440906,0.3153862,2.025415,0.4466038,0.9572294,2.063676,0.3786805,0.7266329,2.070072,0.3501622,0.5314713,2.055881,0.3332499,0.3476823,2.018981,0.3455751,0.3289132,2.018115,0.5106234,0.6954646,1.958782,0.5290365,0.5101561,1.915717,0.466932,0.2743305,1.880666,0.4617304,0.2271171,1.884155,0.3684966,0.3011165,2.010847,0.4463806,0.004442811,1.961518,0.4462301,-0.3279358,1.994968,0.4929425,0.3298284,1.978289,0.4441573,0.05005813,1.819954,0.4094205,-0.2776439,1.874271,0.4591489,0.7815427,2.041085
72057594038042242,0,1.015863,106257.1,0.440906,0.3153862,2.025415,0.4466038,0.9572294,2.063676,0.3786805,0.7266329,2.070072,0.3501622,0.5314713,2.055881,0.3332499,0.3476823,2.018981,0.3455751,0.3289132,2.018115,0.5106234,0.6954646,1.958782,0.5290365,0.5101561,1.915717,0.466932,0.2743305,1.880666,0.4617304,0.2271171,1.884155,0.3684966,0.3011165,2.010847,0.4463806,0.004442811,1.961518,0.4462301,-0.3279358,1.994968,0.4929425,0.3298284,1.978289,0.4441573,0.05005813,1.819954,0.4094205,-0.2776439,1.874271,0.4591489,0.7815427,2.041085
72057594038042242,0,1.015863,106257.1,0.440906,0.3153862,2.025415,0.4466038,0.9572294,2.063676,0.3786805,0.7266329,2.070072,0.3501622,0.5314713,2.055881,0.3332499,0.3476823,2.018981,0.3455751,0.3289132,2.018115,0.5106234,0.6954646,1.958782,0.5290365,0.5101561,1.915717,0.466932,0.2743305,1.880666,0.4617304,0.2271171,1.884155,0.3684966,0.3011165,2.010847,0.4463806,0.004442811,1.961518,0.4462301,-0.3279358,1.994968,0.4929425,0.3298284,1.978289,0.4441573,0.05005813,1.819954,0.4094205,-0.2776439,1.874271,0.4591489,0.7815427,2.041085
72057594038042242,0,1.015863,106257.1,0.440906,0.3153862,2.025415,0.4466038,0.9572294,2.063676,0.3786805,0.7266329,2.070072,0.3501622,0.5314713,2.055881,0.3332499,0.3476823,2.018981,0.3455751,0.3289132,2.018115,0.5106234,0.6954646,1.958782,0.5290365,0.5101561,1.915717,0.466932,0.2743305,1.880666,0.4617304,0.2271171,1.884155,0.3684966,0.3011165,2.010847,0.4463806,0.004442811,1.961518,0.4462301,-0.3279358,1.994968,0.4929425,0.3298284,1.978289,0.4441573,0.05005813,1.819954,0.4094205,-0.2776439,1.874271,0.4591489,0.7815427,2.041085
72057594038042242,0,1.015863,106257.1,0.440906,0.3153862,2.025415,0.4466038,0.9572294,2.063676,0.3786805,0.7266329,2.070072,0.3501622,0.5314713,2.055881,0.3332499,0.3476823,2.018981,0.3455751,0.3289132,2.018115,0.5106234,0.6954646,1.958782,0.5290365,0.5101561,1.915717,0.466932,0.2743305,1.880666,0.4617304,0.2271171,1.884155,0.3684966,0.3011165,2.010847,0.4463806,0.004442811,1.961518,0.4462301,-0.3279358,1.994968,0.4929425,0.3298284,1.978289,0.4441573,0.05005813,1.819954,0.4094205,-0.2776439,1.874271,0.4591489,0.7815427,2.041085
72057594038042242,0,1.015863,106257.1,0.440906,0.3153862,2.025415,0.4466038,0.9572294,2.063676,0.3786805,0.7266329,2.070072,0.3501622,0.5314713,2.055881,0.3332499,0.3476823,2.018981,0.3455751,0.3289132,2.018115,0.5106234,0.6954646,1.958782,0.5290365,0.5101561,1.915717,0.466932,0.2743305,1.880666,0.4617304,0.2271171,1.884155,0.3684966,0.3011165,2.010847,0.4463806,0.004442811,1.961518,0.4462301,-0.3279358,1.994968,0.4929425,0.3298284,1.978289,0.4441573,0.05005813,1.819954,0.4094205,-0.2776439,1.874271,0.4591489,0.7815427,2.041085
72057594038042242,0,1.015863,106257.1,0.440906,0.3153862,2.025415,0.4466038,0.9572294,2.063676,0.3786805,0.7266329,2.070072,0.3501622,0.5314713,2.055881,0.3332499,0.3476823,2.018981,0.3455751,0.3289132,2.018115,0.5106234,0.6954646,1.958782,0.5290365,0.5101561,1.915717,0.466932,0.2743305,1.880666,0.4617304,0.2271171,1.884155,0.3684966,0.3011165,2.010847,0.4463806,0.004442811,1.961518,0.4462301,-0.3279358,1.994968,0.4929425,0.3298284,1.978289,0.4441573,0.05005813,1.819954,0.4094205,-0.2776439,1.874271,0.4591489,0.7815427,2.041085
72057594038042242,0,1.015863,106257.1,0.440906,0.3153862,2.025415,0.4466038,0.9572294,2.063676,0.3786805,0.7266329,2.070072,0.3501622,0.5314713,2.055881,0.3332499,0.3476823,2.018981,0.3455751,0.3289132,2.018115,0.5106234,0.6954646,1.958782,0.5290365,0.5101561,1.915717,0.466932,0.2743305,1.880666,0.4617304,0.2271171,1.884155,0.3684966,0.3011165,2.010847,0.4463806,0.004442811,1.961518,0.4462301,-0.3279358,1.994968,0.4929425,0.3298284,1.978289,0.4441573,0.05005813,1.819954,0.4094205,-0.2776439,1.874271,0.4591489,0.7815427,2.041085
72057594038042242,0,1.015863,106257.1,0.440906,0.3153862,2.025415,0.4466038,0.9572294,2.063676,0.3786805,0.7266329,2.070072,0.3501622,0.5314713,2.055881,0.3332499,0.3476823,2.018981,0.3455751,0.3289132,2.018115,0.5106234,0.6954646,1.958782,0.5290365,0.5101561,1.915717,0.466932,0.2743305,1.880666,0.4617304,0.2271171,1.884155,0.3684966,0.3011165,2.010847,0.4463806,0.004442811,1.961518,0.4462301,-0.3279358,1.994968,0.4929425,0.3298284,1.978289,0.4441573,0.05005813,1.819954,0.4094205,-0.2776439,1.874271,0.4591489,0.7815427,2.041085
72057594038042242,0,1.012187,106257.1,0.43037,0.3155322,2.023833,0.4424797,0.9588233,2.059306,0.3764511,0.7288568,2.0672,0.3474823,0.5299747,2.052866,0.3337423,0.3474419,2.007353,0.3462861,0.3286045,2.008209,0.518536,0.7440732,1.940207,0.5255502,0.536978,1.914321,0.4664472,0.2927418,1.878253,0.4606189,0.2326263,1.880937,0.3536057,0.3007969,2.022163,0.4445685,0.008871019,1.960535,0.444122,-0.3232589,1.995946,0.4848047,0.3315415,1.96285,0.4252363,0.03573227,1.854719,0.3881161,-0.2750575,1.964242,0.4560727,0.7821561,2.033806
72057594038042242,0,1.012187,106257.1,0.43037,0.3155322,2.023833,0.4424797,0.9588233,2.059306,0.3764511,0.7288568,2.0672,0.3474823,0.5299747,2.052866,0.3337423,0.3474419,2.007353,0.3462861,0.3286045,2.008209,0.518536,0.7440732,1.940207,0.5255502,0.536978,1.914321,0.4664472,0.2927418,1.878253,0.4606189,0.2326263,1.880937,0.3536057,0.3007969,2.022163,0.4445685,0.008871019,1.960535,0.444122,-0.3232589,1.995946,0.4848047,0.3315415,1.96285,0.4252363,0.03573227,1.854719,0.3881161,-0.2750575,1.964242,0.4560727,0.7821561,2.033806
72057594038042242,0,1.012187,106257.1,0.43037,0.3155322,2.023833,0.4424797,0.9588233,2.059306,0.3764511,0.7288568,2.0672,0.3474823,0.5299747,2.052866,0.3337423,0.3474419,2.007353,0.3462861,0.3286045,2.008209,0.518536,0.7440732,1.940207,0.5255502,0.536978,1.914321,0.4664472,0.2927418,1.878253,0.4606189,0.2326263,1.880937,0.3536057,0.3007969,2.022163,0.4445685,0.008871019,1.960535,0.444122,-0.3232589,1.995946,0.4848047,0.3315415,1.96285,0.4252363,0.03573227,1.854719,0.3881161,-0.2750575,1.964242,0.4560727,0.7821561,2.033806
72057594038042242,0,1.012187,106257.1,0.43037,0.3155322,2.023833,0.4424797,0.9588233,2.059306,0.3764511,0.7288568,2.0672,0.3474823,0.5299747,2.052866,0.3337423,0.3474419,2.007353,0.3462861,0.3286045,2.008209,0.518536,0.7440732,1.940207,0.5255502,0.536978,1.914321,0.4664472,0.2927418,1.878253,0.4606189,0.2326263,1.880937,0.3536057,0.3007969,2.022163,0.4445685,0.008871019,1.960535,0.444122,-0.3232589,1.995946,0.4848047,0.3315415,1.96285,0.4252363,0.03573227,1.854719,0.3881161,-0.2750575,1.964242,0.4560727,0.7821561,2.033806
72057594038042242,0,1.012187,106257.1,0.43037,0.3155322,2.023833,0.4424797,0.9588233,2.059306,0.3764511,0.7288568,2.0672,0.3474823,0.5299747,2.052866,0.3337423,0.3474419,2.007353,0.3462861,0.3286045,2.008209,0.518536,0.7440732,1.940207,0.5255502,0.536978,1.914321,0.4664472,0.2927418,1.878253,0.4606189,0.2326263,1.880937,0.3536057,0.3007969,2.022163,0.4445685,0.008871019,1.960535,0.444122,-0.3232589,1.995946,0.4848047,0.3315415,1.96285,0.4252363,0.03573227,1.854719,0.3881161,-0.2750575,1.964242,0.4560727,0.7821561,2.033806
72057594038042242,0,1.012187,106257.1,0.43037,0.3155322,2.023833,0.4424797,0.9588233,2.059306,0.3764511,0.7288568,2.0672,0.3474823,0.5299747,2.052866,0.3337423,0.3474419,2.007353,0.3462861,0.3286045,2.008209,0.518536,0.7440732,1.940207,0.5255502,0.536978,1.914321,0.4664472,0.2927418,1.878253,0.4606189,0.2326263,1.880937,0.3536057,0.3007969,2.022163,0.4445685,0.008871019,1.960535,0.444122,-0.3232589,1.995946,0.4848047,0.3315415,1.96285,0.4252363,0.03573227,1.854719,0.3881161,-0.2750575,1.964242,0.4560727,0.7821561,2.033806
72057594038042242,0,1.012187,106257.1,0.43037,0.3155322,2.023833,0.4424797,0.9588233,2.059306,0.3764511,0.7288568,2.0672,0.3474823,0.5299747,2.052866,0.3337423,0.3474419,2.007353,0.3462861,0.3286045,2.008209,0.518536,0.7440732,1.940207,0.5255502,0.536978,1.914321,0.4664472,0.2927418,1.878253,0.4606189,0.2326263,1.880937,0.3536057,0.3007969,2.022163,0.4445685,0.008871019,1.960535,0.444122,-0.3232589,1.995946,0.4848047,0.3315415,1.96285,0.4252363,0.03573227,1.854719,0.3881161,-0.2750575,1.964242,0.4560727,0.7821561,2.033806
72057594038042242,0,1.012187,106257.1,0.43037,0.3155322,2.023833,0.4424797,0.9588233,2.059306,0.3764511,0.7288568,2.0672,0.3474823,0.5299747,2.052866,0.3337423,0.3474419,2.007353,0.3462861,0.3286045,2.008209,0.518536,0.7440732,1.940207,0.5255502,0.536978,1.914321,0.4664472,0.2927418,1.878253,0.4606189,0.2326263,1.880937,0.3536057,0.3007969,2.022163,0.4445685,0.008871019,1.960535,0.444122,-0.3232589,1.995946,0.4848047,0.3315415,1.96285,0.4252363,0.03573227,1.854719,0.3881161,-0.2750575,1.964242,0.4560727,0.7821561,2.033806
72057594038042242,0,1.012187,106257.1,0.43037,0.3155322,2.023833,0.4424797,0.9588233,2.059306,0.3764511,0.7288568,2.0672,0.3474823,0.5299747,2.052866,0.3337423,0.3474419,2.007353,0.3462861,0.3286045,2.008209,0.518536,0.7440732,1.940207,0.5255502,0.536978,1.914321,0.4664472,0.2927418,1.878253,0.4606189,0.2326263,1.880937,0.3536057,0.3007969,2.022163,0.4445685,0.008871019,1.960535,0.444122,-0.3232589,1.995946,0.4848047,0.3315415,1.96285,0.4252363,0.03573227,1.854719,0.3881161,-0.2750575,1.964242,0.4560727,0.7821561,2.033806
72057594038042242,0,1.012187,106257.1,0.43037,0.3155322,2.023833,0.4424797,0.9588233,2.059306,0.3764511,0.7288568,2.0672,0.3474823,0.5299747,2.052866,0.3337423,0.3474419,2.007353,0.3462861,0.3286045,2.008209,0.518536,0.7440732,1.940207,0.5255502,0.536978,1.914321,0.4664472,0.2927418,1.878253,0.4606189,0.2326263,1.880937,0.3536057,0.3007969,2.022163,0.4445685,0.008871019,1.960535,0.444122,-0.3232589,1.995946,0.4848047,0.3315415,1.96285,0.4252363,0.03573227,1.854719,0.3881161,-0.2750575,1.964242,0.4560727,0.7821561,2.033806
72057594038042242,0,1.012187,106257.1,0.43037,0.3155322,2.023833,0.4424797,0.9588233,2.059306,0.3764511,0.7288568,2.0672,0.3474823,0.5299747,2.052866,0.3337423,0.3474419,2.007353,0.3462861,0.3286045,2.008209,0.518536,0.7440732,1.940207,0.5255502,0.536978,1.914321,0.4664472,0.2927418,1.878253,0.4606189,0.2326263,1.880937,0.3536057,0.3007969,2.022163,0.4445685,0.008871019,1.960535,0.444122,-0.3232589,1.995946,0.4848047,0.3315415,1.96285,0.4252363,0.03573227,1.854719,0.3881161,-0.2750575,1.964242,0.4560727,0.7821561,2.033806
72057594038042242,0,1.014675,106257.1,0.4277455,0.3137645,2.020057,0.4380729,0.9600866,2.055007,0.3772232,0.7280589,2.066878,0.3457452,0.5304009,2.051276,0.3329006,0.3472593,2.00865,0.3450196,0.3284194,2.001626,0.518478,0.7439927,1.940063,0.5240763,0.5353901,1.908301,0.466565,0.3207443,1.865725,0.4597603,0.2485728,1.872096,0.3537236,0.298913,2.02115,0.4372432,0.004530191,1.961084,0.4404356,-0.3268613,2.000843,0.4818367,0.3310176,1.955413,0.4531912,0.03419891,1.836986,0.4015613,-0.2797179,1.933176,0.4545262,0.7833126,2.028024
72057594038042242,0,1.014675,106257.1,0.4277455,0.3137645,2.020057,0.4380729,0.9600866,2.055007,0.3772232,0.7280589,2.066878,0.3457452,0.5304009,2.051276,0.3329006,0.3472593,2.00865,0.3450196,0.3284194,2.001626,0.518478,0.7439927,1.940063,0.5240763,0.5353901,1.908301,0.466565,0.3207443,1.865725,0.4597603,0.2485728,1.872096,0.3537236,0.298913,2.02115,0.4372432,0.004530191,1.961084,0.4404356,-0.3268613,2.000843,0.4818367,0.3310176,1.955413,0.4531912,0.03419891,1.836986,0.4015613,-0.2797179,1.933176,0.4545262,0.7833126,2.028024
72057594038042242,0,1.014675,106257.1,0.4277455,0.3137645,2.020057,0.4380729,0.9600866,2.055007,0.3772232,0.7280589,2.066878,0.3457452,0.5304009,2.051276,0.3329006,0.3472593,2.00865,0.3450196,0.3284194,2.001626,0.518478,0.7439927,1.940063,0.5240763,0.5353901,1.908301,0.466565,0.3207443,1.865725,0.4597603,0.2485728,1.872096,0.3537236,0.298913,2.02115,0.4372432,0.004530191,1.961084,0.4404356,-0.3268613,2.000843,0.4818367,0.3310176,1.955413,0.4531912,0.03419891,1.836986,0.4015613,-0.2797179,1.933176,0.4545262,0.7833126,2.028024
72057594038042242,0,1.014675,106257.1,0.4277455,0.3137645,2.020057,0.4380729,0.9600866,2.055007,0.3772232,0.7280589,2.066878,0.3457452,0.5304009,2.051276,0.3329006,0.3472593,2.00865,0.3450196,0.3284194,2.001626,0.518478,0.7439927,1.940063,0.5240763,0.5353901,1.908301,0.466565,0.3207443,1.865725,0.4597603,0.2485728,1.872096,0.3537236,0.298913,2.02115,0.4372432,0.004530191,1.961084,0.4404356,-0.3268613,2.000843,0.4818367,0.3310176,1.955413,0.4531912,0.03419891,1.836986,0.4015613,-0.2797179,1.933176,0.4545262,0.7833126,2.028024
72057594038042242,0,1.014675,106257.1,0.4277455,0.3137645,2.020057,0.4380729,0.9600866,2.055007,0.3772232,0.7280589,2.066878,0.3457452,0.5304009,2.051276,0.3329006,0.3472593,2.00865,0.3450196,0.3284194,2.001626,0.518478,0.7439927,1.940063,0.5240763,0.5353901,1.908301,0.466565,0.3207443,1.865725,0.4597603,0.2485728,1.872096,0.3537236,0.298913,2.02115,0.4372432,0.004530191,1.961084,0.4404356,-0.3268613,2.000843,0.4818367,0.3310176,1.955413,0.4531912,0.03419891,1.836986,0.4015613,-0.2797179,1.933176,0.4545262,0.7833126,2.028024
72057594038042242,0,1.014675,106257.1,0.4277455,0.3137645,2.020057,0.4380729,0.9600866,2.055007,0.3772232,0.7280589,2.066878,0.3457452,0.5304009,2.051276,0.3329006,0.3472593,2.00865,0.3450196,0.3284194,2.001626,0.518478,0.7439927,1.940063,0.5240763,0.5353901,1.908301,0.466565,0.3207443,1.865725,0.4597603,0.2485728,1.872096,0.3537236,0.298913,2.02115,0.4372432,0.004530191,1.961084,0.4404356,-0.3268613,2.000843,0.4818367,0.3310176,1.955413,0.4531912,0.03419891,1.836986,0.4015613,-0.2797179,1.933176,0.4545262,0.7833126,2.028024
72057594038042242,0,1.014675,106257.1,0.4277455,0.3137645,2.020057,0.4380729,0.9600866,2.055007,0.3772232,0.7280589,2.066878,0.3457452,0.5304009,2.051276,0.3329006,0.3472593,2.00865,0.3450196,0.3284194,2.001626,0.518478,0.7439927,1.940063,0.5240763,0.5353901,1.908301,0.466565,0.3207443,1.865725,0.4597603,0.2485728,1.872096,0.3537236,0.298913,2.02115,0.4372432,0.004530191,1.961084,0.4404356,-0.3268613,2.000843,0.4818367,0.3310176,1.955413,0.4531912,0.03419891,1.836986,0.4015613,-0.2797179,1.933176,0.4545262,0.7833126,2.028024
72057594038042242,0,1.014675,106257.2,0.4277455,0.3137645,2.020057,0.4380729,0.9600866,2.055007,0.3772232,0.7280589,2.066878,0.3457452,0.5304009,2.051276,0.3329006,0.3472593,2.00865,0.3450196,0.3284194,2.001626,0.518478,0.7439927,1.940063,0.5240763,0.5353901,1.908301,0.466565,0.3207443,1.865725,0.4597603,0.2485728,1.872096,0.3537236,0.298913,2.02115,0.4372432,0.004530191,1.961084,0.4404356,-0.3268613,2.000843,0.4818367,0.3310176,1.955413,0.4531912,0.03419891,1.836986,0.4015613,-0.2797179,1.933176,0.4545262,0.7833126,2.028024
72057594038042242,0,1.014675,106257.2,0.4277455,0.3137645,2.020057,0.4380729,0.9600866,2.055007,0.3772232,0.7280589,2.066878,0.3457452,0.5304009,2.051276,0.3329006,0.3472593,2.00865,0.3450196,0.3284194,2.001626,0.518478,0.7439927,1.940063,0.5240763,0.5353901,1.908301,0.466565,0.3207443,1.865725,0.4597603,0.2485728,1.872096,0.3537236,0.298913,2.02115,0.4372432,0.004530191,1.961084,0.4404356,-0.3268613,2.000843,0.4818367,0.3310176,1.955413,0.4531912,0.03419891,1.836986,0.4015613,-0.2797179,1.933176,0.4545262,0.7833126,2.028024
72057594038042242,0,1.014675,106257.2,0.4277455,0.3137645,2.020057,0.4380729,0.9600866,2.055007,0.3772232,0.7280589,2.066878,0.3457452,0.5304009,2.051276,0.3329006,0.3472593,2.00865,0.3450196,0.3284194,2.001626,0.518478,0.7439927,1.940063,0.5240763,0.5353901,1.908301,0.466565,0.3207443,1.865725,0.4597603,0.2485728,1.872096,0.3537236,0.298913,2.02115,0.4372432,0.004530191,1.961084,0.4404356,-0.3268613,2.000843,0.4818367,0.3310176,1.955413,0.4531912,0.03419891,1.836986,0.4015613,-0.2797179,1.933176,0.4545262,0.7833126,2.028024
72057594038042242,0,1.017734,106257.2,0.4240815,0.3119269,2.014915,0.4294648,0.9666265,2.053217,0.3817177,0.7273164,2.064844,0.3438937,0.5307849,2.047246,0.3319395,0.3499477,1.993545,0.3451219,0.3293669,1.987683,0.5183303,0.7436553,1.939334,0.5250065,0.5368644,1.903104,0.467111,0.3210284,1.863507,0.4628882,0.2518023,1.860436,0.3530839,0.2972308,2.018489,0.4468485,0.007133782,1.948693,0.4481708,-0.3232952,1.994467,0.4778921,0.3295282,1.949007,0.4617358,0.02937472,1.840669,0.407376,-0.2828276,1.940399,0.4565615,0.7906112,2.011577
72057594038042242,0,1.017734,106257.2,0.4240815,0.3119269,2.014915,0.4294648,0.9666265,2.053217,0.3817177,0.7273164,2.064844,0.3438937,0.5307849,2.047246,0.3319395,0.3499477,1.993545,0.3451219,0.3293669,1.987683,0.5183303,0.7436553,1.939334,0.5250065,0.5368644,1.903104,0.467111,0.3210284,1.863507,0.4628882,0.2518023,1.860436,0.3530839,0.2972308,2.018489,0.4468485,0.007133782,1.948693,0.4481708,-0.3232952,1.994467,0.4778921,0.3295282,1.949007,0.4617358,0.02937472,1.840669,0.407376,-0.2828276,1.940399,0.4565615,0.7906112,2.011577
72057594038042242,0,1.017734,106257.2,0.4240815,0.3119269,2.014915,0.4294648,0.9666265,2.053217,0.3817177,0.7273164,2.064844,0.3438937,0.5307849,2.047246,0.3319395,0.3499477,1.993545,0.3451219,0.3293669,1.987683,0.5183303,0.7436553,1.939334,0.5250065,0.5368644,1.903104,0.467111,0.3210284,1.863507,0.4628882,0.2518023,1.860436,0.3530839,0.2972308,2.018489,0.4468485,0.007133782,1.948693,0.4481708,-0.3232952,1.994467,0.4778921,0.3295282,1.949007,0.4617358,0.02937472,1.840669,0.407376,-0.2828276,1.940399,0.4565615,0.7906112,2.011577
72057594038042242,0,1.017734,106257.2,0.4240815,0.3119269,2.014915,0.4294648,0.9666265,2.053217,0.3817177,0.7273164,2.064844,0.3438937,0.5307849,2.047246,0.3319395,0.3499477,1.993545,0.3451219,0.3293669,1.987683,0.5183303,0.7436553,1.939334,0.5250065,0.5368644,1.903104,0.467111,0.3210284,1.863507,0.4628882,0.2518023,1.860436,0.3530839,0.2972308,2.018489,0.4468485,0.007133782,1.948693,0.4481708,-0.3232952,1.994467,0.4778921,0.3295282,1.949007,0.4617358,0.02937472,1.840669,0.407376,-0.2828276,1.940399,0.4565615,0.7906112,2.011577
72057594038042242,0,1.017734,106257.2,0.4240815,0.3119269,2.014915,0.4294648,0.9666265,2.053217,0.3817177,0.7273164,2.064844,0.3438937,0.5307849,2.047246,0.3319395,0.3499477,1.993545,0.3451219,0.3293669,1.987683,0.5183303,0.7436553,1.939334,0.5250065,0.5368644,1.903104,0.467111,0.3210284,1.863507,0.4628882,0.2518023,1.860436,0.3530839,0.2972308,2.018489,0.4468485,0.007133782,1.948693,0.4481708,-0.3232952,1.994467,0.4778921,0.3295282,1.949007,0.4617358,0.02937472,1.840669,0.407376,-0.2828276,1.940399,0.4565615,0.7906112,2.011577
72057594038042242,0,1.017734,106257.2,0.4240815,0.3119269,2.014915,0.4294648,0.9666265,2.053217,0.3817177,0.7273164,2.064844,0.3438937,0.5307849,2.047246,0.3319395,0.3499477,1.993545,0.3451219,0.3293669,1.987683,0.5183303,0.7436553,1.939334,0.5250065,0.5368644,1.903104,0.467111,0.3210284,1.863507,0.4628882,0.2518023,1.860436,0.3530839,0.2972308,2.018489,0.4468485,0.007133782,1.948693,0.4481708,-0.3232952,1.994467,0.4778921,0.3295282,1.949007,0.4617358,0.02937472,1.840669,0.407376,-0.2828276,1.940399,0.4565615,0.7906112,2.011577
72057594038042242,0,1.017734,106257.2,0.4240815,0.3119269,2.014915,0.4294648,0.9666265,2.053217,0.3817177,0.7273164,2.064844,0.3438937,0.5307849,2.047246,0.3319395,0.3499477,1.993545,0.3451219,0.3293669,1.987683,0.5183303,0.7436553,1.939334,0.5250065,0.5368644,1.903104,0.467111,0.3210284,1.863507,0.4628882,0.2518023,1.860436,0.3530839,0.2972308,2.018489,0.4468485,0.007133782,1.948693,0.4481708,-0.3232952,1.994467,0.4778921,0.3295282,1.949007,0.4617358,0.02937472,1.840669,0.407376,-0.2828276,1.940399,0.4565615,0.7906112,2.011577
72057594038042242,0,1.017734,106257.2,0.4240815,0.3119269,2.014915,0.4294648,0.9666265,2.053217,0.3817177,0.7273164,2.064844,0.3438937,0.5307849,2.047246,0.3319395,0.3499477,1.993545,0.3451219,0.3293669,1.987683,0.5183303,0.7436553,1.939334,0.5250065,0.5368644,1.903104,0.467111,0.3210284,1.863507,0.4628882,0.2518023,1.860436,0.3530839,0.2972308,2.018489,0.4468485,0.007133782,1.948693,0.4481708,-0.3232952,1.994467,0.4778921,0.3295282,1.949007,0.4617358,0.02937472,1.840669,0.407376,-0.2828276,1.940399,0.4565615,0.7906112,2.011577
72057594038042242,0,1.017734,106257.2,0.4240815,0.3119269,2.014915,0.4294648,0.9666265,2.053217,0.3817177,0.7273164,2.064844,0.3438937,0.5307849,2.047246,0.3319395,0.3499477,1.993545,0.3451219,0.3293669,1.987683,0.5183303,0.7436553,1.939334,0.5250065,0.5368644,1.903104,0.467111,0.3210284,1.863507,0.4628882,0.2518023,1.860436,0.3530839,0.2972308,2.018489,0.4468485,0.007133782,1.948693,0.4481708,-0.3232952,1.994467,0.4778921,0.3295282,1.949007,0.4617358,0.02937472,1.840669,0.407376,-0.2828276,1.940399,0.4565615,0.7906112,2.011577
72057594038042242,0,1.026522,106257.2,0.4264007,0.3129052,2.00319,0.4247639,0.9652792,2.048068,0.3824663,0.7267007,2.064472,0.3419903,0.5290838,2.045358,0.3319178,0.3481863,1.991519,0.3451541,0.3246365,1.981168,0.5180734,0.7438242,1.938568,0.5239492,0.5364639,1.898805,0.460125,0.2931912,1.864218,0.4573574,0.2448565,1.863528,0.3566128,0.296319,2.009652,0.4472705,0.004272282,1.949177,0.4488677,-0.3260903,1.995196,0.4812504,0.3324489,1.933585,0.4599278,0.02668881,1.853861,0.394974,-0.2755745,1.973488,0.455364,0.7907928,2.009456
72057594038042242,0,1.026522,106257.2,0.4264007,0.3129052,2.00319,0.4247639,0.9652792,2.048068,0.3824663,0.7267007,2.064472,0.3419903,0.5290838,2.045358,0.3319178,0.3481863,1.991519,0.3451541,0.3246365,1.981168,0.5180734,0.7438242,1.938568,0.5239492,0.5364639,1.898805,0.460125,0.2931912,1.864218,0.4573574,0.2448565,1.863528,0.3566128,0.296319,2.009652,0.4472705,0.004272282,1.949177,0.4488677,-0.3260903,1.995196,0.4812504,0.3324489,1.933585,0.4599278,0.02668881,1.853861,0.394974,-0.2755745,1.973488,0.455364,0.7907928,2.009456
72057594038042242,0,1.026522,106257.2,0.4264007,0.3129052,2.00319,0.4247639,0.9652792,2.048068,0.3824663,0.7267007,2.064472,0.3419903,0.5290838,2.045358,0.3319178,0.3481863,1.991519,0.3451541,0.3246365,1.981168,0.5180734,0.7438242,1.938568,0.5239492,0.5364639,1.898805,0.460125,0.2931912,1.864218,0.4573574,0.2448565,1.863528,0.3566128,0.296319,2.009652,0.4472705,0.004272282,1.949177,0.4488677,-0.3260903,1.995196,0.4812504,0.3324489,1.933585,0.4599278,0.02668881,1.853861,0.394974,-0.2755745,1.973488,0.455364,0.7907928,2.009456
72057594038042242,0,1.026522,106257.2,0.4264007,0.3129052,2.00319,0.4247639,0.9652792,2.048068,0.3824663,0.7267007,2.064472,0.3419903,0.5290838,2.045358,0.3319178,0.3481863,1.991519,0.3451541,0.3246365,1.981168,0.5180734,0.7438242,1.938568,0.5239492,0.5364639,1.898805,0.460125,0.2931912,1.864218,0.4573574,0.2448565,1.863528,0.3566128,0.296319,2.009652,0.4472705,0.004272282,1.949177,0.4488677,-0.3260903,1.995196,0.4812504,0.3324489,1.933585,0.4599278,0.02668881,1.853861,0.394974,-0.2755745,1.973488,0.455364,0.7907928,2.009456
72057594038042242,0,1.026522,106257.2,0.4264007,0.3129052,2.00319,0.4247639,0.9652792,2.048068,0.3824663,0.7267007,2.064472,0.3419903,0.5290838,2.045358,0.3319178,0.3481863,1.991519,0.3451541,0.3246365,1.981168,0.5180734,0.7438242,1.938568,0.5239492,0.5364639,1.898805,0.460125,0.2931912,1.864218,0.4573574,0.2448565,1.863528,0.3566128,0.296319,2.009652,0.4472705,0.004272282,1.949177,0.4488677,-0.3260903,1.995196,0.4812504,0.3324489,1.933585,0.4599278,0.02668881,1.853861,0.394974,-0.2755745,1.973488,0.455364,0.7907928,2.009456
72057594038042242,0,1.026522,106257.2,0.4264007,0.3129052,2.00319,0.4247639,0.9652792,2.048068,0.3824663,0.7267007,2.064472,0.3419903,0.5290838,2.045358,0.3319178,0.3481863,1.991519,0.3451541,0.3246365,1.981168,0.5180734,0.7438242,1.938568,0.5239492,0.5364639,1.898805,0.460125,0.2931912,1.864218,0.4573574,0.2448565,1.863528,0.3566128,0.296319,2.009652,0.4472705,0.004272282,1.949177,0.4488677,-0.3260903,1.995196,0.4812504,0.3324489,1.933585,0.4599278,0.02668881,1.853861,0.394974,-0.2755745,1.973488,0.455364,0.7907928,2.009456
72057594038042242,0,1.026522,106257.2,0.4264007,0.3129052,2.00319,0.4247639,0.9652792,2.048068,0.3824663,0.7267007,2.064472,0.3419903,0.5290838,2.045358,0.3319178,0.3481863,1.991519,0.3451541,0.3246365,1.981168,0.5180734,0.7438242,1.938568,0.5239492,0.5364639,1.898805,0.460125,0.2931912,1.864218,0.4573574,0.2448565,1.863528,0.3566128,0.296319,2.009652,0.4472705,0.004272282,1.949177,0.4488677,-0.3260903,1.995196,0.4812504,0.3324489,1.933585,0.4599278,0.02668881,1.853861,0.394974,-0.2755745,1.973488,0.455364,0.7907928,2.009456
72057594038042242,0,1.026522,106257.2,0.4264007,0.3129052,2.00319,0.4247639,0.9652792,2.048068,0.3824663,0.7267007,2.064472,0.3419903,0.5290838,2.045358,0.3319178,0.3481863,1.991519,0.3451541,0.3246365,1.981168,0.5180734,0.7438242,1.938568,0.5239492,0.5364639,1.898805,0.460125,0.2931912,1.864218,0.4573574,0.2448565,1.863528,0.3566128,0.296319,2.009652,0.4472705,0.004272282,1.949177,0.4488677,-0.3260903,1.995196,0.4812504,0.3324489,1.933585,0.4599278,0.02668881,1.853861,0.394974,-0.2755745,1.973488,0.455364,0.7907928,2.009456
72057594038042242,0,1.026522,106257.2,0.4264007,0.3129052,2.00319,0.4247639,0.9652792,2.048068,0.3824663,0.7267007,2.064472,0.3419903,0.5290838,2.045358,0.3319178,0.3481863,1.991519,0.3451541,0.3246365,1.981168,0.5180734,0.7438242,1.938568,0.5239492,0.5364639,1.898805,0.460125,0.2931912,1.864218,0.4573574,0.2448565,1.863528,0.3566128,0.296319,2.009652,0.4472705,0.004272282,1.949177,0.4488677,-0.3260903,1.995196,0.4812504,0.3324489,1.933585,0.4599278,0.02668881,1.853861,0.394974,-0.2755745,1.973488,0.455364,0.7907928,2.009456
72057594038042242,0,1.026522,106257.2,0.4264007,0.3129052,2.00319,0.4247639,0.9652792,2.048068,0.3824663,0.7267007,2.064472,0.3419903,0.5290838,2.045358,0.3319178,0.3481863,1.991519,0.3451541,0.3246365,1.981168,0.5180734,0.7438242,1.938568,0.5239492,0.5364639,1.898805,0.460125,0.2931912,1.864218,0.4573574,0.2448565,1.863528,0.3566128,0.296319,2.009652,0.4472705,0.004272282,1.949177,0.4488677,-0.3260903,1.995196,0.4812504,0.3324489,1.933585,0.4599278,0.02668881,1.853861,0.394974,-0.2755745,1.973488,0.455364,0.7907928,2.009456
72057594038042242,0,1.026522,106257.2,0.4264007,0.3129052,2.00319,0.4247639,0.9652792,2.048068,0.3824663,0.7267007,2.064472,0.3419903,0.5290838,2.045358,0.3319178,0.3481863,1.991519,0.3451541,0.3246365,1.981168,0.5180734,0.7438242,1.938568,0.5239492,0.5364639,1.898805,0.460125,0.2931912,1.864218,0.4573574,0.2448565,1.863528,0.3566128,0.296319,2.009652,0.4472705,0.004272282,1.949177,0.4488677,-0.3260903,1.995196,0.4812504,0.3324489,1.933585,0.4599278,0.02668881,1.853861,0.394974,-0.2755745,1.973488,0.455364,0.7907928,2.009456
72057594038042242,0,1.026522,106257.2,0.4264007,0.3129052,2.00319,0.4247639,0.9652792,2.048068,0.3824663,0.7267007,2.064472,0.3419903,0.5290838,2.045358,0.3319178,0.3481863,1.991519,0.3451541,0.3246365,1.981168,0.5180734,0.7438242,1.938568,0.5239492,0.5364639,1.898805,0.460125,0.2931912,1.864218,0.4573574,0.2448565,1.863528,0.3566128,0.296319,2.009652,0.4472705,0.004272282,1.949177,0.4488677,-0.3260903,1.995196,0.4812504,0.3324489,1.933585,0.4599278,0.02668881,1.853861,0.394974,-0.2755745,1.973488,0.455364,0.7907928,2.009456
72057594038042242,0,1.037601,106257.2,0.4332484,0.3099101,1.99413,0.4230202,0.9662154,2.043778,0.3807578,0.725199,2.063503,0.3345401,0.5256728,2.0421,0.3346125,0.3512272,1.966986,0.3556394,0.3315237,1.961493,0.5161449,0.743495,1.932552,0.5242217,0.53771,1.895195,0.4634522,0.3223151,1.851482,0.4616491,0.2563688,1.85306,0.3667272,0.2903326,1.997494,0.4423234,0.01155281,1.942753,0.4375919,-0.2331492,1.988017,0.4864446,0.3312917,1.927406,0.4192859,0.03072718,1.849423,0.3809622,-0.2573564,2.004996,0.4507573,0.7897835,2.005998
72057594038042242,0,1.037601,106257.2,0.4332484,0.3099101,1.99413,0.4230202,0.9662154,2.043778,0.3807578,0.725199,2.063503,0.3345401,0.5256728,2.0421,0.3346125,0.3512272,1.966986,0.3556394,0.3315237,1.961493,0.5161449,0.743495,1.932552,0.5242217,0.53771,1.895195,0.4634522,0.3223151,1.851482,0.4616491,0.2563688,1.85306,0.3667272,0.2903326,1.997494,0.4423234,0.01155281,1.942753,0.4375919,-0.2331492,1.988017,0.4864446,0.3312917,1.927406,0.4192859,0.03072718,1.849423,0.3809622,-0.2573564,2.004996,0.4507573,0.7897835,2.005998
72057594038042242,0,1.037601,106257.2,0.4332484,0.3099101,1.99413,0.4230202,0.9662154,2.043778,0.3807578,0.725199,2.063503,0.3345401,0.5256728,2.0421,0.3346125,0.3512272,1.966986,0.3556394,0.3315237,1.961493,0.5161449,0.743495,1.932552,0.5242217,0.53771,1.895195,0.4634522,0.3223151,1.851482,0.4616491,0.2563688,1.85306,0.3667272,0.2903326,1.997494,0.4423234,0.01155281,1.942753,0.4375919,-0.2331492,1.988017,0.4864446,0.3312917,1.927406,0.4192859,0.03072718,1.849423,0.3809622,-0.2573564,2.004996,0.4507573,0.7897835,2.005998
72057594038042242,0,1.037601,106257.2,0.4332484,0.3099101,1.99413,0.4230202,0.9662154,2.043778,0.3807578,0.725199,2.063503,0.3345401,0.5256728,2.0421,0.3346125,0.3512272,1.966986,0.3556394,0.3315237,1.961493,0.5161449,0.743495,1.932552,0.5242217,0.53771,1.895195,0.4634522,0.3223151,1.851482,0.4616491,0.2563688,1.85306,0.3667272,0.2903326,1.997494,0.4423234,0.01155281,1.942753,0.4375919,-0.2331492,1.988017,0.4864446,0.3312917,1.927406,0.4192859,0.03072718,1.849423,0.3809622,-0.2573564,2.004996,0.4507573,0.7897835,2.005998
72057594038042242,0,1.037601,106257.2,0.4332484,0.3099101,1.99413,0.4230202,0.9662154,2.043778,0.3807578,0.725199,2.063503,0.3345401,0.5256728,2.0421,0.3346125,0.3512272,1.966986,0.3556394,0.3315237,1.961493,0.5161449,0.743495,1.932552,0.5242217,0.53771,1.895195,0.4634522,0.3223151,1.851482,0.4616491,0.2563688,1.85306,0.3667272,0.2903326,1.997494,0.4423234,0.01155281,1.942753,0.4375919,-0.2331492,1.988017,0.4864446,0.3312917,1.927406,0.4192859,0.03072718,1.849423,0.3809622,-0.2573564,2.004996,0.4507573,0.7897835,2.005998
72057594038042242,0,1.037601,106257.3,0.4332484,0.3099101,1.99413,0.4230202,0.9662154,2.043778,0.3807578,0.725199,2.063503,0.3345401,0.5256728,2.0421,0.3346125,0.3512272,1.966986,0.3556394,0.3315237,1.961493,0.5161449,0.743495,1.932552,0.5242217,0.53771,1.895195,0.4634522,0.3223151,1.851482,0.4616491,0.2563688,1.85306,0.3667272,0.2903326,1.997494,0.4423234,0.01155281,1.942753,0.4375919,-0.2331492,1.988017,0.4864446,0.3312917,1.927406,0.4192859,0.03072718,1.849423,0.3809622,-0.2573564,2.004996,0.4507573,0.7897835,2.005998
72057594038042242,0,1.037601,106257.3,0.4332484,0.3099101,1.99413,0.4230202,0.9662154,2.043778,0.3807578,0.725199,2.063503,0.3345401,0.5256728,2.0421,0.3346125,0.3512272,1.966986,0.3556394,0.3315237,1.961493,0.5161449,0.743495,1.932552,0.5242217,0.53771,1.895195,0.4634522,0.3223151,1.851482,0.4616491,0.2563688,1.85306,0.3667272,0.2903326,1.997494,0.4423234,0.01155281,1.942753,0.4375919,-0.2331492,1.988017,0.4864446,0.3312917,1.927406,0.4192859,0.03072718,1.849423,0.3809622,-0.2573564,2.004996,0.4507573,0.7897835,2.005998
72057594038042242,0,1.037601,106257.3,0.4332484,0.3099101,1.99413,0.4230202,0.9662154,2.043778,0.3807578,0.725199,2.063503,0.3345401,0.5256728,2.0421,0.3346125,0.3512272,1.966986,0.3556394,0.3315237,1.961493,0.5161449,0.743495,1.932552,0.5242217,0.53771,1.895195,0.4634522,0.3223151,1.851482,0.4616491,0.2563688,1.85306,0.3667272,0.2903326,1.997494,0.4423234,0.01155281,1.942753,0.4375919,-0.2331492,1.988017,0.4864446,0.3312917,1.927406,0.4192859,0.03072718,1.849423,0.3809622,-0.2573564,2.004996,0.4507573,0.7897835,2.005998
72057594038042242,0,1.037601,106257.3,0.4332484,0.3099101,1.99413,0.4230202,0.9662154,2.043778,0.3807578,0.725199,2.063503,0.3345401,0.5256728,2.0421,0.3346125,0.3512272,1.966986,0.3556394,0.3315237,1.961493,0.5161449,0.743495,1.932552,0.5242217,0.53771,1.895195,0.4634522,0.3223151,1.851482,0.4616491,0.2563688,1.85306,0.3667272,0.2903326,1.997494,0.4423234,0.01155281,1.942753,0.4375919,-0.2331492,1.988017,0.4864446,0.3312917,1.927406,0.4192859,0.03072718,1.849423,0.3809622,-0.2573564,2.004996,0.4507573,0.7897835,2.005998
72057594038042242,0,1.037601,106257.3,0.4332484,0.3099101,1.99413,0.4230202,0.9662154,2.043778,0.3807578,0.725199,2.063503,0.3345401,0.5256728,2.0421,0.3346125,0.3512272,1.966986,0.3556394,0.3315237,1.961493,0.5161449,0.743495,1.932552,0.5242217,0.53771,1.895195,0.4634522,0.3223151,1.851482,0.4616491,0.2563688,1.85306,0.3667272,0.2903326,1.997494,0.4423234,0.01155281,1.942753,0.4375919,-0.2331492,1.988017,0.4864446,0.3312917,1.927406,0.4192859,0.03072718,1.849423,0.3809622,-0.2573564,2.004996,0.4507573,0.7897835,2.005998
72057594038042242,0,1.057573,106257.3,0.4498018,0.3021256,1.98226,0.4198987,0.9656236,2.038247,0.37586,0.7219936,2.054268,0.3343082,0.4852841,1.997756,0.3487121,0.3154423,1.913519,0.3622652,0.3027035,1.943174,0.5158691,0.7448792,1.931732,0.530309,0.5431645,1.889186,0.4770365,0.2975708,1.853119,0.4641525,0.2513206,1.847935,0.3814212,0.2775392,1.984004,0.441229,0.01308718,1.941439,0.4375477,-0.2331418,1.987893,0.5053431,0.328334,1.917606,0.3880517,0.03964597,1.859616,0.3519493,-0.2453239,2.0208,0.4507558,0.7901934,2.004523
72057594038042242,0,1.057573,106257.3,0.4498018,0.3021256,1.98226,0.4198987,0.9656236,2.038247,0.37586,0.7219936,2.054268,0.3343082,0.4852841,1.997756,0.3487121,0.3154423,1.913519,0.3622652,0.3027035,1.943174,0.5158691,0.7448792,1.931732,0.530309,0.5431645,1.889186,0.4770365,0.2975708,1.853119,0.4641525,0.2513206,1.847935,0.3814212,0.2775392,1.984004,0.441229,0.01308718,1.941439,0.4375477,-0.2331418,1.987893,0.5053431,0.328334,1.917606,0.3880517,0.03964597,1.859616,0.3519493,-0.2453239,2.0208,0.4507558,0.7901934,2.004523
72057594038042242,0,1.057573,106257.3,0.4498018,0.3021256,1.98226,0.4198987,0.9656236,2.038247,0.37586,0.7219936,2.054268,0.3343082,0.4852841,1.997756,0.3487121,0.3154423,1.913519,0.3622652,0.3027035,1.943174,0.5158691,0.7448792,1.931732,0.530309,0.5431645,1.889186,0.4770365,0.2975708,1.853119,0.4641525,0.2513206,1.847935,0.3814212,0.2775392,1.984004,0.441229,0.01308718,1.941439,0.4375477,-0.2331418,1.987893,0.5053431,0.328334,1.917606,0.3880517,0.03964597,1.859616,0.3519493,-0.2453239,2.0208,0.4507558,0.7901934,2.004523
72057594038042242,0,1.057573,106257.3,0.4498018,0.3021256,1.98226,0.4198987,0.9656236,2.038247,0.37586,0.7219936,2.054268,0.3343082,0.4852841,1.997756,0.3487121,0.3154423,1.913519,0.3622652,0.3027035,1.943174,0.5158691,0.7448792,1.931732,0.530309,0.5431645,1.889186,0.4770365,0.2975708,1.853119,0.4641525,0.2513206,1.847935,0.3814212,0.2775392,1.984004,0.441229,0.01308718,1.941439,0.4375477,-0.2331418,1.987893,0.5053431,0.328334,1.917606,0.3880517,0.03964597,1.859616,0.3519493,-0.2453239,2.0208,0.4507558,0.7901934,2.004523
72057594038042242,0,1.057573,106257.3,0.4498018,0.3021256,1.98226,0.4198987,0.9656236,2.038247,0.37586,0.7219936,2.054268,0.3343082,0.4852841,1.997756,0.3487121,0.3154423,1.913519,0.3622652,0.3027035,1.943174,0.5158691,0.7448792,1.931732,0.530309,0.5431645,1.889186,0.4770365,0.2975708,1.853119,0.4641525,0.2513206,1.847935,0.3814212,0.2775392,1.984004,0.441229,0.01308718,1.941439,0.4375477,-0.2331418,1.987893,0.5053431,0.328334,1.917606,0.3880517,0.03964597,1.859616,0.3519493,-0.2453239,2.0208,0.4507558,0.7901934,2.004523
72057594038042242,0,1.057573,106257.3,0.4498018,0.3021256,1.98226,0.4198987,0.9656236,2.038247,0.37586,0.7219936,2.054268,0.3343082,0.4852841,1.997756,0.3487121,0.3154423,1.913519,0.3622652,0.3027035,1.943174,0.5158691,0.7448792,1.931732,0.530309,0.5431645,1.889186,0.4770365,0.2975708,1.853119,0.4641525,0.2513206,1.847935,0.3814212,0.2775392,1.984004,0.441229,0.01308718,1.941439,0.4375477,-0.2331418,1.987893,0.5053431,0.328334,1.917606,0.3880517,0.03964597,1.859616,0.3519493,-0.2453239,2.0208,0.4507558,0.7901934,2.004523
72057594038042242,0,1.057573,106257.3,0.4498018,0.3021256,1.98226,0.4198987,0.9656236,2.038247,0.37586,0.7219936,2.054268,0.3343082,0.4852841,1.997756,0.3487121,0.3154423,1.913519,0.3622652,0.3027035,1.943174,0.5158691,0.7448792,1.931732,0.530309,0.5431645,1.889186,0.4770365,0.2975708,1.853119,0.4641525,0.2513206,1.847935,0.3814212,0.2775392,1.984004,0.441229,0.01308718,1.941439,0.4375477,-0.2331418,1.987893,0.5053431,0.328334,1.917606,0.3880517,0.03964597,1.859616,0.3519493,-0.2453239,2.0208,0.4507558,0.7901934,2.004523
72057594038042242,0,1.057573,106257.3,0.4498018,0.3021256,1.98226,0.4198987,0.9656236,2.038247,0.37586,0.7219936,2.054268,0.3343082,0.4852841,1.997756,0.3487121,0.3154423,1.913519,0.3622652,0.3027035,1.943174,0.5158691,0.7448792,1.931732,0.530309,0.5431645,1.889186,0.4770365,0.2975708,1.853119,0.4641525,0.2513206,1.847935,0.3814212,0.2775392,1.984004,0.441229,0.01308718,1.941439,0.4375477,-0.2331418,1.987893,0.5053431,0.328334,1.917606,0.3880517,0.03964597,1.859616,0.3519493,-0.2453239,2.0208,0.4507558,0.7901934,2.004523
72057594038042242,0,1.057573,106257.3,0.4498018,0.3021256,1.98226,0.4198987,0.9656236,2.038247,0.37586,0.7219936,2.054268,0.3343082,0.4852841,1.997756,0.3487121,0.3154423,1.913519,0.3622652,0.3027035,1.943174,0.5158691,0.7448792,1.931732,0.530309,0.5431645,1.889186,0.4770365,0.2975708,1.853119,0.4641525,0.2513206,1.847935,0.3814212,0.2775392,1.984004,0.441229,0.01308718,1.941439,0.4375477,-0.2331418,1.987893,0.5053431,0.328334,1.917606,0.3880517,0.03964597,1.859616,0.3519493,-0.2453239,2.0208,0.4507558,0.7901934,2.004523
72057594038042242,0,1.057573,106257.3,0.4498018,0.3021256,1.98226,0.4198987,0.9656236,2.038247,0.37586,0.7219936,2.054268,0.3343082,0.4852841,1.997756,0.3487121,0.3154423,1.913519,0.3622652,0.3027035,1.943174,0.5158691,0.7448792,1.931732,0.530309,0.5431645,1.889186,0.4770365,0.2975708,1.853119,0.4641525,0.2513206,1.847935,0.3814212,0.2775392,1.984004,0.441229,0.01308718,1.941439,0.4375477,-0.2331418,1.987893,0.5053431,0.328334,1.917606,0.3880517,0.03964597,1.859616,0.3519493,-0.2453239,2.0208,0.4507558,0.7901934,2.004523
72057594038042242,0,1.057573,106257.3,0.4498018,0.3021256,1.98226,0.4198987,0.9656236,2.038247,0.37586,0.7219936,2.054268,0.3343082,0.4852841,1.997756,0.3487121,0.3154423,1.913519,0.3622652,0.3027035,1.943174,0.5158691,0.7448792,1.931732,0.530309,0.5431645,1.889186,0.4770365,0.2975708,1.853119,0.4641525,0.2513206,1.847935,0.3814212,0.2775392,1.984004,0.441229,0.01308718,1.941439,0.4375477,-0.2331418,1.987893,0.5053431,0.328334,1.917606,0.3880517,0.03964597,1.859616,0.3519493,-0.2453239,2.0208,0.4507558,0.7901934,2.004523
72057594038042242,0,1.058285,106257.3,0.4454557,0.3024689,1.978323,0.4152012,0.9645314,2.034426,0.373872,0.7208476,2.050598,0.3328258,0.5278748,1.985859,0.3400199,0.3480273,1.927748,0.3491701,0.3389409,1.925496,0.5152123,0.7471535,1.930538,0.530746,0.5457103,1.886332,0.4624819,0.3220356,1.844644,0.4608539,0.2562663,1.847098,0.3759955,0.280921,1.978638,0.4376087,0.02431694,1.941497,0.4374935,-0.2331601,1.987777,0.5014075,0.3265407,1.914791,0.3975379,0.03386322,1.849695,0.3816227,-0.1952024,2.081301,0.4496,0.7907223,2.001835
72057594038042242,0,1.058285,106257.3,0.4454557,0.3024689,1.978323,0.4152012,0.9645314,2.034426,0.373872,0.7208476,2.050598,0.3328258,0.5278748,1.985859,0.3400199,0.3480273,1.927748,0.3491701,0.3389409,1.925496,0.5152123,0.7471535,1.930538,0.530746,0.5457103,1.886332,0.4624819,0.3220356,1.844644,0.4608539,0.2562663,1.847098,0.3759955,0.280921,1.978638,0.4376087,0.02431694,1.941497,0.4374935,-0.2331601,1.987777,0.5014075,0.3265407,1.914791,0.3975379,0.03386322,1.849695,0.3816227,-0.1952024,2.081301,0.4496,0.7907223,2.001835
72057594038042242,0,1.058285,106257.3,0.4454557,0.3024689,1.978323,0.4152012,0.9645314,2.034426,0.373872,0.7208476,2.050598,0.3328258,0.5278748,1.985859,0.3400199,0.3480273,1.927748,0.3491701,0.3389409,1.925496,0.5152123,0.7471535,1.930538,0.530746,0.5457103,1.886332,0.4624819,0.3220356,1.844644,0.4608539,0.2562663,1.847098,0.3759955,0.280921,1.978638,0.4376087,0.02431694,1.941497,0.4374935,-0.2331601,1.987777,0.5014075,0.3265407,1.914791,0.3975379,0.03386322,1.849695,0.3816227,-0.1952024,2.081301,0.4496,0.7907223,2.001835
72057594038042242,0,1.058285,106257.3,0.4454557,0.3024689,1.978323,0.4152012,0.9645314,2.034426,0.373872,0.7208476,2.050598,0.3328258,0.5278748,1.985859,0.3400199,0.3480273,1.927748,0.3491701,0.3389409,1.925496,0.5152123,0.7471535,1.930538,0.530746,0.5457103,1.886332,0.4624819,0.3220356,1.844644,0.4608539,0.2562663,1.847098,0.3759955,0.280921,1.978638,0.4376087,0.02431694,1.941497,0.4374935,-0.2331601,1.987777,0.5014075,0.3265407,1.914791,0.3975379,0.03386322,1.849695,0.3816227,-0.1952024,2.081301,0.4496,0.7907223,2.001835
72057594038042242,0,1.058285,106257.3,0.4454557,0.3024689,1.978323,0.4152012,0.9645314,2.034426,0.373872,0.7208476,2.050598,0.3328258,0.5278748,1.985859,0.3400199,0.3480273,1.927748,0.3491701,0.3389409,1.925496,0.5152123,0.7471535,1.930538,0.530746,0.5457103,1.886332,0.4624819,0.3220356,1.844644,0.4608539,0.2562663,1.847098,0.3759955,0.280921,1.978638,0.4376087,0.02431694,1.941497,0.4374935,-0.2331601,1.987777,0.5014075,0.3265407,1.914791,0.3975379,0.03386322,1.849695,0.3816227,-0.1952024,2.081301,0.4496,0.7907223,2.001835
72057594038042242,0,1.058285,106257.3,0.4454557,0.3024689,1.978323,0.4152012,0.9645314,2.034426,0.373872,0.7208476,2.050598,0.3328258,0.5278748,1.985859,0.3400199,0.3480273,1.927748,0.3491701,0.3389409,1.925496,0.5152123,0.7471535,1.930538,0.530746,0.5457103,1.886332,0.4624819,0.3220356,1.844644,0.4608539,0.2562663,1.847098,0.3759955,0.280921,1.978638,0.4376087,0.02431694,1.941497,0.4374935,-0.2331601,1.987777,0.5014075,0.3265407,1.914791,0.3975379,0.03386322,1.849695,0.3816227,-0.1952024,2.081301,0.4496,0.7907223,2.001835
72057594038042242,0,1.058285,106257.3,0.4454557,0.3024689,1.978323,0.4152012,0.9645314,2.034426,0.373872,0.7208476,2.050598,0.3328258,0.5278748,1.985859,0.3400199,0.3480273,1.927748,0.3491701,0.3389409,1.925496,0.5152123,0.7471535,1.930538,0.530746,0.5457103,1.886332,0.4624819,0.3220356,1.844644,0.4608539,0.2562663,1.847098,0.3759955,0.280921,1.978638,0.4376087,0.02431694,1.941497,0.4374935,-0.2331601,1.987777,0.5014075,0.3265407,1.914791,0.3975379,0.03386322,1.849695,0.3816227,-0.1952024,2.081301,0.4496,0.7907223,2.001835
72057594038042242,0,1.058285,106257.3,0.4454557,0.3024689,1.978323,0.4152012,0.9645314,2.034426,0.373872,0.7208476,2.050598,0.3328258,0.5278748,1.985859,0.3400199,0.3480273,1.927748,0.3491701,0.3389409,1.925496,0.5152123,0.7471535,1.930538,0.530746,0.5457103,1.886332,0.4624819,0.3220356,1.844644,0.4608539,0.2562663,1.847098,0.3759955,0.280921,1.978638,0.4376087,0.02431694,1.941497,0.4374935,-0.2331601,1.987777,0.5014075,0.3265407,1.914791,0.3975379,0.03386322,1.849695,0.3816227,-0.1952024,2.081301,0.4496,0.7907223,2.001835
72057594038042242,0,1.058285,106257.3,0.4454557,0.3024689,1.978323,0.4152012,0.9645314,2.034426,0.373872,0.7208476,2.050598,0.3328258,0.5278748,1.985859,0.3400199,0.3480273,1.927748,0.3491701,0.3389409,1.925496,0.5152123,0.7471535,1.930538,0.530746,0.5457103,1.886332,0.4624819,0.3220356,1.844644,0.4608539,0.2562663,1.847098,0.3759955,0.280921,1.978638,0.4376087,0.02431694,1.941497,0.4374935,-0.2331601,1.987777,0.5014075,0.3265407,1.914791,0.3975379,0.03386322,1.849695,0.3816227,-0.1952024,2.081301,0.4496,0.7907223,2.001835
72057594038042242,0,1.058285,106257.3,0.4454557,0.3024689,1.978323,0.4152012,0.9645314,2.034426,0.373872,0.7208476,2.050598,0.3328258,0.5278748,1.985859,0.3400199,0.3480273,1.927748,0.3491701,0.3389409,1.925496,0.5152123,0.7471535,1.930538,0.530746,0.5457103,1.886332,0.4624819,0.3220356,1.844644,0.4608539,0.2562663,1.847098,0.3759955,0.280921,1.978638,0.4376087,0.02431694,1.941497,0.4374935,-0.2331601,1.987777,0.5014075,0.3265407,1.914791,0.3975379,0.03386322,1.849695,0.3816227,-0.1952024,2.081301,0.4496,0.7907223,2.001835
72057594038042242,0,1.063594,106257.3,0.4479533,0.2997181,1.974525,0.4119714,0.9636514,2.0314,0.3729855,0.7202923,2.048957,0.3321141,0.5176206,1.97467,0.3346123,0.3384021,1.914271,0.3635354,0.3206544,1.918829,0.5146357,0.7487177,1.928948,0.5320081,0.5482023,1.882552,0.4613779,0.3343951,1.842205,0.4585884,0.2660821,1.844485,0.3801822,0.2755397,1.971586,0.4560396,-0.02062416,1.932621,0.4372997,-0.2331144,1.987624,0.5025584,0.3256223,1.91363,0.3940056,0.03573596,1.838792,0.3747027,-0.1989081,2.064877,0.4491715,0.7907608,1.999902
72057594038042242,0,1.063594,106257.3,0.4479533,0.2997181,1.974525,0.4119714,0.9636514,2.0314,0.3729855,0.7202923,2.048957,0.3321141,0.5176206,1.97467,0.3346123,0.3384021,1.914271,0.3635354,0.3206544,1.918829,0.5146357,0.7487177,1.928948,0.5320081,0.5482023,1.882552,0.4613779,0.3343951,1.842205,0.4585884,0.2660821,1.844485,0.3801822,0.2755397,1.971586,0.4560396,-0.02062416,1.932621,0.4372997,-0.2331144,1.987624,0.5025584,0.3256223,1.91363,0.3940056,0.03573596,1.838792,0.3747027,-0.1989081,2.064877,0.4491715,0.7907608,1.999902
72057594038042242,0,1.063594,106257.3,0.4479533,0.2997181,1.974525,0.4119714,0.9636514,2.0314,0.3729855,0.7202923,2.048957,0.3321141,0.5176206,1.97467,0.3346123,0.3384021,1.914271,0.3635354,0.3206544,1.918829,0.5146357,0.7487177,1.928948,0.5320081,0.5482023,1.882552,0.4613779,0.3343951,1.842205,0.4585884,0.2660821,1.844485,0.3801822,0.2755397,1.971586,0.4560396,-0.02062416,1.932621,0.4372997,-0.2331144,1.987624,0.5025584,0.3256223,1.91363,0.3940056,0.03573596,1.838792,0.3747027,-0.1989081,2.064877,0.4491715,0.7907608,1.999902
72057594038042242,0,1.063594,106257.3,0.4479533,0.2997181,1.974525,0.4119714,0.9636514,2.0314,0.3729855,0.7202923,2.048957,0.3321141,0.5176206,1.97467,0.3346123,0.3384021,1.914271,0.3635354,0.3206544,1.918829,0.5146357,0.7487177,1.928948,0.5320081,0.5482023,1.882552,0.4613779,0.3343951,1.842205,0.4585884,0.2660821,1.844485,0.3801822,0.2755397,1.971586,0.4560396,-0.02062416,1.932621,0.4372997,-0.2331144,1.987624,0.5025584,0.3256223,1.91363,0.3940056,0.03573596,1.838792,0.3747027,-0.1989081,2.064877,0.4491715,0.7907608,1.999902
72057594038042242,0,1.063594,106257.3,0.4479533,0.2997181,1.974525,0.4119714,0.9636514,2.0314,0.3729855,0.7202923,2.048957,0.3321141,0.5176206,1.97467,0.3346123,0.3384021,1.914271,0.3635354,0.3206544,1.918829,0.5146357,0.7487177,1.928948,0.5320081,0.5482023,1.882552,0.4613779,0.3343951,1.842205,0.4585884,0.2660821,1.844485,0.3801822,0.2755397,1.971586,0.4560396,-0.02062416,1.932621,0.4372997,-0.2331144,1.987624,0.5025584,0.3256223,1.91363,0.3940056,0.03573596,1.838792,0.3747027,-0.1989081,2.064877,0.4491715,0.7907608,1.999902
72057594038042242,0,1.063594,106257.3,0.4479533,0.2997181,1.974525,0.4119714,0.9636514,2.0314,0.3729855,0.7202923,2.048957,0.3321141,0.5176206,1.97467,0.3346123,0.3384021,1.914271,0.3635354,0.3206544,1.918829,0.5146357,0.7487177,1.928948,0.5320081,0.5482023,1.882552,0.4613779,0.3343951,1.842205,0.4585884,0.2660821,1.844485,0.3801822,0.2755397,1.971586,0.4560396,-0.02062416,1.932621,0.4372997,-0.2331144,1.987624,0.5025584,0.3256223,1.91363,0.3940056,0.03573596,1.838792,0.3747027,-0.1989081,2.064877,0.4491715,0.7907608,1.999902
72057594038042242,0,1.063594,106257.4,0.4479533,0.2997181,1.974525,0.4119714,0.9636514,2.0314,0.3729855,0.7202923,2.048957,0.3321141,0.5176206,1.97467,0.3346123,0.3384021,1.914271,0.3635354,0.3206544,1.918829,0.5146357,0.7487177,1.928948,0.5320081,0.5482023,1.882552,0.4613779,0.3343951,1.842205,0.4585884,0.2660821,1.844485,0.3801822,0.2755397,1.971586,0.4560396,-0.02062416,1.932621,0.4372997,-0.2331144,1.987624,0.5025584,0.3256223,1.91363,0.3940056,0.03573596,1.838792,0.3747027,-0.1989081,2.064877,0.4491715,0.7907608,1.999902
72057594038042242,0,1.063594,106257.4,0.4479533,0.2997181,1.974525,0.4119714,0.9636514,2.0314,0.3729855,0.7202923,2.048957,0.3321141,0.5176206,1.97467,0.3346123,0.3384021,1.914271,0.3635354,0.3206544,1.918829,0.5146357,0.7487177,1.928948,0.5320081,0.5482023,1.882552,0.4613779,0.3343951,1.842205,0.4585884,0.2660821,1.844485,0.3801822,0.2755397,1.971586,0.4560396,-0.02062416,1.932621,0.4372997,-0.2331144,1.987624,0.5025584,0.3256223,1.91363,0.3940056,0.03573596,1.838792,0.3747027,-0.1989081,2.064877,0.4491715,0.7907608,1.999902
72057594038042242,0,1.063594,106257.4,0.4479533,0.2997181,1.974525,0.4119714,0.9636514,2.0314,0.3729855,0.7202923,2.048957,0.3321141,0.5176206,1.97467,0.3346123,0.3384021,1.914271,0.3635354,0.3206544,1.918829,0.5146357,0.7487177,1.928948,0.5320081,0.5482023,1.882552,0.4613779,0.3343951,1.842205,0.4585884,0.2660821,1.844485,0.3801822,0.2755397,1.971586,0.4560396,-0.02062416,1.932621,0.4372997,-0.2331144,1.987624,0.5025584,0.3256223,1.91363,0.3940056,0.03573596,1.838792,0.3747027,-0.1989081,2.064877,0.4491715,0.7907608,1.999902
72057594038042242,0,1.063594,106257.4,0.4479533,0.2997181,1.974525,0.4119714,0.9636514,2.0314,0.3729855,0.7202923,2.048957,0.3321141,0.5176206,1.97467,0.3346123,0.3384021,1.914271,0.3635354,0.3206544,1.918829,0.5146357,0.7487177,1.928948,0.5320081,0.5482023,1.882552,0.4613779,0.3343951,1.842205,0.4585884,0.2660821,1.844485,0.3801822,0.2755397,1.971586,0.4560396,-0.02062416,1.932621,0.4372997,-0.2331144,1.987624,0.5025584,0.3256223,1.91363,0.3940056,0.03573596,1.838792,0.3747027,-0.1989081,2.064877,0.4491715,0.7907608,1.999902
72057594038042242,0,1.064958,106257.4,0.450743,0.3040259,1.971059,0.411743,0.9686125,2.024663,0.3642264,0.8190675,1.98557,0.337213,0.5653641,1.956175,0.330558,0.356006,1.89968,0.3564547,0.3341456,1.895423,0.5091001,0.7587899,1.911695,0.5331389,0.547005,1.878628,0.4623294,0.3352983,1.840478,0.4581079,0.2661693,1.842184,0.3818202,0.2835516,1.962838,0.4559376,-0.02067819,1.929319,0.4372272,-0.2332814,1.98727,0.5061669,0.3281839,1.91365,0.3910252,0.04178107,1.831323,0.3719024,-0.1929832,2.057339,0.4395291,0.7905617,1.992565
72057594038042242,0,1.064958,106257.4,0.450743,0.3040259,1.971059,0.411743,0.9686125,2.024663,0.3642264,0.8190675,1.98557,0.337213,0.5653641,1.956175,0.330558,0.356006,1.89968,0.3564547,0.3341456,1.895423,0.5091001,0.7587899,1.911695,0.5331389,0.547005,1.878628,0.4623294,0.3352983,1.840478,0.4581079,0.2661693,1.842184,0.3818202,0.2835516,1.962838,0.4559376,-0.02067819,1.929319,0.4372272,-0.2332814,1.98727,0.5061669,0.3281839,1.91365,0.3910252,0.04178107,1.831323,0.3719024,-0.1929832,2.057339,0.4395291,0.7905617,1.992565
72057594038042242,0,1.064958,106257.4,0.450743,0.3040259,1.971059,0.411743,0.9686125,2.024663,0.3642264,0.8190675,1.98557,0.337213,0.5653641,1.956175,0.330558,0.356006,1.89968,0.3564547,0.3341456,1.895423,0.5091001,0.7587899,1.911695,0.5331389,0.547005,1.878628,0.4623294,0.3352983,1.840478,0.4581079,0.2661693,1.842184,0.3818202,0.2835516,1.962838,0.4559376,-0.02067819,1.929319,0.4372272,-0.2332814,1.98727,0.5061669,0.3281839,1.91365,0.3910252,0.04178107,1.831323,0.3719024,-0.1929832,2.057339,0.4395291,0.7905617,1.992565
72057594038042242,0,1.064958,106257.4,0.450743,0.3040259,1.971059,0.411743,0.9686125,2.024663,0.3642264,0.8190675,1.98557,0.337213,0.5653641,1.956175,0.330558,0.356006,1.89968,0.3564547,0.3341456,1.895423,0.5091001,0.7587899,1.911695,0.5331389,0.547005,1.878628,0.4623294,0.3352983,1.840478,0.4581079,0.2661693,1.842184,0.3818202,0.2835516,1.962838,0.4559376,-0.02067819,1.929319,0.4372272,-0.2332814,1.98727,0.5061669,0.3281839,1.91365,0.3910252,0.04178107,1.831323,0.3719024,-0.1929832,2.057339,0.4395291,0.7905617,1.992565
72057594038042242,0,1.064958,106257.4,0.450743,0.3040259,1.971059,0.411743,0.9686125,2.024663,0.3642264,0.8190675,1.98557,0.337213,0.5653641,1.956175,0.330558,0.356006,1.89968,0.3564547,0.3341456,1.895423,0.5091001,0.7587899,1.911695,0.5331389,0.547005,1.878628,0.4623294,0.3352983,1.840478,0.4581079,0.2661693,1.842184,0.3818202,0.2835516,1.962838,0.4559376,-0.02067819,1.929319,0.4372272,-0.2332814,1.98727,0.5061669,0.3281839,1.91365,0.3910252,0.04178107,1.831323,0.3719024,-0.1929832,2.057339,0.4395291,0.7905617,1.992565
72057594038042242,0,1.064958,106257.4,0.450743,0.3040259,1.971059,0.411743,0.9686125,2.024663,0.3642264,0.8190675,1.98557,0.337213,0.5653641,1.956175,0.330558,0.356006,1.89968,0.3564547,0.3341456,1.895423,0.5091001,0.7587899,1.911695,0.5331389,0.547005,1.878628,0.4623294,0.3352983,1.840478,0.4581079,0.2661693,1.842184,0.3818202,0.2835516,1.962838,0.4559376,-0.02067819,1.929319,0.4372272,-0.2332814,1.98727,0.5061669,0.3281839,1.91365,0.3910252,0.04178107,1.831323,0.3719024,-0.1929832,2.057339,0.4395291,0.7905617,1.992565
72057594038042242,0,1.064958,106257.4,0.450743,0.3040259,1.971059,0.411743,0.9686125,2.024663,0.3642264,0.8190675,1.98557,0.337213,0.5653641,1.956175,0.330558,0.356006,1.89968,0.3564547,0.3341456,1.895423,0.5091001,0.7587899,1.911695,0.5331389,0.547005,1.878628,0.4623294,0.3352983,1.840478,0.4581079,0.2661693,1.842184,0.3818202,0.2835516,1.962838,0.4559376,-0.02067819,1.929319,0.4372272,-0.2332814,1.98727,0.5061669,0.3281839,1.91365,0.3910252,0.04178107,1.831323,0.3719024,-0.1929832,2.057339,0.4395291,0.7905617,1.992565
72057594038042242,0,1.064958,106257.4,0.450743,0.3040259,1.971059,0.411743,0.9686125,2.024663,0.3642264,0.8190675,1.98557,0.337213,0.5653641,1.956175,0.330558,0.356006,1.89968,0.3564547,0.3341456,1.895423,0.5091001,0.7587899,1.911695,0.5331389,0.547005,1.878628,0.4623294,0.3352983,1.840478,0.4581079,0.2661693,1.842184,0.3818202,0.2835516,1.962838,0.4559376,-0.02067819,1.929319,0.4372272,-0.2332814,1.98727,0.5061669,0.3281839,1.91365,0.3910252,0.04178107,1.831323,0.3719024,-0.1929832,2.057339,0.4395291,0.7905617,1.992565
72057594038042242,0,1.064958,106257.4,0.450743,0.3040259,1.971059,0.411743,0.9686125,2.024663,0.3642264,0.8190675,1.98557,0.337213,0.5653641,1.956175,0.330558,0.356006,1.89968,0.3564547,0.3341456,1.895423,0.5091001,0.7587899,1.911695,0.5331389,0.547005,1.878628,0.4623294,0.3352983,1.840478,0.4581079,0.2661693,1.842184,0.3818202,0.2835516,1.962838,0.4559376,-0.02067819,1.929319,0.4372272,-0.2332814,1.98727,0.5061669,0.3281839,1.91365,0.3910252,0.04178107,1.831323,0.3719024,-0.1929832,2.057339,0.4395291,0.7905617,1.992565
72057594038042242,0,1.064958,106257.4,0.450743,0.3040259,1.971059,0.411743,0.9686125,2.024663,0.3642264,0.8190675,1.98557,0.337213,0.5653641,1.956175,0.330558,0.356006,1.89968,0.3564547,0.3341456,1.895423,0.5091001,0.7587899,1.911695,0.5331389,0.547005,1.878628,0.4623294,0.3352983,1.840478,0.4581079,0.2661693,1.842184,0.3818202,0.2835516,1.962838,0.4559376,-0.02067819,1.929319,0.4372272,-0.2332814,1.98727,0.5061669,0.3281839,1.91365,0.3910252,0.04178107,1.831323,0.3719024,-0.1929832,2.057339,0.4395291,0.7905617,1.992565
72057594038042242,0,1.065862,106257.4,0.4509114,0.3053118,1.968937,0.4071523,0.9667562,2.022537,0.3621167,0.8186675,1.986759,0.3371413,0.5655187,1.948338,0.3306494,0.3576914,1.889399,0.3606783,0.3344798,1.881655,0.5091091,0.759479,1.913579,0.5348169,0.5466481,1.875993,0.4630548,0.3352853,1.838881,0.4570149,0.2668124,1.841104,0.3805912,0.2861646,1.958799,0.4567068,-0.02100477,1.924501,0.4371671,-0.2334201,1.986977,0.5068146,0.3283876,1.913365,0.3884963,0.04400876,1.826474,0.3720261,-0.2163353,2.024668,0.4398727,0.7907077,1.992303
72057594038042242,0,1.065862,106257.4,0.4509114,0.3053118,1.968937,0.4071523,0.9667562,2.022537,0.3621167,0.8186675,1.986759,0.3371413,0.5655187,1.948338,0.3306494,0.3576914,1.889399,0.3606783,0.3344798,1.881655,0.5091091,0.759479,1.913579,0.5348169,0.5466481,1.875993,0.4630548,0.3352853,1.838881,0.4570149,0.2668124,1.841104,0.3805912,0.2861646,1.958799,0.4567068,-0.02100477,1.924501,0.4371671,-0.2334201,1.986977,0.5068146,0.3283876,1.913365,0.3884963,0.04400876,1.826474,0.3720261,-0.2163353,2.024668,0.4398727,0.7907077,1.992303
72057594038042242,0,1.065862,106257.4,0.4509114,0.3053118,1.968937,0.4071523,0.9667562,2.022537,0.3621167,0.8186675,1.986759,0.3371413,0.5655187,1.948338,0.3306494,0.3576914,1.889399,0.3606783,0.3344798,1.881655,0.5091091,0.759479,1.913579,0.5348169,0.5466481,1.875993,0.4630548,0.3352853,1.838881,0.4570149,0.2668124,1.841104,0.3805912,0.2861646,1.958799,0.4567068,-0.02100477,1.924501,0.4371671,-0.2334201,1.986977,0.5068146,0.3283876,1.913365,0.3884963,0.04400876,1.826474,0.3720261,-0.2163353,2.024668,0.4398727,0.7907077,1.992303
72057594038042242,0,1.065862,106257.4,0.4509114,0.3053118,1.968937,0.4071523,0.9667562,2.022537,0.3621167,0.8186675,1.986759,0.3371413,0.5655187,1.948338,0.3306494,0.3576914,1.889399,0.3606783,0.3344798,1.881655,0.5091091,0.759479,1.913579,0.5348169,0.5466481,1.875993,0.4630548,0.3352853,1.838881,0.4570149,0.2668124,1.841104,0.3805912,0.2861646,1.958799,0.4567068,-0.02100477,1.924501,0.4371671,-0.2334201,1.986977,0.5068146,0.3283876,1.913365,0.3884963,0.04400876,1.826474,0.3720261,-0.2163353,2.024668,0.4398727,0.7907077,1.992303
72057594038042242,0,1.065862,106257.4,0.4509114,0.3053118,1.968937,0.4071523,0.9667562,2.022537,0.3621167,0.8186675,1.986759,0.3371413,0.5655187,1.948338,0.3306494,0.3576914,1.889399,0.3606783,0.3344798,1.881655,0.5091091,0.759479,1.913579,0.5348169,0.5466481,1.875993,0.4630548,0.3352853,1.838881,0.4570149,0.2668124,1.841104,0.3805912,0.2861646,1.958799,0.4567068,-0.02100477,1.924501,0.4371671,-0.2334201,1.986977,0.5068146,0.3283876,1.913365,0.3884963,0.04400876,1.826474,0.3720261,-0.2163353,2.024668,0.4398727,0.7907077,1.992303
72057594038042242,0,1.065862,106257.4,0.4509114,0.3053118,1.968937,0.4071523,0.9667562,2.022537,0.3621167,0.8186675,1.986759,0.3371413,0.5655187,1.948338,0.3306494,0.3576914,1.889399,0.3606783,0.3344798,1.881655,0.5091091,0.759479,1.913579,0.5348169,0.5466481,1.875993,0.4630548,0.3352853,1.838881,0.4570149,0.2668124,1.841104,0.3805912,0.2861646,1.958799,0.4567068,-0.02100477,1.924501,0.4371671,-0.2334201,1.986977,0.5068146,0.3283876,1.913365,0.3884963,0.04400876,1.826474,0.3720261,-0.2163353,2.024668,0.4398727,0.7907077,1.992303
72057594038042242,0,1.065862,106257.4,0.4509114,0.3053118,1.968937,0.4071523,0.9667562,2.022537,0.3621167,0.8186675,1.986759,0.3371413,0.5655187,1.948338,0.3306494,0.3576914,1.889399,0.3606783,0.3344798,1.881655,0.5091091,0.759479,1.913579,0.5348169,0.5466481,1.875993,0.4630548,0.3352853,1.838881,0.4570149,0.2668124,1.841104,0.3805912,0.2861646,1.958799,0.4567068,-0.02100477,1.924501,0.4371671,-0.2334201,1.986977,0.5068146,0.3283876,1.913365,0.3884963,0.04400876,1.826474,0.3720261,-0.2163353,2.024668,0.4398727,0.7907077,1.992303
72057594038042242,0,1.065862,106257.4,0.4509114,0.3053118,1.968937,0.4071523,0.9667562,2.022537,0.3621167,0.8186675,1.986759,0.3371413,0.5655187,1.948338,0.3306494,0.3576914,1.889399,0.3606783,0.3344798,1.881655,0.5091091,0.759479,1.913579,0.5348169,0.5466481,1.875993,0.4630548,0.3352853,1.838881,0.4570149,0.2668124,1.841104,0.3805912,0.2861646,1.958799,0.4567068,-0.02100477,1.924501,0.4371671,-0.2334201,1.986977,0.5068146,0.3283876,1.913365,0.3884963,0.04400876,1.826474,0.3720261,-0.2163353,2.024668,0.4398727,0.7907077,1.992303
72057594038042242,0,1.065862,106257.4,0.4509114,0.3053118,1.968937,0.4071523,0.9667562,2.022537,0.3621167,0.8186675,1.986759,0.3371413,0.5655187,1.948338,0.3306494,0.3576914,1.889399,0.3606783,0.3344798,1.881655,0.5091091,0.759479,1.913579,0.5348169,0.5466481,1.875993,0.4630548,0.3352853,1.838881,0.4570149,0.2668124,1.841104,0.3805912,0.2861646,1.958799,0.4567068,-0.02100477,1.924501,0.4371671,-0.2334201,1.986977,0.5068146,0.3283876,1.913365,0.3884963,0.04400876,1.826474,0.3720261,-0.2163353,2.024668,0.4398727,0.7907077,1.992303
72057594038042242,0,1.065862,106257.4,0.4509114,0.3053118,1.968937,0.4071523,0.9667562,2.022537,0.3621167,0.8186675,1.986759,0.3371413,0.5655187,1.948338,0.3306494,0.3576914,1.889399,0.3606783,0.3344798,1.881655,0.5091091,0.759479,1.913579,0.5348169,0.5466481,1.875993,0.4630548,0.3352853,1.838881,0.4570149,0.2668124,1.841104,0.3805912,0.2861646,1.958799,0.4567068,-0.02100477,1.924501,0.4371671,-0.2334201,1.986977,0.5068146,0.3283876,1.913365,0.3884963,0.04400876,1.826474,0.3720261,-0.2163353,2.024668,0.4398727,0.7907077,1.992303
72057594038042242,0,1.065862,106257.4,0.4509114,0.3053118,1.968937,0.4071523,0.9667562,2.022537,0.3621167,0.8186675,1.986759,0.3371413,0.5655187,1.948338,0.3306494,0.3576914,1.889399,0.3606783,0.3344798,1.881655,0.5091091,0.759479,1.913579,0.5348169,0.5466481,1.875993,0.4630548,0.3352853,1.838881,0.4570149,0.2668124,1.841104,0.3805912,0.2861646,1.958799,0.4567068,-0.02100477,1.924501,0.4371671,-0.2334201,1.986977,0.5068146,0.3283876,1.913365,0.3884963,0.04400876,1.826474,0.3720261,-0.2163353,2.024668,0.4398727,0.7907077,1.992303
72057594038042242,0,1.065932,106257.4,0.4518813,0.3059371,1.968963,0.4051573,0.9655722,2.020503,0.3619044,0.8185787,1.986867,0.3415993,0.568331,1.926168,0.3328526,0.3666577,1.855317,0.3646242,0.3296721,1.864326,0.5075097,0.7631472,1.91273,0.5360631,0.5458345,1.873317,0.4638473,0.3353531,1.837451,0.4496743,0.2627434,1.845244,0.3799834,0.2889483,1.958885,0.4564819,-0.02120745,1.924257,0.4371548,-0.2334259,1.986755,0.5124931,0.3265745,1.914739,0.3746846,0.04895654,1.836493,0.3738349,-0.1955621,2.053106,0.4401314,0.7907108,1.992189
72057594038042242,0,1.065932,106257.4,0.4518813,0.3059371,1.968963,0.4051573,0.9655722,2.020503,0.3619044,0.8185787,1.986867,0.3415993,0.568331,1.926168,0.3328526,0.3666577,1.855317,0.3646242,0.3296721,1.864326,0.5075097,0.7631472,1.91273,0.5360631,0.5458345,1.873317,0.4638473,0.3353531,1.837451,0.4496743,0.2627434,1.845244,0.3799834,0.2889483,1.958885,0.4564819,-0.02120745,1.924257,0.4371548,-0.2334259,1.986755,0.5124931,0.3265745,1.914739,0.3746846,0.04895654,1.836493,0.3738349,-0.1955621,2.053106,0.4401314,0.7907108,1.992189
72057594038042242,0,1.065932,106257.4,0.4518813,0.3059371,1.968963,0.4051573,0.9655722,2.020503,0.3619044,0.8185787,1.986867,0.3415993,0.568331,1.926168,0.3328526,0.3666577,1.855317,0.3646242,0.3296721,1.864326,0.5075097,0.7631472,1.91273,0.5360631,0.5458345,1.873317,0.4638473,0.3353531,1.837451,0.4496743,0.2627434,1.845244,0.3799834,0.2889483,1.958885,0.4564819,-0.02120745,1.924257,0.4371548,-0.2334259,1.986755,0.5124931,0.3265745,1.914739,0.3746846,0.04895654,1.836493,0.3738349,-0.1955621,2.053106,0.4401314,0.7907108,1.992189
72057594038042242,0,1.065932,106257.4,0.4518813,0.3059371,1.968963,0.4051573,0.9655722,2.020503,0.3619044,0.8185787,1.986867,0.3415993,0.568331,1.926168,0.3328526,0.3666577,1.855317,0.3646242,0.3296721,1.864326,0.5075097,0.7631472,1.91273,0.5360631,0.5458345,1.873317,0.4638473,0.3353531,1.837451,0.4496743,0.2627434,1.845244,0.3799834,0.2889483,1.958885,0.4564819,-0.02120745,1.924257,0.4371548,-0.2334259,1.986755,0.5124931,0.3265745,1.914739,0.3746846,0.04895654,1.836493,0.3738349,-0.1955621,2.053106,0.4401314,0.7907108,1.992189
72057594038042242,0,1.065932,106257.4,0.4518813,0.3059371,1.968963,0.4051573,0.9655722,2.020503,0.3619044,0.8185787,1.986867,0.3415993,0.568331,1.926168,0.3328526,0.3666577,1.855317,0.3646242,0.3296721,1.864326,0.5075097,0.7631472,1.91273,0.5360631,0.5458345,1.873317,0.4638473,0.3353531,1.837451,0.4496743,0.2627434,1.845244,0.3799834,0.2889483,1.958885,0.4564819,-0.02120745,1.924257,0.4371548,-0.2334259,1.986755,0.5124931,0.3265745,1.914739,0.3746846,0.04895654,1.836493,0.3738349,-0.1955621,2.053106,0.4401314,0.7907108,1.992189
72057594038042242,0,1.065932,106257.4,0.4518813,0.3059371,1.968963,0.4051573,0.9655722,2.020503,0.3619044,0.8185787,1.986867,0.3415993,0.568331,1.926168,0.3328526,0.3666577,1.855317,0.3646242,0.3296721,1.864326,0.5075097,0.7631472,1.91273,0.5360631,0.5458345,1.873317,0.4638473,0.3353531,1.837451,0.4496743,0.2627434,1.845244,0.3799834,0.2889483,1.958885,0.4564819,-0.02120745,1.924257,0.4371548,-0.2334259,1.986755,0.5124931,0.3265745,1.914739,0.3746846,0.04895654,1.836493,0.3738349,-0.1955621,2.053106,0.4401314,0.7907108,1.992189
72057594038042242,0,1.065932,106257.4,0.4518813,0.3059371,1.968963,0.4051573,0.9655722,2.020503,0.3619044,0.8185787,1.986867,0.3415993,0.568331,1.926168,0.3328526,0.3666577,1.855317,0.3646242,0.3296721,1.864326,0.5075097,0.7631472,1.91273,0.5360631,0.5458345,1.873317,0.4638473,0.3353531,1.837451,0.4496743,0.2627434,1.845244,0.3799834,0.2889483,1.958885,0.4564819,-0.02120745,1.924257,0.4371548,-0.2334259,1.986755,0.5124931,0.3265745,1.914739,0.3746846,0.04895654,1.836493,0.3738349,-0.1955621,2.053106,0.4401314,0.7907108,1.992189
72057594038042242,0,1.065932,106257.5,0.4518813,0.3059371,1.968963,0.4051573,0.9655722,2.020503,0.3619044,0.8185787,1.986867,0.3415993,0.568331,1.926168,0.3328526,0.3666577,1.855317,0.3646242,0.3296721,1.864326,0.5075097,0.7631472,1.91273,0.5360631,0.5458345,1.873317,0.4638473,0.3353531,1.837451,0.4496743,0.2627434,1.845244,0.3799834,0.2889483,1.958885,0.4564819,-0.02120745,1.924257,0.4371548,-0.2334259,1.986755,0.5124931,0.3265745,1.914739,0.3746846,0.04895654,1.836493,0.3738349,-0.1955621,2.053106,0.4401314,0.7907108,1.992189
72057594038042242,0,1.065932,106257.5,0.4518813,0.3059371,1.968963,0.4051573,0.9655722,2.020503,0.3619044,0.8185787,1.986867,0.3415993,0.568331,1.926168,0.3328526,0.3666577,1.855317,0.3646242,0.3296721,1.864326,0.5075097,0.7631472,1.91273,0.5360631,0.5458345,1.873317,0.4638473,0.3353531,1.837451,0.4496743,0.2627434,1.845244,0.3799834,0.2889483,1.958885,0.4564819,-0.02120745,1.924257,0.4371548,-0.2334259,1.986755,0.5124931,0.3265745,1.914739,0.3746846,0.04895654,1.836493,0.3738349,-0.1955621,2.053106,0.4401314,0.7907108,1.992189
72057594038042242,0,1.065932,106257.5,0.4518813,0.3059371,1.968963,0.4051573,0.9655722,2.020503,0.3619044,0.8185787,1.986867,0.3415993,0.568331,1.926168,0.3328526,0.3666577,1.855317,0.3646242,0.3296721,1.864326,0.5075097,0.7631472,1.91273,0.5360631,0.5458345,1.873317,0.4638473,0.3353531,1.837451,0.4496743,0.2627434,1.845244,0.3799834,0.2889483,1.958885,0.4564819,-0.02120745,1.924257,0.4371548,-0.2334259,1.986755,0.5124931,0.3265745,1.914739,0.3746846,0.04895654,1.836493,0.3738349,-0.1955621,2.053106,0.4401314,0.7907108,1.992189
72057594038042242,0,1.065932,106257.5,0.4518813,0.3059371,1.968963,0.4051573,0.9655722,2.020503,0.3619044,0.8185787,1.986867,0.3415993,0.568331,1.926168,0.3328526,0.3666577,1.855317,0.3646242,0.3296721,1.864326,0.5075097,0.7631472,1.91273,0.5360631,0.5458345,1.873317,0.4638473,0.3353531,1.837451,0.4496743,0.2627434,1.845244,0.3799834,0.2889483,1.958885,0.4564819,-0.02120745,1.924257,0.4371548,-0.2334259,1.986755,0.5124931,0.3265745,1.914739,0.3746846,0.04895654,1.836493,0.3738349,-0.1955621,2.053106,0.4401314,0.7907108,1.992189
72057594038042242,0,1.074668,106257.5,0.4556267,0.3090051,1.956861,0.4013632,0.9637118,2.019205,0.3618631,0.81857,1.986838,0.3420666,0.5685878,1.924611,0.3555365,0.4111187,1.811656,0.3616652,0.3815784,1.836952,0.5065086,0.7654231,1.91191,0.5368309,0.5454088,1.871474,0.4632641,0.3417838,1.835057,0.4487163,0.2687801,1.843361,0.3796341,0.2934393,1.951185,0.4567911,-0.01874855,1.906211,0.4296431,-0.3261853,2.025159,0.5201688,0.326476,1.899001,0.3721555,0.05016726,1.87187,0.3695013,-0.1981544,2.0844,0.4403301,0.7907712,1.991415
72057594038042242,0,1.074668,106257.5,0.4556267,0.3090051,1.956861,0.4013632,0.9637118,2.019205,0.3618631,0.81857,1.986838,0.3420666,0.5685878,1.924611,0.3555365,0.4111187,1.811656,0.3616652,0.3815784,1.836952,0.5065086,0.7654231,1.91191,0.5368309,0.5454088,1.871474,0.4632641,0.3417838,1.835057,0.4487163,0.2687801,1.843361,0.3796341,0.2934393,1.951185,0.4567911,-0.01874855,1.906211,0.4296431,-0.3261853,2.025159,0.5201688,0.326476,1.899001,0.3721555,0.05016726,1.87187,0.3695013,-0.1981544,2.0844,0.4403301,0.7907712,1.991415
72057594038042242,0,1.074668,106257.5,0.4556267,0.3090051,1.956861,0.4013632,0.9637118,2.019205,0.3618631,0.81857,1.986838,0.3420666,0.5685878,1.924611,0.3555365,0.4111187,1.811656,0.3616652,0.3815784,1.836952,0.5065086,0.7654231,1.91191,0.5368309,0.5454088,1.871474,0.4632641,0.3417838,1.835057,0.4487163,0.2687801,1.843361,0.3796341,0.2934393,1.951185,0.4567911,-0.01874855,1.906211,0.4296431,-0.3261853,2.025159,0.5201688,0.326476,1.899001,0.3721555,0.05016726,1.87187,0.3695013,-0.1981544,2.0844,0.4403301,0.7907712,1.991415
72057594038042242,0,1.074668,106257.5,0.4556267,0.3090051,1.956861,0.4013632,0.9637118,2.019205,0.3618631,0.81857,1.986838,0.3420666,0.5685878,1.924611,0.3555365,0.4111187,1.811656,0.3616652,0.3815784,1.836952,0.5065086,0.7654231,1.91191,0.5368309,0.5454088,1.871474,0.4632641,0.3417838,1.835057,0.4487163,0.2687801,1.843361,0.3796341,0.2934393,1.951185,0.4567911,-0.01874855,1.906211,0.4296431,-0.3261853,2.025159,0.5201688,0.326476,1.899001,0.3721555,0.05016726,1.87187,0.3695013,-0.1981544,2.0844,0.4403301,0.7907712,1.991415
72057594038042242,0,1.074668,106257.5,0.4556267,0.3090051,1.956861,0.4013632,0.9637118,2.019205,0.3618631,0.81857,1.986838,0.3420666,0.5685878,1.924611,0.3555365,0.4111187,1.811656,0.3616652,0.3815784,1.836952,0.5065086,0.7654231,1.91191,0.5368309,0.5454088,1.871474,0.4632641,0.3417838,1.835057,0.4487163,0.2687801,1.843361,0.3796341,0.2934393,1.951185,0.4567911,-0.01874855,1.906211,0.4296431,-0.3261853,2.025159,0.5201688,0.326476,1.899001,0.3721555,0.05016726,1.87187,0.3695013,-0.1981544,2.0844,0.4403301,0.7907712,1.991415
72057594038042242,0,1.074668,106257.5,0.4556267,0.3090051,1.956861,0.4013632,0.9637118,2.019205,0.3618631,0.81857,1.986838,0.3420666,0.5685878,1.924611,0.3555365,0.4111187,1.811656,0.3616652,0.3815784,1.836952,0.5065086,0.7654231,1.91191,0.5368309,0.5454088,1.871474,0.4632641,0.3417838,1.835057,0.4487163,0.2687801,1.843361,0.3796341,0.2934393,1.951185,0.4567911,-0.01874855,1.906211,0.4296431,-0.3261853,2.025159,0.5201688,0.326476,1.899001,0.3721555,0.05016726,1.87187,0.3695013,-0.1981544,2.0844,0.4403301,0.7907712,1.991415
72057594038042242,0,1.074668,106257.5,0.4556267,0.3090051,1.956861,0.4013632,0.9637118,2.019205,0.3618631,0.81857,1.986838,0.3420666,0.5685878,1.924611,0.3555365,0.4111187,1.811656,0.3616652,0.3815784,1.836952,0.5065086,0.7654231,1.91191,0.5368309,0.5454088,1.871474,0.4632641,0.3417838,1.835057,0.4487163,0.2687801,1.843361,0.3796341,0.2934393,1.951185,0.4567911,-0.01874855,1.906211,0.4296431,-0.3261853,2.025159,0.5201688,0.326476,1.899001,0.3721555,0.05016726,1.87187,0.3695013,-0.1981544,2.0844,0.4403301,0.7907712,1.991415
72057594038042242,0,1.074668,106257.5,0.4556267,0.3090051,1.956861,0.4013632,0.9637118,2.019205,0.3618631,0.81857,1.986838,0.3420666,0.5685878,1.924611,0.3555365,0.4111187,1.811656,0.3616652,0.3815784,1.836952,0.5065086,0.7654231,1.91191,0.5368309,0.5454088,1.871474,0.4632641,0.3417838,1.835057,0.4487163,0.2687801,1.843361,0.3796341,0.2934393,1.951185,0.4567911,-0.01874855,1.906211,0.4296431,-0.3261853,2.025159,0.5201688,0.326476,1.899001,0.3721555,0.05016726,1.87187,0.3695013,-0.1981544,2.0844,0.4403301,0.7907712,1.991415
72057594038042242,0,1.074668,106257.5,0.4556267,0.3090051,1.956861,0.4013632,0.9637118,2.019205,0.3618631,0.81857,1.986838,0.3420666,0.5685878,1.924611,0.3555365,0.4111187,1.811656,0.3616652,0.3815784,1.836952,0.5065086,0.7654231,1.91191,0.5368309,0.5454088,1.871474,0.4632641,0.3417838,1.835057,0.4487163,0.2687801,1.843361,0.3796341,0.2934393,1.951185,0.4567911,-0.01874855,1.906211,0.4296431,-0.3261853,2.025159,0.5201688,0.326476,1.899001,0.3721555,0.05016726,1.87187,0.3695013,-0.1981544,2.0844,0.4403301,0.7907712,1.991415
72057594038042242,0,1.074668,106257.5,0.4556267,0.3090051,1.956861,0.4013632,0.9637118,2.019205,0.3618631,0.81857,1.986838,0.3420666,0.5685878,1.924611,0.3555365,0.4111187,1.811656,0.3616652,0.3815784,1.836952,0.5065086,0.7654231,1.91191,0.5368309,0.5454088,1.871474,0.4632641,0.3417838,1.835057,0.4487163,0.2687801,1.843361,0.3796341,0.2934393,1.951185,0.4567911,-0.01874855,1.906211,0.4296431,-0.3261853,2.025159,0.5201688,0.326476,1.899001,0.3721555,0.05016726,1.87187,0.3695013,-0.1981544,2.0844,0.4403301,0.7907712,1.991415
72057594038042242,0,1.090035,106257.5,0.473775,0.327024,1.934042,0.4001081,0.962074,2.017836,0.3498359,0.8195303,1.998534,0.3336304,0.5702648,1.931916,0.3596475,0.4134265,1.796042,0.3563614,0.3863821,1.78911,0.5004562,0.7746667,1.903069,0.542638,0.5458776,1.868077,0.3649481,0.4147027,1.791611,0.3560171,0.3940416,1.786706,0.4020626,0.3093049,1.931123,0.4345232,0.008058906,1.94967,0.4432495,-0.3207898,2.002845,0.5313616,0.3459101,1.875542,0.3866086,0.07388052,1.900272,0.3831666,-0.1756605,2.111666,0.4280704,0.7858486,1.981254
72057594038042242,0,1.090035,106257.5,0.473775,0.327024,1.934042,0.4001081,0.962074,2.017836,0.3498359,0.8195303,1.998534,0.3336304,0.5702648,1.931916,0.3596475,0.4134265,1.796042,0.3563614,0.3863821,1.78911,0.5004562,0.7746667,1.903069,0.542638,0.5458776,1.868077,0.3649481,0.4147027,1.791611,0.3560171,0.3940416,1.786706,0.4020626,0.3093049,1.931123,0.4345232,0.008058906,1.94967,0.4432495,-0.3207898,2.002845,0.5313616,0.3459101,1.875542,0.3866086,0.07388052,1.900272,0.3831666,-0.1756605,2.111666,0.4280704,0.7858486,1.981254
72057594038042242,0,1.090035,106257.5,0.473775,0.327024,1.934042,0.4001081,0.962074,2.017836,0.3498359,0.8195303,1.998534,0.3336304,0.5702648,1.931916,0.3596475,0.4134265,1.796042,0.3563614,0.3863821,1.78911,0.5004562,0.7746667,1.903069,0.542638,0.5458776,1.868077,0.3649481,0.4147027,1.791611,0.3560171,0.3940416,1.786706,0.4020626,0.3093049,1.931123,0.4345232,0.008058906,1.94967,0.4432495,-0.3207898,2.002845,0.5313616,0.3459101,1.875542,0.3866086,0.07388052,1.900272,0.3831666,-0.1756605,2.111666,0.4280704,0.7858486,1.981254
72057594038042242,0,1.090035,106257.5,0.473775,0.327024,1.934042,0.4001081,0.962074,2.017836,0.3498359,0.8195303,1.998534,0.3336304,0.5702648,1.931916,0.3596475,0.4134265,1.796042,0.3563614,0.3863821,1.78911,0.5004562,0.7746667,1.903069,0.542638,0.5458776,1.868077,0.3649481,0.4147027,1.791611,0.3560171,0.3940416,1.786706,0.4020626,0.3093049,1.931123,0.4345232,0.008058906,1.94967,0.4432495,-0.3207898,2.002845,0.5313616,0.3459101,1.875542,0.3866086,0.07388052,1.900272,0.3831666,-0.1756605,2.111666,0.4280704,0.7858486,1.981254
72057594038042242,0,1.090035,106257.5,0.473775,0.327024,1.934042,0.4001081,0.962074,2.017836,0.3498359,0.8195303,1.998534,0.3336304,0.5702648,1.931916,0.3596475,0.4134265,1.796042,0.3563614,0.3863821,1.78911,0.5004562,0.7746667,1.903069,0.542638,0.5458776,1.868077,0.3649481,0.4147027,1.791611,0.3560171,0.3940416,1.786706,0.4020626,0.3093049,1.931123,0.4345232,0.008058906,1.94967,0.4432495,-0.3207898,2.002845,0.5313616,0.3459101,1.875542,0.3866086,0.07388052,1.900272,0.3831666,-0.1756605,2.111666,0.4280704,0.7858486,1.981254
72057594038042242,0,1.090035,106257.5,0.473775,0.327024,1.934042,0.4001081,0.962074,2.017836,0.3498359,0.8195303,1.998534,0.3336304,0.5702648,1.931916,0.3596475,0.4134265,1.796042,0.3563614,0.3863821,1.78911,0.5004562,0.7746667,1.903069,0.542638,0.5458776,1.868077,0.3649481,0.4147027,1.791611,0.3560171,0.3940416,1.786706,0.4020626,0.3093049,1.931123,0.4345232,0.008058906,1.94967,0.4432495,-0.3207898,2.002845,0.5313616,0.3459101,1.875542,0.3866086,0.07388052,1.900272,0.3831666,-0.1756605,2.111666,0.4280704,0.7858486,1.981254
72057594038042242,0,1.090035,106257.5,0.473775,0.327024,1.934042,0.4001081,0.962074,2.017836,0.3498359,0.8195303,1.998534,0.3336304,0.5702648,1.931916,0.3596475,0.4134265,1.796042,0.3563614,0.3863821,1.78911,0.5004562,0.7746667,1.903069,0.542638,0.5458776,1.868077,0.3649481,0.4147027,1.791611,0.3560171,0.3940416,1.786706,0.4020626,0.3093049,1.931123,0.4345232,0.008058906,1.94967,0.4432495,-0.3207898,2.002845,0.5313616,0.3459101,1.875542,0.3866086,0.07388052,1.900272,0.3831666,-0.1756605,2.111666,0.4280704,0.7858486,1.981254
72057594038042242,0,1.090035,106257.5,0.473775,0.327024,1.934042,0.4001081,0.962074,2.017836,0.3498359,0.8195303,1.998534,0.3336304,0.5702648,1.931916,0.3596475,0.4134265,1.796042,0.3563614,0.3863821,1.78911,0.5004562,0.7746667,1.903069,0.542638,0.5458776,1.868077,0.3649481,0.4147027,1.791611,0.3560171,0.3940416,1.786706,0.4020626,0.3093049,1.931123,0.4345232,0.008058906,1.94967,0.4432495,-0.3207898,2.002845,0.5313616,0.3459101,1.875542,0.3866086,0.07388052,1.900272,0.3831666,-0.1756605,2.111666,0.4280704,0.7858486,1.981254
72057594038042242,0,1.090035,106257.5,0.473775,0.327024,1.934042,0.4001081,0.962074,2.017836,0.3498359,0.8195303,1.998534,0.3336304,0.5702648,1.931916,0.3596475,0.4134265,1.796042,0.3563614,0.3863821,1.78911,0.5004562,0.7746667,1.903069,0.542638,0.5458776,1.868077,0.3649481,0.4147027,1.791611,0.3560171,0.3940416,1.786706,0.4020626,0.3093049,1.931123,0.4345232,0.008058906,1.94967,0.4432495,-0.3207898,2.002845,0.5313616,0.3459101,1.875542,0.3866086,0.07388052,1.900272,0.3831666,-0.1756605,2.111666,0.4280704,0.7858486,1.981254
72057594038042242,0,1.090035,106257.5,0.473775,0.327024,1.934042,0.4001081,0.962074,2.017836,0.3498359,0.8195303,1.998534,0.3336304,0.5702648,1.931916,0.3596475,0.4134265,1.796042,0.3563614,0.3863821,1.78911,0.5004562,0.7746667,1.903069,0.542638,0.5458776,1.868077,0.3649481,0.4147027,1.791611,0.3560171,0.3940416,1.786706,0.4020626,0.3093049,1.931123,0.4345232,0.008058906,1.94967,0.4432495,-0.3207898,2.002845,0.5313616,0.3459101,1.875542,0.3866086,0.07388052,1.900272,0.3831666,-0.1756605,2.111666,0.4280704,0.7858486,1.981254
72057594038042242,0,1.093937,106257.5,0.4768749,0.3254983,1.931686,0.3973031,0.9617203,2.016145,0.3505856,0.8189241,1.997733,0.3342712,0.5696987,1.930966,0.3909289,0.4567543,1.751976,0.3868384,0.4337449,1.751778,0.5002843,0.7744811,1.903837,0.5441139,0.5461791,1.866936,0.3847945,0.4076512,1.771028,0.3788451,0.3943003,1.752116,0.4053815,0.306509,1.927301,0.4339104,0.005780131,1.950734,0.442636,-0.3231184,2.003585,0.5341918,0.3454543,1.874229,0.4287274,0.05450615,1.883985,0.4245098,-0.1961553,2.094052,0.4282731,0.7862207,1.981074
72057594038042242,0,1.093937,106257.5,0.4768749,0.3254983,1.931686,0.3973031,0.9617203,2.016145,0.3505856,0.8189241,1.997733,0.3342712,0.5696987,1.930966,0.3909289,0.4567543,1.751976,0.3868384,0.4337449,1.751778,0.5002843,0.7744811,1.903837,0.5441139,0.5461791,1.866936,0.3847945,0.4076512,1.771028,0.3788451,0.3943003,1.752116,0.4053815,0.306509,1.927301,0.4339104,0.005780131,1.950734,0.442636,-0.3231184,2.003585,0.5341918,0.3454543,1.874229,0.4287274,0.05450615,1.883985,0.4245098,-0.1961553,2.094052,0.4282731,0.7862207,1.981074
72057594038042242,0,1.093937,106257.5,0.4768749,0.3254983,1.931686,0.3973031,0.9617203,2.016145,0.3505856,0.8189241,1.997733,0.3342712,0.5696987,1.930966,0.3909289,0.4567543,1.751976,0.3868384,0.4337449,1.751778,0.5002843,0.7744811,1.903837,0.5441139,0.5461791,1.866936,0.3847945,0.4076512,1.771028,0.3788451,0.3943003,1.752116,0.4053815,0.306509,1.927301,0.4339104,0.005780131,1.950734,0.442636,-0.3231184,2.003585,0.5341918,0.3454543,1.874229,0.4287274,0.05450615,1.883985,0.4245098,-0.1961553,2.094052,0.4282731,0.7862207,1.981074
72057594038042242,0,1.093937,106257.5,0.4768749,0.3254983,1.931686,0.3973031,0.9617203,2.016145,0.3505856,0.8189241,1.997733,0.3342712,0.5696987,1.930966,0.3909289,0.4567543,1.751976,0.3868384,0.4337449,1.751778,0.5002843,0.7744811,1.903837,0.5441139,0.5461791,1.866936,0.3847945,0.4076512,1.771028,0.3788451,0.3943003,1.752116,0.4053815,0.306509,1.927301,0.4339104,0.005780131,1.950734,0.442636,-0.3231184,2.003585,0.5341918,0.3454543,1.874229,0.4287274,0.05450615,1.883985,0.4245098,-0.1961553,2.094052,0.4282731,0.7862207,1.981074
72057594038042242,0,1.093937,106257.5,0.4768749,0.3254983,1.931686,0.3973031,0.9617203,2.016145,0.3505856,0.8189241,1.997733,0.3342712,0.5696987,1.930966,0.3909289,0.4567543,1.751976,0.3868384,0.4337449,1.751778,0.5002843,0.7744811,1.903837,0.5441139,0.5461791,1.866936,0.3847945,0.4076512,1.771028,0.3788451,0.3943003,1.752116,0.4053815,0.306509,1.927301,0.4339104,0.005780131,1.950734,0.442636,-0.3231184,2.003585,0.5341918,0.3454543,1.874229,0.4287274,0.05450615,1.883985,0.4245098,-0.1961553,2.094052,0.4282731,0.7862207,1.981074
72057594038042242,0,1.093937,106257.5,0.4768749,0.3254983,1.931686,0.3973031,0.9617203,2.016145,0.3505856,0.8189241,1.997733,0.3342712,0.5696987,1.930966,0.3909289,0.4567543,1.751976,0.3868384,0.4337449,1.751778,0.5002843,0.7744811,1.903837,0.5441139,0.5461791,1.866936,0.3847945,0.4076512,1.771028,0.3788451,0.3943003,1.752116,0.4053815,0.306509,1.927301,0.4339104,0.005780131,1.950734,0.442636,-0.3231184,2.003585,0.5341918,0.3454543,1.874229,0.4287274,0.05450615,1.883985,0.4245098,-0.1961553,2.094052,0.4282731,0.7862207,1.981074
72057594038042242,0,1.093937,106257.5,0.4768749,0.3254983,1.931686,0.3973031,0.9617203,2.016145,0.3505856,0.8189241,1.997733,0.3342712,0.5696987,1.930966,0.3909289,0.4567543,1.751976,0.3868384,0.4337449,1.751778,0.5002843,0.7744811,1.903837,0.5441139,0.5461791,1.866936,0.3847945,0.4076512,1.771028,0.3788451,0.3943003,1.752116,0.4053815,0.306509,1.927301,0.4339104,0.005780131,1.950734,0.442636,-0.3231184,2.003585,0.5341918,0.3454543,1.874229,0.4287274,0.05450615,1.883985,0.4245098,-0.1961553,2.094052,0.4282731,0.7862207,1.981074
72057594038042242,0,1.093937,106257.6,0.4768749,0.3254983,1.931686,0.3973031,0.9617203,2.016145,0.3505856,0.8189241,1.997733,0.3342712,0.5696987,1.930966,0.3909289,0.4567543,1.751976,0.3868384,0.4337449,1.751778,0.5002843,0.7744811,1.903837,0.5441139,0.5461791,1.866936,0.3847945,0.4076512,1.771028,0.3788451,0.3943003,1.752116,0.4053815,0.306509,1.927301,0.4339104,0.005780131,1.950734,0.442636,-0.3231184,2.003585,0.5341918,0.3454543,1.874229,0.4287274,0.05450615,1.883985,0.4245098,-0.1961553,2.094052,0.4282731,0.7862207,1.981074
72057594038042242,0,1.093937,106257.6,0.4768749,0.3254983,1.931686,0.3973031,0.9617203,2.016145,0.3505856,0.8189241,1.997733,0.3342712,0.5696987,1.930966,0.3909289,0.4567543,1.751976,0.3868384,0.4337449,1.751778,0.5002843,0.7744811,1.903837,0.5441139,0.5461791,1.866936,0.3847945,0.4076512,1.771028,0.3788451,0.3943003,1.752116,0.4053815,0.306509,1.927301,0.4339104,0.005780131,1.950734,0.442636,-0.3231184,2.003585,0.5341918,0.3454543,1.874229,0.4287274,0.05450615,1.883985,0.4245098,-0.1961553,2.094052,0.4282731,0.7862207,1.981074
72057594038042242,0,1.093937,106257.6,0.4768749,0.3254983,1.931686,0.3973031,0.9617203,2.016145,0.3505856,0.8189241,1.997733,0.3342712,0.5696987,1.930966,0.3909289,0.4567543,1.751976,0.3868384,0.4337449,1.751778,0.5002843,0.7744811,1.903837,0.5441139,0.5461791,1.866936,0.3847945,0.4076512,1.771028,0.3788451,0.3943003,1.752116,0.4053815,0.306509,1.927301,0.4339104,0.005780131,1.950734,0.442636,-0.3231184,2.003585,0.5341918,0.3454543,1.874229,0.4287274,0.05450615,1.883985,0.4245098,-0.1961553,2.094052,0.4282731,0.7862207,1.981074
72057594038042242,0,1.093937,106257.6,0.4768749,0.3254983,1.931686,0.3973031,0.9617203,2.016145,0.3505856,0.8189241,1.997733,0.3342712,0.5696987,1.930966,0.3909289,0.4567543,1.751976,0.3868384,0.4337449,1.751778,0.5002843,0.7744811,1.903837,0.5441139,0.5461791,1.866936,0.3847945,0.4076512,1.771028,0.3788451,0.3943003,1.752116,0.4053815,0.306509,1.927301,0.4339104,0.005780131,1.950734,0.442636,-0.3231184,2.003585,0.5341918,0.3454543,1.874229,0.4287274,0.05450615,1.883985,0.4245098,-0.1961553,2.094052,0.4282731,0.7862207,1.981074
72057594038042242,0,1.021107,106257.6,0.4337218,0.3554687,1.98375,0.3934335,0.9632339,2.013419,0.3447648,0.812889,1.996827,0.4910054,0.7071717,1.866996,0.5558969,0.6664478,1.689698,0.5783902,0.6534166,1.633892,0.4972382,0.7783939,1.900127,0.5433491,0.5426583,1.865347,0.3977221,0.5202625,1.740483,0.4150989,0.4914879,1.715241,0.3536467,0.3447242,1.982919,0.4306048,0.04496077,1.942008,0.4376835,-0.2836015,1.998037,0.5009518,0.3669477,1.922667,0.3439397,0.09779468,1.92782,0.3936271,-0.2208726,2.008473,0.421113,0.7879812,1.980217
72057594038042242,0,1.021107,106257.6,0.4337218,0.3554687,1.98375,0.3934335,0.9632339,2.013419,0.3447648,0.812889,1.996827,0.4910054,0.7071717,1.866996,0.5558969,0.6664478,1.689698,0.5783902,0.6534166,1.633892,0.4972382,0.7783939,1.900127,0.5433491,0.5426583,1.865347,0.3977221,0.5202625,1.740483,0.4150989,0.4914879,1.715241,0.3536467,0.3447242,1.982919,0.4306048,0.04496077,1.942008,0.4376835,-0.2836015,1.998037,0.5009518,0.3669477,1.922667,0.3439397,0.09779468,1.92782,0.3936271,-0.2208726,2.008473,0.421113,0.7879812,1.980217
72057594038042242,0,1.021107,106257.6,0.4337218,0.3554687,1.98375,0.3934335,0.9632339,2.013419,0.3447648,0.812889,1.996827,0.4910054,0.7071717,1.866996,0.5558969,0.6664478,1.689698,0.5783902,0.6534166,1.633892,0.4972382,0.7783939,1.900127,0.5433491,0.5426583,1.865347,0.3977221,0.5202625,1.740483,0.4150989,0.4914879,1.715241,0.3536467,0.3447242,1.982919,0.4306048,0.04496077,1.942008,0.4376835,-0.2836015,1.998037,0.5009518,0.3669477,1.922667,0.3439397,0.09779468,1.92782,0.3936271,-0.2208726,2.008473,0.421113,0.7879812,1.980217
72057594038042242,0,1.021107,106257.6,0.4337218,0.3554687,1.98375,0.3934335,0.9632339,2.013419,0.3447648,0.812889,1.996827,0.4910054,0.7071717,1.866996,0.5558969,0.6664478,1.689698,0.5783902,0.6534166,1.633892,0.4972382,0.7783939,1.900127,0.5433491,0.5426583,1.865347,0.3977221,0.5202625,1.740483,0.4150989,0.4914879,1.715241,0.3536467,0.3447242,1.982919,0.4306048,0.04496077,1.942008,0.4376835,-0.2836015,1.998037,0.5009518,0.3669477,1.922667,0.3439397,0.09779468,1.92782,0.3936271,-0.2208726,2.008473,0.421113,0.7879812,1.980217
72057594038042242,0,1.021107,106257.6,0.4337218,0.3554687,1.98375,0.3934335,0.9632339,2.013419,0.3447648,0.812889,1.996827,0.4910054,0.7071717,1.866996,0.5558969,0.6664478,1.689698,0.5783902,0.6534166,1.633892,0.4972382,0.7783939,1.900127,0.5433491,0.5426583,1.865347,0.3977221,0.5202625,1.740483,0.4150989,0.4914879,1.715241,0.3536467,0.3447242,1.982919,0.4306048,0.04496077,1.942008,0.4376835,-0.2836015,1.998037,0.5009518,0.3669477,1.922667,0.3439397,0.09779468,1.92782,0.3936271,-0.2208726,2.008473,0.421113,0.7879812,1.980217
72057594038042242,0,1.021107,106257.6,0.4337218,0.3554687,1.98375,0.3934335,0.9632339,2.013419,0.3447648,0.812889,1.996827,0.4910054,0.7071717,1.866996,0.5558969,0.6664478,1.689698,0.5783902,0.6534166,1.633892,0.4972382,0.7783939,1.900127,0.5433491,0.5426583,1.865347,0.3977221,0.5202625,1.740483,0.4150989,0.4914879,1.715241,0.3536467,0.3447242,1.982919,0.4306048,0.04496077,1.942008,0.4376835,-0.2836015,1.998037,0.5009518,0.3669477,1.922667,0.3439397,0.09779468,1.92782,0.3936271,-0.2208726,2.008473,0.421113,0.7879812,1.980217
72057594038042242,0,1.021107,106257.6,0.4337218,0.3554687,1.98375,0.3934335,0.9632339,2.013419,0.3447648,0.812889,1.996827,0.4910054,0.7071717,1.866996,0.5558969,0.6664478,1.689698,0.5783902,0.6534166,1.633892,0.4972382,0.7783939,1.900127,0.5433491,0.5426583,1.865347,0.3977221,0.5202625,1.740483,0.4150989,0.4914879,1.715241,0.3536467,0.3447242,1.982919,0.4306048,0.04496077,1.942008,0.4376835,-0.2836015,1.998037,0.5009518,0.3669477,1.922667,0.3439397,0.09779468,1.92782,0.3936271,-0.2208726,2.008473,0.421113,0.7879812,1.980217
72057594038042242,0,1.021107,106257.6,0.4337218,0.3554687,1.98375,0.3934335,0.9632339,2.013419,0.3447648,0.812889,1.996827,0.4910054,0.7071717,1.866996,0.5558969,0.6664478,1.689698,0.5783902,0.6534166,1.633892,0.4972382,0.7783939,1.900127,0.5433491,0.5426583,1.865347,0.3977221,0.5202625,1.740483,0.4150989,0.4914879,1.715241,0.3536467,0.3447242,1.982919,0.4306048,0.04496077,1.942008,0.4376835,-0.2836015,1.998037,0.5009518,0.3669477,1.922667,0.3439397,0.09779468,1.92782,0.3936271,-0.2208726,2.008473,0.421113,0.7879812,1.980217
72057594038042242,0,1.021107,106257.6,0.4337218,0.3554687,1.98375,0.3934335,0.9632339,2.013419,0.3447648,0.812889,1.996827,0.4910054,0.7071717,1.866996,0.5558969,0.6664478,1.689698,0.5783902,0.6534166,1.633892,0.4972382,0.7783939,1.900127,0.5433491,0.5426583,1.865347,0.3977221,0.5202625,1.740483,0.4150989,0.4914879,1.715241,0.3536467,0.3447242,1.982919,0.4306048,0.04496077,1.942008,0.4376835,-0.2836015,1.998037,0.5009518,0.3669477,1.922667,0.3439397,0.09779468,1.92782,0.3936271,-0.2208726,2.008473,0.421113,0.7879812,1.980217
72057594038042242,0,1.062595,106257.6,0.4570985,0.3602983,1.938602,0.3913721,0.9674079,2.010237,0.3273521,0.76399,1.987868,0.4866423,0.7131988,1.870119,0.5515547,0.6724518,1.692824,0.5740465,0.6594225,1.637019,0.4927752,0.7883672,1.898026,0.5433928,0.6087624,1.857466,0.4020728,0.5630662,1.733986,0.3558451,0.5482094,1.696138,0.3781352,0.3463027,1.936873,0.4303342,0.04467195,1.942368,0.4389696,-0.2842411,1.996457,0.5217478,0.374705,1.879684,0.3837922,0.1030782,1.920554,0.3997874,-0.2138778,2.018075,0.4172986,0.7897723,1.977472
72057594038042242,0,1.062595,106257.6,0.4570985,0.3602983,1.938602,0.3913721,0.9674079,2.010237,0.3273521,0.76399,1.987868,0.4866423,0.7131988,1.870119,0.5515547,0.6724518,1.692824,0.5740465,0.6594225,1.637019,0.4927752,0.7883672,1.898026,0.5433928,0.6087624,1.857466,0.4020728,0.5630662,1.733986,0.3558451,0.5482094,1.696138,0.3781352,0.3463027,1.936873,0.4303342,0.04467195,1.942368,0.4389696,-0.2842411,1.996457,0.5217478,0.374705,1.879684,0.3837922,0.1030782,1.920554,0.3997874,-0.2138778,2.018075,0.4172986,0.7897723,1.977472
72057594038042242,0,1.062595,106257.6,0.4570985,0.3602983,1.938602,0.3913721,0.9674079,2.010237,0.3273521,0.76399,1.987868,0.4866423,0.7131988,1.870119,0.5515547,0.6724518,1.692824,0.5740465,0.6594225,1.637019,0.4927752,0.7883672,1.898026,0.5433928,0.6087624,1.857466,0.4020728,0.5630662,1.733986,0.3558451,0.5482094,1.696138,0.3781352,0.3463027,1.936873,0.4303342,0.04467195,1.942368,0.4389696,-0.2842411,1.996457,0.5217478,0.374705,1.879684,0.3837922,0.1030782,1.920554,0.3997874,-0.2138778,2.018075,0.4172986,0.7897723,1.977472
72057594038042242,0,1.062595,106257.6,0.4570985,0.3602983,1.938602,0.3913721,0.9674079,2.010237,0.3273521,0.76399,1.987868,0.4866423,0.7131988,1.870119,0.5515547,0.6724518,1.692824,0.5740465,0.6594225,1.637019,0.4927752,0.7883672,1.898026,0.5433928,0.6087624,1.857466,0.4020728,0.5630662,1.733986,0.3558451,0.5482094,1.696138,0.3781352,0.3463027,1.936873,0.4303342,0.04467195,1.942368,0.4389696,-0.2842411,1.996457,0.5217478,0.374705,1.879684,0.3837922,0.1030782,1.920554,0.3997874,-0.2138778,2.018075,0.4172986,0.7897723,1.977472
72057594038042242,0,1.062595,106257.6,0.4570985,0.3602983,1.938602,0.3913721,0.9674079,2.010237,0.3273521,0.76399,1.987868,0.4866423,0.7131988,1.870119,0.5515547,0.6724518,1.692824,0.5740465,0.6594225,1.637019,0.4927752,0.7883672,1.898026,0.5433928,0.6087624,1.857466,0.4020728,0.5630662,1.733986,0.3558451,0.5482094,1.696138,0.3781352,0.3463027,1.936873,0.4303342,0.04467195,1.942368,0.4389696,-0.2842411,1.996457,0.5217478,0.374705,1.879684,0.3837922,0.1030782,1.920554,0.3997874,-0.2138778,2.018075,0.4172986,0.7897723,1.977472
72057594038042242,0,1.062595,106257.6,0.4570985,0.3602983,1.938602,0.3913721,0.9674079,2.010237,0.3273521,0.76399,1.987868,0.4866423,0.7131988,1.870119,0.5515547,0.6724518,1.692824,0.5740465,0.6594225,1.637019,0.4927752,0.7883672,1.898026,0.5433928,0.6087624,1.857466,0.4020728,0.5630662,1.733986,0.3558451,0.5482094,1.696138,0.3781352,0.3463027,1.936873,0.4303342,0.04467195,1.942368,0.4389696,-0.2842411,1.996457,0.5217478,0.374705,1.879684,0.3837922,0.1030782,1.920554,0.3997874,-0.2138778,2.018075,0.4172986,0.7897723,1.977472
72057594038042242,0,1.062595,106257.6,0.4570985,0.3602983,1.938602,0.3913721,0.9674079,2.010237,0.3273521,0.76399,1.987868,0.4866423,0.7131988,1.870119,0.5515547,0.6724518,1.692824,0.5740465,0.6594225,1.637019,0.4927752,0.7883672,1.898026,0.5433928,0.6087624,1.857466,0.4020728,0.5630662,1.733986,0.3558451,0.5482094,1.696138,0.3781352,0.3463027,1.936873,0.4303342,0.04467195,1.942368,0.4389696,-0.2842411,1.996457,0.5217478,0.374705,1.879684,0.3837922,0.1030782,1.920554,0.3997874,-0.2138778,2.018075,0.4172986,0.7897723,1.977472
72057594038042242,0,1.062595,106257.6,0.4570985,0.3602983,1.938602,0.3913721,0.9674079,2.010237,0.3273521,0.76399,1.987868,0.4866423,0.7131988,1.870119,0.5515547,0.6724518,1.692824,0.5740465,0.6594225,1.637019,0.4927752,0.7883672,1.898026,0.5433928,0.6087624,1.857466,0.4020728,0.5630662,1.733986,0.3558451,0.5482094,1.696138,0.3781352,0.3463027,1.936873,0.4303342,0.04467195,1.942368,0.4389696,-0.2842411,1.996457,0.5217478,0.374705,1.879684,0.3837922,0.1030782,1.920554,0.3997874,-0.2138778,2.018075,0.4172986,0.7897723,1.977472
72057594038042242,0,1.062595,106257.6,0.4570985,0.3602983,1.938602,0.3913721,0.9674079,2.010237,0.3273521,0.76399,1.987868,0.4866423,0.7131988,1.870119,0.5515547,0.6724518,1.692824,0.5740465,0.6594225,1.637019,0.4927752,0.7883672,1.898026,0.5433928,0.6087624,1.857466,0.4020728,0.5630662,1.733986,0.3558451,0.5482094,1.696138,0.3781352,0.3463027,1.936873,0.4303342,0.04467195,1.942368,0.4389696,-0.2842411,1.996457,0.5217478,0.374705,1.879684,0.3837922,0.1030782,1.920554,0.3997874,-0.2138778,2.018075,0.4172986,0.7897723,1.977472
72057594038042242,0,1.062595,106257.6,0.4570985,0.3602983,1.938602,0.3913721,0.9674079,2.010237,0.3273521,0.76399,1.987868,0.4866423,0.7131988,1.870119,0.5515547,0.6724518,1.692824,0.5740465,0.6594225,1.637019,0.4927752,0.7883672,1.898026,0.5433928,0.6087624,1.857466,0.4020728,0.5630662,1.733986,0.3558451,0.5482094,1.696138,0.3781352,0.3463027,1.936873,0.4303342,0.04467195,1.942368,0.4389696,-0.2842411,1.996457,0.5217478,0.374705,1.879684,0.3837922,0.1030782,1.920554,0.3997874,-0.2138778,2.018075,0.4172986,0.7897723,1.977472
72057594038042242,0,1.062595,106257.6,0.4570985,0.3602983,1.938602,0.3913721,0.9674079,2.010237,0.3273521,0.76399,1.987868,0.4866423,0.7131988,1.870119,0.5515547,0.6724518,1.692824,0.5740465,0.6594225,1.637019,0.4927752,0.7883672,1.898026,0.5433928,0.6087624,1.857466,0.4020728,0.5630662,1.733986,0.3558451,0.5482094,1.696138,0.3781352,0.3463027,1.936873,0.4303342,0.04467195,1.942368,0.4389696,-0.2842411,1.996457,0.5217478,0.374705,1.879684,0.3837922,0.1030782,1.920554,0.3997874,-0.2138778,2.018075,0.4172986,0.7897723,1.977472
72057594038042242,0,1.051787,106257.6,0.453658,0.3549348,1.954587,0.39022,0.9681323,2.008778,0.3261644,0.7733141,1.988677,0.4806387,0.7329422,1.874383,0.5455809,0.6921166,1.6971,0.56807,0.6790931,1.641297,0.4944373,0.7868353,1.900164,0.4699724,0.6123821,1.80469,0.4198796,0.5588095,1.624874,0.4040033,0.5413426,1.568277,0.3722587,0.3399346,1.955033,0.4327969,0.03880724,1.941976,0.4399685,-0.2899274,1.996973,0.5209013,0.3706248,1.892639,0.3835282,0.09410718,1.914205,0.3925989,-0.2219784,2.014931,0.41867,0.7908165,1.977956
72057594038042242,0,1.051787,106257.6,0.453658,0.3549348,1.954587,0.39022,0.9681323,2.008778,0.3261644,0.7733141,1.988677,0.4806387,0.7329422,1.874383,0.5455809,0.6921166,1.6971,0.56807,0.6790931,1.641297,0.4944373,0.7868353,1.900164,0.4699724,0.6123821,1.80469,0.4198796,0.5588095,1.624874,0.4040033,0.5413426,1.568277,0.3722587,0.3399346,1.955033,0.4327969,0.03880724,1.941976,0.4399685,-0.2899274,1.996973,0.5209013,0.3706248,1.892639,0.3835282,0.09410718,1.914205,0.3925989,-0.2219784,2.014931,0.41867,0.7908165,1.977956
72057594038042242,0,1.051787,106257.6,0.453658,0.3549348,1.954587,0.39022,0.9681323,2.008778,0.3261644,0.7733141,1.988677,0.4806387,0.7329422,1.874383,0.5455809,0.6921166,1.6971,0.56807,0.6790931,1.641297,0.4944373,0.7868353,1.900164,0.4699724,0.6123821,1.80469,0.4198796,0.5588095,1.624874,0.4040033,0.5413426,1.568277,0.3722587,0.3399346,1.955033,0.4327969,0.03880724,1.941976,0.4399685,-0.2899274,1.996973,0.5209013,0.3706248,1.892639,0.3835282,0.09410718,1.914205,0.3925989,-0.2219784,2.014931,0.41867,0.7908165,1.977956
72057594038042242,0,1.051787,106257.6,0.453658,0.3549348,1.954587,0.39022,0.9681323,2.008778,0.3261644,0.7733141,1.988677,0.4806387,0.7329422,1.874383,0.5455809,0.6921166,1.6971,0.56807,0.6790931,1.641297,0.4944373,0.7868353,1.900164,0.4699724,0.6123821,1.80469,0.4198796,0.5588095,1.624874,0.4040033,0.5413426,1.568277,0.3722587,0.3399346,1.955033,0.4327969,0.03880724,1.941976,0.4399685,-0.2899274,1.996973,0.5209013,0.3706248,1.892639,0.3835282,0.09410718,1.914205,0.3925989,-0.2219784,2.014931,0.41867,0.7908165,1.977956
72057594038042242,0,1.051787,106257.6,0.453658,0.3549348,1.954587,0.39022,0.9681323,2.008778,0.3261644,0.7733141,1.988677,0.4806387,0.7329422,1.874383,0.5455809,0.6921166,1.6971,0.56807,0.6790931,1.641297,0.4944373,0.7868353,1.900164,0.4699724,0.6123821,1.80469,0.4198796,0.5588095,1.624874,0.4040033,0.5413426,1.568277,0.3722587,0.3399346,1.955033,0.4327969,0.03880724,1.941976,0.4399685,-0.2899274,1.996973,0.5209013,0.3706248,1.892639,0.3835282,0.09410718,1.914205,0.3925989,-0.2219784,2.014931,0.41867,0.7908165,1.977956
72057594038042242,0,1.051787,106257.6,0.453658,0.3549348,1.954587,0.39022,0.9681323,2.008778,0.3261644,0.7733141,1.988677,0.4806387,0.7329422,1.874383,0.5455809,0.6921166,1.6971,0.56807,0.6790931,1.641297,0.4944373,0.7868353,1.900164,0.4699724,0.6123821,1.80469,0.4198796,0.5588095,1.624874,0.4040033,0.5413426,1.568277,0.3722587,0.3399346,1.955033,0.4327969,0.03880724,1.941976,0.4399685,-0.2899274,1.996973,0.5209013,0.3706248,1.892639,0.3835282,0.09410718,1.914205,0.3925989,-0.2219784,2.014931,0.41867,0.7908165,1.977956
72057594038042242,0,1.051787,106257.6,0.453658,0.3549348,1.954587,0.39022,0.9681323,2.008778,0.3261644,0.7733141,1.988677,0.4806387,0.7329422,1.874383,0.5455809,0.6921166,1.6971,0.56807,0.6790931,1.641297,0.4944373,0.7868353,1.900164,0.4699724,0.6123821,1.80469,0.4198796,0.5588095,1.624874,0.4040033,0.5413426,1.568277,0.3722587,0.3399346,1.955033,0.4327969,0.03880724,1.941976,0.4399685,-0.2899274,1.996973,0.5209013,0.3706248,1.892639,0.3835282,0.09410718,1.914205,0.3925989,-0.2219784,2.014931,0.41867,0.7908165,1.977956
72057594038042242,0,1.051787,106257.7,0.453658,0.3549348,1.954587,0.39022,0.9681323,2.008778,0.3261644,0.7733141,1.988677,0.4806387,0.7329422,1.874383,0.5455809,0.6921166,1.6971,0.56807,0.6790931,1.641297,0.4944373,0.7868353,1.900164,0.4699724,0.6123821,1.80469,0.4198796,0.5588095,1.624874,0.4040033,0.5413426,1.568277,0.3722587,0.3399346,1.955033,0.4327969,0.03880724,1.941976,0.4399685,-0.2899274,1.996973,0.5209013,0.3706248,1.892639,0.3835282,0.09410718,1.914205,0.3925989,-0.2219784,2.014931,0.41867,0.7908165,1.977956
72057594038042242,0,1.051787,106257.7,0.453658,0.3549348,1.954587,0.39022,0.9681323,2.008778,0.3261644,0.7733141,1.988677,0.4806387,0.7329422,1.874383,0.5455809,0.6921166,1.6971,0.56807,0.6790931,1.641297,0.4944373,0.7868353,1.900164,0.4699724,0.6123821,1.80469,0.4198796,0.5588095,1.624874,0.4040033,0.5413426,1.568277,0.3722587,0.3399346,1.955033,0.4327969,0.03880724,1.941976,0.4399685,-0.2899274,1.996973,0.5209013,0.3706248,1.892639,0.3835282,0.09410718,1.914205,0.3925989,-0.2219784,2.014931,0.41867,0.7908165,1.977956
72057594038042242,0,1.051787,106257.7,0.453658,0.3549348,1.954587,0.39022,0.9681323,2.008778,0.3261644,0.7733141,1.988677,0.4806387,0.7329422,1.874383,0.5455809,0.6921166,1.6971,0.56807,0.6790931,1.641297,0.4944373,0.7868353,1.900164,0.4699724,0.6123821,1.80469,0.4198796,0.5588095,1.624874,0.4040033,0.5413426,1.568277,0.3722587,0.3399346,1.955033,0.4327969,0.03880724,1.941976,0.4399685,-0.2899274,1.996973,0.5209013,0.3706248,1.892639,0.3835282,0.09410718,1.914205,0.3925989,-0.2219784,2.014931,0.41867,0.7908165,1.977956
72057594038042242,0,1.051863,106257.7,0.4550144,0.3553021,1.955058,0.3862609,0.9676663,2.007398,0.3258298,0.7740639,1.987984,0.4763644,0.664678,1.811409,0.5412912,0.6240898,1.634076,0.5637993,0.6110463,1.578264,0.4933923,0.7898669,1.899851,0.4890008,0.6251468,1.794008,0.4234047,0.7638339,1.680098,0.4230315,0.7984986,1.725615,0.3765237,0.3384936,1.951988,0.4330184,0.01245466,1.929156,0.4390131,-0.3100662,2.008672,0.5220259,0.3736706,1.897756,0.3862292,0.09447557,1.909168,0.387351,-0.2188355,2.017795,0.4194905,0.7913655,1.97798
72057594038042242,0,1.051863,106257.7,0.4550144,0.3553021,1.955058,0.3862609,0.9676663,2.007398,0.3258298,0.7740639,1.987984,0.4763644,0.664678,1.811409,0.5412912,0.6240898,1.634076,0.5637993,0.6110463,1.578264,0.4933923,0.7898669,1.899851,0.4890008,0.6251468,1.794008,0.4234047,0.7638339,1.680098,0.4230315,0.7984986,1.725615,0.3765237,0.3384936,1.951988,0.4330184,0.01245466,1.929156,0.4390131,-0.3100662,2.008672,0.5220259,0.3736706,1.897756,0.3862292,0.09447557,1.909168,0.387351,-0.2188355,2.017795,0.4194905,0.7913655,1.97798
72057594038042242,0,1.051863,106257.7,0.4550144,0.3553021,1.955058,0.3862609,0.9676663,2.007398,0.3258298,0.7740639,1.987984,0.4763644,0.664678,1.811409,0.5412912,0.6240898,1.634076,0.5637993,0.6110463,1.578264,0.4933923,0.7898669,1.899851,0.4890008,0.6251468,1.794008,0.4234047,0.7638339,1.680098,0.4230315,0.7984986,1.725615,0.3765237,0.3384936,1.951988,0.4330184,0.01245466,1.929156,0.4390131,-0.3100662,2.008672,0.5220259,0.3736706,1.897756,0.3862292,0.09447557,1.909168,0.387351,-0.2188355,2.017795,0.4194905,0.7913655,1.97798
72057594038042242,0,1.051863,106257.7,0.4550144,0.3553021,1.955058,0.3862609,0.9676663,2.007398,0.3258298,0.7740639,1.987984,0.4763644,0.664678,1.811409,0.5412912,0.6240898,1.634076,0.5637993,0.6110463,1.578264,0.4933923,0.7898669,1.899851,0.4890008,0.6251468,1.794008,0.4234047,0.7638339,1.680098,0.4230315,0.7984986,1.725615,0.3765237,0.3384936,1.951988,0.4330184,0.01245466,1.929156,0.4390131,-0.3100662,2.008672,0.5220259,0.3736706,1.897756,0.3862292,0.09447557,1.909168,0.387351,-0.2188355,2.017795,0.4194905,0.7913655,1.97798
72057594038042242,0,1.051863,106257.7,0.4550144,0.3553021,1.955058,0.3862609,0.9676663,2.007398,0.3258298,0.7740639,1.987984,0.4763644,0.664678,1.811409,0.5412912,0.6240898,1.634076,0.5637993,0.6110463,1.578264,0.4933923,0.7898669,1.899851,0.4890008,0.6251468,1.794008,0.4234047,0.7638339,1.680098,0.4230315,0.7984986,1.725615,0.3765237,0.3384936,1.951988,0.4330184,0.01245466,1.929156,0.4390131,-0.3100662,2.008672,0.5220259,0.3736706,1.897756,0.3862292,0.09447557,1.909168,0.387351,-0.2188355,2.017795,0.4194905,0.7913655,1.97798
72057594038042242,0,1.051863,106257.7,0.4550144,0.3553021,1.955058,0.3862609,0.9676663,2.007398,0.3258298,0.7740639,1.987984,0.4763644,0.664678,1.811409,0.5412912,0.6240898,1.634076,0.5637993,0.6110463,1.578264,0.4933923,0.7898669,1.899851,0.4890008,0.6251468,1.794008,0.4234047,0.7638339,1.680098,0.4230315,0.7984986,1.725615,0.3765237,0.3384936,1.951988,0.4330184,0.01245466,1.929156,0.4390131,-0.3100662,2.008672,0.5220259,0.3736706,1.897756,0.3862292,0.09447557,1.909168,0.387351,-0.2188355,2.017795,0.4194905,0.7913655,1.97798
72057594038042242,0,1.051863,106257.7,0.4550144,0.3553021,1.955058,0.3862609,0.9676663,2.007398,0.3258298,0.7740639,1.987984,0.4763644,0.664678,1.811409,0.5412912,0.6240898,1.634076,0.5637993,0.6110463,1.578264,0.4933923,0.7898669,1.899851,0.4890008,0.6251468,1.794008,0.4234047,0.7638339,1.680098,0.4230315,0.7984986,1.725615,0.3765237,0.3384936,1.951988,0.4330184,0.01245466,1.929156,0.4390131,-0.3100662,2.008672,0.5220259,0.3736706,1.897756,0.3862292,0.09447557,1.909168,0.387351,-0.2188355,2.017795,0.4194905,0.7913655,1.97798
72057594038042242,0,1.051863,106257.7,0.4550144,0.3553021,1.955058,0.3862609,0.9676663,2.007398,0.3258298,0.7740639,1.987984,0.4763644,0.664678,1.811409,0.5412912,0.6240898,1.634076,0.5637993,0.6110463,1.578264,0.4933923,0.7898669,1.899851,0.4890008,0.6251468,1.794008,0.4234047,0.7638339,1.680098,0.4230315,0.7984986,1.725615,0.3765237,0.3384936,1.951988,0.4330184,0.01245466,1.929156,0.4390131,-0.3100662,2.008672,0.5220259,0.3736706,1.897756,0.3862292,0.09447557,1.909168,0.387351,-0.2188355,2.017795,0.4194905,0.7913655,1.97798
72057594038042242,0,1.051863,106257.7,0.4550144,0.3553021,1.955058,0.3862609,0.9676663,2.007398,0.3258298,0.7740639,1.987984,0.4763644,0.664678,1.811409,0.5412912,0.6240898,1.634076,0.5637993,0.6110463,1.578264,0.4933923,0.7898669,1.899851,0.4890008,0.6251468,1.794008,0.4234047,0.7638339,1.680098,0.4230315,0.7984986,1.725615,0.3765237,0.3384936,1.951988,0.4330184,0.01245466,1.929156,0.4390131,-0.3100662,2.008672,0.5220259,0.3736706,1.897756,0.3862292,0.09447557,1.909168,0.387351,-0.2188355,2.017795,0.4194905,0.7913655,1.97798
72057594038042242,0,1.051581,106257.7,0.4551921,0.3540698,1.956377,0.3821612,0.9665754,2.00581,0.325273,0.7759542,1.986682,0.4839482,0.6870194,1.818855,0.5488467,0.6463426,1.641541,0.5713529,0.6333055,1.585729,0.4921416,0.7910855,1.899592,0.5527483,0.5459484,1.864116,0.4746937,0.7062093,1.800834,0.4694384,0.7389268,1.842389,0.3770399,0.3372544,1.952184,0.4288931,0.03484473,1.944337,0.4396353,-0.2939656,1.998211,0.5211142,0.372073,1.900775,0.3862464,0.091824,1.907924,0.3848686,-0.2190319,2.022653,0.4198343,0.7915108,1.977819
72057594038042242,0,1.051581,106257.7,0.4551921,0.3540698,1.956377,0.3821612,0.9665754,2.00581,0.325273,0.7759542,1.986682,0.4839482,0.6870194,1.818855,0.5488467,0.6463426,1.641541,0.5713529,0.6333055,1.585729,0.4921416,0.7910855,1.899592,0.5527483,0.5459484,1.864116,0.4746937,0.7062093,1.800834,0.4694384,0.7389268,1.842389,0.3770399,0.3372544,1.952184,0.4288931,0.03484473,1.944337,0.4396353,-0.2939656,1.998211,0.5211142,0.372073,1.900775,0.3862464,0.091824,1.907924,0.3848686,-0.2190319,2.022653,0.4198343,0.7915108,1.977819
72057594038042242,0,1.051581,106257.7,0.4551921,0.3540698,1.956377,0.3821612,0.9665754,2.00581,0.325273,0.7759542,1.986682,0.4839482,0.6870194,1.818855,0.5488467,0.6463426,1.641541,0.5713529,0.6333055,1.585729,0.4921416,0.7910855,1.899592,0.5527483,0.5459484,1.864116,0.4746937,0.7062093,1.800834,0.4694384,0.7389268,1.842389,0.3770399,0.3372544,1.952184,0.4288931,0.03484473,1.944337,0.4396353,-0.2939656,1.998211,0.5211142,0.372073,1.900775,0.3862464,0.091824,1.907924,0.3848686,-0.2190319,2.022653,0.4198343,0.7915108,1.977819
72057594038042242,0,1.051581,106257.7,0.4551921,0.3540698,1.956377,0.3821612,0.9665754,2.00581,0.325273,0.7759542,1.986682,0.4839482,0.6870194,1.818855,0.5488467,0.6463426,1.641541,0.5713529,0.6333055,1.585729,0.4921416,0.7910855,1.899592,0.5527483,0.5459484,1.864116,0.4746937,0.7062093,1.800834,0.4694384,0.7389268,1.842389,0.3770399,0.3372544,1.952184,0.4288931,0.03484473,1.944337,0.4396353,-0.2939656,1.998211,0.5211142,0.372073,1.900775,0.3862464,0.091824,1.907924,0.3848686,-0.2190319,2.022653,0.4198343,0.7915108,1.977819
72057594038042242,0,1.051581,106257.7,0.4551921,0.3540698,1.956377,0.3821612,0.9665754,2.00581,0.325273,0.7759542,1.986682,0.4839482,0.6870194,1.818855,0.5488467,0.6463426,1.641541,0.5713529,0.6333055,1.585729,0.4921416,0.7910855,1.899592,0.5527483,0.5459484,1.864116,0.4746937,0.7062093,1.800834,0.4694384,0.7389268,1.842389,0.3770399,0.3372544,1.952184,0.4288931,0.03484473,1.944337,0.4396353,-0.2939656,1.998211,0.5211142,0.372073,1.900775,0.3862464,0.091824,1.907924,0.3848686,-0.2190319,2.022653,0.4198343,0.7915108,1.977819
72057594038042242,0,1.051581,106257.7,0.4551921,0.3540698,1.956377,0.3821612,0.9665754,2.00581,0.325273,0.7759542,1.986682,0.4839482,0.6870194,1.818855,0.5488467,0.6463426,1.641541,0.5713529,0.6333055,1.585729,0.4921416,0.7910855,1.899592,0.5527483,0.5459484,1.864116,0.4746937,0.7062093,1.800834,0.4694384,0.7389268,1.842389,0.3770399,0.3372544,1.952184,0.4288931,0.03484473,1.944337,0.4396353,-0.2939656,1.998211,0.5211142,0.372073,1.900775,0.3862464,0.091824,1.907924,0.3848686,-0.2190319,2.022653,0.4198343,0.7915108,1.977819
72057594038042242,0,1.051581,106257.7,0.4551921,0.3540698,1.956377,0.3821612,0.9665754,2.00581,0.325273,0.7759542,1.986682,0.4839482,0.6870194,1.818855,0.5488467,0.6463426,1.641541,0.5713529,0.6333055,1.585729,0.4921416,0.7910855,1.899592,0.5527483,0.5459484,1.864116,0.4746937,0.7062093,1.800834,0.4694384,0.7389268,1.842389,0.3770399,0.3372544,1.952184,0.4288931,0.03484473,1.944337,0.4396353,-0.2939656,1.998211,0.5211142,0.372073,1.900775,0.3862464,0.091824,1.907924,0.3848686,-0.2190319,2.022653,0.4198343,0.7915108,1.977819
72057594038042242,0,1.051581,106257.7,0.4551921,0.3540698,1.956377,0.3821612,0.9665754,2.00581,0.325273,0.7759542,1.986682,0.4839482,0.6870194,1.818855,0.5488467,0.6463426,1.641541,0.5713529,0.6333055,1.585729,0.4921416,0.7910855,1.899592,0.5527483,0.5459484,1.864116,0.4746937,0.7062093,1.800834,0.4694384,0.7389268,1.842389,0.3770399,0.3372544,1.952184,0.4288931,0.03484473,1.944337,0.4396353,-0.2939656,1.998211,0.5211142,0.372073,1.900775,0.3862464,0.091824,1.907924,0.3848686,-0.2190319,2.022653,0.4198343,0.7915108,1.977819
72057594038042242,0,1.051581,106257.7,0.4551921,0.3540698,1.956377,0.3821612,0.9665754,2.00581,0.325273,0.7759542,1.986682,0.4839482,0.6870194,1.818855,0.5488467,0.6463426,1.641541,0.5713529,0.6333055,1.585729,0.4921416,0.7910855,1.899592,0.5527483,0.5459484,1.864116,0.4746937,0.7062093,1.800834,0.4694384,0.7389268,1.842389,0.3770399,0.3372544,1.952184,0.4288931,0.03484473,1.944337,0.4396353,-0.2939656,1.998211,0.5211142,0.372073,1.900775,0.3862464,0.091824,1.907924,0.3848686,-0.2190319,2.022653,0.4198343,0.7915108,1.977819
72057594038042242,0,1.051581,106257.7,0.4551921,0.3540698,1.956377,0.3821612,0.9665754,2.00581,0.325273,0.7759542,1.986682,0.4839482,0.6870194,1.818855,0.5488467,0.6463426,1.641541,0.5713529,0.6333055,1.585729,0.4921416,0.7910855,1.899592,0.5527483,0.5459484,1.864116,0.4746937,0.7062093,1.800834,0.4694384,0.7389268,1.842389,0.3770399,0.3372544,1.952184,0.4288931,0.03484473,1.944337,0.4396353,-0.2939656,1.998211,0.5211142,0.372073,1.900775,0.3862464,0.091824,1.907924,0.3848686,-0.2190319,2.022653,0.4198343,0.7915108,1.977819
72057594038042242,0,1.051581,106257.7,0.4551921,0.3540698,1.956377,0.3821612,0.9665754,2.00581,0.325273,0.7759542,1.986682,0.4839482,0.6870194,1.818855,0.5488467,0.6463426,1.641541,0.5713529,0.6333055,1.585729,0.4921416,0.7910855,1.899592,0.5527483,0.5459484,1.864116,0.4746937,0.7062093,1.800834,0.4694384,0.7389268,1.842389,0.3770399,0.3372544,1.952184,0.4288931,0.03484473,1.944337,0.4396353,-0.2939656,1.998211,0.5211142,0.372073,1.900775,0.3862464,0.091824,1.907924,0.3848686,-0.2190319,2.022653,0.4198343,0.7915108,1.977819
72057594038042242,0,1.049648,106257.7,0.4547631,0.3544088,1.958499,0.3810048,0.9671669,2.004761,0.3252941,0.7778548,1.985227,0.4852964,0.6898972,1.819164,0.5501893,0.6492085,1.641854,0.5726955,0.6361723,1.586041,0.4911496,0.79126,1.899364,0.5518989,0.5449087,1.864953,0.4596149,0.7145464,1.809564,0.4523866,0.7437882,1.842403,0.3770351,0.337124,1.953425,0.4288218,0.03469989,1.945515,0.439861,-0.2944164,1.997805,0.5198082,0.372954,1.903336,0.3861075,0.09193122,1.908739,0.3862671,-0.220161,2.020416,0.4201239,0.791793,1.977543
72057594038042242,0,1.049648,106257.7,0.4547631,0.3544088,1.958499,0.3810048,0.9671669,2.004761,0.3252941,0.7778548,1.985227,0.4852964,0.6898972,1.819164,0.5501893,0.6492085,1.641854,0.5726955,0.6361723,1.586041,0.4911496,0.79126,1.899364,0.5518989,0.5449087,1.864953,0.4596149,0.7145464,1.809564,0.4523866,0.7437882,1.842403,0.3770351,0.337124,1.953425,0.4288218,0.03469989,1.945515,0.439861,-0.2944164,1.997805,0.5198082,0.372954,1.903336,0.3861075,0.09193122,1.908739,0.3862671,-0.220161,2.020416,0.4201239,0.791793,1.977543
72057594038042242,0,1.049648,106257.7,0.4547631,0.3544088,1.958499,0.3810048,0.9671669,2.004761,0.3252941,0.7778548,1.985227,0.4852964,0.6898972,1.819164,0.5501893,0.6492085,1.641854,0.5726955,0.6361723,1.586041,0.4911496,0.79126,1.899364,0.5518989,0.5449087,1.864953,0.4596149,0.7145464,1.809564,0.4523866,0.7437882,1.842403,0.3770351,0.337124,1.953425,0.4288218,0.03469989,1.945515,0.439861,-0.2944164,1.997805,0.5198082,0.372954,1.903336,0.3861075,0.09193122,1.908739,0.3862671,-0.220161,2.020416,0.4201239,0.791793,1.977543
72057594038042242,0,1.049648,106257.7,0.4547631,0.3544088,1.958499,0.3810048,0.9671669,2.004761,0.3252941,0.7778548,1.985227,0.4852964,0.6898972,1.819164,0.5501893,0.6492085,1.641854,0.5726955,0.6361723,1.586041,0.4911496,0.79126,1.899364,0.5518989,0.5449087,1.864953,0.4596149,0.7145464,1.809564,0.4523866,0.7437882,1.842403,0.3770351,0.337124,1.953425,0.4288218,0.03469989,1.945515,0.439861,-0.2944164,1.997805,0.5198082,0.372954,1.903336,0.3861075,0.09193122,1.908739,0.3862671,-0.220161,2.020416,0.4201239,0.791793,1.977543
72057594038042242,0,1.049648,106257.7,0.4547631,0.3544088,1.958499,0.3810048,0.9671669,2.004761,0.3252941,0.7778548,1.985227,0.4852964,0.6898972,1.819164,0.5501893,0.6492085,1.641854,0.5726955,0.6361723,1.586041,0.4911496,0.79126,1.899364,0.5518989,0.5449087,1.864953,0.4596149,0.7145464,1.809564,0.4523866,0.7437882,1.842403,0.3770351,0.337124,1.953425,0.4288218,0.03469989,1.945515,0.439861,-0.2944164,1.997805,0.5198082,0.372954,1.903336,0.3861075,0.09193122,1.908739,0.3862671,-0.220161,2.020416,0.4201239,0.791793,1.977543
72057594038042242,0,1.049648,106257.8,0.4547631,0.3544088,1.958499,0.3810048,0.9671669,2.004761,0.3252941,0.7778548,1.985227,0.4852964,0.6898972,1.819164,0.5501893,0.6492085,1.641854,0.5726955,0.6361723,1.586041,0.4911496,0.79126,1.899364,0.5518989,0.5449087,1.864953,0.4596149,0.7145464,1.809564,0.4523866,0.7437882,1.842403,0.3770351,0.337124,1.953425,0.4288218,0.03469989,1.945515,0.439861,-0.2944164,1.997805,0.5198082,0.372954,1.903336,0.3861075,0.09193122,1.908739,0.3862671,-0.220161,2.020416,0.4201239,0.791793,1.977543
72057594038042242,0,1.049648,106257.8,0.4547631,0.3544088,1.958499,0.3810048,0.9671669,2.004761,0.3252941,0.7778548,1.985227,0.4852964,0.6898972,1.819164,0.5501893,0.6492085,1.641854,0.5726955,0.6361723,1.586041,0.4911496,0.79126,1.899364,0.5518989,0.5449087,1.864953,0.4596149,0.7145464,1.809564,0.4523866,0.7437882,1.842403,0.3770351,0.337124,1.953425,0.4288218,0.03469989,1.945515,0.439861,-0.2944164,1.997805,0.5198082,0.372954,1.903336,0.3861075,0.09193122,1.908739,0.3862671,-0.220161,2.020416,0.4201239,0.791793,1.977543
72057594038042242,0,1.049648,106257.8,0.4547631,0.3544088,1.958499,0.3810048,0.9671669,2.004761,0.3252941,0.7778548,1.985227,0.4852964,0.6898972,1.819164,0.5501893,0.6492085,1.641854,0.5726955,0.6361723,1.586041,0.4911496,0.79126,1.899364,0.5518989,0.5449087,1.864953,0.4596149,0.7145464,1.809564,0.4523866,0.7437882,1.842403,0.3770351,0.337124,1.953425,0.4288218,0.03469989,1.945515,0.439861,-0.2944164,1.997805,0.5198082,0.372954,1.903336,0.3861075,0.09193122,1.908739,0.3862671,-0.220161,2.020416,0.4201239,0.791793,1.977543
72057594038042242,0,1.049648,106257.8,0.4547631,0.3544088,1.958499,0.3810048,0.9671669,2.004761,0.3252941,0.7778548,1.985227,0.4852964,0.6898972,1.819164,0.5501893,0.6492085,1.641854,0.5726955,0.6361723,1.586041,0.4911496,0.79126,1.899364,0.5518989,0.5449087,1.864953,0.4596149,0.7145464,1.809564,0.4523866,0.7437882,1.842403,0.3770351,0.337124,1.953425,0.4288218,0.03469989,1.945515,0.439861,-0.2944164,1.997805,0.5198082,0.372954,1.903336,0.3861075,0.09193122,1.908739,0.3862671,-0.220161,2.020416,0.4201239,0.791793,1.977543
72057594038042242,0,1.049648,106257.8,0.4547631,0.3544088,1.958499,0.3810048,0.9671669,2.004761,0.3252941,0.7778548,1.985227,0.4852964,0.6898972,1.819164,0.5501893,0.6492085,1.641854,0.5726955,0.6361723,1.586041,0.4911496,0.79126,1.899364,0.5518989,0.5449087,1.864953,0.4596149,0.7145464,1.809564,0.4523866,0.7437882,1.842403,0.3770351,0.337124,1.953425,0.4288218,0.03469989,1.945515,0.439861,-0.2944164,1.997805,0.5198082,0.372954,1.903336,0.3861075,0.09193122,1.908739,0.3862671,-0.220161,2.020416,0.4201239,0.791793,1.977543
72057594038042242,0,1.047839,106257.8,0.4550664,0.3554805,1.960404,0.3769902,0.9723664,2.00408,0.3246145,0.777424,1.984345,0.4852863,0.6898736,1.819174,0.5501792,0.6491851,1.641864,0.5726854,0.6361488,1.586051,0.4898794,0.7916121,1.899142,0.55091,0.545278,1.865344,0.3611175,0.7073104,1.89597,0.3460477,0.7431923,1.915795,0.3760121,0.3389304,1.955413,0.4297989,0.03681636,1.946979,0.4397336,-0.2927597,1.997216,0.5211408,0.3733765,1.905099,0.3855121,0.09284881,1.907977,0.3841079,-0.2177987,2.023225,0.4184543,0.792894,1.974973
72057594038042242,0,1.047839,106257.8,0.4550664,0.3554805,1.960404,0.3769902,0.9723664,2.00408,0.3246145,0.777424,1.984345,0.4852863,0.6898736,1.819174,0.5501792,0.6491851,1.641864,0.5726854,0.6361488,1.586051,0.4898794,0.7916121,1.899142,0.55091,0.545278,1.865344,0.3611175,0.7073104,1.89597,0.3460477,0.7431923,1.915795,0.3760121,0.3389304,1.955413,0.4297989,0.03681636,1.946979,0.4397336,-0.2927597,1.997216,0.5211408,0.3733765,1.905099,0.3855121,0.09284881,1.907977,0.3841079,-0.2177987,2.023225,0.4184543,0.792894,1.974973
72057594038042242,0,1.047839,106257.8,0.4550664,0.3554805,1.960404,0.3769902,0.9723664,2.00408,0.3246145,0.777424,1.984345,0.4852863,0.6898736,1.819174,0.5501792,0.6491851,1.641864,0.5726854,0.6361488,1.586051,0.4898794,0.7916121,1.899142,0.55091,0.545278,1.865344,0.3611175,0.7073104,1.89597,0.3460477,0.7431923,1.915795,0.3760121,0.3389304,1.955413,0.4297989,0.03681636,1.946979,0.4397336,-0.2927597,1.997216,0.5211408,0.3733765,1.905099,0.3855121,0.09284881,1.907977,0.3841079,-0.2177987,2.023225,0.4184543,0.792894,1.974973
72057594038042242,0,1.047839,106257.8,0.4550664,0.3554805,1.960404,0.3769902,0.9723664,2.00408,0.3246145,0.777424,1.984345,0.4852863,0.6898736,1.819174,0.5501792,0.6491851,1.641864,0.5726854,0.6361488,1.586051,0.4898794,0.7916121,1.899142,0.55091,0.545278,1.865344,0.3611175,0.7073104,1.89597,0.3460477,0.7431923,1.915795,0.3760121,0.3389304,1.955413,0.4297989,0.03681636,1.946979,0.4397336,-0.2927597,1.997216,0.5211408,0.3733765,1.905099,0.3855121,0.09284881,1.907977,0.3841079,-0.2177987,2.023225,0.4184543,0.792894,1.974973
72057594038042242,0,1.047839,106257.8,0.4550664,0.3554805,1.960404,0.3769902,0.9723664,2.00408,0.3246145,0.777424,1.984345,0.4852863,0.6898736,1.819174,0.5501792,0.6491851,1.641864,0.5726854,0.6361488,1.586051,0.4898794,0.7916121,1.899142,0.55091,0.545278,1.865344,0.3611175,0.7073104,1.89597,0.3460477,0.7431923,1.915795,0.3760121,0.3389304,1.955413,0.4297989,0.03681636,1.946979,0.4397336,-0.2927597,1.997216,0.5211408,0.3733765,1.905099,0.3855121,0.09284881,1.907977,0.3841079,-0.2177987,2.023225,0.4184543,0.792894,1.974973
72057594038042242,0,1.047839,106257.8,0.4550664,0.3554805,1.960404,0.3769902,0.9723664,2.00408,0.3246145,0.777424,1.984345,0.4852863,0.6898736,1.819174,0.5501792,0.6491851,1.641864,0.5726854,0.6361488,1.586051,0.4898794,0.7916121,1.899142,0.55091,0.545278,1.865344,0.3611175,0.7073104,1.89597,0.3460477,0.7431923,1.915795,0.3760121,0.3389304,1.955413,0.4297989,0.03681636,1.946979,0.4397336,-0.2927597,1.997216,0.5211408,0.3733765,1.905099,0.3855121,0.09284881,1.907977,0.3841079,-0.2177987,2.023225,0.4184543,0.792894,1.974973
72057594038042242,0,1.047839,106257.8,0.4550664,0.3554805,1.960404,0.3769902,0.9723664,2.00408,0.3246145,0.777424,1.984345,0.4852863,0.6898736,1.819174,0.5501792,0.6491851,1.641864,0.5726854,0.6361488,1.586051,0.4898794,0.7916121,1.899142,0.55091,0.545278,1.865344,0.3611175,0.7073104,1.89597,0.3460477,0.7431923,1.915795,0.3760121,0.3389304,1.955413,0.4297989,0.03681636,1.946979,0.4397336,-0.2927597,1.997216,0.5211408,0.3733765,1.905099,0.3855121,0.09284881,1.907977,0.3841079,-0.2177987,2.023225,0.4184543,0.792894,1.974973
72057594038042242,0,1.047839,106257.8,0.4550664,0.3554805,1.960404,0.3769902,0.9723664,2.00408,0.3246145,0.777424,1.984345,0.4852863,0.6898736,1.819174,0.5501792,0.6491851,1.641864,0.5726854,0.6361488,1.586051,0.4898794,0.7916121,1.899142,0.55091,0.545278,1.865344,0.3611175,0.7073104,1.89597,0.3460477,0.7431923,1.915795,0.3760121,0.3389304,1.955413,0.4297989,0.03681636,1.946979,0.4397336,-0.2927597,1.997216,0.5211408,0.3733765,1.905099,0.3855121,0.09284881,1.907977,0.3841079,-0.2177987,2.023225,0.4184543,0.792894,1.974973
72057594038042242,0,1.047839,106257.8,0.4550664,0.3554805,1.960404,0.3769902,0.9723664,2.00408,0.3246145,0.777424,1.984345,0.4852863,0.6898736,1.819174,0.5501792,0.6491851,1.641864,0.5726854,0.6361488,1.586051,0.4898794,0.7916121,1.899142,0.55091,0.545278,1.865344,0.3611175,0.7073104,1.89597,0.3460477,0.7431923,1.915795,0.3760121,0.3389304,1.955413,0.4297989,0.03681636,1.946979,0.4397336,-0.2927597,1.997216,0.5211408,0.3733765,1.905099,0.3855121,0.09284881,1.907977,0.3841079,-0.2177987,2.023225,0.4184543,0.792894,1.974973
72057594038042242,0,1.047839,106257.8,0.4550664,0.3554805,1.960404,0.3769902,0.9723664,2.00408,0.3246145,0.777424,1.984345,0.4852863,0.6898736,1.819174,0.5501792,0.6491851,1.641864,0.5726854,0.6361488,1.586051,0.4898794,0.7916121,1.899142,0.55091,0.545278,1.865344,0.3611175,0.7073104,1.89597,0.3460477,0.7431923,1.915795,0.3760121,0.3389304,1.955413,0.4297989,0.03681636,1.946979,0.4397336,-0.2927597,1.997216,0.5211408,0.3733765,1.905099,0.3855121,0.09284881,1.907977,0.3841079,-0.2177987,2.023225,0.4184543,0.792894,1.974973
72057594038042242,0,1.047839,106257.8,0.4550664,0.3554805,1.960404,0.3769902,0.9723664,2.00408,0.3246145,0.777424,1.984345,0.4852863,0.6898736,1.819174,0.5501792,0.6491851,1.641864,0.5726854,0.6361488,1.586051,0.4898794,0.7916121,1.899142,0.55091,0.545278,1.865344,0.3611175,0.7073104,1.89597,0.3460477,0.7431923,1.915795,0.3760121,0.3389304,1.955413,0.4297989,0.03681636,1.946979,0.4397336,-0.2927597,1.997216,0.5211408,0.3733765,1.905099,0.3855121,0.09284881,1.907977,0.3841079,-0.2177987,2.023225,0.4184543,0.792894,1.974973
72057594038042242,0,1.04411,106257.8,0.4542775,0.354611,1.965566,0.3764289,0.9718398,2.00368,0.3245136,0.776337,1.984102,0.485668,0.6890057,1.819705,0.5505594,0.6483213,1.642394,0.5730656,0.6352848,1.586582,0.4891418,0.7915912,1.899004,0.5494509,0.5450126,1.865856,0.3602656,0.7078109,1.896161,0.3447843,0.7414879,1.910746,0.3745098,0.3384267,1.959609,0.4297078,0.03636879,1.948543,0.4394964,-0.2933648,1.997967,0.521042,0.3719679,1.910549,0.3851348,0.09107244,1.909191,0.3839889,-0.2212024,2.020421,0.4172769,0.7936025,1.97327
72057594038042242,0,1.04411,106257.8,0.4542775,0.354611,1.965566,0.3764289,0.9718398,2.00368,0.3245136,0.776337,1.984102,0.485668,0.6890057,1.819705,0.5505594,0.6483213,1.642394,0.5730656,0.6352848,1.586582,0.4891418,0.7915912,1.899004,0.5494509,0.5450126,1.865856,0.3602656,0.7078109,1.896161,0.3447843,0.7414879,1.910746,0.3745098,0.3384267,1.959609,0.4297078,0.03636879,1.948543,0.4394964,-0.2933648,1.997967,0.521042,0.3719679,1.910549,0.3851348,0.09107244,1.909191,0.3839889,-0.2212024,2.020421,0.4172769,0.7936025,1.97327
72057594038042242,0,1.04411,106257.8,0.4542775,0.354611,1.965566,0.3764289,0.9718398,2.00368,0.3245136,0.776337,1.984102,0.485668,0.6890057,1.819705,0.5505594,0.6483213,1.642394,0.5730656,0.6352848,1.586582,0.4891418,0.7915912,1.899004,0.5494509,0.5450126,1.865856,0.3602656,0.7078109,1.896161,0.3447843,0.7414879,1.910746,0.3745098,0.3384267,1.959609,0.4297078,0.03636879,1.948543,0.4394964,-0.2933648,1.997967,0.521042,0.3719679,1.910549,0.3851348,0.09107244,1.909191,0.3839889,-0.2212024,2.020421,0.4172769,0.7936025,1.97327
72057594038042242,0,1.04411,106257.8,0.4542775,0.354611,1.965566,0.3764289,0.9718398,2.00368,0.3245136,0.776337,1.984102,0.485668,0.6890057,1.819705,0.5505594,0.6483213,1.642394,0.5730656,0.6352848,1.586582,0.4891418,0.7915912,1.899004,0.5494509,0.5450126,1.865856,0.3602656,0.7078109,1.896161,0.3447843,0.7414879,1.910746,0.3745098,0.3384267,1.959609,0.4297078,0.03636879,1.948543,0.4394964,-0.2933648,1.997967,0.521042,0.3719679,1.910549,0.3851348,0.09107244,1.909191,0.3839889,-0.2212024,2.020421,0.4172769,0.7936025,1.97327
72057594038042242,0,1.04411,106257.8,0.4542775,0.354611,1.965566,0.3764289,0.9718398,2.00368,0.3245136,0.776337,1.984102,0.485668,0.6890057,1.819705,0.5505594,0.6483213,1.642394,0.5730656,0.6352848,1.586582,0.4891418,0.7915912,1.899004,0.5494509,0.5450126,1.865856,0.3602656,0.7078109,1.896161,0.3447843,0.7414879,1.910746,0.3745098,0.3384267,1.959609,0.4297078,0.03636879,1.948543,0.4394964,-0.2933648,1.997967,0.521042,0.3719679,1.910549,0.3851348,0.09107244,1.909191,0.3839889,-0.2212024,2.020421,0.4172769,0.7936025,1.97327
72057594038042242,0,1.04411,106257.8,0.4542775,0.354611,1.965566,0.3764289,0.9718398,2.00368,0.3245136,0.776337,1.984102,0.485668,0.6890057,1.819705,0.5505594,0.6483213,1.642394,0.5730656,0.6352848,1.586582,0.4891418,0.7915912,1.899004,0.5494509,0.5450126,1.865856,0.3602656,0.7078109,1.896161,0.3447843,0.7414879,1.910746,0.3745098,0.3384267,1.959609,0.4297078,0.03636879,1.948543,0.4394964,-0.2933648,1.997967,0.521042,0.3719679,1.910549,0.3851348,0.09107244,1.909191,0.3839889,-0.2212024,2.020421,0.4172769,0.7936025,1.97327
72057594038042242,0,1.04411,106257.8,0.4542775,0.354611,1.965566,0.3764289,0.9718398,2.00368,0.3245136,0.776337,1.984102,0.485668,0.6890057,1.819705,0.5505594,0.6483213,1.642394,0.5730656,0.6352848,1.586582,0.4891418,0.7915912,1.899004,0.5494509,0.5450126,1.865856,0.3602656,0.7078109,1.896161,0.3447843,0.7414879,1.910746,0.3745098,0.3384267,1.959609,0.4297078,0.03636879,1.948543,0.4394964,-0.2933648,1.997967,0.521042,0.3719679,1.910549,0.3851348,0.09107244,1.909191,0.3839889,-0.2212024,2.020421,0.4172769,0.7936025,1.97327
72057594038042242,0,1.04411,106257.8,0.4542775,0.354611,1.965566,0.3764289,0.9718398,2.00368,0.3245136,0.776337,1.984102,0.485668,0.6890057,1.819705,0.5505594,0.6483213,1.642394,0.5730656,0.6352848,1.586582,0.4891418,0.7915912,1.899004,0.5494509,0.5450126,1.865856,0.3602656,0.7078109,1.896161,0.3447843,0.7414879,1.910746,0.3745098,0.3384267,1.959609,0.4297078,0.03636879,1.948543,0.4394964,-0.2933648,1.997967,0.521042,0.3719679,1.910549,0.3851348,0.09107244,1.909191,0.3839889,-0.2212024,2.020421,0.4172769,0.7936025,1.97327
72057594038042242,0,1.04411,106257.8,0.4542775,0.354611,1.965566,0.3764289,0.9718398,2.00368,0.3245136,0.776337,1.984102,0.485668,0.6890057,1.819705,0.5505594,0.6483213,1.642394,0.5730656,0.6352848,1.586582,0.4891418,0.7915912,1.899004,0.5494509,0.5450126,1.865856,0.3602656,0.7078109,1.896161,0.3447843,0.7414879,1.910746,0.3745098,0.3384267,1.959609,0.4297078,0.03636879,1.948543,0.4394964,-0.2933648,1.997967,0.521042,0.3719679,1.910549,0.3851348,0.09107244,1.909191,0.3839889,-0.2212024,2.020421,0.4172769,0.7936025,1.97327
72057594038042242,0,1.04411,106257.8,0.4542775,0.354611,1.965566,0.3764289,0.9718398,2.00368,0.3245136,0.776337,1.984102,0.485668,0.6890057,1.819705,0.5505594,0.6483213,1.642394,0.5730656,0.6352848,1.586582,0.4891418,0.7915912,1.899004,0.5494509,0.5450126,1.865856,0.3602656,0.7078109,1.896161,0.3447843,0.7414879,1.910746,0.3745098,0.3384267,1.959609,0.4297078,0.03636879,1.948543,0.4394964,-0.2933648,1.997967,0.521042,0.3719679,1.910549,0.3851348,0.09107244,1.909191,0.3839889,-0.2212024,2.020421,0.4172769,0.7936025,1.97327
72057594038042242,0,1.041276,106257.8,0.4526738,0.3551033,1.968093,0.376081,0.9712662,2.003057,0.3240778,0.7788008,1.981413,0.4859432,0.6913624,1.818445,0.550833,0.6506671,1.641136,0.5733395,0.6376313,1.585323,0.4884974,0.7915887,1.898712,0.5489834,0.5449818,1.8665,0.3598456,0.7079679,1.896246,0.3451055,0.7409713,1.907907,0.3737077,0.3383559,1.961251,0.4296773,0.03637931,1.949265,0.4392521,-0.2934799,1.998064,0.5183002,0.3731357,1.913893,0.3875561,0.08955333,1.908743,0.3829874,-0.2211674,2.023757,0.4161082,0.794903,1.971673
72057594038042242,0,1.041276,106257.8,0.4526738,0.3551033,1.968093,0.376081,0.9712662,2.003057,0.3240778,0.7788008,1.981413,0.4859432,0.6913624,1.818445,0.550833,0.6506671,1.641136,0.5733395,0.6376313,1.585323,0.4884974,0.7915887,1.898712,0.5489834,0.5449818,1.8665,0.3598456,0.7079679,1.896246,0.3451055,0.7409713,1.907907,0.3737077,0.3383559,1.961251,0.4296773,0.03637931,1.949265,0.4392521,-0.2934799,1.998064,0.5183002,0.3731357,1.913893,0.3875561,0.08955333,1.908743,0.3829874,-0.2211674,2.023757,0.4161082,0.794903,1.971673
72057594038042242,0,1.041276,106257.8,0.4526738,0.3551033,1.968093,0.376081,0.9712662,2.003057,0.3240778,0.7788008,1.981413,0.4859432,0.6913624,1.818445,0.550833,0.6506671,1.641136,0.5733395,0.6376313,1.585323,0.4884974,0.7915887,1.898712,0.5489834,0.5449818,1.8665,0.3598456,0.7079679,1.896246,0.3451055,0.7409713,1.907907,0.3737077,0.3383559,1.961251,0.4296773,0.03637931,1.949265,0.4392521,-0.2934799,1.998064,0.5183002,0.3731357,1.913893,0.3875561,0.08955333,1.908743,0.3829874,-0.2211674,2.023757,0.4161082,0.794903,1.971673
72057594038042242,0,1.041276,106257.8,0.4526738,0.3551033,1.968093,0.376081,0.9712662,2.003057,0.3240778,0.7788008,1.981413,0.4859432,0.6913624,1.818445,0.550833,0.6506671,1.641136,0.5733395,0.6376313,1.585323,0.4884974,0.7915887,1.898712,0.5489834,0.5449818,1.8665,0.3598456,0.7079679,1.896246,0.3451055,0.7409713,1.907907,0.3737077,0.3383559,1.961251,0.4296773,0.03637931,1.949265,0.4392521,-0.2934799,1.998064,0.5183002,0.3731357,1.913893,0.3875561,0.08955333,1.908743,0.3829874,-0.2211674,2.023757,0.4161082,0.794903,1.971673
72057594038042242,0,1.041276,106257.8,0.4526738,0.3551033,1.968093,0.376081,0.9712662,2.003057,0.3240778,0.7788008,1.981413,0.4859432,0.6913624,1.818445,0.550833,0.6506671,1.641136,0.5733395,0.6376313,1.585323,0.4884974,0.7915887,1.898712,0.5489834,0.5449818,1.8665,0.3598456,0.7079679,1.896246,0.3451055,0.7409713,1.907907,0.3737077,0.3383559,1.961251,0.4296773,0.03637931,1.949265,0.4392521,-0.2934799,1.998064,0.5183002,0.3731357,1.913893,0.3875561,0.08955333,1.908743,0.3829874,-0.2211674,2.023757,0.4161082,0.794903,1.971673
72057594038042242,0,1.041276,106257.8,0.4526738,0.3551033,1.968093,0.376081,0.9712662,2.003057,0.3240778,0.7788008,1.981413,0.4859432,0.6913624,1.818445,0.550833,0.6506671,1.641136,0.5733395,0.6376313,1.585323,0.4884974,0.7915887,1.898712,0.5489834,0.5449818,1.8665,0.3598456,0.7079679,1.896246,0.3451055,0.7409713,1.907907,0.3737077,0.3383559,1.961251,0.4296773,0.03637931,1.949265,0.4392521,-0.2934799,1.998064,0.5183002,0.3731357,1.913893,0.3875561,0.08955333,1.908743,0.3829874,-0.2211674,2.023757,0.4161082,0.794903,1.971673
72057594038042242,0,1.041276,106257.9,0.4526738,0.3551033,1.968093,0.376081,0.9712662,2.003057,0.3240778,0.7788008,1.981413,0.4859432,0.6913624,1.818445,0.550833,0.6506671,1.641136,0.5733395,0.6376313,1.585323,0.4884974,0.7915887,1.898712,0.5489834,0.5449818,1.8665,0.3598456,0.7079679,1.896246,0.3451055,0.7409713,1.907907,0.3737077,0.3383559,1.961251,0.4296773,0.03637931,1.949265,0.4392521,-0.2934799,1.998064,0.5183002,0.3731357,1.913893,0.3875561,0.08955333,1.908743,0.3829874,-0.2211674,2.023757,0.4161082,0.794903,1.971673
72057594038042242,0,1.041276,106257.9,0.4526738,0.3551033,1.968093,0.376081,0.9712662,2.003057,0.3240778,0.7788008,1.981413,0.4859432,0.6913624,1.818445,0.550833,0.6506671,1.641136,0.5733395,0.6376313,1.585323,0.4884974,0.7915887,1.898712,0.5489834,0.5449818,1.8665,0.3598456,0.7079679,1.896246,0.3451055,0.7409713,1.907907,0.3737077,0.3383559,1.961251,0.4296773,0.03637931,1.949265,0.4392521,-0.2934799,1.998064,0.5183002,0.3731357,1.913893,0.3875561,0.08955333,1.908743,0.3829874,-0.2211674,2.023757,0.4161082,0.794903,1.971673
72057594038042242,0,1.041276,106257.9,0.4526738,0.3551033,1.968093,0.376081,0.9712662,2.003057,0.3240778,0.7788008,1.981413,0.4859432,0.6913624,1.818445,0.550833,0.6506671,1.641136,0.5733395,0.6376313,1.585323,0.4884974,0.7915887,1.898712,0.5489834,0.5449818,1.8665,0.3598456,0.7079679,1.896246,0.3451055,0.7409713,1.907907,0.3737077,0.3383559,1.961251,0.4296773,0.03637931,1.949265,0.4392521,-0.2934799,1.998064,0.5183002,0.3731357,1.913893,0.3875561,0.08955333,1.908743,0.3829874,-0.2211674,2.023757,0.4161082,0.794903,1.971673
72057594038042242,0,1.041276,106257.9,0.4526738,0.3551033,1.968093,0.376081,0.9712662,2.003057,0.3240778,0.7788008,1.981413,0.4859432,0.6913624,1.818445,0.550833,0.6506671,1.641136,0.5733395,0.6376313,1.585323,0.4884974,0.7915887,1.898712,0.5489834,0.5449818,1.8665,0.3598456,0.7079679,1.896246,0.3451055,0.7409713,1.907907,0.3737077,0.3383559,1.961251,0.4296773,0.03637931,1.949265,0.4392521,-0.2934799,1.998064,0.5183002,0.3731357,1.913893,0.3875561,0.08955333,1.908743,0.3829874,-0.2211674,2.023757,0.4161082,0.794903,1.971673
72057594038042242,0,1.041276,106257.9,0.4526738,0.3551033,1.968093,0.376081,0.9712662,2.003057,0.3240778,0.7788008,1.981413,0.4859432,0.6913624,1.818445,0.550833,0.6506671,1.641136,0.5733395,0.6376313,1.585323,0.4884974,0.7915887,1.898712,0.5489834,0.5449818,1.8665,0.3598456,0.7079679,1.896246,0.3451055,0.7409713,1.907907,0.3737077,0.3383559,1.961251,0.4296773,0.03637931,1.949265,0.4392521,-0.2934799,1.998064,0.5183002,0.3731357,1.913893,0.3875561,0.08955333,1.908743,0.3829874,-0.2211674,2.023757,0.4161082,0.794903,1.971673
72057594038042242,0,1.039334,106257.9,0.4514597,0.3554131,1.969776,0.3756259,0.970728,2.002813,0.3219855,0.7889551,1.973782,0.4849588,0.7016737,1.812603,0.5498514,0.6609302,1.635301,0.572359,0.6478975,1.579488,0.4876981,0.7918986,1.898489,0.5472713,0.5449622,1.867482,0.3585075,0.7086133,1.896178,0.3447381,0.7406269,1.906188,0.3701194,0.3397918,1.964543,0.429511,0.03831199,1.950077,0.4380379,-0.2914502,1.999652,0.5182375,0.3728954,1.914516,0.3876356,0.08928448,1.909597,0.3807693,-0.2114432,2.046373,0.4152628,0.7957972,1.970345
72057594038042242,0,1.039334,106257.9,0.4514597,0.3554131,1.969776,0.3756259,0.970728,2.002813,0.3219855,0.7889551,1.973782,0.4849588,0.7016737,1.812603,0.5498514,0.6609302,1.635301,0.572359,0.6478975,1.579488,0.4876981,0.7918986,1.898489,0.5472713,0.5449622,1.867482,0.3585075,0.7086133,1.896178,0.3447381,0.7406269,1.906188,0.3701194,0.3397918,1.964543,0.429511,0.03831199,1.950077,0.4380379,-0.2914502,1.999652,0.5182375,0.3728954,1.914516,0.3876356,0.08928448,1.909597,0.3807693,-0.2114432,2.046373,0.4152628,0.7957972,1.970345
72057594038042242,0,1.039334,106257.9,0.4514597,0.3554131,1.969776,0.3756259,0.970728,2.002813,0.3219855,0.7889551,1.973782,0.4849588,0.7016737,1.812603,0.5498514,0.6609302,1.635301,0.572359,0.6478975,1.579488,0.4876981,0.7918986,1.898489,0.5472713,0.5449622,1.867482,0.3585075,0.7086133,1.896178,0.3447381,0.7406269,1.906188,0.3701194,0.3397918,1.964543,0.429511,0.03831199,1.950077,0.4380379,-0.2914502,1.999652,0.5182375,0.3728954,1.914516,0.3876356,0.08928448,1.909597,0.3807693,-0.2114432,2.046373,0.4152628,0.7957972,1.970345
72057594038042242,0,1.038071,106257.9,0.4478049,0.3469277,1.975144,0.3749157,0.9702486,2.002688,0.3219373,0.7892473,1.973491,0.4850018,0.7020652,1.812429,0.5498944,0.6613203,1.635131,0.5724019,0.6482877,1.579317,0.4873534,0.7920859,1.898434,0.5466064,0.5450108,1.868244,0.3574125,0.7084612,1.895688,0.3436401,0.741217,1.905628,0.3649119,0.3293522,1.970124,0.431271,0.02942902,1.952451,0.4395698,-0.3005379,2.000659,0.5164751,0.3658791,1.919101,0.384104,0.08259726,1.908006,0.3760676,-0.2127678,2.054894,0.4148037,0.7959569,1.969844
72057594038042242,0,1.038071,106257.9,0.4478049,0.3469277,1.975144,0.3749157,0.9702486,2.002688,0.3219373,0.7892473,1.973491,0.4850018,0.7020652,1.812429,0.5498944,0.6613203,1.635131,0.5724019,0.6482877,1.579317,0.4873534,0.7920859,1.898434,0.5466064,0.5450108,1.868244,0.3574125,0.7084612,1.895688,0.3436401,0.741217,1.905628,0.3649119,0.3293522,1.970124,0.431271,0.02942902,1.952451,0.4395698,-0.3005379,2.000659,0.5164751,0.3658791,1.919101,0.384104,0.08259726,1.908006,0.3760676,-0.2127678,2.054894,0.4148037,0.7959569,1.969844
72057594038042242,0,1.038071,106257.9,0.4478049,0.3469277,1.975144,0.3749157,0.9702486,2.002688,0.3219373,0.7892473,1.973491,0.4850018,0.7020652,1.812429,0.5498944,0.6613203,1.635131,0.5724019,0.6482877,1.579317,0.4873534,0.7920859,1.898434,0.5466064,0.5450108,1.868244,0.3574125,0.7084612,1.895688,0.3436401,0.741217,1.905628,0.3649119,0.3293522,1.970124,0.431271,0.02942902,1.952451,0.4395698,-0.3005379,2.000659,0.5164751,0.3658791,1.919101,0.384104,0.08259726,1.908006,0.3760676,-0.2127678,2.054894,0.4148037,0.7959569,1.969844
72057594038042242,0,1.038071,106257.9,0.4478049,0.3469277,1.975144,0.3749157,0.9702486,2.002688,0.3219373,0.7892473,1.973491,0.4850018,0.7020652,1.812429,0.5498944,0.6613203,1.635131,0.5724019,0.6482877,1.579317,0.4873534,0.7920859,1.898434,0.5466064,0.5450108,1.868244,0.3574125,0.7084612,1.895688,0.3436401,0.741217,1.905628,0.3649119,0.3293522,1.970124,0.431271,0.02942902,1.952451,0.4395698,-0.3005379,2.000659,0.5164751,0.3658791,1.919101,0.384104,0.08259726,1.908006,0.3760676,-0.2127678,2.054894,0.4148037,0.7959569,1.969844
72057594038042242,0,1.038071,106257.9,0.4478049,0.3469277,1.975144,0.3749157,0.9702486,2.002688,0.3219373,0.7892473,1.973491,0.4850018,0.7020652,1.812429,0.5498944,0.6613203,1.635131,0.5724019,0.6482877,1.579317,0.4873534,0.7920859,1.898434,0.5466064,0.5450108,1.868244,0.3574125,0.7084612,1.895688,0.3436401,0.741217,1.905628,0.3649119,0.3293522,1.970124,0.431271,0.02942902,1.952451,0.4395698,-0.3005379,2.000659,0.5164751,0.3658791,1.919101,0.384104,0.08259726,1.908006,0.3760676,-0.2127678,2.054894,0.4148037,0.7959569,1.969844
72057594038042242,0,1.038071,106257.9,0.4478049,0.3469277,1.975144,0.3749157,0.9702486,2.002688,0.3219373,0.7892473,1.973491,0.4850018,0.7020652,1.812429,0.5498944,0.6613203,1.635131,0.5724019,0.6482877,1.579317,0.4873534,0.7920859,1.898434,0.5466064,0.5450108,1.868244,0.3574125,0.7084612,1.895688,0.3436401,0.741217,1.905628,0.3649119,0.3293522,1.970124,0.431271,0.02942902,1.952451,0.4395698,-0.3005379,2.000659,0.5164751,0.3658791,1.919101,0.384104,0.08259726,1.908006,0.3760676,-0.2127678,2.054894,0.4148037,0.7959569,1.969844
72057594038042242,0,1.038071,106257.9,0.4478049,0.3469277,1.975144,0.3749157,0.9702486,2.002688,0.3219373,0.7892473,1.973491,0.4850018,0.7020652,1.812429,0.5498944,0.6613203,1.635131,0.5724019,0.6482877,1.579317,0.4873534,0.7920859,1.898434,0.5466064,0.5450108,1.868244,0.3574125,0.7084612,1.895688,0.3436401,0.741217,1.905628,0.3649119,0.3293522,1.970124,0.431271,0.02942902,1.952451,0.4395698,-0.3005379,2.000659,0.5164751,0.3658791,1.919101,0.384104,0.08259726,1.908006,0.3760676,-0.2127678,2.054894,0.4148037,0.7959569,1.969844
72057594038042242,0,1.038071,106257.9,0.4478049,0.3469277,1.975144,0.3749157,0.9702486,2.002688,0.3219373,0.7892473,1.973491,0.4850018,0.7020652,1.812429,0.5498944,0.6613203,1.635131,0.5724019,0.6482877,1.579317,0.4873534,0.7920859,1.898434,0.5466064,0.5450108,1.868244,0.3574125,0.7084612,1.895688,0.3436401,0.741217,1.905628,0.3649119,0.3293522,1.970124,0.431271,0.02942902,1.952451,0.4395698,-0.3005379,2.000659,0.5164751,0.3658791,1.919101,0.384104,0.08259726,1.908006,0.3760676,-0.2127678,2.054894,0.4148037,0.7959569,1.969844
72057594038042242,0,1.038071,106257.9,0.4478049,0.3469277,1.975144,0.3749157,0.9702486,2.002688,0.3219373,0.7892473,1.973491,0.4850018,0.7020652,1.812429,0.5498944,0.6613203,1.635131,0.5724019,0.6482877,1.579317,0.4873534,0.7920859,1.898434,0.5466064,0.5450108,1.868244,0.3574125,0.7084612,1.895688,0.3436401,0.741217,1.905628,0.3649119,0.3293522,1.970124,0.431271,0.02942902,1.952451,0.4395698,-0.3005379,2.000659,0.5164751,0.3658791,1.919101,0.384104,0.08259726,1.908006,0.3760676,-0.2127678,2.054894,0.4148037,0.7959569,1.969844
72057594038042242,0,1.038071,106257.9,0.4478049,0.3469277,1.975144,0.3749157,0.9702486,2.002688,0.3219373,0.7892473,1.973491,0.4850018,0.7020652,1.812429,0.5498944,0.6613203,1.635131,0.5724019,0.6482877,1.579317,0.4873534,0.7920859,1.898434,0.5466064,0.5450108,1.868244,0.3574125,0.7084612,1.895688,0.3436401,0.741217,1.905628,0.3649119,0.3293522,1.970124,0.431271,0.02942902,1.952451,0.4395698,-0.3005379,2.000659,0.5164751,0.3658791,1.919101,0.384104,0.08259726,1.908006,0.3760676,-0.2127678,2.054894,0.4148037,0.7959569,1.969844
72057594038042242,0,1.035718,106257.9,0.4451248,0.3433124,1.979277,0.3750413,0.9712498,2.002695,0.3214322,0.7908869,1.971654,0.4847128,0.7038394,1.81091,0.5496063,0.6630859,1.633615,0.5721141,0.650054,1.577801,0.4871015,0.7919503,1.898357,0.545208,0.553594,1.871135,0.3551277,0.7166934,1.895308,0.3402092,0.7510037,1.90466,0.3624308,0.3269549,1.971493,0.4315508,0.02773935,1.953675,0.4396105,-0.3023796,2.001041,0.5142106,0.3605101,1.927117,0.3810501,0.07703727,1.905668,0.3695427,-0.2144992,2.059171,0.414578,0.7960138,1.969636
72057594038042242,0,1.035718,106257.9,0.4451248,0.3433124,1.979277,0.3750413,0.9712498,2.002695,0.3214322,0.7908869,1.971654,0.4847128,0.7038394,1.81091,0.5496063,0.6630859,1.633615,0.5721141,0.650054,1.577801,0.4871015,0.7919503,1.898357,0.545208,0.553594,1.871135,0.3551277,0.7166934,1.895308,0.3402092,0.7510037,1.90466,0.3624308,0.3269549,1.971493,0.4315508,0.02773935,1.953675,0.4396105,-0.3023796,2.001041,0.5142106,0.3605101,1.927117,0.3810501,0.07703727,1.905668,0.3695427,-0.2144992,2.059171,0.414578,0.7960138,1.969636
72057594038042242,0,1.035718,106257.9,0.4451248,0.3433124,1.979277,0.3750413,0.9712498,2.002695,0.3214322,0.7908869,1.971654,0.4847128,0.7038394,1.81091,0.5496063,0.6630859,1.633615,0.5721141,0.650054,1.577801,0.4871015,0.7919503,1.898357,0.545208,0.553594,1.871135,0.3551277,0.7166934,1.895308,0.3402092,0.7510037,1.90466,0.3624308,0.3269549,1.971493,0.4315508,0.02773935,1.953675,0.4396105,-0.3023796,2.001041,0.5142106,0.3605101,1.927117,0.3810501,0.07703727,1.905668,0.3695427,-0.2144992,2.059171,0.414578,0.7960138,1.969636
72057594038042242,0,1.035718,106257.9,0.4451248,0.3433124,1.979277,0.3750413,0.9712498,2.002695,0.3214322,0.7908869,1.971654,0.4847128,0.7038394,1.81091,0.5496063,0.6630859,1.633615,0.5721141,0.650054,1.577801,0.4871015,0.7919503,1.898357,0.545208,0.553594,1.871135,0.3551277,0.7166934,1.895308,0.3402092,0.7510037,1.90466,0.3624308,0.3269549,1.971493,0.4315508,0.02773935,1.953675,0.4396105,-0.3023796,2.001041,0.5142106,0.3605101,1.927117,0.3810501,0.07703727,1.905668,0.3695427,-0.2144992,2.059171,0.414578,0.7960138,1.969636
72057594038042242,0,1.035718,106257.9,0.4451248,0.3433124,1.979277,0.3750413,0.9712498,2.002695,0.3214322,0.7908869,1.971654,0.4847128,0.7038394,1.81091,0.5496063,0.6630859,1.633615,0.5721141,0.650054,1.577801,0.4871015,0.7919503,1.898357,0.545208,0.553594,1.871135,0.3551277,0.7166934,1.895308,0.3402092,0.7510037,1.90466,0.3624308,0.3269549,1.971493,0.4315508,0.02773935,1.953675,0.4396105,-0.3023796,2.001041,0.5142106,0.3605101,1.927117,0.3810501,0.07703727,1.905668,0.3695427,-0.2144992,2.059171,0.414578,0.7960138,1.969636
72057594038042242,0,1.035718,106257.9,0.4451248,0.3433124,1.979277,0.3750413,0.9712498,2.002695,0.3214322,0.7908869,1.971654,0.4847128,0.7038394,1.81091,0.5496063,0.6630859,1.633615,0.5721141,0.650054,1.577801,0.4871015,0.7919503,1.898357,0.545208,0.553594,1.871135,0.3551277,0.7166934,1.895308,0.3402092,0.7510037,1.90466,0.3624308,0.3269549,1.971493,0.4315508,0.02773935,1.953675,0.4396105,-0.3023796,2.001041,0.5142106,0.3605101,1.927117,0.3810501,0.07703727,1.905668,0.3695427,-0.2144992,2.059171,0.414578,0.7960138,1.969636
72057594038042242,0,1.035718,106258,0.4451248,0.3433124,1.979277,0.3750413,0.9712498,2.002695,0.3214322,0.7908869,1.971654,0.4847128,0.7038394,1.81091,0.5496063,0.6630859,1.633615,0.5721141,0.650054,1.577801,0.4871015,0.7919503,1.898357,0.545208,0.553594,1.871135,0.3551277,0.7166934,1.895308,0.3402092,0.7510037,1.90466,0.3624308,0.3269549,1.971493,0.4315508,0.02773935,1.953675,0.4396105,-0.3023796,2.001041,0.5142106,0.3605101,1.927117,0.3810501,0.07703727,1.905668,0.3695427,-0.2144992,2.059171,0.414578,0.7960138,1.969636
72057594038042242,0,1.035718,106258,0.4451248,0.3433124,1.979277,0.3750413,0.9712498,2.002695,0.3214322,0.7908869,1.971654,0.4847128,0.7038394,1.81091,0.5496063,0.6630859,1.633615,0.5721141,0.650054,1.577801,0.4871015,0.7919503,1.898357,0.545208,0.553594,1.871135,0.3551277,0.7166934,1.895308,0.3402092,0.7510037,1.90466,0.3624308,0.3269549,1.971493,0.4315508,0.02773935,1.953675,0.4396105,-0.3023796,2.001041,0.5142106,0.3605101,1.927117,0.3810501,0.07703727,1.905668,0.3695427,-0.2144992,2.059171,0.414578,0.7960138,1.969636
72057594038042242,0,1.035718,106258,0.4451248,0.3433124,1.979277,0.3750413,0.9712498,2.002695,0.3214322,0.7908869,1.971654,0.4847128,0.7038394,1.81091,0.5496063,0.6630859,1.633615,0.5721141,0.650054,1.577801,0.4871015,0.7919503,1.898357,0.545208,0.553594,1.871135,0.3551277,0.7166934,1.895308,0.3402092,0.7510037,1.90466,0.3624308,0.3269549,1.971493,0.4315508,0.02773935,1.953675,0.4396105,-0.3023796,2.001041,0.5142106,0.3605101,1.927117,0.3810501,0.07703727,1.905668,0.3695427,-0.2144992,2.059171,0.414578,0.7960138,1.969636
72057594038042242,0,1.035718,106258,0.4451248,0.3433124,1.979277,0.3750413,0.9712498,2.002695,0.3214322,0.7908869,1.971654,0.4847128,0.7038394,1.81091,0.5496063,0.6630859,1.633615,0.5721141,0.650054,1.577801,0.4871015,0.7919503,1.898357,0.545208,0.553594,1.871135,0.3551277,0.7166934,1.895308,0.3402092,0.7510037,1.90466,0.3624308,0.3269549,1.971493,0.4315508,0.02773935,1.953675,0.4396105,-0.3023796,2.001041,0.5142106,0.3605101,1.927117,0.3810501,0.07703727,1.905668,0.3695427,-0.2144992,2.059171,0.414578,0.7960138,1.969636
72057594038042242,0,1.036198,106258,0.4449275,0.3424858,1.979085,0.3749457,0.9711923,2.00265,0.3214128,0.7909163,1.971597,0.4847182,0.7038939,1.810887,0.5496116,0.6631404,1.633592,0.5721194,0.6501083,1.577779,0.4869696,0.7917895,1.89836,0.5426911,0.5491963,1.872346,0.3522622,0.7121308,1.895423,0.3392467,0.7454808,1.907112,0.3621421,0.3256848,1.971922,0.4312994,0.02669626,1.9569,0.4397404,-0.3040106,2.000843,0.5140654,0.3597126,1.925833,0.3796923,0.07722244,1.911634,0.3708691,-0.2150972,2.06388,0.4143265,0.7961828,1.969398
72057594038042242,0,1.036198,106258,0.4449275,0.3424858,1.979085,0.3749457,0.9711923,2.00265,0.3214128,0.7909163,1.971597,0.4847182,0.7038939,1.810887,0.5496116,0.6631404,1.633592,0.5721194,0.6501083,1.577779,0.4869696,0.7917895,1.89836,0.5426911,0.5491963,1.872346,0.3522622,0.7121308,1.895423,0.3392467,0.7454808,1.907112,0.3621421,0.3256848,1.971922,0.4312994,0.02669626,1.9569,0.4397404,-0.3040106,2.000843,0.5140654,0.3597126,1.925833,0.3796923,0.07722244,1.911634,0.3708691,-0.2150972,2.06388,0.4143265,0.7961828,1.969398
72057594038042242,0,1.036198,106258,0.4449275,0.3424858,1.979085,0.3749457,0.9711923,2.00265,0.3214128,0.7909163,1.971597,0.4847182,0.7038939,1.810887,0.5496116,0.6631404,1.633592,0.5721194,0.6501083,1.577779,0.4869696,0.7917895,1.89836,0.5426911,0.5491963,1.872346,0.3522622,0.7121308,1.895423,0.3392467,0.7454808,1.907112,0.3621421,0.3256848,1.971922,0.4312994,0.02669626,1.9569,0.4397404,-0.3040106,2.000843,0.5140654,0.3597126,1.925833,0.3796923,0.07722244,1.911634,0.3708691,-0.2150972,2.06388,0.4143265,0.7961828,1.969398
72057594038042242,0,1.036198,106258,0.4449275,0.3424858,1.979085,0.3749457,0.9711923,2.00265,0.3214128,0.7909163,1.971597,0.4847182,0.7038939,1.810887,0.5496116,0.6631404,1.633592,0.5721194,0.6501083,1.577779,0.4869696,0.7917895,1.89836,0.5426911,0.5491963,1.872346,0.3522622,0.7121308,1.895423,0.3392467,0.7454808,1.907112,0.3621421,0.3256848,1.971922,0.4312994,0.02669626,1.9569,0.4397404,-0.3040106,2.000843,0.5140654,0.3597126,1.925833,0.3796923,0.07722244,1.911634,0.3708691,-0.2150972,2.06388,0.4143265,0.7961828,1.969398
72057594038042242,0,1.036198,106258,0.4449275,0.3424858,1.979085,0.3749457,0.9711923,2.00265,0.3214128,0.7909163,1.971597,0.4847182,0.7038939,1.810887,0.5496116,0.6631404,1.633592,0.5721194,0.6501083,1.577779,0.4869696,0.7917895,1.89836,0.5426911,0.5491963,1.872346,0.3522622,0.7121308,1.895423,0.3392467,0.7454808,1.907112,0.3621421,0.3256848,1.971922,0.4312994,0.02669626,1.9569,0.4397404,-0.3040106,2.000843,0.5140654,0.3597126,1.925833,0.3796923,0.07722244,1.911634,0.3708691,-0.2150972,2.06388,0.4143265,0.7961828,1.969398
72057594038042242,0,1.036198,106258,0.4449275,0.3424858,1.979085,0.3749457,0.9711923,2.00265,0.3214128,0.7909163,1.971597,0.4847182,0.7038939,1.810887,0.5496116,0.6631404,1.633592,0.5721194,0.6501083,1.577779,0.4869696,0.7917895,1.89836,0.5426911,0.5491963,1.872346,0.3522622,0.7121308,1.895423,0.3392467,0.7454808,1.907112,0.3621421,0.3256848,1.971922,0.4312994,0.02669626,1.9569,0.4397404,-0.3040106,2.000843,0.5140654,0.3597126,1.925833,0.3796923,0.07722244,1.911634,0.3708691,-0.2150972,2.06388,0.4143265,0.7961828,1.969398
72057594038042242,0,1.036198,106258,0.4449275,0.3424858,1.979085,0.3749457,0.9711923,2.00265,0.3214128,0.7909163,1.971597,0.4847182,0.7038939,1.810887,0.5496116,0.6631404,1.633592,0.5721194,0.6501083,1.577779,0.4869696,0.7917895,1.89836,0.5426911,0.5491963,1.872346,0.3522622,0.7121308,1.895423,0.3392467,0.7454808,1.907112,0.3621421,0.3256848,1.971922,0.4312994,0.02669626,1.9569,0.4397404,-0.3040106,2.000843,0.5140654,0.3597126,1.925833,0.3796923,0.07722244,1.911634,0.3708691,-0.2150972,2.06388,0.4143265,0.7961828,1.969398
72057594038042242,0,1.036198,106258,0.4449275,0.3424858,1.979085,0.3749457,0.9711923,2.00265,0.3214128,0.7909163,1.971597,0.4847182,0.7038939,1.810887,0.5496116,0.6631404,1.633592,0.5721194,0.6501083,1.577779,0.4869696,0.7917895,1.89836,0.5426911,0.5491963,1.872346,0.3522622,0.7121308,1.895423,0.3392467,0.7454808,1.907112,0.3621421,0.3256848,1.971922,0.4312994,0.02669626,1.9569,0.4397404,-0.3040106,2.000843,0.5140654,0.3597126,1.925833,0.3796923,0.07722244,1.911634,0.3708691,-0.2150972,2.06388,0.4143265,0.7961828,1.969398
72057594038042242,0,1.036198,106258,0.4449275,0.3424858,1.979085,0.3749457,0.9711923,2.00265,0.3214128,0.7909163,1.971597,0.4847182,0.7038939,1.810887,0.5496116,0.6631404,1.633592,0.5721194,0.6501083,1.577779,0.4869696,0.7917895,1.89836,0.5426911,0.5491963,1.872346,0.3522622,0.7121308,1.895423,0.3392467,0.7454808,1.907112,0.3621421,0.3256848,1.971922,0.4312994,0.02669626,1.9569,0.4397404,-0.3040106,2.000843,0.5140654,0.3597126,1.925833,0.3796923,0.07722244,1.911634,0.3708691,-0.2150972,2.06388,0.4143265,0.7961828,1.969398
72057594038042242,0,1.036198,106258,0.4449275,0.3424858,1.979085,0.3749457,0.9711923,2.00265,0.3214128,0.7909163,1.971597,0.4847182,0.7038939,1.810887,0.5496116,0.6631404,1.633592,0.5721194,0.6501083,1.577779,0.4869696,0.7917895,1.89836,0.5426911,0.5491963,1.872346,0.3522622,0.7121308,1.895423,0.3392467,0.7454808,1.907112,0.3621421,0.3256848,1.971922,0.4312994,0.02669626,1.9569,0.4397404,-0.3040106,2.000843,0.5140654,0.3597126,1.925833,0.3796923,0.07722244,1.911634,0.3708691,-0.2150972,2.06388,0.4143265,0.7961828,1.969398
72057594038042242,0,1.036198,106258,0.4449275,0.3424858,1.979085,0.3749457,0.9711923,2.00265,0.3214128,0.7909163,1.971597,0.4847182,0.7038939,1.810887,0.5496116,0.6631404,1.633592,0.5721194,0.6501083,1.577779,0.4869696,0.7917895,1.89836,0.5426911,0.5491963,1.872346,0.3522622,0.7121308,1.895423,0.3392467,0.7454808,1.907112,0.3621421,0.3256848,1.971922,0.4312994,0.02669626,1.9569,0.4397404,-0.3040106,2.000843,0.5140654,0.3597126,1.925833,0.3796923,0.07722244,1.911634,0.3708691,-0.2150972,2.06388,0.4143265,0.7961828,1.969398
72057594038042242,0,1.03089,106258,0.4415271,0.3386425,1.987057,0.3748732,0.9711856,2.002763,0.3214491,0.7907488,1.971658,0.4847952,0.7037706,1.810999,0.5496884,0.6630177,1.633704,0.5721962,0.6499857,1.57789,0.4866548,0.7916944,1.898537,0.5422534,0.5476565,1.873,0.3517618,0.7106121,1.895638,0.3404918,0.7445647,1.9083,0.3598204,0.3235121,1.978918,0.4316052,0.0248853,1.958523,0.4405677,-0.3059474,2.001549,0.5100164,0.3546481,1.933716,0.3765815,0.0713737,1.910375,0.3710958,-0.2213098,2.061987,0.4141161,0.7962148,1.969455
72057594038042242,0,1.03089,106258,0.4415271,0.3386425,1.987057,0.3748732,0.9711856,2.002763,0.3214491,0.7907488,1.971658,0.4847952,0.7037706,1.810999,0.5496884,0.6630177,1.633704,0.5721962,0.6499857,1.57789,0.4866548,0.7916944,1.898537,0.5422534,0.5476565,1.873,0.3517618,0.7106121,1.895638,0.3404918,0.7445647,1.9083,0.3598204,0.3235121,1.978918,0.4316052,0.0248853,1.958523,0.4405677,-0.3059474,2.001549,0.5100164,0.3546481,1.933716,0.3765815,0.0713737,1.910375,0.3710958,-0.2213098,2.061987,0.4141161,0.7962148,1.969455
72057594038042242,0,1.03089,106258,0.4415271,0.3386425,1.987057,0.3748732,0.9711856,2.002763,0.3214491,0.7907488,1.971658,0.4847952,0.7037706,1.810999,0.5496884,0.6630177,1.633704,0.5721962,0.6499857,1.57789,0.4866548,0.7916944,1.898537,0.5422534,0.5476565,1.873,0.3517618,0.7106121,1.895638,0.3404918,0.7445647,1.9083,0.3598204,0.3235121,1.978918,0.4316052,0.0248853,1.958523,0.4405677,-0.3059474,2.001549,0.5100164,0.3546481,1.933716,0.3765815,0.0713737,1.910375,0.3710958,-0.2213098,2.061987,0.4141161,0.7962148,1.969455
72057594038042242,0,1.03089,106258,0.4415271,0.3386425,1.987057,0.3748732,0.9711856,2.002763,0.3214491,0.7907488,1.971658,0.4847952,0.7037706,1.810999,0.5496884,0.6630177,1.633704,0.5721962,0.6499857,1.57789,0.4866548,0.7916944,1.898537,0.5422534,0.5476565,1.873,0.3517618,0.7106121,1.895638,0.3404918,0.7445647,1.9083,0.3598204,0.3235121,1.978918,0.4316052,0.0248853,1.958523,0.4405677,-0.3059474,2.001549,0.5100164,0.3546481,1.933716,0.3765815,0.0713737,1.910375,0.3710958,-0.2213098,2.061987,0.4141161,0.7962148,1.969455
72057594038042242,0,1.03089,106258,0.4415271,0.3386425,1.987057,0.3748732,0.9711856,2.002763,0.3214491,0.7907488,1.971658,0.4847952,0.7037706,1.810999,0.5496884,0.6630177,1.633704,0.5721962,0.6499857,1.57789,0.4866548,0.7916944,1.898537,0.5422534,0.5476565,1.873,0.3517618,0.7106121,1.895638,0.3404918,0.7445647,1.9083,0.3598204,0.3235121,1.978918,0.4316052,0.0248853,1.958523,0.4405677,-0.3059474,2.001549,0.5100164,0.3546481,1.933716,0.3765815,0.0713737,1.910375,0.3710958,-0.2213098,2.061987,0.4141161,0.7962148,1.969455
72057594038042242,0,1.03089,106258,0.4415271,0.3386425,1.987057,0.3748732,0.9711856,2.002763,0.3214491,0.7907488,1.971658,0.4847952,0.7037706,1.810999,0.5496884,0.6630177,1.633704,0.5721962,0.6499857,1.57789,0.4866548,0.7916944,1.898537,0.5422534,0.5476565,1.873,0.3517618,0.7106121,1.895638,0.3404918,0.7445647,1.9083,0.3598204,0.3235121,1.978918,0.4316052,0.0248853,1.958523,0.4405677,-0.3059474,2.001549,0.5100164,0.3546481,1.933716,0.3765815,0.0713737,1.910375,0.3710958,-0.2213098,2.061987,0.4141161,0.7962148,1.969455
72057594038042242,0,1.03089,106258,0.4415271,0.3386425,1.987057,0.3748732,0.9711856,2.002763,0.3214491,0.7907488,1.971658,0.4847952,0.7037706,1.810999,0.5496884,0.6630177,1.633704,0.5721962,0.6499857,1.57789,0.4866548,0.7916944,1.898537,0.5422534,0.5476565,1.873,0.3517618,0.7106121,1.895638,0.3404918,0.7445647,1.9083,0.3598204,0.3235121,1.978918,0.4316052,0.0248853,1.958523,0.4405677,-0.3059474,2.001549,0.5100164,0.3546481,1.933716,0.3765815,0.0713737,1.910375,0.3710958,-0.2213098,2.061987,0.4141161,0.7962148,1.969455
72057594038042242,0,1.03089,106258,0.4415271,0.3386425,1.987057,0.3748732,0.9711856,2.002763,0.3214491,0.7907488,1.971658,0.4847952,0.7037706,1.810999,0.5496884,0.6630177,1.633704,0.5721962,0.6499857,1.57789,0.4866548,0.7916944,1.898537,0.5422534,0.5476565,1.873,0.3517618,0.7106121,1.895638,0.3404918,0.7445647,1.9083,0.3598204,0.3235121,1.978918,0.4316052,0.0248853,1.958523,0.4405677,-0.3059474,2.001549,0.5100164,0.3546481,1.933716,0.3765815,0.0713737,1.910375,0.3710958,-0.2213098,2.061987,0.4141161,0.7962148,1.969455
72057594038042242,0,1.03089,106258,0.4415271,0.3386425,1.987057,0.3748732,0.9711856,2.002763,0.3214491,0.7907488,1.971658,0.4847952,0.7037706,1.810999,0.5496884,0.6630177,1.633704,0.5721962,0.6499857,1.57789,0.4866548,0.7916944,1.898537,0.5422534,0.5476565,1.873,0.3517618,0.7106121,1.895638,0.3404918,0.7445647,1.9083,0.3598204,0.3235121,1.978918,0.4316052,0.0248853,1.958523,0.4405677,-0.3059474,2.001549,0.5100164,0.3546481,1.933716,0.3765815,0.0713737,1.910375,0.3710958,-0.2213098,2.061987,0.4141161,0.7962148,1.969455
72057594038042242,0,1.03089,106258,0.4415271,0.3386425,1.987057,0.3748732,0.9711856,2.002763,0.3214491,0.7907488,1.971658,0.4847952,0.7037706,1.810999,0.5496884,0.6630177,1.633704,0.5721962,0.6499857,1.57789,0.4866548,0.7916944,1.898537,0.5422534,0.5476565,1.873,0.3517618,0.7106121,1.895638,0.3404918,0.7445647,1.9083,0.3598204,0.3235121,1.978918,0.4316052,0.0248853,1.958523,0.4405677,-0.3059474,2.001549,0.5100164,0.3546481,1.933716,0.3765815,0.0713737,1.910375,0.3710958,-0.2213098,2.061987,0.4141161,0.7962148,1.969455
72057594038042242,0,1.026486,106258,0.4402271,0.3385634,1.992394,0.3746563,0.9714921,2.003055,0.3209335,0.7911547,1.970894,0.484407,0.7042312,1.8104,0.5493017,0.6634759,1.633106,0.5718096,0.650444,1.577292,0.4863117,0.7919407,1.898715,0.5417868,0.5448165,1.873699,0.3511954,0.7077601,1.895877,0.3403565,0.7409227,1.908148,0.3583878,0.3231947,1.982286,0.4329886,0.02513951,1.95827,0.4408424,-0.3057687,2.001082,0.5091526,0.3550574,1.941321,0.3766679,0.07118002,1.905764,0.3703048,-0.2173266,2.064523,0.4137794,0.7963845,1.969588
72057594038042242,0,1.026486,106258,0.4402271,0.3385634,1.992394,0.3746563,0.9714921,2.003055,0.3209335,0.7911547,1.970894,0.484407,0.7042312,1.8104,0.5493017,0.6634759,1.633106,0.5718096,0.650444,1.577292,0.4863117,0.7919407,1.898715,0.5417868,0.5448165,1.873699,0.3511954,0.7077601,1.895877,0.3403565,0.7409227,1.908148,0.3583878,0.3231947,1.982286,0.4329886,0.02513951,1.95827,0.4408424,-0.3057687,2.001082,0.5091526,0.3550574,1.941321,0.3766679,0.07118002,1.905764,0.3703048,-0.2173266,2.064523,0.4137794,0.7963845,1.969588
72057594038042242,0,1.026486,106258,0.4402271,0.3385634,1.992394,0.3746563,0.9714921,2.003055,0.3209335,0.7911547,1.970894,0.484407,0.7042312,1.8104,0.5493017,0.6634759,1.633106,0.5718096,0.650444,1.577292,0.4863117,0.7919407,1.898715,0.5417868,0.5448165,1.873699,0.3511954,0.7077601,1.895877,0.3403565,0.7409227,1.908148,0.3583878,0.3231947,1.982286,0.4329886,0.02513951,1.95827,0.4408424,-0.3057687,2.001082,0.5091526,0.3550574,1.941321,0.3766679,0.07118002,1.905764,0.3703048,-0.2173266,2.064523,0.4137794,0.7963845,1.969588
72057594038042242,0,1.026486,106258,0.4402271,0.3385634,1.992394,0.3746563,0.9714921,2.003055,0.3209335,0.7911547,1.970894,0.484407,0.7042312,1.8104,0.5493017,0.6634759,1.633106,0.5718096,0.650444,1.577292,0.4863117,0.7919407,1.898715,0.5417868,0.5448165,1.873699,0.3511954,0.7077601,1.895877,0.3403565,0.7409227,1.908148,0.3583878,0.3231947,1.982286,0.4329886,0.02513951,1.95827,0.4408424,-0.3057687,2.001082,0.5091526,0.3550574,1.941321,0.3766679,0.07118002,1.905764,0.3703048,-0.2173266,2.064523,0.4137794,0.7963845,1.969588
72057594038042242,0,1.026486,106258,0.4402271,0.3385634,1.992394,0.3746563,0.9714921,2.003055,0.3209335,0.7911547,1.970894,0.484407,0.7042312,1.8104,0.5493017,0.6634759,1.633106,0.5718096,0.650444,1.577292,0.4863117,0.7919407,1.898715,0.5417868,0.5448165,1.873699,0.3511954,0.7077601,1.895877,0.3403565,0.7409227,1.908148,0.3583878,0.3231947,1.982286,0.4329886,0.02513951,1.95827,0.4408424,-0.3057687,2.001082,0.5091526,0.3550574,1.941321,0.3766679,0.07118002,1.905764,0.3703048,-0.2173266,2.064523,0.4137794,0.7963845,1.969588
72057594038042242,0,1.026486,106258,0.4402271,0.3385634,1.992394,0.3746563,0.9714921,2.003055,0.3209335,0.7911547,1.970894,0.484407,0.7042312,1.8104,0.5493017,0.6634759,1.633106,0.5718096,0.650444,1.577292,0.4863117,0.7919407,1.898715,0.5417868,0.5448165,1.873699,0.3511954,0.7077601,1.895877,0.3403565,0.7409227,1.908148,0.3583878,0.3231947,1.982286,0.4329886,0.02513951,1.95827,0.4408424,-0.3057687,2.001082,0.5091526,0.3550574,1.941321,0.3766679,0.07118002,1.905764,0.3703048,-0.2173266,2.064523,0.4137794,0.7963845,1.969588
72057594038042242,0,1.026486,106258,0.4402271,0.3385634,1.992394,0.3746563,0.9714921,2.003055,0.3209335,0.7911547,1.970894,0.484407,0.7042312,1.8104,0.5493017,0.6634759,1.633106,0.5718096,0.650444,1.577292,0.4863117,0.7919407,1.898715,0.5417868,0.5448165,1.873699,0.3511954,0.7077601,1.895877,0.3403565,0.7409227,1.908148,0.3583878,0.3231947,1.982286,0.4329886,0.02513951,1.95827,0.4408424,-0.3057687,2.001082,0.5091526,0.3550574,1.941321,0.3766679,0.07118002,1.905764,0.3703048,-0.2173266,2.064523,0.4137794,0.7963845,1.969588
72057594038042242,0,1.026486,106258.1,0.4402271,0.3385634,1.992394,0.3746563,0.9714921,2.003055,0.3209335,0.7911547,1.970894,0.484407,0.7042312,1.8104,0.5493017,0.6634759,1.633106,0.5718096,0.650444,1.577292,0.4863117,0.7919407,1.898715,0.5417868,0.5448165,1.873699,0.3511954,0.7077601,1.895877,0.3403565,0.7409227,1.908148,0.3583878,0.3231947,1.982286,0.4329886,0.02513951,1.95827,0.4408424,-0.3057687,2.001082,0.5091526,0.3550574,1.941321,0.3766679,0.07118002,1.905764,0.3703048,-0.2173266,2.064523,0.4137794,0.7963845,1.969588
72057594038042242,0,1.026486,106258.1,0.4402271,0.3385634,1.992394,0.3746563,0.9714921,2.003055,0.3209335,0.7911547,1.970894,0.484407,0.7042312,1.8104,0.5493017,0.6634759,1.633106,0.5718096,0.650444,1.577292,0.4863117,0.7919407,1.898715,0.5417868,0.5448165,1.873699,0.3511954,0.7077601,1.895877,0.3403565,0.7409227,1.908148,0.3583878,0.3231947,1.982286,0.4329886,0.02513951,1.95827,0.4408424,-0.3057687,2.001082,0.5091526,0.3550574,1.941321,0.3766679,0.07118002,1.905764,0.3703048,-0.2173266,2.064523,0.4137794,0.7963845,1.969588
72057594038042242,0,1.026486,106258.1,0.4402271,0.3385634,1.992394,0.3746563,0.9714921,2.003055,0.3209335,0.7911547,1.970894,0.484407,0.7042312,1.8104,0.5493017,0.6634759,1.633106,0.5718096,0.650444,1.577292,0.4863117,0.7919407,1.898715,0.5417868,0.5448165,1.873699,0.3511954,0.7077601,1.895877,0.3403565,0.7409227,1.908148,0.3583878,0.3231947,1.982286,0.4329886,0.02513951,1.95827,0.4408424,-0.3057687,2.001082,0.5091526,0.3550574,1.941321,0.3766679,0.07118002,1.905764,0.3703048,-0.2173266,2.064523,0.4137794,0.7963845,1.969588
72057594038042242,0,1.026486,106258.1,0.4402271,0.3385634,1.992394,0.3746563,0.9714921,2.003055,0.3209335,0.7911547,1.970894,0.484407,0.7042312,1.8104,0.5493017,0.6634759,1.633106,0.5718096,0.650444,1.577292,0.4863117,0.7919407,1.898715,0.5417868,0.5448165,1.873699,0.3511954,0.7077601,1.895877,0.3403565,0.7409227,1.908148,0.3583878,0.3231947,1.982286,0.4329886,0.02513951,1.95827,0.4408424,-0.3057687,2.001082,0.5091526,0.3550574,1.941321,0.3766679,0.07118002,1.905764,0.3703048,-0.2173266,2.064523,0.4137794,0.7963845,1.969588
72057594038042242,0,1.02054,106258.1,0.4384604,0.3418065,1.997162,0.3744221,0.9713786,2.003392,0.3207068,0.7913095,1.970398,0.4842523,0.7044311,1.810014,0.5491477,0.6636748,1.632721,0.5716556,0.650643,1.576907,0.4857228,0.7916381,1.899036,0.5412852,0.5445298,1.874579,0.3506859,0.7075157,1.896476,0.3405058,0.7413171,1.91001,0.3573634,0.325571,1.985931,0.4316725,0.02738902,1.961772,0.4395649,-0.3042006,2.000463,0.5065948,0.3591467,1.946975,0.3768786,0.07410929,1.906823,0.374169,-0.2153158,2.064112,0.4132339,0.796867,1.970169
72057594038042242,0,1.02054,106258.1,0.4384604,0.3418065,1.997162,0.3744221,0.9713786,2.003392,0.3207068,0.7913095,1.970398,0.4842523,0.7044311,1.810014,0.5491477,0.6636748,1.632721,0.5716556,0.650643,1.576907,0.4857228,0.7916381,1.899036,0.5412852,0.5445298,1.874579,0.3506859,0.7075157,1.896476,0.3405058,0.7413171,1.91001,0.3573634,0.325571,1.985931,0.4316725,0.02738902,1.961772,0.4395649,-0.3042006,2.000463,0.5065948,0.3591467,1.946975,0.3768786,0.07410929,1.906823,0.374169,-0.2153158,2.064112,0.4132339,0.796867,1.970169
72057594038042242,0,1.02054,106258.1,0.4384604,0.3418065,1.997162,0.3744221,0.9713786,2.003392,0.3207068,0.7913095,1.970398,0.4842523,0.7044311,1.810014,0.5491477,0.6636748,1.632721,0.5716556,0.650643,1.576907,0.4857228,0.7916381,1.899036,0.5412852,0.5445298,1.874579,0.3506859,0.7075157,1.896476,0.3405058,0.7413171,1.91001,0.3573634,0.325571,1.985931,0.4316725,0.02738902,1.961772,0.4395649,-0.3042006,2.000463,0.5065948,0.3591467,1.946975,0.3768786,0.07410929,1.906823,0.374169,-0.2153158,2.064112,0.4132339,0.796867,1.970169
72057594038042242,0,1.02054,106258.1,0.4384604,0.3418065,1.997162,0.3744221,0.9713786,2.003392,0.3207068,0.7913095,1.970398,0.4842523,0.7044311,1.810014,0.5491477,0.6636748,1.632721,0.5716556,0.650643,1.576907,0.4857228,0.7916381,1.899036,0.5412852,0.5445298,1.874579,0.3506859,0.7075157,1.896476,0.3405058,0.7413171,1.91001,0.3573634,0.325571,1.985931,0.4316725,0.02738902,1.961772,0.4395649,-0.3042006,2.000463,0.5065948,0.3591467,1.946975,0.3768786,0.07410929,1.906823,0.374169,-0.2153158,2.064112,0.4132339,0.796867,1.970169
72057594038042242,0,1.02054,106258.1,0.4384604,0.3418065,1.997162,0.3744221,0.9713786,2.003392,0.3207068,0.7913095,1.970398,0.4842523,0.7044311,1.810014,0.5491477,0.6636748,1.632721,0.5716556,0.650643,1.576907,0.4857228,0.7916381,1.899036,0.5412852,0.5445298,1.874579,0.3506859,0.7075157,1.896476,0.3405058,0.7413171,1.91001,0.3573634,0.325571,1.985931,0.4316725,0.02738902,1.961772,0.4395649,-0.3042006,2.000463,0.5065948,0.3591467,1.946975,0.3768786,0.07410929,1.906823,0.374169,-0.2153158,2.064112,0.4132339,0.796867,1.970169
72057594038042242,0,1.02054,106258.1,0.4384604,0.3418065,1.997162,0.3744221,0.9713786,2.003392,0.3207068,0.7913095,1.970398,0.4842523,0.7044311,1.810014,0.5491477,0.6636748,1.632721,0.5716556,0.650643,1.576907,0.4857228,0.7916381,1.899036,0.5412852,0.5445298,1.874579,0.3506859,0.7075157,1.896476,0.3405058,0.7413171,1.91001,0.3573634,0.325571,1.985931,0.4316725,0.02738902,1.961772,0.4395649,-0.3042006,2.000463,0.5065948,0.3591467,1.946975,0.3768786,0.07410929,1.906823,0.374169,-0.2153158,2.064112,0.4132339,0.796867,1.970169
72057594038042242,0,1.02054,106258.1,0.4384604,0.3418065,1.997162,0.3744221,0.9713786,2.003392,0.3207068,0.7913095,1.970398,0.4842523,0.7044311,1.810014,0.5491477,0.6636748,1.632721,0.5716556,0.650643,1.576907,0.4857228,0.7916381,1.899036,0.5412852,0.5445298,1.874579,0.3506859,0.7075157,1.896476,0.3405058,0.7413171,1.91001,0.3573634,0.325571,1.985931,0.4316725,0.02738902,1.961772,0.4395649,-0.3042006,2.000463,0.5065948,0.3591467,1.946975,0.3768786,0.07410929,1.906823,0.374169,-0.2153158,2.064112,0.4132339,0.796867,1.970169
72057594038042242,0,1.02054,106258.1,0.4384604,0.3418065,1.997162,0.3744221,0.9713786,2.003392,0.3207068,0.7913095,1.970398,0.4842523,0.7044311,1.810014,0.5491477,0.6636748,1.632721,0.5716556,0.650643,1.576907,0.4857228,0.7916381,1.899036,0.5412852,0.5445298,1.874579,0.3506859,0.7075157,1.896476,0.3405058,0.7413171,1.91001,0.3573634,0.325571,1.985931,0.4316725,0.02738902,1.961772,0.4395649,-0.3042006,2.000463,0.5065948,0.3591467,1.946975,0.3768786,0.07410929,1.906823,0.374169,-0.2153158,2.064112,0.4132339,0.796867,1.970169
72057594038042242,0,1.02054,106258.1,0.4384604,0.3418065,1.997162,0.3744221,0.9713786,2.003392,0.3207068,0.7913095,1.970398,0.4842523,0.7044311,1.810014,0.5491477,0.6636748,1.632721,0.5716556,0.650643,1.576907,0.4857228,0.7916381,1.899036,0.5412852,0.5445298,1.874579,0.3506859,0.7075157,1.896476,0.3405058,0.7413171,1.91001,0.3573634,0.325571,1.985931,0.4316725,0.02738902,1.961772,0.4395649,-0.3042006,2.000463,0.5065948,0.3591467,1.946975,0.3768786,0.07410929,1.906823,0.374169,-0.2153158,2.064112,0.4132339,0.796867,1.970169
72057594038042242,0,1.02054,106258.1,0.4384604,0.3418065,1.997162,0.3744221,0.9713786,2.003392,0.3207068,0.7913095,1.970398,0.4842523,0.7044311,1.810014,0.5491477,0.6636748,1.632721,0.5716556,0.650643,1.576907,0.4857228,0.7916381,1.899036,0.5412852,0.5445298,1.874579,0.3506859,0.7075157,1.896476,0.3405058,0.7413171,1.91001,0.3573634,0.325571,1.985931,0.4316725,0.02738902,1.961772,0.4395649,-0.3042006,2.000463,0.5065948,0.3591467,1.946975,0.3768786,0.07410929,1.906823,0.374169,-0.2153158,2.064112,0.4132339,0.796867,1.970169
72057594038042242,0,1.020567,106258.1,0.4382648,0.3411009,1.997519,0.3722759,0.9721791,2.005743,0.3207128,0.7911973,1.970384,0.4842731,0.7043651,1.810022,0.5491686,0.6636091,1.63273,0.5716764,0.6505773,1.576916,0.4852997,0.7915887,1.899382,0.5404356,0.5431477,1.875862,0.3497597,0.7060967,1.897492,0.3401973,0.740793,1.909374,0.3566785,0.3246477,1.986821,0.4319074,0.02672172,1.962471,0.439189,-0.3047271,2.002145,0.506711,0.35853,1.946977,0.3737963,0.0748314,1.910417,0.3735176,-0.21602,2.065259,0.4129379,0.7969955,1.970435
72057594038042242,0,1.020567,106258.1,0.4382648,0.3411009,1.997519,0.3722759,0.9721791,2.005743,0.3207128,0.7911973,1.970384,0.4842731,0.7043651,1.810022,0.5491686,0.6636091,1.63273,0.5716764,0.6505773,1.576916,0.4852997,0.7915887,1.899382,0.5404356,0.5431477,1.875862,0.3497597,0.7060967,1.897492,0.3401973,0.740793,1.909374,0.3566785,0.3246477,1.986821,0.4319074,0.02672172,1.962471,0.439189,-0.3047271,2.002145,0.506711,0.35853,1.946977,0.3737963,0.0748314,1.910417,0.3735176,-0.21602,2.065259,0.4129379,0.7969955,1.970435
72057594038042242,0,1.020567,106258.1,0.4382648,0.3411009,1.997519,0.3722759,0.9721791,2.005743,0.3207128,0.7911973,1.970384,0.4842731,0.7043651,1.810022,0.5491686,0.6636091,1.63273,0.5716764,0.6505773,1.576916,0.4852997,0.7915887,1.899382,0.5404356,0.5431477,1.875862,0.3497597,0.7060967,1.897492,0.3401973,0.740793,1.909374,0.3566785,0.3246477,1.986821,0.4319074,0.02672172,1.962471,0.439189,-0.3047271,2.002145,0.506711,0.35853,1.946977,0.3737963,0.0748314,1.910417,0.3735176,-0.21602,2.065259,0.4129379,0.7969955,1.970435
72057594038042242,0,1.020567,106258.1,0.4382648,0.3411009,1.997519,0.3722759,0.9721791,2.005743,0.3207128,0.7911973,1.970384,0.4842731,0.7043651,1.810022,0.5491686,0.6636091,1.63273,0.5716764,0.6505773,1.576916,0.4852997,0.7915887,1.899382,0.5404356,0.5431477,1.875862,0.3497597,0.7060967,1.897492,0.3401973,0.740793,1.909374,0.3566785,0.3246477,1.986821,0.4319074,0.02672172,1.962471,0.439189,-0.3047271,2.002145,0.506711,0.35853,1.946977,0.3737963,0.0748314,1.910417,0.3735176,-0.21602,2.065259,0.4129379,0.7969955,1.970435
72057594038042242,0,1.020567,106258.1,0.4382648,0.3411009,1.997519,0.3722759,0.9721791,2.005743,0.3207128,0.7911973,1.970384,0.4842731,0.7043651,1.810022,0.5491686,0.6636091,1.63273,0.5716764,0.6505773,1.576916,0.4852997,0.7915887,1.899382,0.5404356,0.5431477,1.875862,0.3497597,0.7060967,1.897492,0.3401973,0.740793,1.909374,0.3566785,0.3246477,1.986821,0.4319074,0.02672172,1.962471,0.439189,-0.3047271,2.002145,0.506711,0.35853,1.946977,0.3737963,0.0748314,1.910417,0.3735176,-0.21602,2.065259,0.4129379,0.7969955,1.970435
72057594038042242,0,1.020567,106258.1,0.4382648,0.3411009,1.997519,0.3722759,0.9721791,2.005743,0.3207128,0.7911973,1.970384,0.4842731,0.7043651,1.810022,0.5491686,0.6636091,1.63273,0.5716764,0.6505773,1.576916,0.4852997,0.7915887,1.899382,0.5404356,0.5431477,1.875862,0.3497597,0.7060967,1.897492,0.3401973,0.740793,1.909374,0.3566785,0.3246477,1.986821,0.4319074,0.02672172,1.962471,0.439189,-0.3047271,2.002145,0.506711,0.35853,1.946977,0.3737963,0.0748314,1.910417,0.3735176,-0.21602,2.065259,0.4129379,0.7969955,1.970435
72057594038042242,0,1.020567,106258.1,0.4382648,0.3411009,1.997519,0.3722759,0.9721791,2.005743,0.3207128,0.7911973,1.970384,0.4842731,0.7043651,1.810022,0.5491686,0.6636091,1.63273,0.5716764,0.6505773,1.576916,0.4852997,0.7915887,1.899382,0.5404356,0.5431477,1.875862,0.3497597,0.7060967,1.897492,0.3401973,0.740793,1.909374,0.3566785,0.3246477,1.986821,0.4319074,0.02672172,1.962471,0.439189,-0.3047271,2.002145,0.506711,0.35853,1.946977,0.3737963,0.0748314,1.910417,0.3735176,-0.21602,2.065259,0.4129379,0.7969955,1.970435
72057594038042242,0,1.020567,106258.1,0.4382648,0.3411009,1.997519,0.3722759,0.9721791,2.005743,0.3207128,0.7911973,1.970384,0.4842731,0.7043651,1.810022,0.5491686,0.6636091,1.63273,0.5716764,0.6505773,1.576916,0.4852997,0.7915887,1.899382,0.5404356,0.5431477,1.875862,0.3497597,0.7060967,1.897492,0.3401973,0.740793,1.909374,0.3566785,0.3246477,1.986821,0.4319074,0.02672172,1.962471,0.439189,-0.3047271,2.002145,0.506711,0.35853,1.946977,0.3737963,0.0748314,1.910417,0.3735176,-0.21602,2.065259,0.4129379,0.7969955,1.970435
72057594038042242,0,1.020567,106258.1,0.4382648,0.3411009,1.997519,0.3722759,0.9721791,2.005743,0.3207128,0.7911973,1.970384,0.4842731,0.7043651,1.810022,0.5491686,0.6636091,1.63273,0.5716764,0.6505773,1.576916,0.4852997,0.7915887,1.899382,0.5404356,0.5431477,1.875862,0.3497597,0.7060967,1.897492,0.3401973,0.740793,1.909374,0.3566785,0.3246477,1.986821,0.4319074,0.02672172,1.962471,0.439189,-0.3047271,2.002145,0.506711,0.35853,1.946977,0.3737963,0.0748314,1.910417,0.3735176,-0.21602,2.065259,0.4129379,0.7969955,1.970435
72057594038042242,0,1.020567,106258.1,0.4382648,0.3411009,1.997519,0.3722759,0.9721791,2.005743,0.3207128,0.7911973,1.970384,0.4842731,0.7043651,1.810022,0.5491686,0.6636091,1.63273,0.5716764,0.6505773,1.576916,0.4852997,0.7915887,1.899382,0.5404356,0.5431477,1.875862,0.3497597,0.7060967,1.897492,0.3401973,0.740793,1.909374,0.3566785,0.3246477,1.986821,0.4319074,0.02672172,1.962471,0.439189,-0.3047271,2.002145,0.506711,0.35853,1.946977,0.3737963,0.0748314,1.910417,0.3735176,-0.21602,2.065259,0.4129379,0.7969955,1.970435
72057594038042242,0,1.019707,106258.1,0.4373445,0.3425579,1.997078,0.3721855,0.972143,2.006063,0.3208604,0.7908781,1.97053,0.4844562,0.7040962,1.810212,0.549351,0.6633418,1.63292,0.5718589,0.6503099,1.577107,0.484953,0.7913994,1.899673,0.5392334,0.5432988,1.876712,0.3490904,0.7071875,1.896535,0.3397695,0.7407542,1.908618,0.3559182,0.3262986,1.986492,0.4306619,0.0283471,1.965073,0.4383485,-0.3034534,2.002464,0.5056575,0.3598507,1.94629,0.3734728,0.07592326,1.919847,0.3779679,-0.2237286,2.05841,0.412716,0.7973064,1.970619
72057594038042242,0,1.019707,106258.1,0.4373445,0.3425579,1.997078,0.3721855,0.972143,2.006063,0.3208604,0.7908781,1.97053,0.4844562,0.7040962,1.810212,0.549351,0.6633418,1.63292,0.5718589,0.6503099,1.577107,0.484953,0.7913994,1.899673,0.5392334,0.5432988,1.876712,0.3490904,0.7071875,1.896535,0.3397695,0.7407542,1.908618,0.3559182,0.3262986,1.986492,0.4306619,0.0283471,1.965073,0.4383485,-0.3034534,2.002464,0.5056575,0.3598507,1.94629,0.3734728,0.07592326,1.919847,0.3779679,-0.2237286,2.05841,0.412716,0.7973064,1.970619
72057594038042242,0,1.019707,106258.1,0.4373445,0.3425579,1.997078,0.3721855,0.972143,2.006063,0.3208604,0.7908781,1.97053,0.4844562,0.7040962,1.810212,0.549351,0.6633418,1.63292,0.5718589,0.6503099,1.577107,0.484953,0.7913994,1.899673,0.5392334,0.5432988,1.876712,0.3490904,0.7071875,1.896535,0.3397695,0.7407542,1.908618,0.3559182,0.3262986,1.986492,0.4306619,0.0283471,1.965073,0.4383485,-0.3034534,2.002464,0.5056575,0.3598507,1.94629,0.3734728,0.07592326,1.919847,0.3779679,-0.2237286,2.05841,0.412716,0.7973064,1.970619
72057594038042242,0,1.019707,106258.1,0.4373445,0.3425579,1.997078,0.3721855,0.972143,2.006063,0.3208604,0.7908781,1.97053,0.4844562,0.7040962,1.810212,0.549351,0.6633418,1.63292,0.5718589,0.6503099,1.577107,0.484953,0.7913994,1.899673,0.5392334,0.5432988,1.876712,0.3490904,0.7071875,1.896535,0.3397695,0.7407542,1.908618,0.3559182,0.3262986,1.986492,0.4306619,0.0283471,1.965073,0.4383485,-0.3034534,2.002464,0.5056575,0.3598507,1.94629,0.3734728,0.07592326,1.919847,0.3779679,-0.2237286,2.05841,0.412716,0.7973064,1.970619
72057594038042242,0,1.019707,106258.1,0.4373445,0.3425579,1.997078,0.3721855,0.972143,2.006063,0.3208604,0.7908781,1.97053,0.4844562,0.7040962,1.810212,0.549351,0.6633418,1.63292,0.5718589,0.6503099,1.577107,0.484953,0.7913994,1.899673,0.5392334,0.5432988,1.876712,0.3490904,0.7071875,1.896535,0.3397695,0.7407542,1.908618,0.3559182,0.3262986,1.986492,0.4306619,0.0283471,1.965073,0.4383485,-0.3034534,2.002464,0.5056575,0.3598507,1.94629,0.3734728,0.07592326,1.919847,0.3779679,-0.2237286,2.05841,0.412716,0.7973064,1.970619
72057594038042242,0,1.019707,106258.1,0.4373445,0.3425579,1.997078,0.3721855,0.972143,2.006063,0.3208604,0.7908781,1.97053,0.4844562,0.7040962,1.810212,0.549351,0.6633418,1.63292,0.5718589,0.6503099,1.577107,0.484953,0.7913994,1.899673,0.5392334,0.5432988,1.876712,0.3490904,0.7071875,1.896535,0.3397695,0.7407542,1.908618,0.3559182,0.3262986,1.986492,0.4306619,0.0283471,1.965073,0.4383485,-0.3034534,2.002464,0.5056575,0.3598507,1.94629,0.3734728,0.07592326,1.919847,0.3779679,-0.2237286,2.05841,0.412716,0.7973064,1.970619
72057594038042242,0,1.019707,106258.1,0.4373445,0.3425579,1.997078,0.3721855,0.972143,2.006063,0.3208604,0.7908781,1.97053,0.4844562,0.7040962,1.810212,0.549351,0.6633418,1.63292,0.5718589,0.6503099,1.577107,0.484953,0.7913994,1.899673,0.5392334,0.5432988,1.876712,0.3490904,0.7071875,1.896535,0.3397695,0.7407542,1.908618,0.3559182,0.3262986,1.986492,0.4306619,0.0283471,1.965073,0.4383485,-0.3034534,2.002464,0.5056575,0.3598507,1.94629,0.3734728,0.07592326,1.919847,0.3779679,-0.2237286,2.05841,0.412716,0.7973064,1.970619
72057594038042242,0,1.019707,106258.2,0.4373445,0.3425579,1.997078,0.3721855,0.972143,2.006063,0.3208604,0.7908781,1.97053,0.4844562,0.7040962,1.810212,0.549351,0.6633418,1.63292,0.5718589,0.6503099,1.577107,0.484953,0.7913994,1.899673,0.5392334,0.5432988,1.876712,0.3490904,0.7071875,1.896535,0.3397695,0.7407542,1.908618,0.3559182,0.3262986,1.986492,0.4306619,0.0283471,1.965073,0.4383485,-0.3034534,2.002464,0.5056575,0.3598507,1.94629,0.3734728,0.07592326,1.919847,0.3779679,-0.2237286,2.05841,0.412716,0.7973064,1.970619
72057594038042242,0,1.019707,106258.2,0.4373445,0.3425579,1.997078,0.3721855,0.972143,2.006063,0.3208604,0.7908781,1.97053,0.4844562,0.7040962,1.810212,0.549351,0.6633418,1.63292,0.5718589,0.6503099,1.577107,0.484953,0.7913994,1.899673,0.5392334,0.5432988,1.876712,0.3490904,0.7071875,1.896535,0.3397695,0.7407542,1.908618,0.3559182,0.3262986,1.986492,0.4306619,0.0283471,1.965073,0.4383485,-0.3034534,2.002464,0.5056575,0.3598507,1.94629,0.3734728,0.07592326,1.919847,0.3779679,-0.2237286,2.05841,0.412716,0.7973064,1.970619
72057594038042242,0,1.019707,106258.2,0.4373445,0.3425579,1.997078,0.3721855,0.972143,2.006063,0.3208604,0.7908781,1.97053,0.4844562,0.7040962,1.810212,0.549351,0.6633418,1.63292,0.5718589,0.6503099,1.577107,0.484953,0.7913994,1.899673,0.5392334,0.5432988,1.876712,0.3490904,0.7071875,1.896535,0.3397695,0.7407542,1.908618,0.3559182,0.3262986,1.986492,0.4306619,0.0283471,1.965073,0.4383485,-0.3034534,2.002464,0.5056575,0.3598507,1.94629,0.3734728,0.07592326,1.919847,0.3779679,-0.2237286,2.05841,0.412716,0.7973064,1.970619
72057594038042242,0,1.018667,106258.2,0.4367115,0.343273,1.997604,0.3703027,0.9711655,2.007829,0.3210533,0.7904342,1.970792,0.484689,0.7037066,1.810524,0.549583,0.6629543,1.633233,0.5720907,0.6499223,1.577419,0.4845208,0.7908975,1.900135,0.5393221,0.5439403,1.877831,0.3497199,0.7087045,1.896136,0.3400228,0.7423127,1.907103,0.355435,0.3270825,1.986381,0.4301301,0.02923808,1.967359,0.4375321,-0.302807,2.003202,0.5047374,0.3606134,1.947771,0.3725043,0.07672247,1.92181,0.3784005,-0.215256,2.074506,0.4125241,0.7975872,1.970845
72057594038042242,0,1.018667,106258.2,0.4367115,0.343273,1.997604,0.3703027,0.9711655,2.007829,0.3210533,0.7904342,1.970792,0.484689,0.7037066,1.810524,0.549583,0.6629543,1.633233,0.5720907,0.6499223,1.577419,0.4845208,0.7908975,1.900135,0.5393221,0.5439403,1.877831,0.3497199,0.7087045,1.896136,0.3400228,0.7423127,1.907103,0.355435,0.3270825,1.986381,0.4301301,0.02923808,1.967359,0.4375321,-0.302807,2.003202,0.5047374,0.3606134,1.947771,0.3725043,0.07672247,1.92181,0.3784005,-0.215256,2.074506,0.4125241,0.7975872,1.970845
72057594038042242,0,1.018667,106258.2,0.4367115,0.343273,1.997604,0.3703027,0.9711655,2.007829,0.3210533,0.7904342,1.970792,0.484689,0.7037066,1.810524,0.549583,0.6629543,1.633233,0.5720907,0.6499223,1.577419,0.4845208,0.7908975,1.900135,0.5393221,0.5439403,1.877831,0.3497199,0.7087045,1.896136,0.3400228,0.7423127,1.907103,0.355435,0.3270825,1.986381,0.4301301,0.02923808,1.967359,0.4375321,-0.302807,2.003202,0.5047374,0.3606134,1.947771,0.3725043,0.07672247,1.92181,0.3784005,-0.215256,2.074506,0.4125241,0.7975872,1.970845
72057594038042242,0,1.018667,106258.2,0.4367115,0.343273,1.997604,0.3703027,0.9711655,2.007829,0.3210533,0.7904342,1.970792,0.484689,0.7037066,1.810524,0.549583,0.6629543,1.633233,0.5720907,0.6499223,1.577419,0.4845208,0.7908975,1.900135,0.5393221,0.5439403,1.877831,0.3497199,0.7087045,1.896136,0.3400228,0.7423127,1.907103,0.355435,0.3270825,1.986381,0.4301301,0.02923808,1.967359,0.4375321,-0.302807,2.003202,0.5047374,0.3606134,1.947771,0.3725043,0.07672247,1.92181,0.3784005,-0.215256,2.074506,0.4125241,0.7975872,1.970845
72057594038042242,0,1.018667,106258.2,0.4367115,0.343273,1.997604,0.3703027,0.9711655,2.007829,0.3210533,0.7904342,1.970792,0.484689,0.7037066,1.810524,0.549583,0.6629543,1.633233,0.5720907,0.6499223,1.577419,0.4845208,0.7908975,1.900135,0.5393221,0.5439403,1.877831,0.3497199,0.7087045,1.896136,0.3400228,0.7423127,1.907103,0.355435,0.3270825,1.986381,0.4301301,0.02923808,1.967359,0.4375321,-0.302807,2.003202,0.5047374,0.3606134,1.947771,0.3725043,0.07672247,1.92181,0.3784005,-0.215256,2.074506,0.4125241,0.7975872,1.970845
72057594038042242,0,1.018667,106258.2,0.4367115,0.343273,1.997604,0.3703027,0.9711655,2.007829,0.3210533,0.7904342,1.970792,0.484689,0.7037066,1.810524,0.549583,0.6629543,1.633233,0.5720907,0.6499223,1.577419,0.4845208,0.7908975,1.900135,0.5393221,0.5439403,1.877831,0.3497199,0.7087045,1.896136,0.3400228,0.7423127,1.907103,0.355435,0.3270825,1.986381,0.4301301,0.02923808,1.967359,0.4375321,-0.302807,2.003202,0.5047374,0.3606134,1.947771,0.3725043,0.07672247,1.92181,0.3784005,-0.215256,2.074506,0.4125241,0.7975872,1.970845
72057594038042242,0,1.018667,106258.2,0.4367115,0.343273,1.997604,0.3703027,0.9711655,2.007829,0.3210533,0.7904342,1.970792,0.484689,0.7037066,1.810524,0.549583,0.6629543,1.633233,0.5720907,0.6499223,1.577419,0.4845208,0.7908975,1.900135,0.5393221,0.5439403,1.877831,0.3497199,0.7087045,1.896136,0.3400228,0.7423127,1.907103,0.355435,0.3270825,1.986381,0.4301301,0.02923808,1.967359,0.4375321,-0.302807,2.003202,0.5047374,0.3606134,1.947771,0.3725043,0.07672247,1.92181,0.3784005,-0.215256,2.074506,0.4125241,0.7975872,1.970845
72057594038042242,0,1.018667,106258.2,0.4367115,0.343273,1.997604,0.3703027,0.9711655,2.007829,0.3210533,0.7904342,1.970792,0.484689,0.7037066,1.810524,0.549583,0.6629543,1.633233,0.5720907,0.6499223,1.577419,0.4845208,0.7908975,1.900135,0.5393221,0.5439403,1.877831,0.3497199,0.7087045,1.896136,0.3400228,0.7423127,1.907103,0.355435,0.3270825,1.986381,0.4301301,0.02923808,1.967359,0.4375321,-0.302807,2.003202,0.5047374,0.3606134,1.947771,0.3725043,0.07672247,1.92181,0.3784005,-0.215256,2.074506,0.4125241,0.7975872,1.970845
72057594038042242,0,1.018667,106258.2,0.4367115,0.343273,1.997604,0.3703027,0.9711655,2.007829,0.3210533,0.7904342,1.970792,0.484689,0.7037066,1.810524,0.549583,0.6629543,1.633233,0.5720907,0.6499223,1.577419,0.4845208,0.7908975,1.900135,0.5393221,0.5439403,1.877831,0.3497199,0.7087045,1.896136,0.3400228,0.7423127,1.907103,0.355435,0.3270825,1.986381,0.4301301,0.02923808,1.967359,0.4375321,-0.302807,2.003202,0.5047374,0.3606134,1.947771,0.3725043,0.07672247,1.92181,0.3784005,-0.215256,2.074506,0.4125241,0.7975872,1.970845
72057594038042242,0,1.018667,106258.2,0.4367115,0.343273,1.997604,0.3703027,0.9711655,2.007829,0.3210533,0.7904342,1.970792,0.484689,0.7037066,1.810524,0.549583,0.6629543,1.633233,0.5720907,0.6499223,1.577419,0.4845208,0.7908975,1.900135,0.5393221,0.5439403,1.877831,0.3497199,0.7087045,1.896136,0.3400228,0.7423127,1.907103,0.355435,0.3270825,1.986381,0.4301301,0.02923808,1.967359,0.4375321,-0.302807,2.003202,0.5047374,0.3606134,1.947771,0.3725043,0.07672247,1.92181,0.3784005,-0.215256,2.074506,0.4125241,0.7975872,1.970845
72057594038042242,0,1.018667,106258.2,0.4367115,0.343273,1.997604,0.3703027,0.9711655,2.007829,0.3210533,0.7904342,1.970792,0.484689,0.7037066,1.810524,0.549583,0.6629543,1.633233,0.5720907,0.6499223,1.577419,0.4845208,0.7908975,1.900135,0.5393221,0.5439403,1.877831,0.3497199,0.7087045,1.896136,0.3400228,0.7423127,1.907103,0.355435,0.3270825,1.986381,0.4301301,0.02923808,1.967359,0.4375321,-0.302807,2.003202,0.5047374,0.3606134,1.947771,0.3725043,0.07672247,1.92181,0.3784005,-0.215256,2.074506,0.4125241,0.7975872,1.970845
72057594038042242,0,1.011802,106258.2,0.4344468,0.3395625,2.008456,0.3691919,0.9719565,2.009136,0.3212608,0.7898333,1.971122,0.4849343,0.703167,1.810899,0.5498273,0.6624174,1.633608,0.5723349,0.6493852,1.577794,0.484249,0.7906272,1.900454,0.5389809,0.543941,1.878389,0.3493854,0.708886,1.895649,0.3402629,0.7425979,1.904932,0.3539886,0.3245305,1.992395,0.4306042,0.02714217,1.971312,0.4380373,-0.3054122,2.003432,0.5019311,0.3557828,1.963989,0.3703825,0.07178625,1.920511,0.3818704,-0.2261267,2.061896,0.4123139,0.7976046,1.971338
72057594038042242,0,1.011802,106258.2,0.4344468,0.3395625,2.008456,0.3691919,0.9719565,2.009136,0.3212608,0.7898333,1.971122,0.4849343,0.703167,1.810899,0.5498273,0.6624174,1.633608,0.5723349,0.6493852,1.577794,0.484249,0.7906272,1.900454,0.5389809,0.543941,1.878389,0.3493854,0.708886,1.895649,0.3402629,0.7425979,1.904932,0.3539886,0.3245305,1.992395,0.4306042,0.02714217,1.971312,0.4380373,-0.3054122,2.003432,0.5019311,0.3557828,1.963989,0.3703825,0.07178625,1.920511,0.3818704,-0.2261267,2.061896,0.4123139,0.7976046,1.971338
72057594038042242,0,1.011802,106258.2,0.4344468,0.3395625,2.008456,0.3691919,0.9719565,2.009136,0.3212608,0.7898333,1.971122,0.4849343,0.703167,1.810899,0.5498273,0.6624174,1.633608,0.5723349,0.6493852,1.577794,0.484249,0.7906272,1.900454,0.5389809,0.543941,1.878389,0.3493854,0.708886,1.895649,0.3402629,0.7425979,1.904932,0.3539886,0.3245305,1.992395,0.4306042,0.02714217,1.971312,0.4380373,-0.3054122,2.003432,0.5019311,0.3557828,1.963989,0.3703825,0.07178625,1.920511,0.3818704,-0.2261267,2.061896,0.4123139,0.7976046,1.971338
72057594038042242,0,1.011802,106258.2,0.4344468,0.3395625,2.008456,0.3691919,0.9719565,2.009136,0.3212608,0.7898333,1.971122,0.4849343,0.703167,1.810899,0.5498273,0.6624174,1.633608,0.5723349,0.6493852,1.577794,0.484249,0.7906272,1.900454,0.5389809,0.543941,1.878389,0.3493854,0.708886,1.895649,0.3402629,0.7425979,1.904932,0.3539886,0.3245305,1.992395,0.4306042,0.02714217,1.971312,0.4380373,-0.3054122,2.003432,0.5019311,0.3557828,1.963989,0.3703825,0.07178625,1.920511,0.3818704,-0.2261267,2.061896,0.4123139,0.7976046,1.971338
72057594038042242,0,1.011802,106258.2,0.4344468,0.3395625,2.008456,0.3691919,0.9719565,2.009136,0.3212608,0.7898333,1.971122,0.4849343,0.703167,1.810899,0.5498273,0.6624174,1.633608,0.5723349,0.6493852,1.577794,0.484249,0.7906272,1.900454,0.5389809,0.543941,1.878389,0.3493854,0.708886,1.895649,0.3402629,0.7425979,1.904932,0.3539886,0.3245305,1.992395,0.4306042,0.02714217,1.971312,0.4380373,-0.3054122,2.003432,0.5019311,0.3557828,1.963989,0.3703825,0.07178625,1.920511,0.3818704,-0.2261267,2.061896,0.4123139,0.7976046,1.971338
72057594038042242,0,1.011802,106258.2,0.4344468,0.3395625,2.008456,0.3691919,0.9719565,2.009136,0.3212608,0.7898333,1.971122,0.4849343,0.703167,1.810899,0.5498273,0.6624174,1.633608,0.5723349,0.6493852,1.577794,0.484249,0.7906272,1.900454,0.5389809,0.543941,1.878389,0.3493854,0.708886,1.895649,0.3402629,0.7425979,1.904932,0.3539886,0.3245305,1.992395,0.4306042,0.02714217,1.971312,0.4380373,-0.3054122,2.003432,0.5019311,0.3557828,1.963989,0.3703825,0.07178625,1.920511,0.3818704,-0.2261267,2.061896,0.4123139,0.7976046,1.971338
72057594038042242,0,1.011802,106258.2,0.4344468,0.3395625,2.008456,0.3691919,0.9719565,2.009136,0.3212608,0.7898333,1.971122,0.4849343,0.703167,1.810899,0.5498273,0.6624174,1.633608,0.5723349,0.6493852,1.577794,0.484249,0.7906272,1.900454,0.5389809,0.543941,1.878389,0.3493854,0.708886,1.895649,0.3402629,0.7425979,1.904932,0.3539886,0.3245305,1.992395,0.4306042,0.02714217,1.971312,0.4380373,-0.3054122,2.003432,0.5019311,0.3557828,1.963989,0.3703825,0.07178625,1.920511,0.3818704,-0.2261267,2.061896,0.4123139,0.7976046,1.971338
72057594038042242,0,1.011802,106258.2,0.4344468,0.3395625,2.008456,0.3691919,0.9719565,2.009136,0.3212608,0.7898333,1.971122,0.4849343,0.703167,1.810899,0.5498273,0.6624174,1.633608,0.5723349,0.6493852,1.577794,0.484249,0.7906272,1.900454,0.5389809,0.543941,1.878389,0.3493854,0.708886,1.895649,0.3402629,0.7425979,1.904932,0.3539886,0.3245305,1.992395,0.4306042,0.02714217,1.971312,0.4380373,-0.3054122,2.003432,0.5019311,0.3557828,1.963989,0.3703825,0.07178625,1.920511,0.3818704,-0.2261267,2.061896,0.4123139,0.7976046,1.971338
72057594038042242,0,1.011802,106258.2,0.4344468,0.3395625,2.008456,0.3691919,0.9719565,2.009136,0.3212608,0.7898333,1.971122,0.4849343,0.703167,1.810899,0.5498273,0.6624174,1.633608,0.5723349,0.6493852,1.577794,0.484249,0.7906272,1.900454,0.5389809,0.543941,1.878389,0.3493854,0.708886,1.895649,0.3402629,0.7425979,1.904932,0.3539886,0.3245305,1.992395,0.4306042,0.02714217,1.971312,0.4380373,-0.3054122,2.003432,0.5019311,0.3557828,1.963989,0.3703825,0.07178625,1.920511,0.3818704,-0.2261267,2.061896,0.4123139,0.7976046,1.971338
72057594038042242,0,1.011802,106258.2,0.4344468,0.3395625,2.008456,0.3691919,0.9719565,2.009136,0.3212608,0.7898333,1.971122,0.4849343,0.703167,1.810899,0.5498273,0.6624174,1.633608,0.5723349,0.6493852,1.577794,0.484249,0.7906272,1.900454,0.5389809,0.543941,1.878389,0.3493854,0.708886,1.895649,0.3402629,0.7425979,1.904932,0.3539886,0.3245305,1.992395,0.4306042,0.02714217,1.971312,0.4380373,-0.3054122,2.003432,0.5019311,0.3557828,1.963989,0.3703825,0.07178625,1.920511,0.3818704,-0.2261267,2.061896,0.4123139,0.7976046,1.971338
72057594038042242,0,0.9982591,106258.2,0.4291405,0.3206947,2.038827,0.369115,0.9712334,2.009759,0.3214337,0.7894253,1.971395,0.4851381,0.7027996,1.81121,0.5500303,0.6620518,1.633919,0.5725379,0.6490194,1.578105,0.4837993,0.7904395,1.900828,0.5373999,0.542048,1.879899,0.3488387,0.7085172,1.894819,0.3411993,0.7420393,1.904662,0.3466657,0.3040807,2.043757,0.4352031,0.01220903,1.973343,0.4429559,-0.3211085,1.998495,0.499147,0.3414966,1.975623,0.3628322,0.06106979,1.91458,0.3752401,-0.2370012,2.055429,0.4119969,0.797381,1.972469
72057594038042242,0,0.9982591,106258.2,0.4291405,0.3206947,2.038827,0.369115,0.9712334,2.009759,0.3214337,0.7894253,1.971395,0.4851381,0.7027996,1.81121,0.5500303,0.6620518,1.633919,0.5725379,0.6490194,1.578105,0.4837993,0.7904395,1.900828,0.5373999,0.542048,1.879899,0.3488387,0.7085172,1.894819,0.3411993,0.7420393,1.904662,0.3466657,0.3040807,2.043757,0.4352031,0.01220903,1.973343,0.4429559,-0.3211085,1.998495,0.499147,0.3414966,1.975623,0.3628322,0.06106979,1.91458,0.3752401,-0.2370012,2.055429,0.4119969,0.797381,1.972469
72057594038042242,0,0.9982591,106258.2,0.4291405,0.3206947,2.038827,0.369115,0.9712334,2.009759,0.3214337,0.7894253,1.971395,0.4851381,0.7027996,1.81121,0.5500303,0.6620518,1.633919,0.5725379,0.6490194,1.578105,0.4837993,0.7904395,1.900828,0.5373999,0.542048,1.879899,0.3488387,0.7085172,1.894819,0.3411993,0.7420393,1.904662,0.3466657,0.3040807,2.043757,0.4352031,0.01220903,1.973343,0.4429559,-0.3211085,1.998495,0.499147,0.3414966,1.975623,0.3628322,0.06106979,1.91458,0.3752401,-0.2370012,2.055429,0.4119969,0.797381,1.972469
72057594038042242,0,0.9982591,106258.2,0.4291405,0.3206947,2.038827,0.369115,0.9712334,2.009759,0.3214337,0.7894253,1.971395,0.4851381,0.7027996,1.81121,0.5500303,0.6620518,1.633919,0.5725379,0.6490194,1.578105,0.4837993,0.7904395,1.900828,0.5373999,0.542048,1.879899,0.3488387,0.7085172,1.894819,0.3411993,0.7420393,1.904662,0.3466657,0.3040807,2.043757,0.4352031,0.01220903,1.973343,0.4429559,-0.3211085,1.998495,0.499147,0.3414966,1.975623,0.3628322,0.06106979,1.91458,0.3752401,-0.2370012,2.055429,0.4119969,0.797381,1.972469
72057594038042242,0,0.9982591,106258.2,0.4291405,0.3206947,2.038827,0.369115,0.9712334,2.009759,0.3214337,0.7894253,1.971395,0.4851381,0.7027996,1.81121,0.5500303,0.6620518,1.633919,0.5725379,0.6490194,1.578105,0.4837993,0.7904395,1.900828,0.5373999,0.542048,1.879899,0.3488387,0.7085172,1.894819,0.3411993,0.7420393,1.904662,0.3466657,0.3040807,2.043757,0.4352031,0.01220903,1.973343,0.4429559,-0.3211085,1.998495,0.499147,0.3414966,1.975623,0.3628322,0.06106979,1.91458,0.3752401,-0.2370012,2.055429,0.4119969,0.797381,1.972469
72057594038042242,0,0.9982591,106258.3,0.4291405,0.3206947,2.038827,0.369115,0.9712334,2.009759,0.3214337,0.7894253,1.971395,0.4851381,0.7027996,1.81121,0.5500303,0.6620518,1.633919,0.5725379,0.6490194,1.578105,0.4837993,0.7904395,1.900828,0.5373999,0.542048,1.879899,0.3488387,0.7085172,1.894819,0.3411993,0.7420393,1.904662,0.3466657,0.3040807,2.043757,0.4352031,0.01220903,1.973343,0.4429559,-0.3211085,1.998495,0.499147,0.3414966,1.975623,0.3628322,0.06106979,1.91458,0.3752401,-0.2370012,2.055429,0.4119969,0.797381,1.972469
72057594038042242,0,0.9982591,106258.3,0.4291405,0.3206947,2.038827,0.369115,0.9712334,2.009759,0.3214337,0.7894253,1.971395,0.4851381,0.7027996,1.81121,0.5500303,0.6620518,1.633919,0.5725379,0.6490194,1.578105,0.4837993,0.7904395,1.900828,0.5373999,0.542048,1.879899,0.3488387,0.7085172,1.894819,0.3411993,0.7420393,1.904662,0.3466657,0.3040807,2.043757,0.4352031,0.01220903,1.973343,0.4429559,-0.3211085,1.998495,0.499147,0.3414966,1.975623,0.3628322,0.06106979,1.91458,0.3752401,-0.2370012,2.055429,0.4119969,0.797381,1.972469
72057594038042242,0,0.9982591,106258.3,0.4291405,0.3206947,2.038827,0.369115,0.9712334,2.009759,0.3214337,0.7894253,1.971395,0.4851381,0.7027996,1.81121,0.5500303,0.6620518,1.633919,0.5725379,0.6490194,1.578105,0.4837993,0.7904395,1.900828,0.5373999,0.542048,1.879899,0.3488387,0.7085172,1.894819,0.3411993,0.7420393,1.904662,0.3466657,0.3040807,2.043757,0.4352031,0.01220903,1.973343,0.4429559,-0.3211085,1.998495,0.499147,0.3414966,1.975623,0.3628322,0.06106979,1.91458,0.3752401,-0.2370012,2.055429,0.4119969,0.797381,1.972469
72057594038042242,0,0.9982591,106258.3,0.4291405,0.3206947,2.038827,0.369115,0.9712334,2.009759,0.3214337,0.7894253,1.971395,0.4851381,0.7027996,1.81121,0.5500303,0.6620518,1.633919,0.5725379,0.6490194,1.578105,0.4837993,0.7904395,1.900828,0.5373999,0.542048,1.879899,0.3488387,0.7085172,1.894819,0.3411993,0.7420393,1.904662,0.3466657,0.3040807,2.043757,0.4352031,0.01220903,1.973343,0.4429559,-0.3211085,1.998495,0.499147,0.3414966,1.975623,0.3628322,0.06106979,1.91458,0.3752401,-0.2370012,2.055429,0.4119969,0.797381,1.972469
72057594038042242,0,0.9982591,106258.3,0.4291405,0.3206947,2.038827,0.369115,0.9712334,2.009759,0.3214337,0.7894253,1.971395,0.4851381,0.7027996,1.81121,0.5500303,0.6620518,1.633919,0.5725379,0.6490194,1.578105,0.4837993,0.7904395,1.900828,0.5373999,0.542048,1.879899,0.3488387,0.7085172,1.894819,0.3411993,0.7420393,1.904662,0.3466657,0.3040807,2.043757,0.4352031,0.01220903,1.973343,0.4429559,-0.3211085,1.998495,0.499147,0.3414966,1.975623,0.3628322,0.06106979,1.91458,0.3752401,-0.2370012,2.055429,0.4119969,0.797381,1.972469
72057594038042242,0,0.999929,106258.3,0.4299445,0.3196896,2.037755,0.369092,0.9707011,2.00997,0.3215882,0.7891005,1.971629,0.4853186,0.702507,1.811476,0.5502101,0.6617606,1.634185,0.5727177,0.6487281,1.578371,0.4833798,0.7897871,1.901299,0.5357553,0.540589,1.882198,0.3471899,0.7074383,1.894352,0.3403387,0.7424644,1.904498,0.3470773,0.3034936,2.042534,0.4342245,0.01033491,1.980331,0.4419975,-0.323548,1.999972,0.5009501,0.3386976,1.973307,0.3598263,0.05978149,1.921562,0.371023,-0.2375766,2.063862,0.4119234,0.7972796,1.972935
72057594038042242,0,0.999929,106258.3,0.4299445,0.3196896,2.037755,0.369092,0.9707011,2.00997,0.3215882,0.7891005,1.971629,0.4853186,0.702507,1.811476,0.5502101,0.6617606,1.634185,0.5727177,0.6487281,1.578371,0.4833798,0.7897871,1.901299,0.5357553,0.540589,1.882198,0.3471899,0.7074383,1.894352,0.3403387,0.7424644,1.904498,0.3470773,0.3034936,2.042534,0.4342245,0.01033491,1.980331,0.4419975,-0.323548,1.999972,0.5009501,0.3386976,1.973307,0.3598263,0.05978149,1.921562,0.371023,-0.2375766,2.063862,0.4119234,0.7972796,1.972935
72057594038042242,0,0.999929,106258.3,0.4299445,0.3196896,2.037755,0.369092,0.9707011,2.00997,0.3215882,0.7891005,1.971629,0.4853186,0.702507,1.811476,0.5502101,0.6617606,1.634185,0.5727177,0.6487281,1.578371,0.4833798,0.7897871,1.901299,0.5357553,0.540589,1.882198,0.3471899,0.7074383,1.894352,0.3403387,0.7424644,1.904498,0.3470773,0.3034936,2.042534,0.4342245,0.01033491,1.980331,0.4419975,-0.323548,1.999972,0.5009501,0.3386976,1.973307,0.3598263,0.05978149,1.921562,0.371023,-0.2375766,2.063862,0.4119234,0.7972796,1.972935
72057594038042242,0,0.999929,106258.3,0.4299445,0.3196896,2.037755,0.369092,0.9707011,2.00997,0.3215882,0.7891005,1.971629,0.4853186,0.702507,1.811476,0.5502101,0.6617606,1.634185,0.5727177,0.6487281,1.578371,0.4833798,0.7897871,1.901299,0.5357553,0.540589,1.882198,0.3471899,0.7074383,1.894352,0.3403387,0.7424644,1.904498,0.3470773,0.3034936,2.042534,0.4342245,0.01033491,1.980331,0.4419975,-0.323548,1.999972,0.5009501,0.3386976,1.973307,0.3598263,0.05978149,1.921562,0.371023,-0.2375766,2.063862,0.4119234,0.7972796,1.972935
72057594038042242,0,0.999929,106258.3,0.4299445,0.3196896,2.037755,0.369092,0.9707011,2.00997,0.3215882,0.7891005,1.971629,0.4853186,0.702507,1.811476,0.5502101,0.6617606,1.634185,0.5727177,0.6487281,1.578371,0.4833798,0.7897871,1.901299,0.5357553,0.540589,1.882198,0.3471899,0.7074383,1.894352,0.3403387,0.7424644,1.904498,0.3470773,0.3034936,2.042534,0.4342245,0.01033491,1.980331,0.4419975,-0.323548,1.999972,0.5009501,0.3386976,1.973307,0.3598263,0.05978149,1.921562,0.371023,-0.2375766,2.063862,0.4119234,0.7972796,1.972935
72057594038042242,0,0.999929,106258.3,0.4299445,0.3196896,2.037755,0.369092,0.9707011,2.00997,0.3215882,0.7891005,1.971629,0.4853186,0.702507,1.811476,0.5502101,0.6617606,1.634185,0.5727177,0.6487281,1.578371,0.4833798,0.7897871,1.901299,0.5357553,0.540589,1.882198,0.3471899,0.7074383,1.894352,0.3403387,0.7424644,1.904498,0.3470773,0.3034936,2.042534,0.4342245,0.01033491,1.980331,0.4419975,-0.323548,1.999972,0.5009501,0.3386976,1.973307,0.3598263,0.05978149,1.921562,0.371023,-0.2375766,2.063862,0.4119234,0.7972796,1.972935
72057594038042242,0,0.999929,106258.3,0.4299445,0.3196896,2.037755,0.369092,0.9707011,2.00997,0.3215882,0.7891005,1.971629,0.4853186,0.702507,1.811476,0.5502101,0.6617606,1.634185,0.5727177,0.6487281,1.578371,0.4833798,0.7897871,1.901299,0.5357553,0.540589,1.882198,0.3471899,0.7074383,1.894352,0.3403387,0.7424644,1.904498,0.3470773,0.3034936,2.042534,0.4342245,0.01033491,1.980331,0.4419975,-0.323548,1.999972,0.5009501,0.3386976,1.973307,0.3598263,0.05978149,1.921562,0.371023,-0.2375766,2.063862,0.4119234,0.7972796,1.972935
72057594038042242,0,0.999929,106258.3,0.4299445,0.3196896,2.037755,0.369092,0.9707011,2.00997,0.3215882,0.7891005,1.971629,0.4853186,0.702507,1.811476,0.5502101,0.6617606,1.634185,0.5727177,0.6487281,1.578371,0.4833798,0.7897871,1.901299,0.5357553,0.540589,1.882198,0.3471899,0.7074383,1.894352,0.3403387,0.7424644,1.904498,0.3470773,0.3034936,2.042534,0.4342245,0.01033491,1.980331,0.4419975,-0.323548,1.999972,0.5009501,0.3386976,1.973307,0.3598263,0.05978149,1.921562,0.371023,-0.2375766,2.063862,0.4119234,0.7972796,1.972935
72057594038042242,0,0.999929,106258.3,0.4299445,0.3196896,2.037755,0.369092,0.9707011,2.00997,0.3215882,0.7891005,1.971629,0.4853186,0.702507,1.811476,0.5502101,0.6617606,1.634185,0.5727177,0.6487281,1.578371,0.4833798,0.7897871,1.901299,0.5357553,0.540589,1.882198,0.3471899,0.7074383,1.894352,0.3403387,0.7424644,1.904498,0.3470773,0.3034936,2.042534,0.4342245,0.01033491,1.980331,0.4419975,-0.323548,1.999972,0.5009501,0.3386976,1.973307,0.3598263,0.05978149,1.921562,0.371023,-0.2375766,2.063862,0.4119234,0.7972796,1.972935
72057594038042242,0,0.999929,106258.3,0.4299445,0.3196896,2.037755,0.369092,0.9707011,2.00997,0.3215882,0.7891005,1.971629,0.4853186,0.702507,1.811476,0.5502101,0.6617606,1.634185,0.5727177,0.6487281,1.578371,0.4833798,0.7897871,1.901299,0.5357553,0.540589,1.882198,0.3471899,0.7074383,1.894352,0.3403387,0.7424644,1.904498,0.3470773,0.3034936,2.042534,0.4342245,0.01033491,1.980331,0.4419975,-0.323548,1.999972,0.5009501,0.3386976,1.973307,0.3598263,0.05978149,1.921562,0.371023,-0.2375766,2.063862,0.4119234,0.7972796,1.972935
72057594038042242,0,0.999929,106258.3,0.4299445,0.3196896,2.037755,0.369092,0.9707011,2.00997,0.3215882,0.7891005,1.971629,0.4853186,0.702507,1.811476,0.5502101,0.6617606,1.634185,0.5727177,0.6487281,1.578371,0.4833798,0.7897871,1.901299,0.5357553,0.540589,1.882198,0.3471899,0.7074383,1.894352,0.3403387,0.7424644,1.904498,0.3470773,0.3034936,2.042534,0.4342245,0.01033491,1.980331,0.4419975,-0.323548,1.999972,0.5009501,0.3386976,1.973307,0.3598263,0.05978149,1.921562,0.371023,-0.2375766,2.063862,0.4119234,0.7972796,1.972935
72057594038042242,0,1.000699,106258.3,0.4303869,0.3189687,2.037513,0.3686015,0.9699848,2.010348,0.3217675,0.7888741,1.971826,0.4855226,0.7023039,1.811703,0.5504134,0.6615585,1.634411,0.5729209,0.6485261,1.578598,0.4829001,0.7889655,1.901739,0.534153,0.5413606,1.882938,0.3468152,0.7098703,1.892482,0.3401812,0.7452152,1.899764,0.3473394,0.3030489,2.041705,0.4346767,0.009718448,1.982342,0.4408242,-0.3243502,2.000462,0.5017645,0.3370229,1.973307,0.3585823,0.05889851,1.925379,0.3688026,-0.234859,2.0744,0.4119808,0.7972938,1.973373
72057594038042242,0,1.000699,106258.3,0.4303869,0.3189687,2.037513,0.3686015,0.9699848,2.010348,0.3217675,0.7888741,1.971826,0.4855226,0.7023039,1.811703,0.5504134,0.6615585,1.634411,0.5729209,0.6485261,1.578598,0.4829001,0.7889655,1.901739,0.534153,0.5413606,1.882938,0.3468152,0.7098703,1.892482,0.3401812,0.7452152,1.899764,0.3473394,0.3030489,2.041705,0.4346767,0.009718448,1.982342,0.4408242,-0.3243502,2.000462,0.5017645,0.3370229,1.973307,0.3585823,0.05889851,1.925379,0.3688026,-0.234859,2.0744,0.4119808,0.7972938,1.973373
72057594038042242,0,1.000699,106258.3,0.4303869,0.3189687,2.037513,0.3686015,0.9699848,2.010348,0.3217675,0.7888741,1.971826,0.4855226,0.7023039,1.811703,0.5504134,0.6615585,1.634411,0.5729209,0.6485261,1.578598,0.4829001,0.7889655,1.901739,0.534153,0.5413606,1.882938,0.3468152,0.7098703,1.892482,0.3401812,0.7452152,1.899764,0.3473394,0.3030489,2.041705,0.4346767,0.009718448,1.982342,0.4408242,-0.3243502,2.000462,0.5017645,0.3370229,1.973307,0.3585823,0.05889851,1.925379,0.3688026,-0.234859,2.0744,0.4119808,0.7972938,1.973373
72057594038042242,0,1.000699,106258.3,0.4303869,0.3189687,2.037513,0.3686015,0.9699848,2.010348,0.3217675,0.7888741,1.971826,0.4855226,0.7023039,1.811703,0.5504134,0.6615585,1.634411,0.5729209,0.6485261,1.578598,0.4829001,0.7889655,1.901739,0.534153,0.5413606,1.882938,0.3468152,0.7098703,1.892482,0.3401812,0.7452152,1.899764,0.3473394,0.3030489,2.041705,0.4346767,0.009718448,1.982342,0.4408242,-0.3243502,2.000462,0.5017645,0.3370229,1.973307,0.3585823,0.05889851,1.925379,0.3688026,-0.234859,2.0744,0.4119808,0.7972938,1.973373
72057594038042242,0,1.000699,106258.3,0.4303869,0.3189687,2.037513,0.3686015,0.9699848,2.010348,0.3217675,0.7888741,1.971826,0.4855226,0.7023039,1.811703,0.5504134,0.6615585,1.634411,0.5729209,0.6485261,1.578598,0.4829001,0.7889655,1.901739,0.534153,0.5413606,1.882938,0.3468152,0.7098703,1.892482,0.3401812,0.7452152,1.899764,0.3473394,0.3030489,2.041705,0.4346767,0.009718448,1.982342,0.4408242,-0.3243502,2.000462,0.5017645,0.3370229,1.973307,0.3585823,0.05889851,1.925379,0.3688026,-0.234859,2.0744,0.4119808,0.7972938,1.973373
72057594038042242,0,1.000699,106258.3,0.4303869,0.3189687,2.037513,0.3686015,0.9699848,2.010348,0.3217675,0.7888741,1.971826,0.4855226,0.7023039,1.811703,0.5504134,0.6615585,1.634411,0.5729209,0.6485261,1.578598,0.4829001,0.7889655,1.901739,0.534153,0.5413606,1.882938,0.3468152,0.7098703,1.892482,0.3401812,0.7452152,1.899764,0.3473394,0.3030489,2.041705,0.4346767,0.009718448,1.982342,0.4408242,-0.3243502,2.000462,0.5017645,0.3370229,1.973307,0.3585823,0.05889851,1.925379,0.3688026,-0.234859,2.0744,0.4119808,0.7972938,1.973373
72057594038042242,0,1.000699,106258.3,0.4303869,0.3189687,2.037513,0.3686015,0.9699848,2.010348,0.3217675,0.7888741,1.971826,0.4855226,0.7023039,1.811703,0.5504134,0.6615585,1.634411,0.5729209,0.6485261,1.578598,0.4829001,0.7889655,1.901739,0.534153,0.5413606,1.882938,0.3468152,0.7098703,1.892482,0.3401812,0.7452152,1.899764,0.3473394,0.3030489,2.041705,0.4346767,0.009718448,1.982342,0.4408242,-0.3243502,2.000462,0.5017645,0.3370229,1.973307,0.3585823,0.05889851,1.925379,0.3688026,-0.234859,2.0744,0.4119808,0.7972938,1.973373
72057594038042242,0,1.000699,106258.3,0.4303869,0.3189687,2.037513,0.3686015,0.9699848,2.010348,0.3217675,0.7888741,1.971826,0.4855226,0.7023039,1.811703,0.5504134,0.6615585,1.634411,0.5729209,0.6485261,1.578598,0.4829001,0.7889655,1.901739,0.534153,0.5413606,1.882938,0.3468152,0.7098703,1.892482,0.3401812,0.7452152,1.899764,0.3473394,0.3030489,2.041705,0.4346767,0.009718448,1.982342,0.4408242,-0.3243502,2.000462,0.5017645,0.3370229,1.973307,0.3585823,0.05889851,1.925379,0.3688026,-0.234859,2.0744,0.4119808,0.7972938,1.973373
72057594038042242,0,1.000699,106258.3,0.4303869,0.3189687,2.037513,0.3686015,0.9699848,2.010348,0.3217675,0.7888741,1.971826,0.4855226,0.7023039,1.811703,0.5504134,0.6615585,1.634411,0.5729209,0.6485261,1.578598,0.4829001,0.7889655,1.901739,0.534153,0.5413606,1.882938,0.3468152,0.7098703,1.892482,0.3401812,0.7452152,1.899764,0.3473394,0.3030489,2.041705,0.4346767,0.009718448,1.982342,0.4408242,-0.3243502,2.000462,0.5017645,0.3370229,1.973307,0.3585823,0.05889851,1.925379,0.3688026,-0.234859,2.0744,0.4119808,0.7972938,1.973373
72057594038042242,0,1.000699,106258.3,0.4303869,0.3189687,2.037513,0.3686015,0.9699848,2.010348,0.3217675,0.7888741,1.971826,0.4855226,0.7023039,1.811703,0.5504134,0.6615585,1.634411,0.5729209,0.6485261,1.578598,0.4829001,0.7889655,1.901739,0.534153,0.5413606,1.882938,0.3468152,0.7098703,1.892482,0.3401812,0.7452152,1.899764,0.3473394,0.3030489,2.041705,0.4346767,0.009718448,1.982342,0.4408242,-0.3243502,2.000462,0.5017645,0.3370229,1.973307,0.3585823,0.05889851,1.925379,0.3688026,-0.234859,2.0744,0.4119808,0.7972938,1.973373
72057594038042242,0,1.000495,106258.3,0.4305559,0.3184766,2.038311,0.3685436,0.9699834,2.01047,0.321967,0.7887195,1.971954,0.4857451,0.7021683,1.811855,0.5506849,0.6613947,1.63444,0.5732091,0.6483525,1.578584,0.4824905,0.7884592,1.902118,0.519871,0.5578806,1.884769,0.3310001,0.7250069,1.89262,0.3326617,0.7585145,1.898461,0.3473518,0.3030257,2.042202,0.4350196,0.009683877,1.984368,0.4409077,-0.3245913,2.000225,0.502037,0.3357909,1.974116,0.3322128,0.0733043,1.912913,0.3688836,-0.1711985,2.126326,0.4122216,0.7974828,1.973817
72057594038042242,0,1.000495,106258.3,0.4305559,0.3184766,2.038311,0.3685436,0.9699834,2.01047,0.321967,0.7887195,1.971954,0.4857451,0.7021683,1.811855,0.5506849,0.6613947,1.63444,0.5732091,0.6483525,1.578584,0.4824905,0.7884592,1.902118,0.519871,0.5578806,1.884769,0.3310001,0.7250069,1.89262,0.3326617,0.7585145,1.898461,0.3473518,0.3030257,2.042202,0.4350196,0.009683877,1.984368,0.4409077,-0.3245913,2.000225,0.502037,0.3357909,1.974116,0.3322128,0.0733043,1.912913,0.3688836,-0.1711985,2.126326,0.4122216,0.7974828,1.973817
72057594038042242,0,1.000495,106258.3,0.4305559,0.3184766,2.038311,0.3685436,0.9699834,2.01047,0.321967,0.7887195,1.971954,0.4857451,0.7021683,1.811855,0.5506849,0.6613947,1.63444,0.5732091,0.6483525,1.578584,0.4824905,0.7884592,1.902118,0.519871,0.5578806,1.884769,0.3310001,0.7250069,1.89262,0.3326617,0.7585145,1.898461,0.3473518,0.3030257,2.042202,0.4350196,0.009683877,1.984368,0.4409077,-0.3245913,2.000225,0.502037,0.3357909,1.974116,0.3322128,0.0733043,1.912913,0.3688836,-0.1711985,2.126326,0.4122216,0.7974828,1.973817
72057594038042242,0,1.000495,106258.3,0.4305559,0.3184766,2.038311,0.3685436,0.9699834,2.01047,0.321967,0.7887195,1.971954,0.4857451,0.7021683,1.811855,0.5506849,0.6613947,1.63444,0.5732091,0.6483525,1.578584,0.4824905,0.7884592,1.902118,0.519871,0.5578806,1.884769,0.3310001,0.7250069,1.89262,0.3326617,0.7585145,1.898461,0.3473518,0.3030257,2.042202,0.4350196,0.009683877,1.984368,0.4409077,-0.3245913,2.000225,0.502037,0.3357909,1.974116,0.3322128,0.0733043,1.912913,0.3688836,-0.1711985,2.126326,0.4122216,0.7974828,1.973817
72057594038042242,0,1.000495,106258.3,0.4305559,0.3184766,2.038311,0.3685436,0.9699834,2.01047,0.321967,0.7887195,1.971954,0.4857451,0.7021683,1.811855,0.5506849,0.6613947,1.63444,0.5732091,0.6483525,1.578584,0.4824905,0.7884592,1.902118,0.519871,0.5578806,1.884769,0.3310001,0.7250069,1.89262,0.3326617,0.7585145,1.898461,0.3473518,0.3030257,2.042202,0.4350196,0.009683877,1.984368,0.4409077,-0.3245913,2.000225,0.502037,0.3357909,1.974116,0.3322128,0.0733043,1.912913,0.3688836,-0.1711985,2.126326,0.4122216,0.7974828,1.973817
72057594038042242,0,1.000495,106258.4,0.4305559,0.3184766,2.038311,0.3685436,0.9699834,2.01047,0.321967,0.7887195,1.971954,0.4857451,0.7021683,1.811855,0.5506849,0.6613947,1.63444,0.5732091,0.6483525,1.578584,0.4824905,0.7884592,1.902118,0.519871,0.5578806,1.884769,0.3310001,0.7250069,1.89262,0.3326617,0.7585145,1.898461,0.3473518,0.3030257,2.042202,0.4350196,0.009683877,1.984368,0.4409077,-0.3245913,2.000225,0.502037,0.3357909,1.974116,0.3322128,0.0733043,1.912913,0.3688836,-0.1711985,2.126326,0.4122216,0.7974828,1.973817
72057594038042242,0,1.000495,106258.4,0.4305559,0.3184766,2.038311,0.3685436,0.9699834,2.01047,0.321967,0.7887195,1.971954,0.4857451,0.7021683,1.811855,0.5506849,0.6613947,1.63444,0.5732091,0.6483525,1.578584,0.4824905,0.7884592,1.902118,0.519871,0.5578806,1.884769,0.3310001,0.7250069,1.89262,0.3326617,0.7585145,1.898461,0.3473518,0.3030257,2.042202,0.4350196,0.009683877,1.984368,0.4409077,-0.3245913,2.000225,0.502037,0.3357909,1.974116,0.3322128,0.0733043,1.912913,0.3688836,-0.1711985,2.126326,0.4122216,0.7974828,1.973817
72057594038042242,0,1.000495,106258.4,0.4305559,0.3184766,2.038311,0.3685436,0.9699834,2.01047,0.321967,0.7887195,1.971954,0.4857451,0.7021683,1.811855,0.5506849,0.6613947,1.63444,0.5732091,0.6483525,1.578584,0.4824905,0.7884592,1.902118,0.519871,0.5578806,1.884769,0.3310001,0.7250069,1.89262,0.3326617,0.7585145,1.898461,0.3473518,0.3030257,2.042202,0.4350196,0.009683877,1.984368,0.4409077,-0.3245913,2.000225,0.502037,0.3357909,1.974116,0.3322128,0.0733043,1.912913,0.3688836,-0.1711985,2.126326,0.4122216,0.7974828,1.973817
72057594038042242,0,1.000495,106258.4,0.4305559,0.3184766,2.038311,0.3685436,0.9699834,2.01047,0.321967,0.7887195,1.971954,0.4857451,0.7021683,1.811855,0.5506849,0.6613947,1.63444,0.5732091,0.6483525,1.578584,0.4824905,0.7884592,1.902118,0.519871,0.5578806,1.884769,0.3310001,0.7250069,1.89262,0.3326617,0.7585145,1.898461,0.3473518,0.3030257,2.042202,0.4350196,0.009683877,1.984368,0.4409077,-0.3245913,2.000225,0.502037,0.3357909,1.974116,0.3322128,0.0733043,1.912913,0.3688836,-0.1711985,2.126326,0.4122216,0.7974828,1.973817
72057594038042242,0,1.000495,106258.4,0.4305559,0.3184766,2.038311,0.3685436,0.9699834,2.01047,0.321967,0.7887195,1.971954,0.4857451,0.7021683,1.811855,0.5506849,0.6613947,1.63444,0.5732091,0.6483525,1.578584,0.4824905,0.7884592,1.902118,0.519871,0.5578806,1.884769,0.3310001,0.7250069,1.89262,0.3326617,0.7585145,1.898461,0.3473518,0.3030257,2.042202,0.4350196,0.009683877,1.984368,0.4409077,-0.3245913,2.000225,0.502037,0.3357909,1.974116,0.3322128,0.0733043,1.912913,0.3688836,-0.1711985,2.126326,0.4122216,0.7974828,1.973817
72057594038042242,0,1.000679,106258.4,0.4309358,0.317742,2.038884,0.3685738,0.9696759,2.010337,0.3220948,0.7886549,1.972031,0.485892,0.7021173,1.811951,0.5508311,0.6613441,1.634535,0.5733553,0.6483018,1.57868,0.4815217,0.7874136,1.902505,0.528932,0.5524077,1.887921,0.3503159,0.7122072,1.891857,0.3470168,0.7451444,1.890481,0.3474588,0.3028431,2.042321,0.4345951,0.009209275,1.986293,0.4401367,-0.3251707,2.000951,0.5026291,0.3343187,1.975035,0.3453806,0.06350484,1.927008,0.3836556,-0.1335291,2.182294,0.4125984,0.7979318,1.974144
72057594038042242,0,1.000679,106258.4,0.4309358,0.317742,2.038884,0.3685738,0.9696759,2.010337,0.3220948,0.7886549,1.972031,0.485892,0.7021173,1.811951,0.5508311,0.6613441,1.634535,0.5733553,0.6483018,1.57868,0.4815217,0.7874136,1.902505,0.528932,0.5524077,1.887921,0.3503159,0.7122072,1.891857,0.3470168,0.7451444,1.890481,0.3474588,0.3028431,2.042321,0.4345951,0.009209275,1.986293,0.4401367,-0.3251707,2.000951,0.5026291,0.3343187,1.975035,0.3453806,0.06350484,1.927008,0.3836556,-0.1335291,2.182294,0.4125984,0.7979318,1.974144
72057594038042242,0,1.000679,106258.4,0.4309358,0.317742,2.038884,0.3685738,0.9696759,2.010337,0.3220948,0.7886549,1.972031,0.485892,0.7021173,1.811951,0.5508311,0.6613441,1.634535,0.5733553,0.6483018,1.57868,0.4815217,0.7874136,1.902505,0.528932,0.5524077,1.887921,0.3503159,0.7122072,1.891857,0.3470168,0.7451444,1.890481,0.3474588,0.3028431,2.042321,0.4345951,0.009209275,1.986293,0.4401367,-0.3251707,2.000951,0.5026291,0.3343187,1.975035,0.3453806,0.06350484,1.927008,0.3836556,-0.1335291,2.182294,0.4125984,0.7979318,1.974144
72057594038042242,0,1.000679,106258.4,0.4309358,0.317742,2.038884,0.3685738,0.9696759,2.010337,0.3220948,0.7886549,1.972031,0.485892,0.7021173,1.811951,0.5508311,0.6613441,1.634535,0.5733553,0.6483018,1.57868,0.4815217,0.7874136,1.902505,0.528932,0.5524077,1.887921,0.3503159,0.7122072,1.891857,0.3470168,0.7451444,1.890481,0.3474588,0.3028431,2.042321,0.4345951,0.009209275,1.986293,0.4401367,-0.3251707,2.000951,0.5026291,0.3343187,1.975035,0.3453806,0.06350484,1.927008,0.3836556,-0.1335291,2.182294,0.4125984,0.7979318,1.974144
72057594038042242,0,1.000679,106258.4,0.4309358,0.317742,2.038884,0.3685738,0.9696759,2.010337,0.3220948,0.7886549,1.972031,0.485892,0.7021173,1.811951,0.5508311,0.6613441,1.634535,0.5733553,0.6483018,1.57868,0.4815217,0.7874136,1.902505,0.528932,0.5524077,1.887921,0.3503159,0.7122072,1.891857,0.3470168,0.7451444,1.890481,0.3474588,0.3028431,2.042321,0.4345951,0.009209275,1.986293,0.4401367,-0.3251707,2.000951,0.5026291,0.3343187,1.975035,0.3453806,0.06350484,1.927008,0.3836556,-0.1335291,2.182294,0.4125984,0.7979318,1.974144
72057594038042242,0,1.000679,106258.4,0.4309358,0.317742,2.038884,0.3685738,0.9696759,2.010337,0.3220948,0.7886549,1.972031,0.485892,0.7021173,1.811951,0.5508311,0.6613441,1.634535,0.5733553,0.6483018,1.57868,0.4815217,0.7874136,1.902505,0.528932,0.5524077,1.887921,0.3503159,0.7122072,1.891857,0.3470168,0.7451444,1.890481,0.3474588,0.3028431,2.042321,0.4345951,0.009209275,1.986293,0.4401367,-0.3251707,2.000951,0.5026291,0.3343187,1.975035,0.3453806,0.06350484,1.927008,0.3836556,-0.1335291,2.182294,0.4125984,0.7979318,1.974144
72057594038042242,0,1.000679,106258.4,0.4309358,0.317742,2.038884,0.3685738,0.9696759,2.010337,0.3220948,0.7886549,1.972031,0.485892,0.7021173,1.811951,0.5508311,0.6613441,1.634535,0.5733553,0.6483018,1.57868,0.4815217,0.7874136,1.902505,0.528932,0.5524077,1.887921,0.3503159,0.7122072,1.891857,0.3470168,0.7451444,1.890481,0.3474588,0.3028431,2.042321,0.4345951,0.009209275,1.986293,0.4401367,-0.3251707,2.000951,0.5026291,0.3343187,1.975035,0.3453806,0.06350484,1.927008,0.3836556,-0.1335291,2.182294,0.4125984,0.7979318,1.974144
72057594038042242,0,1.000679,106258.4,0.4309358,0.317742,2.038884,0.3685738,0.9696759,2.010337,0.3220948,0.7886549,1.972031,0.485892,0.7021173,1.811951,0.5508311,0.6613441,1.634535,0.5733553,0.6483018,1.57868,0.4815217,0.7874136,1.902505,0.528932,0.5524077,1.887921,0.3503159,0.7122072,1.891857,0.3470168,0.7451444,1.890481,0.3474588,0.3028431,2.042321,0.4345951,0.009209275,1.986293,0.4401367,-0.3251707,2.000951,0.5026291,0.3343187,1.975035,0.3453806,0.06350484,1.927008,0.3836556,-0.1335291,2.182294,0.4125984,0.7979318,1.974144
72057594038042242,0,1.000679,106258.4,0.4309358,0.317742,2.038884,0.3685738,0.9696759,2.010337,0.3220948,0.7886549,1.972031,0.485892,0.7021173,1.811951,0.5508311,0.6613441,1.634535,0.5733553,0.6483018,1.57868,0.4815217,0.7874136,1.902505,0.528932,0.5524077,1.887921,0.3503159,0.7122072,1.891857,0.3470168,0.7451444,1.890481,0.3474588,0.3028431,2.042321,0.4345951,0.009209275,1.986293,0.4401367,-0.3251707,2.000951,0.5026291,0.3343187,1.975035,0.3453806,0.06350484,1.927008,0.3836556,-0.1335291,2.182294,0.4125984,0.7979318,1.974144
72057594038042242,0,1.000679,106258.4,0.4309358,0.317742,2.038884,0.3685738,0.9696759,2.010337,0.3220948,0.7886549,1.972031,0.485892,0.7021173,1.811951,0.5508311,0.6613441,1.634535,0.5733553,0.6483018,1.57868,0.4815217,0.7874136,1.902505,0.528932,0.5524077,1.887921,0.3503159,0.7122072,1.891857,0.3470168,0.7451444,1.890481,0.3474588,0.3028431,2.042321,0.4345951,0.009209275,1.986293,0.4401367,-0.3251707,2.000951,0.5026291,0.3343187,1.975035,0.3453806,0.06350484,1.927008,0.3836556,-0.1335291,2.182294,0.4125984,0.7979318,1.974144
72057594038042242,0,1.001284,106258.4,0.4311615,0.3169803,2.038774,0.368595,0.9687627,2.009271,0.3221665,0.7883447,1.972046,0.4859729,0.701845,1.811981,0.5509117,0.661073,1.634566,0.5734359,0.6480306,1.578711,0.48096,0.7863063,1.902571,0.5288458,0.5527424,1.887898,0.3499923,0.712763,1.891301,0.3495973,0.7454127,1.883415,0.3475057,0.302537,2.042217,0.4339155,0.008516848,1.988789,0.4394015,-0.3260556,2.000923,0.5030286,0.3329408,1.974701,0.3373302,0.06828144,1.910978,0.3702591,-0.1327893,2.164039,0.4126691,0.7979351,1.974122
72057594038042242,0,1.001284,106258.4,0.4311615,0.3169803,2.038774,0.368595,0.9687627,2.009271,0.3221665,0.7883447,1.972046,0.4859729,0.701845,1.811981,0.5509117,0.661073,1.634566,0.5734359,0.6480306,1.578711,0.48096,0.7863063,1.902571,0.5288458,0.5527424,1.887898,0.3499923,0.712763,1.891301,0.3495973,0.7454127,1.883415,0.3475057,0.302537,2.042217,0.4339155,0.008516848,1.988789,0.4394015,-0.3260556,2.000923,0.5030286,0.3329408,1.974701,0.3373302,0.06828144,1.910978,0.3702591,-0.1327893,2.164039,0.4126691,0.7979351,1.974122
72057594038042242,0,1.001284,106258.4,0.4311615,0.3169803,2.038774,0.368595,0.9687627,2.009271,0.3221665,0.7883447,1.972046,0.4859729,0.701845,1.811981,0.5509117,0.661073,1.634566,0.5734359,0.6480306,1.578711,0.48096,0.7863063,1.902571,0.5288458,0.5527424,1.887898,0.3499923,0.712763,1.891301,0.3495973,0.7454127,1.883415,0.3475057,0.302537,2.042217,0.4339155,0.008516848,1.988789,0.4394015,-0.3260556,2.000923,0.5030286,0.3329408,1.974701,0.3373302,0.06828144,1.910978,0.3702591,-0.1327893,2.164039,0.4126691,0.7979351,1.974122
72057594038042242,0,1.001284,106258.4,0.4311615,0.3169803,2.038774,0.368595,0.9687627,2.009271,0.3221665,0.7883447,1.972046,0.4859729,0.701845,1.811981,0.5509117,0.661073,1.634566,0.5734359,0.6480306,1.578711,0.48096,0.7863063,1.902571,0.5288458,0.5527424,1.887898,0.3499923,0.712763,1.891301,0.3495973,0.7454127,1.883415,0.3475057,0.302537,2.042217,0.4339155,0.008516848,1.988789,0.4394015,-0.3260556,2.000923,0.5030286,0.3329408,1.974701,0.3373302,0.06828144,1.910978,0.3702591,-0.1327893,2.164039,0.4126691,0.7979351,1.974122
72057594038042242,0,1.001284,106258.4,0.4311615,0.3169803,2.038774,0.368595,0.9687627,2.009271,0.3221665,0.7883447,1.972046,0.4859729,0.701845,1.811981,0.5509117,0.661073,1.634566,0.5734359,0.6480306,1.578711,0.48096,0.7863063,1.902571,0.5288458,0.5527424,1.887898,0.3499923,0.712763,1.891301,0.3495973,0.7454127,1.883415,0.3475057,0.302537,2.042217,0.4339155,0.008516848,1.988789,0.4394015,-0.3260556,2.000923,0.5030286,0.3329408,1.974701,0.3373302,0.06828144,1.910978,0.3702591,-0.1327893,2.164039,0.4126691,0.7979351,1.974122
72057594038042242,0,1.001284,106258.4,0.4311615,0.3169803,2.038774,0.368595,0.9687627,2.009271,0.3221665,0.7883447,1.972046,0.4859729,0.701845,1.811981,0.5509117,0.661073,1.634566,0.5734359,0.6480306,1.578711,0.48096,0.7863063,1.902571,0.5288458,0.5527424,1.887898,0.3499923,0.712763,1.891301,0.3495973,0.7454127,1.883415,0.3475057,0.302537,2.042217,0.4339155,0.008516848,1.988789,0.4394015,-0.3260556,2.000923,0.5030286,0.3329408,1.974701,0.3373302,0.06828144,1.910978,0.3702591,-0.1327893,2.164039,0.4126691,0.7979351,1.974122
72057594038042242,0,1.001284,106258.4,0.4311615,0.3169803,2.038774,0.368595,0.9687627,2.009271,0.3221665,0.7883447,1.972046,0.4859729,0.701845,1.811981,0.5509117,0.661073,1.634566,0.5734359,0.6480306,1.578711,0.48096,0.7863063,1.902571,0.5288458,0.5527424,1.887898,0.3499923,0.712763,1.891301,0.3495973,0.7454127,1.883415,0.3475057,0.302537,2.042217,0.4339155,0.008516848,1.988789,0.4394015,-0.3260556,2.000923,0.5030286,0.3329408,1.974701,0.3373302,0.06828144,1.910978,0.3702591,-0.1327893,2.164039,0.4126691,0.7979351,1.974122
72057594038042242,0,1.001284,106258.4,0.4311615,0.3169803,2.038774,0.368595,0.9687627,2.009271,0.3221665,0.7883447,1.972046,0.4859729,0.701845,1.811981,0.5509117,0.661073,1.634566,0.5734359,0.6480306,1.578711,0.48096,0.7863063,1.902571,0.5288458,0.5527424,1.887898,0.3499923,0.712763,1.891301,0.3495973,0.7454127,1.883415,0.3475057,0.302537,2.042217,0.4339155,0.008516848,1.988789,0.4394015,-0.3260556,2.000923,0.5030286,0.3329408,1.974701,0.3373302,0.06828144,1.910978,0.3702591,-0.1327893,2.164039,0.4126691,0.7979351,1.974122
72057594038042242,0,1.001284,106258.4,0.4311615,0.3169803,2.038774,0.368595,0.9687627,2.009271,0.3221665,0.7883447,1.972046,0.4859729,0.701845,1.811981,0.5509117,0.661073,1.634566,0.5734359,0.6480306,1.578711,0.48096,0.7863063,1.902571,0.5288458,0.5527424,1.887898,0.3499923,0.712763,1.891301,0.3495973,0.7454127,1.883415,0.3475057,0.302537,2.042217,0.4339155,0.008516848,1.988789,0.4394015,-0.3260556,2.000923,0.5030286,0.3329408,1.974701,0.3373302,0.06828144,1.910978,0.3702591,-0.1327893,2.164039,0.4126691,0.7979351,1.974122
72057594038042242,0,1.001284,106258.4,0.4311615,0.3169803,2.038774,0.368595,0.9687627,2.009271,0.3221665,0.7883447,1.972046,0.4859729,0.701845,1.811981,0.5509117,0.661073,1.634566,0.5734359,0.6480306,1.578711,0.48096,0.7863063,1.902571,0.5288458,0.5527424,1.887898,0.3499923,0.712763,1.891301,0.3495973,0.7454127,1.883415,0.3475057,0.302537,2.042217,0.4339155,0.008516848,1.988789,0.4394015,-0.3260556,2.000923,0.5030286,0.3329408,1.974701,0.3373302,0.06828144,1.910978,0.3702591,-0.1327893,2.164039,0.4126691,0.7979351,1.974122
72057594038042242,0,1.003906,106258.4,0.4318275,0.3149984,2.037035,0.3679149,0.9680731,2.006505,0.3224643,0.7881148,1.972015,0.4862821,0.7016376,1.811966,0.5512195,0.6608664,1.634551,0.5737437,0.647824,1.578695,0.4809849,0.7855424,1.902613,0.5287679,0.5513527,1.888183,0.3497073,0.7113595,1.891003,0.3529845,0.7448258,1.880679,0.348069,0.3008535,2.040833,0.4349532,0.006921768,1.989031,0.4401081,-0.3276387,2.001293,0.5036455,0.3306718,1.972134,0.3307123,0.07036901,1.909231,0.369738,-0.123696,2.166579,0.4136878,0.7980402,1.973512
72057594038042242,0,1.003906,106258.4,0.4318275,0.3149984,2.037035,0.3679149,0.9680731,2.006505,0.3224643,0.7881148,1.972015,0.4862821,0.7016376,1.811966,0.5512195,0.6608664,1.634551,0.5737437,0.647824,1.578695,0.4809849,0.7855424,1.902613,0.5287679,0.5513527,1.888183,0.3497073,0.7113595,1.891003,0.3529845,0.7448258,1.880679,0.348069,0.3008535,2.040833,0.4349532,0.006921768,1.989031,0.4401081,-0.3276387,2.001293,0.5036455,0.3306718,1.972134,0.3307123,0.07036901,1.909231,0.369738,-0.123696,2.166579,0.4136878,0.7980402,1.973512
72057594038042242,0,1.003906,106258.4,0.4318275,0.3149984,2.037035,0.3679149,0.9680731,2.006505,0.3224643,0.7881148,1.972015,0.4862821,0.7016376,1.811966,0.5512195,0.6608664,1.634551,0.5737437,0.647824,1.578695,0.4809849,0.7855424,1.902613,0.5287679,0.5513527,1.888183,0.3497073,0.7113595,1.891003,0.3529845,0.7448258,1.880679,0.348069,0.3008535,2.040833,0.4349532,0.006921768,1.989031,0.4401081,-0.3276387,2.001293,0.5036455,0.3306718,1.972134,0.3307123,0.07036901,1.909231,0.369738,-0.123696,2.166579,0.4136878,0.7980402,1.973512
72057594038042242,0,1.003906,106258.4,0.4318275,0.3149984,2.037035,0.3679149,0.9680731,2.006505,0.3224643,0.7881148,1.972015,0.4862821,0.7016376,1.811966,0.5512195,0.6608664,1.634551,0.5737437,0.647824,1.578695,0.4809849,0.7855424,1.902613,0.5287679,0.5513527,1.888183,0.3497073,0.7113595,1.891003,0.3529845,0.7448258,1.880679,0.348069,0.3008535,2.040833,0.4349532,0.006921768,1.989031,0.4401081,-0.3276387,2.001293,0.5036455,0.3306718,1.972134,0.3307123,0.07036901,1.909231,0.369738,-0.123696,2.166579,0.4136878,0.7980402,1.973512
72057594038042242,0,1.003906,106258.4,0.4318275,0.3149984,2.037035,0.3679149,0.9680731,2.006505,0.3224643,0.7881148,1.972015,0.4862821,0.7016376,1.811966,0.5512195,0.6608664,1.634551,0.5737437,0.647824,1.578695,0.4809849,0.7855424,1.902613,0.5287679,0.5513527,1.888183,0.3497073,0.7113595,1.891003,0.3529845,0.7448258,1.880679,0.348069,0.3008535,2.040833,0.4349532,0.006921768,1.989031,0.4401081,-0.3276387,2.001293,0.5036455,0.3306718,1.972134,0.3307123,0.07036901,1.909231,0.369738,-0.123696,2.166579,0.4136878,0.7980402,1.973512
72057594038042242,0,1.003906,106258.4,0.4318275,0.3149984,2.037035,0.3679149,0.9680731,2.006505,0.3224643,0.7881148,1.972015,0.4862821,0.7016376,1.811966,0.5512195,0.6608664,1.634551,0.5737437,0.647824,1.578695,0.4809849,0.7855424,1.902613,0.5287679,0.5513527,1.888183,0.3497073,0.7113595,1.891003,0.3529845,0.7448258,1.880679,0.348069,0.3008535,2.040833,0.4349532,0.006921768,1.989031,0.4401081,-0.3276387,2.001293,0.5036455,0.3306718,1.972134,0.3307123,0.07036901,1.909231,0.369738,-0.123696,2.166579,0.4136878,0.7980402,1.973512
72057594038042242,0,1.003906,106258.4,0.4318275,0.3149984,2.037035,0.3679149,0.9680731,2.006505,0.3224643,0.7881148,1.972015,0.4862821,0.7016376,1.811966,0.5512195,0.6608664,1.634551,0.5737437,0.647824,1.578695,0.4809849,0.7855424,1.902613,0.5287679,0.5513527,1.888183,0.3497073,0.7113595,1.891003,0.3529845,0.7448258,1.880679,0.348069,0.3008535,2.040833,0.4349532,0.006921768,1.989031,0.4401081,-0.3276387,2.001293,0.5036455,0.3306718,1.972134,0.3307123,0.07036901,1.909231,0.369738,-0.123696,2.166579,0.4136878,0.7980402,1.973512
72057594038042242,0,1.003906,106258.5,0.4318275,0.3149984,2.037035,0.3679149,0.9680731,2.006505,0.3224643,0.7881148,1.972015,0.4862821,0.7016376,1.811966,0.5512195,0.6608664,1.634551,0.5737437,0.647824,1.578695,0.4809849,0.7855424,1.902613,0.5287679,0.5513527,1.888183,0.3497073,0.7113595,1.891003,0.3529845,0.7448258,1.880679,0.348069,0.3008535,2.040833,0.4349532,0.006921768,1.989031,0.4401081,-0.3276387,2.001293,0.5036455,0.3306718,1.972134,0.3307123,0.07036901,1.909231,0.369738,-0.123696,2.166579,0.4136878,0.7980402,1.973512
72057594038042242,0,1.003906,106258.5,0.4318275,0.3149984,2.037035,0.3679149,0.9680731,2.006505,0.3224643,0.7881148,1.972015,0.4862821,0.7016376,1.811966,0.5512195,0.6608664,1.634551,0.5737437,0.647824,1.578695,0.4809849,0.7855424,1.902613,0.5287679,0.5513527,1.888183,0.3497073,0.7113595,1.891003,0.3529845,0.7448258,1.880679,0.348069,0.3008535,2.040833,0.4349532,0.006921768,1.989031,0.4401081,-0.3276387,2.001293,0.5036455,0.3306718,1.972134,0.3307123,0.07036901,1.909231,0.369738,-0.123696,2.166579,0.4136878,0.7980402,1.973512
72057594038042242,0,1.003906,106258.5,0.4318275,0.3149984,2.037035,0.3679149,0.9680731,2.006505,0.3224643,0.7881148,1.972015,0.4862821,0.7016376,1.811966,0.5512195,0.6608664,1.634551,0.5737437,0.647824,1.578695,0.4809849,0.7855424,1.902613,0.5287679,0.5513527,1.888183,0.3497073,0.7113595,1.891003,0.3529845,0.7448258,1.880679,0.348069,0.3008535,2.040833,0.4349532,0.006921768,1.989031,0.4401081,-0.3276387,2.001293,0.5036455,0.3306718,1.972134,0.3307123,0.07036901,1.909231,0.369738,-0.123696,2.166579,0.4136878,0.7980402,1.973512
72057594038042242,0,1.003906,106258.5,0.4318275,0.3149984,2.037035,0.3679149,0.9680731,2.006505,0.3224643,0.7881148,1.972015,0.4862821,0.7016376,1.811966,0.5512195,0.6608664,1.634551,0.5737437,0.647824,1.578695,0.4809849,0.7855424,1.902613,0.5287679,0.5513527,1.888183,0.3497073,0.7113595,1.891003,0.3529845,0.7448258,1.880679,0.348069,0.3008535,2.040833,0.4349532,0.006921768,1.989031,0.4401081,-0.3276387,2.001293,0.5036455,0.3306718,1.972134,0.3307123,0.07036901,1.909231,0.369738,-0.123696,2.166579,0.4136878,0.7980402,1.973512
72057594038042242,0,1.008393,106258.5,0.4331403,0.3126166,2.033355,0.367909,0.9673085,2.003933,0.3227915,0.7878506,1.972025,0.4866211,0.7013947,1.811993,0.5515857,0.6606079,1.634506,0.5741196,0.6475599,1.578627,0.4809994,0.7826223,1.902691,0.5243121,0.5651927,1.886841,0.3445869,0.7255481,1.888023,0.3463263,0.7635007,1.87242,0.349079,0.2989724,2.039253,0.4355737,0.00487259,1.989094,0.44031,-0.329658,2.001708,0.505098,0.3278644,1.964793,0.333409,0.06514877,1.929654,0.3794713,-0.1158224,2.194777,0.4155809,0.7979934,1.972371
72057594038042242,0,1.008393,106258.5,0.4331403,0.3126166,2.033355,0.367909,0.9673085,2.003933,0.3227915,0.7878506,1.972025,0.4866211,0.7013947,1.811993,0.5515857,0.6606079,1.634506,0.5741196,0.6475599,1.578627,0.4809994,0.7826223,1.902691,0.5243121,0.5651927,1.886841,0.3445869,0.7255481,1.888023,0.3463263,0.7635007,1.87242,0.349079,0.2989724,2.039253,0.4355737,0.00487259,1.989094,0.44031,-0.329658,2.001708,0.505098,0.3278644,1.964793,0.333409,0.06514877,1.929654,0.3794713,-0.1158224,2.194777,0.4155809,0.7979934,1.972371
72057594038042242,0,1.008393,106258.5,0.4331403,0.3126166,2.033355,0.367909,0.9673085,2.003933,0.3227915,0.7878506,1.972025,0.4866211,0.7013947,1.811993,0.5515857,0.6606079,1.634506,0.5741196,0.6475599,1.578627,0.4809994,0.7826223,1.902691,0.5243121,0.5651927,1.886841,0.3445869,0.7255481,1.888023,0.3463263,0.7635007,1.87242,0.349079,0.2989724,2.039253,0.4355737,0.00487259,1.989094,0.44031,-0.329658,2.001708,0.505098,0.3278644,1.964793,0.333409,0.06514877,1.929654,0.3794713,-0.1158224,2.194777,0.4155809,0.7979934,1.972371
72057594038042242,0,1.008393,106258.5,0.4331403,0.3126166,2.033355,0.367909,0.9673085,2.003933,0.3227915,0.7878506,1.972025,0.4866211,0.7013947,1.811993,0.5515857,0.6606079,1.634506,0.5741196,0.6475599,1.578627,0.4809994,0.7826223,1.902691,0.5243121,0.5651927,1.886841,0.3445869,0.7255481,1.888023,0.3463263,0.7635007,1.87242,0.349079,0.2989724,2.039253,0.4355737,0.00487259,1.989094,0.44031,-0.329658,2.001708,0.505098,0.3278644,1.964793,0.333409,0.06514877,1.929654,0.3794713,-0.1158224,2.194777,0.4155809,0.7979934,1.972371
72057594038042242,0,1.008393,106258.5,0.4331403,0.3126166,2.033355,0.367909,0.9673085,2.003933,0.3227915,0.7878506,1.972025,0.4866211,0.7013947,1.811993,0.5515857,0.6606079,1.634506,0.5741196,0.6475599,1.578627,0.4809994,0.7826223,1.902691,0.5243121,0.5651927,1.886841,0.3445869,0.7255481,1.888023,0.3463263,0.7635007,1.87242,0.349079,0.2989724,2.039253,0.4355737,0.00487259,1.989094,0.44031,-0.329658,2.001708,0.505098,0.3278644,1.964793,0.333409,0.06514877,1.929654,0.3794713,-0.1158224,2.194777,0.4155809,0.7979934,1.972371
72057594038042242,0,1.008393,106258.5,0.4331403,0.3126166,2.033355,0.367909,0.9673085,2.003933,0.3227915,0.7878506,1.972025,0.4866211,0.7013947,1.811993,0.5515857,0.6606079,1.634506,0.5741196,0.6475599,1.578627,0.4809994,0.7826223,1.902691,0.5243121,0.5651927,1.886841,0.3445869,0.7255481,1.888023,0.3463263,0.7635007,1.87242,0.349079,0.2989724,2.039253,0.4355737,0.00487259,1.989094,0.44031,-0.329658,2.001708,0.505098,0.3278644,1.964793,0.333409,0.06514877,1.929654,0.3794713,-0.1158224,2.194777,0.4155809,0.7979934,1.972371
72057594038042242,0,1.008393,106258.5,0.4331403,0.3126166,2.033355,0.367909,0.9673085,2.003933,0.3227915,0.7878506,1.972025,0.4866211,0.7013947,1.811993,0.5515857,0.6606079,1.634506,0.5741196,0.6475599,1.578627,0.4809994,0.7826223,1.902691,0.5243121,0.5651927,1.886841,0.3445869,0.7255481,1.888023,0.3463263,0.7635007,1.87242,0.349079,0.2989724,2.039253,0.4355737,0.00487259,1.989094,0.44031,-0.329658,2.001708,0.505098,0.3278644,1.964793,0.333409,0.06514877,1.929654,0.3794713,-0.1158224,2.194777,0.4155809,0.7979934,1.972371
72057594038042242,0,1.008393,106258.5,0.4331403,0.3126166,2.033355,0.367909,0.9673085,2.003933,0.3227915,0.7878506,1.972025,0.4866211,0.7013947,1.811993,0.5515857,0.6606079,1.634506,0.5741196,0.6475599,1.578627,0.4809994,0.7826223,1.902691,0.5243121,0.5651927,1.886841,0.3445869,0.7255481,1.888023,0.3463263,0.7635007,1.87242,0.349079,0.2989724,2.039253,0.4355737,0.00487259,1.989094,0.44031,-0.329658,2.001708,0.505098,0.3278644,1.964793,0.333409,0.06514877,1.929654,0.3794713,-0.1158224,2.194777,0.4155809,0.7979934,1.972371
72057594038042242,0,1.008393,106258.5,0.4331403,0.3126166,2.033355,0.367909,0.9673085,2.003933,0.3227915,0.7878506,1.972025,0.4866211,0.7013947,1.811993,0.5515857,0.6606079,1.634506,0.5741196,0.6475599,1.578627,0.4809994,0.7826223,1.902691,0.5243121,0.5651927,1.886841,0.3445869,0.7255481,1.888023,0.3463263,0.7635007,1.87242,0.349079,0.2989724,2.039253,0.4355737,0.00487259,1.989094,0.44031,-0.329658,2.001708,0.505098,0.3278644,1.964793,0.333409,0.06514877,1.929654,0.3794713,-0.1158224,2.194777,0.4155809,0.7979934,1.972371
72057594038042242,0,1.008393,106258.5,0.4331403,0.3126166,2.033355,0.367909,0.9673085,2.003933,0.3227915,0.7878506,1.972025,0.4866211,0.7013947,1.811993,0.5515857,0.6606079,1.634506,0.5741196,0.6475599,1.578627,0.4809994,0.7826223,1.902691,0.5243121,0.5651927,1.886841,0.3445869,0.7255481,1.888023,0.3463263,0.7635007,1.87242,0.349079,0.2989724,2.039253,0.4355737,0.00487259,1.989094,0.44031,-0.329658,2.001708,0.505098,0.3278644,1.964793,0.333409,0.06514877,1.929654,0.3794713,-0.1158224,2.194777,0.4155809,0.7979934,1.972371
72057594038042242,0,1.012572,106258.5,0.434508,0.3104824,2.029952,0.3699286,0.9672473,1.998654,0.3230205,0.7876214,1.972033,0.3896338,0.7185674,1.798715,0.4531185,0.6986141,1.616944,0.4750037,0.6925595,1.559668,0.48095,0.7792823,1.902383,0.5255994,0.5675647,1.887245,0.3457317,0.7277019,1.888133,0.3497473,0.7652984,1.866962,0.3503176,0.2969962,2.037271,0.4267343,0.03488374,1.990377,0.4292116,-0.2133591,1.997427,0.5063469,0.3258645,1.960006,0.3368043,0.0621433,1.938495,0.3653708,-0.2345861,2.079521,0.4177314,0.7977561,1.970909
72057594038042242,0,1.012572,106258.5,0.434508,0.3104824,2.029952,0.3699286,0.9672473,1.998654,0.3230205,0.7876214,1.972033,0.3896338,0.7185674,1.798715,0.4531185,0.6986141,1.616944,0.4750037,0.6925595,1.559668,0.48095,0.7792823,1.902383,0.5255994,0.5675647,1.887245,0.3457317,0.7277019,1.888133,0.3497473,0.7652984,1.866962,0.3503176,0.2969962,2.037271,0.4267343,0.03488374,1.990377,0.4292116,-0.2133591,1.997427,0.5063469,0.3258645,1.960006,0.3368043,0.0621433,1.938495,0.3653708,-0.2345861,2.079521,0.4177314,0.7977561,1.970909
72057594038042242,0,1.012572,106258.5,0.434508,0.3104824,2.029952,0.3699286,0.9672473,1.998654,0.3230205,0.7876214,1.972033,0.3896338,0.7185674,1.798715,0.4531185,0.6986141,1.616944,0.4750037,0.6925595,1.559668,0.48095,0.7792823,1.902383,0.5255994,0.5675647,1.887245,0.3457317,0.7277019,1.888133,0.3497473,0.7652984,1.866962,0.3503176,0.2969962,2.037271,0.4267343,0.03488374,1.990377,0.4292116,-0.2133591,1.997427,0.5063469,0.3258645,1.960006,0.3368043,0.0621433,1.938495,0.3653708,-0.2345861,2.079521,0.4177314,0.7977561,1.970909
72057594038042242,0,1.012572,106258.5,0.434508,0.3104824,2.029952,0.3699286,0.9672473,1.998654,0.3230205,0.7876214,1.972033,0.3896338,0.7185674,1.798715,0.4531185,0.6986141,1.616944,0.4750037,0.6925595,1.559668,0.48095,0.7792823,1.902383,0.5255994,0.5675647,1.887245,0.3457317,0.7277019,1.888133,0.3497473,0.7652984,1.866962,0.3503176,0.2969962,2.037271,0.4267343,0.03488374,1.990377,0.4292116,-0.2133591,1.997427,0.5063469,0.3258645,1.960006,0.3368043,0.0621433,1.938495,0.3653708,-0.2345861,2.079521,0.4177314,0.7977561,1.970909
72057594038042242,0,1.012572,106258.5,0.434508,0.3104824,2.029952,0.3699286,0.9672473,1.998654,0.3230205,0.7876214,1.972033,0.3896338,0.7185674,1.798715,0.4531185,0.6986141,1.616944,0.4750037,0.6925595,1.559668,0.48095,0.7792823,1.902383,0.5255994,0.5675647,1.887245,0.3457317,0.7277019,1.888133,0.3497473,0.7652984,1.866962,0.3503176,0.2969962,2.037271,0.4267343,0.03488374,1.990377,0.4292116,-0.2133591,1.997427,0.5063469,0.3258645,1.960006,0.3368043,0.0621433,1.938495,0.3653708,-0.2345861,2.079521,0.4177314,0.7977561,1.970909
72057594038042242,0,1.012572,106258.5,0.434508,0.3104824,2.029952,0.3699286,0.9672473,1.998654,0.3230205,0.7876214,1.972033,0.3896338,0.7185674,1.798715,0.4531185,0.6986141,1.616944,0.4750037,0.6925595,1.559668,0.48095,0.7792823,1.902383,0.5255994,0.5675647,1.887245,0.3457317,0.7277019,1.888133,0.3497473,0.7652984,1.866962,0.3503176,0.2969962,2.037271,0.4267343,0.03488374,1.990377,0.4292116,-0.2133591,1.997427,0.5063469,0.3258645,1.960006,0.3368043,0.0621433,1.938495,0.3653708,-0.2345861,2.079521,0.4177314,0.7977561,1.970909
72057594038042242,0,1.012572,106258.5,0.434508,0.3104824,2.029952,0.3699286,0.9672473,1.998654,0.3230205,0.7876214,1.972033,0.3896338,0.7185674,1.798715,0.4531185,0.6986141,1.616944,0.4750037,0.6925595,1.559668,0.48095,0.7792823,1.902383,0.5255994,0.5675647,1.887245,0.3457317,0.7277019,1.888133,0.3497473,0.7652984,1.866962,0.3503176,0.2969962,2.037271,0.4267343,0.03488374,1.990377,0.4292116,-0.2133591,1.997427,0.5063469,0.3258645,1.960006,0.3368043,0.0621433,1.938495,0.3653708,-0.2345861,2.079521,0.4177314,0.7977561,1.970909
72057594038042242,0,1.012572,106258.5,0.434508,0.3104824,2.029952,0.3699286,0.9672473,1.998654,0.3230205,0.7876214,1.972033,0.3896338,0.7185674,1.798715,0.4531185,0.6986141,1.616944,0.4750037,0.6925595,1.559668,0.48095,0.7792823,1.902383,0.5255994,0.5675647,1.887245,0.3457317,0.7277019,1.888133,0.3497473,0.7652984,1.866962,0.3503176,0.2969962,2.037271,0.4267343,0.03488374,1.990377,0.4292116,-0.2133591,1.997427,0.5063469,0.3258645,1.960006,0.3368043,0.0621433,1.938495,0.3653708,-0.2345861,2.079521,0.4177314,0.7977561,1.970909
72057594038042242,0,1.012572,106258.5,0.434508,0.3104824,2.029952,0.3699286,0.9672473,1.998654,0.3230205,0.7876214,1.972033,0.3896338,0.7185674,1.798715,0.4531185,0.6986141,1.616944,0.4750037,0.6925595,1.559668,0.48095,0.7792823,1.902383,0.5255994,0.5675647,1.887245,0.3457317,0.7277019,1.888133,0.3497473,0.7652984,1.866962,0.3503176,0.2969962,2.037271,0.4267343,0.03488374,1.990377,0.4292116,-0.2133591,1.997427,0.5063469,0.3258645,1.960006,0.3368043,0.0621433,1.938495,0.3653708,-0.2345861,2.079521,0.4177314,0.7977561,1.970909
72057594038042242,0,1.012572,106258.5,0.434508,0.3104824,2.029952,0.3699286,0.9672473,1.998654,0.3230205,0.7876214,1.972033,0.3896338,0.7185674,1.798715,0.4531185,0.6986141,1.616944,0.4750037,0.6925595,1.559668,0.48095,0.7792823,1.902383,0.5255994,0.5675647,1.887245,0.3457317,0.7277019,1.888133,0.3497473,0.7652984,1.866962,0.3503176,0.2969962,2.037271,0.4267343,0.03488374,1.990377,0.4292116,-0.2133591,1.997427,0.5063469,0.3258645,1.960006,0.3368043,0.0621433,1.938495,0.3653708,-0.2345861,2.079521,0.4177314,0.7977561,1.970909
72057594038042242,0,1.014638,106258.5,0.4356565,0.3095484,2.028476,0.3720632,0.9672549,1.9928,0.3231329,0.7874823,1.972067,0.3893089,0.7186767,1.798466,0.4531572,0.6984236,1.616861,0.4751633,0.6922691,1.559641,0.4806764,0.7769163,1.902192,0.5257653,0.5696988,1.886917,0.3458583,0.729792,1.887607,0.3509753,0.7697048,1.86062,0.3512374,0.2959923,2.036278,0.4272554,0.03555,1.990384,0.4292379,-0.2136762,1.997589,0.5076109,0.3251259,1.958211,0.3379934,0.06180623,1.942628,0.3953913,-0.06035587,2.23622,0.4195257,0.7976283,1.969734
72057594038042242,0,1.014638,106258.5,0.4356565,0.3095484,2.028476,0.3720632,0.9672549,1.9928,0.3231329,0.7874823,1.972067,0.3893089,0.7186767,1.798466,0.4531572,0.6984236,1.616861,0.4751633,0.6922691,1.559641,0.4806764,0.7769163,1.902192,0.5257653,0.5696988,1.886917,0.3458583,0.729792,1.887607,0.3509753,0.7697048,1.86062,0.3512374,0.2959923,2.036278,0.4272554,0.03555,1.990384,0.4292379,-0.2136762,1.997589,0.5076109,0.3251259,1.958211,0.3379934,0.06180623,1.942628,0.3953913,-0.06035587,2.23622,0.4195257,0.7976283,1.969734
72057594038042242,0,1.014638,106258.5,0.4356565,0.3095484,2.028476,0.3720632,0.9672549,1.9928,0.3231329,0.7874823,1.972067,0.3893089,0.7186767,1.798466,0.4531572,0.6984236,1.616861,0.4751633,0.6922691,1.559641,0.4806764,0.7769163,1.902192,0.5257653,0.5696988,1.886917,0.3458583,0.729792,1.887607,0.3509753,0.7697048,1.86062,0.3512374,0.2959923,2.036278,0.4272554,0.03555,1.990384,0.4292379,-0.2136762,1.997589,0.5076109,0.3251259,1.958211,0.3379934,0.06180623,1.942628,0.3953913,-0.06035587,2.23622,0.4195257,0.7976283,1.969734
72057594038042242,0,1.014638,106258.5,0.4356565,0.3095484,2.028476,0.3720632,0.9672549,1.9928,0.3231329,0.7874823,1.972067,0.3893089,0.7186767,1.798466,0.4531572,0.6984236,1.616861,0.4751633,0.6922691,1.559641,0.4806764,0.7769163,1.902192,0.5257653,0.5696988,1.886917,0.3458583,0.729792,1.887607,0.3509753,0.7697048,1.86062,0.3512374,0.2959923,2.036278,0.4272554,0.03555,1.990384,0.4292379,-0.2136762,1.997589,0.5076109,0.3251259,1.958211,0.3379934,0.06180623,1.942628,0.3953913,-0.06035587,2.23622,0.4195257,0.7976283,1.969734
72057594038042242,0,1.014638,106258.5,0.4356565,0.3095484,2.028476,0.3720632,0.9672549,1.9928,0.3231329,0.7874823,1.972067,0.3893089,0.7186767,1.798466,0.4531572,0.6984236,1.616861,0.4751633,0.6922691,1.559641,0.4806764,0.7769163,1.902192,0.5257653,0.5696988,1.886917,0.3458583,0.729792,1.887607,0.3509753,0.7697048,1.86062,0.3512374,0.2959923,2.036278,0.4272554,0.03555,1.990384,0.4292379,-0.2136762,1.997589,0.5076109,0.3251259,1.958211,0.3379934,0.06180623,1.942628,0.3953913,-0.06035587,2.23622,0.4195257,0.7976283,1.969734
72057594038042242,0,1.014638,106258.5,0.4356565,0.3095484,2.028476,0.3720632,0.9672549,1.9928,0.3231329,0.7874823,1.972067,0.3893089,0.7186767,1.798466,0.4531572,0.6984236,1.616861,0.4751633,0.6922691,1.559641,0.4806764,0.7769163,1.902192,0.5257653,0.5696988,1.886917,0.3458583,0.729792,1.887607,0.3509753,0.7697048,1.86062,0.3512374,0.2959923,2.036278,0.4272554,0.03555,1.990384,0.4292379,-0.2136762,1.997589,0.5076109,0.3251259,1.958211,0.3379934,0.06180623,1.942628,0.3953913,-0.06035587,2.23622,0.4195257,0.7976283,1.969734
72057594038042242,0,1.014638,106258.5,0.4356565,0.3095484,2.028476,0.3720632,0.9672549,1.9928,0.3231329,0.7874823,1.972067,0.3893089,0.7186767,1.798466,0.4531572,0.6984236,1.616861,0.4751633,0.6922691,1.559641,0.4806764,0.7769163,1.902192,0.5257653,0.5696988,1.886917,0.3458583,0.729792,1.887607,0.3509753,0.7697048,1.86062,0.3512374,0.2959923,2.036278,0.4272554,0.03555,1.990384,0.4292379,-0.2136762,1.997589,0.5076109,0.3251259,1.958211,0.3379934,0.06180623,1.942628,0.3953913,-0.06035587,2.23622,0.4195257,0.7976283,1.969734
72057594038042242,0,1.014638,106258.6,0.4356565,0.3095484,2.028476,0.3720632,0.9672549,1.9928,0.3231329,0.7874823,1.972067,0.3893089,0.7186767,1.798466,0.4531572,0.6984236,1.616861,0.4751633,0.6922691,1.559641,0.4806764,0.7769163,1.902192,0.5257653,0.5696988,1.886917,0.3458583,0.729792,1.887607,0.3509753,0.7697048,1.86062,0.3512374,0.2959923,2.036278,0.4272554,0.03555,1.990384,0.4292379,-0.2136762,1.997589,0.5076109,0.3251259,1.958211,0.3379934,0.06180623,1.942628,0.3953913,-0.06035587,2.23622,0.4195257,0.7976283,1.969734
72057594038042242,0,1.014638,106258.6,0.4356565,0.3095484,2.028476,0.3720632,0.9672549,1.9928,0.3231329,0.7874823,1.972067,0.3893089,0.7186767,1.798466,0.4531572,0.6984236,1.616861,0.4751633,0.6922691,1.559641,0.4806764,0.7769163,1.902192,0.5257653,0.5696988,1.886917,0.3458583,0.729792,1.887607,0.3509753,0.7697048,1.86062,0.3512374,0.2959923,2.036278,0.4272554,0.03555,1.990384,0.4292379,-0.2136762,1.997589,0.5076109,0.3251259,1.958211,0.3379934,0.06180623,1.942628,0.3953913,-0.06035587,2.23622,0.4195257,0.7976283,1.969734
72057594038042242,0,1.014638,106258.6,0.4356565,0.3095484,2.028476,0.3720632,0.9672549,1.9928,0.3231329,0.7874823,1.972067,0.3893089,0.7186767,1.798466,0.4531572,0.6984236,1.616861,0.4751633,0.6922691,1.559641,0.4806764,0.7769163,1.902192,0.5257653,0.5696988,1.886917,0.3458583,0.729792,1.887607,0.3509753,0.7697048,1.86062,0.3512374,0.2959923,2.036278,0.4272554,0.03555,1.990384,0.4292379,-0.2136762,1.997589,0.5076109,0.3251259,1.958211,0.3379934,0.06180623,1.942628,0.3953913,-0.06035587,2.23622,0.4195257,0.7976283,1.969734
72057594038042242,0,1.01489,106258.6,0.436021,0.3095171,2.028372,0.3764106,0.9682736,1.986709,0.3231939,0.7873665,1.972082,0.3902515,0.7205645,1.798043,0.4536974,0.6977418,1.61659,0.475571,0.6907331,1.55942,0.4804823,0.7749974,1.901668,0.5279126,0.5737259,1.885933,0.3479493,0.7337556,1.886398,0.3542433,0.7772642,1.854884,0.351387,0.2959756,2.036263,0.4619052,0.01066211,1.984077,0.458553,-0.3240901,1.995297,0.5082279,0.3250836,1.958038,0.3430456,0.0605607,1.890712,0.3319759,-0.07256874,2.185454,0.4209729,0.7975509,1.968665
72057594038042242,0,1.01489,106258.6,0.436021,0.3095171,2.028372,0.3764106,0.9682736,1.986709,0.3231939,0.7873665,1.972082,0.3902515,0.7205645,1.798043,0.4536974,0.6977418,1.61659,0.475571,0.6907331,1.55942,0.4804823,0.7749974,1.901668,0.5279126,0.5737259,1.885933,0.3479493,0.7337556,1.886398,0.3542433,0.7772642,1.854884,0.351387,0.2959756,2.036263,0.4619052,0.01066211,1.984077,0.458553,-0.3240901,1.995297,0.5082279,0.3250836,1.958038,0.3430456,0.0605607,1.890712,0.3319759,-0.07256874,2.185454,0.4209729,0.7975509,1.968665
72057594038042242,0,1.01489,106258.6,0.436021,0.3095171,2.028372,0.3764106,0.9682736,1.986709,0.3231939,0.7873665,1.972082,0.3902515,0.7205645,1.798043,0.4536974,0.6977418,1.61659,0.475571,0.6907331,1.55942,0.4804823,0.7749974,1.901668,0.5279126,0.5737259,1.885933,0.3479493,0.7337556,1.886398,0.3542433,0.7772642,1.854884,0.351387,0.2959756,2.036263,0.4619052,0.01066211,1.984077,0.458553,-0.3240901,1.995297,0.5082279,0.3250836,1.958038,0.3430456,0.0605607,1.890712,0.3319759,-0.07256874,2.185454,0.4209729,0.7975509,1.968665
72057594038042242,0,1.01489,106258.6,0.436021,0.3095171,2.028372,0.3764106,0.9682736,1.986709,0.3231939,0.7873665,1.972082,0.3902515,0.7205645,1.798043,0.4536974,0.6977418,1.61659,0.475571,0.6907331,1.55942,0.4804823,0.7749974,1.901668,0.5279126,0.5737259,1.885933,0.3479493,0.7337556,1.886398,0.3542433,0.7772642,1.854884,0.351387,0.2959756,2.036263,0.4619052,0.01066211,1.984077,0.458553,-0.3240901,1.995297,0.5082279,0.3250836,1.958038,0.3430456,0.0605607,1.890712,0.3319759,-0.07256874,2.185454,0.4209729,0.7975509,1.968665
72057594038042242,0,1.01489,106258.6,0.436021,0.3095171,2.028372,0.3764106,0.9682736,1.986709,0.3231939,0.7873665,1.972082,0.3902515,0.7205645,1.798043,0.4536974,0.6977418,1.61659,0.475571,0.6907331,1.55942,0.4804823,0.7749974,1.901668,0.5279126,0.5737259,1.885933,0.3479493,0.7337556,1.886398,0.3542433,0.7772642,1.854884,0.351387,0.2959756,2.036263,0.4619052,0.01066211,1.984077,0.458553,-0.3240901,1.995297,0.5082279,0.3250836,1.958038,0.3430456,0.0605607,1.890712,0.3319759,-0.07256874,2.185454,0.4209729,0.7975509,1.968665
72057594038042242,0,1.01489,106258.6,0.436021,0.3095171,2.028372,0.3764106,0.9682736,1.986709,0.3231939,0.7873665,1.972082,0.3902515,0.7205645,1.798043,0.4536974,0.6977418,1.61659,0.475571,0.6907331,1.55942,0.4804823,0.7749974,1.901668,0.5279126,0.5737259,1.885933,0.3479493,0.7337556,1.886398,0.3542433,0.7772642,1.854884,0.351387,0.2959756,2.036263,0.4619052,0.01066211,1.984077,0.458553,-0.3240901,1.995297,0.5082279,0.3250836,1.958038,0.3430456,0.0605607,1.890712,0.3319759,-0.07256874,2.185454,0.4209729,0.7975509,1.968665
72057594038042242,0,1.01489,106258.6,0.436021,0.3095171,2.028372,0.3764106,0.9682736,1.986709,0.3231939,0.7873665,1.972082,0.3902515,0.7205645,1.798043,0.4536974,0.6977418,1.61659,0.475571,0.6907331,1.55942,0.4804823,0.7749974,1.901668,0.5279126,0.5737259,1.885933,0.3479493,0.7337556,1.886398,0.3542433,0.7772642,1.854884,0.351387,0.2959756,2.036263,0.4619052,0.01066211,1.984077,0.458553,-0.3240901,1.995297,0.5082279,0.3250836,1.958038,0.3430456,0.0605607,1.890712,0.3319759,-0.07256874,2.185454,0.4209729,0.7975509,1.968665
72057594038042242,0,1.01489,106258.6,0.436021,0.3095171,2.028372,0.3764106,0.9682736,1.986709,0.3231939,0.7873665,1.972082,0.3902515,0.7205645,1.798043,0.4536974,0.6977418,1.61659,0.475571,0.6907331,1.55942,0.4804823,0.7749974,1.901668,0.5279126,0.5737259,1.885933,0.3479493,0.7337556,1.886398,0.3542433,0.7772642,1.854884,0.351387,0.2959756,2.036263,0.4619052,0.01066211,1.984077,0.458553,-0.3240901,1.995297,0.5082279,0.3250836,1.958038,0.3430456,0.0605607,1.890712,0.3319759,-0.07256874,2.185454,0.4209729,0.7975509,1.968665
72057594038042242,0,1.01489,106258.6,0.436021,0.3095171,2.028372,0.3764106,0.9682736,1.986709,0.3231939,0.7873665,1.972082,0.3902515,0.7205645,1.798043,0.4536974,0.6977418,1.61659,0.475571,0.6907331,1.55942,0.4804823,0.7749974,1.901668,0.5279126,0.5737259,1.885933,0.3479493,0.7337556,1.886398,0.3542433,0.7772642,1.854884,0.351387,0.2959756,2.036263,0.4619052,0.01066211,1.984077,0.458553,-0.3240901,1.995297,0.5082279,0.3250836,1.958038,0.3430456,0.0605607,1.890712,0.3319759,-0.07256874,2.185454,0.4209729,0.7975509,1.968665
72057594038042242,0,1.01489,106258.6,0.436021,0.3095171,2.028372,0.3764106,0.9682736,1.986709,0.3231939,0.7873665,1.972082,0.3902515,0.7205645,1.798043,0.4536974,0.6977418,1.61659,0.475571,0.6907331,1.55942,0.4804823,0.7749974,1.901668,0.5279126,0.5737259,1.885933,0.3479493,0.7337556,1.886398,0.3542433,0.7772642,1.854884,0.351387,0.2959756,2.036263,0.4619052,0.01066211,1.984077,0.458553,-0.3240901,1.995297,0.5082279,0.3250836,1.958038,0.3430456,0.0605607,1.890712,0.3319759,-0.07256874,2.185454,0.4209729,0.7975509,1.968665
72057594038042242,0,1.01489,106258.6,0.436021,0.3095171,2.028372,0.3764106,0.9682736,1.986709,0.3231939,0.7873665,1.972082,0.3902515,0.7205645,1.798043,0.4536974,0.6977418,1.61659,0.475571,0.6907331,1.55942,0.4804823,0.7749974,1.901668,0.5279126,0.5737259,1.885933,0.3479493,0.7337556,1.886398,0.3542433,0.7772642,1.854884,0.351387,0.2959756,2.036263,0.4619052,0.01066211,1.984077,0.458553,-0.3240901,1.995297,0.5082279,0.3250836,1.958038,0.3430456,0.0605607,1.890712,0.3319759,-0.07256874,2.185454,0.4209729,0.7975509,1.968665
72057594038042242,0,1.01521,106258.6,0.43691,0.3097952,2.028258,0.37936,0.96927,1.981975,0.3232408,0.787362,1.972079,0.3908209,0.7248842,1.796613,0.4541976,0.6984934,1.615615,0.4760494,0.6903015,1.558596,0.4766854,0.7670885,1.899916,0.5281667,0.5751107,1.885376,0.3481868,0.7351345,1.885742,0.3577963,0.7768257,1.852943,0.3524659,0.2966746,2.037639,0.4433234,0.004088134,1.986339,0.4416833,-0.3303431,2.001182,0.50982,0.3251952,1.956252,0.3402257,0.06400722,1.883977,0.3155537,-0.09125605,2.167457,0.4228849,0.7982775,1.967158
72057594038042242,0,1.01521,106258.6,0.43691,0.3097952,2.028258,0.37936,0.96927,1.981975,0.3232408,0.787362,1.972079,0.3908209,0.7248842,1.796613,0.4541976,0.6984934,1.615615,0.4760494,0.6903015,1.558596,0.4766854,0.7670885,1.899916,0.5281667,0.5751107,1.885376,0.3481868,0.7351345,1.885742,0.3577963,0.7768257,1.852943,0.3524659,0.2966746,2.037639,0.4433234,0.004088134,1.986339,0.4416833,-0.3303431,2.001182,0.50982,0.3251952,1.956252,0.3402257,0.06400722,1.883977,0.3155537,-0.09125605,2.167457,0.4228849,0.7982775,1.967158
72057594038042242,0,1.01521,106258.6,0.43691,0.3097952,2.028258,0.37936,0.96927,1.981975,0.3232408,0.787362,1.972079,0.3908209,0.7248842,1.796613,0.4541976,0.6984934,1.615615,0.4760494,0.6903015,1.558596,0.4766854,0.7670885,1.899916,0.5281667,0.5751107,1.885376,0.3481868,0.7351345,1.885742,0.3577963,0.7768257,1.852943,0.3524659,0.2966746,2.037639,0.4433234,0.004088134,1.986339,0.4416833,-0.3303431,2.001182,0.50982,0.3251952,1.956252,0.3402257,0.06400722,1.883977,0.3155537,-0.09125605,2.167457,0.4228849,0.7982775,1.967158
72057594038042242,0,1.01521,106258.6,0.43691,0.3097952,2.028258,0.37936,0.96927,1.981975,0.3232408,0.787362,1.972079,0.3908209,0.7248842,1.796613,0.4541976,0.6984934,1.615615,0.4760494,0.6903015,1.558596,0.4766854,0.7670885,1.899916,0.5281667,0.5751107,1.885376,0.3481868,0.7351345,1.885742,0.3577963,0.7768257,1.852943,0.3524659,0.2966746,2.037639,0.4433234,0.004088134,1.986339,0.4416833,-0.3303431,2.001182,0.50982,0.3251952,1.956252,0.3402257,0.06400722,1.883977,0.3155537,-0.09125605,2.167457,0.4228849,0.7982775,1.967158
72057594038042242,0,1.01521,106258.6,0.43691,0.3097952,2.028258,0.37936,0.96927,1.981975,0.3232408,0.787362,1.972079,0.3908209,0.7248842,1.796613,0.4541976,0.6984934,1.615615,0.4760494,0.6903015,1.558596,0.4766854,0.7670885,1.899916,0.5281667,0.5751107,1.885376,0.3481868,0.7351345,1.885742,0.3577963,0.7768257,1.852943,0.3524659,0.2966746,2.037639,0.4433234,0.004088134,1.986339,0.4416833,-0.3303431,2.001182,0.50982,0.3251952,1.956252,0.3402257,0.06400722,1.883977,0.3155537,-0.09125605,2.167457,0.4228849,0.7982775,1.967158
72057594038042242,0,1.01521,106258.6,0.43691,0.3097952,2.028258,0.37936,0.96927,1.981975,0.3232408,0.787362,1.972079,0.3908209,0.7248842,1.796613,0.4541976,0.6984934,1.615615,0.4760494,0.6903015,1.558596,0.4766854,0.7670885,1.899916,0.5281667,0.5751107,1.885376,0.3481868,0.7351345,1.885742,0.3577963,0.7768257,1.852943,0.3524659,0.2966746,2.037639,0.4433234,0.004088134,1.986339,0.4416833,-0.3303431,2.001182,0.50982,0.3251952,1.956252,0.3402257,0.06400722,1.883977,0.3155537,-0.09125605,2.167457,0.4228849,0.7982775,1.967158
72057594038042242,0,1.01521,106258.6,0.43691,0.3097952,2.028258,0.37936,0.96927,1.981975,0.3232408,0.787362,1.972079,0.3908209,0.7248842,1.796613,0.4541976,0.6984934,1.615615,0.4760494,0.6903015,1.558596,0.4766854,0.7670885,1.899916,0.5281667,0.5751107,1.885376,0.3481868,0.7351345,1.885742,0.3577963,0.7768257,1.852943,0.3524659,0.2966746,2.037639,0.4433234,0.004088134,1.986339,0.4416833,-0.3303431,2.001182,0.50982,0.3251952,1.956252,0.3402257,0.06400722,1.883977,0.3155537,-0.09125605,2.167457,0.4228849,0.7982775,1.967158
72057594038042242,0,1.01521,106258.6,0.43691,0.3097952,2.028258,0.37936,0.96927,1.981975,0.3232408,0.787362,1.972079,0.3908209,0.7248842,1.796613,0.4541976,0.6984934,1.615615,0.4760494,0.6903015,1.558596,0.4766854,0.7670885,1.899916,0.5281667,0.5751107,1.885376,0.3481868,0.7351345,1.885742,0.3577963,0.7768257,1.852943,0.3524659,0.2966746,2.037639,0.4433234,0.004088134,1.986339,0.4416833,-0.3303431,2.001182,0.50982,0.3251952,1.956252,0.3402257,0.06400722,1.883977,0.3155537,-0.09125605,2.167457,0.4228849,0.7982775,1.967158
72057594038042242,0,1.01521,106258.6,0.43691,0.3097952,2.028258,0.37936,0.96927,1.981975,0.3232408,0.787362,1.972079,0.3908209,0.7248842,1.796613,0.4541976,0.6984934,1.615615,0.4760494,0.6903015,1.558596,0.4766854,0.7670885,1.899916,0.5281667,0.5751107,1.885376,0.3481868,0.7351345,1.885742,0.3577963,0.7768257,1.852943,0.3524659,0.2966746,2.037639,0.4433234,0.004088134,1.986339,0.4416833,-0.3303431,2.001182,0.50982,0.3251952,1.956252,0.3402257,0.06400722,1.883977,0.3155537,-0.09125605,2.167457,0.4228849,0.7982775,1.967158
72057594038042242,0,1.01521,106258.6,0.43691,0.3097952,2.028258,0.37936,0.96927,1.981975,0.3232408,0.787362,1.972079,0.3908209,0.7248842,1.796613,0.4541976,0.6984934,1.615615,0.4760494,0.6903015,1.558596,0.4766854,0.7670885,1.899916,0.5281667,0.5751107,1.885376,0.3481868,0.7351345,1.885742,0.3577963,0.7768257,1.852943,0.3524659,0.2966746,2.037639,0.4433234,0.004088134,1.986339,0.4416833,-0.3303431,2.001182,0.50982,0.3251952,1.956252,0.3402257,0.06400722,1.883977,0.3155537,-0.09125605,2.167457,0.4228849,0.7982775,1.967158
72057594038042242,0,1.015477,106258.6,0.4371872,0.3099139,2.027957,0.3828938,0.9718978,1.976319,0.3237902,0.7875234,1.97129,0.3917939,0.7278256,1.795011,0.4550236,0.6992888,1.614284,0.4768285,0.6903864,1.557353,0.4742673,0.7628917,1.89886,0.5367492,0.5854026,1.876657,0.3623099,0.7679192,1.877223,0.3422212,0.8093729,1.87322,0.3527075,0.2978236,2.039587,0.4411832,0.004511058,1.987087,0.4400716,-0.3299899,2.001071,0.5110132,0.3242348,1.951522,0.3294263,0.06844869,1.900114,0.3187608,-0.1032976,2.175048,0.4282358,0.8010226,1.959683
72057594038042242,0,1.015477,106258.6,0.4371872,0.3099139,2.027957,0.3828938,0.9718978,1.976319,0.3237902,0.7875234,1.97129,0.3917939,0.7278256,1.795011,0.4550236,0.6992888,1.614284,0.4768285,0.6903864,1.557353,0.4742673,0.7628917,1.89886,0.5367492,0.5854026,1.876657,0.3623099,0.7679192,1.877223,0.3422212,0.8093729,1.87322,0.3527075,0.2978236,2.039587,0.4411832,0.004511058,1.987087,0.4400716,-0.3299899,2.001071,0.5110132,0.3242348,1.951522,0.3294263,0.06844869,1.900114,0.3187608,-0.1032976,2.175048,0.4282358,0.8010226,1.959683
72057594038042242,0,1.015477,106258.6,0.4371872,0.3099139,2.027957,0.3828938,0.9718978,1.976319,0.3237902,0.7875234,1.97129,0.3917939,0.7278256,1.795011,0.4550236,0.6992888,1.614284,0.4768285,0.6903864,1.557353,0.4742673,0.7628917,1.89886,0.5367492,0.5854026,1.876657,0.3623099,0.7679192,1.877223,0.3422212,0.8093729,1.87322,0.3527075,0.2978236,2.039587,0.4411832,0.004511058,1.987087,0.4400716,-0.3299899,2.001071,0.5110132,0.3242348,1.951522,0.3294263,0.06844869,1.900114,0.3187608,-0.1032976,2.175048,0.4282358,0.8010226,1.959683
72057594038042242,0,1.015477,106258.6,0.4371872,0.3099139,2.027957,0.3828938,0.9718978,1.976319,0.3237902,0.7875234,1.97129,0.3917939,0.7278256,1.795011,0.4550236,0.6992888,1.614284,0.4768285,0.6903864,1.557353,0.4742673,0.7628917,1.89886,0.5367492,0.5854026,1.876657,0.3623099,0.7679192,1.877223,0.3422212,0.8093729,1.87322,0.3527075,0.2978236,2.039587,0.4411832,0.004511058,1.987087,0.4400716,-0.3299899,2.001071,0.5110132,0.3242348,1.951522,0.3294263,0.06844869,1.900114,0.3187608,-0.1032976,2.175048,0.4282358,0.8010226,1.959683
72057594038042242,0,1.015477,106258.6,0.4371872,0.3099139,2.027957,0.3828938,0.9718978,1.976319,0.3237902,0.7875234,1.97129,0.3917939,0.7278256,1.795011,0.4550236,0.6992888,1.614284,0.4768285,0.6903864,1.557353,0.4742673,0.7628917,1.89886,0.5367492,0.5854026,1.876657,0.3623099,0.7679192,1.877223,0.3422212,0.8093729,1.87322,0.3527075,0.2978236,2.039587,0.4411832,0.004511058,1.987087,0.4400716,-0.3299899,2.001071,0.5110132,0.3242348,1.951522,0.3294263,0.06844869,1.900114,0.3187608,-0.1032976,2.175048,0.4282358,0.8010226,1.959683
72057594038042242,0,1.015477,106258.6,0.4371872,0.3099139,2.027957,0.3828938,0.9718978,1.976319,0.3237902,0.7875234,1.97129,0.3917939,0.7278256,1.795011,0.4550236,0.6992888,1.614284,0.4768285,0.6903864,1.557353,0.4742673,0.7628917,1.89886,0.5367492,0.5854026,1.876657,0.3623099,0.7679192,1.877223,0.3422212,0.8093729,1.87322,0.3527075,0.2978236,2.039587,0.4411832,0.004511058,1.987087,0.4400716,-0.3299899,2.001071,0.5110132,0.3242348,1.951522,0.3294263,0.06844869,1.900114,0.3187608,-0.1032976,2.175048,0.4282358,0.8010226,1.959683
72057594038042242,0,1.015477,106258.6,0.4371872,0.3099139,2.027957,0.3828938,0.9718978,1.976319,0.3237902,0.7875234,1.97129,0.3917939,0.7278256,1.795011,0.4550236,0.6992888,1.614284,0.4768285,0.6903864,1.557353,0.4742673,0.7628917,1.89886,0.5367492,0.5854026,1.876657,0.3623099,0.7679192,1.877223,0.3422212,0.8093729,1.87322,0.3527075,0.2978236,2.039587,0.4411832,0.004511058,1.987087,0.4400716,-0.3299899,2.001071,0.5110132,0.3242348,1.951522,0.3294263,0.06844869,1.900114,0.3187608,-0.1032976,2.175048,0.4282358,0.8010226,1.959683
72057594038042242,0,1.015477,106258.7,0.4371872,0.3099139,2.027957,0.3828938,0.9718978,1.976319,0.3237902,0.7875234,1.97129,0.3917939,0.7278256,1.795011,0.4550236,0.6992888,1.614284,0.4768285,0.6903864,1.557353,0.4742673,0.7628917,1.89886,0.5367492,0.5854026,1.876657,0.3623099,0.7679192,1.877223,0.3422212,0.8093729,1.87322,0.3527075,0.2978236,2.039587,0.4411832,0.004511058,1.987087,0.4400716,-0.3299899,2.001071,0.5110132,0.3242348,1.951522,0.3294263,0.06844869,1.900114,0.3187608,-0.1032976,2.175048,0.4282358,0.8010226,1.959683
72057594038042242,0,1.015477,106258.7,0.4371872,0.3099139,2.027957,0.3828938,0.9718978,1.976319,0.3237902,0.7875234,1.97129,0.3917939,0.7278256,1.795011,0.4550236,0.6992888,1.614284,0.4768285,0.6903864,1.557353,0.4742673,0.7628917,1.89886,0.5367492,0.5854026,1.876657,0.3623099,0.7679192,1.877223,0.3422212,0.8093729,1.87322,0.3527075,0.2978236,2.039587,0.4411832,0.004511058,1.987087,0.4400716,-0.3299899,2.001071,0.5110132,0.3242348,1.951522,0.3294263,0.06844869,1.900114,0.3187608,-0.1032976,2.175048,0.4282358,0.8010226,1.959683
72057594038042242,0,1.015477,106258.7,0.4371872,0.3099139,2.027957,0.3828938,0.9718978,1.976319,0.3237902,0.7875234,1.97129,0.3917939,0.7278256,1.795011,0.4550236,0.6992888,1.614284,0.4768285,0.6903864,1.557353,0.4742673,0.7628917,1.89886,0.5367492,0.5854026,1.876657,0.3623099,0.7679192,1.877223,0.3422212,0.8093729,1.87322,0.3527075,0.2978236,2.039587,0.4411832,0.004511058,1.987087,0.4400716,-0.3299899,2.001071,0.5110132,0.3242348,1.951522,0.3294263,0.06844869,1.900114,0.3187608,-0.1032976,2.175048,0.4282358,0.8010226,1.959683
72057594038042242,0,1.015271,106258.7,0.4375633,0.3100882,2.028355,0.3864214,0.97314,1.970969,0.3238771,0.7874402,1.971131,0.3980885,0.7569964,1.790052,0.456796,0.7076516,1.612244,0.4771029,0.6918559,1.556277,0.4735382,0.7604743,1.898106,0.5422422,0.5269605,1.891526,0.3413778,0.6810131,1.889652,0.3847943,0.7014624,1.945759,0.3527375,0.2988364,2.041341,0.4399574,0.00513342,1.988413,0.4387981,-0.3294616,2.001233,0.5115395,0.3240181,1.951699,0.2973462,0.1060362,1.993633,0.5353138,-0.1001092,2.095836,0.4302202,0.8016241,1.956571
72057594038042242,0,1.015271,106258.7,0.4375633,0.3100882,2.028355,0.3864214,0.97314,1.970969,0.3238771,0.7874402,1.971131,0.3980885,0.7569964,1.790052,0.456796,0.7076516,1.612244,0.4771029,0.6918559,1.556277,0.4735382,0.7604743,1.898106,0.5422422,0.5269605,1.891526,0.3413778,0.6810131,1.889652,0.3847943,0.7014624,1.945759,0.3527375,0.2988364,2.041341,0.4399574,0.00513342,1.988413,0.4387981,-0.3294616,2.001233,0.5115395,0.3240181,1.951699,0.2973462,0.1060362,1.993633,0.5353138,-0.1001092,2.095836,0.4302202,0.8016241,1.956571
72057594038042242,0,1.015271,106258.7,0.4375633,0.3100882,2.028355,0.3864214,0.97314,1.970969,0.3238771,0.7874402,1.971131,0.3980885,0.7569964,1.790052,0.456796,0.7076516,1.612244,0.4771029,0.6918559,1.556277,0.4735382,0.7604743,1.898106,0.5422422,0.5269605,1.891526,0.3413778,0.6810131,1.889652,0.3847943,0.7014624,1.945759,0.3527375,0.2988364,2.041341,0.4399574,0.00513342,1.988413,0.4387981,-0.3294616,2.001233,0.5115395,0.3240181,1.951699,0.2973462,0.1060362,1.993633,0.5353138,-0.1001092,2.095836,0.4302202,0.8016241,1.956571
72057594038042242,0,1.015271,106258.7,0.4375633,0.3100882,2.028355,0.3864214,0.97314,1.970969,0.3238771,0.7874402,1.971131,0.3980885,0.7569964,1.790052,0.456796,0.7076516,1.612244,0.4771029,0.6918559,1.556277,0.4735382,0.7604743,1.898106,0.5422422,0.5269605,1.891526,0.3413778,0.6810131,1.889652,0.3847943,0.7014624,1.945759,0.3527375,0.2988364,2.041341,0.4399574,0.00513342,1.988413,0.4387981,-0.3294616,2.001233,0.5115395,0.3240181,1.951699,0.2973462,0.1060362,1.993633,0.5353138,-0.1001092,2.095836,0.4302202,0.8016241,1.956571
72057594038042242,0,1.015271,106258.7,0.4375633,0.3100882,2.028355,0.3864214,0.97314,1.970969,0.3238771,0.7874402,1.971131,0.3980885,0.7569964,1.790052,0.456796,0.7076516,1.612244,0.4771029,0.6918559,1.556277,0.4735382,0.7604743,1.898106,0.5422422,0.5269605,1.891526,0.3413778,0.6810131,1.889652,0.3847943,0.7014624,1.945759,0.3527375,0.2988364,2.041341,0.4399574,0.00513342,1.988413,0.4387981,-0.3294616,2.001233,0.5115395,0.3240181,1.951699,0.2973462,0.1060362,1.993633,0.5353138,-0.1001092,2.095836,0.4302202,0.8016241,1.956571
72057594038042242,0,1.015271,106258.7,0.4375633,0.3100882,2.028355,0.3864214,0.97314,1.970969,0.3238771,0.7874402,1.971131,0.3980885,0.7569964,1.790052,0.456796,0.7076516,1.612244,0.4771029,0.6918559,1.556277,0.4735382,0.7604743,1.898106,0.5422422,0.5269605,1.891526,0.3413778,0.6810131,1.889652,0.3847943,0.7014624,1.945759,0.3527375,0.2988364,2.041341,0.4399574,0.00513342,1.988413,0.4387981,-0.3294616,2.001233,0.5115395,0.3240181,1.951699,0.2973462,0.1060362,1.993633,0.5353138,-0.1001092,2.095836,0.4302202,0.8016241,1.956571
72057594038042242,0,1.015271,106258.7,0.4375633,0.3100882,2.028355,0.3864214,0.97314,1.970969,0.3238771,0.7874402,1.971131,0.3980885,0.7569964,1.790052,0.456796,0.7076516,1.612244,0.4771029,0.6918559,1.556277,0.4735382,0.7604743,1.898106,0.5422422,0.5269605,1.891526,0.3413778,0.6810131,1.889652,0.3847943,0.7014624,1.945759,0.3527375,0.2988364,2.041341,0.4399574,0.00513342,1.988413,0.4387981,-0.3294616,2.001233,0.5115395,0.3240181,1.951699,0.2973462,0.1060362,1.993633,0.5353138,-0.1001092,2.095836,0.4302202,0.8016241,1.956571
72057594038042242,0,1.015271,106258.7,0.4375633,0.3100882,2.028355,0.3864214,0.97314,1.970969,0.3238771,0.7874402,1.971131,0.3980885,0.7569964,1.790052,0.456796,0.7076516,1.612244,0.4771029,0.6918559,1.556277,0.4735382,0.7604743,1.898106,0.5422422,0.5269605,1.891526,0.3413778,0.6810131,1.889652,0.3847943,0.7014624,1.945759,0.3527375,0.2988364,2.041341,0.4399574,0.00513342,1.988413,0.4387981,-0.3294616,2.001233,0.5115395,0.3240181,1.951699,0.2973462,0.1060362,1.993633,0.5353138,-0.1001092,2.095836,0.4302202,0.8016241,1.956571
72057594038042242,0,1.015271,106258.7,0.4375633,0.3100882,2.028355,0.3864214,0.97314,1.970969,0.3238771,0.7874402,1.971131,0.3980885,0.7569964,1.790052,0.456796,0.7076516,1.612244,0.4771029,0.6918559,1.556277,0.4735382,0.7604743,1.898106,0.5422422,0.5269605,1.891526,0.3413778,0.6810131,1.889652,0.3847943,0.7014624,1.945759,0.3527375,0.2988364,2.041341,0.4399574,0.00513342,1.988413,0.4387981,-0.3294616,2.001233,0.5115395,0.3240181,1.951699,0.2973462,0.1060362,1.993633,0.5353138,-0.1001092,2.095836,0.4302202,0.8016241,1.956571
72057594038042242,0,1.015271,106258.7,0.4375633,0.3100882,2.028355,0.3864214,0.97314,1.970969,0.3238771,0.7874402,1.971131,0.3980885,0.7569964,1.790052,0.456796,0.7076516,1.612244,0.4771029,0.6918559,1.556277,0.4735382,0.7604743,1.898106,0.5422422,0.5269605,1.891526,0.3413778,0.6810131,1.889652,0.3847943,0.7014624,1.945759,0.3527375,0.2988364,2.041341,0.4399574,0.00513342,1.988413,0.4387981,-0.3294616,2.001233,0.5115395,0.3240181,1.951699,0.2973462,0.1060362,1.993633,0.5353138,-0.1001092,2.095836,0.4302202,0.8016241,1.956571
72057594038042242,0,1.012636,106258.7,0.4379718,0.3110565,2.031625,0.3868706,0.9735231,1.969083,0.3239134,0.7874323,1.971125,0.4032718,0.7610323,1.791789,0.4588217,0.709801,1.613453,0.4780834,0.6933817,1.557308,0.4723965,0.756529,1.897095,0.5423982,0.5320067,1.891211,0.3415327,0.6860338,1.889336,0.3876416,0.7081354,1.945357,0.3524306,0.302088,2.048436,0.4388777,0.008589834,1.988356,0.4379801,-0.3260767,2.000495,0.5119342,0.3237233,1.953302,0.3233137,0.07225993,1.91456,0.5735916,-0.1228423,2.008979,0.431865,0.8025776,1.954728
72057594038042242,0,1.012636,106258.7,0.4379718,0.3110565,2.031625,0.3868706,0.9735231,1.969083,0.3239134,0.7874323,1.971125,0.4032718,0.7610323,1.791789,0.4588217,0.709801,1.613453,0.4780834,0.6933817,1.557308,0.4723965,0.756529,1.897095,0.5423982,0.5320067,1.891211,0.3415327,0.6860338,1.889336,0.3876416,0.7081354,1.945357,0.3524306,0.302088,2.048436,0.4388777,0.008589834,1.988356,0.4379801,-0.3260767,2.000495,0.5119342,0.3237233,1.953302,0.3233137,0.07225993,1.91456,0.5735916,-0.1228423,2.008979,0.431865,0.8025776,1.954728
72057594038042242,0,1.012636,106258.7,0.4379718,0.3110565,2.031625,0.3868706,0.9735231,1.969083,0.3239134,0.7874323,1.971125,0.4032718,0.7610323,1.791789,0.4588217,0.709801,1.613453,0.4780834,0.6933817,1.557308,0.4723965,0.756529,1.897095,0.5423982,0.5320067,1.891211,0.3415327,0.6860338,1.889336,0.3876416,0.7081354,1.945357,0.3524306,0.302088,2.048436,0.4388777,0.008589834,1.988356,0.4379801,-0.3260767,2.000495,0.5119342,0.3237233,1.953302,0.3233137,0.07225993,1.91456,0.5735916,-0.1228423,2.008979,0.431865,0.8025776,1.954728
72057594038042242,0,1.012636,106258.7,0.4379718,0.3110565,2.031625,0.3868706,0.9735231,1.969083,0.3239134,0.7874323,1.971125,0.4032718,0.7610323,1.791789,0.4588217,0.709801,1.613453,0.4780834,0.6933817,1.557308,0.4723965,0.756529,1.897095,0.5423982,0.5320067,1.891211,0.3415327,0.6860338,1.889336,0.3876416,0.7081354,1.945357,0.3524306,0.302088,2.048436,0.4388777,0.008589834,1.988356,0.4379801,-0.3260767,2.000495,0.5119342,0.3237233,1.953302,0.3233137,0.07225993,1.91456,0.5735916,-0.1228423,2.008979,0.431865,0.8025776,1.954728
72057594038042242,0,1.012636,106258.7,0.4379718,0.3110565,2.031625,0.3868706,0.9735231,1.969083,0.3239134,0.7874323,1.971125,0.4032718,0.7610323,1.791789,0.4588217,0.709801,1.613453,0.4780834,0.6933817,1.557308,0.4723965,0.756529,1.897095,0.5423982,0.5320067,1.891211,0.3415327,0.6860338,1.889336,0.3876416,0.7081354,1.945357,0.3524306,0.302088,2.048436,0.4388777,0.008589834,1.988356,0.4379801,-0.3260767,2.000495,0.5119342,0.3237233,1.953302,0.3233137,0.07225993,1.91456,0.5735916,-0.1228423,2.008979,0.431865,0.8025776,1.954728
72057594038042242,0,1.012636,106258.7,0.4379718,0.3110565,2.031625,0.3868706,0.9735231,1.969083,0.3239134,0.7874323,1.971125,0.4032718,0.7610323,1.791789,0.4588217,0.709801,1.613453,0.4780834,0.6933817,1.557308,0.4723965,0.756529,1.897095,0.5423982,0.5320067,1.891211,0.3415327,0.6860338,1.889336,0.3876416,0.7081354,1.945357,0.3524306,0.302088,2.048436,0.4388777,0.008589834,1.988356,0.4379801,-0.3260767,2.000495,0.5119342,0.3237233,1.953302,0.3233137,0.07225993,1.91456,0.5735916,-0.1228423,2.008979,0.431865,0.8025776,1.954728
72057594038042242,0,1.012636,106258.7,0.4379718,0.3110565,2.031625,0.3868706,0.9735231,1.969083,0.3239134,0.7874323,1.971125,0.4032718,0.7610323,1.791789,0.4588217,0.709801,1.613453,0.4780834,0.6933817,1.557308,0.4723965,0.756529,1.897095,0.5423982,0.5320067,1.891211,0.3415327,0.6860338,1.889336,0.3876416,0.7081354,1.945357,0.3524306,0.302088,2.048436,0.4388777,0.008589834,1.988356,0.4379801,-0.3260767,2.000495,0.5119342,0.3237233,1.953302,0.3233137,0.07225993,1.91456,0.5735916,-0.1228423,2.008979,0.431865,0.8025776,1.954728
72057594038042242,0,1.012636,106258.7,0.4379718,0.3110565,2.031625,0.3868706,0.9735231,1.969083,0.3239134,0.7874323,1.971125,0.4032718,0.7610323,1.791789,0.4588217,0.709801,1.613453,0.4780834,0.6933817,1.557308,0.4723965,0.756529,1.897095,0.5423982,0.5320067,1.891211,0.3415327,0.6860338,1.889336,0.3876416,0.7081354,1.945357,0.3524306,0.302088,2.048436,0.4388777,0.008589834,1.988356,0.4379801,-0.3260767,2.000495,0.5119342,0.3237233,1.953302,0.3233137,0.07225993,1.91456,0.5735916,-0.1228423,2.008979,0.431865,0.8025776,1.954728
72057594038042242,0,1.012636,106258.7,0.4379718,0.3110565,2.031625,0.3868706,0.9735231,1.969083,0.3239134,0.7874323,1.971125,0.4032718,0.7610323,1.791789,0.4588217,0.709801,1.613453,0.4780834,0.6933817,1.557308,0.4723965,0.756529,1.897095,0.5423982,0.5320067,1.891211,0.3415327,0.6860338,1.889336,0.3876416,0.7081354,1.945357,0.3524306,0.302088,2.048436,0.4388777,0.008589834,1.988356,0.4379801,-0.3260767,2.000495,0.5119342,0.3237233,1.953302,0.3233137,0.07225993,1.91456,0.5735916,-0.1228423,2.008979,0.431865,0.8025776,1.954728
72057594038042242,0,1.012636,106258.7,0.4379718,0.3110565,2.031625,0.3868706,0.9735231,1.969083,0.3239134,0.7874323,1.971125,0.4032718,0.7610323,1.791789,0.4588217,0.709801,1.613453,0.4780834,0.6933817,1.557308,0.4723965,0.756529,1.897095,0.5423982,0.5320067,1.891211,0.3415327,0.6860338,1.889336,0.3876416,0.7081354,1.945357,0.3524306,0.302088,2.048436,0.4388777,0.008589834,1.988356,0.4379801,-0.3260767,2.000495,0.5119342,0.3237233,1.953302,0.3233137,0.07225993,1.91456,0.5735916,-0.1228423,2.008979,0.431865,0.8025776,1.954728
72057594038042242,0,1.012636,106258.7,0.4379718,0.3110565,2.031625,0.3868706,0.9735231,1.969083,0.3239134,0.7874323,1.971125,0.4032718,0.7610323,1.791789,0.4588217,0.709801,1.613453,0.4780834,0.6933817,1.557308,0.4723965,0.756529,1.897095,0.5423982,0.5320067,1.891211,0.3415327,0.6860338,1.889336,0.3876416,0.7081354,1.945357,0.3524306,0.302088,2.048436,0.4388777,0.008589834,1.988356,0.4379801,-0.3260767,2.000495,0.5119342,0.3237233,1.953302,0.3233137,0.07225993,1.91456,0.5735916,-0.1228423,2.008979,0.431865,0.8025776,1.954728
72057594038042242,0,1.012153,106258.7,0.4382003,0.3112485,2.032314,0.3920965,0.9754414,1.959305,0.3239149,0.78743,1.971126,0.4073549,0.7627038,1.79357,0.4610078,0.7113776,1.614652,0.4796428,0.6949289,1.558311,0.4724952,0.7536997,1.89685,0.541643,0.5382197,1.889929,0.3407782,0.6922157,1.888051,0.3914892,0.7103518,1.956679,0.3522839,0.302968,2.049823,0.436677,0.008710921,1.991126,0.4361403,-0.3260562,2.00182,0.5123369,0.3233222,1.953671,0.3205268,0.07430947,1.910253,0.5708253,-0.1208069,2.004669,0.4331719,0.8036017,1.95273
72057594038042242,0,1.012153,106258.7,0.4382003,0.3112485,2.032314,0.3920965,0.9754414,1.959305,0.3239149,0.78743,1.971126,0.4073549,0.7627038,1.79357,0.4610078,0.7113776,1.614652,0.4796428,0.6949289,1.558311,0.4724952,0.7536997,1.89685,0.541643,0.5382197,1.889929,0.3407782,0.6922157,1.888051,0.3914892,0.7103518,1.956679,0.3522839,0.302968,2.049823,0.436677,0.008710921,1.991126,0.4361403,-0.3260562,2.00182,0.5123369,0.3233222,1.953671,0.3205268,0.07430947,1.910253,0.5708253,-0.1208069,2.004669,0.4331719,0.8036017,1.95273
72057594038042242,0,1.012153,106258.7,0.4382003,0.3112485,2.032314,0.3920965,0.9754414,1.959305,0.3239149,0.78743,1.971126,0.4073549,0.7627038,1.79357,0.4610078,0.7113776,1.614652,0.4796428,0.6949289,1.558311,0.4724952,0.7536997,1.89685,0.541643,0.5382197,1.889929,0.3407782,0.6922157,1.888051,0.3914892,0.7103518,1.956679,0.3522839,0.302968,2.049823,0.436677,0.008710921,1.991126,0.4361403,-0.3260562,2.00182,0.5123369,0.3233222,1.953671,0.3205268,0.07430947,1.910253,0.5708253,-0.1208069,2.004669,0.4331719,0.8036017,1.95273
72057594038042242,0,1.012153,106258.7,0.4382003,0.3112485,2.032314,0.3920965,0.9754414,1.959305,0.3239149,0.78743,1.971126,0.4073549,0.7627038,1.79357,0.4610078,0.7113776,1.614652,0.4796428,0.6949289,1.558311,0.4724952,0.7536997,1.89685,0.541643,0.5382197,1.889929,0.3407782,0.6922157,1.888051,0.3914892,0.7103518,1.956679,0.3522839,0.302968,2.049823,0.436677,0.008710921,1.991126,0.4361403,-0.3260562,2.00182,0.5123369,0.3233222,1.953671,0.3205268,0.07430947,1.910253,0.5708253,-0.1208069,2.004669,0.4331719,0.8036017,1.95273
72057594038042242,0,1.012153,106258.8,0.4382003,0.3112485,2.032314,0.3920965,0.9754414,1.959305,0.3239149,0.78743,1.971126,0.4073549,0.7627038,1.79357,0.4610078,0.7113776,1.614652,0.4796428,0.6949289,1.558311,0.4724952,0.7536997,1.89685,0.541643,0.5382197,1.889929,0.3407782,0.6922157,1.888051,0.3914892,0.7103518,1.956679,0.3522839,0.302968,2.049823,0.436677,0.008710921,1.991126,0.4361403,-0.3260562,2.00182,0.5123369,0.3233222,1.953671,0.3205268,0.07430947,1.910253,0.5708253,-0.1208069,2.004669,0.4331719,0.8036017,1.95273
72057594038042242,0,1.012153,106258.8,0.4382003,0.3112485,2.032314,0.3920965,0.9754414,1.959305,0.3239149,0.78743,1.971126,0.4073549,0.7627038,1.79357,0.4610078,0.7113776,1.614652,0.4796428,0.6949289,1.558311,0.4724952,0.7536997,1.89685,0.541643,0.5382197,1.889929,0.3407782,0.6922157,1.888051,0.3914892,0.7103518,1.956679,0.3522839,0.302968,2.049823,0.436677,0.008710921,1.991126,0.4361403,-0.3260562,2.00182,0.5123369,0.3233222,1.953671,0.3205268,0.07430947,1.910253,0.5708253,-0.1208069,2.004669,0.4331719,0.8036017,1.95273
72057594038042242,0,1.012153,106258.8,0.4382003,0.3112485,2.032314,0.3920965,0.9754414,1.959305,0.3239149,0.78743,1.971126,0.4073549,0.7627038,1.79357,0.4610078,0.7113776,1.614652,0.4796428,0.6949289,1.558311,0.4724952,0.7536997,1.89685,0.541643,0.5382197,1.889929,0.3407782,0.6922157,1.888051,0.3914892,0.7103518,1.956679,0.3522839,0.302968,2.049823,0.436677,0.008710921,1.991126,0.4361403,-0.3260562,2.00182,0.5123369,0.3233222,1.953671,0.3205268,0.07430947,1.910253,0.5708253,-0.1208069,2.004669,0.4331719,0.8036017,1.95273
72057594038042242,0,1.012153,106258.8,0.4382003,0.3112485,2.032314,0.3920965,0.9754414,1.959305,0.3239149,0.78743,1.971126,0.4073549,0.7627038,1.79357,0.4610078,0.7113776,1.614652,0.4796428,0.6949289,1.558311,0.4724952,0.7536997,1.89685,0.541643,0.5382197,1.889929,0.3407782,0.6922157,1.888051,0.3914892,0.7103518,1.956679,0.3522839,0.302968,2.049823,0.436677,0.008710921,1.991126,0.4361403,-0.3260562,2.00182,0.5123369,0.3233222,1.953671,0.3205268,0.07430947,1.910253,0.5708253,-0.1208069,2.004669,0.4331719,0.8036017,1.95273
72057594038042242,0,1.012153,106258.8,0.4382003,0.3112485,2.032314,0.3920965,0.9754414,1.959305,0.3239149,0.78743,1.971126,0.4073549,0.7627038,1.79357,0.4610078,0.7113776,1.614652,0.4796428,0.6949289,1.558311,0.4724952,0.7536997,1.89685,0.541643,0.5382197,1.889929,0.3407782,0.6922157,1.888051,0.3914892,0.7103518,1.956679,0.3522839,0.302968,2.049823,0.436677,0.008710921,1.991126,0.4361403,-0.3260562,2.00182,0.5123369,0.3233222,1.953671,0.3205268,0.07430947,1.910253,0.5708253,-0.1208069,2.004669,0.4331719,0.8036017,1.95273
72057594038042242,0,1.012153,106258.8,0.4382003,0.3112485,2.032314,0.3920965,0.9754414,1.959305,0.3239149,0.78743,1.971126,0.4073549,0.7627038,1.79357,0.4610078,0.7113776,1.614652,0.4796428,0.6949289,1.558311,0.4724952,0.7536997,1.89685,0.541643,0.5382197,1.889929,0.3407782,0.6922157,1.888051,0.3914892,0.7103518,1.956679,0.3522839,0.302968,2.049823,0.436677,0.008710921,1.991126,0.4361403,-0.3260562,2.00182,0.5123369,0.3233222,1.953671,0.3205268,0.07430947,1.910253,0.5708253,-0.1208069,2.004669,0.4331719,0.8036017,1.95273
72057594038042242,0,1.011198,106258.8,0.43772,0.3121466,2.032652,0.396572,0.9743872,1.952835,0.3242911,0.7870432,1.971288,0.4301793,0.7640104,1.806991,0.4819509,0.7175971,1.626179,0.4999914,0.7027845,1.569201,0.4722017,0.7548296,1.896372,0.5343449,0.5508093,1.884887,0.3335006,0.7047427,1.882992,0.3779362,0.7657096,1.904882,0.3518959,0.3037435,2.049443,0.4363731,0.009439468,1.9915,0.4358289,-0.3253892,2.001359,0.511481,0.3242272,1.95492,0.3244765,0.07180232,1.910435,0.5747479,-0.1232966,2.00485,0.4359522,0.8035008,1.950894
72057594038042242,0,1.011198,106258.8,0.43772,0.3121466,2.032652,0.396572,0.9743872,1.952835,0.3242911,0.7870432,1.971288,0.4301793,0.7640104,1.806991,0.4819509,0.7175971,1.626179,0.4999914,0.7027845,1.569201,0.4722017,0.7548296,1.896372,0.5343449,0.5508093,1.884887,0.3335006,0.7047427,1.882992,0.3779362,0.7657096,1.904882,0.3518959,0.3037435,2.049443,0.4363731,0.009439468,1.9915,0.4358289,-0.3253892,2.001359,0.511481,0.3242272,1.95492,0.3244765,0.07180232,1.910435,0.5747479,-0.1232966,2.00485,0.4359522,0.8035008,1.950894
72057594038042242,0,1.011198,106258.8,0.43772,0.3121466,2.032652,0.396572,0.9743872,1.952835,0.3242911,0.7870432,1.971288,0.4301793,0.7640104,1.806991,0.4819509,0.7175971,1.626179,0.4999914,0.7027845,1.569201,0.4722017,0.7548296,1.896372,0.5343449,0.5508093,1.884887,0.3335006,0.7047427,1.882992,0.3779362,0.7657096,1.904882,0.3518959,0.3037435,2.049443,0.4363731,0.009439468,1.9915,0.4358289,-0.3253892,2.001359,0.511481,0.3242272,1.95492,0.3244765,0.07180232,1.910435,0.5747479,-0.1232966,2.00485,0.4359522,0.8035008,1.950894
72057594038042242,0,1.011198,106258.8,0.43772,0.3121466,2.032652,0.396572,0.9743872,1.952835,0.3242911,0.7870432,1.971288,0.4301793,0.7640104,1.806991,0.4819509,0.7175971,1.626179,0.4999914,0.7027845,1.569201,0.4722017,0.7548296,1.896372,0.5343449,0.5508093,1.884887,0.3335006,0.7047427,1.882992,0.3779362,0.7657096,1.904882,0.3518959,0.3037435,2.049443,0.4363731,0.009439468,1.9915,0.4358289,-0.3253892,2.001359,0.511481,0.3242272,1.95492,0.3244765,0.07180232,1.910435,0.5747479,-0.1232966,2.00485,0.4359522,0.8035008,1.950894
72057594038042242,0,1.011198,106258.8,0.43772,0.3121466,2.032652,0.396572,0.9743872,1.952835,0.3242911,0.7870432,1.971288,0.4301793,0.7640104,1.806991,0.4819509,0.7175971,1.626179,0.4999914,0.7027845,1.569201,0.4722017,0.7548296,1.896372,0.5343449,0.5508093,1.884887,0.3335006,0.7047427,1.882992,0.3779362,0.7657096,1.904882,0.3518959,0.3037435,2.049443,0.4363731,0.009439468,1.9915,0.4358289,-0.3253892,2.001359,0.511481,0.3242272,1.95492,0.3244765,0.07180232,1.910435,0.5747479,-0.1232966,2.00485,0.4359522,0.8035008,1.950894
72057594038042242,0,1.011198,106258.8,0.43772,0.3121466,2.032652,0.396572,0.9743872,1.952835,0.3242911,0.7870432,1.971288,0.4301793,0.7640104,1.806991,0.4819509,0.7175971,1.626179,0.4999914,0.7027845,1.569201,0.4722017,0.7548296,1.896372,0.5343449,0.5508093,1.884887,0.3335006,0.7047427,1.882992,0.3779362,0.7657096,1.904882,0.3518959,0.3037435,2.049443,0.4363731,0.009439468,1.9915,0.4358289,-0.3253892,2.001359,0.511481,0.3242272,1.95492,0.3244765,0.07180232,1.910435,0.5747479,-0.1232966,2.00485,0.4359522,0.8035008,1.950894
72057594038042242,0,1.011198,106258.8,0.43772,0.3121466,2.032652,0.396572,0.9743872,1.952835,0.3242911,0.7870432,1.971288,0.4301793,0.7640104,1.806991,0.4819509,0.7175971,1.626179,0.4999914,0.7027845,1.569201,0.4722017,0.7548296,1.896372,0.5343449,0.5508093,1.884887,0.3335006,0.7047427,1.882992,0.3779362,0.7657096,1.904882,0.3518959,0.3037435,2.049443,0.4363731,0.009439468,1.9915,0.4358289,-0.3253892,2.001359,0.511481,0.3242272,1.95492,0.3244765,0.07180232,1.910435,0.5747479,-0.1232966,2.00485,0.4359522,0.8035008,1.950894
72057594038042242,0,1.011198,106258.8,0.43772,0.3121466,2.032652,0.396572,0.9743872,1.952835,0.3242911,0.7870432,1.971288,0.4301793,0.7640104,1.806991,0.4819509,0.7175971,1.626179,0.4999914,0.7027845,1.569201,0.4722017,0.7548296,1.896372,0.5343449,0.5508093,1.884887,0.3335006,0.7047427,1.882992,0.3779362,0.7657096,1.904882,0.3518959,0.3037435,2.049443,0.4363731,0.009439468,1.9915,0.4358289,-0.3253892,2.001359,0.511481,0.3242272,1.95492,0.3244765,0.07180232,1.910435,0.5747479,-0.1232966,2.00485,0.4359522,0.8035008,1.950894
72057594038042242,0,1.011198,106258.8,0.43772,0.3121466,2.032652,0.396572,0.9743872,1.952835,0.3242911,0.7870432,1.971288,0.4301793,0.7640104,1.806991,0.4819509,0.7175971,1.626179,0.4999914,0.7027845,1.569201,0.4722017,0.7548296,1.896372,0.5343449,0.5508093,1.884887,0.3335006,0.7047427,1.882992,0.3779362,0.7657096,1.904882,0.3518959,0.3037435,2.049443,0.4363731,0.009439468,1.9915,0.4358289,-0.3253892,2.001359,0.511481,0.3242272,1.95492,0.3244765,0.07180232,1.910435,0.5747479,-0.1232966,2.00485,0.4359522,0.8035008,1.950894
72057594038042242,0,1.011198,106258.8,0.43772,0.3121466,2.032652,0.396572,0.9743872,1.952835,0.3242911,0.7870432,1.971288,0.4301793,0.7640104,1.806991,0.4819509,0.7175971,1.626179,0.4999914,0.7027845,1.569201,0.4722017,0.7548296,1.896372,0.5343449,0.5508093,1.884887,0.3335006,0.7047427,1.882992,0.3779362,0.7657096,1.904882,0.3518959,0.3037435,2.049443,0.4363731,0.009439468,1.9915,0.4358289,-0.3253892,2.001359,0.511481,0.3242272,1.95492,0.3244765,0.07180232,1.910435,0.5747479,-0.1232966,2.00485,0.4359522,0.8035008,1.950894
72057594038042242,0,1.010672,106258.8,0.4356695,0.31087,2.033117,0.3991005,0.971669,1.951674,0.3251897,0.786745,1.970848,0.4318224,0.7646461,1.806955,0.4835688,0.7180688,1.626181,0.5016035,0.7032025,1.569214,0.4785905,0.7331721,1.898469,0.5382934,0.5547084,1.88375,0.3400589,0.7119414,1.881645,0.3868882,0.7528586,1.926814,0.349605,0.3040818,2.050168,0.4361083,0.01035637,1.992642,0.4358514,-0.3245624,2.001162,0.5086075,0.3192732,1.954902,0.3246698,0.0647999,1.910982,0.5749376,-0.1302536,2.005398,0.4432421,0.8030425,1.944647
72057594038042242,0,1.010672,106258.8,0.4356695,0.31087,2.033117,0.3991005,0.971669,1.951674,0.3251897,0.786745,1.970848,0.4318224,0.7646461,1.806955,0.4835688,0.7180688,1.626181,0.5016035,0.7032025,1.569214,0.4785905,0.7331721,1.898469,0.5382934,0.5547084,1.88375,0.3400589,0.7119414,1.881645,0.3868882,0.7528586,1.926814,0.349605,0.3040818,2.050168,0.4361083,0.01035637,1.992642,0.4358514,-0.3245624,2.001162,0.5086075,0.3192732,1.954902,0.3246698,0.0647999,1.910982,0.5749376,-0.1302536,2.005398,0.4432421,0.8030425,1.944647
72057594038042242,0,1.010672,106258.8,0.4356695,0.31087,2.033117,0.3991005,0.971669,1.951674,0.3251897,0.786745,1.970848,0.4318224,0.7646461,1.806955,0.4835688,0.7180688,1.626181,0.5016035,0.7032025,1.569214,0.4785905,0.7331721,1.898469,0.5382934,0.5547084,1.88375,0.3400589,0.7119414,1.881645,0.3868882,0.7528586,1.926814,0.349605,0.3040818,2.050168,0.4361083,0.01035637,1.992642,0.4358514,-0.3245624,2.001162,0.5086075,0.3192732,1.954902,0.3246698,0.0647999,1.910982,0.5749376,-0.1302536,2.005398,0.4432421,0.8030425,1.944647
72057594038042242,0,1.010672,106258.8,0.4356695,0.31087,2.033117,0.3991005,0.971669,1.951674,0.3251897,0.786745,1.970848,0.4318224,0.7646461,1.806955,0.4835688,0.7180688,1.626181,0.5016035,0.7032025,1.569214,0.4785905,0.7331721,1.898469,0.5382934,0.5547084,1.88375,0.3400589,0.7119414,1.881645,0.3868882,0.7528586,1.926814,0.349605,0.3040818,2.050168,0.4361083,0.01035637,1.992642,0.4358514,-0.3245624,2.001162,0.5086075,0.3192732,1.954902,0.3246698,0.0647999,1.910982,0.5749376,-0.1302536,2.005398,0.4432421,0.8030425,1.944647
72057594038042242,0,1.010672,106258.8,0.4356695,0.31087,2.033117,0.3991005,0.971669,1.951674,0.3251897,0.786745,1.970848,0.4318224,0.7646461,1.806955,0.4835688,0.7180688,1.626181,0.5016035,0.7032025,1.569214,0.4785905,0.7331721,1.898469,0.5382934,0.5547084,1.88375,0.3400589,0.7119414,1.881645,0.3868882,0.7528586,1.926814,0.349605,0.3040818,2.050168,0.4361083,0.01035637,1.992642,0.4358514,-0.3245624,2.001162,0.5086075,0.3192732,1.954902,0.3246698,0.0647999,1.910982,0.5749376,-0.1302536,2.005398,0.4432421,0.8030425,1.944647
72057594038042242,0,1.010672,106258.8,0.4356695,0.31087,2.033117,0.3991005,0.971669,1.951674,0.3251897,0.786745,1.970848,0.4318224,0.7646461,1.806955,0.4835688,0.7180688,1.626181,0.5016035,0.7032025,1.569214,0.4785905,0.7331721,1.898469,0.5382934,0.5547084,1.88375,0.3400589,0.7119414,1.881645,0.3868882,0.7528586,1.926814,0.349605,0.3040818,2.050168,0.4361083,0.01035637,1.992642,0.4358514,-0.3245624,2.001162,0.5086075,0.3192732,1.954902,0.3246698,0.0647999,1.910982,0.5749376,-0.1302536,2.005398,0.4432421,0.8030425,1.944647
72057594038042242,0,1.010672,106258.8,0.4356695,0.31087,2.033117,0.3991005,0.971669,1.951674,0.3251897,0.786745,1.970848,0.4318224,0.7646461,1.806955,0.4835688,0.7180688,1.626181,0.5016035,0.7032025,1.569214,0.4785905,0.7331721,1.898469,0.5382934,0.5547084,1.88375,0.3400589,0.7119414,1.881645,0.3868882,0.7528586,1.926814,0.349605,0.3040818,2.050168,0.4361083,0.01035637,1.992642,0.4358514,-0.3245624,2.001162,0.5086075,0.3192732,1.954902,0.3246698,0.0647999,1.910982,0.5749376,-0.1302536,2.005398,0.4432421,0.8030425,1.944647
72057594038042242,0,1.010672,106258.8,0.4356695,0.31087,2.033117,0.3991005,0.971669,1.951674,0.3251897,0.786745,1.970848,0.4318224,0.7646461,1.806955,0.4835688,0.7180688,1.626181,0.5016035,0.7032025,1.569214,0.4785905,0.7331721,1.898469,0.5382934,0.5547084,1.88375,0.3400589,0.7119414,1.881645,0.3868882,0.7528586,1.926814,0.349605,0.3040818,2.050168,0.4361083,0.01035637,1.992642,0.4358514,-0.3245624,2.001162,0.5086075,0.3192732,1.954902,0.3246698,0.0647999,1.910982,0.5749376,-0.1302536,2.005398,0.4432421,0.8030425,1.944647
72057594038042242,0,1.010672,106258.8,0.4356695,0.31087,2.033117,0.3991005,0.971669,1.951674,0.3251897,0.786745,1.970848,0.4318224,0.7646461,1.806955,0.4835688,0.7180688,1.626181,0.5016035,0.7032025,1.569214,0.4785905,0.7331721,1.898469,0.5382934,0.5547084,1.88375,0.3400589,0.7119414,1.881645,0.3868882,0.7528586,1.926814,0.349605,0.3040818,2.050168,0.4361083,0.01035637,1.992642,0.4358514,-0.3245624,2.001162,0.5086075,0.3192732,1.954902,0.3246698,0.0647999,1.910982,0.5749376,-0.1302536,2.005398,0.4432421,0.8030425,1.944647
72057594038042242,0,1.010672,106258.8,0.4356695,0.31087,2.033117,0.3991005,0.971669,1.951674,0.3251897,0.786745,1.970848,0.4318224,0.7646461,1.806955,0.4835688,0.7180688,1.626181,0.5016035,0.7032025,1.569214,0.4785905,0.7331721,1.898469,0.5382934,0.5547084,1.88375,0.3400589,0.7119414,1.881645,0.3868882,0.7528586,1.926814,0.349605,0.3040818,2.050168,0.4361083,0.01035637,1.992642,0.4358514,-0.3245624,2.001162,0.5086075,0.3192732,1.954902,0.3246698,0.0647999,1.910982,0.5749376,-0.1302536,2.005398,0.4432421,0.8030425,1.944647
72057594038042242,0,1.011418,106258.8,0.4348297,0.3077607,2.034031,0.4057803,0.9663613,1.949781,0.3260742,0.785533,1.970816,0.4342581,0.7661669,1.807704,0.4864503,0.7192637,1.627155,0.5046372,0.7042906,1.570262,0.4823542,0.7083895,1.900565,0.5509485,0.5336427,1.880923,0.3605919,0.7003226,1.878986,0.4006845,0.7287793,1.94251,0.3488909,0.3036371,2.050136,0.4353437,0.009780824,1.994306,0.4342375,-0.3251653,2.002391,0.5084556,0.3108046,1.957697,0.3120612,0.06606501,1.90476,0.5624154,-0.1290008,1.999174,0.4502107,0.7982379,1.940933
72057594038042242,0,1.011418,106258.8,0.4348297,0.3077607,2.034031,0.4057803,0.9663613,1.949781,0.3260742,0.785533,1.970816,0.4342581,0.7661669,1.807704,0.4864503,0.7192637,1.627155,0.5046372,0.7042906,1.570262,0.4823542,0.7083895,1.900565,0.5509485,0.5336427,1.880923,0.3605919,0.7003226,1.878986,0.4006845,0.7287793,1.94251,0.3488909,0.3036371,2.050136,0.4353437,0.009780824,1.994306,0.4342375,-0.3251653,2.002391,0.5084556,0.3108046,1.957697,0.3120612,0.06606501,1.90476,0.5624154,-0.1290008,1.999174,0.4502107,0.7982379,1.940933
72057594038042242,0,1.011418,106258.8,0.4348297,0.3077607,2.034031,0.4057803,0.9663613,1.949781,0.3260742,0.785533,1.970816,0.4342581,0.7661669,1.807704,0.4864503,0.7192637,1.627155,0.5046372,0.7042906,1.570262,0.4823542,0.7083895,1.900565,0.5509485,0.5336427,1.880923,0.3605919,0.7003226,1.878986,0.4006845,0.7287793,1.94251,0.3488909,0.3036371,2.050136,0.4353437,0.009780824,1.994306,0.4342375,-0.3251653,2.002391,0.5084556,0.3108046,1.957697,0.3120612,0.06606501,1.90476,0.5624154,-0.1290008,1.999174,0.4502107,0.7982379,1.940933
72057594038042242,0,1.011418,106258.8,0.4348297,0.3077607,2.034031,0.4057803,0.9663613,1.949781,0.3260742,0.785533,1.970816,0.4342581,0.7661669,1.807704,0.4864503,0.7192637,1.627155,0.5046372,0.7042906,1.570262,0.4823542,0.7083895,1.900565,0.5509485,0.5336427,1.880923,0.3605919,0.7003226,1.878986,0.4006845,0.7287793,1.94251,0.3488909,0.3036371,2.050136,0.4353437,0.009780824,1.994306,0.4342375,-0.3251653,2.002391,0.5084556,0.3108046,1.957697,0.3120612,0.06606501,1.90476,0.5624154,-0.1290008,1.999174,0.4502107,0.7982379,1.940933
72057594038042242,0,1.011418,106258.8,0.4348297,0.3077607,2.034031,0.4057803,0.9663613,1.949781,0.3260742,0.785533,1.970816,0.4342581,0.7661669,1.807704,0.4864503,0.7192637,1.627155,0.5046372,0.7042906,1.570262,0.4823542,0.7083895,1.900565,0.5509485,0.5336427,1.880923,0.3605919,0.7003226,1.878986,0.4006845,0.7287793,1.94251,0.3488909,0.3036371,2.050136,0.4353437,0.009780824,1.994306,0.4342375,-0.3251653,2.002391,0.5084556,0.3108046,1.957697,0.3120612,0.06606501,1.90476,0.5624154,-0.1290008,1.999174,0.4502107,0.7982379,1.940933
72057594038042242,0,1.011418,106258.8,0.4348297,0.3077607,2.034031,0.4057803,0.9663613,1.949781,0.3260742,0.785533,1.970816,0.4342581,0.7661669,1.807704,0.4864503,0.7192637,1.627155,0.5046372,0.7042906,1.570262,0.4823542,0.7083895,1.900565,0.5509485,0.5336427,1.880923,0.3605919,0.7003226,1.878986,0.4006845,0.7287793,1.94251,0.3488909,0.3036371,2.050136,0.4353437,0.009780824,1.994306,0.4342375,-0.3251653,2.002391,0.5084556,0.3108046,1.957697,0.3120612,0.06606501,1.90476,0.5624154,-0.1290008,1.999174,0.4502107,0.7982379,1.940933
72057594038042242,0,1.011418,106258.9,0.4348297,0.3077607,2.034031,0.4057803,0.9663613,1.949781,0.3260742,0.785533,1.970816,0.4342581,0.7661669,1.807704,0.4864503,0.7192637,1.627155,0.5046372,0.7042906,1.570262,0.4823542,0.7083895,1.900565,0.5509485,0.5336427,1.880923,0.3605919,0.7003226,1.878986,0.4006845,0.7287793,1.94251,0.3488909,0.3036371,2.050136,0.4353437,0.009780824,1.994306,0.4342375,-0.3251653,2.002391,0.5084556,0.3108046,1.957697,0.3120612,0.06606501,1.90476,0.5624154,-0.1290008,1.999174,0.4502107,0.7982379,1.940933
72057594038042242,0,1.011418,106258.9,0.4348297,0.3077607,2.034031,0.4057803,0.9663613,1.949781,0.3260742,0.785533,1.970816,0.4342581,0.7661669,1.807704,0.4864503,0.7192637,1.627155,0.5046372,0.7042906,1.570262,0.4823542,0.7083895,1.900565,0.5509485,0.5336427,1.880923,0.3605919,0.7003226,1.878986,0.4006845,0.7287793,1.94251,0.3488909,0.3036371,2.050136,0.4353437,0.009780824,1.994306,0.4342375,-0.3251653,2.002391,0.5084556,0.3108046,1.957697,0.3120612,0.06606501,1.90476,0.5624154,-0.1290008,1.999174,0.4502107,0.7982379,1.940933
72057594038042242,0,1.011418,106258.9,0.4348297,0.3077607,2.034031,0.4057803,0.9663613,1.949781,0.3260742,0.785533,1.970816,0.4342581,0.7661669,1.807704,0.4864503,0.7192637,1.627155,0.5046372,0.7042906,1.570262,0.4823542,0.7083895,1.900565,0.5509485,0.5336427,1.880923,0.3605919,0.7003226,1.878986,0.4006845,0.7287793,1.94251,0.3488909,0.3036371,2.050136,0.4353437,0.009780824,1.994306,0.4342375,-0.3251653,2.002391,0.5084556,0.3108046,1.957697,0.3120612,0.06606501,1.90476,0.5624154,-0.1290008,1.999174,0.4502107,0.7982379,1.940933
72057594038042242,0,1.011418,106258.9,0.4348297,0.3077607,2.034031,0.4057803,0.9663613,1.949781,0.3260742,0.785533,1.970816,0.4342581,0.7661669,1.807704,0.4864503,0.7192637,1.627155,0.5046372,0.7042906,1.570262,0.4823542,0.7083895,1.900565,0.5509485,0.5336427,1.880923,0.3605919,0.7003226,1.878986,0.4006845,0.7287793,1.94251,0.3488909,0.3036371,2.050136,0.4353437,0.009780824,1.994306,0.4342375,-0.3251653,2.002391,0.5084556,0.3108046,1.957697,0.3120612,0.06606501,1.90476,0.5624154,-0.1290008,1.999174,0.4502107,0.7982379,1.940933
72057594038042242,0,1.013824,106258.9,0.4345008,0.3060291,2.031762,0.4125564,0.96243,1.946677,0.3230006,0.7828079,1.974175,0.439512,0.7480785,1.820084,0.5006181,0.7067121,1.641169,0.5217826,0.6935515,1.584823,0.4833465,0.7055633,1.90066,0.5428929,0.5273725,1.879596,0.3501832,0.6913636,1.877878,0.3991976,0.7069676,1.958245,0.3479387,0.3022947,2.045738,0.435615,0.008548439,1.994833,0.4345823,-0.3264082,2.002609,0.5084746,0.3095591,1.956524,0.3117571,0.0648016,1.907466,0.5621121,-0.1302562,2.001881,0.4470172,0.7920159,1.944443
72057594038042242,0,1.013824,106258.9,0.4345008,0.3060291,2.031762,0.4125564,0.96243,1.946677,0.3230006,0.7828079,1.974175,0.439512,0.7480785,1.820084,0.5006181,0.7067121,1.641169,0.5217826,0.6935515,1.584823,0.4833465,0.7055633,1.90066,0.5428929,0.5273725,1.879596,0.3501832,0.6913636,1.877878,0.3991976,0.7069676,1.958245,0.3479387,0.3022947,2.045738,0.435615,0.008548439,1.994833,0.4345823,-0.3264082,2.002609,0.5084746,0.3095591,1.956524,0.3117571,0.0648016,1.907466,0.5621121,-0.1302562,2.001881,0.4470172,0.7920159,1.944443
72057594038042242,0,1.013824,106258.9,0.4345008,0.3060291,2.031762,0.4125564,0.96243,1.946677,0.3230006,0.7828079,1.974175,0.439512,0.7480785,1.820084,0.5006181,0.7067121,1.641169,0.5217826,0.6935515,1.584823,0.4833465,0.7055633,1.90066,0.5428929,0.5273725,1.879596,0.3501832,0.6913636,1.877878,0.3991976,0.7069676,1.958245,0.3479387,0.3022947,2.045738,0.435615,0.008548439,1.994833,0.4345823,-0.3264082,2.002609,0.5084746,0.3095591,1.956524,0.3117571,0.0648016,1.907466,0.5621121,-0.1302562,2.001881,0.4470172,0.7920159,1.944443
72057594038042242,0,1.013824,106258.9,0.4345008,0.3060291,2.031762,0.4125564,0.96243,1.946677,0.3230006,0.7828079,1.974175,0.439512,0.7480785,1.820084,0.5006181,0.7067121,1.641169,0.5217826,0.6935515,1.584823,0.4833465,0.7055633,1.90066,0.5428929,0.5273725,1.879596,0.3501832,0.6913636,1.877878,0.3991976,0.7069676,1.958245,0.3479387,0.3022947,2.045738,0.435615,0.008548439,1.994833,0.4345823,-0.3264082,2.002609,0.5084746,0.3095591,1.956524,0.3117571,0.0648016,1.907466,0.5621121,-0.1302562,2.001881,0.4470172,0.7920159,1.944443
72057594038042242,0,1.013824,106258.9,0.4345008,0.3060291,2.031762,0.4125564,0.96243,1.946677,0.3230006,0.7828079,1.974175,0.439512,0.7480785,1.820084,0.5006181,0.7067121,1.641169,0.5217826,0.6935515,1.584823,0.4833465,0.7055633,1.90066,0.5428929,0.5273725,1.879596,0.3501832,0.6913636,1.877878,0.3991976,0.7069676,1.958245,0.3479387,0.3022947,2.045738,0.435615,0.008548439,1.994833,0.4345823,-0.3264082,2.002609,0.5084746,0.3095591,1.956524,0.3117571,0.0648016,1.907466,0.5621121,-0.1302562,2.001881,0.4470172,0.7920159,1.944443
72057594038042242,0,1.013824,106258.9,0.4345008,0.3060291,2.031762,0.4125564,0.96243,1.946677,0.3230006,0.7828079,1.974175,0.439512,0.7480785,1.820084,0.5006181,0.7067121,1.641169,0.5217826,0.6935515,1.584823,0.4833465,0.7055633,1.90066,0.5428929,0.5273725,1.879596,0.3501832,0.6913636,1.877878,0.3991976,0.7069676,1.958245,0.3479387,0.3022947,2.045738,0.435615,0.008548439,1.994833,0.4345823,-0.3264082,2.002609,0.5084746,0.3095591,1.956524,0.3117571,0.0648016,1.907466,0.5621121,-0.1302562,2.001881,0.4470172,0.7920159,1.944443
72057594038042242,0,1.013824,106258.9,0.4345008,0.3060291,2.031762,0.4125564,0.96243,1.946677,0.3230006,0.7828079,1.974175,0.439512,0.7480785,1.820084,0.5006181,0.7067121,1.641169,0.5217826,0.6935515,1.584823,0.4833465,0.7055633,1.90066,0.5428929,0.5273725,1.879596,0.3501832,0.6913636,1.877878,0.3991976,0.7069676,1.958245,0.3479387,0.3022947,2.045738,0.435615,0.008548439,1.994833,0.4345823,-0.3264082,2.002609,0.5084746,0.3095591,1.956524,0.3117571,0.0648016,1.907466,0.5621121,-0.1302562,2.001881,0.4470172,0.7920159,1.944443
72057594038042242,0,1.013824,106258.9,0.4345008,0.3060291,2.031762,0.4125564,0.96243,1.946677,0.3230006,0.7828079,1.974175,0.439512,0.7480785,1.820084,0.5006181,0.7067121,1.641169,0.5217826,0.6935515,1.584823,0.4833465,0.7055633,1.90066,0.5428929,0.5273725,1.879596,0.3501832,0.6913636,1.877878,0.3991976,0.7069676,1.958245,0.3479387,0.3022947,2.045738,0.435615,0.008548439,1.994833,0.4345823,-0.3264082,2.002609,0.5084746,0.3095591,1.956524,0.3117571,0.0648016,1.907466,0.5621121,-0.1302562,2.001881,0.4470172,0.7920159,1.944443
72057594038042242,0,1.013824,106258.9,0.4345008,0.3060291,2.031762,0.4125564,0.96243,1.946677,0.3230006,0.7828079,1.974175,0.439512,0.7480785,1.820084,0.5006181,0.7067121,1.641169,0.5217826,0.6935515,1.584823,0.4833465,0.7055633,1.90066,0.5428929,0.5273725,1.879596,0.3501832,0.6913636,1.877878,0.3991976,0.7069676,1.958245,0.3479387,0.3022947,2.045738,0.435615,0.008548439,1.994833,0.4345823,-0.3264082,2.002609,0.5084746,0.3095591,1.956524,0.3117571,0.0648016,1.907466,0.5621121,-0.1302562,2.001881,0.4470172,0.7920159,1.944443
72057594038042242,0,1.013824,106258.9,0.4345008,0.3060291,2.031762,0.4125564,0.96243,1.946677,0.3230006,0.7828079,1.974175,0.439512,0.7480785,1.820084,0.5006181,0.7067121,1.641169,0.5217826,0.6935515,1.584823,0.4833465,0.7055633,1.90066,0.5428929,0.5273725,1.879596,0.3501832,0.6913636,1.877878,0.3991976,0.7069676,1.958245,0.3479387,0.3022947,2.045738,0.435615,0.008548439,1.994833,0.4345823,-0.3264082,2.002609,0.5084746,0.3095591,1.956524,0.3117571,0.0648016,1.907466,0.5621121,-0.1302562,2.001881,0.4470172,0.7920159,1.944443
72057594038042242,0,1.018175,106258.9,0.4344376,0.3030063,2.027919,0.4207428,0.9525424,1.945959,0.3177219,0.7790859,1.979467,0.4348162,0.7517634,1.82434,0.4981079,0.7103369,1.646239,0.5199915,0.6971614,1.590165,0.4852912,0.6959579,1.901538,0.5257479,0.5122918,1.876854,0.3299912,0.6726887,1.875322,0.329664,0.7070504,1.920426,0.347726,0.3001875,2.041506,0.4365424,0.006642789,1.995226,0.43556,-0.3283305,2.002519,0.5085576,0.3065352,1.953005,0.3082875,0.06413656,1.914049,0.5586634,-0.1309181,2.00847,0.4301987,0.7739362,1.960964
72057594038042242,0,1.018175,106258.9,0.4344376,0.3030063,2.027919,0.4207428,0.9525424,1.945959,0.3177219,0.7790859,1.979467,0.4348162,0.7517634,1.82434,0.4981079,0.7103369,1.646239,0.5199915,0.6971614,1.590165,0.4852912,0.6959579,1.901538,0.5257479,0.5122918,1.876854,0.3299912,0.6726887,1.875322,0.329664,0.7070504,1.920426,0.347726,0.3001875,2.041506,0.4365424,0.006642789,1.995226,0.43556,-0.3283305,2.002519,0.5085576,0.3065352,1.953005,0.3082875,0.06413656,1.914049,0.5586634,-0.1309181,2.00847,0.4301987,0.7739362,1.960964
72057594038042242,0,1.018175,106258.9,0.4344376,0.3030063,2.027919,0.4207428,0.9525424,1.945959,0.3177219,0.7790859,1.979467,0.4348162,0.7517634,1.82434,0.4981079,0.7103369,1.646239,0.5199915,0.6971614,1.590165,0.4852912,0.6959579,1.901538,0.5257479,0.5122918,1.876854,0.3299912,0.6726887,1.875322,0.329664,0.7070504,1.920426,0.347726,0.3001875,2.041506,0.4365424,0.006642789,1.995226,0.43556,-0.3283305,2.002519,0.5085576,0.3065352,1.953005,0.3082875,0.06413656,1.914049,0.5586634,-0.1309181,2.00847,0.4301987,0.7739362,1.960964
72057594038042242,0,1.018175,106258.9,0.4344376,0.3030063,2.027919,0.4207428,0.9525424,1.945959,0.3177219,0.7790859,1.979467,0.4348162,0.7517634,1.82434,0.4981079,0.7103369,1.646239,0.5199915,0.6971614,1.590165,0.4852912,0.6959579,1.901538,0.5257479,0.5122918,1.876854,0.3299912,0.6726887,1.875322,0.329664,0.7070504,1.920426,0.347726,0.3001875,2.041506,0.4365424,0.006642789,1.995226,0.43556,-0.3283305,2.002519,0.5085576,0.3065352,1.953005,0.3082875,0.06413656,1.914049,0.5586634,-0.1309181,2.00847,0.4301987,0.7739362,1.960964
72057594038042242,0,1.018175,106258.9,0.4344376,0.3030063,2.027919,0.4207428,0.9525424,1.945959,0.3177219,0.7790859,1.979467,0.4348162,0.7517634,1.82434,0.4981079,0.7103369,1.646239,0.5199915,0.6971614,1.590165,0.4852912,0.6959579,1.901538,0.5257479,0.5122918,1.876854,0.3299912,0.6726887,1.875322,0.329664,0.7070504,1.920426,0.347726,0.3001875,2.041506,0.4365424,0.006642789,1.995226,0.43556,-0.3283305,2.002519,0.5085576,0.3065352,1.953005,0.3082875,0.06413656,1.914049,0.5586634,-0.1309181,2.00847,0.4301987,0.7739362,1.960964
72057594038042242,0,1.018175,106258.9,0.4344376,0.3030063,2.027919,0.4207428,0.9525424,1.945959,0.3177219,0.7790859,1.979467,0.4348162,0.7517634,1.82434,0.4981079,0.7103369,1.646239,0.5199915,0.6971614,1.590165,0.4852912,0.6959579,1.901538,0.5257479,0.5122918,1.876854,0.3299912,0.6726887,1.875322,0.329664,0.7070504,1.920426,0.347726,0.3001875,2.041506,0.4365424,0.006642789,1.995226,0.43556,-0.3283305,2.002519,0.5085576,0.3065352,1.953005,0.3082875,0.06413656,1.914049,0.5586634,-0.1309181,2.00847,0.4301987,0.7739362,1.960964
72057594038042242,0,1.018175,106258.9,0.4344376,0.3030063,2.027919,0.4207428,0.9525424,1.945959,0.3177219,0.7790859,1.979467,0.4348162,0.7517634,1.82434,0.4981079,0.7103369,1.646239,0.5199915,0.6971614,1.590165,0.4852912,0.6959579,1.901538,0.5257479,0.5122918,1.876854,0.3299912,0.6726887,1.875322,0.329664,0.7070504,1.920426,0.347726,0.3001875,2.041506,0.4365424,0.006642789,1.995226,0.43556,-0.3283305,2.002519,0.5085576,0.3065352,1.953005,0.3082875,0.06413656,1.914049,0.5586634,-0.1309181,2.00847,0.4301987,0.7739362,1.960964
72057594038042242,0,1.018175,106258.9,0.4344376,0.3030063,2.027919,0.4207428,0.9525424,1.945959,0.3177219,0.7790859,1.979467,0.4348162,0.7517634,1.82434,0.4981079,0.7103369,1.646239,0.5199915,0.6971614,1.590165,0.4852912,0.6959579,1.901538,0.5257479,0.5122918,1.876854,0.3299912,0.6726887,1.875322,0.329664,0.7070504,1.920426,0.347726,0.3001875,2.041506,0.4365424,0.006642789,1.995226,0.43556,-0.3283305,2.002519,0.5085576,0.3065352,1.953005,0.3082875,0.06413656,1.914049,0.5586634,-0.1309181,2.00847,0.4301987,0.7739362,1.960964
72057594038042242,0,1.018175,106258.9,0.4344376,0.3030063,2.027919,0.4207428,0.9525424,1.945959,0.3177219,0.7790859,1.979467,0.4348162,0.7517634,1.82434,0.4981079,0.7103369,1.646239,0.5199915,0.6971614,1.590165,0.4852912,0.6959579,1.901538,0.5257479,0.5122918,1.876854,0.3299912,0.6726887,1.875322,0.329664,0.7070504,1.920426,0.347726,0.3001875,2.041506,0.4365424,0.006642789,1.995226,0.43556,-0.3283305,2.002519,0.5085576,0.3065352,1.953005,0.3082875,0.06413656,1.914049,0.5586634,-0.1309181,2.00847,0.4301987,0.7739362,1.960964
72057594038042242,0,1.018175,106258.9,0.4344376,0.3030063,2.027919,0.4207428,0.9525424,1.945959,0.3177219,0.7790859,1.979467,0.4348162,0.7517634,1.82434,0.4981079,0.7103369,1.646239,0.5199915,0.6971614,1.590165,0.4852912,0.6959579,1.901538,0.5257479,0.5122918,1.876854,0.3299912,0.6726887,1.875322,0.329664,0.7070504,1.920426,0.347726,0.3001875,2.041506,0.4365424,0.006642789,1.995226,0.43556,-0.3283305,2.002519,0.5085576,0.3065352,1.953005,0.3082875,0.06413656,1.914049,0.5586634,-0.1309181,2.00847,0.4301987,0.7739362,1.960964
72057594038042242,0,1.018175,106258.9,0.4344376,0.3030063,2.027919,0.4207428,0.9525424,1.945959,0.3177219,0.7790859,1.979467,0.4348162,0.7517634,1.82434,0.4981079,0.7103369,1.646239,0.5199915,0.6971614,1.590165,0.4852912,0.6959579,1.901538,0.5257479,0.5122918,1.876854,0.3299912,0.6726887,1.875322,0.329664,0.7070504,1.920426,0.347726,0.3001875,2.041506,0.4365424,0.006642789,1.995226,0.43556,-0.3283305,2.002519,0.5085576,0.3065352,1.953005,0.3082875,0.06413656,1.914049,0.5586634,-0.1309181,2.00847,0.4301987,0.7739362,1.960964
72057594038042242,0,1.022859,106258.9,0.4333993,0.2977356,2.024825,0.4210601,0.9334905,1.954466,0.2888384,0.7384133,2.01283,0.4318436,0.7545419,1.827303,0.4970332,0.7135568,1.649907,0.5195433,0.7005326,1.594069,0.4889008,0.6766595,1.903294,0.5054247,0.4794613,1.874106,0.304764,0.6336977,1.872184,0.3044426,0.6680658,1.917282,0.3459862,0.2932663,2.035798,0.4312067,0.02349469,1.996099,0.4301093,-0.2123169,1.99813,0.508086,0.3034089,1.951725,0.3828236,0.03190115,1.829437,0.6326928,-0.1629047,1.9238,0.4059024,0.7361655,1.988611
72057594038042242,0,1.022859,106258.9,0.4333993,0.2977356,2.024825,0.4210601,0.9334905,1.954466,0.2888384,0.7384133,2.01283,0.4318436,0.7545419,1.827303,0.4970332,0.7135568,1.649907,0.5195433,0.7005326,1.594069,0.4889008,0.6766595,1.903294,0.5054247,0.4794613,1.874106,0.304764,0.6336977,1.872184,0.3044426,0.6680658,1.917282,0.3459862,0.2932663,2.035798,0.4312067,0.02349469,1.996099,0.4301093,-0.2123169,1.99813,0.508086,0.3034089,1.951725,0.3828236,0.03190115,1.829437,0.6326928,-0.1629047,1.9238,0.4059024,0.7361655,1.988611
72057594038042242,0,1.022859,106258.9,0.4333993,0.2977356,2.024825,0.4210601,0.9334905,1.954466,0.2888384,0.7384133,2.01283,0.4318436,0.7545419,1.827303,0.4970332,0.7135568,1.649907,0.5195433,0.7005326,1.594069,0.4889008,0.6766595,1.903294,0.5054247,0.4794613,1.874106,0.304764,0.6336977,1.872184,0.3044426,0.6680658,1.917282,0.3459862,0.2932663,2.035798,0.4312067,0.02349469,1.996099,0.4301093,-0.2123169,1.99813,0.508086,0.3034089,1.951725,0.3828236,0.03190115,1.829437,0.6326928,-0.1629047,1.9238,0.4059024,0.7361655,1.988611
72057594038042242,0,1.022859,106258.9,0.4333993,0.2977356,2.024825,0.4210601,0.9334905,1.954466,0.2888384,0.7384133,2.01283,0.4318436,0.7545419,1.827303,0.4970332,0.7135568,1.649907,0.5195433,0.7005326,1.594069,0.4889008,0.6766595,1.903294,0.5054247,0.4794613,1.874106,0.304764,0.6336977,1.872184,0.3044426,0.6680658,1.917282,0.3459862,0.2932663,2.035798,0.4312067,0.02349469,1.996099,0.4301093,-0.2123169,1.99813,0.508086,0.3034089,1.951725,0.3828236,0.03190115,1.829437,0.6326928,-0.1629047,1.9238,0.4059024,0.7361655,1.988611
72057594038042242,0,1.022859,106258.9,0.4333993,0.2977356,2.024825,0.4210601,0.9334905,1.954466,0.2888384,0.7384133,2.01283,0.4318436,0.7545419,1.827303,0.4970332,0.7135568,1.649907,0.5195433,0.7005326,1.594069,0.4889008,0.6766595,1.903294,0.5054247,0.4794613,1.874106,0.304764,0.6336977,1.872184,0.3044426,0.6680658,1.917282,0.3459862,0.2932663,2.035798,0.4312067,0.02349469,1.996099,0.4301093,-0.2123169,1.99813,0.508086,0.3034089,1.951725,0.3828236,0.03190115,1.829437,0.6326928,-0.1629047,1.9238,0.4059024,0.7361655,1.988611
72057594038042242,0,1.022859,106258.9,0.4333993,0.2977356,2.024825,0.4210601,0.9334905,1.954466,0.2888384,0.7384133,2.01283,0.4318436,0.7545419,1.827303,0.4970332,0.7135568,1.649907,0.5195433,0.7005326,1.594069,0.4889008,0.6766595,1.903294,0.5054247,0.4794613,1.874106,0.304764,0.6336977,1.872184,0.3044426,0.6680658,1.917282,0.3459862,0.2932663,2.035798,0.4312067,0.02349469,1.996099,0.4301093,-0.2123169,1.99813,0.508086,0.3034089,1.951725,0.3828236,0.03190115,1.829437,0.6326928,-0.1629047,1.9238,0.4059024,0.7361655,1.988611
72057594038042242,0,1.022859,106259,0.4333993,0.2977356,2.024825,0.4210601,0.9334905,1.954466,0.2888384,0.7384133,2.01283,0.4318436,0.7545419,1.827303,0.4970332,0.7135568,1.649907,0.5195433,0.7005326,1.594069,0.4889008,0.6766595,1.903294,0.5054247,0.4794613,1.874106,0.304764,0.6336977,1.872184,0.3044426,0.6680658,1.917282,0.3459862,0.2932663,2.035798,0.4312067,0.02349469,1.996099,0.4301093,-0.2123169,1.99813,0.508086,0.3034089,1.951725,0.3828236,0.03190115,1.829437,0.6326928,-0.1629047,1.9238,0.4059024,0.7361655,1.988611
72057594038042242,0,1.022859,106259,0.4333993,0.2977356,2.024825,0.4210601,0.9334905,1.954466,0.2888384,0.7384133,2.01283,0.4318436,0.7545419,1.827303,0.4970332,0.7135568,1.649907,0.5195433,0.7005326,1.594069,0.4889008,0.6766595,1.903294,0.5054247,0.4794613,1.874106,0.304764,0.6336977,1.872184,0.3044426,0.6680658,1.917282,0.3459862,0.2932663,2.035798,0.4312067,0.02349469,1.996099,0.4301093,-0.2123169,1.99813,0.508086,0.3034089,1.951725,0.3828236,0.03190115,1.829437,0.6326928,-0.1629047,1.9238,0.4059024,0.7361655,1.988611
72057594038042242,0,1.022859,106259,0.4333993,0.2977356,2.024825,0.4210601,0.9334905,1.954466,0.2888384,0.7384133,2.01283,0.4318436,0.7545419,1.827303,0.4970332,0.7135568,1.649907,0.5195433,0.7005326,1.594069,0.4889008,0.6766595,1.903294,0.5054247,0.4794613,1.874106,0.304764,0.6336977,1.872184,0.3044426,0.6680658,1.917282,0.3459862,0.2932663,2.035798,0.4312067,0.02349469,1.996099,0.4301093,-0.2123169,1.99813,0.508086,0.3034089,1.951725,0.3828236,0.03190115,1.829437,0.6326928,-0.1629047,1.9238,0.4059024,0.7361655,1.988611
72057594038042242,0,1.022859,106259,0.4333993,0.2977356,2.024825,0.4210601,0.9334905,1.954466,0.2888384,0.7384133,2.01283,0.4318436,0.7545419,1.827303,0.4970332,0.7135568,1.649907,0.5195433,0.7005326,1.594069,0.4889008,0.6766595,1.903294,0.5054247,0.4794613,1.874106,0.304764,0.6336977,1.872184,0.3044426,0.6680658,1.917282,0.3459862,0.2932663,2.035798,0.4312067,0.02349469,1.996099,0.4301093,-0.2123169,1.99813,0.508086,0.3034089,1.951725,0.3828236,0.03190115,1.829437,0.6326928,-0.1629047,1.9238,0.4059024,0.7361655,1.988611
72057594038042242,0,1.025277,106259,0.4334897,0.2953388,2.023366,0.4223313,0.9332014,1.952453,0.2892728,0.7376932,2.009969,0.4306077,0.7621245,1.826387,0.4958031,0.7211069,1.648998,0.5183129,0.7080851,1.593161,0.4919358,0.6681248,1.902921,0.5571762,0.4929768,1.873494,0.3687786,0.6618193,1.873587,0.406341,0.6858595,1.946949,0.3456503,0.2909755,2.033476,0.4315076,0.02240902,1.996117,0.4302772,-0.2130149,1.998276,0.508551,0.3013001,1.951065,0.3390747,0.04519805,1.855907,0.5892498,-0.1497168,1.950285,0.4063082,0.7355988,1.986388
72057594038042242,0,1.025277,106259,0.4334897,0.2953388,2.023366,0.4223313,0.9332014,1.952453,0.2892728,0.7376932,2.009969,0.4306077,0.7621245,1.826387,0.4958031,0.7211069,1.648998,0.5183129,0.7080851,1.593161,0.4919358,0.6681248,1.902921,0.5571762,0.4929768,1.873494,0.3687786,0.6618193,1.873587,0.406341,0.6858595,1.946949,0.3456503,0.2909755,2.033476,0.4315076,0.02240902,1.996117,0.4302772,-0.2130149,1.998276,0.508551,0.3013001,1.951065,0.3390747,0.04519805,1.855907,0.5892498,-0.1497168,1.950285,0.4063082,0.7355988,1.986388
72057594038042242,0,1.025277,106259,0.4334897,0.2953388,2.023366,0.4223313,0.9332014,1.952453,0.2892728,0.7376932,2.009969,0.4306077,0.7621245,1.826387,0.4958031,0.7211069,1.648998,0.5183129,0.7080851,1.593161,0.4919358,0.6681248,1.902921,0.5571762,0.4929768,1.873494,0.3687786,0.6618193,1.873587,0.406341,0.6858595,1.946949,0.3456503,0.2909755,2.033476,0.4315076,0.02240902,1.996117,0.4302772,-0.2130149,1.998276,0.508551,0.3013001,1.951065,0.3390747,0.04519805,1.855907,0.5892498,-0.1497168,1.950285,0.4063082,0.7355988,1.986388
72057594038042242,0,1.025277,106259,0.4334897,0.2953388,2.023366,0.4223313,0.9332014,1.952453,0.2892728,0.7376932,2.009969,0.4306077,0.7621245,1.826387,0.4958031,0.7211069,1.648998,0.5183129,0.7080851,1.593161,0.4919358,0.6681248,1.902921,0.5571762,0.4929768,1.873494,0.3687786,0.6618193,1.873587,0.406341,0.6858595,1.946949,0.3456503,0.2909755,2.033476,0.4315076,0.02240902,1.996117,0.4302772,-0.2130149,1.998276,0.508551,0.3013001,1.951065,0.3390747,0.04519805,1.855907,0.5892498,-0.1497168,1.950285,0.4063082,0.7355988,1.986388
72057594038042242,0,1.025277,106259,0.4334897,0.2953388,2.023366,0.4223313,0.9332014,1.952453,0.2892728,0.7376932,2.009969,0.4306077,0.7621245,1.826387,0.4958031,0.7211069,1.648998,0.5183129,0.7080851,1.593161,0.4919358,0.6681248,1.902921,0.5571762,0.4929768,1.873494,0.3687786,0.6618193,1.873587,0.406341,0.6858595,1.946949,0.3456503,0.2909755,2.033476,0.4315076,0.02240902,1.996117,0.4302772,-0.2130149,1.998276,0.508551,0.3013001,1.951065,0.3390747,0.04519805,1.855907,0.5892498,-0.1497168,1.950285,0.4063082,0.7355988,1.986388
72057594038042242,0,1.025277,106259,0.4334897,0.2953388,2.023366,0.4223313,0.9332014,1.952453,0.2892728,0.7376932,2.009969,0.4306077,0.7621245,1.826387,0.4958031,0.7211069,1.648998,0.5183129,0.7080851,1.593161,0.4919358,0.6681248,1.902921,0.5571762,0.4929768,1.873494,0.3687786,0.6618193,1.873587,0.406341,0.6858595,1.946949,0.3456503,0.2909755,2.033476,0.4315076,0.02240902,1.996117,0.4302772,-0.2130149,1.998276,0.508551,0.3013001,1.951065,0.3390747,0.04519805,1.855907,0.5892498,-0.1497168,1.950285,0.4063082,0.7355988,1.986388
72057594038042242,0,1.025277,106259,0.4334897,0.2953388,2.023366,0.4223313,0.9332014,1.952453,0.2892728,0.7376932,2.009969,0.4306077,0.7621245,1.826387,0.4958031,0.7211069,1.648998,0.5183129,0.7080851,1.593161,0.4919358,0.6681248,1.902921,0.5571762,0.4929768,1.873494,0.3687786,0.6618193,1.873587,0.406341,0.6858595,1.946949,0.3456503,0.2909755,2.033476,0.4315076,0.02240902,1.996117,0.4302772,-0.2130149,1.998276,0.508551,0.3013001,1.951065,0.3390747,0.04519805,1.855907,0.5892498,-0.1497168,1.950285,0.4063082,0.7355988,1.986388
72057594038042242,0,1.025277,106259,0.4334897,0.2953388,2.023366,0.4223313,0.9332014,1.952453,0.2892728,0.7376932,2.009969,0.4306077,0.7621245,1.826387,0.4958031,0.7211069,1.648998,0.5183129,0.7080851,1.593161,0.4919358,0.6681248,1.902921,0.5571762,0.4929768,1.873494,0.3687786,0.6618193,1.873587,0.406341,0.6858595,1.946949,0.3456503,0.2909755,2.033476,0.4315076,0.02240902,1.996117,0.4302772,-0.2130149,1.998276,0.508551,0.3013001,1.951065,0.3390747,0.04519805,1.855907,0.5892498,-0.1497168,1.950285,0.4063082,0.7355988,1.986388
72057594038042242,0,1.025277,106259,0.4334897,0.2953388,2.023366,0.4223313,0.9332014,1.952453,0.2892728,0.7376932,2.009969,0.4306077,0.7621245,1.826387,0.4958031,0.7211069,1.648998,0.5183129,0.7080851,1.593161,0.4919358,0.6681248,1.902921,0.5571762,0.4929768,1.873494,0.3687786,0.6618193,1.873587,0.406341,0.6858595,1.946949,0.3456503,0.2909755,2.033476,0.4315076,0.02240902,1.996117,0.4302772,-0.2130149,1.998276,0.508551,0.3013001,1.951065,0.3390747,0.04519805,1.855907,0.5892498,-0.1497168,1.950285,0.4063082,0.7355988,1.986388
72057594038042242,0,1.025277,106259,0.4334897,0.2953388,2.023366,0.4223313,0.9332014,1.952453,0.2892728,0.7376932,2.009969,0.4306077,0.7621245,1.826387,0.4958031,0.7211069,1.648998,0.5183129,0.7080851,1.593161,0.4919358,0.6681248,1.902921,0.5571762,0.4929768,1.873494,0.3687786,0.6618193,1.873587,0.406341,0.6858595,1.946949,0.3456503,0.2909755,2.033476,0.4315076,0.02240902,1.996117,0.4302772,-0.2130149,1.998276,0.508551,0.3013001,1.951065,0.3390747,0.04519805,1.855907,0.5892498,-0.1497168,1.950285,0.4063082,0.7355988,1.986388
72057594038042242,0,1.027115,106259,0.4336737,0.2934921,2.022352,0.4243429,0.9326186,1.950825,0.2897398,0.7375808,2.008922,0.4366227,0.7527298,1.82138,0.5017403,0.7117756,1.644107,0.5242366,0.69876,1.588307,0.4934305,0.6652206,1.903036,0.5011078,0.4778977,1.868582,0.3028521,0.6348579,1.86706,0.3025307,0.6692226,1.912153,0.3452327,0.288727,2.029946,0.4318169,0.02558514,1.996158,0.4304351,-0.212216,1.998167,0.5092335,0.2994234,1.951564,0.3182561,0.05293682,1.883555,0.5685699,-0.1420395,1.977956,0.4067462,0.7354698,1.985474
72057594038042242,0,1.027115,106259,0.4336737,0.2934921,2.022352,0.4243429,0.9326186,1.950825,0.2897398,0.7375808,2.008922,0.4366227,0.7527298,1.82138,0.5017403,0.7117756,1.644107,0.5242366,0.69876,1.588307,0.4934305,0.6652206,1.903036,0.5011078,0.4778977,1.868582,0.3028521,0.6348579,1.86706,0.3025307,0.6692226,1.912153,0.3452327,0.288727,2.029946,0.4318169,0.02558514,1.996158,0.4304351,-0.212216,1.998167,0.5092335,0.2994234,1.951564,0.3182561,0.05293682,1.883555,0.5685699,-0.1420395,1.977956,0.4067462,0.7354698,1.985474
72057594038042242,0,1.027115,106259,0.4336737,0.2934921,2.022352,0.4243429,0.9326186,1.950825,0.2897398,0.7375808,2.008922,0.4366227,0.7527298,1.82138,0.5017403,0.7117756,1.644107,0.5242366,0.69876,1.588307,0.4934305,0.6652206,1.903036,0.5011078,0.4778977,1.868582,0.3028521,0.6348579,1.86706,0.3025307,0.6692226,1.912153,0.3452327,0.288727,2.029946,0.4318169,0.02558514,1.996158,0.4304351,-0.212216,1.998167,0.5092335,0.2994234,1.951564,0.3182561,0.05293682,1.883555,0.5685699,-0.1420395,1.977956,0.4067462,0.7354698,1.985474
72057594038042242,0,1.027115,106259,0.4336737,0.2934921,2.022352,0.4243429,0.9326186,1.950825,0.2897398,0.7375808,2.008922,0.4366227,0.7527298,1.82138,0.5017403,0.7117756,1.644107,0.5242366,0.69876,1.588307,0.4934305,0.6652206,1.903036,0.5011078,0.4778977,1.868582,0.3028521,0.6348579,1.86706,0.3025307,0.6692226,1.912153,0.3452327,0.288727,2.029946,0.4318169,0.02558514,1.996158,0.4304351,-0.212216,1.998167,0.5092335,0.2994234,1.951564,0.3182561,0.05293682,1.883555,0.5685699,-0.1420395,1.977956,0.4067462,0.7354698,1.985474
72057594038042242,0,1.027115,106259,0.4336737,0.2934921,2.022352,0.4243429,0.9326186,1.950825,0.2897398,0.7375808,2.008922,0.4366227,0.7527298,1.82138,0.5017403,0.7117756,1.644107,0.5242366,0.69876,1.588307,0.4934305,0.6652206,1.903036,0.5011078,0.4778977,1.868582,0.3028521,0.6348579,1.86706,0.3025307,0.6692226,1.912153,0.3452327,0.288727,2.029946,0.4318169,0.02558514,1.996158,0.4304351,-0.212216,1.998167,0.5092335,0.2994234,1.951564,0.3182561,0.05293682,1.883555,0.5685699,-0.1420395,1.977956,0.4067462,0.7354698,1.985474
72057594038042242,0,1.027115,106259,0.4336737,0.2934921,2.022352,0.4243429,0.9326186,1.950825,0.2897398,0.7375808,2.008922,0.4366227,0.7527298,1.82138,0.5017403,0.7117756,1.644107,0.5242366,0.69876,1.588307,0.4934305,0.6652206,1.903036,0.5011078,0.4778977,1.868582,0.3028521,0.6348579,1.86706,0.3025307,0.6692226,1.912153,0.3452327,0.288727,2.029946,0.4318169,0.02558514,1.996158,0.4304351,-0.212216,1.998167,0.5092335,0.2994234,1.951564,0.3182561,0.05293682,1.883555,0.5685699,-0.1420395,1.977956,0.4067462,0.7354698,1.985474
72057594038042242,0,1.027115,106259,0.4336737,0.2934921,2.022352,0.4243429,0.9326186,1.950825,0.2897398,0.7375808,2.008922,0.4366227,0.7527298,1.82138,0.5017403,0.7117756,1.644107,0.5242366,0.69876,1.588307,0.4934305,0.6652206,1.903036,0.5011078,0.4778977,1.868582,0.3028521,0.6348579,1.86706,0.3025307,0.6692226,1.912153,0.3452327,0.288727,2.029946,0.4318169,0.02558514,1.996158,0.4304351,-0.212216,1.998167,0.5092335,0.2994234,1.951564,0.3182561,0.05293682,1.883555,0.5685699,-0.1420395,1.977956,0.4067462,0.7354698,1.985474
72057594038042242,0,1.027115,106259,0.4336737,0.2934921,2.022352,0.4243429,0.9326186,1.950825,0.2897398,0.7375808,2.008922,0.4366227,0.7527298,1.82138,0.5017403,0.7117756,1.644107,0.5242366,0.69876,1.588307,0.4934305,0.6652206,1.903036,0.5011078,0.4778977,1.868582,0.3028521,0.6348579,1.86706,0.3025307,0.6692226,1.912153,0.3452327,0.288727,2.029946,0.4318169,0.02558514,1.996158,0.4304351,-0.212216,1.998167,0.5092335,0.2994234,1.951564,0.3182561,0.05293682,1.883555,0.5685699,-0.1420395,1.977956,0.4067462,0.7354698,1.985474
72057594038042242,0,1.027115,106259,0.4336737,0.2934921,2.022352,0.4243429,0.9326186,1.950825,0.2897398,0.7375808,2.008922,0.4366227,0.7527298,1.82138,0.5017403,0.7117756,1.644107,0.5242366,0.69876,1.588307,0.4934305,0.6652206,1.903036,0.5011078,0.4778977,1.868582,0.3028521,0.6348579,1.86706,0.3025307,0.6692226,1.912153,0.3452327,0.288727,2.029946,0.4318169,0.02558514,1.996158,0.4304351,-0.212216,1.998167,0.5092335,0.2994234,1.951564,0.3182561,0.05293682,1.883555,0.5685699,-0.1420395,1.977956,0.4067462,0.7354698,1.985474
72057594038042242,0,1.027115,106259,0.4336737,0.2934921,2.022352,0.4243429,0.9326186,1.950825,0.2897398,0.7375808,2.008922,0.4366227,0.7527298,1.82138,0.5017403,0.7117756,1.644107,0.5242366,0.69876,1.588307,0.4934305,0.6652206,1.903036,0.5011078,0.4778977,1.868582,0.3028521,0.6348579,1.86706,0.3025307,0.6692226,1.912153,0.3452327,0.288727,2.029946,0.4318169,0.02558514,1.996158,0.4304351,-0.212216,1.998167,0.5092335,0.2994234,1.951564,0.3182561,0.05293682,1.883555,0.5685699,-0.1420395,1.977956,0.4067462,0.7354698,1.985474
72057594038042242,0,1.027115,106259,0.4336737,0.2934921,2.022352,0.4243429,0.9326186,1.950825,0.2897398,0.7375808,2.008922,0.4366227,0.7527298,1.82138,0.5017403,0.7117756,1.644107,0.5242366,0.69876,1.588307,0.4934305,0.6652206,1.903036,0.5011078,0.4778977,1.868582,0.3028521,0.6348579,1.86706,0.3025307,0.6692226,1.912153,0.3452327,0.288727,2.029946,0.4318169,0.02558514,1.996158,0.4304351,-0.212216,1.998167,0.5092335,0.2994234,1.951564,0.3182561,0.05293682,1.883555,0.5685699,-0.1420395,1.977956,0.4067462,0.7354698,1.985474
72057594038042242,0,1.028048,106259,0.4328137,0.2911126,2.022425,0.4260305,0.932135,1.949145,0.2903661,0.7373866,2.007569,0.4343724,0.760967,1.82245,0.4995009,0.7199792,1.645182,0.5219961,0.7069663,1.589383,0.4935038,0.6646589,1.903291,0.5596748,0.4899145,1.875656,0.3721972,0.6595283,1.875483,0.4085037,0.6843424,1.945003,0.3440521,0.287099,2.029515,0.4337586,0.04187679,1.997365,0.4307893,-0.2121675,1.997914,0.5088627,0.2965197,1.952573,0.399432,0.0283224,1.805753,0.6491818,-0.1664475,1.900102,0.4071863,0.7352257,1.984483
72057594038042242,0,1.028048,106259,0.4328137,0.2911126,2.022425,0.4260305,0.932135,1.949145,0.2903661,0.7373866,2.007569,0.4343724,0.760967,1.82245,0.4995009,0.7199792,1.645182,0.5219961,0.7069663,1.589383,0.4935038,0.6646589,1.903291,0.5596748,0.4899145,1.875656,0.3721972,0.6595283,1.875483,0.4085037,0.6843424,1.945003,0.3440521,0.287099,2.029515,0.4337586,0.04187679,1.997365,0.4307893,-0.2121675,1.997914,0.5088627,0.2965197,1.952573,0.399432,0.0283224,1.805753,0.6491818,-0.1664475,1.900102,0.4071863,0.7352257,1.984483
72057594038042242,0,1.028048,106259,0.4328137,0.2911126,2.022425,0.4260305,0.932135,1.949145,0.2903661,0.7373866,2.007569,0.4343724,0.760967,1.82245,0.4995009,0.7199792,1.645182,0.5219961,0.7069663,1.589383,0.4935038,0.6646589,1.903291,0.5596748,0.4899145,1.875656,0.3721972,0.6595283,1.875483,0.4085037,0.6843424,1.945003,0.3440521,0.287099,2.029515,0.4337586,0.04187679,1.997365,0.4307893,-0.2121675,1.997914,0.5088627,0.2965197,1.952573,0.399432,0.0283224,1.805753,0.6491818,-0.1664475,1.900102,0.4071863,0.7352257,1.984483
72057594038042242,0,1.028048,106259,0.4328137,0.2911126,2.022425,0.4260305,0.932135,1.949145,0.2903661,0.7373866,2.007569,0.4343724,0.760967,1.82245,0.4995009,0.7199792,1.645182,0.5219961,0.7069663,1.589383,0.4935038,0.6646589,1.903291,0.5596748,0.4899145,1.875656,0.3721972,0.6595283,1.875483,0.4085037,0.6843424,1.945003,0.3440521,0.287099,2.029515,0.4337586,0.04187679,1.997365,0.4307893,-0.2121675,1.997914,0.5088627,0.2965197,1.952573,0.399432,0.0283224,1.805753,0.6491818,-0.1664475,1.900102,0.4071863,0.7352257,1.984483
72057594038042242,0,1.028048,106259,0.4328137,0.2911126,2.022425,0.4260305,0.932135,1.949145,0.2903661,0.7373866,2.007569,0.4343724,0.760967,1.82245,0.4995009,0.7199792,1.645182,0.5219961,0.7069663,1.589383,0.4935038,0.6646589,1.903291,0.5596748,0.4899145,1.875656,0.3721972,0.6595283,1.875483,0.4085037,0.6843424,1.945003,0.3440521,0.287099,2.029515,0.4337586,0.04187679,1.997365,0.4307893,-0.2121675,1.997914,0.5088627,0.2965197,1.952573,0.399432,0.0283224,1.805753,0.6491818,-0.1664475,1.900102,0.4071863,0.7352257,1.984483
72057594038042242,0,1.028048,106259,0.4328137,0.2911126,2.022425,0.4260305,0.932135,1.949145,0.2903661,0.7373866,2.007569,0.4343724,0.760967,1.82245,0.4995009,0.7199792,1.645182,0.5219961,0.7069663,1.589383,0.4935038,0.6646589,1.903291,0.5596748,0.4899145,1.875656,0.3721972,0.6595283,1.875483,0.4085037,0.6843424,1.945003,0.3440521,0.287099,2.029515,0.4337586,0.04187679,1.997365,0.4307893,-0.2121675,1.997914,0.5088627,0.2965197,1.952573,0.399432,0.0283224,1.805753,0.6491818,-0.1664475,1.900102,0.4071863,0.7352257,1.984483
72057594038042242,0,1.028048,106259,0.4328137,0.2911126,2.022425,0.4260305,0.932135,1.949145,0.2903661,0.7373866,2.007569,0.4343724,0.760967,1.82245,0.4995009,0.7199792,1.645182,0.5219961,0.7069663,1.589383,0.4935038,0.6646589,1.903291,0.5596748,0.4899145,1.875656,0.3721972,0.6595283,1.875483,0.4085037,0.6843424,1.945003,0.3440521,0.287099,2.029515,0.4337586,0.04187679,1.997365,0.4307893,-0.2121675,1.997914,0.5088627,0.2965197,1.952573,0.399432,0.0283224,1.805753,0.6491818,-0.1664475,1.900102,0.4071863,0.7352257,1.984483
72057594038042242,0,1.028048,106259.1,0.4328137,0.2911126,2.022425,0.4260305,0.932135,1.949145,0.2903661,0.7373866,2.007569,0.4343724,0.760967,1.82245,0.4995009,0.7199792,1.645182,0.5219961,0.7069663,1.589383,0.4935038,0.6646589,1.903291,0.5596748,0.4899145,1.875656,0.3721972,0.6595283,1.875483,0.4085037,0.6843424,1.945003,0.3440521,0.287099,2.029515,0.4337586,0.04187679,1.997365,0.4307893,-0.2121675,1.997914,0.5088627,0.2965197,1.952573,0.399432,0.0283224,1.805753,0.6491818,-0.1664475,1.900102,0.4071863,0.7352257,1.984483
72057594038042242,0,1.028048,106259.1,0.4328137,0.2911126,2.022425,0.4260305,0.932135,1.949145,0.2903661,0.7373866,2.007569,0.4343724,0.760967,1.82245,0.4995009,0.7199792,1.645182,0.5219961,0.7069663,1.589383,0.4935038,0.6646589,1.903291,0.5596748,0.4899145,1.875656,0.3721972,0.6595283,1.875483,0.4085037,0.6843424,1.945003,0.3440521,0.287099,2.029515,0.4337586,0.04187679,1.997365,0.4307893,-0.2121675,1.997914,0.5088627,0.2965197,1.952573,0.399432,0.0283224,1.805753,0.6491818,-0.1664475,1.900102,0.4071863,0.7352257,1.984483
72057594038042242,0,1.028048,106259.1,0.4328137,0.2911126,2.022425,0.4260305,0.932135,1.949145,0.2903661,0.7373866,2.007569,0.4343724,0.760967,1.82245,0.4995009,0.7199792,1.645182,0.5219961,0.7069663,1.589383,0.4935038,0.6646589,1.903291,0.5596748,0.4899145,1.875656,0.3721972,0.6595283,1.875483,0.4085037,0.6843424,1.945003,0.3440521,0.287099,2.029515,0.4337586,0.04187679,1.997365,0.4307893,-0.2121675,1.997914,0.5088627,0.2965197,1.952573,0.399432,0.0283224,1.805753,0.6491818,-0.1664475,1.900102,0.4071863,0.7352257,1.984483
72057594038042242,0,1.028048,106259.1,0.4328137,0.2911126,2.022425,0.4260305,0.932135,1.949145,0.2903661,0.7373866,2.007569,0.4343724,0.760967,1.82245,0.4995009,0.7199792,1.645182,0.5219961,0.7069663,1.589383,0.4935038,0.6646589,1.903291,0.5596748,0.4899145,1.875656,0.3721972,0.6595283,1.875483,0.4085037,0.6843424,1.945003,0.3440521,0.287099,2.029515,0.4337586,0.04187679,1.997365,0.4307893,-0.2121675,1.997914,0.5088627,0.2965197,1.952573,0.399432,0.0283224,1.805753,0.6491818,-0.1664475,1.900102,0.4071863,0.7352257,1.984483
72057594038042242,0,1.027398,106259.1,0.4322128,0.2915919,2.022588,0.42867,0.9431934,1.941734,0.3014126,0.7572366,1.995203,0.4347247,0.7608035,1.822107,0.4998517,0.7198165,1.644841,0.522347,0.7068035,1.589042,0.4934145,0.667662,1.903247,0.5674396,0.4962307,1.876309,0.3801813,0.6660836,1.876125,0.4112643,0.6893985,1.943885,0.3435963,0.2883576,2.028918,0.4334914,0.03860104,1.998081,0.4309106,-0.2120271,1.997734,0.5075293,0.2968037,1.953984,0.3338386,0.04125285,1.869761,0.5840459,-0.1536392,1.964151,0.4117539,0.7437396,1.978599
72057594038042242,0,1.027398,106259.1,0.4322128,0.2915919,2.022588,0.42867,0.9431934,1.941734,0.3014126,0.7572366,1.995203,0.4347247,0.7608035,1.822107,0.4998517,0.7198165,1.644841,0.522347,0.7068035,1.589042,0.4934145,0.667662,1.903247,0.5674396,0.4962307,1.876309,0.3801813,0.6660836,1.876125,0.4112643,0.6893985,1.943885,0.3435963,0.2883576,2.028918,0.4334914,0.03860104,1.998081,0.4309106,-0.2120271,1.997734,0.5075293,0.2968037,1.953984,0.3338386,0.04125285,1.869761,0.5840459,-0.1536392,1.964151,0.4117539,0.7437396,1.978599
72057594038042242,0,1.027398,106259.1,0.4322128,0.2915919,2.022588,0.42867,0.9431934,1.941734,0.3014126,0.7572366,1.995203,0.4347247,0.7608035,1.822107,0.4998517,0.7198165,1.644841,0.522347,0.7068035,1.589042,0.4934145,0.667662,1.903247,0.5674396,0.4962307,1.876309,0.3801813,0.6660836,1.876125,0.4112643,0.6893985,1.943885,0.3435963,0.2883576,2.028918,0.4334914,0.03860104,1.998081,0.4309106,-0.2120271,1.997734,0.5075293,0.2968037,1.953984,0.3338386,0.04125285,1.869761,0.5840459,-0.1536392,1.964151,0.4117539,0.7437396,1.978599
72057594038042242,0,1.027398,106259.1,0.4322128,0.2915919,2.022588,0.42867,0.9431934,1.941734,0.3014126,0.7572366,1.995203,0.4347247,0.7608035,1.822107,0.4998517,0.7198165,1.644841,0.522347,0.7068035,1.589042,0.4934145,0.667662,1.903247,0.5674396,0.4962307,1.876309,0.3801813,0.6660836,1.876125,0.4112643,0.6893985,1.943885,0.3435963,0.2883576,2.028918,0.4334914,0.03860104,1.998081,0.4309106,-0.2120271,1.997734,0.5075293,0.2968037,1.953984,0.3338386,0.04125285,1.869761,0.5840459,-0.1536392,1.964151,0.4117539,0.7437396,1.978599
72057594038042242,0,1.027398,106259.1,0.4322128,0.2915919,2.022588,0.42867,0.9431934,1.941734,0.3014126,0.7572366,1.995203,0.4347247,0.7608035,1.822107,0.4998517,0.7198165,1.644841,0.522347,0.7068035,1.589042,0.4934145,0.667662,1.903247,0.5674396,0.4962307,1.876309,0.3801813,0.6660836,1.876125,0.4112643,0.6893985,1.943885,0.3435963,0.2883576,2.028918,0.4334914,0.03860104,1.998081,0.4309106,-0.2120271,1.997734,0.5075293,0.2968037,1.953984,0.3338386,0.04125285,1.869761,0.5840459,-0.1536392,1.964151,0.4117539,0.7437396,1.978599
72057594038042242,0,1.027398,106259.1,0.4322128,0.2915919,2.022588,0.42867,0.9431934,1.941734,0.3014126,0.7572366,1.995203,0.4347247,0.7608035,1.822107,0.4998517,0.7198165,1.644841,0.522347,0.7068035,1.589042,0.4934145,0.667662,1.903247,0.5674396,0.4962307,1.876309,0.3801813,0.6660836,1.876125,0.4112643,0.6893985,1.943885,0.3435963,0.2883576,2.028918,0.4334914,0.03860104,1.998081,0.4309106,-0.2120271,1.997734,0.5075293,0.2968037,1.953984,0.3338386,0.04125285,1.869761,0.5840459,-0.1536392,1.964151,0.4117539,0.7437396,1.978599
72057594038042242,0,1.027398,106259.1,0.4322128,0.2915919,2.022588,0.42867,0.9431934,1.941734,0.3014126,0.7572366,1.995203,0.4347247,0.7608035,1.822107,0.4998517,0.7198165,1.644841,0.522347,0.7068035,1.589042,0.4934145,0.667662,1.903247,0.5674396,0.4962307,1.876309,0.3801813,0.6660836,1.876125,0.4112643,0.6893985,1.943885,0.3435963,0.2883576,2.028918,0.4334914,0.03860104,1.998081,0.4309106,-0.2120271,1.997734,0.5075293,0.2968037,1.953984,0.3338386,0.04125285,1.869761,0.5840459,-0.1536392,1.964151,0.4117539,0.7437396,1.978599
72057594038042242,0,1.027398,106259.1,0.4322128,0.2915919,2.022588,0.42867,0.9431934,1.941734,0.3014126,0.7572366,1.995203,0.4347247,0.7608035,1.822107,0.4998517,0.7198165,1.644841,0.522347,0.7068035,1.589042,0.4934145,0.667662,1.903247,0.5674396,0.4962307,1.876309,0.3801813,0.6660836,1.876125,0.4112643,0.6893985,1.943885,0.3435963,0.2883576,2.028918,0.4334914,0.03860104,1.998081,0.4309106,-0.2120271,1.997734,0.5075293,0.2968037,1.953984,0.3338386,0.04125285,1.869761,0.5840459,-0.1536392,1.964151,0.4117539,0.7437396,1.978599
72057594038042242,0,1.027398,106259.1,0.4322128,0.2915919,2.022588,0.42867,0.9431934,1.941734,0.3014126,0.7572366,1.995203,0.4347247,0.7608035,1.822107,0.4998517,0.7198165,1.644841,0.522347,0.7068035,1.589042,0.4934145,0.667662,1.903247,0.5674396,0.4962307,1.876309,0.3801813,0.6660836,1.876125,0.4112643,0.6893985,1.943885,0.3435963,0.2883576,2.028918,0.4334914,0.03860104,1.998081,0.4309106,-0.2120271,1.997734,0.5075293,0.2968037,1.953984,0.3338386,0.04125285,1.869761,0.5840459,-0.1536392,1.964151,0.4117539,0.7437396,1.978599
72057594038042242,0,1.027339,106259.1,0.4313415,0.2904879,2.023038,0.4304118,0.9410959,1.940279,0.3010494,0.7555388,1.995008,0.4350539,0.760626,1.821918,0.5001795,0.71964,1.644653,0.5226749,0.7066269,1.588854,0.4956228,0.662521,1.903605,0.5667788,0.4900135,1.874568,0.3804037,0.6608162,1.874971,0.4103088,0.6830904,1.9426,0.3428707,0.2880052,2.028478,0.4333405,0.03446355,1.998668,0.4309917,-0.2115647,1.997699,0.506437,0.2941585,1.956459,0.3230946,0.04323104,1.882675,0.5733722,-0.151679,1.977079,0.4116649,0.7427593,1.978166
72057594038042242,0,1.027339,106259.1,0.4313415,0.2904879,2.023038,0.4304118,0.9410959,1.940279,0.3010494,0.7555388,1.995008,0.4350539,0.760626,1.821918,0.5001795,0.71964,1.644653,0.5226749,0.7066269,1.588854,0.4956228,0.662521,1.903605,0.5667788,0.4900135,1.874568,0.3804037,0.6608162,1.874971,0.4103088,0.6830904,1.9426,0.3428707,0.2880052,2.028478,0.4333405,0.03446355,1.998668,0.4309917,-0.2115647,1.997699,0.506437,0.2941585,1.956459,0.3230946,0.04323104,1.882675,0.5733722,-0.151679,1.977079,0.4116649,0.7427593,1.978166
72057594038042242,0,1.027339,106259.1,0.4313415,0.2904879,2.023038,0.4304118,0.9410959,1.940279,0.3010494,0.7555388,1.995008,0.4350539,0.760626,1.821918,0.5001795,0.71964,1.644653,0.5226749,0.7066269,1.588854,0.4956228,0.662521,1.903605,0.5667788,0.4900135,1.874568,0.3804037,0.6608162,1.874971,0.4103088,0.6830904,1.9426,0.3428707,0.2880052,2.028478,0.4333405,0.03446355,1.998668,0.4309917,-0.2115647,1.997699,0.506437,0.2941585,1.956459,0.3230946,0.04323104,1.882675,0.5733722,-0.151679,1.977079,0.4116649,0.7427593,1.978166
72057594038042242,0,1.027339,106259.1,0.4313415,0.2904879,2.023038,0.4304118,0.9410959,1.940279,0.3010494,0.7555388,1.995008,0.4350539,0.760626,1.821918,0.5001795,0.71964,1.644653,0.5226749,0.7066269,1.588854,0.4956228,0.662521,1.903605,0.5667788,0.4900135,1.874568,0.3804037,0.6608162,1.874971,0.4103088,0.6830904,1.9426,0.3428707,0.2880052,2.028478,0.4333405,0.03446355,1.998668,0.4309917,-0.2115647,1.997699,0.506437,0.2941585,1.956459,0.3230946,0.04323104,1.882675,0.5733722,-0.151679,1.977079,0.4116649,0.7427593,1.978166
72057594038042242,0,1.027339,106259.1,0.4313415,0.2904879,2.023038,0.4304118,0.9410959,1.940279,0.3010494,0.7555388,1.995008,0.4350539,0.760626,1.821918,0.5001795,0.71964,1.644653,0.5226749,0.7066269,1.588854,0.4956228,0.662521,1.903605,0.5667788,0.4900135,1.874568,0.3804037,0.6608162,1.874971,0.4103088,0.6830904,1.9426,0.3428707,0.2880052,2.028478,0.4333405,0.03446355,1.998668,0.4309917,-0.2115647,1.997699,0.506437,0.2941585,1.956459,0.3230946,0.04323104,1.882675,0.5733722,-0.151679,1.977079,0.4116649,0.7427593,1.978166
72057594038042242,0,1.027339,106259.1,0.4313415,0.2904879,2.023038,0.4304118,0.9410959,1.940279,0.3010494,0.7555388,1.995008,0.4350539,0.760626,1.821918,0.5001795,0.71964,1.644653,0.5226749,0.7066269,1.588854,0.4956228,0.662521,1.903605,0.5667788,0.4900135,1.874568,0.3804037,0.6608162,1.874971,0.4103088,0.6830904,1.9426,0.3428707,0.2880052,2.028478,0.4333405,0.03446355,1.998668,0.4309917,-0.2115647,1.997699,0.506437,0.2941585,1.956459,0.3230946,0.04323104,1.882675,0.5733722,-0.151679,1.977079,0.4116649,0.7427593,1.978166
72057594038042242,0,1.027339,106259.1,0.4313415,0.2904879,2.023038,0.4304118,0.9410959,1.940279,0.3010494,0.7555388,1.995008,0.4350539,0.760626,1.821918,0.5001795,0.71964,1.644653,0.5226749,0.7066269,1.588854,0.4956228,0.662521,1.903605,0.5667788,0.4900135,1.874568,0.3804037,0.6608162,1.874971,0.4103088,0.6830904,1.9426,0.3428707,0.2880052,2.028478,0.4333405,0.03446355,1.998668,0.4309917,-0.2115647,1.997699,0.506437,0.2941585,1.956459,0.3230946,0.04323104,1.882675,0.5733722,-0.151679,1.977079,0.4116649,0.7427593,1.978166
72057594038042242,0,1.027339,106259.1,0.4313415,0.2904879,2.023038,0.4304118,0.9410959,1.940279,0.3010494,0.7555388,1.995008,0.4350539,0.760626,1.821918,0.5001795,0.71964,1.644653,0.5226749,0.7066269,1.588854,0.4956228,0.662521,1.903605,0.5667788,0.4900135,1.874568,0.3804037,0.6608162,1.874971,0.4103088,0.6830904,1.9426,0.3428707,0.2880052,2.028478,0.4333405,0.03446355,1.998668,0.4309917,-0.2115647,1.997699,0.506437,0.2941585,1.956459,0.3230946,0.04323104,1.882675,0.5733722,-0.151679,1.977079,0.4116649,0.7427593,1.978166
72057594038042242,0,1.027339,106259.1,0.4313415,0.2904879,2.023038,0.4304118,0.9410959,1.940279,0.3010494,0.7555388,1.995008,0.4350539,0.760626,1.821918,0.5001795,0.71964,1.644653,0.5226749,0.7066269,1.588854,0.4956228,0.662521,1.903605,0.5667788,0.4900135,1.874568,0.3804037,0.6608162,1.874971,0.4103088,0.6830904,1.9426,0.3428707,0.2880052,2.028478,0.4333405,0.03446355,1.998668,0.4309917,-0.2115647,1.997699,0.506437,0.2941585,1.956459,0.3230946,0.04323104,1.882675,0.5733722,-0.151679,1.977079,0.4116649,0.7427593,1.978166
72057594038042242,0,1.027339,106259.1,0.4313415,0.2904879,2.023038,0.4304118,0.9410959,1.940279,0.3010494,0.7555388,1.995008,0.4350539,0.760626,1.821918,0.5001795,0.71964,1.644653,0.5226749,0.7066269,1.588854,0.4956228,0.662521,1.903605,0.5667788,0.4900135,1.874568,0.3804037,0.6608162,1.874971,0.4103088,0.6830904,1.9426,0.3428707,0.2880052,2.028478,0.4333405,0.03446355,1.998668,0.4309917,-0.2115647,1.997699,0.506437,0.2941585,1.956459,0.3230946,0.04323104,1.882675,0.5733722,-0.151679,1.977079,0.4116649,0.7427593,1.978166
72057594038042242,0,1.02776,106259.1,0.4322976,0.2913224,2.022342,0.4327489,0.9439974,1.936239,0.3036784,0.7607195,1.992623,0.436024,0.7614514,1.821273,0.5011454,0.7204617,1.644011,0.5236409,0.7074488,1.588211,0.4949001,0.6663679,1.903469,0.5625746,0.4922742,1.875315,0.3756073,0.662428,1.875355,0.4091203,0.684863,1.947854,0.3447166,0.2898319,2.024967,0.4333307,0.03449291,1.998653,0.4309729,-0.211894,1.997671,0.507389,0.2949831,1.95694,0.3245071,0.04410404,1.88086,0.5747758,-0.1508112,1.975263,0.4140292,0.7466208,1.975724
72057594038042242,0,1.02776,106259.1,0.4322976,0.2913224,2.022342,0.4327489,0.9439974,1.936239,0.3036784,0.7607195,1.992623,0.436024,0.7614514,1.821273,0.5011454,0.7204617,1.644011,0.5236409,0.7074488,1.588211,0.4949001,0.6663679,1.903469,0.5625746,0.4922742,1.875315,0.3756073,0.662428,1.875355,0.4091203,0.684863,1.947854,0.3447166,0.2898319,2.024967,0.4333307,0.03449291,1.998653,0.4309729,-0.211894,1.997671,0.507389,0.2949831,1.95694,0.3245071,0.04410404,1.88086,0.5747758,-0.1508112,1.975263,0.4140292,0.7466208,1.975724
72057594038042242,0,1.02776,106259.1,0.4322976,0.2913224,2.022342,0.4327489,0.9439974,1.936239,0.3036784,0.7607195,1.992623,0.436024,0.7614514,1.821273,0.5011454,0.7204617,1.644011,0.5236409,0.7074488,1.588211,0.4949001,0.6663679,1.903469,0.5625746,0.4922742,1.875315,0.3756073,0.662428,1.875355,0.4091203,0.684863,1.947854,0.3447166,0.2898319,2.024967,0.4333307,0.03449291,1.998653,0.4309729,-0.211894,1.997671,0.507389,0.2949831,1.95694,0.3245071,0.04410404,1.88086,0.5747758,-0.1508112,1.975263,0.4140292,0.7466208,1.975724
72057594038042242,0,1.02776,106259.1,0.4322976,0.2913224,2.022342,0.4327489,0.9439974,1.936239,0.3036784,0.7607195,1.992623,0.436024,0.7614514,1.821273,0.5011454,0.7204617,1.644011,0.5236409,0.7074488,1.588211,0.4949001,0.6663679,1.903469,0.5625746,0.4922742,1.875315,0.3756073,0.662428,1.875355,0.4091203,0.684863,1.947854,0.3447166,0.2898319,2.024967,0.4333307,0.03449291,1.998653,0.4309729,-0.211894,1.997671,0.507389,0.2949831,1.95694,0.3245071,0.04410404,1.88086,0.5747758,-0.1508112,1.975263,0.4140292,0.7466208,1.975724
72057594038042242,0,1.02776,106259.1,0.4322976,0.2913224,2.022342,0.4327489,0.9439974,1.936239,0.3036784,0.7607195,1.992623,0.436024,0.7614514,1.821273,0.5011454,0.7204617,1.644011,0.5236409,0.7074488,1.588211,0.4949001,0.6663679,1.903469,0.5625746,0.4922742,1.875315,0.3756073,0.662428,1.875355,0.4091203,0.684863,1.947854,0.3447166,0.2898319,2.024967,0.4333307,0.03449291,1.998653,0.4309729,-0.211894,1.997671,0.507389,0.2949831,1.95694,0.3245071,0.04410404,1.88086,0.5747758,-0.1508112,1.975263,0.4140292,0.7466208,1.975724
72057594038042242,0,1.02776,106259.1,0.4322976,0.2913224,2.022342,0.4327489,0.9439974,1.936239,0.3036784,0.7607195,1.992623,0.436024,0.7614514,1.821273,0.5011454,0.7204617,1.644011,0.5236409,0.7074488,1.588211,0.4949001,0.6663679,1.903469,0.5625746,0.4922742,1.875315,0.3756073,0.662428,1.875355,0.4091203,0.684863,1.947854,0.3447166,0.2898319,2.024967,0.4333307,0.03449291,1.998653,0.4309729,-0.211894,1.997671,0.507389,0.2949831,1.95694,0.3245071,0.04410404,1.88086,0.5747758,-0.1508112,1.975263,0.4140292,0.7466208,1.975724
72057594038042242,0,1.02776,106259.1,0.4322976,0.2913224,2.022342,0.4327489,0.9439974,1.936239,0.3036784,0.7607195,1.992623,0.436024,0.7614514,1.821273,0.5011454,0.7204617,1.644011,0.5236409,0.7074488,1.588211,0.4949001,0.6663679,1.903469,0.5625746,0.4922742,1.875315,0.3756073,0.662428,1.875355,0.4091203,0.684863,1.947854,0.3447166,0.2898319,2.024967,0.4333307,0.03449291,1.998653,0.4309729,-0.211894,1.997671,0.507389,0.2949831,1.95694,0.3245071,0.04410404,1.88086,0.5747758,-0.1508112,1.975263,0.4140292,0.7466208,1.975724
72057594038042242,0,1.02776,106259.2,0.4322976,0.2913224,2.022342,0.4327489,0.9439974,1.936239,0.3036784,0.7607195,1.992623,0.436024,0.7614514,1.821273,0.5011454,0.7204617,1.644011,0.5236409,0.7074488,1.588211,0.4949001,0.6663679,1.903469,0.5625746,0.4922742,1.875315,0.3756073,0.662428,1.875355,0.4091203,0.684863,1.947854,0.3447166,0.2898319,2.024967,0.4333307,0.03449291,1.998653,0.4309729,-0.211894,1.997671,0.507389,0.2949831,1.95694,0.3245071,0.04410404,1.88086,0.5747758,-0.1508112,1.975263,0.4140292,0.7466208,1.975724
72057594038042242,0,1.02776,106259.2,0.4322976,0.2913224,2.022342,0.4327489,0.9439974,1.936239,0.3036784,0.7607195,1.992623,0.436024,0.7614514,1.821273,0.5011454,0.7204617,1.644011,0.5236409,0.7074488,1.588211,0.4949001,0.6663679,1.903469,0.5625746,0.4922742,1.875315,0.3756073,0.662428,1.875355,0.4091203,0.684863,1.947854,0.3447166,0.2898319,2.024967,0.4333307,0.03449291,1.998653,0.4309729,-0.211894,1.997671,0.507389,0.2949831,1.95694,0.3245071,0.04410404,1.88086,0.5747758,-0.1508112,1.975263,0.4140292,0.7466208,1.975724
72057594038042242,0,1.02776,106259.2,0.4322976,0.2913224,2.022342,0.4327489,0.9439974,1.936239,0.3036784,0.7607195,1.992623,0.436024,0.7614514,1.821273,0.5011454,0.7204617,1.644011,0.5236409,0.7074488,1.588211,0.4949001,0.6663679,1.903469,0.5625746,0.4922742,1.875315,0.3756073,0.662428,1.875355,0.4091203,0.684863,1.947854,0.3447166,0.2898319,2.024967,0.4333307,0.03449291,1.998653,0.4309729,-0.211894,1.997671,0.507389,0.2949831,1.95694,0.3245071,0.04410404,1.88086,0.5747758,-0.1508112,1.975263,0.4140292,0.7466208,1.975724
72057594038042242,0,1.029265,106259.2,0.4328749,0.2896256,2.021938,0.4340315,0.9427851,1.934742,0.303675,0.7606121,1.992548,0.4378083,0.761047,1.820847,0.5029216,0.7200588,1.643586,0.5254176,0.7070457,1.587785,0.4960133,0.6642118,1.905077,0.5617909,0.4895371,1.874904,0.4659986,0.7177889,1.818747,0.4539844,0.736393,1.835436,0.3447056,0.2887172,2.024775,0.4333028,0.03456655,1.99872,0.4311333,-0.2107056,1.997934,0.5087815,0.2927161,1.956469,0.3392878,0.1017953,1.744539,0.5894991,-0.09350741,1.838836,0.414077,0.7463094,1.975509
72057594038042242,0,1.029265,106259.2,0.4328749,0.2896256,2.021938,0.4340315,0.9427851,1.934742,0.303675,0.7606121,1.992548,0.4378083,0.761047,1.820847,0.5029216,0.7200588,1.643586,0.5254176,0.7070457,1.587785,0.4960133,0.6642118,1.905077,0.5617909,0.4895371,1.874904,0.4659986,0.7177889,1.818747,0.4539844,0.736393,1.835436,0.3447056,0.2887172,2.024775,0.4333028,0.03456655,1.99872,0.4311333,-0.2107056,1.997934,0.5087815,0.2927161,1.956469,0.3392878,0.1017953,1.744539,0.5894991,-0.09350741,1.838836,0.414077,0.7463094,1.975509
72057594038042242,0,1.029265,106259.2,0.4328749,0.2896256,2.021938,0.4340315,0.9427851,1.934742,0.303675,0.7606121,1.992548,0.4378083,0.761047,1.820847,0.5029216,0.7200588,1.643586,0.5254176,0.7070457,1.587785,0.4960133,0.6642118,1.905077,0.5617909,0.4895371,1.874904,0.4659986,0.7177889,1.818747,0.4539844,0.736393,1.835436,0.3447056,0.2887172,2.024775,0.4333028,0.03456655,1.99872,0.4311333,-0.2107056,1.997934,0.5087815,0.2927161,1.956469,0.3392878,0.1017953,1.744539,0.5894991,-0.09350741,1.838836,0.414077,0.7463094,1.975509
72057594038042242,0,1.029265,106259.2,0.4328749,0.2896256,2.021938,0.4340315,0.9427851,1.934742,0.303675,0.7606121,1.992548,0.4378083,0.761047,1.820847,0.5029216,0.7200588,1.643586,0.5254176,0.7070457,1.587785,0.4960133,0.6642118,1.905077,0.5617909,0.4895371,1.874904,0.4659986,0.7177889,1.818747,0.4539844,0.736393,1.835436,0.3447056,0.2887172,2.024775,0.4333028,0.03456655,1.99872,0.4311333,-0.2107056,1.997934,0.5087815,0.2927161,1.956469,0.3392878,0.1017953,1.744539,0.5894991,-0.09350741,1.838836,0.414077,0.7463094,1.975509
72057594038042242,0,1.029265,106259.2,0.4328749,0.2896256,2.021938,0.4340315,0.9427851,1.934742,0.303675,0.7606121,1.992548,0.4378083,0.761047,1.820847,0.5029216,0.7200588,1.643586,0.5254176,0.7070457,1.587785,0.4960133,0.6642118,1.905077,0.5617909,0.4895371,1.874904,0.4659986,0.7177889,1.818747,0.4539844,0.736393,1.835436,0.3447056,0.2887172,2.024775,0.4333028,0.03456655,1.99872,0.4311333,-0.2107056,1.997934,0.5087815,0.2927161,1.956469,0.3392878,0.1017953,1.744539,0.5894991,-0.09350741,1.838836,0.414077,0.7463094,1.975509
72057594038042242,0,1.029265,106259.2,0.4328749,0.2896256,2.021938,0.4340315,0.9427851,1.934742,0.303675,0.7606121,1.992548,0.4378083,0.761047,1.820847,0.5029216,0.7200588,1.643586,0.5254176,0.7070457,1.587785,0.4960133,0.6642118,1.905077,0.5617909,0.4895371,1.874904,0.4659986,0.7177889,1.818747,0.4539844,0.736393,1.835436,0.3447056,0.2887172,2.024775,0.4333028,0.03456655,1.99872,0.4311333,-0.2107056,1.997934,0.5087815,0.2927161,1.956469,0.3392878,0.1017953,1.744539,0.5894991,-0.09350741,1.838836,0.414077,0.7463094,1.975509
72057594038042242,0,1.029265,106259.2,0.4328749,0.2896256,2.021938,0.4340315,0.9427851,1.934742,0.303675,0.7606121,1.992548,0.4378083,0.761047,1.820847,0.5029216,0.7200588,1.643586,0.5254176,0.7070457,1.587785,0.4960133,0.6642118,1.905077,0.5617909,0.4895371,1.874904,0.4659986,0.7177889,1.818747,0.4539844,0.736393,1.835436,0.3447056,0.2887172,2.024775,0.4333028,0.03456655,1.99872,0.4311333,-0.2107056,1.997934,0.5087815,0.2927161,1.956469,0.3392878,0.1017953,1.744539,0.5894991,-0.09350741,1.838836,0.414077,0.7463094,1.975509
72057594038042242,0,1.029265,106259.2,0.4328749,0.2896256,2.021938,0.4340315,0.9427851,1.934742,0.303675,0.7606121,1.992548,0.4378083,0.761047,1.820847,0.5029216,0.7200588,1.643586,0.5254176,0.7070457,1.587785,0.4960133,0.6642118,1.905077,0.5617909,0.4895371,1.874904,0.4659986,0.7177889,1.818747,0.4539844,0.736393,1.835436,0.3447056,0.2887172,2.024775,0.4333028,0.03456655,1.99872,0.4311333,-0.2107056,1.997934,0.5087815,0.2927161,1.956469,0.3392878,0.1017953,1.744539,0.5894991,-0.09350741,1.838836,0.414077,0.7463094,1.975509
72057594038042242,0,1.029265,106259.2,0.4328749,0.2896256,2.021938,0.4340315,0.9427851,1.934742,0.303675,0.7606121,1.992548,0.4378083,0.761047,1.820847,0.5029216,0.7200588,1.643586,0.5254176,0.7070457,1.587785,0.4960133,0.6642118,1.905077,0.5617909,0.4895371,1.874904,0.4659986,0.7177889,1.818747,0.4539844,0.736393,1.835436,0.3447056,0.2887172,2.024775,0.4333028,0.03456655,1.99872,0.4311333,-0.2107056,1.997934,0.5087815,0.2927161,1.956469,0.3392878,0.1017953,1.744539,0.5894991,-0.09350741,1.838836,0.414077,0.7463094,1.975509
72057594038042242,0,1.029265,106259.2,0.4328749,0.2896256,2.021938,0.4340315,0.9427851,1.934742,0.303675,0.7606121,1.992548,0.4378083,0.761047,1.820847,0.5029216,0.7200588,1.643586,0.5254176,0.7070457,1.587785,0.4960133,0.6642118,1.905077,0.5617909,0.4895371,1.874904,0.4659986,0.7177889,1.818747,0.4539844,0.736393,1.835436,0.3447056,0.2887172,2.024775,0.4333028,0.03456655,1.99872,0.4311333,-0.2107056,1.997934,0.5087815,0.2927161,1.956469,0.3392878,0.1017953,1.744539,0.5894991,-0.09350741,1.838836,0.414077,0.7463094,1.975509
72057594038042242,0,1.029482,106259.2,0.4331979,0.2895551,2.021887,0.4348292,0.9419075,1.933685,0.3039139,0.7603422,1.992221,0.4461062,0.749542,1.814453,0.5111794,0.7085971,1.637186,0.5336789,0.6955802,1.581383,0.4959737,0.6647987,1.906472,0.4983677,0.4768208,1.876372,0.449467,0.7185274,1.817958,0.4465205,0.7319356,1.818879,0.3451114,0.288334,2.023726,0.4330568,0.03349623,1.999243,0.4310441,-0.2101927,1.998081,0.5096115,0.2929164,1.957541,0.4099779,0.03810817,1.777519,0.6596504,-0.1567187,1.871855,0.4144047,0.7459533,1.975073
72057594038042242,0,1.029482,106259.2,0.4331979,0.2895551,2.021887,0.4348292,0.9419075,1.933685,0.3039139,0.7603422,1.992221,0.4461062,0.749542,1.814453,0.5111794,0.7085971,1.637186,0.5336789,0.6955802,1.581383,0.4959737,0.6647987,1.906472,0.4983677,0.4768208,1.876372,0.449467,0.7185274,1.817958,0.4465205,0.7319356,1.818879,0.3451114,0.288334,2.023726,0.4330568,0.03349623,1.999243,0.4310441,-0.2101927,1.998081,0.5096115,0.2929164,1.957541,0.4099779,0.03810817,1.777519,0.6596504,-0.1567187,1.871855,0.4144047,0.7459533,1.975073
72057594038042242,0,1.029482,106259.2,0.4331979,0.2895551,2.021887,0.4348292,0.9419075,1.933685,0.3039139,0.7603422,1.992221,0.4461062,0.749542,1.814453,0.5111794,0.7085971,1.637186,0.5336789,0.6955802,1.581383,0.4959737,0.6647987,1.906472,0.4983677,0.4768208,1.876372,0.449467,0.7185274,1.817958,0.4465205,0.7319356,1.818879,0.3451114,0.288334,2.023726,0.4330568,0.03349623,1.999243,0.4310441,-0.2101927,1.998081,0.5096115,0.2929164,1.957541,0.4099779,0.03810817,1.777519,0.6596504,-0.1567187,1.871855,0.4144047,0.7459533,1.975073
72057594038042242,0,1.029482,106259.2,0.4331979,0.2895551,2.021887,0.4348292,0.9419075,1.933685,0.3039139,0.7603422,1.992221,0.4461062,0.749542,1.814453,0.5111794,0.7085971,1.637186,0.5336789,0.6955802,1.581383,0.4959737,0.6647987,1.906472,0.4983677,0.4768208,1.876372,0.449467,0.7185274,1.817958,0.4465205,0.7319356,1.818879,0.3451114,0.288334,2.023726,0.4330568,0.03349623,1.999243,0.4310441,-0.2101927,1.998081,0.5096115,0.2929164,1.957541,0.4099779,0.03810817,1.777519,0.6596504,-0.1567187,1.871855,0.4144047,0.7459533,1.975073
72057594038042242,0,1.029482,106259.2,0.4331979,0.2895551,2.021887,0.4348292,0.9419075,1.933685,0.3039139,0.7603422,1.992221,0.4461062,0.749542,1.814453,0.5111794,0.7085971,1.637186,0.5336789,0.6955802,1.581383,0.4959737,0.6647987,1.906472,0.4983677,0.4768208,1.876372,0.449467,0.7185274,1.817958,0.4465205,0.7319356,1.818879,0.3451114,0.288334,2.023726,0.4330568,0.03349623,1.999243,0.4310441,-0.2101927,1.998081,0.5096115,0.2929164,1.957541,0.4099779,0.03810817,1.777519,0.6596504,-0.1567187,1.871855,0.4144047,0.7459533,1.975073
72057594038042242,0,1.029482,106259.2,0.4331979,0.2895551,2.021887,0.4348292,0.9419075,1.933685,0.3039139,0.7603422,1.992221,0.4461062,0.749542,1.814453,0.5111794,0.7085971,1.637186,0.5336789,0.6955802,1.581383,0.4959737,0.6647987,1.906472,0.4983677,0.4768208,1.876372,0.449467,0.7185274,1.817958,0.4465205,0.7319356,1.818879,0.3451114,0.288334,2.023726,0.4330568,0.03349623,1.999243,0.4310441,-0.2101927,1.998081,0.5096115,0.2929164,1.957541,0.4099779,0.03810817,1.777519,0.6596504,-0.1567187,1.871855,0.4144047,0.7459533,1.975073
72057594038042242,0,1.029482,106259.2,0.4331979,0.2895551,2.021887,0.4348292,0.9419075,1.933685,0.3039139,0.7603422,1.992221,0.4461062,0.749542,1.814453,0.5111794,0.7085971,1.637186,0.5336789,0.6955802,1.581383,0.4959737,0.6647987,1.906472,0.4983677,0.4768208,1.876372,0.449467,0.7185274,1.817958,0.4465205,0.7319356,1.818879,0.3451114,0.288334,2.023726,0.4330568,0.03349623,1.999243,0.4310441,-0.2101927,1.998081,0.5096115,0.2929164,1.957541,0.4099779,0.03810817,1.777519,0.6596504,-0.1567187,1.871855,0.4144047,0.7459533,1.975073
72057594038042242,0,1.029482,106259.2,0.4331979,0.2895551,2.021887,0.4348292,0.9419075,1.933685,0.3039139,0.7603422,1.992221,0.4461062,0.749542,1.814453,0.5111794,0.7085971,1.637186,0.5336789,0.6955802,1.581383,0.4959737,0.6647987,1.906472,0.4983677,0.4768208,1.876372,0.449467,0.7185274,1.817958,0.4465205,0.7319356,1.818879,0.3451114,0.288334,2.023726,0.4330568,0.03349623,1.999243,0.4310441,-0.2101927,1.998081,0.5096115,0.2929164,1.957541,0.4099779,0.03810817,1.777519,0.6596504,-0.1567187,1.871855,0.4144047,0.7459533,1.975073
72057594038042242,0,1.029482,106259.2,0.4331979,0.2895551,2.021887,0.4348292,0.9419075,1.933685,0.3039139,0.7603422,1.992221,0.4461062,0.749542,1.814453,0.5111794,0.7085971,1.637186,0.5336789,0.6955802,1.581383,0.4959737,0.6647987,1.906472,0.4983677,0.4768208,1.876372,0.449467,0.7185274,1.817958,0.4465205,0.7319356,1.818879,0.3451114,0.288334,2.023726,0.4330568,0.03349623,1.999243,0.4310441,-0.2101927,1.998081,0.5096115,0.2929164,1.957541,0.4099779,0.03810817,1.777519,0.6596504,-0.1567187,1.871855,0.4144047,0.7459533,1.975073
72057594038042242,0,1.029482,106259.2,0.4331979,0.2895551,2.021887,0.4348292,0.9419075,1.933685,0.3039139,0.7603422,1.992221,0.4461062,0.749542,1.814453,0.5111794,0.7085971,1.637186,0.5336789,0.6955802,1.581383,0.4959737,0.6647987,1.906472,0.4983677,0.4768208,1.876372,0.449467,0.7185274,1.817958,0.4465205,0.7319356,1.818879,0.3451114,0.288334,2.023726,0.4330568,0.03349623,1.999243,0.4310441,-0.2101927,1.998081,0.5096115,0.2929164,1.957541,0.4099779,0.03810817,1.777519,0.6596504,-0.1567187,1.871855,0.4144047,0.7459533,1.975073
72057594038042242,0,1.02711,106259.2,0.4327416,0.2911873,2.023673,0.4372155,0.943881,1.92984,0.3069812,0.7632858,1.989755,0.4466682,0.7493646,1.81376,0.5117388,0.7084199,1.636494,0.5342386,0.6954031,1.58069,0.4954787,0.6704783,1.905996,0.4996328,0.482417,1.877204,0.4503833,0.7237036,1.81721,0.4503077,0.7327933,1.818758,0.3450082,0.289541,2.02386,0.4330793,0.03364041,1.999292,0.4309739,-0.2105957,1.998017,0.5080609,0.295545,1.963329,0.4197914,0.04361904,1.772322,0.2950025,0.1112901,2.066912,0.416758,0.7483394,1.973252
72057594038042242,0,1.02711,106259.2,0.4327416,0.2911873,2.023673,0.4372155,0.943881,1.92984,0.3069812,0.7632858,1.989755,0.4466682,0.7493646,1.81376,0.5117388,0.7084199,1.636494,0.5342386,0.6954031,1.58069,0.4954787,0.6704783,1.905996,0.4996328,0.482417,1.877204,0.4503833,0.7237036,1.81721,0.4503077,0.7327933,1.818758,0.3450082,0.289541,2.02386,0.4330793,0.03364041,1.999292,0.4309739,-0.2105957,1.998017,0.5080609,0.295545,1.963329,0.4197914,0.04361904,1.772322,0.2950025,0.1112901,2.066912,0.416758,0.7483394,1.973252
72057594038042242,0,1.02711,106259.2,0.4327416,0.2911873,2.023673,0.4372155,0.943881,1.92984,0.3069812,0.7632858,1.989755,0.4466682,0.7493646,1.81376,0.5117388,0.7084199,1.636494,0.5342386,0.6954031,1.58069,0.4954787,0.6704783,1.905996,0.4996328,0.482417,1.877204,0.4503833,0.7237036,1.81721,0.4503077,0.7327933,1.818758,0.3450082,0.289541,2.02386,0.4330793,0.03364041,1.999292,0.4309739,-0.2105957,1.998017,0.5080609,0.295545,1.963329,0.4197914,0.04361904,1.772322,0.2950025,0.1112901,2.066912,0.416758,0.7483394,1.973252
72057594038042242,0,1.02711,106259.2,0.4327416,0.2911873,2.023673,0.4372155,0.943881,1.92984,0.3069812,0.7632858,1.989755,0.4466682,0.7493646,1.81376,0.5117388,0.7084199,1.636494,0.5342386,0.6954031,1.58069,0.4954787,0.6704783,1.905996,0.4996328,0.482417,1.877204,0.4503833,0.7237036,1.81721,0.4503077,0.7327933,1.818758,0.3450082,0.289541,2.02386,0.4330793,0.03364041,1.999292,0.4309739,-0.2105957,1.998017,0.5080609,0.295545,1.963329,0.4197914,0.04361904,1.772322,0.2950025,0.1112901,2.066912,0.416758,0.7483394,1.973252
72057594038042242,0,1.02711,106259.2,0.4327416,0.2911873,2.023673,0.4372155,0.943881,1.92984,0.3069812,0.7632858,1.989755,0.4466682,0.7493646,1.81376,0.5117388,0.7084199,1.636494,0.5342386,0.6954031,1.58069,0.4954787,0.6704783,1.905996,0.4996328,0.482417,1.877204,0.4503833,0.7237036,1.81721,0.4503077,0.7327933,1.818758,0.3450082,0.289541,2.02386,0.4330793,0.03364041,1.999292,0.4309739,-0.2105957,1.998017,0.5080609,0.295545,1.963329,0.4197914,0.04361904,1.772322,0.2950025,0.1112901,2.066912,0.416758,0.7483394,1.973252
72057594038042242,0,1.02711,106259.3,0.4327416,0.2911873,2.023673,0.4372155,0.943881,1.92984,0.3069812,0.7632858,1.989755,0.4466682,0.7493646,1.81376,0.5117388,0.7084199,1.636494,0.5342386,0.6954031,1.58069,0.4954787,0.6704783,1.905996,0.4996328,0.482417,1.877204,0.4503833,0.7237036,1.81721,0.4503077,0.7327933,1.818758,0.3450082,0.289541,2.02386,0.4330793,0.03364041,1.999292,0.4309739,-0.2105957,1.998017,0.5080609,0.295545,1.963329,0.4197914,0.04361904,1.772322,0.2950025,0.1112901,2.066912,0.416758,0.7483394,1.973252
72057594038042242,0,1.02711,106259.3,0.4327416,0.2911873,2.023673,0.4372155,0.943881,1.92984,0.3069812,0.7632858,1.989755,0.4466682,0.7493646,1.81376,0.5117388,0.7084199,1.636494,0.5342386,0.6954031,1.58069,0.4954787,0.6704783,1.905996,0.4996328,0.482417,1.877204,0.4503833,0.7237036,1.81721,0.4503077,0.7327933,1.818758,0.3450082,0.289541,2.02386,0.4330793,0.03364041,1.999292,0.4309739,-0.2105957,1.998017,0.5080609,0.295545,1.963329,0.4197914,0.04361904,1.772322,0.2950025,0.1112901,2.066912,0.416758,0.7483394,1.973252
72057594038042242,0,1.02711,106259.3,0.4327416,0.2911873,2.023673,0.4372155,0.943881,1.92984,0.3069812,0.7632858,1.989755,0.4466682,0.7493646,1.81376,0.5117388,0.7084199,1.636494,0.5342386,0.6954031,1.58069,0.4954787,0.6704783,1.905996,0.4996328,0.482417,1.877204,0.4503833,0.7237036,1.81721,0.4503077,0.7327933,1.818758,0.3450082,0.289541,2.02386,0.4330793,0.03364041,1.999292,0.4309739,-0.2105957,1.998017,0.5080609,0.295545,1.963329,0.4197914,0.04361904,1.772322,0.2950025,0.1112901,2.066912,0.416758,0.7483394,1.973252
72057594038042242,0,1.02711,106259.3,0.4327416,0.2911873,2.023673,0.4372155,0.943881,1.92984,0.3069812,0.7632858,1.989755,0.4466682,0.7493646,1.81376,0.5117388,0.7084199,1.636494,0.5342386,0.6954031,1.58069,0.4954787,0.6704783,1.905996,0.4996328,0.482417,1.877204,0.4503833,0.7237036,1.81721,0.4503077,0.7327933,1.818758,0.3450082,0.289541,2.02386,0.4330793,0.03364041,1.999292,0.4309739,-0.2105957,1.998017,0.5080609,0.295545,1.963329,0.4197914,0.04361904,1.772322,0.2950025,0.1112901,2.066912,0.416758,0.7483394,1.973252
72057594038042242,0,1.02711,106259.3,0.4327416,0.2911873,2.023673,0.4372155,0.943881,1.92984,0.3069812,0.7632858,1.989755,0.4466682,0.7493646,1.81376,0.5117388,0.7084199,1.636494,0.5342386,0.6954031,1.58069,0.4954787,0.6704783,1.905996,0.4996328,0.482417,1.877204,0.4503833,0.7237036,1.81721,0.4503077,0.7327933,1.818758,0.3450082,0.289541,2.02386,0.4330793,0.03364041,1.999292,0.4309739,-0.2105957,1.998017,0.5080609,0.295545,1.963329,0.4197914,0.04361904,1.772322,0.2950025,0.1112901,2.066912,0.416758,0.7483394,1.973252
72057594038042242,0,1.02711,106259.3,0.4327416,0.2911873,2.023673,0.4372155,0.943881,1.92984,0.3069812,0.7632858,1.989755,0.4466682,0.7493646,1.81376,0.5117388,0.7084199,1.636494,0.5342386,0.6954031,1.58069,0.4954787,0.6704783,1.905996,0.4996328,0.482417,1.877204,0.4503833,0.7237036,1.81721,0.4503077,0.7327933,1.818758,0.3450082,0.289541,2.02386,0.4330793,0.03364041,1.999292,0.4309739,-0.2105957,1.998017,0.5080609,0.295545,1.963329,0.4197914,0.04361904,1.772322,0.2950025,0.1112901,2.066912,0.416758,0.7483394,1.973252
72057594038042242,0,1.026768,106259.3,0.4338281,0.2923296,2.023909,0.4384357,0.9457895,1.927177,0.3086995,0.7658138,1.988063,0.450338,0.7479635,1.811207,0.5153912,0.7070228,1.633942,0.5378923,0.6940053,1.578137,0.4944021,0.6733902,1.906249,0.5149752,0.486518,1.880162,0.4651398,0.7276142,1.81989,0.4569975,0.729057,1.832257,0.3465765,0.2908661,2.022427,0.4330271,0.03368491,1.999463,0.4305803,-0.2117234,1.998542,0.5091797,0.2970555,1.965013,0.4194123,0.04414842,1.77628,0.2939905,0.1152436,2.069878,0.4185655,0.75071,1.971618
72057594038042242,0,1.026768,106259.3,0.4338281,0.2923296,2.023909,0.4384357,0.9457895,1.927177,0.3086995,0.7658138,1.988063,0.450338,0.7479635,1.811207,0.5153912,0.7070228,1.633942,0.5378923,0.6940053,1.578137,0.4944021,0.6733902,1.906249,0.5149752,0.486518,1.880162,0.4651398,0.7276142,1.81989,0.4569975,0.729057,1.832257,0.3465765,0.2908661,2.022427,0.4330271,0.03368491,1.999463,0.4305803,-0.2117234,1.998542,0.5091797,0.2970555,1.965013,0.4194123,0.04414842,1.77628,0.2939905,0.1152436,2.069878,0.4185655,0.75071,1.971618
72057594038042242,0,1.026768,106259.3,0.4338281,0.2923296,2.023909,0.4384357,0.9457895,1.927177,0.3086995,0.7658138,1.988063,0.450338,0.7479635,1.811207,0.5153912,0.7070228,1.633942,0.5378923,0.6940053,1.578137,0.4944021,0.6733902,1.906249,0.5149752,0.486518,1.880162,0.4651398,0.7276142,1.81989,0.4569975,0.729057,1.832257,0.3465765,0.2908661,2.022427,0.4330271,0.03368491,1.999463,0.4305803,-0.2117234,1.998542,0.5091797,0.2970555,1.965013,0.4194123,0.04414842,1.77628,0.2939905,0.1152436,2.069878,0.4185655,0.75071,1.971618
72057594038042242,0,1.026768,106259.3,0.4338281,0.2923296,2.023909,0.4384357,0.9457895,1.927177,0.3086995,0.7658138,1.988063,0.450338,0.7479635,1.811207,0.5153912,0.7070228,1.633942,0.5378923,0.6940053,1.578137,0.4944021,0.6733902,1.906249,0.5149752,0.486518,1.880162,0.4651398,0.7276142,1.81989,0.4569975,0.729057,1.832257,0.3465765,0.2908661,2.022427,0.4330271,0.03368491,1.999463,0.4305803,-0.2117234,1.998542,0.5091797,0.2970555,1.965013,0.4194123,0.04414842,1.77628,0.2939905,0.1152436,2.069878,0.4185655,0.75071,1.971618
72057594038042242,0,1.026768,106259.3,0.4338281,0.2923296,2.023909,0.4384357,0.9457895,1.927177,0.3086995,0.7658138,1.988063,0.450338,0.7479635,1.811207,0.5153912,0.7070228,1.633942,0.5378923,0.6940053,1.578137,0.4944021,0.6733902,1.906249,0.5149752,0.486518,1.880162,0.4651398,0.7276142,1.81989,0.4569975,0.729057,1.832257,0.3465765,0.2908661,2.022427,0.4330271,0.03368491,1.999463,0.4305803,-0.2117234,1.998542,0.5091797,0.2970555,1.965013,0.4194123,0.04414842,1.77628,0.2939905,0.1152436,2.069878,0.4185655,0.75071,1.971618
72057594038042242,0,1.026768,106259.3,0.4338281,0.2923296,2.023909,0.4384357,0.9457895,1.927177,0.3086995,0.7658138,1.988063,0.450338,0.7479635,1.811207,0.5153912,0.7070228,1.633942,0.5378923,0.6940053,1.578137,0.4944021,0.6733902,1.906249,0.5149752,0.486518,1.880162,0.4651398,0.7276142,1.81989,0.4569975,0.729057,1.832257,0.3465765,0.2908661,2.022427,0.4330271,0.03368491,1.999463,0.4305803,-0.2117234,1.998542,0.5091797,0.2970555,1.965013,0.4194123,0.04414842,1.77628,0.2939905,0.1152436,2.069878,0.4185655,0.75071,1.971618
72057594038042242,0,1.026768,106259.3,0.4338281,0.2923296,2.023909,0.4384357,0.9457895,1.927177,0.3086995,0.7658138,1.988063,0.450338,0.7479635,1.811207,0.5153912,0.7070228,1.633942,0.5378923,0.6940053,1.578137,0.4944021,0.6733902,1.906249,0.5149752,0.486518,1.880162,0.4651398,0.7276142,1.81989,0.4569975,0.729057,1.832257,0.3465765,0.2908661,2.022427,0.4330271,0.03368491,1.999463,0.4305803,-0.2117234,1.998542,0.5091797,0.2970555,1.965013,0.4194123,0.04414842,1.77628,0.2939905,0.1152436,2.069878,0.4185655,0.75071,1.971618
72057594038042242,0,1.026768,106259.3,0.4338281,0.2923296,2.023909,0.4384357,0.9457895,1.927177,0.3086995,0.7658138,1.988063,0.450338,0.7479635,1.811207,0.5153912,0.7070228,1.633942,0.5378923,0.6940053,1.578137,0.4944021,0.6733902,1.906249,0.5149752,0.486518,1.880162,0.4651398,0.7276142,1.81989,0.4569975,0.729057,1.832257,0.3465765,0.2908661,2.022427,0.4330271,0.03368491,1.999463,0.4305803,-0.2117234,1.998542,0.5091797,0.2970555,1.965013,0.4194123,0.04414842,1.77628,0.2939905,0.1152436,2.069878,0.4185655,0.75071,1.971618
72057594038042242,0,1.026768,106259.3,0.4338281,0.2923296,2.023909,0.4384357,0.9457895,1.927177,0.3086995,0.7658138,1.988063,0.450338,0.7479635,1.811207,0.5153912,0.7070228,1.633942,0.5378923,0.6940053,1.578137,0.4944021,0.6733902,1.906249,0.5149752,0.486518,1.880162,0.4651398,0.7276142,1.81989,0.4569975,0.729057,1.832257,0.3465765,0.2908661,2.022427,0.4330271,0.03368491,1.999463,0.4305803,-0.2117234,1.998542,0.5091797,0.2970555,1.965013,0.4194123,0.04414842,1.77628,0.2939905,0.1152436,2.069878,0.4185655,0.75071,1.971618
72057594038042242,0,1.027243,106259.3,0.4348311,0.291297,2.024714,0.4387869,0.9448701,1.926883,0.3113435,0.7627705,1.984635,0.453117,0.7765344,1.805962,0.5181583,0.7354703,1.628724,0.5406598,0.7224613,1.572916,0.4955475,0.6715745,1.907078,0.5203186,0.4853736,1.880101,0.4702856,0.7266189,1.820696,0.4653389,0.7236724,1.841662,0.3468271,0.2902325,2.022272,0.4322174,0.03072041,2.001188,0.4305213,-0.2114677,1.9986,0.5114168,0.2952498,1.967445,0.4166108,0.04701209,1.774182,0.2902491,0.1214492,2.06664,0.4210596,0.7479524,1.968775
72057594038042242,0,1.027243,106259.3,0.4348311,0.291297,2.024714,0.4387869,0.9448701,1.926883,0.3113435,0.7627705,1.984635,0.453117,0.7765344,1.805962,0.5181583,0.7354703,1.628724,0.5406598,0.7224613,1.572916,0.4955475,0.6715745,1.907078,0.5203186,0.4853736,1.880101,0.4702856,0.7266189,1.820696,0.4653389,0.7236724,1.841662,0.3468271,0.2902325,2.022272,0.4322174,0.03072041,2.001188,0.4305213,-0.2114677,1.9986,0.5114168,0.2952498,1.967445,0.4166108,0.04701209,1.774182,0.2902491,0.1214492,2.06664,0.4210596,0.7479524,1.968775
72057594038042242,0,1.027243,106259.3,0.4348311,0.291297,2.024714,0.4387869,0.9448701,1.926883,0.3113435,0.7627705,1.984635,0.453117,0.7765344,1.805962,0.5181583,0.7354703,1.628724,0.5406598,0.7224613,1.572916,0.4955475,0.6715745,1.907078,0.5203186,0.4853736,1.880101,0.4702856,0.7266189,1.820696,0.4653389,0.7236724,1.841662,0.3468271,0.2902325,2.022272,0.4322174,0.03072041,2.001188,0.4305213,-0.2114677,1.9986,0.5114168,0.2952498,1.967445,0.4166108,0.04701209,1.774182,0.2902491,0.1214492,2.06664,0.4210596,0.7479524,1.968775
72057594038042242,0,1.027243,106259.3,0.4348311,0.291297,2.024714,0.4387869,0.9448701,1.926883,0.3113435,0.7627705,1.984635,0.453117,0.7765344,1.805962,0.5181583,0.7354703,1.628724,0.5406598,0.7224613,1.572916,0.4955475,0.6715745,1.907078,0.5203186,0.4853736,1.880101,0.4702856,0.7266189,1.820696,0.4653389,0.7236724,1.841662,0.3468271,0.2902325,2.022272,0.4322174,0.03072041,2.001188,0.4305213,-0.2114677,1.9986,0.5114168,0.2952498,1.967445,0.4166108,0.04701209,1.774182,0.2902491,0.1214492,2.06664,0.4210596,0.7479524,1.968775
72057594038042242,0,1.027243,106259.3,0.4348311,0.291297,2.024714,0.4387869,0.9448701,1.926883,0.3113435,0.7627705,1.984635,0.453117,0.7765344,1.805962,0.5181583,0.7354703,1.628724,0.5406598,0.7224613,1.572916,0.4955475,0.6715745,1.907078,0.5203186,0.4853736,1.880101,0.4702856,0.7266189,1.820696,0.4653389,0.7236724,1.841662,0.3468271,0.2902325,2.022272,0.4322174,0.03072041,2.001188,0.4305213,-0.2114677,1.9986,0.5114168,0.2952498,1.967445,0.4166108,0.04701209,1.774182,0.2902491,0.1214492,2.06664,0.4210596,0.7479524,1.968775
72057594038042242,0,1.027243,106259.3,0.4348311,0.291297,2.024714,0.4387869,0.9448701,1.926883,0.3113435,0.7627705,1.984635,0.453117,0.7765344,1.805962,0.5181583,0.7354703,1.628724,0.5406598,0.7224613,1.572916,0.4955475,0.6715745,1.907078,0.5203186,0.4853736,1.880101,0.4702856,0.7266189,1.820696,0.4653389,0.7236724,1.841662,0.3468271,0.2902325,2.022272,0.4322174,0.03072041,2.001188,0.4305213,-0.2114677,1.9986,0.5114168,0.2952498,1.967445,0.4166108,0.04701209,1.774182,0.2902491,0.1214492,2.06664,0.4210596,0.7479524,1.968775
72057594038042242,0,1.027243,106259.3,0.4348311,0.291297,2.024714,0.4387869,0.9448701,1.926883,0.3113435,0.7627705,1.984635,0.453117,0.7765344,1.805962,0.5181583,0.7354703,1.628724,0.5406598,0.7224613,1.572916,0.4955475,0.6715745,1.907078,0.5203186,0.4853736,1.880101,0.4702856,0.7266189,1.820696,0.4653389,0.7236724,1.841662,0.3468271,0.2902325,2.022272,0.4322174,0.03072041,2.001188,0.4305213,-0.2114677,1.9986,0.5114168,0.2952498,1.967445,0.4166108,0.04701209,1.774182,0.2902491,0.1214492,2.06664,0.4210596,0.7479524,1.968775
72057594038042242,0,1.027243,106259.3,0.4348311,0.291297,2.024714,0.4387869,0.9448701,1.926883,0.3113435,0.7627705,1.984635,0.453117,0.7765344,1.805962,0.5181583,0.7354703,1.628724,0.5406598,0.7224613,1.572916,0.4955475,0.6715745,1.907078,0.5203186,0.4853736,1.880101,0.4702856,0.7266189,1.820696,0.4653389,0.7236724,1.841662,0.3468271,0.2902325,2.022272,0.4322174,0.03072041,2.001188,0.4305213,-0.2114677,1.9986,0.5114168,0.2952498,1.967445,0.4166108,0.04701209,1.774182,0.2902491,0.1214492,2.06664,0.4210596,0.7479524,1.968775
72057594038042242,0,1.027243,106259.3,0.4348311,0.291297,2.024714,0.4387869,0.9448701,1.926883,0.3113435,0.7627705,1.984635,0.453117,0.7765344,1.805962,0.5181583,0.7354703,1.628724,0.5406598,0.7224613,1.572916,0.4955475,0.6715745,1.907078,0.5203186,0.4853736,1.880101,0.4702856,0.7266189,1.820696,0.4653389,0.7236724,1.841662,0.3468271,0.2902325,2.022272,0.4322174,0.03072041,2.001188,0.4305213,-0.2114677,1.9986,0.5114168,0.2952498,1.967445,0.4166108,0.04701209,1.774182,0.2902491,0.1214492,2.06664,0.4210596,0.7479524,1.968775
72057594038042242,0,1.027243,106259.3,0.4348311,0.291297,2.024714,0.4387869,0.9448701,1.926883,0.3113435,0.7627705,1.984635,0.453117,0.7765344,1.805962,0.5181583,0.7354703,1.628724,0.5406598,0.7224613,1.572916,0.4955475,0.6715745,1.907078,0.5203186,0.4853736,1.880101,0.4702856,0.7266189,1.820696,0.4653389,0.7236724,1.841662,0.3468271,0.2902325,2.022272,0.4322174,0.03072041,2.001188,0.4305213,-0.2114677,1.9986,0.5114168,0.2952498,1.967445,0.4166108,0.04701209,1.774182,0.2902491,0.1214492,2.06664,0.4210596,0.7479524,1.968775
72057594038042242,0,1.027243,106259.3,0.4348311,0.291297,2.024714,0.4387869,0.9448701,1.926883,0.3113435,0.7627705,1.984635,0.453117,0.7765344,1.805962,0.5181583,0.7354703,1.628724,0.5406598,0.7224613,1.572916,0.4955475,0.6715745,1.907078,0.5203186,0.4853736,1.880101,0.4702856,0.7266189,1.820696,0.4653389,0.7236724,1.841662,0.3468271,0.2902325,2.022272,0.4322174,0.03072041,2.001188,0.4305213,-0.2114677,1.9986,0.5114168,0.2952498,1.967445,0.4166108,0.04701209,1.774182,0.2902491,0.1214492,2.06664,0.4210596,0.7479524,1.968775
72057594038042242,0,1.026877,106259.3,0.4351575,0.290806,2.025859,0.4392571,0.9441531,1.926455,0.3120475,0.7622153,1.984457,0.4532169,0.7800358,1.806031,0.5182582,0.7389573,1.628797,0.5407594,0.7259493,1.572989,0.4950219,0.6712425,1.908776,0.5188169,0.4849994,1.880431,0.4682342,0.7259407,1.820086,0.4646639,0.7318299,1.837011,0.3469008,0.2898956,2.022378,0.4314801,0.02035901,2.00627,0.4299434,-0.2120724,1.999693,0.5118616,0.2947213,1.969922,0.4150358,0.04175085,1.785214,0.2889141,0.1234781,2.075972,0.4217358,0.7474042,1.968644
72057594038042242,0,1.026877,106259.3,0.4351575,0.290806,2.025859,0.4392571,0.9441531,1.926455,0.3120475,0.7622153,1.984457,0.4532169,0.7800358,1.806031,0.5182582,0.7389573,1.628797,0.5407594,0.7259493,1.572989,0.4950219,0.6712425,1.908776,0.5188169,0.4849994,1.880431,0.4682342,0.7259407,1.820086,0.4646639,0.7318299,1.837011,0.3469008,0.2898956,2.022378,0.4314801,0.02035901,2.00627,0.4299434,-0.2120724,1.999693,0.5118616,0.2947213,1.969922,0.4150358,0.04175085,1.785214,0.2889141,0.1234781,2.075972,0.4217358,0.7474042,1.968644
72057594038042242,0,1.026877,106259.3,0.4351575,0.290806,2.025859,0.4392571,0.9441531,1.926455,0.3120475,0.7622153,1.984457,0.4532169,0.7800358,1.806031,0.5182582,0.7389573,1.628797,0.5407594,0.7259493,1.572989,0.4950219,0.6712425,1.908776,0.5188169,0.4849994,1.880431,0.4682342,0.7259407,1.820086,0.4646639,0.7318299,1.837011,0.3469008,0.2898956,2.022378,0.4314801,0.02035901,2.00627,0.4299434,-0.2120724,1.999693,0.5118616,0.2947213,1.969922,0.4150358,0.04175085,1.785214,0.2889141,0.1234781,2.075972,0.4217358,0.7474042,1.968644
72057594038042242,0,1.026877,106259.3,0.4351575,0.290806,2.025859,0.4392571,0.9441531,1.926455,0.3120475,0.7622153,1.984457,0.4532169,0.7800358,1.806031,0.5182582,0.7389573,1.628797,0.5407594,0.7259493,1.572989,0.4950219,0.6712425,1.908776,0.5188169,0.4849994,1.880431,0.4682342,0.7259407,1.820086,0.4646639,0.7318299,1.837011,0.3469008,0.2898956,2.022378,0.4314801,0.02035901,2.00627,0.4299434,-0.2120724,1.999693,0.5118616,0.2947213,1.969922,0.4150358,0.04175085,1.785214,0.2889141,0.1234781,2.075972,0.4217358,0.7474042,1.968644
72057594038042242,0,1.026877,106259.3,0.4351575,0.290806,2.025859,0.4392571,0.9441531,1.926455,0.3120475,0.7622153,1.984457,0.4532169,0.7800358,1.806031,0.5182582,0.7389573,1.628797,0.5407594,0.7259493,1.572989,0.4950219,0.6712425,1.908776,0.5188169,0.4849994,1.880431,0.4682342,0.7259407,1.820086,0.4646639,0.7318299,1.837011,0.3469008,0.2898956,2.022378,0.4314801,0.02035901,2.00627,0.4299434,-0.2120724,1.999693,0.5118616,0.2947213,1.969922,0.4150358,0.04175085,1.785214,0.2889141,0.1234781,2.075972,0.4217358,0.7474042,1.968644
72057594038042242,0,1.026877,106259.3,0.4351575,0.290806,2.025859,0.4392571,0.9441531,1.926455,0.3120475,0.7622153,1.984457,0.4532169,0.7800358,1.806031,0.5182582,0.7389573,1.628797,0.5407594,0.7259493,1.572989,0.4950219,0.6712425,1.908776,0.5188169,0.4849994,1.880431,0.4682342,0.7259407,1.820086,0.4646639,0.7318299,1.837011,0.3469008,0.2898956,2.022378,0.4314801,0.02035901,2.00627,0.4299434,-0.2120724,1.999693,0.5118616,0.2947213,1.969922,0.4150358,0.04175085,1.785214,0.2889141,0.1234781,2.075972,0.4217358,0.7474042,1.968644
72057594038042242,0,1.026877,106259.4,0.4351575,0.290806,2.025859,0.4392571,0.9441531,1.926455,0.3120475,0.7622153,1.984457,0.4532169,0.7800358,1.806031,0.5182582,0.7389573,1.628797,0.5407594,0.7259493,1.572989,0.4950219,0.6712425,1.908776,0.5188169,0.4849994,1.880431,0.4682342,0.7259407,1.820086,0.4646639,0.7318299,1.837011,0.3469008,0.2898956,2.022378,0.4314801,0.02035901,2.00627,0.4299434,-0.2120724,1.999693,0.5118616,0.2947213,1.969922,0.4150358,0.04175085,1.785214,0.2889141,0.1234781,2.075972,0.4217358,0.7474042,1.968644
72057594038042242,0,1.026877,106259.4,0.4351575,0.290806,2.025859,0.4392571,0.9441531,1.926455,0.3120475,0.7622153,1.984457,0.4532169,0.7800358,1.806031,0.5182582,0.7389573,1.628797,0.5407594,0.7259493,1.572989,0.4950219,0.6712425,1.908776,0.5188169,0.4849994,1.880431,0.4682342,0.7259407,1.820086,0.4646639,0.7318299,1.837011,0.3469008,0.2898956,2.022378,0.4314801,0.02035901,2.00627,0.4299434,-0.2120724,1.999693,0.5118616,0.2947213,1.969922,0.4150358,0.04175085,1.785214,0.2889141,0.1234781,2.075972,0.4217358,0.7474042,1.968644
72057594038042242,0,1.026877,106259.4,0.4351575,0.290806,2.025859,0.4392571,0.9441531,1.926455,0.3120475,0.7622153,1.984457,0.4532169,0.7800358,1.806031,0.5182582,0.7389573,1.628797,0.5407594,0.7259493,1.572989,0.4950219,0.6712425,1.908776,0.5188169,0.4849994,1.880431,0.4682342,0.7259407,1.820086,0.4646639,0.7318299,1.837011,0.3469008,0.2898956,2.022378,0.4314801,0.02035901,2.00627,0.4299434,-0.2120724,1.999693,0.5118616,0.2947213,1.969922,0.4150358,0.04175085,1.785214,0.2889141,0.1234781,2.075972,0.4217358,0.7474042,1.968644
72057594038042242,0,1.026877,106259.4,0.4351575,0.290806,2.025859,0.4392571,0.9441531,1.926455,0.3120475,0.7622153,1.984457,0.4532169,0.7800358,1.806031,0.5182582,0.7389573,1.628797,0.5407594,0.7259493,1.572989,0.4950219,0.6712425,1.908776,0.5188169,0.4849994,1.880431,0.4682342,0.7259407,1.820086,0.4646639,0.7318299,1.837011,0.3469008,0.2898956,2.022378,0.4314801,0.02035901,2.00627,0.4299434,-0.2120724,1.999693,0.5118616,0.2947213,1.969922,0.4150358,0.04175085,1.785214,0.2889141,0.1234781,2.075972,0.4217358,0.7474042,1.968644
72057594038042242,0,1.02662,106259.4,0.4358923,0.2905349,2.026927,0.4397567,0.9434987,1.925691,0.31347,0.7613731,1.983471,0.4538164,0.7799842,1.805834,0.5188551,0.7389059,1.628601,0.5413564,0.7258979,1.572793,0.4951123,0.6713174,1.909162,0.5209715,0.4853899,1.880854,0.4681657,0.7255884,1.819166,0.4705681,0.7287856,1.840421,0.3470197,0.289721,2.022617,0.4313643,0.02059245,2.006394,0.4300276,-0.2120759,1.999676,0.5131553,0.294412,1.971494,0.4137354,0.04452559,1.783367,0.2861051,0.1210495,2.074798,0.423068,0.7466388,1.967869
72057594038042242,0,1.02662,106259.4,0.4358923,0.2905349,2.026927,0.4397567,0.9434987,1.925691,0.31347,0.7613731,1.983471,0.4538164,0.7799842,1.805834,0.5188551,0.7389059,1.628601,0.5413564,0.7258979,1.572793,0.4951123,0.6713174,1.909162,0.5209715,0.4853899,1.880854,0.4681657,0.7255884,1.819166,0.4705681,0.7287856,1.840421,0.3470197,0.289721,2.022617,0.4313643,0.02059245,2.006394,0.4300276,-0.2120759,1.999676,0.5131553,0.294412,1.971494,0.4137354,0.04452559,1.783367,0.2861051,0.1210495,2.074798,0.423068,0.7466388,1.967869
72057594038042242,0,1.02662,106259.4,0.4358923,0.2905349,2.026927,0.4397567,0.9434987,1.925691,0.31347,0.7613731,1.983471,0.4538164,0.7799842,1.805834,0.5188551,0.7389059,1.628601,0.5413564,0.7258979,1.572793,0.4951123,0.6713174,1.909162,0.5209715,0.4853899,1.880854,0.4681657,0.7255884,1.819166,0.4705681,0.7287856,1.840421,0.3470197,0.289721,2.022617,0.4313643,0.02059245,2.006394,0.4300276,-0.2120759,1.999676,0.5131553,0.294412,1.971494,0.4137354,0.04452559,1.783367,0.2861051,0.1210495,2.074798,0.423068,0.7466388,1.967869
72057594038042242,0,1.02662,106259.4,0.4358923,0.2905349,2.026927,0.4397567,0.9434987,1.925691,0.31347,0.7613731,1.983471,0.4538164,0.7799842,1.805834,0.5188551,0.7389059,1.628601,0.5413564,0.7258979,1.572793,0.4951123,0.6713174,1.909162,0.5209715,0.4853899,1.880854,0.4681657,0.7255884,1.819166,0.4705681,0.7287856,1.840421,0.3470197,0.289721,2.022617,0.4313643,0.02059245,2.006394,0.4300276,-0.2120759,1.999676,0.5131553,0.294412,1.971494,0.4137354,0.04452559,1.783367,0.2861051,0.1210495,2.074798,0.423068,0.7466388,1.967869
72057594038042242,0,1.02662,106259.4,0.4358923,0.2905349,2.026927,0.4397567,0.9434987,1.925691,0.31347,0.7613731,1.983471,0.4538164,0.7799842,1.805834,0.5188551,0.7389059,1.628601,0.5413564,0.7258979,1.572793,0.4951123,0.6713174,1.909162,0.5209715,0.4853899,1.880854,0.4681657,0.7255884,1.819166,0.4705681,0.7287856,1.840421,0.3470197,0.289721,2.022617,0.4313643,0.02059245,2.006394,0.4300276,-0.2120759,1.999676,0.5131553,0.294412,1.971494,0.4137354,0.04452559,1.783367,0.2861051,0.1210495,2.074798,0.423068,0.7466388,1.967869
72057594038042242,0,1.02662,106259.4,0.4358923,0.2905349,2.026927,0.4397567,0.9434987,1.925691,0.31347,0.7613731,1.983471,0.4538164,0.7799842,1.805834,0.5188551,0.7389059,1.628601,0.5413564,0.7258979,1.572793,0.4951123,0.6713174,1.909162,0.5209715,0.4853899,1.880854,0.4681657,0.7255884,1.819166,0.4705681,0.7287856,1.840421,0.3470197,0.289721,2.022617,0.4313643,0.02059245,2.006394,0.4300276,-0.2120759,1.999676,0.5131553,0.294412,1.971494,0.4137354,0.04452559,1.783367,0.2861051,0.1210495,2.074798,0.423068,0.7466388,1.967869
72057594038042242,0,1.02662,106259.4,0.4358923,0.2905349,2.026927,0.4397567,0.9434987,1.925691,0.31347,0.7613731,1.983471,0.4538164,0.7799842,1.805834,0.5188551,0.7389059,1.628601,0.5413564,0.7258979,1.572793,0.4951123,0.6713174,1.909162,0.5209715,0.4853899,1.880854,0.4681657,0.7255884,1.819166,0.4705681,0.7287856,1.840421,0.3470197,0.289721,2.022617,0.4313643,0.02059245,2.006394,0.4300276,-0.2120759,1.999676,0.5131553,0.294412,1.971494,0.4137354,0.04452559,1.783367,0.2861051,0.1210495,2.074798,0.423068,0.7466388,1.967869
72057594038042242,0,1.02662,106259.4,0.4358923,0.2905349,2.026927,0.4397567,0.9434987,1.925691,0.31347,0.7613731,1.983471,0.4538164,0.7799842,1.805834,0.5188551,0.7389059,1.628601,0.5413564,0.7258979,1.572793,0.4951123,0.6713174,1.909162,0.5209715,0.4853899,1.880854,0.4681657,0.7255884,1.819166,0.4705681,0.7287856,1.840421,0.3470197,0.289721,2.022617,0.4313643,0.02059245,2.006394,0.4300276,-0.2120759,1.999676,0.5131553,0.294412,1.971494,0.4137354,0.04452559,1.783367,0.2861051,0.1210495,2.074798,0.423068,0.7466388,1.967869
72057594038042242,0,1.02662,106259.4,0.4358923,0.2905349,2.026927,0.4397567,0.9434987,1.925691,0.31347,0.7613731,1.983471,0.4538164,0.7799842,1.805834,0.5188551,0.7389059,1.628601,0.5413564,0.7258979,1.572793,0.4951123,0.6713174,1.909162,0.5209715,0.4853899,1.880854,0.4681657,0.7255884,1.819166,0.4705681,0.7287856,1.840421,0.3470197,0.289721,2.022617,0.4313643,0.02059245,2.006394,0.4300276,-0.2120759,1.999676,0.5131553,0.294412,1.971494,0.4137354,0.04452559,1.783367,0.2861051,0.1210495,2.074798,0.423068,0.7466388,1.967869
72057594038042242,0,1.02662,106259.4,0.4358923,0.2905349,2.026927,0.4397567,0.9434987,1.925691,0.31347,0.7613731,1.983471,0.4538164,0.7799842,1.805834,0.5188551,0.7389059,1.628601,0.5413564,0.7258979,1.572793,0.4951123,0.6713174,1.909162,0.5209715,0.4853899,1.880854,0.4681657,0.7255884,1.819166,0.4705681,0.7287856,1.840421,0.3470197,0.289721,2.022617,0.4313643,0.02059245,2.006394,0.4300276,-0.2120759,1.999676,0.5131553,0.294412,1.971494,0.4137354,0.04452559,1.783367,0.2861051,0.1210495,2.074798,0.423068,0.7466388,1.967869
72057594038042242,0,1.026857,106259.4,0.4384883,0.2900977,2.028614,0.4403063,0.9432452,1.92481,0.3146309,0.761211,1.982804,0.4542075,0.7979544,1.806028,0.5192461,0.7568019,1.628812,0.5417464,0.7437993,1.573005,0.4947529,0.6716985,1.909783,0.5224211,0.4861125,1.880898,0.468598,0.7259505,1.818559,0.4690831,0.7360653,1.847346,0.3478967,0.2897508,2.02339,0.4311475,0.0209952,2.007099,0.4299806,-0.2105845,2.00032,0.517515,0.293113,1.973543,0.4056828,0.04455459,1.791119,0.2716694,0.1247774,2.078928,0.4243864,0.7464265,1.967315
72057594038042242,0,1.026857,106259.4,0.4384883,0.2900977,2.028614,0.4403063,0.9432452,1.92481,0.3146309,0.761211,1.982804,0.4542075,0.7979544,1.806028,0.5192461,0.7568019,1.628812,0.5417464,0.7437993,1.573005,0.4947529,0.6716985,1.909783,0.5224211,0.4861125,1.880898,0.468598,0.7259505,1.818559,0.4690831,0.7360653,1.847346,0.3478967,0.2897508,2.02339,0.4311475,0.0209952,2.007099,0.4299806,-0.2105845,2.00032,0.517515,0.293113,1.973543,0.4056828,0.04455459,1.791119,0.2716694,0.1247774,2.078928,0.4243864,0.7464265,1.967315
72057594038042242,0,1.026857,106259.4,0.4384883,0.2900977,2.028614,0.4403063,0.9432452,1.92481,0.3146309,0.761211,1.982804,0.4542075,0.7979544,1.806028,0.5192461,0.7568019,1.628812,0.5417464,0.7437993,1.573005,0.4947529,0.6716985,1.909783,0.5224211,0.4861125,1.880898,0.468598,0.7259505,1.818559,0.4690831,0.7360653,1.847346,0.3478967,0.2897508,2.02339,0.4311475,0.0209952,2.007099,0.4299806,-0.2105845,2.00032,0.517515,0.293113,1.973543,0.4056828,0.04455459,1.791119,0.2716694,0.1247774,2.078928,0.4243864,0.7464265,1.967315
72057594038042242,0,1.026857,106259.4,0.4384883,0.2900977,2.028614,0.4403063,0.9432452,1.92481,0.3146309,0.761211,1.982804,0.4542075,0.7979544,1.806028,0.5192461,0.7568019,1.628812,0.5417464,0.7437993,1.573005,0.4947529,0.6716985,1.909783,0.5224211,0.4861125,1.880898,0.468598,0.7259505,1.818559,0.4690831,0.7360653,1.847346,0.3478967,0.2897508,2.02339,0.4311475,0.0209952,2.007099,0.4299806,-0.2105845,2.00032,0.517515,0.293113,1.973543,0.4056828,0.04455459,1.791119,0.2716694,0.1247774,2.078928,0.4243864,0.7464265,1.967315
72057594038042242,0,1.026857,106259.4,0.4384883,0.2900977,2.028614,0.4403063,0.9432452,1.92481,0.3146309,0.761211,1.982804,0.4542075,0.7979544,1.806028,0.5192461,0.7568019,1.628812,0.5417464,0.7437993,1.573005,0.4947529,0.6716985,1.909783,0.5224211,0.4861125,1.880898,0.468598,0.7259505,1.818559,0.4690831,0.7360653,1.847346,0.3478967,0.2897508,2.02339,0.4311475,0.0209952,2.007099,0.4299806,-0.2105845,2.00032,0.517515,0.293113,1.973543,0.4056828,0.04455459,1.791119,0.2716694,0.1247774,2.078928,0.4243864,0.7464265,1.967315
72057594038042242,0,1.026857,106259.4,0.4384883,0.2900977,2.028614,0.4403063,0.9432452,1.92481,0.3146309,0.761211,1.982804,0.4542075,0.7979544,1.806028,0.5192461,0.7568019,1.628812,0.5417464,0.7437993,1.573005,0.4947529,0.6716985,1.909783,0.5224211,0.4861125,1.880898,0.468598,0.7259505,1.818559,0.4690831,0.7360653,1.847346,0.3478967,0.2897508,2.02339,0.4311475,0.0209952,2.007099,0.4299806,-0.2105845,2.00032,0.517515,0.293113,1.973543,0.4056828,0.04455459,1.791119,0.2716694,0.1247774,2.078928,0.4243864,0.7464265,1.967315
72057594038042242,0,1.026857,106259.4,0.4384883,0.2900977,2.028614,0.4403063,0.9432452,1.92481,0.3146309,0.761211,1.982804,0.4542075,0.7979544,1.806028,0.5192461,0.7568019,1.628812,0.5417464,0.7437993,1.573005,0.4947529,0.6716985,1.909783,0.5224211,0.4861125,1.880898,0.468598,0.7259505,1.818559,0.4690831,0.7360653,1.847346,0.3478967,0.2897508,2.02339,0.4311475,0.0209952,2.007099,0.4299806,-0.2105845,2.00032,0.517515,0.293113,1.973543,0.4056828,0.04455459,1.791119,0.2716694,0.1247774,2.078928,0.4243864,0.7464265,1.967315
72057594038042242,0,1.026857,106259.4,0.4384883,0.2900977,2.028614,0.4403063,0.9432452,1.92481,0.3146309,0.761211,1.982804,0.4542075,0.7979544,1.806028,0.5192461,0.7568019,1.628812,0.5417464,0.7437993,1.573005,0.4947529,0.6716985,1.909783,0.5224211,0.4861125,1.880898,0.468598,0.7259505,1.818559,0.4690831,0.7360653,1.847346,0.3478967,0.2897508,2.02339,0.4311475,0.0209952,2.007099,0.4299806,-0.2105845,2.00032,0.517515,0.293113,1.973543,0.4056828,0.04455459,1.791119,0.2716694,0.1247774,2.078928,0.4243864,0.7464265,1.967315
72057594038042242,0,1.026857,106259.4,0.4384883,0.2900977,2.028614,0.4403063,0.9432452,1.92481,0.3146309,0.761211,1.982804,0.4542075,0.7979544,1.806028,0.5192461,0.7568019,1.628812,0.5417464,0.7437993,1.573005,0.4947529,0.6716985,1.909783,0.5224211,0.4861125,1.880898,0.468598,0.7259505,1.818559,0.4690831,0.7360653,1.847346,0.3478967,0.2897508,2.02339,0.4311475,0.0209952,2.007099,0.4299806,-0.2105845,2.00032,0.517515,0.293113,1.973543,0.4056828,0.04455459,1.791119,0.2716694,0.1247774,2.078928,0.4243864,0.7464265,1.967315
72057594038042242,0,1.026857,106259.4,0.4384883,0.2900977,2.028614,0.4403063,0.9432452,1.92481,0.3146309,0.761211,1.982804,0.4542075,0.7979544,1.806028,0.5192461,0.7568019,1.628812,0.5417464,0.7437993,1.573005,0.4947529,0.6716985,1.909783,0.5224211,0.4861125,1.880898,0.468598,0.7259505,1.818559,0.4690831,0.7360653,1.847346,0.3478967,0.2897508,2.02339,0.4311475,0.0209952,2.007099,0.4299806,-0.2105845,2.00032,0.517515,0.293113,1.973543,0.4056828,0.04455459,1.791119,0.2716694,0.1247774,2.078928,0.4243864,0.7464265,1.967315
72057594038042242,0,1.023524,106259.4,0.4378409,0.289616,2.033454,0.4408523,0.9433253,1.923631,0.316065,0.7613353,1.981803,0.4545957,0.8012961,1.805807,0.5196329,0.7601298,1.628595,0.5421331,0.7471281,1.572787,0.4948162,0.6715384,1.909865,0.5271339,0.4867989,1.881052,0.4714237,0.7261393,1.818327,0.4715581,0.7371873,1.849267,0.3474782,0.2898761,2.027126,0.4310535,0.02104178,2.00756,0.4299954,-0.2105592,2.000292,0.5163239,0.2919351,1.978757,0.3767833,0.03848088,1.829424,0.2312851,0.1227153,2.110744,0.4254002,0.7464616,1.966844
72057594038042242,0,1.023524,106259.4,0.4378409,0.289616,2.033454,0.4408523,0.9433253,1.923631,0.316065,0.7613353,1.981803,0.4545957,0.8012961,1.805807,0.5196329,0.7601298,1.628595,0.5421331,0.7471281,1.572787,0.4948162,0.6715384,1.909865,0.5271339,0.4867989,1.881052,0.4714237,0.7261393,1.818327,0.4715581,0.7371873,1.849267,0.3474782,0.2898761,2.027126,0.4310535,0.02104178,2.00756,0.4299954,-0.2105592,2.000292,0.5163239,0.2919351,1.978757,0.3767833,0.03848088,1.829424,0.2312851,0.1227153,2.110744,0.4254002,0.7464616,1.966844
72057594038042242,0,1.023524,106259.4,0.4378409,0.289616,2.033454,0.4408523,0.9433253,1.923631,0.316065,0.7613353,1.981803,0.4545957,0.8012961,1.805807,0.5196329,0.7601298,1.628595,0.5421331,0.7471281,1.572787,0.4948162,0.6715384,1.909865,0.5271339,0.4867989,1.881052,0.4714237,0.7261393,1.818327,0.4715581,0.7371873,1.849267,0.3474782,0.2898761,2.027126,0.4310535,0.02104178,2.00756,0.4299954,-0.2105592,2.000292,0.5163239,0.2919351,1.978757,0.3767833,0.03848088,1.829424,0.2312851,0.1227153,2.110744,0.4254002,0.7464616,1.966844
72057594038042242,0,1.023524,106259.4,0.4378409,0.289616,2.033454,0.4408523,0.9433253,1.923631,0.316065,0.7613353,1.981803,0.4545957,0.8012961,1.805807,0.5196329,0.7601298,1.628595,0.5421331,0.7471281,1.572787,0.4948162,0.6715384,1.909865,0.5271339,0.4867989,1.881052,0.4714237,0.7261393,1.818327,0.4715581,0.7371873,1.849267,0.3474782,0.2898761,2.027126,0.4310535,0.02104178,2.00756,0.4299954,-0.2105592,2.000292,0.5163239,0.2919351,1.978757,0.3767833,0.03848088,1.829424,0.2312851,0.1227153,2.110744,0.4254002,0.7464616,1.966844
72057594038042242,0,1.023524,106259.4,0.4378409,0.289616,2.033454,0.4408523,0.9433253,1.923631,0.316065,0.7613353,1.981803,0.4545957,0.8012961,1.805807,0.5196329,0.7601298,1.628595,0.5421331,0.7471281,1.572787,0.4948162,0.6715384,1.909865,0.5271339,0.4867989,1.881052,0.4714237,0.7261393,1.818327,0.4715581,0.7371873,1.849267,0.3474782,0.2898761,2.027126,0.4310535,0.02104178,2.00756,0.4299954,-0.2105592,2.000292,0.5163239,0.2919351,1.978757,0.3767833,0.03848088,1.829424,0.2312851,0.1227153,2.110744,0.4254002,0.7464616,1.966844
72057594038042242,0,1.023524,106259.4,0.4378409,0.289616,2.033454,0.4408523,0.9433253,1.923631,0.316065,0.7613353,1.981803,0.4545957,0.8012961,1.805807,0.5196329,0.7601298,1.628595,0.5421331,0.7471281,1.572787,0.4948162,0.6715384,1.909865,0.5271339,0.4867989,1.881052,0.4714237,0.7261393,1.818327,0.4715581,0.7371873,1.849267,0.3474782,0.2898761,2.027126,0.4310535,0.02104178,2.00756,0.4299954,-0.2105592,2.000292,0.5163239,0.2919351,1.978757,0.3767833,0.03848088,1.829424,0.2312851,0.1227153,2.110744,0.4254002,0.7464616,1.966844
72057594038042242,0,1.023524,106259.4,0.4378409,0.289616,2.033454,0.4408523,0.9433253,1.923631,0.316065,0.7613353,1.981803,0.4545957,0.8012961,1.805807,0.5196329,0.7601298,1.628595,0.5421331,0.7471281,1.572787,0.4948162,0.6715384,1.909865,0.5271339,0.4867989,1.881052,0.4714237,0.7261393,1.818327,0.4715581,0.7371873,1.849267,0.3474782,0.2898761,2.027126,0.4310535,0.02104178,2.00756,0.4299954,-0.2105592,2.000292,0.5163239,0.2919351,1.978757,0.3767833,0.03848088,1.829424,0.2312851,0.1227153,2.110744,0.4254002,0.7464616,1.966844
72057594038042242,0,1.023524,106259.5,0.4378409,0.289616,2.033454,0.4408523,0.9433253,1.923631,0.316065,0.7613353,1.981803,0.4545957,0.8012961,1.805807,0.5196329,0.7601298,1.628595,0.5421331,0.7471281,1.572787,0.4948162,0.6715384,1.909865,0.5271339,0.4867989,1.881052,0.4714237,0.7261393,1.818327,0.4715581,0.7371873,1.849267,0.3474782,0.2898761,2.027126,0.4310535,0.02104178,2.00756,0.4299954,-0.2105592,2.000292,0.5163239,0.2919351,1.978757,0.3767833,0.03848088,1.829424,0.2312851,0.1227153,2.110744,0.4254002,0.7464616,1.966844
72057594038042242,0,1.023524,106259.5,0.4378409,0.289616,2.033454,0.4408523,0.9433253,1.923631,0.316065,0.7613353,1.981803,0.4545957,0.8012961,1.805807,0.5196329,0.7601298,1.628595,0.5421331,0.7471281,1.572787,0.4948162,0.6715384,1.909865,0.5271339,0.4867989,1.881052,0.4714237,0.7261393,1.818327,0.4715581,0.7371873,1.849267,0.3474782,0.2898761,2.027126,0.4310535,0.02104178,2.00756,0.4299954,-0.2105592,2.000292,0.5163239,0.2919351,1.978757,0.3767833,0.03848088,1.829424,0.2312851,0.1227153,2.110744,0.4254002,0.7464616,1.966844
72057594038042242,0,1.023524,106259.5,0.4378409,0.289616,2.033454,0.4408523,0.9433253,1.923631,0.316065,0.7613353,1.981803,0.4545957,0.8012961,1.805807,0.5196329,0.7601298,1.628595,0.5421331,0.7471281,1.572787,0.4948162,0.6715384,1.909865,0.5271339,0.4867989,1.881052,0.4714237,0.7261393,1.818327,0.4715581,0.7371873,1.849267,0.3474782,0.2898761,2.027126,0.4310535,0.02104178,2.00756,0.4299954,-0.2105592,2.000292,0.5163239,0.2919351,1.978757,0.3767833,0.03848088,1.829424,0.2312851,0.1227153,2.110744,0.4254002,0.7464616,1.966844
72057594038042242,0,1.023524,106259.5,0.4378409,0.289616,2.033454,0.4408523,0.9433253,1.923631,0.316065,0.7613353,1.981803,0.4545957,0.8012961,1.805807,0.5196329,0.7601298,1.628595,0.5421331,0.7471281,1.572787,0.4948162,0.6715384,1.909865,0.5271339,0.4867989,1.881052,0.4714237,0.7261393,1.818327,0.4715581,0.7371873,1.849267,0.3474782,0.2898761,2.027126,0.4310535,0.02104178,2.00756,0.4299954,-0.2105592,2.000292,0.5163239,0.2919351,1.978757,0.3767833,0.03848088,1.829424,0.2312851,0.1227153,2.110744,0.4254002,0.7464616,1.966844
72057594038042242,0,1.022685,106259.5,0.4410949,0.2904207,2.036122,0.4416369,0.9462264,1.92091,0.3158569,0.7646736,1.982118,0.4745543,0.7730037,1.79188,0.5394495,0.7319698,1.614763,0.561943,0.7189674,1.558984,0.4940507,0.6747766,1.908996,0.5238165,0.4895862,1.881085,0.4673175,0.7278191,1.815132,0.4670021,0.7521521,1.833041,0.3499103,0.290524,2.026944,0.4312254,0.02055997,2.007807,0.429872,-0.2107835,2.000224,0.5207501,0.29303,1.986658,0.3809744,0.06468409,1.794786,0.2346801,0.1551515,2.073974,0.4269456,0.7497379,1.966409
72057594038042242,0,1.022685,106259.5,0.4410949,0.2904207,2.036122,0.4416369,0.9462264,1.92091,0.3158569,0.7646736,1.982118,0.4745543,0.7730037,1.79188,0.5394495,0.7319698,1.614763,0.561943,0.7189674,1.558984,0.4940507,0.6747766,1.908996,0.5238165,0.4895862,1.881085,0.4673175,0.7278191,1.815132,0.4670021,0.7521521,1.833041,0.3499103,0.290524,2.026944,0.4312254,0.02055997,2.007807,0.429872,-0.2107835,2.000224,0.5207501,0.29303,1.986658,0.3809744,0.06468409,1.794786,0.2346801,0.1551515,2.073974,0.4269456,0.7497379,1.966409
72057594038042242,0,1.022685,106259.5,0.4410949,0.2904207,2.036122,0.4416369,0.9462264,1.92091,0.3158569,0.7646736,1.982118,0.4745543,0.7730037,1.79188,0.5394495,0.7319698,1.614763,0.561943,0.7189674,1.558984,0.4940507,0.6747766,1.908996,0.5238165,0.4895862,1.881085,0.4673175,0.7278191,1.815132,0.4670021,0.7521521,1.833041,0.3499103,0.290524,2.026944,0.4312254,0.02055997,2.007807,0.429872,-0.2107835,2.000224,0.5207501,0.29303,1.986658,0.3809744,0.06468409,1.794786,0.2346801,0.1551515,2.073974,0.4269456,0.7497379,1.966409
72057594038042242,0,1.022685,106259.5,0.4410949,0.2904207,2.036122,0.4416369,0.9462264,1.92091,0.3158569,0.7646736,1.982118,0.4745543,0.7730037,1.79188,0.5394495,0.7319698,1.614763,0.561943,0.7189674,1.558984,0.4940507,0.6747766,1.908996,0.5238165,0.4895862,1.881085,0.4673175,0.7278191,1.815132,0.4670021,0.7521521,1.833041,0.3499103,0.290524,2.026944,0.4312254,0.02055997,2.007807,0.429872,-0.2107835,2.000224,0.5207501,0.29303,1.986658,0.3809744,0.06468409,1.794786,0.2346801,0.1551515,2.073974,0.4269456,0.7497379,1.966409
72057594038042242,0,1.022685,106259.5,0.4410949,0.2904207,2.036122,0.4416369,0.9462264,1.92091,0.3158569,0.7646736,1.982118,0.4745543,0.7730037,1.79188,0.5394495,0.7319698,1.614763,0.561943,0.7189674,1.558984,0.4940507,0.6747766,1.908996,0.5238165,0.4895862,1.881085,0.4673175,0.7278191,1.815132,0.4670021,0.7521521,1.833041,0.3499103,0.290524,2.026944,0.4312254,0.02055997,2.007807,0.429872,-0.2107835,2.000224,0.5207501,0.29303,1.986658,0.3809744,0.06468409,1.794786,0.2346801,0.1551515,2.073974,0.4269456,0.7497379,1.966409
72057594038042242,0,1.022685,106259.5,0.4410949,0.2904207,2.036122,0.4416369,0.9462264,1.92091,0.3158569,0.7646736,1.982118,0.4745543,0.7730037,1.79188,0.5394495,0.7319698,1.614763,0.561943,0.7189674,1.558984,0.4940507,0.6747766,1.908996,0.5238165,0.4895862,1.881085,0.4673175,0.7278191,1.815132,0.4670021,0.7521521,1.833041,0.3499103,0.290524,2.026944,0.4312254,0.02055997,2.007807,0.429872,-0.2107835,2.000224,0.5207501,0.29303,1.986658,0.3809744,0.06468409,1.794786,0.2346801,0.1551515,2.073974,0.4269456,0.7497379,1.966409
72057594038042242,0,1.022685,106259.5,0.4410949,0.2904207,2.036122,0.4416369,0.9462264,1.92091,0.3158569,0.7646736,1.982118,0.4745543,0.7730037,1.79188,0.5394495,0.7319698,1.614763,0.561943,0.7189674,1.558984,0.4940507,0.6747766,1.908996,0.5238165,0.4895862,1.881085,0.4673175,0.7278191,1.815132,0.4670021,0.7521521,1.833041,0.3499103,0.290524,2.026944,0.4312254,0.02055997,2.007807,0.429872,-0.2107835,2.000224,0.5207501,0.29303,1.986658,0.3809744,0.06468409,1.794786,0.2346801,0.1551515,2.073974,0.4269456,0.7497379,1.966409
72057594038042242,0,1.022685,106259.5,0.4410949,0.2904207,2.036122,0.4416369,0.9462264,1.92091,0.3158569,0.7646736,1.982118,0.4745543,0.7730037,1.79188,0.5394495,0.7319698,1.614763,0.561943,0.7189674,1.558984,0.4940507,0.6747766,1.908996,0.5238165,0.4895862,1.881085,0.4673175,0.7278191,1.815132,0.4670021,0.7521521,1.833041,0.3499103,0.290524,2.026944,0.4312254,0.02055997,2.007807,0.429872,-0.2107835,2.000224,0.5207501,0.29303,1.986658,0.3809744,0.06468409,1.794786,0.2346801,0.1551515,2.073974,0.4269456,0.7497379,1.966409
72057594038042242,0,1.022685,106259.5,0.4410949,0.2904207,2.036122,0.4416369,0.9462264,1.92091,0.3158569,0.7646736,1.982118,0.4745543,0.7730037,1.79188,0.5394495,0.7319698,1.614763,0.561943,0.7189674,1.558984,0.4940507,0.6747766,1.908996,0.5238165,0.4895862,1.881085,0.4673175,0.7278191,1.815132,0.4670021,0.7521521,1.833041,0.3499103,0.290524,2.026944,0.4312254,0.02055997,2.007807,0.429872,-0.2107835,2.000224,0.5207501,0.29303,1.986658,0.3809744,0.06468409,1.794786,0.2346801,0.1551515,2.073974,0.4269456,0.7497379,1.966409
72057594038042242,0,1.022685,106259.5,0.4410949,0.2904207,2.036122,0.4416369,0.9462264,1.92091,0.3158569,0.7646736,1.982118,0.4745543,0.7730037,1.79188,0.5394495,0.7319698,1.614763,0.561943,0.7189674,1.558984,0.4940507,0.6747766,1.908996,0.5238165,0.4895862,1.881085,0.4673175,0.7278191,1.815132,0.4670021,0.7521521,1.833041,0.3499103,0.290524,2.026944,0.4312254,0.02055997,2.007807,0.429872,-0.2107835,2.000224,0.5207501,0.29303,1.986658,0.3809744,0.06468409,1.794786,0.2346801,0.1551515,2.073974,0.4269456,0.7497379,1.966409
72057594038042242,0,1.022685,106259.5,0.4410949,0.2904207,2.036122,0.4416369,0.9462264,1.92091,0.3158569,0.7646736,1.982118,0.4745543,0.7730037,1.79188,0.5394495,0.7319698,1.614763,0.561943,0.7189674,1.558984,0.4940507,0.6747766,1.908996,0.5238165,0.4895862,1.881085,0.4673175,0.7278191,1.815132,0.4670021,0.7521521,1.833041,0.3499103,0.290524,2.026944,0.4312254,0.02055997,2.007807,0.429872,-0.2107835,2.000224,0.5207501,0.29303,1.986658,0.3809744,0.06468409,1.794786,0.2346801,0.1551515,2.073974,0.4269456,0.7497379,1.966409
72057594038042242,0,1.022795,106259.5,0.4423258,0.289854,2.037249,0.443199,0.9462435,1.918895,0.3187549,0.7634982,1.979802,0.4613254,0.8057749,1.800652,0.5262864,0.7646115,1.623557,0.5487738,0.7516195,1.567784,0.4946235,0.6743015,1.909017,0.5232354,0.4889446,1.880644,0.4661566,0.7269694,1.814356,0.4718204,0.7487836,1.841054,0.3517057,0.2898151,2.027336,0.431734,0.01842239,2.007828,0.4299231,-0.2108166,2.000192,0.5211731,0.2926338,1.987763,0.3927578,0.05193961,1.805354,0.2452919,0.143103,2.083845,0.4316002,0.7484466,1.963257
72057594038042242,0,1.022795,106259.5,0.4423258,0.289854,2.037249,0.443199,0.9462435,1.918895,0.3187549,0.7634982,1.979802,0.4613254,0.8057749,1.800652,0.5262864,0.7646115,1.623557,0.5487738,0.7516195,1.567784,0.4946235,0.6743015,1.909017,0.5232354,0.4889446,1.880644,0.4661566,0.7269694,1.814356,0.4718204,0.7487836,1.841054,0.3517057,0.2898151,2.027336,0.431734,0.01842239,2.007828,0.4299231,-0.2108166,2.000192,0.5211731,0.2926338,1.987763,0.3927578,0.05193961,1.805354,0.2452919,0.143103,2.083845,0.4316002,0.7484466,1.963257
72057594038042242,0,1.022795,106259.5,0.4423258,0.289854,2.037249,0.443199,0.9462435,1.918895,0.3187549,0.7634982,1.979802,0.4613254,0.8057749,1.800652,0.5262864,0.7646115,1.623557,0.5487738,0.7516195,1.567784,0.4946235,0.6743015,1.909017,0.5232354,0.4889446,1.880644,0.4661566,0.7269694,1.814356,0.4718204,0.7487836,1.841054,0.3517057,0.2898151,2.027336,0.431734,0.01842239,2.007828,0.4299231,-0.2108166,2.000192,0.5211731,0.2926338,1.987763,0.3927578,0.05193961,1.805354,0.2452919,0.143103,2.083845,0.4316002,0.7484466,1.963257
72057594038042242,0,1.022795,106259.5,0.4423258,0.289854,2.037249,0.443199,0.9462435,1.918895,0.3187549,0.7634982,1.979802,0.4613254,0.8057749,1.800652,0.5262864,0.7646115,1.623557,0.5487738,0.7516195,1.567784,0.4946235,0.6743015,1.909017,0.5232354,0.4889446,1.880644,0.4661566,0.7269694,1.814356,0.4718204,0.7487836,1.841054,0.3517057,0.2898151,2.027336,0.431734,0.01842239,2.007828,0.4299231,-0.2108166,2.000192,0.5211731,0.2926338,1.987763,0.3927578,0.05193961,1.805354,0.2452919,0.143103,2.083845,0.4316002,0.7484466,1.963257
72057594038042242,0,1.022795,106259.5,0.4423258,0.289854,2.037249,0.443199,0.9462435,1.918895,0.3187549,0.7634982,1.979802,0.4613254,0.8057749,1.800652,0.5262864,0.7646115,1.623557,0.5487738,0.7516195,1.567784,0.4946235,0.6743015,1.909017,0.5232354,0.4889446,1.880644,0.4661566,0.7269694,1.814356,0.4718204,0.7487836,1.841054,0.3517057,0.2898151,2.027336,0.431734,0.01842239,2.007828,0.4299231,-0.2108166,2.000192,0.5211731,0.2926338,1.987763,0.3927578,0.05193961,1.805354,0.2452919,0.143103,2.083845,0.4316002,0.7484466,1.963257
72057594038042242,0,1.022795,106259.5,0.4423258,0.289854,2.037249,0.443199,0.9462435,1.918895,0.3187549,0.7634982,1.979802,0.4613254,0.8057749,1.800652,0.5262864,0.7646115,1.623557,0.5487738,0.7516195,1.567784,0.4946235,0.6743015,1.909017,0.5232354,0.4889446,1.880644,0.4661566,0.7269694,1.814356,0.4718204,0.7487836,1.841054,0.3517057,0.2898151,2.027336,0.431734,0.01842239,2.007828,0.4299231,-0.2108166,2.000192,0.5211731,0.2926338,1.987763,0.3927578,0.05193961,1.805354,0.2452919,0.143103,2.083845,0.4316002,0.7484466,1.963257
72057594038042242,0,1.022795,106259.5,0.4423258,0.289854,2.037249,0.443199,0.9462435,1.918895,0.3187549,0.7634982,1.979802,0.4613254,0.8057749,1.800652,0.5262864,0.7646115,1.623557,0.5487738,0.7516195,1.567784,0.4946235,0.6743015,1.909017,0.5232354,0.4889446,1.880644,0.4661566,0.7269694,1.814356,0.4718204,0.7487836,1.841054,0.3517057,0.2898151,2.027336,0.431734,0.01842239,2.007828,0.4299231,-0.2108166,2.000192,0.5211731,0.2926338,1.987763,0.3927578,0.05193961,1.805354,0.2452919,0.143103,2.083845,0.4316002,0.7484466,1.963257
72057594038042242,0,1.022795,106259.5,0.4423258,0.289854,2.037249,0.443199,0.9462435,1.918895,0.3187549,0.7634982,1.979802,0.4613254,0.8057749,1.800652,0.5262864,0.7646115,1.623557,0.5487738,0.7516195,1.567784,0.4946235,0.6743015,1.909017,0.5232354,0.4889446,1.880644,0.4661566,0.7269694,1.814356,0.4718204,0.7487836,1.841054,0.3517057,0.2898151,2.027336,0.431734,0.01842239,2.007828,0.4299231,-0.2108166,2.000192,0.5211731,0.2926338,1.987763,0.3927578,0.05193961,1.805354,0.2452919,0.143103,2.083845,0.4316002,0.7484466,1.963257
72057594038042242,0,1.022795,106259.5,0.4423258,0.289854,2.037249,0.443199,0.9462435,1.918895,0.3187549,0.7634982,1.979802,0.4613254,0.8057749,1.800652,0.5262864,0.7646115,1.623557,0.5487738,0.7516195,1.567784,0.4946235,0.6743015,1.909017,0.5232354,0.4889446,1.880644,0.4661566,0.7269694,1.814356,0.4718204,0.7487836,1.841054,0.3517057,0.2898151,2.027336,0.431734,0.01842239,2.007828,0.4299231,-0.2108166,2.000192,0.5211731,0.2926338,1.987763,0.3927578,0.05193961,1.805354,0.2452919,0.143103,2.083845,0.4316002,0.7484466,1.963257
72057594038042242,0,1.022795,106259.5,0.4423258,0.289854,2.037249,0.443199,0.9462435,1.918895,0.3187549,0.7634982,1.979802,0.4613254,0.8057749,1.800652,0.5262864,0.7646115,1.623557,0.5487738,0.7516195,1.567784,0.4946235,0.6743015,1.909017,0.5232354,0.4889446,1.880644,0.4661566,0.7269694,1.814356,0.4718204,0.7487836,1.841054,0.3517057,0.2898151,2.027336,0.431734,0.01842239,2.007828,0.4299231,-0.2108166,2.000192,0.5211731,0.2926338,1.987763,0.3927578,0.05193961,1.805354,0.2452919,0.143103,2.083845,0.4316002,0.7484466,1.963257
72057594038042242,0,1.015112,106259.5,0.4433346,0.2958939,2.044084,0.4452281,0.9467223,1.916517,0.3188523,0.7654545,1.980244,0.461367,0.8064677,1.800963,0.526328,0.7653017,1.62387,0.5488153,0.7523098,1.568096,0.4945588,0.6755805,1.908345,0.5257267,0.4907492,1.879108,0.4681598,0.7286823,1.812931,0.4713697,0.7556131,1.836,0.3545637,0.2946639,2.03297,0.4324985,0.01605335,2.007404,0.4305455,-0.2103728,2.000086,0.5196651,0.2995327,1.994641,0.4117673,0.04572901,1.818907,0.2635828,0.1370683,2.097077,0.4321779,0.7508699,1.963791
72057594038042242,0,1.015112,106259.5,0.4433346,0.2958939,2.044084,0.4452281,0.9467223,1.916517,0.3188523,0.7654545,1.980244,0.461367,0.8064677,1.800963,0.526328,0.7653017,1.62387,0.5488153,0.7523098,1.568096,0.4945588,0.6755805,1.908345,0.5257267,0.4907492,1.879108,0.4681598,0.7286823,1.812931,0.4713697,0.7556131,1.836,0.3545637,0.2946639,2.03297,0.4324985,0.01605335,2.007404,0.4305455,-0.2103728,2.000086,0.5196651,0.2995327,1.994641,0.4117673,0.04572901,1.818907,0.2635828,0.1370683,2.097077,0.4321779,0.7508699,1.963791
72057594038042242,0,1.015112,106259.5,0.4433346,0.2958939,2.044084,0.4452281,0.9467223,1.916517,0.3188523,0.7654545,1.980244,0.461367,0.8064677,1.800963,0.526328,0.7653017,1.62387,0.5488153,0.7523098,1.568096,0.4945588,0.6755805,1.908345,0.5257267,0.4907492,1.879108,0.4681598,0.7286823,1.812931,0.4713697,0.7556131,1.836,0.3545637,0.2946639,2.03297,0.4324985,0.01605335,2.007404,0.4305455,-0.2103728,2.000086,0.5196651,0.2995327,1.994641,0.4117673,0.04572901,1.818907,0.2635828,0.1370683,2.097077,0.4321779,0.7508699,1.963791
72057594038042242,0,1.015112,106259.5,0.4433346,0.2958939,2.044084,0.4452281,0.9467223,1.916517,0.3188523,0.7654545,1.980244,0.461367,0.8064677,1.800963,0.526328,0.7653017,1.62387,0.5488153,0.7523098,1.568096,0.4945588,0.6755805,1.908345,0.5257267,0.4907492,1.879108,0.4681598,0.7286823,1.812931,0.4713697,0.7556131,1.836,0.3545637,0.2946639,2.03297,0.4324985,0.01605335,2.007404,0.4305455,-0.2103728,2.000086,0.5196651,0.2995327,1.994641,0.4117673,0.04572901,1.818907,0.2635828,0.1370683,2.097077,0.4321779,0.7508699,1.963791
72057594038042242,0,1.015112,106259.5,0.4433346,0.2958939,2.044084,0.4452281,0.9467223,1.916517,0.3188523,0.7654545,1.980244,0.461367,0.8064677,1.800963,0.526328,0.7653017,1.62387,0.5488153,0.7523098,1.568096,0.4945588,0.6755805,1.908345,0.5257267,0.4907492,1.879108,0.4681598,0.7286823,1.812931,0.4713697,0.7556131,1.836,0.3545637,0.2946639,2.03297,0.4324985,0.01605335,2.007404,0.4305455,-0.2103728,2.000086,0.5196651,0.2995327,1.994641,0.4117673,0.04572901,1.818907,0.2635828,0.1370683,2.097077,0.4321779,0.7508699,1.963791
72057594038042242,0,1.015112,106259.5,0.4433346,0.2958939,2.044084,0.4452281,0.9467223,1.916517,0.3188523,0.7654545,1.980244,0.461367,0.8064677,1.800963,0.526328,0.7653017,1.62387,0.5488153,0.7523098,1.568096,0.4945588,0.6755805,1.908345,0.5257267,0.4907492,1.879108,0.4681598,0.7286823,1.812931,0.4713697,0.7556131,1.836,0.3545637,0.2946639,2.03297,0.4324985,0.01605335,2.007404,0.4305455,-0.2103728,2.000086,0.5196651,0.2995327,1.994641,0.4117673,0.04572901,1.818907,0.2635828,0.1370683,2.097077,0.4321779,0.7508699,1.963791
72057594038042242,0,1.015112,106259.5,0.4433346,0.2958939,2.044084,0.4452281,0.9467223,1.916517,0.3188523,0.7654545,1.980244,0.461367,0.8064677,1.800963,0.526328,0.7653017,1.62387,0.5488153,0.7523098,1.568096,0.4945588,0.6755805,1.908345,0.5257267,0.4907492,1.879108,0.4681598,0.7286823,1.812931,0.4713697,0.7556131,1.836,0.3545637,0.2946639,2.03297,0.4324985,0.01605335,2.007404,0.4305455,-0.2103728,2.000086,0.5196651,0.2995327,1.994641,0.4117673,0.04572901,1.818907,0.2635828,0.1370683,2.097077,0.4321779,0.7508699,1.963791
72057594038042242,0,1.015112,106259.6,0.4433346,0.2958939,2.044084,0.4452281,0.9467223,1.916517,0.3188523,0.7654545,1.980244,0.461367,0.8064677,1.800963,0.526328,0.7653017,1.62387,0.5488153,0.7523098,1.568096,0.4945588,0.6755805,1.908345,0.5257267,0.4907492,1.879108,0.4681598,0.7286823,1.812931,0.4713697,0.7556131,1.836,0.3545637,0.2946639,2.03297,0.4324985,0.01605335,2.007404,0.4305455,-0.2103728,2.000086,0.5196651,0.2995327,1.994641,0.4117673,0.04572901,1.818907,0.2635828,0.1370683,2.097077,0.4321779,0.7508699,1.963791
72057594038042242,0,1.015112,106259.6,0.4433346,0.2958939,2.044084,0.4452281,0.9467223,1.916517,0.3188523,0.7654545,1.980244,0.461367,0.8064677,1.800963,0.526328,0.7653017,1.62387,0.5488153,0.7523098,1.568096,0.4945588,0.6755805,1.908345,0.5257267,0.4907492,1.879108,0.4681598,0.7286823,1.812931,0.4713697,0.7556131,1.836,0.3545637,0.2946639,2.03297,0.4324985,0.01605335,2.007404,0.4305455,-0.2103728,2.000086,0.5196651,0.2995327,1.994641,0.4117673,0.04572901,1.818907,0.2635828,0.1370683,2.097077,0.4321779,0.7508699,1.963791
72057594038042242,0,1.015112,106259.6,0.4433346,0.2958939,2.044084,0.4452281,0.9467223,1.916517,0.3188523,0.7654545,1.980244,0.461367,0.8064677,1.800963,0.526328,0.7653017,1.62387,0.5488153,0.7523098,1.568096,0.4945588,0.6755805,1.908345,0.5257267,0.4907492,1.879108,0.4681598,0.7286823,1.812931,0.4713697,0.7556131,1.836,0.3545637,0.2946639,2.03297,0.4324985,0.01605335,2.007404,0.4305455,-0.2103728,2.000086,0.5196651,0.2995327,1.994641,0.4117673,0.04572901,1.818907,0.2635828,0.1370683,2.097077,0.4321779,0.7508699,1.963791
72057594038042242,0,1.01241,106259.6,0.4427069,0.2969113,2.046777,0.4470165,0.9474434,1.914419,0.3190732,0.767338,1.980304,0.4616337,0.807279,1.801126,0.5265938,0.7661099,1.624034,0.549081,0.7531183,1.56826,0.4946564,0.6768764,1.907512,0.5244155,0.4918083,1.877856,0.4664476,0.7292995,1.810254,0.4671675,0.7649106,1.828121,0.3559116,0.2960329,2.037045,0.4341517,0.01808873,2.00493,0.4307106,-0.2116164,1.999282,0.5171806,0.3004754,1.996527,0.4212289,0.02471241,1.857966,0.2724171,0.1159252,2.135877,0.4325998,0.7527186,1.963945
72057594038042242,0,1.01241,106259.6,0.4427069,0.2969113,2.046777,0.4470165,0.9474434,1.914419,0.3190732,0.767338,1.980304,0.4616337,0.807279,1.801126,0.5265938,0.7661099,1.624034,0.549081,0.7531183,1.56826,0.4946564,0.6768764,1.907512,0.5244155,0.4918083,1.877856,0.4664476,0.7292995,1.810254,0.4671675,0.7649106,1.828121,0.3559116,0.2960329,2.037045,0.4341517,0.01808873,2.00493,0.4307106,-0.2116164,1.999282,0.5171806,0.3004754,1.996527,0.4212289,0.02471241,1.857966,0.2724171,0.1159252,2.135877,0.4325998,0.7527186,1.963945
72057594038042242,0,1.01241,106259.6,0.4427069,0.2969113,2.046777,0.4470165,0.9474434,1.914419,0.3190732,0.767338,1.980304,0.4616337,0.807279,1.801126,0.5265938,0.7661099,1.624034,0.549081,0.7531183,1.56826,0.4946564,0.6768764,1.907512,0.5244155,0.4918083,1.877856,0.4664476,0.7292995,1.810254,0.4671675,0.7649106,1.828121,0.3559116,0.2960329,2.037045,0.4341517,0.01808873,2.00493,0.4307106,-0.2116164,1.999282,0.5171806,0.3004754,1.996527,0.4212289,0.02471241,1.857966,0.2724171,0.1159252,2.135877,0.4325998,0.7527186,1.963945
72057594038042242,0,1.01241,106259.6,0.4427069,0.2969113,2.046777,0.4470165,0.9474434,1.914419,0.3190732,0.767338,1.980304,0.4616337,0.807279,1.801126,0.5265938,0.7661099,1.624034,0.549081,0.7531183,1.56826,0.4946564,0.6768764,1.907512,0.5244155,0.4918083,1.877856,0.4664476,0.7292995,1.810254,0.4671675,0.7649106,1.828121,0.3559116,0.2960329,2.037045,0.4341517,0.01808873,2.00493,0.4307106,-0.2116164,1.999282,0.5171806,0.3004754,1.996527,0.4212289,0.02471241,1.857966,0.2724171,0.1159252,2.135877,0.4325998,0.7527186,1.963945
72057594038042242,0,1.01241,106259.6,0.4427069,0.2969113,2.046777,0.4470165,0.9474434,1.914419,0.3190732,0.767338,1.980304,0.4616337,0.807279,1.801126,0.5265938,0.7661099,1.624034,0.549081,0.7531183,1.56826,0.4946564,0.6768764,1.907512,0.5244155,0.4918083,1.877856,0.4664476,0.7292995,1.810254,0.4671675,0.7649106,1.828121,0.3559116,0.2960329,2.037045,0.4341517,0.01808873,2.00493,0.4307106,-0.2116164,1.999282,0.5171806,0.3004754,1.996527,0.4212289,0.02471241,1.857966,0.2724171,0.1159252,2.135877,0.4325998,0.7527186,1.963945
72057594038042242,0,1.01241,106259.6,0.4427069,0.2969113,2.046777,0.4470165,0.9474434,1.914419,0.3190732,0.767338,1.980304,0.4616337,0.807279,1.801126,0.5265938,0.7661099,1.624034,0.549081,0.7531183,1.56826,0.4946564,0.6768764,1.907512,0.5244155,0.4918083,1.877856,0.4664476,0.7292995,1.810254,0.4671675,0.7649106,1.828121,0.3559116,0.2960329,2.037045,0.4341517,0.01808873,2.00493,0.4307106,-0.2116164,1.999282,0.5171806,0.3004754,1.996527,0.4212289,0.02471241,1.857966,0.2724171,0.1159252,2.135877,0.4325998,0.7527186,1.963945
72057594038042242,0,1.01241,106259.6,0.4427069,0.2969113,2.046777,0.4470165,0.9474434,1.914419,0.3190732,0.767338,1.980304,0.4616337,0.807279,1.801126,0.5265938,0.7661099,1.624034,0.549081,0.7531183,1.56826,0.4946564,0.6768764,1.907512,0.5244155,0.4918083,1.877856,0.4664476,0.7292995,1.810254,0.4671675,0.7649106,1.828121,0.3559116,0.2960329,2.037045,0.4341517,0.01808873,2.00493,0.4307106,-0.2116164,1.999282,0.5171806,0.3004754,1.996527,0.4212289,0.02471241,1.857966,0.2724171,0.1159252,2.135877,0.4325998,0.7527186,1.963945
72057594038042242,0,1.01241,106259.6,0.4427069,0.2969113,2.046777,0.4470165,0.9474434,1.914419,0.3190732,0.767338,1.980304,0.4616337,0.807279,1.801126,0.5265938,0.7661099,1.624034,0.549081,0.7531183,1.56826,0.4946564,0.6768764,1.907512,0.5244155,0.4918083,1.877856,0.4664476,0.7292995,1.810254,0.4671675,0.7649106,1.828121,0.3559116,0.2960329,2.037045,0.4341517,0.01808873,2.00493,0.4307106,-0.2116164,1.999282,0.5171806,0.3004754,1.996527,0.4212289,0.02471241,1.857966,0.2724171,0.1159252,2.135877,0.4325998,0.7527186,1.963945
72057594038042242,0,1.01241,106259.6,0.4427069,0.2969113,2.046777,0.4470165,0.9474434,1.914419,0.3190732,0.767338,1.980304,0.4616337,0.807279,1.801126,0.5265938,0.7661099,1.624034,0.549081,0.7531183,1.56826,0.4946564,0.6768764,1.907512,0.5244155,0.4918083,1.877856,0.4664476,0.7292995,1.810254,0.4671675,0.7649106,1.828121,0.3559116,0.2960329,2.037045,0.4341517,0.01808873,2.00493,0.4307106,-0.2116164,1.999282,0.5171806,0.3004754,1.996527,0.4212289,0.02471241,1.857966,0.2724171,0.1159252,2.135877,0.4325998,0.7527186,1.963945
72057594038042242,0,1.01241,106259.6,0.4427069,0.2969113,2.046777,0.4470165,0.9474434,1.914419,0.3190732,0.767338,1.980304,0.4616337,0.807279,1.801126,0.5265938,0.7661099,1.624034,0.549081,0.7531183,1.56826,0.4946564,0.6768764,1.907512,0.5244155,0.4918083,1.877856,0.4664476,0.7292995,1.810254,0.4671675,0.7649106,1.828121,0.3559116,0.2960329,2.037045,0.4341517,0.01808873,2.00493,0.4307106,-0.2116164,1.999282,0.5171806,0.3004754,1.996527,0.4212289,0.02471241,1.857966,0.2724171,0.1159252,2.135877,0.4325998,0.7527186,1.963945
72057594038042242,0,1.01241,106259.6,0.4427069,0.2969113,2.046777,0.4470165,0.9474434,1.914419,0.3190732,0.767338,1.980304,0.4616337,0.807279,1.801126,0.5265938,0.7661099,1.624034,0.549081,0.7531183,1.56826,0.4946564,0.6768764,1.907512,0.5244155,0.4918083,1.877856,0.4664476,0.7292995,1.810254,0.4671675,0.7649106,1.828121,0.3559116,0.2960329,2.037045,0.4341517,0.01808873,2.00493,0.4307106,-0.2116164,1.999282,0.5171806,0.3004754,1.996527,0.4212289,0.02471241,1.857966,0.2724171,0.1159252,2.135877,0.4325998,0.7527186,1.963945
72057594038042242,0,1.012442,106259.6,0.4435852,0.2972398,2.047038,0.4507331,0.9471664,1.912197,0.3186643,0.768213,1.9806,0.4618351,0.8076926,1.801332,0.5267595,0.7665423,1.624327,0.5492349,0.7535576,1.568583,0.4947767,0.6774251,1.906959,0.5293702,0.4870871,1.873197,0.470679,0.7237699,1.803468,0.4691423,0.7645749,1.814567,0.3580822,0.2963227,2.037587,0.438032,0.02468246,2.000463,0.431535,-0.2168131,1.998001,0.517314,0.3006895,1.99649,0.4291687,0.05256569,1.800478,0.2799884,0.143817,2.07831,0.4333911,0.7537092,1.963503
72057594038042242,0,1.012442,106259.6,0.4435852,0.2972398,2.047038,0.4507331,0.9471664,1.912197,0.3186643,0.768213,1.9806,0.4618351,0.8076926,1.801332,0.5267595,0.7665423,1.624327,0.5492349,0.7535576,1.568583,0.4947767,0.6774251,1.906959,0.5293702,0.4870871,1.873197,0.470679,0.7237699,1.803468,0.4691423,0.7645749,1.814567,0.3580822,0.2963227,2.037587,0.438032,0.02468246,2.000463,0.431535,-0.2168131,1.998001,0.517314,0.3006895,1.99649,0.4291687,0.05256569,1.800478,0.2799884,0.143817,2.07831,0.4333911,0.7537092,1.963503
72057594038042242,0,1.012442,106259.6,0.4435852,0.2972398,2.047038,0.4507331,0.9471664,1.912197,0.3186643,0.768213,1.9806,0.4618351,0.8076926,1.801332,0.5267595,0.7665423,1.624327,0.5492349,0.7535576,1.568583,0.4947767,0.6774251,1.906959,0.5293702,0.4870871,1.873197,0.470679,0.7237699,1.803468,0.4691423,0.7645749,1.814567,0.3580822,0.2963227,2.037587,0.438032,0.02468246,2.000463,0.431535,-0.2168131,1.998001,0.517314,0.3006895,1.99649,0.4291687,0.05256569,1.800478,0.2799884,0.143817,2.07831,0.4333911,0.7537092,1.963503
72057594038042242,0,1.012442,106259.6,0.4435852,0.2972398,2.047038,0.4507331,0.9471664,1.912197,0.3186643,0.768213,1.9806,0.4618351,0.8076926,1.801332,0.5267595,0.7665423,1.624327,0.5492349,0.7535576,1.568583,0.4947767,0.6774251,1.906959,0.5293702,0.4870871,1.873197,0.470679,0.7237699,1.803468,0.4691423,0.7645749,1.814567,0.3580822,0.2963227,2.037587,0.438032,0.02468246,2.000463,0.431535,-0.2168131,1.998001,0.517314,0.3006895,1.99649,0.4291687,0.05256569,1.800478,0.2799884,0.143817,2.07831,0.4333911,0.7537092,1.963503
72057594038042242,0,1.012442,106259.6,0.4435852,0.2972398,2.047038,0.4507331,0.9471664,1.912197,0.3186643,0.768213,1.9806,0.4618351,0.8076926,1.801332,0.5267595,0.7665423,1.624327,0.5492349,0.7535576,1.568583,0.4947767,0.6774251,1.906959,0.5293702,0.4870871,1.873197,0.470679,0.7237699,1.803468,0.4691423,0.7645749,1.814567,0.3580822,0.2963227,2.037587,0.438032,0.02468246,2.000463,0.431535,-0.2168131,1.998001,0.517314,0.3006895,1.99649,0.4291687,0.05256569,1.800478,0.2799884,0.143817,2.07831,0.4333911,0.7537092,1.963503
72057594038042242,0,1.012442,106259.6,0.4435852,0.2972398,2.047038,0.4507331,0.9471664,1.912197,0.3186643,0.768213,1.9806,0.4618351,0.8076926,1.801332,0.5267595,0.7665423,1.624327,0.5492349,0.7535576,1.568583,0.4947767,0.6774251,1.906959,0.5293702,0.4870871,1.873197,0.470679,0.7237699,1.803468,0.4691423,0.7645749,1.814567,0.3580822,0.2963227,2.037587,0.438032,0.02468246,2.000463,0.431535,-0.2168131,1.998001,0.517314,0.3006895,1.99649,0.4291687,0.05256569,1.800478,0.2799884,0.143817,2.07831,0.4333911,0.7537092,1.963503
72057594038042242,0,1.012442,106259.6,0.4435852,0.2972398,2.047038,0.4507331,0.9471664,1.912197,0.3186643,0.768213,1.9806,0.4618351,0.8076926,1.801332,0.5267595,0.7665423,1.624327,0.5492349,0.7535576,1.568583,0.4947767,0.6774251,1.906959,0.5293702,0.4870871,1.873197,0.470679,0.7237699,1.803468,0.4691423,0.7645749,1.814567,0.3580822,0.2963227,2.037587,0.438032,0.02468246,2.000463,0.431535,-0.2168131,1.998001,0.517314,0.3006895,1.99649,0.4291687,0.05256569,1.800478,0.2799884,0.143817,2.07831,0.4333911,0.7537092,1.963503
72057594038042242,0,1.012442,106259.6,0.4435852,0.2972398,2.047038,0.4507331,0.9471664,1.912197,0.3186643,0.768213,1.9806,0.4618351,0.8076926,1.801332,0.5267595,0.7665423,1.624327,0.5492349,0.7535576,1.568583,0.4947767,0.6774251,1.906959,0.5293702,0.4870871,1.873197,0.470679,0.7237699,1.803468,0.4691423,0.7645749,1.814567,0.3580822,0.2963227,2.037587,0.438032,0.02468246,2.000463,0.431535,-0.2168131,1.998001,0.517314,0.3006895,1.99649,0.4291687,0.05256569,1.800478,0.2799884,0.143817,2.07831,0.4333911,0.7537092,1.963503
72057594038042242,0,1.012442,106259.6,0.4435852,0.2972398,2.047038,0.4507331,0.9471664,1.912197,0.3186643,0.768213,1.9806,0.4618351,0.8076926,1.801332,0.5267595,0.7665423,1.624327,0.5492349,0.7535576,1.568583,0.4947767,0.6774251,1.906959,0.5293702,0.4870871,1.873197,0.470679,0.7237699,1.803468,0.4691423,0.7645749,1.814567,0.3580822,0.2963227,2.037587,0.438032,0.02468246,2.000463,0.431535,-0.2168131,1.998001,0.517314,0.3006895,1.99649,0.4291687,0.05256569,1.800478,0.2799884,0.143817,2.07831,0.4333911,0.7537092,1.963503
72057594038042242,0,1.012442,106259.6,0.4435852,0.2972398,2.047038,0.4507331,0.9471664,1.912197,0.3186643,0.768213,1.9806,0.4618351,0.8076926,1.801332,0.5267595,0.7665423,1.624327,0.5492349,0.7535576,1.568583,0.4947767,0.6774251,1.906959,0.5293702,0.4870871,1.873197,0.470679,0.7237699,1.803468,0.4691423,0.7645749,1.814567,0.3580822,0.2963227,2.037587,0.438032,0.02468246,2.000463,0.431535,-0.2168131,1.998001,0.517314,0.3006895,1.99649,0.4291687,0.05256569,1.800478,0.2799884,0.143817,2.07831,0.4333911,0.7537092,1.963503
72057594038042242,0,1.008564,106259.6,0.442832,0.297791,2.051781,0.4542258,0.9463222,1.910751,0.317842,0.7689244,1.981457,0.4624746,0.8086163,1.801315,0.5273961,0.7674623,1.624312,0.5498716,0.7544777,1.568566,0.4951702,0.6774588,1.906087,0.5320362,0.494781,1.868454,0.4778103,0.733817,1.804414,0.475434,0.7589799,1.821816,0.358019,0.2972167,2.040826,0.445347,0.004094213,1.998944,0.4385221,-0.3312683,1.996542,0.5154625,0.30065,2.002032,0.420743,0.05941522,1.799484,0.2715887,0.1506148,2.077277,0.4338402,0.7540511,1.963622
72057594038042242,0,1.008564,106259.6,0.442832,0.297791,2.051781,0.4542258,0.9463222,1.910751,0.317842,0.7689244,1.981457,0.4624746,0.8086163,1.801315,0.5273961,0.7674623,1.624312,0.5498716,0.7544777,1.568566,0.4951702,0.6774588,1.906087,0.5320362,0.494781,1.868454,0.4778103,0.733817,1.804414,0.475434,0.7589799,1.821816,0.358019,0.2972167,2.040826,0.445347,0.004094213,1.998944,0.4385221,-0.3312683,1.996542,0.5154625,0.30065,2.002032,0.420743,0.05941522,1.799484,0.2715887,0.1506148,2.077277,0.4338402,0.7540511,1.963622
72057594038042242,0,1.008564,106259.6,0.442832,0.297791,2.051781,0.4542258,0.9463222,1.910751,0.317842,0.7689244,1.981457,0.4624746,0.8086163,1.801315,0.5273961,0.7674623,1.624312,0.5498716,0.7544777,1.568566,0.4951702,0.6774588,1.906087,0.5320362,0.494781,1.868454,0.4778103,0.733817,1.804414,0.475434,0.7589799,1.821816,0.358019,0.2972167,2.040826,0.445347,0.004094213,1.998944,0.4385221,-0.3312683,1.996542,0.5154625,0.30065,2.002032,0.420743,0.05941522,1.799484,0.2715887,0.1506148,2.077277,0.4338402,0.7540511,1.963622
72057594038042242,0,1.008564,106259.6,0.442832,0.297791,2.051781,0.4542258,0.9463222,1.910751,0.317842,0.7689244,1.981457,0.4624746,0.8086163,1.801315,0.5273961,0.7674623,1.624312,0.5498716,0.7544777,1.568566,0.4951702,0.6774588,1.906087,0.5320362,0.494781,1.868454,0.4778103,0.733817,1.804414,0.475434,0.7589799,1.821816,0.358019,0.2972167,2.040826,0.445347,0.004094213,1.998944,0.4385221,-0.3312683,1.996542,0.5154625,0.30065,2.002032,0.420743,0.05941522,1.799484,0.2715887,0.1506148,2.077277,0.4338402,0.7540511,1.963622
72057594038042242,0,1.008564,106259.6,0.442832,0.297791,2.051781,0.4542258,0.9463222,1.910751,0.317842,0.7689244,1.981457,0.4624746,0.8086163,1.801315,0.5273961,0.7674623,1.624312,0.5498716,0.7544777,1.568566,0.4951702,0.6774588,1.906087,0.5320362,0.494781,1.868454,0.4778103,0.733817,1.804414,0.475434,0.7589799,1.821816,0.358019,0.2972167,2.040826,0.445347,0.004094213,1.998944,0.4385221,-0.3312683,1.996542,0.5154625,0.30065,2.002032,0.420743,0.05941522,1.799484,0.2715887,0.1506148,2.077277,0.4338402,0.7540511,1.963622
72057594038042242,0,1.008564,106259.6,0.442832,0.297791,2.051781,0.4542258,0.9463222,1.910751,0.317842,0.7689244,1.981457,0.4624746,0.8086163,1.801315,0.5273961,0.7674623,1.624312,0.5498716,0.7544777,1.568566,0.4951702,0.6774588,1.906087,0.5320362,0.494781,1.868454,0.4778103,0.733817,1.804414,0.475434,0.7589799,1.821816,0.358019,0.2972167,2.040826,0.445347,0.004094213,1.998944,0.4385221,-0.3312683,1.996542,0.5154625,0.30065,2.002032,0.420743,0.05941522,1.799484,0.2715887,0.1506148,2.077277,0.4338402,0.7540511,1.963622
72057594038042242,0,1.008564,106259.6,0.442832,0.297791,2.051781,0.4542258,0.9463222,1.910751,0.317842,0.7689244,1.981457,0.4624746,0.8086163,1.801315,0.5273961,0.7674623,1.624312,0.5498716,0.7544777,1.568566,0.4951702,0.6774588,1.906087,0.5320362,0.494781,1.868454,0.4778103,0.733817,1.804414,0.475434,0.7589799,1.821816,0.358019,0.2972167,2.040826,0.445347,0.004094213,1.998944,0.4385221,-0.3312683,1.996542,0.5154625,0.30065,2.002032,0.420743,0.05941522,1.799484,0.2715887,0.1506148,2.077277,0.4338402,0.7540511,1.963622
72057594038042242,0,1.008564,106259.6,0.442832,0.297791,2.051781,0.4542258,0.9463222,1.910751,0.317842,0.7689244,1.981457,0.4624746,0.8086163,1.801315,0.5273961,0.7674623,1.624312,0.5498716,0.7544777,1.568566,0.4951702,0.6774588,1.906087,0.5320362,0.494781,1.868454,0.4778103,0.733817,1.804414,0.475434,0.7589799,1.821816,0.358019,0.2972167,2.040826,0.445347,0.004094213,1.998944,0.4385221,-0.3312683,1.996542,0.5154625,0.30065,2.002032,0.420743,0.05941522,1.799484,0.2715887,0.1506148,2.077277,0.4338402,0.7540511,1.963622
72057594038042242,0,1.008564,106259.7,0.442832,0.297791,2.051781,0.4542258,0.9463222,1.910751,0.317842,0.7689244,1.981457,0.4624746,0.8086163,1.801315,0.5273961,0.7674623,1.624312,0.5498716,0.7544777,1.568566,0.4951702,0.6774588,1.906087,0.5320362,0.494781,1.868454,0.4778103,0.733817,1.804414,0.475434,0.7589799,1.821816,0.358019,0.2972167,2.040826,0.445347,0.004094213,1.998944,0.4385221,-0.3312683,1.996542,0.5154625,0.30065,2.002032,0.420743,0.05941522,1.799484,0.2715887,0.1506148,2.077277,0.4338402,0.7540511,1.963622
72057594038042242,0,1.008564,106259.7,0.442832,0.297791,2.051781,0.4542258,0.9463222,1.910751,0.317842,0.7689244,1.981457,0.4624746,0.8086163,1.801315,0.5273961,0.7674623,1.624312,0.5498716,0.7544777,1.568566,0.4951702,0.6774588,1.906087,0.5320362,0.494781,1.868454,0.4778103,0.733817,1.804414,0.475434,0.7589799,1.821816,0.358019,0.2972167,2.040826,0.445347,0.004094213,1.998944,0.4385221,-0.3312683,1.996542,0.5154625,0.30065,2.002032,0.420743,0.05941522,1.799484,0.2715887,0.1506148,2.077277,0.4338402,0.7540511,1.963622
72057594038042242,0,1.008564,106259.7,0.442832,0.297791,2.051781,0.4542258,0.9463222,1.910751,0.317842,0.7689244,1.981457,0.4624746,0.8086163,1.801315,0.5273961,0.7674623,1.624312,0.5498716,0.7544777,1.568566,0.4951702,0.6774588,1.906087,0.5320362,0.494781,1.868454,0.4778103,0.733817,1.804414,0.475434,0.7589799,1.821816,0.358019,0.2972167,2.040826,0.445347,0.004094213,1.998944,0.4385221,-0.3312683,1.996542,0.5154625,0.30065,2.002032,0.420743,0.05941522,1.799484,0.2715887,0.1506148,2.077277,0.4338402,0.7540511,1.963622
72057594038042242,0,1.014378,106259.7,0.4473256,0.2944869,2.049042,0.4569584,0.9437835,1.911316,0.323621,0.7643738,1.979729,0.4650916,0.8288112,1.803372,0.5267863,0.6584593,1.74849,0.5481514,0.602421,1.733435,0.5060935,0.6640435,1.899679,0.5370702,0.480016,1.86392,0.4838196,0.7206528,1.806006,0.489218,0.7397013,1.838487,0.3629883,0.2938262,2.037143,0.4403138,0.02430996,1.997383,0.4330159,-0.225217,1.993026,0.5192506,0.2975295,1.999797,0.4158444,0.06326512,1.792566,0.2666916,0.1544456,2.070346,0.4456817,0.7477208,1.958861
72057594038042242,0,1.014378,106259.7,0.4473256,0.2944869,2.049042,0.4569584,0.9437835,1.911316,0.323621,0.7643738,1.979729,0.4650916,0.8288112,1.803372,0.5267863,0.6584593,1.74849,0.5481514,0.602421,1.733435,0.5060935,0.6640435,1.899679,0.5370702,0.480016,1.86392,0.4838196,0.7206528,1.806006,0.489218,0.7397013,1.838487,0.3629883,0.2938262,2.037143,0.4403138,0.02430996,1.997383,0.4330159,-0.225217,1.993026,0.5192506,0.2975295,1.999797,0.4158444,0.06326512,1.792566,0.2666916,0.1544456,2.070346,0.4456817,0.7477208,1.958861
72057594038042242,0,1.014378,106259.7,0.4473256,0.2944869,2.049042,0.4569584,0.9437835,1.911316,0.323621,0.7643738,1.979729,0.4650916,0.8288112,1.803372,0.5267863,0.6584593,1.74849,0.5481514,0.602421,1.733435,0.5060935,0.6640435,1.899679,0.5370702,0.480016,1.86392,0.4838196,0.7206528,1.806006,0.489218,0.7397013,1.838487,0.3629883,0.2938262,2.037143,0.4403138,0.02430996,1.997383,0.4330159,-0.225217,1.993026,0.5192506,0.2975295,1.999797,0.4158444,0.06326512,1.792566,0.2666916,0.1544456,2.070346,0.4456817,0.7477208,1.958861
72057594038042242,0,1.014378,106259.7,0.4473256,0.2944869,2.049042,0.4569584,0.9437835,1.911316,0.323621,0.7643738,1.979729,0.4650916,0.8288112,1.803372,0.5267863,0.6584593,1.74849,0.5481514,0.602421,1.733435,0.5060935,0.6640435,1.899679,0.5370702,0.480016,1.86392,0.4838196,0.7206528,1.806006,0.489218,0.7397013,1.838487,0.3629883,0.2938262,2.037143,0.4403138,0.02430996,1.997383,0.4330159,-0.225217,1.993026,0.5192506,0.2975295,1.999797,0.4158444,0.06326512,1.792566,0.2666916,0.1544456,2.070346,0.4456817,0.7477208,1.958861
72057594038042242,0,1.014378,106259.7,0.4473256,0.2944869,2.049042,0.4569584,0.9437835,1.911316,0.323621,0.7643738,1.979729,0.4650916,0.8288112,1.803372,0.5267863,0.6584593,1.74849,0.5481514,0.602421,1.733435,0.5060935,0.6640435,1.899679,0.5370702,0.480016,1.86392,0.4838196,0.7206528,1.806006,0.489218,0.7397013,1.838487,0.3629883,0.2938262,2.037143,0.4403138,0.02430996,1.997383,0.4330159,-0.225217,1.993026,0.5192506,0.2975295,1.999797,0.4158444,0.06326512,1.792566,0.2666916,0.1544456,2.070346,0.4456817,0.7477208,1.958861
72057594038042242,0,1.014378,106259.7,0.4473256,0.2944869,2.049042,0.4569584,0.9437835,1.911316,0.323621,0.7643738,1.979729,0.4650916,0.8288112,1.803372,0.5267863,0.6584593,1.74849,0.5481514,0.602421,1.733435,0.5060935,0.6640435,1.899679,0.5370702,0.480016,1.86392,0.4838196,0.7206528,1.806006,0.489218,0.7397013,1.838487,0.3629883,0.2938262,2.037143,0.4403138,0.02430996,1.997383,0.4330159,-0.225217,1.993026,0.5192506,0.2975295,1.999797,0.4158444,0.06326512,1.792566,0.2666916,0.1544456,2.070346,0.4456817,0.7477208,1.958861
72057594038042242,0,1.014378,106259.7,0.4473256,0.2944869,2.049042,0.4569584,0.9437835,1.911316,0.323621,0.7643738,1.979729,0.4650916,0.8288112,1.803372,0.5267863,0.6584593,1.74849,0.5481514,0.602421,1.733435,0.5060935,0.6640435,1.899679,0.5370702,0.480016,1.86392,0.4838196,0.7206528,1.806006,0.489218,0.7397013,1.838487,0.3629883,0.2938262,2.037143,0.4403138,0.02430996,1.997383,0.4330159,-0.225217,1.993026,0.5192506,0.2975295,1.999797,0.4158444,0.06326512,1.792566,0.2666916,0.1544456,2.070346,0.4456817,0.7477208,1.958861
72057594038042242,0,1.014378,106259.7,0.4473256,0.2944869,2.049042,0.4569584,0.9437835,1.911316,0.323621,0.7643738,1.979729,0.4650916,0.8288112,1.803372,0.5267863,0.6584593,1.74849,0.5481514,0.602421,1.733435,0.5060935,0.6640435,1.899679,0.5370702,0.480016,1.86392,0.4838196,0.7206528,1.806006,0.489218,0.7397013,1.838487,0.3629883,0.2938262,2.037143,0.4403138,0.02430996,1.997383,0.4330159,-0.225217,1.993026,0.5192506,0.2975295,1.999797,0.4158444,0.06326512,1.792566,0.2666916,0.1544456,2.070346,0.4456817,0.7477208,1.958861
72057594038042242,0,1.014378,106259.7,0.4473256,0.2944869,2.049042,0.4569584,0.9437835,1.911316,0.323621,0.7643738,1.979729,0.4650916,0.8288112,1.803372,0.5267863,0.6584593,1.74849,0.5481514,0.602421,1.733435,0.5060935,0.6640435,1.899679,0.5370702,0.480016,1.86392,0.4838196,0.7206528,1.806006,0.489218,0.7397013,1.838487,0.3629883,0.2938262,2.037143,0.4403138,0.02430996,1.997383,0.4330159,-0.225217,1.993026,0.5192506,0.2975295,1.999797,0.4158444,0.06326512,1.792566,0.2666916,0.1544456,2.070346,0.4456817,0.7477208,1.958861
72057594038042242,0,1.014378,106259.7,0.4473256,0.2944869,2.049042,0.4569584,0.9437835,1.911316,0.323621,0.7643738,1.979729,0.4650916,0.8288112,1.803372,0.5267863,0.6584593,1.74849,0.5481514,0.602421,1.733435,0.5060935,0.6640435,1.899679,0.5370702,0.480016,1.86392,0.4838196,0.7206528,1.806006,0.489218,0.7397013,1.838487,0.3629883,0.2938262,2.037143,0.4403138,0.02430996,1.997383,0.4330159,-0.225217,1.993026,0.5192506,0.2975295,1.999797,0.4158444,0.06326512,1.792566,0.2666916,0.1544456,2.070346,0.4456817,0.7477208,1.958861
72057594038042242,0,1.029164,106259.7,0.4606297,0.2926255,2.037835,0.4608723,0.943204,1.910415,0.3267297,0.7637368,1.979763,0.4665535,0.8247357,1.80302,0.5230911,0.6519234,1.750462,0.5427391,0.5950584,1.736182,0.5079293,0.6624479,1.898945,0.5342011,0.4778301,1.861363,0.4767901,0.7212756,1.828683,0.4883049,0.7363688,1.873706,0.37233,0.2931605,2.020017,0.4433163,0.02825102,1.994323,0.4291527,-0.2296957,1.995228,0.5376459,0.2943228,1.992664,0.3737074,0.09219146,1.789153,0.2247854,0.1831888,2.066776,0.450324,0.7473706,1.95779
72057594038042242,0,1.029164,106259.7,0.4606297,0.2926255,2.037835,0.4608723,0.943204,1.910415,0.3267297,0.7637368,1.979763,0.4665535,0.8247357,1.80302,0.5230911,0.6519234,1.750462,0.5427391,0.5950584,1.736182,0.5079293,0.6624479,1.898945,0.5342011,0.4778301,1.861363,0.4767901,0.7212756,1.828683,0.4883049,0.7363688,1.873706,0.37233,0.2931605,2.020017,0.4433163,0.02825102,1.994323,0.4291527,-0.2296957,1.995228,0.5376459,0.2943228,1.992664,0.3737074,0.09219146,1.789153,0.2247854,0.1831888,2.066776,0.450324,0.7473706,1.95779
72057594038042242,0,1.029164,106259.7,0.4606297,0.2926255,2.037835,0.4608723,0.943204,1.910415,0.3267297,0.7637368,1.979763,0.4665535,0.8247357,1.80302,0.5230911,0.6519234,1.750462,0.5427391,0.5950584,1.736182,0.5079293,0.6624479,1.898945,0.5342011,0.4778301,1.861363,0.4767901,0.7212756,1.828683,0.4883049,0.7363688,1.873706,0.37233,0.2931605,2.020017,0.4433163,0.02825102,1.994323,0.4291527,-0.2296957,1.995228,0.5376459,0.2943228,1.992664,0.3737074,0.09219146,1.789153,0.2247854,0.1831888,2.066776,0.450324,0.7473706,1.95779
72057594038042242,0,1.029164,106259.7,0.4606297,0.2926255,2.037835,0.4608723,0.943204,1.910415,0.3267297,0.7637368,1.979763,0.4665535,0.8247357,1.80302,0.5230911,0.6519234,1.750462,0.5427391,0.5950584,1.736182,0.5079293,0.6624479,1.898945,0.5342011,0.4778301,1.861363,0.4767901,0.7212756,1.828683,0.4883049,0.7363688,1.873706,0.37233,0.2931605,2.020017,0.4433163,0.02825102,1.994323,0.4291527,-0.2296957,1.995228,0.5376459,0.2943228,1.992664,0.3737074,0.09219146,1.789153,0.2247854,0.1831888,2.066776,0.450324,0.7473706,1.95779
72057594038042242,0,1.029164,106259.7,0.4606297,0.2926255,2.037835,0.4608723,0.943204,1.910415,0.3267297,0.7637368,1.979763,0.4665535,0.8247357,1.80302,0.5230911,0.6519234,1.750462,0.5427391,0.5950584,1.736182,0.5079293,0.6624479,1.898945,0.5342011,0.4778301,1.861363,0.4767901,0.7212756,1.828683,0.4883049,0.7363688,1.873706,0.37233,0.2931605,2.020017,0.4433163,0.02825102,1.994323,0.4291527,-0.2296957,1.995228,0.5376459,0.2943228,1.992664,0.3737074,0.09219146,1.789153,0.2247854,0.1831888,2.066776,0.450324,0.7473706,1.95779
72057594038042242,0,1.029164,106259.7,0.4606297,0.2926255,2.037835,0.4608723,0.943204,1.910415,0.3267297,0.7637368,1.979763,0.4665535,0.8247357,1.80302,0.5230911,0.6519234,1.750462,0.5427391,0.5950584,1.736182,0.5079293,0.6624479,1.898945,0.5342011,0.4778301,1.861363,0.4767901,0.7212756,1.828683,0.4883049,0.7363688,1.873706,0.37233,0.2931605,2.020017,0.4433163,0.02825102,1.994323,0.4291527,-0.2296957,1.995228,0.5376459,0.2943228,1.992664,0.3737074,0.09219146,1.789153,0.2247854,0.1831888,2.066776,0.450324,0.7473706,1.95779
72057594038042242,0,1.029164,106259.7,0.4606297,0.2926255,2.037835,0.4608723,0.943204,1.910415,0.3267297,0.7637368,1.979763,0.4665535,0.8247357,1.80302,0.5230911,0.6519234,1.750462,0.5427391,0.5950584,1.736182,0.5079293,0.6624479,1.898945,0.5342011,0.4778301,1.861363,0.4767901,0.7212756,1.828683,0.4883049,0.7363688,1.873706,0.37233,0.2931605,2.020017,0.4433163,0.02825102,1.994323,0.4291527,-0.2296957,1.995228,0.5376459,0.2943228,1.992664,0.3737074,0.09219146,1.789153,0.2247854,0.1831888,2.066776,0.450324,0.7473706,1.95779
72057594038042242,0,1.029164,106259.7,0.4606297,0.2926255,2.037835,0.4608723,0.943204,1.910415,0.3267297,0.7637368,1.979763,0.4665535,0.8247357,1.80302,0.5230911,0.6519234,1.750462,0.5427391,0.5950584,1.736182,0.5079293,0.6624479,1.898945,0.5342011,0.4778301,1.861363,0.4767901,0.7212756,1.828683,0.4883049,0.7363688,1.873706,0.37233,0.2931605,2.020017,0.4433163,0.02825102,1.994323,0.4291527,-0.2296957,1.995228,0.5376459,0.2943228,1.992664,0.3737074,0.09219146,1.789153,0.2247854,0.1831888,2.066776,0.450324,0.7473706,1.95779
72057594038042242,0,1.029164,106259.7,0.4606297,0.2926255,2.037835,0.4608723,0.943204,1.910415,0.3267297,0.7637368,1.979763,0.4665535,0.8247357,1.80302,0.5230911,0.6519234,1.750462,0.5427391,0.5950584,1.736182,0.5079293,0.6624479,1.898945,0.5342011,0.4778301,1.861363,0.4767901,0.7212756,1.828683,0.4883049,0.7363688,1.873706,0.37233,0.2931605,2.020017,0.4433163,0.02825102,1.994323,0.4291527,-0.2296957,1.995228,0.5376459,0.2943228,1.992664,0.3737074,0.09219146,1.789153,0.2247854,0.1831888,2.066776,0.450324,0.7473706,1.95779
72057594038042242,0,1.029164,106259.7,0.4606297,0.2926255,2.037835,0.4608723,0.943204,1.910415,0.3267297,0.7637368,1.979763,0.4665535,0.8247357,1.80302,0.5230911,0.6519234,1.750462,0.5427391,0.5950584,1.736182,0.5079293,0.6624479,1.898945,0.5342011,0.4778301,1.861363,0.4767901,0.7212756,1.828683,0.4883049,0.7363688,1.873706,0.37233,0.2931605,2.020017,0.4433163,0.02825102,1.994323,0.4291527,-0.2296957,1.995228,0.5376459,0.2943228,1.992664,0.3737074,0.09219146,1.789153,0.2247854,0.1831888,2.066776,0.450324,0.7473706,1.95779
72057594038042242,0,1.029164,106259.7,0.4606297,0.2926255,2.037835,0.4608723,0.943204,1.910415,0.3267297,0.7637368,1.979763,0.4665535,0.8247357,1.80302,0.5230911,0.6519234,1.750462,0.5427391,0.5950584,1.736182,0.5079293,0.6624479,1.898945,0.5342011,0.4778301,1.861363,0.4767901,0.7212756,1.828683,0.4883049,0.7363688,1.873706,0.37233,0.2931605,2.020017,0.4433163,0.02825102,1.994323,0.4291527,-0.2296957,1.995228,0.5376459,0.2943228,1.992664,0.3737074,0.09219146,1.789153,0.2247854,0.1831888,2.066776,0.450324,0.7473706,1.95779
72057594038042242,0,1.04384,106259.7,0.4719413,0.2969348,2.020456,0.4645515,0.9440042,1.909015,0.3229566,0.7667769,1.981839,0.4680238,0.8243574,1.802863,0.5235998,0.6513368,1.750369,0.5429296,0.5944015,1.73611,0.5066624,0.6661385,1.898174,0.5358665,0.4827711,1.856034,0.4777579,0.7260887,1.825796,0.4942703,0.7256889,1.872693,0.3777688,0.2974752,2.004042,0.4674961,0.005437851,1.968163,0.4310058,-0.3249359,2.003948,0.5535485,0.2985508,1.975284,0.352703,0.09005204,1.823332,0.2039986,0.1810122,2.100877,0.4498104,0.7493182,1.957773
72057594038042242,0,1.04384,106259.7,0.4719413,0.2969348,2.020456,0.4645515,0.9440042,1.909015,0.3229566,0.7667769,1.981839,0.4680238,0.8243574,1.802863,0.5235998,0.6513368,1.750369,0.5429296,0.5944015,1.73611,0.5066624,0.6661385,1.898174,0.5358665,0.4827711,1.856034,0.4777579,0.7260887,1.825796,0.4942703,0.7256889,1.872693,0.3777688,0.2974752,2.004042,0.4674961,0.005437851,1.968163,0.4310058,-0.3249359,2.003948,0.5535485,0.2985508,1.975284,0.352703,0.09005204,1.823332,0.2039986,0.1810122,2.100877,0.4498104,0.7493182,1.957773
72057594038042242,0,1.04384,106259.7,0.4719413,0.2969348,2.020456,0.4645515,0.9440042,1.909015,0.3229566,0.7667769,1.981839,0.4680238,0.8243574,1.802863,0.5235998,0.6513368,1.750369,0.5429296,0.5944015,1.73611,0.5066624,0.6661385,1.898174,0.5358665,0.4827711,1.856034,0.4777579,0.7260887,1.825796,0.4942703,0.7256889,1.872693,0.3777688,0.2974752,2.004042,0.4674961,0.005437851,1.968163,0.4310058,-0.3249359,2.003948,0.5535485,0.2985508,1.975284,0.352703,0.09005204,1.823332,0.2039986,0.1810122,2.100877,0.4498104,0.7493182,1.957773
72057594038042242,0,1.04384,106259.7,0.4719413,0.2969348,2.020456,0.4645515,0.9440042,1.909015,0.3229566,0.7667769,1.981839,0.4680238,0.8243574,1.802863,0.5235998,0.6513368,1.750369,0.5429296,0.5944015,1.73611,0.5066624,0.6661385,1.898174,0.5358665,0.4827711,1.856034,0.4777579,0.7260887,1.825796,0.4942703,0.7256889,1.872693,0.3777688,0.2974752,2.004042,0.4674961,0.005437851,1.968163,0.4310058,-0.3249359,2.003948,0.5535485,0.2985508,1.975284,0.352703,0.09005204,1.823332,0.2039986,0.1810122,2.100877,0.4498104,0.7493182,1.957773
72057594038042242,0,1.04384,106259.7,0.4719413,0.2969348,2.020456,0.4645515,0.9440042,1.909015,0.3229566,0.7667769,1.981839,0.4680238,0.8243574,1.802863,0.5235998,0.6513368,1.750369,0.5429296,0.5944015,1.73611,0.5066624,0.6661385,1.898174,0.5358665,0.4827711,1.856034,0.4777579,0.7260887,1.825796,0.4942703,0.7256889,1.872693,0.3777688,0.2974752,2.004042,0.4674961,0.005437851,1.968163,0.4310058,-0.3249359,2.003948,0.5535485,0.2985508,1.975284,0.352703,0.09005204,1.823332,0.2039986,0.1810122,2.100877,0.4498104,0.7493182,1.957773
72057594038042242,0,1.04384,106259.7,0.4719413,0.2969348,2.020456,0.4645515,0.9440042,1.909015,0.3229566,0.7667769,1.981839,0.4680238,0.8243574,1.802863,0.5235998,0.6513368,1.750369,0.5429296,0.5944015,1.73611,0.5066624,0.6661385,1.898174,0.5358665,0.4827711,1.856034,0.4777579,0.7260887,1.825796,0.4942703,0.7256889,1.872693,0.3777688,0.2974752,2.004042,0.4674961,0.005437851,1.968163,0.4310058,-0.3249359,2.003948,0.5535485,0.2985508,1.975284,0.352703,0.09005204,1.823332,0.2039986,0.1810122,2.100877,0.4498104,0.7493182,1.957773
72057594038042242,0,1.04384,106259.8,0.4719413,0.2969348,2.020456,0.4645515,0.9440042,1.909015,0.3229566,0.7667769,1.981839,0.4680238,0.8243574,1.802863,0.5235998,0.6513368,1.750369,0.5429296,0.5944015,1.73611,0.5066624,0.6661385,1.898174,0.5358665,0.4827711,1.856034,0.4777579,0.7260887,1.825796,0.4942703,0.7256889,1.872693,0.3777688,0.2974752,2.004042,0.4674961,0.005437851,1.968163,0.4310058,-0.3249359,2.003948,0.5535485,0.2985508,1.975284,0.352703,0.09005204,1.823332,0.2039986,0.1810122,2.100877,0.4498104,0.7493182,1.957773
72057594038042242,0,1.04384,106259.8,0.4719413,0.2969348,2.020456,0.4645515,0.9440042,1.909015,0.3229566,0.7667769,1.981839,0.4680238,0.8243574,1.802863,0.5235998,0.6513368,1.750369,0.5429296,0.5944015,1.73611,0.5066624,0.6661385,1.898174,0.5358665,0.4827711,1.856034,0.4777579,0.7260887,1.825796,0.4942703,0.7256889,1.872693,0.3777688,0.2974752,2.004042,0.4674961,0.005437851,1.968163,0.4310058,-0.3249359,2.003948,0.5535485,0.2985508,1.975284,0.352703,0.09005204,1.823332,0.2039986,0.1810122,2.100877,0.4498104,0.7493182,1.957773
72057594038042242,0,1.04384,106259.8,0.4719413,0.2969348,2.020456,0.4645515,0.9440042,1.909015,0.3229566,0.7667769,1.981839,0.4680238,0.8243574,1.802863,0.5235998,0.6513368,1.750369,0.5429296,0.5944015,1.73611,0.5066624,0.6661385,1.898174,0.5358665,0.4827711,1.856034,0.4777579,0.7260887,1.825796,0.4942703,0.7256889,1.872693,0.3777688,0.2974752,2.004042,0.4674961,0.005437851,1.968163,0.4310058,-0.3249359,2.003948,0.5535485,0.2985508,1.975284,0.352703,0.09005204,1.823332,0.2039986,0.1810122,2.100877,0.4498104,0.7493182,1.957773
72057594038042242,0,1.04384,106259.8,0.4719413,0.2969348,2.020456,0.4645515,0.9440042,1.909015,0.3229566,0.7667769,1.981839,0.4680238,0.8243574,1.802863,0.5235998,0.6513368,1.750369,0.5429296,0.5944015,1.73611,0.5066624,0.6661385,1.898174,0.5358665,0.4827711,1.856034,0.4777579,0.7260887,1.825796,0.4942703,0.7256889,1.872693,0.3777688,0.2974752,2.004042,0.4674961,0.005437851,1.968163,0.4310058,-0.3249359,2.003948,0.5535485,0.2985508,1.975284,0.352703,0.09005204,1.823332,0.2039986,0.1810122,2.100877,0.4498104,0.7493182,1.957773
72057594038042242,0,1.050526,106259.8,0.4803409,0.306392,2.008894,0.4692987,0.9440715,1.907226,0.3206687,0.7687235,1.982998,0.470094,0.8212049,1.802131,0.5369779,0.656051,1.738031,0.560084,0.6017315,1.719904,0.5071496,0.6661685,1.897806,0.5351726,0.482862,1.854634,0.4777416,0.7262529,1.82516,0.4197136,0.9274121,1.832546,0.3934548,0.3097982,1.974742,0.4667937,0.01441675,1.968342,0.4267887,-0.3153332,2.006171,0.5569873,0.3056377,1.973324,0.3607397,0.08792666,1.830672,0.2120005,0.1788845,2.108231,0.4501196,0.7519804,1.95736
72057594038042242,0,1.050526,106259.8,0.4803409,0.306392,2.008894,0.4692987,0.9440715,1.907226,0.3206687,0.7687235,1.982998,0.470094,0.8212049,1.802131,0.5369779,0.656051,1.738031,0.560084,0.6017315,1.719904,0.5071496,0.6661685,1.897806,0.5351726,0.482862,1.854634,0.4777416,0.7262529,1.82516,0.4197136,0.9274121,1.832546,0.3934548,0.3097982,1.974742,0.4667937,0.01441675,1.968342,0.4267887,-0.3153332,2.006171,0.5569873,0.3056377,1.973324,0.3607397,0.08792666,1.830672,0.2120005,0.1788845,2.108231,0.4501196,0.7519804,1.95736
72057594038042242,0,1.050526,106259.8,0.4803409,0.306392,2.008894,0.4692987,0.9440715,1.907226,0.3206687,0.7687235,1.982998,0.470094,0.8212049,1.802131,0.5369779,0.656051,1.738031,0.560084,0.6017315,1.719904,0.5071496,0.6661685,1.897806,0.5351726,0.482862,1.854634,0.4777416,0.7262529,1.82516,0.4197136,0.9274121,1.832546,0.3934548,0.3097982,1.974742,0.4667937,0.01441675,1.968342,0.4267887,-0.3153332,2.006171,0.5569873,0.3056377,1.973324,0.3607397,0.08792666,1.830672,0.2120005,0.1788845,2.108231,0.4501196,0.7519804,1.95736
72057594038042242,0,1.050526,106259.8,0.4803409,0.306392,2.008894,0.4692987,0.9440715,1.907226,0.3206687,0.7687235,1.982998,0.470094,0.8212049,1.802131,0.5369779,0.656051,1.738031,0.560084,0.6017315,1.719904,0.5071496,0.6661685,1.897806,0.5351726,0.482862,1.854634,0.4777416,0.7262529,1.82516,0.4197136,0.9274121,1.832546,0.3934548,0.3097982,1.974742,0.4667937,0.01441675,1.968342,0.4267887,-0.3153332,2.006171,0.5569873,0.3056377,1.973324,0.3607397,0.08792666,1.830672,0.2120005,0.1788845,2.108231,0.4501196,0.7519804,1.95736
72057594038042242,0,1.050526,106259.8,0.4803409,0.306392,2.008894,0.4692987,0.9440715,1.907226,0.3206687,0.7687235,1.982998,0.470094,0.8212049,1.802131,0.5369779,0.656051,1.738031,0.560084,0.6017315,1.719904,0.5071496,0.6661685,1.897806,0.5351726,0.482862,1.854634,0.4777416,0.7262529,1.82516,0.4197136,0.9274121,1.832546,0.3934548,0.3097982,1.974742,0.4667937,0.01441675,1.968342,0.4267887,-0.3153332,2.006171,0.5569873,0.3056377,1.973324,0.3607397,0.08792666,1.830672,0.2120005,0.1788845,2.108231,0.4501196,0.7519804,1.95736
72057594038042242,0,1.050526,106259.8,0.4803409,0.306392,2.008894,0.4692987,0.9440715,1.907226,0.3206687,0.7687235,1.982998,0.470094,0.8212049,1.802131,0.5369779,0.656051,1.738031,0.560084,0.6017315,1.719904,0.5071496,0.6661685,1.897806,0.5351726,0.482862,1.854634,0.4777416,0.7262529,1.82516,0.4197136,0.9274121,1.832546,0.3934548,0.3097982,1.974742,0.4667937,0.01441675,1.968342,0.4267887,-0.3153332,2.006171,0.5569873,0.3056377,1.973324,0.3607397,0.08792666,1.830672,0.2120005,0.1788845,2.108231,0.4501196,0.7519804,1.95736
72057594038042242,0,1.050526,106259.8,0.4803409,0.306392,2.008894,0.4692987,0.9440715,1.907226,0.3206687,0.7687235,1.982998,0.470094,0.8212049,1.802131,0.5369779,0.656051,1.738031,0.560084,0.6017315,1.719904,0.5071496,0.6661685,1.897806,0.5351726,0.482862,1.854634,0.4777416,0.7262529,1.82516,0.4197136,0.9274121,1.832546,0.3934548,0.3097982,1.974742,0.4667937,0.01441675,1.968342,0.4267887,-0.3153332,2.006171,0.5569873,0.3056377,1.973324,0.3607397,0.08792666,1.830672,0.2120005,0.1788845,2.108231,0.4501196,0.7519804,1.95736
72057594038042242,0,1.050526,106259.8,0.4803409,0.306392,2.008894,0.4692987,0.9440715,1.907226,0.3206687,0.7687235,1.982998,0.470094,0.8212049,1.802131,0.5369779,0.656051,1.738031,0.560084,0.6017315,1.719904,0.5071496,0.6661685,1.897806,0.5351726,0.482862,1.854634,0.4777416,0.7262529,1.82516,0.4197136,0.9274121,1.832546,0.3934548,0.3097982,1.974742,0.4667937,0.01441675,1.968342,0.4267887,-0.3153332,2.006171,0.5569873,0.3056377,1.973324,0.3607397,0.08792666,1.830672,0.2120005,0.1788845,2.108231,0.4501196,0.7519804,1.95736
72057594038042242,0,1.050526,106259.8,0.4803409,0.306392,2.008894,0.4692987,0.9440715,1.907226,0.3206687,0.7687235,1.982998,0.470094,0.8212049,1.802131,0.5369779,0.656051,1.738031,0.560084,0.6017315,1.719904,0.5071496,0.6661685,1.897806,0.5351726,0.482862,1.854634,0.4777416,0.7262529,1.82516,0.4197136,0.9274121,1.832546,0.3934548,0.3097982,1.974742,0.4667937,0.01441675,1.968342,0.4267887,-0.3153332,2.006171,0.5569873,0.3056377,1.973324,0.3607397,0.08792666,1.830672,0.2120005,0.1788845,2.108231,0.4501196,0.7519804,1.95736
72057594038042242,0,1.050526,106259.8,0.4803409,0.306392,2.008894,0.4692987,0.9440715,1.907226,0.3206687,0.7687235,1.982998,0.470094,0.8212049,1.802131,0.5369779,0.656051,1.738031,0.560084,0.6017315,1.719904,0.5071496,0.6661685,1.897806,0.5351726,0.482862,1.854634,0.4777416,0.7262529,1.82516,0.4197136,0.9274121,1.832546,0.3934548,0.3097982,1.974742,0.4667937,0.01441675,1.968342,0.4267887,-0.3153332,2.006171,0.5569873,0.3056377,1.973324,0.3607397,0.08792666,1.830672,0.2120005,0.1788845,2.108231,0.4501196,0.7519804,1.95736
72057594038042242,0,1.04963,106259.8,0.4765581,0.2920836,2.019125,0.4733204,0.9442738,1.906196,0.3205454,0.7688838,1.983092,0.4727435,0.8194075,1.801389,0.5416211,0.6563783,1.734018,0.5653973,0.6027638,1.7148,0.5076901,0.6661409,1.897537,0.5369052,0.4836714,1.851233,0.4797847,0.727342,1.826454,0.4247785,0.9133247,1.846398,0.3876748,0.2889642,1.985767,0.4619441,0.0364382,1.971724,0.4273872,-0.2316682,1.994844,0.5517706,0.2938092,1.990938,0.3663212,0.1139752,1.783924,0.2174169,0.2048363,2.061493,0.4528176,0.7519692,1.956793
72057594038042242,0,1.04963,106259.8,0.4765581,0.2920836,2.019125,0.4733204,0.9442738,1.906196,0.3205454,0.7688838,1.983092,0.4727435,0.8194075,1.801389,0.5416211,0.6563783,1.734018,0.5653973,0.6027638,1.7148,0.5076901,0.6661409,1.897537,0.5369052,0.4836714,1.851233,0.4797847,0.727342,1.826454,0.4247785,0.9133247,1.846398,0.3876748,0.2889642,1.985767,0.4619441,0.0364382,1.971724,0.4273872,-0.2316682,1.994844,0.5517706,0.2938092,1.990938,0.3663212,0.1139752,1.783924,0.2174169,0.2048363,2.061493,0.4528176,0.7519692,1.956793
72057594038042242,0,1.04963,106259.8,0.4765581,0.2920836,2.019125,0.4733204,0.9442738,1.906196,0.3205454,0.7688838,1.983092,0.4727435,0.8194075,1.801389,0.5416211,0.6563783,1.734018,0.5653973,0.6027638,1.7148,0.5076901,0.6661409,1.897537,0.5369052,0.4836714,1.851233,0.4797847,0.727342,1.826454,0.4247785,0.9133247,1.846398,0.3876748,0.2889642,1.985767,0.4619441,0.0364382,1.971724,0.4273872,-0.2316682,1.994844,0.5517706,0.2938092,1.990938,0.3663212,0.1139752,1.783924,0.2174169,0.2048363,2.061493,0.4528176,0.7519692,1.956793
72057594038042242,0,1.04963,106259.8,0.4765581,0.2920836,2.019125,0.4733204,0.9442738,1.906196,0.3205454,0.7688838,1.983092,0.4727435,0.8194075,1.801389,0.5416211,0.6563783,1.734018,0.5653973,0.6027638,1.7148,0.5076901,0.6661409,1.897537,0.5369052,0.4836714,1.851233,0.4797847,0.727342,1.826454,0.4247785,0.9133247,1.846398,0.3876748,0.2889642,1.985767,0.4619441,0.0364382,1.971724,0.4273872,-0.2316682,1.994844,0.5517706,0.2938092,1.990938,0.3663212,0.1139752,1.783924,0.2174169,0.2048363,2.061493,0.4528176,0.7519692,1.956793
72057594038042242,0,1.04963,106259.8,0.4765581,0.2920836,2.019125,0.4733204,0.9442738,1.906196,0.3205454,0.7688838,1.983092,0.4727435,0.8194075,1.801389,0.5416211,0.6563783,1.734018,0.5653973,0.6027638,1.7148,0.5076901,0.6661409,1.897537,0.5369052,0.4836714,1.851233,0.4797847,0.727342,1.826454,0.4247785,0.9133247,1.846398,0.3876748,0.2889642,1.985767,0.4619441,0.0364382,1.971724,0.4273872,-0.2316682,1.994844,0.5517706,0.2938092,1.990938,0.3663212,0.1139752,1.783924,0.2174169,0.2048363,2.061493,0.4528176,0.7519692,1.956793
72057594038042242,0,1.04963,106259.8,0.4765581,0.2920836,2.019125,0.4733204,0.9442738,1.906196,0.3205454,0.7688838,1.983092,0.4727435,0.8194075,1.801389,0.5416211,0.6563783,1.734018,0.5653973,0.6027638,1.7148,0.5076901,0.6661409,1.897537,0.5369052,0.4836714,1.851233,0.4797847,0.727342,1.826454,0.4247785,0.9133247,1.846398,0.3876748,0.2889642,1.985767,0.4619441,0.0364382,1.971724,0.4273872,-0.2316682,1.994844,0.5517706,0.2938092,1.990938,0.3663212,0.1139752,1.783924,0.2174169,0.2048363,2.061493,0.4528176,0.7519692,1.956793
72057594038042242,0,1.04963,106259.8,0.4765581,0.2920836,2.019125,0.4733204,0.9442738,1.906196,0.3205454,0.7688838,1.983092,0.4727435,0.8194075,1.801389,0.5416211,0.6563783,1.734018,0.5653973,0.6027638,1.7148,0.5076901,0.6661409,1.897537,0.5369052,0.4836714,1.851233,0.4797847,0.727342,1.826454,0.4247785,0.9133247,1.846398,0.3876748,0.2889642,1.985767,0.4619441,0.0364382,1.971724,0.4273872,-0.2316682,1.994844,0.5517706,0.2938092,1.990938,0.3663212,0.1139752,1.783924,0.2174169,0.2048363,2.061493,0.4528176,0.7519692,1.956793
72057594038042242,0,1.04963,106259.8,0.4765581,0.2920836,2.019125,0.4733204,0.9442738,1.906196,0.3205454,0.7688838,1.983092,0.4727435,0.8194075,1.801389,0.5416211,0.6563783,1.734018,0.5653973,0.6027638,1.7148,0.5076901,0.6661409,1.897537,0.5369052,0.4836714,1.851233,0.4797847,0.727342,1.826454,0.4247785,0.9133247,1.846398,0.3876748,0.2889642,1.985767,0.4619441,0.0364382,1.971724,0.4273872,-0.2316682,1.994844,0.5517706,0.2938092,1.990938,0.3663212,0.1139752,1.783924,0.2174169,0.2048363,2.061493,0.4528176,0.7519692,1.956793
72057594038042242,0,1.04963,106259.8,0.4765581,0.2920836,2.019125,0.4733204,0.9442738,1.906196,0.3205454,0.7688838,1.983092,0.4727435,0.8194075,1.801389,0.5416211,0.6563783,1.734018,0.5653973,0.6027638,1.7148,0.5076901,0.6661409,1.897537,0.5369052,0.4836714,1.851233,0.4797847,0.727342,1.826454,0.4247785,0.9133247,1.846398,0.3876748,0.2889642,1.985767,0.4619441,0.0364382,1.971724,0.4273872,-0.2316682,1.994844,0.5517706,0.2938092,1.990938,0.3663212,0.1139752,1.783924,0.2174169,0.2048363,2.061493,0.4528176,0.7519692,1.956793
72057594038042242,0,1.04963,106259.8,0.4765581,0.2920836,2.019125,0.4733204,0.9442738,1.906196,0.3205454,0.7688838,1.983092,0.4727435,0.8194075,1.801389,0.5416211,0.6563783,1.734018,0.5653973,0.6027638,1.7148,0.5076901,0.6661409,1.897537,0.5369052,0.4836714,1.851233,0.4797847,0.727342,1.826454,0.4247785,0.9133247,1.846398,0.3876748,0.2889642,1.985767,0.4619441,0.0364382,1.971724,0.4273872,-0.2316682,1.994844,0.5517706,0.2938092,1.990938,0.3663212,0.1139752,1.783924,0.2174169,0.2048363,2.061493,0.4528176,0.7519692,1.956793
72057594038042242,0,1.04963,106259.8,0.4765581,0.2920836,2.019125,0.4733204,0.9442738,1.906196,0.3205454,0.7688838,1.983092,0.4727435,0.8194075,1.801389,0.5416211,0.6563783,1.734018,0.5653973,0.6027638,1.7148,0.5076901,0.6661409,1.897537,0.5369052,0.4836714,1.851233,0.4797847,0.727342,1.826454,0.4247785,0.9133247,1.846398,0.3876748,0.2889642,1.985767,0.4619441,0.0364382,1.971724,0.4273872,-0.2316682,1.994844,0.5517706,0.2938092,1.990938,0.3663212,0.1139752,1.783924,0.2174169,0.2048363,2.061493,0.4528176,0.7519692,1.956793
72057594038042242,0,1.065175,106259.8,0.4806324,0.2875403,2.002914,0.4769086,0.9443477,1.905471,0.3196734,0.769599,1.983719,0.4834044,0.813195,1.79678,0.5530805,0.6521957,1.725137,0.5771435,0.5992478,1.704494,0.5088204,0.669751,1.897857,0.5077916,0.8070475,1.760783,0.4164493,0.9373214,1.844209,0.4288102,0.9286133,1.835068,0.3898355,0.2847846,1.974068,0.5014288,0.001623243,1.923258,0.4351731,-0.3145427,2.003851,0.5577356,0.2918403,1.969835,0.3174652,0.1495458,1.794107,0.1688911,0.2401647,2.071488,0.4554991,0.7524459,1.955824
72057594038042242,0,1.065175,106259.8,0.4806324,0.2875403,2.002914,0.4769086,0.9443477,1.905471,0.3196734,0.769599,1.983719,0.4834044,0.813195,1.79678,0.5530805,0.6521957,1.725137,0.5771435,0.5992478,1.704494,0.5088204,0.669751,1.897857,0.5077916,0.8070475,1.760783,0.4164493,0.9373214,1.844209,0.4288102,0.9286133,1.835068,0.3898355,0.2847846,1.974068,0.5014288,0.001623243,1.923258,0.4351731,-0.3145427,2.003851,0.5577356,0.2918403,1.969835,0.3174652,0.1495458,1.794107,0.1688911,0.2401647,2.071488,0.4554991,0.7524459,1.955824
72057594038042242,0,1.065175,106259.8,0.4806324,0.2875403,2.002914,0.4769086,0.9443477,1.905471,0.3196734,0.769599,1.983719,0.4834044,0.813195,1.79678,0.5530805,0.6521957,1.725137,0.5771435,0.5992478,1.704494,0.5088204,0.669751,1.897857,0.5077916,0.8070475,1.760783,0.4164493,0.9373214,1.844209,0.4288102,0.9286133,1.835068,0.3898355,0.2847846,1.974068,0.5014288,0.001623243,1.923258,0.4351731,-0.3145427,2.003851,0.5577356,0.2918403,1.969835,0.3174652,0.1495458,1.794107,0.1688911,0.2401647,2.071488,0.4554991,0.7524459,1.955824
72057594038042242,0,1.065175,106259.8,0.4806324,0.2875403,2.002914,0.4769086,0.9443477,1.905471,0.3196734,0.769599,1.983719,0.4834044,0.813195,1.79678,0.5530805,0.6521957,1.725137,0.5771435,0.5992478,1.704494,0.5088204,0.669751,1.897857,0.5077916,0.8070475,1.760783,0.4164493,0.9373214,1.844209,0.4288102,0.9286133,1.835068,0.3898355,0.2847846,1.974068,0.5014288,0.001623243,1.923258,0.4351731,-0.3145427,2.003851,0.5577356,0.2918403,1.969835,0.3174652,0.1495458,1.794107,0.1688911,0.2401647,2.071488,0.4554991,0.7524459,1.955824
72057594038042242,0,1.065175,106259.8,0.4806324,0.2875403,2.002914,0.4769086,0.9443477,1.905471,0.3196734,0.769599,1.983719,0.4834044,0.813195,1.79678,0.5530805,0.6521957,1.725137,0.5771435,0.5992478,1.704494,0.5088204,0.669751,1.897857,0.5077916,0.8070475,1.760783,0.4164493,0.9373214,1.844209,0.4288102,0.9286133,1.835068,0.3898355,0.2847846,1.974068,0.5014288,0.001623243,1.923258,0.4351731,-0.3145427,2.003851,0.5577356,0.2918403,1.969835,0.3174652,0.1495458,1.794107,0.1688911,0.2401647,2.071488,0.4554991,0.7524459,1.955824
72057594038042242,0,1.065175,106259.8,0.4806324,0.2875403,2.002914,0.4769086,0.9443477,1.905471,0.3196734,0.769599,1.983719,0.4834044,0.813195,1.79678,0.5530805,0.6521957,1.725137,0.5771435,0.5992478,1.704494,0.5088204,0.669751,1.897857,0.5077916,0.8070475,1.760783,0.4164493,0.9373214,1.844209,0.4288102,0.9286133,1.835068,0.3898355,0.2847846,1.974068,0.5014288,0.001623243,1.923258,0.4351731,-0.3145427,2.003851,0.5577356,0.2918403,1.969835,0.3174652,0.1495458,1.794107,0.1688911,0.2401647,2.071488,0.4554991,0.7524459,1.955824
72057594038042242,0,1.065175,106259.9,0.4806324,0.2875403,2.002914,0.4769086,0.9443477,1.905471,0.3196734,0.769599,1.983719,0.4834044,0.813195,1.79678,0.5530805,0.6521957,1.725137,0.5771435,0.5992478,1.704494,0.5088204,0.669751,1.897857,0.5077916,0.8070475,1.760783,0.4164493,0.9373214,1.844209,0.4288102,0.9286133,1.835068,0.3898355,0.2847846,1.974068,0.5014288,0.001623243,1.923258,0.4351731,-0.3145427,2.003851,0.5577356,0.2918403,1.969835,0.3174652,0.1495458,1.794107,0.1688911,0.2401647,2.071488,0.4554991,0.7524459,1.955824
72057594038042242,0,1.065175,106259.9,0.4806324,0.2875403,2.002914,0.4769086,0.9443477,1.905471,0.3196734,0.769599,1.983719,0.4834044,0.813195,1.79678,0.5530805,0.6521957,1.725137,0.5771435,0.5992478,1.704494,0.5088204,0.669751,1.897857,0.5077916,0.8070475,1.760783,0.4164493,0.9373214,1.844209,0.4288102,0.9286133,1.835068,0.3898355,0.2847846,1.974068,0.5014288,0.001623243,1.923258,0.4351731,-0.3145427,2.003851,0.5577356,0.2918403,1.969835,0.3174652,0.1495458,1.794107,0.1688911,0.2401647,2.071488,0.4554991,0.7524459,1.955824
72057594038042242,0,1.065175,106259.9,0.4806324,0.2875403,2.002914,0.4769086,0.9443477,1.905471,0.3196734,0.769599,1.983719,0.4834044,0.813195,1.79678,0.5530805,0.6521957,1.725137,0.5771435,0.5992478,1.704494,0.5088204,0.669751,1.897857,0.5077916,0.8070475,1.760783,0.4164493,0.9373214,1.844209,0.4288102,0.9286133,1.835068,0.3898355,0.2847846,1.974068,0.5014288,0.001623243,1.923258,0.4351731,-0.3145427,2.003851,0.5577356,0.2918403,1.969835,0.3174652,0.1495458,1.794107,0.1688911,0.2401647,2.071488,0.4554991,0.7524459,1.955824
72057594038042242,0,1.065175,106259.9,0.4806324,0.2875403,2.002914,0.4769086,0.9443477,1.905471,0.3196734,0.769599,1.983719,0.4834044,0.813195,1.79678,0.5530805,0.6521957,1.725137,0.5771435,0.5992478,1.704494,0.5088204,0.669751,1.897857,0.5077916,0.8070475,1.760783,0.4164493,0.9373214,1.844209,0.4288102,0.9286133,1.835068,0.3898355,0.2847846,1.974068,0.5014288,0.001623243,1.923258,0.4351731,-0.3145427,2.003851,0.5577356,0.2918403,1.969835,0.3174652,0.1495458,1.794107,0.1688911,0.2401647,2.071488,0.4554991,0.7524459,1.955824
72057594038042242,0,1.065175,106259.9,0.4806324,0.2875403,2.002914,0.4769086,0.9443477,1.905471,0.3196734,0.769599,1.983719,0.4834044,0.813195,1.79678,0.5530805,0.6521957,1.725137,0.5771435,0.5992478,1.704494,0.5088204,0.669751,1.897857,0.5077916,0.8070475,1.760783,0.4164493,0.9373214,1.844209,0.4288102,0.9286133,1.835068,0.3898355,0.2847846,1.974068,0.5014288,0.001623243,1.923258,0.4351731,-0.3145427,2.003851,0.5577356,0.2918403,1.969835,0.3174652,0.1495458,1.794107,0.1688911,0.2401647,2.071488,0.4554991,0.7524459,1.955824
72057594038042242,0,1.067177,106259.9,0.4815895,0.2866263,2.001391,0.4809247,0.9450576,1.904567,0.3187627,0.7703886,1.984095,0.4880294,0.8113827,1.797532,0.5590357,0.6519629,1.723864,0.5835499,0.5995377,1.702544,0.5098537,0.6729166,1.898576,0.5018455,0.8233261,1.778192,0.4447967,1.004786,1.827124,0.4328532,1.005542,1.837309,0.391865,0.2833246,1.970713,0.5023676,-0.0004074574,1.923524,0.4361341,-0.3166828,2.00372,0.5579198,0.2915782,1.969542,0.3207805,0.1394134,1.798858,0.1721984,0.2300939,2.076259,0.4582568,0.7532614,1.954748
72057594038042242,0,1.067177,106259.9,0.4815895,0.2866263,2.001391,0.4809247,0.9450576,1.904567,0.3187627,0.7703886,1.984095,0.4880294,0.8113827,1.797532,0.5590357,0.6519629,1.723864,0.5835499,0.5995377,1.702544,0.5098537,0.6729166,1.898576,0.5018455,0.8233261,1.778192,0.4447967,1.004786,1.827124,0.4328532,1.005542,1.837309,0.391865,0.2833246,1.970713,0.5023676,-0.0004074574,1.923524,0.4361341,-0.3166828,2.00372,0.5579198,0.2915782,1.969542,0.3207805,0.1394134,1.798858,0.1721984,0.2300939,2.076259,0.4582568,0.7532614,1.954748
72057594038042242,0,1.067177,106259.9,0.4815895,0.2866263,2.001391,0.4809247,0.9450576,1.904567,0.3187627,0.7703886,1.984095,0.4880294,0.8113827,1.797532,0.5590357,0.6519629,1.723864,0.5835499,0.5995377,1.702544,0.5098537,0.6729166,1.898576,0.5018455,0.8233261,1.778192,0.4447967,1.004786,1.827124,0.4328532,1.005542,1.837309,0.391865,0.2833246,1.970713,0.5023676,-0.0004074574,1.923524,0.4361341,-0.3166828,2.00372,0.5579198,0.2915782,1.969542,0.3207805,0.1394134,1.798858,0.1721984,0.2300939,2.076259,0.4582568,0.7532614,1.954748
72057594038042242,0,1.067177,106259.9,0.4815895,0.2866263,2.001391,0.4809247,0.9450576,1.904567,0.3187627,0.7703886,1.984095,0.4880294,0.8113827,1.797532,0.5590357,0.6519629,1.723864,0.5835499,0.5995377,1.702544,0.5098537,0.6729166,1.898576,0.5018455,0.8233261,1.778192,0.4447967,1.004786,1.827124,0.4328532,1.005542,1.837309,0.391865,0.2833246,1.970713,0.5023676,-0.0004074574,1.923524,0.4361341,-0.3166828,2.00372,0.5579198,0.2915782,1.969542,0.3207805,0.1394134,1.798858,0.1721984,0.2300939,2.076259,0.4582568,0.7532614,1.954748
72057594038042242,0,1.067177,106259.9,0.4815895,0.2866263,2.001391,0.4809247,0.9450576,1.904567,0.3187627,0.7703886,1.984095,0.4880294,0.8113827,1.797532,0.5590357,0.6519629,1.723864,0.5835499,0.5995377,1.702544,0.5098537,0.6729166,1.898576,0.5018455,0.8233261,1.778192,0.4447967,1.004786,1.827124,0.4328532,1.005542,1.837309,0.391865,0.2833246,1.970713,0.5023676,-0.0004074574,1.923524,0.4361341,-0.3166828,2.00372,0.5579198,0.2915782,1.969542,0.3207805,0.1394134,1.798858,0.1721984,0.2300939,2.076259,0.4582568,0.7532614,1.954748
72057594038042242,0,1.067177,106259.9,0.4815895,0.2866263,2.001391,0.4809247,0.9450576,1.904567,0.3187627,0.7703886,1.984095,0.4880294,0.8113827,1.797532,0.5590357,0.6519629,1.723864,0.5835499,0.5995377,1.702544,0.5098537,0.6729166,1.898576,0.5018455,0.8233261,1.778192,0.4447967,1.004786,1.827124,0.4328532,1.005542,1.837309,0.391865,0.2833246,1.970713,0.5023676,-0.0004074574,1.923524,0.4361341,-0.3166828,2.00372,0.5579198,0.2915782,1.969542,0.3207805,0.1394134,1.798858,0.1721984,0.2300939,2.076259,0.4582568,0.7532614,1.954748
72057594038042242,0,1.067177,106259.9,0.4815895,0.2866263,2.001391,0.4809247,0.9450576,1.904567,0.3187627,0.7703886,1.984095,0.4880294,0.8113827,1.797532,0.5590357,0.6519629,1.723864,0.5835499,0.5995377,1.702544,0.5098537,0.6729166,1.898576,0.5018455,0.8233261,1.778192,0.4447967,1.004786,1.827124,0.4328532,1.005542,1.837309,0.391865,0.2833246,1.970713,0.5023676,-0.0004074574,1.923524,0.4361341,-0.3166828,2.00372,0.5579198,0.2915782,1.969542,0.3207805,0.1394134,1.798858,0.1721984,0.2300939,2.076259,0.4582568,0.7532614,1.954748
72057594038042242,0,1.067177,106259.9,0.4815895,0.2866263,2.001391,0.4809247,0.9450576,1.904567,0.3187627,0.7703886,1.984095,0.4880294,0.8113827,1.797532,0.5590357,0.6519629,1.723864,0.5835499,0.5995377,1.702544,0.5098537,0.6729166,1.898576,0.5018455,0.8233261,1.778192,0.4447967,1.004786,1.827124,0.4328532,1.005542,1.837309,0.391865,0.2833246,1.970713,0.5023676,-0.0004074574,1.923524,0.4361341,-0.3166828,2.00372,0.5579198,0.2915782,1.969542,0.3207805,0.1394134,1.798858,0.1721984,0.2300939,2.076259,0.4582568,0.7532614,1.954748
72057594038042242,0,1.067177,106259.9,0.4815895,0.2866263,2.001391,0.4809247,0.9450576,1.904567,0.3187627,0.7703886,1.984095,0.4880294,0.8113827,1.797532,0.5590357,0.6519629,1.723864,0.5835499,0.5995377,1.702544,0.5098537,0.6729166,1.898576,0.5018455,0.8233261,1.778192,0.4447967,1.004786,1.827124,0.4328532,1.005542,1.837309,0.391865,0.2833246,1.970713,0.5023676,-0.0004074574,1.923524,0.4361341,-0.3166828,2.00372,0.5579198,0.2915782,1.969542,0.3207805,0.1394134,1.798858,0.1721984,0.2300939,2.076259,0.4582568,0.7532614,1.954748
72057594038042242,0,1.067752,106259.9,0.4852363,0.2802614,2.008249,0.4867535,0.9419792,1.905386,0.3320157,0.7657369,1.982817,0.4909691,0.8107851,1.797213,0.5632341,0.65242,1.722464,0.5881731,0.6003455,1.700783,0.5173748,0.6789938,1.901463,0.5037245,0.8231174,1.773158,0.4245315,0.9706436,1.839442,0.453442,0.977855,1.824624,0.3938524,0.2786962,1.97111,0.5052107,-0.004743129,1.938209,0.4349004,-0.324208,2.003361,0.564208,0.2830753,1.990645,0.3379529,0.1711133,1.773732,0.1891832,0.2616064,2.051143,0.4841008,0.7457588,1.951424
72057594038042242,0,1.067752,106259.9,0.4852363,0.2802614,2.008249,0.4867535,0.9419792,1.905386,0.3320157,0.7657369,1.982817,0.4909691,0.8107851,1.797213,0.5632341,0.65242,1.722464,0.5881731,0.6003455,1.700783,0.5173748,0.6789938,1.901463,0.5037245,0.8231174,1.773158,0.4245315,0.9706436,1.839442,0.453442,0.977855,1.824624,0.3938524,0.2786962,1.97111,0.5052107,-0.004743129,1.938209,0.4349004,-0.324208,2.003361,0.564208,0.2830753,1.990645,0.3379529,0.1711133,1.773732,0.1891832,0.2616064,2.051143,0.4841008,0.7457588,1.951424
72057594038042242,0,1.067752,106259.9,0.4852363,0.2802614,2.008249,0.4867535,0.9419792,1.905386,0.3320157,0.7657369,1.982817,0.4909691,0.8107851,1.797213,0.5632341,0.65242,1.722464,0.5881731,0.6003455,1.700783,0.5173748,0.6789938,1.901463,0.5037245,0.8231174,1.773158,0.4245315,0.9706436,1.839442,0.453442,0.977855,1.824624,0.3938524,0.2786962,1.97111,0.5052107,-0.004743129,1.938209,0.4349004,-0.324208,2.003361,0.564208,0.2830753,1.990645,0.3379529,0.1711133,1.773732,0.1891832,0.2616064,2.051143,0.4841008,0.7457588,1.951424
72057594038042242,0,1.067752,106259.9,0.4852363,0.2802614,2.008249,0.4867535,0.9419792,1.905386,0.3320157,0.7657369,1.982817,0.4909691,0.8107851,1.797213,0.5632341,0.65242,1.722464,0.5881731,0.6003455,1.700783,0.5173748,0.6789938,1.901463,0.5037245,0.8231174,1.773158,0.4245315,0.9706436,1.839442,0.453442,0.977855,1.824624,0.3938524,0.2786962,1.97111,0.5052107,-0.004743129,1.938209,0.4349004,-0.324208,2.003361,0.564208,0.2830753,1.990645,0.3379529,0.1711133,1.773732,0.1891832,0.2616064,2.051143,0.4841008,0.7457588,1.951424
72057594038042242,0,1.067752,106259.9,0.4852363,0.2802614,2.008249,0.4867535,0.9419792,1.905386,0.3320157,0.7657369,1.982817,0.4909691,0.8107851,1.797213,0.5632341,0.65242,1.722464,0.5881731,0.6003455,1.700783,0.5173748,0.6789938,1.901463,0.5037245,0.8231174,1.773158,0.4245315,0.9706436,1.839442,0.453442,0.977855,1.824624,0.3938524,0.2786962,1.97111,0.5052107,-0.004743129,1.938209,0.4349004,-0.324208,2.003361,0.564208,0.2830753,1.990645,0.3379529,0.1711133,1.773732,0.1891832,0.2616064,2.051143,0.4841008,0.7457588,1.951424
72057594038042242,0,1.067752,106259.9,0.4852363,0.2802614,2.008249,0.4867535,0.9419792,1.905386,0.3320157,0.7657369,1.982817,0.4909691,0.8107851,1.797213,0.5632341,0.65242,1.722464,0.5881731,0.6003455,1.700783,0.5173748,0.6789938,1.901463,0.5037245,0.8231174,1.773158,0.4245315,0.9706436,1.839442,0.453442,0.977855,1.824624,0.3938524,0.2786962,1.97111,0.5052107,-0.004743129,1.938209,0.4349004,-0.324208,2.003361,0.564208,0.2830753,1.990645,0.3379529,0.1711133,1.773732,0.1891832,0.2616064,2.051143,0.4841008,0.7457588,1.951424
72057594038042242,0,1.067752,106259.9,0.4852363,0.2802614,2.008249,0.4867535,0.9419792,1.905386,0.3320157,0.7657369,1.982817,0.4909691,0.8107851,1.797213,0.5632341,0.65242,1.722464,0.5881731,0.6003455,1.700783,0.5173748,0.6789938,1.901463,0.5037245,0.8231174,1.773158,0.4245315,0.9706436,1.839442,0.453442,0.977855,1.824624,0.3938524,0.2786962,1.97111,0.5052107,-0.004743129,1.938209,0.4349004,-0.324208,2.003361,0.564208,0.2830753,1.990645,0.3379529,0.1711133,1.773732,0.1891832,0.2616064,2.051143,0.4841008,0.7457588,1.951424
72057594038042242,0,1.067752,106259.9,0.4852363,0.2802614,2.008249,0.4867535,0.9419792,1.905386,0.3320157,0.7657369,1.982817,0.4909691,0.8107851,1.797213,0.5632341,0.65242,1.722464,0.5881731,0.6003455,1.700783,0.5173748,0.6789938,1.901463,0.5037245,0.8231174,1.773158,0.4245315,0.9706436,1.839442,0.453442,0.977855,1.824624,0.3938524,0.2786962,1.97111,0.5052107,-0.004743129,1.938209,0.4349004,-0.324208,2.003361,0.564208,0.2830753,1.990645,0.3379529,0.1711133,1.773732,0.1891832,0.2616064,2.051143,0.4841008,0.7457588,1.951424
72057594038042242,0,1.067752,106259.9,0.4852363,0.2802614,2.008249,0.4867535,0.9419792,1.905386,0.3320157,0.7657369,1.982817,0.4909691,0.8107851,1.797213,0.5632341,0.65242,1.722464,0.5881731,0.6003455,1.700783,0.5173748,0.6789938,1.901463,0.5037245,0.8231174,1.773158,0.4245315,0.9706436,1.839442,0.453442,0.977855,1.824624,0.3938524,0.2786962,1.97111,0.5052107,-0.004743129,1.938209,0.4349004,-0.324208,2.003361,0.564208,0.2830753,1.990645,0.3379529,0.1711133,1.773732,0.1891832,0.2616064,2.051143,0.4841008,0.7457588,1.951424
72057594038042242,0,1.067752,106259.9,0.4852363,0.2802614,2.008249,0.4867535,0.9419792,1.905386,0.3320157,0.7657369,1.982817,0.4909691,0.8107851,1.797213,0.5632341,0.65242,1.722464,0.5881731,0.6003455,1.700783,0.5173748,0.6789938,1.901463,0.5037245,0.8231174,1.773158,0.4245315,0.9706436,1.839442,0.453442,0.977855,1.824624,0.3938524,0.2786962,1.97111,0.5052107,-0.004743129,1.938209,0.4349004,-0.324208,2.003361,0.564208,0.2830753,1.990645,0.3379529,0.1711133,1.773732,0.1891832,0.2616064,2.051143,0.4841008,0.7457588,1.951424
72057594038042242,0,1.067752,106259.9,0.4852363,0.2802614,2.008249,0.4867535,0.9419792,1.905386,0.3320157,0.7657369,1.982817,0.4909691,0.8107851,1.797213,0.5632341,0.65242,1.722464,0.5881731,0.6003455,1.700783,0.5173748,0.6789938,1.901463,0.5037245,0.8231174,1.773158,0.4245315,0.9706436,1.839442,0.453442,0.977855,1.824624,0.3938524,0.2786962,1.97111,0.5052107,-0.004743129,1.938209,0.4349004,-0.324208,2.003361,0.564208,0.2830753,1.990645,0.3379529,0.1711133,1.773732,0.1891832,0.2616064,2.051143,0.4841008,0.7457588,1.951424
72057594038042242,0,1.067752,106259.9,0.4852363,0.2802614,2.008249,0.4867535,0.9419792,1.905386,0.3320157,0.7657369,1.982817,0.4909691,0.8107851,1.797213,0.5632341,0.65242,1.722464,0.5881731,0.6003455,1.700783,0.5173748,0.6789938,1.901463,0.5037245,0.8231174,1.773158,0.4245315,0.9706436,1.839442,0.453442,0.977855,1.824624,0.3938524,0.2786962,1.97111,0.5052107,-0.004743129,1.938209,0.4349004,-0.324208,2.003361,0.564208,0.2830753,1.990645,0.3379529,0.1711133,1.773732,0.1891832,0.2616064,2.051143,0.4841008,0.7457588,1.951424
72057594038042242,0,1.064217,106259.9,0.4933566,0.2866158,2.013898,0.4912675,0.9395804,1.908589,0.3388624,0.761919,1.986586,0.5033194,0.8077703,1.792103,0.4402697,0.946057,1.885033,0.4401513,0.9820126,1.846361,0.5211808,0.6802696,1.903396,0.5041125,0.8230236,1.77393,0.4514396,1.000822,1.833966,0.4567414,1.013097,1.83375,0.4032289,0.2837481,1.979389,0.504957,-0.003474891,1.948948,0.4293645,-0.3246139,2.001505,0.5701754,0.2909805,1.991074,0.3483743,0.1931009,1.761703,0.1994965,0.2834516,2.039117,0.4894857,0.7441107,1.954285
72057594038042242,0,1.064217,106259.9,0.4933566,0.2866158,2.013898,0.4912675,0.9395804,1.908589,0.3388624,0.761919,1.986586,0.5033194,0.8077703,1.792103,0.4402697,0.946057,1.885033,0.4401513,0.9820126,1.846361,0.5211808,0.6802696,1.903396,0.5041125,0.8230236,1.77393,0.4514396,1.000822,1.833966,0.4567414,1.013097,1.83375,0.4032289,0.2837481,1.979389,0.504957,-0.003474891,1.948948,0.4293645,-0.3246139,2.001505,0.5701754,0.2909805,1.991074,0.3483743,0.1931009,1.761703,0.1994965,0.2834516,2.039117,0.4894857,0.7441107,1.954285
72057594038042242,0,1.064217,106259.9,0.4933566,0.2866158,2.013898,0.4912675,0.9395804,1.908589,0.3388624,0.761919,1.986586,0.5033194,0.8077703,1.792103,0.4402697,0.946057,1.885033,0.4401513,0.9820126,1.846361,0.5211808,0.6802696,1.903396,0.5041125,0.8230236,1.77393,0.4514396,1.000822,1.833966,0.4567414,1.013097,1.83375,0.4032289,0.2837481,1.979389,0.504957,-0.003474891,1.948948,0.4293645,-0.3246139,2.001505,0.5701754,0.2909805,1.991074,0.3483743,0.1931009,1.761703,0.1994965,0.2834516,2.039117,0.4894857,0.7441107,1.954285
72057594038042242,0,1.064217,106259.9,0.4933566,0.2866158,2.013898,0.4912675,0.9395804,1.908589,0.3388624,0.761919,1.986586,0.5033194,0.8077703,1.792103,0.4402697,0.946057,1.885033,0.4401513,0.9820126,1.846361,0.5211808,0.6802696,1.903396,0.5041125,0.8230236,1.77393,0.4514396,1.000822,1.833966,0.4567414,1.013097,1.83375,0.4032289,0.2837481,1.979389,0.504957,-0.003474891,1.948948,0.4293645,-0.3246139,2.001505,0.5701754,0.2909805,1.991074,0.3483743,0.1931009,1.761703,0.1994965,0.2834516,2.039117,0.4894857,0.7441107,1.954285
72057594038042242,0,1.064217,106259.9,0.4933566,0.2866158,2.013898,0.4912675,0.9395804,1.908589,0.3388624,0.761919,1.986586,0.5033194,0.8077703,1.792103,0.4402697,0.946057,1.885033,0.4401513,0.9820126,1.846361,0.5211808,0.6802696,1.903396,0.5041125,0.8230236,1.77393,0.4514396,1.000822,1.833966,0.4567414,1.013097,1.83375,0.4032289,0.2837481,1.979389,0.504957,-0.003474891,1.948948,0.4293645,-0.3246139,2.001505,0.5701754,0.2909805,1.991074,0.3483743,0.1931009,1.761703,0.1994965,0.2834516,2.039117,0.4894857,0.7441107,1.954285
72057594038042242,0,1.064217,106259.9,0.4933566,0.2866158,2.013898,0.4912675,0.9395804,1.908589,0.3388624,0.761919,1.986586,0.5033194,0.8077703,1.792103,0.4402697,0.946057,1.885033,0.4401513,0.9820126,1.846361,0.5211808,0.6802696,1.903396,0.5041125,0.8230236,1.77393,0.4514396,1.000822,1.833966,0.4567414,1.013097,1.83375,0.4032289,0.2837481,1.979389,0.504957,-0.003474891,1.948948,0.4293645,-0.3246139,2.001505,0.5701754,0.2909805,1.991074,0.3483743,0.1931009,1.761703,0.1994965,0.2834516,2.039117,0.4894857,0.7441107,1.954285
72057594038042242,0,1.064217,106260,0.4933566,0.2866158,2.013898,0.4912675,0.9395804,1.908589,0.3388624,0.761919,1.986586,0.5033194,0.8077703,1.792103,0.4402697,0.946057,1.885033,0.4401513,0.9820126,1.846361,0.5211808,0.6802696,1.903396,0.5041125,0.8230236,1.77393,0.4514396,1.000822,1.833966,0.4567414,1.013097,1.83375,0.4032289,0.2837481,1.979389,0.504957,-0.003474891,1.948948,0.4293645,-0.3246139,2.001505,0.5701754,0.2909805,1.991074,0.3483743,0.1931009,1.761703,0.1994965,0.2834516,2.039117,0.4894857,0.7441107,1.954285
72057594038042242,0,1.064217,106260,0.4933566,0.2866158,2.013898,0.4912675,0.9395804,1.908589,0.3388624,0.761919,1.986586,0.5033194,0.8077703,1.792103,0.4402697,0.946057,1.885033,0.4401513,0.9820126,1.846361,0.5211808,0.6802696,1.903396,0.5041125,0.8230236,1.77393,0.4514396,1.000822,1.833966,0.4567414,1.013097,1.83375,0.4032289,0.2837481,1.979389,0.504957,-0.003474891,1.948948,0.4293645,-0.3246139,2.001505,0.5701754,0.2909805,1.991074,0.3483743,0.1931009,1.761703,0.1994965,0.2834516,2.039117,0.4894857,0.7441107,1.954285
72057594038042242,0,1.064217,106260,0.4933566,0.2866158,2.013898,0.4912675,0.9395804,1.908589,0.3388624,0.761919,1.986586,0.5033194,0.8077703,1.792103,0.4402697,0.946057,1.885033,0.4401513,0.9820126,1.846361,0.5211808,0.6802696,1.903396,0.5041125,0.8230236,1.77393,0.4514396,1.000822,1.833966,0.4567414,1.013097,1.83375,0.4032289,0.2837481,1.979389,0.504957,-0.003474891,1.948948,0.4293645,-0.3246139,2.001505,0.5701754,0.2909805,1.991074,0.3483743,0.1931009,1.761703,0.1994965,0.2834516,2.039117,0.4894857,0.7441107,1.954285
72057594038042242,0,1.064217,106260,0.4933566,0.2866158,2.013898,0.4912675,0.9395804,1.908589,0.3388624,0.761919,1.986586,0.5033194,0.8077703,1.792103,0.4402697,0.946057,1.885033,0.4401513,0.9820126,1.846361,0.5211808,0.6802696,1.903396,0.5041125,0.8230236,1.77393,0.4514396,1.000822,1.833966,0.4567414,1.013097,1.83375,0.4032289,0.2837481,1.979389,0.504957,-0.003474891,1.948948,0.4293645,-0.3246139,2.001505,0.5701754,0.2909805,1.991074,0.3483743,0.1931009,1.761703,0.1994965,0.2834516,2.039117,0.4894857,0.7441107,1.954285
72057594038042242,0,1.064931,106260,0.4974982,0.2890737,2.013768,0.5005981,0.9448583,1.909209,0.3471935,0.7664728,1.986534,0.5073778,0.8092687,1.792429,0.4829533,0.9860901,1.822326,0.4673821,0.9836298,1.83188,0.5507258,0.6706845,1.884937,0.5154078,0.8178974,1.764924,0.4503826,0.9924237,1.841383,0.4562115,1.005441,1.842507,0.4088447,0.2869268,1.978204,0.5099483,-0.0004456937,1.951337,0.4304477,-0.3215832,1.999452,0.5727364,0.2930782,1.990692,0.3637968,0.2384927,1.733916,0.2147268,0.3285476,2.011331,0.4976139,0.7489082,1.954119
72057594038042242,0,1.064931,106260,0.4974982,0.2890737,2.013768,0.5005981,0.9448583,1.909209,0.3471935,0.7664728,1.986534,0.5073778,0.8092687,1.792429,0.4829533,0.9860901,1.822326,0.4673821,0.9836298,1.83188,0.5507258,0.6706845,1.884937,0.5154078,0.8178974,1.764924,0.4503826,0.9924237,1.841383,0.4562115,1.005441,1.842507,0.4088447,0.2869268,1.978204,0.5099483,-0.0004456937,1.951337,0.4304477,-0.3215832,1.999452,0.5727364,0.2930782,1.990692,0.3637968,0.2384927,1.733916,0.2147268,0.3285476,2.011331,0.4976139,0.7489082,1.954119
72057594038042242,0,1.064931,106260,0.4974982,0.2890737,2.013768,0.5005981,0.9448583,1.909209,0.3471935,0.7664728,1.986534,0.5073778,0.8092687,1.792429,0.4829533,0.9860901,1.822326,0.4673821,0.9836298,1.83188,0.5507258,0.6706845,1.884937,0.5154078,0.8178974,1.764924,0.4503826,0.9924237,1.841383,0.4562115,1.005441,1.842507,0.4088447,0.2869268,1.978204,0.5099483,-0.0004456937,1.951337,0.4304477,-0.3215832,1.999452,0.5727364,0.2930782,1.990692,0.3637968,0.2384927,1.733916,0.2147268,0.3285476,2.011331,0.4976139,0.7489082,1.954119
72057594038042242,0,1.064931,106260,0.4974982,0.2890737,2.013768,0.5005981,0.9448583,1.909209,0.3471935,0.7664728,1.986534,0.5073778,0.8092687,1.792429,0.4829533,0.9860901,1.822326,0.4673821,0.9836298,1.83188,0.5507258,0.6706845,1.884937,0.5154078,0.8178974,1.764924,0.4503826,0.9924237,1.841383,0.4562115,1.005441,1.842507,0.4088447,0.2869268,1.978204,0.5099483,-0.0004456937,1.951337,0.4304477,-0.3215832,1.999452,0.5727364,0.2930782,1.990692,0.3637968,0.2384927,1.733916,0.2147268,0.3285476,2.011331,0.4976139,0.7489082,1.954119
72057594038042242,0,1.064931,106260,0.4974982,0.2890737,2.013768,0.5005981,0.9448583,1.909209,0.3471935,0.7664728,1.986534,0.5073778,0.8092687,1.792429,0.4829533,0.9860901,1.822326,0.4673821,0.9836298,1.83188,0.5507258,0.6706845,1.884937,0.5154078,0.8178974,1.764924,0.4503826,0.9924237,1.841383,0.4562115,1.005441,1.842507,0.4088447,0.2869268,1.978204,0.5099483,-0.0004456937,1.951337,0.4304477,-0.3215832,1.999452,0.5727364,0.2930782,1.990692,0.3637968,0.2384927,1.733916,0.2147268,0.3285476,2.011331,0.4976139,0.7489082,1.954119
72057594038042242,0,1.064931,106260,0.4974982,0.2890737,2.013768,0.5005981,0.9448583,1.909209,0.3471935,0.7664728,1.986534,0.5073778,0.8092687,1.792429,0.4829533,0.9860901,1.822326,0.4673821,0.9836298,1.83188,0.5507258,0.6706845,1.884937,0.5154078,0.8178974,1.764924,0.4503826,0.9924237,1.841383,0.4562115,1.005441,1.842507,0.4088447,0.2869268,1.978204,0.5099483,-0.0004456937,1.951337,0.4304477,-0.3215832,1.999452,0.5727364,0.2930782,1.990692,0.3637968,0.2384927,1.733916,0.2147268,0.3285476,2.011331,0.4976139,0.7489082,1.954119
72057594038042242,0,1.064931,106260,0.4974982,0.2890737,2.013768,0.5005981,0.9448583,1.909209,0.3471935,0.7664728,1.986534,0.5073778,0.8092687,1.792429,0.4829533,0.9860901,1.822326,0.4673821,0.9836298,1.83188,0.5507258,0.6706845,1.884937,0.5154078,0.8178974,1.764924,0.4503826,0.9924237,1.841383,0.4562115,1.005441,1.842507,0.4088447,0.2869268,1.978204,0.5099483,-0.0004456937,1.951337,0.4304477,-0.3215832,1.999452,0.5727364,0.2930782,1.990692,0.3637968,0.2384927,1.733916,0.2147268,0.3285476,2.011331,0.4976139,0.7489082,1.954119
72057594038042242,0,1.064931,106260,0.4974982,0.2890737,2.013768,0.5005981,0.9448583,1.909209,0.3471935,0.7664728,1.986534,0.5073778,0.8092687,1.792429,0.4829533,0.9860901,1.822326,0.4673821,0.9836298,1.83188,0.5507258,0.6706845,1.884937,0.5154078,0.8178974,1.764924,0.4503826,0.9924237,1.841383,0.4562115,1.005441,1.842507,0.4088447,0.2869268,1.978204,0.5099483,-0.0004456937,1.951337,0.4304477,-0.3215832,1.999452,0.5727364,0.2930782,1.990692,0.3637968,0.2384927,1.733916,0.2147268,0.3285476,2.011331,0.4976139,0.7489082,1.954119
72057594038042242,0,1.064931,106260,0.4974982,0.2890737,2.013768,0.5005981,0.9448583,1.909209,0.3471935,0.7664728,1.986534,0.5073778,0.8092687,1.792429,0.4829533,0.9860901,1.822326,0.4673821,0.9836298,1.83188,0.5507258,0.6706845,1.884937,0.5154078,0.8178974,1.764924,0.4503826,0.9924237,1.841383,0.4562115,1.005441,1.842507,0.4088447,0.2869268,1.978204,0.5099483,-0.0004456937,1.951337,0.4304477,-0.3215832,1.999452,0.5727364,0.2930782,1.990692,0.3637968,0.2384927,1.733916,0.2147268,0.3285476,2.011331,0.4976139,0.7489082,1.954119
72057594038042242,0,1.064931,106260,0.4974982,0.2890737,2.013768,0.5005981,0.9448583,1.909209,0.3471935,0.7664728,1.986534,0.5073778,0.8092687,1.792429,0.4829533,0.9860901,1.822326,0.4673821,0.9836298,1.83188,0.5507258,0.6706845,1.884937,0.5154078,0.8178974,1.764924,0.4503826,0.9924237,1.841383,0.4562115,1.005441,1.842507,0.4088447,0.2869268,1.978204,0.5099483,-0.0004456937,1.951337,0.4304477,-0.3215832,1.999452,0.5727364,0.2930782,1.990692,0.3637968,0.2384927,1.733916,0.2147268,0.3285476,2.011331,0.4976139,0.7489082,1.954119
72057594038042242,0,1.126389,106260,0.5068741,0.1780487,2.026782,0.5160075,0.8608509,1.907689,0.362851,0.6837758,1.984133,0.5279368,0.7542229,1.93549,0.4795945,0.9096498,1.832186,0.4824909,0.9546131,1.82252,0.5609757,0.5800849,1.879042,0.5287738,0.7261068,1.755726,0.4840069,0.9591541,1.819914,0.4805675,0.9811894,1.828436,0.4054962,0.1801772,1.996479,0.509558,-0.04561719,1.951007,0.4321664,-0.2325921,1.984928,0.5936096,0.1817267,1.99593,0.3833387,0.231789,1.738665,0.2341522,0.321881,2.016138,0.5126176,0.6628368,1.953678
72057594038042242,0,1.126389,106260,0.5068741,0.1780487,2.026782,0.5160075,0.8608509,1.907689,0.362851,0.6837758,1.984133,0.5279368,0.7542229,1.93549,0.4795945,0.9096498,1.832186,0.4824909,0.9546131,1.82252,0.5609757,0.5800849,1.879042,0.5287738,0.7261068,1.755726,0.4840069,0.9591541,1.819914,0.4805675,0.9811894,1.828436,0.4054962,0.1801772,1.996479,0.509558,-0.04561719,1.951007,0.4321664,-0.2325921,1.984928,0.5936096,0.1817267,1.99593,0.3833387,0.231789,1.738665,0.2341522,0.321881,2.016138,0.5126176,0.6628368,1.953678
72057594038042242,0,1.126389,106260,0.5068741,0.1780487,2.026782,0.5160075,0.8608509,1.907689,0.362851,0.6837758,1.984133,0.5279368,0.7542229,1.93549,0.4795945,0.9096498,1.832186,0.4824909,0.9546131,1.82252,0.5609757,0.5800849,1.879042,0.5287738,0.7261068,1.755726,0.4840069,0.9591541,1.819914,0.4805675,0.9811894,1.828436,0.4054962,0.1801772,1.996479,0.509558,-0.04561719,1.951007,0.4321664,-0.2325921,1.984928,0.5936096,0.1817267,1.99593,0.3833387,0.231789,1.738665,0.2341522,0.321881,2.016138,0.5126176,0.6628368,1.953678
72057594038042242,0,1.126389,106260,0.5068741,0.1780487,2.026782,0.5160075,0.8608509,1.907689,0.362851,0.6837758,1.984133,0.5279368,0.7542229,1.93549,0.4795945,0.9096498,1.832186,0.4824909,0.9546131,1.82252,0.5609757,0.5800849,1.879042,0.5287738,0.7261068,1.755726,0.4840069,0.9591541,1.819914,0.4805675,0.9811894,1.828436,0.4054962,0.1801772,1.996479,0.509558,-0.04561719,1.951007,0.4321664,-0.2325921,1.984928,0.5936096,0.1817267,1.99593,0.3833387,0.231789,1.738665,0.2341522,0.321881,2.016138,0.5126176,0.6628368,1.953678
72057594038042242,0,1.126389,106260,0.5068741,0.1780487,2.026782,0.5160075,0.8608509,1.907689,0.362851,0.6837758,1.984133,0.5279368,0.7542229,1.93549,0.4795945,0.9096498,1.832186,0.4824909,0.9546131,1.82252,0.5609757,0.5800849,1.879042,0.5287738,0.7261068,1.755726,0.4840069,0.9591541,1.819914,0.4805675,0.9811894,1.828436,0.4054962,0.1801772,1.996479,0.509558,-0.04561719,1.951007,0.4321664,-0.2325921,1.984928,0.5936096,0.1817267,1.99593,0.3833387,0.231789,1.738665,0.2341522,0.321881,2.016138,0.5126176,0.6628368,1.953678
72057594038042242,0,1.126389,106260,0.5068741,0.1780487,2.026782,0.5160075,0.8608509,1.907689,0.362851,0.6837758,1.984133,0.5279368,0.7542229,1.93549,0.4795945,0.9096498,1.832186,0.4824909,0.9546131,1.82252,0.5609757,0.5800849,1.879042,0.5287738,0.7261068,1.755726,0.4840069,0.9591541,1.819914,0.4805675,0.9811894,1.828436,0.4054962,0.1801772,1.996479,0.509558,-0.04561719,1.951007,0.4321664,-0.2325921,1.984928,0.5936096,0.1817267,1.99593,0.3833387,0.231789,1.738665,0.2341522,0.321881,2.016138,0.5126176,0.6628368,1.953678
72057594038042242,0,1.126389,106260,0.5068741,0.1780487,2.026782,0.5160075,0.8608509,1.907689,0.362851,0.6837758,1.984133,0.5279368,0.7542229,1.93549,0.4795945,0.9096498,1.832186,0.4824909,0.9546131,1.82252,0.5609757,0.5800849,1.879042,0.5287738,0.7261068,1.755726,0.4840069,0.9591541,1.819914,0.4805675,0.9811894,1.828436,0.4054962,0.1801772,1.996479,0.509558,-0.04561719,1.951007,0.4321664,-0.2325921,1.984928,0.5936096,0.1817267,1.99593,0.3833387,0.231789,1.738665,0.2341522,0.321881,2.016138,0.5126176,0.6628368,1.953678
72057594038042242,0,1.126389,106260,0.5068741,0.1780487,2.026782,0.5160075,0.8608509,1.907689,0.362851,0.6837758,1.984133,0.5279368,0.7542229,1.93549,0.4795945,0.9096498,1.832186,0.4824909,0.9546131,1.82252,0.5609757,0.5800849,1.879042,0.5287738,0.7261068,1.755726,0.4840069,0.9591541,1.819914,0.4805675,0.9811894,1.828436,0.4054962,0.1801772,1.996479,0.509558,-0.04561719,1.951007,0.4321664,-0.2325921,1.984928,0.5936096,0.1817267,1.99593,0.3833387,0.231789,1.738665,0.2341522,0.321881,2.016138,0.5126176,0.6628368,1.953678
72057594038042242,0,1.126389,106260,0.5068741,0.1780487,2.026782,0.5160075,0.8608509,1.907689,0.362851,0.6837758,1.984133,0.5279368,0.7542229,1.93549,0.4795945,0.9096498,1.832186,0.4824909,0.9546131,1.82252,0.5609757,0.5800849,1.879042,0.5287738,0.7261068,1.755726,0.4840069,0.9591541,1.819914,0.4805675,0.9811894,1.828436,0.4054962,0.1801772,1.996479,0.509558,-0.04561719,1.951007,0.4321664,-0.2325921,1.984928,0.5936096,0.1817267,1.99593,0.3833387,0.231789,1.738665,0.2341522,0.321881,2.016138,0.5126176,0.6628368,1.953678
72057594038042242,0,1.25425,106260,0.5813897,0.1179496,1.938537,0.5671421,0.8059914,1.856263,0.4123417,0.629939,1.932932,0.5409043,0.7536721,1.953422,0.4843892,0.9117838,1.828302,0.4896214,0.9448951,1.825095,0.6105663,0.5261462,1.827631,0.5481831,0.6863317,1.884274,0.4993719,0.8518845,1.937937,0.4773535,0.9697958,1.839672,0.4808213,0.1080644,1.927673,0.5588387,-0.09954804,1.899373,0.4869525,-0.2851811,1.924243,0.664748,0.1355822,1.889118,0.3534454,0.162708,1.792476,0.2046221,0.2532256,2.069923,0.5654533,0.6081099,1.897804
72057594038042242,0,1.25425,106260,0.5813897,0.1179496,1.938537,0.5671421,0.8059914,1.856263,0.4123417,0.629939,1.932932,0.5409043,0.7536721,1.953422,0.4843892,0.9117838,1.828302,0.4896214,0.9448951,1.825095,0.6105663,0.5261462,1.827631,0.5481831,0.6863317,1.884274,0.4993719,0.8518845,1.937937,0.4773535,0.9697958,1.839672,0.4808213,0.1080644,1.927673,0.5588387,-0.09954804,1.899373,0.4869525,-0.2851811,1.924243,0.664748,0.1355822,1.889118,0.3534454,0.162708,1.792476,0.2046221,0.2532256,2.069923,0.5654533,0.6081099,1.897804
72057594038042242,0,1.25425,106260,0.5813897,0.1179496,1.938537,0.5671421,0.8059914,1.856263,0.4123417,0.629939,1.932932,0.5409043,0.7536721,1.953422,0.4843892,0.9117838,1.828302,0.4896214,0.9448951,1.825095,0.6105663,0.5261462,1.827631,0.5481831,0.6863317,1.884274,0.4993719,0.8518845,1.937937,0.4773535,0.9697958,1.839672,0.4808213,0.1080644,1.927673,0.5588387,-0.09954804,1.899373,0.4869525,-0.2851811,1.924243,0.664748,0.1355822,1.889118,0.3534454,0.162708,1.792476,0.2046221,0.2532256,2.069923,0.5654533,0.6081099,1.897804
72057594038042242,0,1.25425,106260,0.5813897,0.1179496,1.938537,0.5671421,0.8059914,1.856263,0.4123417,0.629939,1.932932,0.5409043,0.7536721,1.953422,0.4843892,0.9117838,1.828302,0.4896214,0.9448951,1.825095,0.6105663,0.5261462,1.827631,0.5481831,0.6863317,1.884274,0.4993719,0.8518845,1.937937,0.4773535,0.9697958,1.839672,0.4808213,0.1080644,1.927673,0.5588387,-0.09954804,1.899373,0.4869525,-0.2851811,1.924243,0.664748,0.1355822,1.889118,0.3534454,0.162708,1.792476,0.2046221,0.2532256,2.069923,0.5654533,0.6081099,1.897804
72057594038042242,0,1.25425,106260,0.5813897,0.1179496,1.938537,0.5671421,0.8059914,1.856263,0.4123417,0.629939,1.932932,0.5409043,0.7536721,1.953422,0.4843892,0.9117838,1.828302,0.4896214,0.9448951,1.825095,0.6105663,0.5261462,1.827631,0.5481831,0.6863317,1.884274,0.4993719,0.8518845,1.937937,0.4773535,0.9697958,1.839672,0.4808213,0.1080644,1.927673,0.5588387,-0.09954804,1.899373,0.4869525,-0.2851811,1.924243,0.664748,0.1355822,1.889118,0.3534454,0.162708,1.792476,0.2046221,0.2532256,2.069923,0.5654533,0.6081099,1.897804
72057594038042242,0,1.25425,106260,0.5813897,0.1179496,1.938537,0.5671421,0.8059914,1.856263,0.4123417,0.629939,1.932932,0.5409043,0.7536721,1.953422,0.4843892,0.9117838,1.828302,0.4896214,0.9448951,1.825095,0.6105663,0.5261462,1.827631,0.5481831,0.6863317,1.884274,0.4993719,0.8518845,1.937937,0.4773535,0.9697958,1.839672,0.4808213,0.1080644,1.927673,0.5588387,-0.09954804,1.899373,0.4869525,-0.2851811,1.924243,0.664748,0.1355822,1.889118,0.3534454,0.162708,1.792476,0.2046221,0.2532256,2.069923,0.5654533,0.6081099,1.897804
72057594038042242,0,1.25425,106260,0.5813897,0.1179496,1.938537,0.5671421,0.8059914,1.856263,0.4123417,0.629939,1.932932,0.5409043,0.7536721,1.953422,0.4843892,0.9117838,1.828302,0.4896214,0.9448951,1.825095,0.6105663,0.5261462,1.827631,0.5481831,0.6863317,1.884274,0.4993719,0.8518845,1.937937,0.4773535,0.9697958,1.839672,0.4808213,0.1080644,1.927673,0.5588387,-0.09954804,1.899373,0.4869525,-0.2851811,1.924243,0.664748,0.1355822,1.889118,0.3534454,0.162708,1.792476,0.2046221,0.2532256,2.069923,0.5654533,0.6081099,1.897804
72057594038042242,0,1.25425,106260.1,0.5813897,0.1179496,1.938537,0.5671421,0.8059914,1.856263,0.4123417,0.629939,1.932932,0.5409043,0.7536721,1.953422,0.4843892,0.9117838,1.828302,0.4896214,0.9448951,1.825095,0.6105663,0.5261462,1.827631,0.5481831,0.6863317,1.884274,0.4993719,0.8518845,1.937937,0.4773535,0.9697958,1.839672,0.4808213,0.1080644,1.927673,0.5588387,-0.09954804,1.899373,0.4869525,-0.2851811,1.924243,0.664748,0.1355822,1.889118,0.3534454,0.162708,1.792476,0.2046221,0.2532256,2.069923,0.5654533,0.6081099,1.897804
72057594038042242,0,1.25425,106260.1,0.5813897,0.1179496,1.938537,0.5671421,0.8059914,1.856263,0.4123417,0.629939,1.932932,0.5409043,0.7536721,1.953422,0.4843892,0.9117838,1.828302,0.4896214,0.9448951,1.825095,0.6105663,0.5261462,1.827631,0.5481831,0.6863317,1.884274,0.4993719,0.8518845,1.937937,0.4773535,0.9697958,1.839672,0.4808213,0.1080644,1.927673,0.5588387,-0.09954804,1.899373,0.4869525,-0.2851811,1.924243,0.664748,0.1355822,1.889118,0.3534454,0.162708,1.792476,0.2046221,0.2532256,2.069923,0.5654533,0.6081099,1.897804
72057594038042242,0,1.25425,106260.1,0.5813897,0.1179496,1.938537,0.5671421,0.8059914,1.856263,0.4123417,0.629939,1.932932,0.5409043,0.7536721,1.953422,0.4843892,0.9117838,1.828302,0.4896214,0.9448951,1.825095,0.6105663,0.5261462,1.827631,0.5481831,0.6863317,1.884274,0.4993719,0.8518845,1.937937,0.4773535,0.9697958,1.839672,0.4808213,0.1080644,1.927673,0.5588387,-0.09954804,1.899373,0.4869525,-0.2851811,1.924243,0.664748,0.1355822,1.889118,0.3534454,0.162708,1.792476,0.2046221,0.2532256,2.069923,0.5654533,0.6081099,1.897804
72057594038042242,0,1.25425,106260.1,0.5813897,0.1179496,1.938537,0.5671421,0.8059914,1.856263,0.4123417,0.629939,1.932932,0.5409043,0.7536721,1.953422,0.4843892,0.9117838,1.828302,0.4896214,0.9448951,1.825095,0.6105663,0.5261462,1.827631,0.5481831,0.6863317,1.884274,0.4993719,0.8518845,1.937937,0.4773535,0.9697958,1.839672,0.4808213,0.1080644,1.927673,0.5588387,-0.09954804,1.899373,0.4869525,-0.2851811,1.924243,0.664748,0.1355822,1.889118,0.3534454,0.162708,1.792476,0.2046221,0.2532256,2.069923,0.5654533,0.6081099,1.897804
72057594038042242,0,1.27444,106260.1,0.5405475,0.03431442,1.961596,0.537412,0.5879396,1.860086,0.3829579,0.4171821,1.935328,0.532334,0.5139958,1.875781,0.5053878,0.7612749,1.841787,0.5023602,0.8174264,1.850212,0.5811591,0.3132267,1.829868,0.568517,0.5028185,1.821468,0.5238564,0.7404464,1.87493,0.5328918,0.8018073,1.912516,0.4683929,0.03424135,1.944873,0.5292228,-0.3113781,1.900447,0.4575363,-0.4958416,1.925353,0.5969024,0.04448754,1.918082,0.4752629,-0.2177604,1.779785,0.5584165,0.3160871,1.812304,0.5346446,0.4102826,1.902981
72057594038042242,0,1.27444,106260.1,0.5405475,0.03431442,1.961596,0.537412,0.5879396,1.860086,0.3829579,0.4171821,1.935328,0.532334,0.5139958,1.875781,0.5053878,0.7612749,1.841787,0.5023602,0.8174264,1.850212,0.5811591,0.3132267,1.829868,0.568517,0.5028185,1.821468,0.5238564,0.7404464,1.87493,0.5328918,0.8018073,1.912516,0.4683929,0.03424135,1.944873,0.5292228,-0.3113781,1.900447,0.4575363,-0.4958416,1.925353,0.5969024,0.04448754,1.918082,0.4752629,-0.2177604,1.779785,0.5584165,0.3160871,1.812304,0.5346446,0.4102826,1.902981
72057594038042242,0,1.27444,106260.1,0.5405475,0.03431442,1.961596,0.537412,0.5879396,1.860086,0.3829579,0.4171821,1.935328,0.532334,0.5139958,1.875781,0.5053878,0.7612749,1.841787,0.5023602,0.8174264,1.850212,0.5811591,0.3132267,1.829868,0.568517,0.5028185,1.821468,0.5238564,0.7404464,1.87493,0.5328918,0.8018073,1.912516,0.4683929,0.03424135,1.944873,0.5292228,-0.3113781,1.900447,0.4575363,-0.4958416,1.925353,0.5969024,0.04448754,1.918082,0.4752629,-0.2177604,1.779785,0.5584165,0.3160871,1.812304,0.5346446,0.4102826,1.902981
72057594038042242,0,1.27444,106260.1,0.5405475,0.03431442,1.961596,0.537412,0.5879396,1.860086,0.3829579,0.4171821,1.935328,0.532334,0.5139958,1.875781,0.5053878,0.7612749,1.841787,0.5023602,0.8174264,1.850212,0.5811591,0.3132267,1.829868,0.568517,0.5028185,1.821468,0.5238564,0.7404464,1.87493,0.5328918,0.8018073,1.912516,0.4683929,0.03424135,1.944873,0.5292228,-0.3113781,1.900447,0.4575363,-0.4958416,1.925353,0.5969024,0.04448754,1.918082,0.4752629,-0.2177604,1.779785,0.5584165,0.3160871,1.812304,0.5346446,0.4102826,1.902981
72057594038042242,0,1.27444,106260.1,0.5405475,0.03431442,1.961596,0.537412,0.5879396,1.860086,0.3829579,0.4171821,1.935328,0.532334,0.5139958,1.875781,0.5053878,0.7612749,1.841787,0.5023602,0.8174264,1.850212,0.5811591,0.3132267,1.829868,0.568517,0.5028185,1.821468,0.5238564,0.7404464,1.87493,0.5328918,0.8018073,1.912516,0.4683929,0.03424135,1.944873,0.5292228,-0.3113781,1.900447,0.4575363,-0.4958416,1.925353,0.5969024,0.04448754,1.918082,0.4752629,-0.2177604,1.779785,0.5584165,0.3160871,1.812304,0.5346446,0.4102826,1.902981
72057594038042242,0,1.27444,106260.1,0.5405475,0.03431442,1.961596,0.537412,0.5879396,1.860086,0.3829579,0.4171821,1.935328,0.532334,0.5139958,1.875781,0.5053878,0.7612749,1.841787,0.5023602,0.8174264,1.850212,0.5811591,0.3132267,1.829868,0.568517,0.5028185,1.821468,0.5238564,0.7404464,1.87493,0.5328918,0.8018073,1.912516,0.4683929,0.03424135,1.944873,0.5292228,-0.3113781,1.900447,0.4575363,-0.4958416,1.925353,0.5969024,0.04448754,1.918082,0.4752629,-0.2177604,1.779785,0.5584165,0.3160871,1.812304,0.5346446,0.4102826,1.902981
72057594038042242,0,1.27444,106260.1,0.5405475,0.03431442,1.961596,0.537412,0.5879396,1.860086,0.3829579,0.4171821,1.935328,0.532334,0.5139958,1.875781,0.5053878,0.7612749,1.841787,0.5023602,0.8174264,1.850212,0.5811591,0.3132267,1.829868,0.568517,0.5028185,1.821468,0.5238564,0.7404464,1.87493,0.5328918,0.8018073,1.912516,0.4683929,0.03424135,1.944873,0.5292228,-0.3113781,1.900447,0.4575363,-0.4958416,1.925353,0.5969024,0.04448754,1.918082,0.4752629,-0.2177604,1.779785,0.5584165,0.3160871,1.812304,0.5346446,0.4102826,1.902981
72057594038042242,0,1.27444,106260.1,0.5405475,0.03431442,1.961596,0.537412,0.5879396,1.860086,0.3829579,0.4171821,1.935328,0.532334,0.5139958,1.875781,0.5053878,0.7612749,1.841787,0.5023602,0.8174264,1.850212,0.5811591,0.3132267,1.829868,0.568517,0.5028185,1.821468,0.5238564,0.7404464,1.87493,0.5328918,0.8018073,1.912516,0.4683929,0.03424135,1.944873,0.5292228,-0.3113781,1.900447,0.4575363,-0.4958416,1.925353,0.5969024,0.04448754,1.918082,0.4752629,-0.2177604,1.779785,0.5584165,0.3160871,1.812304,0.5346446,0.4102826,1.902981
72057594038042242,0,1.27444,106260.1,0.5405475,0.03431442,1.961596,0.537412,0.5879396,1.860086,0.3829579,0.4171821,1.935328,0.532334,0.5139958,1.875781,0.5053878,0.7612749,1.841787,0.5023602,0.8174264,1.850212,0.5811591,0.3132267,1.829868,0.568517,0.5028185,1.821468,0.5238564,0.7404464,1.87493,0.5328918,0.8018073,1.912516,0.4683929,0.03424135,1.944873,0.5292228,-0.3113781,1.900447,0.4575363,-0.4958416,1.925353,0.5969024,0.04448754,1.918082,0.4752629,-0.2177604,1.779785,0.5584165,0.3160871,1.812304,0.5346446,0.4102826,1.902981
72057594038042242,0,1.27444,106260.1,0.5405475,0.03431442,1.961596,0.537412,0.5879396,1.860086,0.3829579,0.4171821,1.935328,0.532334,0.5139958,1.875781,0.5053878,0.7612749,1.841787,0.5023602,0.8174264,1.850212,0.5811591,0.3132267,1.829868,0.568517,0.5028185,1.821468,0.5238564,0.7404464,1.87493,0.5328918,0.8018073,1.912516,0.4683929,0.03424135,1.944873,0.5292228,-0.3113781,1.900447,0.4575363,-0.4958416,1.925353,0.5969024,0.04448754,1.918082,0.4752629,-0.2177604,1.779785,0.5584165,0.3160871,1.812304,0.5346446,0.4102826,1.902981
72057594038042242,0,1.27444,106260.1,0.5405475,0.03431442,1.961596,0.537412,0.5879396,1.860086,0.3829579,0.4171821,1.935328,0.532334,0.5139958,1.875781,0.5053878,0.7612749,1.841787,0.5023602,0.8174264,1.850212,0.5811591,0.3132267,1.829868,0.568517,0.5028185,1.821468,0.5238564,0.7404464,1.87493,0.5328918,0.8018073,1.912516,0.4683929,0.03424135,1.944873,0.5292228,-0.3113781,1.900447,0.4575363,-0.4958416,1.925353,0.5969024,0.04448754,1.918082,0.4752629,-0.2177604,1.779785,0.5584165,0.3160871,1.812304,0.5346446,0.4102826,1.902981
72057594038042242,0,1.246625,106260.1,0.5880061,0.1083134,1.965234,0.5876909,0.7776095,1.851349,0.4323318,0.6022372,1.928024,0.5812974,0.6976578,1.868461,0.5070149,0.9350862,1.838595,0.5010967,0.9752282,1.835937,0.6305552,0.4984165,1.822644,0.5248767,0.3416624,1.81875,0.5467238,0.5857219,1.858821,0.5590556,0.6282145,1.851012,0.4940606,0.1102625,1.960137,0.5787162,-0.1271467,1.894268,0.5067349,-0.3126298,1.919181,0.6647995,0.1142908,1.910076,0.400034,0.1182429,1.706968,0.3556945,0.4547367,1.674782,0.5839082,0.5824726,1.896801
72057594038042242,0,1.246625,106260.1,0.5880061,0.1083134,1.965234,0.5876909,0.7776095,1.851349,0.4323318,0.6022372,1.928024,0.5812974,0.6976578,1.868461,0.5070149,0.9350862,1.838595,0.5010967,0.9752282,1.835937,0.6305552,0.4984165,1.822644,0.5248767,0.3416624,1.81875,0.5467238,0.5857219,1.858821,0.5590556,0.6282145,1.851012,0.4940606,0.1102625,1.960137,0.5787162,-0.1271467,1.894268,0.5067349,-0.3126298,1.919181,0.6647995,0.1142908,1.910076,0.400034,0.1182429,1.706968,0.3556945,0.4547367,1.674782,0.5839082,0.5824726,1.896801
72057594038042242,0,1.246625,106260.1,0.5880061,0.1083134,1.965234,0.5876909,0.7776095,1.851349,0.4323318,0.6022372,1.928024,0.5812974,0.6976578,1.868461,0.5070149,0.9350862,1.838595,0.5010967,0.9752282,1.835937,0.6305552,0.4984165,1.822644,0.5248767,0.3416624,1.81875,0.5467238,0.5857219,1.858821,0.5590556,0.6282145,1.851012,0.4940606,0.1102625,1.960137,0.5787162,-0.1271467,1.894268,0.5067349,-0.3126298,1.919181,0.6647995,0.1142908,1.910076,0.400034,0.1182429,1.706968,0.3556945,0.4547367,1.674782,0.5839082,0.5824726,1.896801
72057594038042242,0,1.246625,106260.1,0.5880061,0.1083134,1.965234,0.5876909,0.7776095,1.851349,0.4323318,0.6022372,1.928024,0.5812974,0.6976578,1.868461,0.5070149,0.9350862,1.838595,0.5010967,0.9752282,1.835937,0.6305552,0.4984165,1.822644,0.5248767,0.3416624,1.81875,0.5467238,0.5857219,1.858821,0.5590556,0.6282145,1.851012,0.4940606,0.1102625,1.960137,0.5787162,-0.1271467,1.894268,0.5067349,-0.3126298,1.919181,0.6647995,0.1142908,1.910076,0.400034,0.1182429,1.706968,0.3556945,0.4547367,1.674782,0.5839082,0.5824726,1.896801
72057594038042242,0,1.246625,106260.1,0.5880061,0.1083134,1.965234,0.5876909,0.7776095,1.851349,0.4323318,0.6022372,1.928024,0.5812974,0.6976578,1.868461,0.5070149,0.9350862,1.838595,0.5010967,0.9752282,1.835937,0.6305552,0.4984165,1.822644,0.5248767,0.3416624,1.81875,0.5467238,0.5857219,1.858821,0.5590556,0.6282145,1.851012,0.4940606,0.1102625,1.960137,0.5787162,-0.1271467,1.894268,0.5067349,-0.3126298,1.919181,0.6647995,0.1142908,1.910076,0.400034,0.1182429,1.706968,0.3556945,0.4547367,1.674782,0.5839082,0.5824726,1.896801
72057594038042242,0,1.246625,106260.1,0.5880061,0.1083134,1.965234,0.5876909,0.7776095,1.851349,0.4323318,0.6022372,1.928024,0.5812974,0.6976578,1.868461,0.5070149,0.9350862,1.838595,0.5010967,0.9752282,1.835937,0.6305552,0.4984165,1.822644,0.5248767,0.3416624,1.81875,0.5467238,0.5857219,1.858821,0.5590556,0.6282145,1.851012,0.4940606,0.1102625,1.960137,0.5787162,-0.1271467,1.894268,0.5067349,-0.3126298,1.919181,0.6647995,0.1142908,1.910076,0.400034,0.1182429,1.706968,0.3556945,0.4547367,1.674782,0.5839082,0.5824726,1.896801
72057594038042242,0,1.246625,106260.1,0.5880061,0.1083134,1.965234,0.5876909,0.7776095,1.851349,0.4323318,0.6022372,1.928024,0.5812974,0.6976578,1.868461,0.5070149,0.9350862,1.838595,0.5010967,0.9752282,1.835937,0.6305552,0.4984165,1.822644,0.5248767,0.3416624,1.81875,0.5467238,0.5857219,1.858821,0.5590556,0.6282145,1.851012,0.4940606,0.1102625,1.960137,0.5787162,-0.1271467,1.894268,0.5067349,-0.3126298,1.919181,0.6647995,0.1142908,1.910076,0.400034,0.1182429,1.706968,0.3556945,0.4547367,1.674782,0.5839082,0.5824726,1.896801
72057594038042242,0,1.246625,106260.1,0.5880061,0.1083134,1.965234,0.5876909,0.7776095,1.851349,0.4323318,0.6022372,1.928024,0.5812974,0.6976578,1.868461,0.5070149,0.9350862,1.838595,0.5010967,0.9752282,1.835937,0.6305552,0.4984165,1.822644,0.5248767,0.3416624,1.81875,0.5467238,0.5857219,1.858821,0.5590556,0.6282145,1.851012,0.4940606,0.1102625,1.960137,0.5787162,-0.1271467,1.894268,0.5067349,-0.3126298,1.919181,0.6647995,0.1142908,1.910076,0.400034,0.1182429,1.706968,0.3556945,0.4547367,1.674782,0.5839082,0.5824726,1.896801
72057594038042242,0,1.246625,106260.1,0.5880061,0.1083134,1.965234,0.5876909,0.7776095,1.851349,0.4323318,0.6022372,1.928024,0.5812974,0.6976578,1.868461,0.5070149,0.9350862,1.838595,0.5010967,0.9752282,1.835937,0.6305552,0.4984165,1.822644,0.5248767,0.3416624,1.81875,0.5467238,0.5857219,1.858821,0.5590556,0.6282145,1.851012,0.4940606,0.1102625,1.960137,0.5787162,-0.1271467,1.894268,0.5067349,-0.3126298,1.919181,0.6647995,0.1142908,1.910076,0.400034,0.1182429,1.706968,0.3556945,0.4547367,1.674782,0.5839082,0.5824726,1.896801
72057594038042242,0,1.246625,106260.1,0.5880061,0.1083134,1.965234,0.5876909,0.7776095,1.851349,0.4323318,0.6022372,1.928024,0.5812974,0.6976578,1.868461,0.5070149,0.9350862,1.838595,0.5010967,0.9752282,1.835937,0.6305552,0.4984165,1.822644,0.5248767,0.3416624,1.81875,0.5467238,0.5857219,1.858821,0.5590556,0.6282145,1.851012,0.4940606,0.1102625,1.960137,0.5787162,-0.1271467,1.894268,0.5067349,-0.3126298,1.919181,0.6647995,0.1142908,1.910076,0.400034,0.1182429,1.706968,0.3556945,0.4547367,1.674782,0.5839082,0.5824726,1.896801
72057594038042242,0,1.177651,106260.1,0.4983949,0.4693228,1.759002,0.06902558,0.4046008,0.1246344,0.539413,0.2430241,1.883841,0.5267563,0.4625043,1.861412,0.5575776,0.6403947,1.815167,0.5775582,0.6740471,1.859331,0.6094711,0.5068763,1.835339,0.540796,0.3317983,1.808732,0.564372,0.5771379,1.841627,0.5689307,0.6189361,1.848207,0.5103133,0.6281711,1.939127,0.5721619,0.2139021,1.867288,0.454531,-0.09750965,1.915109,0.4703851,0.3060851,1.517552,0.6420803,0.1585135,1.73822,0.5175877,0.4482176,1.855937,0,0.38,-0.1
72057594038042242,0,1.177651,106260.1,0.4983949,0.4693228,1.759002,0.06902558,0.4046008,0.1246344,0.539413,0.2430241,1.883841,0.5267563,0.4625043,1.861412,0.5575776,0.6403947,1.815167,0.5775582,0.6740471,1.859331,0.6094711,0.5068763,1.835339,0.540796,0.3317983,1.808732,0.564372,0.5771379,1.841627,0.5689307,0.6189361,1.848207,0.5103133,0.6281711,1.939127,0.5721619,0.2139021,1.867288,0.454531,-0.09750965,1.915109,0.4703851,0.3060851,1.517552,0.6420803,0.1585135,1.73822,0.5175877,0.4482176,1.855937,0,0.38,-0.1
72057594038042242,0,1.177651,106260.1,0.4983949,0.4693228,1.759002,0.06902558,0.4046008,0.1246344,0.539413,0.2430241,1.883841,0.5267563,0.4625043,1.861412,0.5575776,0.6403947,1.815167,0.5775582,0.6740471,1.859331,0.6094711,0.5068763,1.835339,0.540796,0.3317983,1.808732,0.564372,0.5771379,1.841627,0.5689307,0.6189361,1.848207,0.5103133,0.6281711,1.939127,0.5721619,0.2139021,1.867288,0.454531,-0.09750965,1.915109,0.4703851,0.3060851,1.517552,0.6420803,0.1585135,1.73822,0.5175877,0.4482176,1.855937,0,0.38,-0.1
72057594038042242,0,1.177651,106260.1,0.4983949,0.4693228,1.759002,0.06902558,0.4046008,0.1246344,0.539413,0.2430241,1.883841,0.5267563,0.4625043,1.861412,0.5575776,0.6403947,1.815167,0.5775582,0.6740471,1.859331,0.6094711,0.5068763,1.835339,0.540796,0.3317983,1.808732,0.564372,0.5771379,1.841627,0.5689307,0.6189361,1.848207,0.5103133,0.6281711,1.939127,0.5721619,0.2139021,1.867288,0.454531,-0.09750965,1.915109,0.4703851,0.3060851,1.517552,0.6420803,0.1585135,1.73822,0.5175877,0.4482176,1.855937,0,0.38,-0.1
72057594038042242,0,1.177651,106260.1,0.4983949,0.4693228,1.759002,0.06902558,0.4046008,0.1246344,0.539413,0.2430241,1.883841,0.5267563,0.4625043,1.861412,0.5575776,0.6403947,1.815167,0.5775582,0.6740471,1.859331,0.6094711,0.5068763,1.835339,0.540796,0.3317983,1.808732,0.564372,0.5771379,1.841627,0.5689307,0.6189361,1.848207,0.5103133,0.6281711,1.939127,0.5721619,0.2139021,1.867288,0.454531,-0.09750965,1.915109,0.4703851,0.3060851,1.517552,0.6420803,0.1585135,1.73822,0.5175877,0.4482176,1.855937,0,0.38,-0.1
72057594038042242,0,1.177651,106260.1,0.4983949,0.4693228,1.759002,0.06902558,0.4046008,0.1246344,0.539413,0.2430241,1.883841,0.5267563,0.4625043,1.861412,0.5575776,0.6403947,1.815167,0.5775582,0.6740471,1.859331,0.6094711,0.5068763,1.835339,0.540796,0.3317983,1.808732,0.564372,0.5771379,1.841627,0.5689307,0.6189361,1.848207,0.5103133,0.6281711,1.939127,0.5721619,0.2139021,1.867288,0.454531,-0.09750965,1.915109,0.4703851,0.3060851,1.517552,0.6420803,0.1585135,1.73822,0.5175877,0.4482176,1.855937,0,0.38,-0.1
72057594038042242,0,1.177651,106260.1,0.4983949,0.4693228,1.759002,0.06902558,0.4046008,0.1246344,0.539413,0.2430241,1.883841,0.5267563,0.4625043,1.861412,0.5575776,0.6403947,1.815167,0.5775582,0.6740471,1.859331,0.6094711,0.5068763,1.835339,0.540796,0.3317983,1.808732,0.564372,0.5771379,1.841627,0.5689307,0.6189361,1.848207,0.5103133,0.6281711,1.939127,0.5721619,0.2139021,1.867288,0.454531,-0.09750965,1.915109,0.4703851,0.3060851,1.517552,0.6420803,0.1585135,1.73822,0.5175877,0.4482176,1.855937,0,0.38,-0.1
72057594038042242,0,1.177651,106260.2,0.4983949,0.4693228,1.759002,0.06902558,0.4046008,0.1246344,0.539413,0.2430241,1.883841,0.5267563,0.4625043,1.861412,0.5575776,0.6403947,1.815167,0.5775582,0.6740471,1.859331,0.6094711,0.5068763,1.835339,0.540796,0.3317983,1.808732,0.564372,0.5771379,1.841627,0.5689307,0.6189361,1.848207,0.5103133,0.6281711,1.939127,0.5721619,0.2139021,1.867288,0.454531,-0.09750965,1.915109,0.4703851,0.3060851,1.517552,0.6420803,0.1585135,1.73822,0.5175877,0.4482176,1.855937,0,0.38,-0.1
72057594038042242,0,1.177651,106260.2,0.4983949,0.4693228,1.759002,0.06902558,0.4046008,0.1246344,0.539413,0.2430241,1.883841,0.5267563,0.4625043,1.861412,0.5575776,0.6403947,1.815167,0.5775582,0.6740471,1.859331,0.6094711,0.5068763,1.835339,0.540796,0.3317983,1.808732,0.564372,0.5771379,1.841627,0.5689307,0.6189361,1.848207,0.5103133,0.6281711,1.939127,0.5721619,0.2139021,1.867288,0.454531,-0.09750965,1.915109,0.4703851,0.3060851,1.517552,0.6420803,0.1585135,1.73822,0.5175877,0.4482176,1.855937,0,0.38,-0.1
72057594038042242,0,1.177651,106260.2,0.4983949,0.4693228,1.759002,0.06902558,0.4046008,0.1246344,0.539413,0.2430241,1.883841,0.5267563,0.4625043,1.861412,0.5575776,0.6403947,1.815167,0.5775582,0.6740471,1.859331,0.6094711,0.5068763,1.835339,0.540796,0.3317983,1.808732,0.564372,0.5771379,1.841627,0.5689307,0.6189361,1.848207,0.5103133,0.6281711,1.939127,0.5721619,0.2139021,1.867288,0.454531,-0.09750965,1.915109,0.4703851,0.3060851,1.517552,0.6420803,0.1585135,1.73822,0.5175877,0.4482176,1.855937,0,0.38,-0.1
72057594038042242,0,1.616104,106260.2,0.3813591,0.3481288,1.261835,0.06938439,0.4051917,0.1244583,0.6078274,0.3730801,1.795462,0.7553518,0.4702691,1.736098,0.5710945,0.4691688,1.816725,0.571104,0.5260703,1.831451,0.6072813,0.5089632,1.835866,0.5437726,0.332294,1.806304,0.5745079,0.5739906,1.840864,0.574072,0.6169468,1.847284,0.3732157,0.3479076,1.232924,0.4810785,0.4342464,1.582636,0.3632519,0.1207203,1.630845,0.3725168,0.3497697,1.230091,0.4972906,0.4810327,1.561775,0.3862382,0.7800039,1.664945,0,0.38,-0.1
72057594038042242,0,1.616104,106260.2,0.3813591,0.3481288,1.261835,0.06938439,0.4051917,0.1244583,0.6078274,0.3730801,1.795462,0.7553518,0.4702691,1.736098,0.5710945,0.4691688,1.816725,0.571104,0.5260703,1.831451,0.6072813,0.5089632,1.835866,0.5437726,0.332294,1.806304,0.5745079,0.5739906,1.840864,0.574072,0.6169468,1.847284,0.3732157,0.3479076,1.232924,0.4810785,0.4342464,1.582636,0.3632519,0.1207203,1.630845,0.3725168,0.3497697,1.230091,0.4972906,0.4810327,1.561775,0.3862382,0.7800039,1.664945,0,0.38,-0.1
72057594038042242,0,1.616104,106260.2,0.3813591,0.3481288,1.261835,0.06938439,0.4051917,0.1244583,0.6078274,0.3730801,1.795462,0.7553518,0.4702691,1.736098,0.5710945,0.4691688,1.816725,0.571104,0.5260703,1.831451,0.6072813,0.5089632,1.835866,0.5437726,0.332294,1.806304,0.5745079,0.5739906,1.840864,0.574072,0.6169468,1.847284,0.3732157,0.3479076,1.232924,0.4810785,0.4342464,1.582636,0.3632519,0.1207203,1.630845,0.3725168,0.3497697,1.230091,0.4972906,0.4810327,1.561775,0.3862382,0.7800039,1.664945,0,0.38,-0.1
72057594038042242,0,1.616104,106260.2,0.3813591,0.3481288,1.261835,0.06938439,0.4051917,0.1244583,0.6078274,0.3730801,1.795462,0.7553518,0.4702691,1.736098,0.5710945,0.4691688,1.816725,0.571104,0.5260703,1.831451,0.6072813,0.5089632,1.835866,0.5437726,0.332294,1.806304,0.5745079,0.5739906,1.840864,0.574072,0.6169468,1.847284,0.3732157,0.3479076,1.232924,0.4810785,0.4342464,1.582636,0.3632519,0.1207203,1.630845,0.3725168,0.3497697,1.230091,0.4972906,0.4810327,1.561775,0.3862382,0.7800039,1.664945,0,0.38,-0.1
72057594038042242,0,1.616104,106260.2,0.3813591,0.3481288,1.261835,0.06938439,0.4051917,0.1244583,0.6078274,0.3730801,1.795462,0.7553518,0.4702691,1.736098,0.5710945,0.4691688,1.816725,0.571104,0.5260703,1.831451,0.6072813,0.5089632,1.835866,0.5437726,0.332294,1.806304,0.5745079,0.5739906,1.840864,0.574072,0.6169468,1.847284,0.3732157,0.3479076,1.232924,0.4810785,0.4342464,1.582636,0.3632519,0.1207203,1.630845,0.3725168,0.3497697,1.230091,0.4972906,0.4810327,1.561775,0.3862382,0.7800039,1.664945,0,0.38,-0.1
72057594038042242,0,1.616104,106260.2,0.3813591,0.3481288,1.261835,0.06938439,0.4051917,0.1244583,0.6078274,0.3730801,1.795462,0.7553518,0.4702691,1.736098,0.5710945,0.4691688,1.816725,0.571104,0.5260703,1.831451,0.6072813,0.5089632,1.835866,0.5437726,0.332294,1.806304,0.5745079,0.5739906,1.840864,0.574072,0.6169468,1.847284,0.3732157,0.3479076,1.232924,0.4810785,0.4342464,1.582636,0.3632519,0.1207203,1.630845,0.3725168,0.3497697,1.230091,0.4972906,0.4810327,1.561775,0.3862382,0.7800039,1.664945,0,0.38,-0.1
72057594038042242,0,1.616104,106260.2,0.3813591,0.3481288,1.261835,0.06938439,0.4051917,0.1244583,0.6078274,0.3730801,1.795462,0.7553518,0.4702691,1.736098,0.5710945,0.4691688,1.816725,0.571104,0.5260703,1.831451,0.6072813,0.5089632,1.835866,0.5437726,0.332294,1.806304,0.5745079,0.5739906,1.840864,0.574072,0.6169468,1.847284,0.3732157,0.3479076,1.232924,0.4810785,0.4342464,1.582636,0.3632519,0.1207203,1.630845,0.3725168,0.3497697,1.230091,0.4972906,0.4810327,1.561775,0.3862382,0.7800039,1.664945,0,0.38,-0.1
72057594038042242,0,1.616104,106260.2,0.3813591,0.3481288,1.261835,0.06938439,0.4051917,0.1244583,0.6078274,0.3730801,1.795462,0.7553518,0.4702691,1.736098,0.5710945,0.4691688,1.816725,0.571104,0.5260703,1.831451,0.6072813,0.5089632,1.835866,0.5437726,0.332294,1.806304,0.5745079,0.5739906,1.840864,0.574072,0.6169468,1.847284,0.3732157,0.3479076,1.232924,0.4810785,0.4342464,1.582636,0.3632519,0.1207203,1.630845,0.3725168,0.3497697,1.230091,0.4972906,0.4810327,1.561775,0.3862382,0.7800039,1.664945,0,0.38,-0.1
72057594038042242,0,1.616104,106260.2,0.3813591,0.3481288,1.261835,0.06938439,0.4051917,0.1244583,0.6078274,0.3730801,1.795462,0.7553518,0.4702691,1.736098,0.5710945,0.4691688,1.816725,0.571104,0.5260703,1.831451,0.6072813,0.5089632,1.835866,0.5437726,0.332294,1.806304,0.5745079,0.5739906,1.840864,0.574072,0.6169468,1.847284,0.3732157,0.3479076,1.232924,0.4810785,0.4342464,1.582636,0.3632519,0.1207203,1.630845,0.3725168,0.3497697,1.230091,0.4972906,0.4810327,1.561775,0.3862382,0.7800039,1.664945,0,0.38,-0.1
72057594038042242,0,1.616104,106260.2,0.3813591,0.3481288,1.261835,0.06938439,0.4051917,0.1244583,0.6078274,0.3730801,1.795462,0.7553518,0.4702691,1.736098,0.5710945,0.4691688,1.816725,0.571104,0.5260703,1.831451,0.6072813,0.5089632,1.835866,0.5437726,0.332294,1.806304,0.5745079,0.5739906,1.840864,0.574072,0.6169468,1.847284,0.3732157,0.3479076,1.232924,0.4810785,0.4342464,1.582636,0.3632519,0.1207203,1.630845,0.3725168,0.3497697,1.230091,0.4972906,0.4810327,1.561775,0.3862382,0.7800039,1.664945,0,0.38,-0.1
72057594038042242,0,1.9787,106260.2,0.2862016,0.1747612,0.9112785,0.648626,0.3715324,1.740331,0.4903089,0.2062037,1.816349,0.638837,0.3046938,1.757041,0.5784665,0.4740014,1.812972,0.5769056,0.5512431,1.834159,0.6885878,0.1020896,1.710231,0.6386687,0.3073702,1.7643,0.5889109,0.4827726,1.813597,0.5770022,0.5596069,1.836115,0.2801613,0.1735575,0.875311,0.48655,-0.4620178,1.885999,0.4151058,-0.6456542,1.910983,0.2754032,0.1880369,0.8877385,0.3412477,0.01889154,1.217648,0.2304886,0.3228852,1.322667,0.5978478,0.2424946,1.667118
72057594038042242,0,1.9787,106260.2,0.2862016,0.1747612,0.9112785,0.648626,0.3715324,1.740331,0.4903089,0.2062037,1.816349,0.638837,0.3046938,1.757041,0.5784665,0.4740014,1.812972,0.5769056,0.5512431,1.834159,0.6885878,0.1020896,1.710231,0.6386687,0.3073702,1.7643,0.5889109,0.4827726,1.813597,0.5770022,0.5596069,1.836115,0.2801613,0.1735575,0.875311,0.48655,-0.4620178,1.885999,0.4151058,-0.6456542,1.910983,0.2754032,0.1880369,0.8877385,0.3412477,0.01889154,1.217648,0.2304886,0.3228852,1.322667,0.5978478,0.2424946,1.667118
72057594038042242,0,1.9787,106260.2,0.2862016,0.1747612,0.9112785,0.648626,0.3715324,1.740331,0.4903089,0.2062037,1.816349,0.638837,0.3046938,1.757041,0.5784665,0.4740014,1.812972,0.5769056,0.5512431,1.834159,0.6885878,0.1020896,1.710231,0.6386687,0.3073702,1.7643,0.5889109,0.4827726,1.813597,0.5770022,0.5596069,1.836115,0.2801613,0.1735575,0.875311,0.48655,-0.4620178,1.885999,0.4151058,-0.6456542,1.910983,0.2754032,0.1880369,0.8877385,0.3412477,0.01889154,1.217648,0.2304886,0.3228852,1.322667,0.5978478,0.2424946,1.667118
72057594038042242,0,1.9787,106260.2,0.2862016,0.1747612,0.9112785,0.648626,0.3715324,1.740331,0.4903089,0.2062037,1.816349,0.638837,0.3046938,1.757041,0.5784665,0.4740014,1.812972,0.5769056,0.5512431,1.834159,0.6885878,0.1020896,1.710231,0.6386687,0.3073702,1.7643,0.5889109,0.4827726,1.813597,0.5770022,0.5596069,1.836115,0.2801613,0.1735575,0.875311,0.48655,-0.4620178,1.885999,0.4151058,-0.6456542,1.910983,0.2754032,0.1880369,0.8877385,0.3412477,0.01889154,1.217648,0.2304886,0.3228852,1.322667,0.5978478,0.2424946,1.667118
72057594038042242,0,1.9787,106260.2,0.2862016,0.1747612,0.9112785,0.648626,0.3715324,1.740331,0.4903089,0.2062037,1.816349,0.638837,0.3046938,1.757041,0.5784665,0.4740014,1.812972,0.5769056,0.5512431,1.834159,0.6885878,0.1020896,1.710231,0.6386687,0.3073702,1.7643,0.5889109,0.4827726,1.813597,0.5770022,0.5596069,1.836115,0.2801613,0.1735575,0.875311,0.48655,-0.4620178,1.885999,0.4151058,-0.6456542,1.910983,0.2754032,0.1880369,0.8877385,0.3412477,0.01889154,1.217648,0.2304886,0.3228852,1.322667,0.5978478,0.2424946,1.667118
72057594038042242,0,1.9787,106260.2,0.2862016,0.1747612,0.9112785,0.648626,0.3715324,1.740331,0.4903089,0.2062037,1.816349,0.638837,0.3046938,1.757041,0.5784665,0.4740014,1.812972,0.5769056,0.5512431,1.834159,0.6885878,0.1020896,1.710231,0.6386687,0.3073702,1.7643,0.5889109,0.4827726,1.813597,0.5770022,0.5596069,1.836115,0.2801613,0.1735575,0.875311,0.48655,-0.4620178,1.885999,0.4151058,-0.6456542,1.910983,0.2754032,0.1880369,0.8877385,0.3412477,0.01889154,1.217648,0.2304886,0.3228852,1.322667,0.5978478,0.2424946,1.667118
72057594038042242,0,1.9787,106260.2,0.2862016,0.1747612,0.9112785,0.648626,0.3715324,1.740331,0.4903089,0.2062037,1.816349,0.638837,0.3046938,1.757041,0.5784665,0.4740014,1.812972,0.5769056,0.5512431,1.834159,0.6885878,0.1020896,1.710231,0.6386687,0.3073702,1.7643,0.5889109,0.4827726,1.813597,0.5770022,0.5596069,1.836115,0.2801613,0.1735575,0.875311,0.48655,-0.4620178,1.885999,0.4151058,-0.6456542,1.910983,0.2754032,0.1880369,0.8877385,0.3412477,0.01889154,1.217648,0.2304886,0.3228852,1.322667,0.5978478,0.2424946,1.667118
72057594038042242,0,1.9787,106260.2,0.2862016,0.1747612,0.9112785,0.648626,0.3715324,1.740331,0.4903089,0.2062037,1.816349,0.638837,0.3046938,1.757041,0.5784665,0.4740014,1.812972,0.5769056,0.5512431,1.834159,0.6885878,0.1020896,1.710231,0.6386687,0.3073702,1.7643,0.5889109,0.4827726,1.813597,0.5770022,0.5596069,1.836115,0.2801613,0.1735575,0.875311,0.48655,-0.4620178,1.885999,0.4151058,-0.6456542,1.910983,0.2754032,0.1880369,0.8877385,0.3412477,0.01889154,1.217648,0.2304886,0.3228852,1.322667,0.5978478,0.2424946,1.667118
72057594038042242,0,1.9787,106260.2,0.2862016,0.1747612,0.9112785,0.648626,0.3715324,1.740331,0.4903089,0.2062037,1.816349,0.638837,0.3046938,1.757041,0.5784665,0.4740014,1.812972,0.5769056,0.5512431,1.834159,0.6885878,0.1020896,1.710231,0.6386687,0.3073702,1.7643,0.5889109,0.4827726,1.813597,0.5770022,0.5596069,1.836115,0.2801613,0.1735575,0.875311,0.48655,-0.4620178,1.885999,0.4151058,-0.6456542,1.910983,0.2754032,0.1880369,0.8877385,0.3412477,0.01889154,1.217648,0.2304886,0.3228852,1.322667,0.5978478,0.2424946,1.667118
72057594038042242,0,1.9787,106260.2,0.2862016,0.1747612,0.9112785,0.648626,0.3715324,1.740331,0.4903089,0.2062037,1.816349,0.638837,0.3046938,1.757041,0.5784665,0.4740014,1.812972,0.5769056,0.5512431,1.834159,0.6885878,0.1020896,1.710231,0.6386687,0.3073702,1.7643,0.5889109,0.4827726,1.813597,0.5770022,0.5596069,1.836115,0.2801613,0.1735575,0.875311,0.48655,-0.4620178,1.885999,0.4151058,-0.6456542,1.910983,0.2754032,0.1880369,0.8877385,0.3412477,0.01889154,1.217648,0.2304886,0.3228852,1.322667,0.5978478,0.2424946,1.667118
72057594038042242,0,1.9787,106260.2,0.2862016,0.1747612,0.9112785,0.648626,0.3715324,1.740331,0.4903089,0.2062037,1.816349,0.638837,0.3046938,1.757041,0.5784665,0.4740014,1.812972,0.5769056,0.5512431,1.834159,0.6885878,0.1020896,1.710231,0.6386687,0.3073702,1.7643,0.5889109,0.4827726,1.813597,0.5770022,0.5596069,1.836115,0.2801613,0.1735575,0.875311,0.48655,-0.4620178,1.885999,0.4151058,-0.6456542,1.910983,0.2754032,0.1880369,0.8877385,0.3412477,0.01889154,1.217648,0.2304886,0.3228852,1.322667,0.5978478,0.2424946,1.667118
72057594038042242,0,2.114906,106260.2,0.2797114,0.3293447,0.7147113,0.05064373,0.3176816,0.1222205,0.637942,0.2616982,1.76483,0.7852241,0.3597776,1.705614,0.6029251,0.3790855,1.770943,0.5954005,0.4194528,1.783164,0.637942,0.2616982,1.76483,0.5913824,0.08280322,1.726746,0.626734,0.263656,1.742197,0.6163427,0.3385404,1.753211,0.3269889,0.3216634,0.8502851,0.4489358,0.2431884,1.196204,0.3297436,-0.07005233,1.243888,0.2119793,0.34069,0.5196573,0.2599503,0.1797482,0.8596125,0.1479179,0.4855484,0.964182,0,0.38,-0.1
72057594038042242,0,2.114906,106260.2,0.2797114,0.3293447,0.7147113,0.05064373,0.3176816,0.1222205,0.637942,0.2616982,1.76483,0.7852241,0.3597776,1.705614,0.6029251,0.3790855,1.770943,0.5954005,0.4194528,1.783164,0.637942,0.2616982,1.76483,0.5913824,0.08280322,1.726746,0.626734,0.263656,1.742197,0.6163427,0.3385404,1.753211,0.3269889,0.3216634,0.8502851,0.4489358,0.2431884,1.196204,0.3297436,-0.07005233,1.243888,0.2119793,0.34069,0.5196573,0.2599503,0.1797482,0.8596125,0.1479179,0.4855484,0.964182,0,0.38,-0.1
72057594038042242,0,2.114906,106260.2,0.2797114,0.3293447,0.7147113,0.05064373,0.3176816,0.1222205,0.637942,0.2616982,1.76483,0.7852241,0.3597776,1.705614,0.6029251,0.3790855,1.770943,0.5954005,0.4194528,1.783164,0.637942,0.2616982,1.76483,0.5913824,0.08280322,1.726746,0.626734,0.263656,1.742197,0.6163427,0.3385404,1.753211,0.3269889,0.3216634,0.8502851,0.4489358,0.2431884,1.196204,0.3297436,-0.07005233,1.243888,0.2119793,0.34069,0.5196573,0.2599503,0.1797482,0.8596125,0.1479179,0.4855484,0.964182,0,0.38,-0.1
72057594038042242,0,2.114906,106260.2,0.2797114,0.3293447,0.7147113,0.05064373,0.3176816,0.1222205,0.637942,0.2616982,1.76483,0.7852241,0.3597776,1.705614,0.6029251,0.3790855,1.770943,0.5954005,0.4194528,1.783164,0.637942,0.2616982,1.76483,0.5913824,0.08280322,1.726746,0.626734,0.263656,1.742197,0.6163427,0.3385404,1.753211,0.3269889,0.3216634,0.8502851,0.4489358,0.2431884,1.196204,0.3297436,-0.07005233,1.243888,0.2119793,0.34069,0.5196573,0.2599503,0.1797482,0.8596125,0.1479179,0.4855484,0.964182,0,0.38,-0.1
72057594038042242,0,2.114906,106260.2,0.2797114,0.3293447,0.7147113,0.05064373,0.3176816,0.1222205,0.637942,0.2616982,1.76483,0.7852241,0.3597776,1.705614,0.6029251,0.3790855,1.770943,0.5954005,0.4194528,1.783164,0.637942,0.2616982,1.76483,0.5913824,0.08280322,1.726746,0.626734,0.263656,1.742197,0.6163427,0.3385404,1.753211,0.3269889,0.3216634,0.8502851,0.4489358,0.2431884,1.196204,0.3297436,-0.07005233,1.243888,0.2119793,0.34069,0.5196573,0.2599503,0.1797482,0.8596125,0.1479179,0.4855484,0.964182,0,0.38,-0.1
72057594038042242,0,2.114906,106260.2,0.2797114,0.3293447,0.7147113,0.05064373,0.3176816,0.1222205,0.637942,0.2616982,1.76483,0.7852241,0.3597776,1.705614,0.6029251,0.3790855,1.770943,0.5954005,0.4194528,1.783164,0.637942,0.2616982,1.76483,0.5913824,0.08280322,1.726746,0.626734,0.263656,1.742197,0.6163427,0.3385404,1.753211,0.3269889,0.3216634,0.8502851,0.4489358,0.2431884,1.196204,0.3297436,-0.07005233,1.243888,0.2119793,0.34069,0.5196573,0.2599503,0.1797482,0.8596125,0.1479179,0.4855484,0.964182,0,0.38,-0.1
72057594038042242,0,2.114906,106260.3,0.2797114,0.3293447,0.7147113,0.05064373,0.3176816,0.1222205,0.637942,0.2616982,1.76483,0.7852241,0.3597776,1.705614,0.6029251,0.3790855,1.770943,0.5954005,0.4194528,1.783164,0.637942,0.2616982,1.76483,0.5913824,0.08280322,1.726746,0.626734,0.263656,1.742197,0.6163427,0.3385404,1.753211,0.3269889,0.3216634,0.8502851,0.4489358,0.2431884,1.196204,0.3297436,-0.07005233,1.243888,0.2119793,0.34069,0.5196573,0.2599503,0.1797482,0.8596125,0.1479179,0.4855484,0.964182,0,0.38,-0.1
72057594038042242,0,2.114906,106260.3,0.2797114,0.3293447,0.7147113,0.05064373,0.3176816,0.1222205,0.637942,0.2616982,1.76483,0.7852241,0.3597776,1.705614,0.6029251,0.3790855,1.770943,0.5954005,0.4194528,1.783164,0.637942,0.2616982,1.76483,0.5913824,0.08280322,1.726746,0.626734,0.263656,1.742197,0.6163427,0.3385404,1.753211,0.3269889,0.3216634,0.8502851,0.4489358,0.2431884,1.196204,0.3297436,-0.07005233,1.243888,0.2119793,0.34069,0.5196573,0.2599503,0.1797482,0.8596125,0.1479179,0.4855484,0.964182,0,0.38,-0.1
72057594038042242,0,2.114906,106260.3,0.2797114,0.3293447,0.7147113,0.05064373,0.3176816,0.1222205,0.637942,0.2616982,1.76483,0.7852241,0.3597776,1.705614,0.6029251,0.3790855,1.770943,0.5954005,0.4194528,1.783164,0.637942,0.2616982,1.76483,0.5913824,0.08280322,1.726746,0.626734,0.263656,1.742197,0.6163427,0.3385404,1.753211,0.3269889,0.3216634,0.8502851,0.4489358,0.2431884,1.196204,0.3297436,-0.07005233,1.243888,0.2119793,0.34069,0.5196573,0.2599503,0.1797482,0.8596125,0.1479179,0.4855484,0.964182,0,0.38,-0.1
72057594038042242,0,2.114906,106260.3,0.2797114,0.3293447,0.7147113,0.05064373,0.3176816,0.1222205,0.637942,0.2616982,1.76483,0.7852241,0.3597776,1.705614,0.6029251,0.3790855,1.770943,0.5954005,0.4194528,1.783164,0.637942,0.2616982,1.76483,0.5913824,0.08280322,1.726746,0.626734,0.263656,1.742197,0.6163427,0.3385404,1.753211,0.3269889,0.3216634,0.8502851,0.4489358,0.2431884,1.196204,0.3297436,-0.07005233,1.243888,0.2119793,0.34069,0.5196573,0.2599503,0.1797482,0.8596125,0.1479179,0.4855484,0.964182,0,0.38,-0.1
72057594038042242,0,2.114906,106260.3,0.2797114,0.3293447,0.7147113,0.05064373,0.3176816,0.1222205,0.637942,0.2616982,1.76483,0.7852241,0.3597776,1.705614,0.6029251,0.3790855,1.770943,0.5954005,0.4194528,1.783164,0.637942,0.2616982,1.76483,0.5913824,0.08280322,1.726746,0.626734,0.263656,1.742197,0.6163427,0.3385404,1.753211,0.3269889,0.3216634,0.8502851,0.4489358,0.2431884,1.196204,0.3297436,-0.07005233,1.243888,0.2119793,0.34069,0.5196573,0.2599503,0.1797482,0.8596125,0.1479179,0.4855484,0.964182,0,0.38,-0.1
