72057594037937085,0,2.878804,5982.401,0,0.38,-0.1,0,0.38,-0.1,0,0.38,-0.1,0,0.38,-0.1,0,0.38,-0.1,0,0.38,-0.1,0,0.38,-0.1,0,0.38,-0.1,0,0.38,-0.1,0,0.38,-0.1,0,0.38,-0.1,0,0.38,-0.1,0,0.38,-0.1,0,0.38,-0.1,0,0.38,-0.1,0,0.38,-0.1,0,0.38,-0.1
72057594037937085,0,0.7422972,5982.425,0.5924312,0.4801672,2.594528,0.6136146,1.116946,2.559504,0.5568664,0.8950641,2.501696,0.488353,0.7176909,2.417467,0.5220208,0.9417869,2.429988,0.5646909,1.06345,2.466898,0.7490604,0.9339563,2.424408,0.772741,0.7329774,2.373563,0.5755566,0.7887536,2.269243,0.5674886,0.8080114,2.272226,0.5413563,0.4700873,2.544173,0.7631383,0.8149798,2.394709,0.6437421,0.5678559,2.418227,0.6285223,0.4877127,2.576841,0.7422636,0.6263835,2.284204,0.6702732,0.4429938,2.328027,0.6584028,0.9741262,2.575173
72057594037937085,0,0.7422972,5982.43,0.5924312,0.4801672,2.594528,0.6136146,1.116946,2.559504,0.5568664,0.8950641,2.501696,0.488353,0.7176909,2.417467,0.5220208,0.9417869,2.429988,0.5646909,1.06345,2.466898,0.7490604,0.9339563,2.424408,0.772741,0.7329774,2.373563,0.5755566,0.7887536,2.269243,0.5674886,0.8080114,2.272226,0.5413563,0.4700873,2.544173,0.7631383,0.8149798,2.394709,0.6437421,0.5678559,2.418227,0.6285223,0.4877127,2.576841,0.7422636,0.6263835,2.284204,0.6702732,0.4429938,2.328027,0.6584028,0.9741262,2.575173
72057594037937085,0,0.7422972,5982.435,0.5924312,0.4801672,2.594528,0.6136146,1.116946,2.559504,0.5568664,0.8950641,2.501696,0.488353,0.7176909,2.417467,0.5220208,0.9417869,2.429988,0.5646909,1.06345,2.466898,0.7490604,0.9339563,2.424408,0.772741,0.7329774,2.373563,0.5755566,0.7887536,2.269243,0.5674886,0.8080114,2.272226,0.5413563,0.4700873,2.544173,0.7631383,0.8149798,2.394709,0.6437421,0.5678559,2.418227,0.6285223,0.4877127,2.576841,0.7422636,0.6263835,2.284204,0.6702732,0.4429938,2.328027,0.6584028,0.9741262,2.575173
72057594037937085,0,0.7846588,5982.439,0.7057587,0.6885319,2.496989,0.6132065,1.122766,2.543002,0.5511389,0.8972344,2.496242,0.4925927,0.723796,2.411921,0.5408718,0.9392751,2.436658,0.5545167,0.9471202,2.477422,0.7597839,0.9240891,2.40837,0.7704231,0.7316068,2.368759,0.5915135,0.8168093,2.26956,0.5494195,0.816386,2.293458,0.6548468,0.682677,2.432259,0.8809053,0.8403913,2.376327,0.7528639,0.5748852,2.404366,0.7415113,0.6877751,2.506053,0.6346122,0.5931606,2.227059,0.5959136,0.377831,2.227902,0.6649604,0.9971028,2.562265
72057594037937085,0,0.7846588,5982.444,0.7057587,0.6885319,2.496989,0.6132065,1.122766,2.543002,0.5511389,0.8972344,2.496242,0.4925927,0.723796,2.411921,0.5408718,0.9392751,2.436658,0.5545167,0.9471202,2.477422,0.7597839,0.9240891,2.40837,0.7704231,0.7316068,2.368759,0.5915135,0.8168093,2.26956,0.5494195,0.816386,2.293458,0.6548468,0.682677,2.432259,0.8809053,0.8403913,2.376327,0.7528639,0.5748852,2.404366,0.7415113,0.6877751,2.506053,0.6346122,0.5931606,2.227059,0.5959136,0.377831,2.227902,0.6649604,0.9971028,2.562265
72057594037937085,0,0.7846588,5982.449,0.7057587,0.6885319,2.496989,0.6132065,1.122766,2.543002,0.5511389,0.8972344,2.496242,0.4925927,0.723796,2.411921,0.5408718,0.9392751,2.436658,0.5545167,0.9471202,2.477422,0.7597839,0.9240891,2.40837,0.7704231,0.7316068,2.368759,0.5915135,0.8168093,2.26956,0.5494195,0.816386,2.293458,0.6548468,0.682677,2.432259,0.8809053,0.8403913,2.376327,0.7528639,0.5748852,2.404366,0.7415113,0.6877751,2.506053,0.6346122,0.5931606,2.227059,0.5959136,0.377831,2.227902,0.6649604,0.9971028,2.562265
72057594037937085,0,0.7846588,5982.454,0.7057587,0.6885319,2.496989,0.6132065,1.122766,2.543002,0.5511389,0.8972344,2.496242,0.4925927,0.723796,2.411921,0.5408718,0.9392751,2.436658,0.5545167,0.9471202,2.477422,0.7597839,0.9240891,2.40837,0.7704231,0.7316068,2.368759,0.5915135,0.8168093,2.26956,0.5494195,0.816386,2.293458,0.6548468,0.682677,2.432259,0.8809053,0.8403913,2.376327,0.7528639,0.5748852,2.404366,0.7415113,0.6877751,2.506053,0.6346122,0.5931606,2.227059,0.5959136,0.377831,2.227902,0.6649604,0.9971028,2.562265
72057594037937085,0,0.7846588,5982.458,0.7057587,0.6885319,2.496989,0.6132065,1.122766,2.543002,0.5511389,0.8972344,2.496242,0.4925927,0.723796,2.411921,0.5408718,0.9392751,2.436658,0.5545167,0.9471202,2.477422,0.7597839,0.9240891,2.40837,0.7704231,0.7316068,2.368759,0.5915135,0.8168093,2.26956,0.5494195,0.816386,2.293458,0.6548468,0.682677,2.432259,0.8809053,0.8403913,2.376327,0.7528639,0.5748852,2.404366,0.7415113,0.6877751,2.506053,0.6346122,0.5931606,2.227059,0.5959136,0.377831,2.227902,0.6649604,0.9971028,2.562265
72057594037937085,0,0.7846588,5982.462,0.7057587,0.6885319,2.496989,0.6132065,1.122766,2.543002,0.5511389,0.8972344,2.496242,0.4925927,0.723796,2.411921,0.5408718,0.9392751,2.436658,0.5545167,0.9471202,2.477422,0.7597839,0.9240891,2.40837,0.7704231,0.7316068,2.368759,0.5915135,0.8168093,2.26956,0.5494195,0.816386,2.293458,0.6548468,0.682677,2.432259,0.8809053,0.8403913,2.376327,0.7528639,0.5748852,2.404366,0.7415113,0.6877751,2.506053,0.6346122,0.5931606,2.227059,0.5959136,0.377831,2.227902,0.6649604,0.9971028,2.562265
72057594037937085,0,0.7846588,5982.467,0.7057587,0.6885319,2.496989,0.6132065,1.122766,2.543002,0.5511389,0.8972344,2.496242,0.4925927,0.723796,2.411921,0.5408718,0.9392751,2.436658,0.5545167,0.9471202,2.477422,0.7597839,0.9240891,2.40837,0.7704231,0.7316068,2.368759,0.5915135,0.8168093,2.26956,0.5494195,0.816386,2.293458,0.6548468,0.682677,2.432259,0.8809053,0.8403913,2.376327,0.7528639,0.5748852,2.404366,0.7415113,0.6877751,2.506053,0.6346122,0.5931606,2.227059,0.5959136,0.377831,2.227902,0.6649604,0.9971028,2.562265
72057594037937085,0,0.7424927,5982.473,0.6461115,0.6460273,2.496599,0.6212205,1.120795,2.539303,0.5442219,0.8991842,2.498511,0.5296509,0.7181283,2.417785,0.5630242,0.934165,2.442096,0.5841071,1.00729,2.489569,0.7597643,0.9213764,2.40457,0.7689517,0.7319443,2.368858,0.5810341,0.8369812,2.297382,0.5418726,0.8280519,2.309545,0.5943624,0.6408704,2.486345,0.7434064,0.4636951,2.306264,0.5131235,0.4256384,2.499168,0.6843509,0.6456201,2.452539,0.760273,0.4472106,2.244796,0.7958204,0.2261741,2.189664,0.665822,1.005402,2.553919
72057594037937085,0,0.7424927,5982.477,0.6461115,0.6460273,2.496599,0.6212205,1.120795,2.539303,0.5442219,0.8991842,2.498511,0.5296509,0.7181283,2.417785,0.5630242,0.934165,2.442096,0.5841071,1.00729,2.489569,0.7597643,0.9213764,2.40457,0.7689517,0.7319443,2.368858,0.5810341,0.8369812,2.297382,0.5418726,0.8280519,2.309545,0.5943624,0.6408704,2.486345,0.7434064,0.4636951,2.306264,0.5131235,0.4256384,2.499168,0.6843509,0.6456201,2.452539,0.760273,0.4472106,2.244796,0.7958204,0.2261741,2.189664,0.665822,1.005402,2.553919
72057594037937085,0,0.7424927,5982.481,0.6461115,0.6460273,2.496599,0.6212205,1.120795,2.539303,0.5442219,0.8991842,2.498511,0.5296509,0.7181283,2.417785,0.5630242,0.934165,2.442096,0.5841071,1.00729,2.489569,0.7597643,0.9213764,2.40457,0.7689517,0.7319443,2.368858,0.5810341,0.8369812,2.297382,0.5418726,0.8280519,2.309545,0.5943624,0.6408704,2.486345,0.7434064,0.4636951,2.306264,0.5131235,0.4256384,2.499168,0.6843509,0.6456201,2.452539,0.760273,0.4472106,2.244796,0.7958204,0.2261741,2.189664,0.665822,1.005402,2.553919
72057594037937085,0,0.7424927,5982.486,0.6461115,0.6460273,2.496599,0.6212205,1.120795,2.539303,0.5442219,0.8991842,2.498511,0.5296509,0.7181283,2.417785,0.5630242,0.934165,2.442096,0.5841071,1.00729,2.489569,0.7597643,0.9213764,2.40457,0.7689517,0.7319443,2.368858,0.5810341,0.8369812,2.297382,0.5418726,0.8280519,2.309545,0.5943624,0.6408704,2.486345,0.7434064,0.4636951,2.306264,0.5131235,0.4256384,2.499168,0.6843509,0.6456201,2.452539,0.760273,0.4472106,2.244796,0.7958204,0.2261741,2.189664,0.665822,1.005402,2.553919
72057594037937085,0,0.7424927,5982.49,0.6461115,0.6460273,2.496599,0.6212205,1.120795,2.539303,0.5442219,0.8991842,2.498511,0.5296509,0.7181283,2.417785,0.5630242,0.934165,2.442096,0.5841071,1.00729,2.489569,0.7597643,0.9213764,2.40457,0.7689517,0.7319443,2.368858,0.5810341,0.8369812,2.297382,0.5418726,0.8280519,2.309545,0.5943624,0.6408704,2.486345,0.7434064,0.4636951,2.306264,0.5131235,0.4256384,2.499168,0.6843509,0.6456201,2.452539,0.760273,0.4472106,2.244796,0.7958204,0.2261741,2.189664,0.665822,1.005402,2.553919
72057594037937085,0,0.7424927,5982.495,0.6461115,0.6460273,2.496599,0.6212205,1.120795,2.539303,0.5442219,0.8991842,2.498511,0.5296509,0.7181283,2.417785,0.5630242,0.934165,2.442096,0.5841071,1.00729,2.489569,0.7597643,0.9213764,2.40457,0.7689517,0.7319443,2.368858,0.5810341,0.8369812,2.297382,0.5418726,0.8280519,2.309545,0.5943624,0.6408704,2.486345,0.7434064,0.4636951,2.306264,0.5131235,0.4256384,2.499168,0.6843509,0.6456201,2.452539,0.760273,0.4472106,2.244796,0.7958204,0.2261741,2.189664,0.665822,1.005402,2.553919
72057594037937085,0,0.7424927,5982.499,0.6461115,0.6460273,2.496599,0.6212205,1.120795,2.539303,0.5442219,0.8991842,2.498511,0.5296509,0.7181283,2.417785,0.5630242,0.934165,2.442096,0.5841071,1.00729,2.489569,0.7597643,0.9213764,2.40457,0.7689517,0.7319443,2.368858,0.5810341,0.8369812,2.297382,0.5418726,0.8280519,2.309545,0.5943624,0.6408704,2.486345,0.7434064,0.4636951,2.306264,0.5131235,0.4256384,2.499168,0.6843509,0.6456201,2.452539,0.760273,0.4472106,2.244796,0.7958204,0.2261741,2.189664,0.665822,1.005402,2.553919
72057594037937085,0,0.7427201,5982.504,0.648542,0.645407,2.503369,0.6273903,1.149305,2.5321,0.5440284,0.8989553,2.499265,0.5001738,0.7458035,2.451599,0.5516818,0.9532006,2.457568,0.5921934,1.06579,2.474561,0.7575838,0.9227607,2.403887,0.7670935,0.7317701,2.367767,0.5810198,0.8330559,2.309782,0.5305739,0.8255447,2.336535,0.597381,0.6380626,2.498111,0.7349233,0.4723464,2.301537,0.5686049,0.3508935,2.431808,0.6864492,0.6465315,2.456473,0.5492895,0.7039495,2.0883,0.690287,0.5363145,2.328603,0.663945,1.007237,2.548271
72057594037937085,0,0.7427201,5982.508,0.648542,0.645407,2.503369,0.6273903,1.149305,2.5321,0.5440284,0.8989553,2.499265,0.5001738,0.7458035,2.451599,0.5516818,0.9532006,2.457568,0.5921934,1.06579,2.474561,0.7575838,0.9227607,2.403887,0.7670935,0.7317701,2.367767,0.5810198,0.8330559,2.309782,0.5305739,0.8255447,2.336535,0.597381,0.6380626,2.498111,0.7349233,0.4723464,2.301537,0.5686049,0.3508935,2.431808,0.6864492,0.6465315,2.456473,0.5492895,0.7039495,2.0883,0.690287,0.5363145,2.328603,0.663945,1.007237,2.548271
72057594037937085,0,0.7427201,5982.513,0.648542,0.645407,2.503369,0.6273903,1.149305,2.5321,0.5440284,0.8989553,2.499265,0.5001738,0.7458035,2.451599,0.5516818,0.9532006,2.457568,0.5921934,1.06579,2.474561,0.7575838,0.9227607,2.403887,0.7670935,0.7317701,2.367767,0.5810198,0.8330559,2.309782,0.5305739,0.8255447,2.336535,0.597381,0.6380626,2.498111,0.7349233,0.4723464,2.301537,0.5686049,0.3508935,2.431808,0.6864492,0.6465315,2.456473,0.5492895,0.7039495,2.0883,0.690287,0.5363145,2.328603,0.663945,1.007237,2.548271
72057594037937085,0,0.7427201,5982.518,0.648542,0.645407,2.503369,0.6273903,1.149305,2.5321,0.5440284,0.8989553,2.499265,0.5001738,0.7458035,2.451599,0.5516818,0.9532006,2.457568,0.5921934,1.06579,2.474561,0.7575838,0.9227607,2.403887,0.7670935,0.7317701,2.367767,0.5810198,0.8330559,2.309782,0.5305739,0.8255447,2.336535,0.597381,0.6380626,2.498111,0.7349233,0.4723464,2.301537,0.5686049,0.3508935,2.431808,0.6864492,0.6465315,2.456473,0.5492895,0.7039495,2.0883,0.690287,0.5363145,2.328603,0.663945,1.007237,2.548271
72057594037937085,0,0.7427201,5982.523,0.648542,0.645407,2.503369,0.6273903,1.149305,2.5321,0.5440284,0.8989553,2.499265,0.5001738,0.7458035,2.451599,0.5516818,0.9532006,2.457568,0.5921934,1.06579,2.474561,0.7575838,0.9227607,2.403887,0.7670935,0.7317701,2.367767,0.5810198,0.8330559,2.309782,0.5305739,0.8255447,2.336535,0.597381,0.6380626,2.498111,0.7349233,0.4723464,2.301537,0.5686049,0.3508935,2.431808,0.6864492,0.6465315,2.456473,0.5492895,0.7039495,2.0883,0.690287,0.5363145,2.328603,0.663945,1.007237,2.548271
72057594037937085,0,0.7427201,5982.528,0.648542,0.645407,2.503369,0.6273903,1.149305,2.5321,0.5440284,0.8989553,2.499265,0.5001738,0.7458035,2.451599,0.5516818,0.9532006,2.457568,0.5921934,1.06579,2.474561,0.7575838,0.9227607,2.403887,0.7670935,0.7317701,2.367767,0.5810198,0.8330559,2.309782,0.5305739,0.8255447,2.336535,0.597381,0.6380626,2.498111,0.7349233,0.4723464,2.301537,0.5686049,0.3508935,2.431808,0.6864492,0.6465315,2.456473,0.5492895,0.7039495,2.0883,0.690287,0.5363145,2.328603,0.663945,1.007237,2.548271
72057594037937085,0,0.7427201,5982.532,0.648542,0.645407,2.503369,0.6273903,1.149305,2.5321,0.5440284,0.8989553,2.499265,0.5001738,0.7458035,2.451599,0.5516818,0.9532006,2.457568,0.5921934,1.06579,2.474561,0.7575838,0.9227607,2.403887,0.7670935,0.7317701,2.367767,0.5810198,0.8330559,2.309782,0.5305739,0.8255447,2.336535,0.597381,0.6380626,2.498111,0.7349233,0.4723464,2.301537,0.5686049,0.3508935,2.431808,0.6864492,0.6465315,2.456473,0.5492895,0.7039495,2.0883,0.690287,0.5363145,2.328603,0.663945,1.007237,2.548271
72057594037937085,0,0.7634392,5982.537,0.6589596,0.6350868,2.478221,0.6170802,1.175436,2.524751,0.5481502,0.9286458,2.546584,0.5093696,0.8137475,2.406755,0.5732594,1.016785,2.417658,0.6010259,1.121951,2.452368,0.7543771,0.9351323,2.394807,0.7654159,0.7315107,2.367047,0.6425527,0.896744,2.291802,0.5963303,0.9205993,2.306037,0.6141631,0.6264716,2.455731,0.8378867,0.6083567,2.296982,0.6610011,0.4940427,2.414021,0.6919256,0.6382458,2.44251,0.5013537,0.639563,2.109324,0.6610498,0.5727186,2.375483,0.6632237,1.03899,2.503212
72057594037937085,0,0.7634392,5982.542,0.6589596,0.6350868,2.478221,0.6170802,1.175436,2.524751,0.5481502,0.9286458,2.546584,0.5093696,0.8137475,2.406755,0.5732594,1.016785,2.417658,0.6010259,1.121951,2.452368,0.7543771,0.9351323,2.394807,0.7654159,0.7315107,2.367047,0.6425527,0.896744,2.291802,0.5963303,0.9205993,2.306037,0.6141631,0.6264716,2.455731,0.8378867,0.6083567,2.296982,0.6610011,0.4940427,2.414021,0.6919256,0.6382458,2.44251,0.5013537,0.639563,2.109324,0.6610498,0.5727186,2.375483,0.6632237,1.03899,2.503212
72057594037937085,0,0.7634392,5982.546,0.6589596,0.6350868,2.478221,0.6170802,1.175436,2.524751,0.5481502,0.9286458,2.546584,0.5093696,0.8137475,2.406755,0.5732594,1.016785,2.417658,0.6010259,1.121951,2.452368,0.7543771,0.9351323,2.394807,0.7654159,0.7315107,2.367047,0.6425527,0.896744,2.291802,0.5963303,0.9205993,2.306037,0.6141631,0.6264716,2.455731,0.8378867,0.6083567,2.296982,0.6610011,0.4940427,2.414021,0.6919256,0.6382458,2.44251,0.5013537,0.639563,2.109324,0.6610498,0.5727186,2.375483,0.6632237,1.03899,2.503212
72057594037937085,0,0.7634392,5982.55,0.6589596,0.6350868,2.478221,0.6170802,1.175436,2.524751,0.5481502,0.9286458,2.546584,0.5093696,0.8137475,2.406755,0.5732594,1.016785,2.417658,0.6010259,1.121951,2.452368,0.7543771,0.9351323,2.394807,0.7654159,0.7315107,2.367047,0.6425527,0.896744,2.291802,0.5963303,0.9205993,2.306037,0.6141631,0.6264716,2.455731,0.8378867,0.6083567,2.296982,0.6610011,0.4940427,2.414021,0.6919256,0.6382458,2.44251,0.5013537,0.639563,2.109324,0.6610498,0.5727186,2.375483,0.6632237,1.03899,2.503212
72057594037937085,0,0.7634392,5982.555,0.6589596,0.6350868,2.478221,0.6170802,1.175436,2.524751,0.5481502,0.9286458,2.546584,0.5093696,0.8137475,2.406755,0.5732594,1.016785,2.417658,0.6010259,1.121951,2.452368,0.7543771,0.9351323,2.394807,0.7654159,0.7315107,2.367047,0.6425527,0.896744,2.291802,0.5963303,0.9205993,2.306037,0.6141631,0.6264716,2.455731,0.8378867,0.6083567,2.296982,0.6610011,0.4940427,2.414021,0.6919256,0.6382458,2.44251,0.5013537,0.639563,2.109324,0.6610498,0.5727186,2.375483,0.6632237,1.03899,2.503212
72057594037937085,0,0.7634392,5982.559,0.6589596,0.6350868,2.478221,0.6170802,1.175436,2.524751,0.5481502,0.9286458,2.546584,0.5093696,0.8137475,2.406755,0.5732594,1.016785,2.417658,0.6010259,1.121951,2.452368,0.7543771,0.9351323,2.394807,0.7654159,0.7315107,2.367047,0.6425527,0.896744,2.291802,0.5963303,0.9205993,2.306037,0.6141631,0.6264716,2.455731,0.8378867,0.6083567,2.296982,0.6610011,0.4940427,2.414021,0.6919256,0.6382458,2.44251,0.5013537,0.639563,2.109324,0.6610498,0.5727186,2.375483,0.6632237,1.03899,2.503212
72057594037937085,0,0.7634392,5982.563,0.6589596,0.6350868,2.478221,0.6170802,1.175436,2.524751,0.5481502,0.9286458,2.546584,0.5093696,0.8137475,2.406755,0.5732594,1.016785,2.417658,0.6010259,1.121951,2.452368,0.7543771,0.9351323,2.394807,0.7654159,0.7315107,2.367047,0.6425527,0.896744,2.291802,0.5963303,0.9205993,2.306037,0.6141631,0.6264716,2.455731,0.8378867,0.6083567,2.296982,0.6610011,0.4940427,2.414021,0.6919256,0.6382458,2.44251,0.5013537,0.639563,2.109324,0.6610498,0.5727186,2.375483,0.6632237,1.03899,2.503212
72057594037937085,0,0.725992,5982.568,0.6279526,0.6223676,2.523515,0.6249167,1.181305,2.52174,0.5701775,0.9465734,2.551239,0.5025122,0.7668135,2.477441,0.5823832,0.9644824,2.463484,0.6156372,1.089654,2.475973,0.7312501,0.9330069,2.387364,0.7697651,0.7663041,2.350131,0.5595433,0.8079575,2.379462,0.5028327,0.8036221,2.427574,0.5873995,0.6247537,2.516972,0.768591,0.5805116,2.303771,0.6216388,0.4244972,2.416842,0.6554626,0.614943,2.475525,0.4426274,0.6208999,2.154273,0.6595385,0.5658677,2.384426,0.6633585,1.039205,2.504148
72057594037937085,0,0.725992,5982.573,0.6279526,0.6223676,2.523515,0.6249167,1.181305,2.52174,0.5701775,0.9465734,2.551239,0.5025122,0.7668135,2.477441,0.5823832,0.9644824,2.463484,0.6156372,1.089654,2.475973,0.7312501,0.9330069,2.387364,0.7697651,0.7663041,2.350131,0.5595433,0.8079575,2.379462,0.5028327,0.8036221,2.427574,0.5873995,0.6247537,2.516972,0.768591,0.5805116,2.303771,0.6216388,0.4244972,2.416842,0.6554626,0.614943,2.475525,0.4426274,0.6208999,2.154273,0.6595385,0.5658677,2.384426,0.6633585,1.039205,2.504148
72057594037937085,0,0.725992,5982.578,0.6279526,0.6223676,2.523515,0.6249167,1.181305,2.52174,0.5701775,0.9465734,2.551239,0.5025122,0.7668135,2.477441,0.5823832,0.9644824,2.463484,0.6156372,1.089654,2.475973,0.7312501,0.9330069,2.387364,0.7697651,0.7663041,2.350131,0.5595433,0.8079575,2.379462,0.5028327,0.8036221,2.427574,0.5873995,0.6247537,2.516972,0.768591,0.5805116,2.303771,0.6216388,0.4244972,2.416842,0.6554626,0.614943,2.475525,0.4426274,0.6208999,2.154273,0.6595385,0.5658677,2.384426,0.6633585,1.039205,2.504148
72057594037937085,0,0.725992,5982.582,0.6279526,0.6223676,2.523515,0.6249167,1.181305,2.52174,0.5701775,0.9465734,2.551239,0.5025122,0.7668135,2.477441,0.5823832,0.9644824,2.463484,0.6156372,1.089654,2.475973,0.7312501,0.9330069,2.387364,0.7697651,0.7663041,2.350131,0.5595433,0.8079575,2.379462,0.5028327,0.8036221,2.427574,0.5873995,0.6247537,2.516972,0.768591,0.5805116,2.303771,0.6216388,0.4244972,2.416842,0.6554626,0.614943,2.475525,0.4426274,0.6208999,2.154273,0.6595385,0.5658677,2.384426,0.6633585,1.039205,2.504148
72057594037937085,0,0.725992,5982.587,0.6279526,0.6223676,2.523515,0.6249167,1.181305,2.52174,0.5701775,0.9465734,2.551239,0.5025122,0.7668135,2.477441,0.5823832,0.9644824,2.463484,0.6156372,1.089654,2.475973,0.7312501,0.9330069,2.387364,0.7697651,0.7663041,2.350131,0.5595433,0.8079575,2.379462,0.5028327,0.8036221,2.427574,0.5873995,0.6247537,2.516972,0.768591,0.5805116,2.303771,0.6216388,0.4244972,2.416842,0.6554626,0.614943,2.475525,0.4426274,0.6208999,2.154273,0.6595385,0.5658677,2.384426,0.6633585,1.039205,2.504148
72057594037937085,0,0.725992,5982.591,0.6279526,0.6223676,2.523515,0.6249167,1.181305,2.52174,0.5701775,0.9465734,2.551239,0.5025122,0.7668135,2.477441,0.5823832,0.9644824,2.463484,0.6156372,1.089654,2.475973,0.7312501,0.9330069,2.387364,0.7697651,0.7663041,2.350131,0.5595433,0.8079575,2.379462,0.5028327,0.8036221,2.427574,0.5873995,0.6247537,2.516972,0.768591,0.5805116,2.303771,0.6216388,0.4244972,2.416842,0.6554626,0.614943,2.475525,0.4426274,0.6208999,2.154273,0.6595385,0.5658677,2.384426,0.6633585,1.039205,2.504148
72057594037937085,0,0.725992,5982.595,0.6279526,0.6223676,2.523515,0.6249167,1.181305,2.52174,0.5701775,0.9465734,2.551239,0.5025122,0.7668135,2.477441,0.5823832,0.9644824,2.463484,0.6156372,1.089654,2.475973,0.7312501,0.9330069,2.387364,0.7697651,0.7663041,2.350131,0.5595433,0.8079575,2.379462,0.5028327,0.8036221,2.427574,0.5873995,0.6247537,2.516972,0.768591,0.5805116,2.303771,0.6216388,0.4244972,2.416842,0.6554626,0.614943,2.475525,0.4426274,0.6208999,2.154273,0.6595385,0.5658677,2.384426,0.6633585,1.039205,2.504148
72057594037937085,0,0.725992,5982.599,0.6279526,0.6223676,2.523515,0.6249167,1.181305,2.52174,0.5701775,0.9465734,2.551239,0.5025122,0.7668135,2.477441,0.5823832,0.9644824,2.463484,0.6156372,1.089654,2.475973,0.7312501,0.9330069,2.387364,0.7697651,0.7663041,2.350131,0.5595433,0.8079575,2.379462,0.5028327,0.8036221,2.427574,0.5873995,0.6247537,2.516972,0.768591,0.5805116,2.303771,0.6216388,0.4244972,2.416842,0.6554626,0.614943,2.475525,0.4426274,0.6208999,2.154273,0.6595385,0.5658677,2.384426,0.6633585,1.039205,2.504148
72057594037937085,0,0.7625694,5982.604,0.656046,0.609798,2.49939,0.6454791,1.168039,2.528229,0.5730012,0.947969,2.551432,0.4928723,0.779713,2.488596,0.5806001,0.9734423,2.467664,0.6179379,1.100824,2.473523,0.7291669,0.9465408,2.389956,0.7707216,0.7684352,2.346844,0.5610741,0.8123543,2.375671,0.5095596,0.8061171,2.432913,0.6175406,0.6040362,2.473573,0.5223965,0.853821,2.459,0.6065401,0.5535969,2.428814,0.67878,0.609482,2.467111,0.6529699,0.8613303,2.396955,0.6695979,0.5500417,2.374054,0.6753227,1.028546,2.518372
72057594037937085,0,0.7625694,5982.609,0.656046,0.609798,2.49939,0.6454791,1.168039,2.528229,0.5730012,0.947969,2.551432,0.4928723,0.779713,2.488596,0.5806001,0.9734423,2.467664,0.6179379,1.100824,2.473523,0.7291669,0.9465408,2.389956,0.7707216,0.7684352,2.346844,0.5610741,0.8123543,2.375671,0.5095596,0.8061171,2.432913,0.6175406,0.6040362,2.473573,0.5223965,0.853821,2.459,0.6065401,0.5535969,2.428814,0.67878,0.609482,2.467111,0.6529699,0.8613303,2.396955,0.6695979,0.5500417,2.374054,0.6753227,1.028546,2.518372
72057594037937085,0,0.7625694,5982.614,0.656046,0.609798,2.49939,0.6454791,1.168039,2.528229,0.5730012,0.947969,2.551432,0.4928723,0.779713,2.488596,0.5806001,0.9734423,2.467664,0.6179379,1.100824,2.473523,0.7291669,0.9465408,2.389956,0.7707216,0.7684352,2.346844,0.5610741,0.8123543,2.375671,0.5095596,0.8061171,2.432913,0.6175406,0.6040362,2.473573,0.5223965,0.853821,2.459,0.6065401,0.5535969,2.428814,0.67878,0.609482,2.467111,0.6529699,0.8613303,2.396955,0.6695979,0.5500417,2.374054,0.6753227,1.028546,2.518372
72057594037937085,0,0.7625694,5982.618,0.656046,0.609798,2.49939,0.6454791,1.168039,2.528229,0.5730012,0.947969,2.551432,0.4928723,0.779713,2.488596,0.5806001,0.9734423,2.467664,0.6179379,1.100824,2.473523,0.7291669,0.9465408,2.389956,0.7707216,0.7684352,2.346844,0.5610741,0.8123543,2.375671,0.5095596,0.8061171,2.432913,0.6175406,0.6040362,2.473573,0.5223965,0.853821,2.459,0.6065401,0.5535969,2.428814,0.67878,0.609482,2.467111,0.6529699,0.8613303,2.396955,0.6695979,0.5500417,2.374054,0.6753227,1.028546,2.518372
72057594037937085,0,0.7625694,5982.623,0.656046,0.609798,2.49939,0.6454791,1.168039,2.528229,0.5730012,0.947969,2.551432,0.4928723,0.779713,2.488596,0.5806001,0.9734423,2.467664,0.6179379,1.100824,2.473523,0.7291669,0.9465408,2.389956,0.7707216,0.7684352,2.346844,0.5610741,0.8123543,2.375671,0.5095596,0.8061171,2.432913,0.6175406,0.6040362,2.473573,0.5223965,0.853821,2.459,0.6065401,0.5535969,2.428814,0.67878,0.609482,2.467111,0.6529699,0.8613303,2.396955,0.6695979,0.5500417,2.374054,0.6753227,1.028546,2.518372
72057594037937085,0,0.7625694,5982.626,0.656046,0.609798,2.49939,0.6454791,1.168039,2.528229,0.5730012,0.947969,2.551432,0.4928723,0.779713,2.488596,0.5806001,0.9734423,2.467664,0.6179379,1.100824,2.473523,0.7291669,0.9465408,2.389956,0.7707216,0.7684352,2.346844,0.5610741,0.8123543,2.375671,0.5095596,0.8061171,2.432913,0.6175406,0.6040362,2.473573,0.5223965,0.853821,2.459,0.6065401,0.5535969,2.428814,0.67878,0.609482,2.467111,0.6529699,0.8613303,2.396955,0.6695979,0.5500417,2.374054,0.6753227,1.028546,2.518372
72057594037937085,0,0.7625694,5982.632,0.656046,0.609798,2.49939,0.6454791,1.168039,2.528229,0.5730012,0.947969,2.551432,0.4928723,0.779713,2.488596,0.5806001,0.9734423,2.467664,0.6179379,1.100824,2.473523,0.7291669,0.9465408,2.389956,0.7707216,0.7684352,2.346844,0.5610741,0.8123543,2.375671,0.5095596,0.8061171,2.432913,0.6175406,0.6040362,2.473573,0.5223965,0.853821,2.459,0.6065401,0.5535969,2.428814,0.67878,0.609482,2.467111,0.6529699,0.8613303,2.396955,0.6695979,0.5500417,2.374054,0.6753227,1.028546,2.518372
72057594037937085,0,0.6738545,5982.637,0.6042258,0.7034202,2.542704,0.6576256,1.164209,2.529583,0.5802606,0.9545243,2.55828,0.4932134,0.7835292,2.497091,0.5628332,0.9838575,2.478711,0.6300482,1.106548,2.477976,0.7359036,0.9477611,2.394114,0.7735504,0.7913231,2.323706,0.5690768,0.8148284,2.38287,0.5152147,0.8062177,2.448971,0.5616007,0.7026772,2.583411,0.5951734,0.8800443,2.370614,0.60623,0.5543669,2.42831,0.6345747,0.6975679,2.448057,0.6799629,0.9467833,2.379597,0.6638073,0.6058259,2.348728,0.6883895,1.026456,2.553175
72057594037937085,0,0.6738545,5982.641,0.6042258,0.7034202,2.542704,0.6576256,1.164209,2.529583,0.5802606,0.9545243,2.55828,0.4932134,0.7835292,2.497091,0.5628332,0.9838575,2.478711,0.6300482,1.106548,2.477976,0.7359036,0.9477611,2.394114,0.7735504,0.7913231,2.323706,0.5690768,0.8148284,2.38287,0.5152147,0.8062177,2.448971,0.5616007,0.7026772,2.583411,0.5951734,0.8800443,2.370614,0.60623,0.5543669,2.42831,0.6345747,0.6975679,2.448057,0.6799629,0.9467833,2.379597,0.6638073,0.6058259,2.348728,0.6883895,1.026456,2.553175
72057594037937085,0,0.6738545,5982.646,0.6042258,0.7034202,2.542704,0.6576256,1.164209,2.529583,0.5802606,0.9545243,2.55828,0.4932134,0.7835292,2.497091,0.5628332,0.9838575,2.478711,0.6300482,1.106548,2.477976,0.7359036,0.9477611,2.394114,0.7735504,0.7913231,2.323706,0.5690768,0.8148284,2.38287,0.5152147,0.8062177,2.448971,0.5616007,0.7026772,2.583411,0.5951734,0.8800443,2.370614,0.60623,0.5543669,2.42831,0.6345747,0.6975679,2.448057,0.6799629,0.9467833,2.379597,0.6638073,0.6058259,2.348728,0.6883895,1.026456,2.553175
72057594037937085,0,0.6738545,5982.65,0.6042258,0.7034202,2.542704,0.6576256,1.164209,2.529583,0.5802606,0.9545243,2.55828,0.4932134,0.7835292,2.497091,0.5628332,0.9838575,2.478711,0.6300482,1.106548,2.477976,0.7359036,0.9477611,2.394114,0.7735504,0.7913231,2.323706,0.5690768,0.8148284,2.38287,0.5152147,0.8062177,2.448971,0.5616007,0.7026772,2.583411,0.5951734,0.8800443,2.370614,0.60623,0.5543669,2.42831,0.6345747,0.6975679,2.448057,0.6799629,0.9467833,2.379597,0.6638073,0.6058259,2.348728,0.6883895,1.026456,2.553175
72057594037937085,0,0.6738545,5982.655,0.6042258,0.7034202,2.542704,0.6576256,1.164209,2.529583,0.5802606,0.9545243,2.55828,0.4932134,0.7835292,2.497091,0.5628332,0.9838575,2.478711,0.6300482,1.106548,2.477976,0.7359036,0.9477611,2.394114,0.7735504,0.7913231,2.323706,0.5690768,0.8148284,2.38287,0.5152147,0.8062177,2.448971,0.5616007,0.7026772,2.583411,0.5951734,0.8800443,2.370614,0.60623,0.5543669,2.42831,0.6345747,0.6975679,2.448057,0.6799629,0.9467833,2.379597,0.6638073,0.6058259,2.348728,0.6883895,1.026456,2.553175
72057594037937085,0,0.6738545,5982.66,0.6042258,0.7034202,2.542704,0.6576256,1.164209,2.529583,0.5802606,0.9545243,2.55828,0.4932134,0.7835292,2.497091,0.5628332,0.9838575,2.478711,0.6300482,1.106548,2.477976,0.7359036,0.9477611,2.394114,0.7735504,0.7913231,2.323706,0.5690768,0.8148284,2.38287,0.5152147,0.8062177,2.448971,0.5616007,0.7026772,2.583411,0.5951734,0.8800443,2.370614,0.60623,0.5543669,2.42831,0.6345747,0.6975679,2.448057,0.6799629,0.9467833,2.379597,0.6638073,0.6058259,2.348728,0.6883895,1.026456,2.553175
72057594037937085,0,0.6738545,5982.664,0.6042258,0.7034202,2.542704,0.6576256,1.164209,2.529583,0.5802606,0.9545243,2.55828,0.4932134,0.7835292,2.497091,0.5628332,0.9838575,2.478711,0.6300482,1.106548,2.477976,0.7359036,0.9477611,2.394114,0.7735504,0.7913231,2.323706,0.5690768,0.8148284,2.38287,0.5152147,0.8062177,2.448971,0.5616007,0.7026772,2.583411,0.5951734,0.8800443,2.370614,0.60623,0.5543669,2.42831,0.6345747,0.6975679,2.448057,0.6799629,0.9467833,2.379597,0.6638073,0.6058259,2.348728,0.6883895,1.026456,2.553175
72057594037937085,0,0.7242222,5982.668,0.6523095,0.7440797,2.494068,0.664454,1.16213,2.528426,0.5742878,0.903251,2.516255,0.4933956,0.7662212,2.505399,0.5968311,0.9457115,2.479619,0.6331176,0.9903519,2.518183,0.7421839,0.9422111,2.395272,0.7720008,0.7963932,2.318882,0.5817472,0.8382507,2.394018,0.5192019,0.8147987,2.448985,0.6022525,0.7325951,2.54549,0.5794982,0.9150636,2.337458,0.6064354,0.5552025,2.42672,0.6892916,0.7482473,2.390353,0.6140084,0.97712,2.452412,0.6729676,0.5563827,2.370837,0.6959,1.02593,2.557692
72057594037937085,0,0.7242222,5982.673,0.6523095,0.7440797,2.494068,0.664454,1.16213,2.528426,0.5742878,0.903251,2.516255,0.4933956,0.7662212,2.505399,0.5968311,0.9457115,2.479619,0.6331176,0.9903519,2.518183,0.7421839,0.9422111,2.395272,0.7720008,0.7963932,2.318882,0.5817472,0.8382507,2.394018,0.5192019,0.8147987,2.448985,0.6022525,0.7325951,2.54549,0.5794982,0.9150636,2.337458,0.6064354,0.5552025,2.42672,0.6892916,0.7482473,2.390353,0.6140084,0.97712,2.452412,0.6729676,0.5563827,2.370837,0.6959,1.02593,2.557692
72057594037937085,0,0.7242222,5982.677,0.6523095,0.7440797,2.494068,0.664454,1.16213,2.528426,0.5742878,0.903251,2.516255,0.4933956,0.7662212,2.505399,0.5968311,0.9457115,2.479619,0.6331176,0.9903519,2.518183,0.7421839,0.9422111,2.395272,0.7720008,0.7963932,2.318882,0.5817472,0.8382507,2.394018,0.5192019,0.8147987,2.448985,0.6022525,0.7325951,2.54549,0.5794982,0.9150636,2.337458,0.6064354,0.5552025,2.42672,0.6892916,0.7482473,2.390353,0.6140084,0.97712,2.452412,0.6729676,0.5563827,2.370837,0.6959,1.02593,2.557692
72057594037937085,0,0.7242222,5982.682,0.6523095,0.7440797,2.494068,0.664454,1.16213,2.528426,0.5742878,0.903251,2.516255,0.4933956,0.7662212,2.505399,0.5968311,0.9457115,2.479619,0.6331176,0.9903519,2.518183,0.7421839,0.9422111,2.395272,0.7720008,0.7963932,2.318882,0.5817472,0.8382507,2.394018,0.5192019,0.8147987,2.448985,0.6022525,0.7325951,2.54549,0.5794982,0.9150636,2.337458,0.6064354,0.5552025,2.42672,0.6892916,0.7482473,2.390353,0.6140084,0.97712,2.452412,0.6729676,0.5563827,2.370837,0.6959,1.02593,2.557692
72057594037937085,0,0.7242222,5982.687,0.6523095,0.7440797,2.494068,0.664454,1.16213,2.528426,0.5742878,0.903251,2.516255,0.4933956,0.7662212,2.505399,0.5968311,0.9457115,2.479619,0.6331176,0.9903519,2.518183,0.7421839,0.9422111,2.395272,0.7720008,0.7963932,2.318882,0.5817472,0.8382507,2.394018,0.5192019,0.8147987,2.448985,0.6022525,0.7325951,2.54549,0.5794982,0.9150636,2.337458,0.6064354,0.5552025,2.42672,0.6892916,0.7482473,2.390353,0.6140084,0.97712,2.452412,0.6729676,0.5563827,2.370837,0.6959,1.02593,2.557692
72057594037937085,0,0.7242222,5982.691,0.6523095,0.7440797,2.494068,0.664454,1.16213,2.528426,0.5742878,0.903251,2.516255,0.4933956,0.7662212,2.505399,0.5968311,0.9457115,2.479619,0.6331176,0.9903519,2.518183,0.7421839,0.9422111,2.395272,0.7720008,0.7963932,2.318882,0.5817472,0.8382507,2.394018,0.5192019,0.8147987,2.448985,0.6022525,0.7325951,2.54549,0.5794982,0.9150636,2.337458,0.6064354,0.5552025,2.42672,0.6892916,0.7482473,2.390353,0.6140084,0.97712,2.452412,0.6729676,0.5563827,2.370837,0.6959,1.02593,2.557692
72057594037937085,0,0.7242222,5982.696,0.6523095,0.7440797,2.494068,0.664454,1.16213,2.528426,0.5742878,0.903251,2.516255,0.4933956,0.7662212,2.505399,0.5968311,0.9457115,2.479619,0.6331176,0.9903519,2.518183,0.7421839,0.9422111,2.395272,0.7720008,0.7963932,2.318882,0.5817472,0.8382507,2.394018,0.5192019,0.8147987,2.448985,0.6022525,0.7325951,2.54549,0.5794982,0.9150636,2.337458,0.6064354,0.5552025,2.42672,0.6892916,0.7482473,2.390353,0.6140084,0.97712,2.452412,0.6729676,0.5563827,2.370837,0.6959,1.02593,2.557692
72057594037937085,0,0.7242222,5982.7,0.6523095,0.7440797,2.494068,0.664454,1.16213,2.528426,0.5742878,0.903251,2.516255,0.4933956,0.7662212,2.505399,0.5968311,0.9457115,2.479619,0.6331176,0.9903519,2.518183,0.7421839,0.9422111,2.395272,0.7720008,0.7963932,2.318882,0.5817472,0.8382507,2.394018,0.5192019,0.8147987,2.448985,0.6022525,0.7325951,2.54549,0.5794982,0.9150636,2.337458,0.6064354,0.5552025,2.42672,0.6892916,0.7482473,2.390353,0.6140084,0.97712,2.452412,0.6729676,0.5563827,2.370837,0.6959,1.02593,2.557692
72057594037937085,0,0.6655391,5982.705,0.585166,0.6801555,2.534001,0.6700612,1.160908,2.529068,0.5968785,0.9476538,2.553014,0.5080264,0.7719889,2.504505,0.6071547,0.9521092,2.479784,0.639708,0.9943945,2.523682,0.7231893,0.916573,2.395993,0.7789049,0.8038793,2.293705,0.5966374,0.8188687,2.389435,0.526494,0.8072959,2.443136,0.5490373,0.6917479,2.5786,0.5744851,0.8920287,2.393054,0.5929319,0.5514558,2.446219,0.6096899,0.6625749,2.43692,0.467681,0.8722647,2.467649,0.5277988,0.6379036,2.494296,0.6979846,1.020578,2.559952
72057594037937085,0,0.6655391,5982.708,0.585166,0.6801555,2.534001,0.6700612,1.160908,2.529068,0.5968785,0.9476538,2.553014,0.5080264,0.7719889,2.504505,0.6071547,0.9521092,2.479784,0.639708,0.9943945,2.523682,0.7231893,0.916573,2.395993,0.7789049,0.8038793,2.293705,0.5966374,0.8188687,2.389435,0.526494,0.8072959,2.443136,0.5490373,0.6917479,2.5786,0.5744851,0.8920287,2.393054,0.5929319,0.5514558,2.446219,0.6096899,0.6625749,2.43692,0.467681,0.8722647,2.467649,0.5277988,0.6379036,2.494296,0.6979846,1.020578,2.559952
72057594037937085,0,0.6655391,5982.714,0.585166,0.6801555,2.534001,0.6700612,1.160908,2.529068,0.5968785,0.9476538,2.553014,0.5080264,0.7719889,2.504505,0.6071547,0.9521092,2.479784,0.639708,0.9943945,2.523682,0.7231893,0.916573,2.395993,0.7789049,0.8038793,2.293705,0.5966374,0.8188687,2.389435,0.526494,0.8072959,2.443136,0.5490373,0.6917479,2.5786,0.5744851,0.8920287,2.393054,0.5929319,0.5514558,2.446219,0.6096899,0.6625749,2.43692,0.467681,0.8722647,2.467649,0.5277988,0.6379036,2.494296,0.6979846,1.020578,2.559952
72057594037937085,0,0.6655391,5982.718,0.585166,0.6801555,2.534001,0.6700612,1.160908,2.529068,0.5968785,0.9476538,2.553014,0.5080264,0.7719889,2.504505,0.6071547,0.9521092,2.479784,0.639708,0.9943945,2.523682,0.7231893,0.916573,2.395993,0.7789049,0.8038793,2.293705,0.5966374,0.8188687,2.389435,0.526494,0.8072959,2.443136,0.5490373,0.6917479,2.5786,0.5744851,0.8920287,2.393054,0.5929319,0.5514558,2.446219,0.6096899,0.6625749,2.43692,0.467681,0.8722647,2.467649,0.5277988,0.6379036,2.494296,0.6979846,1.020578,2.559952
72057594037937085,0,0.6655391,5982.723,0.585166,0.6801555,2.534001,0.6700612,1.160908,2.529068,0.5968785,0.9476538,2.553014,0.5080264,0.7719889,2.504505,0.6071547,0.9521092,2.479784,0.639708,0.9943945,2.523682,0.7231893,0.916573,2.395993,0.7789049,0.8038793,2.293705,0.5966374,0.8188687,2.389435,0.526494,0.8072959,2.443136,0.5490373,0.6917479,2.5786,0.5744851,0.8920287,2.393054,0.5929319,0.5514558,2.446219,0.6096899,0.6625749,2.43692,0.467681,0.8722647,2.467649,0.5277988,0.6379036,2.494296,0.6979846,1.020578,2.559952
72057594037937085,0,0.6655391,5982.729,0.585166,0.6801555,2.534001,0.6700612,1.160908,2.529068,0.5968785,0.9476538,2.553014,0.5080264,0.7719889,2.504505,0.6071547,0.9521092,2.479784,0.639708,0.9943945,2.523682,0.7231893,0.916573,2.395993,0.7789049,0.8038793,2.293705,0.5966374,0.8188687,2.389435,0.526494,0.8072959,2.443136,0.5490373,0.6917479,2.5786,0.5744851,0.8920287,2.393054,0.5929319,0.5514558,2.446219,0.6096899,0.6625749,2.43692,0.467681,0.8722647,2.467649,0.5277988,0.6379036,2.494296,0.6979846,1.020578,2.559952
72057594037937085,0,0.6655391,5982.733,0.585166,0.6801555,2.534001,0.6700612,1.160908,2.529068,0.5968785,0.9476538,2.553014,0.5080264,0.7719889,2.504505,0.6071547,0.9521092,2.479784,0.639708,0.9943945,2.523682,0.7231893,0.916573,2.395993,0.7789049,0.8038793,2.293705,0.5966374,0.8188687,2.389435,0.526494,0.8072959,2.443136,0.5490373,0.6917479,2.5786,0.5744851,0.8920287,2.393054,0.5929319,0.5514558,2.446219,0.6096899,0.6625749,2.43692,0.467681,0.8722647,2.467649,0.5277988,0.6379036,2.494296,0.6979846,1.020578,2.559952
72057594037937085,0,0.7344356,5982.738,0.662592,0.7191417,2.507679,0.6706799,1.158555,2.51756,0.597036,0.9464543,2.549912,0.518065,0.773618,2.494012,0.6818369,0.9061949,2.410876,0.7899466,0.9832267,2.338721,0.7543423,0.9702259,2.430952,0.7758793,0.7937832,2.324707,0.6241233,0.8690848,2.368995,0.5864803,0.840995,2.384863,0.6180142,0.7103367,2.517423,0.6558861,0.4858063,2.351816,0.5142266,0.1827687,2.366894,0.6961285,0.7222911,2.454424,0.4751116,0.860777,2.502605,0.6855627,0.5060189,2.37827,0.7094512,1.022534,2.553517
72057594037937085,0,0.7344356,5982.744,0.662592,0.7191417,2.507679,0.6706799,1.158555,2.51756,0.597036,0.9464543,2.549912,0.518065,0.773618,2.494012,0.6818369,0.9061949,2.410876,0.7899466,0.9832267,2.338721,0.7543423,0.9702259,2.430952,0.7758793,0.7937832,2.324707,0.6241233,0.8690848,2.368995,0.5864803,0.840995,2.384863,0.6180142,0.7103367,2.517423,0.6558861,0.4858063,2.351816,0.5142266,0.1827687,2.366894,0.6961285,0.7222911,2.454424,0.4751116,0.860777,2.502605,0.6855627,0.5060189,2.37827,0.7094512,1.022534,2.553517
72057594037937085,0,0.7344356,5982.748,0.662592,0.7191417,2.507679,0.6706799,1.158555,2.51756,0.597036,0.9464543,2.549912,0.518065,0.773618,2.494012,0.6818369,0.9061949,2.410876,0.7899466,0.9832267,2.338721,0.7543423,0.9702259,2.430952,0.7758793,0.7937832,2.324707,0.6241233,0.8690848,2.368995,0.5864803,0.840995,2.384863,0.6180142,0.7103367,2.517423,0.6558861,0.4858063,2.351816,0.5142266,0.1827687,2.366894,0.6961285,0.7222911,2.454424,0.4751116,0.860777,2.502605,0.6855627,0.5060189,2.37827,0.7094512,1.022534,2.553517
72057594037937085,0,0.7344356,5982.752,0.662592,0.7191417,2.507679,0.6706799,1.158555,2.51756,0.597036,0.9464543,2.549912,0.518065,0.773618,2.494012,0.6818369,0.9061949,2.410876,0.7899466,0.9832267,2.338721,0.7543423,0.9702259,2.430952,0.7758793,0.7937832,2.324707,0.6241233,0.8690848,2.368995,0.5864803,0.840995,2.384863,0.6180142,0.7103367,2.517423,0.6558861,0.4858063,2.351816,0.5142266,0.1827687,2.366894,0.6961285,0.7222911,2.454424,0.4751116,0.860777,2.502605,0.6855627,0.5060189,2.37827,0.7094512,1.022534,2.553517
72057594037937085,0,0.7344356,5982.757,0.662592,0.7191417,2.507679,0.6706799,1.158555,2.51756,0.597036,0.9464543,2.549912,0.518065,0.773618,2.494012,0.6818369,0.9061949,2.410876,0.7899466,0.9832267,2.338721,0.7543423,0.9702259,2.430952,0.7758793,0.7937832,2.324707,0.6241233,0.8690848,2.368995,0.5864803,0.840995,2.384863,0.6180142,0.7103367,2.517423,0.6558861,0.4858063,2.351816,0.5142266,0.1827687,2.366894,0.6961285,0.7222911,2.454424,0.4751116,0.860777,2.502605,0.6855627,0.5060189,2.37827,0.7094512,1.022534,2.553517
72057594037937085,0,0.7344356,5982.762,0.662592,0.7191417,2.507679,0.6706799,1.158555,2.51756,0.597036,0.9464543,2.549912,0.518065,0.773618,2.494012,0.6818369,0.9061949,2.410876,0.7899466,0.9832267,2.338721,0.7543423,0.9702259,2.430952,0.7758793,0.7937832,2.324707,0.6241233,0.8690848,2.368995,0.5864803,0.840995,2.384863,0.6180142,0.7103367,2.517423,0.6558861,0.4858063,2.351816,0.5142266,0.1827687,2.366894,0.6961285,0.7222911,2.454424,0.4751116,0.860777,2.502605,0.6855627,0.5060189,2.37827,0.7094512,1.022534,2.553517
72057594037937085,0,0.7344356,5982.767,0.662592,0.7191417,2.507679,0.6706799,1.158555,2.51756,0.597036,0.9464543,2.549912,0.518065,0.773618,2.494012,0.6818369,0.9061949,2.410876,0.7899466,0.9832267,2.338721,0.7543423,0.9702259,2.430952,0.7758793,0.7937832,2.324707,0.6241233,0.8690848,2.368995,0.5864803,0.840995,2.384863,0.6180142,0.7103367,2.517423,0.6558861,0.4858063,2.351816,0.5142266,0.1827687,2.366894,0.6961285,0.7222911,2.454424,0.4751116,0.860777,2.502605,0.6855627,0.5060189,2.37827,0.7094512,1.022534,2.553517
72057594037937085,0,0.755979,5982.771,0.6716995,0.7082074,2.474838,0.6768197,1.162571,2.520322,0.6066769,0.941728,2.537673,0.5250463,0.7829424,2.487293,0.613606,0.8960319,2.412708,0.612449,0.8922644,2.412886,0.7573046,0.9716569,2.430834,0.7764252,0.8462985,2.288394,0.6249964,0.8646716,2.363296,0.587075,0.837923,2.379096,0.6302718,0.6945873,2.467806,0.6500318,0.4465278,2.379748,0.4654717,0.4955882,2.577529,0.701372,0.7162108,2.437003,0.6741206,0.9562874,2.34063,0.6936493,0.5681918,2.355361,0.71372,1.022973,2.554163
72057594037937085,0,0.755979,5982.775,0.6716995,0.7082074,2.474838,0.6768197,1.162571,2.520322,0.6066769,0.941728,2.537673,0.5250463,0.7829424,2.487293,0.613606,0.8960319,2.412708,0.612449,0.8922644,2.412886,0.7573046,0.9716569,2.430834,0.7764252,0.8462985,2.288394,0.6249964,0.8646716,2.363296,0.587075,0.837923,2.379096,0.6302718,0.6945873,2.467806,0.6500318,0.4465278,2.379748,0.4654717,0.4955882,2.577529,0.701372,0.7162108,2.437003,0.6741206,0.9562874,2.34063,0.6936493,0.5681918,2.355361,0.71372,1.022973,2.554163
72057594037937085,0,0.755979,5982.78,0.6716995,0.7082074,2.474838,0.6768197,1.162571,2.520322,0.6066769,0.941728,2.537673,0.5250463,0.7829424,2.487293,0.613606,0.8960319,2.412708,0.612449,0.8922644,2.412886,0.7573046,0.9716569,2.430834,0.7764252,0.8462985,2.288394,0.6249964,0.8646716,2.363296,0.587075,0.837923,2.379096,0.6302718,0.6945873,2.467806,0.6500318,0.4465278,2.379748,0.4654717,0.4955882,2.577529,0.701372,0.7162108,2.437003,0.6741206,0.9562874,2.34063,0.6936493,0.5681918,2.355361,0.71372,1.022973,2.554163
72057594037937085,0,0.755979,5982.785,0.6716995,0.7082074,2.474838,0.6768197,1.162571,2.520322,0.6066769,0.941728,2.537673,0.5250463,0.7829424,2.487293,0.613606,0.8960319,2.412708,0.612449,0.8922644,2.412886,0.7573046,0.9716569,2.430834,0.7764252,0.8462985,2.288394,0.6249964,0.8646716,2.363296,0.587075,0.837923,2.379096,0.6302718,0.6945873,2.467806,0.6500318,0.4465278,2.379748,0.4654717,0.4955882,2.577529,0.701372,0.7162108,2.437003,0.6741206,0.9562874,2.34063,0.6936493,0.5681918,2.355361,0.71372,1.022973,2.554163
72057594037937085,0,0.755979,5982.79,0.6716995,0.7082074,2.474838,0.6768197,1.162571,2.520322,0.6066769,0.941728,2.537673,0.5250463,0.7829424,2.487293,0.613606,0.8960319,2.412708,0.612449,0.8922644,2.412886,0.7573046,0.9716569,2.430834,0.7764252,0.8462985,2.288394,0.6249964,0.8646716,2.363296,0.587075,0.837923,2.379096,0.6302718,0.6945873,2.467806,0.6500318,0.4465278,2.379748,0.4654717,0.4955882,2.577529,0.701372,0.7162108,2.437003,0.6741206,0.9562874,2.34063,0.6936493,0.5681918,2.355361,0.71372,1.022973,2.554163
72057594037937085,0,0.755979,5982.794,0.6716995,0.7082074,2.474838,0.6768197,1.162571,2.520322,0.6066769,0.941728,2.537673,0.5250463,0.7829424,2.487293,0.613606,0.8960319,2.412708,0.612449,0.8922644,2.412886,0.7573046,0.9716569,2.430834,0.7764252,0.8462985,2.288394,0.6249964,0.8646716,2.363296,0.587075,0.837923,2.379096,0.6302718,0.6945873,2.467806,0.6500318,0.4465278,2.379748,0.4654717,0.4955882,2.577529,0.701372,0.7162108,2.437003,0.6741206,0.9562874,2.34063,0.6936493,0.5681918,2.355361,0.71372,1.022973,2.554163
72057594037937085,0,0.755979,5982.798,0.6716995,0.7082074,2.474838,0.6768197,1.162571,2.520322,0.6066769,0.941728,2.537673,0.5250463,0.7829424,2.487293,0.613606,0.8960319,2.412708,0.612449,0.8922644,2.412886,0.7573046,0.9716569,2.430834,0.7764252,0.8462985,2.288394,0.6249964,0.8646716,2.363296,0.587075,0.837923,2.379096,0.6302718,0.6945873,2.467806,0.6500318,0.4465278,2.379748,0.4654717,0.4955882,2.577529,0.701372,0.7162108,2.437003,0.6741206,0.9562874,2.34063,0.6936493,0.5681918,2.355361,0.71372,1.022973,2.554163
72057594037937085,0,0.7545279,5982.804,0.6707935,0.7078149,2.476921,0.6841904,1.158751,2.524387,0.6075932,0.9401961,2.538117,0.5289715,0.7876424,2.485126,0.6178036,0.9035026,2.425296,0.6545588,0.9243978,2.446757,0.7605757,0.9721025,2.428717,0.7767503,0.8463171,2.289376,0.5921817,0.8140585,2.38643,0.5462444,0.7953992,2.441976,0.6287261,0.6944351,2.473611,0.760128,0.5415179,2.303447,0.5935434,0.3786676,2.400602,0.7002754,0.7154199,2.437149,0.5134681,0.8524654,2.514217,0.6102011,0.5377417,2.409091,0.7194551,1.024505,2.554716
72057594037937085,0,0.7545279,5982.809,0.6707935,0.7078149,2.476921,0.6841904,1.158751,2.524387,0.6075932,0.9401961,2.538117,0.5289715,0.7876424,2.485126,0.6178036,0.9035026,2.425296,0.6545588,0.9243978,2.446757,0.7605757,0.9721025,2.428717,0.7767503,0.8463171,2.289376,0.5921817,0.8140585,2.38643,0.5462444,0.7953992,2.441976,0.6287261,0.6944351,2.473611,0.760128,0.5415179,2.303447,0.5935434,0.3786676,2.400602,0.7002754,0.7154199,2.437149,0.5134681,0.8524654,2.514217,0.6102011,0.5377417,2.409091,0.7194551,1.024505,2.554716
72057594037937085,0,0.7545279,5982.813,0.6707935,0.7078149,2.476921,0.6841904,1.158751,2.524387,0.6075932,0.9401961,2.538117,0.5289715,0.7876424,2.485126,0.6178036,0.9035026,2.425296,0.6545588,0.9243978,2.446757,0.7605757,0.9721025,2.428717,0.7767503,0.8463171,2.289376,0.5921817,0.8140585,2.38643,0.5462444,0.7953992,2.441976,0.6287261,0.6944351,2.473611,0.760128,0.5415179,2.303447,0.5935434,0.3786676,2.400602,0.7002754,0.7154199,2.437149,0.5134681,0.8524654,2.514217,0.6102011,0.5377417,2.409091,0.7194551,1.024505,2.554716
72057594037937085,0,0.7545279,5982.817,0.6707935,0.7078149,2.476921,0.6841904,1.158751,2.524387,0.6075932,0.9401961,2.538117,0.5289715,0.7876424,2.485126,0.6178036,0.9035026,2.425296,0.6545588,0.9243978,2.446757,0.7605757,0.9721025,2.428717,0.7767503,0.8463171,2.289376,0.5921817,0.8140585,2.38643,0.5462444,0.7953992,2.441976,0.6287261,0.6944351,2.473611,0.760128,0.5415179,2.303447,0.5935434,0.3786676,2.400602,0.7002754,0.7154199,2.437149,0.5134681,0.8524654,2.514217,0.6102011,0.5377417,2.409091,0.7194551,1.024505,2.554716
72057594037937085,0,0.7545279,5982.821,0.6707935,0.7078149,2.476921,0.6841904,1.158751,2.524387,0.6075932,0.9401961,2.538117,0.5289715,0.7876424,2.485126,0.6178036,0.9035026,2.425296,0.6545588,0.9243978,2.446757,0.7605757,0.9721025,2.428717,0.7767503,0.8463171,2.289376,0.5921817,0.8140585,2.38643,0.5462444,0.7953992,2.441976,0.6287261,0.6944351,2.473611,0.760128,0.5415179,2.303447,0.5935434,0.3786676,2.400602,0.7002754,0.7154199,2.437149,0.5134681,0.8524654,2.514217,0.6102011,0.5377417,2.409091,0.7194551,1.024505,2.554716
72057594037937085,0,0.7545279,5982.825,0.6707935,0.7078149,2.476921,0.6841904,1.158751,2.524387,0.6075932,0.9401961,2.538117,0.5289715,0.7876424,2.485126,0.6178036,0.9035026,2.425296,0.6545588,0.9243978,2.446757,0.7605757,0.9721025,2.428717,0.7767503,0.8463171,2.289376,0.5921817,0.8140585,2.38643,0.5462444,0.7953992,2.441976,0.6287261,0.6944351,2.473611,0.760128,0.5415179,2.303447,0.5935434,0.3786676,2.400602,0.7002754,0.7154199,2.437149,0.5134681,0.8524654,2.514217,0.6102011,0.5377417,2.409091,0.7194551,1.024505,2.554716
72057594037937085,0,0.7545279,5982.829,0.6707935,0.7078149,2.476921,0.6841904,1.158751,2.524387,0.6075932,0.9401961,2.538117,0.5289715,0.7876424,2.485126,0.6178036,0.9035026,2.425296,0.6545588,0.9243978,2.446757,0.7605757,0.9721025,2.428717,0.7767503,0.8463171,2.289376,0.5921817,0.8140585,2.38643,0.5462444,0.7953992,2.441976,0.6287261,0.6944351,2.473611,0.760128,0.5415179,2.303447,0.5935434,0.3786676,2.400602,0.7002754,0.7154199,2.437149,0.5134681,0.8524654,2.514217,0.6102011,0.5377417,2.409091,0.7194551,1.024505,2.554716
72057594037937085,0,0.7545279,5982.834,0.6707935,0.7078149,2.476921,0.6841904,1.158751,2.524387,0.6075932,0.9401961,2.538117,0.5289715,0.7876424,2.485126,0.6178036,0.9035026,2.425296,0.6545588,0.9243978,2.446757,0.7605757,0.9721025,2.428717,0.7767503,0.8463171,2.289376,0.5921817,0.8140585,2.38643,0.5462444,0.7953992,2.441976,0.6287261,0.6944351,2.473611,0.760128,0.5415179,2.303447,0.5935434,0.3786676,2.400602,0.7002754,0.7154199,2.437149,0.5134681,0.8524654,2.514217,0.6102011,0.5377417,2.409091,0.7194551,1.024505,2.554716
72057594037937085,0,0.7513646,5982.839,0.6694673,0.7121283,2.479793,0.691936,1.157274,2.526533,0.6102419,0.9409741,2.538745,0.5480893,0.7702621,2.482108,0.6079793,0.9014328,2.4271,0.6491016,0.9219839,2.45031,0.7619573,0.9712771,2.426366,0.7993686,0.8915011,2.289893,0.6262678,0.8075813,2.363811,0.5884662,0.8002766,2.399457,0.6281987,0.7014977,2.476749,0.7288932,0.5132856,2.326133,0.5955427,0.3248041,2.408092,0.698768,0.7175327,2.438946,0.5013174,0.841094,2.509044,0.6228737,0.5499673,2.394362,0.7247996,1.025368,2.555022
72057594037937085,0,0.7513646,5982.844,0.6694673,0.7121283,2.479793,0.691936,1.157274,2.526533,0.6102419,0.9409741,2.538745,0.5480893,0.7702621,2.482108,0.6079793,0.9014328,2.4271,0.6491016,0.9219839,2.45031,0.7619573,0.9712771,2.426366,0.7993686,0.8915011,2.289893,0.6262678,0.8075813,2.363811,0.5884662,0.8002766,2.399457,0.6281987,0.7014977,2.476749,0.7288932,0.5132856,2.326133,0.5955427,0.3248041,2.408092,0.698768,0.7175327,2.438946,0.5013174,0.841094,2.509044,0.6228737,0.5499673,2.394362,0.7247996,1.025368,2.555022
72057594037937085,0,0.7513646,5982.848,0.6694673,0.7121283,2.479793,0.691936,1.157274,2.526533,0.6102419,0.9409741,2.538745,0.5480893,0.7702621,2.482108,0.6079793,0.9014328,2.4271,0.6491016,0.9219839,2.45031,0.7619573,0.9712771,2.426366,0.7993686,0.8915011,2.289893,0.6262678,0.8075813,2.363811,0.5884662,0.8002766,2.399457,0.6281987,0.7014977,2.476749,0.7288932,0.5132856,2.326133,0.5955427,0.3248041,2.408092,0.698768,0.7175327,2.438946,0.5013174,0.841094,2.509044,0.6228737,0.5499673,2.394362,0.7247996,1.025368,2.555022
72057594037937085,0,0.7513646,5982.852,0.6694673,0.7121283,2.479793,0.691936,1.157274,2.526533,0.6102419,0.9409741,2.538745,0.5480893,0.7702621,2.482108,0.6079793,0.9014328,2.4271,0.6491016,0.9219839,2.45031,0.7619573,0.9712771,2.426366,0.7993686,0.8915011,2.289893,0.6262678,0.8075813,2.363811,0.5884662,0.8002766,2.399457,0.6281987,0.7014977,2.476749,0.7288932,0.5132856,2.326133,0.5955427,0.3248041,2.408092,0.698768,0.7175327,2.438946,0.5013174,0.841094,2.509044,0.6228737,0.5499673,2.394362,0.7247996,1.025368,2.555022
72057594037937085,0,0.7513646,5982.856,0.6694673,0.7121283,2.479793,0.691936,1.157274,2.526533,0.6102419,0.9409741,2.538745,0.5480893,0.7702621,2.482108,0.6079793,0.9014328,2.4271,0.6491016,0.9219839,2.45031,0.7619573,0.9712771,2.426366,0.7993686,0.8915011,2.289893,0.6262678,0.8075813,2.363811,0.5884662,0.8002766,2.399457,0.6281987,0.7014977,2.476749,0.7288932,0.5132856,2.326133,0.5955427,0.3248041,2.408092,0.698768,0.7175327,2.438946,0.5013174,0.841094,2.509044,0.6228737,0.5499673,2.394362,0.7247996,1.025368,2.555022
72057594037937085,0,0.7513646,5982.86,0.6694673,0.7121283,2.479793,0.691936,1.157274,2.526533,0.6102419,0.9409741,2.538745,0.5480893,0.7702621,2.482108,0.6079793,0.9014328,2.4271,0.6491016,0.9219839,2.45031,0.7619573,0.9712771,2.426366,0.7993686,0.8915011,2.289893,0.6262678,0.8075813,2.363811,0.5884662,0.8002766,2.399457,0.6281987,0.7014977,2.476749,0.7288932,0.5132856,2.326133,0.5955427,0.3248041,2.408092,0.698768,0.7175327,2.438946,0.5013174,0.841094,2.509044,0.6228737,0.5499673,2.394362,0.7247996,1.025368,2.555022
72057594037937085,0,0.7513646,5982.865,0.6694673,0.7121283,2.479793,0.691936,1.157274,2.526533,0.6102419,0.9409741,2.538745,0.5480893,0.7702621,2.482108,0.6079793,0.9014328,2.4271,0.6491016,0.9219839,2.45031,0.7619573,0.9712771,2.426366,0.7993686,0.8915011,2.289893,0.6262678,0.8075813,2.363811,0.5884662,0.8002766,2.399457,0.6281987,0.7014977,2.476749,0.7288932,0.5132856,2.326133,0.5955427,0.3248041,2.408092,0.698768,0.7175327,2.438946,0.5013174,0.841094,2.509044,0.6228737,0.5499673,2.394362,0.7247996,1.025368,2.555022
72057594037937085,0,0.7531621,5982.87,0.6715995,0.7127603,2.479824,0.6955301,1.16179,2.524031,0.6201258,0.9465507,2.544539,0.5762702,0.7701446,2.457473,0.6167766,0.9131065,2.414947,0.6505612,0.9042879,2.403065,0.7685687,0.968216,2.418274,0.7937205,0.8162752,2.320084,0.5965702,0.808219,2.387276,0.5623851,0.7904867,2.439086,0.6329498,0.7041609,2.475334,0.680223,0.4687869,2.361361,0.5890435,0.2525172,2.400844,0.699616,0.7171872,2.439292,0.4963561,0.844918,2.508596,0.6136955,0.5621523,2.399089,0.7345188,1.026594,2.552609
72057594037937085,0,0.7531621,5982.874,0.6715995,0.7127603,2.479824,0.6955301,1.16179,2.524031,0.6201258,0.9465507,2.544539,0.5762702,0.7701446,2.457473,0.6167766,0.9131065,2.414947,0.6505612,0.9042879,2.403065,0.7685687,0.968216,2.418274,0.7937205,0.8162752,2.320084,0.5965702,0.808219,2.387276,0.5623851,0.7904867,2.439086,0.6329498,0.7041609,2.475334,0.680223,0.4687869,2.361361,0.5890435,0.2525172,2.400844,0.699616,0.7171872,2.439292,0.4963561,0.844918,2.508596,0.6136955,0.5621523,2.399089,0.7345188,1.026594,2.552609
72057594037937085,0,0.7531621,5982.879,0.6715995,0.7127603,2.479824,0.6955301,1.16179,2.524031,0.6201258,0.9465507,2.544539,0.5762702,0.7701446,2.457473,0.6167766,0.9131065,2.414947,0.6505612,0.9042879,2.403065,0.7685687,0.968216,2.418274,0.7937205,0.8162752,2.320084,0.5965702,0.808219,2.387276,0.5623851,0.7904867,2.439086,0.6329498,0.7041609,2.475334,0.680223,0.4687869,2.361361,0.5890435,0.2525172,2.400844,0.699616,0.7171872,2.439292,0.4963561,0.844918,2.508596,0.6136955,0.5621523,2.399089,0.7345188,1.026594,2.552609
72057594037937085,0,0.7531621,5982.884,0.6715995,0.7127603,2.479824,0.6955301,1.16179,2.524031,0.6201258,0.9465507,2.544539,0.5762702,0.7701446,2.457473,0.6167766,0.9131065,2.414947,0.6505612,0.9042879,2.403065,0.7685687,0.968216,2.418274,0.7937205,0.8162752,2.320084,0.5965702,0.808219,2.387276,0.5623851,0.7904867,2.439086,0.6329498,0.7041609,2.475334,0.680223,0.4687869,2.361361,0.5890435,0.2525172,2.400844,0.699616,0.7171872,2.439292,0.4963561,0.844918,2.508596,0.6136955,0.5621523,2.399089,0.7345188,1.026594,2.552609
72057594037937085,0,0.7531621,5982.889,0.6715995,0.7127603,2.479824,0.6955301,1.16179,2.524031,0.6201258,0.9465507,2.544539,0.5762702,0.7701446,2.457473,0.6167766,0.9131065,2.414947,0.6505612,0.9042879,2.403065,0.7685687,0.968216,2.418274,0.7937205,0.8162752,2.320084,0.5965702,0.808219,2.387276,0.5623851,0.7904867,2.439086,0.6329498,0.7041609,2.475334,0.680223,0.4687869,2.361361,0.5890435,0.2525172,2.400844,0.699616,0.7171872,2.439292,0.4963561,0.844918,2.508596,0.6136955,0.5621523,2.399089,0.7345188,1.026594,2.552609
72057594037937085,0,0.7531621,5982.894,0.6715995,0.7127603,2.479824,0.6955301,1.16179,2.524031,0.6201258,0.9465507,2.544539,0.5762702,0.7701446,2.457473,0.6167766,0.9131065,2.414947,0.6505612,0.9042879,2.403065,0.7685687,0.968216,2.418274,0.7937205,0.8162752,2.320084,0.5965702,0.808219,2.387276,0.5623851,0.7904867,2.439086,0.6329498,0.7041609,2.475334,0.680223,0.4687869,2.361361,0.5890435,0.2525172,2.400844,0.699616,0.7171872,2.439292,0.4963561,0.844918,2.508596,0.6136955,0.5621523,2.399089,0.7345188,1.026594,2.552609
72057594037937085,0,0.7531621,5982.898,0.6715995,0.7127603,2.479824,0.6955301,1.16179,2.524031,0.6201258,0.9465507,2.544539,0.5762702,0.7701446,2.457473,0.6167766,0.9131065,2.414947,0.6505612,0.9042879,2.403065,0.7685687,0.968216,2.418274,0.7937205,0.8162752,2.320084,0.5965702,0.808219,2.387276,0.5623851,0.7904867,2.439086,0.6329498,0.7041609,2.475334,0.680223,0.4687869,2.361361,0.5890435,0.2525172,2.400844,0.699616,0.7171872,2.439292,0.4963561,0.844918,2.508596,0.6136955,0.5621523,2.399089,0.7345188,1.026594,2.552609
72057594037937085,0,0.7588509,5982.903,0.6778715,0.7151686,2.478409,0.7055609,1.161436,2.525937,0.6257075,0.9462625,2.545178,0.5770304,0.768988,2.457838,0.6180868,0.9173023,2.437568,0.6602897,0.9187651,2.447461,0.7736317,0.9690081,2.416528,0.7692125,0.7921623,2.325087,0.6240969,0.85074,2.337164,0.5944728,0.8321106,2.378658,0.6395556,0.7066998,2.474043,0.6746466,0.4714395,2.364432,0.598173,0.2554301,2.40695,0.7045757,0.7186862,2.437694,0.5074201,0.8500297,2.50399,0.6315385,0.5785177,2.392054,0.7412447,1.027498,2.552615
72057594037937085,0,0.7588509,5982.908,0.6778715,0.7151686,2.478409,0.7055609,1.161436,2.525937,0.6257075,0.9462625,2.545178,0.5770304,0.768988,2.457838,0.6180868,0.9173023,2.437568,0.6602897,0.9187651,2.447461,0.7736317,0.9690081,2.416528,0.7692125,0.7921623,2.325087,0.6240969,0.85074,2.337164,0.5944728,0.8321106,2.378658,0.6395556,0.7066998,2.474043,0.6746466,0.4714395,2.364432,0.598173,0.2554301,2.40695,0.7045757,0.7186862,2.437694,0.5074201,0.8500297,2.50399,0.6315385,0.5785177,2.392054,0.7412447,1.027498,2.552615
72057594037937085,0,0.7588509,5982.913,0.6778715,0.7151686,2.478409,0.7055609,1.161436,2.525937,0.6257075,0.9462625,2.545178,0.5770304,0.768988,2.457838,0.6180868,0.9173023,2.437568,0.6602897,0.9187651,2.447461,0.7736317,0.9690081,2.416528,0.7692125,0.7921623,2.325087,0.6240969,0.85074,2.337164,0.5944728,0.8321106,2.378658,0.6395556,0.7066998,2.474043,0.6746466,0.4714395,2.364432,0.598173,0.2554301,2.40695,0.7045757,0.7186862,2.437694,0.5074201,0.8500297,2.50399,0.6315385,0.5785177,2.392054,0.7412447,1.027498,2.552615
72057594037937085,0,0.7588509,5982.917,0.6778715,0.7151686,2.478409,0.7055609,1.161436,2.525937,0.6257075,0.9462625,2.545178,0.5770304,0.768988,2.457838,0.6180868,0.9173023,2.437568,0.6602897,0.9187651,2.447461,0.7736317,0.9690081,2.416528,0.7692125,0.7921623,2.325087,0.6240969,0.85074,2.337164,0.5944728,0.8321106,2.378658,0.6395556,0.7066998,2.474043,0.6746466,0.4714395,2.364432,0.598173,0.2554301,2.40695,0.7045757,0.7186862,2.437694,0.5074201,0.8500297,2.50399,0.6315385,0.5785177,2.392054,0.7412447,1.027498,2.552615
72057594037937085,0,0.7588509,5982.922,0.6778715,0.7151686,2.478409,0.7055609,1.161436,2.525937,0.6257075,0.9462625,2.545178,0.5770304,0.768988,2.457838,0.6180868,0.9173023,2.437568,0.6602897,0.9187651,2.447461,0.7736317,0.9690081,2.416528,0.7692125,0.7921623,2.325087,0.6240969,0.85074,2.337164,0.5944728,0.8321106,2.378658,0.6395556,0.7066998,2.474043,0.6746466,0.4714395,2.364432,0.598173,0.2554301,2.40695,0.7045757,0.7186862,2.437694,0.5074201,0.8500297,2.50399,0.6315385,0.5785177,2.392054,0.7412447,1.027498,2.552615
72057594037937085,0,0.7588509,5982.927,0.6778715,0.7151686,2.478409,0.7055609,1.161436,2.525937,0.6257075,0.9462625,2.545178,0.5770304,0.768988,2.457838,0.6180868,0.9173023,2.437568,0.6602897,0.9187651,2.447461,0.7736317,0.9690081,2.416528,0.7692125,0.7921623,2.325087,0.6240969,0.85074,2.337164,0.5944728,0.8321106,2.378658,0.6395556,0.7066998,2.474043,0.6746466,0.4714395,2.364432,0.598173,0.2554301,2.40695,0.7045757,0.7186862,2.437694,0.5074201,0.8500297,2.50399,0.6315385,0.5785177,2.392054,0.7412447,1.027498,2.552615
72057594037937085,0,0.7588509,5982.932,0.6778715,0.7151686,2.478409,0.7055609,1.161436,2.525937,0.6257075,0.9462625,2.545178,0.5770304,0.768988,2.457838,0.6180868,0.9173023,2.437568,0.6602897,0.9187651,2.447461,0.7736317,0.9690081,2.416528,0.7692125,0.7921623,2.325087,0.6240969,0.85074,2.337164,0.5944728,0.8321106,2.378658,0.6395556,0.7066998,2.474043,0.6746466,0.4714395,2.364432,0.598173,0.2554301,2.40695,0.7045757,0.7186862,2.437694,0.5074201,0.8500297,2.50399,0.6315385,0.5785177,2.392054,0.7412447,1.027498,2.552615
72057594037937085,0,0.7609701,5982.937,0.6803733,0.7164467,2.478103,0.7150111,1.161796,2.5257,0.6281735,0.9482282,2.543437,0.5526918,0.7976297,2.471494,0.5623259,0.9512333,2.480661,0.633515,0.9429612,2.502604,0.777552,0.9682081,2.417179,0.7643423,0.7884415,2.326169,0.5781139,0.8073229,2.404997,0.5551632,0.7969528,2.453724,0.6417435,0.7087975,2.472501,0.6829252,0.4758785,2.364392,0.5600439,0.3568021,2.50759,0.7076377,0.7191169,2.438345,0.5116546,0.8513975,2.501267,0.6323923,0.5869144,2.393143,0.7466195,1.028065,2.552104
72057594037937085,0,0.7609701,5982.941,0.6803733,0.7164467,2.478103,0.7150111,1.161796,2.5257,0.6281735,0.9482282,2.543437,0.5526918,0.7976297,2.471494,0.5623259,0.9512333,2.480661,0.633515,0.9429612,2.502604,0.777552,0.9682081,2.417179,0.7643423,0.7884415,2.326169,0.5781139,0.8073229,2.404997,0.5551632,0.7969528,2.453724,0.6417435,0.7087975,2.472501,0.6829252,0.4758785,2.364392,0.5600439,0.3568021,2.50759,0.7076377,0.7191169,2.438345,0.5116546,0.8513975,2.501267,0.6323923,0.5869144,2.393143,0.7466195,1.028065,2.552104
72057594037937085,0,0.7609701,5982.946,0.6803733,0.7164467,2.478103,0.7150111,1.161796,2.5257,0.6281735,0.9482282,2.543437,0.5526918,0.7976297,2.471494,0.5623259,0.9512333,2.480661,0.633515,0.9429612,2.502604,0.777552,0.9682081,2.417179,0.7643423,0.7884415,2.326169,0.5781139,0.8073229,2.404997,0.5551632,0.7969528,2.453724,0.6417435,0.7087975,2.472501,0.6829252,0.4758785,2.364392,0.5600439,0.3568021,2.50759,0.7076377,0.7191169,2.438345,0.5116546,0.8513975,2.501267,0.6323923,0.5869144,2.393143,0.7466195,1.028065,2.552104
72057594037937085,0,0.7609701,5982.95,0.6803733,0.7164467,2.478103,0.7150111,1.161796,2.5257,0.6281735,0.9482282,2.543437,0.5526918,0.7976297,2.471494,0.5623259,0.9512333,2.480661,0.633515,0.9429612,2.502604,0.777552,0.9682081,2.417179,0.7643423,0.7884415,2.326169,0.5781139,0.8073229,2.404997,0.5551632,0.7969528,2.453724,0.6417435,0.7087975,2.472501,0.6829252,0.4758785,2.364392,0.5600439,0.3568021,2.50759,0.7076377,0.7191169,2.438345,0.5116546,0.8513975,2.501267,0.6323923,0.5869144,2.393143,0.7466195,1.028065,2.552104
72057594037937085,0,0.7609701,5982.955,0.6803733,0.7164467,2.478103,0.7150111,1.161796,2.5257,0.6281735,0.9482282,2.543437,0.5526918,0.7976297,2.471494,0.5623259,0.9512333,2.480661,0.633515,0.9429612,2.502604,0.777552,0.9682081,2.417179,0.7643423,0.7884415,2.326169,0.5781139,0.8073229,2.404997,0.5551632,0.7969528,2.453724,0.6417435,0.7087975,2.472501,0.6829252,0.4758785,2.364392,0.5600439,0.3568021,2.50759,0.7076377,0.7191169,2.438345,0.5116546,0.8513975,2.501267,0.6323923,0.5869144,2.393143,0.7466195,1.028065,2.552104
72057594037937085,0,0.7609701,5982.958,0.6803733,0.7164467,2.478103,0.7150111,1.161796,2.5257,0.6281735,0.9482282,2.543437,0.5526918,0.7976297,2.471494,0.5623259,0.9512333,2.480661,0.633515,0.9429612,2.502604,0.777552,0.9682081,2.417179,0.7643423,0.7884415,2.326169,0.5781139,0.8073229,2.404997,0.5551632,0.7969528,2.453724,0.6417435,0.7087975,2.472501,0.6829252,0.4758785,2.364392,0.5600439,0.3568021,2.50759,0.7076377,0.7191169,2.438345,0.5116546,0.8513975,2.501267,0.6323923,0.5869144,2.393143,0.7466195,1.028065,2.552104
72057594037937085,0,0.7609701,5982.963,0.6803733,0.7164467,2.478103,0.7150111,1.161796,2.5257,0.6281735,0.9482282,2.543437,0.5526918,0.7976297,2.471494,0.5623259,0.9512333,2.480661,0.633515,0.9429612,2.502604,0.777552,0.9682081,2.417179,0.7643423,0.7884415,2.326169,0.5781139,0.8073229,2.404997,0.5551632,0.7969528,2.453724,0.6417435,0.7087975,2.472501,0.6829252,0.4758785,2.364392,0.5600439,0.3568021,2.50759,0.7076377,0.7191169,2.438345,0.5116546,0.8513975,2.501267,0.6323923,0.5869144,2.393143,0.7466195,1.028065,2.552104
72057594037937085,0,0.7609701,5982.967,0.6803733,0.7164467,2.478103,0.7150111,1.161796,2.5257,0.6281735,0.9482282,2.543437,0.5526918,0.7976297,2.471494,0.5623259,0.9512333,2.480661,0.633515,0.9429612,2.502604,0.777552,0.9682081,2.417179,0.7643423,0.7884415,2.326169,0.5781139,0.8073229,2.404997,0.5551632,0.7969528,2.453724,0.6417435,0.7087975,2.472501,0.6829252,0.4758785,2.364392,0.5600439,0.3568021,2.50759,0.7076377,0.7191169,2.438345,0.5116546,0.8513975,2.501267,0.6323923,0.5869144,2.393143,0.7466195,1.028065,2.552104
72057594037937085,0,0.7660766,5982.972,0.6860274,0.7179028,2.477415,0.7227368,1.161234,2.526112,0.6389899,0.9479694,2.539255,0.5524926,0.7996947,2.471466,0.5885834,0.9499896,2.477103,0.6486707,0.9486077,2.496554,0.783874,0.969265,2.4192,0.7712291,0.7832459,2.326982,0.5932161,0.7800434,2.438353,0.5644372,0.7871655,2.453234,0.6460834,0.7097882,2.472362,0.6812146,0.4865253,2.368459,0.5567805,0.3686788,2.504808,0.7141567,0.7206577,2.436902,0.5308866,0.8518721,2.496247,0.6438814,0.5897926,2.390655,0.7539882,1.029862,2.552311
72057594037937085,0,0.7660766,5982.976,0.6860274,0.7179028,2.477415,0.7227368,1.161234,2.526112,0.6389899,0.9479694,2.539255,0.5524926,0.7996947,2.471466,0.5885834,0.9499896,2.477103,0.6486707,0.9486077,2.496554,0.783874,0.969265,2.4192,0.7712291,0.7832459,2.326982,0.5932161,0.7800434,2.438353,0.5644372,0.7871655,2.453234,0.6460834,0.7097882,2.472362,0.6812146,0.4865253,2.368459,0.5567805,0.3686788,2.504808,0.7141567,0.7206577,2.436902,0.5308866,0.8518721,2.496247,0.6438814,0.5897926,2.390655,0.7539882,1.029862,2.552311
72057594037937085,0,0.7660766,5982.98,0.6860274,0.7179028,2.477415,0.7227368,1.161234,2.526112,0.6389899,0.9479694,2.539255,0.5524926,0.7996947,2.471466,0.5885834,0.9499896,2.477103,0.6486707,0.9486077,2.496554,0.783874,0.969265,2.4192,0.7712291,0.7832459,2.326982,0.5932161,0.7800434,2.438353,0.5644372,0.7871655,2.453234,0.6460834,0.7097882,2.472362,0.6812146,0.4865253,2.368459,0.5567805,0.3686788,2.504808,0.7141567,0.7206577,2.436902,0.5308866,0.8518721,2.496247,0.6438814,0.5897926,2.390655,0.7539882,1.029862,2.552311
72057594037937085,0,0.7660766,5982.985,0.6860274,0.7179028,2.477415,0.7227368,1.161234,2.526112,0.6389899,0.9479694,2.539255,0.5524926,0.7996947,2.471466,0.5885834,0.9499896,2.477103,0.6486707,0.9486077,2.496554,0.783874,0.969265,2.4192,0.7712291,0.7832459,2.326982,0.5932161,0.7800434,2.438353,0.5644372,0.7871655,2.453234,0.6460834,0.7097882,2.472362,0.6812146,0.4865253,2.368459,0.5567805,0.3686788,2.504808,0.7141567,0.7206577,2.436902,0.5308866,0.8518721,2.496247,0.6438814,0.5897926,2.390655,0.7539882,1.029862,2.552311
72057594037937085,0,0.7660766,5982.99,0.6860274,0.7179028,2.477415,0.7227368,1.161234,2.526112,0.6389899,0.9479694,2.539255,0.5524926,0.7996947,2.471466,0.5885834,0.9499896,2.477103,0.6486707,0.9486077,2.496554,0.783874,0.969265,2.4192,0.7712291,0.7832459,2.326982,0.5932161,0.7800434,2.438353,0.5644372,0.7871655,2.453234,0.6460834,0.7097882,2.472362,0.6812146,0.4865253,2.368459,0.5567805,0.3686788,2.504808,0.7141567,0.7206577,2.436902,0.5308866,0.8518721,2.496247,0.6438814,0.5897926,2.390655,0.7539882,1.029862,2.552311
72057594037937085,0,0.7660766,5982.994,0.6860274,0.7179028,2.477415,0.7227368,1.161234,2.526112,0.6389899,0.9479694,2.539255,0.5524926,0.7996947,2.471466,0.5885834,0.9499896,2.477103,0.6486707,0.9486077,2.496554,0.783874,0.969265,2.4192,0.7712291,0.7832459,2.326982,0.5932161,0.7800434,2.438353,0.5644372,0.7871655,2.453234,0.6460834,0.7097882,2.472362,0.6812146,0.4865253,2.368459,0.5567805,0.3686788,2.504808,0.7141567,0.7206577,2.436902,0.5308866,0.8518721,2.496247,0.6438814,0.5897926,2.390655,0.7539882,1.029862,2.552311
72057594037937085,0,0.7660766,5982.998,0.6860274,0.7179028,2.477415,0.7227368,1.161234,2.526112,0.6389899,0.9479694,2.539255,0.5524926,0.7996947,2.471466,0.5885834,0.9499896,2.477103,0.6486707,0.9486077,2.496554,0.783874,0.969265,2.4192,0.7712291,0.7832459,2.326982,0.5932161,0.7800434,2.438353,0.5644372,0.7871655,2.453234,0.6460834,0.7097882,2.472362,0.6812146,0.4865253,2.368459,0.5567805,0.3686788,2.504808,0.7141567,0.7206577,2.436902,0.5308866,0.8518721,2.496247,0.6438814,0.5897926,2.390655,0.7539882,1.029862,2.552311
72057594037937085,0,0.7708728,5983.003,0.6920828,0.7220038,2.477156,0.7310084,1.161609,2.527413,0.6415913,0.9495218,2.538082,0.5634781,0.8215736,2.464305,0.6260094,0.9418249,2.529262,0.6479453,0.9492307,2.518876,0.7996077,0.9676678,2.407981,0.7949375,0.7961428,2.312544,0.6105462,0.8052604,2.411083,0.5565237,0.8112946,2.453056,0.6538268,0.7161411,2.466478,0.6807879,0.4962568,2.376042,0.554451,0.3786789,2.503358,0.7203207,0.7237329,2.441341,0.53965,0.8479717,2.49263,0.6948053,0.6233128,2.373948,0.7625516,1.030373,2.5503
72057594037937085,0,0.7708728,5983.008,0.6920828,0.7220038,2.477156,0.7310084,1.161609,2.527413,0.6415913,0.9495218,2.538082,0.5634781,0.8215736,2.464305,0.6260094,0.9418249,2.529262,0.6479453,0.9492307,2.518876,0.7996077,0.9676678,2.407981,0.7949375,0.7961428,2.312544,0.6105462,0.8052604,2.411083,0.5565237,0.8112946,2.453056,0.6538268,0.7161411,2.466478,0.6807879,0.4962568,2.376042,0.554451,0.3786789,2.503358,0.7203207,0.7237329,2.441341,0.53965,0.8479717,2.49263,0.6948053,0.6233128,2.373948,0.7625516,1.030373,2.5503
72057594037937085,0,0.7708728,5983.013,0.6920828,0.7220038,2.477156,0.7310084,1.161609,2.527413,0.6415913,0.9495218,2.538082,0.5634781,0.8215736,2.464305,0.6260094,0.9418249,2.529262,0.6479453,0.9492307,2.518876,0.7996077,0.9676678,2.407981,0.7949375,0.7961428,2.312544,0.6105462,0.8052604,2.411083,0.5565237,0.8112946,2.453056,0.6538268,0.7161411,2.466478,0.6807879,0.4962568,2.376042,0.554451,0.3786789,2.503358,0.7203207,0.7237329,2.441341,0.53965,0.8479717,2.49263,0.6948053,0.6233128,2.373948,0.7625516,1.030373,2.5503
72057594037937085,0,0.7708728,5983.017,0.6920828,0.7220038,2.477156,0.7310084,1.161609,2.527413,0.6415913,0.9495218,2.538082,0.5634781,0.8215736,2.464305,0.6260094,0.9418249,2.529262,0.6479453,0.9492307,2.518876,0.7996077,0.9676678,2.407981,0.7949375,0.7961428,2.312544,0.6105462,0.8052604,2.411083,0.5565237,0.8112946,2.453056,0.6538268,0.7161411,2.466478,0.6807879,0.4962568,2.376042,0.554451,0.3786789,2.503358,0.7203207,0.7237329,2.441341,0.53965,0.8479717,2.49263,0.6948053,0.6233128,2.373948,0.7625516,1.030373,2.5503
72057594037937085,0,0.7708728,5983.021,0.6920828,0.7220038,2.477156,0.7310084,1.161609,2.527413,0.6415913,0.9495218,2.538082,0.5634781,0.8215736,2.464305,0.6260094,0.9418249,2.529262,0.6479453,0.9492307,2.518876,0.7996077,0.9676678,2.407981,0.7949375,0.7961428,2.312544,0.6105462,0.8052604,2.411083,0.5565237,0.8112946,2.453056,0.6538268,0.7161411,2.466478,0.6807879,0.4962568,2.376042,0.554451,0.3786789,2.503358,0.7203207,0.7237329,2.441341,0.53965,0.8479717,2.49263,0.6948053,0.6233128,2.373948,0.7625516,1.030373,2.5503
72057594037937085,0,0.7708728,5983.026,0.6920828,0.7220038,2.477156,0.7310084,1.161609,2.527413,0.6415913,0.9495218,2.538082,0.5634781,0.8215736,2.464305,0.6260094,0.9418249,2.529262,0.6479453,0.9492307,2.518876,0.7996077,0.9676678,2.407981,0.7949375,0.7961428,2.312544,0.6105462,0.8052604,2.411083,0.5565237,0.8112946,2.453056,0.6538268,0.7161411,2.466478,0.6807879,0.4962568,2.376042,0.554451,0.3786789,2.503358,0.7203207,0.7237329,2.441341,0.53965,0.8479717,2.49263,0.6948053,0.6233128,2.373948,0.7625516,1.030373,2.5503
72057594037937085,0,0.7708728,5983.031,0.6920828,0.7220038,2.477156,0.7310084,1.161609,2.527413,0.6415913,0.9495218,2.538082,0.5634781,0.8215736,2.464305,0.6260094,0.9418249,2.529262,0.6479453,0.9492307,2.518876,0.7996077,0.9676678,2.407981,0.7949375,0.7961428,2.312544,0.6105462,0.8052604,2.411083,0.5565237,0.8112946,2.453056,0.6538268,0.7161411,2.466478,0.6807879,0.4962568,2.376042,0.554451,0.3786789,2.503358,0.7203207,0.7237329,2.441341,0.53965,0.8479717,2.49263,0.6948053,0.6233128,2.373948,0.7625516,1.030373,2.5503
72057594037937085,0,0.7708728,5983.036,0.6920828,0.7220038,2.477156,0.7310084,1.161609,2.527413,0.6415913,0.9495218,2.538082,0.5634781,0.8215736,2.464305,0.6260094,0.9418249,2.529262,0.6479453,0.9492307,2.518876,0.7996077,0.9676678,2.407981,0.7949375,0.7961428,2.312544,0.6105462,0.8052604,2.411083,0.5565237,0.8112946,2.453056,0.6538268,0.7161411,2.466478,0.6807879,0.4962568,2.376042,0.554451,0.3786789,2.503358,0.7203207,0.7237329,2.441341,0.53965,0.8479717,2.49263,0.6948053,0.6233128,2.373948,0.7625516,1.030373,2.5503
72057594037937085,0,0.7814544,5983.04,0.7032005,0.7237168,2.475081,0.7407981,1.159185,2.528135,0.6411744,0.9493666,2.537181,0.567226,0.823375,2.462229,0.6377965,0.9585465,2.523084,0.6621184,0.9528567,2.513023,0.8017887,0.9677681,2.408806,0.7958426,0.7940463,2.314392,0.6154678,0.8149534,2.379554,0.593507,0.8240099,2.402774,0.662123,0.7179694,2.464929,0.6868313,0.5053581,2.373961,0.5565974,0.3838829,2.494507,0.7321309,0.7241451,2.439401,0.5499129,0.8394732,2.489683,0.7183284,0.6497426,2.383111,0.7717599,1.030313,2.551803
72057594037937085,0,0.7814544,5983.044,0.7032005,0.7237168,2.475081,0.7407981,1.159185,2.528135,0.6411744,0.9493666,2.537181,0.567226,0.823375,2.462229,0.6377965,0.9585465,2.523084,0.6621184,0.9528567,2.513023,0.8017887,0.9677681,2.408806,0.7958426,0.7940463,2.314392,0.6154678,0.8149534,2.379554,0.593507,0.8240099,2.402774,0.662123,0.7179694,2.464929,0.6868313,0.5053581,2.373961,0.5565974,0.3838829,2.494507,0.7321309,0.7241451,2.439401,0.5499129,0.8394732,2.489683,0.7183284,0.6497426,2.383111,0.7717599,1.030313,2.551803
72057594037937085,0,0.7814544,5983.048,0.7032005,0.7237168,2.475081,0.7407981,1.159185,2.528135,0.6411744,0.9493666,2.537181,0.567226,0.823375,2.462229,0.6377965,0.9585465,2.523084,0.6621184,0.9528567,2.513023,0.8017887,0.9677681,2.408806,0.7958426,0.7940463,2.314392,0.6154678,0.8149534,2.379554,0.593507,0.8240099,2.402774,0.662123,0.7179694,2.464929,0.6868313,0.5053581,2.373961,0.5565974,0.3838829,2.494507,0.7321309,0.7241451,2.439401,0.5499129,0.8394732,2.489683,0.7183284,0.6497426,2.383111,0.7717599,1.030313,2.551803
72057594037937085,0,0.7814544,5983.052,0.7032005,0.7237168,2.475081,0.7407981,1.159185,2.528135,0.6411744,0.9493666,2.537181,0.567226,0.823375,2.462229,0.6377965,0.9585465,2.523084,0.6621184,0.9528567,2.513023,0.8017887,0.9677681,2.408806,0.7958426,0.7940463,2.314392,0.6154678,0.8149534,2.379554,0.593507,0.8240099,2.402774,0.662123,0.7179694,2.464929,0.6868313,0.5053581,2.373961,0.5565974,0.3838829,2.494507,0.7321309,0.7241451,2.439401,0.5499129,0.8394732,2.489683,0.7183284,0.6497426,2.383111,0.7717599,1.030313,2.551803
72057594037937085,0,0.7814544,5983.057,0.7032005,0.7237168,2.475081,0.7407981,1.159185,2.528135,0.6411744,0.9493666,2.537181,0.567226,0.823375,2.462229,0.6377965,0.9585465,2.523084,0.6621184,0.9528567,2.513023,0.8017887,0.9677681,2.408806,0.7958426,0.7940463,2.314392,0.6154678,0.8149534,2.379554,0.593507,0.8240099,2.402774,0.662123,0.7179694,2.464929,0.6868313,0.5053581,2.373961,0.5565974,0.3838829,2.494507,0.7321309,0.7241451,2.439401,0.5499129,0.8394732,2.489683,0.7183284,0.6497426,2.383111,0.7717599,1.030313,2.551803
72057594037937085,0,0.7814544,5983.061,0.7032005,0.7237168,2.475081,0.7407981,1.159185,2.528135,0.6411744,0.9493666,2.537181,0.567226,0.823375,2.462229,0.6377965,0.9585465,2.523084,0.6621184,0.9528567,2.513023,0.8017887,0.9677681,2.408806,0.7958426,0.7940463,2.314392,0.6154678,0.8149534,2.379554,0.593507,0.8240099,2.402774,0.662123,0.7179694,2.464929,0.6868313,0.5053581,2.373961,0.5565974,0.3838829,2.494507,0.7321309,0.7241451,2.439401,0.5499129,0.8394732,2.489683,0.7183284,0.6497426,2.383111,0.7717599,1.030313,2.551803
72057594037937085,0,0.7814544,5983.065,0.7032005,0.7237168,2.475081,0.7407981,1.159185,2.528135,0.6411744,0.9493666,2.537181,0.567226,0.823375,2.462229,0.6377965,0.9585465,2.523084,0.6621184,0.9528567,2.513023,0.8017887,0.9677681,2.408806,0.7958426,0.7940463,2.314392,0.6154678,0.8149534,2.379554,0.593507,0.8240099,2.402774,0.662123,0.7179694,2.464929,0.6868313,0.5053581,2.373961,0.5565974,0.3838829,2.494507,0.7321309,0.7241451,2.439401,0.5499129,0.8394732,2.489683,0.7183284,0.6497426,2.383111,0.7717599,1.030313,2.551803
72057594037937085,0,0.7909956,5983.07,0.7143129,0.7292577,2.473979,0.7502796,1.161789,2.528567,0.6484069,0.9507859,2.536911,0.5698858,0.8323593,2.452705,0.6390429,0.9608862,2.523273,0.6592613,0.9507866,2.52101,0.8055414,0.9682898,2.41587,0.8053957,0.7959343,2.312583,0.6257973,0.8132744,2.414378,0.5622386,0.8258909,2.451903,0.6716397,0.7234813,2.464564,0.7051139,0.5133522,2.369035,0.5649502,0.3889917,2.475795,0.7444199,0.729113,2.437777,0.702006,0.9301134,2.333182,0.7221706,0.6494559,2.381384,0.7796511,1.032666,2.551185
72057594037937085,0,0.7909956,5983.074,0.7143129,0.7292577,2.473979,0.7502796,1.161789,2.528567,0.6484069,0.9507859,2.536911,0.5698858,0.8323593,2.452705,0.6390429,0.9608862,2.523273,0.6592613,0.9507866,2.52101,0.8055414,0.9682898,2.41587,0.8053957,0.7959343,2.312583,0.6257973,0.8132744,2.414378,0.5622386,0.8258909,2.451903,0.6716397,0.7234813,2.464564,0.7051139,0.5133522,2.369035,0.5649502,0.3889917,2.475795,0.7444199,0.729113,2.437777,0.702006,0.9301134,2.333182,0.7221706,0.6494559,2.381384,0.7796511,1.032666,2.551185
72057594037937085,0,0.7909956,5983.079,0.7143129,0.7292577,2.473979,0.7502796,1.161789,2.528567,0.6484069,0.9507859,2.536911,0.5698858,0.8323593,2.452705,0.6390429,0.9608862,2.523273,0.6592613,0.9507866,2.52101,0.8055414,0.9682898,2.41587,0.8053957,0.7959343,2.312583,0.6257973,0.8132744,2.414378,0.5622386,0.8258909,2.451903,0.6716397,0.7234813,2.464564,0.7051139,0.5133522,2.369035,0.5649502,0.3889917,2.475795,0.7444199,0.729113,2.437777,0.702006,0.9301134,2.333182,0.7221706,0.6494559,2.381384,0.7796511,1.032666,2.551185
72057594037937085,0,0.7909956,5983.083,0.7143129,0.7292577,2.473979,0.7502796,1.161789,2.528567,0.6484069,0.9507859,2.536911,0.5698858,0.8323593,2.452705,0.6390429,0.9608862,2.523273,0.6592613,0.9507866,2.52101,0.8055414,0.9682898,2.41587,0.8053957,0.7959343,2.312583,0.6257973,0.8132744,2.414378,0.5622386,0.8258909,2.451903,0.6716397,0.7234813,2.464564,0.7051139,0.5133522,2.369035,0.5649502,0.3889917,2.475795,0.7444199,0.729113,2.437777,0.702006,0.9301134,2.333182,0.7221706,0.6494559,2.381384,0.7796511,1.032666,2.551185
72057594037937085,0,0.7909956,5983.088,0.7143129,0.7292577,2.473979,0.7502796,1.161789,2.528567,0.6484069,0.9507859,2.536911,0.5698858,0.8323593,2.452705,0.6390429,0.9608862,2.523273,0.6592613,0.9507866,2.52101,0.8055414,0.9682898,2.41587,0.8053957,0.7959343,2.312583,0.6257973,0.8132744,2.414378,0.5622386,0.8258909,2.451903,0.6716397,0.7234813,2.464564,0.7051139,0.5133522,2.369035,0.5649502,0.3889917,2.475795,0.7444199,0.729113,2.437777,0.702006,0.9301134,2.333182,0.7221706,0.6494559,2.381384,0.7796511,1.032666,2.551185
72057594037937085,0,0.7909956,5983.092,0.7143129,0.7292577,2.473979,0.7502796,1.161789,2.528567,0.6484069,0.9507859,2.536911,0.5698858,0.8323593,2.452705,0.6390429,0.9608862,2.523273,0.6592613,0.9507866,2.52101,0.8055414,0.9682898,2.41587,0.8053957,0.7959343,2.312583,0.6257973,0.8132744,2.414378,0.5622386,0.8258909,2.451903,0.6716397,0.7234813,2.464564,0.7051139,0.5133522,2.369035,0.5649502,0.3889917,2.475795,0.7444199,0.729113,2.437777,0.702006,0.9301134,2.333182,0.7221706,0.6494559,2.381384,0.7796511,1.032666,2.551185
72057594037937085,0,0.7909956,5983.096,0.7143129,0.7292577,2.473979,0.7502796,1.161789,2.528567,0.6484069,0.9507859,2.536911,0.5698858,0.8323593,2.452705,0.6390429,0.9608862,2.523273,0.6592613,0.9507866,2.52101,0.8055414,0.9682898,2.41587,0.8053957,0.7959343,2.312583,0.6257973,0.8132744,2.414378,0.5622386,0.8258909,2.451903,0.6716397,0.7234813,2.464564,0.7051139,0.5133522,2.369035,0.5649502,0.3889917,2.475795,0.7444199,0.729113,2.437777,0.702006,0.9301134,2.333182,0.7221706,0.6494559,2.381384,0.7796511,1.032666,2.551185
72057594037937085,0,0.7909956,5983.101,0.7143129,0.7292577,2.473979,0.7502796,1.161789,2.528567,0.6484069,0.9507859,2.536911,0.5698858,0.8323593,2.452705,0.6390429,0.9608862,2.523273,0.6592613,0.9507866,2.52101,0.8055414,0.9682898,2.41587,0.8053957,0.7959343,2.312583,0.6257973,0.8132744,2.414378,0.5622386,0.8258909,2.451903,0.6716397,0.7234813,2.464564,0.7051139,0.5133522,2.369035,0.5649502,0.3889917,2.475795,0.7444199,0.729113,2.437777,0.702006,0.9301134,2.333182,0.7221706,0.6494559,2.381384,0.7796511,1.032666,2.551185
72057594037937085,0,0.7968819,5983.106,0.7216403,0.7332438,2.474436,0.7561042,1.162767,2.525268,0.6584719,0.9533953,2.538423,0.5772924,0.8312565,2.448097,0.6477538,0.9632737,2.513535,0.6669261,0.9528534,2.51627,0.8211382,0.9515213,2.375079,0.8085988,0.7943144,2.31298,0.6246235,0.8110539,2.403907,0.5908459,0.8193358,2.431044,0.6852928,0.7337376,2.462268,0.7053908,0.5177532,2.371236,0.5716707,0.3821947,2.475762,0.7480072,0.7295939,2.439725,0.701466,0.9310248,2.332439,0.7489092,0.6008543,2.355634,0.7846205,1.031699,2.549817
72057594037937085,0,0.7968819,5983.109,0.7216403,0.7332438,2.474436,0.7561042,1.162767,2.525268,0.6584719,0.9533953,2.538423,0.5772924,0.8312565,2.448097,0.6477538,0.9632737,2.513535,0.6669261,0.9528534,2.51627,0.8211382,0.9515213,2.375079,0.8085988,0.7943144,2.31298,0.6246235,0.8110539,2.403907,0.5908459,0.8193358,2.431044,0.6852928,0.7337376,2.462268,0.7053908,0.5177532,2.371236,0.5716707,0.3821947,2.475762,0.7480072,0.7295939,2.439725,0.701466,0.9310248,2.332439,0.7489092,0.6008543,2.355634,0.7846205,1.031699,2.549817
72057594037937085,0,0.7968819,5983.112,0.7216403,0.7332438,2.474436,0.7561042,1.162767,2.525268,0.6584719,0.9533953,2.538423,0.5772924,0.8312565,2.448097,0.6477538,0.9632737,2.513535,0.6669261,0.9528534,2.51627,0.8211382,0.9515213,2.375079,0.8085988,0.7943144,2.31298,0.6246235,0.8110539,2.403907,0.5908459,0.8193358,2.431044,0.6852928,0.7337376,2.462268,0.7053908,0.5177532,2.371236,0.5716707,0.3821947,2.475762,0.7480072,0.7295939,2.439725,0.701466,0.9310248,2.332439,0.7489092,0.6008543,2.355634,0.7846205,1.031699,2.549817
72057594037937085,0,0.7968819,5983.115,0.7216403,0.7332438,2.474436,0.7561042,1.162767,2.525268,0.6584719,0.9533953,2.538423,0.5772924,0.8312565,2.448097,0.6477538,0.9632737,2.513535,0.6669261,0.9528534,2.51627,0.8211382,0.9515213,2.375079,0.8085988,0.7943144,2.31298,0.6246235,0.8110539,2.403907,0.5908459,0.8193358,2.431044,0.6852928,0.7337376,2.462268,0.7053908,0.5177532,2.371236,0.5716707,0.3821947,2.475762,0.7480072,0.7295939,2.439725,0.701466,0.9310248,2.332439,0.7489092,0.6008543,2.355634,0.7846205,1.031699,2.549817
72057594037937085,0,0.7968819,5983.118,0.7216403,0.7332438,2.474436,0.7561042,1.162767,2.525268,0.6584719,0.9533953,2.538423,0.5772924,0.8312565,2.448097,0.6477538,0.9632737,2.513535,0.6669261,0.9528534,2.51627,0.8211382,0.9515213,2.375079,0.8085988,0.7943144,2.31298,0.6246235,0.8110539,2.403907,0.5908459,0.8193358,2.431044,0.6852928,0.7337376,2.462268,0.7053908,0.5177532,2.371236,0.5716707,0.3821947,2.475762,0.7480072,0.7295939,2.439725,0.701466,0.9310248,2.332439,0.7489092,0.6008543,2.355634,0.7846205,1.031699,2.549817
72057594037937085,0,0.7968819,5983.121,0.7216403,0.7332438,2.474436,0.7561042,1.162767,2.525268,0.6584719,0.9533953,2.538423,0.5772924,0.8312565,2.448097,0.6477538,0.9632737,2.513535,0.6669261,0.9528534,2.51627,0.8211382,0.9515213,2.375079,0.8085988,0.7943144,2.31298,0.6246235,0.8110539,2.403907,0.5908459,0.8193358,2.431044,0.6852928,0.7337376,2.462268,0.7053908,0.5177532,2.371236,0.5716707,0.3821947,2.475762,0.7480072,0.7295939,2.439725,0.701466,0.9310248,2.332439,0.7489092,0.6008543,2.355634,0.7846205,1.031699,2.549817
72057594037937085,0,0.7968819,5983.124,0.7216403,0.7332438,2.474436,0.7561042,1.162767,2.525268,0.6584719,0.9533953,2.538423,0.5772924,0.8312565,2.448097,0.6477538,0.9632737,2.513535,0.6669261,0.9528534,2.51627,0.8211382,0.9515213,2.375079,0.8085988,0.7943144,2.31298,0.6246235,0.8110539,2.403907,0.5908459,0.8193358,2.431044,0.6852928,0.7337376,2.462268,0.7053908,0.5177532,2.371236,0.5716707,0.3821947,2.475762,0.7480072,0.7295939,2.439725,0.701466,0.9310248,2.332439,0.7489092,0.6008543,2.355634,0.7846205,1.031699,2.549817
72057594037937085,0,0.7968819,5983.128,0.7216403,0.7332438,2.474436,0.7561042,1.162767,2.525268,0.6584719,0.9533953,2.538423,0.5772924,0.8312565,2.448097,0.6477538,0.9632737,2.513535,0.6669261,0.9528534,2.51627,0.8211382,0.9515213,2.375079,0.8085988,0.7943144,2.31298,0.6246235,0.8110539,2.403907,0.5908459,0.8193358,2.431044,0.6852928,0.7337376,2.462268,0.7053908,0.5177532,2.371236,0.5716707,0.3821947,2.475762,0.7480072,0.7295939,2.439725,0.701466,0.9310248,2.332439,0.7489092,0.6008543,2.355634,0.7846205,1.031699,2.549817
72057594037937085,0,0.7968819,5983.13,0.7216403,0.7332438,2.474436,0.7561042,1.162767,2.525268,0.6584719,0.9533953,2.538423,0.5772924,0.8312565,2.448097,0.6477538,0.9632737,2.513535,0.6669261,0.9528534,2.51627,0.8211382,0.9515213,2.375079,0.8085988,0.7943144,2.31298,0.6246235,0.8110539,2.403907,0.5908459,0.8193358,2.431044,0.6852928,0.7337376,2.462268,0.7053908,0.5177532,2.371236,0.5716707,0.3821947,2.475762,0.7480072,0.7295939,2.439725,0.701466,0.9310248,2.332439,0.7489092,0.6008543,2.355634,0.7846205,1.031699,2.549817
72057594037937085,0,0.7968819,5983.133,0.7216403,0.7332438,2.474436,0.7561042,1.162767,2.525268,0.6584719,0.9533953,2.538423,0.5772924,0.8312565,2.448097,0.6477538,0.9632737,2.513535,0.6669261,0.9528534,2.51627,0.8211382,0.9515213,2.375079,0.8085988,0.7943144,2.31298,0.6246235,0.8110539,2.403907,0.5908459,0.8193358,2.431044,0.6852928,0.7337376,2.462268,0.7053908,0.5177532,2.371236,0.5716707,0.3821947,2.475762,0.7480072,0.7295939,2.439725,0.701466,0.9310248,2.332439,0.7489092,0.6008543,2.355634,0.7846205,1.031699,2.549817
72057594037937085,0,0.8017534,5983.136,0.726729,0.7316858,2.474849,0.7626661,1.161924,2.524588,0.6640438,0.9549478,2.539008,0.596016,0.8372375,2.435759,0.6557931,0.9643567,2.508681,0.6788989,0.963118,2.521922,0.8207445,0.9526208,2.378184,0.7987106,0.7427408,2.357639,0.6788274,0.8778231,2.340242,0.6568285,0.8752478,2.351271,0.6899577,0.7316763,2.463377,0.7080092,0.513414,2.372007,0.5916374,0.357188,2.471676,0.752257,0.7277327,2.440022,0.7024828,0.929839,2.330389,0.7595563,0.6053323,2.351724,0.7935144,1.030828,2.550807
72057594037937085,0,0.8017534,5983.14,0.726729,0.7316858,2.474849,0.7626661,1.161924,2.524588,0.6640438,0.9549478,2.539008,0.596016,0.8372375,2.435759,0.6557931,0.9643567,2.508681,0.6788989,0.963118,2.521922,0.8207445,0.9526208,2.378184,0.7987106,0.7427408,2.357639,0.6788274,0.8778231,2.340242,0.6568285,0.8752478,2.351271,0.6899577,0.7316763,2.463377,0.7080092,0.513414,2.372007,0.5916374,0.357188,2.471676,0.752257,0.7277327,2.440022,0.7024828,0.929839,2.330389,0.7595563,0.6053323,2.351724,0.7935144,1.030828,2.550807
72057594037937085,0,0.8017534,5983.143,0.726729,0.7316858,2.474849,0.7626661,1.161924,2.524588,0.6640438,0.9549478,2.539008,0.596016,0.8372375,2.435759,0.6557931,0.9643567,2.508681,0.6788989,0.963118,2.521922,0.8207445,0.9526208,2.378184,0.7987106,0.7427408,2.357639,0.6788274,0.8778231,2.340242,0.6568285,0.8752478,2.351271,0.6899577,0.7316763,2.463377,0.7080092,0.513414,2.372007,0.5916374,0.357188,2.471676,0.752257,0.7277327,2.440022,0.7024828,0.929839,2.330389,0.7595563,0.6053323,2.351724,0.7935144,1.030828,2.550807
72057594037937085,0,0.8017534,5983.146,0.726729,0.7316858,2.474849,0.7626661,1.161924,2.524588,0.6640438,0.9549478,2.539008,0.596016,0.8372375,2.435759,0.6557931,0.9643567,2.508681,0.6788989,0.963118,2.521922,0.8207445,0.9526208,2.378184,0.7987106,0.7427408,2.357639,0.6788274,0.8778231,2.340242,0.6568285,0.8752478,2.351271,0.6899577,0.7316763,2.463377,0.7080092,0.513414,2.372007,0.5916374,0.357188,2.471676,0.752257,0.7277327,2.440022,0.7024828,0.929839,2.330389,0.7595563,0.6053323,2.351724,0.7935144,1.030828,2.550807
72057594037937085,0,0.8017534,5983.149,0.726729,0.7316858,2.474849,0.7626661,1.161924,2.524588,0.6640438,0.9549478,2.539008,0.596016,0.8372375,2.435759,0.6557931,0.9643567,2.508681,0.6788989,0.963118,2.521922,0.8207445,0.9526208,2.378184,0.7987106,0.7427408,2.357639,0.6788274,0.8778231,2.340242,0.6568285,0.8752478,2.351271,0.6899577,0.7316763,2.463377,0.7080092,0.513414,2.372007,0.5916374,0.357188,2.471676,0.752257,0.7277327,2.440022,0.7024828,0.929839,2.330389,0.7595563,0.6053323,2.351724,0.7935144,1.030828,2.550807
72057594037937085,0,0.8017534,5983.152,0.726729,0.7316858,2.474849,0.7626661,1.161924,2.524588,0.6640438,0.9549478,2.539008,0.596016,0.8372375,2.435759,0.6557931,0.9643567,2.508681,0.6788989,0.963118,2.521922,0.8207445,0.9526208,2.378184,0.7987106,0.7427408,2.357639,0.6788274,0.8778231,2.340242,0.6568285,0.8752478,2.351271,0.6899577,0.7316763,2.463377,0.7080092,0.513414,2.372007,0.5916374,0.357188,2.471676,0.752257,0.7277327,2.440022,0.7024828,0.929839,2.330389,0.7595563,0.6053323,2.351724,0.7935144,1.030828,2.550807
72057594037937085,0,0.8017534,5983.155,0.726729,0.7316858,2.474849,0.7626661,1.161924,2.524588,0.6640438,0.9549478,2.539008,0.596016,0.8372375,2.435759,0.6557931,0.9643567,2.508681,0.6788989,0.963118,2.521922,0.8207445,0.9526208,2.378184,0.7987106,0.7427408,2.357639,0.6788274,0.8778231,2.340242,0.6568285,0.8752478,2.351271,0.6899577,0.7316763,2.463377,0.7080092,0.513414,2.372007,0.5916374,0.357188,2.471676,0.752257,0.7277327,2.440022,0.7024828,0.929839,2.330389,0.7595563,0.6053323,2.351724,0.7935144,1.030828,2.550807
72057594037937085,0,0.8017534,5983.158,0.726729,0.7316858,2.474849,0.7626661,1.161924,2.524588,0.6640438,0.9549478,2.539008,0.596016,0.8372375,2.435759,0.6557931,0.9643567,2.508681,0.6788989,0.963118,2.521922,0.8207445,0.9526208,2.378184,0.7987106,0.7427408,2.357639,0.6788274,0.8778231,2.340242,0.6568285,0.8752478,2.351271,0.6899577,0.7316763,2.463377,0.7080092,0.513414,2.372007,0.5916374,0.357188,2.471676,0.752257,0.7277327,2.440022,0.7024828,0.929839,2.330389,0.7595563,0.6053323,2.351724,0.7935144,1.030828,2.550807
72057594037937085,0,0.8017534,5983.161,0.726729,0.7316858,2.474849,0.7626661,1.161924,2.524588,0.6640438,0.9549478,2.539008,0.596016,0.8372375,2.435759,0.6557931,0.9643567,2.508681,0.6788989,0.963118,2.521922,0.8207445,0.9526208,2.378184,0.7987106,0.7427408,2.357639,0.6788274,0.8778231,2.340242,0.6568285,0.8752478,2.351271,0.6899577,0.7316763,2.463377,0.7080092,0.513414,2.372007,0.5916374,0.357188,2.471676,0.752257,0.7277327,2.440022,0.7024828,0.929839,2.330389,0.7595563,0.6053323,2.351724,0.7935144,1.030828,2.550807
72057594037937085,0,0.8017534,5983.164,0.726729,0.7316858,2.474849,0.7626661,1.161924,2.524588,0.6640438,0.9549478,2.539008,0.596016,0.8372375,2.435759,0.6557931,0.9643567,2.508681,0.6788989,0.963118,2.521922,0.8207445,0.9526208,2.378184,0.7987106,0.7427408,2.357639,0.6788274,0.8778231,2.340242,0.6568285,0.8752478,2.351271,0.6899577,0.7316763,2.463377,0.7080092,0.513414,2.372007,0.5916374,0.357188,2.471676,0.752257,0.7277327,2.440022,0.7024828,0.929839,2.330389,0.7595563,0.6053323,2.351724,0.7935144,1.030828,2.550807
72057594037937085,0,0.8112677,5983.167,0.7373761,0.7341117,2.474638,0.7735134,1.16228,2.520763,0.6816611,0.9546878,2.528507,0.6013966,0.834321,2.43435,0.6627777,0.9648246,2.504541,0.6858063,0.9567659,2.51572,0.8243688,0.9558508,2.381153,0.8549255,0.8401732,2.274626,0.7080247,0.843003,2.316077,0.6781393,0.8513983,2.344472,0.6967826,0.7336537,2.463455,0.7252104,0.5175474,2.369189,0.6193896,0.3455805,2.443821,0.7656722,0.7292567,2.44016,0.7159643,0.9302503,2.327357,0.7797773,0.613247,2.349006,0.8024958,1.031707,2.547555
72057594037937085,0,0.8112677,5983.171,0.7373761,0.7341117,2.474638,0.7735134,1.16228,2.520763,0.6816611,0.9546878,2.528507,0.6013966,0.834321,2.43435,0.6627777,0.9648246,2.504541,0.6858063,0.9567659,2.51572,0.8243688,0.9558508,2.381153,0.8549255,0.8401732,2.274626,0.7080247,0.843003,2.316077,0.6781393,0.8513983,2.344472,0.6967826,0.7336537,2.463455,0.7252104,0.5175474,2.369189,0.6193896,0.3455805,2.443821,0.7656722,0.7292567,2.44016,0.7159643,0.9302503,2.327357,0.7797773,0.613247,2.349006,0.8024958,1.031707,2.547555
72057594037937085,0,0.8112677,5983.174,0.7373761,0.7341117,2.474638,0.7735134,1.16228,2.520763,0.6816611,0.9546878,2.528507,0.6013966,0.834321,2.43435,0.6627777,0.9648246,2.504541,0.6858063,0.9567659,2.51572,0.8243688,0.9558508,2.381153,0.8549255,0.8401732,2.274626,0.7080247,0.843003,2.316077,0.6781393,0.8513983,2.344472,0.6967826,0.7336537,2.463455,0.7252104,0.5175474,2.369189,0.6193896,0.3455805,2.443821,0.7656722,0.7292567,2.44016,0.7159643,0.9302503,2.327357,0.7797773,0.613247,2.349006,0.8024958,1.031707,2.547555
72057594037937085,0,0.8112677,5983.176,0.7373761,0.7341117,2.474638,0.7735134,1.16228,2.520763,0.6816611,0.9546878,2.528507,0.6013966,0.834321,2.43435,0.6627777,0.9648246,2.504541,0.6858063,0.9567659,2.51572,0.8243688,0.9558508,2.381153,0.8549255,0.8401732,2.274626,0.7080247,0.843003,2.316077,0.6781393,0.8513983,2.344472,0.6967826,0.7336537,2.463455,0.7252104,0.5175474,2.369189,0.6193896,0.3455805,2.443821,0.7656722,0.7292567,2.44016,0.7159643,0.9302503,2.327357,0.7797773,0.613247,2.349006,0.8024958,1.031707,2.547555
72057594037937085,0,0.8112677,5983.179,0.7373761,0.7341117,2.474638,0.7735134,1.16228,2.520763,0.6816611,0.9546878,2.528507,0.6013966,0.834321,2.43435,0.6627777,0.9648246,2.504541,0.6858063,0.9567659,2.51572,0.8243688,0.9558508,2.381153,0.8549255,0.8401732,2.274626,0.7080247,0.843003,2.316077,0.6781393,0.8513983,2.344472,0.6967826,0.7336537,2.463455,0.7252104,0.5175474,2.369189,0.6193896,0.3455805,2.443821,0.7656722,0.7292567,2.44016,0.7159643,0.9302503,2.327357,0.7797773,0.613247,2.349006,0.8024958,1.031707,2.547555
72057594037937085,0,0.8112677,5983.182,0.7373761,0.7341117,2.474638,0.7735134,1.16228,2.520763,0.6816611,0.9546878,2.528507,0.6013966,0.834321,2.43435,0.6627777,0.9648246,2.504541,0.6858063,0.9567659,2.51572,0.8243688,0.9558508,2.381153,0.8549255,0.8401732,2.274626,0.7080247,0.843003,2.316077,0.6781393,0.8513983,2.344472,0.6967826,0.7336537,2.463455,0.7252104,0.5175474,2.369189,0.6193896,0.3455805,2.443821,0.7656722,0.7292567,2.44016,0.7159643,0.9302503,2.327357,0.7797773,0.613247,2.349006,0.8024958,1.031707,2.547555
72057594037937085,0,0.8112677,5983.186,0.7373761,0.7341117,2.474638,0.7735134,1.16228,2.520763,0.6816611,0.9546878,2.528507,0.6013966,0.834321,2.43435,0.6627777,0.9648246,2.504541,0.6858063,0.9567659,2.51572,0.8243688,0.9558508,2.381153,0.8549255,0.8401732,2.274626,0.7080247,0.843003,2.316077,0.6781393,0.8513983,2.344472,0.6967826,0.7336537,2.463455,0.7252104,0.5175474,2.369189,0.6193896,0.3455805,2.443821,0.7656722,0.7292567,2.44016,0.7159643,0.9302503,2.327357,0.7797773,0.613247,2.349006,0.8024958,1.031707,2.547555
72057594037937085,0,0.8112677,5983.189,0.7373761,0.7341117,2.474638,0.7735134,1.16228,2.520763,0.6816611,0.9546878,2.528507,0.6013966,0.834321,2.43435,0.6627777,0.9648246,2.504541,0.6858063,0.9567659,2.51572,0.8243688,0.9558508,2.381153,0.8549255,0.8401732,2.274626,0.7080247,0.843003,2.316077,0.6781393,0.8513983,2.344472,0.6967826,0.7336537,2.463455,0.7252104,0.5175474,2.369189,0.6193896,0.3455805,2.443821,0.7656722,0.7292567,2.44016,0.7159643,0.9302503,2.327357,0.7797773,0.613247,2.349006,0.8024958,1.031707,2.547555
72057594037937085,0,0.8112677,5983.192,0.7373761,0.7341117,2.474638,0.7735134,1.16228,2.520763,0.6816611,0.9546878,2.528507,0.6013966,0.834321,2.43435,0.6627777,0.9648246,2.504541,0.6858063,0.9567659,2.51572,0.8243688,0.9558508,2.381153,0.8549255,0.8401732,2.274626,0.7080247,0.843003,2.316077,0.6781393,0.8513983,2.344472,0.6967826,0.7336537,2.463455,0.7252104,0.5175474,2.369189,0.6193896,0.3455805,2.443821,0.7656722,0.7292567,2.44016,0.7159643,0.9302503,2.327357,0.7797773,0.613247,2.349006,0.8024958,1.031707,2.547555
72057594037937085,0,0.8112677,5983.195,0.7373761,0.7341117,2.474638,0.7735134,1.16228,2.520763,0.6816611,0.9546878,2.528507,0.6013966,0.834321,2.43435,0.6627777,0.9648246,2.504541,0.6858063,0.9567659,2.51572,0.8243688,0.9558508,2.381153,0.8549255,0.8401732,2.274626,0.7080247,0.843003,2.316077,0.6781393,0.8513983,2.344472,0.6967826,0.7336537,2.463455,0.7252104,0.5175474,2.369189,0.6193896,0.3455805,2.443821,0.7656722,0.7292567,2.44016,0.7159643,0.9302503,2.327357,0.7797773,0.613247,2.349006,0.8024958,1.031707,2.547555
72057594037937085,0,0.8112677,5983.198,0.7373761,0.7341117,2.474638,0.7735134,1.16228,2.520763,0.6816611,0.9546878,2.528507,0.6013966,0.834321,2.43435,0.6627777,0.9648246,2.504541,0.6858063,0.9567659,2.51572,0.8243688,0.9558508,2.381153,0.8549255,0.8401732,2.274626,0.7080247,0.843003,2.316077,0.6781393,0.8513983,2.344472,0.6967826,0.7336537,2.463455,0.7252104,0.5175474,2.369189,0.6193896,0.3455805,2.443821,0.7656722,0.7292567,2.44016,0.7159643,0.9302503,2.327357,0.7797773,0.613247,2.349006,0.8024958,1.031707,2.547555
72057594037937085,0,0.8179931,5983.202,0.7461581,0.738017,2.47704,0.7817854,1.162951,2.52043,0.6856962,0.9559137,2.528399,0.6068097,0.8361996,2.43276,0.6692526,0.9718158,2.433748,0.6906556,1.017459,2.436548,0.8358841,0.9661837,2.398418,0.8668174,0.8360024,2.282194,0.7173069,0.8469962,2.310489,0.6935886,0.855536,2.340467,0.70372,0.7372155,2.465381,0.7207309,0.5192095,2.373143,0.6249011,0.3522199,2.457812,0.775861,0.7329322,2.443469,0.7196766,0.9303291,2.326753,0.7716334,0.6470654,2.335097,0.8086655,1.033284,2.548072
72057594037937085,0,0.8179931,5983.206,0.7461581,0.738017,2.47704,0.7817854,1.162951,2.52043,0.6856962,0.9559137,2.528399,0.6068097,0.8361996,2.43276,0.6692526,0.9718158,2.433748,0.6906556,1.017459,2.436548,0.8358841,0.9661837,2.398418,0.8668174,0.8360024,2.282194,0.7173069,0.8469962,2.310489,0.6935886,0.855536,2.340467,0.70372,0.7372155,2.465381,0.7207309,0.5192095,2.373143,0.6249011,0.3522199,2.457812,0.775861,0.7329322,2.443469,0.7196766,0.9303291,2.326753,0.7716334,0.6470654,2.335097,0.8086655,1.033284,2.548072
72057594037937085,0,0.8179931,5983.208,0.7461581,0.738017,2.47704,0.7817854,1.162951,2.52043,0.6856962,0.9559137,2.528399,0.6068097,0.8361996,2.43276,0.6692526,0.9718158,2.433748,0.6906556,1.017459,2.436548,0.8358841,0.9661837,2.398418,0.8668174,0.8360024,2.282194,0.7173069,0.8469962,2.310489,0.6935886,0.855536,2.340467,0.70372,0.7372155,2.465381,0.7207309,0.5192095,2.373143,0.6249011,0.3522199,2.457812,0.775861,0.7329322,2.443469,0.7196766,0.9303291,2.326753,0.7716334,0.6470654,2.335097,0.8086655,1.033284,2.548072
72057594037937085,0,0.8179931,5983.211,0.7461581,0.738017,2.47704,0.7817854,1.162951,2.52043,0.6856962,0.9559137,2.528399,0.6068097,0.8361996,2.43276,0.6692526,0.9718158,2.433748,0.6906556,1.017459,2.436548,0.8358841,0.9661837,2.398418,0.8668174,0.8360024,2.282194,0.7173069,0.8469962,2.310489,0.6935886,0.855536,2.340467,0.70372,0.7372155,2.465381,0.7207309,0.5192095,2.373143,0.6249011,0.3522199,2.457812,0.775861,0.7329322,2.443469,0.7196766,0.9303291,2.326753,0.7716334,0.6470654,2.335097,0.8086655,1.033284,2.548072
72057594037937085,0,0.8179931,5983.214,0.7461581,0.738017,2.47704,0.7817854,1.162951,2.52043,0.6856962,0.9559137,2.528399,0.6068097,0.8361996,2.43276,0.6692526,0.9718158,2.433748,0.6906556,1.017459,2.436548,0.8358841,0.9661837,2.398418,0.8668174,0.8360024,2.282194,0.7173069,0.8469962,2.310489,0.6935886,0.855536,2.340467,0.70372,0.7372155,2.465381,0.7207309,0.5192095,2.373143,0.6249011,0.3522199,2.457812,0.775861,0.7329322,2.443469,0.7196766,0.9303291,2.326753,0.7716334,0.6470654,2.335097,0.8086655,1.033284,2.548072
72057594037937085,0,0.8179931,5983.217,0.7461581,0.738017,2.47704,0.7817854,1.162951,2.52043,0.6856962,0.9559137,2.528399,0.6068097,0.8361996,2.43276,0.6692526,0.9718158,2.433748,0.6906556,1.017459,2.436548,0.8358841,0.9661837,2.398418,0.8668174,0.8360024,2.282194,0.7173069,0.8469962,2.310489,0.6935886,0.855536,2.340467,0.70372,0.7372155,2.465381,0.7207309,0.5192095,2.373143,0.6249011,0.3522199,2.457812,0.775861,0.7329322,2.443469,0.7196766,0.9303291,2.326753,0.7716334,0.6470654,2.335097,0.8086655,1.033284,2.548072
72057594037937085,0,0.8179931,5983.219,0.7461581,0.738017,2.47704,0.7817854,1.162951,2.52043,0.6856962,0.9559137,2.528399,0.6068097,0.8361996,2.43276,0.6692526,0.9718158,2.433748,0.6906556,1.017459,2.436548,0.8358841,0.9661837,2.398418,0.8668174,0.8360024,2.282194,0.7173069,0.8469962,2.310489,0.6935886,0.855536,2.340467,0.70372,0.7372155,2.465381,0.7207309,0.5192095,2.373143,0.6249011,0.3522199,2.457812,0.775861,0.7329322,2.443469,0.7196766,0.9303291,2.326753,0.7716334,0.6470654,2.335097,0.8086655,1.033284,2.548072
72057594037937085,0,0.8179931,5983.222,0.7461581,0.738017,2.47704,0.7817854,1.162951,2.52043,0.6856962,0.9559137,2.528399,0.6068097,0.8361996,2.43276,0.6692526,0.9718158,2.433748,0.6906556,1.017459,2.436548,0.8358841,0.9661837,2.398418,0.8668174,0.8360024,2.282194,0.7173069,0.8469962,2.310489,0.6935886,0.855536,2.340467,0.70372,0.7372155,2.465381,0.7207309,0.5192095,2.373143,0.6249011,0.3522199,2.457812,0.775861,0.7329322,2.443469,0.7196766,0.9303291,2.326753,0.7716334,0.6470654,2.335097,0.8086655,1.033284,2.548072
72057594037937085,0,0.8179931,5983.225,0.7461581,0.738017,2.47704,0.7817854,1.162951,2.52043,0.6856962,0.9559137,2.528399,0.6068097,0.8361996,2.43276,0.6692526,0.9718158,2.433748,0.6906556,1.017459,2.436548,0.8358841,0.9661837,2.398418,0.8668174,0.8360024,2.282194,0.7173069,0.8469962,2.310489,0.6935886,0.855536,2.340467,0.70372,0.7372155,2.465381,0.7207309,0.5192095,2.373143,0.6249011,0.3522199,2.457812,0.775861,0.7329322,2.443469,0.7196766,0.9303291,2.326753,0.7716334,0.6470654,2.335097,0.8086655,1.033284,2.548072
72057594037937085,0,0.8179931,5983.228,0.7461581,0.738017,2.47704,0.7817854,1.162951,2.52043,0.6856962,0.9559137,2.528399,0.6068097,0.8361996,2.43276,0.6692526,0.9718158,2.433748,0.6906556,1.017459,2.436548,0.8358841,0.9661837,2.398418,0.8668174,0.8360024,2.282194,0.7173069,0.8469962,2.310489,0.6935886,0.855536,2.340467,0.70372,0.7372155,2.465381,0.7207309,0.5192095,2.373143,0.6249011,0.3522199,2.457812,0.775861,0.7329322,2.443469,0.7196766,0.9303291,2.326753,0.7716334,0.6470654,2.335097,0.8086655,1.033284,2.548072
72057594037937085,0,0.8179931,5983.231,0.7461581,0.738017,2.47704,0.7817854,1.162951,2.52043,0.6856962,0.9559137,2.528399,0.6068097,0.8361996,2.43276,0.6692526,0.9718158,2.433748,0.6906556,1.017459,2.436548,0.8358841,0.9661837,2.398418,0.8668174,0.8360024,2.282194,0.7173069,0.8469962,2.310489,0.6935886,0.855536,2.340467,0.70372,0.7372155,2.465381,0.7207309,0.5192095,2.373143,0.6249011,0.3522199,2.457812,0.775861,0.7329322,2.443469,0.7196766,0.9303291,2.326753,0.7716334,0.6470654,2.335097,0.8086655,1.033284,2.548072
72057594037937085,0,0.8220607,5983.234,0.7509268,0.736824,2.478928,0.7913376,1.164015,2.518453,0.7110773,0.9412467,2.487174,0.612193,0.8328078,2.429412,0.666701,0.9693275,2.443132,0.6811386,0.9749721,2.499692,0.840905,0.9668468,2.402742,0.8677246,0.8357126,2.281267,0.7196527,0.8485599,2.310281,0.7042206,0.856246,2.337998,0.7071491,0.735975,2.473771,0.7341877,0.5242603,2.369001,0.6498052,0.3601546,2.459815,0.7852487,0.7308522,2.440346,0.7251293,0.9286531,2.327702,0.7709237,0.6501262,2.33541,0.813977,1.033014,2.546196
72057594037937085,0,0.8220607,5983.237,0.7509268,0.736824,2.478928,0.7913376,1.164015,2.518453,0.7110773,0.9412467,2.487174,0.612193,0.8328078,2.429412,0.666701,0.9693275,2.443132,0.6811386,0.9749721,2.499692,0.840905,0.9668468,2.402742,0.8677246,0.8357126,2.281267,0.7196527,0.8485599,2.310281,0.7042206,0.856246,2.337998,0.7071491,0.735975,2.473771,0.7341877,0.5242603,2.369001,0.6498052,0.3601546,2.459815,0.7852487,0.7308522,2.440346,0.7251293,0.9286531,2.327702,0.7709237,0.6501262,2.33541,0.813977,1.033014,2.546196
72057594037937085,0,0.8220607,5983.24,0.7509268,0.736824,2.478928,0.7913376,1.164015,2.518453,0.7110773,0.9412467,2.487174,0.612193,0.8328078,2.429412,0.666701,0.9693275,2.443132,0.6811386,0.9749721,2.499692,0.840905,0.9668468,2.402742,0.8677246,0.8357126,2.281267,0.7196527,0.8485599,2.310281,0.7042206,0.856246,2.337998,0.7071491,0.735975,2.473771,0.7341877,0.5242603,2.369001,0.6498052,0.3601546,2.459815,0.7852487,0.7308522,2.440346,0.7251293,0.9286531,2.327702,0.7709237,0.6501262,2.33541,0.813977,1.033014,2.546196
72057594037937085,0,0.8220607,5983.244,0.7509268,0.736824,2.478928,0.7913376,1.164015,2.518453,0.7110773,0.9412467,2.487174,0.612193,0.8328078,2.429412,0.666701,0.9693275,2.443132,0.6811386,0.9749721,2.499692,0.840905,0.9668468,2.402742,0.8677246,0.8357126,2.281267,0.7196527,0.8485599,2.310281,0.7042206,0.856246,2.337998,0.7071491,0.735975,2.473771,0.7341877,0.5242603,2.369001,0.6498052,0.3601546,2.459815,0.7852487,0.7308522,2.440346,0.7251293,0.9286531,2.327702,0.7709237,0.6501262,2.33541,0.813977,1.033014,2.546196
72057594037937085,0,0.8220607,5983.247,0.7509268,0.736824,2.478928,0.7913376,1.164015,2.518453,0.7110773,0.9412467,2.487174,0.612193,0.8328078,2.429412,0.666701,0.9693275,2.443132,0.6811386,0.9749721,2.499692,0.840905,0.9668468,2.402742,0.8677246,0.8357126,2.281267,0.7196527,0.8485599,2.310281,0.7042206,0.856246,2.337998,0.7071491,0.735975,2.473771,0.7341877,0.5242603,2.369001,0.6498052,0.3601546,2.459815,0.7852487,0.7308522,2.440346,0.7251293,0.9286531,2.327702,0.7709237,0.6501262,2.33541,0.813977,1.033014,2.546196
72057594037937085,0,0.8220607,5983.249,0.7509268,0.736824,2.478928,0.7913376,1.164015,2.518453,0.7110773,0.9412467,2.487174,0.612193,0.8328078,2.429412,0.666701,0.9693275,2.443132,0.6811386,0.9749721,2.499692,0.840905,0.9668468,2.402742,0.8677246,0.8357126,2.281267,0.7196527,0.8485599,2.310281,0.7042206,0.856246,2.337998,0.7071491,0.735975,2.473771,0.7341877,0.5242603,2.369001,0.6498052,0.3601546,2.459815,0.7852487,0.7308522,2.440346,0.7251293,0.9286531,2.327702,0.7709237,0.6501262,2.33541,0.813977,1.033014,2.546196
72057594037937085,0,0.8220607,5983.251,0.7509268,0.736824,2.478928,0.7913376,1.164015,2.518453,0.7110773,0.9412467,2.487174,0.612193,0.8328078,2.429412,0.666701,0.9693275,2.443132,0.6811386,0.9749721,2.499692,0.840905,0.9668468,2.402742,0.8677246,0.8357126,2.281267,0.7196527,0.8485599,2.310281,0.7042206,0.856246,2.337998,0.7071491,0.735975,2.473771,0.7341877,0.5242603,2.369001,0.6498052,0.3601546,2.459815,0.7852487,0.7308522,2.440346,0.7251293,0.9286531,2.327702,0.7709237,0.6501262,2.33541,0.813977,1.033014,2.546196
72057594037937085,0,0.8220607,5983.254,0.7509268,0.736824,2.478928,0.7913376,1.164015,2.518453,0.7110773,0.9412467,2.487174,0.612193,0.8328078,2.429412,0.666701,0.9693275,2.443132,0.6811386,0.9749721,2.499692,0.840905,0.9668468,2.402742,0.8677246,0.8357126,2.281267,0.7196527,0.8485599,2.310281,0.7042206,0.856246,2.337998,0.7071491,0.735975,2.473771,0.7341877,0.5242603,2.369001,0.6498052,0.3601546,2.459815,0.7852487,0.7308522,2.440346,0.7251293,0.9286531,2.327702,0.7709237,0.6501262,2.33541,0.813977,1.033014,2.546196
72057594037937085,0,0.8220607,5983.257,0.7509268,0.736824,2.478928,0.7913376,1.164015,2.518453,0.7110773,0.9412467,2.487174,0.612193,0.8328078,2.429412,0.666701,0.9693275,2.443132,0.6811386,0.9749721,2.499692,0.840905,0.9668468,2.402742,0.8677246,0.8357126,2.281267,0.7196527,0.8485599,2.310281,0.7042206,0.856246,2.337998,0.7071491,0.735975,2.473771,0.7341877,0.5242603,2.369001,0.6498052,0.3601546,2.459815,0.7852487,0.7308522,2.440346,0.7251293,0.9286531,2.327702,0.7709237,0.6501262,2.33541,0.813977,1.033014,2.546196
72057594037937085,0,0.8220607,5983.26,0.7509268,0.736824,2.478928,0.7913376,1.164015,2.518453,0.7110773,0.9412467,2.487174,0.612193,0.8328078,2.429412,0.666701,0.9693275,2.443132,0.6811386,0.9749721,2.499692,0.840905,0.9668468,2.402742,0.8677246,0.8357126,2.281267,0.7196527,0.8485599,2.310281,0.7042206,0.856246,2.337998,0.7071491,0.735975,2.473771,0.7341877,0.5242603,2.369001,0.6498052,0.3601546,2.459815,0.7852487,0.7308522,2.440346,0.7251293,0.9286531,2.327702,0.7709237,0.6501262,2.33541,0.813977,1.033014,2.546196
72057594037937085,0,0.8220607,5983.264,0.7509268,0.736824,2.478928,0.7913376,1.164015,2.518453,0.7110773,0.9412467,2.487174,0.612193,0.8328078,2.429412,0.666701,0.9693275,2.443132,0.6811386,0.9749721,2.499692,0.840905,0.9668468,2.402742,0.8677246,0.8357126,2.281267,0.7196527,0.8485599,2.310281,0.7042206,0.856246,2.337998,0.7071491,0.735975,2.473771,0.7341877,0.5242603,2.369001,0.6498052,0.3601546,2.459815,0.7852487,0.7308522,2.440346,0.7251293,0.9286531,2.327702,0.7709237,0.6501262,2.33541,0.813977,1.033014,2.546196
72057594037937085,0,0.8220607,5983.267,0.7509268,0.736824,2.478928,0.7913376,1.164015,2.518453,0.7110773,0.9412467,2.487174,0.612193,0.8328078,2.429412,0.666701,0.9693275,2.443132,0.6811386,0.9749721,2.499692,0.840905,0.9668468,2.402742,0.8677246,0.8357126,2.281267,0.7196527,0.8485599,2.310281,0.7042206,0.856246,2.337998,0.7071491,0.735975,2.473771,0.7341877,0.5242603,2.369001,0.6498052,0.3601546,2.459815,0.7852487,0.7308522,2.440346,0.7251293,0.9286531,2.327702,0.7709237,0.6501262,2.33541,0.813977,1.033014,2.546196
72057594037937085,0,0.8306626,5983.271,0.7598341,0.736061,2.478464,0.8011575,1.166154,2.516201,0.711692,0.9541593,2.509597,0.622358,0.8410816,2.427561,0.7278499,0.8829861,2.324671,0.7484835,0.8772253,2.314143,0.8390539,0.9672825,2.404697,0.8694959,0.8382266,2.27096,0.7245834,0.8459263,2.310906,0.7130708,0.8551822,2.336068,0.7165316,0.735669,2.470407,0.7574124,0.5251241,2.370335,0.6596984,0.3529109,2.419768,0.7915913,0.7300315,2.442029,0.7385964,0.9232979,2.316783,0.7782617,0.6485957,2.326515,0.8134552,1.032832,2.545848
72057594037937085,0,0.8306626,5983.274,0.7598341,0.736061,2.478464,0.8011575,1.166154,2.516201,0.711692,0.9541593,2.509597,0.622358,0.8410816,2.427561,0.7278499,0.8829861,2.324671,0.7484835,0.8772253,2.314143,0.8390539,0.9672825,2.404697,0.8694959,0.8382266,2.27096,0.7245834,0.8459263,2.310906,0.7130708,0.8551822,2.336068,0.7165316,0.735669,2.470407,0.7574124,0.5251241,2.370335,0.6596984,0.3529109,2.419768,0.7915913,0.7300315,2.442029,0.7385964,0.9232979,2.316783,0.7782617,0.6485957,2.326515,0.8134552,1.032832,2.545848
72057594037937085,0,0.8306626,5983.277,0.7598341,0.736061,2.478464,0.8011575,1.166154,2.516201,0.711692,0.9541593,2.509597,0.622358,0.8410816,2.427561,0.7278499,0.8829861,2.324671,0.7484835,0.8772253,2.314143,0.8390539,0.9672825,2.404697,0.8694959,0.8382266,2.27096,0.7245834,0.8459263,2.310906,0.7130708,0.8551822,2.336068,0.7165316,0.735669,2.470407,0.7574124,0.5251241,2.370335,0.6596984,0.3529109,2.419768,0.7915913,0.7300315,2.442029,0.7385964,0.9232979,2.316783,0.7782617,0.6485957,2.326515,0.8134552,1.032832,2.545848
72057594037937085,0,0.8306626,5983.28,0.7598341,0.736061,2.478464,0.8011575,1.166154,2.516201,0.711692,0.9541593,2.509597,0.622358,0.8410816,2.427561,0.7278499,0.8829861,2.324671,0.7484835,0.8772253,2.314143,0.8390539,0.9672825,2.404697,0.8694959,0.8382266,2.27096,0.7245834,0.8459263,2.310906,0.7130708,0.8551822,2.336068,0.7165316,0.735669,2.470407,0.7574124,0.5251241,2.370335,0.6596984,0.3529109,2.419768,0.7915913,0.7300315,2.442029,0.7385964,0.9232979,2.316783,0.7782617,0.6485957,2.326515,0.8134552,1.032832,2.545848
72057594037937085,0,0.8306626,5983.284,0.7598341,0.736061,2.478464,0.8011575,1.166154,2.516201,0.711692,0.9541593,2.509597,0.622358,0.8410816,2.427561,0.7278499,0.8829861,2.324671,0.7484835,0.8772253,2.314143,0.8390539,0.9672825,2.404697,0.8694959,0.8382266,2.27096,0.7245834,0.8459263,2.310906,0.7130708,0.8551822,2.336068,0.7165316,0.735669,2.470407,0.7574124,0.5251241,2.370335,0.6596984,0.3529109,2.419768,0.7915913,0.7300315,2.442029,0.7385964,0.9232979,2.316783,0.7782617,0.6485957,2.326515,0.8134552,1.032832,2.545848
72057594037937085,0,0.8306626,5983.288,0.7598341,0.736061,2.478464,0.8011575,1.166154,2.516201,0.711692,0.9541593,2.509597,0.622358,0.8410816,2.427561,0.7278499,0.8829861,2.324671,0.7484835,0.8772253,2.314143,0.8390539,0.9672825,2.404697,0.8694959,0.8382266,2.27096,0.7245834,0.8459263,2.310906,0.7130708,0.8551822,2.336068,0.7165316,0.735669,2.470407,0.7574124,0.5251241,2.370335,0.6596984,0.3529109,2.419768,0.7915913,0.7300315,2.442029,0.7385964,0.9232979,2.316783,0.7782617,0.6485957,2.326515,0.8134552,1.032832,2.545848
72057594037937085,0,0.8306626,5983.291,0.7598341,0.736061,2.478464,0.8011575,1.166154,2.516201,0.711692,0.9541593,2.509597,0.622358,0.8410816,2.427561,0.7278499,0.8829861,2.324671,0.7484835,0.8772253,2.314143,0.8390539,0.9672825,2.404697,0.8694959,0.8382266,2.27096,0.7245834,0.8459263,2.310906,0.7130708,0.8551822,2.336068,0.7165316,0.735669,2.470407,0.7574124,0.5251241,2.370335,0.6596984,0.3529109,2.419768,0.7915913,0.7300315,2.442029,0.7385964,0.9232979,2.316783,0.7782617,0.6485957,2.326515,0.8134552,1.032832,2.545848
72057594037937085,0,0.8306626,5983.293,0.7598341,0.736061,2.478464,0.8011575,1.166154,2.516201,0.711692,0.9541593,2.509597,0.622358,0.8410816,2.427561,0.7278499,0.8829861,2.324671,0.7484835,0.8772253,2.314143,0.8390539,0.9672825,2.404697,0.8694959,0.8382266,2.27096,0.7245834,0.8459263,2.310906,0.7130708,0.8551822,2.336068,0.7165316,0.735669,2.470407,0.7574124,0.5251241,2.370335,0.6596984,0.3529109,2.419768,0.7915913,0.7300315,2.442029,0.7385964,0.9232979,2.316783,0.7782617,0.6485957,2.326515,0.8134552,1.032832,2.545848
72057594037937085,0,0.8306626,5983.296,0.7598341,0.736061,2.478464,0.8011575,1.166154,2.516201,0.711692,0.9541593,2.509597,0.622358,0.8410816,2.427561,0.7278499,0.8829861,2.324671,0.7484835,0.8772253,2.314143,0.8390539,0.9672825,2.404697,0.8694959,0.8382266,2.27096,0.7245834,0.8459263,2.310906,0.7130708,0.8551822,2.336068,0.7165316,0.735669,2.470407,0.7574124,0.5251241,2.370335,0.6596984,0.3529109,2.419768,0.7915913,0.7300315,2.442029,0.7385964,0.9232979,2.316783,0.7782617,0.6485957,2.326515,0.8134552,1.032832,2.545848
72057594037937085,0,0.8306626,5983.299,0.7598341,0.736061,2.478464,0.8011575,1.166154,2.516201,0.711692,0.9541593,2.509597,0.622358,0.8410816,2.427561,0.7278499,0.8829861,2.324671,0.7484835,0.8772253,2.314143,0.8390539,0.9672825,2.404697,0.8694959,0.8382266,2.27096,0.7245834,0.8459263,2.310906,0.7130708,0.8551822,2.336068,0.7165316,0.735669,2.470407,0.7574124,0.5251241,2.370335,0.6596984,0.3529109,2.419768,0.7915913,0.7300315,2.442029,0.7385964,0.9232979,2.316783,0.7782617,0.6485957,2.326515,0.8134552,1.032832,2.545848
72057594037937085,0,0.8374197,5983.303,0.7675259,0.7362427,2.479805,0.8091161,1.164315,2.51663,0.7230359,0.9583079,2.513938,0.6284324,0.8452859,2.422681,0.7657581,0.8431879,2.300915,0.7904208,0.8431973,2.26863,0.8657177,0.9719068,2.41473,0.8741481,0.8411483,2.267307,0.7338866,0.8512356,2.319099,0.7128839,0.8540804,2.340419,0.7218071,0.737078,2.467509,0.7788343,0.5298046,2.371008,0.6757237,0.3657752,2.425095,0.8035941,0.7285019,2.450288,0.7460007,0.9093878,2.306305,0.78478,0.6383994,2.315031,0.8312548,1.034829,2.544722
72057594037937085,0,0.8374197,5983.306,0.7675259,0.7362427,2.479805,0.8091161,1.164315,2.51663,0.7230359,0.9583079,2.513938,0.6284324,0.8452859,2.422681,0.7657581,0.8431879,2.300915,0.7904208,0.8431973,2.26863,0.8657177,0.9719068,2.41473,0.8741481,0.8411483,2.267307,0.7338866,0.8512356,2.319099,0.7128839,0.8540804,2.340419,0.7218071,0.737078,2.467509,0.7788343,0.5298046,2.371008,0.6757237,0.3657752,2.425095,0.8035941,0.7285019,2.450288,0.7460007,0.9093878,2.306305,0.78478,0.6383994,2.315031,0.8312548,1.034829,2.544722
72057594037937085,0,0.8374197,5983.309,0.7675259,0.7362427,2.479805,0.8091161,1.164315,2.51663,0.7230359,0.9583079,2.513938,0.6284324,0.8452859,2.422681,0.7657581,0.8431879,2.300915,0.7904208,0.8431973,2.26863,0.8657177,0.9719068,2.41473,0.8741481,0.8411483,2.267307,0.7338866,0.8512356,2.319099,0.7128839,0.8540804,2.340419,0.7218071,0.737078,2.467509,0.7788343,0.5298046,2.371008,0.6757237,0.3657752,2.425095,0.8035941,0.7285019,2.450288,0.7460007,0.9093878,2.306305,0.78478,0.6383994,2.315031,0.8312548,1.034829,2.544722
72057594037937085,0,0.8374197,5983.311,0.7675259,0.7362427,2.479805,0.8091161,1.164315,2.51663,0.7230359,0.9583079,2.513938,0.6284324,0.8452859,2.422681,0.7657581,0.8431879,2.300915,0.7904208,0.8431973,2.26863,0.8657177,0.9719068,2.41473,0.8741481,0.8411483,2.267307,0.7338866,0.8512356,2.319099,0.7128839,0.8540804,2.340419,0.7218071,0.737078,2.467509,0.7788343,0.5298046,2.371008,0.6757237,0.3657752,2.425095,0.8035941,0.7285019,2.450288,0.7460007,0.9093878,2.306305,0.78478,0.6383994,2.315031,0.8312548,1.034829,2.544722
72057594037937085,0,0.8374197,5983.313,0.7675259,0.7362427,2.479805,0.8091161,1.164315,2.51663,0.7230359,0.9583079,2.513938,0.6284324,0.8452859,2.422681,0.7657581,0.8431879,2.300915,0.7904208,0.8431973,2.26863,0.8657177,0.9719068,2.41473,0.8741481,0.8411483,2.267307,0.7338866,0.8512356,2.319099,0.7128839,0.8540804,2.340419,0.7218071,0.737078,2.467509,0.7788343,0.5298046,2.371008,0.6757237,0.3657752,2.425095,0.8035941,0.7285019,2.450288,0.7460007,0.9093878,2.306305,0.78478,0.6383994,2.315031,0.8312548,1.034829,2.544722
72057594037937085,0,0.8374197,5983.316,0.7675259,0.7362427,2.479805,0.8091161,1.164315,2.51663,0.7230359,0.9583079,2.513938,0.6284324,0.8452859,2.422681,0.7657581,0.8431879,2.300915,0.7904208,0.8431973,2.26863,0.8657177,0.9719068,2.41473,0.8741481,0.8411483,2.267307,0.7338866,0.8512356,2.319099,0.7128839,0.8540804,2.340419,0.7218071,0.737078,2.467509,0.7788343,0.5298046,2.371008,0.6757237,0.3657752,2.425095,0.8035941,0.7285019,2.450288,0.7460007,0.9093878,2.306305,0.78478,0.6383994,2.315031,0.8312548,1.034829,2.544722
72057594037937085,0,0.8374197,5983.319,0.7675259,0.7362427,2.479805,0.8091161,1.164315,2.51663,0.7230359,0.9583079,2.513938,0.6284324,0.8452859,2.422681,0.7657581,0.8431879,2.300915,0.7904208,0.8431973,2.26863,0.8657177,0.9719068,2.41473,0.8741481,0.8411483,2.267307,0.7338866,0.8512356,2.319099,0.7128839,0.8540804,2.340419,0.7218071,0.737078,2.467509,0.7788343,0.5298046,2.371008,0.6757237,0.3657752,2.425095,0.8035941,0.7285019,2.450288,0.7460007,0.9093878,2.306305,0.78478,0.6383994,2.315031,0.8312548,1.034829,2.544722
72057594037937085,0,0.8374197,5983.321,0.7675259,0.7362427,2.479805,0.8091161,1.164315,2.51663,0.7230359,0.9583079,2.513938,0.6284324,0.8452859,2.422681,0.7657581,0.8431879,2.300915,0.7904208,0.8431973,2.26863,0.8657177,0.9719068,2.41473,0.8741481,0.8411483,2.267307,0.7338866,0.8512356,2.319099,0.7128839,0.8540804,2.340419,0.7218071,0.737078,2.467509,0.7788343,0.5298046,2.371008,0.6757237,0.3657752,2.425095,0.8035941,0.7285019,2.450288,0.7460007,0.9093878,2.306305,0.78478,0.6383994,2.315031,0.8312548,1.034829,2.544722
72057594037937085,0,0.8374197,5983.325,0.7675259,0.7362427,2.479805,0.8091161,1.164315,2.51663,0.7230359,0.9583079,2.513938,0.6284324,0.8452859,2.422681,0.7657581,0.8431879,2.300915,0.7904208,0.8431973,2.26863,0.8657177,0.9719068,2.41473,0.8741481,0.8411483,2.267307,0.7338866,0.8512356,2.319099,0.7128839,0.8540804,2.340419,0.7218071,0.737078,2.467509,0.7788343,0.5298046,2.371008,0.6757237,0.3657752,2.425095,0.8035941,0.7285019,2.450288,0.7460007,0.9093878,2.306305,0.78478,0.6383994,2.315031,0.8312548,1.034829,2.544722
72057594037937085,0,0.8374197,5983.328,0.7675259,0.7362427,2.479805,0.8091161,1.164315,2.51663,0.7230359,0.9583079,2.513938,0.6284324,0.8452859,2.422681,0.7657581,0.8431879,2.300915,0.7904208,0.8431973,2.26863,0.8657177,0.9719068,2.41473,0.8741481,0.8411483,2.267307,0.7338866,0.8512356,2.319099,0.7128839,0.8540804,2.340419,0.7218071,0.737078,2.467509,0.7788343,0.5298046,2.371008,0.6757237,0.3657752,2.425095,0.8035941,0.7285019,2.450288,0.7460007,0.9093878,2.306305,0.78478,0.6383994,2.315031,0.8312548,1.034829,2.544722
72057594037937085,0,0.8374197,5983.331,0.7675259,0.7362427,2.479805,0.8091161,1.164315,2.51663,0.7230359,0.9583079,2.513938,0.6284324,0.8452859,2.422681,0.7657581,0.8431879,2.300915,0.7904208,0.8431973,2.26863,0.8657177,0.9719068,2.41473,0.8741481,0.8411483,2.267307,0.7338866,0.8512356,2.319099,0.7128839,0.8540804,2.340419,0.7218071,0.737078,2.467509,0.7788343,0.5298046,2.371008,0.6757237,0.3657752,2.425095,0.8035941,0.7285019,2.450288,0.7460007,0.9093878,2.306305,0.78478,0.6383994,2.315031,0.8312548,1.034829,2.544722
72057594037937085,0,0.8374197,5983.333,0.7675259,0.7362427,2.479805,0.8091161,1.164315,2.51663,0.7230359,0.9583079,2.513938,0.6284324,0.8452859,2.422681,0.7657581,0.8431879,2.300915,0.7904208,0.8431973,2.26863,0.8657177,0.9719068,2.41473,0.8741481,0.8411483,2.267307,0.7338866,0.8512356,2.319099,0.7128839,0.8540804,2.340419,0.7218071,0.737078,2.467509,0.7788343,0.5298046,2.371008,0.6757237,0.3657752,2.425095,0.8035941,0.7285019,2.450288,0.7460007,0.9093878,2.306305,0.78478,0.6383994,2.315031,0.8312548,1.034829,2.544722
72057594037937085,0,0.8429625,5983.336,0.7730146,0.7340915,2.479709,0.8170562,1.161856,2.516092,0.7255142,0.9585509,2.513556,0.6398734,0.8494942,2.421251,0.7679538,0.8445392,2.306309,0.7944085,0.8433337,2.280141,0.8735909,0.9755359,2.425709,0.8821219,0.8410405,2.264664,0.7366486,0.8549049,2.322955,0.7166675,0.8547138,2.348412,0.7256275,0.736182,2.466788,0.7910815,0.5340567,2.36472,0.6859245,0.3771421,2.423734,0.808614,0.7255991,2.450096,0.7329671,0.900606,2.306471,0.7805909,0.6084256,2.362027,0.8407347,1.033545,2.543478
72057594037937085,0,0.8429625,5983.339,0.7730146,0.7340915,2.479709,0.8170562,1.161856,2.516092,0.7255142,0.9585509,2.513556,0.6398734,0.8494942,2.421251,0.7679538,0.8445392,2.306309,0.7944085,0.8433337,2.280141,0.8735909,0.9755359,2.425709,0.8821219,0.8410405,2.264664,0.7366486,0.8549049,2.322955,0.7166675,0.8547138,2.348412,0.7256275,0.736182,2.466788,0.7910815,0.5340567,2.36472,0.6859245,0.3771421,2.423734,0.808614,0.7255991,2.450096,0.7329671,0.900606,2.306471,0.7805909,0.6084256,2.362027,0.8407347,1.033545,2.543478
72057594037937085,0,0.8429625,5983.342,0.7730146,0.7340915,2.479709,0.8170562,1.161856,2.516092,0.7255142,0.9585509,2.513556,0.6398734,0.8494942,2.421251,0.7679538,0.8445392,2.306309,0.7944085,0.8433337,2.280141,0.8735909,0.9755359,2.425709,0.8821219,0.8410405,2.264664,0.7366486,0.8549049,2.322955,0.7166675,0.8547138,2.348412,0.7256275,0.736182,2.466788,0.7910815,0.5340567,2.36472,0.6859245,0.3771421,2.423734,0.808614,0.7255991,2.450096,0.7329671,0.900606,2.306471,0.7805909,0.6084256,2.362027,0.8407347,1.033545,2.543478
72057594037937085,0,0.8429625,5983.345,0.7730146,0.7340915,2.479709,0.8170562,1.161856,2.516092,0.7255142,0.9585509,2.513556,0.6398734,0.8494942,2.421251,0.7679538,0.8445392,2.306309,0.7944085,0.8433337,2.280141,0.8735909,0.9755359,2.425709,0.8821219,0.8410405,2.264664,0.7366486,0.8549049,2.322955,0.7166675,0.8547138,2.348412,0.7256275,0.736182,2.466788,0.7910815,0.5340567,2.36472,0.6859245,0.3771421,2.423734,0.808614,0.7255991,2.450096,0.7329671,0.900606,2.306471,0.7805909,0.6084256,2.362027,0.8407347,1.033545,2.543478
72057594037937085,0,0.8429625,5983.348,0.7730146,0.7340915,2.479709,0.8170562,1.161856,2.516092,0.7255142,0.9585509,2.513556,0.6398734,0.8494942,2.421251,0.7679538,0.8445392,2.306309,0.7944085,0.8433337,2.280141,0.8735909,0.9755359,2.425709,0.8821219,0.8410405,2.264664,0.7366486,0.8549049,2.322955,0.7166675,0.8547138,2.348412,0.7256275,0.736182,2.466788,0.7910815,0.5340567,2.36472,0.6859245,0.3771421,2.423734,0.808614,0.7255991,2.450096,0.7329671,0.900606,2.306471,0.7805909,0.6084256,2.362027,0.8407347,1.033545,2.543478
72057594037937085,0,0.8429625,5983.351,0.7730146,0.7340915,2.479709,0.8170562,1.161856,2.516092,0.7255142,0.9585509,2.513556,0.6398734,0.8494942,2.421251,0.7679538,0.8445392,2.306309,0.7944085,0.8433337,2.280141,0.8735909,0.9755359,2.425709,0.8821219,0.8410405,2.264664,0.7366486,0.8549049,2.322955,0.7166675,0.8547138,2.348412,0.7256275,0.736182,2.466788,0.7910815,0.5340567,2.36472,0.6859245,0.3771421,2.423734,0.808614,0.7255991,2.450096,0.7329671,0.900606,2.306471,0.7805909,0.6084256,2.362027,0.8407347,1.033545,2.543478
72057594037937085,0,0.8429625,5983.354,0.7730146,0.7340915,2.479709,0.8170562,1.161856,2.516092,0.7255142,0.9585509,2.513556,0.6398734,0.8494942,2.421251,0.7679538,0.8445392,2.306309,0.7944085,0.8433337,2.280141,0.8735909,0.9755359,2.425709,0.8821219,0.8410405,2.264664,0.7366486,0.8549049,2.322955,0.7166675,0.8547138,2.348412,0.7256275,0.736182,2.466788,0.7910815,0.5340567,2.36472,0.6859245,0.3771421,2.423734,0.808614,0.7255991,2.450096,0.7329671,0.900606,2.306471,0.7805909,0.6084256,2.362027,0.8407347,1.033545,2.543478
72057594037937085,0,0.8429625,5983.357,0.7730146,0.7340915,2.479709,0.8170562,1.161856,2.516092,0.7255142,0.9585509,2.513556,0.6398734,0.8494942,2.421251,0.7679538,0.8445392,2.306309,0.7944085,0.8433337,2.280141,0.8735909,0.9755359,2.425709,0.8821219,0.8410405,2.264664,0.7366486,0.8549049,2.322955,0.7166675,0.8547138,2.348412,0.7256275,0.736182,2.466788,0.7910815,0.5340567,2.36472,0.6859245,0.3771421,2.423734,0.808614,0.7255991,2.450096,0.7329671,0.900606,2.306471,0.7805909,0.6084256,2.362027,0.8407347,1.033545,2.543478
72057594037937085,0,0.8429625,5983.36,0.7730146,0.7340915,2.479709,0.8170562,1.161856,2.516092,0.7255142,0.9585509,2.513556,0.6398734,0.8494942,2.421251,0.7679538,0.8445392,2.306309,0.7944085,0.8433337,2.280141,0.8735909,0.9755359,2.425709,0.8821219,0.8410405,2.264664,0.7366486,0.8549049,2.322955,0.7166675,0.8547138,2.348412,0.7256275,0.736182,2.466788,0.7910815,0.5340567,2.36472,0.6859245,0.3771421,2.423734,0.808614,0.7255991,2.450096,0.7329671,0.900606,2.306471,0.7805909,0.6084256,2.362027,0.8407347,1.033545,2.543478
72057594037937085,0,0.8429625,5983.364,0.7730146,0.7340915,2.479709,0.8170562,1.161856,2.516092,0.7255142,0.9585509,2.513556,0.6398734,0.8494942,2.421251,0.7679538,0.8445392,2.306309,0.7944085,0.8433337,2.280141,0.8735909,0.9755359,2.425709,0.8821219,0.8410405,2.264664,0.7366486,0.8549049,2.322955,0.7166675,0.8547138,2.348412,0.7256275,0.736182,2.466788,0.7910815,0.5340567,2.36472,0.6859245,0.3771421,2.423734,0.808614,0.7255991,2.450096,0.7329671,0.900606,2.306471,0.7805909,0.6084256,2.362027,0.8407347,1.033545,2.543478
72057594037937085,0,0.8439522,5983.367,0.7744517,0.7335513,2.481205,0.8239091,1.161057,2.514376,0.7250484,0.9585942,2.514282,0.6402742,0.8495728,2.421103,0.7703964,0.8451226,2.310851,0.7931537,0.8385192,2.292746,0.8782347,0.9762692,2.429615,0.9002687,0.8379805,2.269731,0.7373635,0.8563004,2.328961,0.7155854,0.8495939,2.364541,0.7259342,0.7359489,2.466804,0.7978284,0.5351877,2.367965,0.7074682,0.3656984,2.419029,0.8112472,0.7249359,2.453796,0.7588661,0.8848867,2.281739,0.7973197,0.6094652,2.34527,0.845884,1.033904,2.54324
72057594037937085,0,0.8439522,5983.37,0.7744517,0.7335513,2.481205,0.8239091,1.161057,2.514376,0.7250484,0.9585942,2.514282,0.6402742,0.8495728,2.421103,0.7703964,0.8451226,2.310851,0.7931537,0.8385192,2.292746,0.8782347,0.9762692,2.429615,0.9002687,0.8379805,2.269731,0.7373635,0.8563004,2.328961,0.7155854,0.8495939,2.364541,0.7259342,0.7359489,2.466804,0.7978284,0.5351877,2.367965,0.7074682,0.3656984,2.419029,0.8112472,0.7249359,2.453796,0.7588661,0.8848867,2.281739,0.7973197,0.6094652,2.34527,0.845884,1.033904,2.54324
72057594037937085,0,0.8439522,5983.374,0.7744517,0.7335513,2.481205,0.8239091,1.161057,2.514376,0.7250484,0.9585942,2.514282,0.6402742,0.8495728,2.421103,0.7703964,0.8451226,2.310851,0.7931537,0.8385192,2.292746,0.8782347,0.9762692,2.429615,0.9002687,0.8379805,2.269731,0.7373635,0.8563004,2.328961,0.7155854,0.8495939,2.364541,0.7259342,0.7359489,2.466804,0.7978284,0.5351877,2.367965,0.7074682,0.3656984,2.419029,0.8112472,0.7249359,2.453796,0.7588661,0.8848867,2.281739,0.7973197,0.6094652,2.34527,0.845884,1.033904,2.54324
72057594037937085,0,0.8439522,5983.376,0.7744517,0.7335513,2.481205,0.8239091,1.161057,2.514376,0.7250484,0.9585942,2.514282,0.6402742,0.8495728,2.421103,0.7703964,0.8451226,2.310851,0.7931537,0.8385192,2.292746,0.8782347,0.9762692,2.429615,0.9002687,0.8379805,2.269731,0.7373635,0.8563004,2.328961,0.7155854,0.8495939,2.364541,0.7259342,0.7359489,2.466804,0.7978284,0.5351877,2.367965,0.7074682,0.3656984,2.419029,0.8112472,0.7249359,2.453796,0.7588661,0.8848867,2.281739,0.7973197,0.6094652,2.34527,0.845884,1.033904,2.54324
72057594037937085,0,0.8439522,5983.378,0.7744517,0.7335513,2.481205,0.8239091,1.161057,2.514376,0.7250484,0.9585942,2.514282,0.6402742,0.8495728,2.421103,0.7703964,0.8451226,2.310851,0.7931537,0.8385192,2.292746,0.8782347,0.9762692,2.429615,0.9002687,0.8379805,2.269731,0.7373635,0.8563004,2.328961,0.7155854,0.8495939,2.364541,0.7259342,0.7359489,2.466804,0.7978284,0.5351877,2.367965,0.7074682,0.3656984,2.419029,0.8112472,0.7249359,2.453796,0.7588661,0.8848867,2.281739,0.7973197,0.6094652,2.34527,0.845884,1.033904,2.54324
72057594037937085,0,0.8439522,5983.381,0.7744517,0.7335513,2.481205,0.8239091,1.161057,2.514376,0.7250484,0.9585942,2.514282,0.6402742,0.8495728,2.421103,0.7703964,0.8451226,2.310851,0.7931537,0.8385192,2.292746,0.8782347,0.9762692,2.429615,0.9002687,0.8379805,2.269731,0.7373635,0.8563004,2.328961,0.7155854,0.8495939,2.364541,0.7259342,0.7359489,2.466804,0.7978284,0.5351877,2.367965,0.7074682,0.3656984,2.419029,0.8112472,0.7249359,2.453796,0.7588661,0.8848867,2.281739,0.7973197,0.6094652,2.34527,0.845884,1.033904,2.54324
72057594037937085,0,0.8439522,5983.383,0.7744517,0.7335513,2.481205,0.8239091,1.161057,2.514376,0.7250484,0.9585942,2.514282,0.6402742,0.8495728,2.421103,0.7703964,0.8451226,2.310851,0.7931537,0.8385192,2.292746,0.8782347,0.9762692,2.429615,0.9002687,0.8379805,2.269731,0.7373635,0.8563004,2.328961,0.7155854,0.8495939,2.364541,0.7259342,0.7359489,2.466804,0.7978284,0.5351877,2.367965,0.7074682,0.3656984,2.419029,0.8112472,0.7249359,2.453796,0.7588661,0.8848867,2.281739,0.7973197,0.6094652,2.34527,0.845884,1.033904,2.54324
72057594037937085,0,0.8439522,5983.386,0.7744517,0.7335513,2.481205,0.8239091,1.161057,2.514376,0.7250484,0.9585942,2.514282,0.6402742,0.8495728,2.421103,0.7703964,0.8451226,2.310851,0.7931537,0.8385192,2.292746,0.8782347,0.9762692,2.429615,0.9002687,0.8379805,2.269731,0.7373635,0.8563004,2.328961,0.7155854,0.8495939,2.364541,0.7259342,0.7359489,2.466804,0.7978284,0.5351877,2.367965,0.7074682,0.3656984,2.419029,0.8112472,0.7249359,2.453796,0.7588661,0.8848867,2.281739,0.7973197,0.6094652,2.34527,0.845884,1.033904,2.54324
72057594037937085,0,0.8439522,5983.389,0.7744517,0.7335513,2.481205,0.8239091,1.161057,2.514376,0.7250484,0.9585942,2.514282,0.6402742,0.8495728,2.421103,0.7703964,0.8451226,2.310851,0.7931537,0.8385192,2.292746,0.8782347,0.9762692,2.429615,0.9002687,0.8379805,2.269731,0.7373635,0.8563004,2.328961,0.7155854,0.8495939,2.364541,0.7259342,0.7359489,2.466804,0.7978284,0.5351877,2.367965,0.7074682,0.3656984,2.419029,0.8112472,0.7249359,2.453796,0.7588661,0.8848867,2.281739,0.7973197,0.6094652,2.34527,0.845884,1.033904,2.54324
72057594037937085,0,0.8439522,5983.393,0.7744517,0.7335513,2.481205,0.8239091,1.161057,2.514376,0.7250484,0.9585942,2.514282,0.6402742,0.8495728,2.421103,0.7703964,0.8451226,2.310851,0.7931537,0.8385192,2.292746,0.8782347,0.9762692,2.429615,0.9002687,0.8379805,2.269731,0.7373635,0.8563004,2.328961,0.7155854,0.8495939,2.364541,0.7259342,0.7359489,2.466804,0.7978284,0.5351877,2.367965,0.7074682,0.3656984,2.419029,0.8112472,0.7249359,2.453796,0.7588661,0.8848867,2.281739,0.7973197,0.6094652,2.34527,0.845884,1.033904,2.54324
72057594037937085,0,0.8439522,5983.396,0.7744517,0.7335513,2.481205,0.8239091,1.161057,2.514376,0.7250484,0.9585942,2.514282,0.6402742,0.8495728,2.421103,0.7703964,0.8451226,2.310851,0.7931537,0.8385192,2.292746,0.8782347,0.9762692,2.429615,0.9002687,0.8379805,2.269731,0.7373635,0.8563004,2.328961,0.7155854,0.8495939,2.364541,0.7259342,0.7359489,2.466804,0.7978284,0.5351877,2.367965,0.7074682,0.3656984,2.419029,0.8112472,0.7249359,2.453796,0.7588661,0.8848867,2.281739,0.7973197,0.6094652,2.34527,0.845884,1.033904,2.54324
72057594037937085,0,0.8530439,5983.399,0.7830186,0.7320073,2.478578,0.83035,1.160318,2.512918,0.7275008,0.9579428,2.514375,0.6554927,0.8490994,2.422235,0.8009904,0.834663,2.307501,0.8235515,0.8264669,2.288983,0.881134,0.9756467,2.430828,0.9061161,0.8265196,2.281323,0.7633398,0.8258151,2.330869,0.7456233,0.8295909,2.348743,0.7358788,0.7346549,2.460426,0.7975709,0.5264109,2.37285,0.7063683,0.3577825,2.42718,0.8179792,0.7232838,2.453135,0.6333193,0.8584847,2.444218,0.7042521,0.5904138,2.470767,0.8525701,1.033953,2.541873
72057594037937085,0,0.8530439,5983.402,0.7830186,0.7320073,2.478578,0.83035,1.160318,2.512918,0.7275008,0.9579428,2.514375,0.6554927,0.8490994,2.422235,0.8009904,0.834663,2.307501,0.8235515,0.8264669,2.288983,0.881134,0.9756467,2.430828,0.9061161,0.8265196,2.281323,0.7633398,0.8258151,2.330869,0.7456233,0.8295909,2.348743,0.7358788,0.7346549,2.460426,0.7975709,0.5264109,2.37285,0.7063683,0.3577825,2.42718,0.8179792,0.7232838,2.453135,0.6333193,0.8584847,2.444218,0.7042521,0.5904138,2.470767,0.8525701,1.033953,2.541873
72057594037937085,0,0.8530439,5983.405,0.7830186,0.7320073,2.478578,0.83035,1.160318,2.512918,0.7275008,0.9579428,2.514375,0.6554927,0.8490994,2.422235,0.8009904,0.834663,2.307501,0.8235515,0.8264669,2.288983,0.881134,0.9756467,2.430828,0.9061161,0.8265196,2.281323,0.7633398,0.8258151,2.330869,0.7456233,0.8295909,2.348743,0.7358788,0.7346549,2.460426,0.7975709,0.5264109,2.37285,0.7063683,0.3577825,2.42718,0.8179792,0.7232838,2.453135,0.6333193,0.8584847,2.444218,0.7042521,0.5904138,2.470767,0.8525701,1.033953,2.541873
72057594037937085,0,0.8530439,5983.408,0.7830186,0.7320073,2.478578,0.83035,1.160318,2.512918,0.7275008,0.9579428,2.514375,0.6554927,0.8490994,2.422235,0.8009904,0.834663,2.307501,0.8235515,0.8264669,2.288983,0.881134,0.9756467,2.430828,0.9061161,0.8265196,2.281323,0.7633398,0.8258151,2.330869,0.7456233,0.8295909,2.348743,0.7358788,0.7346549,2.460426,0.7975709,0.5264109,2.37285,0.7063683,0.3577825,2.42718,0.8179792,0.7232838,2.453135,0.6333193,0.8584847,2.444218,0.7042521,0.5904138,2.470767,0.8525701,1.033953,2.541873
72057594037937085,0,0.8530439,5983.411,0.7830186,0.7320073,2.478578,0.83035,1.160318,2.512918,0.7275008,0.9579428,2.514375,0.6554927,0.8490994,2.422235,0.8009904,0.834663,2.307501,0.8235515,0.8264669,2.288983,0.881134,0.9756467,2.430828,0.9061161,0.8265196,2.281323,0.7633398,0.8258151,2.330869,0.7456233,0.8295909,2.348743,0.7358788,0.7346549,2.460426,0.7975709,0.5264109,2.37285,0.7063683,0.3577825,2.42718,0.8179792,0.7232838,2.453135,0.6333193,0.8584847,2.444218,0.7042521,0.5904138,2.470767,0.8525701,1.033953,2.541873
72057594037937085,0,0.8530439,5983.414,0.7830186,0.7320073,2.478578,0.83035,1.160318,2.512918,0.7275008,0.9579428,2.514375,0.6554927,0.8490994,2.422235,0.8009904,0.834663,2.307501,0.8235515,0.8264669,2.288983,0.881134,0.9756467,2.430828,0.9061161,0.8265196,2.281323,0.7633398,0.8258151,2.330869,0.7456233,0.8295909,2.348743,0.7358788,0.7346549,2.460426,0.7975709,0.5264109,2.37285,0.7063683,0.3577825,2.42718,0.8179792,0.7232838,2.453135,0.6333193,0.8584847,2.444218,0.7042521,0.5904138,2.470767,0.8525701,1.033953,2.541873
72057594037937085,0,0.8530439,5983.417,0.7830186,0.7320073,2.478578,0.83035,1.160318,2.512918,0.7275008,0.9579428,2.514375,0.6554927,0.8490994,2.422235,0.8009904,0.834663,2.307501,0.8235515,0.8264669,2.288983,0.881134,0.9756467,2.430828,0.9061161,0.8265196,2.281323,0.7633398,0.8258151,2.330869,0.7456233,0.8295909,2.348743,0.7358788,0.7346549,2.460426,0.7975709,0.5264109,2.37285,0.7063683,0.3577825,2.42718,0.8179792,0.7232838,2.453135,0.6333193,0.8584847,2.444218,0.7042521,0.5904138,2.470767,0.8525701,1.033953,2.541873
72057594037937085,0,0.8530439,5983.419,0.7830186,0.7320073,2.478578,0.83035,1.160318,2.512918,0.7275008,0.9579428,2.514375,0.6554927,0.8490994,2.422235,0.8009904,0.834663,2.307501,0.8235515,0.8264669,2.288983,0.881134,0.9756467,2.430828,0.9061161,0.8265196,2.281323,0.7633398,0.8258151,2.330869,0.7456233,0.8295909,2.348743,0.7358788,0.7346549,2.460426,0.7975709,0.5264109,2.37285,0.7063683,0.3577825,2.42718,0.8179792,0.7232838,2.453135,0.6333193,0.8584847,2.444218,0.7042521,0.5904138,2.470767,0.8525701,1.033953,2.541873
72057594037937085,0,0.8530439,5983.422,0.7830186,0.7320073,2.478578,0.83035,1.160318,2.512918,0.7275008,0.9579428,2.514375,0.6554927,0.8490994,2.422235,0.8009904,0.834663,2.307501,0.8235515,0.8264669,2.288983,0.881134,0.9756467,2.430828,0.9061161,0.8265196,2.281323,0.7633398,0.8258151,2.330869,0.7456233,0.8295909,2.348743,0.7358788,0.7346549,2.460426,0.7975709,0.5264109,2.37285,0.7063683,0.3577825,2.42718,0.8179792,0.7232838,2.453135,0.6333193,0.8584847,2.444218,0.7042521,0.5904138,2.470767,0.8525701,1.033953,2.541873
72057594037937085,0,0.8530439,5983.425,0.7830186,0.7320073,2.478578,0.83035,1.160318,2.512918,0.7275008,0.9579428,2.514375,0.6554927,0.8490994,2.422235,0.8009904,0.834663,2.307501,0.8235515,0.8264669,2.288983,0.881134,0.9756467,2.430828,0.9061161,0.8265196,2.281323,0.7633398,0.8258151,2.330869,0.7456233,0.8295909,2.348743,0.7358788,0.7346549,2.460426,0.7975709,0.5264109,2.37285,0.7063683,0.3577825,2.42718,0.8179792,0.7232838,2.453135,0.6333193,0.8584847,2.444218,0.7042521,0.5904138,2.470767,0.8525701,1.033953,2.541873
72057594037937085,0,0.8530439,5983.428,0.7830186,0.7320073,2.478578,0.83035,1.160318,2.512918,0.7275008,0.9579428,2.514375,0.6554927,0.8490994,2.422235,0.8009904,0.834663,2.307501,0.8235515,0.8264669,2.288983,0.881134,0.9756467,2.430828,0.9061161,0.8265196,2.281323,0.7633398,0.8258151,2.330869,0.7456233,0.8295909,2.348743,0.7358788,0.7346549,2.460426,0.7975709,0.5264109,2.37285,0.7063683,0.3577825,2.42718,0.8179792,0.7232838,2.453135,0.6333193,0.8584847,2.444218,0.7042521,0.5904138,2.470767,0.8525701,1.033953,2.541873
72057594037937085,0,0.8530439,5983.431,0.7830186,0.7320073,2.478578,0.83035,1.160318,2.512918,0.7275008,0.9579428,2.514375,0.6554927,0.8490994,2.422235,0.8009904,0.834663,2.307501,0.8235515,0.8264669,2.288983,0.881134,0.9756467,2.430828,0.9061161,0.8265196,2.281323,0.7633398,0.8258151,2.330869,0.7456233,0.8295909,2.348743,0.7358788,0.7346549,2.460426,0.7975709,0.5264109,2.37285,0.7063683,0.3577825,2.42718,0.8179792,0.7232838,2.453135,0.6333193,0.8584847,2.444218,0.7042521,0.5904138,2.470767,0.8525701,1.033953,2.541873
72057594037937085,0,0.8529664,5983.435,0.7830939,0.7319372,2.479112,0.8411518,1.159361,2.508299,0.7612684,0.959519,2.517386,0.6645548,0.8492186,2.428772,0.8084469,0.7962219,2.308534,0.8335279,0.8034139,2.293948,0.8944296,0.9728999,2.430139,0.9287445,0.8236949,2.293382,0.7917102,0.8478232,2.350899,0.7539032,0.8473603,2.375869,0.7366413,0.7353225,2.461834,0.8074893,0.5292079,2.378222,0.7127209,0.3616959,2.43244,0.8174852,0.722671,2.45338,0.6291321,0.8529961,2.443996,0.8048449,0.6281277,2.386449,0.8598262,1.033892,2.539369
72057594037937085,0,0.8529664,5983.438,0.7830939,0.7319372,2.479112,0.8411518,1.159361,2.508299,0.7612684,0.959519,2.517386,0.6645548,0.8492186,2.428772,0.8084469,0.7962219,2.308534,0.8335279,0.8034139,2.293948,0.8944296,0.9728999,2.430139,0.9287445,0.8236949,2.293382,0.7917102,0.8478232,2.350899,0.7539032,0.8473603,2.375869,0.7366413,0.7353225,2.461834,0.8074893,0.5292079,2.378222,0.7127209,0.3616959,2.43244,0.8174852,0.722671,2.45338,0.6291321,0.8529961,2.443996,0.8048449,0.6281277,2.386449,0.8598262,1.033892,2.539369
72057594037937085,0,0.8529664,5983.44,0.7830939,0.7319372,2.479112,0.8411518,1.159361,2.508299,0.7612684,0.959519,2.517386,0.6645548,0.8492186,2.428772,0.8084469,0.7962219,2.308534,0.8335279,0.8034139,2.293948,0.8944296,0.9728999,2.430139,0.9287445,0.8236949,2.293382,0.7917102,0.8478232,2.350899,0.7539032,0.8473603,2.375869,0.7366413,0.7353225,2.461834,0.8074893,0.5292079,2.378222,0.7127209,0.3616959,2.43244,0.8174852,0.722671,2.45338,0.6291321,0.8529961,2.443996,0.8048449,0.6281277,2.386449,0.8598262,1.033892,2.539369
72057594037937085,0,0.8529664,5983.444,0.7830939,0.7319372,2.479112,0.8411518,1.159361,2.508299,0.7612684,0.959519,2.517386,0.6645548,0.8492186,2.428772,0.8084469,0.7962219,2.308534,0.8335279,0.8034139,2.293948,0.8944296,0.9728999,2.430139,0.9287445,0.8236949,2.293382,0.7917102,0.8478232,2.350899,0.7539032,0.8473603,2.375869,0.7366413,0.7353225,2.461834,0.8074893,0.5292079,2.378222,0.7127209,0.3616959,2.43244,0.8174852,0.722671,2.45338,0.6291321,0.8529961,2.443996,0.8048449,0.6281277,2.386449,0.8598262,1.033892,2.539369
72057594037937085,0,0.8529664,5983.446,0.7830939,0.7319372,2.479112,0.8411518,1.159361,2.508299,0.7612684,0.959519,2.517386,0.6645548,0.8492186,2.428772,0.8084469,0.7962219,2.308534,0.8335279,0.8034139,2.293948,0.8944296,0.9728999,2.430139,0.9287445,0.8236949,2.293382,0.7917102,0.8478232,2.350899,0.7539032,0.8473603,2.375869,0.7366413,0.7353225,2.461834,0.8074893,0.5292079,2.378222,0.7127209,0.3616959,2.43244,0.8174852,0.722671,2.45338,0.6291321,0.8529961,2.443996,0.8048449,0.6281277,2.386449,0.8598262,1.033892,2.539369
72057594037937085,0,0.8529664,5983.449,0.7830939,0.7319372,2.479112,0.8411518,1.159361,2.508299,0.7612684,0.959519,2.517386,0.6645548,0.8492186,2.428772,0.8084469,0.7962219,2.308534,0.8335279,0.8034139,2.293948,0.8944296,0.9728999,2.430139,0.9287445,0.8236949,2.293382,0.7917102,0.8478232,2.350899,0.7539032,0.8473603,2.375869,0.7366413,0.7353225,2.461834,0.8074893,0.5292079,2.378222,0.7127209,0.3616959,2.43244,0.8174852,0.722671,2.45338,0.6291321,0.8529961,2.443996,0.8048449,0.6281277,2.386449,0.8598262,1.033892,2.539369
72057594037937085,0,0.8529664,5983.451,0.7830939,0.7319372,2.479112,0.8411518,1.159361,2.508299,0.7612684,0.959519,2.517386,0.6645548,0.8492186,2.428772,0.8084469,0.7962219,2.308534,0.8335279,0.8034139,2.293948,0.8944296,0.9728999,2.430139,0.9287445,0.8236949,2.293382,0.7917102,0.8478232,2.350899,0.7539032,0.8473603,2.375869,0.7366413,0.7353225,2.461834,0.8074893,0.5292079,2.378222,0.7127209,0.3616959,2.43244,0.8174852,0.722671,2.45338,0.6291321,0.8529961,2.443996,0.8048449,0.6281277,2.386449,0.8598262,1.033892,2.539369
72057594037937085,0,0.8529664,5983.454,0.7830939,0.7319372,2.479112,0.8411518,1.159361,2.508299,0.7612684,0.959519,2.517386,0.6645548,0.8492186,2.428772,0.8084469,0.7962219,2.308534,0.8335279,0.8034139,2.293948,0.8944296,0.9728999,2.430139,0.9287445,0.8236949,2.293382,0.7917102,0.8478232,2.350899,0.7539032,0.8473603,2.375869,0.7366413,0.7353225,2.461834,0.8074893,0.5292079,2.378222,0.7127209,0.3616959,2.43244,0.8174852,0.722671,2.45338,0.6291321,0.8529961,2.443996,0.8048449,0.6281277,2.386449,0.8598262,1.033892,2.539369
72057594037937085,0,0.8529664,5983.457,0.7830939,0.7319372,2.479112,0.8411518,1.159361,2.508299,0.7612684,0.959519,2.517386,0.6645548,0.8492186,2.428772,0.8084469,0.7962219,2.308534,0.8335279,0.8034139,2.293948,0.8944296,0.9728999,2.430139,0.9287445,0.8236949,2.293382,0.7917102,0.8478232,2.350899,0.7539032,0.8473603,2.375869,0.7366413,0.7353225,2.461834,0.8074893,0.5292079,2.378222,0.7127209,0.3616959,2.43244,0.8174852,0.722671,2.45338,0.6291321,0.8529961,2.443996,0.8048449,0.6281277,2.386449,0.8598262,1.033892,2.539369
72057594037937085,0,0.8529664,5983.459,0.7830939,0.7319372,2.479112,0.8411518,1.159361,2.508299,0.7612684,0.959519,2.517386,0.6645548,0.8492186,2.428772,0.8084469,0.7962219,2.308534,0.8335279,0.8034139,2.293948,0.8944296,0.9728999,2.430139,0.9287445,0.8236949,2.293382,0.7917102,0.8478232,2.350899,0.7539032,0.8473603,2.375869,0.7366413,0.7353225,2.461834,0.8074893,0.5292079,2.378222,0.7127209,0.3616959,2.43244,0.8174852,0.722671,2.45338,0.6291321,0.8529961,2.443996,0.8048449,0.6281277,2.386449,0.8598262,1.033892,2.539369
72057594037937085,0,0.8529664,5983.462,0.7830939,0.7319372,2.479112,0.8411518,1.159361,2.508299,0.7612684,0.959519,2.517386,0.6645548,0.8492186,2.428772,0.8084469,0.7962219,2.308534,0.8335279,0.8034139,2.293948,0.8944296,0.9728999,2.430139,0.9287445,0.8236949,2.293382,0.7917102,0.8478232,2.350899,0.7539032,0.8473603,2.375869,0.7366413,0.7353225,2.461834,0.8074893,0.5292079,2.378222,0.7127209,0.3616959,2.43244,0.8174852,0.722671,2.45338,0.6291321,0.8529961,2.443996,0.8048449,0.6281277,2.386449,0.8598262,1.033892,2.539369
72057594037937085,0,0.8529664,5983.466,0.7830939,0.7319372,2.479112,0.8411518,1.159361,2.508299,0.7612684,0.959519,2.517386,0.6645548,0.8492186,2.428772,0.8084469,0.7962219,2.308534,0.8335279,0.8034139,2.293948,0.8944296,0.9728999,2.430139,0.9287445,0.8236949,2.293382,0.7917102,0.8478232,2.350899,0.7539032,0.8473603,2.375869,0.7366413,0.7353225,2.461834,0.8074893,0.5292079,2.378222,0.7127209,0.3616959,2.43244,0.8174852,0.722671,2.45338,0.6291321,0.8529961,2.443996,0.8048449,0.6281277,2.386449,0.8598262,1.033892,2.539369
72057594037937085,0,0.8317266,5983.47,0.7623826,0.7167753,2.494814,0.8453192,1.160199,2.506007,0.7553195,0.9517081,2.513045,0.6843776,0.8315365,2.437771,0.8107744,0.7949996,2.312063,0.8460652,0.8005127,2.30426,0.8945305,0.9729324,2.430117,0.9316162,0.8195052,2.295561,0.7886664,0.8169128,2.343678,0.7728224,0.8117032,2.35889,0.7213944,0.7260858,2.468785,0.8501531,0.5674205,2.353191,0.7401836,0.4322955,2.444407,0.7891122,0.6997565,2.479738,0.6586567,0.8857068,2.452086,0.8037589,0.6226721,2.382082,0.8600889,1.033881,2.538981
72057594037937085,0,0.8317266,5983.473,0.7623826,0.7167753,2.494814,0.8453192,1.160199,2.506007,0.7553195,0.9517081,2.513045,0.6843776,0.8315365,2.437771,0.8107744,0.7949996,2.312063,0.8460652,0.8005127,2.30426,0.8945305,0.9729324,2.430117,0.9316162,0.8195052,2.295561,0.7886664,0.8169128,2.343678,0.7728224,0.8117032,2.35889,0.7213944,0.7260858,2.468785,0.8501531,0.5674205,2.353191,0.7401836,0.4322955,2.444407,0.7891122,0.6997565,2.479738,0.6586567,0.8857068,2.452086,0.8037589,0.6226721,2.382082,0.8600889,1.033881,2.538981
72057594037937085,0,0.8317266,5983.476,0.7623826,0.7167753,2.494814,0.8453192,1.160199,2.506007,0.7553195,0.9517081,2.513045,0.6843776,0.8315365,2.437771,0.8107744,0.7949996,2.312063,0.8460652,0.8005127,2.30426,0.8945305,0.9729324,2.430117,0.9316162,0.8195052,2.295561,0.7886664,0.8169128,2.343678,0.7728224,0.8117032,2.35889,0.7213944,0.7260858,2.468785,0.8501531,0.5674205,2.353191,0.7401836,0.4322955,2.444407,0.7891122,0.6997565,2.479738,0.6586567,0.8857068,2.452086,0.8037589,0.6226721,2.382082,0.8600889,1.033881,2.538981
72057594037937085,0,0.8317266,5983.479,0.7623826,0.7167753,2.494814,0.8453192,1.160199,2.506007,0.7553195,0.9517081,2.513045,0.6843776,0.8315365,2.437771,0.8107744,0.7949996,2.312063,0.8460652,0.8005127,2.30426,0.8945305,0.9729324,2.430117,0.9316162,0.8195052,2.295561,0.7886664,0.8169128,2.343678,0.7728224,0.8117032,2.35889,0.7213944,0.7260858,2.468785,0.8501531,0.5674205,2.353191,0.7401836,0.4322955,2.444407,0.7891122,0.6997565,2.479738,0.6586567,0.8857068,2.452086,0.8037589,0.6226721,2.382082,0.8600889,1.033881,2.538981
72057594037937085,0,0.8317266,5983.482,0.7623826,0.7167753,2.494814,0.8453192,1.160199,2.506007,0.7553195,0.9517081,2.513045,0.6843776,0.8315365,2.437771,0.8107744,0.7949996,2.312063,0.8460652,0.8005127,2.30426,0.8945305,0.9729324,2.430117,0.9316162,0.8195052,2.295561,0.7886664,0.8169128,2.343678,0.7728224,0.8117032,2.35889,0.7213944,0.7260858,2.468785,0.8501531,0.5674205,2.353191,0.7401836,0.4322955,2.444407,0.7891122,0.6997565,2.479738,0.6586567,0.8857068,2.452086,0.8037589,0.6226721,2.382082,0.8600889,1.033881,2.538981
72057594037937085,0,0.8317266,5983.485,0.7623826,0.7167753,2.494814,0.8453192,1.160199,2.506007,0.7553195,0.9517081,2.513045,0.6843776,0.8315365,2.437771,0.8107744,0.7949996,2.312063,0.8460652,0.8005127,2.30426,0.8945305,0.9729324,2.430117,0.9316162,0.8195052,2.295561,0.7886664,0.8169128,2.343678,0.7728224,0.8117032,2.35889,0.7213944,0.7260858,2.468785,0.8501531,0.5674205,2.353191,0.7401836,0.4322955,2.444407,0.7891122,0.6997565,2.479738,0.6586567,0.8857068,2.452086,0.8037589,0.6226721,2.382082,0.8600889,1.033881,2.538981
72057594037937085,0,0.8317266,5983.488,0.7623826,0.7167753,2.494814,0.8453192,1.160199,2.506007,0.7553195,0.9517081,2.513045,0.6843776,0.8315365,2.437771,0.8107744,0.7949996,2.312063,0.8460652,0.8005127,2.30426,0.8945305,0.9729324,2.430117,0.9316162,0.8195052,2.295561,0.7886664,0.8169128,2.343678,0.7728224,0.8117032,2.35889,0.7213944,0.7260858,2.468785,0.8501531,0.5674205,2.353191,0.7401836,0.4322955,2.444407,0.7891122,0.6997565,2.479738,0.6586567,0.8857068,2.452086,0.8037589,0.6226721,2.382082,0.8600889,1.033881,2.538981
72057594037937085,0,0.8317266,5983.491,0.7623826,0.7167753,2.494814,0.8453192,1.160199,2.506007,0.7553195,0.9517081,2.513045,0.6843776,0.8315365,2.437771,0.8107744,0.7949996,2.312063,0.8460652,0.8005127,2.30426,0.8945305,0.9729324,2.430117,0.9316162,0.8195052,2.295561,0.7886664,0.8169128,2.343678,0.7728224,0.8117032,2.35889,0.7213944,0.7260858,2.468785,0.8501531,0.5674205,2.353191,0.7401836,0.4322955,2.444407,0.7891122,0.6997565,2.479738,0.6586567,0.8857068,2.452086,0.8037589,0.6226721,2.382082,0.8600889,1.033881,2.538981
72057594037937085,0,0.8317266,5983.494,0.7623826,0.7167753,2.494814,0.8453192,1.160199,2.506007,0.7553195,0.9517081,2.513045,0.6843776,0.8315365,2.437771,0.8107744,0.7949996,2.312063,0.8460652,0.8005127,2.30426,0.8945305,0.9729324,2.430117,0.9316162,0.8195052,2.295561,0.7886664,0.8169128,2.343678,0.7728224,0.8117032,2.35889,0.7213944,0.7260858,2.468785,0.8501531,0.5674205,2.353191,0.7401836,0.4322955,2.444407,0.7891122,0.6997565,2.479738,0.6586567,0.8857068,2.452086,0.8037589,0.6226721,2.382082,0.8600889,1.033881,2.538981
72057594037937085,0,0.8317266,5983.496,0.7623826,0.7167753,2.494814,0.8453192,1.160199,2.506007,0.7553195,0.9517081,2.513045,0.6843776,0.8315365,2.437771,0.8107744,0.7949996,2.312063,0.8460652,0.8005127,2.30426,0.8945305,0.9729324,2.430117,0.9316162,0.8195052,2.295561,0.7886664,0.8169128,2.343678,0.7728224,0.8117032,2.35889,0.7213944,0.7260858,2.468785,0.8501531,0.5674205,2.353191,0.7401836,0.4322955,2.444407,0.7891122,0.6997565,2.479738,0.6586567,0.8857068,2.452086,0.8037589,0.6226721,2.382082,0.8600889,1.033881,2.538981
72057594037937085,0,0.8317266,5983.499,0.7623826,0.7167753,2.494814,0.8453192,1.160199,2.506007,0.7553195,0.9517081,2.513045,0.6843776,0.8315365,2.437771,0.8107744,0.7949996,2.312063,0.8460652,0.8005127,2.30426,0.8945305,0.9729324,2.430117,0.9316162,0.8195052,2.295561,0.7886664,0.8169128,2.343678,0.7728224,0.8117032,2.35889,0.7213944,0.7260858,2.468785,0.8501531,0.5674205,2.353191,0.7401836,0.4322955,2.444407,0.7891122,0.6997565,2.479738,0.6586567,0.8857068,2.452086,0.8037589,0.6226721,2.382082,0.8600889,1.033881,2.538981
72057594037937085,0,0.8310276,5983.501,0.7617883,0.7160712,2.495787,0.8528698,1.160572,2.503414,0.7636485,0.9423699,2.509763,0.6846731,0.8219591,2.447124,0.8126002,0.7820286,2.324034,0.8436023,0.790621,2.32436,0.9113117,0.964515,2.419585,0.9386988,0.8263308,2.307872,0.9115365,0.6780081,2.287208,0.9034002,0.6289984,2.282677,0.7203941,0.7245332,2.470208,0.8512321,0.5668395,2.356332,0.7441542,0.4180425,2.430897,0.789059,0.6997778,2.479879,0.6417853,0.8735312,2.453592,0.7996535,0.5828689,2.355964,0.8670915,1.034624,2.5372
72057594037937085,0,0.8310276,5983.505,0.7617883,0.7160712,2.495787,0.8528698,1.160572,2.503414,0.7636485,0.9423699,2.509763,0.6846731,0.8219591,2.447124,0.8126002,0.7820286,2.324034,0.8436023,0.790621,2.32436,0.9113117,0.964515,2.419585,0.9386988,0.8263308,2.307872,0.9115365,0.6780081,2.287208,0.9034002,0.6289984,2.282677,0.7203941,0.7245332,2.470208,0.8512321,0.5668395,2.356332,0.7441542,0.4180425,2.430897,0.789059,0.6997778,2.479879,0.6417853,0.8735312,2.453592,0.7996535,0.5828689,2.355964,0.8670915,1.034624,2.5372
72057594037937085,0,0.8310276,5983.508,0.7617883,0.7160712,2.495787,0.8528698,1.160572,2.503414,0.7636485,0.9423699,2.509763,0.6846731,0.8219591,2.447124,0.8126002,0.7820286,2.324034,0.8436023,0.790621,2.32436,0.9113117,0.964515,2.419585,0.9386988,0.8263308,2.307872,0.9115365,0.6780081,2.287208,0.9034002,0.6289984,2.282677,0.7203941,0.7245332,2.470208,0.8512321,0.5668395,2.356332,0.7441542,0.4180425,2.430897,0.789059,0.6997778,2.479879,0.6417853,0.8735312,2.453592,0.7996535,0.5828689,2.355964,0.8670915,1.034624,2.5372
72057594037937085,0,0.8310276,5983.512,0.7617883,0.7160712,2.495787,0.8528698,1.160572,2.503414,0.7636485,0.9423699,2.509763,0.6846731,0.8219591,2.447124,0.8126002,0.7820286,2.324034,0.8436023,0.790621,2.32436,0.9113117,0.964515,2.419585,0.9386988,0.8263308,2.307872,0.9115365,0.6780081,2.287208,0.9034002,0.6289984,2.282677,0.7203941,0.7245332,2.470208,0.8512321,0.5668395,2.356332,0.7441542,0.4180425,2.430897,0.789059,0.6997778,2.479879,0.6417853,0.8735312,2.453592,0.7996535,0.5828689,2.355964,0.8670915,1.034624,2.5372
72057594037937085,0,0.8310276,5983.515,0.7617883,0.7160712,2.495787,0.8528698,1.160572,2.503414,0.7636485,0.9423699,2.509763,0.6846731,0.8219591,2.447124,0.8126002,0.7820286,2.324034,0.8436023,0.790621,2.32436,0.9113117,0.964515,2.419585,0.9386988,0.8263308,2.307872,0.9115365,0.6780081,2.287208,0.9034002,0.6289984,2.282677,0.7203941,0.7245332,2.470208,0.8512321,0.5668395,2.356332,0.7441542,0.4180425,2.430897,0.789059,0.6997778,2.479879,0.6417853,0.8735312,2.453592,0.7996535,0.5828689,2.355964,0.8670915,1.034624,2.5372
72057594037937085,0,0.8310276,5983.519,0.7617883,0.7160712,2.495787,0.8528698,1.160572,2.503414,0.7636485,0.9423699,2.509763,0.6846731,0.8219591,2.447124,0.8126002,0.7820286,2.324034,0.8436023,0.790621,2.32436,0.9113117,0.964515,2.419585,0.9386988,0.8263308,2.307872,0.9115365,0.6780081,2.287208,0.9034002,0.6289984,2.282677,0.7203941,0.7245332,2.470208,0.8512321,0.5668395,2.356332,0.7441542,0.4180425,2.430897,0.789059,0.6997778,2.479879,0.6417853,0.8735312,2.453592,0.7996535,0.5828689,2.355964,0.8670915,1.034624,2.5372
72057594037937085,0,0.8310276,5983.521,0.7617883,0.7160712,2.495787,0.8528698,1.160572,2.503414,0.7636485,0.9423699,2.509763,0.6846731,0.8219591,2.447124,0.8126002,0.7820286,2.324034,0.8436023,0.790621,2.32436,0.9113117,0.964515,2.419585,0.9386988,0.8263308,2.307872,0.9115365,0.6780081,2.287208,0.9034002,0.6289984,2.282677,0.7203941,0.7245332,2.470208,0.8512321,0.5668395,2.356332,0.7441542,0.4180425,2.430897,0.789059,0.6997778,2.479879,0.6417853,0.8735312,2.453592,0.7996535,0.5828689,2.355964,0.8670915,1.034624,2.5372
72057594037937085,0,0.8310276,5983.525,0.7617883,0.7160712,2.495787,0.8528698,1.160572,2.503414,0.7636485,0.9423699,2.509763,0.6846731,0.8219591,2.447124,0.8126002,0.7820286,2.324034,0.8436023,0.790621,2.32436,0.9113117,0.964515,2.419585,0.9386988,0.8263308,2.307872,0.9115365,0.6780081,2.287208,0.9034002,0.6289984,2.282677,0.7203941,0.7245332,2.470208,0.8512321,0.5668395,2.356332,0.7441542,0.4180425,2.430897,0.789059,0.6997778,2.479879,0.6417853,0.8735312,2.453592,0.7996535,0.5828689,2.355964,0.8670915,1.034624,2.5372
72057594037937085,0,0.8310276,5983.529,0.7617883,0.7160712,2.495787,0.8528698,1.160572,2.503414,0.7636485,0.9423699,2.509763,0.6846731,0.8219591,2.447124,0.8126002,0.7820286,2.324034,0.8436023,0.790621,2.32436,0.9113117,0.964515,2.419585,0.9386988,0.8263308,2.307872,0.9115365,0.6780081,2.287208,0.9034002,0.6289984,2.282677,0.7203941,0.7245332,2.470208,0.8512321,0.5668395,2.356332,0.7441542,0.4180425,2.430897,0.789059,0.6997778,2.479879,0.6417853,0.8735312,2.453592,0.7996535,0.5828689,2.355964,0.8670915,1.034624,2.5372
72057594037937085,0,0.8310276,5983.533,0.7617883,0.7160712,2.495787,0.8528698,1.160572,2.503414,0.7636485,0.9423699,2.509763,0.6846731,0.8219591,2.447124,0.8126002,0.7820286,2.324034,0.8436023,0.790621,2.32436,0.9113117,0.964515,2.419585,0.9386988,0.8263308,2.307872,0.9115365,0.6780081,2.287208,0.9034002,0.6289984,2.282677,0.7203941,0.7245332,2.470208,0.8512321,0.5668395,2.356332,0.7441542,0.4180425,2.430897,0.789059,0.6997778,2.479879,0.6417853,0.8735312,2.453592,0.7996535,0.5828689,2.355964,0.8670915,1.034624,2.5372
72057594037937085,0,0.8310844,5983.537,0.7620556,0.7158293,2.496627,0.8575984,1.160395,2.50256,0.7644851,0.9380119,2.507829,0.6893005,0.8107206,2.462246,0.8261858,0.7893913,2.341631,0.8611975,0.7945913,2.338704,0.909011,0.9649055,2.420586,0.9416774,0.8290937,2.319433,0.9894591,0.6925323,2.278533,1.006307,0.6474465,2.26726,0.7207999,0.7234505,2.47135,0.8501316,0.5654667,2.357116,0.7491261,0.4080903,2.416697,0.7893443,0.700218,2.480193,0.6792481,0.891688,2.501214,0.8073618,0.6442767,2.378734,0.8674762,1.034241,2.537757
72057594037937085,0,0.8310844,5983.54,0.7620556,0.7158293,2.496627,0.8575984,1.160395,2.50256,0.7644851,0.9380119,2.507829,0.6893005,0.8107206,2.462246,0.8261858,0.7893913,2.341631,0.8611975,0.7945913,2.338704,0.909011,0.9649055,2.420586,0.9416774,0.8290937,2.319433,0.9894591,0.6925323,2.278533,1.006307,0.6474465,2.26726,0.7207999,0.7234505,2.47135,0.8501316,0.5654667,2.357116,0.7491261,0.4080903,2.416697,0.7893443,0.700218,2.480193,0.6792481,0.891688,2.501214,0.8073618,0.6442767,2.378734,0.8674762,1.034241,2.537757
72057594037937085,0,0.8310844,5983.542,0.7620556,0.7158293,2.496627,0.8575984,1.160395,2.50256,0.7644851,0.9380119,2.507829,0.6893005,0.8107206,2.462246,0.8261858,0.7893913,2.341631,0.8611975,0.7945913,2.338704,0.909011,0.9649055,2.420586,0.9416774,0.8290937,2.319433,0.9894591,0.6925323,2.278533,1.006307,0.6474465,2.26726,0.7207999,0.7234505,2.47135,0.8501316,0.5654667,2.357116,0.7491261,0.4080903,2.416697,0.7893443,0.700218,2.480193,0.6792481,0.891688,2.501214,0.8073618,0.6442767,2.378734,0.8674762,1.034241,2.537757
72057594037937085,0,0.8310844,5983.546,0.7620556,0.7158293,2.496627,0.8575984,1.160395,2.50256,0.7644851,0.9380119,2.507829,0.6893005,0.8107206,2.462246,0.8261858,0.7893913,2.341631,0.8611975,0.7945913,2.338704,0.909011,0.9649055,2.420586,0.9416774,0.8290937,2.319433,0.9894591,0.6925323,2.278533,1.006307,0.6474465,2.26726,0.7207999,0.7234505,2.47135,0.8501316,0.5654667,2.357116,0.7491261,0.4080903,2.416697,0.7893443,0.700218,2.480193,0.6792481,0.891688,2.501214,0.8073618,0.6442767,2.378734,0.8674762,1.034241,2.537757
72057594037937085,0,0.8310844,5983.549,0.7620556,0.7158293,2.496627,0.8575984,1.160395,2.50256,0.7644851,0.9380119,2.507829,0.6893005,0.8107206,2.462246,0.8261858,0.7893913,2.341631,0.8611975,0.7945913,2.338704,0.909011,0.9649055,2.420586,0.9416774,0.8290937,2.319433,0.9894591,0.6925323,2.278533,1.006307,0.6474465,2.26726,0.7207999,0.7234505,2.47135,0.8501316,0.5654667,2.357116,0.7491261,0.4080903,2.416697,0.7893443,0.700218,2.480193,0.6792481,0.891688,2.501214,0.8073618,0.6442767,2.378734,0.8674762,1.034241,2.537757
72057594037937085,0,0.8310844,5983.552,0.7620556,0.7158293,2.496627,0.8575984,1.160395,2.50256,0.7644851,0.9380119,2.507829,0.6893005,0.8107206,2.462246,0.8261858,0.7893913,2.341631,0.8611975,0.7945913,2.338704,0.909011,0.9649055,2.420586,0.9416774,0.8290937,2.319433,0.9894591,0.6925323,2.278533,1.006307,0.6474465,2.26726,0.7207999,0.7234505,2.47135,0.8501316,0.5654667,2.357116,0.7491261,0.4080903,2.416697,0.7893443,0.700218,2.480193,0.6792481,0.891688,2.501214,0.8073618,0.6442767,2.378734,0.8674762,1.034241,2.537757
72057594037937085,0,0.8310844,5983.555,0.7620556,0.7158293,2.496627,0.8575984,1.160395,2.50256,0.7644851,0.9380119,2.507829,0.6893005,0.8107206,2.462246,0.8261858,0.7893913,2.341631,0.8611975,0.7945913,2.338704,0.909011,0.9649055,2.420586,0.9416774,0.8290937,2.319433,0.9894591,0.6925323,2.278533,1.006307,0.6474465,2.26726,0.7207999,0.7234505,2.47135,0.8501316,0.5654667,2.357116,0.7491261,0.4080903,2.416697,0.7893443,0.700218,2.480193,0.6792481,0.891688,2.501214,0.8073618,0.6442767,2.378734,0.8674762,1.034241,2.537757
72057594037937085,0,0.8310844,5983.559,0.7620556,0.7158293,2.496627,0.8575984,1.160395,2.50256,0.7644851,0.9380119,2.507829,0.6893005,0.8107206,2.462246,0.8261858,0.7893913,2.341631,0.8611975,0.7945913,2.338704,0.909011,0.9649055,2.420586,0.9416774,0.8290937,2.319433,0.9894591,0.6925323,2.278533,1.006307,0.6474465,2.26726,0.7207999,0.7234505,2.47135,0.8501316,0.5654667,2.357116,0.7491261,0.4080903,2.416697,0.7893443,0.700218,2.480193,0.6792481,0.891688,2.501214,0.8073618,0.6442767,2.378734,0.8674762,1.034241,2.537757
72057594037937085,0,0.8310844,5983.562,0.7620556,0.7158293,2.496627,0.8575984,1.160395,2.50256,0.7644851,0.9380119,2.507829,0.6893005,0.8107206,2.462246,0.8261858,0.7893913,2.341631,0.8611975,0.7945913,2.338704,0.909011,0.9649055,2.420586,0.9416774,0.8290937,2.319433,0.9894591,0.6925323,2.278533,1.006307,0.6474465,2.26726,0.7207999,0.7234505,2.47135,0.8501316,0.5654667,2.357116,0.7491261,0.4080903,2.416697,0.7893443,0.700218,2.480193,0.6792481,0.891688,2.501214,0.8073618,0.6442767,2.378734,0.8674762,1.034241,2.537757
72057594037937085,0,0.8310844,5983.565,0.7620556,0.7158293,2.496627,0.8575984,1.160395,2.50256,0.7644851,0.9380119,2.507829,0.6893005,0.8107206,2.462246,0.8261858,0.7893913,2.341631,0.8611975,0.7945913,2.338704,0.909011,0.9649055,2.420586,0.9416774,0.8290937,2.319433,0.9894591,0.6925323,2.278533,1.006307,0.6474465,2.26726,0.7207999,0.7234505,2.47135,0.8501316,0.5654667,2.357116,0.7491261,0.4080903,2.416697,0.7893443,0.700218,2.480193,0.6792481,0.891688,2.501214,0.8073618,0.6442767,2.378734,0.8674762,1.034241,2.537757
72057594037937085,0,0.8319533,5983.568,0.7653729,0.7130683,2.506587,0.8609082,1.159641,2.501174,0.7648205,0.9381743,2.508102,0.7011514,0.802516,2.481302,0.8007139,0.8734505,2.395828,0.8433642,0.8900981,2.410068,0.911823,0.9622445,2.4169,0.9528443,0.8300891,2.325925,1.004761,0.6945238,2.29401,1.022995,0.6497713,2.285734,0.7252475,0.7163921,2.494735,0.8403477,0.5741514,2.348052,0.7406439,0.4153275,2.402693,0.7912213,0.7003134,2.481618,0.7428415,0.9152128,2.456168,0.7948284,0.6673369,2.369306,0.8676851,1.034231,2.537912
72057594037937085,0,0.8319533,5983.571,0.7653729,0.7130683,2.506587,0.8609082,1.159641,2.501174,0.7648205,0.9381743,2.508102,0.7011514,0.802516,2.481302,0.8007139,0.8734505,2.395828,0.8433642,0.8900981,2.410068,0.911823,0.9622445,2.4169,0.9528443,0.8300891,2.325925,1.004761,0.6945238,2.29401,1.022995,0.6497713,2.285734,0.7252475,0.7163921,2.494735,0.8403477,0.5741514,2.348052,0.7406439,0.4153275,2.402693,0.7912213,0.7003134,2.481618,0.7428415,0.9152128,2.456168,0.7948284,0.6673369,2.369306,0.8676851,1.034231,2.537912
72057594037937085,0,0.8319533,5983.574,0.7653729,0.7130683,2.506587,0.8609082,1.159641,2.501174,0.7648205,0.9381743,2.508102,0.7011514,0.802516,2.481302,0.8007139,0.8734505,2.395828,0.8433642,0.8900981,2.410068,0.911823,0.9622445,2.4169,0.9528443,0.8300891,2.325925,1.004761,0.6945238,2.29401,1.022995,0.6497713,2.285734,0.7252475,0.7163921,2.494735,0.8403477,0.5741514,2.348052,0.7406439,0.4153275,2.402693,0.7912213,0.7003134,2.481618,0.7428415,0.9152128,2.456168,0.7948284,0.6673369,2.369306,0.8676851,1.034231,2.537912
72057594037937085,0,0.8319533,5983.577,0.7653729,0.7130683,2.506587,0.8609082,1.159641,2.501174,0.7648205,0.9381743,2.508102,0.7011514,0.802516,2.481302,0.8007139,0.8734505,2.395828,0.8433642,0.8900981,2.410068,0.911823,0.9622445,2.4169,0.9528443,0.8300891,2.325925,1.004761,0.6945238,2.29401,1.022995,0.6497713,2.285734,0.7252475,0.7163921,2.494735,0.8403477,0.5741514,2.348052,0.7406439,0.4153275,2.402693,0.7912213,0.7003134,2.481618,0.7428415,0.9152128,2.456168,0.7948284,0.6673369,2.369306,0.8676851,1.034231,2.537912
72057594037937085,0,0.8319533,5983.58,0.7653729,0.7130683,2.506587,0.8609082,1.159641,2.501174,0.7648205,0.9381743,2.508102,0.7011514,0.802516,2.481302,0.8007139,0.8734505,2.395828,0.8433642,0.8900981,2.410068,0.911823,0.9622445,2.4169,0.9528443,0.8300891,2.325925,1.004761,0.6945238,2.29401,1.022995,0.6497713,2.285734,0.7252475,0.7163921,2.494735,0.8403477,0.5741514,2.348052,0.7406439,0.4153275,2.402693,0.7912213,0.7003134,2.481618,0.7428415,0.9152128,2.456168,0.7948284,0.6673369,2.369306,0.8676851,1.034231,2.537912
72057594037937085,0,0.8319533,5983.583,0.7653729,0.7130683,2.506587,0.8609082,1.159641,2.501174,0.7648205,0.9381743,2.508102,0.7011514,0.802516,2.481302,0.8007139,0.8734505,2.395828,0.8433642,0.8900981,2.410068,0.911823,0.9622445,2.4169,0.9528443,0.8300891,2.325925,1.004761,0.6945238,2.29401,1.022995,0.6497713,2.285734,0.7252475,0.7163921,2.494735,0.8403477,0.5741514,2.348052,0.7406439,0.4153275,2.402693,0.7912213,0.7003134,2.481618,0.7428415,0.9152128,2.456168,0.7948284,0.6673369,2.369306,0.8676851,1.034231,2.537912
72057594037937085,0,0.8319533,5983.586,0.7653729,0.7130683,2.506587,0.8609082,1.159641,2.501174,0.7648205,0.9381743,2.508102,0.7011514,0.802516,2.481302,0.8007139,0.8734505,2.395828,0.8433642,0.8900981,2.410068,0.911823,0.9622445,2.4169,0.9528443,0.8300891,2.325925,1.004761,0.6945238,2.29401,1.022995,0.6497713,2.285734,0.7252475,0.7163921,2.494735,0.8403477,0.5741514,2.348052,0.7406439,0.4153275,2.402693,0.7912213,0.7003134,2.481618,0.7428415,0.9152128,2.456168,0.7948284,0.6673369,2.369306,0.8676851,1.034231,2.537912
72057594037937085,0,0.8319533,5983.589,0.7653729,0.7130683,2.506587,0.8609082,1.159641,2.501174,0.7648205,0.9381743,2.508102,0.7011514,0.802516,2.481302,0.8007139,0.8734505,2.395828,0.8433642,0.8900981,2.410068,0.911823,0.9622445,2.4169,0.9528443,0.8300891,2.325925,1.004761,0.6945238,2.29401,1.022995,0.6497713,2.285734,0.7252475,0.7163921,2.494735,0.8403477,0.5741514,2.348052,0.7406439,0.4153275,2.402693,0.7912213,0.7003134,2.481618,0.7428415,0.9152128,2.456168,0.7948284,0.6673369,2.369306,0.8676851,1.034231,2.537912
72057594037937085,0,0.8319533,5983.592,0.7653729,0.7130683,2.506587,0.8609082,1.159641,2.501174,0.7648205,0.9381743,2.508102,0.7011514,0.802516,2.481302,0.8007139,0.8734505,2.395828,0.8433642,0.8900981,2.410068,0.911823,0.9622445,2.4169,0.9528443,0.8300891,2.325925,1.004761,0.6945238,2.29401,1.022995,0.6497713,2.285734,0.7252475,0.7163921,2.494735,0.8403477,0.5741514,2.348052,0.7406439,0.4153275,2.402693,0.7912213,0.7003134,2.481618,0.7428415,0.9152128,2.456168,0.7948284,0.6673369,2.369306,0.8676851,1.034231,2.537912
72057594037937085,0,0.8319533,5983.595,0.7653729,0.7130683,2.506587,0.8609082,1.159641,2.501174,0.7648205,0.9381743,2.508102,0.7011514,0.802516,2.481302,0.8007139,0.8734505,2.395828,0.8433642,0.8900981,2.410068,0.911823,0.9622445,2.4169,0.9528443,0.8300891,2.325925,1.004761,0.6945238,2.29401,1.022995,0.6497713,2.285734,0.7252475,0.7163921,2.494735,0.8403477,0.5741514,2.348052,0.7406439,0.4153275,2.402693,0.7912213,0.7003134,2.481618,0.7428415,0.9152128,2.456168,0.7948284,0.6673369,2.369306,0.8676851,1.034231,2.537912
72057594037937085,0,0.8319533,5983.598,0.7653729,0.7130683,2.506587,0.8609082,1.159641,2.501174,0.7648205,0.9381743,2.508102,0.7011514,0.802516,2.481302,0.8007139,0.8734505,2.395828,0.8433642,0.8900981,2.410068,0.911823,0.9622445,2.4169,0.9528443,0.8300891,2.325925,1.004761,0.6945238,2.29401,1.022995,0.6497713,2.285734,0.7252475,0.7163921,2.494735,0.8403477,0.5741514,2.348052,0.7406439,0.4153275,2.402693,0.7912213,0.7003134,2.481618,0.7428415,0.9152128,2.456168,0.7948284,0.6673369,2.369306,0.8676851,1.034231,2.537912
72057594037937085,0,0.8329614,5983.601,0.7696291,0.7085515,2.521354,0.8665074,1.157218,2.500146,0.7840853,0.9413314,2.514632,0.7100829,0.811708,2.487052,0.8783601,0.8389965,2.382686,0.9146093,0.8185604,2.353086,0.9216616,0.9564978,2.409354,1.001943,0.8228506,2.325279,0.9662379,0.6793183,2.307544,0.9553066,0.6318985,2.303983,0.7280262,0.7140491,2.5005,0.8545036,0.5916705,2.344119,0.7927274,0.4037327,2.350223,0.7964304,0.6968225,2.498919,0.6739628,0.8787694,2.51861,0.7418125,0.5655763,2.429847,0.8799606,1.030646,2.534676
72057594037937085,0,0.8329614,5983.604,0.7696291,0.7085515,2.521354,0.8665074,1.157218,2.500146,0.7840853,0.9413314,2.514632,0.7100829,0.811708,2.487052,0.8783601,0.8389965,2.382686,0.9146093,0.8185604,2.353086,0.9216616,0.9564978,2.409354,1.001943,0.8228506,2.325279,0.9662379,0.6793183,2.307544,0.9553066,0.6318985,2.303983,0.7280262,0.7140491,2.5005,0.8545036,0.5916705,2.344119,0.7927274,0.4037327,2.350223,0.7964304,0.6968225,2.498919,0.6739628,0.8787694,2.51861,0.7418125,0.5655763,2.429847,0.8799606,1.030646,2.534676
72057594037937085,0,0.8329614,5983.607,0.7696291,0.7085515,2.521354,0.8665074,1.157218,2.500146,0.7840853,0.9413314,2.514632,0.7100829,0.811708,2.487052,0.8783601,0.8389965,2.382686,0.9146093,0.8185604,2.353086,0.9216616,0.9564978,2.409354,1.001943,0.8228506,2.325279,0.9662379,0.6793183,2.307544,0.9553066,0.6318985,2.303983,0.7280262,0.7140491,2.5005,0.8545036,0.5916705,2.344119,0.7927274,0.4037327,2.350223,0.7964304,0.6968225,2.498919,0.6739628,0.8787694,2.51861,0.7418125,0.5655763,2.429847,0.8799606,1.030646,2.534676
72057594037937085,0,0.8329614,5983.61,0.7696291,0.7085515,2.521354,0.8665074,1.157218,2.500146,0.7840853,0.9413314,2.514632,0.7100829,0.811708,2.487052,0.8783601,0.8389965,2.382686,0.9146093,0.8185604,2.353086,0.9216616,0.9564978,2.409354,1.001943,0.8228506,2.325279,0.9662379,0.6793183,2.307544,0.9553066,0.6318985,2.303983,0.7280262,0.7140491,2.5005,0.8545036,0.5916705,2.344119,0.7927274,0.4037327,2.350223,0.7964304,0.6968225,2.498919,0.6739628,0.8787694,2.51861,0.7418125,0.5655763,2.429847,0.8799606,1.030646,2.534676
72057594037937085,0,0.8329614,5983.613,0.7696291,0.7085515,2.521354,0.8665074,1.157218,2.500146,0.7840853,0.9413314,2.514632,0.7100829,0.811708,2.487052,0.8783601,0.8389965,2.382686,0.9146093,0.8185604,2.353086,0.9216616,0.9564978,2.409354,1.001943,0.8228506,2.325279,0.9662379,0.6793183,2.307544,0.9553066,0.6318985,2.303983,0.7280262,0.7140491,2.5005,0.8545036,0.5916705,2.344119,0.7927274,0.4037327,2.350223,0.7964304,0.6968225,2.498919,0.6739628,0.8787694,2.51861,0.7418125,0.5655763,2.429847,0.8799606,1.030646,2.534676
72057594037937085,0,0.8329614,5983.615,0.7696291,0.7085515,2.521354,0.8665074,1.157218,2.500146,0.7840853,0.9413314,2.514632,0.7100829,0.811708,2.487052,0.8783601,0.8389965,2.382686,0.9146093,0.8185604,2.353086,0.9216616,0.9564978,2.409354,1.001943,0.8228506,2.325279,0.9662379,0.6793183,2.307544,0.9553066,0.6318985,2.303983,0.7280262,0.7140491,2.5005,0.8545036,0.5916705,2.344119,0.7927274,0.4037327,2.350223,0.7964304,0.6968225,2.498919,0.6739628,0.8787694,2.51861,0.7418125,0.5655763,2.429847,0.8799606,1.030646,2.534676
72057594037937085,0,0.8329614,5983.618,0.7696291,0.7085515,2.521354,0.8665074,1.157218,2.500146,0.7840853,0.9413314,2.514632,0.7100829,0.811708,2.487052,0.8783601,0.8389965,2.382686,0.9146093,0.8185604,2.353086,0.9216616,0.9564978,2.409354,1.001943,0.8228506,2.325279,0.9662379,0.6793183,2.307544,0.9553066,0.6318985,2.303983,0.7280262,0.7140491,2.5005,0.8545036,0.5916705,2.344119,0.7927274,0.4037327,2.350223,0.7964304,0.6968225,2.498919,0.6739628,0.8787694,2.51861,0.7418125,0.5655763,2.429847,0.8799606,1.030646,2.534676
72057594037937085,0,0.8329614,5983.621,0.7696291,0.7085515,2.521354,0.8665074,1.157218,2.500146,0.7840853,0.9413314,2.514632,0.7100829,0.811708,2.487052,0.8783601,0.8389965,2.382686,0.9146093,0.8185604,2.353086,0.9216616,0.9564978,2.409354,1.001943,0.8228506,2.325279,0.9662379,0.6793183,2.307544,0.9553066,0.6318985,2.303983,0.7280262,0.7140491,2.5005,0.8545036,0.5916705,2.344119,0.7927274,0.4037327,2.350223,0.7964304,0.6968225,2.498919,0.6739628,0.8787694,2.51861,0.7418125,0.5655763,2.429847,0.8799606,1.030646,2.534676
72057594037937085,0,0.8329614,5983.624,0.7696291,0.7085515,2.521354,0.8665074,1.157218,2.500146,0.7840853,0.9413314,2.514632,0.7100829,0.811708,2.487052,0.8783601,0.8389965,2.382686,0.9146093,0.8185604,2.353086,0.9216616,0.9564978,2.409354,1.001943,0.8228506,2.325279,0.9662379,0.6793183,2.307544,0.9553066,0.6318985,2.303983,0.7280262,0.7140491,2.5005,0.8545036,0.5916705,2.344119,0.7927274,0.4037327,2.350223,0.7964304,0.6968225,2.498919,0.6739628,0.8787694,2.51861,0.7418125,0.5655763,2.429847,0.8799606,1.030646,2.534676
72057594037937085,0,0.8329614,5983.627,0.7696291,0.7085515,2.521354,0.8665074,1.157218,2.500146,0.7840853,0.9413314,2.514632,0.7100829,0.811708,2.487052,0.8783601,0.8389965,2.382686,0.9146093,0.8185604,2.353086,0.9216616,0.9564978,2.409354,1.001943,0.8228506,2.325279,0.9662379,0.6793183,2.307544,0.9553066,0.6318985,2.303983,0.7280262,0.7140491,2.5005,0.8545036,0.5916705,2.344119,0.7927274,0.4037327,2.350223,0.7964304,0.6968225,2.498919,0.6739628,0.8787694,2.51861,0.7418125,0.5655763,2.429847,0.8799606,1.030646,2.534676
72057594037937085,0,0.8329614,5983.63,0.7696291,0.7085515,2.521354,0.8665074,1.157218,2.500146,0.7840853,0.9413314,2.514632,0.7100829,0.811708,2.487052,0.8783601,0.8389965,2.382686,0.9146093,0.8185604,2.353086,0.9216616,0.9564978,2.409354,1.001943,0.8228506,2.325279,0.9662379,0.6793183,2.307544,0.9553066,0.6318985,2.303983,0.7280262,0.7140491,2.5005,0.8545036,0.5916705,2.344119,0.7927274,0.4037327,2.350223,0.7964304,0.6968225,2.498919,0.6739628,0.8787694,2.51861,0.7418125,0.5655763,2.429847,0.8799606,1.030646,2.534676
72057594037937085,0,0.8329614,5983.633,0.7696291,0.7085515,2.521354,0.8665074,1.157218,2.500146,0.7840853,0.9413314,2.514632,0.7100829,0.811708,2.487052,0.8783601,0.8389965,2.382686,0.9146093,0.8185604,2.353086,0.9216616,0.9564978,2.409354,1.001943,0.8228506,2.325279,0.9662379,0.6793183,2.307544,0.9553066,0.6318985,2.303983,0.7280262,0.7140491,2.5005,0.8545036,0.5916705,2.344119,0.7927274,0.4037327,2.350223,0.7964304,0.6968225,2.498919,0.6739628,0.8787694,2.51861,0.7418125,0.5655763,2.429847,0.8799606,1.030646,2.534676
72057594037937085,0,0.8757455,5983.636,0.8010085,0.70702,2.474481,0.8685408,1.157207,2.499398,0.7768001,0.940237,2.513782,0.8232858,0.8190686,2.433807,0.9932597,0.8080292,2.33024,1.01353,0.8159798,2.321476,0.9194163,0.957819,2.412389,0.9784864,0.7782949,2.339341,0.9347352,0.6369082,2.329915,0.8768058,0.6506772,2.33629,0.740068,0.7106465,2.481195,0.8575995,0.5585149,2.346724,0.8022571,0.369227,2.342561,0.8422291,0.6993418,2.432271,0.7184837,0.8607174,2.507281,0.7386294,0.602641,2.438596,0.8798916,1.030602,2.534731
72057594037937085,0,0.8757455,5983.639,0.8010085,0.70702,2.474481,0.8685408,1.157207,2.499398,0.7768001,0.940237,2.513782,0.8232858,0.8190686,2.433807,0.9932597,0.8080292,2.33024,1.01353,0.8159798,2.321476,0.9194163,0.957819,2.412389,0.9784864,0.7782949,2.339341,0.9347352,0.6369082,2.329915,0.8768058,0.6506772,2.33629,0.740068,0.7106465,2.481195,0.8575995,0.5585149,2.346724,0.8022571,0.369227,2.342561,0.8422291,0.6993418,2.432271,0.7184837,0.8607174,2.507281,0.7386294,0.602641,2.438596,0.8798916,1.030602,2.534731
72057594037937085,0,0.8757455,5983.642,0.8010085,0.70702,2.474481,0.8685408,1.157207,2.499398,0.7768001,0.940237,2.513782,0.8232858,0.8190686,2.433807,0.9932597,0.8080292,2.33024,1.01353,0.8159798,2.321476,0.9194163,0.957819,2.412389,0.9784864,0.7782949,2.339341,0.9347352,0.6369082,2.329915,0.8768058,0.6506772,2.33629,0.740068,0.7106465,2.481195,0.8575995,0.5585149,2.346724,0.8022571,0.369227,2.342561,0.8422291,0.6993418,2.432271,0.7184837,0.8607174,2.507281,0.7386294,0.602641,2.438596,0.8798916,1.030602,2.534731
72057594037937085,0,0.8757455,5983.645,0.8010085,0.70702,2.474481,0.8685408,1.157207,2.499398,0.7768001,0.940237,2.513782,0.8232858,0.8190686,2.433807,0.9932597,0.8080292,2.33024,1.01353,0.8159798,2.321476,0.9194163,0.957819,2.412389,0.9784864,0.7782949,2.339341,0.9347352,0.6369082,2.329915,0.8768058,0.6506772,2.33629,0.740068,0.7106465,2.481195,0.8575995,0.5585149,2.346724,0.8022571,0.369227,2.342561,0.8422291,0.6993418,2.432271,0.7184837,0.8607174,2.507281,0.7386294,0.602641,2.438596,0.8798916,1.030602,2.534731
72057594037937085,0,0.8757455,5983.648,0.8010085,0.70702,2.474481,0.8685408,1.157207,2.499398,0.7768001,0.940237,2.513782,0.8232858,0.8190686,2.433807,0.9932597,0.8080292,2.33024,1.01353,0.8159798,2.321476,0.9194163,0.957819,2.412389,0.9784864,0.7782949,2.339341,0.9347352,0.6369082,2.329915,0.8768058,0.6506772,2.33629,0.740068,0.7106465,2.481195,0.8575995,0.5585149,2.346724,0.8022571,0.369227,2.342561,0.8422291,0.6993418,2.432271,0.7184837,0.8607174,2.507281,0.7386294,0.602641,2.438596,0.8798916,1.030602,2.534731
72057594037937085,0,0.8757455,5983.651,0.8010085,0.70702,2.474481,0.8685408,1.157207,2.499398,0.7768001,0.940237,2.513782,0.8232858,0.8190686,2.433807,0.9932597,0.8080292,2.33024,1.01353,0.8159798,2.321476,0.9194163,0.957819,2.412389,0.9784864,0.7782949,2.339341,0.9347352,0.6369082,2.329915,0.8768058,0.6506772,2.33629,0.740068,0.7106465,2.481195,0.8575995,0.5585149,2.346724,0.8022571,0.369227,2.342561,0.8422291,0.6993418,2.432271,0.7184837,0.8607174,2.507281,0.7386294,0.602641,2.438596,0.8798916,1.030602,2.534731
72057594037937085,0,0.8757455,5983.654,0.8010085,0.70702,2.474481,0.8685408,1.157207,2.499398,0.7768001,0.940237,2.513782,0.8232858,0.8190686,2.433807,0.9932597,0.8080292,2.33024,1.01353,0.8159798,2.321476,0.9194163,0.957819,2.412389,0.9784864,0.7782949,2.339341,0.9347352,0.6369082,2.329915,0.8768058,0.6506772,2.33629,0.740068,0.7106465,2.481195,0.8575995,0.5585149,2.346724,0.8022571,0.369227,2.342561,0.8422291,0.6993418,2.432271,0.7184837,0.8607174,2.507281,0.7386294,0.602641,2.438596,0.8798916,1.030602,2.534731
72057594037937085,0,0.8757455,5983.657,0.8010085,0.70702,2.474481,0.8685408,1.157207,2.499398,0.7768001,0.940237,2.513782,0.8232858,0.8190686,2.433807,0.9932597,0.8080292,2.33024,1.01353,0.8159798,2.321476,0.9194163,0.957819,2.412389,0.9784864,0.7782949,2.339341,0.9347352,0.6369082,2.329915,0.8768058,0.6506772,2.33629,0.740068,0.7106465,2.481195,0.8575995,0.5585149,2.346724,0.8022571,0.369227,2.342561,0.8422291,0.6993418,2.432271,0.7184837,0.8607174,2.507281,0.7386294,0.602641,2.438596,0.8798916,1.030602,2.534731
72057594037937085,0,0.8757455,5983.66,0.8010085,0.70702,2.474481,0.8685408,1.157207,2.499398,0.7768001,0.940237,2.513782,0.8232858,0.8190686,2.433807,0.9932597,0.8080292,2.33024,1.01353,0.8159798,2.321476,0.9194163,0.957819,2.412389,0.9784864,0.7782949,2.339341,0.9347352,0.6369082,2.329915,0.8768058,0.6506772,2.33629,0.740068,0.7106465,2.481195,0.8575995,0.5585149,2.346724,0.8022571,0.369227,2.342561,0.8422291,0.6993418,2.432271,0.7184837,0.8607174,2.507281,0.7386294,0.602641,2.438596,0.8798916,1.030602,2.534731
72057594037937085,0,0.8757455,5983.663,0.8010085,0.70702,2.474481,0.8685408,1.157207,2.499398,0.7768001,0.940237,2.513782,0.8232858,0.8190686,2.433807,0.9932597,0.8080292,2.33024,1.01353,0.8159798,2.321476,0.9194163,0.957819,2.412389,0.9784864,0.7782949,2.339341,0.9347352,0.6369082,2.329915,0.8768058,0.6506772,2.33629,0.740068,0.7106465,2.481195,0.8575995,0.5585149,2.346724,0.8022571,0.369227,2.342561,0.8422291,0.6993418,2.432271,0.7184837,0.8607174,2.507281,0.7386294,0.602641,2.438596,0.8798916,1.030602,2.534731
72057594037937085,0,0.8757455,5983.666,0.8010085,0.70702,2.474481,0.8685408,1.157207,2.499398,0.7768001,0.940237,2.513782,0.8232858,0.8190686,2.433807,0.9932597,0.8080292,2.33024,1.01353,0.8159798,2.321476,0.9194163,0.957819,2.412389,0.9784864,0.7782949,2.339341,0.9347352,0.6369082,2.329915,0.8768058,0.6506772,2.33629,0.740068,0.7106465,2.481195,0.8575995,0.5585149,2.346724,0.8022571,0.369227,2.342561,0.8422291,0.6993418,2.432271,0.7184837,0.8607174,2.507281,0.7386294,0.602641,2.438596,0.8798916,1.030602,2.534731
72057594037937085,0,0.8631006,5983.668,0.7885561,0.6960167,2.485657,0.8723314,1.156523,2.501625,0.7729965,0.9361747,2.510119,0.7093008,0.8013753,2.491286,0.8645098,0.8806837,2.396782,0.961696,0.9154505,2.349298,0.9197533,0.9534008,2.409558,1.007747,0.8166411,2.333172,0.9484872,0.6812258,2.330575,0.9385562,0.7112275,2.330969,0.7384577,0.7048219,2.479449,0.8563669,0.5525594,2.349287,0.8003115,0.3636712,2.349103,0.8150676,0.6806338,2.461271,0.5784492,0.8411059,2.539347,0.7046899,0.6220289,2.452124,0.8792259,1.029727,2.537668
72057594037937085,0,0.8631006,5983.672,0.7885561,0.6960167,2.485657,0.8723314,1.156523,2.501625,0.7729965,0.9361747,2.510119,0.7093008,0.8013753,2.491286,0.8645098,0.8806837,2.396782,0.961696,0.9154505,2.349298,0.9197533,0.9534008,2.409558,1.007747,0.8166411,2.333172,0.9484872,0.6812258,2.330575,0.9385562,0.7112275,2.330969,0.7384577,0.7048219,2.479449,0.8563669,0.5525594,2.349287,0.8003115,0.3636712,2.349103,0.8150676,0.6806338,2.461271,0.5784492,0.8411059,2.539347,0.7046899,0.6220289,2.452124,0.8792259,1.029727,2.537668
72057594037937085,0,0.8631006,5983.675,0.7885561,0.6960167,2.485657,0.8723314,1.156523,2.501625,0.7729965,0.9361747,2.510119,0.7093008,0.8013753,2.491286,0.8645098,0.8806837,2.396782,0.961696,0.9154505,2.349298,0.9197533,0.9534008,2.409558,1.007747,0.8166411,2.333172,0.9484872,0.6812258,2.330575,0.9385562,0.7112275,2.330969,0.7384577,0.7048219,2.479449,0.8563669,0.5525594,2.349287,0.8003115,0.3636712,2.349103,0.8150676,0.6806338,2.461271,0.5784492,0.8411059,2.539347,0.7046899,0.6220289,2.452124,0.8792259,1.029727,2.537668
72057594037937085,0,0.8631006,5983.678,0.7885561,0.6960167,2.485657,0.8723314,1.156523,2.501625,0.7729965,0.9361747,2.510119,0.7093008,0.8013753,2.491286,0.8645098,0.8806837,2.396782,0.961696,0.9154505,2.349298,0.9197533,0.9534008,2.409558,1.007747,0.8166411,2.333172,0.9484872,0.6812258,2.330575,0.9385562,0.7112275,2.330969,0.7384577,0.7048219,2.479449,0.8563669,0.5525594,2.349287,0.8003115,0.3636712,2.349103,0.8150676,0.6806338,2.461271,0.5784492,0.8411059,2.539347,0.7046899,0.6220289,2.452124,0.8792259,1.029727,2.537668
72057594037937085,0,0.8631006,5983.681,0.7885561,0.6960167,2.485657,0.8723314,1.156523,2.501625,0.7729965,0.9361747,2.510119,0.7093008,0.8013753,2.491286,0.8645098,0.8806837,2.396782,0.961696,0.9154505,2.349298,0.9197533,0.9534008,2.409558,1.007747,0.8166411,2.333172,0.9484872,0.6812258,2.330575,0.9385562,0.7112275,2.330969,0.7384577,0.7048219,2.479449,0.8563669,0.5525594,2.349287,0.8003115,0.3636712,2.349103,0.8150676,0.6806338,2.461271,0.5784492,0.8411059,2.539347,0.7046899,0.6220289,2.452124,0.8792259,1.029727,2.537668
72057594037937085,0,0.8631006,5983.684,0.7885561,0.6960167,2.485657,0.8723314,1.156523,2.501625,0.7729965,0.9361747,2.510119,0.7093008,0.8013753,2.491286,0.8645098,0.8806837,2.396782,0.961696,0.9154505,2.349298,0.9197533,0.9534008,2.409558,1.007747,0.8166411,2.333172,0.9484872,0.6812258,2.330575,0.9385562,0.7112275,2.330969,0.7384577,0.7048219,2.479449,0.8563669,0.5525594,2.349287,0.8003115,0.3636712,2.349103,0.8150676,0.6806338,2.461271,0.5784492,0.8411059,2.539347,0.7046899,0.6220289,2.452124,0.8792259,1.029727,2.537668
72057594037937085,0,0.8631006,5983.687,0.7885561,0.6960167,2.485657,0.8723314,1.156523,2.501625,0.7729965,0.9361747,2.510119,0.7093008,0.8013753,2.491286,0.8645098,0.8806837,2.396782,0.961696,0.9154505,2.349298,0.9197533,0.9534008,2.409558,1.007747,0.8166411,2.333172,0.9484872,0.6812258,2.330575,0.9385562,0.7112275,2.330969,0.7384577,0.7048219,2.479449,0.8563669,0.5525594,2.349287,0.8003115,0.3636712,2.349103,0.8150676,0.6806338,2.461271,0.5784492,0.8411059,2.539347,0.7046899,0.6220289,2.452124,0.8792259,1.029727,2.537668
72057594037937085,0,0.8631006,5983.69,0.7885561,0.6960167,2.485657,0.8723314,1.156523,2.501625,0.7729965,0.9361747,2.510119,0.7093008,0.8013753,2.491286,0.8645098,0.8806837,2.396782,0.961696,0.9154505,2.349298,0.9197533,0.9534008,2.409558,1.007747,0.8166411,2.333172,0.9484872,0.6812258,2.330575,0.9385562,0.7112275,2.330969,0.7384577,0.7048219,2.479449,0.8563669,0.5525594,2.349287,0.8003115,0.3636712,2.349103,0.8150676,0.6806338,2.461271,0.5784492,0.8411059,2.539347,0.7046899,0.6220289,2.452124,0.8792259,1.029727,2.537668
72057594037937085,0,0.8631006,5983.693,0.7885561,0.6960167,2.485657,0.8723314,1.156523,2.501625,0.7729965,0.9361747,2.510119,0.7093008,0.8013753,2.491286,0.8645098,0.8806837,2.396782,0.961696,0.9154505,2.349298,0.9197533,0.9534008,2.409558,1.007747,0.8166411,2.333172,0.9484872,0.6812258,2.330575,0.9385562,0.7112275,2.330969,0.7384577,0.7048219,2.479449,0.8563669,0.5525594,2.349287,0.8003115,0.3636712,2.349103,0.8150676,0.6806338,2.461271,0.5784492,0.8411059,2.539347,0.7046899,0.6220289,2.452124,0.8792259,1.029727,2.537668
72057594037937085,0,0.8631006,5983.696,0.7885561,0.6960167,2.485657,0.8723314,1.156523,2.501625,0.7729965,0.9361747,2.510119,0.7093008,0.8013753,2.491286,0.8645098,0.8806837,2.396782,0.961696,0.9154505,2.349298,0.9197533,0.9534008,2.409558,1.007747,0.8166411,2.333172,0.9484872,0.6812258,2.330575,0.9385562,0.7112275,2.330969,0.7384577,0.7048219,2.479449,0.8563669,0.5525594,2.349287,0.8003115,0.3636712,2.349103,0.8150676,0.6806338,2.461271,0.5784492,0.8411059,2.539347,0.7046899,0.6220289,2.452124,0.8792259,1.029727,2.537668
72057594037937085,0,0.8631006,5983.698,0.7885561,0.6960167,2.485657,0.8723314,1.156523,2.501625,0.7729965,0.9361747,2.510119,0.7093008,0.8013753,2.491286,0.8645098,0.8806837,2.396782,0.961696,0.9154505,2.349298,0.9197533,0.9534008,2.409558,1.007747,0.8166411,2.333172,0.9484872,0.6812258,2.330575,0.9385562,0.7112275,2.330969,0.7384577,0.7048219,2.479449,0.8563669,0.5525594,2.349287,0.8003115,0.3636712,2.349103,0.8150676,0.6806338,2.461271,0.5784492,0.8411059,2.539347,0.7046899,0.6220289,2.452124,0.8792259,1.029727,2.537668
72057594037937085,0,0.8421899,5983.701,0.775596,0.7103161,2.506346,0.8741829,1.15556,2.503165,0.7729624,0.9348215,2.508039,0.7120834,0.7993703,2.488535,0.8714985,0.8424056,2.378731,0.9659364,0.8558471,2.346034,0.9237638,0.9454241,2.406774,1.008069,0.8158707,2.33227,0.9510441,0.6801533,2.331445,0.9350457,0.7068213,2.333923,0.7353384,0.710059,2.4803,0.8615677,0.5633683,2.351424,0.7950588,0.3792483,2.362143,0.8002802,0.7035647,2.498,0.6909041,0.8947207,2.5062,0.7172132,0.6369808,2.443055,0.8774912,1.02938,2.541043
72057594037937085,0,0.8421899,5983.704,0.775596,0.7103161,2.506346,0.8741829,1.15556,2.503165,0.7729624,0.9348215,2.508039,0.7120834,0.7993703,2.488535,0.8714985,0.8424056,2.378731,0.9659364,0.8558471,2.346034,0.9237638,0.9454241,2.406774,1.008069,0.8158707,2.33227,0.9510441,0.6801533,2.331445,0.9350457,0.7068213,2.333923,0.7353384,0.710059,2.4803,0.8615677,0.5633683,2.351424,0.7950588,0.3792483,2.362143,0.8002802,0.7035647,2.498,0.6909041,0.8947207,2.5062,0.7172132,0.6369808,2.443055,0.8774912,1.02938,2.541043
72057594037937085,0,0.8421899,5983.708,0.775596,0.7103161,2.506346,0.8741829,1.15556,2.503165,0.7729624,0.9348215,2.508039,0.7120834,0.7993703,2.488535,0.8714985,0.8424056,2.378731,0.9659364,0.8558471,2.346034,0.9237638,0.9454241,2.406774,1.008069,0.8158707,2.33227,0.9510441,0.6801533,2.331445,0.9350457,0.7068213,2.333923,0.7353384,0.710059,2.4803,0.8615677,0.5633683,2.351424,0.7950588,0.3792483,2.362143,0.8002802,0.7035647,2.498,0.6909041,0.8947207,2.5062,0.7172132,0.6369808,2.443055,0.8774912,1.02938,2.541043
72057594037937085,0,0.8421899,5983.71,0.775596,0.7103161,2.506346,0.8741829,1.15556,2.503165,0.7729624,0.9348215,2.508039,0.7120834,0.7993703,2.488535,0.8714985,0.8424056,2.378731,0.9659364,0.8558471,2.346034,0.9237638,0.9454241,2.406774,1.008069,0.8158707,2.33227,0.9510441,0.6801533,2.331445,0.9350457,0.7068213,2.333923,0.7353384,0.710059,2.4803,0.8615677,0.5633683,2.351424,0.7950588,0.3792483,2.362143,0.8002802,0.7035647,2.498,0.6909041,0.8947207,2.5062,0.7172132,0.6369808,2.443055,0.8774912,1.02938,2.541043
72057594037937085,0,0.8421899,5983.713,0.775596,0.7103161,2.506346,0.8741829,1.15556,2.503165,0.7729624,0.9348215,2.508039,0.7120834,0.7993703,2.488535,0.8714985,0.8424056,2.378731,0.9659364,0.8558471,2.346034,0.9237638,0.9454241,2.406774,1.008069,0.8158707,2.33227,0.9510441,0.6801533,2.331445,0.9350457,0.7068213,2.333923,0.7353384,0.710059,2.4803,0.8615677,0.5633683,2.351424,0.7950588,0.3792483,2.362143,0.8002802,0.7035647,2.498,0.6909041,0.8947207,2.5062,0.7172132,0.6369808,2.443055,0.8774912,1.02938,2.541043
72057594037937085,0,0.8421899,5983.716,0.775596,0.7103161,2.506346,0.8741829,1.15556,2.503165,0.7729624,0.9348215,2.508039,0.7120834,0.7993703,2.488535,0.8714985,0.8424056,2.378731,0.9659364,0.8558471,2.346034,0.9237638,0.9454241,2.406774,1.008069,0.8158707,2.33227,0.9510441,0.6801533,2.331445,0.9350457,0.7068213,2.333923,0.7353384,0.710059,2.4803,0.8615677,0.5633683,2.351424,0.7950588,0.3792483,2.362143,0.8002802,0.7035647,2.498,0.6909041,0.8947207,2.5062,0.7172132,0.6369808,2.443055,0.8774912,1.02938,2.541043
72057594037937085,0,0.8421899,5983.719,0.775596,0.7103161,2.506346,0.8741829,1.15556,2.503165,0.7729624,0.9348215,2.508039,0.7120834,0.7993703,2.488535,0.8714985,0.8424056,2.378731,0.9659364,0.8558471,2.346034,0.9237638,0.9454241,2.406774,1.008069,0.8158707,2.33227,0.9510441,0.6801533,2.331445,0.9350457,0.7068213,2.333923,0.7353384,0.710059,2.4803,0.8615677,0.5633683,2.351424,0.7950588,0.3792483,2.362143,0.8002802,0.7035647,2.498,0.6909041,0.8947207,2.5062,0.7172132,0.6369808,2.443055,0.8774912,1.02938,2.541043
72057594037937085,0,0.8421899,5983.722,0.775596,0.7103161,2.506346,0.8741829,1.15556,2.503165,0.7729624,0.9348215,2.508039,0.7120834,0.7993703,2.488535,0.8714985,0.8424056,2.378731,0.9659364,0.8558471,2.346034,0.9237638,0.9454241,2.406774,1.008069,0.8158707,2.33227,0.9510441,0.6801533,2.331445,0.9350457,0.7068213,2.333923,0.7353384,0.710059,2.4803,0.8615677,0.5633683,2.351424,0.7950588,0.3792483,2.362143,0.8002802,0.7035647,2.498,0.6909041,0.8947207,2.5062,0.7172132,0.6369808,2.443055,0.8774912,1.02938,2.541043
72057594037937085,0,0.8421899,5983.725,0.775596,0.7103161,2.506346,0.8741829,1.15556,2.503165,0.7729624,0.9348215,2.508039,0.7120834,0.7993703,2.488535,0.8714985,0.8424056,2.378731,0.9659364,0.8558471,2.346034,0.9237638,0.9454241,2.406774,1.008069,0.8158707,2.33227,0.9510441,0.6801533,2.331445,0.9350457,0.7068213,2.333923,0.7353384,0.710059,2.4803,0.8615677,0.5633683,2.351424,0.7950588,0.3792483,2.362143,0.8002802,0.7035647,2.498,0.6909041,0.8947207,2.5062,0.7172132,0.6369808,2.443055,0.8774912,1.02938,2.541043
72057594037937085,0,0.8421899,5983.728,0.775596,0.7103161,2.506346,0.8741829,1.15556,2.503165,0.7729624,0.9348215,2.508039,0.7120834,0.7993703,2.488535,0.8714985,0.8424056,2.378731,0.9659364,0.8558471,2.346034,0.9237638,0.9454241,2.406774,1.008069,0.8158707,2.33227,0.9510441,0.6801533,2.331445,0.9350457,0.7068213,2.333923,0.7353384,0.710059,2.4803,0.8615677,0.5633683,2.351424,0.7950588,0.3792483,2.362143,0.8002802,0.7035647,2.498,0.6909041,0.8947207,2.5062,0.7172132,0.6369808,2.443055,0.8774912,1.02938,2.541043
72057594037937085,0,0.8421899,5983.731,0.775596,0.7103161,2.506346,0.8741829,1.15556,2.503165,0.7729624,0.9348215,2.508039,0.7120834,0.7993703,2.488535,0.8714985,0.8424056,2.378731,0.9659364,0.8558471,2.346034,0.9237638,0.9454241,2.406774,1.008069,0.8158707,2.33227,0.9510441,0.6801533,2.331445,0.9350457,0.7068213,2.333923,0.7353384,0.710059,2.4803,0.8615677,0.5633683,2.351424,0.7950588,0.3792483,2.362143,0.8002802,0.7035647,2.498,0.6909041,0.8947207,2.5062,0.7172132,0.6369808,2.443055,0.8774912,1.02938,2.541043
72057594037937085,0,0.8421899,5983.734,0.775596,0.7103161,2.506346,0.8741829,1.15556,2.503165,0.7729624,0.9348215,2.508039,0.7120834,0.7993703,2.488535,0.8714985,0.8424056,2.378731,0.9659364,0.8558471,2.346034,0.9237638,0.9454241,2.406774,1.008069,0.8158707,2.33227,0.9510441,0.6801533,2.331445,0.9350457,0.7068213,2.333923,0.7353384,0.710059,2.4803,0.8615677,0.5633683,2.351424,0.7950588,0.3792483,2.362143,0.8002802,0.7035647,2.498,0.6909041,0.8947207,2.5062,0.7172132,0.6369808,2.443055,0.8774912,1.02938,2.541043
72057594037937085,0,0.8344125,5983.737,0.767253,0.7045085,2.510514,0.8771204,1.155858,2.505456,0.7749694,0.9320094,2.505334,0.7088903,0.7988086,2.487922,0.8697606,0.8685063,2.397093,0.9665516,0.8978078,2.350597,0.9264594,0.938789,2.403359,1.006433,0.8177792,2.332927,0.9551072,0.6798438,2.330656,0.9389754,0.6342871,2.332263,0.7233775,0.7071114,2.489129,0.8632879,0.5862826,2.345878,0.7831323,0.4100665,2.371883,0.7948437,0.6951176,2.493828,0.6952648,0.890824,2.50728,0.7208714,0.6330292,2.446583,0.8764891,1.02848,2.543996
72057594037937085,0,0.8344125,5983.74,0.767253,0.7045085,2.510514,0.8771204,1.155858,2.505456,0.7749694,0.9320094,2.505334,0.7088903,0.7988086,2.487922,0.8697606,0.8685063,2.397093,0.9665516,0.8978078,2.350597,0.9264594,0.938789,2.403359,1.006433,0.8177792,2.332927,0.9551072,0.6798438,2.330656,0.9389754,0.6342871,2.332263,0.7233775,0.7071114,2.489129,0.8632879,0.5862826,2.345878,0.7831323,0.4100665,2.371883,0.7948437,0.6951176,2.493828,0.6952648,0.890824,2.50728,0.7208714,0.6330292,2.446583,0.8764891,1.02848,2.543996
72057594037937085,0,0.8344125,5983.744,0.767253,0.7045085,2.510514,0.8771204,1.155858,2.505456,0.7749694,0.9320094,2.505334,0.7088903,0.7988086,2.487922,0.8697606,0.8685063,2.397093,0.9665516,0.8978078,2.350597,0.9264594,0.938789,2.403359,1.006433,0.8177792,2.332927,0.9551072,0.6798438,2.330656,0.9389754,0.6342871,2.332263,0.7233775,0.7071114,2.489129,0.8632879,0.5862826,2.345878,0.7831323,0.4100665,2.371883,0.7948437,0.6951176,2.493828,0.6952648,0.890824,2.50728,0.7208714,0.6330292,2.446583,0.8764891,1.02848,2.543996
72057594037937085,0,0.8344125,5983.746,0.767253,0.7045085,2.510514,0.8771204,1.155858,2.505456,0.7749694,0.9320094,2.505334,0.7088903,0.7988086,2.487922,0.8697606,0.8685063,2.397093,0.9665516,0.8978078,2.350597,0.9264594,0.938789,2.403359,1.006433,0.8177792,2.332927,0.9551072,0.6798438,2.330656,0.9389754,0.6342871,2.332263,0.7233775,0.7071114,2.489129,0.8632879,0.5862826,2.345878,0.7831323,0.4100665,2.371883,0.7948437,0.6951176,2.493828,0.6952648,0.890824,2.50728,0.7208714,0.6330292,2.446583,0.8764891,1.02848,2.543996
72057594037937085,0,0.8344125,5983.749,0.767253,0.7045085,2.510514,0.8771204,1.155858,2.505456,0.7749694,0.9320094,2.505334,0.7088903,0.7988086,2.487922,0.8697606,0.8685063,2.397093,0.9665516,0.8978078,2.350597,0.9264594,0.938789,2.403359,1.006433,0.8177792,2.332927,0.9551072,0.6798438,2.330656,0.9389754,0.6342871,2.332263,0.7233775,0.7071114,2.489129,0.8632879,0.5862826,2.345878,0.7831323,0.4100665,2.371883,0.7948437,0.6951176,2.493828,0.6952648,0.890824,2.50728,0.7208714,0.6330292,2.446583,0.8764891,1.02848,2.543996
72057594037937085,0,0.8344125,5983.751,0.767253,0.7045085,2.510514,0.8771204,1.155858,2.505456,0.7749694,0.9320094,2.505334,0.7088903,0.7988086,2.487922,0.8697606,0.8685063,2.397093,0.9665516,0.8978078,2.350597,0.9264594,0.938789,2.403359,1.006433,0.8177792,2.332927,0.9551072,0.6798438,2.330656,0.9389754,0.6342871,2.332263,0.7233775,0.7071114,2.489129,0.8632879,0.5862826,2.345878,0.7831323,0.4100665,2.371883,0.7948437,0.6951176,2.493828,0.6952648,0.890824,2.50728,0.7208714,0.6330292,2.446583,0.8764891,1.02848,2.543996
72057594037937085,0,0.8344125,5983.754,0.767253,0.7045085,2.510514,0.8771204,1.155858,2.505456,0.7749694,0.9320094,2.505334,0.7088903,0.7988086,2.487922,0.8697606,0.8685063,2.397093,0.9665516,0.8978078,2.350597,0.9264594,0.938789,2.403359,1.006433,0.8177792,2.332927,0.9551072,0.6798438,2.330656,0.9389754,0.6342871,2.332263,0.7233775,0.7071114,2.489129,0.8632879,0.5862826,2.345878,0.7831323,0.4100665,2.371883,0.7948437,0.6951176,2.493828,0.6952648,0.890824,2.50728,0.7208714,0.6330292,2.446583,0.8764891,1.02848,2.543996
72057594037937085,0,0.8344125,5983.757,0.767253,0.7045085,2.510514,0.8771204,1.155858,2.505456,0.7749694,0.9320094,2.505334,0.7088903,0.7988086,2.487922,0.8697606,0.8685063,2.397093,0.9665516,0.8978078,2.350597,0.9264594,0.938789,2.403359,1.006433,0.8177792,2.332927,0.9551072,0.6798438,2.330656,0.9389754,0.6342871,2.332263,0.7233775,0.7071114,2.489129,0.8632879,0.5862826,2.345878,0.7831323,0.4100665,2.371883,0.7948437,0.6951176,2.493828,0.6952648,0.890824,2.50728,0.7208714,0.6330292,2.446583,0.8764891,1.02848,2.543996
72057594037937085,0,0.8344125,5983.759,0.767253,0.7045085,2.510514,0.8771204,1.155858,2.505456,0.7749694,0.9320094,2.505334,0.7088903,0.7988086,2.487922,0.8697606,0.8685063,2.397093,0.9665516,0.8978078,2.350597,0.9264594,0.938789,2.403359,1.006433,0.8177792,2.332927,0.9551072,0.6798438,2.330656,0.9389754,0.6342871,2.332263,0.7233775,0.7071114,2.489129,0.8632879,0.5862826,2.345878,0.7831323,0.4100665,2.371883,0.7948437,0.6951176,2.493828,0.6952648,0.890824,2.50728,0.7208714,0.6330292,2.446583,0.8764891,1.02848,2.543996
72057594037937085,0,0.8344125,5983.763,0.767253,0.7045085,2.510514,0.8771204,1.155858,2.505456,0.7749694,0.9320094,2.505334,0.7088903,0.7988086,2.487922,0.8697606,0.8685063,2.397093,0.9665516,0.8978078,2.350597,0.9264594,0.938789,2.403359,1.006433,0.8177792,2.332927,0.9551072,0.6798438,2.330656,0.9389754,0.6342871,2.332263,0.7233775,0.7071114,2.489129,0.8632879,0.5862826,2.345878,0.7831323,0.4100665,2.371883,0.7948437,0.6951176,2.493828,0.6952648,0.890824,2.50728,0.7208714,0.6330292,2.446583,0.8764891,1.02848,2.543996
72057594037937085,0,0.8344125,5983.766,0.767253,0.7045085,2.510514,0.8771204,1.155858,2.505456,0.7749694,0.9320094,2.505334,0.7088903,0.7988086,2.487922,0.8697606,0.8685063,2.397093,0.9665516,0.8978078,2.350597,0.9264594,0.938789,2.403359,1.006433,0.8177792,2.332927,0.9551072,0.6798438,2.330656,0.9389754,0.6342871,2.332263,0.7233775,0.7071114,2.489129,0.8632879,0.5862826,2.345878,0.7831323,0.4100665,2.371883,0.7948437,0.6951176,2.493828,0.6952648,0.890824,2.50728,0.7208714,0.6330292,2.446583,0.8764891,1.02848,2.543996
72057594037937085,0,0.8400799,5983.77,0.7706569,0.7042174,2.501695,0.8781193,1.156062,2.507816,0.7742606,0.9309556,2.504923,0.7063504,0.7986063,2.488459,0.8757814,0.8360685,2.393707,1.00448,0.8337872,2.336516,0.9289747,0.9385138,2.403498,0.993013,0.8196608,2.338644,0.8953634,0.7104776,2.352045,0.8299202,0.7163626,2.34804,0.7272586,0.7096801,2.459989,0.8673801,0.5547549,2.363815,0.7909781,0.3766242,2.384157,0.7993371,0.6939331,2.490548,0.6949968,0.8891845,2.497891,0.7154216,0.6302747,2.443779,0.8765596,1.027924,2.544753
72057594037937085,0,0.8400799,5983.773,0.7706569,0.7042174,2.501695,0.8781193,1.156062,2.507816,0.7742606,0.9309556,2.504923,0.7063504,0.7986063,2.488459,0.8757814,0.8360685,2.393707,1.00448,0.8337872,2.336516,0.9289747,0.9385138,2.403498,0.993013,0.8196608,2.338644,0.8953634,0.7104776,2.352045,0.8299202,0.7163626,2.34804,0.7272586,0.7096801,2.459989,0.8673801,0.5547549,2.363815,0.7909781,0.3766242,2.384157,0.7993371,0.6939331,2.490548,0.6949968,0.8891845,2.497891,0.7154216,0.6302747,2.443779,0.8765596,1.027924,2.544753
72057594037937085,0,0.8400799,5983.776,0.7706569,0.7042174,2.501695,0.8781193,1.156062,2.507816,0.7742606,0.9309556,2.504923,0.7063504,0.7986063,2.488459,0.8757814,0.8360685,2.393707,1.00448,0.8337872,2.336516,0.9289747,0.9385138,2.403498,0.993013,0.8196608,2.338644,0.8953634,0.7104776,2.352045,0.8299202,0.7163626,2.34804,0.7272586,0.7096801,2.459989,0.8673801,0.5547549,2.363815,0.7909781,0.3766242,2.384157,0.7993371,0.6939331,2.490548,0.6949968,0.8891845,2.497891,0.7154216,0.6302747,2.443779,0.8765596,1.027924,2.544753
72057594037937085,0,0.8400799,5983.778,0.7706569,0.7042174,2.501695,0.8781193,1.156062,2.507816,0.7742606,0.9309556,2.504923,0.7063504,0.7986063,2.488459,0.8757814,0.8360685,2.393707,1.00448,0.8337872,2.336516,0.9289747,0.9385138,2.403498,0.993013,0.8196608,2.338644,0.8953634,0.7104776,2.352045,0.8299202,0.7163626,2.34804,0.7272586,0.7096801,2.459989,0.8673801,0.5547549,2.363815,0.7909781,0.3766242,2.384157,0.7993371,0.6939331,2.490548,0.6949968,0.8891845,2.497891,0.7154216,0.6302747,2.443779,0.8765596,1.027924,2.544753
72057594037937085,0,0.8400799,5983.781,0.7706569,0.7042174,2.501695,0.8781193,1.156062,2.507816,0.7742606,0.9309556,2.504923,0.7063504,0.7986063,2.488459,0.8757814,0.8360685,2.393707,1.00448,0.8337872,2.336516,0.9289747,0.9385138,2.403498,0.993013,0.8196608,2.338644,0.8953634,0.7104776,2.352045,0.8299202,0.7163626,2.34804,0.7272586,0.7096801,2.459989,0.8673801,0.5547549,2.363815,0.7909781,0.3766242,2.384157,0.7993371,0.6939331,2.490548,0.6949968,0.8891845,2.497891,0.7154216,0.6302747,2.443779,0.8765596,1.027924,2.544753
72057594037937085,0,0.8400799,5983.784,0.7706569,0.7042174,2.501695,0.8781193,1.156062,2.507816,0.7742606,0.9309556,2.504923,0.7063504,0.7986063,2.488459,0.8757814,0.8360685,2.393707,1.00448,0.8337872,2.336516,0.9289747,0.9385138,2.403498,0.993013,0.8196608,2.338644,0.8953634,0.7104776,2.352045,0.8299202,0.7163626,2.34804,0.7272586,0.7096801,2.459989,0.8673801,0.5547549,2.363815,0.7909781,0.3766242,2.384157,0.7993371,0.6939331,2.490548,0.6949968,0.8891845,2.497891,0.7154216,0.6302747,2.443779,0.8765596,1.027924,2.544753
72057594037937085,0,0.8400799,5983.787,0.7706569,0.7042174,2.501695,0.8781193,1.156062,2.507816,0.7742606,0.9309556,2.504923,0.7063504,0.7986063,2.488459,0.8757814,0.8360685,2.393707,1.00448,0.8337872,2.336516,0.9289747,0.9385138,2.403498,0.993013,0.8196608,2.338644,0.8953634,0.7104776,2.352045,0.8299202,0.7163626,2.34804,0.7272586,0.7096801,2.459989,0.8673801,0.5547549,2.363815,0.7909781,0.3766242,2.384157,0.7993371,0.6939331,2.490548,0.6949968,0.8891845,2.497891,0.7154216,0.6302747,2.443779,0.8765596,1.027924,2.544753
72057594037937085,0,0.8400799,5983.79,0.7706569,0.7042174,2.501695,0.8781193,1.156062,2.507816,0.7742606,0.9309556,2.504923,0.7063504,0.7986063,2.488459,0.8757814,0.8360685,2.393707,1.00448,0.8337872,2.336516,0.9289747,0.9385138,2.403498,0.993013,0.8196608,2.338644,0.8953634,0.7104776,2.352045,0.8299202,0.7163626,2.34804,0.7272586,0.7096801,2.459989,0.8673801,0.5547549,2.363815,0.7909781,0.3766242,2.384157,0.7993371,0.6939331,2.490548,0.6949968,0.8891845,2.497891,0.7154216,0.6302747,2.443779,0.8765596,1.027924,2.544753
72057594037937085,0,0.8400799,5983.792,0.7706569,0.7042174,2.501695,0.8781193,1.156062,2.507816,0.7742606,0.9309556,2.504923,0.7063504,0.7986063,2.488459,0.8757814,0.8360685,2.393707,1.00448,0.8337872,2.336516,0.9289747,0.9385138,2.403498,0.993013,0.8196608,2.338644,0.8953634,0.7104776,2.352045,0.8299202,0.7163626,2.34804,0.7272586,0.7096801,2.459989,0.8673801,0.5547549,2.363815,0.7909781,0.3766242,2.384157,0.7993371,0.6939331,2.490548,0.6949968,0.8891845,2.497891,0.7154216,0.6302747,2.443779,0.8765596,1.027924,2.544753
72057594037937085,0,0.8400799,5983.795,0.7706569,0.7042174,2.501695,0.8781193,1.156062,2.507816,0.7742606,0.9309556,2.504923,0.7063504,0.7986063,2.488459,0.8757814,0.8360685,2.393707,1.00448,0.8337872,2.336516,0.9289747,0.9385138,2.403498,0.993013,0.8196608,2.338644,0.8953634,0.7104776,2.352045,0.8299202,0.7163626,2.34804,0.7272586,0.7096801,2.459989,0.8673801,0.5547549,2.363815,0.7909781,0.3766242,2.384157,0.7993371,0.6939331,2.490548,0.6949968,0.8891845,2.497891,0.7154216,0.6302747,2.443779,0.8765596,1.027924,2.544753
72057594037937085,0,0.8400799,5983.797,0.7706569,0.7042174,2.501695,0.8781193,1.156062,2.507816,0.7742606,0.9309556,2.504923,0.7063504,0.7986063,2.488459,0.8757814,0.8360685,2.393707,1.00448,0.8337872,2.336516,0.9289747,0.9385138,2.403498,0.993013,0.8196608,2.338644,0.8953634,0.7104776,2.352045,0.8299202,0.7163626,2.34804,0.7272586,0.7096801,2.459989,0.8673801,0.5547549,2.363815,0.7909781,0.3766242,2.384157,0.7993371,0.6939331,2.490548,0.6949968,0.8891845,2.497891,0.7154216,0.6302747,2.443779,0.8765596,1.027924,2.544753
72057594037937085,0,0.8278799,5983.801,0.7578312,0.7001971,2.505451,0.8796476,1.154862,2.512554,0.7738727,0.9280147,2.502438,0.6894845,0.8058164,2.479362,0.8660332,0.8412308,2.39908,0.9811733,0.8442384,2.352678,0.9313012,0.931303,2.400574,0.9996578,0.8146864,2.336583,0.9039145,0.7055842,2.357771,0.8351269,0.7125692,2.344196,0.7096341,0.7058724,2.476571,0.85494,0.568791,2.357092,0.7715781,0.4007149,2.403821,0.7886319,0.6887891,2.489625,0.6722426,0.878535,2.49665,0.7078171,0.6223373,2.442099,0.8769873,1.026037,2.54837
72057594037937085,0,0.8278799,5983.804,0.7578312,0.7001971,2.505451,0.8796476,1.154862,2.512554,0.7738727,0.9280147,2.502438,0.6894845,0.8058164,2.479362,0.8660332,0.8412308,2.39908,0.9811733,0.8442384,2.352678,0.9313012,0.931303,2.400574,0.9996578,0.8146864,2.336583,0.9039145,0.7055842,2.357771,0.8351269,0.7125692,2.344196,0.7096341,0.7058724,2.476571,0.85494,0.568791,2.357092,0.7715781,0.4007149,2.403821,0.7886319,0.6887891,2.489625,0.6722426,0.878535,2.49665,0.7078171,0.6223373,2.442099,0.8769873,1.026037,2.54837
72057594037937085,0,0.8278799,5983.807,0.7578312,0.7001971,2.505451,0.8796476,1.154862,2.512554,0.7738727,0.9280147,2.502438,0.6894845,0.8058164,2.479362,0.8660332,0.8412308,2.39908,0.9811733,0.8442384,2.352678,0.9313012,0.931303,2.400574,0.9996578,0.8146864,2.336583,0.9039145,0.7055842,2.357771,0.8351269,0.7125692,2.344196,0.7096341,0.7058724,2.476571,0.85494,0.568791,2.357092,0.7715781,0.4007149,2.403821,0.7886319,0.6887891,2.489625,0.6722426,0.878535,2.49665,0.7078171,0.6223373,2.442099,0.8769873,1.026037,2.54837
72057594037937085,0,0.8278799,5983.809,0.7578312,0.7001971,2.505451,0.8796476,1.154862,2.512554,0.7738727,0.9280147,2.502438,0.6894845,0.8058164,2.479362,0.8660332,0.8412308,2.39908,0.9811733,0.8442384,2.352678,0.9313012,0.931303,2.400574,0.9996578,0.8146864,2.336583,0.9039145,0.7055842,2.357771,0.8351269,0.7125692,2.344196,0.7096341,0.7058724,2.476571,0.85494,0.568791,2.357092,0.7715781,0.4007149,2.403821,0.7886319,0.6887891,2.489625,0.6722426,0.878535,2.49665,0.7078171,0.6223373,2.442099,0.8769873,1.026037,2.54837
72057594037937085,0,0.8278799,5983.812,0.7578312,0.7001971,2.505451,0.8796476,1.154862,2.512554,0.7738727,0.9280147,2.502438,0.6894845,0.8058164,2.479362,0.8660332,0.8412308,2.39908,0.9811733,0.8442384,2.352678,0.9313012,0.931303,2.400574,0.9996578,0.8146864,2.336583,0.9039145,0.7055842,2.357771,0.8351269,0.7125692,2.344196,0.7096341,0.7058724,2.476571,0.85494,0.568791,2.357092,0.7715781,0.4007149,2.403821,0.7886319,0.6887891,2.489625,0.6722426,0.878535,2.49665,0.7078171,0.6223373,2.442099,0.8769873,1.026037,2.54837
72057594037937085,0,0.8278799,5983.814,0.7578312,0.7001971,2.505451,0.8796476,1.154862,2.512554,0.7738727,0.9280147,2.502438,0.6894845,0.8058164,2.479362,0.8660332,0.8412308,2.39908,0.9811733,0.8442384,2.352678,0.9313012,0.931303,2.400574,0.9996578,0.8146864,2.336583,0.9039145,0.7055842,2.357771,0.8351269,0.7125692,2.344196,0.7096341,0.7058724,2.476571,0.85494,0.568791,2.357092,0.7715781,0.4007149,2.403821,0.7886319,0.6887891,2.489625,0.6722426,0.878535,2.49665,0.7078171,0.6223373,2.442099,0.8769873,1.026037,2.54837
72057594037937085,0,0.8278799,5983.817,0.7578312,0.7001971,2.505451,0.8796476,1.154862,2.512554,0.7738727,0.9280147,2.502438,0.6894845,0.8058164,2.479362,0.8660332,0.8412308,2.39908,0.9811733,0.8442384,2.352678,0.9313012,0.931303,2.400574,0.9996578,0.8146864,2.336583,0.9039145,0.7055842,2.357771,0.8351269,0.7125692,2.344196,0.7096341,0.7058724,2.476571,0.85494,0.568791,2.357092,0.7715781,0.4007149,2.403821,0.7886319,0.6887891,2.489625,0.6722426,0.878535,2.49665,0.7078171,0.6223373,2.442099,0.8769873,1.026037,2.54837
72057594037937085,0,0.8278799,5983.82,0.7578312,0.7001971,2.505451,0.8796476,1.154862,2.512554,0.7738727,0.9280147,2.502438,0.6894845,0.8058164,2.479362,0.8660332,0.8412308,2.39908,0.9811733,0.8442384,2.352678,0.9313012,0.931303,2.400574,0.9996578,0.8146864,2.336583,0.9039145,0.7055842,2.357771,0.8351269,0.7125692,2.344196,0.7096341,0.7058724,2.476571,0.85494,0.568791,2.357092,0.7715781,0.4007149,2.403821,0.7886319,0.6887891,2.489625,0.6722426,0.878535,2.49665,0.7078171,0.6223373,2.442099,0.8769873,1.026037,2.54837
72057594037937085,0,0.8278799,5983.824,0.7578312,0.7001971,2.505451,0.8796476,1.154862,2.512554,0.7738727,0.9280147,2.502438,0.6894845,0.8058164,2.479362,0.8660332,0.8412308,2.39908,0.9811733,0.8442384,2.352678,0.9313012,0.931303,2.400574,0.9996578,0.8146864,2.336583,0.9039145,0.7055842,2.357771,0.8351269,0.7125692,2.344196,0.7096341,0.7058724,2.476571,0.85494,0.568791,2.357092,0.7715781,0.4007149,2.403821,0.7886319,0.6887891,2.489625,0.6722426,0.878535,2.49665,0.7078171,0.6223373,2.442099,0.8769873,1.026037,2.54837
72057594037937085,0,0.8278799,5983.827,0.7578312,0.7001971,2.505451,0.8796476,1.154862,2.512554,0.7738727,0.9280147,2.502438,0.6894845,0.8058164,2.479362,0.8660332,0.8412308,2.39908,0.9811733,0.8442384,2.352678,0.9313012,0.931303,2.400574,0.9996578,0.8146864,2.336583,0.9039145,0.7055842,2.357771,0.8351269,0.7125692,2.344196,0.7096341,0.7058724,2.476571,0.85494,0.568791,2.357092,0.7715781,0.4007149,2.403821,0.7886319,0.6887891,2.489625,0.6722426,0.878535,2.49665,0.7078171,0.6223373,2.442099,0.8769873,1.026037,2.54837
72057594037937085,0,0.8278799,5983.831,0.7578312,0.7001971,2.505451,0.8796476,1.154862,2.512554,0.7738727,0.9280147,2.502438,0.6894845,0.8058164,2.479362,0.8660332,0.8412308,2.39908,0.9811733,0.8442384,2.352678,0.9313012,0.931303,2.400574,0.9996578,0.8146864,2.336583,0.9039145,0.7055842,2.357771,0.8351269,0.7125692,2.344196,0.7096341,0.7058724,2.476571,0.85494,0.568791,2.357092,0.7715781,0.4007149,2.403821,0.7886319,0.6887891,2.489625,0.6722426,0.878535,2.49665,0.7078171,0.6223373,2.442099,0.8769873,1.026037,2.54837
72057594037937085,0,0.8278799,5983.834,0.7578312,0.7001971,2.505451,0.8796476,1.154862,2.512554,0.7738727,0.9280147,2.502438,0.6894845,0.8058164,2.479362,0.8660332,0.8412308,2.39908,0.9811733,0.8442384,2.352678,0.9313012,0.931303,2.400574,0.9996578,0.8146864,2.336583,0.9039145,0.7055842,2.357771,0.8351269,0.7125692,2.344196,0.7096341,0.7058724,2.476571,0.85494,0.568791,2.357092,0.7715781,0.4007149,2.403821,0.7886319,0.6887891,2.489625,0.6722426,0.878535,2.49665,0.7078171,0.6223373,2.442099,0.8769873,1.026037,2.54837
72057594037937085,0,0.8312,5983.836,0.7560589,0.6899746,2.495911,0.8844913,1.151041,2.523843,0.7693298,0.9244762,2.49986,0.6726821,0.8122368,2.472177,0.8473976,0.7679515,2.390843,0.9607425,0.7399592,2.340016,0.9339125,0.9242684,2.394616,1.005959,0.8078381,2.335578,0.8350206,0.7076455,2.350601,0.7951505,0.6812982,2.368194,0.7060606,0.6982353,2.47578,0.8620637,0.5774775,2.350427,0.7764084,0.4140723,2.405795,0.7936416,0.6731157,2.461728,0.6995783,0.877225,2.449286,0.7390886,0.6223888,2.393816,0.8812894,1.023077,2.556648
72057594037937085,0,0.8312,5983.839,0.7560589,0.6899746,2.495911,0.8844913,1.151041,2.523843,0.7693298,0.9244762,2.49986,0.6726821,0.8122368,2.472177,0.8473976,0.7679515,2.390843,0.9607425,0.7399592,2.340016,0.9339125,0.9242684,2.394616,1.005959,0.8078381,2.335578,0.8350206,0.7076455,2.350601,0.7951505,0.6812982,2.368194,0.7060606,0.6982353,2.47578,0.8620637,0.5774775,2.350427,0.7764084,0.4140723,2.405795,0.7936416,0.6731157,2.461728,0.6995783,0.877225,2.449286,0.7390886,0.6223888,2.393816,0.8812894,1.023077,2.556648
72057594037937085,0,0.8312,5983.842,0.7560589,0.6899746,2.495911,0.8844913,1.151041,2.523843,0.7693298,0.9244762,2.49986,0.6726821,0.8122368,2.472177,0.8473976,0.7679515,2.390843,0.9607425,0.7399592,2.340016,0.9339125,0.9242684,2.394616,1.005959,0.8078381,2.335578,0.8350206,0.7076455,2.350601,0.7951505,0.6812982,2.368194,0.7060606,0.6982353,2.47578,0.8620637,0.5774775,2.350427,0.7764084,0.4140723,2.405795,0.7936416,0.6731157,2.461728,0.6995783,0.877225,2.449286,0.7390886,0.6223888,2.393816,0.8812894,1.023077,2.556648
72057594037937085,0,0.8312,5983.845,0.7560589,0.6899746,2.495911,0.8844913,1.151041,2.523843,0.7693298,0.9244762,2.49986,0.6726821,0.8122368,2.472177,0.8473976,0.7679515,2.390843,0.9607425,0.7399592,2.340016,0.9339125,0.9242684,2.394616,1.005959,0.8078381,2.335578,0.8350206,0.7076455,2.350601,0.7951505,0.6812982,2.368194,0.7060606,0.6982353,2.47578,0.8620637,0.5774775,2.350427,0.7764084,0.4140723,2.405795,0.7936416,0.6731157,2.461728,0.6995783,0.877225,2.449286,0.7390886,0.6223888,2.393816,0.8812894,1.023077,2.556648
72057594037937085,0,0.8312,5983.849,0.7560589,0.6899746,2.495911,0.8844913,1.151041,2.523843,0.7693298,0.9244762,2.49986,0.6726821,0.8122368,2.472177,0.8473976,0.7679515,2.390843,0.9607425,0.7399592,2.340016,0.9339125,0.9242684,2.394616,1.005959,0.8078381,2.335578,0.8350206,0.7076455,2.350601,0.7951505,0.6812982,2.368194,0.7060606,0.6982353,2.47578,0.8620637,0.5774775,2.350427,0.7764084,0.4140723,2.405795,0.7936416,0.6731157,2.461728,0.6995783,0.877225,2.449286,0.7390886,0.6223888,2.393816,0.8812894,1.023077,2.556648
72057594037937085,0,0.8312,5983.851,0.7560589,0.6899746,2.495911,0.8844913,1.151041,2.523843,0.7693298,0.9244762,2.49986,0.6726821,0.8122368,2.472177,0.8473976,0.7679515,2.390843,0.9607425,0.7399592,2.340016,0.9339125,0.9242684,2.394616,1.005959,0.8078381,2.335578,0.8350206,0.7076455,2.350601,0.7951505,0.6812982,2.368194,0.7060606,0.6982353,2.47578,0.8620637,0.5774775,2.350427,0.7764084,0.4140723,2.405795,0.7936416,0.6731157,2.461728,0.6995783,0.877225,2.449286,0.7390886,0.6223888,2.393816,0.8812894,1.023077,2.556648
72057594037937085,0,0.8312,5983.854,0.7560589,0.6899746,2.495911,0.8844913,1.151041,2.523843,0.7693298,0.9244762,2.49986,0.6726821,0.8122368,2.472177,0.8473976,0.7679515,2.390843,0.9607425,0.7399592,2.340016,0.9339125,0.9242684,2.394616,1.005959,0.8078381,2.335578,0.8350206,0.7076455,2.350601,0.7951505,0.6812982,2.368194,0.7060606,0.6982353,2.47578,0.8620637,0.5774775,2.350427,0.7764084,0.4140723,2.405795,0.7936416,0.6731157,2.461728,0.6995783,0.877225,2.449286,0.7390886,0.6223888,2.393816,0.8812894,1.023077,2.556648
72057594037937085,0,0.8312,5983.857,0.7560589,0.6899746,2.495911,0.8844913,1.151041,2.523843,0.7693298,0.9244762,2.49986,0.6726821,0.8122368,2.472177,0.8473976,0.7679515,2.390843,0.9607425,0.7399592,2.340016,0.9339125,0.9242684,2.394616,1.005959,0.8078381,2.335578,0.8350206,0.7076455,2.350601,0.7951505,0.6812982,2.368194,0.7060606,0.6982353,2.47578,0.8620637,0.5774775,2.350427,0.7764084,0.4140723,2.405795,0.7936416,0.6731157,2.461728,0.6995783,0.877225,2.449286,0.7390886,0.6223888,2.393816,0.8812894,1.023077,2.556648
72057594037937085,0,0.8312,5983.859,0.7560589,0.6899746,2.495911,0.8844913,1.151041,2.523843,0.7693298,0.9244762,2.49986,0.6726821,0.8122368,2.472177,0.8473976,0.7679515,2.390843,0.9607425,0.7399592,2.340016,0.9339125,0.9242684,2.394616,1.005959,0.8078381,2.335578,0.8350206,0.7076455,2.350601,0.7951505,0.6812982,2.368194,0.7060606,0.6982353,2.47578,0.8620637,0.5774775,2.350427,0.7764084,0.4140723,2.405795,0.7936416,0.6731157,2.461728,0.6995783,0.877225,2.449286,0.7390886,0.6223888,2.393816,0.8812894,1.023077,2.556648
72057594037937085,0,0.8312,5983.862,0.7560589,0.6899746,2.495911,0.8844913,1.151041,2.523843,0.7693298,0.9244762,2.49986,0.6726821,0.8122368,2.472177,0.8473976,0.7679515,2.390843,0.9607425,0.7399592,2.340016,0.9339125,0.9242684,2.394616,1.005959,0.8078381,2.335578,0.8350206,0.7076455,2.350601,0.7951505,0.6812982,2.368194,0.7060606,0.6982353,2.47578,0.8620637,0.5774775,2.350427,0.7764084,0.4140723,2.405795,0.7936416,0.6731157,2.461728,0.6995783,0.877225,2.449286,0.7390886,0.6223888,2.393816,0.8812894,1.023077,2.556648
72057594037937085,0,0.8312,5983.866,0.7560589,0.6899746,2.495911,0.8844913,1.151041,2.523843,0.7693298,0.9244762,2.49986,0.6726821,0.8122368,2.472177,0.8473976,0.7679515,2.390843,0.9607425,0.7399592,2.340016,0.9339125,0.9242684,2.394616,1.005959,0.8078381,2.335578,0.8350206,0.7076455,2.350601,0.7951505,0.6812982,2.368194,0.7060606,0.6982353,2.47578,0.8620637,0.5774775,2.350427,0.7764084,0.4140723,2.405795,0.7936416,0.6731157,2.461728,0.6995783,0.877225,2.449286,0.7390886,0.6223888,2.393816,0.8812894,1.023077,2.556648
72057594037937085,0,0.8382614,5983.869,0.7602094,0.6888601,2.485815,0.8842721,1.151525,2.523836,0.7651414,0.9202343,2.497493,0.6683125,0.8082528,2.469297,0.8490583,0.8312878,2.394286,0.9703175,0.8352394,2.355803,0.9600104,0.9139449,2.40204,1.005255,0.7894319,2.330359,0.8446751,0.6751109,2.35272,0.7836313,0.6355222,2.363209,0.7069064,0.6964207,2.471742,0.8615148,0.5768744,2.340976,0.7690722,0.4238311,2.409499,0.8006501,0.6753586,2.451337,0.7041899,0.8784385,2.449907,0.6965297,0.6167893,2.433908,0.8814241,1.023264,2.556667
72057594037937085,0,0.8382614,5983.873,0.7602094,0.6888601,2.485815,0.8842721,1.151525,2.523836,0.7651414,0.9202343,2.497493,0.6683125,0.8082528,2.469297,0.8490583,0.8312878,2.394286,0.9703175,0.8352394,2.355803,0.9600104,0.9139449,2.40204,1.005255,0.7894319,2.330359,0.8446751,0.6751109,2.35272,0.7836313,0.6355222,2.363209,0.7069064,0.6964207,2.471742,0.8615148,0.5768744,2.340976,0.7690722,0.4238311,2.409499,0.8006501,0.6753586,2.451337,0.7041899,0.8784385,2.449907,0.6965297,0.6167893,2.433908,0.8814241,1.023264,2.556667
72057594037937085,0,0.8382614,5983.876,0.7602094,0.6888601,2.485815,0.8842721,1.151525,2.523836,0.7651414,0.9202343,2.497493,0.6683125,0.8082528,2.469297,0.8490583,0.8312878,2.394286,0.9703175,0.8352394,2.355803,0.9600104,0.9139449,2.40204,1.005255,0.7894319,2.330359,0.8446751,0.6751109,2.35272,0.7836313,0.6355222,2.363209,0.7069064,0.6964207,2.471742,0.8615148,0.5768744,2.340976,0.7690722,0.4238311,2.409499,0.8006501,0.6753586,2.451337,0.7041899,0.8784385,2.449907,0.6965297,0.6167893,2.433908,0.8814241,1.023264,2.556667
72057594037937085,0,0.8382614,5983.879,0.7602094,0.6888601,2.485815,0.8842721,1.151525,2.523836,0.7651414,0.9202343,2.497493,0.6683125,0.8082528,2.469297,0.8490583,0.8312878,2.394286,0.9703175,0.8352394,2.355803,0.9600104,0.9139449,2.40204,1.005255,0.7894319,2.330359,0.8446751,0.6751109,2.35272,0.7836313,0.6355222,2.363209,0.7069064,0.6964207,2.471742,0.8615148,0.5768744,2.340976,0.7690722,0.4238311,2.409499,0.8006501,0.6753586,2.451337,0.7041899,0.8784385,2.449907,0.6965297,0.6167893,2.433908,0.8814241,1.023264,2.556667
72057594037937085,0,0.8382614,5983.882,0.7602094,0.6888601,2.485815,0.8842721,1.151525,2.523836,0.7651414,0.9202343,2.497493,0.6683125,0.8082528,2.469297,0.8490583,0.8312878,2.394286,0.9703175,0.8352394,2.355803,0.9600104,0.9139449,2.40204,1.005255,0.7894319,2.330359,0.8446751,0.6751109,2.35272,0.7836313,0.6355222,2.363209,0.7069064,0.6964207,2.471742,0.8615148,0.5768744,2.340976,0.7690722,0.4238311,2.409499,0.8006501,0.6753586,2.451337,0.7041899,0.8784385,2.449907,0.6965297,0.6167893,2.433908,0.8814241,1.023264,2.556667
72057594037937085,0,0.8382614,5983.885,0.7602094,0.6888601,2.485815,0.8842721,1.151525,2.523836,0.7651414,0.9202343,2.497493,0.6683125,0.8082528,2.469297,0.8490583,0.8312878,2.394286,0.9703175,0.8352394,2.355803,0.9600104,0.9139449,2.40204,1.005255,0.7894319,2.330359,0.8446751,0.6751109,2.35272,0.7836313,0.6355222,2.363209,0.7069064,0.6964207,2.471742,0.8615148,0.5768744,2.340976,0.7690722,0.4238311,2.409499,0.8006501,0.6753586,2.451337,0.7041899,0.8784385,2.449907,0.6965297,0.6167893,2.433908,0.8814241,1.023264,2.556667
72057594037937085,0,0.8382614,5983.889,0.7602094,0.6888601,2.485815,0.8842721,1.151525,2.523836,0.7651414,0.9202343,2.497493,0.6683125,0.8082528,2.469297,0.8490583,0.8312878,2.394286,0.9703175,0.8352394,2.355803,0.9600104,0.9139449,2.40204,1.005255,0.7894319,2.330359,0.8446751,0.6751109,2.35272,0.7836313,0.6355222,2.363209,0.7069064,0.6964207,2.471742,0.8615148,0.5768744,2.340976,0.7690722,0.4238311,2.409499,0.8006501,0.6753586,2.451337,0.7041899,0.8784385,2.449907,0.6965297,0.6167893,2.433908,0.8814241,1.023264,2.556667
72057594037937085,0,0.8382614,5983.892,0.7602094,0.6888601,2.485815,0.8842721,1.151525,2.523836,0.7651414,0.9202343,2.497493,0.6683125,0.8082528,2.469297,0.8490583,0.8312878,2.394286,0.9703175,0.8352394,2.355803,0.9600104,0.9139449,2.40204,1.005255,0.7894319,2.330359,0.8446751,0.6751109,2.35272,0.7836313,0.6355222,2.363209,0.7069064,0.6964207,2.471742,0.8615148,0.5768744,2.340976,0.7690722,0.4238311,2.409499,0.8006501,0.6753586,2.451337,0.7041899,0.8784385,2.449907,0.6965297,0.6167893,2.433908,0.8814241,1.023264,2.556667
72057594037937085,0,0.8382614,5983.895,0.7602094,0.6888601,2.485815,0.8842721,1.151525,2.523836,0.7651414,0.9202343,2.497493,0.6683125,0.8082528,2.469297,0.8490583,0.8312878,2.394286,0.9703175,0.8352394,2.355803,0.9600104,0.9139449,2.40204,1.005255,0.7894319,2.330359,0.8446751,0.6751109,2.35272,0.7836313,0.6355222,2.363209,0.7069064,0.6964207,2.471742,0.8615148,0.5768744,2.340976,0.7690722,0.4238311,2.409499,0.8006501,0.6753586,2.451337,0.7041899,0.8784385,2.449907,0.6965297,0.6167893,2.433908,0.8814241,1.023264,2.556667
72057594037937085,0,0.8382614,5983.898,0.7602094,0.6888601,2.485815,0.8842721,1.151525,2.523836,0.7651414,0.9202343,2.497493,0.6683125,0.8082528,2.469297,0.8490583,0.8312878,2.394286,0.9703175,0.8352394,2.355803,0.9600104,0.9139449,2.40204,1.005255,0.7894319,2.330359,0.8446751,0.6751109,2.35272,0.7836313,0.6355222,2.363209,0.7069064,0.6964207,2.471742,0.8615148,0.5768744,2.340976,0.7690722,0.4238311,2.409499,0.8006501,0.6753586,2.451337,0.7041899,0.8784385,2.449907,0.6965297,0.6167893,2.433908,0.8814241,1.023264,2.556667
72057594037937085,0,0.8354831,5983.902,0.7551495,0.6842272,2.483027,0.8833482,1.151385,2.524882,0.7630926,0.9212021,2.499234,0.6480231,0.8284516,2.468464,0.8265423,0.7811971,2.39875,0.959815,0.7409656,2.34015,0.9310761,0.8886437,2.394626,1.023119,0.7914947,2.329963,0.8429648,0.7098166,2.348326,0.7965333,0.6903249,2.362794,0.7037011,0.6927497,2.471454,0.856078,0.567278,2.34201,0.7653665,0.4159813,2.414225,0.7932604,0.6700944,2.446647,0.6576501,0.845034,2.47884,0.7019416,0.5909917,2.434638,0.8800778,1.021995,2.557077
72057594037937085,0,0.8354831,5983.905,0.7551495,0.6842272,2.483027,0.8833482,1.151385,2.524882,0.7630926,0.9212021,2.499234,0.6480231,0.8284516,2.468464,0.8265423,0.7811971,2.39875,0.959815,0.7409656,2.34015,0.9310761,0.8886437,2.394626,1.023119,0.7914947,2.329963,0.8429648,0.7098166,2.348326,0.7965333,0.6903249,2.362794,0.7037011,0.6927497,2.471454,0.856078,0.567278,2.34201,0.7653665,0.4159813,2.414225,0.7932604,0.6700944,2.446647,0.6576501,0.845034,2.47884,0.7019416,0.5909917,2.434638,0.8800778,1.021995,2.557077
72057594037937085,0,0.8354831,5983.908,0.7551495,0.6842272,2.483027,0.8833482,1.151385,2.524882,0.7630926,0.9212021,2.499234,0.6480231,0.8284516,2.468464,0.8265423,0.7811971,2.39875,0.959815,0.7409656,2.34015,0.9310761,0.8886437,2.394626,1.023119,0.7914947,2.329963,0.8429648,0.7098166,2.348326,0.7965333,0.6903249,2.362794,0.7037011,0.6927497,2.471454,0.856078,0.567278,2.34201,0.7653665,0.4159813,2.414225,0.7932604,0.6700944,2.446647,0.6576501,0.845034,2.47884,0.7019416,0.5909917,2.434638,0.8800778,1.021995,2.557077
72057594037937085,0,0.8354831,5983.91,0.7551495,0.6842272,2.483027,0.8833482,1.151385,2.524882,0.7630926,0.9212021,2.499234,0.6480231,0.8284516,2.468464,0.8265423,0.7811971,2.39875,0.959815,0.7409656,2.34015,0.9310761,0.8886437,2.394626,1.023119,0.7914947,2.329963,0.8429648,0.7098166,2.348326,0.7965333,0.6903249,2.362794,0.7037011,0.6927497,2.471454,0.856078,0.567278,2.34201,0.7653665,0.4159813,2.414225,0.7932604,0.6700944,2.446647,0.6576501,0.845034,2.47884,0.7019416,0.5909917,2.434638,0.8800778,1.021995,2.557077
72057594037937085,0,0.8354831,5983.913,0.7551495,0.6842272,2.483027,0.8833482,1.151385,2.524882,0.7630926,0.9212021,2.499234,0.6480231,0.8284516,2.468464,0.8265423,0.7811971,2.39875,0.959815,0.7409656,2.34015,0.9310761,0.8886437,2.394626,1.023119,0.7914947,2.329963,0.8429648,0.7098166,2.348326,0.7965333,0.6903249,2.362794,0.7037011,0.6927497,2.471454,0.856078,0.567278,2.34201,0.7653665,0.4159813,2.414225,0.7932604,0.6700944,2.446647,0.6576501,0.845034,2.47884,0.7019416,0.5909917,2.434638,0.8800778,1.021995,2.557077
72057594037937085,0,0.8354831,5983.915,0.7551495,0.6842272,2.483027,0.8833482,1.151385,2.524882,0.7630926,0.9212021,2.499234,0.6480231,0.8284516,2.468464,0.8265423,0.7811971,2.39875,0.959815,0.7409656,2.34015,0.9310761,0.8886437,2.394626,1.023119,0.7914947,2.329963,0.8429648,0.7098166,2.348326,0.7965333,0.6903249,2.362794,0.7037011,0.6927497,2.471454,0.856078,0.567278,2.34201,0.7653665,0.4159813,2.414225,0.7932604,0.6700944,2.446647,0.6576501,0.845034,2.47884,0.7019416,0.5909917,2.434638,0.8800778,1.021995,2.557077
72057594037937085,0,0.8354831,5983.917,0.7551495,0.6842272,2.483027,0.8833482,1.151385,2.524882,0.7630926,0.9212021,2.499234,0.6480231,0.8284516,2.468464,0.8265423,0.7811971,2.39875,0.959815,0.7409656,2.34015,0.9310761,0.8886437,2.394626,1.023119,0.7914947,2.329963,0.8429648,0.7098166,2.348326,0.7965333,0.6903249,2.362794,0.7037011,0.6927497,2.471454,0.856078,0.567278,2.34201,0.7653665,0.4159813,2.414225,0.7932604,0.6700944,2.446647,0.6576501,0.845034,2.47884,0.7019416,0.5909917,2.434638,0.8800778,1.021995,2.557077
72057594037937085,0,0.8354831,5983.92,0.7551495,0.6842272,2.483027,0.8833482,1.151385,2.524882,0.7630926,0.9212021,2.499234,0.6480231,0.8284516,2.468464,0.8265423,0.7811971,2.39875,0.959815,0.7409656,2.34015,0.9310761,0.8886437,2.394626,1.023119,0.7914947,2.329963,0.8429648,0.7098166,2.348326,0.7965333,0.6903249,2.362794,0.7037011,0.6927497,2.471454,0.856078,0.567278,2.34201,0.7653665,0.4159813,2.414225,0.7932604,0.6700944,2.446647,0.6576501,0.845034,2.47884,0.7019416,0.5909917,2.434638,0.8800778,1.021995,2.557077
72057594037937085,0,0.8354831,5983.923,0.7551495,0.6842272,2.483027,0.8833482,1.151385,2.524882,0.7630926,0.9212021,2.499234,0.6480231,0.8284516,2.468464,0.8265423,0.7811971,2.39875,0.959815,0.7409656,2.34015,0.9310761,0.8886437,2.394626,1.023119,0.7914947,2.329963,0.8429648,0.7098166,2.348326,0.7965333,0.6903249,2.362794,0.7037011,0.6927497,2.471454,0.856078,0.567278,2.34201,0.7653665,0.4159813,2.414225,0.7932604,0.6700944,2.446647,0.6576501,0.845034,2.47884,0.7019416,0.5909917,2.434638,0.8800778,1.021995,2.557077
72057594037937085,0,0.8354831,5983.926,0.7551495,0.6842272,2.483027,0.8833482,1.151385,2.524882,0.7630926,0.9212021,2.499234,0.6480231,0.8284516,2.468464,0.8265423,0.7811971,2.39875,0.959815,0.7409656,2.34015,0.9310761,0.8886437,2.394626,1.023119,0.7914947,2.329963,0.8429648,0.7098166,2.348326,0.7965333,0.6903249,2.362794,0.7037011,0.6927497,2.471454,0.856078,0.567278,2.34201,0.7653665,0.4159813,2.414225,0.7932604,0.6700944,2.446647,0.6576501,0.845034,2.47884,0.7019416,0.5909917,2.434638,0.8800778,1.021995,2.557077
72057594037937085,0,0.8354831,5983.929,0.7551495,0.6842272,2.483027,0.8833482,1.151385,2.524882,0.7630926,0.9212021,2.499234,0.6480231,0.8284516,2.468464,0.8265423,0.7811971,2.39875,0.959815,0.7409656,2.34015,0.9310761,0.8886437,2.394626,1.023119,0.7914947,2.329963,0.8429648,0.7098166,2.348326,0.7965333,0.6903249,2.362794,0.7037011,0.6927497,2.471454,0.856078,0.567278,2.34201,0.7653665,0.4159813,2.414225,0.7932604,0.6700944,2.446647,0.6576501,0.845034,2.47884,0.7019416,0.5909917,2.434638,0.8800778,1.021995,2.557077
72057594037937085,0,0.8354831,5983.933,0.7551495,0.6842272,2.483027,0.8833482,1.151385,2.524882,0.7630926,0.9212021,2.499234,0.6480231,0.8284516,2.468464,0.8265423,0.7811971,2.39875,0.959815,0.7409656,2.34015,0.9310761,0.8886437,2.394626,1.023119,0.7914947,2.329963,0.8429648,0.7098166,2.348326,0.7965333,0.6903249,2.362794,0.7037011,0.6927497,2.471454,0.856078,0.567278,2.34201,0.7653665,0.4159813,2.414225,0.7932604,0.6700944,2.446647,0.6576501,0.845034,2.47884,0.7019416,0.5909917,2.434638,0.8800778,1.021995,2.557077
72057594037937085,0,0.835127,5983.936,0.7547741,0.6820556,2.484761,0.8810639,1.150047,2.526782,0.7628757,0.9209179,2.498803,0.6486921,0.827002,2.468356,0.8195877,0.8656634,2.429968,0.8498817,0.8562762,2.402371,0.9318848,0.886462,2.395094,1.018733,0.7812005,2.336665,0.8218917,0.7557031,2.34782,0.7823636,0.7546816,2.365163,0.7029157,0.6909479,2.473591,0.8611733,0.5797573,2.335997,0.7630147,0.4357618,2.411832,0.7933245,0.6672639,2.448936,0.661005,0.846369,2.478768,0.7026708,0.5925825,2.434759,0.877486,1.020009,2.559015
72057594037937085,0,0.835127,5983.938,0.7547741,0.6820556,2.484761,0.8810639,1.150047,2.526782,0.7628757,0.9209179,2.498803,0.6486921,0.827002,2.468356,0.8195877,0.8656634,2.429968,0.8498817,0.8562762,2.402371,0.9318848,0.886462,2.395094,1.018733,0.7812005,2.336665,0.8218917,0.7557031,2.34782,0.7823636,0.7546816,2.365163,0.7029157,0.6909479,2.473591,0.8611733,0.5797573,2.335997,0.7630147,0.4357618,2.411832,0.7933245,0.6672639,2.448936,0.661005,0.846369,2.478768,0.7026708,0.5925825,2.434759,0.877486,1.020009,2.559015
72057594037937085,0,0.835127,5983.942,0.7547741,0.6820556,2.484761,0.8810639,1.150047,2.526782,0.7628757,0.9209179,2.498803,0.6486921,0.827002,2.468356,0.8195877,0.8656634,2.429968,0.8498817,0.8562762,2.402371,0.9318848,0.886462,2.395094,1.018733,0.7812005,2.336665,0.8218917,0.7557031,2.34782,0.7823636,0.7546816,2.365163,0.7029157,0.6909479,2.473591,0.8611733,0.5797573,2.335997,0.7630147,0.4357618,2.411832,0.7933245,0.6672639,2.448936,0.661005,0.846369,2.478768,0.7026708,0.5925825,2.434759,0.877486,1.020009,2.559015
72057594037937085,0,0.835127,5983.945,0.7547741,0.6820556,2.484761,0.8810639,1.150047,2.526782,0.7628757,0.9209179,2.498803,0.6486921,0.827002,2.468356,0.8195877,0.8656634,2.429968,0.8498817,0.8562762,2.402371,0.9318848,0.886462,2.395094,1.018733,0.7812005,2.336665,0.8218917,0.7557031,2.34782,0.7823636,0.7546816,2.365163,0.7029157,0.6909479,2.473591,0.8611733,0.5797573,2.335997,0.7630147,0.4357618,2.411832,0.7933245,0.6672639,2.448936,0.661005,0.846369,2.478768,0.7026708,0.5925825,2.434759,0.877486,1.020009,2.559015
72057594037937085,0,0.835127,5983.947,0.7547741,0.6820556,2.484761,0.8810639,1.150047,2.526782,0.7628757,0.9209179,2.498803,0.6486921,0.827002,2.468356,0.8195877,0.8656634,2.429968,0.8498817,0.8562762,2.402371,0.9318848,0.886462,2.395094,1.018733,0.7812005,2.336665,0.8218917,0.7557031,2.34782,0.7823636,0.7546816,2.365163,0.7029157,0.6909479,2.473591,0.8611733,0.5797573,2.335997,0.7630147,0.4357618,2.411832,0.7933245,0.6672639,2.448936,0.661005,0.846369,2.478768,0.7026708,0.5925825,2.434759,0.877486,1.020009,2.559015
72057594037937085,0,0.835127,5983.95,0.7547741,0.6820556,2.484761,0.8810639,1.150047,2.526782,0.7628757,0.9209179,2.498803,0.6486921,0.827002,2.468356,0.8195877,0.8656634,2.429968,0.8498817,0.8562762,2.402371,0.9318848,0.886462,2.395094,1.018733,0.7812005,2.336665,0.8218917,0.7557031,2.34782,0.7823636,0.7546816,2.365163,0.7029157,0.6909479,2.473591,0.8611733,0.5797573,2.335997,0.7630147,0.4357618,2.411832,0.7933245,0.6672639,2.448936,0.661005,0.846369,2.478768,0.7026708,0.5925825,2.434759,0.877486,1.020009,2.559015
72057594037937085,0,0.835127,5983.952,0.7547741,0.6820556,2.484761,0.8810639,1.150047,2.526782,0.7628757,0.9209179,2.498803,0.6486921,0.827002,2.468356,0.8195877,0.8656634,2.429968,0.8498817,0.8562762,2.402371,0.9318848,0.886462,2.395094,1.018733,0.7812005,2.336665,0.8218917,0.7557031,2.34782,0.7823636,0.7546816,2.365163,0.7029157,0.6909479,2.473591,0.8611733,0.5797573,2.335997,0.7630147,0.4357618,2.411832,0.7933245,0.6672639,2.448936,0.661005,0.846369,2.478768,0.7026708,0.5925825,2.434759,0.877486,1.020009,2.559015
72057594037937085,0,0.835127,5983.955,0.7547741,0.6820556,2.484761,0.8810639,1.150047,2.526782,0.7628757,0.9209179,2.498803,0.6486921,0.827002,2.468356,0.8195877,0.8656634,2.429968,0.8498817,0.8562762,2.402371,0.9318848,0.886462,2.395094,1.018733,0.7812005,2.336665,0.8218917,0.7557031,2.34782,0.7823636,0.7546816,2.365163,0.7029157,0.6909479,2.473591,0.8611733,0.5797573,2.335997,0.7630147,0.4357618,2.411832,0.7933245,0.6672639,2.448936,0.661005,0.846369,2.478768,0.7026708,0.5925825,2.434759,0.877486,1.020009,2.559015
72057594037937085,0,0.835127,5983.958,0.7547741,0.6820556,2.484761,0.8810639,1.150047,2.526782,0.7628757,0.9209179,2.498803,0.6486921,0.827002,2.468356,0.8195877,0.8656634,2.429968,0.8498817,0.8562762,2.402371,0.9318848,0.886462,2.395094,1.018733,0.7812005,2.336665,0.8218917,0.7557031,2.34782,0.7823636,0.7546816,2.365163,0.7029157,0.6909479,2.473591,0.8611733,0.5797573,2.335997,0.7630147,0.4357618,2.411832,0.7933245,0.6672639,2.448936,0.661005,0.846369,2.478768,0.7026708,0.5925825,2.434759,0.877486,1.020009,2.559015
72057594037937085,0,0.835127,5983.961,0.7547741,0.6820556,2.484761,0.8810639,1.150047,2.526782,0.7628757,0.9209179,2.498803,0.6486921,0.827002,2.468356,0.8195877,0.8656634,2.429968,0.8498817,0.8562762,2.402371,0.9318848,0.886462,2.395094,1.018733,0.7812005,2.336665,0.8218917,0.7557031,2.34782,0.7823636,0.7546816,2.365163,0.7029157,0.6909479,2.473591,0.8611733,0.5797573,2.335997,0.7630147,0.4357618,2.411832,0.7933245,0.6672639,2.448936,0.661005,0.846369,2.478768,0.7026708,0.5925825,2.434759,0.877486,1.020009,2.559015
72057594037937085,0,0.835127,5983.964,0.7547741,0.6820556,2.484761,0.8810639,1.150047,2.526782,0.7628757,0.9209179,2.498803,0.6486921,0.827002,2.468356,0.8195877,0.8656634,2.429968,0.8498817,0.8562762,2.402371,0.9318848,0.886462,2.395094,1.018733,0.7812005,2.336665,0.8218917,0.7557031,2.34782,0.7823636,0.7546816,2.365163,0.7029157,0.6909479,2.473591,0.8611733,0.5797573,2.335997,0.7630147,0.4357618,2.411832,0.7933245,0.6672639,2.448936,0.661005,0.846369,2.478768,0.7026708,0.5925825,2.434759,0.877486,1.020009,2.559015
72057594037937085,0,0.8339843,5983.967,0.7535671,0.6818377,2.485024,0.8746646,1.149433,2.527973,0.762831,0.9214799,2.499031,0.6507593,0.8252215,2.468515,0.7780337,0.8063936,2.397595,0.8002135,0.7970971,2.37091,0.9272265,0.8856544,2.397702,1.017214,0.7828594,2.340319,0.8196521,0.7653406,2.351279,0.7756292,0.7648291,2.367246,0.700394,0.6909857,2.474125,0.8598557,0.581941,2.334888,0.7583836,0.441282,2.412124,0.7929012,0.6670189,2.449219,0.6707963,0.8541144,2.476903,0.7175427,0.6048663,2.414819,0.8758104,1.020601,2.558334
72057594037937085,0,0.8339843,5983.971,0.7535671,0.6818377,2.485024,0.8746646,1.149433,2.527973,0.762831,0.9214799,2.499031,0.6507593,0.8252215,2.468515,0.7780337,0.8063936,2.397595,0.8002135,0.7970971,2.37091,0.9272265,0.8856544,2.397702,1.017214,0.7828594,2.340319,0.8196521,0.7653406,2.351279,0.7756292,0.7648291,2.367246,0.700394,0.6909857,2.474125,0.8598557,0.581941,2.334888,0.7583836,0.441282,2.412124,0.7929012,0.6670189,2.449219,0.6707963,0.8541144,2.476903,0.7175427,0.6048663,2.414819,0.8758104,1.020601,2.558334
72057594037937085,0,0.8339843,5983.973,0.7535671,0.6818377,2.485024,0.8746646,1.149433,2.527973,0.762831,0.9214799,2.499031,0.6507593,0.8252215,2.468515,0.7780337,0.8063936,2.397595,0.8002135,0.7970971,2.37091,0.9272265,0.8856544,2.397702,1.017214,0.7828594,2.340319,0.8196521,0.7653406,2.351279,0.7756292,0.7648291,2.367246,0.700394,0.6909857,2.474125,0.8598557,0.581941,2.334888,0.7583836,0.441282,2.412124,0.7929012,0.6670189,2.449219,0.6707963,0.8541144,2.476903,0.7175427,0.6048663,2.414819,0.8758104,1.020601,2.558334
72057594037937085,0,0.8339843,5983.976,0.7535671,0.6818377,2.485024,0.8746646,1.149433,2.527973,0.762831,0.9214799,2.499031,0.6507593,0.8252215,2.468515,0.7780337,0.8063936,2.397595,0.8002135,0.7970971,2.37091,0.9272265,0.8856544,2.397702,1.017214,0.7828594,2.340319,0.8196521,0.7653406,2.351279,0.7756292,0.7648291,2.367246,0.700394,0.6909857,2.474125,0.8598557,0.581941,2.334888,0.7583836,0.441282,2.412124,0.7929012,0.6670189,2.449219,0.6707963,0.8541144,2.476903,0.7175427,0.6048663,2.414819,0.8758104,1.020601,2.558334
72057594037937085,0,0.8339843,5983.979,0.7535671,0.6818377,2.485024,0.8746646,1.149433,2.527973,0.762831,0.9214799,2.499031,0.6507593,0.8252215,2.468515,0.7780337,0.8063936,2.397595,0.8002135,0.7970971,2.37091,0.9272265,0.8856544,2.397702,1.017214,0.7828594,2.340319,0.8196521,0.7653406,2.351279,0.7756292,0.7648291,2.367246,0.700394,0.6909857,2.474125,0.8598557,0.581941,2.334888,0.7583836,0.441282,2.412124,0.7929012,0.6670189,2.449219,0.6707963,0.8541144,2.476903,0.7175427,0.6048663,2.414819,0.8758104,1.020601,2.558334
72057594037937085,0,0.8339843,5983.981,0.7535671,0.6818377,2.485024,0.8746646,1.149433,2.527973,0.762831,0.9214799,2.499031,0.6507593,0.8252215,2.468515,0.7780337,0.8063936,2.397595,0.8002135,0.7970971,2.37091,0.9272265,0.8856544,2.397702,1.017214,0.7828594,2.340319,0.8196521,0.7653406,2.351279,0.7756292,0.7648291,2.367246,0.700394,0.6909857,2.474125,0.8598557,0.581941,2.334888,0.7583836,0.441282,2.412124,0.7929012,0.6670189,2.449219,0.6707963,0.8541144,2.476903,0.7175427,0.6048663,2.414819,0.8758104,1.020601,2.558334
72057594037937085,0,0.8339843,5983.985,0.7535671,0.6818377,2.485024,0.8746646,1.149433,2.527973,0.762831,0.9214799,2.499031,0.6507593,0.8252215,2.468515,0.7780337,0.8063936,2.397595,0.8002135,0.7970971,2.37091,0.9272265,0.8856544,2.397702,1.017214,0.7828594,2.340319,0.8196521,0.7653406,2.351279,0.7756292,0.7648291,2.367246,0.700394,0.6909857,2.474125,0.8598557,0.581941,2.334888,0.7583836,0.441282,2.412124,0.7929012,0.6670189,2.449219,0.6707963,0.8541144,2.476903,0.7175427,0.6048663,2.414819,0.8758104,1.020601,2.558334
72057594037937085,0,0.8339843,5983.988,0.7535671,0.6818377,2.485024,0.8746646,1.149433,2.527973,0.762831,0.9214799,2.499031,0.6507593,0.8252215,2.468515,0.7780337,0.8063936,2.397595,0.8002135,0.7970971,2.37091,0.9272265,0.8856544,2.397702,1.017214,0.7828594,2.340319,0.8196521,0.7653406,2.351279,0.7756292,0.7648291,2.367246,0.700394,0.6909857,2.474125,0.8598557,0.581941,2.334888,0.7583836,0.441282,2.412124,0.7929012,0.6670189,2.449219,0.6707963,0.8541144,2.476903,0.7175427,0.6048663,2.414819,0.8758104,1.020601,2.558334
72057594037937085,0,0.8339843,5983.992,0.7535671,0.6818377,2.485024,0.8746646,1.149433,2.527973,0.762831,0.9214799,2.499031,0.6507593,0.8252215,2.468515,0.7780337,0.8063936,2.397595,0.8002135,0.7970971,2.37091,0.9272265,0.8856544,2.397702,1.017214,0.7828594,2.340319,0.8196521,0.7653406,2.351279,0.7756292,0.7648291,2.367246,0.700394,0.6909857,2.474125,0.8598557,0.581941,2.334888,0.7583836,0.441282,2.412124,0.7929012,0.6670189,2.449219,0.6707963,0.8541144,2.476903,0.7175427,0.6048663,2.414819,0.8758104,1.020601,2.558334
72057594037937085,0,0.8339843,5983.994,0.7535671,0.6818377,2.485024,0.8746646,1.149433,2.527973,0.762831,0.9214799,2.499031,0.6507593,0.8252215,2.468515,0.7780337,0.8063936,2.397595,0.8002135,0.7970971,2.37091,0.9272265,0.8856544,2.397702,1.017214,0.7828594,2.340319,0.8196521,0.7653406,2.351279,0.7756292,0.7648291,2.367246,0.700394,0.6909857,2.474125,0.8598557,0.581941,2.334888,0.7583836,0.441282,2.412124,0.7929012,0.6670189,2.449219,0.6707963,0.8541144,2.476903,0.7175427,0.6048663,2.414819,0.8758104,1.020601,2.558334
72057594037937085,0,0.8339843,5983.997,0.7535671,0.6818377,2.485024,0.8746646,1.149433,2.527973,0.762831,0.9214799,2.499031,0.6507593,0.8252215,2.468515,0.7780337,0.8063936,2.397595,0.8002135,0.7970971,2.37091,0.9272265,0.8856544,2.397702,1.017214,0.7828594,2.340319,0.8196521,0.7653406,2.351279,0.7756292,0.7648291,2.367246,0.700394,0.6909857,2.474125,0.8598557,0.581941,2.334888,0.7583836,0.441282,2.412124,0.7929012,0.6670189,2.449219,0.6707963,0.8541144,2.476903,0.7175427,0.6048663,2.414819,0.8758104,1.020601,2.558334
72057594037937085,0,0.8339843,5984,0.7535671,0.6818377,2.485024,0.8746646,1.149433,2.527973,0.762831,0.9214799,2.499031,0.6507593,0.8252215,2.468515,0.7780337,0.8063936,2.397595,0.8002135,0.7970971,2.37091,0.9272265,0.8856544,2.397702,1.017214,0.7828594,2.340319,0.8196521,0.7653406,2.351279,0.7756292,0.7648291,2.367246,0.700394,0.6909857,2.474125,0.8598557,0.581941,2.334888,0.7583836,0.441282,2.412124,0.7929012,0.6670189,2.449219,0.6707963,0.8541144,2.476903,0.7175427,0.6048663,2.414819,0.8758104,1.020601,2.558334
72057594037937085,0,0.8288293,5984.002,0.7490082,0.6836185,2.486759,0.8741001,1.149181,2.529402,0.763032,0.9222016,2.49926,0.6507183,0.8256111,2.471726,0.7775857,0.8075922,2.399765,0.8096132,0.7975845,2.383089,0.9247667,0.8792743,2.396066,1.02263,0.782807,2.342065,0.8393806,0.7068406,2.354121,0.7942161,0.6890097,2.363739,0.698132,0.6931121,2.476265,0.8572879,0.5831925,2.335812,0.7446542,0.4560336,2.420103,0.7851346,0.668492,2.45099,0.6674847,0.8590372,2.478683,0.6899272,0.6013575,2.448126,0.8749352,1.02049,2.558367
72057594037937085,0,0.8288293,5984.005,0.7490082,0.6836185,2.486759,0.8741001,1.149181,2.529402,0.763032,0.9222016,2.49926,0.6507183,0.8256111,2.471726,0.7775857,0.8075922,2.399765,0.8096132,0.7975845,2.383089,0.9247667,0.8792743,2.396066,1.02263,0.782807,2.342065,0.8393806,0.7068406,2.354121,0.7942161,0.6890097,2.363739,0.698132,0.6931121,2.476265,0.8572879,0.5831925,2.335812,0.7446542,0.4560336,2.420103,0.7851346,0.668492,2.45099,0.6674847,0.8590372,2.478683,0.6899272,0.6013575,2.448126,0.8749352,1.02049,2.558367
72057594037937085,0,0.8288293,5984.008,0.7490082,0.6836185,2.486759,0.8741001,1.149181,2.529402,0.763032,0.9222016,2.49926,0.6507183,0.8256111,2.471726,0.7775857,0.8075922,2.399765,0.8096132,0.7975845,2.383089,0.9247667,0.8792743,2.396066,1.02263,0.782807,2.342065,0.8393806,0.7068406,2.354121,0.7942161,0.6890097,2.363739,0.698132,0.6931121,2.476265,0.8572879,0.5831925,2.335812,0.7446542,0.4560336,2.420103,0.7851346,0.668492,2.45099,0.6674847,0.8590372,2.478683,0.6899272,0.6013575,2.448126,0.8749352,1.02049,2.558367
72057594037937085,0,0.8288293,5984.011,0.7490082,0.6836185,2.486759,0.8741001,1.149181,2.529402,0.763032,0.9222016,2.49926,0.6507183,0.8256111,2.471726,0.7775857,0.8075922,2.399765,0.8096132,0.7975845,2.383089,0.9247667,0.8792743,2.396066,1.02263,0.782807,2.342065,0.8393806,0.7068406,2.354121,0.7942161,0.6890097,2.363739,0.698132,0.6931121,2.476265,0.8572879,0.5831925,2.335812,0.7446542,0.4560336,2.420103,0.7851346,0.668492,2.45099,0.6674847,0.8590372,2.478683,0.6899272,0.6013575,2.448126,0.8749352,1.02049,2.558367
72057594037937085,0,0.8288293,5984.014,0.7490082,0.6836185,2.486759,0.8741001,1.149181,2.529402,0.763032,0.9222016,2.49926,0.6507183,0.8256111,2.471726,0.7775857,0.8075922,2.399765,0.8096132,0.7975845,2.383089,0.9247667,0.8792743,2.396066,1.02263,0.782807,2.342065,0.8393806,0.7068406,2.354121,0.7942161,0.6890097,2.363739,0.698132,0.6931121,2.476265,0.8572879,0.5831925,2.335812,0.7446542,0.4560336,2.420103,0.7851346,0.668492,2.45099,0.6674847,0.8590372,2.478683,0.6899272,0.6013575,2.448126,0.8749352,1.02049,2.558367
72057594037937085,0,0.8288293,5984.016,0.7490082,0.6836185,2.486759,0.8741001,1.149181,2.529402,0.763032,0.9222016,2.49926,0.6507183,0.8256111,2.471726,0.7775857,0.8075922,2.399765,0.8096132,0.7975845,2.383089,0.9247667,0.8792743,2.396066,1.02263,0.782807,2.342065,0.8393806,0.7068406,2.354121,0.7942161,0.6890097,2.363739,0.698132,0.6931121,2.476265,0.8572879,0.5831925,2.335812,0.7446542,0.4560336,2.420103,0.7851346,0.668492,2.45099,0.6674847,0.8590372,2.478683,0.6899272,0.6013575,2.448126,0.8749352,1.02049,2.558367
72057594037937085,0,0.8288293,5984.019,0.7490082,0.6836185,2.486759,0.8741001,1.149181,2.529402,0.763032,0.9222016,2.49926,0.6507183,0.8256111,2.471726,0.7775857,0.8075922,2.399765,0.8096132,0.7975845,2.383089,0.9247667,0.8792743,2.396066,1.02263,0.782807,2.342065,0.8393806,0.7068406,2.354121,0.7942161,0.6890097,2.363739,0.698132,0.6931121,2.476265,0.8572879,0.5831925,2.335812,0.7446542,0.4560336,2.420103,0.7851346,0.668492,2.45099,0.6674847,0.8590372,2.478683,0.6899272,0.6013575,2.448126,0.8749352,1.02049,2.558367
72057594037937085,0,0.8288293,5984.021,0.7490082,0.6836185,2.486759,0.8741001,1.149181,2.529402,0.763032,0.9222016,2.49926,0.6507183,0.8256111,2.471726,0.7775857,0.8075922,2.399765,0.8096132,0.7975845,2.383089,0.9247667,0.8792743,2.396066,1.02263,0.782807,2.342065,0.8393806,0.7068406,2.354121,0.7942161,0.6890097,2.363739,0.698132,0.6931121,2.476265,0.8572879,0.5831925,2.335812,0.7446542,0.4560336,2.420103,0.7851346,0.668492,2.45099,0.6674847,0.8590372,2.478683,0.6899272,0.6013575,2.448126,0.8749352,1.02049,2.558367
72057594037937085,0,0.8288293,5984.024,0.7490082,0.6836185,2.486759,0.8741001,1.149181,2.529402,0.763032,0.9222016,2.49926,0.6507183,0.8256111,2.471726,0.7775857,0.8075922,2.399765,0.8096132,0.7975845,2.383089,0.9247667,0.8792743,2.396066,1.02263,0.782807,2.342065,0.8393806,0.7068406,2.354121,0.7942161,0.6890097,2.363739,0.698132,0.6931121,2.476265,0.8572879,0.5831925,2.335812,0.7446542,0.4560336,2.420103,0.7851346,0.668492,2.45099,0.6674847,0.8590372,2.478683,0.6899272,0.6013575,2.448126,0.8749352,1.02049,2.558367
72057594037937085,0,0.8288293,5984.027,0.7490082,0.6836185,2.486759,0.8741001,1.149181,2.529402,0.763032,0.9222016,2.49926,0.6507183,0.8256111,2.471726,0.7775857,0.8075922,2.399765,0.8096132,0.7975845,2.383089,0.9247667,0.8792743,2.396066,1.02263,0.782807,2.342065,0.8393806,0.7068406,2.354121,0.7942161,0.6890097,2.363739,0.698132,0.6931121,2.476265,0.8572879,0.5831925,2.335812,0.7446542,0.4560336,2.420103,0.7851346,0.668492,2.45099,0.6674847,0.8590372,2.478683,0.6899272,0.6013575,2.448126,0.8749352,1.02049,2.558367
72057594037937085,0,0.8288293,5984.031,0.7490082,0.6836185,2.486759,0.8741001,1.149181,2.529402,0.763032,0.9222016,2.49926,0.6507183,0.8256111,2.471726,0.7775857,0.8075922,2.399765,0.8096132,0.7975845,2.383089,0.9247667,0.8792743,2.396066,1.02263,0.782807,2.342065,0.8393806,0.7068406,2.354121,0.7942161,0.6890097,2.363739,0.698132,0.6931121,2.476265,0.8572879,0.5831925,2.335812,0.7446542,0.4560336,2.420103,0.7851346,0.668492,2.45099,0.6674847,0.8590372,2.478683,0.6899272,0.6013575,2.448126,0.8749352,1.02049,2.558367
72057594037937085,0,0.8274968,5984.034,0.7479304,0.6843635,2.487293,0.8707767,1.150952,2.530737,0.7630228,0.9227763,2.499686,0.6465945,0.8298448,2.48147,0.7825587,0.8314747,2.419536,0.8176384,0.8261182,2.402767,0.9232526,0.8820549,2.398966,1.018809,0.7838748,2.343395,0.8367441,0.7045892,2.352891,0.7885211,0.6865872,2.366307,0.6974428,0.6938731,2.476973,0.8560718,0.5828832,2.335328,0.7434357,0.4553426,2.418953,0.7839819,0.6692287,2.451477,0.6469649,0.8451017,2.48909,0.6732064,0.5881539,2.456211,0.8739263,1.020292,2.55891
72057594037937085,0,0.8274968,5984.037,0.7479304,0.6843635,2.487293,0.8707767,1.150952,2.530737,0.7630228,0.9227763,2.499686,0.6465945,0.8298448,2.48147,0.7825587,0.8314747,2.419536,0.8176384,0.8261182,2.402767,0.9232526,0.8820549,2.398966,1.018809,0.7838748,2.343395,0.8367441,0.7045892,2.352891,0.7885211,0.6865872,2.366307,0.6974428,0.6938731,2.476973,0.8560718,0.5828832,2.335328,0.7434357,0.4553426,2.418953,0.7839819,0.6692287,2.451477,0.6469649,0.8451017,2.48909,0.6732064,0.5881539,2.456211,0.8739263,1.020292,2.55891
72057594037937085,0,0.8274968,5984.04,0.7479304,0.6843635,2.487293,0.8707767,1.150952,2.530737,0.7630228,0.9227763,2.499686,0.6465945,0.8298448,2.48147,0.7825587,0.8314747,2.419536,0.8176384,0.8261182,2.402767,0.9232526,0.8820549,2.398966,1.018809,0.7838748,2.343395,0.8367441,0.7045892,2.352891,0.7885211,0.6865872,2.366307,0.6974428,0.6938731,2.476973,0.8560718,0.5828832,2.335328,0.7434357,0.4553426,2.418953,0.7839819,0.6692287,2.451477,0.6469649,0.8451017,2.48909,0.6732064,0.5881539,2.456211,0.8739263,1.020292,2.55891
72057594037937085,0,0.8274968,5984.043,0.7479304,0.6843635,2.487293,0.8707767,1.150952,2.530737,0.7630228,0.9227763,2.499686,0.6465945,0.8298448,2.48147,0.7825587,0.8314747,2.419536,0.8176384,0.8261182,2.402767,0.9232526,0.8820549,2.398966,1.018809,0.7838748,2.343395,0.8367441,0.7045892,2.352891,0.7885211,0.6865872,2.366307,0.6974428,0.6938731,2.476973,0.8560718,0.5828832,2.335328,0.7434357,0.4553426,2.418953,0.7839819,0.6692287,2.451477,0.6469649,0.8451017,2.48909,0.6732064,0.5881539,2.456211,0.8739263,1.020292,2.55891
72057594037937085,0,0.8274968,5984.045,0.7479304,0.6843635,2.487293,0.8707767,1.150952,2.530737,0.7630228,0.9227763,2.499686,0.6465945,0.8298448,2.48147,0.7825587,0.8314747,2.419536,0.8176384,0.8261182,2.402767,0.9232526,0.8820549,2.398966,1.018809,0.7838748,2.343395,0.8367441,0.7045892,2.352891,0.7885211,0.6865872,2.366307,0.6974428,0.6938731,2.476973,0.8560718,0.5828832,2.335328,0.7434357,0.4553426,2.418953,0.7839819,0.6692287,2.451477,0.6469649,0.8451017,2.48909,0.6732064,0.5881539,2.456211,0.8739263,1.020292,2.55891
72057594037937085,0,0.8274968,5984.048,0.7479304,0.6843635,2.487293,0.8707767,1.150952,2.530737,0.7630228,0.9227763,2.499686,0.6465945,0.8298448,2.48147,0.7825587,0.8314747,2.419536,0.8176384,0.8261182,2.402767,0.9232526,0.8820549,2.398966,1.018809,0.7838748,2.343395,0.8367441,0.7045892,2.352891,0.7885211,0.6865872,2.366307,0.6974428,0.6938731,2.476973,0.8560718,0.5828832,2.335328,0.7434357,0.4553426,2.418953,0.7839819,0.6692287,2.451477,0.6469649,0.8451017,2.48909,0.6732064,0.5881539,2.456211,0.8739263,1.020292,2.55891
72057594037937085,0,0.8274968,5984.052,0.7479304,0.6843635,2.487293,0.8707767,1.150952,2.530737,0.7630228,0.9227763,2.499686,0.6465945,0.8298448,2.48147,0.7825587,0.8314747,2.419536,0.8176384,0.8261182,2.402767,0.9232526,0.8820549,2.398966,1.018809,0.7838748,2.343395,0.8367441,0.7045892,2.352891,0.7885211,0.6865872,2.366307,0.6974428,0.6938731,2.476973,0.8560718,0.5828832,2.335328,0.7434357,0.4553426,2.418953,0.7839819,0.6692287,2.451477,0.6469649,0.8451017,2.48909,0.6732064,0.5881539,2.456211,0.8739263,1.020292,2.55891
72057594037937085,0,0.8274968,5984.055,0.7479304,0.6843635,2.487293,0.8707767,1.150952,2.530737,0.7630228,0.9227763,2.499686,0.6465945,0.8298448,2.48147,0.7825587,0.8314747,2.419536,0.8176384,0.8261182,2.402767,0.9232526,0.8820549,2.398966,1.018809,0.7838748,2.343395,0.8367441,0.7045892,2.352891,0.7885211,0.6865872,2.366307,0.6974428,0.6938731,2.476973,0.8560718,0.5828832,2.335328,0.7434357,0.4553426,2.418953,0.7839819,0.6692287,2.451477,0.6469649,0.8451017,2.48909,0.6732064,0.5881539,2.456211,0.8739263,1.020292,2.55891
72057594037937085,0,0.8274968,5984.058,0.7479304,0.6843635,2.487293,0.8707767,1.150952,2.530737,0.7630228,0.9227763,2.499686,0.6465945,0.8298448,2.48147,0.7825587,0.8314747,2.419536,0.8176384,0.8261182,2.402767,0.9232526,0.8820549,2.398966,1.018809,0.7838748,2.343395,0.8367441,0.7045892,2.352891,0.7885211,0.6865872,2.366307,0.6974428,0.6938731,2.476973,0.8560718,0.5828832,2.335328,0.7434357,0.4553426,2.418953,0.7839819,0.6692287,2.451477,0.6469649,0.8451017,2.48909,0.6732064,0.5881539,2.456211,0.8739263,1.020292,2.55891
72057594037937085,0,0.8274968,5984.062,0.7479304,0.6843635,2.487293,0.8707767,1.150952,2.530737,0.7630228,0.9227763,2.499686,0.6465945,0.8298448,2.48147,0.7825587,0.8314747,2.419536,0.8176384,0.8261182,2.402767,0.9232526,0.8820549,2.398966,1.018809,0.7838748,2.343395,0.8367441,0.7045892,2.352891,0.7885211,0.6865872,2.366307,0.6974428,0.6938731,2.476973,0.8560718,0.5828832,2.335328,0.7434357,0.4553426,2.418953,0.7839819,0.6692287,2.451477,0.6469649,0.8451017,2.48909,0.6732064,0.5881539,2.456211,0.8739263,1.020292,2.55891
72057594037937085,0,0.8274968,5984.065,0.7479304,0.6843635,2.487293,0.8707767,1.150952,2.530737,0.7630228,0.9227763,2.499686,0.6465945,0.8298448,2.48147,0.7825587,0.8314747,2.419536,0.8176384,0.8261182,2.402767,0.9232526,0.8820549,2.398966,1.018809,0.7838748,2.343395,0.8367441,0.7045892,2.352891,0.7885211,0.6865872,2.366307,0.6974428,0.6938731,2.476973,0.8560718,0.5828832,2.335328,0.7434357,0.4553426,2.418953,0.7839819,0.6692287,2.451477,0.6469649,0.8451017,2.48909,0.6732064,0.5881539,2.456211,0.8739263,1.020292,2.55891
72057594037937085,0,0.8274212,5984.068,0.7474073,0.683169,2.486877,0.8646653,1.15218,2.530913,0.7619922,0.9236249,2.500603,0.6487756,0.8268791,2.481934,0.7938778,0.7635819,2.360596,0.8285549,0.7465221,2.348104,0.9210542,0.8782229,2.397862,1.022038,0.7821738,2.350958,0.838362,0.7058947,2.355823,0.7937284,0.6932783,2.368793,0.6969554,0.6926685,2.474481,0.8482826,0.5687971,2.334037,0.7384667,0.4421836,2.421689,0.7833169,0.6671851,2.452885,0.642338,0.8371404,2.500373,0.7082973,0.6018835,2.408091,0.8718873,1.018958,2.558105
72057594037937085,0,0.8274212,5984.072,0.7474073,0.683169,2.486877,0.8646653,1.15218,2.530913,0.7619922,0.9236249,2.500603,0.6487756,0.8268791,2.481934,0.7938778,0.7635819,2.360596,0.8285549,0.7465221,2.348104,0.9210542,0.8782229,2.397862,1.022038,0.7821738,2.350958,0.838362,0.7058947,2.355823,0.7937284,0.6932783,2.368793,0.6969554,0.6926685,2.474481,0.8482826,0.5687971,2.334037,0.7384667,0.4421836,2.421689,0.7833169,0.6671851,2.452885,0.642338,0.8371404,2.500373,0.7082973,0.6018835,2.408091,0.8718873,1.018958,2.558105
72057594037937085,0,0.8274212,5984.075,0.7474073,0.683169,2.486877,0.8646653,1.15218,2.530913,0.7619922,0.9236249,2.500603,0.6487756,0.8268791,2.481934,0.7938778,0.7635819,2.360596,0.8285549,0.7465221,2.348104,0.9210542,0.8782229,2.397862,1.022038,0.7821738,2.350958,0.838362,0.7058947,2.355823,0.7937284,0.6932783,2.368793,0.6969554,0.6926685,2.474481,0.8482826,0.5687971,2.334037,0.7384667,0.4421836,2.421689,0.7833169,0.6671851,2.452885,0.642338,0.8371404,2.500373,0.7082973,0.6018835,2.408091,0.8718873,1.018958,2.558105
72057594037937085,0,0.8274212,5984.078,0.7474073,0.683169,2.486877,0.8646653,1.15218,2.530913,0.7619922,0.9236249,2.500603,0.6487756,0.8268791,2.481934,0.7938778,0.7635819,2.360596,0.8285549,0.7465221,2.348104,0.9210542,0.8782229,2.397862,1.022038,0.7821738,2.350958,0.838362,0.7058947,2.355823,0.7937284,0.6932783,2.368793,0.6969554,0.6926685,2.474481,0.8482826,0.5687971,2.334037,0.7384667,0.4421836,2.421689,0.7833169,0.6671851,2.452885,0.642338,0.8371404,2.500373,0.7082973,0.6018835,2.408091,0.8718873,1.018958,2.558105
72057594037937085,0,0.8274212,5984.08,0.7474073,0.683169,2.486877,0.8646653,1.15218,2.530913,0.7619922,0.9236249,2.500603,0.6487756,0.8268791,2.481934,0.7938778,0.7635819,2.360596,0.8285549,0.7465221,2.348104,0.9210542,0.8782229,2.397862,1.022038,0.7821738,2.350958,0.838362,0.7058947,2.355823,0.7937284,0.6932783,2.368793,0.6969554,0.6926685,2.474481,0.8482826,0.5687971,2.334037,0.7384667,0.4421836,2.421689,0.7833169,0.6671851,2.452885,0.642338,0.8371404,2.500373,0.7082973,0.6018835,2.408091,0.8718873,1.018958,2.558105
72057594037937085,0,0.8274212,5984.083,0.7474073,0.683169,2.486877,0.8646653,1.15218,2.530913,0.7619922,0.9236249,2.500603,0.6487756,0.8268791,2.481934,0.7938778,0.7635819,2.360596,0.8285549,0.7465221,2.348104,0.9210542,0.8782229,2.397862,1.022038,0.7821738,2.350958,0.838362,0.7058947,2.355823,0.7937284,0.6932783,2.368793,0.6969554,0.6926685,2.474481,0.8482826,0.5687971,2.334037,0.7384667,0.4421836,2.421689,0.7833169,0.6671851,2.452885,0.642338,0.8371404,2.500373,0.7082973,0.6018835,2.408091,0.8718873,1.018958,2.558105
72057594037937085,0,0.8274212,5984.086,0.7474073,0.683169,2.486877,0.8646653,1.15218,2.530913,0.7619922,0.9236249,2.500603,0.6487756,0.8268791,2.481934,0.7938778,0.7635819,2.360596,0.8285549,0.7465221,2.348104,0.9210542,0.8782229,2.397862,1.022038,0.7821738,2.350958,0.838362,0.7058947,2.355823,0.7937284,0.6932783,2.368793,0.6969554,0.6926685,2.474481,0.8482826,0.5687971,2.334037,0.7384667,0.4421836,2.421689,0.7833169,0.6671851,2.452885,0.642338,0.8371404,2.500373,0.7082973,0.6018835,2.408091,0.8718873,1.018958,2.558105
72057594037937085,0,0.8274212,5984.09,0.7474073,0.683169,2.486877,0.8646653,1.15218,2.530913,0.7619922,0.9236249,2.500603,0.6487756,0.8268791,2.481934,0.7938778,0.7635819,2.360596,0.8285549,0.7465221,2.348104,0.9210542,0.8782229,2.397862,1.022038,0.7821738,2.350958,0.838362,0.7058947,2.355823,0.7937284,0.6932783,2.368793,0.6969554,0.6926685,2.474481,0.8482826,0.5687971,2.334037,0.7384667,0.4421836,2.421689,0.7833169,0.6671851,2.452885,0.642338,0.8371404,2.500373,0.7082973,0.6018835,2.408091,0.8718873,1.018958,2.558105
72057594037937085,0,0.8274212,5984.093,0.7474073,0.683169,2.486877,0.8646653,1.15218,2.530913,0.7619922,0.9236249,2.500603,0.6487756,0.8268791,2.481934,0.7938778,0.7635819,2.360596,0.8285549,0.7465221,2.348104,0.9210542,0.8782229,2.397862,1.022038,0.7821738,2.350958,0.838362,0.7058947,2.355823,0.7937284,0.6932783,2.368793,0.6969554,0.6926685,2.474481,0.8482826,0.5687971,2.334037,0.7384667,0.4421836,2.421689,0.7833169,0.6671851,2.452885,0.642338,0.8371404,2.500373,0.7082973,0.6018835,2.408091,0.8718873,1.018958,2.558105
72057594037937085,0,0.8274212,5984.096,0.7474073,0.683169,2.486877,0.8646653,1.15218,2.530913,0.7619922,0.9236249,2.500603,0.6487756,0.8268791,2.481934,0.7938778,0.7635819,2.360596,0.8285549,0.7465221,2.348104,0.9210542,0.8782229,2.397862,1.022038,0.7821738,2.350958,0.838362,0.7058947,2.355823,0.7937284,0.6932783,2.368793,0.6969554,0.6926685,2.474481,0.8482826,0.5687971,2.334037,0.7384667,0.4421836,2.421689,0.7833169,0.6671851,2.452885,0.642338,0.8371404,2.500373,0.7082973,0.6018835,2.408091,0.8718873,1.018958,2.558105
72057594037937085,0,0.8274212,5984.099,0.7474073,0.683169,2.486877,0.8646653,1.15218,2.530913,0.7619922,0.9236249,2.500603,0.6487756,0.8268791,2.481934,0.7938778,0.7635819,2.360596,0.8285549,0.7465221,2.348104,0.9210542,0.8782229,2.397862,1.022038,0.7821738,2.350958,0.838362,0.7058947,2.355823,0.7937284,0.6932783,2.368793,0.6969554,0.6926685,2.474481,0.8482826,0.5687971,2.334037,0.7384667,0.4421836,2.421689,0.7833169,0.6671851,2.452885,0.642338,0.8371404,2.500373,0.7082973,0.6018835,2.408091,0.8718873,1.018958,2.558105
72057594037937085,0,0.8231981,5984.102,0.744155,0.6862302,2.488522,0.8625606,1.152215,2.532044,0.7596756,0.9252992,2.503098,0.6438293,0.8317501,2.484077,0.6417291,0.6916097,2.435289,0.6637716,0.6186781,2.416394,0.9214466,0.8774767,2.398032,1.022059,0.78056,2.352342,0.8369063,0.708581,2.360664,0.7860678,0.6925134,2.367586,0.6944844,0.6964798,2.478184,0.825879,0.5485107,2.339664,0.7098551,0.442767,2.443345,0.7794263,0.6702857,2.453193,0.6034696,0.806814,2.500402,0.6743397,0.5762964,2.400661,0.8695566,1.018767,2.558833
72057594037937085,0,0.8231981,5984.106,0.744155,0.6862302,2.488522,0.8625606,1.152215,2.532044,0.7596756,0.9252992,2.503098,0.6438293,0.8317501,2.484077,0.6417291,0.6916097,2.435289,0.6637716,0.6186781,2.416394,0.9214466,0.8774767,2.398032,1.022059,0.78056,2.352342,0.8369063,0.708581,2.360664,0.7860678,0.6925134,2.367586,0.6944844,0.6964798,2.478184,0.825879,0.5485107,2.339664,0.7098551,0.442767,2.443345,0.7794263,0.6702857,2.453193,0.6034696,0.806814,2.500402,0.6743397,0.5762964,2.400661,0.8695566,1.018767,2.558833
72057594037937085,0,0.8231981,5984.109,0.744155,0.6862302,2.488522,0.8625606,1.152215,2.532044,0.7596756,0.9252992,2.503098,0.6438293,0.8317501,2.484077,0.6417291,0.6916097,2.435289,0.6637716,0.6186781,2.416394,0.9214466,0.8774767,2.398032,1.022059,0.78056,2.352342,0.8369063,0.708581,2.360664,0.7860678,0.6925134,2.367586,0.6944844,0.6964798,2.478184,0.825879,0.5485107,2.339664,0.7098551,0.442767,2.443345,0.7794263,0.6702857,2.453193,0.6034696,0.806814,2.500402,0.6743397,0.5762964,2.400661,0.8695566,1.018767,2.558833
72057594037937085,0,0.8231981,5984.112,0.744155,0.6862302,2.488522,0.8625606,1.152215,2.532044,0.7596756,0.9252992,2.503098,0.6438293,0.8317501,2.484077,0.6417291,0.6916097,2.435289,0.6637716,0.6186781,2.416394,0.9214466,0.8774767,2.398032,1.022059,0.78056,2.352342,0.8369063,0.708581,2.360664,0.7860678,0.6925134,2.367586,0.6944844,0.6964798,2.478184,0.825879,0.5485107,2.339664,0.7098551,0.442767,2.443345,0.7794263,0.6702857,2.453193,0.6034696,0.806814,2.500402,0.6743397,0.5762964,2.400661,0.8695566,1.018767,2.558833
72057594037937085,0,0.8231981,5984.115,0.744155,0.6862302,2.488522,0.8625606,1.152215,2.532044,0.7596756,0.9252992,2.503098,0.6438293,0.8317501,2.484077,0.6417291,0.6916097,2.435289,0.6637716,0.6186781,2.416394,0.9214466,0.8774767,2.398032,1.022059,0.78056,2.352342,0.8369063,0.708581,2.360664,0.7860678,0.6925134,2.367586,0.6944844,0.6964798,2.478184,0.825879,0.5485107,2.339664,0.7098551,0.442767,2.443345,0.7794263,0.6702857,2.453193,0.6034696,0.806814,2.500402,0.6743397,0.5762964,2.400661,0.8695566,1.018767,2.558833
72057594037937085,0,0.8231981,5984.117,0.744155,0.6862302,2.488522,0.8625606,1.152215,2.532044,0.7596756,0.9252992,2.503098,0.6438293,0.8317501,2.484077,0.6417291,0.6916097,2.435289,0.6637716,0.6186781,2.416394,0.9214466,0.8774767,2.398032,1.022059,0.78056,2.352342,0.8369063,0.708581,2.360664,0.7860678,0.6925134,2.367586,0.6944844,0.6964798,2.478184,0.825879,0.5485107,2.339664,0.7098551,0.442767,2.443345,0.7794263,0.6702857,2.453193,0.6034696,0.806814,2.500402,0.6743397,0.5762964,2.400661,0.8695566,1.018767,2.558833
72057594037937085,0,0.8231981,5984.12,0.744155,0.6862302,2.488522,0.8625606,1.152215,2.532044,0.7596756,0.9252992,2.503098,0.6438293,0.8317501,2.484077,0.6417291,0.6916097,2.435289,0.6637716,0.6186781,2.416394,0.9214466,0.8774767,2.398032,1.022059,0.78056,2.352342,0.8369063,0.708581,2.360664,0.7860678,0.6925134,2.367586,0.6944844,0.6964798,2.478184,0.825879,0.5485107,2.339664,0.7098551,0.442767,2.443345,0.7794263,0.6702857,2.453193,0.6034696,0.806814,2.500402,0.6743397,0.5762964,2.400661,0.8695566,1.018767,2.558833
72057594037937085,0,0.8231981,5984.123,0.744155,0.6862302,2.488522,0.8625606,1.152215,2.532044,0.7596756,0.9252992,2.503098,0.6438293,0.8317501,2.484077,0.6417291,0.6916097,2.435289,0.6637716,0.6186781,2.416394,0.9214466,0.8774767,2.398032,1.022059,0.78056,2.352342,0.8369063,0.708581,2.360664,0.7860678,0.6925134,2.367586,0.6944844,0.6964798,2.478184,0.825879,0.5485107,2.339664,0.7098551,0.442767,2.443345,0.7794263,0.6702857,2.453193,0.6034696,0.806814,2.500402,0.6743397,0.5762964,2.400661,0.8695566,1.018767,2.558833
72057594037937085,0,0.8231981,5984.126,0.744155,0.6862302,2.488522,0.8625606,1.152215,2.532044,0.7596756,0.9252992,2.503098,0.6438293,0.8317501,2.484077,0.6417291,0.6916097,2.435289,0.6637716,0.6186781,2.416394,0.9214466,0.8774767,2.398032,1.022059,0.78056,2.352342,0.8369063,0.708581,2.360664,0.7860678,0.6925134,2.367586,0.6944844,0.6964798,2.478184,0.825879,0.5485107,2.339664,0.7098551,0.442767,2.443345,0.7794263,0.6702857,2.453193,0.6034696,0.806814,2.500402,0.6743397,0.5762964,2.400661,0.8695566,1.018767,2.558833
72057594037937085,0,0.8231981,5984.129,0.744155,0.6862302,2.488522,0.8625606,1.152215,2.532044,0.7596756,0.9252992,2.503098,0.6438293,0.8317501,2.484077,0.6417291,0.6916097,2.435289,0.6637716,0.6186781,2.416394,0.9214466,0.8774767,2.398032,1.022059,0.78056,2.352342,0.8369063,0.708581,2.360664,0.7860678,0.6925134,2.367586,0.6944844,0.6964798,2.478184,0.825879,0.5485107,2.339664,0.7098551,0.442767,2.443345,0.7794263,0.6702857,2.453193,0.6034696,0.806814,2.500402,0.6743397,0.5762964,2.400661,0.8695566,1.018767,2.558833
72057594037937085,0,0.8231981,5984.133,0.744155,0.6862302,2.488522,0.8625606,1.152215,2.532044,0.7596756,0.9252992,2.503098,0.6438293,0.8317501,2.484077,0.6417291,0.6916097,2.435289,0.6637716,0.6186781,2.416394,0.9214466,0.8774767,2.398032,1.022059,0.78056,2.352342,0.8369063,0.708581,2.360664,0.7860678,0.6925134,2.367586,0.6944844,0.6964798,2.478184,0.825879,0.5485107,2.339664,0.7098551,0.442767,2.443345,0.7794263,0.6702857,2.453193,0.6034696,0.806814,2.500402,0.6743397,0.5762964,2.400661,0.8695566,1.018767,2.558833
72057594037937085,0,0.8258049,5984.137,0.7467569,0.6878307,2.486605,0.8576355,1.149675,2.535789,0.7408539,0.9160147,2.508206,0.6325579,0.8149004,2.485647,0.7133289,0.9908786,2.475701,0.8324021,1.186702,2.456511,0.9117724,0.8601823,2.402308,1.029255,0.7908638,2.349476,0.851965,0.7022603,2.357208,0.7963135,0.6830739,2.366632,0.6969785,0.6976138,2.475973,0.8290603,0.5499406,2.337798,0.7106386,0.4544414,2.447612,0.7827569,0.6726322,2.451538,0.5996358,0.7979501,2.502612,0.6704215,0.5677474,2.402979,0.8610097,1.017542,2.563759
72057594037937085,0,0.8258049,5984.141,0.7467569,0.6878307,2.486605,0.8576355,1.149675,2.535789,0.7408539,0.9160147,2.508206,0.6325579,0.8149004,2.485647,0.7133289,0.9908786,2.475701,0.8324021,1.186702,2.456511,0.9117724,0.8601823,2.402308,1.029255,0.7908638,2.349476,0.851965,0.7022603,2.357208,0.7963135,0.6830739,2.366632,0.6969785,0.6976138,2.475973,0.8290603,0.5499406,2.337798,0.7106386,0.4544414,2.447612,0.7827569,0.6726322,2.451538,0.5996358,0.7979501,2.502612,0.6704215,0.5677474,2.402979,0.8610097,1.017542,2.563759
72057594037937085,0,0.8258049,5984.145,0.7467569,0.6878307,2.486605,0.8576355,1.149675,2.535789,0.7408539,0.9160147,2.508206,0.6325579,0.8149004,2.485647,0.7133289,0.9908786,2.475701,0.8324021,1.186702,2.456511,0.9117724,0.8601823,2.402308,1.029255,0.7908638,2.349476,0.851965,0.7022603,2.357208,0.7963135,0.6830739,2.366632,0.6969785,0.6976138,2.475973,0.8290603,0.5499406,2.337798,0.7106386,0.4544414,2.447612,0.7827569,0.6726322,2.451538,0.5996358,0.7979501,2.502612,0.6704215,0.5677474,2.402979,0.8610097,1.017542,2.563759
72057594037937085,0,0.8258049,5984.147,0.7467569,0.6878307,2.486605,0.8576355,1.149675,2.535789,0.7408539,0.9160147,2.508206,0.6325579,0.8149004,2.485647,0.7133289,0.9908786,2.475701,0.8324021,1.186702,2.456511,0.9117724,0.8601823,2.402308,1.029255,0.7908638,2.349476,0.851965,0.7022603,2.357208,0.7963135,0.6830739,2.366632,0.6969785,0.6976138,2.475973,0.8290603,0.5499406,2.337798,0.7106386,0.4544414,2.447612,0.7827569,0.6726322,2.451538,0.5996358,0.7979501,2.502612,0.6704215,0.5677474,2.402979,0.8610097,1.017542,2.563759
72057594037937085,0,0.8258049,5984.15,0.7467569,0.6878307,2.486605,0.8576355,1.149675,2.535789,0.7408539,0.9160147,2.508206,0.6325579,0.8149004,2.485647,0.7133289,0.9908786,2.475701,0.8324021,1.186702,2.456511,0.9117724,0.8601823,2.402308,1.029255,0.7908638,2.349476,0.851965,0.7022603,2.357208,0.7963135,0.6830739,2.366632,0.6969785,0.6976138,2.475973,0.8290603,0.5499406,2.337798,0.7106386,0.4544414,2.447612,0.7827569,0.6726322,2.451538,0.5996358,0.7979501,2.502612,0.6704215,0.5677474,2.402979,0.8610097,1.017542,2.563759
72057594037937085,0,0.8258049,5984.153,0.7467569,0.6878307,2.486605,0.8576355,1.149675,2.535789,0.7408539,0.9160147,2.508206,0.6325579,0.8149004,2.485647,0.7133289,0.9908786,2.475701,0.8324021,1.186702,2.456511,0.9117724,0.8601823,2.402308,1.029255,0.7908638,2.349476,0.851965,0.7022603,2.357208,0.7963135,0.6830739,2.366632,0.6969785,0.6976138,2.475973,0.8290603,0.5499406,2.337798,0.7106386,0.4544414,2.447612,0.7827569,0.6726322,2.451538,0.5996358,0.7979501,2.502612,0.6704215,0.5677474,2.402979,0.8610097,1.017542,2.563759
72057594037937085,0,0.8258049,5984.156,0.7467569,0.6878307,2.486605,0.8576355,1.149675,2.535789,0.7408539,0.9160147,2.508206,0.6325579,0.8149004,2.485647,0.7133289,0.9908786,2.475701,0.8324021,1.186702,2.456511,0.9117724,0.8601823,2.402308,1.029255,0.7908638,2.349476,0.851965,0.7022603,2.357208,0.7963135,0.6830739,2.366632,0.6969785,0.6976138,2.475973,0.8290603,0.5499406,2.337798,0.7106386,0.4544414,2.447612,0.7827569,0.6726322,2.451538,0.5996358,0.7979501,2.502612,0.6704215,0.5677474,2.402979,0.8610097,1.017542,2.563759
72057594037937085,0,0.8258049,5984.16,0.7467569,0.6878307,2.486605,0.8576355,1.149675,2.535789,0.7408539,0.9160147,2.508206,0.6325579,0.8149004,2.485647,0.7133289,0.9908786,2.475701,0.8324021,1.186702,2.456511,0.9117724,0.8601823,2.402308,1.029255,0.7908638,2.349476,0.851965,0.7022603,2.357208,0.7963135,0.6830739,2.366632,0.6969785,0.6976138,2.475973,0.8290603,0.5499406,2.337798,0.7106386,0.4544414,2.447612,0.7827569,0.6726322,2.451538,0.5996358,0.7979501,2.502612,0.6704215,0.5677474,2.402979,0.8610097,1.017542,2.563759
72057594037937085,0,0.8258049,5984.163,0.7467569,0.6878307,2.486605,0.8576355,1.149675,2.535789,0.7408539,0.9160147,2.508206,0.6325579,0.8149004,2.485647,0.7133289,0.9908786,2.475701,0.8324021,1.186702,2.456511,0.9117724,0.8601823,2.402308,1.029255,0.7908638,2.349476,0.851965,0.7022603,2.357208,0.7963135,0.6830739,2.366632,0.6969785,0.6976138,2.475973,0.8290603,0.5499406,2.337798,0.7106386,0.4544414,2.447612,0.7827569,0.6726322,2.451538,0.5996358,0.7979501,2.502612,0.6704215,0.5677474,2.402979,0.8610097,1.017542,2.563759
72057594037937085,0,0.8258049,5984.167,0.7467569,0.6878307,2.486605,0.8576355,1.149675,2.535789,0.7408539,0.9160147,2.508206,0.6325579,0.8149004,2.485647,0.7133289,0.9908786,2.475701,0.8324021,1.186702,2.456511,0.9117724,0.8601823,2.402308,1.029255,0.7908638,2.349476,0.851965,0.7022603,2.357208,0.7963135,0.6830739,2.366632,0.6969785,0.6976138,2.475973,0.8290603,0.5499406,2.337798,0.7106386,0.4544414,2.447612,0.7827569,0.6726322,2.451538,0.5996358,0.7979501,2.502612,0.6704215,0.5677474,2.402979,0.8610097,1.017542,2.563759
72057594037937085,0,0.8310739,5984.169,0.7508917,0.6899422,2.480237,0.8519295,1.149723,2.537101,0.74379,0.9180331,2.507565,0.6404881,0.8116652,2.486564,0.7178376,0.9891953,2.47621,0.8288826,1.191491,2.457505,0.9150268,0.8703294,2.403114,1.013625,0.7730933,2.354075,0.8337066,0.6897624,2.359918,0.7811432,0.6697046,2.368925,0.701014,0.6978733,2.467257,0.6843039,0.4645923,2.441097,0.8010757,0.4095046,2.571238,0.7875211,0.676544,2.446901,0.5988041,0.7919703,2.500922,0.6698428,0.5609806,2.400961,0.8614424,1.017963,2.562708
72057594037937085,0,0.8310739,5984.172,0.7508917,0.6899422,2.480237,0.8519295,1.149723,2.537101,0.74379,0.9180331,2.507565,0.6404881,0.8116652,2.486564,0.7178376,0.9891953,2.47621,0.8288826,1.191491,2.457505,0.9150268,0.8703294,2.403114,1.013625,0.7730933,2.354075,0.8337066,0.6897624,2.359918,0.7811432,0.6697046,2.368925,0.701014,0.6978733,2.467257,0.6843039,0.4645923,2.441097,0.8010757,0.4095046,2.571238,0.7875211,0.676544,2.446901,0.5988041,0.7919703,2.500922,0.6698428,0.5609806,2.400961,0.8614424,1.017963,2.562708
72057594037937085,0,0.8310739,5984.174,0.7508917,0.6899422,2.480237,0.8519295,1.149723,2.537101,0.74379,0.9180331,2.507565,0.6404881,0.8116652,2.486564,0.7178376,0.9891953,2.47621,0.8288826,1.191491,2.457505,0.9150268,0.8703294,2.403114,1.013625,0.7730933,2.354075,0.8337066,0.6897624,2.359918,0.7811432,0.6697046,2.368925,0.701014,0.6978733,2.467257,0.6843039,0.4645923,2.441097,0.8010757,0.4095046,2.571238,0.7875211,0.676544,2.446901,0.5988041,0.7919703,2.500922,0.6698428,0.5609806,2.400961,0.8614424,1.017963,2.562708
72057594037937085,0,0.8310739,5984.177,0.7508917,0.6899422,2.480237,0.8519295,1.149723,2.537101,0.74379,0.9180331,2.507565,0.6404881,0.8116652,2.486564,0.7178376,0.9891953,2.47621,0.8288826,1.191491,2.457505,0.9150268,0.8703294,2.403114,1.013625,0.7730933,2.354075,0.8337066,0.6897624,2.359918,0.7811432,0.6697046,2.368925,0.701014,0.6978733,2.467257,0.6843039,0.4645923,2.441097,0.8010757,0.4095046,2.571238,0.7875211,0.676544,2.446901,0.5988041,0.7919703,2.500922,0.6698428,0.5609806,2.400961,0.8614424,1.017963,2.562708
72057594037937085,0,0.8310739,5984.18,0.7508917,0.6899422,2.480237,0.8519295,1.149723,2.537101,0.74379,0.9180331,2.507565,0.6404881,0.8116652,2.486564,0.7178376,0.9891953,2.47621,0.8288826,1.191491,2.457505,0.9150268,0.8703294,2.403114,1.013625,0.7730933,2.354075,0.8337066,0.6897624,2.359918,0.7811432,0.6697046,2.368925,0.701014,0.6978733,2.467257,0.6843039,0.4645923,2.441097,0.8010757,0.4095046,2.571238,0.7875211,0.676544,2.446901,0.5988041,0.7919703,2.500922,0.6698428,0.5609806,2.400961,0.8614424,1.017963,2.562708
72057594037937085,0,0.8310739,5984.183,0.7508917,0.6899422,2.480237,0.8519295,1.149723,2.537101,0.74379,0.9180331,2.507565,0.6404881,0.8116652,2.486564,0.7178376,0.9891953,2.47621,0.8288826,1.191491,2.457505,0.9150268,0.8703294,2.403114,1.013625,0.7730933,2.354075,0.8337066,0.6897624,2.359918,0.7811432,0.6697046,2.368925,0.701014,0.6978733,2.467257,0.6843039,0.4645923,2.441097,0.8010757,0.4095046,2.571238,0.7875211,0.676544,2.446901,0.5988041,0.7919703,2.500922,0.6698428,0.5609806,2.400961,0.8614424,1.017963,2.562708
72057594037937085,0,0.8310739,5984.188,0.7508917,0.6899422,2.480237,0.8519295,1.149723,2.537101,0.74379,0.9180331,2.507565,0.6404881,0.8116652,2.486564,0.7178376,0.9891953,2.47621,0.8288826,1.191491,2.457505,0.9150268,0.8703294,2.403114,1.013625,0.7730933,2.354075,0.8337066,0.6897624,2.359918,0.7811432,0.6697046,2.368925,0.701014,0.6978733,2.467257,0.6843039,0.4645923,2.441097,0.8010757,0.4095046,2.571238,0.7875211,0.676544,2.446901,0.5988041,0.7919703,2.500922,0.6698428,0.5609806,2.400961,0.8614424,1.017963,2.562708
72057594037937085,0,0.8310739,5984.191,0.7508917,0.6899422,2.480237,0.8519295,1.149723,2.537101,0.74379,0.9180331,2.507565,0.6404881,0.8116652,2.486564,0.7178376,0.9891953,2.47621,0.8288826,1.191491,2.457505,0.9150268,0.8703294,2.403114,1.013625,0.7730933,2.354075,0.8337066,0.6897624,2.359918,0.7811432,0.6697046,2.368925,0.701014,0.6978733,2.467257,0.6843039,0.4645923,2.441097,0.8010757,0.4095046,2.571238,0.7875211,0.676544,2.446901,0.5988041,0.7919703,2.500922,0.6698428,0.5609806,2.400961,0.8614424,1.017963,2.562708
72057594037937085,0,0.8310739,5984.193,0.7508917,0.6899422,2.480237,0.8519295,1.149723,2.537101,0.74379,0.9180331,2.507565,0.6404881,0.8116652,2.486564,0.7178376,0.9891953,2.47621,0.8288826,1.191491,2.457505,0.9150268,0.8703294,2.403114,1.013625,0.7730933,2.354075,0.8337066,0.6897624,2.359918,0.7811432,0.6697046,2.368925,0.701014,0.6978733,2.467257,0.6843039,0.4645923,2.441097,0.8010757,0.4095046,2.571238,0.7875211,0.676544,2.446901,0.5988041,0.7919703,2.500922,0.6698428,0.5609806,2.400961,0.8614424,1.017963,2.562708
72057594037937085,0,0.8310739,5984.197,0.7508917,0.6899422,2.480237,0.8519295,1.149723,2.537101,0.74379,0.9180331,2.507565,0.6404881,0.8116652,2.486564,0.7178376,0.9891953,2.47621,0.8288826,1.191491,2.457505,0.9150268,0.8703294,2.403114,1.013625,0.7730933,2.354075,0.8337066,0.6897624,2.359918,0.7811432,0.6697046,2.368925,0.701014,0.6978733,2.467257,0.6843039,0.4645923,2.441097,0.8010757,0.4095046,2.571238,0.7875211,0.676544,2.446901,0.5988041,0.7919703,2.500922,0.6698428,0.5609806,2.400961,0.8614424,1.017963,2.562708
72057594037937085,0,0.8388983,5984.2,0.7571508,0.6896855,2.473808,0.8508809,1.149771,2.537688,0.7449904,0.9190519,2.507601,0.6421744,0.8122424,2.486309,0.7242292,0.9876177,2.479277,0.8301262,1.161493,2.459682,0.9149202,0.8703982,2.403,1.013891,0.7737477,2.353512,0.8374606,0.6832701,2.359268,0.7764376,0.6591192,2.365217,0.7066657,0.6954932,2.460636,0.6797385,0.4631497,2.446242,0.7682503,0.3599346,2.571298,0.7944738,0.6784436,2.44098,0.6026641,0.7854396,2.499965,0.729153,0.5350682,2.387003,0.8614541,1.018003,2.562413
72057594037937085,0,0.8388983,5984.204,0.7571508,0.6896855,2.473808,0.8508809,1.149771,2.537688,0.7449904,0.9190519,2.507601,0.6421744,0.8122424,2.486309,0.7242292,0.9876177,2.479277,0.8301262,1.161493,2.459682,0.9149202,0.8703982,2.403,1.013891,0.7737477,2.353512,0.8374606,0.6832701,2.359268,0.7764376,0.6591192,2.365217,0.7066657,0.6954932,2.460636,0.6797385,0.4631497,2.446242,0.7682503,0.3599346,2.571298,0.7944738,0.6784436,2.44098,0.6026641,0.7854396,2.499965,0.729153,0.5350682,2.387003,0.8614541,1.018003,2.562413
72057594037937085,0,0.8388983,5984.207,0.7571508,0.6896855,2.473808,0.8508809,1.149771,2.537688,0.7449904,0.9190519,2.507601,0.6421744,0.8122424,2.486309,0.7242292,0.9876177,2.479277,0.8301262,1.161493,2.459682,0.9149202,0.8703982,2.403,1.013891,0.7737477,2.353512,0.8374606,0.6832701,2.359268,0.7764376,0.6591192,2.365217,0.7066657,0.6954932,2.460636,0.6797385,0.4631497,2.446242,0.7682503,0.3599346,2.571298,0.7944738,0.6784436,2.44098,0.6026641,0.7854396,2.499965,0.729153,0.5350682,2.387003,0.8614541,1.018003,2.562413
72057594037937085,0,0.8388983,5984.209,0.7571508,0.6896855,2.473808,0.8508809,1.149771,2.537688,0.7449904,0.9190519,2.507601,0.6421744,0.8122424,2.486309,0.7242292,0.9876177,2.479277,0.8301262,1.161493,2.459682,0.9149202,0.8703982,2.403,1.013891,0.7737477,2.353512,0.8374606,0.6832701,2.359268,0.7764376,0.6591192,2.365217,0.7066657,0.6954932,2.460636,0.6797385,0.4631497,2.446242,0.7682503,0.3599346,2.571298,0.7944738,0.6784436,2.44098,0.6026641,0.7854396,2.499965,0.729153,0.5350682,2.387003,0.8614541,1.018003,2.562413
72057594037937085,0,0.8388983,5984.211,0.7571508,0.6896855,2.473808,0.8508809,1.149771,2.537688,0.7449904,0.9190519,2.507601,0.6421744,0.8122424,2.486309,0.7242292,0.9876177,2.479277,0.8301262,1.161493,2.459682,0.9149202,0.8703982,2.403,1.013891,0.7737477,2.353512,0.8374606,0.6832701,2.359268,0.7764376,0.6591192,2.365217,0.7066657,0.6954932,2.460636,0.6797385,0.4631497,2.446242,0.7682503,0.3599346,2.571298,0.7944738,0.6784436,2.44098,0.6026641,0.7854396,2.499965,0.729153,0.5350682,2.387003,0.8614541,1.018003,2.562413
72057594037937085,0,0.8388983,5984.214,0.7571508,0.6896855,2.473808,0.8508809,1.149771,2.537688,0.7449904,0.9190519,2.507601,0.6421744,0.8122424,2.486309,0.7242292,0.9876177,2.479277,0.8301262,1.161493,2.459682,0.9149202,0.8703982,2.403,1.013891,0.7737477,2.353512,0.8374606,0.6832701,2.359268,0.7764376,0.6591192,2.365217,0.7066657,0.6954932,2.460636,0.6797385,0.4631497,2.446242,0.7682503,0.3599346,2.571298,0.7944738,0.6784436,2.44098,0.6026641,0.7854396,2.499965,0.729153,0.5350682,2.387003,0.8614541,1.018003,2.562413
72057594037937085,0,0.8388983,5984.217,0.7571508,0.6896855,2.473808,0.8508809,1.149771,2.537688,0.7449904,0.9190519,2.507601,0.6421744,0.8122424,2.486309,0.7242292,0.9876177,2.479277,0.8301262,1.161493,2.459682,0.9149202,0.8703982,2.403,1.013891,0.7737477,2.353512,0.8374606,0.6832701,2.359268,0.7764376,0.6591192,2.365217,0.7066657,0.6954932,2.460636,0.6797385,0.4631497,2.446242,0.7682503,0.3599346,2.571298,0.7944738,0.6784436,2.44098,0.6026641,0.7854396,2.499965,0.729153,0.5350682,2.387003,0.8614541,1.018003,2.562413
72057594037937085,0,0.8388983,5984.22,0.7571508,0.6896855,2.473808,0.8508809,1.149771,2.537688,0.7449904,0.9190519,2.507601,0.6421744,0.8122424,2.486309,0.7242292,0.9876177,2.479277,0.8301262,1.161493,2.459682,0.9149202,0.8703982,2.403,1.013891,0.7737477,2.353512,0.8374606,0.6832701,2.359268,0.7764376,0.6591192,2.365217,0.7066657,0.6954932,2.460636,0.6797385,0.4631497,2.446242,0.7682503,0.3599346,2.571298,0.7944738,0.6784436,2.44098,0.6026641,0.7854396,2.499965,0.729153,0.5350682,2.387003,0.8614541,1.018003,2.562413
72057594037937085,0,0.8388983,5984.223,0.7571508,0.6896855,2.473808,0.8508809,1.149771,2.537688,0.7449904,0.9190519,2.507601,0.6421744,0.8122424,2.486309,0.7242292,0.9876177,2.479277,0.8301262,1.161493,2.459682,0.9149202,0.8703982,2.403,1.013891,0.7737477,2.353512,0.8374606,0.6832701,2.359268,0.7764376,0.6591192,2.365217,0.7066657,0.6954932,2.460636,0.6797385,0.4631497,2.446242,0.7682503,0.3599346,2.571298,0.7944738,0.6784436,2.44098,0.6026641,0.7854396,2.499965,0.729153,0.5350682,2.387003,0.8614541,1.018003,2.562413
72057594037937085,0,0.8388983,5984.228,0.7571508,0.6896855,2.473808,0.8508809,1.149771,2.537688,0.7449904,0.9190519,2.507601,0.6421744,0.8122424,2.486309,0.7242292,0.9876177,2.479277,0.8301262,1.161493,2.459682,0.9149202,0.8703982,2.403,1.013891,0.7737477,2.353512,0.8374606,0.6832701,2.359268,0.7764376,0.6591192,2.365217,0.7066657,0.6954932,2.460636,0.6797385,0.4631497,2.446242,0.7682503,0.3599346,2.571298,0.7944738,0.6784436,2.44098,0.6026641,0.7854396,2.499965,0.729153,0.5350682,2.387003,0.8614541,1.018003,2.562413
72057594037937085,0,0.8388983,5984.23,0.7571508,0.6896855,2.473808,0.8508809,1.149771,2.537688,0.7449904,0.9190519,2.507601,0.6421744,0.8122424,2.486309,0.7242292,0.9876177,2.479277,0.8301262,1.161493,2.459682,0.9149202,0.8703982,2.403,1.013891,0.7737477,2.353512,0.8374606,0.6832701,2.359268,0.7764376,0.6591192,2.365217,0.7066657,0.6954932,2.460636,0.6797385,0.4631497,2.446242,0.7682503,0.3599346,2.571298,0.7944738,0.6784436,2.44098,0.6026641,0.7854396,2.499965,0.729153,0.5350682,2.387003,0.8614541,1.018003,2.562413
72057594037937085,0,0.8388983,5984.233,0.7571508,0.6896855,2.473808,0.8508809,1.149771,2.537688,0.7449904,0.9190519,2.507601,0.6421744,0.8122424,2.486309,0.7242292,0.9876177,2.479277,0.8301262,1.161493,2.459682,0.9149202,0.8703982,2.403,1.013891,0.7737477,2.353512,0.8374606,0.6832701,2.359268,0.7764376,0.6591192,2.365217,0.7066657,0.6954932,2.460636,0.6797385,0.4631497,2.446242,0.7682503,0.3599346,2.571298,0.7944738,0.6784436,2.44098,0.6026641,0.7854396,2.499965,0.729153,0.5350682,2.387003,0.8614541,1.018003,2.562413
72057594037937085,0,0.8407661,5984.238,0.7591857,0.6906472,2.473144,0.8461442,1.148294,2.539282,0.7449672,0.9192464,2.507752,0.6426108,0.8119604,2.486834,0.7211061,0.9889866,2.477853,0.8260998,1.174138,2.456174,0.9175046,0.8751388,2.403662,1.007986,0.7680443,2.35984,0.8235516,0.6952025,2.365116,0.8127753,0.6841038,2.357551,0.7088591,0.6957756,2.458824,0.679593,0.4637629,2.446802,0.8435736,0.5600559,2.429993,0.7968051,0.6803414,2.441536,0.5887584,0.7397588,2.511501,0.7281179,0.5324973,2.390502,0.8612725,1.017851,2.562593
72057594037937085,0,0.8407661,5984.241,0.7591857,0.6906472,2.473144,0.8461442,1.148294,2.539282,0.7449672,0.9192464,2.507752,0.6426108,0.8119604,2.486834,0.7211061,0.9889866,2.477853,0.8260998,1.174138,2.456174,0.9175046,0.8751388,2.403662,1.007986,0.7680443,2.35984,0.8235516,0.6952025,2.365116,0.8127753,0.6841038,2.357551,0.7088591,0.6957756,2.458824,0.679593,0.4637629,2.446802,0.8435736,0.5600559,2.429993,0.7968051,0.6803414,2.441536,0.5887584,0.7397588,2.511501,0.7281179,0.5324973,2.390502,0.8612725,1.017851,2.562593
72057594037937085,0,0.8407661,5984.243,0.7591857,0.6906472,2.473144,0.8461442,1.148294,2.539282,0.7449672,0.9192464,2.507752,0.6426108,0.8119604,2.486834,0.7211061,0.9889866,2.477853,0.8260998,1.174138,2.456174,0.9175046,0.8751388,2.403662,1.007986,0.7680443,2.35984,0.8235516,0.6952025,2.365116,0.8127753,0.6841038,2.357551,0.7088591,0.6957756,2.458824,0.679593,0.4637629,2.446802,0.8435736,0.5600559,2.429993,0.7968051,0.6803414,2.441536,0.5887584,0.7397588,2.511501,0.7281179,0.5324973,2.390502,0.8612725,1.017851,2.562593
72057594037937085,0,0.8407661,5984.247,0.7591857,0.6906472,2.473144,0.8461442,1.148294,2.539282,0.7449672,0.9192464,2.507752,0.6426108,0.8119604,2.486834,0.7211061,0.9889866,2.477853,0.8260998,1.174138,2.456174,0.9175046,0.8751388,2.403662,1.007986,0.7680443,2.35984,0.8235516,0.6952025,2.365116,0.8127753,0.6841038,2.357551,0.7088591,0.6957756,2.458824,0.679593,0.4637629,2.446802,0.8435736,0.5600559,2.429993,0.7968051,0.6803414,2.441536,0.5887584,0.7397588,2.511501,0.7281179,0.5324973,2.390502,0.8612725,1.017851,2.562593
72057594037937085,0,0.8407661,5984.25,0.7591857,0.6906472,2.473144,0.8461442,1.148294,2.539282,0.7449672,0.9192464,2.507752,0.6426108,0.8119604,2.486834,0.7211061,0.9889866,2.477853,0.8260998,1.174138,2.456174,0.9175046,0.8751388,2.403662,1.007986,0.7680443,2.35984,0.8235516,0.6952025,2.365116,0.8127753,0.6841038,2.357551,0.7088591,0.6957756,2.458824,0.679593,0.4637629,2.446802,0.8435736,0.5600559,2.429993,0.7968051,0.6803414,2.441536,0.5887584,0.7397588,2.511501,0.7281179,0.5324973,2.390502,0.8612725,1.017851,2.562593
72057594037937085,0,0.8407661,5984.252,0.7591857,0.6906472,2.473144,0.8461442,1.148294,2.539282,0.7449672,0.9192464,2.507752,0.6426108,0.8119604,2.486834,0.7211061,0.9889866,2.477853,0.8260998,1.174138,2.456174,0.9175046,0.8751388,2.403662,1.007986,0.7680443,2.35984,0.8235516,0.6952025,2.365116,0.8127753,0.6841038,2.357551,0.7088591,0.6957756,2.458824,0.679593,0.4637629,2.446802,0.8435736,0.5600559,2.429993,0.7968051,0.6803414,2.441536,0.5887584,0.7397588,2.511501,0.7281179,0.5324973,2.390502,0.8612725,1.017851,2.562593
72057594037937085,0,0.8407661,5984.255,0.7591857,0.6906472,2.473144,0.8461442,1.148294,2.539282,0.7449672,0.9192464,2.507752,0.6426108,0.8119604,2.486834,0.7211061,0.9889866,2.477853,0.8260998,1.174138,2.456174,0.9175046,0.8751388,2.403662,1.007986,0.7680443,2.35984,0.8235516,0.6952025,2.365116,0.8127753,0.6841038,2.357551,0.7088591,0.6957756,2.458824,0.679593,0.4637629,2.446802,0.8435736,0.5600559,2.429993,0.7968051,0.6803414,2.441536,0.5887584,0.7397588,2.511501,0.7281179,0.5324973,2.390502,0.8612725,1.017851,2.562593
72057594037937085,0,0.8407661,5984.259,0.7591857,0.6906472,2.473144,0.8461442,1.148294,2.539282,0.7449672,0.9192464,2.507752,0.6426108,0.8119604,2.486834,0.7211061,0.9889866,2.477853,0.8260998,1.174138,2.456174,0.9175046,0.8751388,2.403662,1.007986,0.7680443,2.35984,0.8235516,0.6952025,2.365116,0.8127753,0.6841038,2.357551,0.7088591,0.6957756,2.458824,0.679593,0.4637629,2.446802,0.8435736,0.5600559,2.429993,0.7968051,0.6803414,2.441536,0.5887584,0.7397588,2.511501,0.7281179,0.5324973,2.390502,0.8612725,1.017851,2.562593
72057594037937085,0,0.8407661,5984.262,0.7591857,0.6906472,2.473144,0.8461442,1.148294,2.539282,0.7449672,0.9192464,2.507752,0.6426108,0.8119604,2.486834,0.7211061,0.9889866,2.477853,0.8260998,1.174138,2.456174,0.9175046,0.8751388,2.403662,1.007986,0.7680443,2.35984,0.8235516,0.6952025,2.365116,0.8127753,0.6841038,2.357551,0.7088591,0.6957756,2.458824,0.679593,0.4637629,2.446802,0.8435736,0.5600559,2.429993,0.7968051,0.6803414,2.441536,0.5887584,0.7397588,2.511501,0.7281179,0.5324973,2.390502,0.8612725,1.017851,2.562593
72057594037937085,0,0.8407661,5984.265,0.7591857,0.6906472,2.473144,0.8461442,1.148294,2.539282,0.7449672,0.9192464,2.507752,0.6426108,0.8119604,2.486834,0.7211061,0.9889866,2.477853,0.8260998,1.174138,2.456174,0.9175046,0.8751388,2.403662,1.007986,0.7680443,2.35984,0.8235516,0.6952025,2.365116,0.8127753,0.6841038,2.357551,0.7088591,0.6957756,2.458824,0.679593,0.4637629,2.446802,0.8435736,0.5600559,2.429993,0.7968051,0.6803414,2.441536,0.5887584,0.7397588,2.511501,0.7281179,0.5324973,2.390502,0.8612725,1.017851,2.562593
72057594037937085,0,0.8406191,5984.268,0.7591853,0.6911527,2.473249,0.8414951,1.146955,2.539308,0.738512,0.9195976,2.511801,0.6383318,0.8106644,2.487909,0.7163886,0.9878861,2.477598,0.8219767,1.185169,2.456309,0.9189023,0.8759512,2.403906,0.9357267,0.7332031,2.364989,0.772988,0.6556633,2.373353,0.7541032,0.6145659,2.373378,0.7085623,0.6956369,2.460021,0.6716722,0.4644104,2.452381,0.7732159,0.6264068,2.427406,0.7970942,0.6827717,2.440442,0.588541,0.7398878,2.511724,0.7284216,0.5319136,2.391456,0.8573309,1.017787,2.563647
72057594037937085,0,0.8406191,5984.271,0.7591853,0.6911527,2.473249,0.8414951,1.146955,2.539308,0.738512,0.9195976,2.511801,0.6383318,0.8106644,2.487909,0.7163886,0.9878861,2.477598,0.8219767,1.185169,2.456309,0.9189023,0.8759512,2.403906,0.9357267,0.7332031,2.364989,0.772988,0.6556633,2.373353,0.7541032,0.6145659,2.373378,0.7085623,0.6956369,2.460021,0.6716722,0.4644104,2.452381,0.7732159,0.6264068,2.427406,0.7970942,0.6827717,2.440442,0.588541,0.7398878,2.511724,0.7284216,0.5319136,2.391456,0.8573309,1.017787,2.563647
72057594037937085,0,0.8406191,5984.275,0.7591853,0.6911527,2.473249,0.8414951,1.146955,2.539308,0.738512,0.9195976,2.511801,0.6383318,0.8106644,2.487909,0.7163886,0.9878861,2.477598,0.8219767,1.185169,2.456309,0.9189023,0.8759512,2.403906,0.9357267,0.7332031,2.364989,0.772988,0.6556633,2.373353,0.7541032,0.6145659,2.373378,0.7085623,0.6956369,2.460021,0.6716722,0.4644104,2.452381,0.7732159,0.6264068,2.427406,0.7970942,0.6827717,2.440442,0.588541,0.7398878,2.511724,0.7284216,0.5319136,2.391456,0.8573309,1.017787,2.563647
72057594037937085,0,0.8406191,5984.278,0.7591853,0.6911527,2.473249,0.8414951,1.146955,2.539308,0.738512,0.9195976,2.511801,0.6383318,0.8106644,2.487909,0.7163886,0.9878861,2.477598,0.8219767,1.185169,2.456309,0.9189023,0.8759512,2.403906,0.9357267,0.7332031,2.364989,0.772988,0.6556633,2.373353,0.7541032,0.6145659,2.373378,0.7085623,0.6956369,2.460021,0.6716722,0.4644104,2.452381,0.7732159,0.6264068,2.427406,0.7970942,0.6827717,2.440442,0.588541,0.7398878,2.511724,0.7284216,0.5319136,2.391456,0.8573309,1.017787,2.563647
72057594037937085,0,0.8406191,5984.281,0.7591853,0.6911527,2.473249,0.8414951,1.146955,2.539308,0.738512,0.9195976,2.511801,0.6383318,0.8106644,2.487909,0.7163886,0.9878861,2.477598,0.8219767,1.185169,2.456309,0.9189023,0.8759512,2.403906,0.9357267,0.7332031,2.364989,0.772988,0.6556633,2.373353,0.7541032,0.6145659,2.373378,0.7085623,0.6956369,2.460021,0.6716722,0.4644104,2.452381,0.7732159,0.6264068,2.427406,0.7970942,0.6827717,2.440442,0.588541,0.7398878,2.511724,0.7284216,0.5319136,2.391456,0.8573309,1.017787,2.563647
72057594037937085,0,0.8406191,5984.284,0.7591853,0.6911527,2.473249,0.8414951,1.146955,2.539308,0.738512,0.9195976,2.511801,0.6383318,0.8106644,2.487909,0.7163886,0.9878861,2.477598,0.8219767,1.185169,2.456309,0.9189023,0.8759512,2.403906,0.9357267,0.7332031,2.364989,0.772988,0.6556633,2.373353,0.7541032,0.6145659,2.373378,0.7085623,0.6956369,2.460021,0.6716722,0.4644104,2.452381,0.7732159,0.6264068,2.427406,0.7970942,0.6827717,2.440442,0.588541,0.7398878,2.511724,0.7284216,0.5319136,2.391456,0.8573309,1.017787,2.563647
72057594037937085,0,0.8406191,5984.287,0.7591853,0.6911527,2.473249,0.8414951,1.146955,2.539308,0.738512,0.9195976,2.511801,0.6383318,0.8106644,2.487909,0.7163886,0.9878861,2.477598,0.8219767,1.185169,2.456309,0.9189023,0.8759512,2.403906,0.9357267,0.7332031,2.364989,0.772988,0.6556633,2.373353,0.7541032,0.6145659,2.373378,0.7085623,0.6956369,2.460021,0.6716722,0.4644104,2.452381,0.7732159,0.6264068,2.427406,0.7970942,0.6827717,2.440442,0.588541,0.7398878,2.511724,0.7284216,0.5319136,2.391456,0.8573309,1.017787,2.563647
72057594037937085,0,0.8406191,5984.29,0.7591853,0.6911527,2.473249,0.8414951,1.146955,2.539308,0.738512,0.9195976,2.511801,0.6383318,0.8106644,2.487909,0.7163886,0.9878861,2.477598,0.8219767,1.185169,2.456309,0.9189023,0.8759512,2.403906,0.9357267,0.7332031,2.364989,0.772988,0.6556633,2.373353,0.7541032,0.6145659,2.373378,0.7085623,0.6956369,2.460021,0.6716722,0.4644104,2.452381,0.7732159,0.6264068,2.427406,0.7970942,0.6827717,2.440442,0.588541,0.7398878,2.511724,0.7284216,0.5319136,2.391456,0.8573309,1.017787,2.563647
72057594037937085,0,0.8406191,5984.293,0.7591853,0.6911527,2.473249,0.8414951,1.146955,2.539308,0.738512,0.9195976,2.511801,0.6383318,0.8106644,2.487909,0.7163886,0.9878861,2.477598,0.8219767,1.185169,2.456309,0.9189023,0.8759512,2.403906,0.9357267,0.7332031,2.364989,0.772988,0.6556633,2.373353,0.7541032,0.6145659,2.373378,0.7085623,0.6956369,2.460021,0.6716722,0.4644104,2.452381,0.7732159,0.6264068,2.427406,0.7970942,0.6827717,2.440442,0.588541,0.7398878,2.511724,0.7284216,0.5319136,2.391456,0.8573309,1.017787,2.563647
72057594037937085,0,0.8406191,5984.296,0.7591853,0.6911527,2.473249,0.8414951,1.146955,2.539308,0.738512,0.9195976,2.511801,0.6383318,0.8106644,2.487909,0.7163886,0.9878861,2.477598,0.8219767,1.185169,2.456309,0.9189023,0.8759512,2.403906,0.9357267,0.7332031,2.364989,0.772988,0.6556633,2.373353,0.7541032,0.6145659,2.373378,0.7085623,0.6956369,2.460021,0.6716722,0.4644104,2.452381,0.7732159,0.6264068,2.427406,0.7970942,0.6827717,2.440442,0.588541,0.7398878,2.511724,0.7284216,0.5319136,2.391456,0.8573309,1.017787,2.563647
72057594037937085,0,0.8406191,5984.3,0.7591853,0.6911527,2.473249,0.8414951,1.146955,2.539308,0.738512,0.9195976,2.511801,0.6383318,0.8106644,2.487909,0.7163886,0.9878861,2.477598,0.8219767,1.185169,2.456309,0.9189023,0.8759512,2.403906,0.9357267,0.7332031,2.364989,0.772988,0.6556633,2.373353,0.7541032,0.6145659,2.373378,0.7085623,0.6956369,2.460021,0.6716722,0.4644104,2.452381,0.7732159,0.6264068,2.427406,0.7970942,0.6827717,2.440442,0.588541,0.7398878,2.511724,0.7284216,0.5319136,2.391456,0.8573309,1.017787,2.563647
72057594037937085,0,0.8406048,5984.304,0.7596924,0.6932005,2.47333,0.8388245,1.145993,2.541642,0.7378125,0.919669,2.512239,0.6377752,0.8104554,2.489584,0.7140335,0.9884367,2.477212,0.8184739,1.191376,2.457265,0.9244702,0.8923974,2.409231,0.9323412,0.7488714,2.368942,0.7724568,0.6545461,2.373695,0.7353879,0.630158,2.383097,0.7095781,0.6974403,2.458841,0.6712769,0.4662874,2.452466,0.775503,0.6269877,2.42376,0.7970085,0.6852527,2.442186,0.5779957,0.6952628,2.509478,0.6998257,0.4865381,2.403706,0.8554952,1.017364,2.565387
72057594037937085,0,0.8406048,5984.307,0.7596924,0.6932005,2.47333,0.8388245,1.145993,2.541642,0.7378125,0.919669,2.512239,0.6377752,0.8104554,2.489584,0.7140335,0.9884367,2.477212,0.8184739,1.191376,2.457265,0.9244702,0.8923974,2.409231,0.9323412,0.7488714,2.368942,0.7724568,0.6545461,2.373695,0.7353879,0.630158,2.383097,0.7095781,0.6974403,2.458841,0.6712769,0.4662874,2.452466,0.775503,0.6269877,2.42376,0.7970085,0.6852527,2.442186,0.5779957,0.6952628,2.509478,0.6998257,0.4865381,2.403706,0.8554952,1.017364,2.565387
72057594037937085,0,0.8406048,5984.31,0.7596924,0.6932005,2.47333,0.8388245,1.145993,2.541642,0.7378125,0.919669,2.512239,0.6377752,0.8104554,2.489584,0.7140335,0.9884367,2.477212,0.8184739,1.191376,2.457265,0.9244702,0.8923974,2.409231,0.9323412,0.7488714,2.368942,0.7724568,0.6545461,2.373695,0.7353879,0.630158,2.383097,0.7095781,0.6974403,2.458841,0.6712769,0.4662874,2.452466,0.775503,0.6269877,2.42376,0.7970085,0.6852527,2.442186,0.5779957,0.6952628,2.509478,0.6998257,0.4865381,2.403706,0.8554952,1.017364,2.565387
72057594037937085,0,0.8406048,5984.313,0.7596924,0.6932005,2.47333,0.8388245,1.145993,2.541642,0.7378125,0.919669,2.512239,0.6377752,0.8104554,2.489584,0.7140335,0.9884367,2.477212,0.8184739,1.191376,2.457265,0.9244702,0.8923974,2.409231,0.9323412,0.7488714,2.368942,0.7724568,0.6545461,2.373695,0.7353879,0.630158,2.383097,0.7095781,0.6974403,2.458841,0.6712769,0.4662874,2.452466,0.775503,0.6269877,2.42376,0.7970085,0.6852527,2.442186,0.5779957,0.6952628,2.509478,0.6998257,0.4865381,2.403706,0.8554952,1.017364,2.565387
72057594037937085,0,0.8406048,5984.316,0.7596924,0.6932005,2.47333,0.8388245,1.145993,2.541642,0.7378125,0.919669,2.512239,0.6377752,0.8104554,2.489584,0.7140335,0.9884367,2.477212,0.8184739,1.191376,2.457265,0.9244702,0.8923974,2.409231,0.9323412,0.7488714,2.368942,0.7724568,0.6545461,2.373695,0.7353879,0.630158,2.383097,0.7095781,0.6974403,2.458841,0.6712769,0.4662874,2.452466,0.775503,0.6269877,2.42376,0.7970085,0.6852527,2.442186,0.5779957,0.6952628,2.509478,0.6998257,0.4865381,2.403706,0.8554952,1.017364,2.565387
72057594037937085,0,0.8406048,5984.319,0.7596924,0.6932005,2.47333,0.8388245,1.145993,2.541642,0.7378125,0.919669,2.512239,0.6377752,0.8104554,2.489584,0.7140335,0.9884367,2.477212,0.8184739,1.191376,2.457265,0.9244702,0.8923974,2.409231,0.9323412,0.7488714,2.368942,0.7724568,0.6545461,2.373695,0.7353879,0.630158,2.383097,0.7095781,0.6974403,2.458841,0.6712769,0.4662874,2.452466,0.775503,0.6269877,2.42376,0.7970085,0.6852527,2.442186,0.5779957,0.6952628,2.509478,0.6998257,0.4865381,2.403706,0.8554952,1.017364,2.565387
72057594037937085,0,0.8406048,5984.322,0.7596924,0.6932005,2.47333,0.8388245,1.145993,2.541642,0.7378125,0.919669,2.512239,0.6377752,0.8104554,2.489584,0.7140335,0.9884367,2.477212,0.8184739,1.191376,2.457265,0.9244702,0.8923974,2.409231,0.9323412,0.7488714,2.368942,0.7724568,0.6545461,2.373695,0.7353879,0.630158,2.383097,0.7095781,0.6974403,2.458841,0.6712769,0.4662874,2.452466,0.775503,0.6269877,2.42376,0.7970085,0.6852527,2.442186,0.5779957,0.6952628,2.509478,0.6998257,0.4865381,2.403706,0.8554952,1.017364,2.565387
72057594037937085,0,0.8406048,5984.326,0.7596924,0.6932005,2.47333,0.8388245,1.145993,2.541642,0.7378125,0.919669,2.512239,0.6377752,0.8104554,2.489584,0.7140335,0.9884367,2.477212,0.8184739,1.191376,2.457265,0.9244702,0.8923974,2.409231,0.9323412,0.7488714,2.368942,0.7724568,0.6545461,2.373695,0.7353879,0.630158,2.383097,0.7095781,0.6974403,2.458841,0.6712769,0.4662874,2.452466,0.775503,0.6269877,2.42376,0.7970085,0.6852527,2.442186,0.5779957,0.6952628,2.509478,0.6998257,0.4865381,2.403706,0.8554952,1.017364,2.565387
72057594037937085,0,0.8406048,5984.329,0.7596924,0.6932005,2.47333,0.8388245,1.145993,2.541642,0.7378125,0.919669,2.512239,0.6377752,0.8104554,2.489584,0.7140335,0.9884367,2.477212,0.8184739,1.191376,2.457265,0.9244702,0.8923974,2.409231,0.9323412,0.7488714,2.368942,0.7724568,0.6545461,2.373695,0.7353879,0.630158,2.383097,0.7095781,0.6974403,2.458841,0.6712769,0.4662874,2.452466,0.775503,0.6269877,2.42376,0.7970085,0.6852527,2.442186,0.5779957,0.6952628,2.509478,0.6998257,0.4865381,2.403706,0.8554952,1.017364,2.565387
72057594037937085,0,0.8406048,5984.331,0.7596924,0.6932005,2.47333,0.8388245,1.145993,2.541642,0.7378125,0.919669,2.512239,0.6377752,0.8104554,2.489584,0.7140335,0.9884367,2.477212,0.8184739,1.191376,2.457265,0.9244702,0.8923974,2.409231,0.9323412,0.7488714,2.368942,0.7724568,0.6545461,2.373695,0.7353879,0.630158,2.383097,0.7095781,0.6974403,2.458841,0.6712769,0.4662874,2.452466,0.775503,0.6269877,2.42376,0.7970085,0.6852527,2.442186,0.5779957,0.6952628,2.509478,0.6998257,0.4865381,2.403706,0.8554952,1.017364,2.565387
72057594037937085,0,0.8406048,5984.334,0.7596924,0.6932005,2.47333,0.8388245,1.145993,2.541642,0.7378125,0.919669,2.512239,0.6377752,0.8104554,2.489584,0.7140335,0.9884367,2.477212,0.8184739,1.191376,2.457265,0.9244702,0.8923974,2.409231,0.9323412,0.7488714,2.368942,0.7724568,0.6545461,2.373695,0.7353879,0.630158,2.383097,0.7095781,0.6974403,2.458841,0.6712769,0.4662874,2.452466,0.775503,0.6269877,2.42376,0.7970085,0.6852527,2.442186,0.5779957,0.6952628,2.509478,0.6998257,0.4865381,2.403706,0.8554952,1.017364,2.565387
72057594037937085,0,0.8388971,5984.337,0.7618877,0.7063199,2.476316,0.8353663,1.143551,2.546174,0.7275359,0.9225641,2.519504,0.6354089,0.807875,2.488839,0.7116312,0.9858868,2.476659,0.8171847,1.189318,2.454441,0.8758906,0.8884221,2.434197,0.9351611,0.766941,2.370641,0.778498,0.6825432,2.373555,0.7686122,0.6545187,2.371394,0.7143961,0.7200453,2.437209,0.6711376,0.4945008,2.461347,0.6742526,0.3150435,2.527802,0.7985978,0.7029642,2.476885,0.6098733,0.5576684,2.445129,0.7155544,0.4159442,2.359291,0.8449124,1.017,2.572817
72057594037937085,0,0.8388971,5984.34,0.7618877,0.7063199,2.476316,0.8353663,1.143551,2.546174,0.7275359,0.9225641,2.519504,0.6354089,0.807875,2.488839,0.7116312,0.9858868,2.476659,0.8171847,1.189318,2.454441,0.8758906,0.8884221,2.434197,0.9351611,0.766941,2.370641,0.778498,0.6825432,2.373555,0.7686122,0.6545187,2.371394,0.7143961,0.7200453,2.437209,0.6711376,0.4945008,2.461347,0.6742526,0.3150435,2.527802,0.7985978,0.7029642,2.476885,0.6098733,0.5576684,2.445129,0.7155544,0.4159442,2.359291,0.8449124,1.017,2.572817
72057594037937085,0,0.8388971,5984.344,0.7618877,0.7063199,2.476316,0.8353663,1.143551,2.546174,0.7275359,0.9225641,2.519504,0.6354089,0.807875,2.488839,0.7116312,0.9858868,2.476659,0.8171847,1.189318,2.454441,0.8758906,0.8884221,2.434197,0.9351611,0.766941,2.370641,0.778498,0.6825432,2.373555,0.7686122,0.6545187,2.371394,0.7143961,0.7200453,2.437209,0.6711376,0.4945008,2.461347,0.6742526,0.3150435,2.527802,0.7985978,0.7029642,2.476885,0.6098733,0.5576684,2.445129,0.7155544,0.4159442,2.359291,0.8449124,1.017,2.572817
72057594037937085,0,0.8388971,5984.347,0.7618877,0.7063199,2.476316,0.8353663,1.143551,2.546174,0.7275359,0.9225641,2.519504,0.6354089,0.807875,2.488839,0.7116312,0.9858868,2.476659,0.8171847,1.189318,2.454441,0.8758906,0.8884221,2.434197,0.9351611,0.766941,2.370641,0.778498,0.6825432,2.373555,0.7686122,0.6545187,2.371394,0.7143961,0.7200453,2.437209,0.6711376,0.4945008,2.461347,0.6742526,0.3150435,2.527802,0.7985978,0.7029642,2.476885,0.6098733,0.5576684,2.445129,0.7155544,0.4159442,2.359291,0.8449124,1.017,2.572817
72057594037937085,0,0.8388971,5984.35,0.7618877,0.7063199,2.476316,0.8353663,1.143551,2.546174,0.7275359,0.9225641,2.519504,0.6354089,0.807875,2.488839,0.7116312,0.9858868,2.476659,0.8171847,1.189318,2.454441,0.8758906,0.8884221,2.434197,0.9351611,0.766941,2.370641,0.778498,0.6825432,2.373555,0.7686122,0.6545187,2.371394,0.7143961,0.7200453,2.437209,0.6711376,0.4945008,2.461347,0.6742526,0.3150435,2.527802,0.7985978,0.7029642,2.476885,0.6098733,0.5576684,2.445129,0.7155544,0.4159442,2.359291,0.8449124,1.017,2.572817
72057594037937085,0,0.8388971,5984.353,0.7618877,0.7063199,2.476316,0.8353663,1.143551,2.546174,0.7275359,0.9225641,2.519504,0.6354089,0.807875,2.488839,0.7116312,0.9858868,2.476659,0.8171847,1.189318,2.454441,0.8758906,0.8884221,2.434197,0.9351611,0.766941,2.370641,0.778498,0.6825432,2.373555,0.7686122,0.6545187,2.371394,0.7143961,0.7200453,2.437209,0.6711376,0.4945008,2.461347,0.6742526,0.3150435,2.527802,0.7985978,0.7029642,2.476885,0.6098733,0.5576684,2.445129,0.7155544,0.4159442,2.359291,0.8449124,1.017,2.572817
72057594037937085,0,0.8388971,5984.355,0.7618877,0.7063199,2.476316,0.8353663,1.143551,2.546174,0.7275359,0.9225641,2.519504,0.6354089,0.807875,2.488839,0.7116312,0.9858868,2.476659,0.8171847,1.189318,2.454441,0.8758906,0.8884221,2.434197,0.9351611,0.766941,2.370641,0.778498,0.6825432,2.373555,0.7686122,0.6545187,2.371394,0.7143961,0.7200453,2.437209,0.6711376,0.4945008,2.461347,0.6742526,0.3150435,2.527802,0.7985978,0.7029642,2.476885,0.6098733,0.5576684,2.445129,0.7155544,0.4159442,2.359291,0.8449124,1.017,2.572817
72057594037937085,0,0.8388971,5984.359,0.7618877,0.7063199,2.476316,0.8353663,1.143551,2.546174,0.7275359,0.9225641,2.519504,0.6354089,0.807875,2.488839,0.7116312,0.9858868,2.476659,0.8171847,1.189318,2.454441,0.8758906,0.8884221,2.434197,0.9351611,0.766941,2.370641,0.778498,0.6825432,2.373555,0.7686122,0.6545187,2.371394,0.7143961,0.7200453,2.437209,0.6711376,0.4945008,2.461347,0.6742526,0.3150435,2.527802,0.7985978,0.7029642,2.476885,0.6098733,0.5576684,2.445129,0.7155544,0.4159442,2.359291,0.8449124,1.017,2.572817
72057594037937085,0,0.8388971,5984.361,0.7618877,0.7063199,2.476316,0.8353663,1.143551,2.546174,0.7275359,0.9225641,2.519504,0.6354089,0.807875,2.488839,0.7116312,0.9858868,2.476659,0.8171847,1.189318,2.454441,0.8758906,0.8884221,2.434197,0.9351611,0.766941,2.370641,0.778498,0.6825432,2.373555,0.7686122,0.6545187,2.371394,0.7143961,0.7200453,2.437209,0.6711376,0.4945008,2.461347,0.6742526,0.3150435,2.527802,0.7985978,0.7029642,2.476885,0.6098733,0.5576684,2.445129,0.7155544,0.4159442,2.359291,0.8449124,1.017,2.572817
72057594037937085,0,0.8388971,5984.365,0.7618877,0.7063199,2.476316,0.8353663,1.143551,2.546174,0.7275359,0.9225641,2.519504,0.6354089,0.807875,2.488839,0.7116312,0.9858868,2.476659,0.8171847,1.189318,2.454441,0.8758906,0.8884221,2.434197,0.9351611,0.766941,2.370641,0.778498,0.6825432,2.373555,0.7686122,0.6545187,2.371394,0.7143961,0.7200453,2.437209,0.6711376,0.4945008,2.461347,0.6742526,0.3150435,2.527802,0.7985978,0.7029642,2.476885,0.6098733,0.5576684,2.445129,0.7155544,0.4159442,2.359291,0.8449124,1.017,2.572817
72057594037937085,0,0.839957,5984.368,0.7617141,0.7031975,2.474476,0.8301735,1.141947,2.54716,0.7274675,0.922439,2.519259,0.6363291,0.8070397,2.491637,0.7072552,0.9866,2.479048,0.8101931,1.193617,2.46324,0.8587863,0.9054717,2.445597,0.9287344,0.7766178,2.375669,0.7799737,0.6646156,2.372369,0.7662646,0.6330656,2.368627,0.7112525,0.7056637,2.444039,0.7052876,0.4721696,2.426362,0.8009412,0.6179144,2.33558,0.7997653,0.6932213,2.453905,0.6082111,0.5545467,2.459023,0.7147065,0.413179,2.372591,0.8450668,1.016895,2.57275
72057594037937085,0,0.839957,5984.372,0.7617141,0.7031975,2.474476,0.8301735,1.141947,2.54716,0.7274675,0.922439,2.519259,0.6363291,0.8070397,2.491637,0.7072552,0.9866,2.479048,0.8101931,1.193617,2.46324,0.8587863,0.9054717,2.445597,0.9287344,0.7766178,2.375669,0.7799737,0.6646156,2.372369,0.7662646,0.6330656,2.368627,0.7112525,0.7056637,2.444039,0.7052876,0.4721696,2.426362,0.8009412,0.6179144,2.33558,0.7997653,0.6932213,2.453905,0.6082111,0.5545467,2.459023,0.7147065,0.413179,2.372591,0.8450668,1.016895,2.57275
72057594037937085,0,0.839957,5984.375,0.7617141,0.7031975,2.474476,0.8301735,1.141947,2.54716,0.7274675,0.922439,2.519259,0.6363291,0.8070397,2.491637,0.7072552,0.9866,2.479048,0.8101931,1.193617,2.46324,0.8587863,0.9054717,2.445597,0.9287344,0.7766178,2.375669,0.7799737,0.6646156,2.372369,0.7662646,0.6330656,2.368627,0.7112525,0.7056637,2.444039,0.7052876,0.4721696,2.426362,0.8009412,0.6179144,2.33558,0.7997653,0.6932213,2.453905,0.6082111,0.5545467,2.459023,0.7147065,0.413179,2.372591,0.8450668,1.016895,2.57275
72057594037937085,0,0.839957,5984.378,0.7617141,0.7031975,2.474476,0.8301735,1.141947,2.54716,0.7274675,0.922439,2.519259,0.6363291,0.8070397,2.491637,0.7072552,0.9866,2.479048,0.8101931,1.193617,2.46324,0.8587863,0.9054717,2.445597,0.9287344,0.7766178,2.375669,0.7799737,0.6646156,2.372369,0.7662646,0.6330656,2.368627,0.7112525,0.7056637,2.444039,0.7052876,0.4721696,2.426362,0.8009412,0.6179144,2.33558,0.7997653,0.6932213,2.453905,0.6082111,0.5545467,2.459023,0.7147065,0.413179,2.372591,0.8450668,1.016895,2.57275
72057594037937085,0,0.839957,5984.38,0.7617141,0.7031975,2.474476,0.8301735,1.141947,2.54716,0.7274675,0.922439,2.519259,0.6363291,0.8070397,2.491637,0.7072552,0.9866,2.479048,0.8101931,1.193617,2.46324,0.8587863,0.9054717,2.445597,0.9287344,0.7766178,2.375669,0.7799737,0.6646156,2.372369,0.7662646,0.6330656,2.368627,0.7112525,0.7056637,2.444039,0.7052876,0.4721696,2.426362,0.8009412,0.6179144,2.33558,0.7997653,0.6932213,2.453905,0.6082111,0.5545467,2.459023,0.7147065,0.413179,2.372591,0.8450668,1.016895,2.57275
72057594037937085,0,0.839957,5984.383,0.7617141,0.7031975,2.474476,0.8301735,1.141947,2.54716,0.7274675,0.922439,2.519259,0.6363291,0.8070397,2.491637,0.7072552,0.9866,2.479048,0.8101931,1.193617,2.46324,0.8587863,0.9054717,2.445597,0.9287344,0.7766178,2.375669,0.7799737,0.6646156,2.372369,0.7662646,0.6330656,2.368627,0.7112525,0.7056637,2.444039,0.7052876,0.4721696,2.426362,0.8009412,0.6179144,2.33558,0.7997653,0.6932213,2.453905,0.6082111,0.5545467,2.459023,0.7147065,0.413179,2.372591,0.8450668,1.016895,2.57275
72057594037937085,0,0.839957,5984.386,0.7617141,0.7031975,2.474476,0.8301735,1.141947,2.54716,0.7274675,0.922439,2.519259,0.6363291,0.8070397,2.491637,0.7072552,0.9866,2.479048,0.8101931,1.193617,2.46324,0.8587863,0.9054717,2.445597,0.9287344,0.7766178,2.375669,0.7799737,0.6646156,2.372369,0.7662646,0.6330656,2.368627,0.7112525,0.7056637,2.444039,0.7052876,0.4721696,2.426362,0.8009412,0.6179144,2.33558,0.7997653,0.6932213,2.453905,0.6082111,0.5545467,2.459023,0.7147065,0.413179,2.372591,0.8450668,1.016895,2.57275
72057594037937085,0,0.839957,5984.389,0.7617141,0.7031975,2.474476,0.8301735,1.141947,2.54716,0.7274675,0.922439,2.519259,0.6363291,0.8070397,2.491637,0.7072552,0.9866,2.479048,0.8101931,1.193617,2.46324,0.8587863,0.9054717,2.445597,0.9287344,0.7766178,2.375669,0.7799737,0.6646156,2.372369,0.7662646,0.6330656,2.368627,0.7112525,0.7056637,2.444039,0.7052876,0.4721696,2.426362,0.8009412,0.6179144,2.33558,0.7997653,0.6932213,2.453905,0.6082111,0.5545467,2.459023,0.7147065,0.413179,2.372591,0.8450668,1.016895,2.57275
72057594037937085,0,0.839957,5984.391,0.7617141,0.7031975,2.474476,0.8301735,1.141947,2.54716,0.7274675,0.922439,2.519259,0.6363291,0.8070397,2.491637,0.7072552,0.9866,2.479048,0.8101931,1.193617,2.46324,0.8587863,0.9054717,2.445597,0.9287344,0.7766178,2.375669,0.7799737,0.6646156,2.372369,0.7662646,0.6330656,2.368627,0.7112525,0.7056637,2.444039,0.7052876,0.4721696,2.426362,0.8009412,0.6179144,2.33558,0.7997653,0.6932213,2.453905,0.6082111,0.5545467,2.459023,0.7147065,0.413179,2.372591,0.8450668,1.016895,2.57275
72057594037937085,0,0.839957,5984.394,0.7617141,0.7031975,2.474476,0.8301735,1.141947,2.54716,0.7274675,0.922439,2.519259,0.6363291,0.8070397,2.491637,0.7072552,0.9866,2.479048,0.8101931,1.193617,2.46324,0.8587863,0.9054717,2.445597,0.9287344,0.7766178,2.375669,0.7799737,0.6646156,2.372369,0.7662646,0.6330656,2.368627,0.7112525,0.7056637,2.444039,0.7052876,0.4721696,2.426362,0.8009412,0.6179144,2.33558,0.7997653,0.6932213,2.453905,0.6082111,0.5545467,2.459023,0.7147065,0.413179,2.372591,0.8450668,1.016895,2.57275
72057594037937085,0,0.839957,5984.396,0.7617141,0.7031975,2.474476,0.8301735,1.141947,2.54716,0.7274675,0.922439,2.519259,0.6363291,0.8070397,2.491637,0.7072552,0.9866,2.479048,0.8101931,1.193617,2.46324,0.8587863,0.9054717,2.445597,0.9287344,0.7766178,2.375669,0.7799737,0.6646156,2.372369,0.7662646,0.6330656,2.368627,0.7112525,0.7056637,2.444039,0.7052876,0.4721696,2.426362,0.8009412,0.6179144,2.33558,0.7997653,0.6932213,2.453905,0.6082111,0.5545467,2.459023,0.7147065,0.413179,2.372591,0.8450668,1.016895,2.57275
72057594037937085,0,0.839957,5984.399,0.7617141,0.7031975,2.474476,0.8301735,1.141947,2.54716,0.7274675,0.922439,2.519259,0.6363291,0.8070397,2.491637,0.7072552,0.9866,2.479048,0.8101931,1.193617,2.46324,0.8587863,0.9054717,2.445597,0.9287344,0.7766178,2.375669,0.7799737,0.6646156,2.372369,0.7662646,0.6330656,2.368627,0.7112525,0.7056637,2.444039,0.7052876,0.4721696,2.426362,0.8009412,0.6179144,2.33558,0.7997653,0.6932213,2.453905,0.6082111,0.5545467,2.459023,0.7147065,0.413179,2.372591,0.8450668,1.016895,2.57275
72057594037937085,0,0.8466647,5984.403,0.7692634,0.7000929,2.477582,0.8285628,1.142177,2.548018,0.7271051,0.922175,2.519345,0.6185721,0.821794,2.502086,0.7132654,0.9894068,2.486214,0.8065939,1.10707,2.480701,0.8459702,0.9362785,2.47543,0.9267315,0.7808245,2.378146,0.7990239,0.7187859,2.33463,0.786523,0.6831621,2.365669,0.7201423,0.6984746,2.451715,0.7956074,0.4941195,2.350321,0.7185827,0.3253327,2.279191,0.8066943,0.6935108,2.456253,0.6081284,0.5635094,2.457382,0.7092067,0.4095982,2.386676,0.8450573,1.016892,2.572759
72057594037937085,0,0.8466647,5984.406,0.7692634,0.7000929,2.477582,0.8285628,1.142177,2.548018,0.7271051,0.922175,2.519345,0.6185721,0.821794,2.502086,0.7132654,0.9894068,2.486214,0.8065939,1.10707,2.480701,0.8459702,0.9362785,2.47543,0.9267315,0.7808245,2.378146,0.7990239,0.7187859,2.33463,0.786523,0.6831621,2.365669,0.7201423,0.6984746,2.451715,0.7956074,0.4941195,2.350321,0.7185827,0.3253327,2.279191,0.8066943,0.6935108,2.456253,0.6081284,0.5635094,2.457382,0.7092067,0.4095982,2.386676,0.8450573,1.016892,2.572759
72057594037937085,0,0.8466647,5984.408,0.7692634,0.7000929,2.477582,0.8285628,1.142177,2.548018,0.7271051,0.922175,2.519345,0.6185721,0.821794,2.502086,0.7132654,0.9894068,2.486214,0.8065939,1.10707,2.480701,0.8459702,0.9362785,2.47543,0.9267315,0.7808245,2.378146,0.7990239,0.7187859,2.33463,0.786523,0.6831621,2.365669,0.7201423,0.6984746,2.451715,0.7956074,0.4941195,2.350321,0.7185827,0.3253327,2.279191,0.8066943,0.6935108,2.456253,0.6081284,0.5635094,2.457382,0.7092067,0.4095982,2.386676,0.8450573,1.016892,2.572759
72057594037937085,0,0.8466647,5984.411,0.7692634,0.7000929,2.477582,0.8285628,1.142177,2.548018,0.7271051,0.922175,2.519345,0.6185721,0.821794,2.502086,0.7132654,0.9894068,2.486214,0.8065939,1.10707,2.480701,0.8459702,0.9362785,2.47543,0.9267315,0.7808245,2.378146,0.7990239,0.7187859,2.33463,0.786523,0.6831621,2.365669,0.7201423,0.6984746,2.451715,0.7956074,0.4941195,2.350321,0.7185827,0.3253327,2.279191,0.8066943,0.6935108,2.456253,0.6081284,0.5635094,2.457382,0.7092067,0.4095982,2.386676,0.8450573,1.016892,2.572759
72057594037937085,0,0.8466647,5984.414,0.7692634,0.7000929,2.477582,0.8285628,1.142177,2.548018,0.7271051,0.922175,2.519345,0.6185721,0.821794,2.502086,0.7132654,0.9894068,2.486214,0.8065939,1.10707,2.480701,0.8459702,0.9362785,2.47543,0.9267315,0.7808245,2.378146,0.7990239,0.7187859,2.33463,0.786523,0.6831621,2.365669,0.7201423,0.6984746,2.451715,0.7956074,0.4941195,2.350321,0.7185827,0.3253327,2.279191,0.8066943,0.6935108,2.456253,0.6081284,0.5635094,2.457382,0.7092067,0.4095982,2.386676,0.8450573,1.016892,2.572759
72057594037937085,0,0.8466647,5984.416,0.7692634,0.7000929,2.477582,0.8285628,1.142177,2.548018,0.7271051,0.922175,2.519345,0.6185721,0.821794,2.502086,0.7132654,0.9894068,2.486214,0.8065939,1.10707,2.480701,0.8459702,0.9362785,2.47543,0.9267315,0.7808245,2.378146,0.7990239,0.7187859,2.33463,0.786523,0.6831621,2.365669,0.7201423,0.6984746,2.451715,0.7956074,0.4941195,2.350321,0.7185827,0.3253327,2.279191,0.8066943,0.6935108,2.456253,0.6081284,0.5635094,2.457382,0.7092067,0.4095982,2.386676,0.8450573,1.016892,2.572759
72057594037937085,0,0.8466647,5984.419,0.7692634,0.7000929,2.477582,0.8285628,1.142177,2.548018,0.7271051,0.922175,2.519345,0.6185721,0.821794,2.502086,0.7132654,0.9894068,2.486214,0.8065939,1.10707,2.480701,0.8459702,0.9362785,2.47543,0.9267315,0.7808245,2.378146,0.7990239,0.7187859,2.33463,0.786523,0.6831621,2.365669,0.7201423,0.6984746,2.451715,0.7956074,0.4941195,2.350321,0.7185827,0.3253327,2.279191,0.8066943,0.6935108,2.456253,0.6081284,0.5635094,2.457382,0.7092067,0.4095982,2.386676,0.8450573,1.016892,2.572759
72057594037937085,0,0.8466647,5984.423,0.7692634,0.7000929,2.477582,0.8285628,1.142177,2.548018,0.7271051,0.922175,2.519345,0.6185721,0.821794,2.502086,0.7132654,0.9894068,2.486214,0.8065939,1.10707,2.480701,0.8459702,0.9362785,2.47543,0.9267315,0.7808245,2.378146,0.7990239,0.7187859,2.33463,0.786523,0.6831621,2.365669,0.7201423,0.6984746,2.451715,0.7956074,0.4941195,2.350321,0.7185827,0.3253327,2.279191,0.8066943,0.6935108,2.456253,0.6081284,0.5635094,2.457382,0.7092067,0.4095982,2.386676,0.8450573,1.016892,2.572759
72057594037937085,0,0.8466647,5984.426,0.7692634,0.7000929,2.477582,0.8285628,1.142177,2.548018,0.7271051,0.922175,2.519345,0.6185721,0.821794,2.502086,0.7132654,0.9894068,2.486214,0.8065939,1.10707,2.480701,0.8459702,0.9362785,2.47543,0.9267315,0.7808245,2.378146,0.7990239,0.7187859,2.33463,0.786523,0.6831621,2.365669,0.7201423,0.6984746,2.451715,0.7956074,0.4941195,2.350321,0.7185827,0.3253327,2.279191,0.8066943,0.6935108,2.456253,0.6081284,0.5635094,2.457382,0.7092067,0.4095982,2.386676,0.8450573,1.016892,2.572759
72057594037937085,0,0.8466647,5984.429,0.7692634,0.7000929,2.477582,0.8285628,1.142177,2.548018,0.7271051,0.922175,2.519345,0.6185721,0.821794,2.502086,0.7132654,0.9894068,2.486214,0.8065939,1.10707,2.480701,0.8459702,0.9362785,2.47543,0.9267315,0.7808245,2.378146,0.7990239,0.7187859,2.33463,0.786523,0.6831621,2.365669,0.7201423,0.6984746,2.451715,0.7956074,0.4941195,2.350321,0.7185827,0.3253327,2.279191,0.8066943,0.6935108,2.456253,0.6081284,0.5635094,2.457382,0.7092067,0.4095982,2.386676,0.8450573,1.016892,2.572759
72057594037937085,0,0.8466647,5984.432,0.7692634,0.7000929,2.477582,0.8285628,1.142177,2.548018,0.7271051,0.922175,2.519345,0.6185721,0.821794,2.502086,0.7132654,0.9894068,2.486214,0.8065939,1.10707,2.480701,0.8459702,0.9362785,2.47543,0.9267315,0.7808245,2.378146,0.7990239,0.7187859,2.33463,0.786523,0.6831621,2.365669,0.7201423,0.6984746,2.451715,0.7956074,0.4941195,2.350321,0.7185827,0.3253327,2.279191,0.8066943,0.6935108,2.456253,0.6081284,0.5635094,2.457382,0.7092067,0.4095982,2.386676,0.8450573,1.016892,2.572759
72057594037937085,0,0.8138895,5984.435,0.7356764,0.6916631,2.489188,0.8250839,1.14118,2.551245,0.7083707,0.9164754,2.529333,0.6089513,0.8095171,2.49844,0.5843976,0.703417,2.396265,0.576799,0.6684535,2.364707,0.8348745,0.9345723,2.469503,0.925212,0.7817328,2.378665,0.7667031,0.6647071,2.371598,0.7406943,0.6439146,2.3792,0.6812756,0.6911732,2.484507,0.8055556,0.5404387,2.340637,0.7110792,0.3689397,2.3099,0.770954,0.6850396,2.453344,0.5900656,0.5358715,2.470298,0.7008568,0.3926688,2.390455,0.8368015,1.014075,2.577427
72057594037937085,0,0.8138895,5984.438,0.7356764,0.6916631,2.489188,0.8250839,1.14118,2.551245,0.7083707,0.9164754,2.529333,0.6089513,0.8095171,2.49844,0.5843976,0.703417,2.396265,0.576799,0.6684535,2.364707,0.8348745,0.9345723,2.469503,0.925212,0.7817328,2.378665,0.7667031,0.6647071,2.371598,0.7406943,0.6439146,2.3792,0.6812756,0.6911732,2.484507,0.8055556,0.5404387,2.340637,0.7110792,0.3689397,2.3099,0.770954,0.6850396,2.453344,0.5900656,0.5358715,2.470298,0.7008568,0.3926688,2.390455,0.8368015,1.014075,2.577427
72057594037937085,0,0.8138895,5984.441,0.7356764,0.6916631,2.489188,0.8250839,1.14118,2.551245,0.7083707,0.9164754,2.529333,0.6089513,0.8095171,2.49844,0.5843976,0.703417,2.396265,0.576799,0.6684535,2.364707,0.8348745,0.9345723,2.469503,0.925212,0.7817328,2.378665,0.7667031,0.6647071,2.371598,0.7406943,0.6439146,2.3792,0.6812756,0.6911732,2.484507,0.8055556,0.5404387,2.340637,0.7110792,0.3689397,2.3099,0.770954,0.6850396,2.453344,0.5900656,0.5358715,2.470298,0.7008568,0.3926688,2.390455,0.8368015,1.014075,2.577427
72057594037937085,0,0.8138895,5984.444,0.7356764,0.6916631,2.489188,0.8250839,1.14118,2.551245,0.7083707,0.9164754,2.529333,0.6089513,0.8095171,2.49844,0.5843976,0.703417,2.396265,0.576799,0.6684535,2.364707,0.8348745,0.9345723,2.469503,0.925212,0.7817328,2.378665,0.7667031,0.6647071,2.371598,0.7406943,0.6439146,2.3792,0.6812756,0.6911732,2.484507,0.8055556,0.5404387,2.340637,0.7110792,0.3689397,2.3099,0.770954,0.6850396,2.453344,0.5900656,0.5358715,2.470298,0.7008568,0.3926688,2.390455,0.8368015,1.014075,2.577427
72057594037937085,0,0.8138895,5984.448,0.7356764,0.6916631,2.489188,0.8250839,1.14118,2.551245,0.7083707,0.9164754,2.529333,0.6089513,0.8095171,2.49844,0.5843976,0.703417,2.396265,0.576799,0.6684535,2.364707,0.8348745,0.9345723,2.469503,0.925212,0.7817328,2.378665,0.7667031,0.6647071,2.371598,0.7406943,0.6439146,2.3792,0.6812756,0.6911732,2.484507,0.8055556,0.5404387,2.340637,0.7110792,0.3689397,2.3099,0.770954,0.6850396,2.453344,0.5900656,0.5358715,2.470298,0.7008568,0.3926688,2.390455,0.8368015,1.014075,2.577427
72057594037937085,0,0.8138895,5984.45,0.7356764,0.6916631,2.489188,0.8250839,1.14118,2.551245,0.7083707,0.9164754,2.529333,0.6089513,0.8095171,2.49844,0.5843976,0.703417,2.396265,0.576799,0.6684535,2.364707,0.8348745,0.9345723,2.469503,0.925212,0.7817328,2.378665,0.7667031,0.6647071,2.371598,0.7406943,0.6439146,2.3792,0.6812756,0.6911732,2.484507,0.8055556,0.5404387,2.340637,0.7110792,0.3689397,2.3099,0.770954,0.6850396,2.453344,0.5900656,0.5358715,2.470298,0.7008568,0.3926688,2.390455,0.8368015,1.014075,2.577427
72057594037937085,0,0.8138895,5984.453,0.7356764,0.6916631,2.489188,0.8250839,1.14118,2.551245,0.7083707,0.9164754,2.529333,0.6089513,0.8095171,2.49844,0.5843976,0.703417,2.396265,0.576799,0.6684535,2.364707,0.8348745,0.9345723,2.469503,0.925212,0.7817328,2.378665,0.7667031,0.6647071,2.371598,0.7406943,0.6439146,2.3792,0.6812756,0.6911732,2.484507,0.8055556,0.5404387,2.340637,0.7110792,0.3689397,2.3099,0.770954,0.6850396,2.453344,0.5900656,0.5358715,2.470298,0.7008568,0.3926688,2.390455,0.8368015,1.014075,2.577427
72057594037937085,0,0.8138895,5984.457,0.7356764,0.6916631,2.489188,0.8250839,1.14118,2.551245,0.7083707,0.9164754,2.529333,0.6089513,0.8095171,2.49844,0.5843976,0.703417,2.396265,0.576799,0.6684535,2.364707,0.8348745,0.9345723,2.469503,0.925212,0.7817328,2.378665,0.7667031,0.6647071,2.371598,0.7406943,0.6439146,2.3792,0.6812756,0.6911732,2.484507,0.8055556,0.5404387,2.340637,0.7110792,0.3689397,2.3099,0.770954,0.6850396,2.453344,0.5900656,0.5358715,2.470298,0.7008568,0.3926688,2.390455,0.8368015,1.014075,2.577427
72057594037937085,0,0.8138895,5984.46,0.7356764,0.6916631,2.489188,0.8250839,1.14118,2.551245,0.7083707,0.9164754,2.529333,0.6089513,0.8095171,2.49844,0.5843976,0.703417,2.396265,0.576799,0.6684535,2.364707,0.8348745,0.9345723,2.469503,0.925212,0.7817328,2.378665,0.7667031,0.6647071,2.371598,0.7406943,0.6439146,2.3792,0.6812756,0.6911732,2.484507,0.8055556,0.5404387,2.340637,0.7110792,0.3689397,2.3099,0.770954,0.6850396,2.453344,0.5900656,0.5358715,2.470298,0.7008568,0.3926688,2.390455,0.8368015,1.014075,2.577427
72057594037937085,0,0.8138895,5984.463,0.7356764,0.6916631,2.489188,0.8250839,1.14118,2.551245,0.7083707,0.9164754,2.529333,0.6089513,0.8095171,2.49844,0.5843976,0.703417,2.396265,0.576799,0.6684535,2.364707,0.8348745,0.9345723,2.469503,0.925212,0.7817328,2.378665,0.7667031,0.6647071,2.371598,0.7406943,0.6439146,2.3792,0.6812756,0.6911732,2.484507,0.8055556,0.5404387,2.340637,0.7110792,0.3689397,2.3099,0.770954,0.6850396,2.453344,0.5900656,0.5358715,2.470298,0.7008568,0.3926688,2.390455,0.8368015,1.014075,2.577427
72057594037937085,0,0.8138895,5984.466,0.7356764,0.6916631,2.489188,0.8250839,1.14118,2.551245,0.7083707,0.9164754,2.529333,0.6089513,0.8095171,2.49844,0.5843976,0.703417,2.396265,0.576799,0.6684535,2.364707,0.8348745,0.9345723,2.469503,0.925212,0.7817328,2.378665,0.7667031,0.6647071,2.371598,0.7406943,0.6439146,2.3792,0.6812756,0.6911732,2.484507,0.8055556,0.5404387,2.340637,0.7110792,0.3689397,2.3099,0.770954,0.6850396,2.453344,0.5900656,0.5358715,2.470298,0.7008568,0.3926688,2.390455,0.8368015,1.014075,2.577427
72057594037937085,0,0.8063285,5984.469,0.7288764,0.6914863,2.493553,0.8221944,1.141296,2.553296,0.7060474,0.9156545,2.529832,0.6152765,0.8027778,2.493935,0.5814742,0.8872492,2.376623,0.5707981,0.9158232,2.340015,0.8347366,0.9348449,2.470236,0.9397312,0.8029801,2.37773,0.8323818,0.7076881,2.344368,0.8062561,0.7015787,2.360509,0.6794776,0.6914599,2.485184,0.7420014,0.4814122,2.386023,0.8734267,0.5443541,2.251477,0.7625993,0.6847287,2.459487,0.5850134,0.5292392,2.465556,0.7044664,0.399605,2.376241,0.8369963,1.014042,2.577533
72057594037937085,0,0.8063285,5984.472,0.7288764,0.6914863,2.493553,0.8221944,1.141296,2.553296,0.7060474,0.9156545,2.529832,0.6152765,0.8027778,2.493935,0.5814742,0.8872492,2.376623,0.5707981,0.9158232,2.340015,0.8347366,0.9348449,2.470236,0.9397312,0.8029801,2.37773,0.8323818,0.7076881,2.344368,0.8062561,0.7015787,2.360509,0.6794776,0.6914599,2.485184,0.7420014,0.4814122,2.386023,0.8734267,0.5443541,2.251477,0.7625993,0.6847287,2.459487,0.5850134,0.5292392,2.465556,0.7044664,0.399605,2.376241,0.8369963,1.014042,2.577533
72057594037937085,0,0.8063285,5984.476,0.7288764,0.6914863,2.493553,0.8221944,1.141296,2.553296,0.7060474,0.9156545,2.529832,0.6152765,0.8027778,2.493935,0.5814742,0.8872492,2.376623,0.5707981,0.9158232,2.340015,0.8347366,0.9348449,2.470236,0.9397312,0.8029801,2.37773,0.8323818,0.7076881,2.344368,0.8062561,0.7015787,2.360509,0.6794776,0.6914599,2.485184,0.7420014,0.4814122,2.386023,0.8734267,0.5443541,2.251477,0.7625993,0.6847287,2.459487,0.5850134,0.5292392,2.465556,0.7044664,0.399605,2.376241,0.8369963,1.014042,2.577533
72057594037937085,0,0.8063285,5984.479,0.7288764,0.6914863,2.493553,0.8221944,1.141296,2.553296,0.7060474,0.9156545,2.529832,0.6152765,0.8027778,2.493935,0.5814742,0.8872492,2.376623,0.5707981,0.9158232,2.340015,0.8347366,0.9348449,2.470236,0.9397312,0.8029801,2.37773,0.8323818,0.7076881,2.344368,0.8062561,0.7015787,2.360509,0.6794776,0.6914599,2.485184,0.7420014,0.4814122,2.386023,0.8734267,0.5443541,2.251477,0.7625993,0.6847287,2.459487,0.5850134,0.5292392,2.465556,0.7044664,0.399605,2.376241,0.8369963,1.014042,2.577533
72057594037937085,0,0.8063285,5984.482,0.7288764,0.6914863,2.493553,0.8221944,1.141296,2.553296,0.7060474,0.9156545,2.529832,0.6152765,0.8027778,2.493935,0.5814742,0.8872492,2.376623,0.5707981,0.9158232,2.340015,0.8347366,0.9348449,2.470236,0.9397312,0.8029801,2.37773,0.8323818,0.7076881,2.344368,0.8062561,0.7015787,2.360509,0.6794776,0.6914599,2.485184,0.7420014,0.4814122,2.386023,0.8734267,0.5443541,2.251477,0.7625993,0.6847287,2.459487,0.5850134,0.5292392,2.465556,0.7044664,0.399605,2.376241,0.8369963,1.014042,2.577533
72057594037937085,0,0.8063285,5984.485,0.7288764,0.6914863,2.493553,0.8221944,1.141296,2.553296,0.7060474,0.9156545,2.529832,0.6152765,0.8027778,2.493935,0.5814742,0.8872492,2.376623,0.5707981,0.9158232,2.340015,0.8347366,0.9348449,2.470236,0.9397312,0.8029801,2.37773,0.8323818,0.7076881,2.344368,0.8062561,0.7015787,2.360509,0.6794776,0.6914599,2.485184,0.7420014,0.4814122,2.386023,0.8734267,0.5443541,2.251477,0.7625993,0.6847287,2.459487,0.5850134,0.5292392,2.465556,0.7044664,0.399605,2.376241,0.8369963,1.014042,2.577533
72057594037937085,0,0.8063285,5984.488,0.7288764,0.6914863,2.493553,0.8221944,1.141296,2.553296,0.7060474,0.9156545,2.529832,0.6152765,0.8027778,2.493935,0.5814742,0.8872492,2.376623,0.5707981,0.9158232,2.340015,0.8347366,0.9348449,2.470236,0.9397312,0.8029801,2.37773,0.8323818,0.7076881,2.344368,0.8062561,0.7015787,2.360509,0.6794776,0.6914599,2.485184,0.7420014,0.4814122,2.386023,0.8734267,0.5443541,2.251477,0.7625993,0.6847287,2.459487,0.5850134,0.5292392,2.465556,0.7044664,0.399605,2.376241,0.8369963,1.014042,2.577533
72057594037937085,0,0.8063285,5984.491,0.7288764,0.6914863,2.493553,0.8221944,1.141296,2.553296,0.7060474,0.9156545,2.529832,0.6152765,0.8027778,2.493935,0.5814742,0.8872492,2.376623,0.5707981,0.9158232,2.340015,0.8347366,0.9348449,2.470236,0.9397312,0.8029801,2.37773,0.8323818,0.7076881,2.344368,0.8062561,0.7015787,2.360509,0.6794776,0.6914599,2.485184,0.7420014,0.4814122,2.386023,0.8734267,0.5443541,2.251477,0.7625993,0.6847287,2.459487,0.5850134,0.5292392,2.465556,0.7044664,0.399605,2.376241,0.8369963,1.014042,2.577533
72057594037937085,0,0.8063285,5984.493,0.7288764,0.6914863,2.493553,0.8221944,1.141296,2.553296,0.7060474,0.9156545,2.529832,0.6152765,0.8027778,2.493935,0.5814742,0.8872492,2.376623,0.5707981,0.9158232,2.340015,0.8347366,0.9348449,2.470236,0.9397312,0.8029801,2.37773,0.8323818,0.7076881,2.344368,0.8062561,0.7015787,2.360509,0.6794776,0.6914599,2.485184,0.7420014,0.4814122,2.386023,0.8734267,0.5443541,2.251477,0.7625993,0.6847287,2.459487,0.5850134,0.5292392,2.465556,0.7044664,0.399605,2.376241,0.8369963,1.014042,2.577533
72057594037937085,0,0.8063285,5984.496,0.7288764,0.6914863,2.493553,0.8221944,1.141296,2.553296,0.7060474,0.9156545,2.529832,0.6152765,0.8027778,2.493935,0.5814742,0.8872492,2.376623,0.5707981,0.9158232,2.340015,0.8347366,0.9348449,2.470236,0.9397312,0.8029801,2.37773,0.8323818,0.7076881,2.344368,0.8062561,0.7015787,2.360509,0.6794776,0.6914599,2.485184,0.7420014,0.4814122,2.386023,0.8734267,0.5443541,2.251477,0.7625993,0.6847287,2.459487,0.5850134,0.5292392,2.465556,0.7044664,0.399605,2.376241,0.8369963,1.014042,2.577533
72057594037937085,0,0.8048816,5984.499,0.7278563,0.691671,2.495093,0.8173848,1.141819,2.556275,0.7038633,0.9149271,2.530422,0.6111514,0.8039376,2.494945,0.7874945,0.8620065,2.440746,0.8237739,0.8573146,2.412894,0.8368078,0.9414201,2.48053,0.9372807,0.8129447,2.378916,0.7791107,0.6970213,2.364186,0.7568543,0.6751239,2.377708,0.679112,0.6916348,2.485845,0.7457017,0.4843215,2.383035,0.881922,0.4530441,2.241246,0.76174,0.6850678,2.460915,0.5817311,0.5316517,2.46364,0.6993675,0.4002432,2.37332,0.8370738,1.014235,2.577473
72057594037937085,0,0.8048816,5984.502,0.7278563,0.691671,2.495093,0.8173848,1.141819,2.556275,0.7038633,0.9149271,2.530422,0.6111514,0.8039376,2.494945,0.7874945,0.8620065,2.440746,0.8237739,0.8573146,2.412894,0.8368078,0.9414201,2.48053,0.9372807,0.8129447,2.378916,0.7791107,0.6970213,2.364186,0.7568543,0.6751239,2.377708,0.679112,0.6916348,2.485845,0.7457017,0.4843215,2.383035,0.881922,0.4530441,2.241246,0.76174,0.6850678,2.460915,0.5817311,0.5316517,2.46364,0.6993675,0.4002432,2.37332,0.8370738,1.014235,2.577473
72057594037937085,0,0.8048816,5984.505,0.7278563,0.691671,2.495093,0.8173848,1.141819,2.556275,0.7038633,0.9149271,2.530422,0.6111514,0.8039376,2.494945,0.7874945,0.8620065,2.440746,0.8237739,0.8573146,2.412894,0.8368078,0.9414201,2.48053,0.9372807,0.8129447,2.378916,0.7791107,0.6970213,2.364186,0.7568543,0.6751239,2.377708,0.679112,0.6916348,2.485845,0.7457017,0.4843215,2.383035,0.881922,0.4530441,2.241246,0.76174,0.6850678,2.460915,0.5817311,0.5316517,2.46364,0.6993675,0.4002432,2.37332,0.8370738,1.014235,2.577473
72057594037937085,0,0.8048816,5984.508,0.7278563,0.691671,2.495093,0.8173848,1.141819,2.556275,0.7038633,0.9149271,2.530422,0.6111514,0.8039376,2.494945,0.7874945,0.8620065,2.440746,0.8237739,0.8573146,2.412894,0.8368078,0.9414201,2.48053,0.9372807,0.8129447,2.378916,0.7791107,0.6970213,2.364186,0.7568543,0.6751239,2.377708,0.679112,0.6916348,2.485845,0.7457017,0.4843215,2.383035,0.881922,0.4530441,2.241246,0.76174,0.6850678,2.460915,0.5817311,0.5316517,2.46364,0.6993675,0.4002432,2.37332,0.8370738,1.014235,2.577473
72057594037937085,0,0.8048816,5984.511,0.7278563,0.691671,2.495093,0.8173848,1.141819,2.556275,0.7038633,0.9149271,2.530422,0.6111514,0.8039376,2.494945,0.7874945,0.8620065,2.440746,0.8237739,0.8573146,2.412894,0.8368078,0.9414201,2.48053,0.9372807,0.8129447,2.378916,0.7791107,0.6970213,2.364186,0.7568543,0.6751239,2.377708,0.679112,0.6916348,2.485845,0.7457017,0.4843215,2.383035,0.881922,0.4530441,2.241246,0.76174,0.6850678,2.460915,0.5817311,0.5316517,2.46364,0.6993675,0.4002432,2.37332,0.8370738,1.014235,2.577473
72057594037937085,0,0.8048816,5984.513,0.7278563,0.691671,2.495093,0.8173848,1.141819,2.556275,0.7038633,0.9149271,2.530422,0.6111514,0.8039376,2.494945,0.7874945,0.8620065,2.440746,0.8237739,0.8573146,2.412894,0.8368078,0.9414201,2.48053,0.9372807,0.8129447,2.378916,0.7791107,0.6970213,2.364186,0.7568543,0.6751239,2.377708,0.679112,0.6916348,2.485845,0.7457017,0.4843215,2.383035,0.881922,0.4530441,2.241246,0.76174,0.6850678,2.460915,0.5817311,0.5316517,2.46364,0.6993675,0.4002432,2.37332,0.8370738,1.014235,2.577473
72057594037937085,0,0.8048816,5984.516,0.7278563,0.691671,2.495093,0.8173848,1.141819,2.556275,0.7038633,0.9149271,2.530422,0.6111514,0.8039376,2.494945,0.7874945,0.8620065,2.440746,0.8237739,0.8573146,2.412894,0.8368078,0.9414201,2.48053,0.9372807,0.8129447,2.378916,0.7791107,0.6970213,2.364186,0.7568543,0.6751239,2.377708,0.679112,0.6916348,2.485845,0.7457017,0.4843215,2.383035,0.881922,0.4530441,2.241246,0.76174,0.6850678,2.460915,0.5817311,0.5316517,2.46364,0.6993675,0.4002432,2.37332,0.8370738,1.014235,2.577473
72057594037937085,0,0.8048816,5984.518,0.7278563,0.691671,2.495093,0.8173848,1.141819,2.556275,0.7038633,0.9149271,2.530422,0.6111514,0.8039376,2.494945,0.7874945,0.8620065,2.440746,0.8237739,0.8573146,2.412894,0.8368078,0.9414201,2.48053,0.9372807,0.8129447,2.378916,0.7791107,0.6970213,2.364186,0.7568543,0.6751239,2.377708,0.679112,0.6916348,2.485845,0.7457017,0.4843215,2.383035,0.881922,0.4530441,2.241246,0.76174,0.6850678,2.460915,0.5817311,0.5316517,2.46364,0.6993675,0.4002432,2.37332,0.8370738,1.014235,2.577473
72057594037937085,0,0.8048816,5984.521,0.7278563,0.691671,2.495093,0.8173848,1.141819,2.556275,0.7038633,0.9149271,2.530422,0.6111514,0.8039376,2.494945,0.7874945,0.8620065,2.440746,0.8237739,0.8573146,2.412894,0.8368078,0.9414201,2.48053,0.9372807,0.8129447,2.378916,0.7791107,0.6970213,2.364186,0.7568543,0.6751239,2.377708,0.679112,0.6916348,2.485845,0.7457017,0.4843215,2.383035,0.881922,0.4530441,2.241246,0.76174,0.6850678,2.460915,0.5817311,0.5316517,2.46364,0.6993675,0.4002432,2.37332,0.8370738,1.014235,2.577473
72057594037937085,0,0.8048816,5984.524,0.7278563,0.691671,2.495093,0.8173848,1.141819,2.556275,0.7038633,0.9149271,2.530422,0.6111514,0.8039376,2.494945,0.7874945,0.8620065,2.440746,0.8237739,0.8573146,2.412894,0.8368078,0.9414201,2.48053,0.9372807,0.8129447,2.378916,0.7791107,0.6970213,2.364186,0.7568543,0.6751239,2.377708,0.679112,0.6916348,2.485845,0.7457017,0.4843215,2.383035,0.881922,0.4530441,2.241246,0.76174,0.6850678,2.460915,0.5817311,0.5316517,2.46364,0.6993675,0.4002432,2.37332,0.8370738,1.014235,2.577473
72057594037937085,0,0.8048816,5984.527,0.7278563,0.691671,2.495093,0.8173848,1.141819,2.556275,0.7038633,0.9149271,2.530422,0.6111514,0.8039376,2.494945,0.7874945,0.8620065,2.440746,0.8237739,0.8573146,2.412894,0.8368078,0.9414201,2.48053,0.9372807,0.8129447,2.378916,0.7791107,0.6970213,2.364186,0.7568543,0.6751239,2.377708,0.679112,0.6916348,2.485845,0.7457017,0.4843215,2.383035,0.881922,0.4530441,2.241246,0.76174,0.6850678,2.460915,0.5817311,0.5316517,2.46364,0.6993675,0.4002432,2.37332,0.8370738,1.014235,2.577473
72057594037937085,0,0.8048816,5984.529,0.7278563,0.691671,2.495093,0.8173848,1.141819,2.556275,0.7038633,0.9149271,2.530422,0.6111514,0.8039376,2.494945,0.7874945,0.8620065,2.440746,0.8237739,0.8573146,2.412894,0.8368078,0.9414201,2.48053,0.9372807,0.8129447,2.378916,0.7791107,0.6970213,2.364186,0.7568543,0.6751239,2.377708,0.679112,0.6916348,2.485845,0.7457017,0.4843215,2.383035,0.881922,0.4530441,2.241246,0.76174,0.6850678,2.460915,0.5817311,0.5316517,2.46364,0.6993675,0.4002432,2.37332,0.8370738,1.014235,2.577473
72057594037937085,0,0.8048816,5984.532,0.7278563,0.691671,2.495093,0.8173848,1.141819,2.556275,0.7038633,0.9149271,2.530422,0.6111514,0.8039376,2.494945,0.7874945,0.8620065,2.440746,0.8237739,0.8573146,2.412894,0.8368078,0.9414201,2.48053,0.9372807,0.8129447,2.378916,0.7791107,0.6970213,2.364186,0.7568543,0.6751239,2.377708,0.679112,0.6916348,2.485845,0.7457017,0.4843215,2.383035,0.881922,0.4530441,2.241246,0.76174,0.6850678,2.460915,0.5817311,0.5316517,2.46364,0.6993675,0.4002432,2.37332,0.8370738,1.014235,2.577473
72057594037937085,0,0.8060203,5984.535,0.7285934,0.6909547,2.494124,0.8150678,1.141432,2.557596,0.7027352,0.9146679,2.530912,0.6106737,0.8031691,2.495347,0.7859371,0.8655012,2.442674,0.8183369,0.8581786,2.413892,0.8600932,0.9149936,2.455816,0.9404476,0.8175334,2.378718,0.8043849,0.6762538,2.370034,0.7552521,0.6035439,2.368712,0.6803236,0.6909957,2.484275,0.7483021,0.484436,2.381539,0.874321,0.5382618,2.23672,0.7625842,0.6843449,2.459909,0.5899261,0.5248001,2.470497,0.7160389,0.4132705,2.364892,0.837158,1.014365,2.577483
72057594037937085,0,0.8060203,5984.538,0.7285934,0.6909547,2.494124,0.8150678,1.141432,2.557596,0.7027352,0.9146679,2.530912,0.6106737,0.8031691,2.495347,0.7859371,0.8655012,2.442674,0.8183369,0.8581786,2.413892,0.8600932,0.9149936,2.455816,0.9404476,0.8175334,2.378718,0.8043849,0.6762538,2.370034,0.7552521,0.6035439,2.368712,0.6803236,0.6909957,2.484275,0.7483021,0.484436,2.381539,0.874321,0.5382618,2.23672,0.7625842,0.6843449,2.459909,0.5899261,0.5248001,2.470497,0.7160389,0.4132705,2.364892,0.837158,1.014365,2.577483
72057594037937085,0,0.8060203,5984.541,0.7285934,0.6909547,2.494124,0.8150678,1.141432,2.557596,0.7027352,0.9146679,2.530912,0.6106737,0.8031691,2.495347,0.7859371,0.8655012,2.442674,0.8183369,0.8581786,2.413892,0.8600932,0.9149936,2.455816,0.9404476,0.8175334,2.378718,0.8043849,0.6762538,2.370034,0.7552521,0.6035439,2.368712,0.6803236,0.6909957,2.484275,0.7483021,0.484436,2.381539,0.874321,0.5382618,2.23672,0.7625842,0.6843449,2.459909,0.5899261,0.5248001,2.470497,0.7160389,0.4132705,2.364892,0.837158,1.014365,2.577483
72057594037937085,0,0.8060203,5984.544,0.7285934,0.6909547,2.494124,0.8150678,1.141432,2.557596,0.7027352,0.9146679,2.530912,0.6106737,0.8031691,2.495347,0.7859371,0.8655012,2.442674,0.8183369,0.8581786,2.413892,0.8600932,0.9149936,2.455816,0.9404476,0.8175334,2.378718,0.8043849,0.6762538,2.370034,0.7552521,0.6035439,2.368712,0.6803236,0.6909957,2.484275,0.7483021,0.484436,2.381539,0.874321,0.5382618,2.23672,0.7625842,0.6843449,2.459909,0.5899261,0.5248001,2.470497,0.7160389,0.4132705,2.364892,0.837158,1.014365,2.577483
72057594037937085,0,0.8060203,5984.547,0.7285934,0.6909547,2.494124,0.8150678,1.141432,2.557596,0.7027352,0.9146679,2.530912,0.6106737,0.8031691,2.495347,0.7859371,0.8655012,2.442674,0.8183369,0.8581786,2.413892,0.8600932,0.9149936,2.455816,0.9404476,0.8175334,2.378718,0.8043849,0.6762538,2.370034,0.7552521,0.6035439,2.368712,0.6803236,0.6909957,2.484275,0.7483021,0.484436,2.381539,0.874321,0.5382618,2.23672,0.7625842,0.6843449,2.459909,0.5899261,0.5248001,2.470497,0.7160389,0.4132705,2.364892,0.837158,1.014365,2.577483
72057594037937085,0,0.8060203,5984.549,0.7285934,0.6909547,2.494124,0.8150678,1.141432,2.557596,0.7027352,0.9146679,2.530912,0.6106737,0.8031691,2.495347,0.7859371,0.8655012,2.442674,0.8183369,0.8581786,2.413892,0.8600932,0.9149936,2.455816,0.9404476,0.8175334,2.378718,0.8043849,0.6762538,2.370034,0.7552521,0.6035439,2.368712,0.6803236,0.6909957,2.484275,0.7483021,0.484436,2.381539,0.874321,0.5382618,2.23672,0.7625842,0.6843449,2.459909,0.5899261,0.5248001,2.470497,0.7160389,0.4132705,2.364892,0.837158,1.014365,2.577483
72057594037937085,0,0.8060203,5984.552,0.7285934,0.6909547,2.494124,0.8150678,1.141432,2.557596,0.7027352,0.9146679,2.530912,0.6106737,0.8031691,2.495347,0.7859371,0.8655012,2.442674,0.8183369,0.8581786,2.413892,0.8600932,0.9149936,2.455816,0.9404476,0.8175334,2.378718,0.8043849,0.6762538,2.370034,0.7552521,0.6035439,2.368712,0.6803236,0.6909957,2.484275,0.7483021,0.484436,2.381539,0.874321,0.5382618,2.23672,0.7625842,0.6843449,2.459909,0.5899261,0.5248001,2.470497,0.7160389,0.4132705,2.364892,0.837158,1.014365,2.577483
72057594037937085,0,0.8060203,5984.555,0.7285934,0.6909547,2.494124,0.8150678,1.141432,2.557596,0.7027352,0.9146679,2.530912,0.6106737,0.8031691,2.495347,0.7859371,0.8655012,2.442674,0.8183369,0.8581786,2.413892,0.8600932,0.9149936,2.455816,0.9404476,0.8175334,2.378718,0.8043849,0.6762538,2.370034,0.7552521,0.6035439,2.368712,0.6803236,0.6909957,2.484275,0.7483021,0.484436,2.381539,0.874321,0.5382618,2.23672,0.7625842,0.6843449,2.459909,0.5899261,0.5248001,2.470497,0.7160389,0.4132705,2.364892,0.837158,1.014365,2.577483
72057594037937085,0,0.8060203,5984.558,0.7285934,0.6909547,2.494124,0.8150678,1.141432,2.557596,0.7027352,0.9146679,2.530912,0.6106737,0.8031691,2.495347,0.7859371,0.8655012,2.442674,0.8183369,0.8581786,2.413892,0.8600932,0.9149936,2.455816,0.9404476,0.8175334,2.378718,0.8043849,0.6762538,2.370034,0.7552521,0.6035439,2.368712,0.6803236,0.6909957,2.484275,0.7483021,0.484436,2.381539,0.874321,0.5382618,2.23672,0.7625842,0.6843449,2.459909,0.5899261,0.5248001,2.470497,0.7160389,0.4132705,2.364892,0.837158,1.014365,2.577483
72057594037937085,0,0.8060203,5984.56,0.7285934,0.6909547,2.494124,0.8150678,1.141432,2.557596,0.7027352,0.9146679,2.530912,0.6106737,0.8031691,2.495347,0.7859371,0.8655012,2.442674,0.8183369,0.8581786,2.413892,0.8600932,0.9149936,2.455816,0.9404476,0.8175334,2.378718,0.8043849,0.6762538,2.370034,0.7552521,0.6035439,2.368712,0.6803236,0.6909957,2.484275,0.7483021,0.484436,2.381539,0.874321,0.5382618,2.23672,0.7625842,0.6843449,2.459909,0.5899261,0.5248001,2.470497,0.7160389,0.4132705,2.364892,0.837158,1.014365,2.577483
72057594037937085,0,0.8060203,5984.563,0.7285934,0.6909547,2.494124,0.8150678,1.141432,2.557596,0.7027352,0.9146679,2.530912,0.6106737,0.8031691,2.495347,0.7859371,0.8655012,2.442674,0.8183369,0.8581786,2.413892,0.8600932,0.9149936,2.455816,0.9404476,0.8175334,2.378718,0.8043849,0.6762538,2.370034,0.7552521,0.6035439,2.368712,0.6803236,0.6909957,2.484275,0.7483021,0.484436,2.381539,0.874321,0.5382618,2.23672,0.7625842,0.6843449,2.459909,0.5899261,0.5248001,2.470497,0.7160389,0.4132705,2.364892,0.837158,1.014365,2.577483
72057594037937085,0,0.8037344,5984.567,0.7272834,0.6923101,2.496665,0.8113262,1.140782,2.559868,0.7016852,0.9144146,2.53147,0.6094545,0.8029591,2.496333,0.7753289,0.8686686,2.443053,0.8083374,0.8663334,2.423852,0.851935,0.9306203,2.473706,0.9347434,0.8267971,2.381513,0.8028078,0.6817266,2.371049,0.7467642,0.6043696,2.370371,0.6792178,0.692322,2.484616,0.7482191,0.4863027,2.381984,0.8494505,0.6065759,2.259859,0.7615498,0.6860555,2.466069,0.6208,0.4988553,2.476728,0.7607736,0.4829592,2.335117,0.8371295,1.014688,2.577747
72057594037937085,0,0.8037344,5984.57,0.7272834,0.6923101,2.496665,0.8113262,1.140782,2.559868,0.7016852,0.9144146,2.53147,0.6094545,0.8029591,2.496333,0.7753289,0.8686686,2.443053,0.8083374,0.8663334,2.423852,0.851935,0.9306203,2.473706,0.9347434,0.8267971,2.381513,0.8028078,0.6817266,2.371049,0.7467642,0.6043696,2.370371,0.6792178,0.692322,2.484616,0.7482191,0.4863027,2.381984,0.8494505,0.6065759,2.259859,0.7615498,0.6860555,2.466069,0.6208,0.4988553,2.476728,0.7607736,0.4829592,2.335117,0.8371295,1.014688,2.577747
72057594037937085,0,0.8037344,5984.572,0.7272834,0.6923101,2.496665,0.8113262,1.140782,2.559868,0.7016852,0.9144146,2.53147,0.6094545,0.8029591,2.496333,0.7753289,0.8686686,2.443053,0.8083374,0.8663334,2.423852,0.851935,0.9306203,2.473706,0.9347434,0.8267971,2.381513,0.8028078,0.6817266,2.371049,0.7467642,0.6043696,2.370371,0.6792178,0.692322,2.484616,0.7482191,0.4863027,2.381984,0.8494505,0.6065759,2.259859,0.7615498,0.6860555,2.466069,0.6208,0.4988553,2.476728,0.7607736,0.4829592,2.335117,0.8371295,1.014688,2.577747
72057594037937085,0,0.8037344,5984.575,0.7272834,0.6923101,2.496665,0.8113262,1.140782,2.559868,0.7016852,0.9144146,2.53147,0.6094545,0.8029591,2.496333,0.7753289,0.8686686,2.443053,0.8083374,0.8663334,2.423852,0.851935,0.9306203,2.473706,0.9347434,0.8267971,2.381513,0.8028078,0.6817266,2.371049,0.7467642,0.6043696,2.370371,0.6792178,0.692322,2.484616,0.7482191,0.4863027,2.381984,0.8494505,0.6065759,2.259859,0.7615498,0.6860555,2.466069,0.6208,0.4988553,2.476728,0.7607736,0.4829592,2.335117,0.8371295,1.014688,2.577747
72057594037937085,0,0.8037344,5984.578,0.7272834,0.6923101,2.496665,0.8113262,1.140782,2.559868,0.7016852,0.9144146,2.53147,0.6094545,0.8029591,2.496333,0.7753289,0.8686686,2.443053,0.8083374,0.8663334,2.423852,0.851935,0.9306203,2.473706,0.9347434,0.8267971,2.381513,0.8028078,0.6817266,2.371049,0.7467642,0.6043696,2.370371,0.6792178,0.692322,2.484616,0.7482191,0.4863027,2.381984,0.8494505,0.6065759,2.259859,0.7615498,0.6860555,2.466069,0.6208,0.4988553,2.476728,0.7607736,0.4829592,2.335117,0.8371295,1.014688,2.577747
72057594037937085,0,0.8037344,5984.582,0.7272834,0.6923101,2.496665,0.8113262,1.140782,2.559868,0.7016852,0.9144146,2.53147,0.6094545,0.8029591,2.496333,0.7753289,0.8686686,2.443053,0.8083374,0.8663334,2.423852,0.851935,0.9306203,2.473706,0.9347434,0.8267971,2.381513,0.8028078,0.6817266,2.371049,0.7467642,0.6043696,2.370371,0.6792178,0.692322,2.484616,0.7482191,0.4863027,2.381984,0.8494505,0.6065759,2.259859,0.7615498,0.6860555,2.466069,0.6208,0.4988553,2.476728,0.7607736,0.4829592,2.335117,0.8371295,1.014688,2.577747
72057594037937085,0,0.8037344,5984.585,0.7272834,0.6923101,2.496665,0.8113262,1.140782,2.559868,0.7016852,0.9144146,2.53147,0.6094545,0.8029591,2.496333,0.7753289,0.8686686,2.443053,0.8083374,0.8663334,2.423852,0.851935,0.9306203,2.473706,0.9347434,0.8267971,2.381513,0.8028078,0.6817266,2.371049,0.7467642,0.6043696,2.370371,0.6792178,0.692322,2.484616,0.7482191,0.4863027,2.381984,0.8494505,0.6065759,2.259859,0.7615498,0.6860555,2.466069,0.6208,0.4988553,2.476728,0.7607736,0.4829592,2.335117,0.8371295,1.014688,2.577747
72057594037937085,0,0.8037344,5984.588,0.7272834,0.6923101,2.496665,0.8113262,1.140782,2.559868,0.7016852,0.9144146,2.53147,0.6094545,0.8029591,2.496333,0.7753289,0.8686686,2.443053,0.8083374,0.8663334,2.423852,0.851935,0.9306203,2.473706,0.9347434,0.8267971,2.381513,0.8028078,0.6817266,2.371049,0.7467642,0.6043696,2.370371,0.6792178,0.692322,2.484616,0.7482191,0.4863027,2.381984,0.8494505,0.6065759,2.259859,0.7615498,0.6860555,2.466069,0.6208,0.4988553,2.476728,0.7607736,0.4829592,2.335117,0.8371295,1.014688,2.577747
72057594037937085,0,0.8037344,5984.591,0.7272834,0.6923101,2.496665,0.8113262,1.140782,2.559868,0.7016852,0.9144146,2.53147,0.6094545,0.8029591,2.496333,0.7753289,0.8686686,2.443053,0.8083374,0.8663334,2.423852,0.851935,0.9306203,2.473706,0.9347434,0.8267971,2.381513,0.8028078,0.6817266,2.371049,0.7467642,0.6043696,2.370371,0.6792178,0.692322,2.484616,0.7482191,0.4863027,2.381984,0.8494505,0.6065759,2.259859,0.7615498,0.6860555,2.466069,0.6208,0.4988553,2.476728,0.7607736,0.4829592,2.335117,0.8371295,1.014688,2.577747
72057594037937085,0,0.8037344,5984.594,0.7272834,0.6923101,2.496665,0.8113262,1.140782,2.559868,0.7016852,0.9144146,2.53147,0.6094545,0.8029591,2.496333,0.7753289,0.8686686,2.443053,0.8083374,0.8663334,2.423852,0.851935,0.9306203,2.473706,0.9347434,0.8267971,2.381513,0.8028078,0.6817266,2.371049,0.7467642,0.6043696,2.370371,0.6792178,0.692322,2.484616,0.7482191,0.4863027,2.381984,0.8494505,0.6065759,2.259859,0.7615498,0.6860555,2.466069,0.6208,0.4988553,2.476728,0.7607736,0.4829592,2.335117,0.8371295,1.014688,2.577747
72057594037937085,0,0.8037344,5984.597,0.7272834,0.6923101,2.496665,0.8113262,1.140782,2.559868,0.7016852,0.9144146,2.53147,0.6094545,0.8029591,2.496333,0.7753289,0.8686686,2.443053,0.8083374,0.8663334,2.423852,0.851935,0.9306203,2.473706,0.9347434,0.8267971,2.381513,0.8028078,0.6817266,2.371049,0.7467642,0.6043696,2.370371,0.6792178,0.692322,2.484616,0.7482191,0.4863027,2.381984,0.8494505,0.6065759,2.259859,0.7615498,0.6860555,2.466069,0.6208,0.4988553,2.476728,0.7607736,0.4829592,2.335117,0.8371295,1.014688,2.577747
72057594037937085,0,0.8037344,5984.6,0.7272834,0.6923101,2.496665,0.8113262,1.140782,2.559868,0.7016852,0.9144146,2.53147,0.6094545,0.8029591,2.496333,0.7753289,0.8686686,2.443053,0.8083374,0.8663334,2.423852,0.851935,0.9306203,2.473706,0.9347434,0.8267971,2.381513,0.8028078,0.6817266,2.371049,0.7467642,0.6043696,2.370371,0.6792178,0.692322,2.484616,0.7482191,0.4863027,2.381984,0.8494505,0.6065759,2.259859,0.7615498,0.6860555,2.466069,0.6208,0.4988553,2.476728,0.7607736,0.4829592,2.335117,0.8371295,1.014688,2.577747
72057594037937085,0,0.8037731,5984.603,0.7273363,0.6924134,2.496618,0.809363,1.140393,2.561389,0.7006238,0.914157,2.532105,0.6064979,0.8038379,2.498968,0.7665383,0.8663372,2.441684,0.8020571,0.8648582,2.425593,0.8444043,0.9359936,2.480538,0.9324079,0.8267815,2.380363,0.8001413,0.6819724,2.371783,0.7863911,0.6507696,2.364171,0.6793292,0.692565,2.484297,0.753259,0.4924376,2.372983,0.8823538,0.5604333,2.237089,0.7616739,0.6861968,2.465998,0.6211072,0.4992486,2.476563,0.7620389,0.4791597,2.336354,0.8369788,1.014826,2.577926
72057594037937085,0,0.8037731,5984.605,0.7273363,0.6924134,2.496618,0.809363,1.140393,2.561389,0.7006238,0.914157,2.532105,0.6064979,0.8038379,2.498968,0.7665383,0.8663372,2.441684,0.8020571,0.8648582,2.425593,0.8444043,0.9359936,2.480538,0.9324079,0.8267815,2.380363,0.8001413,0.6819724,2.371783,0.7863911,0.6507696,2.364171,0.6793292,0.692565,2.484297,0.753259,0.4924376,2.372983,0.8823538,0.5604333,2.237089,0.7616739,0.6861968,2.465998,0.6211072,0.4992486,2.476563,0.7620389,0.4791597,2.336354,0.8369788,1.014826,2.577926
72057594037937085,0,0.8037731,5984.609,0.7273363,0.6924134,2.496618,0.809363,1.140393,2.561389,0.7006238,0.914157,2.532105,0.6064979,0.8038379,2.498968,0.7665383,0.8663372,2.441684,0.8020571,0.8648582,2.425593,0.8444043,0.9359936,2.480538,0.9324079,0.8267815,2.380363,0.8001413,0.6819724,2.371783,0.7863911,0.6507696,2.364171,0.6793292,0.692565,2.484297,0.753259,0.4924376,2.372983,0.8823538,0.5604333,2.237089,0.7616739,0.6861968,2.465998,0.6211072,0.4992486,2.476563,0.7620389,0.4791597,2.336354,0.8369788,1.014826,2.577926
72057594037937085,0,0.8037731,5984.612,0.7273363,0.6924134,2.496618,0.809363,1.140393,2.561389,0.7006238,0.914157,2.532105,0.6064979,0.8038379,2.498968,0.7665383,0.8663372,2.441684,0.8020571,0.8648582,2.425593,0.8444043,0.9359936,2.480538,0.9324079,0.8267815,2.380363,0.8001413,0.6819724,2.371783,0.7863911,0.6507696,2.364171,0.6793292,0.692565,2.484297,0.753259,0.4924376,2.372983,0.8823538,0.5604333,2.237089,0.7616739,0.6861968,2.465998,0.6211072,0.4992486,2.476563,0.7620389,0.4791597,2.336354,0.8369788,1.014826,2.577926
72057594037937085,0,0.8037731,5984.614,0.7273363,0.6924134,2.496618,0.809363,1.140393,2.561389,0.7006238,0.914157,2.532105,0.6064979,0.8038379,2.498968,0.7665383,0.8663372,2.441684,0.8020571,0.8648582,2.425593,0.8444043,0.9359936,2.480538,0.9324079,0.8267815,2.380363,0.8001413,0.6819724,2.371783,0.7863911,0.6507696,2.364171,0.6793292,0.692565,2.484297,0.753259,0.4924376,2.372983,0.8823538,0.5604333,2.237089,0.7616739,0.6861968,2.465998,0.6211072,0.4992486,2.476563,0.7620389,0.4791597,2.336354,0.8369788,1.014826,2.577926
72057594037937085,0,0.8037731,5984.617,0.7273363,0.6924134,2.496618,0.809363,1.140393,2.561389,0.7006238,0.914157,2.532105,0.6064979,0.8038379,2.498968,0.7665383,0.8663372,2.441684,0.8020571,0.8648582,2.425593,0.8444043,0.9359936,2.480538,0.9324079,0.8267815,2.380363,0.8001413,0.6819724,2.371783,0.7863911,0.6507696,2.364171,0.6793292,0.692565,2.484297,0.753259,0.4924376,2.372983,0.8823538,0.5604333,2.237089,0.7616739,0.6861968,2.465998,0.6211072,0.4992486,2.476563,0.7620389,0.4791597,2.336354,0.8369788,1.014826,2.577926
72057594037937085,0,0.8037731,5984.619,0.7273363,0.6924134,2.496618,0.809363,1.140393,2.561389,0.7006238,0.914157,2.532105,0.6064979,0.8038379,2.498968,0.7665383,0.8663372,2.441684,0.8020571,0.8648582,2.425593,0.8444043,0.9359936,2.480538,0.9324079,0.8267815,2.380363,0.8001413,0.6819724,2.371783,0.7863911,0.6507696,2.364171,0.6793292,0.692565,2.484297,0.753259,0.4924376,2.372983,0.8823538,0.5604333,2.237089,0.7616739,0.6861968,2.465998,0.6211072,0.4992486,2.476563,0.7620389,0.4791597,2.336354,0.8369788,1.014826,2.577926
72057594037937085,0,0.8037731,5984.622,0.7273363,0.6924134,2.496618,0.809363,1.140393,2.561389,0.7006238,0.914157,2.532105,0.6064979,0.8038379,2.498968,0.7665383,0.8663372,2.441684,0.8020571,0.8648582,2.425593,0.8444043,0.9359936,2.480538,0.9324079,0.8267815,2.380363,0.8001413,0.6819724,2.371783,0.7863911,0.6507696,2.364171,0.6793292,0.692565,2.484297,0.753259,0.4924376,2.372983,0.8823538,0.5604333,2.237089,0.7616739,0.6861968,2.465998,0.6211072,0.4992486,2.476563,0.7620389,0.4791597,2.336354,0.8369788,1.014826,2.577926
72057594037937085,0,0.8037731,5984.625,0.7273363,0.6924134,2.496618,0.809363,1.140393,2.561389,0.7006238,0.914157,2.532105,0.6064979,0.8038379,2.498968,0.7665383,0.8663372,2.441684,0.8020571,0.8648582,2.425593,0.8444043,0.9359936,2.480538,0.9324079,0.8267815,2.380363,0.8001413,0.6819724,2.371783,0.7863911,0.6507696,2.364171,0.6793292,0.692565,2.484297,0.753259,0.4924376,2.372983,0.8823538,0.5604333,2.237089,0.7616739,0.6861968,2.465998,0.6211072,0.4992486,2.476563,0.7620389,0.4791597,2.336354,0.8369788,1.014826,2.577926
72057594037937085,0,0.8037731,5984.628,0.7273363,0.6924134,2.496618,0.809363,1.140393,2.561389,0.7006238,0.914157,2.532105,0.6064979,0.8038379,2.498968,0.7665383,0.8663372,2.441684,0.8020571,0.8648582,2.425593,0.8444043,0.9359936,2.480538,0.9324079,0.8267815,2.380363,0.8001413,0.6819724,2.371783,0.7863911,0.6507696,2.364171,0.6793292,0.692565,2.484297,0.753259,0.4924376,2.372983,0.8823538,0.5604333,2.237089,0.7616739,0.6861968,2.465998,0.6211072,0.4992486,2.476563,0.7620389,0.4791597,2.336354,0.8369788,1.014826,2.577926
72057594037937085,0,0.8037731,5984.63,0.7273363,0.6924134,2.496618,0.809363,1.140393,2.561389,0.7006238,0.914157,2.532105,0.6064979,0.8038379,2.498968,0.7665383,0.8663372,2.441684,0.8020571,0.8648582,2.425593,0.8444043,0.9359936,2.480538,0.9324079,0.8267815,2.380363,0.8001413,0.6819724,2.371783,0.7863911,0.6507696,2.364171,0.6793292,0.692565,2.484297,0.753259,0.4924376,2.372983,0.8823538,0.5604333,2.237089,0.7616739,0.6861968,2.465998,0.6211072,0.4992486,2.476563,0.7620389,0.4791597,2.336354,0.8369788,1.014826,2.577926
72057594037937085,0,0.8037731,5984.634,0.7273363,0.6924134,2.496618,0.809363,1.140393,2.561389,0.7006238,0.914157,2.532105,0.6064979,0.8038379,2.498968,0.7665383,0.8663372,2.441684,0.8020571,0.8648582,2.425593,0.8444043,0.9359936,2.480538,0.9324079,0.8267815,2.380363,0.8001413,0.6819724,2.371783,0.7863911,0.6507696,2.364171,0.6793292,0.692565,2.484297,0.753259,0.4924376,2.372983,0.8823538,0.5604333,2.237089,0.7616739,0.6861968,2.465998,0.6211072,0.4992486,2.476563,0.7620389,0.4791597,2.336354,0.8369788,1.014826,2.577926
72057594037937085,0,0.7988449,5984.637,0.723579,0.6939403,2.500314,0.8061769,1.140662,2.563538,0.7003933,0.9141452,2.532395,0.6081691,0.8021958,2.499511,0.7674817,0.8687748,2.444386,0.8031334,0.8651685,2.428289,0.8437396,0.9400646,2.48353,0.9322193,0.8264314,2.38018,0.7981182,0.6833006,2.371751,0.7777249,0.650804,2.366487,0.6751101,0.6946306,2.490158,0.7709739,0.5153861,2.359682,0.8997073,0.487642,2.208985,0.7589979,0.6873114,2.467193,0.6135975,0.5041605,2.477404,0.7511689,0.4529659,2.341611,0.8336086,1.015435,2.580271
72057594037937085,0,0.7988449,5984.64,0.723579,0.6939403,2.500314,0.8061769,1.140662,2.563538,0.7003933,0.9141452,2.532395,0.6081691,0.8021958,2.499511,0.7674817,0.8687748,2.444386,0.8031334,0.8651685,2.428289,0.8437396,0.9400646,2.48353,0.9322193,0.8264314,2.38018,0.7981182,0.6833006,2.371751,0.7777249,0.650804,2.366487,0.6751101,0.6946306,2.490158,0.7709739,0.5153861,2.359682,0.8997073,0.487642,2.208985,0.7589979,0.6873114,2.467193,0.6135975,0.5041605,2.477404,0.7511689,0.4529659,2.341611,0.8336086,1.015435,2.580271
72057594037937085,0,0.7988449,5984.643,0.723579,0.6939403,2.500314,0.8061769,1.140662,2.563538,0.7003933,0.9141452,2.532395,0.6081691,0.8021958,2.499511,0.7674817,0.8687748,2.444386,0.8031334,0.8651685,2.428289,0.8437396,0.9400646,2.48353,0.9322193,0.8264314,2.38018,0.7981182,0.6833006,2.371751,0.7777249,0.650804,2.366487,0.6751101,0.6946306,2.490158,0.7709739,0.5153861,2.359682,0.8997073,0.487642,2.208985,0.7589979,0.6873114,2.467193,0.6135975,0.5041605,2.477404,0.7511689,0.4529659,2.341611,0.8336086,1.015435,2.580271
72057594037937085,0,0.7988449,5984.646,0.723579,0.6939403,2.500314,0.8061769,1.140662,2.563538,0.7003933,0.9141452,2.532395,0.6081691,0.8021958,2.499511,0.7674817,0.8687748,2.444386,0.8031334,0.8651685,2.428289,0.8437396,0.9400646,2.48353,0.9322193,0.8264314,2.38018,0.7981182,0.6833006,2.371751,0.7777249,0.650804,2.366487,0.6751101,0.6946306,2.490158,0.7709739,0.5153861,2.359682,0.8997073,0.487642,2.208985,0.7589979,0.6873114,2.467193,0.6135975,0.5041605,2.477404,0.7511689,0.4529659,2.341611,0.8336086,1.015435,2.580271
72057594037937085,0,0.7988449,5984.649,0.723579,0.6939403,2.500314,0.8061769,1.140662,2.563538,0.7003933,0.9141452,2.532395,0.6081691,0.8021958,2.499511,0.7674817,0.8687748,2.444386,0.8031334,0.8651685,2.428289,0.8437396,0.9400646,2.48353,0.9322193,0.8264314,2.38018,0.7981182,0.6833006,2.371751,0.7777249,0.650804,2.366487,0.6751101,0.6946306,2.490158,0.7709739,0.5153861,2.359682,0.8997073,0.487642,2.208985,0.7589979,0.6873114,2.467193,0.6135975,0.5041605,2.477404,0.7511689,0.4529659,2.341611,0.8336086,1.015435,2.580271
72057594037937085,0,0.7988449,5984.653,0.723579,0.6939403,2.500314,0.8061769,1.140662,2.563538,0.7003933,0.9141452,2.532395,0.6081691,0.8021958,2.499511,0.7674817,0.8687748,2.444386,0.8031334,0.8651685,2.428289,0.8437396,0.9400646,2.48353,0.9322193,0.8264314,2.38018,0.7981182,0.6833006,2.371751,0.7777249,0.650804,2.366487,0.6751101,0.6946306,2.490158,0.7709739,0.5153861,2.359682,0.8997073,0.487642,2.208985,0.7589979,0.6873114,2.467193,0.6135975,0.5041605,2.477404,0.7511689,0.4529659,2.341611,0.8336086,1.015435,2.580271
72057594037937085,0,0.7988449,5984.656,0.723579,0.6939403,2.500314,0.8061769,1.140662,2.563538,0.7003933,0.9141452,2.532395,0.6081691,0.8021958,2.499511,0.7674817,0.8687748,2.444386,0.8031334,0.8651685,2.428289,0.8437396,0.9400646,2.48353,0.9322193,0.8264314,2.38018,0.7981182,0.6833006,2.371751,0.7777249,0.650804,2.366487,0.6751101,0.6946306,2.490158,0.7709739,0.5153861,2.359682,0.8997073,0.487642,2.208985,0.7589979,0.6873114,2.467193,0.6135975,0.5041605,2.477404,0.7511689,0.4529659,2.341611,0.8336086,1.015435,2.580271
72057594037937085,0,0.7988449,5984.659,0.723579,0.6939403,2.500314,0.8061769,1.140662,2.563538,0.7003933,0.9141452,2.532395,0.6081691,0.8021958,2.499511,0.7674817,0.8687748,2.444386,0.8031334,0.8651685,2.428289,0.8437396,0.9400646,2.48353,0.9322193,0.8264314,2.38018,0.7981182,0.6833006,2.371751,0.7777249,0.650804,2.366487,0.6751101,0.6946306,2.490158,0.7709739,0.5153861,2.359682,0.8997073,0.487642,2.208985,0.7589979,0.6873114,2.467193,0.6135975,0.5041605,2.477404,0.7511689,0.4529659,2.341611,0.8336086,1.015435,2.580271
72057594037937085,0,0.7988449,5984.663,0.723579,0.6939403,2.500314,0.8061769,1.140662,2.563538,0.7003933,0.9141452,2.532395,0.6081691,0.8021958,2.499511,0.7674817,0.8687748,2.444386,0.8031334,0.8651685,2.428289,0.8437396,0.9400646,2.48353,0.9322193,0.8264314,2.38018,0.7981182,0.6833006,2.371751,0.7777249,0.650804,2.366487,0.6751101,0.6946306,2.490158,0.7709739,0.5153861,2.359682,0.8997073,0.487642,2.208985,0.7589979,0.6873114,2.467193,0.6135975,0.5041605,2.477404,0.7511689,0.4529659,2.341611,0.8336086,1.015435,2.580271
72057594037937085,0,0.7988449,5984.667,0.723579,0.6939403,2.500314,0.8061769,1.140662,2.563538,0.7003933,0.9141452,2.532395,0.6081691,0.8021958,2.499511,0.7674817,0.8687748,2.444386,0.8031334,0.8651685,2.428289,0.8437396,0.9400646,2.48353,0.9322193,0.8264314,2.38018,0.7981182,0.6833006,2.371751,0.7777249,0.650804,2.366487,0.6751101,0.6946306,2.490158,0.7709739,0.5153861,2.359682,0.8997073,0.487642,2.208985,0.7589979,0.6873114,2.467193,0.6135975,0.5041605,2.477404,0.7511689,0.4529659,2.341611,0.8336086,1.015435,2.580271
72057594037937085,0,0.7911586,5984.67,0.7159004,0.6914613,2.504258,0.7963017,1.148277,2.557894,0.6960453,0.9094798,2.533876,0.599857,0.800679,2.502108,0.7663485,0.8676469,2.445401,0.8009347,0.8649565,2.424961,0.8371981,0.9379823,2.479497,0.932539,0.8246431,2.379444,0.7921541,0.6877046,2.378227,0.7435676,0.6078894,2.372449,0.6696184,0.6932222,2.492918,0.788279,0.5394622,2.349014,0.898576,0.5667544,2.183593,0.7496624,0.6839708,2.47121,0.6072709,0.4976867,2.473641,0.7362376,0.4163942,2.344175,0.8182247,1.02088,2.580406
72057594037937085,0,0.7911586,5984.673,0.7159004,0.6914613,2.504258,0.7963017,1.148277,2.557894,0.6960453,0.9094798,2.533876,0.599857,0.800679,2.502108,0.7663485,0.8676469,2.445401,0.8009347,0.8649565,2.424961,0.8371981,0.9379823,2.479497,0.932539,0.8246431,2.379444,0.7921541,0.6877046,2.378227,0.7435676,0.6078894,2.372449,0.6696184,0.6932222,2.492918,0.788279,0.5394622,2.349014,0.898576,0.5667544,2.183593,0.7496624,0.6839708,2.47121,0.6072709,0.4976867,2.473641,0.7362376,0.4163942,2.344175,0.8182247,1.02088,2.580406
72057594037937085,0,0.7911586,5984.675,0.7159004,0.6914613,2.504258,0.7963017,1.148277,2.557894,0.6960453,0.9094798,2.533876,0.599857,0.800679,2.502108,0.7663485,0.8676469,2.445401,0.8009347,0.8649565,2.424961,0.8371981,0.9379823,2.479497,0.932539,0.8246431,2.379444,0.7921541,0.6877046,2.378227,0.7435676,0.6078894,2.372449,0.6696184,0.6932222,2.492918,0.788279,0.5394622,2.349014,0.898576,0.5667544,2.183593,0.7496624,0.6839708,2.47121,0.6072709,0.4976867,2.473641,0.7362376,0.4163942,2.344175,0.8182247,1.02088,2.580406
72057594037937085,0,0.7911586,5984.678,0.7159004,0.6914613,2.504258,0.7963017,1.148277,2.557894,0.6960453,0.9094798,2.533876,0.599857,0.800679,2.502108,0.7663485,0.8676469,2.445401,0.8009347,0.8649565,2.424961,0.8371981,0.9379823,2.479497,0.932539,0.8246431,2.379444,0.7921541,0.6877046,2.378227,0.7435676,0.6078894,2.372449,0.6696184,0.6932222,2.492918,0.788279,0.5394622,2.349014,0.898576,0.5667544,2.183593,0.7496624,0.6839708,2.47121,0.6072709,0.4976867,2.473641,0.7362376,0.4163942,2.344175,0.8182247,1.02088,2.580406
72057594037937085,0,0.7911586,5984.682,0.7159004,0.6914613,2.504258,0.7963017,1.148277,2.557894,0.6960453,0.9094798,2.533876,0.599857,0.800679,2.502108,0.7663485,0.8676469,2.445401,0.8009347,0.8649565,2.424961,0.8371981,0.9379823,2.479497,0.932539,0.8246431,2.379444,0.7921541,0.6877046,2.378227,0.7435676,0.6078894,2.372449,0.6696184,0.6932222,2.492918,0.788279,0.5394622,2.349014,0.898576,0.5667544,2.183593,0.7496624,0.6839708,2.47121,0.6072709,0.4976867,2.473641,0.7362376,0.4163942,2.344175,0.8182247,1.02088,2.580406
72057594037937085,0,0.7911586,5984.685,0.7159004,0.6914613,2.504258,0.7963017,1.148277,2.557894,0.6960453,0.9094798,2.533876,0.599857,0.800679,2.502108,0.7663485,0.8676469,2.445401,0.8009347,0.8649565,2.424961,0.8371981,0.9379823,2.479497,0.932539,0.8246431,2.379444,0.7921541,0.6877046,2.378227,0.7435676,0.6078894,2.372449,0.6696184,0.6932222,2.492918,0.788279,0.5394622,2.349014,0.898576,0.5667544,2.183593,0.7496624,0.6839708,2.47121,0.6072709,0.4976867,2.473641,0.7362376,0.4163942,2.344175,0.8182247,1.02088,2.580406
72057594037937085,0,0.7911586,5984.688,0.7159004,0.6914613,2.504258,0.7963017,1.148277,2.557894,0.6960453,0.9094798,2.533876,0.599857,0.800679,2.502108,0.7663485,0.8676469,2.445401,0.8009347,0.8649565,2.424961,0.8371981,0.9379823,2.479497,0.932539,0.8246431,2.379444,0.7921541,0.6877046,2.378227,0.7435676,0.6078894,2.372449,0.6696184,0.6932222,2.492918,0.788279,0.5394622,2.349014,0.898576,0.5667544,2.183593,0.7496624,0.6839708,2.47121,0.6072709,0.4976867,2.473641,0.7362376,0.4163942,2.344175,0.8182247,1.02088,2.580406
72057594037937085,0,0.7911586,5984.69,0.7159004,0.6914613,2.504258,0.7963017,1.148277,2.557894,0.6960453,0.9094798,2.533876,0.599857,0.800679,2.502108,0.7663485,0.8676469,2.445401,0.8009347,0.8649565,2.424961,0.8371981,0.9379823,2.479497,0.932539,0.8246431,2.379444,0.7921541,0.6877046,2.378227,0.7435676,0.6078894,2.372449,0.6696184,0.6932222,2.492918,0.788279,0.5394622,2.349014,0.898576,0.5667544,2.183593,0.7496624,0.6839708,2.47121,0.6072709,0.4976867,2.473641,0.7362376,0.4163942,2.344175,0.8182247,1.02088,2.580406
72057594037937085,0,0.7911586,5984.693,0.7159004,0.6914613,2.504258,0.7963017,1.148277,2.557894,0.6960453,0.9094798,2.533876,0.599857,0.800679,2.502108,0.7663485,0.8676469,2.445401,0.8009347,0.8649565,2.424961,0.8371981,0.9379823,2.479497,0.932539,0.8246431,2.379444,0.7921541,0.6877046,2.378227,0.7435676,0.6078894,2.372449,0.6696184,0.6932222,2.492918,0.788279,0.5394622,2.349014,0.898576,0.5667544,2.183593,0.7496624,0.6839708,2.47121,0.6072709,0.4976867,2.473641,0.7362376,0.4163942,2.344175,0.8182247,1.02088,2.580406
72057594037937085,0,0.7911586,5984.697,0.7159004,0.6914613,2.504258,0.7963017,1.148277,2.557894,0.6960453,0.9094798,2.533876,0.599857,0.800679,2.502108,0.7663485,0.8676469,2.445401,0.8009347,0.8649565,2.424961,0.8371981,0.9379823,2.479497,0.932539,0.8246431,2.379444,0.7921541,0.6877046,2.378227,0.7435676,0.6078894,2.372449,0.6696184,0.6932222,2.492918,0.788279,0.5394622,2.349014,0.898576,0.5667544,2.183593,0.7496624,0.6839708,2.47121,0.6072709,0.4976867,2.473641,0.7362376,0.4163942,2.344175,0.8182247,1.02088,2.580406
72057594037937085,0,0.7911586,5984.699,0.7159004,0.6914613,2.504258,0.7963017,1.148277,2.557894,0.6960453,0.9094798,2.533876,0.599857,0.800679,2.502108,0.7663485,0.8676469,2.445401,0.8009347,0.8649565,2.424961,0.8371981,0.9379823,2.479497,0.932539,0.8246431,2.379444,0.7921541,0.6877046,2.378227,0.7435676,0.6078894,2.372449,0.6696184,0.6932222,2.492918,0.788279,0.5394622,2.349014,0.898576,0.5667544,2.183593,0.7496624,0.6839708,2.47121,0.6072709,0.4976867,2.473641,0.7362376,0.4163942,2.344175,0.8182247,1.02088,2.580406
72057594037937085,0,0.7884745,5984.702,0.7139476,0.6916861,2.507085,0.794471,1.147527,2.561213,0.6959369,0.9094586,2.533962,0.5951397,0.8034757,2.510431,0.7669184,0.8663368,2.446217,0.8006026,0.8600439,2.4228,0.8493666,0.9238297,2.465296,0.9324343,0.8235019,2.378975,0.7932525,0.6852968,2.376021,0.7474167,0.6105075,2.375068,0.6681634,0.6940148,2.493879,0.7783961,0.5268261,2.359938,0.8980179,0.4283425,2.23367,0.74714,0.6832587,2.476604,0.6126359,0.4913376,2.476134,0.7462421,0.4428257,2.334843,0.8185708,1.020161,2.581123
72057594037937085,0,0.7884745,5984.706,0.7139476,0.6916861,2.507085,0.794471,1.147527,2.561213,0.6959369,0.9094586,2.533962,0.5951397,0.8034757,2.510431,0.7669184,0.8663368,2.446217,0.8006026,0.8600439,2.4228,0.8493666,0.9238297,2.465296,0.9324343,0.8235019,2.378975,0.7932525,0.6852968,2.376021,0.7474167,0.6105075,2.375068,0.6681634,0.6940148,2.493879,0.7783961,0.5268261,2.359938,0.8980179,0.4283425,2.23367,0.74714,0.6832587,2.476604,0.6126359,0.4913376,2.476134,0.7462421,0.4428257,2.334843,0.8185708,1.020161,2.581123
72057594037937085,0,0.7884745,5984.708,0.7139476,0.6916861,2.507085,0.794471,1.147527,2.561213,0.6959369,0.9094586,2.533962,0.5951397,0.8034757,2.510431,0.7669184,0.8663368,2.446217,0.8006026,0.8600439,2.4228,0.8493666,0.9238297,2.465296,0.9324343,0.8235019,2.378975,0.7932525,0.6852968,2.376021,0.7474167,0.6105075,2.375068,0.6681634,0.6940148,2.493879,0.7783961,0.5268261,2.359938,0.8980179,0.4283425,2.23367,0.74714,0.6832587,2.476604,0.6126359,0.4913376,2.476134,0.7462421,0.4428257,2.334843,0.8185708,1.020161,2.581123
72057594037937085,0,0.7884745,5984.711,0.7139476,0.6916861,2.507085,0.794471,1.147527,2.561213,0.6959369,0.9094586,2.533962,0.5951397,0.8034757,2.510431,0.7669184,0.8663368,2.446217,0.8006026,0.8600439,2.4228,0.8493666,0.9238297,2.465296,0.9324343,0.8235019,2.378975,0.7932525,0.6852968,2.376021,0.7474167,0.6105075,2.375068,0.6681634,0.6940148,2.493879,0.7783961,0.5268261,2.359938,0.8980179,0.4283425,2.23367,0.74714,0.6832587,2.476604,0.6126359,0.4913376,2.476134,0.7462421,0.4428257,2.334843,0.8185708,1.020161,2.581123
72057594037937085,0,0.7884745,5984.714,0.7139476,0.6916861,2.507085,0.794471,1.147527,2.561213,0.6959369,0.9094586,2.533962,0.5951397,0.8034757,2.510431,0.7669184,0.8663368,2.446217,0.8006026,0.8600439,2.4228,0.8493666,0.9238297,2.465296,0.9324343,0.8235019,2.378975,0.7932525,0.6852968,2.376021,0.7474167,0.6105075,2.375068,0.6681634,0.6940148,2.493879,0.7783961,0.5268261,2.359938,0.8980179,0.4283425,2.23367,0.74714,0.6832587,2.476604,0.6126359,0.4913376,2.476134,0.7462421,0.4428257,2.334843,0.8185708,1.020161,2.581123
72057594037937085,0,0.7884745,5984.717,0.7139476,0.6916861,2.507085,0.794471,1.147527,2.561213,0.6959369,0.9094586,2.533962,0.5951397,0.8034757,2.510431,0.7669184,0.8663368,2.446217,0.8006026,0.8600439,2.4228,0.8493666,0.9238297,2.465296,0.9324343,0.8235019,2.378975,0.7932525,0.6852968,2.376021,0.7474167,0.6105075,2.375068,0.6681634,0.6940148,2.493879,0.7783961,0.5268261,2.359938,0.8980179,0.4283425,2.23367,0.74714,0.6832587,2.476604,0.6126359,0.4913376,2.476134,0.7462421,0.4428257,2.334843,0.8185708,1.020161,2.581123
72057594037937085,0,0.7884745,5984.721,0.7139476,0.6916861,2.507085,0.794471,1.147527,2.561213,0.6959369,0.9094586,2.533962,0.5951397,0.8034757,2.510431,0.7669184,0.8663368,2.446217,0.8006026,0.8600439,2.4228,0.8493666,0.9238297,2.465296,0.9324343,0.8235019,2.378975,0.7932525,0.6852968,2.376021,0.7474167,0.6105075,2.375068,0.6681634,0.6940148,2.493879,0.7783961,0.5268261,2.359938,0.8980179,0.4283425,2.23367,0.74714,0.6832587,2.476604,0.6126359,0.4913376,2.476134,0.7462421,0.4428257,2.334843,0.8185708,1.020161,2.581123
72057594037937085,0,0.7884745,5984.724,0.7139476,0.6916861,2.507085,0.794471,1.147527,2.561213,0.6959369,0.9094586,2.533962,0.5951397,0.8034757,2.510431,0.7669184,0.8663368,2.446217,0.8006026,0.8600439,2.4228,0.8493666,0.9238297,2.465296,0.9324343,0.8235019,2.378975,0.7932525,0.6852968,2.376021,0.7474167,0.6105075,2.375068,0.6681634,0.6940148,2.493879,0.7783961,0.5268261,2.359938,0.8980179,0.4283425,2.23367,0.74714,0.6832587,2.476604,0.6126359,0.4913376,2.476134,0.7462421,0.4428257,2.334843,0.8185708,1.020161,2.581123
72057594037937085,0,0.7884745,5984.727,0.7139476,0.6916861,2.507085,0.794471,1.147527,2.561213,0.6959369,0.9094586,2.533962,0.5951397,0.8034757,2.510431,0.7669184,0.8663368,2.446217,0.8006026,0.8600439,2.4228,0.8493666,0.9238297,2.465296,0.9324343,0.8235019,2.378975,0.7932525,0.6852968,2.376021,0.7474167,0.6105075,2.375068,0.6681634,0.6940148,2.493879,0.7783961,0.5268261,2.359938,0.8980179,0.4283425,2.23367,0.74714,0.6832587,2.476604,0.6126359,0.4913376,2.476134,0.7462421,0.4428257,2.334843,0.8185708,1.020161,2.581123
72057594037937085,0,0.7884745,5984.73,0.7139476,0.6916861,2.507085,0.794471,1.147527,2.561213,0.6959369,0.9094586,2.533962,0.5951397,0.8034757,2.510431,0.7669184,0.8663368,2.446217,0.8006026,0.8600439,2.4228,0.8493666,0.9238297,2.465296,0.9324343,0.8235019,2.378975,0.7932525,0.6852968,2.376021,0.7474167,0.6105075,2.375068,0.6681634,0.6940148,2.493879,0.7783961,0.5268261,2.359938,0.8980179,0.4283425,2.23367,0.74714,0.6832587,2.476604,0.6126359,0.4913376,2.476134,0.7462421,0.4428257,2.334843,0.8185708,1.020161,2.581123
72057594037937085,0,0.7884745,5984.733,0.7139476,0.6916861,2.507085,0.794471,1.147527,2.561213,0.6959369,0.9094586,2.533962,0.5951397,0.8034757,2.510431,0.7669184,0.8663368,2.446217,0.8006026,0.8600439,2.4228,0.8493666,0.9238297,2.465296,0.9324343,0.8235019,2.378975,0.7932525,0.6852968,2.376021,0.7474167,0.6105075,2.375068,0.6681634,0.6940148,2.493879,0.7783961,0.5268261,2.359938,0.8980179,0.4283425,2.23367,0.74714,0.6832587,2.476604,0.6126359,0.4913376,2.476134,0.7462421,0.4428257,2.334843,0.8185708,1.020161,2.581123
72057594037937085,0,0.7883719,5984.736,0.7138612,0.6917267,2.507129,0.7933037,1.146852,2.561981,0.6954975,0.9092367,2.534228,0.5943184,0.8035994,2.510842,0.7663342,0.8665405,2.447444,0.7991667,0.8589273,2.420844,0.8774398,0.9216469,2.44934,0.9060699,0.7811927,2.371682,0.7602511,0.6504872,2.375788,0.7461927,0.612556,2.373173,0.6679562,0.6942976,2.493712,0.7558827,0.5066532,2.371666,0.8775136,0.4143977,2.242064,0.7470754,0.6832187,2.476708,0.6092367,0.4933339,2.473397,0.7449558,0.4444553,2.333944,0.8187543,1.020025,2.581174
72057594037937085,0,0.7883719,5984.739,0.7138612,0.6917267,2.507129,0.7933037,1.146852,2.561981,0.6954975,0.9092367,2.534228,0.5943184,0.8035994,2.510842,0.7663342,0.8665405,2.447444,0.7991667,0.8589273,2.420844,0.8774398,0.9216469,2.44934,0.9060699,0.7811927,2.371682,0.7602511,0.6504872,2.375788,0.7461927,0.612556,2.373173,0.6679562,0.6942976,2.493712,0.7558827,0.5066532,2.371666,0.8775136,0.4143977,2.242064,0.7470754,0.6832187,2.476708,0.6092367,0.4933339,2.473397,0.7449558,0.4444553,2.333944,0.8187543,1.020025,2.581174
72057594037937085,0,0.7883719,5984.742,0.7138612,0.6917267,2.507129,0.7933037,1.146852,2.561981,0.6954975,0.9092367,2.534228,0.5943184,0.8035994,2.510842,0.7663342,0.8665405,2.447444,0.7991667,0.8589273,2.420844,0.8774398,0.9216469,2.44934,0.9060699,0.7811927,2.371682,0.7602511,0.6504872,2.375788,0.7461927,0.612556,2.373173,0.6679562,0.6942976,2.493712,0.7558827,0.5066532,2.371666,0.8775136,0.4143977,2.242064,0.7470754,0.6832187,2.476708,0.6092367,0.4933339,2.473397,0.7449558,0.4444553,2.333944,0.8187543,1.020025,2.581174
72057594037937085,0,0.7883719,5984.745,0.7138612,0.6917267,2.507129,0.7933037,1.146852,2.561981,0.6954975,0.9092367,2.534228,0.5943184,0.8035994,2.510842,0.7663342,0.8665405,2.447444,0.7991667,0.8589273,2.420844,0.8774398,0.9216469,2.44934,0.9060699,0.7811927,2.371682,0.7602511,0.6504872,2.375788,0.7461927,0.612556,2.373173,0.6679562,0.6942976,2.493712,0.7558827,0.5066532,2.371666,0.8775136,0.4143977,2.242064,0.7470754,0.6832187,2.476708,0.6092367,0.4933339,2.473397,0.7449558,0.4444553,2.333944,0.8187543,1.020025,2.581174
72057594037937085,0,0.7883719,5984.748,0.7138612,0.6917267,2.507129,0.7933037,1.146852,2.561981,0.6954975,0.9092367,2.534228,0.5943184,0.8035994,2.510842,0.7663342,0.8665405,2.447444,0.7991667,0.8589273,2.420844,0.8774398,0.9216469,2.44934,0.9060699,0.7811927,2.371682,0.7602511,0.6504872,2.375788,0.7461927,0.612556,2.373173,0.6679562,0.6942976,2.493712,0.7558827,0.5066532,2.371666,0.8775136,0.4143977,2.242064,0.7470754,0.6832187,2.476708,0.6092367,0.4933339,2.473397,0.7449558,0.4444553,2.333944,0.8187543,1.020025,2.581174
72057594037937085,0,0.7883719,5984.751,0.7138612,0.6917267,2.507129,0.7933037,1.146852,2.561981,0.6954975,0.9092367,2.534228,0.5943184,0.8035994,2.510842,0.7663342,0.8665405,2.447444,0.7991667,0.8589273,2.420844,0.8774398,0.9216469,2.44934,0.9060699,0.7811927,2.371682,0.7602511,0.6504872,2.375788,0.7461927,0.612556,2.373173,0.6679562,0.6942976,2.493712,0.7558827,0.5066532,2.371666,0.8775136,0.4143977,2.242064,0.7470754,0.6832187,2.476708,0.6092367,0.4933339,2.473397,0.7449558,0.4444553,2.333944,0.8187543,1.020025,2.581174
72057594037937085,0,0.7883719,5984.754,0.7138612,0.6917267,2.507129,0.7933037,1.146852,2.561981,0.6954975,0.9092367,2.534228,0.5943184,0.8035994,2.510842,0.7663342,0.8665405,2.447444,0.7991667,0.8589273,2.420844,0.8774398,0.9216469,2.44934,0.9060699,0.7811927,2.371682,0.7602511,0.6504872,2.375788,0.7461927,0.612556,2.373173,0.6679562,0.6942976,2.493712,0.7558827,0.5066532,2.371666,0.8775136,0.4143977,2.242064,0.7470754,0.6832187,2.476708,0.6092367,0.4933339,2.473397,0.7449558,0.4444553,2.333944,0.8187543,1.020025,2.581174
72057594037937085,0,0.7883719,5984.757,0.7138612,0.6917267,2.507129,0.7933037,1.146852,2.561981,0.6954975,0.9092367,2.534228,0.5943184,0.8035994,2.510842,0.7663342,0.8665405,2.447444,0.7991667,0.8589273,2.420844,0.8774398,0.9216469,2.44934,0.9060699,0.7811927,2.371682,0.7602511,0.6504872,2.375788,0.7461927,0.612556,2.373173,0.6679562,0.6942976,2.493712,0.7558827,0.5066532,2.371666,0.8775136,0.4143977,2.242064,0.7470754,0.6832187,2.476708,0.6092367,0.4933339,2.473397,0.7449558,0.4444553,2.333944,0.8187543,1.020025,2.581174
72057594037937085,0,0.7883719,5984.76,0.7138612,0.6917267,2.507129,0.7933037,1.146852,2.561981,0.6954975,0.9092367,2.534228,0.5943184,0.8035994,2.510842,0.7663342,0.8665405,2.447444,0.7991667,0.8589273,2.420844,0.8774398,0.9216469,2.44934,0.9060699,0.7811927,2.371682,0.7602511,0.6504872,2.375788,0.7461927,0.612556,2.373173,0.6679562,0.6942976,2.493712,0.7558827,0.5066532,2.371666,0.8775136,0.4143977,2.242064,0.7470754,0.6832187,2.476708,0.6092367,0.4933339,2.473397,0.7449558,0.4444553,2.333944,0.8187543,1.020025,2.581174
72057594037937085,0,0.7883719,5984.763,0.7138612,0.6917267,2.507129,0.7933037,1.146852,2.561981,0.6954975,0.9092367,2.534228,0.5943184,0.8035994,2.510842,0.7663342,0.8665405,2.447444,0.7991667,0.8589273,2.420844,0.8774398,0.9216469,2.44934,0.9060699,0.7811927,2.371682,0.7602511,0.6504872,2.375788,0.7461927,0.612556,2.373173,0.6679562,0.6942976,2.493712,0.7558827,0.5066532,2.371666,0.8775136,0.4143977,2.242064,0.7470754,0.6832187,2.476708,0.6092367,0.4933339,2.473397,0.7449558,0.4444553,2.333944,0.8187543,1.020025,2.581174
72057594037937085,0,0.7883719,5984.766,0.7138612,0.6917267,2.507129,0.7933037,1.146852,2.561981,0.6954975,0.9092367,2.534228,0.5943184,0.8035994,2.510842,0.7663342,0.8665405,2.447444,0.7991667,0.8589273,2.420844,0.8774398,0.9216469,2.44934,0.9060699,0.7811927,2.371682,0.7602511,0.6504872,2.375788,0.7461927,0.612556,2.373173,0.6679562,0.6942976,2.493712,0.7558827,0.5066532,2.371666,0.8775136,0.4143977,2.242064,0.7470754,0.6832187,2.476708,0.6092367,0.4933339,2.473397,0.7449558,0.4444553,2.333944,0.8187543,1.020025,2.581174
72057594037937085,0,0.7872985,5984.769,0.7132105,0.6929578,2.507741,0.793686,1.145458,2.563478,0.6952912,0.9087045,2.533459,0.6020908,0.7970569,2.504847,0.7638794,0.8659084,2.448924,0.7987197,0.8615947,2.420305,0.8872082,0.9213706,2.443337,0.8948595,0.7362741,2.37053,0.75532,0.64548,2.37472,0.7463415,0.6105436,2.373332,0.6672202,0.6970984,2.494043,0.7540691,0.5073947,2.374483,0.8717554,0.6489081,2.299964,0.7465406,0.6835991,2.477232,0.6082801,0.4937165,2.472962,0.745499,0.4948382,2.32572,0.8196007,1.019678,2.582397
72057594037937085,0,0.7872985,5984.772,0.7132105,0.6929578,2.507741,0.793686,1.145458,2.563478,0.6952912,0.9087045,2.533459,0.6020908,0.7970569,2.504847,0.7638794,0.8659084,2.448924,0.7987197,0.8615947,2.420305,0.8872082,0.9213706,2.443337,0.8948595,0.7362741,2.37053,0.75532,0.64548,2.37472,0.7463415,0.6105436,2.373332,0.6672202,0.6970984,2.494043,0.7540691,0.5073947,2.374483,0.8717554,0.6489081,2.299964,0.7465406,0.6835991,2.477232,0.6082801,0.4937165,2.472962,0.745499,0.4948382,2.32572,0.8196007,1.019678,2.582397
72057594037937085,0,0.7872985,5984.775,0.7132105,0.6929578,2.507741,0.793686,1.145458,2.563478,0.6952912,0.9087045,2.533459,0.6020908,0.7970569,2.504847,0.7638794,0.8659084,2.448924,0.7987197,0.8615947,2.420305,0.8872082,0.9213706,2.443337,0.8948595,0.7362741,2.37053,0.75532,0.64548,2.37472,0.7463415,0.6105436,2.373332,0.6672202,0.6970984,2.494043,0.7540691,0.5073947,2.374483,0.8717554,0.6489081,2.299964,0.7465406,0.6835991,2.477232,0.6082801,0.4937165,2.472962,0.745499,0.4948382,2.32572,0.8196007,1.019678,2.582397
72057594037937085,0,0.7872985,5984.778,0.7132105,0.6929578,2.507741,0.793686,1.145458,2.563478,0.6952912,0.9087045,2.533459,0.6020908,0.7970569,2.504847,0.7638794,0.8659084,2.448924,0.7987197,0.8615947,2.420305,0.8872082,0.9213706,2.443337,0.8948595,0.7362741,2.37053,0.75532,0.64548,2.37472,0.7463415,0.6105436,2.373332,0.6672202,0.6970984,2.494043,0.7540691,0.5073947,2.374483,0.8717554,0.6489081,2.299964,0.7465406,0.6835991,2.477232,0.6082801,0.4937165,2.472962,0.745499,0.4948382,2.32572,0.8196007,1.019678,2.582397
72057594037937085,0,0.7872985,5984.78,0.7132105,0.6929578,2.507741,0.793686,1.145458,2.563478,0.6952912,0.9087045,2.533459,0.6020908,0.7970569,2.504847,0.7638794,0.8659084,2.448924,0.7987197,0.8615947,2.420305,0.8872082,0.9213706,2.443337,0.8948595,0.7362741,2.37053,0.75532,0.64548,2.37472,0.7463415,0.6105436,2.373332,0.6672202,0.6970984,2.494043,0.7540691,0.5073947,2.374483,0.8717554,0.6489081,2.299964,0.7465406,0.6835991,2.477232,0.6082801,0.4937165,2.472962,0.745499,0.4948382,2.32572,0.8196007,1.019678,2.582397
72057594037937085,0,0.7872985,5984.784,0.7132105,0.6929578,2.507741,0.793686,1.145458,2.563478,0.6952912,0.9087045,2.533459,0.6020908,0.7970569,2.504847,0.7638794,0.8659084,2.448924,0.7987197,0.8615947,2.420305,0.8872082,0.9213706,2.443337,0.8948595,0.7362741,2.37053,0.75532,0.64548,2.37472,0.7463415,0.6105436,2.373332,0.6672202,0.6970984,2.494043,0.7540691,0.5073947,2.374483,0.8717554,0.6489081,2.299964,0.7465406,0.6835991,2.477232,0.6082801,0.4937165,2.472962,0.745499,0.4948382,2.32572,0.8196007,1.019678,2.582397
72057594037937085,0,0.7872985,5984.787,0.7132105,0.6929578,2.507741,0.793686,1.145458,2.563478,0.6952912,0.9087045,2.533459,0.6020908,0.7970569,2.504847,0.7638794,0.8659084,2.448924,0.7987197,0.8615947,2.420305,0.8872082,0.9213706,2.443337,0.8948595,0.7362741,2.37053,0.75532,0.64548,2.37472,0.7463415,0.6105436,2.373332,0.6672202,0.6970984,2.494043,0.7540691,0.5073947,2.374483,0.8717554,0.6489081,2.299964,0.7465406,0.6835991,2.477232,0.6082801,0.4937165,2.472962,0.745499,0.4948382,2.32572,0.8196007,1.019678,2.582397
72057594037937085,0,0.7872985,5984.79,0.7132105,0.6929578,2.507741,0.793686,1.145458,2.563478,0.6952912,0.9087045,2.533459,0.6020908,0.7970569,2.504847,0.7638794,0.8659084,2.448924,0.7987197,0.8615947,2.420305,0.8872082,0.9213706,2.443337,0.8948595,0.7362741,2.37053,0.75532,0.64548,2.37472,0.7463415,0.6105436,2.373332,0.6672202,0.6970984,2.494043,0.7540691,0.5073947,2.374483,0.8717554,0.6489081,2.299964,0.7465406,0.6835991,2.477232,0.6082801,0.4937165,2.472962,0.745499,0.4948382,2.32572,0.8196007,1.019678,2.582397
72057594037937085,0,0.7872985,5984.793,0.7132105,0.6929578,2.507741,0.793686,1.145458,2.563478,0.6952912,0.9087045,2.533459,0.6020908,0.7970569,2.504847,0.7638794,0.8659084,2.448924,0.7987197,0.8615947,2.420305,0.8872082,0.9213706,2.443337,0.8948595,0.7362741,2.37053,0.75532,0.64548,2.37472,0.7463415,0.6105436,2.373332,0.6672202,0.6970984,2.494043,0.7540691,0.5073947,2.374483,0.8717554,0.6489081,2.299964,0.7465406,0.6835991,2.477232,0.6082801,0.4937165,2.472962,0.745499,0.4948382,2.32572,0.8196007,1.019678,2.582397
72057594037937085,0,0.7872985,5984.797,0.7132105,0.6929578,2.507741,0.793686,1.145458,2.563478,0.6952912,0.9087045,2.533459,0.6020908,0.7970569,2.504847,0.7638794,0.8659084,2.448924,0.7987197,0.8615947,2.420305,0.8872082,0.9213706,2.443337,0.8948595,0.7362741,2.37053,0.75532,0.64548,2.37472,0.7463415,0.6105436,2.373332,0.6672202,0.6970984,2.494043,0.7540691,0.5073947,2.374483,0.8717554,0.6489081,2.299964,0.7465406,0.6835991,2.477232,0.6082801,0.4937165,2.472962,0.745499,0.4948382,2.32572,0.8196007,1.019678,2.582397
72057594037937085,0,0.7865517,5984.801,0.7126467,0.6938064,2.507819,0.7935292,1.14499,2.56425,0.6942219,0.9091946,2.533939,0.6020582,0.7970757,2.504947,0.7636759,0.8662658,2.448986,0.7921608,0.8615261,2.422714,0.8916179,0.9218988,2.440937,0.8921796,0.7360746,2.370438,0.7569067,0.6454255,2.372685,0.7462974,0.6123654,2.372161,0.6665038,0.6986743,2.494365,0.7509114,0.506488,2.376754,0.8687503,0.6458762,2.296634,0.7461327,0.6839398,2.477031,0.6008774,0.4983034,2.466933,0.7421177,0.4477479,2.332392,0.8200412,1.019796,2.582949
72057594037937085,0,0.7865517,5984.804,0.7126467,0.6938064,2.507819,0.7935292,1.14499,2.56425,0.6942219,0.9091946,2.533939,0.6020582,0.7970757,2.504947,0.7636759,0.8662658,2.448986,0.7921608,0.8615261,2.422714,0.8916179,0.9218988,2.440937,0.8921796,0.7360746,2.370438,0.7569067,0.6454255,2.372685,0.7462974,0.6123654,2.372161,0.6665038,0.6986743,2.494365,0.7509114,0.506488,2.376754,0.8687503,0.6458762,2.296634,0.7461327,0.6839398,2.477031,0.6008774,0.4983034,2.466933,0.7421177,0.4477479,2.332392,0.8200412,1.019796,2.582949
72057594037937085,0,0.7865517,5984.807,0.7126467,0.6938064,2.507819,0.7935292,1.14499,2.56425,0.6942219,0.9091946,2.533939,0.6020582,0.7970757,2.504947,0.7636759,0.8662658,2.448986,0.7921608,0.8615261,2.422714,0.8916179,0.9218988,2.440937,0.8921796,0.7360746,2.370438,0.7569067,0.6454255,2.372685,0.7462974,0.6123654,2.372161,0.6665038,0.6986743,2.494365,0.7509114,0.506488,2.376754,0.8687503,0.6458762,2.296634,0.7461327,0.6839398,2.477031,0.6008774,0.4983034,2.466933,0.7421177,0.4477479,2.332392,0.8200412,1.019796,2.582949
72057594037937085,0,0.7865517,5984.81,0.7126467,0.6938064,2.507819,0.7935292,1.14499,2.56425,0.6942219,0.9091946,2.533939,0.6020582,0.7970757,2.504947,0.7636759,0.8662658,2.448986,0.7921608,0.8615261,2.422714,0.8916179,0.9218988,2.440937,0.8921796,0.7360746,2.370438,0.7569067,0.6454255,2.372685,0.7462974,0.6123654,2.372161,0.6665038,0.6986743,2.494365,0.7509114,0.506488,2.376754,0.8687503,0.6458762,2.296634,0.7461327,0.6839398,2.477031,0.6008774,0.4983034,2.466933,0.7421177,0.4477479,2.332392,0.8200412,1.019796,2.582949
72057594037937085,0,0.7865517,5984.813,0.7126467,0.6938064,2.507819,0.7935292,1.14499,2.56425,0.6942219,0.9091946,2.533939,0.6020582,0.7970757,2.504947,0.7636759,0.8662658,2.448986,0.7921608,0.8615261,2.422714,0.8916179,0.9218988,2.440937,0.8921796,0.7360746,2.370438,0.7569067,0.6454255,2.372685,0.7462974,0.6123654,2.372161,0.6665038,0.6986743,2.494365,0.7509114,0.506488,2.376754,0.8687503,0.6458762,2.296634,0.7461327,0.6839398,2.477031,0.6008774,0.4983034,2.466933,0.7421177,0.4477479,2.332392,0.8200412,1.019796,2.582949
72057594037937085,0,0.7865517,5984.815,0.7126467,0.6938064,2.507819,0.7935292,1.14499,2.56425,0.6942219,0.9091946,2.533939,0.6020582,0.7970757,2.504947,0.7636759,0.8662658,2.448986,0.7921608,0.8615261,2.422714,0.8916179,0.9218988,2.440937,0.8921796,0.7360746,2.370438,0.7569067,0.6454255,2.372685,0.7462974,0.6123654,2.372161,0.6665038,0.6986743,2.494365,0.7509114,0.506488,2.376754,0.8687503,0.6458762,2.296634,0.7461327,0.6839398,2.477031,0.6008774,0.4983034,2.466933,0.7421177,0.4477479,2.332392,0.8200412,1.019796,2.582949
72057594037937085,0,0.7865517,5984.818,0.7126467,0.6938064,2.507819,0.7935292,1.14499,2.56425,0.6942219,0.9091946,2.533939,0.6020582,0.7970757,2.504947,0.7636759,0.8662658,2.448986,0.7921608,0.8615261,2.422714,0.8916179,0.9218988,2.440937,0.8921796,0.7360746,2.370438,0.7569067,0.6454255,2.372685,0.7462974,0.6123654,2.372161,0.6665038,0.6986743,2.494365,0.7509114,0.506488,2.376754,0.8687503,0.6458762,2.296634,0.7461327,0.6839398,2.477031,0.6008774,0.4983034,2.466933,0.7421177,0.4477479,2.332392,0.8200412,1.019796,2.582949
72057594037937085,0,0.7865517,5984.821,0.7126467,0.6938064,2.507819,0.7935292,1.14499,2.56425,0.6942219,0.9091946,2.533939,0.6020582,0.7970757,2.504947,0.7636759,0.8662658,2.448986,0.7921608,0.8615261,2.422714,0.8916179,0.9218988,2.440937,0.8921796,0.7360746,2.370438,0.7569067,0.6454255,2.372685,0.7462974,0.6123654,2.372161,0.6665038,0.6986743,2.494365,0.7509114,0.506488,2.376754,0.8687503,0.6458762,2.296634,0.7461327,0.6839398,2.477031,0.6008774,0.4983034,2.466933,0.7421177,0.4477479,2.332392,0.8200412,1.019796,2.582949
72057594037937085,0,0.7865517,5984.825,0.7126467,0.6938064,2.507819,0.7935292,1.14499,2.56425,0.6942219,0.9091946,2.533939,0.6020582,0.7970757,2.504947,0.7636759,0.8662658,2.448986,0.7921608,0.8615261,2.422714,0.8916179,0.9218988,2.440937,0.8921796,0.7360746,2.370438,0.7569067,0.6454255,2.372685,0.7462974,0.6123654,2.372161,0.6665038,0.6986743,2.494365,0.7509114,0.506488,2.376754,0.8687503,0.6458762,2.296634,0.7461327,0.6839398,2.477031,0.6008774,0.4983034,2.466933,0.7421177,0.4477479,2.332392,0.8200412,1.019796,2.582949
72057594037937085,0,0.7865517,5984.828,0.7126467,0.6938064,2.507819,0.7935292,1.14499,2.56425,0.6942219,0.9091946,2.533939,0.6020582,0.7970757,2.504947,0.7636759,0.8662658,2.448986,0.7921608,0.8615261,2.422714,0.8916179,0.9218988,2.440937,0.8921796,0.7360746,2.370438,0.7569067,0.6454255,2.372685,0.7462974,0.6123654,2.372161,0.6665038,0.6986743,2.494365,0.7509114,0.506488,2.376754,0.8687503,0.6458762,2.296634,0.7461327,0.6839398,2.477031,0.6008774,0.4983034,2.466933,0.7421177,0.4477479,2.332392,0.8200412,1.019796,2.582949
72057594037937085,0,0.7865517,5984.831,0.7126467,0.6938064,2.507819,0.7935292,1.14499,2.56425,0.6942219,0.9091946,2.533939,0.6020582,0.7970757,2.504947,0.7636759,0.8662658,2.448986,0.7921608,0.8615261,2.422714,0.8916179,0.9218988,2.440937,0.8921796,0.7360746,2.370438,0.7569067,0.6454255,2.372685,0.7462974,0.6123654,2.372161,0.6665038,0.6986743,2.494365,0.7509114,0.506488,2.376754,0.8687503,0.6458762,2.296634,0.7461327,0.6839398,2.477031,0.6008774,0.4983034,2.466933,0.7421177,0.4477479,2.332392,0.8200412,1.019796,2.582949
72057594037937085,0,0.7864184,5984.834,0.712805,0.6950592,2.507766,0.7944887,1.14384,2.565896,0.6950561,0.9097072,2.533278,0.6043401,0.7969087,2.503122,0.7638146,0.8717549,2.44854,0.7902478,0.8663411,2.419928,0.8925882,0.9222414,2.439644,0.890452,0.7368283,2.368735,0.756437,0.6458677,2.371577,0.7449732,0.610177,2.369234,0.6667694,0.6999443,2.493833,0.7513962,0.5071414,2.37708,0.8520391,0.6678849,2.31565,0.7462295,0.6851302,2.477232,0.6007558,0.4993185,2.466727,0.7392679,0.4342116,2.334884,0.8212905,1.019407,2.584187
72057594037937085,0,0.7864184,5984.837,0.712805,0.6950592,2.507766,0.7944887,1.14384,2.565896,0.6950561,0.9097072,2.533278,0.6043401,0.7969087,2.503122,0.7638146,0.8717549,2.44854,0.7902478,0.8663411,2.419928,0.8925882,0.9222414,2.439644,0.890452,0.7368283,2.368735,0.756437,0.6458677,2.371577,0.7449732,0.610177,2.369234,0.6667694,0.6999443,2.493833,0.7513962,0.5071414,2.37708,0.8520391,0.6678849,2.31565,0.7462295,0.6851302,2.477232,0.6007558,0.4993185,2.466727,0.7392679,0.4342116,2.334884,0.8212905,1.019407,2.584187
72057594037937085,0,0.7864184,5984.84,0.712805,0.6950592,2.507766,0.7944887,1.14384,2.565896,0.6950561,0.9097072,2.533278,0.6043401,0.7969087,2.503122,0.7638146,0.8717549,2.44854,0.7902478,0.8663411,2.419928,0.8925882,0.9222414,2.439644,0.890452,0.7368283,2.368735,0.756437,0.6458677,2.371577,0.7449732,0.610177,2.369234,0.6667694,0.6999443,2.493833,0.7513962,0.5071414,2.37708,0.8520391,0.6678849,2.31565,0.7462295,0.6851302,2.477232,0.6007558,0.4993185,2.466727,0.7392679,0.4342116,2.334884,0.8212905,1.019407,2.584187
72057594037937085,0,0.7864184,5984.843,0.712805,0.6950592,2.507766,0.7944887,1.14384,2.565896,0.6950561,0.9097072,2.533278,0.6043401,0.7969087,2.503122,0.7638146,0.8717549,2.44854,0.7902478,0.8663411,2.419928,0.8925882,0.9222414,2.439644,0.890452,0.7368283,2.368735,0.756437,0.6458677,2.371577,0.7449732,0.610177,2.369234,0.6667694,0.6999443,2.493833,0.7513962,0.5071414,2.37708,0.8520391,0.6678849,2.31565,0.7462295,0.6851302,2.477232,0.6007558,0.4993185,2.466727,0.7392679,0.4342116,2.334884,0.8212905,1.019407,2.584187
72057594037937085,0,0.7864184,5984.846,0.712805,0.6950592,2.507766,0.7944887,1.14384,2.565896,0.6950561,0.9097072,2.533278,0.6043401,0.7969087,2.503122,0.7638146,0.8717549,2.44854,0.7902478,0.8663411,2.419928,0.8925882,0.9222414,2.439644,0.890452,0.7368283,2.368735,0.756437,0.6458677,2.371577,0.7449732,0.610177,2.369234,0.6667694,0.6999443,2.493833,0.7513962,0.5071414,2.37708,0.8520391,0.6678849,2.31565,0.7462295,0.6851302,2.477232,0.6007558,0.4993185,2.466727,0.7392679,0.4342116,2.334884,0.8212905,1.019407,2.584187
72057594037937085,0,0.7864184,5984.849,0.712805,0.6950592,2.507766,0.7944887,1.14384,2.565896,0.6950561,0.9097072,2.533278,0.6043401,0.7969087,2.503122,0.7638146,0.8717549,2.44854,0.7902478,0.8663411,2.419928,0.8925882,0.9222414,2.439644,0.890452,0.7368283,2.368735,0.756437,0.6458677,2.371577,0.7449732,0.610177,2.369234,0.6667694,0.6999443,2.493833,0.7513962,0.5071414,2.37708,0.8520391,0.6678849,2.31565,0.7462295,0.6851302,2.477232,0.6007558,0.4993185,2.466727,0.7392679,0.4342116,2.334884,0.8212905,1.019407,2.584187
72057594037937085,0,0.7864184,5984.852,0.712805,0.6950592,2.507766,0.7944887,1.14384,2.565896,0.6950561,0.9097072,2.533278,0.6043401,0.7969087,2.503122,0.7638146,0.8717549,2.44854,0.7902478,0.8663411,2.419928,0.8925882,0.9222414,2.439644,0.890452,0.7368283,2.368735,0.756437,0.6458677,2.371577,0.7449732,0.610177,2.369234,0.6667694,0.6999443,2.493833,0.7513962,0.5071414,2.37708,0.8520391,0.6678849,2.31565,0.7462295,0.6851302,2.477232,0.6007558,0.4993185,2.466727,0.7392679,0.4342116,2.334884,0.8212905,1.019407,2.584187
72057594037937085,0,0.7864184,5984.855,0.712805,0.6950592,2.507766,0.7944887,1.14384,2.565896,0.6950561,0.9097072,2.533278,0.6043401,0.7969087,2.503122,0.7638146,0.8717549,2.44854,0.7902478,0.8663411,2.419928,0.8925882,0.9222414,2.439644,0.890452,0.7368283,2.368735,0.756437,0.6458677,2.371577,0.7449732,0.610177,2.369234,0.6667694,0.6999443,2.493833,0.7513962,0.5071414,2.37708,0.8520391,0.6678849,2.31565,0.7462295,0.6851302,2.477232,0.6007558,0.4993185,2.466727,0.7392679,0.4342116,2.334884,0.8212905,1.019407,2.584187
72057594037937085,0,0.7864184,5984.858,0.712805,0.6950592,2.507766,0.7944887,1.14384,2.565896,0.6950561,0.9097072,2.533278,0.6043401,0.7969087,2.503122,0.7638146,0.8717549,2.44854,0.7902478,0.8663411,2.419928,0.8925882,0.9222414,2.439644,0.890452,0.7368283,2.368735,0.756437,0.6458677,2.371577,0.7449732,0.610177,2.369234,0.6667694,0.6999443,2.493833,0.7513962,0.5071414,2.37708,0.8520391,0.6678849,2.31565,0.7462295,0.6851302,2.477232,0.6007558,0.4993185,2.466727,0.7392679,0.4342116,2.334884,0.8212905,1.019407,2.584187
72057594037937085,0,0.7864184,5984.861,0.712805,0.6950592,2.507766,0.7944887,1.14384,2.565896,0.6950561,0.9097072,2.533278,0.6043401,0.7969087,2.503122,0.7638146,0.8717549,2.44854,0.7902478,0.8663411,2.419928,0.8925882,0.9222414,2.439644,0.890452,0.7368283,2.368735,0.756437,0.6458677,2.371577,0.7449732,0.610177,2.369234,0.6667694,0.6999443,2.493833,0.7513962,0.5071414,2.37708,0.8520391,0.6678849,2.31565,0.7462295,0.6851302,2.477232,0.6007558,0.4993185,2.466727,0.7392679,0.4342116,2.334884,0.8212905,1.019407,2.584187
72057594037937085,0,0.7864184,5984.864,0.712805,0.6950592,2.507766,0.7944887,1.14384,2.565896,0.6950561,0.9097072,2.533278,0.6043401,0.7969087,2.503122,0.7638146,0.8717549,2.44854,0.7902478,0.8663411,2.419928,0.8925882,0.9222414,2.439644,0.890452,0.7368283,2.368735,0.756437,0.6458677,2.371577,0.7449732,0.610177,2.369234,0.6667694,0.6999443,2.493833,0.7513962,0.5071414,2.37708,0.8520391,0.6678849,2.31565,0.7462295,0.6851302,2.477232,0.6007558,0.4993185,2.466727,0.7392679,0.4342116,2.334884,0.8212905,1.019407,2.584187
72057594037937085,0,0.7863442,5984.868,0.7128417,0.6960117,2.507368,0.7946095,1.143857,2.566069,0.6947082,0.9099303,2.532892,0.6060311,0.7961353,2.50145,0.7644638,0.8745053,2.448325,0.7941808,0.87122,2.423766,0.888438,0.9153385,2.436002,0.8933851,0.733637,2.367124,0.7598181,0.6779101,2.364913,0.7548434,0.639117,2.370304,0.6666772,0.7006767,2.49371,0.7510043,0.507218,2.377524,0.8518206,0.6664239,2.310359,0.746484,0.6863296,2.476246,0.6091595,0.4946071,2.468497,0.7475237,0.4500127,2.327205,0.8213119,1.019357,2.584251
72057594037937085,0,0.7863442,5984.871,0.7128417,0.6960117,2.507368,0.7946095,1.143857,2.566069,0.6947082,0.9099303,2.532892,0.6060311,0.7961353,2.50145,0.7644638,0.8745053,2.448325,0.7941808,0.87122,2.423766,0.888438,0.9153385,2.436002,0.8933851,0.733637,2.367124,0.7598181,0.6779101,2.364913,0.7548434,0.639117,2.370304,0.6666772,0.7006767,2.49371,0.7510043,0.507218,2.377524,0.8518206,0.6664239,2.310359,0.746484,0.6863296,2.476246,0.6091595,0.4946071,2.468497,0.7475237,0.4500127,2.327205,0.8213119,1.019357,2.584251
72057594037937085,0,0.7863442,5984.874,0.7128417,0.6960117,2.507368,0.7946095,1.143857,2.566069,0.6947082,0.9099303,2.532892,0.6060311,0.7961353,2.50145,0.7644638,0.8745053,2.448325,0.7941808,0.87122,2.423766,0.888438,0.9153385,2.436002,0.8933851,0.733637,2.367124,0.7598181,0.6779101,2.364913,0.7548434,0.639117,2.370304,0.6666772,0.7006767,2.49371,0.7510043,0.507218,2.377524,0.8518206,0.6664239,2.310359,0.746484,0.6863296,2.476246,0.6091595,0.4946071,2.468497,0.7475237,0.4500127,2.327205,0.8213119,1.019357,2.584251
72057594037937085,0,0.7863442,5984.877,0.7128417,0.6960117,2.507368,0.7946095,1.143857,2.566069,0.6947082,0.9099303,2.532892,0.6060311,0.7961353,2.50145,0.7644638,0.8745053,2.448325,0.7941808,0.87122,2.423766,0.888438,0.9153385,2.436002,0.8933851,0.733637,2.367124,0.7598181,0.6779101,2.364913,0.7548434,0.639117,2.370304,0.6666772,0.7006767,2.49371,0.7510043,0.507218,2.377524,0.8518206,0.6664239,2.310359,0.746484,0.6863296,2.476246,0.6091595,0.4946071,2.468497,0.7475237,0.4500127,2.327205,0.8213119,1.019357,2.584251
72057594037937085,0,0.7863442,5984.88,0.7128417,0.6960117,2.507368,0.7946095,1.143857,2.566069,0.6947082,0.9099303,2.532892,0.6060311,0.7961353,2.50145,0.7644638,0.8745053,2.448325,0.7941808,0.87122,2.423766,0.888438,0.9153385,2.436002,0.8933851,0.733637,2.367124,0.7598181,0.6779101,2.364913,0.7548434,0.639117,2.370304,0.6666772,0.7006767,2.49371,0.7510043,0.507218,2.377524,0.8518206,0.6664239,2.310359,0.746484,0.6863296,2.476246,0.6091595,0.4946071,2.468497,0.7475237,0.4500127,2.327205,0.8213119,1.019357,2.584251
72057594037937085,0,0.7863442,5984.884,0.7128417,0.6960117,2.507368,0.7946095,1.143857,2.566069,0.6947082,0.9099303,2.532892,0.6060311,0.7961353,2.50145,0.7644638,0.8745053,2.448325,0.7941808,0.87122,2.423766,0.888438,0.9153385,2.436002,0.8933851,0.733637,2.367124,0.7598181,0.6779101,2.364913,0.7548434,0.639117,2.370304,0.6666772,0.7006767,2.49371,0.7510043,0.507218,2.377524,0.8518206,0.6664239,2.310359,0.746484,0.6863296,2.476246,0.6091595,0.4946071,2.468497,0.7475237,0.4500127,2.327205,0.8213119,1.019357,2.584251
72057594037937085,0,0.7863442,5984.887,0.7128417,0.6960117,2.507368,0.7946095,1.143857,2.566069,0.6947082,0.9099303,2.532892,0.6060311,0.7961353,2.50145,0.7644638,0.8745053,2.448325,0.7941808,0.87122,2.423766,0.888438,0.9153385,2.436002,0.8933851,0.733637,2.367124,0.7598181,0.6779101,2.364913,0.7548434,0.639117,2.370304,0.6666772,0.7006767,2.49371,0.7510043,0.507218,2.377524,0.8518206,0.6664239,2.310359,0.746484,0.6863296,2.476246,0.6091595,0.4946071,2.468497,0.7475237,0.4500127,2.327205,0.8213119,1.019357,2.584251
72057594037937085,0,0.7863442,5984.89,0.7128417,0.6960117,2.507368,0.7946095,1.143857,2.566069,0.6947082,0.9099303,2.532892,0.6060311,0.7961353,2.50145,0.7644638,0.8745053,2.448325,0.7941808,0.87122,2.423766,0.888438,0.9153385,2.436002,0.8933851,0.733637,2.367124,0.7598181,0.6779101,2.364913,0.7548434,0.639117,2.370304,0.6666772,0.7006767,2.49371,0.7510043,0.507218,2.377524,0.8518206,0.6664239,2.310359,0.746484,0.6863296,2.476246,0.6091595,0.4946071,2.468497,0.7475237,0.4500127,2.327205,0.8213119,1.019357,2.584251
72057594037937085,0,0.7863442,5984.893,0.7128417,0.6960117,2.507368,0.7946095,1.143857,2.566069,0.6947082,0.9099303,2.532892,0.6060311,0.7961353,2.50145,0.7644638,0.8745053,2.448325,0.7941808,0.87122,2.423766,0.888438,0.9153385,2.436002,0.8933851,0.733637,2.367124,0.7598181,0.6779101,2.364913,0.7548434,0.639117,2.370304,0.6666772,0.7006767,2.49371,0.7510043,0.507218,2.377524,0.8518206,0.6664239,2.310359,0.746484,0.6863296,2.476246,0.6091595,0.4946071,2.468497,0.7475237,0.4500127,2.327205,0.8213119,1.019357,2.584251
72057594037937085,0,0.7863442,5984.896,0.7128417,0.6960117,2.507368,0.7946095,1.143857,2.566069,0.6947082,0.9099303,2.532892,0.6060311,0.7961353,2.50145,0.7644638,0.8745053,2.448325,0.7941808,0.87122,2.423766,0.888438,0.9153385,2.436002,0.8933851,0.733637,2.367124,0.7598181,0.6779101,2.364913,0.7548434,0.639117,2.370304,0.6666772,0.7006767,2.49371,0.7510043,0.507218,2.377524,0.8518206,0.6664239,2.310359,0.746484,0.6863296,2.476246,0.6091595,0.4946071,2.468497,0.7475237,0.4500127,2.327205,0.8213119,1.019357,2.584251
72057594037937085,0,0.7863442,5984.9,0.7128417,0.6960117,2.507368,0.7946095,1.143857,2.566069,0.6947082,0.9099303,2.532892,0.6060311,0.7961353,2.50145,0.7644638,0.8745053,2.448325,0.7941808,0.87122,2.423766,0.888438,0.9153385,2.436002,0.8933851,0.733637,2.367124,0.7598181,0.6779101,2.364913,0.7548434,0.639117,2.370304,0.6666772,0.7006767,2.49371,0.7510043,0.507218,2.377524,0.8518206,0.6664239,2.310359,0.746484,0.6863296,2.476246,0.6091595,0.4946071,2.468497,0.7475237,0.4500127,2.327205,0.8213119,1.019357,2.584251
72057594037937085,0,0.7872826,5984.903,0.7137321,0.6969689,2.506212,0.7941072,1.142926,2.565381,0.6947971,0.9103732,2.532404,0.6068119,0.7967414,2.498209,0.7645224,0.8748781,2.448074,0.7938356,0.8695922,2.419401,0.878659,0.9272676,2.445911,0.8931779,0.7447329,2.37076,0.7676306,0.6498373,2.36225,0.7543097,0.6216402,2.362972,0.6668236,0.7009731,2.493509,0.7495785,0.5063714,2.377615,0.855915,0.659879,2.303939,0.7488179,0.6882011,2.473054,0.6051781,0.5004516,2.462611,0.7344885,0.4295583,2.32268,0.8214744,1.019406,2.584087
72057594037937085,0,0.7872826,5984.906,0.7137321,0.6969689,2.506212,0.7941072,1.142926,2.565381,0.6947971,0.9103732,2.532404,0.6068119,0.7967414,2.498209,0.7645224,0.8748781,2.448074,0.7938356,0.8695922,2.419401,0.878659,0.9272676,2.445911,0.8931779,0.7447329,2.37076,0.7676306,0.6498373,2.36225,0.7543097,0.6216402,2.362972,0.6668236,0.7009731,2.493509,0.7495785,0.5063714,2.377615,0.855915,0.659879,2.303939,0.7488179,0.6882011,2.473054,0.6051781,0.5004516,2.462611,0.7344885,0.4295583,2.32268,0.8214744,1.019406,2.584087
72057594037937085,0,0.7872826,5984.909,0.7137321,0.6969689,2.506212,0.7941072,1.142926,2.565381,0.6947971,0.9103732,2.532404,0.6068119,0.7967414,2.498209,0.7645224,0.8748781,2.448074,0.7938356,0.8695922,2.419401,0.878659,0.9272676,2.445911,0.8931779,0.7447329,2.37076,0.7676306,0.6498373,2.36225,0.7543097,0.6216402,2.362972,0.6668236,0.7009731,2.493509,0.7495785,0.5063714,2.377615,0.855915,0.659879,2.303939,0.7488179,0.6882011,2.473054,0.6051781,0.5004516,2.462611,0.7344885,0.4295583,2.32268,0.8214744,1.019406,2.584087
72057594037937085,0,0.7872826,5984.912,0.7137321,0.6969689,2.506212,0.7941072,1.142926,2.565381,0.6947971,0.9103732,2.532404,0.6068119,0.7967414,2.498209,0.7645224,0.8748781,2.448074,0.7938356,0.8695922,2.419401,0.878659,0.9272676,2.445911,0.8931779,0.7447329,2.37076,0.7676306,0.6498373,2.36225,0.7543097,0.6216402,2.362972,0.6668236,0.7009731,2.493509,0.7495785,0.5063714,2.377615,0.855915,0.659879,2.303939,0.7488179,0.6882011,2.473054,0.6051781,0.5004516,2.462611,0.7344885,0.4295583,2.32268,0.8214744,1.019406,2.584087
72057594037937085,0,0.7872826,5984.915,0.7137321,0.6969689,2.506212,0.7941072,1.142926,2.565381,0.6947971,0.9103732,2.532404,0.6068119,0.7967414,2.498209,0.7645224,0.8748781,2.448074,0.7938356,0.8695922,2.419401,0.878659,0.9272676,2.445911,0.8931779,0.7447329,2.37076,0.7676306,0.6498373,2.36225,0.7543097,0.6216402,2.362972,0.6668236,0.7009731,2.493509,0.7495785,0.5063714,2.377615,0.855915,0.659879,2.303939,0.7488179,0.6882011,2.473054,0.6051781,0.5004516,2.462611,0.7344885,0.4295583,2.32268,0.8214744,1.019406,2.584087
72057594037937085,0,0.7872826,5984.917,0.7137321,0.6969689,2.506212,0.7941072,1.142926,2.565381,0.6947971,0.9103732,2.532404,0.6068119,0.7967414,2.498209,0.7645224,0.8748781,2.448074,0.7938356,0.8695922,2.419401,0.878659,0.9272676,2.445911,0.8931779,0.7447329,2.37076,0.7676306,0.6498373,2.36225,0.7543097,0.6216402,2.362972,0.6668236,0.7009731,2.493509,0.7495785,0.5063714,2.377615,0.855915,0.659879,2.303939,0.7488179,0.6882011,2.473054,0.6051781,0.5004516,2.462611,0.7344885,0.4295583,2.32268,0.8214744,1.019406,2.584087
72057594037937085,0,0.7872826,5984.92,0.7137321,0.6969689,2.506212,0.7941072,1.142926,2.565381,0.6947971,0.9103732,2.532404,0.6068119,0.7967414,2.498209,0.7645224,0.8748781,2.448074,0.7938356,0.8695922,2.419401,0.878659,0.9272676,2.445911,0.8931779,0.7447329,2.37076,0.7676306,0.6498373,2.36225,0.7543097,0.6216402,2.362972,0.6668236,0.7009731,2.493509,0.7495785,0.5063714,2.377615,0.855915,0.659879,2.303939,0.7488179,0.6882011,2.473054,0.6051781,0.5004516,2.462611,0.7344885,0.4295583,2.32268,0.8214744,1.019406,2.584087
72057594037937085,0,0.7872826,5984.924,0.7137321,0.6969689,2.506212,0.7941072,1.142926,2.565381,0.6947971,0.9103732,2.532404,0.6068119,0.7967414,2.498209,0.7645224,0.8748781,2.448074,0.7938356,0.8695922,2.419401,0.878659,0.9272676,2.445911,0.8931779,0.7447329,2.37076,0.7676306,0.6498373,2.36225,0.7543097,0.6216402,2.362972,0.6668236,0.7009731,2.493509,0.7495785,0.5063714,2.377615,0.855915,0.659879,2.303939,0.7488179,0.6882011,2.473054,0.6051781,0.5004516,2.462611,0.7344885,0.4295583,2.32268,0.8214744,1.019406,2.584087
72057594037937085,0,0.7872826,5984.927,0.7137321,0.6969689,2.506212,0.7941072,1.142926,2.565381,0.6947971,0.9103732,2.532404,0.6068119,0.7967414,2.498209,0.7645224,0.8748781,2.448074,0.7938356,0.8695922,2.419401,0.878659,0.9272676,2.445911,0.8931779,0.7447329,2.37076,0.7676306,0.6498373,2.36225,0.7543097,0.6216402,2.362972,0.6668236,0.7009731,2.493509,0.7495785,0.5063714,2.377615,0.855915,0.659879,2.303939,0.7488179,0.6882011,2.473054,0.6051781,0.5004516,2.462611,0.7344885,0.4295583,2.32268,0.8214744,1.019406,2.584087
72057594037937085,0,0.7872826,5984.929,0.7137321,0.6969689,2.506212,0.7941072,1.142926,2.565381,0.6947971,0.9103732,2.532404,0.6068119,0.7967414,2.498209,0.7645224,0.8748781,2.448074,0.7938356,0.8695922,2.419401,0.878659,0.9272676,2.445911,0.8931779,0.7447329,2.37076,0.7676306,0.6498373,2.36225,0.7543097,0.6216402,2.362972,0.6668236,0.7009731,2.493509,0.7495785,0.5063714,2.377615,0.855915,0.659879,2.303939,0.7488179,0.6882011,2.473054,0.6051781,0.5004516,2.462611,0.7344885,0.4295583,2.32268,0.8214744,1.019406,2.584087
72057594037937085,0,0.7872826,5984.932,0.7137321,0.6969689,2.506212,0.7941072,1.142926,2.565381,0.6947971,0.9103732,2.532404,0.6068119,0.7967414,2.498209,0.7645224,0.8748781,2.448074,0.7938356,0.8695922,2.419401,0.878659,0.9272676,2.445911,0.8931779,0.7447329,2.37076,0.7676306,0.6498373,2.36225,0.7543097,0.6216402,2.362972,0.6668236,0.7009731,2.493509,0.7495785,0.5063714,2.377615,0.855915,0.659879,2.303939,0.7488179,0.6882011,2.473054,0.6051781,0.5004516,2.462611,0.7344885,0.4295583,2.32268,0.8214744,1.019406,2.584087
72057594037937085,0,0.7888953,5984.935,0.7151358,0.6969675,2.505148,0.7942819,1.142635,2.565117,0.6941847,0.9098755,2.531533,0.5961291,0.8062845,2.492521,0.7657577,0.8765821,2.447576,0.7948279,0.8718003,2.420097,0.8744515,0.9312402,2.45119,0.8943872,0.7510528,2.372273,0.7644252,0.6486281,2.36163,0.7422347,0.6150582,2.366753,0.667524,0.7002823,2.491915,0.7500521,0.5048761,2.377369,0.8565183,0.6581742,2.30238,0.7512221,0.6888274,2.47243,0.6240437,0.4894018,2.448007,0.769578,0.4477389,2.312274,0.8214995,1.019282,2.584058
72057594037937085,0,0.7888953,5984.938,0.7151358,0.6969675,2.505148,0.7942819,1.142635,2.565117,0.6941847,0.9098755,2.531533,0.5961291,0.8062845,2.492521,0.7657577,0.8765821,2.447576,0.7948279,0.8718003,2.420097,0.8744515,0.9312402,2.45119,0.8943872,0.7510528,2.372273,0.7644252,0.6486281,2.36163,0.7422347,0.6150582,2.366753,0.667524,0.7002823,2.491915,0.7500521,0.5048761,2.377369,0.8565183,0.6581742,2.30238,0.7512221,0.6888274,2.47243,0.6240437,0.4894018,2.448007,0.769578,0.4477389,2.312274,0.8214995,1.019282,2.584058
72057594037937085,0,0.7888953,5984.94,0.7151358,0.6969675,2.505148,0.7942819,1.142635,2.565117,0.6941847,0.9098755,2.531533,0.5961291,0.8062845,2.492521,0.7657577,0.8765821,2.447576,0.7948279,0.8718003,2.420097,0.8744515,0.9312402,2.45119,0.8943872,0.7510528,2.372273,0.7644252,0.6486281,2.36163,0.7422347,0.6150582,2.366753,0.667524,0.7002823,2.491915,0.7500521,0.5048761,2.377369,0.8565183,0.6581742,2.30238,0.7512221,0.6888274,2.47243,0.6240437,0.4894018,2.448007,0.769578,0.4477389,2.312274,0.8214995,1.019282,2.584058
72057594037937085,0,0.7888953,5984.944,0.7151358,0.6969675,2.505148,0.7942819,1.142635,2.565117,0.6941847,0.9098755,2.531533,0.5961291,0.8062845,2.492521,0.7657577,0.8765821,2.447576,0.7948279,0.8718003,2.420097,0.8744515,0.9312402,2.45119,0.8943872,0.7510528,2.372273,0.7644252,0.6486281,2.36163,0.7422347,0.6150582,2.366753,0.667524,0.7002823,2.491915,0.7500521,0.5048761,2.377369,0.8565183,0.6581742,2.30238,0.7512221,0.6888274,2.47243,0.6240437,0.4894018,2.448007,0.769578,0.4477389,2.312274,0.8214995,1.019282,2.584058
72057594037937085,0,0.7888953,5984.948,0.7151358,0.6969675,2.505148,0.7942819,1.142635,2.565117,0.6941847,0.9098755,2.531533,0.5961291,0.8062845,2.492521,0.7657577,0.8765821,2.447576,0.7948279,0.8718003,2.420097,0.8744515,0.9312402,2.45119,0.8943872,0.7510528,2.372273,0.7644252,0.6486281,2.36163,0.7422347,0.6150582,2.366753,0.667524,0.7002823,2.491915,0.7500521,0.5048761,2.377369,0.8565183,0.6581742,2.30238,0.7512221,0.6888274,2.47243,0.6240437,0.4894018,2.448007,0.769578,0.4477389,2.312274,0.8214995,1.019282,2.584058
72057594037937085,0,0.7888953,5984.952,0.7151358,0.6969675,2.505148,0.7942819,1.142635,2.565117,0.6941847,0.9098755,2.531533,0.5961291,0.8062845,2.492521,0.7657577,0.8765821,2.447576,0.7948279,0.8718003,2.420097,0.8744515,0.9312402,2.45119,0.8943872,0.7510528,2.372273,0.7644252,0.6486281,2.36163,0.7422347,0.6150582,2.366753,0.667524,0.7002823,2.491915,0.7500521,0.5048761,2.377369,0.8565183,0.6581742,2.30238,0.7512221,0.6888274,2.47243,0.6240437,0.4894018,2.448007,0.769578,0.4477389,2.312274,0.8214995,1.019282,2.584058
72057594037937085,0,0.7888953,5984.955,0.7151358,0.6969675,2.505148,0.7942819,1.142635,2.565117,0.6941847,0.9098755,2.531533,0.5961291,0.8062845,2.492521,0.7657577,0.8765821,2.447576,0.7948279,0.8718003,2.420097,0.8744515,0.9312402,2.45119,0.8943872,0.7510528,2.372273,0.7644252,0.6486281,2.36163,0.7422347,0.6150582,2.366753,0.667524,0.7002823,2.491915,0.7500521,0.5048761,2.377369,0.8565183,0.6581742,2.30238,0.7512221,0.6888274,2.47243,0.6240437,0.4894018,2.448007,0.769578,0.4477389,2.312274,0.8214995,1.019282,2.584058
72057594037937085,0,0.7888953,5984.957,0.7151358,0.6969675,2.505148,0.7942819,1.142635,2.565117,0.6941847,0.9098755,2.531533,0.5961291,0.8062845,2.492521,0.7657577,0.8765821,2.447576,0.7948279,0.8718003,2.420097,0.8744515,0.9312402,2.45119,0.8943872,0.7510528,2.372273,0.7644252,0.6486281,2.36163,0.7422347,0.6150582,2.366753,0.667524,0.7002823,2.491915,0.7500521,0.5048761,2.377369,0.8565183,0.6581742,2.30238,0.7512221,0.6888274,2.47243,0.6240437,0.4894018,2.448007,0.769578,0.4477389,2.312274,0.8214995,1.019282,2.584058
72057594037937085,0,0.7888953,5984.959,0.7151358,0.6969675,2.505148,0.7942819,1.142635,2.565117,0.6941847,0.9098755,2.531533,0.5961291,0.8062845,2.492521,0.7657577,0.8765821,2.447576,0.7948279,0.8718003,2.420097,0.8744515,0.9312402,2.45119,0.8943872,0.7510528,2.372273,0.7644252,0.6486281,2.36163,0.7422347,0.6150582,2.366753,0.667524,0.7002823,2.491915,0.7500521,0.5048761,2.377369,0.8565183,0.6581742,2.30238,0.7512221,0.6888274,2.47243,0.6240437,0.4894018,2.448007,0.769578,0.4477389,2.312274,0.8214995,1.019282,2.584058
72057594037937085,0,0.7888953,5984.962,0.7151358,0.6969675,2.505148,0.7942819,1.142635,2.565117,0.6941847,0.9098755,2.531533,0.5961291,0.8062845,2.492521,0.7657577,0.8765821,2.447576,0.7948279,0.8718003,2.420097,0.8744515,0.9312402,2.45119,0.8943872,0.7510528,2.372273,0.7644252,0.6486281,2.36163,0.7422347,0.6150582,2.366753,0.667524,0.7002823,2.491915,0.7500521,0.5048761,2.377369,0.8565183,0.6581742,2.30238,0.7512221,0.6888274,2.47243,0.6240437,0.4894018,2.448007,0.769578,0.4477389,2.312274,0.8214995,1.019282,2.584058
72057594037937085,0,0.7888953,5984.965,0.7151358,0.6969675,2.505148,0.7942819,1.142635,2.565117,0.6941847,0.9098755,2.531533,0.5961291,0.8062845,2.492521,0.7657577,0.8765821,2.447576,0.7948279,0.8718003,2.420097,0.8744515,0.9312402,2.45119,0.8943872,0.7510528,2.372273,0.7644252,0.6486281,2.36163,0.7422347,0.6150582,2.366753,0.667524,0.7002823,2.491915,0.7500521,0.5048761,2.377369,0.8565183,0.6581742,2.30238,0.7512221,0.6888274,2.47243,0.6240437,0.4894018,2.448007,0.769578,0.4477389,2.312274,0.8214995,1.019282,2.584058
72057594037937085,0,0.7914574,5984.968,0.7163783,0.6978651,2.499654,0.7952911,1.142205,2.564045,0.6936224,0.9108982,2.531239,0.5961206,0.8078773,2.489715,0.7685697,0.8728989,2.441495,0.8003723,0.8679307,2.409839,0.8714529,0.9265108,2.447413,0.8950541,0.7465631,2.370143,0.7629302,0.6538045,2.361055,0.7464154,0.6240762,2.361411,0.6689415,0.7017097,2.482189,0.7790456,0.5281137,2.355857,0.674298,0.6821356,2.424121,0.7518901,0.6891164,2.470226,0.6093268,0.4999295,2.445613,0.7599128,0.4212799,2.33465,0.8218377,1.019373,2.583878
72057594037937085,0,0.7914574,5984.971,0.7163783,0.6978651,2.499654,0.7952911,1.142205,2.564045,0.6936224,0.9108982,2.531239,0.5961206,0.8078773,2.489715,0.7685697,0.8728989,2.441495,0.8003723,0.8679307,2.409839,0.8714529,0.9265108,2.447413,0.8950541,0.7465631,2.370143,0.7629302,0.6538045,2.361055,0.7464154,0.6240762,2.361411,0.6689415,0.7017097,2.482189,0.7790456,0.5281137,2.355857,0.674298,0.6821356,2.424121,0.7518901,0.6891164,2.470226,0.6093268,0.4999295,2.445613,0.7599128,0.4212799,2.33465,0.8218377,1.019373,2.583878
72057594037937085,0,0.7914574,5984.974,0.7163783,0.6978651,2.499654,0.7952911,1.142205,2.564045,0.6936224,0.9108982,2.531239,0.5961206,0.8078773,2.489715,0.7685697,0.8728989,2.441495,0.8003723,0.8679307,2.409839,0.8714529,0.9265108,2.447413,0.8950541,0.7465631,2.370143,0.7629302,0.6538045,2.361055,0.7464154,0.6240762,2.361411,0.6689415,0.7017097,2.482189,0.7790456,0.5281137,2.355857,0.674298,0.6821356,2.424121,0.7518901,0.6891164,2.470226,0.6093268,0.4999295,2.445613,0.7599128,0.4212799,2.33465,0.8218377,1.019373,2.583878
72057594037937085,0,0.7914574,5984.976,0.7163783,0.6978651,2.499654,0.7952911,1.142205,2.564045,0.6936224,0.9108982,2.531239,0.5961206,0.8078773,2.489715,0.7685697,0.8728989,2.441495,0.8003723,0.8679307,2.409839,0.8714529,0.9265108,2.447413,0.8950541,0.7465631,2.370143,0.7629302,0.6538045,2.361055,0.7464154,0.6240762,2.361411,0.6689415,0.7017097,2.482189,0.7790456,0.5281137,2.355857,0.674298,0.6821356,2.424121,0.7518901,0.6891164,2.470226,0.6093268,0.4999295,2.445613,0.7599128,0.4212799,2.33465,0.8218377,1.019373,2.583878
72057594037937085,0,0.7914574,5984.979,0.7163783,0.6978651,2.499654,0.7952911,1.142205,2.564045,0.6936224,0.9108982,2.531239,0.5961206,0.8078773,2.489715,0.7685697,0.8728989,2.441495,0.8003723,0.8679307,2.409839,0.8714529,0.9265108,2.447413,0.8950541,0.7465631,2.370143,0.7629302,0.6538045,2.361055,0.7464154,0.6240762,2.361411,0.6689415,0.7017097,2.482189,0.7790456,0.5281137,2.355857,0.674298,0.6821356,2.424121,0.7518901,0.6891164,2.470226,0.6093268,0.4999295,2.445613,0.7599128,0.4212799,2.33465,0.8218377,1.019373,2.583878
72057594037937085,0,0.7914574,5984.981,0.7163783,0.6978651,2.499654,0.7952911,1.142205,2.564045,0.6936224,0.9108982,2.531239,0.5961206,0.8078773,2.489715,0.7685697,0.8728989,2.441495,0.8003723,0.8679307,2.409839,0.8714529,0.9265108,2.447413,0.8950541,0.7465631,2.370143,0.7629302,0.6538045,2.361055,0.7464154,0.6240762,2.361411,0.6689415,0.7017097,2.482189,0.7790456,0.5281137,2.355857,0.674298,0.6821356,2.424121,0.7518901,0.6891164,2.470226,0.6093268,0.4999295,2.445613,0.7599128,0.4212799,2.33465,0.8218377,1.019373,2.583878
72057594037937085,0,0.7914574,5984.984,0.7163783,0.6978651,2.499654,0.7952911,1.142205,2.564045,0.6936224,0.9108982,2.531239,0.5961206,0.8078773,2.489715,0.7685697,0.8728989,2.441495,0.8003723,0.8679307,2.409839,0.8714529,0.9265108,2.447413,0.8950541,0.7465631,2.370143,0.7629302,0.6538045,2.361055,0.7464154,0.6240762,2.361411,0.6689415,0.7017097,2.482189,0.7790456,0.5281137,2.355857,0.674298,0.6821356,2.424121,0.7518901,0.6891164,2.470226,0.6093268,0.4999295,2.445613,0.7599128,0.4212799,2.33465,0.8218377,1.019373,2.583878
72057594037937085,0,0.7914574,5984.988,0.7163783,0.6978651,2.499654,0.7952911,1.142205,2.564045,0.6936224,0.9108982,2.531239,0.5961206,0.8078773,2.489715,0.7685697,0.8728989,2.441495,0.8003723,0.8679307,2.409839,0.8714529,0.9265108,2.447413,0.8950541,0.7465631,2.370143,0.7629302,0.6538045,2.361055,0.7464154,0.6240762,2.361411,0.6689415,0.7017097,2.482189,0.7790456,0.5281137,2.355857,0.674298,0.6821356,2.424121,0.7518901,0.6891164,2.470226,0.6093268,0.4999295,2.445613,0.7599128,0.4212799,2.33465,0.8218377,1.019373,2.583878
72057594037937085,0,0.7914574,5984.991,0.7163783,0.6978651,2.499654,0.7952911,1.142205,2.564045,0.6936224,0.9108982,2.531239,0.5961206,0.8078773,2.489715,0.7685697,0.8728989,2.441495,0.8003723,0.8679307,2.409839,0.8714529,0.9265108,2.447413,0.8950541,0.7465631,2.370143,0.7629302,0.6538045,2.361055,0.7464154,0.6240762,2.361411,0.6689415,0.7017097,2.482189,0.7790456,0.5281137,2.355857,0.674298,0.6821356,2.424121,0.7518901,0.6891164,2.470226,0.6093268,0.4999295,2.445613,0.7599128,0.4212799,2.33465,0.8218377,1.019373,2.583878
72057594037937085,0,0.7914574,5984.995,0.7163783,0.6978651,2.499654,0.7952911,1.142205,2.564045,0.6936224,0.9108982,2.531239,0.5961206,0.8078773,2.489715,0.7685697,0.8728989,2.441495,0.8003723,0.8679307,2.409839,0.8714529,0.9265108,2.447413,0.8950541,0.7465631,2.370143,0.7629302,0.6538045,2.361055,0.7464154,0.6240762,2.361411,0.6689415,0.7017097,2.482189,0.7790456,0.5281137,2.355857,0.674298,0.6821356,2.424121,0.7518901,0.6891164,2.470226,0.6093268,0.4999295,2.445613,0.7599128,0.4212799,2.33465,0.8218377,1.019373,2.583878
72057594037937085,0,0.7914574,5984.997,0.7163783,0.6978651,2.499654,0.7952911,1.142205,2.564045,0.6936224,0.9108982,2.531239,0.5961206,0.8078773,2.489715,0.7685697,0.8728989,2.441495,0.8003723,0.8679307,2.409839,0.8714529,0.9265108,2.447413,0.8950541,0.7465631,2.370143,0.7629302,0.6538045,2.361055,0.7464154,0.6240762,2.361411,0.6689415,0.7017097,2.482189,0.7790456,0.5281137,2.355857,0.674298,0.6821356,2.424121,0.7518901,0.6891164,2.470226,0.6093268,0.4999295,2.445613,0.7599128,0.4212799,2.33465,0.8218377,1.019373,2.583878
72057594037937085,0,0.7920462,5985,0.7171019,0.6987548,2.499242,0.7965457,1.142076,2.56297,0.6944081,0.9110864,2.5276,0.5951948,0.8092318,2.488916,0.7640167,0.8781345,2.431598,0.7987678,0.8730575,2.406587,0.8800253,0.9253632,2.439246,0.8981032,0.7434185,2.366536,0.7621281,0.6532212,2.360243,0.7496502,0.6253926,2.361256,0.6690793,0.7020323,2.48222,0.7661307,0.5166455,2.362425,0.7190874,0.7077641,2.394047,0.7533804,0.6905789,2.46933,0.6046515,0.5060357,2.448009,0.7494062,0.4115029,2.341359,0.822093,1.019542,2.58374
72057594037937085,0,0.7920462,5985.004,0.7171019,0.6987548,2.499242,0.7965457,1.142076,2.56297,0.6944081,0.9110864,2.5276,0.5951948,0.8092318,2.488916,0.7640167,0.8781345,2.431598,0.7987678,0.8730575,2.406587,0.8800253,0.9253632,2.439246,0.8981032,0.7434185,2.366536,0.7621281,0.6532212,2.360243,0.7496502,0.6253926,2.361256,0.6690793,0.7020323,2.48222,0.7661307,0.5166455,2.362425,0.7190874,0.7077641,2.394047,0.7533804,0.6905789,2.46933,0.6046515,0.5060357,2.448009,0.7494062,0.4115029,2.341359,0.822093,1.019542,2.58374
72057594037937085,0,0.7920462,5985.007,0.7171019,0.6987548,2.499242,0.7965457,1.142076,2.56297,0.6944081,0.9110864,2.5276,0.5951948,0.8092318,2.488916,0.7640167,0.8781345,2.431598,0.7987678,0.8730575,2.406587,0.8800253,0.9253632,2.439246,0.8981032,0.7434185,2.366536,0.7621281,0.6532212,2.360243,0.7496502,0.6253926,2.361256,0.6690793,0.7020323,2.48222,0.7661307,0.5166455,2.362425,0.7190874,0.7077641,2.394047,0.7533804,0.6905789,2.46933,0.6046515,0.5060357,2.448009,0.7494062,0.4115029,2.341359,0.822093,1.019542,2.58374
72057594037937085,0,0.7920462,5985.01,0.7171019,0.6987548,2.499242,0.7965457,1.142076,2.56297,0.6944081,0.9110864,2.5276,0.5951948,0.8092318,2.488916,0.7640167,0.8781345,2.431598,0.7987678,0.8730575,2.406587,0.8800253,0.9253632,2.439246,0.8981032,0.7434185,2.366536,0.7621281,0.6532212,2.360243,0.7496502,0.6253926,2.361256,0.6690793,0.7020323,2.48222,0.7661307,0.5166455,2.362425,0.7190874,0.7077641,2.394047,0.7533804,0.6905789,2.46933,0.6046515,0.5060357,2.448009,0.7494062,0.4115029,2.341359,0.822093,1.019542,2.58374
72057594037937085,0,0.7920462,5985.012,0.7171019,0.6987548,2.499242,0.7965457,1.142076,2.56297,0.6944081,0.9110864,2.5276,0.5951948,0.8092318,2.488916,0.7640167,0.8781345,2.431598,0.7987678,0.8730575,2.406587,0.8800253,0.9253632,2.439246,0.8981032,0.7434185,2.366536,0.7621281,0.6532212,2.360243,0.7496502,0.6253926,2.361256,0.6690793,0.7020323,2.48222,0.7661307,0.5166455,2.362425,0.7190874,0.7077641,2.394047,0.7533804,0.6905789,2.46933,0.6046515,0.5060357,2.448009,0.7494062,0.4115029,2.341359,0.822093,1.019542,2.58374
72057594037937085,0,0.7920462,5985.015,0.7171019,0.6987548,2.499242,0.7965457,1.142076,2.56297,0.6944081,0.9110864,2.5276,0.5951948,0.8092318,2.488916,0.7640167,0.8781345,2.431598,0.7987678,0.8730575,2.406587,0.8800253,0.9253632,2.439246,0.8981032,0.7434185,2.366536,0.7621281,0.6532212,2.360243,0.7496502,0.6253926,2.361256,0.6690793,0.7020323,2.48222,0.7661307,0.5166455,2.362425,0.7190874,0.7077641,2.394047,0.7533804,0.6905789,2.46933,0.6046515,0.5060357,2.448009,0.7494062,0.4115029,2.341359,0.822093,1.019542,2.58374
72057594037937085,0,0.7920462,5985.017,0.7171019,0.6987548,2.499242,0.7965457,1.142076,2.56297,0.6944081,0.9110864,2.5276,0.5951948,0.8092318,2.488916,0.7640167,0.8781345,2.431598,0.7987678,0.8730575,2.406587,0.8800253,0.9253632,2.439246,0.8981032,0.7434185,2.366536,0.7621281,0.6532212,2.360243,0.7496502,0.6253926,2.361256,0.6690793,0.7020323,2.48222,0.7661307,0.5166455,2.362425,0.7190874,0.7077641,2.394047,0.7533804,0.6905789,2.46933,0.6046515,0.5060357,2.448009,0.7494062,0.4115029,2.341359,0.822093,1.019542,2.58374
72057594037937085,0,0.7920462,5985.02,0.7171019,0.6987548,2.499242,0.7965457,1.142076,2.56297,0.6944081,0.9110864,2.5276,0.5951948,0.8092318,2.488916,0.7640167,0.8781345,2.431598,0.7987678,0.8730575,2.406587,0.8800253,0.9253632,2.439246,0.8981032,0.7434185,2.366536,0.7621281,0.6532212,2.360243,0.7496502,0.6253926,2.361256,0.6690793,0.7020323,2.48222,0.7661307,0.5166455,2.362425,0.7190874,0.7077641,2.394047,0.7533804,0.6905789,2.46933,0.6046515,0.5060357,2.448009,0.7494062,0.4115029,2.341359,0.822093,1.019542,2.58374
72057594037937085,0,0.7920462,5985.023,0.7171019,0.6987548,2.499242,0.7965457,1.142076,2.56297,0.6944081,0.9110864,2.5276,0.5951948,0.8092318,2.488916,0.7640167,0.8781345,2.431598,0.7987678,0.8730575,2.406587,0.8800253,0.9253632,2.439246,0.8981032,0.7434185,2.366536,0.7621281,0.6532212,2.360243,0.7496502,0.6253926,2.361256,0.6690793,0.7020323,2.48222,0.7661307,0.5166455,2.362425,0.7190874,0.7077641,2.394047,0.7533804,0.6905789,2.46933,0.6046515,0.5060357,2.448009,0.7494062,0.4115029,2.341359,0.822093,1.019542,2.58374
72057594037937085,0,0.7920462,5985.026,0.7171019,0.6987548,2.499242,0.7965457,1.142076,2.56297,0.6944081,0.9110864,2.5276,0.5951948,0.8092318,2.488916,0.7640167,0.8781345,2.431598,0.7987678,0.8730575,2.406587,0.8800253,0.9253632,2.439246,0.8981032,0.7434185,2.366536,0.7621281,0.6532212,2.360243,0.7496502,0.6253926,2.361256,0.6690793,0.7020323,2.48222,0.7661307,0.5166455,2.362425,0.7190874,0.7077641,2.394047,0.7533804,0.6905789,2.46933,0.6046515,0.5060357,2.448009,0.7494062,0.4115029,2.341359,0.822093,1.019542,2.58374
72057594037937085,0,0.7920462,5985.029,0.7171019,0.6987548,2.499242,0.7965457,1.142076,2.56297,0.6944081,0.9110864,2.5276,0.5951948,0.8092318,2.488916,0.7640167,0.8781345,2.431598,0.7987678,0.8730575,2.406587,0.8800253,0.9253632,2.439246,0.8981032,0.7434185,2.366536,0.7621281,0.6532212,2.360243,0.7496502,0.6253926,2.361256,0.6690793,0.7020323,2.48222,0.7661307,0.5166455,2.362425,0.7190874,0.7077641,2.394047,0.7533804,0.6905789,2.46933,0.6046515,0.5060357,2.448009,0.7494062,0.4115029,2.341359,0.822093,1.019542,2.58374
72057594037937085,0,0.7920462,5985.031,0.7171019,0.6987548,2.499242,0.7965457,1.142076,2.56297,0.6944081,0.9110864,2.5276,0.5951948,0.8092318,2.488916,0.7640167,0.8781345,2.431598,0.7987678,0.8730575,2.406587,0.8800253,0.9253632,2.439246,0.8981032,0.7434185,2.366536,0.7621281,0.6532212,2.360243,0.7496502,0.6253926,2.361256,0.6690793,0.7020323,2.48222,0.7661307,0.5166455,2.362425,0.7190874,0.7077641,2.394047,0.7533804,0.6905789,2.46933,0.6046515,0.5060357,2.448009,0.7494062,0.4115029,2.341359,0.822093,1.019542,2.58374
72057594037937085,0,0.7926366,5985.034,0.7180264,0.7012967,2.4982,0.7976322,1.141314,2.561485,0.6938734,0.9117467,2.526885,0.6158591,0.8016294,2.464509,0.7658228,0.8755902,2.421964,0.8006483,0.874026,2.404741,0.8961408,0.9254882,2.428931,0.9012725,0.7403123,2.362735,0.7609734,0.6538427,2.35908,0.7483386,0.6266547,2.358702,0.6702136,0.7046754,2.481038,0.7635196,0.5161535,2.362539,0.7647436,0.7168258,2.358143,0.7538545,0.6925886,2.468829,0.5761595,0.5349215,2.432595,0.6931313,0.3767134,2.386509,0.8222391,1.019592,2.583735
72057594037937085,0,0.7926366,5985.038,0.7180264,0.7012967,2.4982,0.7976322,1.141314,2.561485,0.6938734,0.9117467,2.526885,0.6158591,0.8016294,2.464509,0.7658228,0.8755902,2.421964,0.8006483,0.874026,2.404741,0.8961408,0.9254882,2.428931,0.9012725,0.7403123,2.362735,0.7609734,0.6538427,2.35908,0.7483386,0.6266547,2.358702,0.6702136,0.7046754,2.481038,0.7635196,0.5161535,2.362539,0.7647436,0.7168258,2.358143,0.7538545,0.6925886,2.468829,0.5761595,0.5349215,2.432595,0.6931313,0.3767134,2.386509,0.8222391,1.019592,2.583735
72057594037937085,0,0.7926366,5985.04,0.7180264,0.7012967,2.4982,0.7976322,1.141314,2.561485,0.6938734,0.9117467,2.526885,0.6158591,0.8016294,2.464509,0.7658228,0.8755902,2.421964,0.8006483,0.874026,2.404741,0.8961408,0.9254882,2.428931,0.9012725,0.7403123,2.362735,0.7609734,0.6538427,2.35908,0.7483386,0.6266547,2.358702,0.6702136,0.7046754,2.481038,0.7635196,0.5161535,2.362539,0.7647436,0.7168258,2.358143,0.7538545,0.6925886,2.468829,0.5761595,0.5349215,2.432595,0.6931313,0.3767134,2.386509,0.8222391,1.019592,2.583735
72057594037937085,0,0.7926366,5985.044,0.7180264,0.7012967,2.4982,0.7976322,1.141314,2.561485,0.6938734,0.9117467,2.526885,0.6158591,0.8016294,2.464509,0.7658228,0.8755902,2.421964,0.8006483,0.874026,2.404741,0.8961408,0.9254882,2.428931,0.9012725,0.7403123,2.362735,0.7609734,0.6538427,2.35908,0.7483386,0.6266547,2.358702,0.6702136,0.7046754,2.481038,0.7635196,0.5161535,2.362539,0.7647436,0.7168258,2.358143,0.7538545,0.6925886,2.468829,0.5761595,0.5349215,2.432595,0.6931313,0.3767134,2.386509,0.8222391,1.019592,2.583735
72057594037937085,0,0.7926366,5985.046,0.7180264,0.7012967,2.4982,0.7976322,1.141314,2.561485,0.6938734,0.9117467,2.526885,0.6158591,0.8016294,2.464509,0.7658228,0.8755902,2.421964,0.8006483,0.874026,2.404741,0.8961408,0.9254882,2.428931,0.9012725,0.7403123,2.362735,0.7609734,0.6538427,2.35908,0.7483386,0.6266547,2.358702,0.6702136,0.7046754,2.481038,0.7635196,0.5161535,2.362539,0.7647436,0.7168258,2.358143,0.7538545,0.6925886,2.468829,0.5761595,0.5349215,2.432595,0.6931313,0.3767134,2.386509,0.8222391,1.019592,2.583735
72057594037937085,0,0.7926366,5985.049,0.7180264,0.7012967,2.4982,0.7976322,1.141314,2.561485,0.6938734,0.9117467,2.526885,0.6158591,0.8016294,2.464509,0.7658228,0.8755902,2.421964,0.8006483,0.874026,2.404741,0.8961408,0.9254882,2.428931,0.9012725,0.7403123,2.362735,0.7609734,0.6538427,2.35908,0.7483386,0.6266547,2.358702,0.6702136,0.7046754,2.481038,0.7635196,0.5161535,2.362539,0.7647436,0.7168258,2.358143,0.7538545,0.6925886,2.468829,0.5761595,0.5349215,2.432595,0.6931313,0.3767134,2.386509,0.8222391,1.019592,2.583735
72057594037937085,0,0.7926366,5985.051,0.7180264,0.7012967,2.4982,0.7976322,1.141314,2.561485,0.6938734,0.9117467,2.526885,0.6158591,0.8016294,2.464509,0.7658228,0.8755902,2.421964,0.8006483,0.874026,2.404741,0.8961408,0.9254882,2.428931,0.9012725,0.7403123,2.362735,0.7609734,0.6538427,2.35908,0.7483386,0.6266547,2.358702,0.6702136,0.7046754,2.481038,0.7635196,0.5161535,2.362539,0.7647436,0.7168258,2.358143,0.7538545,0.6925886,2.468829,0.5761595,0.5349215,2.432595,0.6931313,0.3767134,2.386509,0.8222391,1.019592,2.583735
72057594037937085,0,0.7926366,5985.055,0.7180264,0.7012967,2.4982,0.7976322,1.141314,2.561485,0.6938734,0.9117467,2.526885,0.6158591,0.8016294,2.464509,0.7658228,0.8755902,2.421964,0.8006483,0.874026,2.404741,0.8961408,0.9254882,2.428931,0.9012725,0.7403123,2.362735,0.7609734,0.6538427,2.35908,0.7483386,0.6266547,2.358702,0.6702136,0.7046754,2.481038,0.7635196,0.5161535,2.362539,0.7647436,0.7168258,2.358143,0.7538545,0.6925886,2.468829,0.5761595,0.5349215,2.432595,0.6931313,0.3767134,2.386509,0.8222391,1.019592,2.583735
72057594037937085,0,0.7926366,5985.058,0.7180264,0.7012967,2.4982,0.7976322,1.141314,2.561485,0.6938734,0.9117467,2.526885,0.6158591,0.8016294,2.464509,0.7658228,0.8755902,2.421964,0.8006483,0.874026,2.404741,0.8961408,0.9254882,2.428931,0.9012725,0.7403123,2.362735,0.7609734,0.6538427,2.35908,0.7483386,0.6266547,2.358702,0.6702136,0.7046754,2.481038,0.7635196,0.5161535,2.362539,0.7647436,0.7168258,2.358143,0.7538545,0.6925886,2.468829,0.5761595,0.5349215,2.432595,0.6931313,0.3767134,2.386509,0.8222391,1.019592,2.583735
72057594037937085,0,0.7926366,5985.06,0.7180264,0.7012967,2.4982,0.7976322,1.141314,2.561485,0.6938734,0.9117467,2.526885,0.6158591,0.8016294,2.464509,0.7658228,0.8755902,2.421964,0.8006483,0.874026,2.404741,0.8961408,0.9254882,2.428931,0.9012725,0.7403123,2.362735,0.7609734,0.6538427,2.35908,0.7483386,0.6266547,2.358702,0.6702136,0.7046754,2.481038,0.7635196,0.5161535,2.362539,0.7647436,0.7168258,2.358143,0.7538545,0.6925886,2.468829,0.5761595,0.5349215,2.432595,0.6931313,0.3767134,2.386509,0.8222391,1.019592,2.583735
72057594037937085,0,0.7926366,5985.063,0.7180264,0.7012967,2.4982,0.7976322,1.141314,2.561485,0.6938734,0.9117467,2.526885,0.6158591,0.8016294,2.464509,0.7658228,0.8755902,2.421964,0.8006483,0.874026,2.404741,0.8961408,0.9254882,2.428931,0.9012725,0.7403123,2.362735,0.7609734,0.6538427,2.35908,0.7483386,0.6266547,2.358702,0.6702136,0.7046754,2.481038,0.7635196,0.5161535,2.362539,0.7647436,0.7168258,2.358143,0.7538545,0.6925886,2.468829,0.5761595,0.5349215,2.432595,0.6931313,0.3767134,2.386509,0.8222391,1.019592,2.583735
72057594037937085,0,0.7926366,5985.066,0.7180264,0.7012967,2.4982,0.7976322,1.141314,2.561485,0.6938734,0.9117467,2.526885,0.6158591,0.8016294,2.464509,0.7658228,0.8755902,2.421964,0.8006483,0.874026,2.404741,0.8961408,0.9254882,2.428931,0.9012725,0.7403123,2.362735,0.7609734,0.6538427,2.35908,0.7483386,0.6266547,2.358702,0.6702136,0.7046754,2.481038,0.7635196,0.5161535,2.362539,0.7647436,0.7168258,2.358143,0.7538545,0.6925886,2.468829,0.5761595,0.5349215,2.432595,0.6931313,0.3767134,2.386509,0.8222391,1.019592,2.583735
72057594037937085,0,0.8010569,5985.069,0.7237161,0.7051082,2.485111,0.8000017,1.140598,2.558937,0.6954321,0.9136416,2.52544,0.6015292,0.8166958,2.463592,0.7649023,0.8764572,2.410231,0.8065513,0.8750385,2.403525,0.8837777,0.911885,2.423228,0.9088616,0.7384738,2.358197,0.7599071,0.6538831,2.358251,0.7443339,0.6271794,2.361293,0.6735693,0.705414,2.476306,0.7721741,0.5216634,2.35409,0.8558524,0.6970558,2.29863,0.7614149,0.7009751,2.444477,0.5863401,0.5417653,2.446667,0.6989011,0.3788448,2.405134,0.8225156,1.019629,2.582944
72057594037937085,0,0.8010569,5985.073,0.7237161,0.7051082,2.485111,0.8000017,1.140598,2.558937,0.6954321,0.9136416,2.52544,0.6015292,0.8166958,2.463592,0.7649023,0.8764572,2.410231,0.8065513,0.8750385,2.403525,0.8837777,0.911885,2.423228,0.9088616,0.7384738,2.358197,0.7599071,0.6538831,2.358251,0.7443339,0.6271794,2.361293,0.6735693,0.705414,2.476306,0.7721741,0.5216634,2.35409,0.8558524,0.6970558,2.29863,0.7614149,0.7009751,2.444477,0.5863401,0.5417653,2.446667,0.6989011,0.3788448,2.405134,0.8225156,1.019629,2.582944
72057594037937085,0,0.8010569,5985.075,0.7237161,0.7051082,2.485111,0.8000017,1.140598,2.558937,0.6954321,0.9136416,2.52544,0.6015292,0.8166958,2.463592,0.7649023,0.8764572,2.410231,0.8065513,0.8750385,2.403525,0.8837777,0.911885,2.423228,0.9088616,0.7384738,2.358197,0.7599071,0.6538831,2.358251,0.7443339,0.6271794,2.361293,0.6735693,0.705414,2.476306,0.7721741,0.5216634,2.35409,0.8558524,0.6970558,2.29863,0.7614149,0.7009751,2.444477,0.5863401,0.5417653,2.446667,0.6989011,0.3788448,2.405134,0.8225156,1.019629,2.582944
72057594037937085,0,0.8010569,5985.078,0.7237161,0.7051082,2.485111,0.8000017,1.140598,2.558937,0.6954321,0.9136416,2.52544,0.6015292,0.8166958,2.463592,0.7649023,0.8764572,2.410231,0.8065513,0.8750385,2.403525,0.8837777,0.911885,2.423228,0.9088616,0.7384738,2.358197,0.7599071,0.6538831,2.358251,0.7443339,0.6271794,2.361293,0.6735693,0.705414,2.476306,0.7721741,0.5216634,2.35409,0.8558524,0.6970558,2.29863,0.7614149,0.7009751,2.444477,0.5863401,0.5417653,2.446667,0.6989011,0.3788448,2.405134,0.8225156,1.019629,2.582944
72057594037937085,0,0.8010569,5985.08,0.7237161,0.7051082,2.485111,0.8000017,1.140598,2.558937,0.6954321,0.9136416,2.52544,0.6015292,0.8166958,2.463592,0.7649023,0.8764572,2.410231,0.8065513,0.8750385,2.403525,0.8837777,0.911885,2.423228,0.9088616,0.7384738,2.358197,0.7599071,0.6538831,2.358251,0.7443339,0.6271794,2.361293,0.6735693,0.705414,2.476306,0.7721741,0.5216634,2.35409,0.8558524,0.6970558,2.29863,0.7614149,0.7009751,2.444477,0.5863401,0.5417653,2.446667,0.6989011,0.3788448,2.405134,0.8225156,1.019629,2.582944
72057594037937085,0,0.8010569,5985.084,0.7237161,0.7051082,2.485111,0.8000017,1.140598,2.558937,0.6954321,0.9136416,2.52544,0.6015292,0.8166958,2.463592,0.7649023,0.8764572,2.410231,0.8065513,0.8750385,2.403525,0.8837777,0.911885,2.423228,0.9088616,0.7384738,2.358197,0.7599071,0.6538831,2.358251,0.7443339,0.6271794,2.361293,0.6735693,0.705414,2.476306,0.7721741,0.5216634,2.35409,0.8558524,0.6970558,2.29863,0.7614149,0.7009751,2.444477,0.5863401,0.5417653,2.446667,0.6989011,0.3788448,2.405134,0.8225156,1.019629,2.582944
72057594037937085,0,0.8010569,5985.087,0.7237161,0.7051082,2.485111,0.8000017,1.140598,2.558937,0.6954321,0.9136416,2.52544,0.6015292,0.8166958,2.463592,0.7649023,0.8764572,2.410231,0.8065513,0.8750385,2.403525,0.8837777,0.911885,2.423228,0.9088616,0.7384738,2.358197,0.7599071,0.6538831,2.358251,0.7443339,0.6271794,2.361293,0.6735693,0.705414,2.476306,0.7721741,0.5216634,2.35409,0.8558524,0.6970558,2.29863,0.7614149,0.7009751,2.444477,0.5863401,0.5417653,2.446667,0.6989011,0.3788448,2.405134,0.8225156,1.019629,2.582944
72057594037937085,0,0.8010569,5985.09,0.7237161,0.7051082,2.485111,0.8000017,1.140598,2.558937,0.6954321,0.9136416,2.52544,0.6015292,0.8166958,2.463592,0.7649023,0.8764572,2.410231,0.8065513,0.8750385,2.403525,0.8837777,0.911885,2.423228,0.9088616,0.7384738,2.358197,0.7599071,0.6538831,2.358251,0.7443339,0.6271794,2.361293,0.6735693,0.705414,2.476306,0.7721741,0.5216634,2.35409,0.8558524,0.6970558,2.29863,0.7614149,0.7009751,2.444477,0.5863401,0.5417653,2.446667,0.6989011,0.3788448,2.405134,0.8225156,1.019629,2.582944
72057594037937085,0,0.8010569,5985.092,0.7237161,0.7051082,2.485111,0.8000017,1.140598,2.558937,0.6954321,0.9136416,2.52544,0.6015292,0.8166958,2.463592,0.7649023,0.8764572,2.410231,0.8065513,0.8750385,2.403525,0.8837777,0.911885,2.423228,0.9088616,0.7384738,2.358197,0.7599071,0.6538831,2.358251,0.7443339,0.6271794,2.361293,0.6735693,0.705414,2.476306,0.7721741,0.5216634,2.35409,0.8558524,0.6970558,2.29863,0.7614149,0.7009751,2.444477,0.5863401,0.5417653,2.446667,0.6989011,0.3788448,2.405134,0.8225156,1.019629,2.582944
72057594037937085,0,0.8010569,5985.095,0.7237161,0.7051082,2.485111,0.8000017,1.140598,2.558937,0.6954321,0.9136416,2.52544,0.6015292,0.8166958,2.463592,0.7649023,0.8764572,2.410231,0.8065513,0.8750385,2.403525,0.8837777,0.911885,2.423228,0.9088616,0.7384738,2.358197,0.7599071,0.6538831,2.358251,0.7443339,0.6271794,2.361293,0.6735693,0.705414,2.476306,0.7721741,0.5216634,2.35409,0.8558524,0.6970558,2.29863,0.7614149,0.7009751,2.444477,0.5863401,0.5417653,2.446667,0.6989011,0.3788448,2.405134,0.8225156,1.019629,2.582944
72057594037937085,0,0.8010569,5985.097,0.7237161,0.7051082,2.485111,0.8000017,1.140598,2.558937,0.6954321,0.9136416,2.52544,0.6015292,0.8166958,2.463592,0.7649023,0.8764572,2.410231,0.8065513,0.8750385,2.403525,0.8837777,0.911885,2.423228,0.9088616,0.7384738,2.358197,0.7599071,0.6538831,2.358251,0.7443339,0.6271794,2.361293,0.6735693,0.705414,2.476306,0.7721741,0.5216634,2.35409,0.8558524,0.6970558,2.29863,0.7614149,0.7009751,2.444477,0.5863401,0.5417653,2.446667,0.6989011,0.3788448,2.405134,0.8225156,1.019629,2.582944
72057594037937085,0,0.8104212,5985.101,0.7313815,0.707004,2.476582,0.8015687,1.140073,2.556981,0.6954456,0.9142478,2.524178,0.6013057,0.8187819,2.460119,0.7733456,0.8817487,2.407761,0.8112335,0.8761288,2.398208,0.888374,0.9130462,2.420914,0.9120972,0.7533351,2.356466,0.7761322,0.6947148,2.348654,0.7592151,0.6577281,2.353071,0.6845037,0.707006,2.464957,0.7583084,0.5025032,2.361053,0.8508376,0.6721351,2.299741,0.7653564,0.7020039,2.440762,0.5883178,0.5455107,2.447879,0.7166096,0.4089591,2.367328,0.8234454,1.020039,2.581686
72057594037937085,0,0.8104212,5985.104,0.7313815,0.707004,2.476582,0.8015687,1.140073,2.556981,0.6954456,0.9142478,2.524178,0.6013057,0.8187819,2.460119,0.7733456,0.8817487,2.407761,0.8112335,0.8761288,2.398208,0.888374,0.9130462,2.420914,0.9120972,0.7533351,2.356466,0.7761322,0.6947148,2.348654,0.7592151,0.6577281,2.353071,0.6845037,0.707006,2.464957,0.7583084,0.5025032,2.361053,0.8508376,0.6721351,2.299741,0.7653564,0.7020039,2.440762,0.5883178,0.5455107,2.447879,0.7166096,0.4089591,2.367328,0.8234454,1.020039,2.581686
72057594037937085,0,0.8104212,5985.106,0.7313815,0.707004,2.476582,0.8015687,1.140073,2.556981,0.6954456,0.9142478,2.524178,0.6013057,0.8187819,2.460119,0.7733456,0.8817487,2.407761,0.8112335,0.8761288,2.398208,0.888374,0.9130462,2.420914,0.9120972,0.7533351,2.356466,0.7761322,0.6947148,2.348654,0.7592151,0.6577281,2.353071,0.6845037,0.707006,2.464957,0.7583084,0.5025032,2.361053,0.8508376,0.6721351,2.299741,0.7653564,0.7020039,2.440762,0.5883178,0.5455107,2.447879,0.7166096,0.4089591,2.367328,0.8234454,1.020039,2.581686
72057594037937085,0,0.8104212,5985.109,0.7313815,0.707004,2.476582,0.8015687,1.140073,2.556981,0.6954456,0.9142478,2.524178,0.6013057,0.8187819,2.460119,0.7733456,0.8817487,2.407761,0.8112335,0.8761288,2.398208,0.888374,0.9130462,2.420914,0.9120972,0.7533351,2.356466,0.7761322,0.6947148,2.348654,0.7592151,0.6577281,2.353071,0.6845037,0.707006,2.464957,0.7583084,0.5025032,2.361053,0.8508376,0.6721351,2.299741,0.7653564,0.7020039,2.440762,0.5883178,0.5455107,2.447879,0.7166096,0.4089591,2.367328,0.8234454,1.020039,2.581686
72057594037937085,0,0.8104212,5985.112,0.7313815,0.707004,2.476582,0.8015687,1.140073,2.556981,0.6954456,0.9142478,2.524178,0.6013057,0.8187819,2.460119,0.7733456,0.8817487,2.407761,0.8112335,0.8761288,2.398208,0.888374,0.9130462,2.420914,0.9120972,0.7533351,2.356466,0.7761322,0.6947148,2.348654,0.7592151,0.6577281,2.353071,0.6845037,0.707006,2.464957,0.7583084,0.5025032,2.361053,0.8508376,0.6721351,2.299741,0.7653564,0.7020039,2.440762,0.5883178,0.5455107,2.447879,0.7166096,0.4089591,2.367328,0.8234454,1.020039,2.581686
72057594037937085,0,0.8104212,5985.115,0.7313815,0.707004,2.476582,0.8015687,1.140073,2.556981,0.6954456,0.9142478,2.524178,0.6013057,0.8187819,2.460119,0.7733456,0.8817487,2.407761,0.8112335,0.8761288,2.398208,0.888374,0.9130462,2.420914,0.9120972,0.7533351,2.356466,0.7761322,0.6947148,2.348654,0.7592151,0.6577281,2.353071,0.6845037,0.707006,2.464957,0.7583084,0.5025032,2.361053,0.8508376,0.6721351,2.299741,0.7653564,0.7020039,2.440762,0.5883178,0.5455107,2.447879,0.7166096,0.4089591,2.367328,0.8234454,1.020039,2.581686
72057594037937085,0,0.8104212,5985.118,0.7313815,0.707004,2.476582,0.8015687,1.140073,2.556981,0.6954456,0.9142478,2.524178,0.6013057,0.8187819,2.460119,0.7733456,0.8817487,2.407761,0.8112335,0.8761288,2.398208,0.888374,0.9130462,2.420914,0.9120972,0.7533351,2.356466,0.7761322,0.6947148,2.348654,0.7592151,0.6577281,2.353071,0.6845037,0.707006,2.464957,0.7583084,0.5025032,2.361053,0.8508376,0.6721351,2.299741,0.7653564,0.7020039,2.440762,0.5883178,0.5455107,2.447879,0.7166096,0.4089591,2.367328,0.8234454,1.020039,2.581686
72057594037937085,0,0.8104212,5985.121,0.7313815,0.707004,2.476582,0.8015687,1.140073,2.556981,0.6954456,0.9142478,2.524178,0.6013057,0.8187819,2.460119,0.7733456,0.8817487,2.407761,0.8112335,0.8761288,2.398208,0.888374,0.9130462,2.420914,0.9120972,0.7533351,2.356466,0.7761322,0.6947148,2.348654,0.7592151,0.6577281,2.353071,0.6845037,0.707006,2.464957,0.7583084,0.5025032,2.361053,0.8508376,0.6721351,2.299741,0.7653564,0.7020039,2.440762,0.5883178,0.5455107,2.447879,0.7166096,0.4089591,2.367328,0.8234454,1.020039,2.581686
72057594037937085,0,0.8104212,5985.124,0.7313815,0.707004,2.476582,0.8015687,1.140073,2.556981,0.6954456,0.9142478,2.524178,0.6013057,0.8187819,2.460119,0.7733456,0.8817487,2.407761,0.8112335,0.8761288,2.398208,0.888374,0.9130462,2.420914,0.9120972,0.7533351,2.356466,0.7761322,0.6947148,2.348654,0.7592151,0.6577281,2.353071,0.6845037,0.707006,2.464957,0.7583084,0.5025032,2.361053,0.8508376,0.6721351,2.299741,0.7653564,0.7020039,2.440762,0.5883178,0.5455107,2.447879,0.7166096,0.4089591,2.367328,0.8234454,1.020039,2.581686
72057594037937085,0,0.8104212,5985.126,0.7313815,0.707004,2.476582,0.8015687,1.140073,2.556981,0.6954456,0.9142478,2.524178,0.6013057,0.8187819,2.460119,0.7733456,0.8817487,2.407761,0.8112335,0.8761288,2.398208,0.888374,0.9130462,2.420914,0.9120972,0.7533351,2.356466,0.7761322,0.6947148,2.348654,0.7592151,0.6577281,2.353071,0.6845037,0.707006,2.464957,0.7583084,0.5025032,2.361053,0.8508376,0.6721351,2.299741,0.7653564,0.7020039,2.440762,0.5883178,0.5455107,2.447879,0.7166096,0.4089591,2.367328,0.8234454,1.020039,2.581686
72057594037937085,0,0.8104212,5985.129,0.7313815,0.707004,2.476582,0.8015687,1.140073,2.556981,0.6954456,0.9142478,2.524178,0.6013057,0.8187819,2.460119,0.7733456,0.8817487,2.407761,0.8112335,0.8761288,2.398208,0.888374,0.9130462,2.420914,0.9120972,0.7533351,2.356466,0.7761322,0.6947148,2.348654,0.7592151,0.6577281,2.353071,0.6845037,0.707006,2.464957,0.7583084,0.5025032,2.361053,0.8508376,0.6721351,2.299741,0.7653564,0.7020039,2.440762,0.5883178,0.5455107,2.447879,0.7166096,0.4089591,2.367328,0.8234454,1.020039,2.581686
72057594037937085,0,0.8104212,5985.131,0.7313815,0.707004,2.476582,0.8015687,1.140073,2.556981,0.6954456,0.9142478,2.524178,0.6013057,0.8187819,2.460119,0.7733456,0.8817487,2.407761,0.8112335,0.8761288,2.398208,0.888374,0.9130462,2.420914,0.9120972,0.7533351,2.356466,0.7761322,0.6947148,2.348654,0.7592151,0.6577281,2.353071,0.6845037,0.707006,2.464957,0.7583084,0.5025032,2.361053,0.8508376,0.6721351,2.299741,0.7653564,0.7020039,2.440762,0.5883178,0.5455107,2.447879,0.7166096,0.4089591,2.367328,0.8234454,1.020039,2.581686
72057594037937085,0,0.8111019,5985.135,0.732051,0.7079235,2.475773,0.8035246,1.140244,2.555543,0.6978977,0.9170464,2.522667,0.6143056,0.8120589,2.459041,0.780266,0.8623987,2.397702,0.8228171,0.8604218,2.384071,0.8906,0.9145607,2.419993,0.9302542,0.7787777,2.355291,0.803753,0.7215917,2.311644,0.7709578,0.7099948,2.351662,0.6848993,0.7076259,2.465105,0.7617533,0.5068272,2.355538,0.7692822,0.7082077,2.340735,0.7664355,0.7031662,2.438772,0.5874152,0.5494815,2.448096,0.7114989,0.4092994,2.366582,0.8239195,1.020262,2.580623
72057594037937085,0,0.8111019,5985.138,0.732051,0.7079235,2.475773,0.8035246,1.140244,2.555543,0.6978977,0.9170464,2.522667,0.6143056,0.8120589,2.459041,0.780266,0.8623987,2.397702,0.8228171,0.8604218,2.384071,0.8906,0.9145607,2.419993,0.9302542,0.7787777,2.355291,0.803753,0.7215917,2.311644,0.7709578,0.7099948,2.351662,0.6848993,0.7076259,2.465105,0.7617533,0.5068272,2.355538,0.7692822,0.7082077,2.340735,0.7664355,0.7031662,2.438772,0.5874152,0.5494815,2.448096,0.7114989,0.4092994,2.366582,0.8239195,1.020262,2.580623
72057594037937085,0,0.8111019,5985.141,0.732051,0.7079235,2.475773,0.8035246,1.140244,2.555543,0.6978977,0.9170464,2.522667,0.6143056,0.8120589,2.459041,0.780266,0.8623987,2.397702,0.8228171,0.8604218,2.384071,0.8906,0.9145607,2.419993,0.9302542,0.7787777,2.355291,0.803753,0.7215917,2.311644,0.7709578,0.7099948,2.351662,0.6848993,0.7076259,2.465105,0.7617533,0.5068272,2.355538,0.7692822,0.7082077,2.340735,0.7664355,0.7031662,2.438772,0.5874152,0.5494815,2.448096,0.7114989,0.4092994,2.366582,0.8239195,1.020262,2.580623
72057594037937085,0,0.8111019,5985.144,0.732051,0.7079235,2.475773,0.8035246,1.140244,2.555543,0.6978977,0.9170464,2.522667,0.6143056,0.8120589,2.459041,0.780266,0.8623987,2.397702,0.8228171,0.8604218,2.384071,0.8906,0.9145607,2.419993,0.9302542,0.7787777,2.355291,0.803753,0.7215917,2.311644,0.7709578,0.7099948,2.351662,0.6848993,0.7076259,2.465105,0.7617533,0.5068272,2.355538,0.7692822,0.7082077,2.340735,0.7664355,0.7031662,2.438772,0.5874152,0.5494815,2.448096,0.7114989,0.4092994,2.366582,0.8239195,1.020262,2.580623
72057594037937085,0,0.8111019,5985.146,0.732051,0.7079235,2.475773,0.8035246,1.140244,2.555543,0.6978977,0.9170464,2.522667,0.6143056,0.8120589,2.459041,0.780266,0.8623987,2.397702,0.8228171,0.8604218,2.384071,0.8906,0.9145607,2.419993,0.9302542,0.7787777,2.355291,0.803753,0.7215917,2.311644,0.7709578,0.7099948,2.351662,0.6848993,0.7076259,2.465105,0.7617533,0.5068272,2.355538,0.7692822,0.7082077,2.340735,0.7664355,0.7031662,2.438772,0.5874152,0.5494815,2.448096,0.7114989,0.4092994,2.366582,0.8239195,1.020262,2.580623
72057594037937085,0,0.8111019,5985.149,0.732051,0.7079235,2.475773,0.8035246,1.140244,2.555543,0.6978977,0.9170464,2.522667,0.6143056,0.8120589,2.459041,0.780266,0.8623987,2.397702,0.8228171,0.8604218,2.384071,0.8906,0.9145607,2.419993,0.9302542,0.7787777,2.355291,0.803753,0.7215917,2.311644,0.7709578,0.7099948,2.351662,0.6848993,0.7076259,2.465105,0.7617533,0.5068272,2.355538,0.7692822,0.7082077,2.340735,0.7664355,0.7031662,2.438772,0.5874152,0.5494815,2.448096,0.7114989,0.4092994,2.366582,0.8239195,1.020262,2.580623
72057594037937085,0,0.8111019,5985.151,0.732051,0.7079235,2.475773,0.8035246,1.140244,2.555543,0.6978977,0.9170464,2.522667,0.6143056,0.8120589,2.459041,0.780266,0.8623987,2.397702,0.8228171,0.8604218,2.384071,0.8906,0.9145607,2.419993,0.9302542,0.7787777,2.355291,0.803753,0.7215917,2.311644,0.7709578,0.7099948,2.351662,0.6848993,0.7076259,2.465105,0.7617533,0.5068272,2.355538,0.7692822,0.7082077,2.340735,0.7664355,0.7031662,2.438772,0.5874152,0.5494815,2.448096,0.7114989,0.4092994,2.366582,0.8239195,1.020262,2.580623
72057594037937085,0,0.8111019,5985.155,0.732051,0.7079235,2.475773,0.8035246,1.140244,2.555543,0.6978977,0.9170464,2.522667,0.6143056,0.8120589,2.459041,0.780266,0.8623987,2.397702,0.8228171,0.8604218,2.384071,0.8906,0.9145607,2.419993,0.9302542,0.7787777,2.355291,0.803753,0.7215917,2.311644,0.7709578,0.7099948,2.351662,0.6848993,0.7076259,2.465105,0.7617533,0.5068272,2.355538,0.7692822,0.7082077,2.340735,0.7664355,0.7031662,2.438772,0.5874152,0.5494815,2.448096,0.7114989,0.4092994,2.366582,0.8239195,1.020262,2.580623
72057594037937085,0,0.8111019,5985.158,0.732051,0.7079235,2.475773,0.8035246,1.140244,2.555543,0.6978977,0.9170464,2.522667,0.6143056,0.8120589,2.459041,0.780266,0.8623987,2.397702,0.8228171,0.8604218,2.384071,0.8906,0.9145607,2.419993,0.9302542,0.7787777,2.355291,0.803753,0.7215917,2.311644,0.7709578,0.7099948,2.351662,0.6848993,0.7076259,2.465105,0.7617533,0.5068272,2.355538,0.7692822,0.7082077,2.340735,0.7664355,0.7031662,2.438772,0.5874152,0.5494815,2.448096,0.7114989,0.4092994,2.366582,0.8239195,1.020262,2.580623
72057594037937085,0,0.8111019,5985.161,0.732051,0.7079235,2.475773,0.8035246,1.140244,2.555543,0.6978977,0.9170464,2.522667,0.6143056,0.8120589,2.459041,0.780266,0.8623987,2.397702,0.8228171,0.8604218,2.384071,0.8906,0.9145607,2.419993,0.9302542,0.7787777,2.355291,0.803753,0.7215917,2.311644,0.7709578,0.7099948,2.351662,0.6848993,0.7076259,2.465105,0.7617533,0.5068272,2.355538,0.7692822,0.7082077,2.340735,0.7664355,0.7031662,2.438772,0.5874152,0.5494815,2.448096,0.7114989,0.4092994,2.366582,0.8239195,1.020262,2.580623
72057594037937085,0,0.8111019,5985.164,0.732051,0.7079235,2.475773,0.8035246,1.140244,2.555543,0.6978977,0.9170464,2.522667,0.6143056,0.8120589,2.459041,0.780266,0.8623987,2.397702,0.8228171,0.8604218,2.384071,0.8906,0.9145607,2.419993,0.9302542,0.7787777,2.355291,0.803753,0.7215917,2.311644,0.7709578,0.7099948,2.351662,0.6848993,0.7076259,2.465105,0.7617533,0.5068272,2.355538,0.7692822,0.7082077,2.340735,0.7664355,0.7031662,2.438772,0.5874152,0.5494815,2.448096,0.7114989,0.4092994,2.366582,0.8239195,1.020262,2.580623
72057594037937085,0,0.8130773,5985.167,0.7333721,0.7102058,2.471929,0.8042812,1.139231,2.553868,0.6973504,0.9171273,2.522349,0.6141697,0.8125153,2.457412,0.7820382,0.8748795,2.398223,0.8228458,0.86993,2.387033,0.9033247,0.9175257,2.415708,0.9314298,0.7798393,2.355955,0.8089572,0.7138467,2.313428,0.7963072,0.7015091,2.338021,0.68646,0.7101827,2.458276,0.7638519,0.5073699,2.354967,0.672724,0.397495,2.491565,0.7673221,0.7046801,2.437724,0.5922796,0.5461578,2.442734,0.689907,0.3807789,2.374111,0.8247893,1.020444,2.578941
72057594037937085,0,0.8130773,5985.17,0.7333721,0.7102058,2.471929,0.8042812,1.139231,2.553868,0.6973504,0.9171273,2.522349,0.6141697,0.8125153,2.457412,0.7820382,0.8748795,2.398223,0.8228458,0.86993,2.387033,0.9033247,0.9175257,2.415708,0.9314298,0.7798393,2.355955,0.8089572,0.7138467,2.313428,0.7963072,0.7015091,2.338021,0.68646,0.7101827,2.458276,0.7638519,0.5073699,2.354967,0.672724,0.397495,2.491565,0.7673221,0.7046801,2.437724,0.5922796,0.5461578,2.442734,0.689907,0.3807789,2.374111,0.8247893,1.020444,2.578941
72057594037937085,0,0.8130773,5985.173,0.7333721,0.7102058,2.471929,0.8042812,1.139231,2.553868,0.6973504,0.9171273,2.522349,0.6141697,0.8125153,2.457412,0.7820382,0.8748795,2.398223,0.8228458,0.86993,2.387033,0.9033247,0.9175257,2.415708,0.9314298,0.7798393,2.355955,0.8089572,0.7138467,2.313428,0.7963072,0.7015091,2.338021,0.68646,0.7101827,2.458276,0.7638519,0.5073699,2.354967,0.672724,0.397495,2.491565,0.7673221,0.7046801,2.437724,0.5922796,0.5461578,2.442734,0.689907,0.3807789,2.374111,0.8247893,1.020444,2.578941
72057594037937085,0,0.8130773,5985.175,0.7333721,0.7102058,2.471929,0.8042812,1.139231,2.553868,0.6973504,0.9171273,2.522349,0.6141697,0.8125153,2.457412,0.7820382,0.8748795,2.398223,0.8228458,0.86993,2.387033,0.9033247,0.9175257,2.415708,0.9314298,0.7798393,2.355955,0.8089572,0.7138467,2.313428,0.7963072,0.7015091,2.338021,0.68646,0.7101827,2.458276,0.7638519,0.5073699,2.354967,0.672724,0.397495,2.491565,0.7673221,0.7046801,2.437724,0.5922796,0.5461578,2.442734,0.689907,0.3807789,2.374111,0.8247893,1.020444,2.578941
72057594037937085,0,0.8130773,5985.178,0.7333721,0.7102058,2.471929,0.8042812,1.139231,2.553868,0.6973504,0.9171273,2.522349,0.6141697,0.8125153,2.457412,0.7820382,0.8748795,2.398223,0.8228458,0.86993,2.387033,0.9033247,0.9175257,2.415708,0.9314298,0.7798393,2.355955,0.8089572,0.7138467,2.313428,0.7963072,0.7015091,2.338021,0.68646,0.7101827,2.458276,0.7638519,0.5073699,2.354967,0.672724,0.397495,2.491565,0.7673221,0.7046801,2.437724,0.5922796,0.5461578,2.442734,0.689907,0.3807789,2.374111,0.8247893,1.020444,2.578941
72057594037937085,0,0.8130773,5985.182,0.7333721,0.7102058,2.471929,0.8042812,1.139231,2.553868,0.6973504,0.9171273,2.522349,0.6141697,0.8125153,2.457412,0.7820382,0.8748795,2.398223,0.8228458,0.86993,2.387033,0.9033247,0.9175257,2.415708,0.9314298,0.7798393,2.355955,0.8089572,0.7138467,2.313428,0.7963072,0.7015091,2.338021,0.68646,0.7101827,2.458276,0.7638519,0.5073699,2.354967,0.672724,0.397495,2.491565,0.7673221,0.7046801,2.437724,0.5922796,0.5461578,2.442734,0.689907,0.3807789,2.374111,0.8247893,1.020444,2.578941
72057594037937085,0,0.8130773,5985.185,0.7333721,0.7102058,2.471929,0.8042812,1.139231,2.553868,0.6973504,0.9171273,2.522349,0.6141697,0.8125153,2.457412,0.7820382,0.8748795,2.398223,0.8228458,0.86993,2.387033,0.9033247,0.9175257,2.415708,0.9314298,0.7798393,2.355955,0.8089572,0.7138467,2.313428,0.7963072,0.7015091,2.338021,0.68646,0.7101827,2.458276,0.7638519,0.5073699,2.354967,0.672724,0.397495,2.491565,0.7673221,0.7046801,2.437724,0.5922796,0.5461578,2.442734,0.689907,0.3807789,2.374111,0.8247893,1.020444,2.578941
72057594037937085,0,0.8130773,5985.188,0.7333721,0.7102058,2.471929,0.8042812,1.139231,2.553868,0.6973504,0.9171273,2.522349,0.6141697,0.8125153,2.457412,0.7820382,0.8748795,2.398223,0.8228458,0.86993,2.387033,0.9033247,0.9175257,2.415708,0.9314298,0.7798393,2.355955,0.8089572,0.7138467,2.313428,0.7963072,0.7015091,2.338021,0.68646,0.7101827,2.458276,0.7638519,0.5073699,2.354967,0.672724,0.397495,2.491565,0.7673221,0.7046801,2.437724,0.5922796,0.5461578,2.442734,0.689907,0.3807789,2.374111,0.8247893,1.020444,2.578941
72057594037937085,0,0.8130773,5985.191,0.7333721,0.7102058,2.471929,0.8042812,1.139231,2.553868,0.6973504,0.9171273,2.522349,0.6141697,0.8125153,2.457412,0.7820382,0.8748795,2.398223,0.8228458,0.86993,2.387033,0.9033247,0.9175257,2.415708,0.9314298,0.7798393,2.355955,0.8089572,0.7138467,2.313428,0.7963072,0.7015091,2.338021,0.68646,0.7101827,2.458276,0.7638519,0.5073699,2.354967,0.672724,0.397495,2.491565,0.7673221,0.7046801,2.437724,0.5922796,0.5461578,2.442734,0.689907,0.3807789,2.374111,0.8247893,1.020444,2.578941
72057594037937085,0,0.8130773,5985.193,0.7333721,0.7102058,2.471929,0.8042812,1.139231,2.553868,0.6973504,0.9171273,2.522349,0.6141697,0.8125153,2.457412,0.7820382,0.8748795,2.398223,0.8228458,0.86993,2.387033,0.9033247,0.9175257,2.415708,0.9314298,0.7798393,2.355955,0.8089572,0.7138467,2.313428,0.7963072,0.7015091,2.338021,0.68646,0.7101827,2.458276,0.7638519,0.5073699,2.354967,0.672724,0.397495,2.491565,0.7673221,0.7046801,2.437724,0.5922796,0.5461578,2.442734,0.689907,0.3807789,2.374111,0.8247893,1.020444,2.578941
72057594037937085,0,0.8130773,5985.196,0.7333721,0.7102058,2.471929,0.8042812,1.139231,2.553868,0.6973504,0.9171273,2.522349,0.6141697,0.8125153,2.457412,0.7820382,0.8748795,2.398223,0.8228458,0.86993,2.387033,0.9033247,0.9175257,2.415708,0.9314298,0.7798393,2.355955,0.8089572,0.7138467,2.313428,0.7963072,0.7015091,2.338021,0.68646,0.7101827,2.458276,0.7638519,0.5073699,2.354967,0.672724,0.397495,2.491565,0.7673221,0.7046801,2.437724,0.5922796,0.5461578,2.442734,0.689907,0.3807789,2.374111,0.8247893,1.020444,2.578941
72057594037937085,0,0.8130773,5985.198,0.7333721,0.7102058,2.471929,0.8042812,1.139231,2.553868,0.6973504,0.9171273,2.522349,0.6141697,0.8125153,2.457412,0.7820382,0.8748795,2.398223,0.8228458,0.86993,2.387033,0.9033247,0.9175257,2.415708,0.9314298,0.7798393,2.355955,0.8089572,0.7138467,2.313428,0.7963072,0.7015091,2.338021,0.68646,0.7101827,2.458276,0.7638519,0.5073699,2.354967,0.672724,0.397495,2.491565,0.7673221,0.7046801,2.437724,0.5922796,0.5461578,2.442734,0.689907,0.3807789,2.374111,0.8247893,1.020444,2.578941
72057594037937085,0,0.8150949,5985.201,0.7342868,0.7092654,2.468922,0.8054274,1.138367,2.552752,0.6971406,0.9170817,2.521497,0.6147871,0.8125759,2.455183,0.7826002,0.8811453,2.395699,0.8246087,0.8757474,2.388937,0.8978273,0.9152358,2.415071,0.9349504,0.7819936,2.357087,0.8127363,0.7157522,2.314129,0.8007139,0.7151073,2.338226,0.6865676,0.7094256,2.457031,0.7354156,0.4918697,2.369905,0.7501301,0.6919583,2.379996,0.7693071,0.7037106,2.433519,0.5974374,0.5423775,2.438762,0.692123,0.373688,2.375006,0.825852,1.02001,2.577554
72057594037937085,0,0.8150949,5985.204,0.7342868,0.7092654,2.468922,0.8054274,1.138367,2.552752,0.6971406,0.9170817,2.521497,0.6147871,0.8125759,2.455183,0.7826002,0.8811453,2.395699,0.8246087,0.8757474,2.388937,0.8978273,0.9152358,2.415071,0.9349504,0.7819936,2.357087,0.8127363,0.7157522,2.314129,0.8007139,0.7151073,2.338226,0.6865676,0.7094256,2.457031,0.7354156,0.4918697,2.369905,0.7501301,0.6919583,2.379996,0.7693071,0.7037106,2.433519,0.5974374,0.5423775,2.438762,0.692123,0.373688,2.375006,0.825852,1.02001,2.577554
72057594037937085,0,0.8150949,5985.207,0.7342868,0.7092654,2.468922,0.8054274,1.138367,2.552752,0.6971406,0.9170817,2.521497,0.6147871,0.8125759,2.455183,0.7826002,0.8811453,2.395699,0.8246087,0.8757474,2.388937,0.8978273,0.9152358,2.415071,0.9349504,0.7819936,2.357087,0.8127363,0.7157522,2.314129,0.8007139,0.7151073,2.338226,0.6865676,0.7094256,2.457031,0.7354156,0.4918697,2.369905,0.7501301,0.6919583,2.379996,0.7693071,0.7037106,2.433519,0.5974374,0.5423775,2.438762,0.692123,0.373688,2.375006,0.825852,1.02001,2.577554
72057594037937085,0,0.8150949,5985.209,0.7342868,0.7092654,2.468922,0.8054274,1.138367,2.552752,0.6971406,0.9170817,2.521497,0.6147871,0.8125759,2.455183,0.7826002,0.8811453,2.395699,0.8246087,0.8757474,2.388937,0.8978273,0.9152358,2.415071,0.9349504,0.7819936,2.357087,0.8127363,0.7157522,2.314129,0.8007139,0.7151073,2.338226,0.6865676,0.7094256,2.457031,0.7354156,0.4918697,2.369905,0.7501301,0.6919583,2.379996,0.7693071,0.7037106,2.433519,0.5974374,0.5423775,2.438762,0.692123,0.373688,2.375006,0.825852,1.02001,2.577554
72057594037937085,0,0.8150949,5985.212,0.7342868,0.7092654,2.468922,0.8054274,1.138367,2.552752,0.6971406,0.9170817,2.521497,0.6147871,0.8125759,2.455183,0.7826002,0.8811453,2.395699,0.8246087,0.8757474,2.388937,0.8978273,0.9152358,2.415071,0.9349504,0.7819936,2.357087,0.8127363,0.7157522,2.314129,0.8007139,0.7151073,2.338226,0.6865676,0.7094256,2.457031,0.7354156,0.4918697,2.369905,0.7501301,0.6919583,2.379996,0.7693071,0.7037106,2.433519,0.5974374,0.5423775,2.438762,0.692123,0.373688,2.375006,0.825852,1.02001,2.577554
72057594037937085,0,0.8150949,5985.214,0.7342868,0.7092654,2.468922,0.8054274,1.138367,2.552752,0.6971406,0.9170817,2.521497,0.6147871,0.8125759,2.455183,0.7826002,0.8811453,2.395699,0.8246087,0.8757474,2.388937,0.8978273,0.9152358,2.415071,0.9349504,0.7819936,2.357087,0.8127363,0.7157522,2.314129,0.8007139,0.7151073,2.338226,0.6865676,0.7094256,2.457031,0.7354156,0.4918697,2.369905,0.7501301,0.6919583,2.379996,0.7693071,0.7037106,2.433519,0.5974374,0.5423775,2.438762,0.692123,0.373688,2.375006,0.825852,1.02001,2.577554
72057594037937085,0,0.8150949,5985.217,0.7342868,0.7092654,2.468922,0.8054274,1.138367,2.552752,0.6971406,0.9170817,2.521497,0.6147871,0.8125759,2.455183,0.7826002,0.8811453,2.395699,0.8246087,0.8757474,2.388937,0.8978273,0.9152358,2.415071,0.9349504,0.7819936,2.357087,0.8127363,0.7157522,2.314129,0.8007139,0.7151073,2.338226,0.6865676,0.7094256,2.457031,0.7354156,0.4918697,2.369905,0.7501301,0.6919583,2.379996,0.7693071,0.7037106,2.433519,0.5974374,0.5423775,2.438762,0.692123,0.373688,2.375006,0.825852,1.02001,2.577554
72057594037937085,0,0.8150949,5985.22,0.7342868,0.7092654,2.468922,0.8054274,1.138367,2.552752,0.6971406,0.9170817,2.521497,0.6147871,0.8125759,2.455183,0.7826002,0.8811453,2.395699,0.8246087,0.8757474,2.388937,0.8978273,0.9152358,2.415071,0.9349504,0.7819936,2.357087,0.8127363,0.7157522,2.314129,0.8007139,0.7151073,2.338226,0.6865676,0.7094256,2.457031,0.7354156,0.4918697,2.369905,0.7501301,0.6919583,2.379996,0.7693071,0.7037106,2.433519,0.5974374,0.5423775,2.438762,0.692123,0.373688,2.375006,0.825852,1.02001,2.577554
72057594037937085,0,0.8150949,5985.224,0.7342868,0.7092654,2.468922,0.8054274,1.138367,2.552752,0.6971406,0.9170817,2.521497,0.6147871,0.8125759,2.455183,0.7826002,0.8811453,2.395699,0.8246087,0.8757474,2.388937,0.8978273,0.9152358,2.415071,0.9349504,0.7819936,2.357087,0.8127363,0.7157522,2.314129,0.8007139,0.7151073,2.338226,0.6865676,0.7094256,2.457031,0.7354156,0.4918697,2.369905,0.7501301,0.6919583,2.379996,0.7693071,0.7037106,2.433519,0.5974374,0.5423775,2.438762,0.692123,0.373688,2.375006,0.825852,1.02001,2.577554
72057594037937085,0,0.8150949,5985.228,0.7342868,0.7092654,2.468922,0.8054274,1.138367,2.552752,0.6971406,0.9170817,2.521497,0.6147871,0.8125759,2.455183,0.7826002,0.8811453,2.395699,0.8246087,0.8757474,2.388937,0.8978273,0.9152358,2.415071,0.9349504,0.7819936,2.357087,0.8127363,0.7157522,2.314129,0.8007139,0.7151073,2.338226,0.6865676,0.7094256,2.457031,0.7354156,0.4918697,2.369905,0.7501301,0.6919583,2.379996,0.7693071,0.7037106,2.433519,0.5974374,0.5423775,2.438762,0.692123,0.373688,2.375006,0.825852,1.02001,2.577554
72057594037937085,0,0.8150949,5985.231,0.7342868,0.7092654,2.468922,0.8054274,1.138367,2.552752,0.6971406,0.9170817,2.521497,0.6147871,0.8125759,2.455183,0.7826002,0.8811453,2.395699,0.8246087,0.8757474,2.388937,0.8978273,0.9152358,2.415071,0.9349504,0.7819936,2.357087,0.8127363,0.7157522,2.314129,0.8007139,0.7151073,2.338226,0.6865676,0.7094256,2.457031,0.7354156,0.4918697,2.369905,0.7501301,0.6919583,2.379996,0.7693071,0.7037106,2.433519,0.5974374,0.5423775,2.438762,0.692123,0.373688,2.375006,0.825852,1.02001,2.577554
72057594037937085,0,0.8150949,5985.234,0.7342868,0.7092654,2.468922,0.8054274,1.138367,2.552752,0.6971406,0.9170817,2.521497,0.6147871,0.8125759,2.455183,0.7826002,0.8811453,2.395699,0.8246087,0.8757474,2.388937,0.8978273,0.9152358,2.415071,0.9349504,0.7819936,2.357087,0.8127363,0.7157522,2.314129,0.8007139,0.7151073,2.338226,0.6865676,0.7094256,2.457031,0.7354156,0.4918697,2.369905,0.7501301,0.6919583,2.379996,0.7693071,0.7037106,2.433519,0.5974374,0.5423775,2.438762,0.692123,0.373688,2.375006,0.825852,1.02001,2.577554
72057594037937085,0,0.8194753,5985.237,0.7380228,0.7095118,2.465902,0.8055258,1.138253,2.551652,0.6972932,0.9174417,2.520972,0.6154354,0.8145907,2.451824,0.7322714,0.9094356,2.387071,0.7757711,0.8945594,2.406594,0.8634494,0.9481059,2.45984,0.9648461,0.829178,2.370479,0.8628286,0.7370418,2.32335,0.8297684,0.7371291,2.332052,0.6889431,0.7083797,2.454556,0.7129408,0.4802344,2.393121,0.7321772,0.6806585,2.376203,0.774551,0.7054988,2.430595,0.5974551,0.5509915,2.441143,0.6917319,0.3867426,2.364651,0.8263927,1.019728,2.575664
72057594037937085,0,0.8194753,5985.24,0.7380228,0.7095118,2.465902,0.8055258,1.138253,2.551652,0.6972932,0.9174417,2.520972,0.6154354,0.8145907,2.451824,0.7322714,0.9094356,2.387071,0.7757711,0.8945594,2.406594,0.8634494,0.9481059,2.45984,0.9648461,0.829178,2.370479,0.8628286,0.7370418,2.32335,0.8297684,0.7371291,2.332052,0.6889431,0.7083797,2.454556,0.7129408,0.4802344,2.393121,0.7321772,0.6806585,2.376203,0.774551,0.7054988,2.430595,0.5974551,0.5509915,2.441143,0.6917319,0.3867426,2.364651,0.8263927,1.019728,2.575664
72057594037937085,0,0.8194753,5985.244,0.7380228,0.7095118,2.465902,0.8055258,1.138253,2.551652,0.6972932,0.9174417,2.520972,0.6154354,0.8145907,2.451824,0.7322714,0.9094356,2.387071,0.7757711,0.8945594,2.406594,0.8634494,0.9481059,2.45984,0.9648461,0.829178,2.370479,0.8628286,0.7370418,2.32335,0.8297684,0.7371291,2.332052,0.6889431,0.7083797,2.454556,0.7129408,0.4802344,2.393121,0.7321772,0.6806585,2.376203,0.774551,0.7054988,2.430595,0.5974551,0.5509915,2.441143,0.6917319,0.3867426,2.364651,0.8263927,1.019728,2.575664
72057594037937085,0,0.8194753,5985.247,0.7380228,0.7095118,2.465902,0.8055258,1.138253,2.551652,0.6972932,0.9174417,2.520972,0.6154354,0.8145907,2.451824,0.7322714,0.9094356,2.387071,0.7757711,0.8945594,2.406594,0.8634494,0.9481059,2.45984,0.9648461,0.829178,2.370479,0.8628286,0.7370418,2.32335,0.8297684,0.7371291,2.332052,0.6889431,0.7083797,2.454556,0.7129408,0.4802344,2.393121,0.7321772,0.6806585,2.376203,0.774551,0.7054988,2.430595,0.5974551,0.5509915,2.441143,0.6917319,0.3867426,2.364651,0.8263927,1.019728,2.575664
72057594037937085,0,0.8194753,5985.25,0.7380228,0.7095118,2.465902,0.8055258,1.138253,2.551652,0.6972932,0.9174417,2.520972,0.6154354,0.8145907,2.451824,0.7322714,0.9094356,2.387071,0.7757711,0.8945594,2.406594,0.8634494,0.9481059,2.45984,0.9648461,0.829178,2.370479,0.8628286,0.7370418,2.32335,0.8297684,0.7371291,2.332052,0.6889431,0.7083797,2.454556,0.7129408,0.4802344,2.393121,0.7321772,0.6806585,2.376203,0.774551,0.7054988,2.430595,0.5974551,0.5509915,2.441143,0.6917319,0.3867426,2.364651,0.8263927,1.019728,2.575664
72057594037937085,0,0.8194753,5985.252,0.7380228,0.7095118,2.465902,0.8055258,1.138253,2.551652,0.6972932,0.9174417,2.520972,0.6154354,0.8145907,2.451824,0.7322714,0.9094356,2.387071,0.7757711,0.8945594,2.406594,0.8634494,0.9481059,2.45984,0.9648461,0.829178,2.370479,0.8628286,0.7370418,2.32335,0.8297684,0.7371291,2.332052,0.6889431,0.7083797,2.454556,0.7129408,0.4802344,2.393121,0.7321772,0.6806585,2.376203,0.774551,0.7054988,2.430595,0.5974551,0.5509915,2.441143,0.6917319,0.3867426,2.364651,0.8263927,1.019728,2.575664
72057594037937085,0,0.8194753,5985.255,0.7380228,0.7095118,2.465902,0.8055258,1.138253,2.551652,0.6972932,0.9174417,2.520972,0.6154354,0.8145907,2.451824,0.7322714,0.9094356,2.387071,0.7757711,0.8945594,2.406594,0.8634494,0.9481059,2.45984,0.9648461,0.829178,2.370479,0.8628286,0.7370418,2.32335,0.8297684,0.7371291,2.332052,0.6889431,0.7083797,2.454556,0.7129408,0.4802344,2.393121,0.7321772,0.6806585,2.376203,0.774551,0.7054988,2.430595,0.5974551,0.5509915,2.441143,0.6917319,0.3867426,2.364651,0.8263927,1.019728,2.575664
72057594037937085,0,0.8194753,5985.258,0.7380228,0.7095118,2.465902,0.8055258,1.138253,2.551652,0.6972932,0.9174417,2.520972,0.6154354,0.8145907,2.451824,0.7322714,0.9094356,2.387071,0.7757711,0.8945594,2.406594,0.8634494,0.9481059,2.45984,0.9648461,0.829178,2.370479,0.8628286,0.7370418,2.32335,0.8297684,0.7371291,2.332052,0.6889431,0.7083797,2.454556,0.7129408,0.4802344,2.393121,0.7321772,0.6806585,2.376203,0.774551,0.7054988,2.430595,0.5974551,0.5509915,2.441143,0.6917319,0.3867426,2.364651,0.8263927,1.019728,2.575664
72057594037937085,0,0.8194753,5985.26,0.7380228,0.7095118,2.465902,0.8055258,1.138253,2.551652,0.6972932,0.9174417,2.520972,0.6154354,0.8145907,2.451824,0.7322714,0.9094356,2.387071,0.7757711,0.8945594,2.406594,0.8634494,0.9481059,2.45984,0.9648461,0.829178,2.370479,0.8628286,0.7370418,2.32335,0.8297684,0.7371291,2.332052,0.6889431,0.7083797,2.454556,0.7129408,0.4802344,2.393121,0.7321772,0.6806585,2.376203,0.774551,0.7054988,2.430595,0.5974551,0.5509915,2.441143,0.6917319,0.3867426,2.364651,0.8263927,1.019728,2.575664
72057594037937085,0,0.8194753,5985.263,0.7380228,0.7095118,2.465902,0.8055258,1.138253,2.551652,0.6972932,0.9174417,2.520972,0.6154354,0.8145907,2.451824,0.7322714,0.9094356,2.387071,0.7757711,0.8945594,2.406594,0.8634494,0.9481059,2.45984,0.9648461,0.829178,2.370479,0.8628286,0.7370418,2.32335,0.8297684,0.7371291,2.332052,0.6889431,0.7083797,2.454556,0.7129408,0.4802344,2.393121,0.7321772,0.6806585,2.376203,0.774551,0.7054988,2.430595,0.5974551,0.5509915,2.441143,0.6917319,0.3867426,2.364651,0.8263927,1.019728,2.575664
72057594037937085,0,0.8194753,5985.266,0.7380228,0.7095118,2.465902,0.8055258,1.138253,2.551652,0.6972932,0.9174417,2.520972,0.6154354,0.8145907,2.451824,0.7322714,0.9094356,2.387071,0.7757711,0.8945594,2.406594,0.8634494,0.9481059,2.45984,0.9648461,0.829178,2.370479,0.8628286,0.7370418,2.32335,0.8297684,0.7371291,2.332052,0.6889431,0.7083797,2.454556,0.7129408,0.4802344,2.393121,0.7321772,0.6806585,2.376203,0.774551,0.7054988,2.430595,0.5974551,0.5509915,2.441143,0.6917319,0.3867426,2.364651,0.8263927,1.019728,2.575664
72057594037937085,0,0.8195542,5985.269,0.7387526,0.7109626,2.466796,0.8058985,1.137678,2.55096,0.6980254,0.9187547,2.520019,0.6156976,0.8164725,2.449973,0.7307813,0.9094336,2.389349,0.7679287,0.8995481,2.406061,0.8315825,0.9871244,2.509449,0.9337048,0.8623796,2.397166,0.8761995,0.7474933,2.327905,0.8404384,0.7418137,2.33017,0.6900403,0.7085259,2.456985,0.7087904,0.4817464,2.385793,0.789052,0.663795,2.349696,0.7752052,0.7092706,2.430664,0.6004801,0.5521296,2.440107,0.7063151,0.4001108,2.353421,0.8267347,1.019627,2.575175
72057594037937085,0,0.8195542,5985.272,0.7387526,0.7109626,2.466796,0.8058985,1.137678,2.55096,0.6980254,0.9187547,2.520019,0.6156976,0.8164725,2.449973,0.7307813,0.9094336,2.389349,0.7679287,0.8995481,2.406061,0.8315825,0.9871244,2.509449,0.9337048,0.8623796,2.397166,0.8761995,0.7474933,2.327905,0.8404384,0.7418137,2.33017,0.6900403,0.7085259,2.456985,0.7087904,0.4817464,2.385793,0.789052,0.663795,2.349696,0.7752052,0.7092706,2.430664,0.6004801,0.5521296,2.440107,0.7063151,0.4001108,2.353421,0.8267347,1.019627,2.575175
72057594037937085,0,0.8195542,5985.275,0.7387526,0.7109626,2.466796,0.8058985,1.137678,2.55096,0.6980254,0.9187547,2.520019,0.6156976,0.8164725,2.449973,0.7307813,0.9094336,2.389349,0.7679287,0.8995481,2.406061,0.8315825,0.9871244,2.509449,0.9337048,0.8623796,2.397166,0.8761995,0.7474933,2.327905,0.8404384,0.7418137,2.33017,0.6900403,0.7085259,2.456985,0.7087904,0.4817464,2.385793,0.789052,0.663795,2.349696,0.7752052,0.7092706,2.430664,0.6004801,0.5521296,2.440107,0.7063151,0.4001108,2.353421,0.8267347,1.019627,2.575175
72057594037937085,0,0.8195542,5985.277,0.7387526,0.7109626,2.466796,0.8058985,1.137678,2.55096,0.6980254,0.9187547,2.520019,0.6156976,0.8164725,2.449973,0.7307813,0.9094336,2.389349,0.7679287,0.8995481,2.406061,0.8315825,0.9871244,2.509449,0.9337048,0.8623796,2.397166,0.8761995,0.7474933,2.327905,0.8404384,0.7418137,2.33017,0.6900403,0.7085259,2.456985,0.7087904,0.4817464,2.385793,0.789052,0.663795,2.349696,0.7752052,0.7092706,2.430664,0.6004801,0.5521296,2.440107,0.7063151,0.4001108,2.353421,0.8267347,1.019627,2.575175
72057594037937085,0,0.8195542,5985.28,0.7387526,0.7109626,2.466796,0.8058985,1.137678,2.55096,0.6980254,0.9187547,2.520019,0.6156976,0.8164725,2.449973,0.7307813,0.9094336,2.389349,0.7679287,0.8995481,2.406061,0.8315825,0.9871244,2.509449,0.9337048,0.8623796,2.397166,0.8761995,0.7474933,2.327905,0.8404384,0.7418137,2.33017,0.6900403,0.7085259,2.456985,0.7087904,0.4817464,2.385793,0.789052,0.663795,2.349696,0.7752052,0.7092706,2.430664,0.6004801,0.5521296,2.440107,0.7063151,0.4001108,2.353421,0.8267347,1.019627,2.575175
72057594037937085,0,0.8195542,5985.283,0.7387526,0.7109626,2.466796,0.8058985,1.137678,2.55096,0.6980254,0.9187547,2.520019,0.6156976,0.8164725,2.449973,0.7307813,0.9094336,2.389349,0.7679287,0.8995481,2.406061,0.8315825,0.9871244,2.509449,0.9337048,0.8623796,2.397166,0.8761995,0.7474933,2.327905,0.8404384,0.7418137,2.33017,0.6900403,0.7085259,2.456985,0.7087904,0.4817464,2.385793,0.789052,0.663795,2.349696,0.7752052,0.7092706,2.430664,0.6004801,0.5521296,2.440107,0.7063151,0.4001108,2.353421,0.8267347,1.019627,2.575175
72057594037937085,0,0.8195542,5985.287,0.7387526,0.7109626,2.466796,0.8058985,1.137678,2.55096,0.6980254,0.9187547,2.520019,0.6156976,0.8164725,2.449973,0.7307813,0.9094336,2.389349,0.7679287,0.8995481,2.406061,0.8315825,0.9871244,2.509449,0.9337048,0.8623796,2.397166,0.8761995,0.7474933,2.327905,0.8404384,0.7418137,2.33017,0.6900403,0.7085259,2.456985,0.7087904,0.4817464,2.385793,0.789052,0.663795,2.349696,0.7752052,0.7092706,2.430664,0.6004801,0.5521296,2.440107,0.7063151,0.4001108,2.353421,0.8267347,1.019627,2.575175
72057594037937085,0,0.8195542,5985.291,0.7387526,0.7109626,2.466796,0.8058985,1.137678,2.55096,0.6980254,0.9187547,2.520019,0.6156976,0.8164725,2.449973,0.7307813,0.9094336,2.389349,0.7679287,0.8995481,2.406061,0.8315825,0.9871244,2.509449,0.9337048,0.8623796,2.397166,0.8761995,0.7474933,2.327905,0.8404384,0.7418137,2.33017,0.6900403,0.7085259,2.456985,0.7087904,0.4817464,2.385793,0.789052,0.663795,2.349696,0.7752052,0.7092706,2.430664,0.6004801,0.5521296,2.440107,0.7063151,0.4001108,2.353421,0.8267347,1.019627,2.575175
72057594037937085,0,0.8195542,5985.293,0.7387526,0.7109626,2.466796,0.8058985,1.137678,2.55096,0.6980254,0.9187547,2.520019,0.6156976,0.8164725,2.449973,0.7307813,0.9094336,2.389349,0.7679287,0.8995481,2.406061,0.8315825,0.9871244,2.509449,0.9337048,0.8623796,2.397166,0.8761995,0.7474933,2.327905,0.8404384,0.7418137,2.33017,0.6900403,0.7085259,2.456985,0.7087904,0.4817464,2.385793,0.789052,0.663795,2.349696,0.7752052,0.7092706,2.430664,0.6004801,0.5521296,2.440107,0.7063151,0.4001108,2.353421,0.8267347,1.019627,2.575175
72057594037937085,0,0.8195542,5985.295,0.7387526,0.7109626,2.466796,0.8058985,1.137678,2.55096,0.6980254,0.9187547,2.520019,0.6156976,0.8164725,2.449973,0.7307813,0.9094336,2.389349,0.7679287,0.8995481,2.406061,0.8315825,0.9871244,2.509449,0.9337048,0.8623796,2.397166,0.8761995,0.7474933,2.327905,0.8404384,0.7418137,2.33017,0.6900403,0.7085259,2.456985,0.7087904,0.4817464,2.385793,0.789052,0.663795,2.349696,0.7752052,0.7092706,2.430664,0.6004801,0.5521296,2.440107,0.7063151,0.4001108,2.353421,0.8267347,1.019627,2.575175
72057594037937085,0,0.8195542,5985.298,0.7387526,0.7109626,2.466796,0.8058985,1.137678,2.55096,0.6980254,0.9187547,2.520019,0.6156976,0.8164725,2.449973,0.7307813,0.9094336,2.389349,0.7679287,0.8995481,2.406061,0.8315825,0.9871244,2.509449,0.9337048,0.8623796,2.397166,0.8761995,0.7474933,2.327905,0.8404384,0.7418137,2.33017,0.6900403,0.7085259,2.456985,0.7087904,0.4817464,2.385793,0.789052,0.663795,2.349696,0.7752052,0.7092706,2.430664,0.6004801,0.5521296,2.440107,0.7063151,0.4001108,2.353421,0.8267347,1.019627,2.575175
72057594037937085,0,0.8181053,5985.301,0.7378893,0.7120715,2.468095,0.8061521,1.137023,2.549948,0.6979684,0.9188809,2.51979,0.6158881,0.8163802,2.449464,0.7297199,0.908104,2.390974,0.7715366,0.8953606,2.404853,0.8307031,0.9779003,2.498485,0.9316428,0.8511975,2.387038,0.8049432,0.7073588,2.354769,0.7312716,0.6448198,2.358741,0.6892362,0.7092186,2.457318,0.7064627,0.4819109,2.387126,0.8367038,0.6154006,2.304995,0.7741028,0.7105937,2.433813,0.5961946,0.5569748,2.444094,0.7018918,0.4047111,2.356763,0.8269933,1.019537,2.574713
72057594037937085,0,0.8181053,5985.305,0.7378893,0.7120715,2.468095,0.8061521,1.137023,2.549948,0.6979684,0.9188809,2.51979,0.6158881,0.8163802,2.449464,0.7297199,0.908104,2.390974,0.7715366,0.8953606,2.404853,0.8307031,0.9779003,2.498485,0.9316428,0.8511975,2.387038,0.8049432,0.7073588,2.354769,0.7312716,0.6448198,2.358741,0.6892362,0.7092186,2.457318,0.7064627,0.4819109,2.387126,0.8367038,0.6154006,2.304995,0.7741028,0.7105937,2.433813,0.5961946,0.5569748,2.444094,0.7018918,0.4047111,2.356763,0.8269933,1.019537,2.574713
72057594037937085,0,0.8181053,5985.307,0.7378893,0.7120715,2.468095,0.8061521,1.137023,2.549948,0.6979684,0.9188809,2.51979,0.6158881,0.8163802,2.449464,0.7297199,0.908104,2.390974,0.7715366,0.8953606,2.404853,0.8307031,0.9779003,2.498485,0.9316428,0.8511975,2.387038,0.8049432,0.7073588,2.354769,0.7312716,0.6448198,2.358741,0.6892362,0.7092186,2.457318,0.7064627,0.4819109,2.387126,0.8367038,0.6154006,2.304995,0.7741028,0.7105937,2.433813,0.5961946,0.5569748,2.444094,0.7018918,0.4047111,2.356763,0.8269933,1.019537,2.574713
72057594037937085,0,0.8181053,5985.31,0.7378893,0.7120715,2.468095,0.8061521,1.137023,2.549948,0.6979684,0.9188809,2.51979,0.6158881,0.8163802,2.449464,0.7297199,0.908104,2.390974,0.7715366,0.8953606,2.404853,0.8307031,0.9779003,2.498485,0.9316428,0.8511975,2.387038,0.8049432,0.7073588,2.354769,0.7312716,0.6448198,2.358741,0.6892362,0.7092186,2.457318,0.7064627,0.4819109,2.387126,0.8367038,0.6154006,2.304995,0.7741028,0.7105937,2.433813,0.5961946,0.5569748,2.444094,0.7018918,0.4047111,2.356763,0.8269933,1.019537,2.574713
72057594037937085,0,0.8181053,5985.312,0.7378893,0.7120715,2.468095,0.8061521,1.137023,2.549948,0.6979684,0.9188809,2.51979,0.6158881,0.8163802,2.449464,0.7297199,0.908104,2.390974,0.7715366,0.8953606,2.404853,0.8307031,0.9779003,2.498485,0.9316428,0.8511975,2.387038,0.8049432,0.7073588,2.354769,0.7312716,0.6448198,2.358741,0.6892362,0.7092186,2.457318,0.7064627,0.4819109,2.387126,0.8367038,0.6154006,2.304995,0.7741028,0.7105937,2.433813,0.5961946,0.5569748,2.444094,0.7018918,0.4047111,2.356763,0.8269933,1.019537,2.574713
72057594037937085,0,0.8181053,5985.314,0.7378893,0.7120715,2.468095,0.8061521,1.137023,2.549948,0.6979684,0.9188809,2.51979,0.6158881,0.8163802,2.449464,0.7297199,0.908104,2.390974,0.7715366,0.8953606,2.404853,0.8307031,0.9779003,2.498485,0.9316428,0.8511975,2.387038,0.8049432,0.7073588,2.354769,0.7312716,0.6448198,2.358741,0.6892362,0.7092186,2.457318,0.7064627,0.4819109,2.387126,0.8367038,0.6154006,2.304995,0.7741028,0.7105937,2.433813,0.5961946,0.5569748,2.444094,0.7018918,0.4047111,2.356763,0.8269933,1.019537,2.574713
72057594037937085,0,0.8181053,5985.317,0.7378893,0.7120715,2.468095,0.8061521,1.137023,2.549948,0.6979684,0.9188809,2.51979,0.6158881,0.8163802,2.449464,0.7297199,0.908104,2.390974,0.7715366,0.8953606,2.404853,0.8307031,0.9779003,2.498485,0.9316428,0.8511975,2.387038,0.8049432,0.7073588,2.354769,0.7312716,0.6448198,2.358741,0.6892362,0.7092186,2.457318,0.7064627,0.4819109,2.387126,0.8367038,0.6154006,2.304995,0.7741028,0.7105937,2.433813,0.5961946,0.5569748,2.444094,0.7018918,0.4047111,2.356763,0.8269933,1.019537,2.574713
72057594037937085,0,0.8181053,5985.321,0.7378893,0.7120715,2.468095,0.8061521,1.137023,2.549948,0.6979684,0.9188809,2.51979,0.6158881,0.8163802,2.449464,0.7297199,0.908104,2.390974,0.7715366,0.8953606,2.404853,0.8307031,0.9779003,2.498485,0.9316428,0.8511975,2.387038,0.8049432,0.7073588,2.354769,0.7312716,0.6448198,2.358741,0.6892362,0.7092186,2.457318,0.7064627,0.4819109,2.387126,0.8367038,0.6154006,2.304995,0.7741028,0.7105937,2.433813,0.5961946,0.5569748,2.444094,0.7018918,0.4047111,2.356763,0.8269933,1.019537,2.574713
72057594037937085,0,0.8181053,5985.324,0.7378893,0.7120715,2.468095,0.8061521,1.137023,2.549948,0.6979684,0.9188809,2.51979,0.6158881,0.8163802,2.449464,0.7297199,0.908104,2.390974,0.7715366,0.8953606,2.404853,0.8307031,0.9779003,2.498485,0.9316428,0.8511975,2.387038,0.8049432,0.7073588,2.354769,0.7312716,0.6448198,2.358741,0.6892362,0.7092186,2.457318,0.7064627,0.4819109,2.387126,0.8367038,0.6154006,2.304995,0.7741028,0.7105937,2.433813,0.5961946,0.5569748,2.444094,0.7018918,0.4047111,2.356763,0.8269933,1.019537,2.574713
72057594037937085,0,0.8181053,5985.327,0.7378893,0.7120715,2.468095,0.8061521,1.137023,2.549948,0.6979684,0.9188809,2.51979,0.6158881,0.8163802,2.449464,0.7297199,0.908104,2.390974,0.7715366,0.8953606,2.404853,0.8307031,0.9779003,2.498485,0.9316428,0.8511975,2.387038,0.8049432,0.7073588,2.354769,0.7312716,0.6448198,2.358741,0.6892362,0.7092186,2.457318,0.7064627,0.4819109,2.387126,0.8367038,0.6154006,2.304995,0.7741028,0.7105937,2.433813,0.5961946,0.5569748,2.444094,0.7018918,0.4047111,2.356763,0.8269933,1.019537,2.574713
72057594037937085,0,0.8181053,5985.329,0.7378893,0.7120715,2.468095,0.8061521,1.137023,2.549948,0.6979684,0.9188809,2.51979,0.6158881,0.8163802,2.449464,0.7297199,0.908104,2.390974,0.7715366,0.8953606,2.404853,0.8307031,0.9779003,2.498485,0.9316428,0.8511975,2.387038,0.8049432,0.7073588,2.354769,0.7312716,0.6448198,2.358741,0.6892362,0.7092186,2.457318,0.7064627,0.4819109,2.387126,0.8367038,0.6154006,2.304995,0.7741028,0.7105937,2.433813,0.5961946,0.5569748,2.444094,0.7018918,0.4047111,2.356763,0.8269933,1.019537,2.574713
72057594037937085,0,0.8181053,5985.332,0.7378893,0.7120715,2.468095,0.8061521,1.137023,2.549948,0.6979684,0.9188809,2.51979,0.6158881,0.8163802,2.449464,0.7297199,0.908104,2.390974,0.7715366,0.8953606,2.404853,0.8307031,0.9779003,2.498485,0.9316428,0.8511975,2.387038,0.8049432,0.7073588,2.354769,0.7312716,0.6448198,2.358741,0.6892362,0.7092186,2.457318,0.7064627,0.4819109,2.387126,0.8367038,0.6154006,2.304995,0.7741028,0.7105937,2.433813,0.5961946,0.5569748,2.444094,0.7018918,0.4047111,2.356763,0.8269933,1.019537,2.574713
72057594037937085,0,0.8188033,5985.334,0.7388794,0.713115,2.468102,0.8035755,1.140112,2.542386,0.6958504,0.923286,2.510399,0.6166643,0.8129992,2.450155,0.7100204,0.9155478,2.449961,0.7333637,0.9058398,2.429706,0.8320986,0.9824153,2.500448,0.9316753,0.8546426,2.388544,0.8701618,0.7423692,2.317659,0.8302982,0.7391281,2.327757,0.6908638,0.7098349,2.457926,0.7149956,0.4851552,2.380211,0.8410397,0.6239317,2.300214,0.7745483,0.7119373,2.433156,0.6019285,0.5515933,2.438231,0.5567284,0.353942,2.447768,0.8249494,1.021138,2.567637
72057594037937085,0,0.8188033,5985.338,0.7388794,0.713115,2.468102,0.8035755,1.140112,2.542386,0.6958504,0.923286,2.510399,0.6166643,0.8129992,2.450155,0.7100204,0.9155478,2.449961,0.7333637,0.9058398,2.429706,0.8320986,0.9824153,2.500448,0.9316753,0.8546426,2.388544,0.8701618,0.7423692,2.317659,0.8302982,0.7391281,2.327757,0.6908638,0.7098349,2.457926,0.7149956,0.4851552,2.380211,0.8410397,0.6239317,2.300214,0.7745483,0.7119373,2.433156,0.6019285,0.5515933,2.438231,0.5567284,0.353942,2.447768,0.8249494,1.021138,2.567637
72057594037937085,0,0.8188033,5985.34,0.7388794,0.713115,2.468102,0.8035755,1.140112,2.542386,0.6958504,0.923286,2.510399,0.6166643,0.8129992,2.450155,0.7100204,0.9155478,2.449961,0.7333637,0.9058398,2.429706,0.8320986,0.9824153,2.500448,0.9316753,0.8546426,2.388544,0.8701618,0.7423692,2.317659,0.8302982,0.7391281,2.327757,0.6908638,0.7098349,2.457926,0.7149956,0.4851552,2.380211,0.8410397,0.6239317,2.300214,0.7745483,0.7119373,2.433156,0.6019285,0.5515933,2.438231,0.5567284,0.353942,2.447768,0.8249494,1.021138,2.567637
72057594037937085,0,0.8188033,5985.344,0.7388794,0.713115,2.468102,0.8035755,1.140112,2.542386,0.6958504,0.923286,2.510399,0.6166643,0.8129992,2.450155,0.7100204,0.9155478,2.449961,0.7333637,0.9058398,2.429706,0.8320986,0.9824153,2.500448,0.9316753,0.8546426,2.388544,0.8701618,0.7423692,2.317659,0.8302982,0.7391281,2.327757,0.6908638,0.7098349,2.457926,0.7149956,0.4851552,2.380211,0.8410397,0.6239317,2.300214,0.7745483,0.7119373,2.433156,0.6019285,0.5515933,2.438231,0.5567284,0.353942,2.447768,0.8249494,1.021138,2.567637
72057594037937085,0,0.8188033,5985.346,0.7388794,0.713115,2.468102,0.8035755,1.140112,2.542386,0.6958504,0.923286,2.510399,0.6166643,0.8129992,2.450155,0.7100204,0.9155478,2.449961,0.7333637,0.9058398,2.429706,0.8320986,0.9824153,2.500448,0.9316753,0.8546426,2.388544,0.8701618,0.7423692,2.317659,0.8302982,0.7391281,2.327757,0.6908638,0.7098349,2.457926,0.7149956,0.4851552,2.380211,0.8410397,0.6239317,2.300214,0.7745483,0.7119373,2.433156,0.6019285,0.5515933,2.438231,0.5567284,0.353942,2.447768,0.8249494,1.021138,2.567637
72057594037937085,0,0.8188033,5985.349,0.7388794,0.713115,2.468102,0.8035755,1.140112,2.542386,0.6958504,0.923286,2.510399,0.6166643,0.8129992,2.450155,0.7100204,0.9155478,2.449961,0.7333637,0.9058398,2.429706,0.8320986,0.9824153,2.500448,0.9316753,0.8546426,2.388544,0.8701618,0.7423692,2.317659,0.8302982,0.7391281,2.327757,0.6908638,0.7098349,2.457926,0.7149956,0.4851552,2.380211,0.8410397,0.6239317,2.300214,0.7745483,0.7119373,2.433156,0.6019285,0.5515933,2.438231,0.5567284,0.353942,2.447768,0.8249494,1.021138,2.567637
72057594037937085,0,0.8188033,5985.351,0.7388794,0.713115,2.468102,0.8035755,1.140112,2.542386,0.6958504,0.923286,2.510399,0.6166643,0.8129992,2.450155,0.7100204,0.9155478,2.449961,0.7333637,0.9058398,2.429706,0.8320986,0.9824153,2.500448,0.9316753,0.8546426,2.388544,0.8701618,0.7423692,2.317659,0.8302982,0.7391281,2.327757,0.6908638,0.7098349,2.457926,0.7149956,0.4851552,2.380211,0.8410397,0.6239317,2.300214,0.7745483,0.7119373,2.433156,0.6019285,0.5515933,2.438231,0.5567284,0.353942,2.447768,0.8249494,1.021138,2.567637
72057594037937085,0,0.8188033,5985.354,0.7388794,0.713115,2.468102,0.8035755,1.140112,2.542386,0.6958504,0.923286,2.510399,0.6166643,0.8129992,2.450155,0.7100204,0.9155478,2.449961,0.7333637,0.9058398,2.429706,0.8320986,0.9824153,2.500448,0.9316753,0.8546426,2.388544,0.8701618,0.7423692,2.317659,0.8302982,0.7391281,2.327757,0.6908638,0.7098349,2.457926,0.7149956,0.4851552,2.380211,0.8410397,0.6239317,2.300214,0.7745483,0.7119373,2.433156,0.6019285,0.5515933,2.438231,0.5567284,0.353942,2.447768,0.8249494,1.021138,2.567637
72057594037937085,0,0.8188033,5985.357,0.7388794,0.713115,2.468102,0.8035755,1.140112,2.542386,0.6958504,0.923286,2.510399,0.6166643,0.8129992,2.450155,0.7100204,0.9155478,2.449961,0.7333637,0.9058398,2.429706,0.8320986,0.9824153,2.500448,0.9316753,0.8546426,2.388544,0.8701618,0.7423692,2.317659,0.8302982,0.7391281,2.327757,0.6908638,0.7098349,2.457926,0.7149956,0.4851552,2.380211,0.8410397,0.6239317,2.300214,0.7745483,0.7119373,2.433156,0.6019285,0.5515933,2.438231,0.5567284,0.353942,2.447768,0.8249494,1.021138,2.567637
72057594037937085,0,0.8188033,5985.36,0.7388794,0.713115,2.468102,0.8035755,1.140112,2.542386,0.6958504,0.923286,2.510399,0.6166643,0.8129992,2.450155,0.7100204,0.9155478,2.449961,0.7333637,0.9058398,2.429706,0.8320986,0.9824153,2.500448,0.9316753,0.8546426,2.388544,0.8701618,0.7423692,2.317659,0.8302982,0.7391281,2.327757,0.6908638,0.7098349,2.457926,0.7149956,0.4851552,2.380211,0.8410397,0.6239317,2.300214,0.7745483,0.7119373,2.433156,0.6019285,0.5515933,2.438231,0.5567284,0.353942,2.447768,0.8249494,1.021138,2.567637
72057594037937085,0,0.8188033,5985.362,0.7388794,0.713115,2.468102,0.8035755,1.140112,2.542386,0.6958504,0.923286,2.510399,0.6166643,0.8129992,2.450155,0.7100204,0.9155478,2.449961,0.7333637,0.9058398,2.429706,0.8320986,0.9824153,2.500448,0.9316753,0.8546426,2.388544,0.8701618,0.7423692,2.317659,0.8302982,0.7391281,2.327757,0.6908638,0.7098349,2.457926,0.7149956,0.4851552,2.380211,0.8410397,0.6239317,2.300214,0.7745483,0.7119373,2.433156,0.6019285,0.5515933,2.438231,0.5567284,0.353942,2.447768,0.8249494,1.021138,2.567637
72057594037937085,0,0.8188033,5985.366,0.7388794,0.713115,2.468102,0.8035755,1.140112,2.542386,0.6958504,0.923286,2.510399,0.6166643,0.8129992,2.450155,0.7100204,0.9155478,2.449961,0.7333637,0.9058398,2.429706,0.8320986,0.9824153,2.500448,0.9316753,0.8546426,2.388544,0.8701618,0.7423692,2.317659,0.8302982,0.7391281,2.327757,0.6908638,0.7098349,2.457926,0.7149956,0.4851552,2.380211,0.8410397,0.6239317,2.300214,0.7745483,0.7119373,2.433156,0.6019285,0.5515933,2.438231,0.5567284,0.353942,2.447768,0.8249494,1.021138,2.567637
72057594037937085,0,0.8189797,5985.369,0.7391154,0.7136573,2.467891,0.8049697,1.139754,2.541554,0.6960604,0.9230762,2.511108,0.6170004,0.813046,2.449793,0.6748071,0.9356959,2.473675,0.6941863,0.9545204,2.49393,0.8315754,0.9803591,2.499248,0.9302759,0.8514194,2.387605,0.8689899,0.7385757,2.317243,0.8349608,0.7428601,2.329388,0.6912531,0.7098935,2.458428,0.7143221,0.4850761,2.381118,0.8780664,0.5667746,2.290971,0.7744619,0.7137579,2.430892,0.604845,0.5510398,2.439046,0.7111038,0.3958646,2.357731,0.8252684,1.021146,2.567414
72057594037937085,0,0.8189797,5985.373,0.7391154,0.7136573,2.467891,0.8049697,1.139754,2.541554,0.6960604,0.9230762,2.511108,0.6170004,0.813046,2.449793,0.6748071,0.9356959,2.473675,0.6941863,0.9545204,2.49393,0.8315754,0.9803591,2.499248,0.9302759,0.8514194,2.387605,0.8689899,0.7385757,2.317243,0.8349608,0.7428601,2.329388,0.6912531,0.7098935,2.458428,0.7143221,0.4850761,2.381118,0.8780664,0.5667746,2.290971,0.7744619,0.7137579,2.430892,0.604845,0.5510398,2.439046,0.7111038,0.3958646,2.357731,0.8252684,1.021146,2.567414
72057594037937085,0,0.8189797,5985.375,0.7391154,0.7136573,2.467891,0.8049697,1.139754,2.541554,0.6960604,0.9230762,2.511108,0.6170004,0.813046,2.449793,0.6748071,0.9356959,2.473675,0.6941863,0.9545204,2.49393,0.8315754,0.9803591,2.499248,0.9302759,0.8514194,2.387605,0.8689899,0.7385757,2.317243,0.8349608,0.7428601,2.329388,0.6912531,0.7098935,2.458428,0.7143221,0.4850761,2.381118,0.8780664,0.5667746,2.290971,0.7744619,0.7137579,2.430892,0.604845,0.5510398,2.439046,0.7111038,0.3958646,2.357731,0.8252684,1.021146,2.567414
72057594037937085,0,0.8189797,5985.379,0.7391154,0.7136573,2.467891,0.8049697,1.139754,2.541554,0.6960604,0.9230762,2.511108,0.6170004,0.813046,2.449793,0.6748071,0.9356959,2.473675,0.6941863,0.9545204,2.49393,0.8315754,0.9803591,2.499248,0.9302759,0.8514194,2.387605,0.8689899,0.7385757,2.317243,0.8349608,0.7428601,2.329388,0.6912531,0.7098935,2.458428,0.7143221,0.4850761,2.381118,0.8780664,0.5667746,2.290971,0.7744619,0.7137579,2.430892,0.604845,0.5510398,2.439046,0.7111038,0.3958646,2.357731,0.8252684,1.021146,2.567414
72057594037937085,0,0.8189797,5985.382,0.7391154,0.7136573,2.467891,0.8049697,1.139754,2.541554,0.6960604,0.9230762,2.511108,0.6170004,0.813046,2.449793,0.6748071,0.9356959,2.473675,0.6941863,0.9545204,2.49393,0.8315754,0.9803591,2.499248,0.9302759,0.8514194,2.387605,0.8689899,0.7385757,2.317243,0.8349608,0.7428601,2.329388,0.6912531,0.7098935,2.458428,0.7143221,0.4850761,2.381118,0.8780664,0.5667746,2.290971,0.7744619,0.7137579,2.430892,0.604845,0.5510398,2.439046,0.7111038,0.3958646,2.357731,0.8252684,1.021146,2.567414
72057594037937085,0,0.8189797,5985.386,0.7391154,0.7136573,2.467891,0.8049697,1.139754,2.541554,0.6960604,0.9230762,2.511108,0.6170004,0.813046,2.449793,0.6748071,0.9356959,2.473675,0.6941863,0.9545204,2.49393,0.8315754,0.9803591,2.499248,0.9302759,0.8514194,2.387605,0.8689899,0.7385757,2.317243,0.8349608,0.7428601,2.329388,0.6912531,0.7098935,2.458428,0.7143221,0.4850761,2.381118,0.8780664,0.5667746,2.290971,0.7744619,0.7137579,2.430892,0.604845,0.5510398,2.439046,0.7111038,0.3958646,2.357731,0.8252684,1.021146,2.567414
72057594037937085,0,0.8189797,5985.389,0.7391154,0.7136573,2.467891,0.8049697,1.139754,2.541554,0.6960604,0.9230762,2.511108,0.6170004,0.813046,2.449793,0.6748071,0.9356959,2.473675,0.6941863,0.9545204,2.49393,0.8315754,0.9803591,2.499248,0.9302759,0.8514194,2.387605,0.8689899,0.7385757,2.317243,0.8349608,0.7428601,2.329388,0.6912531,0.7098935,2.458428,0.7143221,0.4850761,2.381118,0.8780664,0.5667746,2.290971,0.7744619,0.7137579,2.430892,0.604845,0.5510398,2.439046,0.7111038,0.3958646,2.357731,0.8252684,1.021146,2.567414
72057594037937085,0,0.8189797,5985.392,0.7391154,0.7136573,2.467891,0.8049697,1.139754,2.541554,0.6960604,0.9230762,2.511108,0.6170004,0.813046,2.449793,0.6748071,0.9356959,2.473675,0.6941863,0.9545204,2.49393,0.8315754,0.9803591,2.499248,0.9302759,0.8514194,2.387605,0.8689899,0.7385757,2.317243,0.8349608,0.7428601,2.329388,0.6912531,0.7098935,2.458428,0.7143221,0.4850761,2.381118,0.8780664,0.5667746,2.290971,0.7744619,0.7137579,2.430892,0.604845,0.5510398,2.439046,0.7111038,0.3958646,2.357731,0.8252684,1.021146,2.567414
72057594037937085,0,0.8189797,5985.395,0.7391154,0.7136573,2.467891,0.8049697,1.139754,2.541554,0.6960604,0.9230762,2.511108,0.6170004,0.813046,2.449793,0.6748071,0.9356959,2.473675,0.6941863,0.9545204,2.49393,0.8315754,0.9803591,2.499248,0.9302759,0.8514194,2.387605,0.8689899,0.7385757,2.317243,0.8349608,0.7428601,2.329388,0.6912531,0.7098935,2.458428,0.7143221,0.4850761,2.381118,0.8780664,0.5667746,2.290971,0.7744619,0.7137579,2.430892,0.604845,0.5510398,2.439046,0.7111038,0.3958646,2.357731,0.8252684,1.021146,2.567414
72057594037937085,0,0.8189797,5985.398,0.7391154,0.7136573,2.467891,0.8049697,1.139754,2.541554,0.6960604,0.9230762,2.511108,0.6170004,0.813046,2.449793,0.6748071,0.9356959,2.473675,0.6941863,0.9545204,2.49393,0.8315754,0.9803591,2.499248,0.9302759,0.8514194,2.387605,0.8689899,0.7385757,2.317243,0.8349608,0.7428601,2.329388,0.6912531,0.7098935,2.458428,0.7143221,0.4850761,2.381118,0.8780664,0.5667746,2.290971,0.7744619,0.7137579,2.430892,0.604845,0.5510398,2.439046,0.7111038,0.3958646,2.357731,0.8252684,1.021146,2.567414
72057594037937085,0,0.8191198,5985.401,0.73944,0.7140439,2.46814,0.8065798,1.13917,2.540954,0.6962897,0.9229839,2.511287,0.617462,0.8127995,2.449646,0.6715242,0.9379842,2.47071,0.6901799,0.9553135,2.496209,0.8313113,0.9803036,2.49974,0.9260798,0.850134,2.385548,0.8422798,0.7422587,2.32093,0.8138717,0.734764,2.332942,0.6915809,0.710089,2.458995,0.7124216,0.4849459,2.382276,0.8555299,0.5990947,2.29162,0.7747094,0.7140729,2.430942,0.6072497,0.5488142,2.436439,0.5537381,0.3528915,2.445086,0.8256923,1.020963,2.567406
72057594037937085,0,0.8191198,5985.404,0.73944,0.7140439,2.46814,0.8065798,1.13917,2.540954,0.6962897,0.9229839,2.511287,0.617462,0.8127995,2.449646,0.6715242,0.9379842,2.47071,0.6901799,0.9553135,2.496209,0.8313113,0.9803036,2.49974,0.9260798,0.850134,2.385548,0.8422798,0.7422587,2.32093,0.8138717,0.734764,2.332942,0.6915809,0.710089,2.458995,0.7124216,0.4849459,2.382276,0.8555299,0.5990947,2.29162,0.7747094,0.7140729,2.430942,0.6072497,0.5488142,2.436439,0.5537381,0.3528915,2.445086,0.8256923,1.020963,2.567406
72057594037937085,0,0.8191198,5985.406,0.73944,0.7140439,2.46814,0.8065798,1.13917,2.540954,0.6962897,0.9229839,2.511287,0.617462,0.8127995,2.449646,0.6715242,0.9379842,2.47071,0.6901799,0.9553135,2.496209,0.8313113,0.9803036,2.49974,0.9260798,0.850134,2.385548,0.8422798,0.7422587,2.32093,0.8138717,0.734764,2.332942,0.6915809,0.710089,2.458995,0.7124216,0.4849459,2.382276,0.8555299,0.5990947,2.29162,0.7747094,0.7140729,2.430942,0.6072497,0.5488142,2.436439,0.5537381,0.3528915,2.445086,0.8256923,1.020963,2.567406
72057594037937085,0,0.8191198,5985.409,0.73944,0.7140439,2.46814,0.8065798,1.13917,2.540954,0.6962897,0.9229839,2.511287,0.617462,0.8127995,2.449646,0.6715242,0.9379842,2.47071,0.6901799,0.9553135,2.496209,0.8313113,0.9803036,2.49974,0.9260798,0.850134,2.385548,0.8422798,0.7422587,2.32093,0.8138717,0.734764,2.332942,0.6915809,0.710089,2.458995,0.7124216,0.4849459,2.382276,0.8555299,0.5990947,2.29162,0.7747094,0.7140729,2.430942,0.6072497,0.5488142,2.436439,0.5537381,0.3528915,2.445086,0.8256923,1.020963,2.567406
72057594037937085,0,0.8191198,5985.411,0.73944,0.7140439,2.46814,0.8065798,1.13917,2.540954,0.6962897,0.9229839,2.511287,0.617462,0.8127995,2.449646,0.6715242,0.9379842,2.47071,0.6901799,0.9553135,2.496209,0.8313113,0.9803036,2.49974,0.9260798,0.850134,2.385548,0.8422798,0.7422587,2.32093,0.8138717,0.734764,2.332942,0.6915809,0.710089,2.458995,0.7124216,0.4849459,2.382276,0.8555299,0.5990947,2.29162,0.7747094,0.7140729,2.430942,0.6072497,0.5488142,2.436439,0.5537381,0.3528915,2.445086,0.8256923,1.020963,2.567406
72057594037937085,0,0.8191198,5985.414,0.73944,0.7140439,2.46814,0.8065798,1.13917,2.540954,0.6962897,0.9229839,2.511287,0.617462,0.8127995,2.449646,0.6715242,0.9379842,2.47071,0.6901799,0.9553135,2.496209,0.8313113,0.9803036,2.49974,0.9260798,0.850134,2.385548,0.8422798,0.7422587,2.32093,0.8138717,0.734764,2.332942,0.6915809,0.710089,2.458995,0.7124216,0.4849459,2.382276,0.8555299,0.5990947,2.29162,0.7747094,0.7140729,2.430942,0.6072497,0.5488142,2.436439,0.5537381,0.3528915,2.445086,0.8256923,1.020963,2.567406
72057594037937085,0,0.8191198,5985.417,0.73944,0.7140439,2.46814,0.8065798,1.13917,2.540954,0.6962897,0.9229839,2.511287,0.617462,0.8127995,2.449646,0.6715242,0.9379842,2.47071,0.6901799,0.9553135,2.496209,0.8313113,0.9803036,2.49974,0.9260798,0.850134,2.385548,0.8422798,0.7422587,2.32093,0.8138717,0.734764,2.332942,0.6915809,0.710089,2.458995,0.7124216,0.4849459,2.382276,0.8555299,0.5990947,2.29162,0.7747094,0.7140729,2.430942,0.6072497,0.5488142,2.436439,0.5537381,0.3528915,2.445086,0.8256923,1.020963,2.567406
72057594037937085,0,0.8191198,5985.419,0.73944,0.7140439,2.46814,0.8065798,1.13917,2.540954,0.6962897,0.9229839,2.511287,0.617462,0.8127995,2.449646,0.6715242,0.9379842,2.47071,0.6901799,0.9553135,2.496209,0.8313113,0.9803036,2.49974,0.9260798,0.850134,2.385548,0.8422798,0.7422587,2.32093,0.8138717,0.734764,2.332942,0.6915809,0.710089,2.458995,0.7124216,0.4849459,2.382276,0.8555299,0.5990947,2.29162,0.7747094,0.7140729,2.430942,0.6072497,0.5488142,2.436439,0.5537381,0.3528915,2.445086,0.8256923,1.020963,2.567406
72057594037937085,0,0.8191198,5985.422,0.73944,0.7140439,2.46814,0.8065798,1.13917,2.540954,0.6962897,0.9229839,2.511287,0.617462,0.8127995,2.449646,0.6715242,0.9379842,2.47071,0.6901799,0.9553135,2.496209,0.8313113,0.9803036,2.49974,0.9260798,0.850134,2.385548,0.8422798,0.7422587,2.32093,0.8138717,0.734764,2.332942,0.6915809,0.710089,2.458995,0.7124216,0.4849459,2.382276,0.8555299,0.5990947,2.29162,0.7747094,0.7140729,2.430942,0.6072497,0.5488142,2.436439,0.5537381,0.3528915,2.445086,0.8256923,1.020963,2.567406
72057594037937085,0,0.8191198,5985.426,0.73944,0.7140439,2.46814,0.8065798,1.13917,2.540954,0.6962897,0.9229839,2.511287,0.617462,0.8127995,2.449646,0.6715242,0.9379842,2.47071,0.6901799,0.9553135,2.496209,0.8313113,0.9803036,2.49974,0.9260798,0.850134,2.385548,0.8422798,0.7422587,2.32093,0.8138717,0.734764,2.332942,0.6915809,0.710089,2.458995,0.7124216,0.4849459,2.382276,0.8555299,0.5990947,2.29162,0.7747094,0.7140729,2.430942,0.6072497,0.5488142,2.436439,0.5537381,0.3528915,2.445086,0.8256923,1.020963,2.567406
72057594037937085,0,0.8191198,5985.429,0.73944,0.7140439,2.46814,0.8065798,1.13917,2.540954,0.6962897,0.9229839,2.511287,0.617462,0.8127995,2.449646,0.6715242,0.9379842,2.47071,0.6901799,0.9553135,2.496209,0.8313113,0.9803036,2.49974,0.9260798,0.850134,2.385548,0.8422798,0.7422587,2.32093,0.8138717,0.734764,2.332942,0.6915809,0.710089,2.458995,0.7124216,0.4849459,2.382276,0.8555299,0.5990947,2.29162,0.7747094,0.7140729,2.430942,0.6072497,0.5488142,2.436439,0.5537381,0.3528915,2.445086,0.8256923,1.020963,2.567406
72057594037937085,0,0.8191198,5985.432,0.73944,0.7140439,2.46814,0.8065798,1.13917,2.540954,0.6962897,0.9229839,2.511287,0.617462,0.8127995,2.449646,0.6715242,0.9379842,2.47071,0.6901799,0.9553135,2.496209,0.8313113,0.9803036,2.49974,0.9260798,0.850134,2.385548,0.8422798,0.7422587,2.32093,0.8138717,0.734764,2.332942,0.6915809,0.710089,2.458995,0.7124216,0.4849459,2.382276,0.8555299,0.5990947,2.29162,0.7747094,0.7140729,2.430942,0.6072497,0.5488142,2.436439,0.5537381,0.3528915,2.445086,0.8256923,1.020963,2.567406
72057594037937085,0,0.820347,5985.435,0.7403492,0.7133497,2.467383,0.807463,1.138499,2.540433,0.6964319,0.9228898,2.51223,0.6161323,0.8139002,2.450057,0.6528253,0.9413319,2.485987,0.677812,0.9575198,2.512237,0.8317927,0.9798186,2.499418,0.929988,0.8522568,2.385114,0.8612772,0.7389705,2.322845,0.8262947,0.7170289,2.328624,0.6922646,0.7090679,2.458929,0.7118896,0.4838439,2.381474,0.8730428,0.5735846,2.293553,0.7759665,0.7132676,2.429205,0.6091835,0.5475625,2.436736,0.7070973,0.3881363,2.351791,0.8262113,1.020694,2.567309
72057594037937085,0,0.820347,5985.438,0.7403492,0.7133497,2.467383,0.807463,1.138499,2.540433,0.6964319,0.9228898,2.51223,0.6161323,0.8139002,2.450057,0.6528253,0.9413319,2.485987,0.677812,0.9575198,2.512237,0.8317927,0.9798186,2.499418,0.929988,0.8522568,2.385114,0.8612772,0.7389705,2.322845,0.8262947,0.7170289,2.328624,0.6922646,0.7090679,2.458929,0.7118896,0.4838439,2.381474,0.8730428,0.5735846,2.293553,0.7759665,0.7132676,2.429205,0.6091835,0.5475625,2.436736,0.7070973,0.3881363,2.351791,0.8262113,1.020694,2.567309
72057594037937085,0,0.820347,5985.441,0.7403492,0.7133497,2.467383,0.807463,1.138499,2.540433,0.6964319,0.9228898,2.51223,0.6161323,0.8139002,2.450057,0.6528253,0.9413319,2.485987,0.677812,0.9575198,2.512237,0.8317927,0.9798186,2.499418,0.929988,0.8522568,2.385114,0.8612772,0.7389705,2.322845,0.8262947,0.7170289,2.328624,0.6922646,0.7090679,2.458929,0.7118896,0.4838439,2.381474,0.8730428,0.5735846,2.293553,0.7759665,0.7132676,2.429205,0.6091835,0.5475625,2.436736,0.7070973,0.3881363,2.351791,0.8262113,1.020694,2.567309
72057594037937085,0,0.820347,5985.444,0.7403492,0.7133497,2.467383,0.807463,1.138499,2.540433,0.6964319,0.9228898,2.51223,0.6161323,0.8139002,2.450057,0.6528253,0.9413319,2.485987,0.677812,0.9575198,2.512237,0.8317927,0.9798186,2.499418,0.929988,0.8522568,2.385114,0.8612772,0.7389705,2.322845,0.8262947,0.7170289,2.328624,0.6922646,0.7090679,2.458929,0.7118896,0.4838439,2.381474,0.8730428,0.5735846,2.293553,0.7759665,0.7132676,2.429205,0.6091835,0.5475625,2.436736,0.7070973,0.3881363,2.351791,0.8262113,1.020694,2.567309
72057594037937085,0,0.820347,5985.447,0.7403492,0.7133497,2.467383,0.807463,1.138499,2.540433,0.6964319,0.9228898,2.51223,0.6161323,0.8139002,2.450057,0.6528253,0.9413319,2.485987,0.677812,0.9575198,2.512237,0.8317927,0.9798186,2.499418,0.929988,0.8522568,2.385114,0.8612772,0.7389705,2.322845,0.8262947,0.7170289,2.328624,0.6922646,0.7090679,2.458929,0.7118896,0.4838439,2.381474,0.8730428,0.5735846,2.293553,0.7759665,0.7132676,2.429205,0.6091835,0.5475625,2.436736,0.7070973,0.3881363,2.351791,0.8262113,1.020694,2.567309
72057594037937085,0,0.820347,5985.449,0.7403492,0.7133497,2.467383,0.807463,1.138499,2.540433,0.6964319,0.9228898,2.51223,0.6161323,0.8139002,2.450057,0.6528253,0.9413319,2.485987,0.677812,0.9575198,2.512237,0.8317927,0.9798186,2.499418,0.929988,0.8522568,2.385114,0.8612772,0.7389705,2.322845,0.8262947,0.7170289,2.328624,0.6922646,0.7090679,2.458929,0.7118896,0.4838439,2.381474,0.8730428,0.5735846,2.293553,0.7759665,0.7132676,2.429205,0.6091835,0.5475625,2.436736,0.7070973,0.3881363,2.351791,0.8262113,1.020694,2.567309
72057594037937085,0,0.820347,5985.452,0.7403492,0.7133497,2.467383,0.807463,1.138499,2.540433,0.6964319,0.9228898,2.51223,0.6161323,0.8139002,2.450057,0.6528253,0.9413319,2.485987,0.677812,0.9575198,2.512237,0.8317927,0.9798186,2.499418,0.929988,0.8522568,2.385114,0.8612772,0.7389705,2.322845,0.8262947,0.7170289,2.328624,0.6922646,0.7090679,2.458929,0.7118896,0.4838439,2.381474,0.8730428,0.5735846,2.293553,0.7759665,0.7132676,2.429205,0.6091835,0.5475625,2.436736,0.7070973,0.3881363,2.351791,0.8262113,1.020694,2.567309
72057594037937085,0,0.820347,5985.455,0.7403492,0.7133497,2.467383,0.807463,1.138499,2.540433,0.6964319,0.9228898,2.51223,0.6161323,0.8139002,2.450057,0.6528253,0.9413319,2.485987,0.677812,0.9575198,2.512237,0.8317927,0.9798186,2.499418,0.929988,0.8522568,2.385114,0.8612772,0.7389705,2.322845,0.8262947,0.7170289,2.328624,0.6922646,0.7090679,2.458929,0.7118896,0.4838439,2.381474,0.8730428,0.5735846,2.293553,0.7759665,0.7132676,2.429205,0.6091835,0.5475625,2.436736,0.7070973,0.3881363,2.351791,0.8262113,1.020694,2.567309
72057594037937085,0,0.820347,5985.458,0.7403492,0.7133497,2.467383,0.807463,1.138499,2.540433,0.6964319,0.9228898,2.51223,0.6161323,0.8139002,2.450057,0.6528253,0.9413319,2.485987,0.677812,0.9575198,2.512237,0.8317927,0.9798186,2.499418,0.929988,0.8522568,2.385114,0.8612772,0.7389705,2.322845,0.8262947,0.7170289,2.328624,0.6922646,0.7090679,2.458929,0.7118896,0.4838439,2.381474,0.8730428,0.5735846,2.293553,0.7759665,0.7132676,2.429205,0.6091835,0.5475625,2.436736,0.7070973,0.3881363,2.351791,0.8262113,1.020694,2.567309
72057594037937085,0,0.820347,5985.461,0.7403492,0.7133497,2.467383,0.807463,1.138499,2.540433,0.6964319,0.9228898,2.51223,0.6161323,0.8139002,2.450057,0.6528253,0.9413319,2.485987,0.677812,0.9575198,2.512237,0.8317927,0.9798186,2.499418,0.929988,0.8522568,2.385114,0.8612772,0.7389705,2.322845,0.8262947,0.7170289,2.328624,0.6922646,0.7090679,2.458929,0.7118896,0.4838439,2.381474,0.8730428,0.5735846,2.293553,0.7759665,0.7132676,2.429205,0.6091835,0.5475625,2.436736,0.7070973,0.3881363,2.351791,0.8262113,1.020694,2.567309
72057594037937085,0,0.820347,5985.464,0.7403492,0.7133497,2.467383,0.807463,1.138499,2.540433,0.6964319,0.9228898,2.51223,0.6161323,0.8139002,2.450057,0.6528253,0.9413319,2.485987,0.677812,0.9575198,2.512237,0.8317927,0.9798186,2.499418,0.929988,0.8522568,2.385114,0.8612772,0.7389705,2.322845,0.8262947,0.7170289,2.328624,0.6922646,0.7090679,2.458929,0.7118896,0.4838439,2.381474,0.8730428,0.5735846,2.293553,0.7759665,0.7132676,2.429205,0.6091835,0.5475625,2.436736,0.7070973,0.3881363,2.351791,0.8262113,1.020694,2.567309
72057594037937085,0,0.8199242,5985.467,0.740369,0.7137877,2.468464,0.8083364,1.137716,2.540326,0.69732,0.9225301,2.512519,0.617608,0.8130325,2.450216,0.6510808,0.946908,2.464719,0.687896,0.9598836,2.508814,0.8314917,0.9791292,2.498983,0.9312938,0.8527336,2.384587,0.8073272,0.7059524,2.350127,0.7903958,0.6800092,2.337922,0.6925737,0.709496,2.46079,0.7131349,0.4852252,2.379598,0.8697029,0.5901029,2.300681,0.7757172,0.713528,2.429937,0.6041494,0.5529796,2.439562,0.6978951,0.3899707,2.356057,0.826626,1.020223,2.567371
72057594037937085,0,0.8199242,5985.47,0.740369,0.7137877,2.468464,0.8083364,1.137716,2.540326,0.69732,0.9225301,2.512519,0.617608,0.8130325,2.450216,0.6510808,0.946908,2.464719,0.687896,0.9598836,2.508814,0.8314917,0.9791292,2.498983,0.9312938,0.8527336,2.384587,0.8073272,0.7059524,2.350127,0.7903958,0.6800092,2.337922,0.6925737,0.709496,2.46079,0.7131349,0.4852252,2.379598,0.8697029,0.5901029,2.300681,0.7757172,0.713528,2.429937,0.6041494,0.5529796,2.439562,0.6978951,0.3899707,2.356057,0.826626,1.020223,2.567371
72057594037937085,0,0.8199242,5985.473,0.740369,0.7137877,2.468464,0.8083364,1.137716,2.540326,0.69732,0.9225301,2.512519,0.617608,0.8130325,2.450216,0.6510808,0.946908,2.464719,0.687896,0.9598836,2.508814,0.8314917,0.9791292,2.498983,0.9312938,0.8527336,2.384587,0.8073272,0.7059524,2.350127,0.7903958,0.6800092,2.337922,0.6925737,0.709496,2.46079,0.7131349,0.4852252,2.379598,0.8697029,0.5901029,2.300681,0.7757172,0.713528,2.429937,0.6041494,0.5529796,2.439562,0.6978951,0.3899707,2.356057,0.826626,1.020223,2.567371
72057594037937085,0,0.8199242,5985.476,0.740369,0.7137877,2.468464,0.8083364,1.137716,2.540326,0.69732,0.9225301,2.512519,0.617608,0.8130325,2.450216,0.6510808,0.946908,2.464719,0.687896,0.9598836,2.508814,0.8314917,0.9791292,2.498983,0.9312938,0.8527336,2.384587,0.8073272,0.7059524,2.350127,0.7903958,0.6800092,2.337922,0.6925737,0.709496,2.46079,0.7131349,0.4852252,2.379598,0.8697029,0.5901029,2.300681,0.7757172,0.713528,2.429937,0.6041494,0.5529796,2.439562,0.6978951,0.3899707,2.356057,0.826626,1.020223,2.567371
72057594037937085,0,0.8199242,5985.478,0.740369,0.7137877,2.468464,0.8083364,1.137716,2.540326,0.69732,0.9225301,2.512519,0.617608,0.8130325,2.450216,0.6510808,0.946908,2.464719,0.687896,0.9598836,2.508814,0.8314917,0.9791292,2.498983,0.9312938,0.8527336,2.384587,0.8073272,0.7059524,2.350127,0.7903958,0.6800092,2.337922,0.6925737,0.709496,2.46079,0.7131349,0.4852252,2.379598,0.8697029,0.5901029,2.300681,0.7757172,0.713528,2.429937,0.6041494,0.5529796,2.439562,0.6978951,0.3899707,2.356057,0.826626,1.020223,2.567371
72057594037937085,0,0.8199242,5985.481,0.740369,0.7137877,2.468464,0.8083364,1.137716,2.540326,0.69732,0.9225301,2.512519,0.617608,0.8130325,2.450216,0.6510808,0.946908,2.464719,0.687896,0.9598836,2.508814,0.8314917,0.9791292,2.498983,0.9312938,0.8527336,2.384587,0.8073272,0.7059524,2.350127,0.7903958,0.6800092,2.337922,0.6925737,0.709496,2.46079,0.7131349,0.4852252,2.379598,0.8697029,0.5901029,2.300681,0.7757172,0.713528,2.429937,0.6041494,0.5529796,2.439562,0.6978951,0.3899707,2.356057,0.826626,1.020223,2.567371
72057594037937085,0,0.8199242,5985.484,0.740369,0.7137877,2.468464,0.8083364,1.137716,2.540326,0.69732,0.9225301,2.512519,0.617608,0.8130325,2.450216,0.6510808,0.946908,2.464719,0.687896,0.9598836,2.508814,0.8314917,0.9791292,2.498983,0.9312938,0.8527336,2.384587,0.8073272,0.7059524,2.350127,0.7903958,0.6800092,2.337922,0.6925737,0.709496,2.46079,0.7131349,0.4852252,2.379598,0.8697029,0.5901029,2.300681,0.7757172,0.713528,2.429937,0.6041494,0.5529796,2.439562,0.6978951,0.3899707,2.356057,0.826626,1.020223,2.567371
72057594037937085,0,0.8199242,5985.487,0.740369,0.7137877,2.468464,0.8083364,1.137716,2.540326,0.69732,0.9225301,2.512519,0.617608,0.8130325,2.450216,0.6510808,0.946908,2.464719,0.687896,0.9598836,2.508814,0.8314917,0.9791292,2.498983,0.9312938,0.8527336,2.384587,0.8073272,0.7059524,2.350127,0.7903958,0.6800092,2.337922,0.6925737,0.709496,2.46079,0.7131349,0.4852252,2.379598,0.8697029,0.5901029,2.300681,0.7757172,0.713528,2.429937,0.6041494,0.5529796,2.439562,0.6978951,0.3899707,2.356057,0.826626,1.020223,2.567371
72057594037937085,0,0.8199242,5985.49,0.740369,0.7137877,2.468464,0.8083364,1.137716,2.540326,0.69732,0.9225301,2.512519,0.617608,0.8130325,2.450216,0.6510808,0.946908,2.464719,0.687896,0.9598836,2.508814,0.8314917,0.9791292,2.498983,0.9312938,0.8527336,2.384587,0.8073272,0.7059524,2.350127,0.7903958,0.6800092,2.337922,0.6925737,0.709496,2.46079,0.7131349,0.4852252,2.379598,0.8697029,0.5901029,2.300681,0.7757172,0.713528,2.429937,0.6041494,0.5529796,2.439562,0.6978951,0.3899707,2.356057,0.826626,1.020223,2.567371
72057594037937085,0,0.8199242,5985.493,0.740369,0.7137877,2.468464,0.8083364,1.137716,2.540326,0.69732,0.9225301,2.512519,0.617608,0.8130325,2.450216,0.6510808,0.946908,2.464719,0.687896,0.9598836,2.508814,0.8314917,0.9791292,2.498983,0.9312938,0.8527336,2.384587,0.8073272,0.7059524,2.350127,0.7903958,0.6800092,2.337922,0.6925737,0.709496,2.46079,0.7131349,0.4852252,2.379598,0.8697029,0.5901029,2.300681,0.7757172,0.713528,2.429937,0.6041494,0.5529796,2.439562,0.6978951,0.3899707,2.356057,0.826626,1.020223,2.567371
72057594037937085,0,0.8199242,5985.495,0.740369,0.7137877,2.468464,0.8083364,1.137716,2.540326,0.69732,0.9225301,2.512519,0.617608,0.8130325,2.450216,0.6510808,0.946908,2.464719,0.687896,0.9598836,2.508814,0.8314917,0.9791292,2.498983,0.9312938,0.8527336,2.384587,0.8073272,0.7059524,2.350127,0.7903958,0.6800092,2.337922,0.6925737,0.709496,2.46079,0.7131349,0.4852252,2.379598,0.8697029,0.5901029,2.300681,0.7757172,0.713528,2.429937,0.6041494,0.5529796,2.439562,0.6978951,0.3899707,2.356057,0.826626,1.020223,2.567371
72057594037937085,0,0.8199242,5985.498,0.740369,0.7137877,2.468464,0.8083364,1.137716,2.540326,0.69732,0.9225301,2.512519,0.617608,0.8130325,2.450216,0.6510808,0.946908,2.464719,0.687896,0.9598836,2.508814,0.8314917,0.9791292,2.498983,0.9312938,0.8527336,2.384587,0.8073272,0.7059524,2.350127,0.7903958,0.6800092,2.337922,0.6925737,0.709496,2.46079,0.7131349,0.4852252,2.379598,0.8697029,0.5901029,2.300681,0.7757172,0.713528,2.429937,0.6041494,0.5529796,2.439562,0.6978951,0.3899707,2.356057,0.826626,1.020223,2.567371
72057594037937085,0,0.8199672,5985.501,0.7403634,0.7137159,2.468361,0.8086762,1.137202,2.539871,0.6979571,0.9219659,2.512894,0.6165496,0.8130187,2.451786,0.6557235,0.9452599,2.466785,0.6882454,0.9626837,2.508561,0.83139,0.9778506,2.497106,0.9298941,0.850798,2.382045,0.8163881,0.7027238,2.336393,0.7702374,0.6592926,2.344055,0.6926435,0.7093042,2.460804,0.7160302,0.4835721,2.386761,0.7777958,0.6755256,2.358847,0.7754961,0.7134472,2.429555,0.6061074,0.5499373,2.436358,0.6874925,0.3696334,2.381856,0.8272198,1.019954,2.566846
72057594037937085,0,0.8199672,5985.504,0.7403634,0.7137159,2.468361,0.8086762,1.137202,2.539871,0.6979571,0.9219659,2.512894,0.6165496,0.8130187,2.451786,0.6557235,0.9452599,2.466785,0.6882454,0.9626837,2.508561,0.83139,0.9778506,2.497106,0.9298941,0.850798,2.382045,0.8163881,0.7027238,2.336393,0.7702374,0.6592926,2.344055,0.6926435,0.7093042,2.460804,0.7160302,0.4835721,2.386761,0.7777958,0.6755256,2.358847,0.7754961,0.7134472,2.429555,0.6061074,0.5499373,2.436358,0.6874925,0.3696334,2.381856,0.8272198,1.019954,2.566846
72057594037937085,0,0.8199672,5985.508,0.7403634,0.7137159,2.468361,0.8086762,1.137202,2.539871,0.6979571,0.9219659,2.512894,0.6165496,0.8130187,2.451786,0.6557235,0.9452599,2.466785,0.6882454,0.9626837,2.508561,0.83139,0.9778506,2.497106,0.9298941,0.850798,2.382045,0.8163881,0.7027238,2.336393,0.7702374,0.6592926,2.344055,0.6926435,0.7093042,2.460804,0.7160302,0.4835721,2.386761,0.7777958,0.6755256,2.358847,0.7754961,0.7134472,2.429555,0.6061074,0.5499373,2.436358,0.6874925,0.3696334,2.381856,0.8272198,1.019954,2.566846
72057594037937085,0,0.8199672,5985.51,0.7403634,0.7137159,2.468361,0.8086762,1.137202,2.539871,0.6979571,0.9219659,2.512894,0.6165496,0.8130187,2.451786,0.6557235,0.9452599,2.466785,0.6882454,0.9626837,2.508561,0.83139,0.9778506,2.497106,0.9298941,0.850798,2.382045,0.8163881,0.7027238,2.336393,0.7702374,0.6592926,2.344055,0.6926435,0.7093042,2.460804,0.7160302,0.4835721,2.386761,0.7777958,0.6755256,2.358847,0.7754961,0.7134472,2.429555,0.6061074,0.5499373,2.436358,0.6874925,0.3696334,2.381856,0.8272198,1.019954,2.566846
72057594037937085,0,0.8199672,5985.513,0.7403634,0.7137159,2.468361,0.8086762,1.137202,2.539871,0.6979571,0.9219659,2.512894,0.6165496,0.8130187,2.451786,0.6557235,0.9452599,2.466785,0.6882454,0.9626837,2.508561,0.83139,0.9778506,2.497106,0.9298941,0.850798,2.382045,0.8163881,0.7027238,2.336393,0.7702374,0.6592926,2.344055,0.6926435,0.7093042,2.460804,0.7160302,0.4835721,2.386761,0.7777958,0.6755256,2.358847,0.7754961,0.7134472,2.429555,0.6061074,0.5499373,2.436358,0.6874925,0.3696334,2.381856,0.8272198,1.019954,2.566846
72057594037937085,0,0.8199672,5985.515,0.7403634,0.7137159,2.468361,0.8086762,1.137202,2.539871,0.6979571,0.9219659,2.512894,0.6165496,0.8130187,2.451786,0.6557235,0.9452599,2.466785,0.6882454,0.9626837,2.508561,0.83139,0.9778506,2.497106,0.9298941,0.850798,2.382045,0.8163881,0.7027238,2.336393,0.7702374,0.6592926,2.344055,0.6926435,0.7093042,2.460804,0.7160302,0.4835721,2.386761,0.7777958,0.6755256,2.358847,0.7754961,0.7134472,2.429555,0.6061074,0.5499373,2.436358,0.6874925,0.3696334,2.381856,0.8272198,1.019954,2.566846
72057594037937085,0,0.8199672,5985.518,0.7403634,0.7137159,2.468361,0.8086762,1.137202,2.539871,0.6979571,0.9219659,2.512894,0.6165496,0.8130187,2.451786,0.6557235,0.9452599,2.466785,0.6882454,0.9626837,2.508561,0.83139,0.9778506,2.497106,0.9298941,0.850798,2.382045,0.8163881,0.7027238,2.336393,0.7702374,0.6592926,2.344055,0.6926435,0.7093042,2.460804,0.7160302,0.4835721,2.386761,0.7777958,0.6755256,2.358847,0.7754961,0.7134472,2.429555,0.6061074,0.5499373,2.436358,0.6874925,0.3696334,2.381856,0.8272198,1.019954,2.566846
72057594037937085,0,0.8199672,5985.521,0.7403634,0.7137159,2.468361,0.8086762,1.137202,2.539871,0.6979571,0.9219659,2.512894,0.6165496,0.8130187,2.451786,0.6557235,0.9452599,2.466785,0.6882454,0.9626837,2.508561,0.83139,0.9778506,2.497106,0.9298941,0.850798,2.382045,0.8163881,0.7027238,2.336393,0.7702374,0.6592926,2.344055,0.6926435,0.7093042,2.460804,0.7160302,0.4835721,2.386761,0.7777958,0.6755256,2.358847,0.7754961,0.7134472,2.429555,0.6061074,0.5499373,2.436358,0.6874925,0.3696334,2.381856,0.8272198,1.019954,2.566846
72057594037937085,0,0.8199672,5985.523,0.7403634,0.7137159,2.468361,0.8086762,1.137202,2.539871,0.6979571,0.9219659,2.512894,0.6165496,0.8130187,2.451786,0.6557235,0.9452599,2.466785,0.6882454,0.9626837,2.508561,0.83139,0.9778506,2.497106,0.9298941,0.850798,2.382045,0.8163881,0.7027238,2.336393,0.7702374,0.6592926,2.344055,0.6926435,0.7093042,2.460804,0.7160302,0.4835721,2.386761,0.7777958,0.6755256,2.358847,0.7754961,0.7134472,2.429555,0.6061074,0.5499373,2.436358,0.6874925,0.3696334,2.381856,0.8272198,1.019954,2.566846
72057594037937085,0,0.8199672,5985.526,0.7403634,0.7137159,2.468361,0.8086762,1.137202,2.539871,0.6979571,0.9219659,2.512894,0.6165496,0.8130187,2.451786,0.6557235,0.9452599,2.466785,0.6882454,0.9626837,2.508561,0.83139,0.9778506,2.497106,0.9298941,0.850798,2.382045,0.8163881,0.7027238,2.336393,0.7702374,0.6592926,2.344055,0.6926435,0.7093042,2.460804,0.7160302,0.4835721,2.386761,0.7777958,0.6755256,2.358847,0.7754961,0.7134472,2.429555,0.6061074,0.5499373,2.436358,0.6874925,0.3696334,2.381856,0.8272198,1.019954,2.566846
72057594037937085,0,0.8199672,5985.528,0.7403634,0.7137159,2.468361,0.8086762,1.137202,2.539871,0.6979571,0.9219659,2.512894,0.6165496,0.8130187,2.451786,0.6557235,0.9452599,2.466785,0.6882454,0.9626837,2.508561,0.83139,0.9778506,2.497106,0.9298941,0.850798,2.382045,0.8163881,0.7027238,2.336393,0.7702374,0.6592926,2.344055,0.6926435,0.7093042,2.460804,0.7160302,0.4835721,2.386761,0.7777958,0.6755256,2.358847,0.7754961,0.7134472,2.429555,0.6061074,0.5499373,2.436358,0.6874925,0.3696334,2.381856,0.8272198,1.019954,2.566846
72057594037937085,0,0.8199672,5985.531,0.7403634,0.7137159,2.468361,0.8086762,1.137202,2.539871,0.6979571,0.9219659,2.512894,0.6165496,0.8130187,2.451786,0.6557235,0.9452599,2.466785,0.6882454,0.9626837,2.508561,0.83139,0.9778506,2.497106,0.9298941,0.850798,2.382045,0.8163881,0.7027238,2.336393,0.7702374,0.6592926,2.344055,0.6926435,0.7093042,2.460804,0.7160302,0.4835721,2.386761,0.7777958,0.6755256,2.358847,0.7754961,0.7134472,2.429555,0.6061074,0.5499373,2.436358,0.6874925,0.3696334,2.381856,0.8272198,1.019954,2.566846
72057594037937085,0,0.8194959,5985.534,0.7401161,0.714195,2.468809,0.8094495,1.136742,2.53913,0.6980895,0.9216556,2.513529,0.6166065,0.8114145,2.455056,0.6586475,0.9428761,2.469818,0.6945307,0.9582377,2.510314,0.8318157,0.9812463,2.501686,0.9245437,0.8522109,2.383415,0.8019368,0.7034128,2.352376,0.75834,0.6573603,2.35319,0.6926411,0.7098848,2.462621,0.7167158,0.4847453,2.385985,0.7660945,0.6810945,2.362918,0.7748577,0.7139665,2.429395,0.6075212,0.5483374,2.436469,0.6789703,0.357621,2.433272,0.8272917,1.01993,2.566825
72057594037937085,0,0.8194959,5985.537,0.7401161,0.714195,2.468809,0.8094495,1.136742,2.53913,0.6980895,0.9216556,2.513529,0.6166065,0.8114145,2.455056,0.6586475,0.9428761,2.469818,0.6945307,0.9582377,2.510314,0.8318157,0.9812463,2.501686,0.9245437,0.8522109,2.383415,0.8019368,0.7034128,2.352376,0.75834,0.6573603,2.35319,0.6926411,0.7098848,2.462621,0.7167158,0.4847453,2.385985,0.7660945,0.6810945,2.362918,0.7748577,0.7139665,2.429395,0.6075212,0.5483374,2.436469,0.6789703,0.357621,2.433272,0.8272917,1.01993,2.566825
72057594037937085,0,0.8194959,5985.54,0.7401161,0.714195,2.468809,0.8094495,1.136742,2.53913,0.6980895,0.9216556,2.513529,0.6166065,0.8114145,2.455056,0.6586475,0.9428761,2.469818,0.6945307,0.9582377,2.510314,0.8318157,0.9812463,2.501686,0.9245437,0.8522109,2.383415,0.8019368,0.7034128,2.352376,0.75834,0.6573603,2.35319,0.6926411,0.7098848,2.462621,0.7167158,0.4847453,2.385985,0.7660945,0.6810945,2.362918,0.7748577,0.7139665,2.429395,0.6075212,0.5483374,2.436469,0.6789703,0.357621,2.433272,0.8272917,1.01993,2.566825
72057594037937085,0,0.8194959,5985.543,0.7401161,0.714195,2.468809,0.8094495,1.136742,2.53913,0.6980895,0.9216556,2.513529,0.6166065,0.8114145,2.455056,0.6586475,0.9428761,2.469818,0.6945307,0.9582377,2.510314,0.8318157,0.9812463,2.501686,0.9245437,0.8522109,2.383415,0.8019368,0.7034128,2.352376,0.75834,0.6573603,2.35319,0.6926411,0.7098848,2.462621,0.7167158,0.4847453,2.385985,0.7660945,0.6810945,2.362918,0.7748577,0.7139665,2.429395,0.6075212,0.5483374,2.436469,0.6789703,0.357621,2.433272,0.8272917,1.01993,2.566825
72057594037937085,0,0.8194959,5985.546,0.7401161,0.714195,2.468809,0.8094495,1.136742,2.53913,0.6980895,0.9216556,2.513529,0.6166065,0.8114145,2.455056,0.6586475,0.9428761,2.469818,0.6945307,0.9582377,2.510314,0.8318157,0.9812463,2.501686,0.9245437,0.8522109,2.383415,0.8019368,0.7034128,2.352376,0.75834,0.6573603,2.35319,0.6926411,0.7098848,2.462621,0.7167158,0.4847453,2.385985,0.7660945,0.6810945,2.362918,0.7748577,0.7139665,2.429395,0.6075212,0.5483374,2.436469,0.6789703,0.357621,2.433272,0.8272917,1.01993,2.566825
72057594037937085,0,0.8194959,5985.549,0.7401161,0.714195,2.468809,0.8094495,1.136742,2.53913,0.6980895,0.9216556,2.513529,0.6166065,0.8114145,2.455056,0.6586475,0.9428761,2.469818,0.6945307,0.9582377,2.510314,0.8318157,0.9812463,2.501686,0.9245437,0.8522109,2.383415,0.8019368,0.7034128,2.352376,0.75834,0.6573603,2.35319,0.6926411,0.7098848,2.462621,0.7167158,0.4847453,2.385985,0.7660945,0.6810945,2.362918,0.7748577,0.7139665,2.429395,0.6075212,0.5483374,2.436469,0.6789703,0.357621,2.433272,0.8272917,1.01993,2.566825
72057594037937085,0,0.8194959,5985.551,0.7401161,0.714195,2.468809,0.8094495,1.136742,2.53913,0.6980895,0.9216556,2.513529,0.6166065,0.8114145,2.455056,0.6586475,0.9428761,2.469818,0.6945307,0.9582377,2.510314,0.8318157,0.9812463,2.501686,0.9245437,0.8522109,2.383415,0.8019368,0.7034128,2.352376,0.75834,0.6573603,2.35319,0.6926411,0.7098848,2.462621,0.7167158,0.4847453,2.385985,0.7660945,0.6810945,2.362918,0.7748577,0.7139665,2.429395,0.6075212,0.5483374,2.436469,0.6789703,0.357621,2.433272,0.8272917,1.01993,2.566825
72057594037937085,0,0.8194959,5985.554,0.7401161,0.714195,2.468809,0.8094495,1.136742,2.53913,0.6980895,0.9216556,2.513529,0.6166065,0.8114145,2.455056,0.6586475,0.9428761,2.469818,0.6945307,0.9582377,2.510314,0.8318157,0.9812463,2.501686,0.9245437,0.8522109,2.383415,0.8019368,0.7034128,2.352376,0.75834,0.6573603,2.35319,0.6926411,0.7098848,2.462621,0.7167158,0.4847453,2.385985,0.7660945,0.6810945,2.362918,0.7748577,0.7139665,2.429395,0.6075212,0.5483374,2.436469,0.6789703,0.357621,2.433272,0.8272917,1.01993,2.566825
72057594037937085,0,0.8194959,5985.557,0.7401161,0.714195,2.468809,0.8094495,1.136742,2.53913,0.6980895,0.9216556,2.513529,0.6166065,0.8114145,2.455056,0.6586475,0.9428761,2.469818,0.6945307,0.9582377,2.510314,0.8318157,0.9812463,2.501686,0.9245437,0.8522109,2.383415,0.8019368,0.7034128,2.352376,0.75834,0.6573603,2.35319,0.6926411,0.7098848,2.462621,0.7167158,0.4847453,2.385985,0.7660945,0.6810945,2.362918,0.7748577,0.7139665,2.429395,0.6075212,0.5483374,2.436469,0.6789703,0.357621,2.433272,0.8272917,1.01993,2.566825
72057594037937085,0,0.8194959,5985.56,0.7401161,0.714195,2.468809,0.8094495,1.136742,2.53913,0.6980895,0.9216556,2.513529,0.6166065,0.8114145,2.455056,0.6586475,0.9428761,2.469818,0.6945307,0.9582377,2.510314,0.8318157,0.9812463,2.501686,0.9245437,0.8522109,2.383415,0.8019368,0.7034128,2.352376,0.75834,0.6573603,2.35319,0.6926411,0.7098848,2.462621,0.7167158,0.4847453,2.385985,0.7660945,0.6810945,2.362918,0.7748577,0.7139665,2.429395,0.6075212,0.5483374,2.436469,0.6789703,0.357621,2.433272,0.8272917,1.01993,2.566825
72057594037937085,0,0.8194959,5985.563,0.7401161,0.714195,2.468809,0.8094495,1.136742,2.53913,0.6980895,0.9216556,2.513529,0.6166065,0.8114145,2.455056,0.6586475,0.9428761,2.469818,0.6945307,0.9582377,2.510314,0.8318157,0.9812463,2.501686,0.9245437,0.8522109,2.383415,0.8019368,0.7034128,2.352376,0.75834,0.6573603,2.35319,0.6926411,0.7098848,2.462621,0.7167158,0.4847453,2.385985,0.7660945,0.6810945,2.362918,0.7748577,0.7139665,2.429395,0.6075212,0.5483374,2.436469,0.6789703,0.357621,2.433272,0.8272917,1.01993,2.566825
72057594037937085,0,0.8194959,5985.566,0.7401161,0.714195,2.468809,0.8094495,1.136742,2.53913,0.6980895,0.9216556,2.513529,0.6166065,0.8114145,2.455056,0.6586475,0.9428761,2.469818,0.6945307,0.9582377,2.510314,0.8318157,0.9812463,2.501686,0.9245437,0.8522109,2.383415,0.8019368,0.7034128,2.352376,0.75834,0.6573603,2.35319,0.6926411,0.7098848,2.462621,0.7167158,0.4847453,2.385985,0.7660945,0.6810945,2.362918,0.7748577,0.7139665,2.429395,0.6075212,0.5483374,2.436469,0.6789703,0.357621,2.433272,0.8272917,1.01993,2.566825
72057594037937085,0,0.819276,5985.569,0.7401263,0.7146138,2.469255,0.809813,1.135934,2.538684,0.6992272,0.9206765,2.514391,0.6155452,0.8100377,2.460424,0.6591946,0.936552,2.493329,0.6905272,0.949734,2.517213,0.83215,0.9817876,2.502225,0.9225585,0.8519693,2.382706,0.7968017,0.7058373,2.350771,0.7707897,0.648819,2.344682,0.6932392,0.7102729,2.464064,0.7116009,0.4864547,2.379289,0.8234033,0.6436369,2.309551,0.7744526,0.714429,2.42938,0.6399848,0.5213227,2.432473,0.7716246,0.3693275,2.452943,0.8274643,1.019807,2.566889
72057594037937085,0,0.819276,5985.572,0.7401263,0.7146138,2.469255,0.809813,1.135934,2.538684,0.6992272,0.9206765,2.514391,0.6155452,0.8100377,2.460424,0.6591946,0.936552,2.493329,0.6905272,0.949734,2.517213,0.83215,0.9817876,2.502225,0.9225585,0.8519693,2.382706,0.7968017,0.7058373,2.350771,0.7707897,0.648819,2.344682,0.6932392,0.7102729,2.464064,0.7116009,0.4864547,2.379289,0.8234033,0.6436369,2.309551,0.7744526,0.714429,2.42938,0.6399848,0.5213227,2.432473,0.7716246,0.3693275,2.452943,0.8274643,1.019807,2.566889
72057594037937085,0,0.819276,5985.576,0.7401263,0.7146138,2.469255,0.809813,1.135934,2.538684,0.6992272,0.9206765,2.514391,0.6155452,0.8100377,2.460424,0.6591946,0.936552,2.493329,0.6905272,0.949734,2.517213,0.83215,0.9817876,2.502225,0.9225585,0.8519693,2.382706,0.7968017,0.7058373,2.350771,0.7707897,0.648819,2.344682,0.6932392,0.7102729,2.464064,0.7116009,0.4864547,2.379289,0.8234033,0.6436369,2.309551,0.7744526,0.714429,2.42938,0.6399848,0.5213227,2.432473,0.7716246,0.3693275,2.452943,0.8274643,1.019807,2.566889
72057594037937085,0,0.819276,5985.578,0.7401263,0.7146138,2.469255,0.809813,1.135934,2.538684,0.6992272,0.9206765,2.514391,0.6155452,0.8100377,2.460424,0.6591946,0.936552,2.493329,0.6905272,0.949734,2.517213,0.83215,0.9817876,2.502225,0.9225585,0.8519693,2.382706,0.7968017,0.7058373,2.350771,0.7707897,0.648819,2.344682,0.6932392,0.7102729,2.464064,0.7116009,0.4864547,2.379289,0.8234033,0.6436369,2.309551,0.7744526,0.714429,2.42938,0.6399848,0.5213227,2.432473,0.7716246,0.3693275,2.452943,0.8274643,1.019807,2.566889
72057594037937085,0,0.819276,5985.581,0.7401263,0.7146138,2.469255,0.809813,1.135934,2.538684,0.6992272,0.9206765,2.514391,0.6155452,0.8100377,2.460424,0.6591946,0.936552,2.493329,0.6905272,0.949734,2.517213,0.83215,0.9817876,2.502225,0.9225585,0.8519693,2.382706,0.7968017,0.7058373,2.350771,0.7707897,0.648819,2.344682,0.6932392,0.7102729,2.464064,0.7116009,0.4864547,2.379289,0.8234033,0.6436369,2.309551,0.7744526,0.714429,2.42938,0.6399848,0.5213227,2.432473,0.7716246,0.3693275,2.452943,0.8274643,1.019807,2.566889
72057594037937085,0,0.819276,5985.583,0.7401263,0.7146138,2.469255,0.809813,1.135934,2.538684,0.6992272,0.9206765,2.514391,0.6155452,0.8100377,2.460424,0.6591946,0.936552,2.493329,0.6905272,0.949734,2.517213,0.83215,0.9817876,2.502225,0.9225585,0.8519693,2.382706,0.7968017,0.7058373,2.350771,0.7707897,0.648819,2.344682,0.6932392,0.7102729,2.464064,0.7116009,0.4864547,2.379289,0.8234033,0.6436369,2.309551,0.7744526,0.714429,2.42938,0.6399848,0.5213227,2.432473,0.7716246,0.3693275,2.452943,0.8274643,1.019807,2.566889
72057594037937085,0,0.819276,5985.587,0.7401263,0.7146138,2.469255,0.809813,1.135934,2.538684,0.6992272,0.9206765,2.514391,0.6155452,0.8100377,2.460424,0.6591946,0.936552,2.493329,0.6905272,0.949734,2.517213,0.83215,0.9817876,2.502225,0.9225585,0.8519693,2.382706,0.7968017,0.7058373,2.350771,0.7707897,0.648819,2.344682,0.6932392,0.7102729,2.464064,0.7116009,0.4864547,2.379289,0.8234033,0.6436369,2.309551,0.7744526,0.714429,2.42938,0.6399848,0.5213227,2.432473,0.7716246,0.3693275,2.452943,0.8274643,1.019807,2.566889
72057594037937085,0,0.819276,5985.59,0.7401263,0.7146138,2.469255,0.809813,1.135934,2.538684,0.6992272,0.9206765,2.514391,0.6155452,0.8100377,2.460424,0.6591946,0.936552,2.493329,0.6905272,0.949734,2.517213,0.83215,0.9817876,2.502225,0.9225585,0.8519693,2.382706,0.7968017,0.7058373,2.350771,0.7707897,0.648819,2.344682,0.6932392,0.7102729,2.464064,0.7116009,0.4864547,2.379289,0.8234033,0.6436369,2.309551,0.7744526,0.714429,2.42938,0.6399848,0.5213227,2.432473,0.7716246,0.3693275,2.452943,0.8274643,1.019807,2.566889
72057594037937085,0,0.819276,5985.592,0.7401263,0.7146138,2.469255,0.809813,1.135934,2.538684,0.6992272,0.9206765,2.514391,0.6155452,0.8100377,2.460424,0.6591946,0.936552,2.493329,0.6905272,0.949734,2.517213,0.83215,0.9817876,2.502225,0.9225585,0.8519693,2.382706,0.7968017,0.7058373,2.350771,0.7707897,0.648819,2.344682,0.6932392,0.7102729,2.464064,0.7116009,0.4864547,2.379289,0.8234033,0.6436369,2.309551,0.7744526,0.714429,2.42938,0.6399848,0.5213227,2.432473,0.7716246,0.3693275,2.452943,0.8274643,1.019807,2.566889
72057594037937085,0,0.819276,5985.596,0.7401263,0.7146138,2.469255,0.809813,1.135934,2.538684,0.6992272,0.9206765,2.514391,0.6155452,0.8100377,2.460424,0.6591946,0.936552,2.493329,0.6905272,0.949734,2.517213,0.83215,0.9817876,2.502225,0.9225585,0.8519693,2.382706,0.7968017,0.7058373,2.350771,0.7707897,0.648819,2.344682,0.6932392,0.7102729,2.464064,0.7116009,0.4864547,2.379289,0.8234033,0.6436369,2.309551,0.7744526,0.714429,2.42938,0.6399848,0.5213227,2.432473,0.7716246,0.3693275,2.452943,0.8274643,1.019807,2.566889
72057594037937085,0,0.819276,5985.599,0.7401263,0.7146138,2.469255,0.809813,1.135934,2.538684,0.6992272,0.9206765,2.514391,0.6155452,0.8100377,2.460424,0.6591946,0.936552,2.493329,0.6905272,0.949734,2.517213,0.83215,0.9817876,2.502225,0.9225585,0.8519693,2.382706,0.7968017,0.7058373,2.350771,0.7707897,0.648819,2.344682,0.6932392,0.7102729,2.464064,0.7116009,0.4864547,2.379289,0.8234033,0.6436369,2.309551,0.7744526,0.714429,2.42938,0.6399848,0.5213227,2.432473,0.7716246,0.3693275,2.452943,0.8274643,1.019807,2.566889
72057594037937085,0,0.819387,5985.603,0.740423,0.7148269,2.469626,0.8101479,1.135121,2.53898,0.6988396,0.9203862,2.515961,0.6180294,0.8078624,2.461268,0.66237,0.9354436,2.490133,0.6899059,0.9533435,2.52112,0.832204,0.9805962,2.501719,0.9263218,0.8521023,2.38372,0.861898,0.7340206,2.325437,0.8556385,0.7157094,2.324291,0.6935293,0.7101485,2.464615,0.7105539,0.4856799,2.381418,0.826602,0.6373569,2.30544,0.7747222,0.7148234,2.429552,0.6338983,0.5268335,2.437548,0.7593229,0.367565,2.412154,0.8277917,1.019217,2.567078
72057594037937085,0,0.819387,5985.605,0.740423,0.7148269,2.469626,0.8101479,1.135121,2.53898,0.6988396,0.9203862,2.515961,0.6180294,0.8078624,2.461268,0.66237,0.9354436,2.490133,0.6899059,0.9533435,2.52112,0.832204,0.9805962,2.501719,0.9263218,0.8521023,2.38372,0.861898,0.7340206,2.325437,0.8556385,0.7157094,2.324291,0.6935293,0.7101485,2.464615,0.7105539,0.4856799,2.381418,0.826602,0.6373569,2.30544,0.7747222,0.7148234,2.429552,0.6338983,0.5268335,2.437548,0.7593229,0.367565,2.412154,0.8277917,1.019217,2.567078
72057594037937085,0,0.819387,5985.608,0.740423,0.7148269,2.469626,0.8101479,1.135121,2.53898,0.6988396,0.9203862,2.515961,0.6180294,0.8078624,2.461268,0.66237,0.9354436,2.490133,0.6899059,0.9533435,2.52112,0.832204,0.9805962,2.501719,0.9263218,0.8521023,2.38372,0.861898,0.7340206,2.325437,0.8556385,0.7157094,2.324291,0.6935293,0.7101485,2.464615,0.7105539,0.4856799,2.381418,0.826602,0.6373569,2.30544,0.7747222,0.7148234,2.429552,0.6338983,0.5268335,2.437548,0.7593229,0.367565,2.412154,0.8277917,1.019217,2.567078
72057594037937085,0,0.819387,5985.611,0.740423,0.7148269,2.469626,0.8101479,1.135121,2.53898,0.6988396,0.9203862,2.515961,0.6180294,0.8078624,2.461268,0.66237,0.9354436,2.490133,0.6899059,0.9533435,2.52112,0.832204,0.9805962,2.501719,0.9263218,0.8521023,2.38372,0.861898,0.7340206,2.325437,0.8556385,0.7157094,2.324291,0.6935293,0.7101485,2.464615,0.7105539,0.4856799,2.381418,0.826602,0.6373569,2.30544,0.7747222,0.7148234,2.429552,0.6338983,0.5268335,2.437548,0.7593229,0.367565,2.412154,0.8277917,1.019217,2.567078
72057594037937085,0,0.819387,5985.614,0.740423,0.7148269,2.469626,0.8101479,1.135121,2.53898,0.6988396,0.9203862,2.515961,0.6180294,0.8078624,2.461268,0.66237,0.9354436,2.490133,0.6899059,0.9533435,2.52112,0.832204,0.9805962,2.501719,0.9263218,0.8521023,2.38372,0.861898,0.7340206,2.325437,0.8556385,0.7157094,2.324291,0.6935293,0.7101485,2.464615,0.7105539,0.4856799,2.381418,0.826602,0.6373569,2.30544,0.7747222,0.7148234,2.429552,0.6338983,0.5268335,2.437548,0.7593229,0.367565,2.412154,0.8277917,1.019217,2.567078
72057594037937085,0,0.819387,5985.618,0.740423,0.7148269,2.469626,0.8101479,1.135121,2.53898,0.6988396,0.9203862,2.515961,0.6180294,0.8078624,2.461268,0.66237,0.9354436,2.490133,0.6899059,0.9533435,2.52112,0.832204,0.9805962,2.501719,0.9263218,0.8521023,2.38372,0.861898,0.7340206,2.325437,0.8556385,0.7157094,2.324291,0.6935293,0.7101485,2.464615,0.7105539,0.4856799,2.381418,0.826602,0.6373569,2.30544,0.7747222,0.7148234,2.429552,0.6338983,0.5268335,2.437548,0.7593229,0.367565,2.412154,0.8277917,1.019217,2.567078
72057594037937085,0,0.819387,5985.621,0.740423,0.7148269,2.469626,0.8101479,1.135121,2.53898,0.6988396,0.9203862,2.515961,0.6180294,0.8078624,2.461268,0.66237,0.9354436,2.490133,0.6899059,0.9533435,2.52112,0.832204,0.9805962,2.501719,0.9263218,0.8521023,2.38372,0.861898,0.7340206,2.325437,0.8556385,0.7157094,2.324291,0.6935293,0.7101485,2.464615,0.7105539,0.4856799,2.381418,0.826602,0.6373569,2.30544,0.7747222,0.7148234,2.429552,0.6338983,0.5268335,2.437548,0.7593229,0.367565,2.412154,0.8277917,1.019217,2.567078
72057594037937085,0,0.819387,5985.624,0.740423,0.7148269,2.469626,0.8101479,1.135121,2.53898,0.6988396,0.9203862,2.515961,0.6180294,0.8078624,2.461268,0.66237,0.9354436,2.490133,0.6899059,0.9533435,2.52112,0.832204,0.9805962,2.501719,0.9263218,0.8521023,2.38372,0.861898,0.7340206,2.325437,0.8556385,0.7157094,2.324291,0.6935293,0.7101485,2.464615,0.7105539,0.4856799,2.381418,0.826602,0.6373569,2.30544,0.7747222,0.7148234,2.429552,0.6338983,0.5268335,2.437548,0.7593229,0.367565,2.412154,0.8277917,1.019217,2.567078
72057594037937085,0,0.819387,5985.627,0.740423,0.7148269,2.469626,0.8101479,1.135121,2.53898,0.6988396,0.9203862,2.515961,0.6180294,0.8078624,2.461268,0.66237,0.9354436,2.490133,0.6899059,0.9533435,2.52112,0.832204,0.9805962,2.501719,0.9263218,0.8521023,2.38372,0.861898,0.7340206,2.325437,0.8556385,0.7157094,2.324291,0.6935293,0.7101485,2.464615,0.7105539,0.4856799,2.381418,0.826602,0.6373569,2.30544,0.7747222,0.7148234,2.429552,0.6338983,0.5268335,2.437548,0.7593229,0.367565,2.412154,0.8277917,1.019217,2.567078
72057594037937085,0,0.819387,5985.629,0.740423,0.7148269,2.469626,0.8101479,1.135121,2.53898,0.6988396,0.9203862,2.515961,0.6180294,0.8078624,2.461268,0.66237,0.9354436,2.490133,0.6899059,0.9533435,2.52112,0.832204,0.9805962,2.501719,0.9263218,0.8521023,2.38372,0.861898,0.7340206,2.325437,0.8556385,0.7157094,2.324291,0.6935293,0.7101485,2.464615,0.7105539,0.4856799,2.381418,0.826602,0.6373569,2.30544,0.7747222,0.7148234,2.429552,0.6338983,0.5268335,2.437548,0.7593229,0.367565,2.412154,0.8277917,1.019217,2.567078
72057594037937085,0,0.819387,5985.632,0.740423,0.7148269,2.469626,0.8101479,1.135121,2.53898,0.6988396,0.9203862,2.515961,0.6180294,0.8078624,2.461268,0.66237,0.9354436,2.490133,0.6899059,0.9533435,2.52112,0.832204,0.9805962,2.501719,0.9263218,0.8521023,2.38372,0.861898,0.7340206,2.325437,0.8556385,0.7157094,2.324291,0.6935293,0.7101485,2.464615,0.7105539,0.4856799,2.381418,0.826602,0.6373569,2.30544,0.7747222,0.7148234,2.429552,0.6338983,0.5268335,2.437548,0.7593229,0.367565,2.412154,0.8277917,1.019217,2.567078
72057594037937085,0,0.8186105,5985.636,0.7402422,0.7150515,2.471373,0.8103236,1.134486,2.538944,0.6988714,0.9200836,2.517014,0.6188728,0.8070791,2.461819,0.6577737,0.9394972,2.478194,0.6892087,0.9583927,2.5305,0.8319675,0.9800577,2.501756,0.9280436,0.852478,2.384251,0.8372702,0.736606,2.325804,0.8297803,0.7206525,2.326172,0.6935246,0.7102042,2.465569,0.7084929,0.485872,2.382498,0.8275153,0.6334974,2.30344,0.7741751,0.7149881,2.432061,0.6298017,0.5297786,2.438305,0.7558789,0.3728383,2.402058,0.8280141,1.018888,2.567201
72057594037937085,0,0.8186105,5985.639,0.7402422,0.7150515,2.471373,0.8103236,1.134486,2.538944,0.6988714,0.9200836,2.517014,0.6188728,0.8070791,2.461819,0.6577737,0.9394972,2.478194,0.6892087,0.9583927,2.5305,0.8319675,0.9800577,2.501756,0.9280436,0.852478,2.384251,0.8372702,0.736606,2.325804,0.8297803,0.7206525,2.326172,0.6935246,0.7102042,2.465569,0.7084929,0.485872,2.382498,0.8275153,0.6334974,2.30344,0.7741751,0.7149881,2.432061,0.6298017,0.5297786,2.438305,0.7558789,0.3728383,2.402058,0.8280141,1.018888,2.567201
72057594037937085,0,0.8186105,5985.642,0.7402422,0.7150515,2.471373,0.8103236,1.134486,2.538944,0.6988714,0.9200836,2.517014,0.6188728,0.8070791,2.461819,0.6577737,0.9394972,2.478194,0.6892087,0.9583927,2.5305,0.8319675,0.9800577,2.501756,0.9280436,0.852478,2.384251,0.8372702,0.736606,2.325804,0.8297803,0.7206525,2.326172,0.6935246,0.7102042,2.465569,0.7084929,0.485872,2.382498,0.8275153,0.6334974,2.30344,0.7741751,0.7149881,2.432061,0.6298017,0.5297786,2.438305,0.7558789,0.3728383,2.402058,0.8280141,1.018888,2.567201
72057594037937085,0,0.8186105,5985.646,0.7402422,0.7150515,2.471373,0.8103236,1.134486,2.538944,0.6988714,0.9200836,2.517014,0.6188728,0.8070791,2.461819,0.6577737,0.9394972,2.478194,0.6892087,0.9583927,2.5305,0.8319675,0.9800577,2.501756,0.9280436,0.852478,2.384251,0.8372702,0.736606,2.325804,0.8297803,0.7206525,2.326172,0.6935246,0.7102042,2.465569,0.7084929,0.485872,2.382498,0.8275153,0.6334974,2.30344,0.7741751,0.7149881,2.432061,0.6298017,0.5297786,2.438305,0.7558789,0.3728383,2.402058,0.8280141,1.018888,2.567201
72057594037937085,0,0.8186105,5985.649,0.7402422,0.7150515,2.471373,0.8103236,1.134486,2.538944,0.6988714,0.9200836,2.517014,0.6188728,0.8070791,2.461819,0.6577737,0.9394972,2.478194,0.6892087,0.9583927,2.5305,0.8319675,0.9800577,2.501756,0.9280436,0.852478,2.384251,0.8372702,0.736606,2.325804,0.8297803,0.7206525,2.326172,0.6935246,0.7102042,2.465569,0.7084929,0.485872,2.382498,0.8275153,0.6334974,2.30344,0.7741751,0.7149881,2.432061,0.6298017,0.5297786,2.438305,0.7558789,0.3728383,2.402058,0.8280141,1.018888,2.567201
72057594037937085,0,0.8186105,5985.653,0.7402422,0.7150515,2.471373,0.8103236,1.134486,2.538944,0.6988714,0.9200836,2.517014,0.6188728,0.8070791,2.461819,0.6577737,0.9394972,2.478194,0.6892087,0.9583927,2.5305,0.8319675,0.9800577,2.501756,0.9280436,0.852478,2.384251,0.8372702,0.736606,2.325804,0.8297803,0.7206525,2.326172,0.6935246,0.7102042,2.465569,0.7084929,0.485872,2.382498,0.8275153,0.6334974,2.30344,0.7741751,0.7149881,2.432061,0.6298017,0.5297786,2.438305,0.7558789,0.3728383,2.402058,0.8280141,1.018888,2.567201
72057594037937085,0,0.8186105,5985.656,0.7402422,0.7150515,2.471373,0.8103236,1.134486,2.538944,0.6988714,0.9200836,2.517014,0.6188728,0.8070791,2.461819,0.6577737,0.9394972,2.478194,0.6892087,0.9583927,2.5305,0.8319675,0.9800577,2.501756,0.9280436,0.852478,2.384251,0.8372702,0.736606,2.325804,0.8297803,0.7206525,2.326172,0.6935246,0.7102042,2.465569,0.7084929,0.485872,2.382498,0.8275153,0.6334974,2.30344,0.7741751,0.7149881,2.432061,0.6298017,0.5297786,2.438305,0.7558789,0.3728383,2.402058,0.8280141,1.018888,2.567201
72057594037937085,0,0.8186105,5985.659,0.7402422,0.7150515,2.471373,0.8103236,1.134486,2.538944,0.6988714,0.9200836,2.517014,0.6188728,0.8070791,2.461819,0.6577737,0.9394972,2.478194,0.6892087,0.9583927,2.5305,0.8319675,0.9800577,2.501756,0.9280436,0.852478,2.384251,0.8372702,0.736606,2.325804,0.8297803,0.7206525,2.326172,0.6935246,0.7102042,2.465569,0.7084929,0.485872,2.382498,0.8275153,0.6334974,2.30344,0.7741751,0.7149881,2.432061,0.6298017,0.5297786,2.438305,0.7558789,0.3728383,2.402058,0.8280141,1.018888,2.567201
72057594037937085,0,0.8186105,5985.662,0.7402422,0.7150515,2.471373,0.8103236,1.134486,2.538944,0.6988714,0.9200836,2.517014,0.6188728,0.8070791,2.461819,0.6577737,0.9394972,2.478194,0.6892087,0.9583927,2.5305,0.8319675,0.9800577,2.501756,0.9280436,0.852478,2.384251,0.8372702,0.736606,2.325804,0.8297803,0.7206525,2.326172,0.6935246,0.7102042,2.465569,0.7084929,0.485872,2.382498,0.8275153,0.6334974,2.30344,0.7741751,0.7149881,2.432061,0.6298017,0.5297786,2.438305,0.7558789,0.3728383,2.402058,0.8280141,1.018888,2.567201
72057594037937085,0,0.8186105,5985.666,0.7402422,0.7150515,2.471373,0.8103236,1.134486,2.538944,0.6988714,0.9200836,2.517014,0.6188728,0.8070791,2.461819,0.6577737,0.9394972,2.478194,0.6892087,0.9583927,2.5305,0.8319675,0.9800577,2.501756,0.9280436,0.852478,2.384251,0.8372702,0.736606,2.325804,0.8297803,0.7206525,2.326172,0.6935246,0.7102042,2.465569,0.7084929,0.485872,2.382498,0.8275153,0.6334974,2.30344,0.7741751,0.7149881,2.432061,0.6298017,0.5297786,2.438305,0.7558789,0.3728383,2.402058,0.8280141,1.018888,2.567201
72057594037937085,0,0.8124275,5985.668,0.7343847,0.7118781,2.475781,0.8104893,1.133915,2.53876,0.6988118,0.9186774,2.517938,0.6191515,0.8056895,2.462147,0.6570516,0.9387707,2.476485,0.6922735,0.96236,2.525625,0.8378768,0.9772959,2.498036,0.9305699,0.8474082,2.38022,0.8783213,0.7193772,2.333148,0.8726763,0.7052771,2.33301,0.6898202,0.709043,2.467096,0.6793483,0.4788867,2.406893,0.8027205,0.6230071,2.328748,0.7653236,0.7081904,2.440679,0.6237013,0.5196076,2.436189,0.7268708,0.3451796,2.412461,0.8281932,1.018412,2.567092
72057594037937085,0,0.8124275,5985.671,0.7343847,0.7118781,2.475781,0.8104893,1.133915,2.53876,0.6988118,0.9186774,2.517938,0.6191515,0.8056895,2.462147,0.6570516,0.9387707,2.476485,0.6922735,0.96236,2.525625,0.8378768,0.9772959,2.498036,0.9305699,0.8474082,2.38022,0.8783213,0.7193772,2.333148,0.8726763,0.7052771,2.33301,0.6898202,0.709043,2.467096,0.6793483,0.4788867,2.406893,0.8027205,0.6230071,2.328748,0.7653236,0.7081904,2.440679,0.6237013,0.5196076,2.436189,0.7268708,0.3451796,2.412461,0.8281932,1.018412,2.567092
72057594037937085,0,0.8124275,5985.674,0.7343847,0.7118781,2.475781,0.8104893,1.133915,2.53876,0.6988118,0.9186774,2.517938,0.6191515,0.8056895,2.462147,0.6570516,0.9387707,2.476485,0.6922735,0.96236,2.525625,0.8378768,0.9772959,2.498036,0.9305699,0.8474082,2.38022,0.8783213,0.7193772,2.333148,0.8726763,0.7052771,2.33301,0.6898202,0.709043,2.467096,0.6793483,0.4788867,2.406893,0.8027205,0.6230071,2.328748,0.7653236,0.7081904,2.440679,0.6237013,0.5196076,2.436189,0.7268708,0.3451796,2.412461,0.8281932,1.018412,2.567092
72057594037937085,0,0.8124275,5985.676,0.7343847,0.7118781,2.475781,0.8104893,1.133915,2.53876,0.6988118,0.9186774,2.517938,0.6191515,0.8056895,2.462147,0.6570516,0.9387707,2.476485,0.6922735,0.96236,2.525625,0.8378768,0.9772959,2.498036,0.9305699,0.8474082,2.38022,0.8783213,0.7193772,2.333148,0.8726763,0.7052771,2.33301,0.6898202,0.709043,2.467096,0.6793483,0.4788867,2.406893,0.8027205,0.6230071,2.328748,0.7653236,0.7081904,2.440679,0.6237013,0.5196076,2.436189,0.7268708,0.3451796,2.412461,0.8281932,1.018412,2.567092
72057594037937085,0,0.8124275,5985.679,0.7343847,0.7118781,2.475781,0.8104893,1.133915,2.53876,0.6988118,0.9186774,2.517938,0.6191515,0.8056895,2.462147,0.6570516,0.9387707,2.476485,0.6922735,0.96236,2.525625,0.8378768,0.9772959,2.498036,0.9305699,0.8474082,2.38022,0.8783213,0.7193772,2.333148,0.8726763,0.7052771,2.33301,0.6898202,0.709043,2.467096,0.6793483,0.4788867,2.406893,0.8027205,0.6230071,2.328748,0.7653236,0.7081904,2.440679,0.6237013,0.5196076,2.436189,0.7268708,0.3451796,2.412461,0.8281932,1.018412,2.567092
72057594037937085,0,0.8124275,5985.681,0.7343847,0.7118781,2.475781,0.8104893,1.133915,2.53876,0.6988118,0.9186774,2.517938,0.6191515,0.8056895,2.462147,0.6570516,0.9387707,2.476485,0.6922735,0.96236,2.525625,0.8378768,0.9772959,2.498036,0.9305699,0.8474082,2.38022,0.8783213,0.7193772,2.333148,0.8726763,0.7052771,2.33301,0.6898202,0.709043,2.467096,0.6793483,0.4788867,2.406893,0.8027205,0.6230071,2.328748,0.7653236,0.7081904,2.440679,0.6237013,0.5196076,2.436189,0.7268708,0.3451796,2.412461,0.8281932,1.018412,2.567092
72057594037937085,0,0.8124275,5985.684,0.7343847,0.7118781,2.475781,0.8104893,1.133915,2.53876,0.6988118,0.9186774,2.517938,0.6191515,0.8056895,2.462147,0.6570516,0.9387707,2.476485,0.6922735,0.96236,2.525625,0.8378768,0.9772959,2.498036,0.9305699,0.8474082,2.38022,0.8783213,0.7193772,2.333148,0.8726763,0.7052771,2.33301,0.6898202,0.709043,2.467096,0.6793483,0.4788867,2.406893,0.8027205,0.6230071,2.328748,0.7653236,0.7081904,2.440679,0.6237013,0.5196076,2.436189,0.7268708,0.3451796,2.412461,0.8281932,1.018412,2.567092
72057594037937085,0,0.8124275,5985.687,0.7343847,0.7118781,2.475781,0.8104893,1.133915,2.53876,0.6988118,0.9186774,2.517938,0.6191515,0.8056895,2.462147,0.6570516,0.9387707,2.476485,0.6922735,0.96236,2.525625,0.8378768,0.9772959,2.498036,0.9305699,0.8474082,2.38022,0.8783213,0.7193772,2.333148,0.8726763,0.7052771,2.33301,0.6898202,0.709043,2.467096,0.6793483,0.4788867,2.406893,0.8027205,0.6230071,2.328748,0.7653236,0.7081904,2.440679,0.6237013,0.5196076,2.436189,0.7268708,0.3451796,2.412461,0.8281932,1.018412,2.567092
72057594037937085,0,0.8124275,5985.689,0.7343847,0.7118781,2.475781,0.8104893,1.133915,2.53876,0.6988118,0.9186774,2.517938,0.6191515,0.8056895,2.462147,0.6570516,0.9387707,2.476485,0.6922735,0.96236,2.525625,0.8378768,0.9772959,2.498036,0.9305699,0.8474082,2.38022,0.8783213,0.7193772,2.333148,0.8726763,0.7052771,2.33301,0.6898202,0.709043,2.467096,0.6793483,0.4788867,2.406893,0.8027205,0.6230071,2.328748,0.7653236,0.7081904,2.440679,0.6237013,0.5196076,2.436189,0.7268708,0.3451796,2.412461,0.8281932,1.018412,2.567092
72057594037937085,0,0.8124275,5985.693,0.7343847,0.7118781,2.475781,0.8104893,1.133915,2.53876,0.6988118,0.9186774,2.517938,0.6191515,0.8056895,2.462147,0.6570516,0.9387707,2.476485,0.6922735,0.96236,2.525625,0.8378768,0.9772959,2.498036,0.9305699,0.8474082,2.38022,0.8783213,0.7193772,2.333148,0.8726763,0.7052771,2.33301,0.6898202,0.709043,2.467096,0.6793483,0.4788867,2.406893,0.8027205,0.6230071,2.328748,0.7653236,0.7081904,2.440679,0.6237013,0.5196076,2.436189,0.7268708,0.3451796,2.412461,0.8281932,1.018412,2.567092
72057594037937085,0,0.8124275,5985.696,0.7343847,0.7118781,2.475781,0.8104893,1.133915,2.53876,0.6988118,0.9186774,2.517938,0.6191515,0.8056895,2.462147,0.6570516,0.9387707,2.476485,0.6922735,0.96236,2.525625,0.8378768,0.9772959,2.498036,0.9305699,0.8474082,2.38022,0.8783213,0.7193772,2.333148,0.8726763,0.7052771,2.33301,0.6898202,0.709043,2.467096,0.6793483,0.4788867,2.406893,0.8027205,0.6230071,2.328748,0.7653236,0.7081904,2.440679,0.6237013,0.5196076,2.436189,0.7268708,0.3451796,2.412461,0.8281932,1.018412,2.567092
72057594037937085,0,0.8193134,5985.7,0.7396186,0.7097489,2.470771,0.8109183,1.131532,2.537344,0.6987687,0.9181576,2.519038,0.6242666,0.799639,2.468925,0.6553774,0.935921,2.472363,0.687921,0.953048,2.524401,0.8371143,0.9770707,2.498938,0.9314931,0.8476274,2.382103,0.873894,0.7230577,2.331449,0.8722497,0.7072307,2.334314,0.6948938,0.707805,2.460892,0.6998917,0.4795527,2.391536,0.8076329,0.6444503,2.338045,0.7713705,0.7052319,2.435633,0.6210866,0.5241703,2.438383,0.7227198,0.3492921,2.412882,0.8289794,1.017387,2.566671
72057594037937085,0,0.8193134,5985.703,0.7396186,0.7097489,2.470771,0.8109183,1.131532,2.537344,0.6987687,0.9181576,2.519038,0.6242666,0.799639,2.468925,0.6553774,0.935921,2.472363,0.687921,0.953048,2.524401,0.8371143,0.9770707,2.498938,0.9314931,0.8476274,2.382103,0.873894,0.7230577,2.331449,0.8722497,0.7072307,2.334314,0.6948938,0.707805,2.460892,0.6998917,0.4795527,2.391536,0.8076329,0.6444503,2.338045,0.7713705,0.7052319,2.435633,0.6210866,0.5241703,2.438383,0.7227198,0.3492921,2.412882,0.8289794,1.017387,2.566671
72057594037937085,0,0.8193134,5985.707,0.7396186,0.7097489,2.470771,0.8109183,1.131532,2.537344,0.6987687,0.9181576,2.519038,0.6242666,0.799639,2.468925,0.6553774,0.935921,2.472363,0.687921,0.953048,2.524401,0.8371143,0.9770707,2.498938,0.9314931,0.8476274,2.382103,0.873894,0.7230577,2.331449,0.8722497,0.7072307,2.334314,0.6948938,0.707805,2.460892,0.6998917,0.4795527,2.391536,0.8076329,0.6444503,2.338045,0.7713705,0.7052319,2.435633,0.6210866,0.5241703,2.438383,0.7227198,0.3492921,2.412882,0.8289794,1.017387,2.566671
72057594037937085,0,0.8193134,5985.709,0.7396186,0.7097489,2.470771,0.8109183,1.131532,2.537344,0.6987687,0.9181576,2.519038,0.6242666,0.799639,2.468925,0.6553774,0.935921,2.472363,0.687921,0.953048,2.524401,0.8371143,0.9770707,2.498938,0.9314931,0.8476274,2.382103,0.873894,0.7230577,2.331449,0.8722497,0.7072307,2.334314,0.6948938,0.707805,2.460892,0.6998917,0.4795527,2.391536,0.8076329,0.6444503,2.338045,0.7713705,0.7052319,2.435633,0.6210866,0.5241703,2.438383,0.7227198,0.3492921,2.412882,0.8289794,1.017387,2.566671
72057594037937085,0,0.8193134,5985.712,0.7396186,0.7097489,2.470771,0.8109183,1.131532,2.537344,0.6987687,0.9181576,2.519038,0.6242666,0.799639,2.468925,0.6553774,0.935921,2.472363,0.687921,0.953048,2.524401,0.8371143,0.9770707,2.498938,0.9314931,0.8476274,2.382103,0.873894,0.7230577,2.331449,0.8722497,0.7072307,2.334314,0.6948938,0.707805,2.460892,0.6998917,0.4795527,2.391536,0.8076329,0.6444503,2.338045,0.7713705,0.7052319,2.435633,0.6210866,0.5241703,2.438383,0.7227198,0.3492921,2.412882,0.8289794,1.017387,2.566671
72057594037937085,0,0.8193134,5985.714,0.7396186,0.7097489,2.470771,0.8109183,1.131532,2.537344,0.6987687,0.9181576,2.519038,0.6242666,0.799639,2.468925,0.6553774,0.935921,2.472363,0.687921,0.953048,2.524401,0.8371143,0.9770707,2.498938,0.9314931,0.8476274,2.382103,0.873894,0.7230577,2.331449,0.8722497,0.7072307,2.334314,0.6948938,0.707805,2.460892,0.6998917,0.4795527,2.391536,0.8076329,0.6444503,2.338045,0.7713705,0.7052319,2.435633,0.6210866,0.5241703,2.438383,0.7227198,0.3492921,2.412882,0.8289794,1.017387,2.566671
72057594037937085,0,0.8193134,5985.717,0.7396186,0.7097489,2.470771,0.8109183,1.131532,2.537344,0.6987687,0.9181576,2.519038,0.6242666,0.799639,2.468925,0.6553774,0.935921,2.472363,0.687921,0.953048,2.524401,0.8371143,0.9770707,2.498938,0.9314931,0.8476274,2.382103,0.873894,0.7230577,2.331449,0.8722497,0.7072307,2.334314,0.6948938,0.707805,2.460892,0.6998917,0.4795527,2.391536,0.8076329,0.6444503,2.338045,0.7713705,0.7052319,2.435633,0.6210866,0.5241703,2.438383,0.7227198,0.3492921,2.412882,0.8289794,1.017387,2.566671
72057594037937085,0,0.8193134,5985.719,0.7396186,0.7097489,2.470771,0.8109183,1.131532,2.537344,0.6987687,0.9181576,2.519038,0.6242666,0.799639,2.468925,0.6553774,0.935921,2.472363,0.687921,0.953048,2.524401,0.8371143,0.9770707,2.498938,0.9314931,0.8476274,2.382103,0.873894,0.7230577,2.331449,0.8722497,0.7072307,2.334314,0.6948938,0.707805,2.460892,0.6998917,0.4795527,2.391536,0.8076329,0.6444503,2.338045,0.7713705,0.7052319,2.435633,0.6210866,0.5241703,2.438383,0.7227198,0.3492921,2.412882,0.8289794,1.017387,2.566671
72057594037937085,0,0.8193134,5985.722,0.7396186,0.7097489,2.470771,0.8109183,1.131532,2.537344,0.6987687,0.9181576,2.519038,0.6242666,0.799639,2.468925,0.6553774,0.935921,2.472363,0.687921,0.953048,2.524401,0.8371143,0.9770707,2.498938,0.9314931,0.8476274,2.382103,0.873894,0.7230577,2.331449,0.8722497,0.7072307,2.334314,0.6948938,0.707805,2.460892,0.6998917,0.4795527,2.391536,0.8076329,0.6444503,2.338045,0.7713705,0.7052319,2.435633,0.6210866,0.5241703,2.438383,0.7227198,0.3492921,2.412882,0.8289794,1.017387,2.566671
72057594037937085,0,0.8193134,5985.725,0.7396186,0.7097489,2.470771,0.8109183,1.131532,2.537344,0.6987687,0.9181576,2.519038,0.6242666,0.799639,2.468925,0.6553774,0.935921,2.472363,0.687921,0.953048,2.524401,0.8371143,0.9770707,2.498938,0.9314931,0.8476274,2.382103,0.873894,0.7230577,2.331449,0.8722497,0.7072307,2.334314,0.6948938,0.707805,2.460892,0.6998917,0.4795527,2.391536,0.8076329,0.6444503,2.338045,0.7713705,0.7052319,2.435633,0.6210866,0.5241703,2.438383,0.7227198,0.3492921,2.412882,0.8289794,1.017387,2.566671
72057594037937085,0,0.8193134,5985.728,0.7396186,0.7097489,2.470771,0.8109183,1.131532,2.537344,0.6987687,0.9181576,2.519038,0.6242666,0.799639,2.468925,0.6553774,0.935921,2.472363,0.687921,0.953048,2.524401,0.8371143,0.9770707,2.498938,0.9314931,0.8476274,2.382103,0.873894,0.7230577,2.331449,0.8722497,0.7072307,2.334314,0.6948938,0.707805,2.460892,0.6998917,0.4795527,2.391536,0.8076329,0.6444503,2.338045,0.7713705,0.7052319,2.435633,0.6210866,0.5241703,2.438383,0.7227198,0.3492921,2.412882,0.8289794,1.017387,2.566671
72057594037937085,0,0.8193134,5985.73,0.7396186,0.7097489,2.470771,0.8109183,1.131532,2.537344,0.6987687,0.9181576,2.519038,0.6242666,0.799639,2.468925,0.6553774,0.935921,2.472363,0.687921,0.953048,2.524401,0.8371143,0.9770707,2.498938,0.9314931,0.8476274,2.382103,0.873894,0.7230577,2.331449,0.8722497,0.7072307,2.334314,0.6948938,0.707805,2.460892,0.6998917,0.4795527,2.391536,0.8076329,0.6444503,2.338045,0.7713705,0.7052319,2.435633,0.6210866,0.5241703,2.438383,0.7227198,0.3492921,2.412882,0.8289794,1.017387,2.566671
72057594037937085,0,0.8193134,5985.733,0.7396186,0.7097489,2.470771,0.8109183,1.131532,2.537344,0.6987687,0.9181576,2.519038,0.6242666,0.799639,2.468925,0.6553774,0.935921,2.472363,0.687921,0.953048,2.524401,0.8371143,0.9770707,2.498938,0.9314931,0.8476274,2.382103,0.873894,0.7230577,2.331449,0.8722497,0.7072307,2.334314,0.6948938,0.707805,2.460892,0.6998917,0.4795527,2.391536,0.8076329,0.6444503,2.338045,0.7713705,0.7052319,2.435633,0.6210866,0.5241703,2.438383,0.7227198,0.3492921,2.412882,0.8289794,1.017387,2.566671
72057594037937085,0,0.8132058,5985.737,0.7350168,0.7111615,2.475639,0.810993,1.130343,2.537155,0.6987758,0.9178731,2.519224,0.6236967,0.7997842,2.468894,0.7853693,0.8712629,2.391726,0.8367869,0.8619263,2.374295,0.8363398,0.9802448,2.504066,0.90304,0.83097,2.391084,0.8727977,0.7072409,2.318147,0.860873,0.7012513,2.327877,0.6906519,0.7082824,2.468545,0.7113386,0.4865908,2.379542,0.8443138,0.6365079,2.347994,0.7660818,0.7077619,2.438277,0.6187745,0.5238133,2.433815,0.7265095,0.3782957,2.335201,0.8288643,1.016844,2.56675
72057594037937085,0,0.8132058,5985.74,0.7350168,0.7111615,2.475639,0.810993,1.130343,2.537155,0.6987758,0.9178731,2.519224,0.6236967,0.7997842,2.468894,0.7853693,0.8712629,2.391726,0.8367869,0.8619263,2.374295,0.8363398,0.9802448,2.504066,0.90304,0.83097,2.391084,0.8727977,0.7072409,2.318147,0.860873,0.7012513,2.327877,0.6906519,0.7082824,2.468545,0.7113386,0.4865908,2.379542,0.8443138,0.6365079,2.347994,0.7660818,0.7077619,2.438277,0.6187745,0.5238133,2.433815,0.7265095,0.3782957,2.335201,0.8288643,1.016844,2.56675
72057594037937085,0,0.8132058,5985.743,0.7350168,0.7111615,2.475639,0.810993,1.130343,2.537155,0.6987758,0.9178731,2.519224,0.6236967,0.7997842,2.468894,0.7853693,0.8712629,2.391726,0.8367869,0.8619263,2.374295,0.8363398,0.9802448,2.504066,0.90304,0.83097,2.391084,0.8727977,0.7072409,2.318147,0.860873,0.7012513,2.327877,0.6906519,0.7082824,2.468545,0.7113386,0.4865908,2.379542,0.8443138,0.6365079,2.347994,0.7660818,0.7077619,2.438277,0.6187745,0.5238133,2.433815,0.7265095,0.3782957,2.335201,0.8288643,1.016844,2.56675
72057594037937085,0,0.8132058,5985.746,0.7350168,0.7111615,2.475639,0.810993,1.130343,2.537155,0.6987758,0.9178731,2.519224,0.6236967,0.7997842,2.468894,0.7853693,0.8712629,2.391726,0.8367869,0.8619263,2.374295,0.8363398,0.9802448,2.504066,0.90304,0.83097,2.391084,0.8727977,0.7072409,2.318147,0.860873,0.7012513,2.327877,0.6906519,0.7082824,2.468545,0.7113386,0.4865908,2.379542,0.8443138,0.6365079,2.347994,0.7660818,0.7077619,2.438277,0.6187745,0.5238133,2.433815,0.7265095,0.3782957,2.335201,0.8288643,1.016844,2.56675
72057594037937085,0,0.8132058,5985.748,0.7350168,0.7111615,2.475639,0.810993,1.130343,2.537155,0.6987758,0.9178731,2.519224,0.6236967,0.7997842,2.468894,0.7853693,0.8712629,2.391726,0.8367869,0.8619263,2.374295,0.8363398,0.9802448,2.504066,0.90304,0.83097,2.391084,0.8727977,0.7072409,2.318147,0.860873,0.7012513,2.327877,0.6906519,0.7082824,2.468545,0.7113386,0.4865908,2.379542,0.8443138,0.6365079,2.347994,0.7660818,0.7077619,2.438277,0.6187745,0.5238133,2.433815,0.7265095,0.3782957,2.335201,0.8288643,1.016844,2.56675
72057594037937085,0,0.8132058,5985.75,0.7350168,0.7111615,2.475639,0.810993,1.130343,2.537155,0.6987758,0.9178731,2.519224,0.6236967,0.7997842,2.468894,0.7853693,0.8712629,2.391726,0.8367869,0.8619263,2.374295,0.8363398,0.9802448,2.504066,0.90304,0.83097,2.391084,0.8727977,0.7072409,2.318147,0.860873,0.7012513,2.327877,0.6906519,0.7082824,2.468545,0.7113386,0.4865908,2.379542,0.8443138,0.6365079,2.347994,0.7660818,0.7077619,2.438277,0.6187745,0.5238133,2.433815,0.7265095,0.3782957,2.335201,0.8288643,1.016844,2.56675
72057594037937085,0,0.8132058,5985.753,0.7350168,0.7111615,2.475639,0.810993,1.130343,2.537155,0.6987758,0.9178731,2.519224,0.6236967,0.7997842,2.468894,0.7853693,0.8712629,2.391726,0.8367869,0.8619263,2.374295,0.8363398,0.9802448,2.504066,0.90304,0.83097,2.391084,0.8727977,0.7072409,2.318147,0.860873,0.7012513,2.327877,0.6906519,0.7082824,2.468545,0.7113386,0.4865908,2.379542,0.8443138,0.6365079,2.347994,0.7660818,0.7077619,2.438277,0.6187745,0.5238133,2.433815,0.7265095,0.3782957,2.335201,0.8288643,1.016844,2.56675
72057594037937085,0,0.8132058,5985.762,0.7350168,0.7111615,2.475639,0.810993,1.130343,2.537155,0.6987758,0.9178731,2.519224,0.6236967,0.7997842,2.468894,0.7853693,0.8712629,2.391726,0.8367869,0.8619263,2.374295,0.8363398,0.9802448,2.504066,0.90304,0.83097,2.391084,0.8727977,0.7072409,2.318147,0.860873,0.7012513,2.327877,0.6906519,0.7082824,2.468545,0.7113386,0.4865908,2.379542,0.8443138,0.6365079,2.347994,0.7660818,0.7077619,2.438277,0.6187745,0.5238133,2.433815,0.7265095,0.3782957,2.335201,0.8288643,1.016844,2.56675
72057594037937085,0,0.8132058,5985.765,0.7350168,0.7111615,2.475639,0.810993,1.130343,2.537155,0.6987758,0.9178731,2.519224,0.6236967,0.7997842,2.468894,0.7853693,0.8712629,2.391726,0.8367869,0.8619263,2.374295,0.8363398,0.9802448,2.504066,0.90304,0.83097,2.391084,0.8727977,0.7072409,2.318147,0.860873,0.7012513,2.327877,0.6906519,0.7082824,2.468545,0.7113386,0.4865908,2.379542,0.8443138,0.6365079,2.347994,0.7660818,0.7077619,2.438277,0.6187745,0.5238133,2.433815,0.7265095,0.3782957,2.335201,0.8288643,1.016844,2.56675
72057594037937085,0,0.8034831,5985.769,0.7269441,0.7081925,2.484772,0.8113593,1.129714,2.537306,0.6989093,0.9167008,2.52006,0.6228585,0.7996241,2.468605,0.7730687,0.7473923,2.355672,0.8119807,0.732764,2.338467,0.8353202,0.9796764,2.504879,0.9024092,0.8305656,2.391918,0.8732289,0.706789,2.318626,0.8718091,0.7023706,2.331652,0.6845909,0.7063145,2.476149,0.7162876,0.4902828,2.375618,0.8426586,0.6462435,2.34687,0.7564355,0.7040657,2.447895,0.6151331,0.5149714,2.428377,0.720421,0.3663855,2.331845,0.8288314,1.016316,2.567294
72057594037937085,0,0.8034831,5985.772,0.7269441,0.7081925,2.484772,0.8113593,1.129714,2.537306,0.6989093,0.9167008,2.52006,0.6228585,0.7996241,2.468605,0.7730687,0.7473923,2.355672,0.8119807,0.732764,2.338467,0.8353202,0.9796764,2.504879,0.9024092,0.8305656,2.391918,0.8732289,0.706789,2.318626,0.8718091,0.7023706,2.331652,0.6845909,0.7063145,2.476149,0.7162876,0.4902828,2.375618,0.8426586,0.6462435,2.34687,0.7564355,0.7040657,2.447895,0.6151331,0.5149714,2.428377,0.720421,0.3663855,2.331845,0.8288314,1.016316,2.567294
72057594037937085,0,0.8034831,5985.774,0.7269441,0.7081925,2.484772,0.8113593,1.129714,2.537306,0.6989093,0.9167008,2.52006,0.6228585,0.7996241,2.468605,0.7730687,0.7473923,2.355672,0.8119807,0.732764,2.338467,0.8353202,0.9796764,2.504879,0.9024092,0.8305656,2.391918,0.8732289,0.706789,2.318626,0.8718091,0.7023706,2.331652,0.6845909,0.7063145,2.476149,0.7162876,0.4902828,2.375618,0.8426586,0.6462435,2.34687,0.7564355,0.7040657,2.447895,0.6151331,0.5149714,2.428377,0.720421,0.3663855,2.331845,0.8288314,1.016316,2.567294
72057594037937085,0,0.8034831,5985.777,0.7269441,0.7081925,2.484772,0.8113593,1.129714,2.537306,0.6989093,0.9167008,2.52006,0.6228585,0.7996241,2.468605,0.7730687,0.7473923,2.355672,0.8119807,0.732764,2.338467,0.8353202,0.9796764,2.504879,0.9024092,0.8305656,2.391918,0.8732289,0.706789,2.318626,0.8718091,0.7023706,2.331652,0.6845909,0.7063145,2.476149,0.7162876,0.4902828,2.375618,0.8426586,0.6462435,2.34687,0.7564355,0.7040657,2.447895,0.6151331,0.5149714,2.428377,0.720421,0.3663855,2.331845,0.8288314,1.016316,2.567294
72057594037937085,0,0.8034831,5985.779,0.7269441,0.7081925,2.484772,0.8113593,1.129714,2.537306,0.6989093,0.9167008,2.52006,0.6228585,0.7996241,2.468605,0.7730687,0.7473923,2.355672,0.8119807,0.732764,2.338467,0.8353202,0.9796764,2.504879,0.9024092,0.8305656,2.391918,0.8732289,0.706789,2.318626,0.8718091,0.7023706,2.331652,0.6845909,0.7063145,2.476149,0.7162876,0.4902828,2.375618,0.8426586,0.6462435,2.34687,0.7564355,0.7040657,2.447895,0.6151331,0.5149714,2.428377,0.720421,0.3663855,2.331845,0.8288314,1.016316,2.567294
72057594037937085,0,0.8034831,5985.783,0.7269441,0.7081925,2.484772,0.8113593,1.129714,2.537306,0.6989093,0.9167008,2.52006,0.6228585,0.7996241,2.468605,0.7730687,0.7473923,2.355672,0.8119807,0.732764,2.338467,0.8353202,0.9796764,2.504879,0.9024092,0.8305656,2.391918,0.8732289,0.706789,2.318626,0.8718091,0.7023706,2.331652,0.6845909,0.7063145,2.476149,0.7162876,0.4902828,2.375618,0.8426586,0.6462435,2.34687,0.7564355,0.7040657,2.447895,0.6151331,0.5149714,2.428377,0.720421,0.3663855,2.331845,0.8288314,1.016316,2.567294
72057594037937085,0,0.8034831,5985.787,0.7269441,0.7081925,2.484772,0.8113593,1.129714,2.537306,0.6989093,0.9167008,2.52006,0.6228585,0.7996241,2.468605,0.7730687,0.7473923,2.355672,0.8119807,0.732764,2.338467,0.8353202,0.9796764,2.504879,0.9024092,0.8305656,2.391918,0.8732289,0.706789,2.318626,0.8718091,0.7023706,2.331652,0.6845909,0.7063145,2.476149,0.7162876,0.4902828,2.375618,0.8426586,0.6462435,2.34687,0.7564355,0.7040657,2.447895,0.6151331,0.5149714,2.428377,0.720421,0.3663855,2.331845,0.8288314,1.016316,2.567294
72057594037937085,0,0.8034831,5985.79,0.7269441,0.7081925,2.484772,0.8113593,1.129714,2.537306,0.6989093,0.9167008,2.52006,0.6228585,0.7996241,2.468605,0.7730687,0.7473923,2.355672,0.8119807,0.732764,2.338467,0.8353202,0.9796764,2.504879,0.9024092,0.8305656,2.391918,0.8732289,0.706789,2.318626,0.8718091,0.7023706,2.331652,0.6845909,0.7063145,2.476149,0.7162876,0.4902828,2.375618,0.8426586,0.6462435,2.34687,0.7564355,0.7040657,2.447895,0.6151331,0.5149714,2.428377,0.720421,0.3663855,2.331845,0.8288314,1.016316,2.567294
72057594037937085,0,0.8034831,5985.792,0.7269441,0.7081925,2.484772,0.8113593,1.129714,2.537306,0.6989093,0.9167008,2.52006,0.6228585,0.7996241,2.468605,0.7730687,0.7473923,2.355672,0.8119807,0.732764,2.338467,0.8353202,0.9796764,2.504879,0.9024092,0.8305656,2.391918,0.8732289,0.706789,2.318626,0.8718091,0.7023706,2.331652,0.6845909,0.7063145,2.476149,0.7162876,0.4902828,2.375618,0.8426586,0.6462435,2.34687,0.7564355,0.7040657,2.447895,0.6151331,0.5149714,2.428377,0.720421,0.3663855,2.331845,0.8288314,1.016316,2.567294
72057594037937085,0,0.8034831,5985.795,0.7269441,0.7081925,2.484772,0.8113593,1.129714,2.537306,0.6989093,0.9167008,2.52006,0.6228585,0.7996241,2.468605,0.7730687,0.7473923,2.355672,0.8119807,0.732764,2.338467,0.8353202,0.9796764,2.504879,0.9024092,0.8305656,2.391918,0.8732289,0.706789,2.318626,0.8718091,0.7023706,2.331652,0.6845909,0.7063145,2.476149,0.7162876,0.4902828,2.375618,0.8426586,0.6462435,2.34687,0.7564355,0.7040657,2.447895,0.6151331,0.5149714,2.428377,0.720421,0.3663855,2.331845,0.8288314,1.016316,2.567294
72057594037937085,0,0.8034831,5985.798,0.7269441,0.7081925,2.484772,0.8113593,1.129714,2.537306,0.6989093,0.9167008,2.52006,0.6228585,0.7996241,2.468605,0.7730687,0.7473923,2.355672,0.8119807,0.732764,2.338467,0.8353202,0.9796764,2.504879,0.9024092,0.8305656,2.391918,0.8732289,0.706789,2.318626,0.8718091,0.7023706,2.331652,0.6845909,0.7063145,2.476149,0.7162876,0.4902828,2.375618,0.8426586,0.6462435,2.34687,0.7564355,0.7040657,2.447895,0.6151331,0.5149714,2.428377,0.720421,0.3663855,2.331845,0.8288314,1.016316,2.567294
72057594037937085,0,0.8078358,5985.801,0.7304283,0.7074363,2.481679,0.8109701,1.129256,2.537714,0.6991146,0.9163752,2.520511,0.6226041,0.7999034,2.468197,0.7950064,0.7724289,2.384379,0.9477561,0.7430446,2.332322,0.8347895,0.9787049,2.50476,0.888604,0.8187817,2.399875,0.7673886,0.6710163,2.357136,0.7607179,0.6537111,2.35139,0.6871189,0.7051358,2.470406,0.7163906,0.4858335,2.378013,0.8344177,0.6444298,2.327847,0.7613697,0.7036005,2.446435,0.6237793,0.5120069,2.433243,0.7382215,0.3800494,2.322765,0.8288145,1.015924,2.567526
72057594037937085,0,0.8078358,5985.805,0.7304283,0.7074363,2.481679,0.8109701,1.129256,2.537714,0.6991146,0.9163752,2.520511,0.6226041,0.7999034,2.468197,0.7950064,0.7724289,2.384379,0.9477561,0.7430446,2.332322,0.8347895,0.9787049,2.50476,0.888604,0.8187817,2.399875,0.7673886,0.6710163,2.357136,0.7607179,0.6537111,2.35139,0.6871189,0.7051358,2.470406,0.7163906,0.4858335,2.378013,0.8344177,0.6444298,2.327847,0.7613697,0.7036005,2.446435,0.6237793,0.5120069,2.433243,0.7382215,0.3800494,2.322765,0.8288145,1.015924,2.567526
72057594037937085,0,0.8078358,5985.808,0.7304283,0.7074363,2.481679,0.8109701,1.129256,2.537714,0.6991146,0.9163752,2.520511,0.6226041,0.7999034,2.468197,0.7950064,0.7724289,2.384379,0.9477561,0.7430446,2.332322,0.8347895,0.9787049,2.50476,0.888604,0.8187817,2.399875,0.7673886,0.6710163,2.357136,0.7607179,0.6537111,2.35139,0.6871189,0.7051358,2.470406,0.7163906,0.4858335,2.378013,0.8344177,0.6444298,2.327847,0.7613697,0.7036005,2.446435,0.6237793,0.5120069,2.433243,0.7382215,0.3800494,2.322765,0.8288145,1.015924,2.567526
72057594037937085,0,0.8078358,5985.811,0.7304283,0.7074363,2.481679,0.8109701,1.129256,2.537714,0.6991146,0.9163752,2.520511,0.6226041,0.7999034,2.468197,0.7950064,0.7724289,2.384379,0.9477561,0.7430446,2.332322,0.8347895,0.9787049,2.50476,0.888604,0.8187817,2.399875,0.7673886,0.6710163,2.357136,0.7607179,0.6537111,2.35139,0.6871189,0.7051358,2.470406,0.7163906,0.4858335,2.378013,0.8344177,0.6444298,2.327847,0.7613697,0.7036005,2.446435,0.6237793,0.5120069,2.433243,0.7382215,0.3800494,2.322765,0.8288145,1.015924,2.567526
72057594037937085,0,0.8078358,5985.813,0.7304283,0.7074363,2.481679,0.8109701,1.129256,2.537714,0.6991146,0.9163752,2.520511,0.6226041,0.7999034,2.468197,0.7950064,0.7724289,2.384379,0.9477561,0.7430446,2.332322,0.8347895,0.9787049,2.50476,0.888604,0.8187817,2.399875,0.7673886,0.6710163,2.357136,0.7607179,0.6537111,2.35139,0.6871189,0.7051358,2.470406,0.7163906,0.4858335,2.378013,0.8344177,0.6444298,2.327847,0.7613697,0.7036005,2.446435,0.6237793,0.5120069,2.433243,0.7382215,0.3800494,2.322765,0.8288145,1.015924,2.567526
72057594037937085,0,0.8078358,5985.816,0.7304283,0.7074363,2.481679,0.8109701,1.129256,2.537714,0.6991146,0.9163752,2.520511,0.6226041,0.7999034,2.468197,0.7950064,0.7724289,2.384379,0.9477561,0.7430446,2.332322,0.8347895,0.9787049,2.50476,0.888604,0.8187817,2.399875,0.7673886,0.6710163,2.357136,0.7607179,0.6537111,2.35139,0.6871189,0.7051358,2.470406,0.7163906,0.4858335,2.378013,0.8344177,0.6444298,2.327847,0.7613697,0.7036005,2.446435,0.6237793,0.5120069,2.433243,0.7382215,0.3800494,2.322765,0.8288145,1.015924,2.567526
72057594037937085,0,0.8078358,5985.818,0.7304283,0.7074363,2.481679,0.8109701,1.129256,2.537714,0.6991146,0.9163752,2.520511,0.6226041,0.7999034,2.468197,0.7950064,0.7724289,2.384379,0.9477561,0.7430446,2.332322,0.8347895,0.9787049,2.50476,0.888604,0.8187817,2.399875,0.7673886,0.6710163,2.357136,0.7607179,0.6537111,2.35139,0.6871189,0.7051358,2.470406,0.7163906,0.4858335,2.378013,0.8344177,0.6444298,2.327847,0.7613697,0.7036005,2.446435,0.6237793,0.5120069,2.433243,0.7382215,0.3800494,2.322765,0.8288145,1.015924,2.567526
72057594037937085,0,0.8078358,5985.821,0.7304283,0.7074363,2.481679,0.8109701,1.129256,2.537714,0.6991146,0.9163752,2.520511,0.6226041,0.7999034,2.468197,0.7950064,0.7724289,2.384379,0.9477561,0.7430446,2.332322,0.8347895,0.9787049,2.50476,0.888604,0.8187817,2.399875,0.7673886,0.6710163,2.357136,0.7607179,0.6537111,2.35139,0.6871189,0.7051358,2.470406,0.7163906,0.4858335,2.378013,0.8344177,0.6444298,2.327847,0.7613697,0.7036005,2.446435,0.6237793,0.5120069,2.433243,0.7382215,0.3800494,2.322765,0.8288145,1.015924,2.567526
72057594037937085,0,0.8078358,5985.824,0.7304283,0.7074363,2.481679,0.8109701,1.129256,2.537714,0.6991146,0.9163752,2.520511,0.6226041,0.7999034,2.468197,0.7950064,0.7724289,2.384379,0.9477561,0.7430446,2.332322,0.8347895,0.9787049,2.50476,0.888604,0.8187817,2.399875,0.7673886,0.6710163,2.357136,0.7607179,0.6537111,2.35139,0.6871189,0.7051358,2.470406,0.7163906,0.4858335,2.378013,0.8344177,0.6444298,2.327847,0.7613697,0.7036005,2.446435,0.6237793,0.5120069,2.433243,0.7382215,0.3800494,2.322765,0.8288145,1.015924,2.567526
72057594037937085,0,0.8078358,5985.826,0.7304283,0.7074363,2.481679,0.8109701,1.129256,2.537714,0.6991146,0.9163752,2.520511,0.6226041,0.7999034,2.468197,0.7950064,0.7724289,2.384379,0.9477561,0.7430446,2.332322,0.8347895,0.9787049,2.50476,0.888604,0.8187817,2.399875,0.7673886,0.6710163,2.357136,0.7607179,0.6537111,2.35139,0.6871189,0.7051358,2.470406,0.7163906,0.4858335,2.378013,0.8344177,0.6444298,2.327847,0.7613697,0.7036005,2.446435,0.6237793,0.5120069,2.433243,0.7382215,0.3800494,2.322765,0.8288145,1.015924,2.567526
72057594037937085,0,0.8078358,5985.829,0.7304283,0.7074363,2.481679,0.8109701,1.129256,2.537714,0.6991146,0.9163752,2.520511,0.6226041,0.7999034,2.468197,0.7950064,0.7724289,2.384379,0.9477561,0.7430446,2.332322,0.8347895,0.9787049,2.50476,0.888604,0.8187817,2.399875,0.7673886,0.6710163,2.357136,0.7607179,0.6537111,2.35139,0.6871189,0.7051358,2.470406,0.7163906,0.4858335,2.378013,0.8344177,0.6444298,2.327847,0.7613697,0.7036005,2.446435,0.6237793,0.5120069,2.433243,0.7382215,0.3800494,2.322765,0.8288145,1.015924,2.567526
72057594037937085,0,0.8078358,5985.832,0.7304283,0.7074363,2.481679,0.8109701,1.129256,2.537714,0.6991146,0.9163752,2.520511,0.6226041,0.7999034,2.468197,0.7950064,0.7724289,2.384379,0.9477561,0.7430446,2.332322,0.8347895,0.9787049,2.50476,0.888604,0.8187817,2.399875,0.7673886,0.6710163,2.357136,0.7607179,0.6537111,2.35139,0.6871189,0.7051358,2.470406,0.7163906,0.4858335,2.378013,0.8344177,0.6444298,2.327847,0.7613697,0.7036005,2.446435,0.6237793,0.5120069,2.433243,0.7382215,0.3800494,2.322765,0.8288145,1.015924,2.567526
72057594037937085,0,0.8086827,5985.836,0.7309054,0.7066659,2.480913,0.8108531,1.129404,2.537777,0.699005,0.9157408,2.521323,0.6219666,0.8001448,2.467659,0.7962867,0.7679851,2.390313,0.9422003,0.7364812,2.334469,0.8479661,0.9435797,2.459972,0.9250661,0.7871362,2.367109,0.7752672,0.662995,2.351633,0.7663776,0.6299187,2.351678,0.6868981,0.7047715,2.470072,0.731594,0.4900944,2.372811,0.8171881,0.6713508,2.334695,0.7630844,0.7021966,2.445013,0.6105348,0.5222328,2.437981,0.7103589,0.3698389,2.340294,0.8285501,1.015874,2.567592
72057594037937085,0,0.8086827,5985.839,0.7309054,0.7066659,2.480913,0.8108531,1.129404,2.537777,0.699005,0.9157408,2.521323,0.6219666,0.8001448,2.467659,0.7962867,0.7679851,2.390313,0.9422003,0.7364812,2.334469,0.8479661,0.9435797,2.459972,0.9250661,0.7871362,2.367109,0.7752672,0.662995,2.351633,0.7663776,0.6299187,2.351678,0.6868981,0.7047715,2.470072,0.731594,0.4900944,2.372811,0.8171881,0.6713508,2.334695,0.7630844,0.7021966,2.445013,0.6105348,0.5222328,2.437981,0.7103589,0.3698389,2.340294,0.8285501,1.015874,2.567592
72057594037937085,0,0.8086827,5985.842,0.7309054,0.7066659,2.480913,0.8108531,1.129404,2.537777,0.699005,0.9157408,2.521323,0.6219666,0.8001448,2.467659,0.7962867,0.7679851,2.390313,0.9422003,0.7364812,2.334469,0.8479661,0.9435797,2.459972,0.9250661,0.7871362,2.367109,0.7752672,0.662995,2.351633,0.7663776,0.6299187,2.351678,0.6868981,0.7047715,2.470072,0.731594,0.4900944,2.372811,0.8171881,0.6713508,2.334695,0.7630844,0.7021966,2.445013,0.6105348,0.5222328,2.437981,0.7103589,0.3698389,2.340294,0.8285501,1.015874,2.567592
72057594037937085,0,0.8086827,5985.846,0.7309054,0.7066659,2.480913,0.8108531,1.129404,2.537777,0.699005,0.9157408,2.521323,0.6219666,0.8001448,2.467659,0.7962867,0.7679851,2.390313,0.9422003,0.7364812,2.334469,0.8479661,0.9435797,2.459972,0.9250661,0.7871362,2.367109,0.7752672,0.662995,2.351633,0.7663776,0.6299187,2.351678,0.6868981,0.7047715,2.470072,0.731594,0.4900944,2.372811,0.8171881,0.6713508,2.334695,0.7630844,0.7021966,2.445013,0.6105348,0.5222328,2.437981,0.7103589,0.3698389,2.340294,0.8285501,1.015874,2.567592
72057594037937085,0,0.8086827,5985.849,0.7309054,0.7066659,2.480913,0.8108531,1.129404,2.537777,0.699005,0.9157408,2.521323,0.6219666,0.8001448,2.467659,0.7962867,0.7679851,2.390313,0.9422003,0.7364812,2.334469,0.8479661,0.9435797,2.459972,0.9250661,0.7871362,2.367109,0.7752672,0.662995,2.351633,0.7663776,0.6299187,2.351678,0.6868981,0.7047715,2.470072,0.731594,0.4900944,2.372811,0.8171881,0.6713508,2.334695,0.7630844,0.7021966,2.445013,0.6105348,0.5222328,2.437981,0.7103589,0.3698389,2.340294,0.8285501,1.015874,2.567592
72057594037937085,0,0.8086827,5985.852,0.7309054,0.7066659,2.480913,0.8108531,1.129404,2.537777,0.699005,0.9157408,2.521323,0.6219666,0.8001448,2.467659,0.7962867,0.7679851,2.390313,0.9422003,0.7364812,2.334469,0.8479661,0.9435797,2.459972,0.9250661,0.7871362,2.367109,0.7752672,0.662995,2.351633,0.7663776,0.6299187,2.351678,0.6868981,0.7047715,2.470072,0.731594,0.4900944,2.372811,0.8171881,0.6713508,2.334695,0.7630844,0.7021966,2.445013,0.6105348,0.5222328,2.437981,0.7103589,0.3698389,2.340294,0.8285501,1.015874,2.567592
72057594037937085,0,0.8086827,5985.855,0.7309054,0.7066659,2.480913,0.8108531,1.129404,2.537777,0.699005,0.9157408,2.521323,0.6219666,0.8001448,2.467659,0.7962867,0.7679851,2.390313,0.9422003,0.7364812,2.334469,0.8479661,0.9435797,2.459972,0.9250661,0.7871362,2.367109,0.7752672,0.662995,2.351633,0.7663776,0.6299187,2.351678,0.6868981,0.7047715,2.470072,0.731594,0.4900944,2.372811,0.8171881,0.6713508,2.334695,0.7630844,0.7021966,2.445013,0.6105348,0.5222328,2.437981,0.7103589,0.3698389,2.340294,0.8285501,1.015874,2.567592
72057594037937085,0,0.8086827,5985.859,0.7309054,0.7066659,2.480913,0.8108531,1.129404,2.537777,0.699005,0.9157408,2.521323,0.6219666,0.8001448,2.467659,0.7962867,0.7679851,2.390313,0.9422003,0.7364812,2.334469,0.8479661,0.9435797,2.459972,0.9250661,0.7871362,2.367109,0.7752672,0.662995,2.351633,0.7663776,0.6299187,2.351678,0.6868981,0.7047715,2.470072,0.731594,0.4900944,2.372811,0.8171881,0.6713508,2.334695,0.7630844,0.7021966,2.445013,0.6105348,0.5222328,2.437981,0.7103589,0.3698389,2.340294,0.8285501,1.015874,2.567592
72057594037937085,0,0.8086827,5985.862,0.7309054,0.7066659,2.480913,0.8108531,1.129404,2.537777,0.699005,0.9157408,2.521323,0.6219666,0.8001448,2.467659,0.7962867,0.7679851,2.390313,0.9422003,0.7364812,2.334469,0.8479661,0.9435797,2.459972,0.9250661,0.7871362,2.367109,0.7752672,0.662995,2.351633,0.7663776,0.6299187,2.351678,0.6868981,0.7047715,2.470072,0.731594,0.4900944,2.372811,0.8171881,0.6713508,2.334695,0.7630844,0.7021966,2.445013,0.6105348,0.5222328,2.437981,0.7103589,0.3698389,2.340294,0.8285501,1.015874,2.567592
72057594037937085,0,0.8086827,5985.865,0.7309054,0.7066659,2.480913,0.8108531,1.129404,2.537777,0.699005,0.9157408,2.521323,0.6219666,0.8001448,2.467659,0.7962867,0.7679851,2.390313,0.9422003,0.7364812,2.334469,0.8479661,0.9435797,2.459972,0.9250661,0.7871362,2.367109,0.7752672,0.662995,2.351633,0.7663776,0.6299187,2.351678,0.6868981,0.7047715,2.470072,0.731594,0.4900944,2.372811,0.8171881,0.6713508,2.334695,0.7630844,0.7021966,2.445013,0.6105348,0.5222328,2.437981,0.7103589,0.3698389,2.340294,0.8285501,1.015874,2.567592
72057594037937085,0,0.809312,5985.869,0.731481,0.706242,2.480894,0.8091747,1.13089,2.540521,0.6986379,0.9148613,2.521601,0.621432,0.7994097,2.467926,0.7963339,0.7667788,2.392369,0.9424053,0.7394805,2.332698,0.8480769,0.9432513,2.460076,0.9256981,0.7874279,2.366646,0.7761692,0.6628487,2.353823,0.7576997,0.6355959,2.353807,0.6868821,0.7045388,2.470066,0.7317715,0.4897705,2.372874,0.8055941,0.678882,2.359409,0.7646771,0.701607,2.445107,0.609285,0.5238,2.437345,0.7082061,0.3695186,2.341268,0.8283053,1.015565,2.568108
72057594037937085,0,0.809312,5985.872,0.731481,0.706242,2.480894,0.8091747,1.13089,2.540521,0.6986379,0.9148613,2.521601,0.621432,0.7994097,2.467926,0.7963339,0.7667788,2.392369,0.9424053,0.7394805,2.332698,0.8480769,0.9432513,2.460076,0.9256981,0.7874279,2.366646,0.7761692,0.6628487,2.353823,0.7576997,0.6355959,2.353807,0.6868821,0.7045388,2.470066,0.7317715,0.4897705,2.372874,0.8055941,0.678882,2.359409,0.7646771,0.701607,2.445107,0.609285,0.5238,2.437345,0.7082061,0.3695186,2.341268,0.8283053,1.015565,2.568108
72057594037937085,0,0.809312,5985.874,0.731481,0.706242,2.480894,0.8091747,1.13089,2.540521,0.6986379,0.9148613,2.521601,0.621432,0.7994097,2.467926,0.7963339,0.7667788,2.392369,0.9424053,0.7394805,2.332698,0.8480769,0.9432513,2.460076,0.9256981,0.7874279,2.366646,0.7761692,0.6628487,2.353823,0.7576997,0.6355959,2.353807,0.6868821,0.7045388,2.470066,0.7317715,0.4897705,2.372874,0.8055941,0.678882,2.359409,0.7646771,0.701607,2.445107,0.609285,0.5238,2.437345,0.7082061,0.3695186,2.341268,0.8283053,1.015565,2.568108
72057594037937085,0,0.809312,5985.877,0.731481,0.706242,2.480894,0.8091747,1.13089,2.540521,0.6986379,0.9148613,2.521601,0.621432,0.7994097,2.467926,0.7963339,0.7667788,2.392369,0.9424053,0.7394805,2.332698,0.8480769,0.9432513,2.460076,0.9256981,0.7874279,2.366646,0.7761692,0.6628487,2.353823,0.7576997,0.6355959,2.353807,0.6868821,0.7045388,2.470066,0.7317715,0.4897705,2.372874,0.8055941,0.678882,2.359409,0.7646771,0.701607,2.445107,0.609285,0.5238,2.437345,0.7082061,0.3695186,2.341268,0.8283053,1.015565,2.568108
72057594037937085,0,0.809312,5985.881,0.731481,0.706242,2.480894,0.8091747,1.13089,2.540521,0.6986379,0.9148613,2.521601,0.621432,0.7994097,2.467926,0.7963339,0.7667788,2.392369,0.9424053,0.7394805,2.332698,0.8480769,0.9432513,2.460076,0.9256981,0.7874279,2.366646,0.7761692,0.6628487,2.353823,0.7576997,0.6355959,2.353807,0.6868821,0.7045388,2.470066,0.7317715,0.4897705,2.372874,0.8055941,0.678882,2.359409,0.7646771,0.701607,2.445107,0.609285,0.5238,2.437345,0.7082061,0.3695186,2.341268,0.8283053,1.015565,2.568108
72057594037937085,0,0.809312,5985.884,0.731481,0.706242,2.480894,0.8091747,1.13089,2.540521,0.6986379,0.9148613,2.521601,0.621432,0.7994097,2.467926,0.7963339,0.7667788,2.392369,0.9424053,0.7394805,2.332698,0.8480769,0.9432513,2.460076,0.9256981,0.7874279,2.366646,0.7761692,0.6628487,2.353823,0.7576997,0.6355959,2.353807,0.6868821,0.7045388,2.470066,0.7317715,0.4897705,2.372874,0.8055941,0.678882,2.359409,0.7646771,0.701607,2.445107,0.609285,0.5238,2.437345,0.7082061,0.3695186,2.341268,0.8283053,1.015565,2.568108
72057594037937085,0,0.809312,5985.888,0.731481,0.706242,2.480894,0.8091747,1.13089,2.540521,0.6986379,0.9148613,2.521601,0.621432,0.7994097,2.467926,0.7963339,0.7667788,2.392369,0.9424053,0.7394805,2.332698,0.8480769,0.9432513,2.460076,0.9256981,0.7874279,2.366646,0.7761692,0.6628487,2.353823,0.7576997,0.6355959,2.353807,0.6868821,0.7045388,2.470066,0.7317715,0.4897705,2.372874,0.8055941,0.678882,2.359409,0.7646771,0.701607,2.445107,0.609285,0.5238,2.437345,0.7082061,0.3695186,2.341268,0.8283053,1.015565,2.568108
72057594037937085,0,0.809312,5985.891,0.731481,0.706242,2.480894,0.8091747,1.13089,2.540521,0.6986379,0.9148613,2.521601,0.621432,0.7994097,2.467926,0.7963339,0.7667788,2.392369,0.9424053,0.7394805,2.332698,0.8480769,0.9432513,2.460076,0.9256981,0.7874279,2.366646,0.7761692,0.6628487,2.353823,0.7576997,0.6355959,2.353807,0.6868821,0.7045388,2.470066,0.7317715,0.4897705,2.372874,0.8055941,0.678882,2.359409,0.7646771,0.701607,2.445107,0.609285,0.5238,2.437345,0.7082061,0.3695186,2.341268,0.8283053,1.015565,2.568108
72057594037937085,0,0.809312,5985.894,0.731481,0.706242,2.480894,0.8091747,1.13089,2.540521,0.6986379,0.9148613,2.521601,0.621432,0.7994097,2.467926,0.7963339,0.7667788,2.392369,0.9424053,0.7394805,2.332698,0.8480769,0.9432513,2.460076,0.9256981,0.7874279,2.366646,0.7761692,0.6628487,2.353823,0.7576997,0.6355959,2.353807,0.6868821,0.7045388,2.470066,0.7317715,0.4897705,2.372874,0.8055941,0.678882,2.359409,0.7646771,0.701607,2.445107,0.609285,0.5238,2.437345,0.7082061,0.3695186,2.341268,0.8283053,1.015565,2.568108
72057594037937085,0,0.809312,5985.896,0.731481,0.706242,2.480894,0.8091747,1.13089,2.540521,0.6986379,0.9148613,2.521601,0.621432,0.7994097,2.467926,0.7963339,0.7667788,2.392369,0.9424053,0.7394805,2.332698,0.8480769,0.9432513,2.460076,0.9256981,0.7874279,2.366646,0.7761692,0.6628487,2.353823,0.7576997,0.6355959,2.353807,0.6868821,0.7045388,2.470066,0.7317715,0.4897705,2.372874,0.8055941,0.678882,2.359409,0.7646771,0.701607,2.445107,0.609285,0.5238,2.437345,0.7082061,0.3695186,2.341268,0.8283053,1.015565,2.568108
72057594037937085,0,0.809312,5985.899,0.731481,0.706242,2.480894,0.8091747,1.13089,2.540521,0.6986379,0.9148613,2.521601,0.621432,0.7994097,2.467926,0.7963339,0.7667788,2.392369,0.9424053,0.7394805,2.332698,0.8480769,0.9432513,2.460076,0.9256981,0.7874279,2.366646,0.7761692,0.6628487,2.353823,0.7576997,0.6355959,2.353807,0.6868821,0.7045388,2.470066,0.7317715,0.4897705,2.372874,0.8055941,0.678882,2.359409,0.7646771,0.701607,2.445107,0.609285,0.5238,2.437345,0.7082061,0.3695186,2.341268,0.8283053,1.015565,2.568108
72057594037937085,0,0.8113964,5985.902,0.7335441,0.7066059,2.480084,0.8090103,1.13133,2.541986,0.6985574,0.9147701,2.521707,0.6214377,0.7995642,2.467415,0.7899276,0.7576591,2.381454,0.909301,0.7398678,2.348817,0.8470006,0.9578348,2.483075,0.9428516,0.8305047,2.365401,0.8042133,0.6938857,2.354889,0.7990215,0.6832294,2.341697,0.6873988,0.7043216,2.469899,0.7244983,0.4859172,2.378177,0.8153511,0.6654178,2.341924,0.7686515,0.7034235,2.443465,0.6101778,0.5282753,2.437484,0.709696,0.3727635,2.343666,0.8283873,1.015524,2.568855
72057594037937085,0,0.8113964,5985.905,0.7335441,0.7066059,2.480084,0.8090103,1.13133,2.541986,0.6985574,0.9147701,2.521707,0.6214377,0.7995642,2.467415,0.7899276,0.7576591,2.381454,0.909301,0.7398678,2.348817,0.8470006,0.9578348,2.483075,0.9428516,0.8305047,2.365401,0.8042133,0.6938857,2.354889,0.7990215,0.6832294,2.341697,0.6873988,0.7043216,2.469899,0.7244983,0.4859172,2.378177,0.8153511,0.6654178,2.341924,0.7686515,0.7034235,2.443465,0.6101778,0.5282753,2.437484,0.709696,0.3727635,2.343666,0.8283873,1.015524,2.568855
72057594037937085,0,0.8113964,5985.908,0.7335441,0.7066059,2.480084,0.8090103,1.13133,2.541986,0.6985574,0.9147701,2.521707,0.6214377,0.7995642,2.467415,0.7899276,0.7576591,2.381454,0.909301,0.7398678,2.348817,0.8470006,0.9578348,2.483075,0.9428516,0.8305047,2.365401,0.8042133,0.6938857,2.354889,0.7990215,0.6832294,2.341697,0.6873988,0.7043216,2.469899,0.7244983,0.4859172,2.378177,0.8153511,0.6654178,2.341924,0.7686515,0.7034235,2.443465,0.6101778,0.5282753,2.437484,0.709696,0.3727635,2.343666,0.8283873,1.015524,2.568855
72057594037937085,0,0.8113964,5985.911,0.7335441,0.7066059,2.480084,0.8090103,1.13133,2.541986,0.6985574,0.9147701,2.521707,0.6214377,0.7995642,2.467415,0.7899276,0.7576591,2.381454,0.909301,0.7398678,2.348817,0.8470006,0.9578348,2.483075,0.9428516,0.8305047,2.365401,0.8042133,0.6938857,2.354889,0.7990215,0.6832294,2.341697,0.6873988,0.7043216,2.469899,0.7244983,0.4859172,2.378177,0.8153511,0.6654178,2.341924,0.7686515,0.7034235,2.443465,0.6101778,0.5282753,2.437484,0.709696,0.3727635,2.343666,0.8283873,1.015524,2.568855
72057594037937085,0,0.8113964,5985.913,0.7335441,0.7066059,2.480084,0.8090103,1.13133,2.541986,0.6985574,0.9147701,2.521707,0.6214377,0.7995642,2.467415,0.7899276,0.7576591,2.381454,0.909301,0.7398678,2.348817,0.8470006,0.9578348,2.483075,0.9428516,0.8305047,2.365401,0.8042133,0.6938857,2.354889,0.7990215,0.6832294,2.341697,0.6873988,0.7043216,2.469899,0.7244983,0.4859172,2.378177,0.8153511,0.6654178,2.341924,0.7686515,0.7034235,2.443465,0.6101778,0.5282753,2.437484,0.709696,0.3727635,2.343666,0.8283873,1.015524,2.568855
72057594037937085,0,0.8113964,5985.917,0.7335441,0.7066059,2.480084,0.8090103,1.13133,2.541986,0.6985574,0.9147701,2.521707,0.6214377,0.7995642,2.467415,0.7899276,0.7576591,2.381454,0.909301,0.7398678,2.348817,0.8470006,0.9578348,2.483075,0.9428516,0.8305047,2.365401,0.8042133,0.6938857,2.354889,0.7990215,0.6832294,2.341697,0.6873988,0.7043216,2.469899,0.7244983,0.4859172,2.378177,0.8153511,0.6654178,2.341924,0.7686515,0.7034235,2.443465,0.6101778,0.5282753,2.437484,0.709696,0.3727635,2.343666,0.8283873,1.015524,2.568855
72057594037937085,0,0.8113964,5985.921,0.7335441,0.7066059,2.480084,0.8090103,1.13133,2.541986,0.6985574,0.9147701,2.521707,0.6214377,0.7995642,2.467415,0.7899276,0.7576591,2.381454,0.909301,0.7398678,2.348817,0.8470006,0.9578348,2.483075,0.9428516,0.8305047,2.365401,0.8042133,0.6938857,2.354889,0.7990215,0.6832294,2.341697,0.6873988,0.7043216,2.469899,0.7244983,0.4859172,2.378177,0.8153511,0.6654178,2.341924,0.7686515,0.7034235,2.443465,0.6101778,0.5282753,2.437484,0.709696,0.3727635,2.343666,0.8283873,1.015524,2.568855
72057594037937085,0,0.8113964,5985.924,0.7335441,0.7066059,2.480084,0.8090103,1.13133,2.541986,0.6985574,0.9147701,2.521707,0.6214377,0.7995642,2.467415,0.7899276,0.7576591,2.381454,0.909301,0.7398678,2.348817,0.8470006,0.9578348,2.483075,0.9428516,0.8305047,2.365401,0.8042133,0.6938857,2.354889,0.7990215,0.6832294,2.341697,0.6873988,0.7043216,2.469899,0.7244983,0.4859172,2.378177,0.8153511,0.6654178,2.341924,0.7686515,0.7034235,2.443465,0.6101778,0.5282753,2.437484,0.709696,0.3727635,2.343666,0.8283873,1.015524,2.568855
72057594037937085,0,0.8113964,5985.926,0.7335441,0.7066059,2.480084,0.8090103,1.13133,2.541986,0.6985574,0.9147701,2.521707,0.6214377,0.7995642,2.467415,0.7899276,0.7576591,2.381454,0.909301,0.7398678,2.348817,0.8470006,0.9578348,2.483075,0.9428516,0.8305047,2.365401,0.8042133,0.6938857,2.354889,0.7990215,0.6832294,2.341697,0.6873988,0.7043216,2.469899,0.7244983,0.4859172,2.378177,0.8153511,0.6654178,2.341924,0.7686515,0.7034235,2.443465,0.6101778,0.5282753,2.437484,0.709696,0.3727635,2.343666,0.8283873,1.015524,2.568855
72057594037937085,0,0.8113964,5985.93,0.7335441,0.7066059,2.480084,0.8090103,1.13133,2.541986,0.6985574,0.9147701,2.521707,0.6214377,0.7995642,2.467415,0.7899276,0.7576591,2.381454,0.909301,0.7398678,2.348817,0.8470006,0.9578348,2.483075,0.9428516,0.8305047,2.365401,0.8042133,0.6938857,2.354889,0.7990215,0.6832294,2.341697,0.6873988,0.7043216,2.469899,0.7244983,0.4859172,2.378177,0.8153511,0.6654178,2.341924,0.7686515,0.7034235,2.443465,0.6101778,0.5282753,2.437484,0.709696,0.3727635,2.343666,0.8283873,1.015524,2.568855
72057594037937085,0,0.8113964,5985.933,0.7335441,0.7066059,2.480084,0.8090103,1.13133,2.541986,0.6985574,0.9147701,2.521707,0.6214377,0.7995642,2.467415,0.7899276,0.7576591,2.381454,0.909301,0.7398678,2.348817,0.8470006,0.9578348,2.483075,0.9428516,0.8305047,2.365401,0.8042133,0.6938857,2.354889,0.7990215,0.6832294,2.341697,0.6873988,0.7043216,2.469899,0.7244983,0.4859172,2.378177,0.8153511,0.6654178,2.341924,0.7686515,0.7034235,2.443465,0.6101778,0.5282753,2.437484,0.709696,0.3727635,2.343666,0.8283873,1.015524,2.568855
72057594037937085,0,0.8122282,5985.936,0.734453,0.7070871,2.479786,0.8081748,1.131841,2.544236,0.6985431,0.9146028,2.522,0.6200848,0.799649,2.469338,0.7833412,0.872842,2.420443,0.8184896,0.8650442,2.399196,0.8385445,0.9620885,2.493,0.9368106,0.8384969,2.373254,0.8037678,0.6967717,2.356714,0.7560903,0.6490057,2.356457,0.6875006,0.7042793,2.469882,0.7245209,0.4857352,2.378242,0.8175688,0.6663886,2.362248,0.7705145,0.7050215,2.442876,0.6259027,0.5185902,2.437862,0.7341363,0.378928,2.328759,0.8284957,1.015319,2.569683
72057594037937085,0,0.8122282,5985.939,0.734453,0.7070871,2.479786,0.8081748,1.131841,2.544236,0.6985431,0.9146028,2.522,0.6200848,0.799649,2.469338,0.7833412,0.872842,2.420443,0.8184896,0.8650442,2.399196,0.8385445,0.9620885,2.493,0.9368106,0.8384969,2.373254,0.8037678,0.6967717,2.356714,0.7560903,0.6490057,2.356457,0.6875006,0.7042793,2.469882,0.7245209,0.4857352,2.378242,0.8175688,0.6663886,2.362248,0.7705145,0.7050215,2.442876,0.6259027,0.5185902,2.437862,0.7341363,0.378928,2.328759,0.8284957,1.015319,2.569683
72057594037937085,0,0.8122282,5985.942,0.734453,0.7070871,2.479786,0.8081748,1.131841,2.544236,0.6985431,0.9146028,2.522,0.6200848,0.799649,2.469338,0.7833412,0.872842,2.420443,0.8184896,0.8650442,2.399196,0.8385445,0.9620885,2.493,0.9368106,0.8384969,2.373254,0.8037678,0.6967717,2.356714,0.7560903,0.6490057,2.356457,0.6875006,0.7042793,2.469882,0.7245209,0.4857352,2.378242,0.8175688,0.6663886,2.362248,0.7705145,0.7050215,2.442876,0.6259027,0.5185902,2.437862,0.7341363,0.378928,2.328759,0.8284957,1.015319,2.569683
72057594037937085,0,0.8122282,5985.945,0.734453,0.7070871,2.479786,0.8081748,1.131841,2.544236,0.6985431,0.9146028,2.522,0.6200848,0.799649,2.469338,0.7833412,0.872842,2.420443,0.8184896,0.8650442,2.399196,0.8385445,0.9620885,2.493,0.9368106,0.8384969,2.373254,0.8037678,0.6967717,2.356714,0.7560903,0.6490057,2.356457,0.6875006,0.7042793,2.469882,0.7245209,0.4857352,2.378242,0.8175688,0.6663886,2.362248,0.7705145,0.7050215,2.442876,0.6259027,0.5185902,2.437862,0.7341363,0.378928,2.328759,0.8284957,1.015319,2.569683
72057594037937085,0,0.8122282,5985.947,0.734453,0.7070871,2.479786,0.8081748,1.131841,2.544236,0.6985431,0.9146028,2.522,0.6200848,0.799649,2.469338,0.7833412,0.872842,2.420443,0.8184896,0.8650442,2.399196,0.8385445,0.9620885,2.493,0.9368106,0.8384969,2.373254,0.8037678,0.6967717,2.356714,0.7560903,0.6490057,2.356457,0.6875006,0.7042793,2.469882,0.7245209,0.4857352,2.378242,0.8175688,0.6663886,2.362248,0.7705145,0.7050215,2.442876,0.6259027,0.5185902,2.437862,0.7341363,0.378928,2.328759,0.8284957,1.015319,2.569683
72057594037937085,0,0.8122282,5985.95,0.734453,0.7070871,2.479786,0.8081748,1.131841,2.544236,0.6985431,0.9146028,2.522,0.6200848,0.799649,2.469338,0.7833412,0.872842,2.420443,0.8184896,0.8650442,2.399196,0.8385445,0.9620885,2.493,0.9368106,0.8384969,2.373254,0.8037678,0.6967717,2.356714,0.7560903,0.6490057,2.356457,0.6875006,0.7042793,2.469882,0.7245209,0.4857352,2.378242,0.8175688,0.6663886,2.362248,0.7705145,0.7050215,2.442876,0.6259027,0.5185902,2.437862,0.7341363,0.378928,2.328759,0.8284957,1.015319,2.569683
72057594037937085,0,0.8122282,5985.952,0.734453,0.7070871,2.479786,0.8081748,1.131841,2.544236,0.6985431,0.9146028,2.522,0.6200848,0.799649,2.469338,0.7833412,0.872842,2.420443,0.8184896,0.8650442,2.399196,0.8385445,0.9620885,2.493,0.9368106,0.8384969,2.373254,0.8037678,0.6967717,2.356714,0.7560903,0.6490057,2.356457,0.6875006,0.7042793,2.469882,0.7245209,0.4857352,2.378242,0.8175688,0.6663886,2.362248,0.7705145,0.7050215,2.442876,0.6259027,0.5185902,2.437862,0.7341363,0.378928,2.328759,0.8284957,1.015319,2.569683
72057594037937085,0,0.8122282,5985.955,0.734453,0.7070871,2.479786,0.8081748,1.131841,2.544236,0.6985431,0.9146028,2.522,0.6200848,0.799649,2.469338,0.7833412,0.872842,2.420443,0.8184896,0.8650442,2.399196,0.8385445,0.9620885,2.493,0.9368106,0.8384969,2.373254,0.8037678,0.6967717,2.356714,0.7560903,0.6490057,2.356457,0.6875006,0.7042793,2.469882,0.7245209,0.4857352,2.378242,0.8175688,0.6663886,2.362248,0.7705145,0.7050215,2.442876,0.6259027,0.5185902,2.437862,0.7341363,0.378928,2.328759,0.8284957,1.015319,2.569683
72057594037937085,0,0.8122282,5985.958,0.734453,0.7070871,2.479786,0.8081748,1.131841,2.544236,0.6985431,0.9146028,2.522,0.6200848,0.799649,2.469338,0.7833412,0.872842,2.420443,0.8184896,0.8650442,2.399196,0.8385445,0.9620885,2.493,0.9368106,0.8384969,2.373254,0.8037678,0.6967717,2.356714,0.7560903,0.6490057,2.356457,0.6875006,0.7042793,2.469882,0.7245209,0.4857352,2.378242,0.8175688,0.6663886,2.362248,0.7705145,0.7050215,2.442876,0.6259027,0.5185902,2.437862,0.7341363,0.378928,2.328759,0.8284957,1.015319,2.569683
72057594037937085,0,0.8122282,5985.96,0.734453,0.7070871,2.479786,0.8081748,1.131841,2.544236,0.6985431,0.9146028,2.522,0.6200848,0.799649,2.469338,0.7833412,0.872842,2.420443,0.8184896,0.8650442,2.399196,0.8385445,0.9620885,2.493,0.9368106,0.8384969,2.373254,0.8037678,0.6967717,2.356714,0.7560903,0.6490057,2.356457,0.6875006,0.7042793,2.469882,0.7245209,0.4857352,2.378242,0.8175688,0.6663886,2.362248,0.7705145,0.7050215,2.442876,0.6259027,0.5185902,2.437862,0.7341363,0.378928,2.328759,0.8284957,1.015319,2.569683
72057594037937085,0,0.8122282,5985.963,0.734453,0.7070871,2.479786,0.8081748,1.131841,2.544236,0.6985431,0.9146028,2.522,0.6200848,0.799649,2.469338,0.7833412,0.872842,2.420443,0.8184896,0.8650442,2.399196,0.8385445,0.9620885,2.493,0.9368106,0.8384969,2.373254,0.8037678,0.6967717,2.356714,0.7560903,0.6490057,2.356457,0.6875006,0.7042793,2.469882,0.7245209,0.4857352,2.378242,0.8175688,0.6663886,2.362248,0.7705145,0.7050215,2.442876,0.6259027,0.5185902,2.437862,0.7341363,0.378928,2.328759,0.8284957,1.015319,2.569683
72057594037937085,0,0.8122282,5985.966,0.734453,0.7070871,2.479786,0.8081748,1.131841,2.544236,0.6985431,0.9146028,2.522,0.6200848,0.799649,2.469338,0.7833412,0.872842,2.420443,0.8184896,0.8650442,2.399196,0.8385445,0.9620885,2.493,0.9368106,0.8384969,2.373254,0.8037678,0.6967717,2.356714,0.7560903,0.6490057,2.356457,0.6875006,0.7042793,2.469882,0.7245209,0.4857352,2.378242,0.8175688,0.6663886,2.362248,0.7705145,0.7050215,2.442876,0.6259027,0.5185902,2.437862,0.7341363,0.378928,2.328759,0.8284957,1.015319,2.569683
72057594037937085,0,0.8122373,5985.969,0.7345182,0.7072167,2.479861,0.8069707,1.131873,2.545968,0.6985964,0.9155392,2.523529,0.6212314,0.8000404,2.470151,0.7832658,0.8727267,2.420451,0.8171958,0.8635334,2.401123,0.8338997,0.9664106,2.501766,0.9287499,0.842208,2.379441,0.8007419,0.6962537,2.358249,0.7550313,0.6485557,2.355797,0.6875229,0.7043447,2.470183,0.7300354,0.4880921,2.374816,0.7343621,0.6791503,2.439422,0.770502,0.7052144,2.442816,0.6241737,0.5221369,2.452259,0.741893,0.4047415,2.326813,0.8285223,1.01536,2.57058
72057594037937085,0,0.8122373,5985.972,0.7345182,0.7072167,2.479861,0.8069707,1.131873,2.545968,0.6985964,0.9155392,2.523529,0.6212314,0.8000404,2.470151,0.7832658,0.8727267,2.420451,0.8171958,0.8635334,2.401123,0.8338997,0.9664106,2.501766,0.9287499,0.842208,2.379441,0.8007419,0.6962537,2.358249,0.7550313,0.6485557,2.355797,0.6875229,0.7043447,2.470183,0.7300354,0.4880921,2.374816,0.7343621,0.6791503,2.439422,0.770502,0.7052144,2.442816,0.6241737,0.5221369,2.452259,0.741893,0.4047415,2.326813,0.8285223,1.01536,2.57058
72057594037937085,0,0.8122373,5985.975,0.7345182,0.7072167,2.479861,0.8069707,1.131873,2.545968,0.6985964,0.9155392,2.523529,0.6212314,0.8000404,2.470151,0.7832658,0.8727267,2.420451,0.8171958,0.8635334,2.401123,0.8338997,0.9664106,2.501766,0.9287499,0.842208,2.379441,0.8007419,0.6962537,2.358249,0.7550313,0.6485557,2.355797,0.6875229,0.7043447,2.470183,0.7300354,0.4880921,2.374816,0.7343621,0.6791503,2.439422,0.770502,0.7052144,2.442816,0.6241737,0.5221369,2.452259,0.741893,0.4047415,2.326813,0.8285223,1.01536,2.57058
72057594037937085,0,0.8122373,5985.978,0.7345182,0.7072167,2.479861,0.8069707,1.131873,2.545968,0.6985964,0.9155392,2.523529,0.6212314,0.8000404,2.470151,0.7832658,0.8727267,2.420451,0.8171958,0.8635334,2.401123,0.8338997,0.9664106,2.501766,0.9287499,0.842208,2.379441,0.8007419,0.6962537,2.358249,0.7550313,0.6485557,2.355797,0.6875229,0.7043447,2.470183,0.7300354,0.4880921,2.374816,0.7343621,0.6791503,2.439422,0.770502,0.7052144,2.442816,0.6241737,0.5221369,2.452259,0.741893,0.4047415,2.326813,0.8285223,1.01536,2.57058
72057594037937085,0,0.8122373,5985.981,0.7345182,0.7072167,2.479861,0.8069707,1.131873,2.545968,0.6985964,0.9155392,2.523529,0.6212314,0.8000404,2.470151,0.7832658,0.8727267,2.420451,0.8171958,0.8635334,2.401123,0.8338997,0.9664106,2.501766,0.9287499,0.842208,2.379441,0.8007419,0.6962537,2.358249,0.7550313,0.6485557,2.355797,0.6875229,0.7043447,2.470183,0.7300354,0.4880921,2.374816,0.7343621,0.6791503,2.439422,0.770502,0.7052144,2.442816,0.6241737,0.5221369,2.452259,0.741893,0.4047415,2.326813,0.8285223,1.01536,2.57058
72057594037937085,0,0.8122373,5985.984,0.7345182,0.7072167,2.479861,0.8069707,1.131873,2.545968,0.6985964,0.9155392,2.523529,0.6212314,0.8000404,2.470151,0.7832658,0.8727267,2.420451,0.8171958,0.8635334,2.401123,0.8338997,0.9664106,2.501766,0.9287499,0.842208,2.379441,0.8007419,0.6962537,2.358249,0.7550313,0.6485557,2.355797,0.6875229,0.7043447,2.470183,0.7300354,0.4880921,2.374816,0.7343621,0.6791503,2.439422,0.770502,0.7052144,2.442816,0.6241737,0.5221369,2.452259,0.741893,0.4047415,2.326813,0.8285223,1.01536,2.57058
72057594037937085,0,0.8122373,5985.987,0.7345182,0.7072167,2.479861,0.8069707,1.131873,2.545968,0.6985964,0.9155392,2.523529,0.6212314,0.8000404,2.470151,0.7832658,0.8727267,2.420451,0.8171958,0.8635334,2.401123,0.8338997,0.9664106,2.501766,0.9287499,0.842208,2.379441,0.8007419,0.6962537,2.358249,0.7550313,0.6485557,2.355797,0.6875229,0.7043447,2.470183,0.7300354,0.4880921,2.374816,0.7343621,0.6791503,2.439422,0.770502,0.7052144,2.442816,0.6241737,0.5221369,2.452259,0.741893,0.4047415,2.326813,0.8285223,1.01536,2.57058
72057594037937085,0,0.8122373,5985.99,0.7345182,0.7072167,2.479861,0.8069707,1.131873,2.545968,0.6985964,0.9155392,2.523529,0.6212314,0.8000404,2.470151,0.7832658,0.8727267,2.420451,0.8171958,0.8635334,2.401123,0.8338997,0.9664106,2.501766,0.9287499,0.842208,2.379441,0.8007419,0.6962537,2.358249,0.7550313,0.6485557,2.355797,0.6875229,0.7043447,2.470183,0.7300354,0.4880921,2.374816,0.7343621,0.6791503,2.439422,0.770502,0.7052144,2.442816,0.6241737,0.5221369,2.452259,0.741893,0.4047415,2.326813,0.8285223,1.01536,2.57058
72057594037937085,0,0.8122373,5985.993,0.7345182,0.7072167,2.479861,0.8069707,1.131873,2.545968,0.6985964,0.9155392,2.523529,0.6212314,0.8000404,2.470151,0.7832658,0.8727267,2.420451,0.8171958,0.8635334,2.401123,0.8338997,0.9664106,2.501766,0.9287499,0.842208,2.379441,0.8007419,0.6962537,2.358249,0.7550313,0.6485557,2.355797,0.6875229,0.7043447,2.470183,0.7300354,0.4880921,2.374816,0.7343621,0.6791503,2.439422,0.770502,0.7052144,2.442816,0.6241737,0.5221369,2.452259,0.741893,0.4047415,2.326813,0.8285223,1.01536,2.57058
72057594037937085,0,0.8122373,5985.996,0.7345182,0.7072167,2.479861,0.8069707,1.131873,2.545968,0.6985964,0.9155392,2.523529,0.6212314,0.8000404,2.470151,0.7832658,0.8727267,2.420451,0.8171958,0.8635334,2.401123,0.8338997,0.9664106,2.501766,0.9287499,0.842208,2.379441,0.8007419,0.6962537,2.358249,0.7550313,0.6485557,2.355797,0.6875229,0.7043447,2.470183,0.7300354,0.4880921,2.374816,0.7343621,0.6791503,2.439422,0.770502,0.7052144,2.442816,0.6241737,0.5221369,2.452259,0.741893,0.4047415,2.326813,0.8285223,1.01536,2.57058
72057594037937085,0,0.8122373,5985.999,0.7345182,0.7072167,2.479861,0.8069707,1.131873,2.545968,0.6985964,0.9155392,2.523529,0.6212314,0.8000404,2.470151,0.7832658,0.8727267,2.420451,0.8171958,0.8635334,2.401123,0.8338997,0.9664106,2.501766,0.9287499,0.842208,2.379441,0.8007419,0.6962537,2.358249,0.7550313,0.6485557,2.355797,0.6875229,0.7043447,2.470183,0.7300354,0.4880921,2.374816,0.7343621,0.6791503,2.439422,0.770502,0.7052144,2.442816,0.6241737,0.5221369,2.452259,0.741893,0.4047415,2.326813,0.8285223,1.01536,2.57058
72057594037937085,0,0.8121051,5986.001,0.7345227,0.7067224,2.480632,0.8053703,1.134339,2.549712,0.6984208,0.9151629,2.525039,0.6148356,0.8022137,2.476553,0.7722866,0.8414532,2.409076,0.8111701,0.8413078,2.39257,0.8335881,0.9677997,2.503813,0.9246683,0.8406447,2.381551,0.7980604,0.6936834,2.358947,0.7575203,0.650028,2.357808,0.6876635,0.7040583,2.470516,0.7193962,0.4834051,2.381873,0.7564621,0.6799244,2.416023,0.7697549,0.7040908,2.444654,0.6245444,0.5190502,2.448314,0.7456333,0.4022532,2.32533,0.8287882,1.015785,2.571327
72057594037937085,0,0.8121051,5986.004,0.7345227,0.7067224,2.480632,0.8053703,1.134339,2.549712,0.6984208,0.9151629,2.525039,0.6148356,0.8022137,2.476553,0.7722866,0.8414532,2.409076,0.8111701,0.8413078,2.39257,0.8335881,0.9677997,2.503813,0.9246683,0.8406447,2.381551,0.7980604,0.6936834,2.358947,0.7575203,0.650028,2.357808,0.6876635,0.7040583,2.470516,0.7193962,0.4834051,2.381873,0.7564621,0.6799244,2.416023,0.7697549,0.7040908,2.444654,0.6245444,0.5190502,2.448314,0.7456333,0.4022532,2.32533,0.8287882,1.015785,2.571327
72057594037937085,0,0.8121051,5986.007,0.7345227,0.7067224,2.480632,0.8053703,1.134339,2.549712,0.6984208,0.9151629,2.525039,0.6148356,0.8022137,2.476553,0.7722866,0.8414532,2.409076,0.8111701,0.8413078,2.39257,0.8335881,0.9677997,2.503813,0.9246683,0.8406447,2.381551,0.7980604,0.6936834,2.358947,0.7575203,0.650028,2.357808,0.6876635,0.7040583,2.470516,0.7193962,0.4834051,2.381873,0.7564621,0.6799244,2.416023,0.7697549,0.7040908,2.444654,0.6245444,0.5190502,2.448314,0.7456333,0.4022532,2.32533,0.8287882,1.015785,2.571327
72057594037937085,0,0.8121051,5986.01,0.7345227,0.7067224,2.480632,0.8053703,1.134339,2.549712,0.6984208,0.9151629,2.525039,0.6148356,0.8022137,2.476553,0.7722866,0.8414532,2.409076,0.8111701,0.8413078,2.39257,0.8335881,0.9677997,2.503813,0.9246683,0.8406447,2.381551,0.7980604,0.6936834,2.358947,0.7575203,0.650028,2.357808,0.6876635,0.7040583,2.470516,0.7193962,0.4834051,2.381873,0.7564621,0.6799244,2.416023,0.7697549,0.7040908,2.444654,0.6245444,0.5190502,2.448314,0.7456333,0.4022532,2.32533,0.8287882,1.015785,2.571327
72057594037937085,0,0.8121051,5986.012,0.7345227,0.7067224,2.480632,0.8053703,1.134339,2.549712,0.6984208,0.9151629,2.525039,0.6148356,0.8022137,2.476553,0.7722866,0.8414532,2.409076,0.8111701,0.8413078,2.39257,0.8335881,0.9677997,2.503813,0.9246683,0.8406447,2.381551,0.7980604,0.6936834,2.358947,0.7575203,0.650028,2.357808,0.6876635,0.7040583,2.470516,0.7193962,0.4834051,2.381873,0.7564621,0.6799244,2.416023,0.7697549,0.7040908,2.444654,0.6245444,0.5190502,2.448314,0.7456333,0.4022532,2.32533,0.8287882,1.015785,2.571327
72057594037937085,0,0.8121051,5986.015,0.7345227,0.7067224,2.480632,0.8053703,1.134339,2.549712,0.6984208,0.9151629,2.525039,0.6148356,0.8022137,2.476553,0.7722866,0.8414532,2.409076,0.8111701,0.8413078,2.39257,0.8335881,0.9677997,2.503813,0.9246683,0.8406447,2.381551,0.7980604,0.6936834,2.358947,0.7575203,0.650028,2.357808,0.6876635,0.7040583,2.470516,0.7193962,0.4834051,2.381873,0.7564621,0.6799244,2.416023,0.7697549,0.7040908,2.444654,0.6245444,0.5190502,2.448314,0.7456333,0.4022532,2.32533,0.8287882,1.015785,2.571327
72057594037937085,0,0.8121051,5986.017,0.7345227,0.7067224,2.480632,0.8053703,1.134339,2.549712,0.6984208,0.9151629,2.525039,0.6148356,0.8022137,2.476553,0.7722866,0.8414532,2.409076,0.8111701,0.8413078,2.39257,0.8335881,0.9677997,2.503813,0.9246683,0.8406447,2.381551,0.7980604,0.6936834,2.358947,0.7575203,0.650028,2.357808,0.6876635,0.7040583,2.470516,0.7193962,0.4834051,2.381873,0.7564621,0.6799244,2.416023,0.7697549,0.7040908,2.444654,0.6245444,0.5190502,2.448314,0.7456333,0.4022532,2.32533,0.8287882,1.015785,2.571327
72057594037937085,0,0.8121051,5986.02,0.7345227,0.7067224,2.480632,0.8053703,1.134339,2.549712,0.6984208,0.9151629,2.525039,0.6148356,0.8022137,2.476553,0.7722866,0.8414532,2.409076,0.8111701,0.8413078,2.39257,0.8335881,0.9677997,2.503813,0.9246683,0.8406447,2.381551,0.7980604,0.6936834,2.358947,0.7575203,0.650028,2.357808,0.6876635,0.7040583,2.470516,0.7193962,0.4834051,2.381873,0.7564621,0.6799244,2.416023,0.7697549,0.7040908,2.444654,0.6245444,0.5190502,2.448314,0.7456333,0.4022532,2.32533,0.8287882,1.015785,2.571327
72057594037937085,0,0.8121051,5986.023,0.7345227,0.7067224,2.480632,0.8053703,1.134339,2.549712,0.6984208,0.9151629,2.525039,0.6148356,0.8022137,2.476553,0.7722866,0.8414532,2.409076,0.8111701,0.8413078,2.39257,0.8335881,0.9677997,2.503813,0.9246683,0.8406447,2.381551,0.7980604,0.6936834,2.358947,0.7575203,0.650028,2.357808,0.6876635,0.7040583,2.470516,0.7193962,0.4834051,2.381873,0.7564621,0.6799244,2.416023,0.7697549,0.7040908,2.444654,0.6245444,0.5190502,2.448314,0.7456333,0.4022532,2.32533,0.8287882,1.015785,2.571327
72057594037937085,0,0.8121051,5986.026,0.7345227,0.7067224,2.480632,0.8053703,1.134339,2.549712,0.6984208,0.9151629,2.525039,0.6148356,0.8022137,2.476553,0.7722866,0.8414532,2.409076,0.8111701,0.8413078,2.39257,0.8335881,0.9677997,2.503813,0.9246683,0.8406447,2.381551,0.7980604,0.6936834,2.358947,0.7575203,0.650028,2.357808,0.6876635,0.7040583,2.470516,0.7193962,0.4834051,2.381873,0.7564621,0.6799244,2.416023,0.7697549,0.7040908,2.444654,0.6245444,0.5190502,2.448314,0.7456333,0.4022532,2.32533,0.8287882,1.015785,2.571327
72057594037937085,0,0.8121051,5986.028,0.7345227,0.7067224,2.480632,0.8053703,1.134339,2.549712,0.6984208,0.9151629,2.525039,0.6148356,0.8022137,2.476553,0.7722866,0.8414532,2.409076,0.8111701,0.8413078,2.39257,0.8335881,0.9677997,2.503813,0.9246683,0.8406447,2.381551,0.7980604,0.6936834,2.358947,0.7575203,0.650028,2.357808,0.6876635,0.7040583,2.470516,0.7193962,0.4834051,2.381873,0.7564621,0.6799244,2.416023,0.7697549,0.7040908,2.444654,0.6245444,0.5190502,2.448314,0.7456333,0.4022532,2.32533,0.8287882,1.015785,2.571327
72057594037937085,0,0.8121051,5986.032,0.7345227,0.7067224,2.480632,0.8053703,1.134339,2.549712,0.6984208,0.9151629,2.525039,0.6148356,0.8022137,2.476553,0.7722866,0.8414532,2.409076,0.8111701,0.8413078,2.39257,0.8335881,0.9677997,2.503813,0.9246683,0.8406447,2.381551,0.7980604,0.6936834,2.358947,0.7575203,0.650028,2.357808,0.6876635,0.7040583,2.470516,0.7193962,0.4834051,2.381873,0.7564621,0.6799244,2.416023,0.7697549,0.7040908,2.444654,0.6245444,0.5190502,2.448314,0.7456333,0.4022532,2.32533,0.8287882,1.015785,2.571327
72057594037937085,0,0.812009,5986.035,0.7344756,0.7065904,2.48089,0.8032506,1.134936,2.553123,0.6980079,0.9142256,2.526317,0.6180834,0.7982997,2.479363,0.757299,0.8794637,2.440046,0.7891868,0.8726269,2.421674,0.8401431,0.9594152,2.49183,0.9307181,0.8305061,2.371372,0.7871926,0.6995321,2.353368,0.7559414,0.6503263,2.354084,0.68695,0.7047339,2.468026,0.7148684,0.4810984,2.387489,0.7852721,0.6727111,2.387824,0.7697609,0.7014548,2.450863,0.6432403,0.5019518,2.439013,0.7387272,0.3468356,2.338273,0.8283743,1.015808,2.572956
72057594037937085,0,0.812009,5986.039,0.7344756,0.7065904,2.48089,0.8032506,1.134936,2.553123,0.6980079,0.9142256,2.526317,0.6180834,0.7982997,2.479363,0.757299,0.8794637,2.440046,0.7891868,0.8726269,2.421674,0.8401431,0.9594152,2.49183,0.9307181,0.8305061,2.371372,0.7871926,0.6995321,2.353368,0.7559414,0.6503263,2.354084,0.68695,0.7047339,2.468026,0.7148684,0.4810984,2.387489,0.7852721,0.6727111,2.387824,0.7697609,0.7014548,2.450863,0.6432403,0.5019518,2.439013,0.7387272,0.3468356,2.338273,0.8283743,1.015808,2.572956
72057594037937085,0,0.812009,5986.043,0.7344756,0.7065904,2.48089,0.8032506,1.134936,2.553123,0.6980079,0.9142256,2.526317,0.6180834,0.7982997,2.479363,0.757299,0.8794637,2.440046,0.7891868,0.8726269,2.421674,0.8401431,0.9594152,2.49183,0.9307181,0.8305061,2.371372,0.7871926,0.6995321,2.353368,0.7559414,0.6503263,2.354084,0.68695,0.7047339,2.468026,0.7148684,0.4810984,2.387489,0.7852721,0.6727111,2.387824,0.7697609,0.7014548,2.450863,0.6432403,0.5019518,2.439013,0.7387272,0.3468356,2.338273,0.8283743,1.015808,2.572956
72057594037937085,0,0.812009,5986.048,0.7344756,0.7065904,2.48089,0.8032506,1.134936,2.553123,0.6980079,0.9142256,2.526317,0.6180834,0.7982997,2.479363,0.757299,0.8794637,2.440046,0.7891868,0.8726269,2.421674,0.8401431,0.9594152,2.49183,0.9307181,0.8305061,2.371372,0.7871926,0.6995321,2.353368,0.7559414,0.6503263,2.354084,0.68695,0.7047339,2.468026,0.7148684,0.4810984,2.387489,0.7852721,0.6727111,2.387824,0.7697609,0.7014548,2.450863,0.6432403,0.5019518,2.439013,0.7387272,0.3468356,2.338273,0.8283743,1.015808,2.572956
72057594037937085,0,0.812009,5986.052,0.7344756,0.7065904,2.48089,0.8032506,1.134936,2.553123,0.6980079,0.9142256,2.526317,0.6180834,0.7982997,2.479363,0.757299,0.8794637,2.440046,0.7891868,0.8726269,2.421674,0.8401431,0.9594152,2.49183,0.9307181,0.8305061,2.371372,0.7871926,0.6995321,2.353368,0.7559414,0.6503263,2.354084,0.68695,0.7047339,2.468026,0.7148684,0.4810984,2.387489,0.7852721,0.6727111,2.387824,0.7697609,0.7014548,2.450863,0.6432403,0.5019518,2.439013,0.7387272,0.3468356,2.338273,0.8283743,1.015808,2.572956
72057594037937085,0,0.812009,5986.057,0.7344756,0.7065904,2.48089,0.8032506,1.134936,2.553123,0.6980079,0.9142256,2.526317,0.6180834,0.7982997,2.479363,0.757299,0.8794637,2.440046,0.7891868,0.8726269,2.421674,0.8401431,0.9594152,2.49183,0.9307181,0.8305061,2.371372,0.7871926,0.6995321,2.353368,0.7559414,0.6503263,2.354084,0.68695,0.7047339,2.468026,0.7148684,0.4810984,2.387489,0.7852721,0.6727111,2.387824,0.7697609,0.7014548,2.450863,0.6432403,0.5019518,2.439013,0.7387272,0.3468356,2.338273,0.8283743,1.015808,2.572956
72057594037937085,0,0.812009,5986.062,0.7344756,0.7065904,2.48089,0.8032506,1.134936,2.553123,0.6980079,0.9142256,2.526317,0.6180834,0.7982997,2.479363,0.757299,0.8794637,2.440046,0.7891868,0.8726269,2.421674,0.8401431,0.9594152,2.49183,0.9307181,0.8305061,2.371372,0.7871926,0.6995321,2.353368,0.7559414,0.6503263,2.354084,0.68695,0.7047339,2.468026,0.7148684,0.4810984,2.387489,0.7852721,0.6727111,2.387824,0.7697609,0.7014548,2.450863,0.6432403,0.5019518,2.439013,0.7387272,0.3468356,2.338273,0.8283743,1.015808,2.572956
72057594037937085,0,0.812009,5986.066,0.7344756,0.7065904,2.48089,0.8032506,1.134936,2.553123,0.6980079,0.9142256,2.526317,0.6180834,0.7982997,2.479363,0.757299,0.8794637,2.440046,0.7891868,0.8726269,2.421674,0.8401431,0.9594152,2.49183,0.9307181,0.8305061,2.371372,0.7871926,0.6995321,2.353368,0.7559414,0.6503263,2.354084,0.68695,0.7047339,2.468026,0.7148684,0.4810984,2.387489,0.7852721,0.6727111,2.387824,0.7697609,0.7014548,2.450863,0.6432403,0.5019518,2.439013,0.7387272,0.3468356,2.338273,0.8283743,1.015808,2.572956
72057594037937085,0,0.8126818,5986.071,0.7351148,0.7064636,2.480716,0.7999945,1.136899,2.557407,0.696961,0.9116488,2.527256,0.6188351,0.7946846,2.480075,0.7567272,0.8769395,2.440971,0.7894968,0.8682489,2.424091,0.8394109,0.960692,2.494132,0.9279534,0.8317997,2.372113,0.8245234,0.7364875,2.332429,0.8234991,0.7171307,2.337204,0.6872253,0.7041665,2.46795,0.7288306,0.485608,2.378507,0.7674455,0.6829907,2.408689,0.7713242,0.7022727,2.449686,0.6386592,0.5074031,2.446563,0.773945,0.4317142,2.306308,0.8282206,1.016214,2.573315
72057594037937085,0,0.8126818,5986.076,0.7351148,0.7064636,2.480716,0.7999945,1.136899,2.557407,0.696961,0.9116488,2.527256,0.6188351,0.7946846,2.480075,0.7567272,0.8769395,2.440971,0.7894968,0.8682489,2.424091,0.8394109,0.960692,2.494132,0.9279534,0.8317997,2.372113,0.8245234,0.7364875,2.332429,0.8234991,0.7171307,2.337204,0.6872253,0.7041665,2.46795,0.7288306,0.485608,2.378507,0.7674455,0.6829907,2.408689,0.7713242,0.7022727,2.449686,0.6386592,0.5074031,2.446563,0.773945,0.4317142,2.306308,0.8282206,1.016214,2.573315
72057594037937085,0,0.8126818,5986.08,0.7351148,0.7064636,2.480716,0.7999945,1.136899,2.557407,0.696961,0.9116488,2.527256,0.6188351,0.7946846,2.480075,0.7567272,0.8769395,2.440971,0.7894968,0.8682489,2.424091,0.8394109,0.960692,2.494132,0.9279534,0.8317997,2.372113,0.8245234,0.7364875,2.332429,0.8234991,0.7171307,2.337204,0.6872253,0.7041665,2.46795,0.7288306,0.485608,2.378507,0.7674455,0.6829907,2.408689,0.7713242,0.7022727,2.449686,0.6386592,0.5074031,2.446563,0.773945,0.4317142,2.306308,0.8282206,1.016214,2.573315
72057594037937085,0,0.8126818,5986.084,0.7351148,0.7064636,2.480716,0.7999945,1.136899,2.557407,0.696961,0.9116488,2.527256,0.6188351,0.7946846,2.480075,0.7567272,0.8769395,2.440971,0.7894968,0.8682489,2.424091,0.8394109,0.960692,2.494132,0.9279534,0.8317997,2.372113,0.8245234,0.7364875,2.332429,0.8234991,0.7171307,2.337204,0.6872253,0.7041665,2.46795,0.7288306,0.485608,2.378507,0.7674455,0.6829907,2.408689,0.7713242,0.7022727,2.449686,0.6386592,0.5074031,2.446563,0.773945,0.4317142,2.306308,0.8282206,1.016214,2.573315
72057594037937085,0,0.8126818,5986.088,0.7351148,0.7064636,2.480716,0.7999945,1.136899,2.557407,0.696961,0.9116488,2.527256,0.6188351,0.7946846,2.480075,0.7567272,0.8769395,2.440971,0.7894968,0.8682489,2.424091,0.8394109,0.960692,2.494132,0.9279534,0.8317997,2.372113,0.8245234,0.7364875,2.332429,0.8234991,0.7171307,2.337204,0.6872253,0.7041665,2.46795,0.7288306,0.485608,2.378507,0.7674455,0.6829907,2.408689,0.7713242,0.7022727,2.449686,0.6386592,0.5074031,2.446563,0.773945,0.4317142,2.306308,0.8282206,1.016214,2.573315
72057594037937085,0,0.8126818,5986.094,0.7351148,0.7064636,2.480716,0.7999945,1.136899,2.557407,0.696961,0.9116488,2.527256,0.6188351,0.7946846,2.480075,0.7567272,0.8769395,2.440971,0.7894968,0.8682489,2.424091,0.8394109,0.960692,2.494132,0.9279534,0.8317997,2.372113,0.8245234,0.7364875,2.332429,0.8234991,0.7171307,2.337204,0.6872253,0.7041665,2.46795,0.7288306,0.485608,2.378507,0.7674455,0.6829907,2.408689,0.7713242,0.7022727,2.449686,0.6386592,0.5074031,2.446563,0.773945,0.4317142,2.306308,0.8282206,1.016214,2.573315
72057594037937085,0,0.8126818,5986.098,0.7351148,0.7064636,2.480716,0.7999945,1.136899,2.557407,0.696961,0.9116488,2.527256,0.6188351,0.7946846,2.480075,0.7567272,0.8769395,2.440971,0.7894968,0.8682489,2.424091,0.8394109,0.960692,2.494132,0.9279534,0.8317997,2.372113,0.8245234,0.7364875,2.332429,0.8234991,0.7171307,2.337204,0.6872253,0.7041665,2.46795,0.7288306,0.485608,2.378507,0.7674455,0.6829907,2.408689,0.7713242,0.7022727,2.449686,0.6386592,0.5074031,2.446563,0.773945,0.4317142,2.306308,0.8282206,1.016214,2.573315
72057594037937085,0,0.8105353,5986.103,0.7339953,0.7105228,2.481522,0.7936653,1.139805,2.565446,0.6969025,0.9111601,2.528553,0.617851,0.79439,2.481951,0.7603933,0.8880417,2.456095,0.7816957,0.8834397,2.431304,0.8467255,0.9979242,2.530906,0.913059,0.8628073,2.400057,0.8352872,0.7435886,2.332253,0.825951,0.7160079,2.334626,0.688006,0.7062155,2.475211,0.7205446,0.4873924,2.38078,0.7801684,0.6831775,2.371191,0.7647353,0.7160596,2.440573,0.6315889,0.5230415,2.448878,0.7591892,0.405342,2.333193,0.8267623,1.017496,2.574618
72057594037937085,0,0.8105353,5986.107,0.7339953,0.7105228,2.481522,0.7936653,1.139805,2.565446,0.6969025,0.9111601,2.528553,0.617851,0.79439,2.481951,0.7603933,0.8880417,2.456095,0.7816957,0.8834397,2.431304,0.8467255,0.9979242,2.530906,0.913059,0.8628073,2.400057,0.8352872,0.7435886,2.332253,0.825951,0.7160079,2.334626,0.688006,0.7062155,2.475211,0.7205446,0.4873924,2.38078,0.7801684,0.6831775,2.371191,0.7647353,0.7160596,2.440573,0.6315889,0.5230415,2.448878,0.7591892,0.405342,2.333193,0.8267623,1.017496,2.574618
72057594037937085,0,0.8105353,5986.112,0.7339953,0.7105228,2.481522,0.7936653,1.139805,2.565446,0.6969025,0.9111601,2.528553,0.617851,0.79439,2.481951,0.7603933,0.8880417,2.456095,0.7816957,0.8834397,2.431304,0.8467255,0.9979242,2.530906,0.913059,0.8628073,2.400057,0.8352872,0.7435886,2.332253,0.825951,0.7160079,2.334626,0.688006,0.7062155,2.475211,0.7205446,0.4873924,2.38078,0.7801684,0.6831775,2.371191,0.7647353,0.7160596,2.440573,0.6315889,0.5230415,2.448878,0.7591892,0.405342,2.333193,0.8267623,1.017496,2.574618
72057594037937085,0,0.8105353,5986.117,0.7339953,0.7105228,2.481522,0.7936653,1.139805,2.565446,0.6969025,0.9111601,2.528553,0.617851,0.79439,2.481951,0.7603933,0.8880417,2.456095,0.7816957,0.8834397,2.431304,0.8467255,0.9979242,2.530906,0.913059,0.8628073,2.400057,0.8352872,0.7435886,2.332253,0.825951,0.7160079,2.334626,0.688006,0.7062155,2.475211,0.7205446,0.4873924,2.38078,0.7801684,0.6831775,2.371191,0.7647353,0.7160596,2.440573,0.6315889,0.5230415,2.448878,0.7591892,0.405342,2.333193,0.8267623,1.017496,2.574618
72057594037937085,0,0.8105353,5986.121,0.7339953,0.7105228,2.481522,0.7936653,1.139805,2.565446,0.6969025,0.9111601,2.528553,0.617851,0.79439,2.481951,0.7603933,0.8880417,2.456095,0.7816957,0.8834397,2.431304,0.8467255,0.9979242,2.530906,0.913059,0.8628073,2.400057,0.8352872,0.7435886,2.332253,0.825951,0.7160079,2.334626,0.688006,0.7062155,2.475211,0.7205446,0.4873924,2.38078,0.7801684,0.6831775,2.371191,0.7647353,0.7160596,2.440573,0.6315889,0.5230415,2.448878,0.7591892,0.405342,2.333193,0.8267623,1.017496,2.574618
72057594037937085,0,0.8105353,5986.125,0.7339953,0.7105228,2.481522,0.7936653,1.139805,2.565446,0.6969025,0.9111601,2.528553,0.617851,0.79439,2.481951,0.7603933,0.8880417,2.456095,0.7816957,0.8834397,2.431304,0.8467255,0.9979242,2.530906,0.913059,0.8628073,2.400057,0.8352872,0.7435886,2.332253,0.825951,0.7160079,2.334626,0.688006,0.7062155,2.475211,0.7205446,0.4873924,2.38078,0.7801684,0.6831775,2.371191,0.7647353,0.7160596,2.440573,0.6315889,0.5230415,2.448878,0.7591892,0.405342,2.333193,0.8267623,1.017496,2.574618
72057594037937085,0,0.8105353,5986.13,0.7339953,0.7105228,2.481522,0.7936653,1.139805,2.565446,0.6969025,0.9111601,2.528553,0.617851,0.79439,2.481951,0.7603933,0.8880417,2.456095,0.7816957,0.8834397,2.431304,0.8467255,0.9979242,2.530906,0.913059,0.8628073,2.400057,0.8352872,0.7435886,2.332253,0.825951,0.7160079,2.334626,0.688006,0.7062155,2.475211,0.7205446,0.4873924,2.38078,0.7801684,0.6831775,2.371191,0.7647353,0.7160596,2.440573,0.6315889,0.5230415,2.448878,0.7591892,0.405342,2.333193,0.8267623,1.017496,2.574618
72057594037937085,0,0.8105353,5986.135,0.7339953,0.7105228,2.481522,0.7936653,1.139805,2.565446,0.6969025,0.9111601,2.528553,0.617851,0.79439,2.481951,0.7603933,0.8880417,2.456095,0.7816957,0.8834397,2.431304,0.8467255,0.9979242,2.530906,0.913059,0.8628073,2.400057,0.8352872,0.7435886,2.332253,0.825951,0.7160079,2.334626,0.688006,0.7062155,2.475211,0.7205446,0.4873924,2.38078,0.7801684,0.6831775,2.371191,0.7647353,0.7160596,2.440573,0.6315889,0.5230415,2.448878,0.7591892,0.405342,2.333193,0.8267623,1.017496,2.574618
72057594037937085,0,0.8113125,5986.139,0.7347325,0.7112283,2.480752,0.7872077,1.140683,2.57513,0.6923848,0.908806,2.536435,0.6193101,0.7906684,2.483337,0.7609749,0.891182,2.460451,0.7828872,0.8861099,2.43369,0.8521677,0.9472874,2.471835,0.916603,0.7956103,2.361279,0.8122742,0.69964,2.326586,0.7739078,0.6682345,2.348978,0.6906436,0.7101779,2.463464,0.7148469,0.4842837,2.389731,0.8048536,0.6650256,2.349062,0.7668089,0.7139443,2.44562,0.6291218,0.5226858,2.445673,0.7505646,0.3903414,2.339664,0.8227166,1.015863,2.577582
72057594037937085,0,0.8113125,5986.143,0.7347325,0.7112283,2.480752,0.7872077,1.140683,2.57513,0.6923848,0.908806,2.536435,0.6193101,0.7906684,2.483337,0.7609749,0.891182,2.460451,0.7828872,0.8861099,2.43369,0.8521677,0.9472874,2.471835,0.916603,0.7956103,2.361279,0.8122742,0.69964,2.326586,0.7739078,0.6682345,2.348978,0.6906436,0.7101779,2.463464,0.7148469,0.4842837,2.389731,0.8048536,0.6650256,2.349062,0.7668089,0.7139443,2.44562,0.6291218,0.5226858,2.445673,0.7505646,0.3903414,2.339664,0.8227166,1.015863,2.577582
72057594037937085,0,0.8113125,5986.148,0.7347325,0.7112283,2.480752,0.7872077,1.140683,2.57513,0.6923848,0.908806,2.536435,0.6193101,0.7906684,2.483337,0.7609749,0.891182,2.460451,0.7828872,0.8861099,2.43369,0.8521677,0.9472874,2.471835,0.916603,0.7956103,2.361279,0.8122742,0.69964,2.326586,0.7739078,0.6682345,2.348978,0.6906436,0.7101779,2.463464,0.7148469,0.4842837,2.389731,0.8048536,0.6650256,2.349062,0.7668089,0.7139443,2.44562,0.6291218,0.5226858,2.445673,0.7505646,0.3903414,2.339664,0.8227166,1.015863,2.577582
72057594037937085,0,0.8113125,5986.153,0.7347325,0.7112283,2.480752,0.7872077,1.140683,2.57513,0.6923848,0.908806,2.536435,0.6193101,0.7906684,2.483337,0.7609749,0.891182,2.460451,0.7828872,0.8861099,2.43369,0.8521677,0.9472874,2.471835,0.916603,0.7956103,2.361279,0.8122742,0.69964,2.326586,0.7739078,0.6682345,2.348978,0.6906436,0.7101779,2.463464,0.7148469,0.4842837,2.389731,0.8048536,0.6650256,2.349062,0.7668089,0.7139443,2.44562,0.6291218,0.5226858,2.445673,0.7505646,0.3903414,2.339664,0.8227166,1.015863,2.577582
72057594037937085,0,0.8113125,5986.158,0.7347325,0.7112283,2.480752,0.7872077,1.140683,2.57513,0.6923848,0.908806,2.536435,0.6193101,0.7906684,2.483337,0.7609749,0.891182,2.460451,0.7828872,0.8861099,2.43369,0.8521677,0.9472874,2.471835,0.916603,0.7956103,2.361279,0.8122742,0.69964,2.326586,0.7739078,0.6682345,2.348978,0.6906436,0.7101779,2.463464,0.7148469,0.4842837,2.389731,0.8048536,0.6650256,2.349062,0.7668089,0.7139443,2.44562,0.6291218,0.5226858,2.445673,0.7505646,0.3903414,2.339664,0.8227166,1.015863,2.577582
72057594037937085,0,0.8113125,5986.162,0.7347325,0.7112283,2.480752,0.7872077,1.140683,2.57513,0.6923848,0.908806,2.536435,0.6193101,0.7906684,2.483337,0.7609749,0.891182,2.460451,0.7828872,0.8861099,2.43369,0.8521677,0.9472874,2.471835,0.916603,0.7956103,2.361279,0.8122742,0.69964,2.326586,0.7739078,0.6682345,2.348978,0.6906436,0.7101779,2.463464,0.7148469,0.4842837,2.389731,0.8048536,0.6650256,2.349062,0.7668089,0.7139443,2.44562,0.6291218,0.5226858,2.445673,0.7505646,0.3903414,2.339664,0.8227166,1.015863,2.577582
72057594037937085,0,0.8113125,5986.166,0.7347325,0.7112283,2.480752,0.7872077,1.140683,2.57513,0.6923848,0.908806,2.536435,0.6193101,0.7906684,2.483337,0.7609749,0.891182,2.460451,0.7828872,0.8861099,2.43369,0.8521677,0.9472874,2.471835,0.916603,0.7956103,2.361279,0.8122742,0.69964,2.326586,0.7739078,0.6682345,2.348978,0.6906436,0.7101779,2.463464,0.7148469,0.4842837,2.389731,0.8048536,0.6650256,2.349062,0.7668089,0.7139443,2.44562,0.6291218,0.5226858,2.445673,0.7505646,0.3903414,2.339664,0.8227166,1.015863,2.577582
72057594037937085,0,0.8122336,5986.171,0.73561,0.7115847,2.480171,0.7771546,1.140374,2.588605,0.6921186,0.9072464,2.535835,0.617708,0.7896985,2.483523,0.6636938,0.9135505,2.521599,0.6888071,0.9287208,2.539962,0.8427534,0.9541861,2.484414,0.9086207,0.8058367,2.37009,0.772196,0.7565192,2.360024,0.7458352,0.7266223,2.377129,0.6918345,0.710829,2.456072,0.7105518,0.4812445,2.398365,0.8159254,0.6484171,2.337527,0.7697579,0.7121983,2.452419,0.6344226,0.5189887,2.450052,0.7399654,0.3811737,2.333323,0.8226368,1.016247,2.577951
72057594037937085,0,0.8122336,5986.176,0.73561,0.7115847,2.480171,0.7771546,1.140374,2.588605,0.6921186,0.9072464,2.535835,0.617708,0.7896985,2.483523,0.6636938,0.9135505,2.521599,0.6888071,0.9287208,2.539962,0.8427534,0.9541861,2.484414,0.9086207,0.8058367,2.37009,0.772196,0.7565192,2.360024,0.7458352,0.7266223,2.377129,0.6918345,0.710829,2.456072,0.7105518,0.4812445,2.398365,0.8159254,0.6484171,2.337527,0.7697579,0.7121983,2.452419,0.6344226,0.5189887,2.450052,0.7399654,0.3811737,2.333323,0.8226368,1.016247,2.577951
72057594037937085,0,0.8122336,5986.181,0.73561,0.7115847,2.480171,0.7771546,1.140374,2.588605,0.6921186,0.9072464,2.535835,0.617708,0.7896985,2.483523,0.6636938,0.9135505,2.521599,0.6888071,0.9287208,2.539962,0.8427534,0.9541861,2.484414,0.9086207,0.8058367,2.37009,0.772196,0.7565192,2.360024,0.7458352,0.7266223,2.377129,0.6918345,0.710829,2.456072,0.7105518,0.4812445,2.398365,0.8159254,0.6484171,2.337527,0.7697579,0.7121983,2.452419,0.6344226,0.5189887,2.450052,0.7399654,0.3811737,2.333323,0.8226368,1.016247,2.577951
72057594037937085,0,0.8122336,5986.186,0.73561,0.7115847,2.480171,0.7771546,1.140374,2.588605,0.6921186,0.9072464,2.535835,0.617708,0.7896985,2.483523,0.6636938,0.9135505,2.521599,0.6888071,0.9287208,2.539962,0.8427534,0.9541861,2.484414,0.9086207,0.8058367,2.37009,0.772196,0.7565192,2.360024,0.7458352,0.7266223,2.377129,0.6918345,0.710829,2.456072,0.7105518,0.4812445,2.398365,0.8159254,0.6484171,2.337527,0.7697579,0.7121983,2.452419,0.6344226,0.5189887,2.450052,0.7399654,0.3811737,2.333323,0.8226368,1.016247,2.577951
72057594037937085,0,0.8122336,5986.19,0.73561,0.7115847,2.480171,0.7771546,1.140374,2.588605,0.6921186,0.9072464,2.535835,0.617708,0.7896985,2.483523,0.6636938,0.9135505,2.521599,0.6888071,0.9287208,2.539962,0.8427534,0.9541861,2.484414,0.9086207,0.8058367,2.37009,0.772196,0.7565192,2.360024,0.7458352,0.7266223,2.377129,0.6918345,0.710829,2.456072,0.7105518,0.4812445,2.398365,0.8159254,0.6484171,2.337527,0.7697579,0.7121983,2.452419,0.6344226,0.5189887,2.450052,0.7399654,0.3811737,2.333323,0.8226368,1.016247,2.577951
72057594037937085,0,0.8122336,5986.195,0.73561,0.7115847,2.480171,0.7771546,1.140374,2.588605,0.6921186,0.9072464,2.535835,0.617708,0.7896985,2.483523,0.6636938,0.9135505,2.521599,0.6888071,0.9287208,2.539962,0.8427534,0.9541861,2.484414,0.9086207,0.8058367,2.37009,0.772196,0.7565192,2.360024,0.7458352,0.7266223,2.377129,0.6918345,0.710829,2.456072,0.7105518,0.4812445,2.398365,0.8159254,0.6484171,2.337527,0.7697579,0.7121983,2.452419,0.6344226,0.5189887,2.450052,0.7399654,0.3811737,2.333323,0.8226368,1.016247,2.577951
72057594037937085,0,0.8122336,5986.199,0.73561,0.7115847,2.480171,0.7771546,1.140374,2.588605,0.6921186,0.9072464,2.535835,0.617708,0.7896985,2.483523,0.6636938,0.9135505,2.521599,0.6888071,0.9287208,2.539962,0.8427534,0.9541861,2.484414,0.9086207,0.8058367,2.37009,0.772196,0.7565192,2.360024,0.7458352,0.7266223,2.377129,0.6918345,0.710829,2.456072,0.7105518,0.4812445,2.398365,0.8159254,0.6484171,2.337527,0.7697579,0.7121983,2.452419,0.6344226,0.5189887,2.450052,0.7399654,0.3811737,2.333323,0.8226368,1.016247,2.577951
72057594037937085,0,0.8120901,5986.204,0.7359178,0.7125161,2.480925,0.7735347,1.132277,2.60147,0.6977751,0.9086463,2.533101,0.6183825,0.7915505,2.488275,0.6650433,0.9151263,2.526944,0.6842893,0.9300215,2.541008,0.8438221,0.9540203,2.483444,0.8941725,0.7944627,2.376064,0.7563665,0.7518529,2.35742,0.7425477,0.7466198,2.372723,0.6938421,0.7191429,2.440443,0.6982574,0.4859435,2.415254,0.8077688,0.6481759,2.347458,0.7672431,0.7054759,2.487875,0.7325495,0.5038332,2.350921,0.5892836,0.380403,2.429764,0.8223633,1.016687,2.578769
72057594037937085,0,0.8120901,5986.209,0.7359178,0.7125161,2.480925,0.7735347,1.132277,2.60147,0.6977751,0.9086463,2.533101,0.6183825,0.7915505,2.488275,0.6650433,0.9151263,2.526944,0.6842893,0.9300215,2.541008,0.8438221,0.9540203,2.483444,0.8941725,0.7944627,2.376064,0.7563665,0.7518529,2.35742,0.7425477,0.7466198,2.372723,0.6938421,0.7191429,2.440443,0.6982574,0.4859435,2.415254,0.8077688,0.6481759,2.347458,0.7672431,0.7054759,2.487875,0.7325495,0.5038332,2.350921,0.5892836,0.380403,2.429764,0.8223633,1.016687,2.578769
72057594037937085,0,0.8120901,5986.214,0.7359178,0.7125161,2.480925,0.7735347,1.132277,2.60147,0.6977751,0.9086463,2.533101,0.6183825,0.7915505,2.488275,0.6650433,0.9151263,2.526944,0.6842893,0.9300215,2.541008,0.8438221,0.9540203,2.483444,0.8941725,0.7944627,2.376064,0.7563665,0.7518529,2.35742,0.7425477,0.7466198,2.372723,0.6938421,0.7191429,2.440443,0.6982574,0.4859435,2.415254,0.8077688,0.6481759,2.347458,0.7672431,0.7054759,2.487875,0.7325495,0.5038332,2.350921,0.5892836,0.380403,2.429764,0.8223633,1.016687,2.578769
72057594037937085,0,0.8120901,5986.219,0.7359178,0.7125161,2.480925,0.7735347,1.132277,2.60147,0.6977751,0.9086463,2.533101,0.6183825,0.7915505,2.488275,0.6650433,0.9151263,2.526944,0.6842893,0.9300215,2.541008,0.8438221,0.9540203,2.483444,0.8941725,0.7944627,2.376064,0.7563665,0.7518529,2.35742,0.7425477,0.7466198,2.372723,0.6938421,0.7191429,2.440443,0.6982574,0.4859435,2.415254,0.8077688,0.6481759,2.347458,0.7672431,0.7054759,2.487875,0.7325495,0.5038332,2.350921,0.5892836,0.380403,2.429764,0.8223633,1.016687,2.578769
72057594037937085,0,0.8120901,5986.223,0.7359178,0.7125161,2.480925,0.7735347,1.132277,2.60147,0.6977751,0.9086463,2.533101,0.6183825,0.7915505,2.488275,0.6650433,0.9151263,2.526944,0.6842893,0.9300215,2.541008,0.8438221,0.9540203,2.483444,0.8941725,0.7944627,2.376064,0.7563665,0.7518529,2.35742,0.7425477,0.7466198,2.372723,0.6938421,0.7191429,2.440443,0.6982574,0.4859435,2.415254,0.8077688,0.6481759,2.347458,0.7672431,0.7054759,2.487875,0.7325495,0.5038332,2.350921,0.5892836,0.380403,2.429764,0.8223633,1.016687,2.578769
72057594037937085,0,0.8120901,5986.229,0.7359178,0.7125161,2.480925,0.7735347,1.132277,2.60147,0.6977751,0.9086463,2.533101,0.6183825,0.7915505,2.488275,0.6650433,0.9151263,2.526944,0.6842893,0.9300215,2.541008,0.8438221,0.9540203,2.483444,0.8941725,0.7944627,2.376064,0.7563665,0.7518529,2.35742,0.7425477,0.7466198,2.372723,0.6938421,0.7191429,2.440443,0.6982574,0.4859435,2.415254,0.8077688,0.6481759,2.347458,0.7672431,0.7054759,2.487875,0.7325495,0.5038332,2.350921,0.5892836,0.380403,2.429764,0.8223633,1.016687,2.578769
72057594037937085,0,0.8120901,5986.232,0.7359178,0.7125161,2.480925,0.7735347,1.132277,2.60147,0.6977751,0.9086463,2.533101,0.6183825,0.7915505,2.488275,0.6650433,0.9151263,2.526944,0.6842893,0.9300215,2.541008,0.8438221,0.9540203,2.483444,0.8941725,0.7944627,2.376064,0.7563665,0.7518529,2.35742,0.7425477,0.7466198,2.372723,0.6938421,0.7191429,2.440443,0.6982574,0.4859435,2.415254,0.8077688,0.6481759,2.347458,0.7672431,0.7054759,2.487875,0.7325495,0.5038332,2.350921,0.5892836,0.380403,2.429764,0.8223633,1.016687,2.578769
72057594037937085,0,0.8124855,5986.237,0.7350714,0.7084249,2.479886,0.7742351,1.12257,2.613626,0.6915065,0.9024726,2.533965,0.6287404,0.7720897,2.48966,0.6566891,0.9037133,2.521588,0.680108,0.9235502,2.538763,0.8438345,0.9541152,2.482562,0.8921113,0.7931936,2.376271,0.7541748,0.7511261,2.357275,0.7265486,0.7430569,2.389301,0.6919985,0.7112005,2.443838,0.686443,0.4780342,2.428737,0.7991917,0.6349568,2.352909,0.7648327,0.6963648,2.47012,0.7308816,0.486712,2.348234,0.5842866,0.3685284,2.429094,0.8222435,1.015848,2.579905
72057594037937085,0,0.8124855,5986.242,0.7350714,0.7084249,2.479886,0.7742351,1.12257,2.613626,0.6915065,0.9024726,2.533965,0.6287404,0.7720897,2.48966,0.6566891,0.9037133,2.521588,0.680108,0.9235502,2.538763,0.8438345,0.9541152,2.482562,0.8921113,0.7931936,2.376271,0.7541748,0.7511261,2.357275,0.7265486,0.7430569,2.389301,0.6919985,0.7112005,2.443838,0.686443,0.4780342,2.428737,0.7991917,0.6349568,2.352909,0.7648327,0.6963648,2.47012,0.7308816,0.486712,2.348234,0.5842866,0.3685284,2.429094,0.8222435,1.015848,2.579905
72057594037937085,0,0.8124855,5986.246,0.7350714,0.7084249,2.479886,0.7742351,1.12257,2.613626,0.6915065,0.9024726,2.533965,0.6287404,0.7720897,2.48966,0.6566891,0.9037133,2.521588,0.680108,0.9235502,2.538763,0.8438345,0.9541152,2.482562,0.8921113,0.7931936,2.376271,0.7541748,0.7511261,2.357275,0.7265486,0.7430569,2.389301,0.6919985,0.7112005,2.443838,0.686443,0.4780342,2.428737,0.7991917,0.6349568,2.352909,0.7648327,0.6963648,2.47012,0.7308816,0.486712,2.348234,0.5842866,0.3685284,2.429094,0.8222435,1.015848,2.579905
72057594037937085,0,0.8124855,5986.25,0.7350714,0.7084249,2.479886,0.7742351,1.12257,2.613626,0.6915065,0.9024726,2.533965,0.6287404,0.7720897,2.48966,0.6566891,0.9037133,2.521588,0.680108,0.9235502,2.538763,0.8438345,0.9541152,2.482562,0.8921113,0.7931936,2.376271,0.7541748,0.7511261,2.357275,0.7265486,0.7430569,2.389301,0.6919985,0.7112005,2.443838,0.686443,0.4780342,2.428737,0.7991917,0.6349568,2.352909,0.7648327,0.6963648,2.47012,0.7308816,0.486712,2.348234,0.5842866,0.3685284,2.429094,0.8222435,1.015848,2.579905
72057594037937085,0,0.8124855,5986.255,0.7350714,0.7084249,2.479886,0.7742351,1.12257,2.613626,0.6915065,0.9024726,2.533965,0.6287404,0.7720897,2.48966,0.6566891,0.9037133,2.521588,0.680108,0.9235502,2.538763,0.8438345,0.9541152,2.482562,0.8921113,0.7931936,2.376271,0.7541748,0.7511261,2.357275,0.7265486,0.7430569,2.389301,0.6919985,0.7112005,2.443838,0.686443,0.4780342,2.428737,0.7991917,0.6349568,2.352909,0.7648327,0.6963648,2.47012,0.7308816,0.486712,2.348234,0.5842866,0.3685284,2.429094,0.8222435,1.015848,2.579905
72057594037937085,0,0.8124855,5986.259,0.7350714,0.7084249,2.479886,0.7742351,1.12257,2.613626,0.6915065,0.9024726,2.533965,0.6287404,0.7720897,2.48966,0.6566891,0.9037133,2.521588,0.680108,0.9235502,2.538763,0.8438345,0.9541152,2.482562,0.8921113,0.7931936,2.376271,0.7541748,0.7511261,2.357275,0.7265486,0.7430569,2.389301,0.6919985,0.7112005,2.443838,0.686443,0.4780342,2.428737,0.7991917,0.6349568,2.352909,0.7648327,0.6963648,2.47012,0.7308816,0.486712,2.348234,0.5842866,0.3685284,2.429094,0.8222435,1.015848,2.579905
72057594037937085,0,0.8124855,5986.263,0.7350714,0.7084249,2.479886,0.7742351,1.12257,2.613626,0.6915065,0.9024726,2.533965,0.6287404,0.7720897,2.48966,0.6566891,0.9037133,2.521588,0.680108,0.9235502,2.538763,0.8438345,0.9541152,2.482562,0.8921113,0.7931936,2.376271,0.7541748,0.7511261,2.357275,0.7265486,0.7430569,2.389301,0.6919985,0.7112005,2.443838,0.686443,0.4780342,2.428737,0.7991917,0.6349568,2.352909,0.7648327,0.6963648,2.47012,0.7308816,0.486712,2.348234,0.5842866,0.3685284,2.429094,0.8222435,1.015848,2.579905
72057594037937085,0,0.8287439,5986.268,0.7441654,0.691926,2.466538,0.7683192,1.081808,2.629996,0.7537984,0.8678974,2.46848,0.6288276,0.7764905,2.492626,0.6574221,0.9081258,2.523985,0.6827984,0.9286735,2.539798,0.8438444,0.9537805,2.481006,0.8921018,0.7923183,2.375596,0.753683,0.7515975,2.35755,0.7284737,0.7458732,2.388496,0.7020034,0.6929597,2.440589,0.6915051,0.4599636,2.41401,0.7839941,0.6397208,2.371886,0.7739019,0.682866,2.442212,0.7218878,0.4634969,2.354171,0.5718542,0.3542382,2.440264,0.8233174,1.014898,2.580847
72057594037937085,0,0.8287439,5986.272,0.7441654,0.691926,2.466538,0.7683192,1.081808,2.629996,0.7537984,0.8678974,2.46848,0.6288276,0.7764905,2.492626,0.6574221,0.9081258,2.523985,0.6827984,0.9286735,2.539798,0.8438444,0.9537805,2.481006,0.8921018,0.7923183,2.375596,0.753683,0.7515975,2.35755,0.7284737,0.7458732,2.388496,0.7020034,0.6929597,2.440589,0.6915051,0.4599636,2.41401,0.7839941,0.6397208,2.371886,0.7739019,0.682866,2.442212,0.7218878,0.4634969,2.354171,0.5718542,0.3542382,2.440264,0.8233174,1.014898,2.580847
72057594037937085,0,0.8287439,5986.276,0.7441654,0.691926,2.466538,0.7683192,1.081808,2.629996,0.7537984,0.8678974,2.46848,0.6288276,0.7764905,2.492626,0.6574221,0.9081258,2.523985,0.6827984,0.9286735,2.539798,0.8438444,0.9537805,2.481006,0.8921018,0.7923183,2.375596,0.753683,0.7515975,2.35755,0.7284737,0.7458732,2.388496,0.7020034,0.6929597,2.440589,0.6915051,0.4599636,2.41401,0.7839941,0.6397208,2.371886,0.7739019,0.682866,2.442212,0.7218878,0.4634969,2.354171,0.5718542,0.3542382,2.440264,0.8233174,1.014898,2.580847
72057594037937085,0,0.8287439,5986.281,0.7441654,0.691926,2.466538,0.7683192,1.081808,2.629996,0.7537984,0.8678974,2.46848,0.6288276,0.7764905,2.492626,0.6574221,0.9081258,2.523985,0.6827984,0.9286735,2.539798,0.8438444,0.9537805,2.481006,0.8921018,0.7923183,2.375596,0.753683,0.7515975,2.35755,0.7284737,0.7458732,2.388496,0.7020034,0.6929597,2.440589,0.6915051,0.4599636,2.41401,0.7839941,0.6397208,2.371886,0.7739019,0.682866,2.442212,0.7218878,0.4634969,2.354171,0.5718542,0.3542382,2.440264,0.8233174,1.014898,2.580847
72057594037937085,0,0.8287439,5986.286,0.7441654,0.691926,2.466538,0.7683192,1.081808,2.629996,0.7537984,0.8678974,2.46848,0.6288276,0.7764905,2.492626,0.6574221,0.9081258,2.523985,0.6827984,0.9286735,2.539798,0.8438444,0.9537805,2.481006,0.8921018,0.7923183,2.375596,0.753683,0.7515975,2.35755,0.7284737,0.7458732,2.388496,0.7020034,0.6929597,2.440589,0.6915051,0.4599636,2.41401,0.7839941,0.6397208,2.371886,0.7739019,0.682866,2.442212,0.7218878,0.4634969,2.354171,0.5718542,0.3542382,2.440264,0.8233174,1.014898,2.580847
72057594037937085,0,0.8287439,5986.29,0.7441654,0.691926,2.466538,0.7683192,1.081808,2.629996,0.7537984,0.8678974,2.46848,0.6288276,0.7764905,2.492626,0.6574221,0.9081258,2.523985,0.6827984,0.9286735,2.539798,0.8438444,0.9537805,2.481006,0.8921018,0.7923183,2.375596,0.753683,0.7515975,2.35755,0.7284737,0.7458732,2.388496,0.7020034,0.6929597,2.440589,0.6915051,0.4599636,2.41401,0.7839941,0.6397208,2.371886,0.7739019,0.682866,2.442212,0.7218878,0.4634969,2.354171,0.5718542,0.3542382,2.440264,0.8233174,1.014898,2.580847
72057594037937085,0,0.8287439,5986.295,0.7441654,0.691926,2.466538,0.7683192,1.081808,2.629996,0.7537984,0.8678974,2.46848,0.6288276,0.7764905,2.492626,0.6574221,0.9081258,2.523985,0.6827984,0.9286735,2.539798,0.8438444,0.9537805,2.481006,0.8921018,0.7923183,2.375596,0.753683,0.7515975,2.35755,0.7284737,0.7458732,2.388496,0.7020034,0.6929597,2.440589,0.6915051,0.4599636,2.41401,0.7839941,0.6397208,2.371886,0.7739019,0.682866,2.442212,0.7218878,0.4634969,2.354171,0.5718542,0.3542382,2.440264,0.8233174,1.014898,2.580847
72057594037937085,0,0.8287439,5986.299,0.7441654,0.691926,2.466538,0.7683192,1.081808,2.629996,0.7537984,0.8678974,2.46848,0.6288276,0.7764905,2.492626,0.6574221,0.9081258,2.523985,0.6827984,0.9286735,2.539798,0.8438444,0.9537805,2.481006,0.8921018,0.7923183,2.375596,0.753683,0.7515975,2.35755,0.7284737,0.7458732,2.388496,0.7020034,0.6929597,2.440589,0.6915051,0.4599636,2.41401,0.7839941,0.6397208,2.371886,0.7739019,0.682866,2.442212,0.7218878,0.4634969,2.354171,0.5718542,0.3542382,2.440264,0.8233174,1.014898,2.580847
72057594037937085,0,0.8226612,5986.303,0.7369609,0.688821,2.46711,0.7694556,1.088414,2.62879,0.7517579,0.8654039,2.469772,0.6295316,0.7712285,2.492732,0.6558203,0.9034386,2.523926,0.6762174,0.9233435,2.547149,0.8392131,0.9553485,2.484238,0.8896931,0.7952729,2.377736,0.7815245,0.7031606,2.344041,0.7628033,0.6814379,2.356528,0.6993282,0.6881677,2.445257,0.7023384,0.4561458,2.404751,0.7449937,0.6571153,2.397696,0.7554963,0.6825095,2.438977,0.696716,0.4582222,2.380456,0.5436775,0.3586632,2.471891,0.8221974,1.01419,2.580856
72057594037937085,0,0.8226612,5986.308,0.7369609,0.688821,2.46711,0.7694556,1.088414,2.62879,0.7517579,0.8654039,2.469772,0.6295316,0.7712285,2.492732,0.6558203,0.9034386,2.523926,0.6762174,0.9233435,2.547149,0.8392131,0.9553485,2.484238,0.8896931,0.7952729,2.377736,0.7815245,0.7031606,2.344041,0.7628033,0.6814379,2.356528,0.6993282,0.6881677,2.445257,0.7023384,0.4561458,2.404751,0.7449937,0.6571153,2.397696,0.7554963,0.6825095,2.438977,0.696716,0.4582222,2.380456,0.5436775,0.3586632,2.471891,0.8221974,1.01419,2.580856
72057594037937085,0,0.8226612,5986.313,0.7369609,0.688821,2.46711,0.7694556,1.088414,2.62879,0.7517579,0.8654039,2.469772,0.6295316,0.7712285,2.492732,0.6558203,0.9034386,2.523926,0.6762174,0.9233435,2.547149,0.8392131,0.9553485,2.484238,0.8896931,0.7952729,2.377736,0.7815245,0.7031606,2.344041,0.7628033,0.6814379,2.356528,0.6993282,0.6881677,2.445257,0.7023384,0.4561458,2.404751,0.7449937,0.6571153,2.397696,0.7554963,0.6825095,2.438977,0.696716,0.4582222,2.380456,0.5436775,0.3586632,2.471891,0.8221974,1.01419,2.580856
72057594037937085,0,0.8226612,5986.317,0.7369609,0.688821,2.46711,0.7694556,1.088414,2.62879,0.7517579,0.8654039,2.469772,0.6295316,0.7712285,2.492732,0.6558203,0.9034386,2.523926,0.6762174,0.9233435,2.547149,0.8392131,0.9553485,2.484238,0.8896931,0.7952729,2.377736,0.7815245,0.7031606,2.344041,0.7628033,0.6814379,2.356528,0.6993282,0.6881677,2.445257,0.7023384,0.4561458,2.404751,0.7449937,0.6571153,2.397696,0.7554963,0.6825095,2.438977,0.696716,0.4582222,2.380456,0.5436775,0.3586632,2.471891,0.8221974,1.01419,2.580856
72057594037937085,0,0.8226612,5986.322,0.7369609,0.688821,2.46711,0.7694556,1.088414,2.62879,0.7517579,0.8654039,2.469772,0.6295316,0.7712285,2.492732,0.6558203,0.9034386,2.523926,0.6762174,0.9233435,2.547149,0.8392131,0.9553485,2.484238,0.8896931,0.7952729,2.377736,0.7815245,0.7031606,2.344041,0.7628033,0.6814379,2.356528,0.6993282,0.6881677,2.445257,0.7023384,0.4561458,2.404751,0.7449937,0.6571153,2.397696,0.7554963,0.6825095,2.438977,0.696716,0.4582222,2.380456,0.5436775,0.3586632,2.471891,0.8221974,1.01419,2.580856
72057594037937085,0,0.8226612,5986.328,0.7369609,0.688821,2.46711,0.7694556,1.088414,2.62879,0.7517579,0.8654039,2.469772,0.6295316,0.7712285,2.492732,0.6558203,0.9034386,2.523926,0.6762174,0.9233435,2.547149,0.8392131,0.9553485,2.484238,0.8896931,0.7952729,2.377736,0.7815245,0.7031606,2.344041,0.7628033,0.6814379,2.356528,0.6993282,0.6881677,2.445257,0.7023384,0.4561458,2.404751,0.7449937,0.6571153,2.397696,0.7554963,0.6825095,2.438977,0.696716,0.4582222,2.380456,0.5436775,0.3586632,2.471891,0.8221974,1.01419,2.580856
72057594037937085,0,0.8226612,5986.332,0.7369609,0.688821,2.46711,0.7694556,1.088414,2.62879,0.7517579,0.8654039,2.469772,0.6295316,0.7712285,2.492732,0.6558203,0.9034386,2.523926,0.6762174,0.9233435,2.547149,0.8392131,0.9553485,2.484238,0.8896931,0.7952729,2.377736,0.7815245,0.7031606,2.344041,0.7628033,0.6814379,2.356528,0.6993282,0.6881677,2.445257,0.7023384,0.4561458,2.404751,0.7449937,0.6571153,2.397696,0.7554963,0.6825095,2.438977,0.696716,0.4582222,2.380456,0.5436775,0.3586632,2.471891,0.8221974,1.01419,2.580856
72057594037937085,0,0.8235456,5986.336,0.7378354,0.6876389,2.467702,0.7683483,1.094597,2.604295,0.7112771,0.8894683,2.507686,0.6283988,0.769406,2.493187,0.6529677,0.9020876,2.52344,0.6839529,0.9206183,2.544551,0.8449382,1.009872,2.548033,0.8790889,0.8551049,2.426831,0.751074,0.7562738,2.367885,0.7690525,0.7338627,2.358846,0.7023748,0.682871,2.444609,0.7065196,0.4511011,2.401843,0.778425,0.6414372,2.366653,0.7575423,0.6835033,2.44266,0.6003762,0.5104693,2.455445,0.4456438,0.4162426,2.549143,0.8102376,1.009799,2.592078
72057594037937085,0,0.8235456,5986.341,0.7378354,0.6876389,2.467702,0.7683483,1.094597,2.604295,0.7112771,0.8894683,2.507686,0.6283988,0.769406,2.493187,0.6529677,0.9020876,2.52344,0.6839529,0.9206183,2.544551,0.8449382,1.009872,2.548033,0.8790889,0.8551049,2.426831,0.751074,0.7562738,2.367885,0.7690525,0.7338627,2.358846,0.7023748,0.682871,2.444609,0.7065196,0.4511011,2.401843,0.778425,0.6414372,2.366653,0.7575423,0.6835033,2.44266,0.6003762,0.5104693,2.455445,0.4456438,0.4162426,2.549143,0.8102376,1.009799,2.592078
72057594037937085,0,0.8235456,5986.346,0.7378354,0.6876389,2.467702,0.7683483,1.094597,2.604295,0.7112771,0.8894683,2.507686,0.6283988,0.769406,2.493187,0.6529677,0.9020876,2.52344,0.6839529,0.9206183,2.544551,0.8449382,1.009872,2.548033,0.8790889,0.8551049,2.426831,0.751074,0.7562738,2.367885,0.7690525,0.7338627,2.358846,0.7023748,0.682871,2.444609,0.7065196,0.4511011,2.401843,0.778425,0.6414372,2.366653,0.7575423,0.6835033,2.44266,0.6003762,0.5104693,2.455445,0.4456438,0.4162426,2.549143,0.8102376,1.009799,2.592078
72057594037937085,0,0.8235456,5986.35,0.7378354,0.6876389,2.467702,0.7683483,1.094597,2.604295,0.7112771,0.8894683,2.507686,0.6283988,0.769406,2.493187,0.6529677,0.9020876,2.52344,0.6839529,0.9206183,2.544551,0.8449382,1.009872,2.548033,0.8790889,0.8551049,2.426831,0.751074,0.7562738,2.367885,0.7690525,0.7338627,2.358846,0.7023748,0.682871,2.444609,0.7065196,0.4511011,2.401843,0.778425,0.6414372,2.366653,0.7575423,0.6835033,2.44266,0.6003762,0.5104693,2.455445,0.4456438,0.4162426,2.549143,0.8102376,1.009799,2.592078
72057594037937085,0,0.8235456,5986.354,0.7378354,0.6876389,2.467702,0.7683483,1.094597,2.604295,0.7112771,0.8894683,2.507686,0.6283988,0.769406,2.493187,0.6529677,0.9020876,2.52344,0.6839529,0.9206183,2.544551,0.8449382,1.009872,2.548033,0.8790889,0.8551049,2.426831,0.751074,0.7562738,2.367885,0.7690525,0.7338627,2.358846,0.7023748,0.682871,2.444609,0.7065196,0.4511011,2.401843,0.778425,0.6414372,2.366653,0.7575423,0.6835033,2.44266,0.6003762,0.5104693,2.455445,0.4456438,0.4162426,2.549143,0.8102376,1.009799,2.592078
72057594037937085,0,0.8235456,5986.359,0.7378354,0.6876389,2.467702,0.7683483,1.094597,2.604295,0.7112771,0.8894683,2.507686,0.6283988,0.769406,2.493187,0.6529677,0.9020876,2.52344,0.6839529,0.9206183,2.544551,0.8449382,1.009872,2.548033,0.8790889,0.8551049,2.426831,0.751074,0.7562738,2.367885,0.7690525,0.7338627,2.358846,0.7023748,0.682871,2.444609,0.7065196,0.4511011,2.401843,0.778425,0.6414372,2.366653,0.7575423,0.6835033,2.44266,0.6003762,0.5104693,2.455445,0.4456438,0.4162426,2.549143,0.8102376,1.009799,2.592078
72057594037937085,0,0.8235456,5986.363,0.7378354,0.6876389,2.467702,0.7683483,1.094597,2.604295,0.7112771,0.8894683,2.507686,0.6283988,0.769406,2.493187,0.6529677,0.9020876,2.52344,0.6839529,0.9206183,2.544551,0.8449382,1.009872,2.548033,0.8790889,0.8551049,2.426831,0.751074,0.7562738,2.367885,0.7690525,0.7338627,2.358846,0.7023748,0.682871,2.444609,0.7065196,0.4511011,2.401843,0.778425,0.6414372,2.366653,0.7575423,0.6835033,2.44266,0.6003762,0.5104693,2.455445,0.4456438,0.4162426,2.549143,0.8102376,1.009799,2.592078
72057594037937085,0,0.8235456,5986.368,0.7378354,0.6876389,2.467702,0.7683483,1.094597,2.604295,0.7112771,0.8894683,2.507686,0.6283988,0.769406,2.493187,0.6529677,0.9020876,2.52344,0.6839529,0.9206183,2.544551,0.8449382,1.009872,2.548033,0.8790889,0.8551049,2.426831,0.751074,0.7562738,2.367885,0.7690525,0.7338627,2.358846,0.7023748,0.682871,2.444609,0.7065196,0.4511011,2.401843,0.778425,0.6414372,2.366653,0.7575423,0.6835033,2.44266,0.6003762,0.5104693,2.455445,0.4456438,0.4162426,2.549143,0.8102376,1.009799,2.592078
72057594037937085,0,0.8125988,5986.372,0.7199118,0.6618945,2.470978,0.8442073,0.9510728,2.501469,0.7062455,0.883565,2.507693,0.6246619,0.7630531,2.494861,0.651927,0.8957717,2.52306,0.6729106,0.918864,2.554069,0.8937244,0.7932115,2.362443,0.9344347,0.657395,2.335099,0.7666757,0.7473043,2.364573,0.722151,0.7718693,2.393254,0.6816279,0.6700763,2.435599,0.7279084,0.4438983,2.402337,0.8174774,0.6201391,2.339761,0.743605,0.6395277,2.465564,0.5331665,0.5427836,2.491142,0.3786254,0.4484358,2.584799,0.8021719,0.8295863,2.431374
72057594037937085,0,0.8125988,5986.377,0.7199118,0.6618945,2.470978,0.8442073,0.9510728,2.501469,0.7062455,0.883565,2.507693,0.6246619,0.7630531,2.494861,0.651927,0.8957717,2.52306,0.6729106,0.918864,2.554069,0.8937244,0.7932115,2.362443,0.9344347,0.657395,2.335099,0.7666757,0.7473043,2.364573,0.722151,0.7718693,2.393254,0.6816279,0.6700763,2.435599,0.7279084,0.4438983,2.402337,0.8174774,0.6201391,2.339761,0.743605,0.6395277,2.465564,0.5331665,0.5427836,2.491142,0.3786254,0.4484358,2.584799,0.8021719,0.8295863,2.431374
72057594037937085,0,0.8125988,5986.381,0.7199118,0.6618945,2.470978,0.8442073,0.9510728,2.501469,0.7062455,0.883565,2.507693,0.6246619,0.7630531,2.494861,0.651927,0.8957717,2.52306,0.6729106,0.918864,2.554069,0.8937244,0.7932115,2.362443,0.9344347,0.657395,2.335099,0.7666757,0.7473043,2.364573,0.722151,0.7718693,2.393254,0.6816279,0.6700763,2.435599,0.7279084,0.4438983,2.402337,0.8174774,0.6201391,2.339761,0.743605,0.6395277,2.465564,0.5331665,0.5427836,2.491142,0.3786254,0.4484358,2.584799,0.8021719,0.8295863,2.431374
72057594037937085,0,0.8125988,5986.386,0.7199118,0.6618945,2.470978,0.8442073,0.9510728,2.501469,0.7062455,0.883565,2.507693,0.6246619,0.7630531,2.494861,0.651927,0.8957717,2.52306,0.6729106,0.918864,2.554069,0.8937244,0.7932115,2.362443,0.9344347,0.657395,2.335099,0.7666757,0.7473043,2.364573,0.722151,0.7718693,2.393254,0.6816279,0.6700763,2.435599,0.7279084,0.4438983,2.402337,0.8174774,0.6201391,2.339761,0.743605,0.6395277,2.465564,0.5331665,0.5427836,2.491142,0.3786254,0.4484358,2.584799,0.8021719,0.8295863,2.431374
72057594037937085,0,0.8125988,5986.39,0.7199118,0.6618945,2.470978,0.8442073,0.9510728,2.501469,0.7062455,0.883565,2.507693,0.6246619,0.7630531,2.494861,0.651927,0.8957717,2.52306,0.6729106,0.918864,2.554069,0.8937244,0.7932115,2.362443,0.9344347,0.657395,2.335099,0.7666757,0.7473043,2.364573,0.722151,0.7718693,2.393254,0.6816279,0.6700763,2.435599,0.7279084,0.4438983,2.402337,0.8174774,0.6201391,2.339761,0.743605,0.6395277,2.465564,0.5331665,0.5427836,2.491142,0.3786254,0.4484358,2.584799,0.8021719,0.8295863,2.431374
72057594037937085,0,0.8125988,5986.395,0.7199118,0.6618945,2.470978,0.8442073,0.9510728,2.501469,0.7062455,0.883565,2.507693,0.6246619,0.7630531,2.494861,0.651927,0.8957717,2.52306,0.6729106,0.918864,2.554069,0.8937244,0.7932115,2.362443,0.9344347,0.657395,2.335099,0.7666757,0.7473043,2.364573,0.722151,0.7718693,2.393254,0.6816279,0.6700763,2.435599,0.7279084,0.4438983,2.402337,0.8174774,0.6201391,2.339761,0.743605,0.6395277,2.465564,0.5331665,0.5427836,2.491142,0.3786254,0.4484358,2.584799,0.8021719,0.8295863,2.431374
72057594037937085,0,0.8125988,5986.399,0.7199118,0.6618945,2.470978,0.8442073,0.9510728,2.501469,0.7062455,0.883565,2.507693,0.6246619,0.7630531,2.494861,0.651927,0.8957717,2.52306,0.6729106,0.918864,2.554069,0.8937244,0.7932115,2.362443,0.9344347,0.657395,2.335099,0.7666757,0.7473043,2.364573,0.722151,0.7718693,2.393254,0.6816279,0.6700763,2.435599,0.7279084,0.4438983,2.402337,0.8174774,0.6201391,2.339761,0.743605,0.6395277,2.465564,0.5331665,0.5427836,2.491142,0.3786254,0.4484358,2.584799,0.8021719,0.8295863,2.431374
72057594037937085,0,0.8163553,5986.405,0.7224648,0.6592782,2.468711,0.8492578,0.9505364,2.501376,0.7077892,0.8848394,2.50788,0.6254423,0.7648087,2.497726,0.6546338,0.8946576,2.533852,0.679538,0.915287,2.551067,0.8935878,0.7926524,2.362661,0.9366676,0.6592655,2.325448,0.771787,0.7514254,2.361559,0.72874,0.7761798,2.390952,0.6848422,0.6677642,2.432665,0.7262233,0.4404456,2.405101,0.8172169,0.6156338,2.341314,0.7461281,0.6391351,2.462234,0.530944,0.5398123,2.448014,0.3763163,0.4454255,2.541711,0.8017966,0.8298063,2.431968
72057594037937085,0,0.8163553,5986.41,0.7224648,0.6592782,2.468711,0.8492578,0.9505364,2.501376,0.7077892,0.8848394,2.50788,0.6254423,0.7648087,2.497726,0.6546338,0.8946576,2.533852,0.679538,0.915287,2.551067,0.8935878,0.7926524,2.362661,0.9366676,0.6592655,2.325448,0.771787,0.7514254,2.361559,0.72874,0.7761798,2.390952,0.6848422,0.6677642,2.432665,0.7262233,0.4404456,2.405101,0.8172169,0.6156338,2.341314,0.7461281,0.6391351,2.462234,0.530944,0.5398123,2.448014,0.3763163,0.4454255,2.541711,0.8017966,0.8298063,2.431968
72057594037937085,0,0.8163553,5986.414,0.7224648,0.6592782,2.468711,0.8492578,0.9505364,2.501376,0.7077892,0.8848394,2.50788,0.6254423,0.7648087,2.497726,0.6546338,0.8946576,2.533852,0.679538,0.915287,2.551067,0.8935878,0.7926524,2.362661,0.9366676,0.6592655,2.325448,0.771787,0.7514254,2.361559,0.72874,0.7761798,2.390952,0.6848422,0.6677642,2.432665,0.7262233,0.4404456,2.405101,0.8172169,0.6156338,2.341314,0.7461281,0.6391351,2.462234,0.530944,0.5398123,2.448014,0.3763163,0.4454255,2.541711,0.8017966,0.8298063,2.431968
72057594037937085,0,0.8163553,5986.419,0.7224648,0.6592782,2.468711,0.8492578,0.9505364,2.501376,0.7077892,0.8848394,2.50788,0.6254423,0.7648087,2.497726,0.6546338,0.8946576,2.533852,0.679538,0.915287,2.551067,0.8935878,0.7926524,2.362661,0.9366676,0.6592655,2.325448,0.771787,0.7514254,2.361559,0.72874,0.7761798,2.390952,0.6848422,0.6677642,2.432665,0.7262233,0.4404456,2.405101,0.8172169,0.6156338,2.341314,0.7461281,0.6391351,2.462234,0.530944,0.5398123,2.448014,0.3763163,0.4454255,2.541711,0.8017966,0.8298063,2.431968
72057594037937085,0,0.8163553,5986.423,0.7224648,0.6592782,2.468711,0.8492578,0.9505364,2.501376,0.7077892,0.8848394,2.50788,0.6254423,0.7648087,2.497726,0.6546338,0.8946576,2.533852,0.679538,0.915287,2.551067,0.8935878,0.7926524,2.362661,0.9366676,0.6592655,2.325448,0.771787,0.7514254,2.361559,0.72874,0.7761798,2.390952,0.6848422,0.6677642,2.432665,0.7262233,0.4404456,2.405101,0.8172169,0.6156338,2.341314,0.7461281,0.6391351,2.462234,0.530944,0.5398123,2.448014,0.3763163,0.4454255,2.541711,0.8017966,0.8298063,2.431968
72057594037937085,0,0.8163553,5986.428,0.7224648,0.6592782,2.468711,0.8492578,0.9505364,2.501376,0.7077892,0.8848394,2.50788,0.6254423,0.7648087,2.497726,0.6546338,0.8946576,2.533852,0.679538,0.915287,2.551067,0.8935878,0.7926524,2.362661,0.9366676,0.6592655,2.325448,0.771787,0.7514254,2.361559,0.72874,0.7761798,2.390952,0.6848422,0.6677642,2.432665,0.7262233,0.4404456,2.405101,0.8172169,0.6156338,2.341314,0.7461281,0.6391351,2.462234,0.530944,0.5398123,2.448014,0.3763163,0.4454255,2.541711,0.8017966,0.8298063,2.431968
72057594037937085,0,0.8163553,5986.433,0.7224648,0.6592782,2.468711,0.8492578,0.9505364,2.501376,0.7077892,0.8848394,2.50788,0.6254423,0.7648087,2.497726,0.6546338,0.8946576,2.533852,0.679538,0.915287,2.551067,0.8935878,0.7926524,2.362661,0.9366676,0.6592655,2.325448,0.771787,0.7514254,2.361559,0.72874,0.7761798,2.390952,0.6848422,0.6677642,2.432665,0.7262233,0.4404456,2.405101,0.8172169,0.6156338,2.341314,0.7461281,0.6391351,2.462234,0.530944,0.5398123,2.448014,0.3763163,0.4454255,2.541711,0.8017966,0.8298063,2.431968
72057594037937085,0,0.8246961,5986.438,0.7293872,0.6562238,2.4649,0.8496547,0.9486522,2.500148,0.7158087,0.8835729,2.502644,0.6251881,0.7697566,2.499164,0.6546377,0.8990788,2.536594,0.6851168,0.9202403,2.567153,0.8941615,0.7912918,2.361813,0.9312404,0.6552726,2.328101,0.7677908,0.7503228,2.363189,0.7269036,0.774898,2.390756,0.6923757,0.664878,2.428921,0.7225559,0.4356444,2.407859,0.8032162,0.619633,2.357578,0.7531645,0.6385561,2.456601,0.6293421,0.4403478,2.403838,0.4743706,0.3462748,2.497627,0.8028697,0.8280555,2.430761
72057594037937085,0,0.8246961,5986.442,0.7293872,0.6562238,2.4649,0.8496547,0.9486522,2.500148,0.7158087,0.8835729,2.502644,0.6251881,0.7697566,2.499164,0.6546377,0.8990788,2.536594,0.6851168,0.9202403,2.567153,0.8941615,0.7912918,2.361813,0.9312404,0.6552726,2.328101,0.7677908,0.7503228,2.363189,0.7269036,0.774898,2.390756,0.6923757,0.664878,2.428921,0.7225559,0.4356444,2.407859,0.8032162,0.619633,2.357578,0.7531645,0.6385561,2.456601,0.6293421,0.4403478,2.403838,0.4743706,0.3462748,2.497627,0.8028697,0.8280555,2.430761
72057594037937085,0,0.8246961,5986.447,0.7293872,0.6562238,2.4649,0.8496547,0.9486522,2.500148,0.7158087,0.8835729,2.502644,0.6251881,0.7697566,2.499164,0.6546377,0.8990788,2.536594,0.6851168,0.9202403,2.567153,0.8941615,0.7912918,2.361813,0.9312404,0.6552726,2.328101,0.7677908,0.7503228,2.363189,0.7269036,0.774898,2.390756,0.6923757,0.664878,2.428921,0.7225559,0.4356444,2.407859,0.8032162,0.619633,2.357578,0.7531645,0.6385561,2.456601,0.6293421,0.4403478,2.403838,0.4743706,0.3462748,2.497627,0.8028697,0.8280555,2.430761
72057594037937085,0,0.8246961,5986.452,0.7293872,0.6562238,2.4649,0.8496547,0.9486522,2.500148,0.7158087,0.8835729,2.502644,0.6251881,0.7697566,2.499164,0.6546377,0.8990788,2.536594,0.6851168,0.9202403,2.567153,0.8941615,0.7912918,2.361813,0.9312404,0.6552726,2.328101,0.7677908,0.7503228,2.363189,0.7269036,0.774898,2.390756,0.6923757,0.664878,2.428921,0.7225559,0.4356444,2.407859,0.8032162,0.619633,2.357578,0.7531645,0.6385561,2.456601,0.6293421,0.4403478,2.403838,0.4743706,0.3462748,2.497627,0.8028697,0.8280555,2.430761
72057594037937085,0,0.8246961,5986.457,0.7293872,0.6562238,2.4649,0.8496547,0.9486522,2.500148,0.7158087,0.8835729,2.502644,0.6251881,0.7697566,2.499164,0.6546377,0.8990788,2.536594,0.6851168,0.9202403,2.567153,0.8941615,0.7912918,2.361813,0.9312404,0.6552726,2.328101,0.7677908,0.7503228,2.363189,0.7269036,0.774898,2.390756,0.6923757,0.664878,2.428921,0.7225559,0.4356444,2.407859,0.8032162,0.619633,2.357578,0.7531645,0.6385561,2.456601,0.6293421,0.4403478,2.403838,0.4743706,0.3462748,2.497627,0.8028697,0.8280555,2.430761
72057594037937085,0,0.8246961,5986.461,0.7293872,0.6562238,2.4649,0.8496547,0.9486522,2.500148,0.7158087,0.8835729,2.502644,0.6251881,0.7697566,2.499164,0.6546377,0.8990788,2.536594,0.6851168,0.9202403,2.567153,0.8941615,0.7912918,2.361813,0.9312404,0.6552726,2.328101,0.7677908,0.7503228,2.363189,0.7269036,0.774898,2.390756,0.6923757,0.664878,2.428921,0.7225559,0.4356444,2.407859,0.8032162,0.619633,2.357578,0.7531645,0.6385561,2.456601,0.6293421,0.4403478,2.403838,0.4743706,0.3462748,2.497627,0.8028697,0.8280555,2.430761
72057594037937085,0,0.8246961,5986.465,0.7293872,0.6562238,2.4649,0.8496547,0.9486522,2.500148,0.7158087,0.8835729,2.502644,0.6251881,0.7697566,2.499164,0.6546377,0.8990788,2.536594,0.6851168,0.9202403,2.567153,0.8941615,0.7912918,2.361813,0.9312404,0.6552726,2.328101,0.7677908,0.7503228,2.363189,0.7269036,0.774898,2.390756,0.6923757,0.664878,2.428921,0.7225559,0.4356444,2.407859,0.8032162,0.619633,2.357578,0.7531645,0.6385561,2.456601,0.6293421,0.4403478,2.403838,0.4743706,0.3462748,2.497627,0.8028697,0.8280555,2.430761
72057594037937085,0,0.8214162,5986.47,0.7268858,0.656364,2.467895,0.8494278,0.9503522,2.501591,0.7141247,0.8829247,2.504435,0.626121,0.7671295,2.501385,0.6555644,0.8958529,2.540513,0.6811295,0.9164565,2.565476,0.8851277,0.8109053,2.370183,0.9260066,0.6784564,2.325293,0.7555415,0.7575445,2.365782,0.7165559,0.7751207,2.396236,0.6893187,0.664793,2.430974,0.7256339,0.4368693,2.405927,0.7903177,0.6303906,2.374791,0.7512982,0.6401242,2.460125,0.5708106,0.4894633,2.459884,0.4161792,0.3953104,2.553531,0.8035726,0.8295713,2.431627
72057594037937085,0,0.8214162,5986.475,0.7268858,0.656364,2.467895,0.8494278,0.9503522,2.501591,0.7141247,0.8829247,2.504435,0.626121,0.7671295,2.501385,0.6555644,0.8958529,2.540513,0.6811295,0.9164565,2.565476,0.8851277,0.8109053,2.370183,0.9260066,0.6784564,2.325293,0.7555415,0.7575445,2.365782,0.7165559,0.7751207,2.396236,0.6893187,0.664793,2.430974,0.7256339,0.4368693,2.405927,0.7903177,0.6303906,2.374791,0.7512982,0.6401242,2.460125,0.5708106,0.4894633,2.459884,0.4161792,0.3953104,2.553531,0.8035726,0.8295713,2.431627
72057594037937085,0,0.8214162,5986.479,0.7268858,0.656364,2.467895,0.8494278,0.9503522,2.501591,0.7141247,0.8829247,2.504435,0.626121,0.7671295,2.501385,0.6555644,0.8958529,2.540513,0.6811295,0.9164565,2.565476,0.8851277,0.8109053,2.370183,0.9260066,0.6784564,2.325293,0.7555415,0.7575445,2.365782,0.7165559,0.7751207,2.396236,0.6893187,0.664793,2.430974,0.7256339,0.4368693,2.405927,0.7903177,0.6303906,2.374791,0.7512982,0.6401242,2.460125,0.5708106,0.4894633,2.459884,0.4161792,0.3953104,2.553531,0.8035726,0.8295713,2.431627
72057594037937085,0,0.8214162,5986.483,0.7268858,0.656364,2.467895,0.8494278,0.9503522,2.501591,0.7141247,0.8829247,2.504435,0.626121,0.7671295,2.501385,0.6555644,0.8958529,2.540513,0.6811295,0.9164565,2.565476,0.8851277,0.8109053,2.370183,0.9260066,0.6784564,2.325293,0.7555415,0.7575445,2.365782,0.7165559,0.7751207,2.396236,0.6893187,0.664793,2.430974,0.7256339,0.4368693,2.405927,0.7903177,0.6303906,2.374791,0.7512982,0.6401242,2.460125,0.5708106,0.4894633,2.459884,0.4161792,0.3953104,2.553531,0.8035726,0.8295713,2.431627
72057594037937085,0,0.8214162,5986.488,0.7268858,0.656364,2.467895,0.8494278,0.9503522,2.501591,0.7141247,0.8829247,2.504435,0.626121,0.7671295,2.501385,0.6555644,0.8958529,2.540513,0.6811295,0.9164565,2.565476,0.8851277,0.8109053,2.370183,0.9260066,0.6784564,2.325293,0.7555415,0.7575445,2.365782,0.7165559,0.7751207,2.396236,0.6893187,0.664793,2.430974,0.7256339,0.4368693,2.405927,0.7903177,0.6303906,2.374791,0.7512982,0.6401242,2.460125,0.5708106,0.4894633,2.459884,0.4161792,0.3953104,2.553531,0.8035726,0.8295713,2.431627
72057594037937085,0,0.8214162,5986.493,0.7268858,0.656364,2.467895,0.8494278,0.9503522,2.501591,0.7141247,0.8829247,2.504435,0.626121,0.7671295,2.501385,0.6555644,0.8958529,2.540513,0.6811295,0.9164565,2.565476,0.8851277,0.8109053,2.370183,0.9260066,0.6784564,2.325293,0.7555415,0.7575445,2.365782,0.7165559,0.7751207,2.396236,0.6893187,0.664793,2.430974,0.7256339,0.4368693,2.405927,0.7903177,0.6303906,2.374791,0.7512982,0.6401242,2.460125,0.5708106,0.4894633,2.459884,0.4161792,0.3953104,2.553531,0.8035726,0.8295713,2.431627
72057594037937085,0,0.8214162,5986.497,0.7268858,0.656364,2.467895,0.8494278,0.9503522,2.501591,0.7141247,0.8829247,2.504435,0.626121,0.7671295,2.501385,0.6555644,0.8958529,2.540513,0.6811295,0.9164565,2.565476,0.8851277,0.8109053,2.370183,0.9260066,0.6784564,2.325293,0.7555415,0.7575445,2.365782,0.7165559,0.7751207,2.396236,0.6893187,0.664793,2.430974,0.7256339,0.4368693,2.405927,0.7903177,0.6303906,2.374791,0.7512982,0.6401242,2.460125,0.5708106,0.4894633,2.459884,0.4161792,0.3953104,2.553531,0.8035726,0.8295713,2.431627
72057594037937085,0,0.8213891,5986.501,0.7268466,0.6563741,2.46786,0.8495865,0.9474617,2.500213,0.7137712,0.8837572,2.505962,0.6146622,0.7777467,2.508403,0.6631774,0.9014535,2.544379,0.681815,0.9197252,2.55757,0.8846012,0.8109164,2.370194,0.9206278,0.676568,2.32664,0.750694,0.7566926,2.367193,0.7129304,0.7741984,2.40203,0.6890666,0.6648428,2.430659,0.7249798,0.437102,2.406474,0.7828523,0.633288,2.380821,0.7513258,0.6402924,2.460121,0.5715176,0.4890485,2.458781,0.416977,0.394954,2.552368,0.8040345,0.8274041,2.430692
72057594037937085,0,0.8213891,5986.506,0.7268466,0.6563741,2.46786,0.8495865,0.9474617,2.500213,0.7137712,0.8837572,2.505962,0.6146622,0.7777467,2.508403,0.6631774,0.9014535,2.544379,0.681815,0.9197252,2.55757,0.8846012,0.8109164,2.370194,0.9206278,0.676568,2.32664,0.750694,0.7566926,2.367193,0.7129304,0.7741984,2.40203,0.6890666,0.6648428,2.430659,0.7249798,0.437102,2.406474,0.7828523,0.633288,2.380821,0.7513258,0.6402924,2.460121,0.5715176,0.4890485,2.458781,0.416977,0.394954,2.552368,0.8040345,0.8274041,2.430692
72057594037937085,0,0.8213891,5986.511,0.7268466,0.6563741,2.46786,0.8495865,0.9474617,2.500213,0.7137712,0.8837572,2.505962,0.6146622,0.7777467,2.508403,0.6631774,0.9014535,2.544379,0.681815,0.9197252,2.55757,0.8846012,0.8109164,2.370194,0.9206278,0.676568,2.32664,0.750694,0.7566926,2.367193,0.7129304,0.7741984,2.40203,0.6890666,0.6648428,2.430659,0.7249798,0.437102,2.406474,0.7828523,0.633288,2.380821,0.7513258,0.6402924,2.460121,0.5715176,0.4890485,2.458781,0.416977,0.394954,2.552368,0.8040345,0.8274041,2.430692
72057594037937085,0,0.8213891,5986.515,0.7268466,0.6563741,2.46786,0.8495865,0.9474617,2.500213,0.7137712,0.8837572,2.505962,0.6146622,0.7777467,2.508403,0.6631774,0.9014535,2.544379,0.681815,0.9197252,2.55757,0.8846012,0.8109164,2.370194,0.9206278,0.676568,2.32664,0.750694,0.7566926,2.367193,0.7129304,0.7741984,2.40203,0.6890666,0.6648428,2.430659,0.7249798,0.437102,2.406474,0.7828523,0.633288,2.380821,0.7513258,0.6402924,2.460121,0.5715176,0.4890485,2.458781,0.416977,0.394954,2.552368,0.8040345,0.8274041,2.430692
72057594037937085,0,0.8213891,5986.52,0.7268466,0.6563741,2.46786,0.8495865,0.9474617,2.500213,0.7137712,0.8837572,2.505962,0.6146622,0.7777467,2.508403,0.6631774,0.9014535,2.544379,0.681815,0.9197252,2.55757,0.8846012,0.8109164,2.370194,0.9206278,0.676568,2.32664,0.750694,0.7566926,2.367193,0.7129304,0.7741984,2.40203,0.6890666,0.6648428,2.430659,0.7249798,0.437102,2.406474,0.7828523,0.633288,2.380821,0.7513258,0.6402924,2.460121,0.5715176,0.4890485,2.458781,0.416977,0.394954,2.552368,0.8040345,0.8274041,2.430692
72057594037937085,0,0.8213891,5986.524,0.7268466,0.6563741,2.46786,0.8495865,0.9474617,2.500213,0.7137712,0.8837572,2.505962,0.6146622,0.7777467,2.508403,0.6631774,0.9014535,2.544379,0.681815,0.9197252,2.55757,0.8846012,0.8109164,2.370194,0.9206278,0.676568,2.32664,0.750694,0.7566926,2.367193,0.7129304,0.7741984,2.40203,0.6890666,0.6648428,2.430659,0.7249798,0.437102,2.406474,0.7828523,0.633288,2.380821,0.7513258,0.6402924,2.460121,0.5715176,0.4890485,2.458781,0.416977,0.394954,2.552368,0.8040345,0.8274041,2.430692
72057594037937085,0,0.8213891,5986.529,0.7268466,0.6563741,2.46786,0.8495865,0.9474617,2.500213,0.7137712,0.8837572,2.505962,0.6146622,0.7777467,2.508403,0.6631774,0.9014535,2.544379,0.681815,0.9197252,2.55757,0.8846012,0.8109164,2.370194,0.9206278,0.676568,2.32664,0.750694,0.7566926,2.367193,0.7129304,0.7741984,2.40203,0.6890666,0.6648428,2.430659,0.7249798,0.437102,2.406474,0.7828523,0.633288,2.380821,0.7513258,0.6402924,2.460121,0.5715176,0.4890485,2.458781,0.416977,0.394954,2.552368,0.8040345,0.8274041,2.430692
72057594037937085,0,0.8213891,5986.534,0.7268466,0.6563741,2.46786,0.8495865,0.9474617,2.500213,0.7137712,0.8837572,2.505962,0.6146622,0.7777467,2.508403,0.6631774,0.9014535,2.544379,0.681815,0.9197252,2.55757,0.8846012,0.8109164,2.370194,0.9206278,0.676568,2.32664,0.750694,0.7566926,2.367193,0.7129304,0.7741984,2.40203,0.6890666,0.6648428,2.430659,0.7249798,0.437102,2.406474,0.7828523,0.633288,2.380821,0.7513258,0.6402924,2.460121,0.5715176,0.4890485,2.458781,0.416977,0.394954,2.552368,0.8040345,0.8274041,2.430692
72057594037937085,0,0.817062,5986.538,0.7231069,0.6583947,2.469062,0.8454858,0.9481292,2.501217,0.7228844,0.8852816,2.49552,0.621457,0.7710462,2.509148,0.661143,0.8985919,2.543326,0.682575,0.9213146,2.564476,0.8856163,0.8119915,2.369863,0.9141026,0.6755422,2.326585,0.7461504,0.7556939,2.367458,0.7082557,0.7702178,2.403351,0.6835381,0.668609,2.43141,0.7274573,0.4424885,2.405717,0.7299269,0.644594,2.435767,0.7489107,0.6417525,2.461316,0.5799935,0.4829153,2.479478,0.425611,0.3889472,2.572959,0.8039536,0.8276605,2.430616
72057594037937085,0,0.817062,5986.542,0.7231069,0.6583947,2.469062,0.8454858,0.9481292,2.501217,0.7228844,0.8852816,2.49552,0.621457,0.7710462,2.509148,0.661143,0.8985919,2.543326,0.682575,0.9213146,2.564476,0.8856163,0.8119915,2.369863,0.9141026,0.6755422,2.326585,0.7461504,0.7556939,2.367458,0.7082557,0.7702178,2.403351,0.6835381,0.668609,2.43141,0.7274573,0.4424885,2.405717,0.7299269,0.644594,2.435767,0.7489107,0.6417525,2.461316,0.5799935,0.4829153,2.479478,0.425611,0.3889472,2.572959,0.8039536,0.8276605,2.430616
72057594037937085,0,0.817062,5986.547,0.7231069,0.6583947,2.469062,0.8454858,0.9481292,2.501217,0.7228844,0.8852816,2.49552,0.621457,0.7710462,2.509148,0.661143,0.8985919,2.543326,0.682575,0.9213146,2.564476,0.8856163,0.8119915,2.369863,0.9141026,0.6755422,2.326585,0.7461504,0.7556939,2.367458,0.7082557,0.7702178,2.403351,0.6835381,0.668609,2.43141,0.7274573,0.4424885,2.405717,0.7299269,0.644594,2.435767,0.7489107,0.6417525,2.461316,0.5799935,0.4829153,2.479478,0.425611,0.3889472,2.572959,0.8039536,0.8276605,2.430616
72057594037937085,0,0.817062,5986.551,0.7231069,0.6583947,2.469062,0.8454858,0.9481292,2.501217,0.7228844,0.8852816,2.49552,0.621457,0.7710462,2.509148,0.661143,0.8985919,2.543326,0.682575,0.9213146,2.564476,0.8856163,0.8119915,2.369863,0.9141026,0.6755422,2.326585,0.7461504,0.7556939,2.367458,0.7082557,0.7702178,2.403351,0.6835381,0.668609,2.43141,0.7274573,0.4424885,2.405717,0.7299269,0.644594,2.435767,0.7489107,0.6417525,2.461316,0.5799935,0.4829153,2.479478,0.425611,0.3889472,2.572959,0.8039536,0.8276605,2.430616
72057594037937085,0,0.817062,5986.556,0.7231069,0.6583947,2.469062,0.8454858,0.9481292,2.501217,0.7228844,0.8852816,2.49552,0.621457,0.7710462,2.509148,0.661143,0.8985919,2.543326,0.682575,0.9213146,2.564476,0.8856163,0.8119915,2.369863,0.9141026,0.6755422,2.326585,0.7461504,0.7556939,2.367458,0.7082557,0.7702178,2.403351,0.6835381,0.668609,2.43141,0.7274573,0.4424885,2.405717,0.7299269,0.644594,2.435767,0.7489107,0.6417525,2.461316,0.5799935,0.4829153,2.479478,0.425611,0.3889472,2.572959,0.8039536,0.8276605,2.430616
72057594037937085,0,0.817062,5986.561,0.7231069,0.6583947,2.469062,0.8454858,0.9481292,2.501217,0.7228844,0.8852816,2.49552,0.621457,0.7710462,2.509148,0.661143,0.8985919,2.543326,0.682575,0.9213146,2.564476,0.8856163,0.8119915,2.369863,0.9141026,0.6755422,2.326585,0.7461504,0.7556939,2.367458,0.7082557,0.7702178,2.403351,0.6835381,0.668609,2.43141,0.7274573,0.4424885,2.405717,0.7299269,0.644594,2.435767,0.7489107,0.6417525,2.461316,0.5799935,0.4829153,2.479478,0.425611,0.3889472,2.572959,0.8039536,0.8276605,2.430616
72057594037937085,0,0.817062,5986.565,0.7231069,0.6583947,2.469062,0.8454858,0.9481292,2.501217,0.7228844,0.8852816,2.49552,0.621457,0.7710462,2.509148,0.661143,0.8985919,2.543326,0.682575,0.9213146,2.564476,0.8856163,0.8119915,2.369863,0.9141026,0.6755422,2.326585,0.7461504,0.7556939,2.367458,0.7082557,0.7702178,2.403351,0.6835381,0.668609,2.43141,0.7274573,0.4424885,2.405717,0.7299269,0.644594,2.435767,0.7489107,0.6417525,2.461316,0.5799935,0.4829153,2.479478,0.425611,0.3889472,2.572959,0.8039536,0.8276605,2.430616
72057594037937085,0,0.8115132,5986.57,0.7176151,0.656284,2.472616,0.8447668,0.9478679,2.500804,0.7398694,0.8754921,2.479044,0.6208079,0.7697872,2.508718,0.6731787,0.9255153,2.563254,0.6975162,0.9367698,2.57721,0.8856487,0.8123119,2.369816,0.891251,0.6727108,2.325212,0.7247596,0.748866,2.381336,0.6915554,0.7679026,2.418506,0.6779471,0.6660446,2.435759,0.7290965,0.4418441,2.402273,0.731299,0.6433578,2.433797,0.744234,0.6406728,2.46367,0.5765126,0.4807368,2.482048,0.4223731,0.3869177,2.575372,0.8038536,0.8273919,2.430289
72057594037937085,0,0.8115132,5986.574,0.7176151,0.656284,2.472616,0.8447668,0.9478679,2.500804,0.7398694,0.8754921,2.479044,0.6208079,0.7697872,2.508718,0.6731787,0.9255153,2.563254,0.6975162,0.9367698,2.57721,0.8856487,0.8123119,2.369816,0.891251,0.6727108,2.325212,0.7247596,0.748866,2.381336,0.6915554,0.7679026,2.418506,0.6779471,0.6660446,2.435759,0.7290965,0.4418441,2.402273,0.731299,0.6433578,2.433797,0.744234,0.6406728,2.46367,0.5765126,0.4807368,2.482048,0.4223731,0.3869177,2.575372,0.8038536,0.8273919,2.430289
72057594037937085,0,0.8115132,5986.579,0.7176151,0.656284,2.472616,0.8447668,0.9478679,2.500804,0.7398694,0.8754921,2.479044,0.6208079,0.7697872,2.508718,0.6731787,0.9255153,2.563254,0.6975162,0.9367698,2.57721,0.8856487,0.8123119,2.369816,0.891251,0.6727108,2.325212,0.7247596,0.748866,2.381336,0.6915554,0.7679026,2.418506,0.6779471,0.6660446,2.435759,0.7290965,0.4418441,2.402273,0.731299,0.6433578,2.433797,0.744234,0.6406728,2.46367,0.5765126,0.4807368,2.482048,0.4223731,0.3869177,2.575372,0.8038536,0.8273919,2.430289
72057594037937085,0,0.8115132,5986.583,0.7176151,0.656284,2.472616,0.8447668,0.9478679,2.500804,0.7398694,0.8754921,2.479044,0.6208079,0.7697872,2.508718,0.6731787,0.9255153,2.563254,0.6975162,0.9367698,2.57721,0.8856487,0.8123119,2.369816,0.891251,0.6727108,2.325212,0.7247596,0.748866,2.381336,0.6915554,0.7679026,2.418506,0.6779471,0.6660446,2.435759,0.7290965,0.4418441,2.402273,0.731299,0.6433578,2.433797,0.744234,0.6406728,2.46367,0.5765126,0.4807368,2.482048,0.4223731,0.3869177,2.575372,0.8038536,0.8273919,2.430289
72057594037937085,0,0.8115132,5986.588,0.7176151,0.656284,2.472616,0.8447668,0.9478679,2.500804,0.7398694,0.8754921,2.479044,0.6208079,0.7697872,2.508718,0.6731787,0.9255153,2.563254,0.6975162,0.9367698,2.57721,0.8856487,0.8123119,2.369816,0.891251,0.6727108,2.325212,0.7247596,0.748866,2.381336,0.6915554,0.7679026,2.418506,0.6779471,0.6660446,2.435759,0.7290965,0.4418441,2.402273,0.731299,0.6433578,2.433797,0.744234,0.6406728,2.46367,0.5765126,0.4807368,2.482048,0.4223731,0.3869177,2.575372,0.8038536,0.8273919,2.430289
72057594037937085,0,0.8115132,5986.592,0.7176151,0.656284,2.472616,0.8447668,0.9478679,2.500804,0.7398694,0.8754921,2.479044,0.6208079,0.7697872,2.508718,0.6731787,0.9255153,2.563254,0.6975162,0.9367698,2.57721,0.8856487,0.8123119,2.369816,0.891251,0.6727108,2.325212,0.7247596,0.748866,2.381336,0.6915554,0.7679026,2.418506,0.6779471,0.6660446,2.435759,0.7290965,0.4418441,2.402273,0.731299,0.6433578,2.433797,0.744234,0.6406728,2.46367,0.5765126,0.4807368,2.482048,0.4223731,0.3869177,2.575372,0.8038536,0.8273919,2.430289
72057594037937085,0,0.8115132,5986.597,0.7176151,0.656284,2.472616,0.8447668,0.9478679,2.500804,0.7398694,0.8754921,2.479044,0.6208079,0.7697872,2.508718,0.6731787,0.9255153,2.563254,0.6975162,0.9367698,2.57721,0.8856487,0.8123119,2.369816,0.891251,0.6727108,2.325212,0.7247596,0.748866,2.381336,0.6915554,0.7679026,2.418506,0.6779471,0.6660446,2.435759,0.7290965,0.4418441,2.402273,0.731299,0.6433578,2.433797,0.744234,0.6406728,2.46367,0.5765126,0.4807368,2.482048,0.4223731,0.3869177,2.575372,0.8038536,0.8273919,2.430289
72057594037937085,0,0.8115135,5986.602,0.7176678,0.655537,2.473402,0.8400814,0.9487506,2.500639,0.7416319,0.8759468,2.478306,0.6211512,0.7707299,2.509287,0.6747486,0.9290887,2.564956,0.6953892,0.9354555,2.580787,0.884585,0.8137811,2.370688,0.7745979,0.6862421,2.357821,0.5933059,0.7169488,2.411606,0.5336641,0.7274936,2.432021,0.6772391,0.6643383,2.440426,0.7279045,0.4406114,2.399036,0.7458166,0.6442457,2.408729,0.7446443,0.6401707,2.46309,0.565774,0.4976868,2.495367,0.4117053,0.4038329,2.588664,0.8033112,0.827383,2.430394
72057594037937085,0,0.8115135,5986.606,0.7176678,0.655537,2.473402,0.8400814,0.9487506,2.500639,0.7416319,0.8759468,2.478306,0.6211512,0.7707299,2.509287,0.6747486,0.9290887,2.564956,0.6953892,0.9354555,2.580787,0.884585,0.8137811,2.370688,0.7745979,0.6862421,2.357821,0.5933059,0.7169488,2.411606,0.5336641,0.7274936,2.432021,0.6772391,0.6643383,2.440426,0.7279045,0.4406114,2.399036,0.7458166,0.6442457,2.408729,0.7446443,0.6401707,2.46309,0.565774,0.4976868,2.495367,0.4117053,0.4038329,2.588664,0.8033112,0.827383,2.430394
72057594037937085,0,0.8115135,5986.61,0.7176678,0.655537,2.473402,0.8400814,0.9487506,2.500639,0.7416319,0.8759468,2.478306,0.6211512,0.7707299,2.509287,0.6747486,0.9290887,2.564956,0.6953892,0.9354555,2.580787,0.884585,0.8137811,2.370688,0.7745979,0.6862421,2.357821,0.5933059,0.7169488,2.411606,0.5336641,0.7274936,2.432021,0.6772391,0.6643383,2.440426,0.7279045,0.4406114,2.399036,0.7458166,0.6442457,2.408729,0.7446443,0.6401707,2.46309,0.565774,0.4976868,2.495367,0.4117053,0.4038329,2.588664,0.8033112,0.827383,2.430394
72057594037937085,0,0.8115135,5986.615,0.7176678,0.655537,2.473402,0.8400814,0.9487506,2.500639,0.7416319,0.8759468,2.478306,0.6211512,0.7707299,2.509287,0.6747486,0.9290887,2.564956,0.6953892,0.9354555,2.580787,0.884585,0.8137811,2.370688,0.7745979,0.6862421,2.357821,0.5933059,0.7169488,2.411606,0.5336641,0.7274936,2.432021,0.6772391,0.6643383,2.440426,0.7279045,0.4406114,2.399036,0.7458166,0.6442457,2.408729,0.7446443,0.6401707,2.46309,0.565774,0.4976868,2.495367,0.4117053,0.4038329,2.588664,0.8033112,0.827383,2.430394
72057594037937085,0,0.8115135,5986.62,0.7176678,0.655537,2.473402,0.8400814,0.9487506,2.500639,0.7416319,0.8759468,2.478306,0.6211512,0.7707299,2.509287,0.6747486,0.9290887,2.564956,0.6953892,0.9354555,2.580787,0.884585,0.8137811,2.370688,0.7745979,0.6862421,2.357821,0.5933059,0.7169488,2.411606,0.5336641,0.7274936,2.432021,0.6772391,0.6643383,2.440426,0.7279045,0.4406114,2.399036,0.7458166,0.6442457,2.408729,0.7446443,0.6401707,2.46309,0.565774,0.4976868,2.495367,0.4117053,0.4038329,2.588664,0.8033112,0.827383,2.430394
72057594037937085,0,0.8115135,5986.625,0.7176678,0.655537,2.473402,0.8400814,0.9487506,2.500639,0.7416319,0.8759468,2.478306,0.6211512,0.7707299,2.509287,0.6747486,0.9290887,2.564956,0.6953892,0.9354555,2.580787,0.884585,0.8137811,2.370688,0.7745979,0.6862421,2.357821,0.5933059,0.7169488,2.411606,0.5336641,0.7274936,2.432021,0.6772391,0.6643383,2.440426,0.7279045,0.4406114,2.399036,0.7458166,0.6442457,2.408729,0.7446443,0.6401707,2.46309,0.565774,0.4976868,2.495367,0.4117053,0.4038329,2.588664,0.8033112,0.827383,2.430394
72057594037937085,0,0.8115135,5986.629,0.7176678,0.655537,2.473402,0.8400814,0.9487506,2.500639,0.7416319,0.8759468,2.478306,0.6211512,0.7707299,2.509287,0.6747486,0.9290887,2.564956,0.6953892,0.9354555,2.580787,0.884585,0.8137811,2.370688,0.7745979,0.6862421,2.357821,0.5933059,0.7169488,2.411606,0.5336641,0.7274936,2.432021,0.6772391,0.6643383,2.440426,0.7279045,0.4406114,2.399036,0.7458166,0.6442457,2.408729,0.7446443,0.6401707,2.46309,0.565774,0.4976868,2.495367,0.4117053,0.4038329,2.588664,0.8033112,0.827383,2.430394
72057594037937085,0,0.8115135,5986.633,0.7176678,0.655537,2.473402,0.8400814,0.9487506,2.500639,0.7416319,0.8759468,2.478306,0.6211512,0.7707299,2.509287,0.6747486,0.9290887,2.564956,0.6953892,0.9354555,2.580787,0.884585,0.8137811,2.370688,0.7745979,0.6862421,2.357821,0.5933059,0.7169488,2.411606,0.5336641,0.7274936,2.432021,0.6772391,0.6643383,2.440426,0.7279045,0.4406114,2.399036,0.7458166,0.6442457,2.408729,0.7446443,0.6401707,2.46309,0.565774,0.4976868,2.495367,0.4117053,0.4038329,2.588664,0.8033112,0.827383,2.430394
72057594037937085,0,0.811998,5986.638,0.7180757,0.6550592,2.473454,0.8393033,0.9485887,2.500351,0.7579303,0.8724642,2.463224,0.620929,0.7686834,2.5104,0.6676345,0.8902236,2.556461,0.6773624,0.9095307,2.562502,0.8843445,0.8141725,2.371004,0.7924504,0.7015778,2.347268,0.6751047,0.7499213,2.40636,0.6680681,0.7630109,2.441511,0.6780228,0.6636345,2.438642,0.7247431,0.4385955,2.40291,0.7578672,0.6405435,2.402563,0.7453329,0.6395752,2.464268,0.5667003,0.4950703,2.49217,0.4127984,0.4013298,2.585354,0.8032026,0.8269829,2.430352
72057594037937085,0,0.811998,5986.642,0.7180757,0.6550592,2.473454,0.8393033,0.9485887,2.500351,0.7579303,0.8724642,2.463224,0.620929,0.7686834,2.5104,0.6676345,0.8902236,2.556461,0.6773624,0.9095307,2.562502,0.8843445,0.8141725,2.371004,0.7924504,0.7015778,2.347268,0.6751047,0.7499213,2.40636,0.6680681,0.7630109,2.441511,0.6780228,0.6636345,2.438642,0.7247431,0.4385955,2.40291,0.7578672,0.6405435,2.402563,0.7453329,0.6395752,2.464268,0.5667003,0.4950703,2.49217,0.4127984,0.4013298,2.585354,0.8032026,0.8269829,2.430352
72057594037937085,0,0.811998,5986.646,0.7180757,0.6550592,2.473454,0.8393033,0.9485887,2.500351,0.7579303,0.8724642,2.463224,0.620929,0.7686834,2.5104,0.6676345,0.8902236,2.556461,0.6773624,0.9095307,2.562502,0.8843445,0.8141725,2.371004,0.7924504,0.7015778,2.347268,0.6751047,0.7499213,2.40636,0.6680681,0.7630109,2.441511,0.6780228,0.6636345,2.438642,0.7247431,0.4385955,2.40291,0.7578672,0.6405435,2.402563,0.7453329,0.6395752,2.464268,0.5667003,0.4950703,2.49217,0.4127984,0.4013298,2.585354,0.8032026,0.8269829,2.430352
72057594037937085,0,0.811998,5986.652,0.7180757,0.6550592,2.473454,0.8393033,0.9485887,2.500351,0.7579303,0.8724642,2.463224,0.620929,0.7686834,2.5104,0.6676345,0.8902236,2.556461,0.6773624,0.9095307,2.562502,0.8843445,0.8141725,2.371004,0.7924504,0.7015778,2.347268,0.6751047,0.7499213,2.40636,0.6680681,0.7630109,2.441511,0.6780228,0.6636345,2.438642,0.7247431,0.4385955,2.40291,0.7578672,0.6405435,2.402563,0.7453329,0.6395752,2.464268,0.5667003,0.4950703,2.49217,0.4127984,0.4013298,2.585354,0.8032026,0.8269829,2.430352
72057594037937085,0,0.811998,5986.656,0.7180757,0.6550592,2.473454,0.8393033,0.9485887,2.500351,0.7579303,0.8724642,2.463224,0.620929,0.7686834,2.5104,0.6676345,0.8902236,2.556461,0.6773624,0.9095307,2.562502,0.8843445,0.8141725,2.371004,0.7924504,0.7015778,2.347268,0.6751047,0.7499213,2.40636,0.6680681,0.7630109,2.441511,0.6780228,0.6636345,2.438642,0.7247431,0.4385955,2.40291,0.7578672,0.6405435,2.402563,0.7453329,0.6395752,2.464268,0.5667003,0.4950703,2.49217,0.4127984,0.4013298,2.585354,0.8032026,0.8269829,2.430352
72057594037937085,0,0.811998,5986.661,0.7180757,0.6550592,2.473454,0.8393033,0.9485887,2.500351,0.7579303,0.8724642,2.463224,0.620929,0.7686834,2.5104,0.6676345,0.8902236,2.556461,0.6773624,0.9095307,2.562502,0.8843445,0.8141725,2.371004,0.7924504,0.7015778,2.347268,0.6751047,0.7499213,2.40636,0.6680681,0.7630109,2.441511,0.6780228,0.6636345,2.438642,0.7247431,0.4385955,2.40291,0.7578672,0.6405435,2.402563,0.7453329,0.6395752,2.464268,0.5667003,0.4950703,2.49217,0.4127984,0.4013298,2.585354,0.8032026,0.8269829,2.430352
72057594037937085,0,0.811998,5986.666,0.7180757,0.6550592,2.473454,0.8393033,0.9485887,2.500351,0.7579303,0.8724642,2.463224,0.620929,0.7686834,2.5104,0.6676345,0.8902236,2.556461,0.6773624,0.9095307,2.562502,0.8843445,0.8141725,2.371004,0.7924504,0.7015778,2.347268,0.6751047,0.7499213,2.40636,0.6680681,0.7630109,2.441511,0.6780228,0.6636345,2.438642,0.7247431,0.4385955,2.40291,0.7578672,0.6405435,2.402563,0.7453329,0.6395752,2.464268,0.5667003,0.4950703,2.49217,0.4127984,0.4013298,2.585354,0.8032026,0.8269829,2.430352
72057594037937085,0,0.8107571,5986.67,0.7169549,0.6539211,2.475143,0.8394451,0.9435958,2.49747,0.759754,0.8697375,2.461599,0.621299,0.7665699,2.511747,0.6678526,0.889366,2.556592,0.6773103,0.9101183,2.574684,0.8843091,0.8141568,2.37095,0.7652516,0.6911761,2.35393,0.7636259,0.8064193,2.426924,0.758392,0.8523136,2.445855,0.6772925,0.6625873,2.440326,0.7264181,0.4383363,2.401141,0.726752,0.6350088,2.450351,0.7440563,0.6389356,2.465256,0.5548791,0.5003511,2.467437,0.6211256,0.3200236,2.389035,0.8035171,0.823023,2.428206
72057594037937085,0,0.8107571,5986.675,0.7169549,0.6539211,2.475143,0.8394451,0.9435958,2.49747,0.759754,0.8697375,2.461599,0.621299,0.7665699,2.511747,0.6678526,0.889366,2.556592,0.6773103,0.9101183,2.574684,0.8843091,0.8141568,2.37095,0.7652516,0.6911761,2.35393,0.7636259,0.8064193,2.426924,0.758392,0.8523136,2.445855,0.6772925,0.6625873,2.440326,0.7264181,0.4383363,2.401141,0.726752,0.6350088,2.450351,0.7440563,0.6389356,2.465256,0.5548791,0.5003511,2.467437,0.6211256,0.3200236,2.389035,0.8035171,0.823023,2.428206
72057594037937085,0,0.8107571,5986.68,0.7169549,0.6539211,2.475143,0.8394451,0.9435958,2.49747,0.759754,0.8697375,2.461599,0.621299,0.7665699,2.511747,0.6678526,0.889366,2.556592,0.6773103,0.9101183,2.574684,0.8843091,0.8141568,2.37095,0.7652516,0.6911761,2.35393,0.7636259,0.8064193,2.426924,0.758392,0.8523136,2.445855,0.6772925,0.6625873,2.440326,0.7264181,0.4383363,2.401141,0.726752,0.6350088,2.450351,0.7440563,0.6389356,2.465256,0.5548791,0.5003511,2.467437,0.6211256,0.3200236,2.389035,0.8035171,0.823023,2.428206
72057594037937085,0,0.8107571,5986.685,0.7169549,0.6539211,2.475143,0.8394451,0.9435958,2.49747,0.759754,0.8697375,2.461599,0.621299,0.7665699,2.511747,0.6678526,0.889366,2.556592,0.6773103,0.9101183,2.574684,0.8843091,0.8141568,2.37095,0.7652516,0.6911761,2.35393,0.7636259,0.8064193,2.426924,0.758392,0.8523136,2.445855,0.6772925,0.6625873,2.440326,0.7264181,0.4383363,2.401141,0.726752,0.6350088,2.450351,0.7440563,0.6389356,2.465256,0.5548791,0.5003511,2.467437,0.6211256,0.3200236,2.389035,0.8035171,0.823023,2.428206
72057594037937085,0,0.8107571,5986.689,0.7169549,0.6539211,2.475143,0.8394451,0.9435958,2.49747,0.759754,0.8697375,2.461599,0.621299,0.7665699,2.511747,0.6678526,0.889366,2.556592,0.6773103,0.9101183,2.574684,0.8843091,0.8141568,2.37095,0.7652516,0.6911761,2.35393,0.7636259,0.8064193,2.426924,0.758392,0.8523136,2.445855,0.6772925,0.6625873,2.440326,0.7264181,0.4383363,2.401141,0.726752,0.6350088,2.450351,0.7440563,0.6389356,2.465256,0.5548791,0.5003511,2.467437,0.6211256,0.3200236,2.389035,0.8035171,0.823023,2.428206
72057594037937085,0,0.8107571,5986.693,0.7169549,0.6539211,2.475143,0.8394451,0.9435958,2.49747,0.759754,0.8697375,2.461599,0.621299,0.7665699,2.511747,0.6678526,0.889366,2.556592,0.6773103,0.9101183,2.574684,0.8843091,0.8141568,2.37095,0.7652516,0.6911761,2.35393,0.7636259,0.8064193,2.426924,0.758392,0.8523136,2.445855,0.6772925,0.6625873,2.440326,0.7264181,0.4383363,2.401141,0.726752,0.6350088,2.450351,0.7440563,0.6389356,2.465256,0.5548791,0.5003511,2.467437,0.6211256,0.3200236,2.389035,0.8035171,0.823023,2.428206
72057594037937085,0,0.8107571,5986.698,0.7169549,0.6539211,2.475143,0.8394451,0.9435958,2.49747,0.759754,0.8697375,2.461599,0.621299,0.7665699,2.511747,0.6678526,0.889366,2.556592,0.6773103,0.9101183,2.574684,0.8843091,0.8141568,2.37095,0.7652516,0.6911761,2.35393,0.7636259,0.8064193,2.426924,0.758392,0.8523136,2.445855,0.6772925,0.6625873,2.440326,0.7264181,0.4383363,2.401141,0.726752,0.6350088,2.450351,0.7440563,0.6389356,2.465256,0.5548791,0.5003511,2.467437,0.6211256,0.3200236,2.389035,0.8035171,0.823023,2.428206
72057594037937085,0,0.8107964,5986.703,0.7172296,0.6535198,2.476148,0.8442675,0.9445937,2.494979,0.6989949,0.8497068,2.490189,0.6022994,0.7508667,2.524285,0.663459,0.8922246,2.558162,0.6808796,0.9185824,2.571949,0.8861517,0.8173326,2.371347,0.86287,0.6919678,2.293597,0.8330731,0.8593798,2.3732,0.8300854,0.8951068,2.383676,0.6765942,0.6610925,2.443252,0.7282224,0.437858,2.399212,0.7254604,0.6346622,2.447533,0.7448194,0.6391706,2.465335,0.5690046,0.4846411,2.469147,0.6302513,0.298786,2.401708,0.8049503,0.823296,2.42778
72057594037937085,0,0.8107964,5986.707,0.7172296,0.6535198,2.476148,0.8442675,0.9445937,2.494979,0.6989949,0.8497068,2.490189,0.6022994,0.7508667,2.524285,0.663459,0.8922246,2.558162,0.6808796,0.9185824,2.571949,0.8861517,0.8173326,2.371347,0.86287,0.6919678,2.293597,0.8330731,0.8593798,2.3732,0.8300854,0.8951068,2.383676,0.6765942,0.6610925,2.443252,0.7282224,0.437858,2.399212,0.7254604,0.6346622,2.447533,0.7448194,0.6391706,2.465335,0.5690046,0.4846411,2.469147,0.6302513,0.298786,2.401708,0.8049503,0.823296,2.42778
72057594037937085,0,0.8107964,5986.711,0.7172296,0.6535198,2.476148,0.8442675,0.9445937,2.494979,0.6989949,0.8497068,2.490189,0.6022994,0.7508667,2.524285,0.663459,0.8922246,2.558162,0.6808796,0.9185824,2.571949,0.8861517,0.8173326,2.371347,0.86287,0.6919678,2.293597,0.8330731,0.8593798,2.3732,0.8300854,0.8951068,2.383676,0.6765942,0.6610925,2.443252,0.7282224,0.437858,2.399212,0.7254604,0.6346622,2.447533,0.7448194,0.6391706,2.465335,0.5690046,0.4846411,2.469147,0.6302513,0.298786,2.401708,0.8049503,0.823296,2.42778
72057594037937085,0,0.8107964,5986.716,0.7172296,0.6535198,2.476148,0.8442675,0.9445937,2.494979,0.6989949,0.8497068,2.490189,0.6022994,0.7508667,2.524285,0.663459,0.8922246,2.558162,0.6808796,0.9185824,2.571949,0.8861517,0.8173326,2.371347,0.86287,0.6919678,2.293597,0.8330731,0.8593798,2.3732,0.8300854,0.8951068,2.383676,0.6765942,0.6610925,2.443252,0.7282224,0.437858,2.399212,0.7254604,0.6346622,2.447533,0.7448194,0.6391706,2.465335,0.5690046,0.4846411,2.469147,0.6302513,0.298786,2.401708,0.8049503,0.823296,2.42778
72057594037937085,0,0.8107964,5986.721,0.7172296,0.6535198,2.476148,0.8442675,0.9445937,2.494979,0.6989949,0.8497068,2.490189,0.6022994,0.7508667,2.524285,0.663459,0.8922246,2.558162,0.6808796,0.9185824,2.571949,0.8861517,0.8173326,2.371347,0.86287,0.6919678,2.293597,0.8330731,0.8593798,2.3732,0.8300854,0.8951068,2.383676,0.6765942,0.6610925,2.443252,0.7282224,0.437858,2.399212,0.7254604,0.6346622,2.447533,0.7448194,0.6391706,2.465335,0.5690046,0.4846411,2.469147,0.6302513,0.298786,2.401708,0.8049503,0.823296,2.42778
72057594037937085,0,0.8107964,5986.726,0.7172296,0.6535198,2.476148,0.8442675,0.9445937,2.494979,0.6989949,0.8497068,2.490189,0.6022994,0.7508667,2.524285,0.663459,0.8922246,2.558162,0.6808796,0.9185824,2.571949,0.8861517,0.8173326,2.371347,0.86287,0.6919678,2.293597,0.8330731,0.8593798,2.3732,0.8300854,0.8951068,2.383676,0.6765942,0.6610925,2.443252,0.7282224,0.437858,2.399212,0.7254604,0.6346622,2.447533,0.7448194,0.6391706,2.465335,0.5690046,0.4846411,2.469147,0.6302513,0.298786,2.401708,0.8049503,0.823296,2.42778
72057594037937085,0,0.8107964,5986.73,0.7172296,0.6535198,2.476148,0.8442675,0.9445937,2.494979,0.6989949,0.8497068,2.490189,0.6022994,0.7508667,2.524285,0.663459,0.8922246,2.558162,0.6808796,0.9185824,2.571949,0.8861517,0.8173326,2.371347,0.86287,0.6919678,2.293597,0.8330731,0.8593798,2.3732,0.8300854,0.8951068,2.383676,0.6765942,0.6610925,2.443252,0.7282224,0.437858,2.399212,0.7254604,0.6346622,2.447533,0.7448194,0.6391706,2.465335,0.5690046,0.4846411,2.469147,0.6302513,0.298786,2.401708,0.8049503,0.823296,2.42778
72057594037937085,0,0.8107964,5986.734,0.7172296,0.6535198,2.476148,0.8442675,0.9445937,2.494979,0.6989949,0.8497068,2.490189,0.6022994,0.7508667,2.524285,0.663459,0.8922246,2.558162,0.6808796,0.9185824,2.571949,0.8861517,0.8173326,2.371347,0.86287,0.6919678,2.293597,0.8330731,0.8593798,2.3732,0.8300854,0.8951068,2.383676,0.6765942,0.6610925,2.443252,0.7282224,0.437858,2.399212,0.7254604,0.6346622,2.447533,0.7448194,0.6391706,2.465335,0.5690046,0.4846411,2.469147,0.6302513,0.298786,2.401708,0.8049503,0.823296,2.42778
72057594037937085,0,0.8066919,5986.739,0.7254059,0.6803608,2.490604,0.8555799,1.016732,2.529572,0.6779585,0.8893343,2.574252,0.6105583,0.7682841,2.520759,0.6660144,0.8941352,2.559507,0.6776689,0.9149793,2.562721,0.8599472,0.9862748,2.543004,0.870014,0.8445965,2.401503,0.7761437,0.7501055,2.339585,0.7585301,0.7198579,2.355152,0.6868196,0.6760018,2.460481,0.7167462,0.4516936,2.391321,0.7116175,0.6472691,2.443585,0.75104,0.6863953,2.474971,0.6078434,0.4998668,2.461231,0.6679432,0.3132595,2.394885,0.7853652,0.9698865,2.576545
72057594037937085,0,0.8066919,5986.744,0.7254059,0.6803608,2.490604,0.8555799,1.016732,2.529572,0.6779585,0.8893343,2.574252,0.6105583,0.7682841,2.520759,0.6660144,0.8941352,2.559507,0.6776689,0.9149793,2.562721,0.8599472,0.9862748,2.543004,0.870014,0.8445965,2.401503,0.7761437,0.7501055,2.339585,0.7585301,0.7198579,2.355152,0.6868196,0.6760018,2.460481,0.7167462,0.4516936,2.391321,0.7116175,0.6472691,2.443585,0.75104,0.6863953,2.474971,0.6078434,0.4998668,2.461231,0.6679432,0.3132595,2.394885,0.7853652,0.9698865,2.576545
72057594037937085,0,0.8066919,5986.749,0.7254059,0.6803608,2.490604,0.8555799,1.016732,2.529572,0.6779585,0.8893343,2.574252,0.6105583,0.7682841,2.520759,0.6660144,0.8941352,2.559507,0.6776689,0.9149793,2.562721,0.8599472,0.9862748,2.543004,0.870014,0.8445965,2.401503,0.7761437,0.7501055,2.339585,0.7585301,0.7198579,2.355152,0.6868196,0.6760018,2.460481,0.7167462,0.4516936,2.391321,0.7116175,0.6472691,2.443585,0.75104,0.6863953,2.474971,0.6078434,0.4998668,2.461231,0.6679432,0.3132595,2.394885,0.7853652,0.9698865,2.576545
72057594037937085,0,0.8066919,5986.752,0.7254059,0.6803608,2.490604,0.8555799,1.016732,2.529572,0.6779585,0.8893343,2.574252,0.6105583,0.7682841,2.520759,0.6660144,0.8941352,2.559507,0.6776689,0.9149793,2.562721,0.8599472,0.9862748,2.543004,0.870014,0.8445965,2.401503,0.7761437,0.7501055,2.339585,0.7585301,0.7198579,2.355152,0.6868196,0.6760018,2.460481,0.7167462,0.4516936,2.391321,0.7116175,0.6472691,2.443585,0.75104,0.6863953,2.474971,0.6078434,0.4998668,2.461231,0.6679432,0.3132595,2.394885,0.7853652,0.9698865,2.576545
72057594037937085,0,0.8066919,5986.757,0.7254059,0.6803608,2.490604,0.8555799,1.016732,2.529572,0.6779585,0.8893343,2.574252,0.6105583,0.7682841,2.520759,0.6660144,0.8941352,2.559507,0.6776689,0.9149793,2.562721,0.8599472,0.9862748,2.543004,0.870014,0.8445965,2.401503,0.7761437,0.7501055,2.339585,0.7585301,0.7198579,2.355152,0.6868196,0.6760018,2.460481,0.7167462,0.4516936,2.391321,0.7116175,0.6472691,2.443585,0.75104,0.6863953,2.474971,0.6078434,0.4998668,2.461231,0.6679432,0.3132595,2.394885,0.7853652,0.9698865,2.576545
72057594037937085,0,0.8066919,5986.761,0.7254059,0.6803608,2.490604,0.8555799,1.016732,2.529572,0.6779585,0.8893343,2.574252,0.6105583,0.7682841,2.520759,0.6660144,0.8941352,2.559507,0.6776689,0.9149793,2.562721,0.8599472,0.9862748,2.543004,0.870014,0.8445965,2.401503,0.7761437,0.7501055,2.339585,0.7585301,0.7198579,2.355152,0.6868196,0.6760018,2.460481,0.7167462,0.4516936,2.391321,0.7116175,0.6472691,2.443585,0.75104,0.6863953,2.474971,0.6078434,0.4998668,2.461231,0.6679432,0.3132595,2.394885,0.7853652,0.9698865,2.576545
72057594037937085,0,0.8066919,5986.766,0.7254059,0.6803608,2.490604,0.8555799,1.016732,2.529572,0.6779585,0.8893343,2.574252,0.6105583,0.7682841,2.520759,0.6660144,0.8941352,2.559507,0.6776689,0.9149793,2.562721,0.8599472,0.9862748,2.543004,0.870014,0.8445965,2.401503,0.7761437,0.7501055,2.339585,0.7585301,0.7198579,2.355152,0.6868196,0.6760018,2.460481,0.7167462,0.4516936,2.391321,0.7116175,0.6472691,2.443585,0.75104,0.6863953,2.474971,0.6078434,0.4998668,2.461231,0.6679432,0.3132595,2.394885,0.7853652,0.9698865,2.576545
72057594037937085,0,0.8052672,5986.771,0.7269515,0.6864923,2.495112,0.85813,1.016736,2.526809,0.6993616,0.9359024,2.602807,0.6156313,0.7738896,2.527984,0.6720222,0.8935456,2.565409,0.6648719,0.9019924,2.574078,0.8546461,1.027534,2.590974,0.8636014,0.885261,2.449912,0.7887909,0.7284975,2.357508,0.7720382,0.6955449,2.351582,0.6873282,0.678924,2.467659,0.7153606,0.456434,2.38893,0.7065228,0.6522528,2.439735,0.7534483,0.6924427,2.476593,0.6072804,0.5077738,2.454391,0.6744929,0.3236659,2.388346,0.8091761,0.9936502,2.571789
72057594037937085,0,0.8052672,5986.776,0.7269515,0.6864923,2.495112,0.85813,1.016736,2.526809,0.6993616,0.9359024,2.602807,0.6156313,0.7738896,2.527984,0.6720222,0.8935456,2.565409,0.6648719,0.9019924,2.574078,0.8546461,1.027534,2.590974,0.8636014,0.885261,2.449912,0.7887909,0.7284975,2.357508,0.7720382,0.6955449,2.351582,0.6873282,0.678924,2.467659,0.7153606,0.456434,2.38893,0.7065228,0.6522528,2.439735,0.7534483,0.6924427,2.476593,0.6072804,0.5077738,2.454391,0.6744929,0.3236659,2.388346,0.8091761,0.9936502,2.571789
72057594037937085,0,0.8052672,5986.78,0.7269515,0.6864923,2.495112,0.85813,1.016736,2.526809,0.6993616,0.9359024,2.602807,0.6156313,0.7738896,2.527984,0.6720222,0.8935456,2.565409,0.6648719,0.9019924,2.574078,0.8546461,1.027534,2.590974,0.8636014,0.885261,2.449912,0.7887909,0.7284975,2.357508,0.7720382,0.6955449,2.351582,0.6873282,0.678924,2.467659,0.7153606,0.456434,2.38893,0.7065228,0.6522528,2.439735,0.7534483,0.6924427,2.476593,0.6072804,0.5077738,2.454391,0.6744929,0.3236659,2.388346,0.8091761,0.9936502,2.571789
72057594037937085,0,0.8052672,5986.785,0.7269515,0.6864923,2.495112,0.85813,1.016736,2.526809,0.6993616,0.9359024,2.602807,0.6156313,0.7738896,2.527984,0.6720222,0.8935456,2.565409,0.6648719,0.9019924,2.574078,0.8546461,1.027534,2.590974,0.8636014,0.885261,2.449912,0.7887909,0.7284975,2.357508,0.7720382,0.6955449,2.351582,0.6873282,0.678924,2.467659,0.7153606,0.456434,2.38893,0.7065228,0.6522528,2.439735,0.7534483,0.6924427,2.476593,0.6072804,0.5077738,2.454391,0.6744929,0.3236659,2.388346,0.8091761,0.9936502,2.571789
72057594037937085,0,0.8052672,5986.79,0.7269515,0.6864923,2.495112,0.85813,1.016736,2.526809,0.6993616,0.9359024,2.602807,0.6156313,0.7738896,2.527984,0.6720222,0.8935456,2.565409,0.6648719,0.9019924,2.574078,0.8546461,1.027534,2.590974,0.8636014,0.885261,2.449912,0.7887909,0.7284975,2.357508,0.7720382,0.6955449,2.351582,0.6873282,0.678924,2.467659,0.7153606,0.456434,2.38893,0.7065228,0.6522528,2.439735,0.7534483,0.6924427,2.476593,0.6072804,0.5077738,2.454391,0.6744929,0.3236659,2.388346,0.8091761,0.9936502,2.571789
72057594037937085,0,0.8052672,5986.794,0.7269515,0.6864923,2.495112,0.85813,1.016736,2.526809,0.6993616,0.9359024,2.602807,0.6156313,0.7738896,2.527984,0.6720222,0.8935456,2.565409,0.6648719,0.9019924,2.574078,0.8546461,1.027534,2.590974,0.8636014,0.885261,2.449912,0.7887909,0.7284975,2.357508,0.7720382,0.6955449,2.351582,0.6873282,0.678924,2.467659,0.7153606,0.456434,2.38893,0.7065228,0.6522528,2.439735,0.7534483,0.6924427,2.476593,0.6072804,0.5077738,2.454391,0.6744929,0.3236659,2.388346,0.8091761,0.9936502,2.571789
72057594037937085,0,0.8052672,5986.799,0.7269515,0.6864923,2.495112,0.85813,1.016736,2.526809,0.6993616,0.9359024,2.602807,0.6156313,0.7738896,2.527984,0.6720222,0.8935456,2.565409,0.6648719,0.9019924,2.574078,0.8546461,1.027534,2.590974,0.8636014,0.885261,2.449912,0.7887909,0.7284975,2.357508,0.7720382,0.6955449,2.351582,0.6873282,0.678924,2.467659,0.7153606,0.456434,2.38893,0.7065228,0.6522528,2.439735,0.7534483,0.6924427,2.476593,0.6072804,0.5077738,2.454391,0.6744929,0.3236659,2.388346,0.8091761,0.9936502,2.571789
72057594037937085,0,0.8026843,5986.804,0.7284473,0.6963273,2.500746,0.8575736,1.018946,2.525797,0.6993827,0.935879,2.602801,0.6175435,0.7849432,2.531818,0.6770687,0.9040539,2.566415,0.6825196,0.9225543,2.574754,0.8546662,1.02751,2.590968,0.8644657,0.8852736,2.449953,0.7814323,0.7391866,2.352542,0.8038359,0.7207806,2.350029,0.6914199,0.6930445,2.488506,0.7101419,0.4759305,2.387518,0.7006508,0.6708644,2.440549,0.7537374,0.6987437,2.474599,0.6184007,0.5064258,2.459058,0.729344,0.3692359,2.349507,0.8102919,0.9952913,2.570883
72057594037937085,0,0.8026843,5986.808,0.7284473,0.6963273,2.500746,0.8575736,1.018946,2.525797,0.6993827,0.935879,2.602801,0.6175435,0.7849432,2.531818,0.6770687,0.9040539,2.566415,0.6825196,0.9225543,2.574754,0.8546662,1.02751,2.590968,0.8644657,0.8852736,2.449953,0.7814323,0.7391866,2.352542,0.8038359,0.7207806,2.350029,0.6914199,0.6930445,2.488506,0.7101419,0.4759305,2.387518,0.7006508,0.6708644,2.440549,0.7537374,0.6987437,2.474599,0.6184007,0.5064258,2.459058,0.729344,0.3692359,2.349507,0.8102919,0.9952913,2.570883
72057594037937085,0,0.8026843,5986.812,0.7284473,0.6963273,2.500746,0.8575736,1.018946,2.525797,0.6993827,0.935879,2.602801,0.6175435,0.7849432,2.531818,0.6770687,0.9040539,2.566415,0.6825196,0.9225543,2.574754,0.8546662,1.02751,2.590968,0.8644657,0.8852736,2.449953,0.7814323,0.7391866,2.352542,0.8038359,0.7207806,2.350029,0.6914199,0.6930445,2.488506,0.7101419,0.4759305,2.387518,0.7006508,0.6708644,2.440549,0.7537374,0.6987437,2.474599,0.6184007,0.5064258,2.459058,0.729344,0.3692359,2.349507,0.8102919,0.9952913,2.570883
72057594037937085,0,0.8026843,5986.816,0.7284473,0.6963273,2.500746,0.8575736,1.018946,2.525797,0.6993827,0.935879,2.602801,0.6175435,0.7849432,2.531818,0.6770687,0.9040539,2.566415,0.6825196,0.9225543,2.574754,0.8546662,1.02751,2.590968,0.8644657,0.8852736,2.449953,0.7814323,0.7391866,2.352542,0.8038359,0.7207806,2.350029,0.6914199,0.6930445,2.488506,0.7101419,0.4759305,2.387518,0.7006508,0.6708644,2.440549,0.7537374,0.6987437,2.474599,0.6184007,0.5064258,2.459058,0.729344,0.3692359,2.349507,0.8102919,0.9952913,2.570883
72057594037937085,0,0.8026843,5986.821,0.7284473,0.6963273,2.500746,0.8575736,1.018946,2.525797,0.6993827,0.935879,2.602801,0.6175435,0.7849432,2.531818,0.6770687,0.9040539,2.566415,0.6825196,0.9225543,2.574754,0.8546662,1.02751,2.590968,0.8644657,0.8852736,2.449953,0.7814323,0.7391866,2.352542,0.8038359,0.7207806,2.350029,0.6914199,0.6930445,2.488506,0.7101419,0.4759305,2.387518,0.7006508,0.6708644,2.440549,0.7537374,0.6987437,2.474599,0.6184007,0.5064258,2.459058,0.729344,0.3692359,2.349507,0.8102919,0.9952913,2.570883
72057594037937085,0,0.8026843,5986.825,0.7284473,0.6963273,2.500746,0.8575736,1.018946,2.525797,0.6993827,0.935879,2.602801,0.6175435,0.7849432,2.531818,0.6770687,0.9040539,2.566415,0.6825196,0.9225543,2.574754,0.8546662,1.02751,2.590968,0.8644657,0.8852736,2.449953,0.7814323,0.7391866,2.352542,0.8038359,0.7207806,2.350029,0.6914199,0.6930445,2.488506,0.7101419,0.4759305,2.387518,0.7006508,0.6708644,2.440549,0.7537374,0.6987437,2.474599,0.6184007,0.5064258,2.459058,0.729344,0.3692359,2.349507,0.8102919,0.9952913,2.570883
72057594037937085,0,0.8026843,5986.83,0.7284473,0.6963273,2.500746,0.8575736,1.018946,2.525797,0.6993827,0.935879,2.602801,0.6175435,0.7849432,2.531818,0.6770687,0.9040539,2.566415,0.6825196,0.9225543,2.574754,0.8546662,1.02751,2.590968,0.8644657,0.8852736,2.449953,0.7814323,0.7391866,2.352542,0.8038359,0.7207806,2.350029,0.6914199,0.6930445,2.488506,0.7101419,0.4759305,2.387518,0.7006508,0.6708644,2.440549,0.7537374,0.6987437,2.474599,0.6184007,0.5064258,2.459058,0.729344,0.3692359,2.349507,0.8102919,0.9952913,2.570883
72057594037937085,0,0.8026843,5986.834,0.7284473,0.6963273,2.500746,0.8575736,1.018946,2.525797,0.6993827,0.935879,2.602801,0.6175435,0.7849432,2.531818,0.6770687,0.9040539,2.566415,0.6825196,0.9225543,2.574754,0.8546662,1.02751,2.590968,0.8644657,0.8852736,2.449953,0.7814323,0.7391866,2.352542,0.8038359,0.7207806,2.350029,0.6914199,0.6930445,2.488506,0.7101419,0.4759305,2.387518,0.7006508,0.6708644,2.440549,0.7537374,0.6987437,2.474599,0.6184007,0.5064258,2.459058,0.729344,0.3692359,2.349507,0.8102919,0.9952913,2.570883
72057594037937085,0,0.802325,5986.839,0.7285687,0.6969897,2.501848,0.8592649,1.017098,2.528565,0.6993743,0.935882,2.602751,0.617201,0.7839537,2.528973,0.6684934,0.9013107,2.577242,0.6749482,0.9189525,2.575336,0.8546568,1.027513,2.590918,0.8656257,0.8846594,2.450683,0.7363072,0.7609248,2.385467,0.7152481,0.7240611,2.406526,0.6915323,0.6928482,2.490679,0.7159814,0.4764313,2.38987,0.6923129,0.6716706,2.438741,0.7537187,0.699248,2.474085,0.620991,0.5053249,2.461006,0.7141274,0.348666,2.361656,0.8108647,0.9957801,2.571226
72057594037937085,0,0.802325,5986.843,0.7285687,0.6969897,2.501848,0.8592649,1.017098,2.528565,0.6993743,0.935882,2.602751,0.617201,0.7839537,2.528973,0.6684934,0.9013107,2.577242,0.6749482,0.9189525,2.575336,0.8546568,1.027513,2.590918,0.8656257,0.8846594,2.450683,0.7363072,0.7609248,2.385467,0.7152481,0.7240611,2.406526,0.6915323,0.6928482,2.490679,0.7159814,0.4764313,2.38987,0.6923129,0.6716706,2.438741,0.7537187,0.699248,2.474085,0.620991,0.5053249,2.461006,0.7141274,0.348666,2.361656,0.8108647,0.9957801,2.571226
72057594037937085,0,0.802325,5986.847,0.7285687,0.6969897,2.501848,0.8592649,1.017098,2.528565,0.6993743,0.935882,2.602751,0.617201,0.7839537,2.528973,0.6684934,0.9013107,2.577242,0.6749482,0.9189525,2.575336,0.8546568,1.027513,2.590918,0.8656257,0.8846594,2.450683,0.7363072,0.7609248,2.385467,0.7152481,0.7240611,2.406526,0.6915323,0.6928482,2.490679,0.7159814,0.4764313,2.38987,0.6923129,0.6716706,2.438741,0.7537187,0.699248,2.474085,0.620991,0.5053249,2.461006,0.7141274,0.348666,2.361656,0.8108647,0.9957801,2.571226
72057594037937085,0,0.802325,5986.852,0.7285687,0.6969897,2.501848,0.8592649,1.017098,2.528565,0.6993743,0.935882,2.602751,0.617201,0.7839537,2.528973,0.6684934,0.9013107,2.577242,0.6749482,0.9189525,2.575336,0.8546568,1.027513,2.590918,0.8656257,0.8846594,2.450683,0.7363072,0.7609248,2.385467,0.7152481,0.7240611,2.406526,0.6915323,0.6928482,2.490679,0.7159814,0.4764313,2.38987,0.6923129,0.6716706,2.438741,0.7537187,0.699248,2.474085,0.620991,0.5053249,2.461006,0.7141274,0.348666,2.361656,0.8108647,0.9957801,2.571226
72057594037937085,0,0.802325,5986.856,0.7285687,0.6969897,2.501848,0.8592649,1.017098,2.528565,0.6993743,0.935882,2.602751,0.617201,0.7839537,2.528973,0.6684934,0.9013107,2.577242,0.6749482,0.9189525,2.575336,0.8546568,1.027513,2.590918,0.8656257,0.8846594,2.450683,0.7363072,0.7609248,2.385467,0.7152481,0.7240611,2.406526,0.6915323,0.6928482,2.490679,0.7159814,0.4764313,2.38987,0.6923129,0.6716706,2.438741,0.7537187,0.699248,2.474085,0.620991,0.5053249,2.461006,0.7141274,0.348666,2.361656,0.8108647,0.9957801,2.571226
72057594037937085,0,0.802325,5986.861,0.7285687,0.6969897,2.501848,0.8592649,1.017098,2.528565,0.6993743,0.935882,2.602751,0.617201,0.7839537,2.528973,0.6684934,0.9013107,2.577242,0.6749482,0.9189525,2.575336,0.8546568,1.027513,2.590918,0.8656257,0.8846594,2.450683,0.7363072,0.7609248,2.385467,0.7152481,0.7240611,2.406526,0.6915323,0.6928482,2.490679,0.7159814,0.4764313,2.38987,0.6923129,0.6716706,2.438741,0.7537187,0.699248,2.474085,0.620991,0.5053249,2.461006,0.7141274,0.348666,2.361656,0.8108647,0.9957801,2.571226
72057594037937085,0,0.802325,5986.866,0.7285687,0.6969897,2.501848,0.8592649,1.017098,2.528565,0.6993743,0.935882,2.602751,0.617201,0.7839537,2.528973,0.6684934,0.9013107,2.577242,0.6749482,0.9189525,2.575336,0.8546568,1.027513,2.590918,0.8656257,0.8846594,2.450683,0.7363072,0.7609248,2.385467,0.7152481,0.7240611,2.406526,0.6915323,0.6928482,2.490679,0.7159814,0.4764313,2.38987,0.6923129,0.6716706,2.438741,0.7537187,0.699248,2.474085,0.620991,0.5053249,2.461006,0.7141274,0.348666,2.361656,0.8108647,0.9957801,2.571226
72057594037937085,0,0.8033996,5986.87,0.7315087,0.7003112,2.505005,0.8579816,1.018435,2.528122,0.6994342,0.935805,2.602848,0.6161005,0.7808142,2.527121,0.6551555,0.9090663,2.55954,0.6845989,0.9248905,2.576655,0.8539085,1.028342,2.590299,0.8612286,0.8760055,2.46064,0.7501324,0.7385465,2.37408,0.76926,0.7105249,2.364857,0.6950092,0.6961067,2.490054,0.7150334,0.4784842,2.390916,0.690997,0.6738697,2.438967,0.7554998,0.7011171,2.478703,0.6228872,0.5068119,2.458698,0.7140339,0.3451614,2.366224,0.8113632,0.9962832,2.571287
72057594037937085,0,0.8033996,5986.875,0.7315087,0.7003112,2.505005,0.8579816,1.018435,2.528122,0.6994342,0.935805,2.602848,0.6161005,0.7808142,2.527121,0.6551555,0.9090663,2.55954,0.6845989,0.9248905,2.576655,0.8539085,1.028342,2.590299,0.8612286,0.8760055,2.46064,0.7501324,0.7385465,2.37408,0.76926,0.7105249,2.364857,0.6950092,0.6961067,2.490054,0.7150334,0.4784842,2.390916,0.690997,0.6738697,2.438967,0.7554998,0.7011171,2.478703,0.6228872,0.5068119,2.458698,0.7140339,0.3451614,2.366224,0.8113632,0.9962832,2.571287
72057594037937085,0,0.8033996,5986.879,0.7315087,0.7003112,2.505005,0.8579816,1.018435,2.528122,0.6994342,0.935805,2.602848,0.6161005,0.7808142,2.527121,0.6551555,0.9090663,2.55954,0.6845989,0.9248905,2.576655,0.8539085,1.028342,2.590299,0.8612286,0.8760055,2.46064,0.7501324,0.7385465,2.37408,0.76926,0.7105249,2.364857,0.6950092,0.6961067,2.490054,0.7150334,0.4784842,2.390916,0.690997,0.6738697,2.438967,0.7554998,0.7011171,2.478703,0.6228872,0.5068119,2.458698,0.7140339,0.3451614,2.366224,0.8113632,0.9962832,2.571287
72057594037937085,0,0.8033996,5986.884,0.7315087,0.7003112,2.505005,0.8579816,1.018435,2.528122,0.6994342,0.935805,2.602848,0.6161005,0.7808142,2.527121,0.6551555,0.9090663,2.55954,0.6845989,0.9248905,2.576655,0.8539085,1.028342,2.590299,0.8612286,0.8760055,2.46064,0.7501324,0.7385465,2.37408,0.76926,0.7105249,2.364857,0.6950092,0.6961067,2.490054,0.7150334,0.4784842,2.390916,0.690997,0.6738697,2.438967,0.7554998,0.7011171,2.478703,0.6228872,0.5068119,2.458698,0.7140339,0.3451614,2.366224,0.8113632,0.9962832,2.571287
72057594037937085,0,0.8033996,5986.889,0.7315087,0.7003112,2.505005,0.8579816,1.018435,2.528122,0.6994342,0.935805,2.602848,0.6161005,0.7808142,2.527121,0.6551555,0.9090663,2.55954,0.6845989,0.9248905,2.576655,0.8539085,1.028342,2.590299,0.8612286,0.8760055,2.46064,0.7501324,0.7385465,2.37408,0.76926,0.7105249,2.364857,0.6950092,0.6961067,2.490054,0.7150334,0.4784842,2.390916,0.690997,0.6738697,2.438967,0.7554998,0.7011171,2.478703,0.6228872,0.5068119,2.458698,0.7140339,0.3451614,2.366224,0.8113632,0.9962832,2.571287
72057594037937085,0,0.8033996,5986.894,0.7315087,0.7003112,2.505005,0.8579816,1.018435,2.528122,0.6994342,0.935805,2.602848,0.6161005,0.7808142,2.527121,0.6551555,0.9090663,2.55954,0.6845989,0.9248905,2.576655,0.8539085,1.028342,2.590299,0.8612286,0.8760055,2.46064,0.7501324,0.7385465,2.37408,0.76926,0.7105249,2.364857,0.6950092,0.6961067,2.490054,0.7150334,0.4784842,2.390916,0.690997,0.6738697,2.438967,0.7554998,0.7011171,2.478703,0.6228872,0.5068119,2.458698,0.7140339,0.3451614,2.366224,0.8113632,0.9962832,2.571287
72057594037937085,0,0.8033996,5986.899,0.7315087,0.7003112,2.505005,0.8579816,1.018435,2.528122,0.6994342,0.935805,2.602848,0.6161005,0.7808142,2.527121,0.6551555,0.9090663,2.55954,0.6845989,0.9248905,2.576655,0.8539085,1.028342,2.590299,0.8612286,0.8760055,2.46064,0.7501324,0.7385465,2.37408,0.76926,0.7105249,2.364857,0.6950092,0.6961067,2.490054,0.7150334,0.4784842,2.390916,0.690997,0.6738697,2.438967,0.7554998,0.7011171,2.478703,0.6228872,0.5068119,2.458698,0.7140339,0.3451614,2.366224,0.8113632,0.9962832,2.571287
72057594037937085,0,0.8045341,5986.903,0.7347944,0.7057234,2.507606,0.8590782,1.021472,2.527875,0.6994979,0.9358082,2.602825,0.6172829,0.7835678,2.525311,0.6568305,0.911134,2.55934,0.6800585,0.9222018,2.56888,0.8534153,1.03276,2.593012,0.8621628,0.8787353,2.465596,0.8291262,0.720167,2.353644,0.8137354,0.6964539,2.344679,0.6989894,0.7010135,2.490788,0.7133439,0.4825265,2.392252,0.6929082,0.6782973,2.439868,0.7574759,0.70535,2.481079,0.6256759,0.5104244,2.457899,0.7177287,0.3479996,2.368099,0.8130587,0.998019,2.571497
72057594037937085,0,0.8045341,5986.908,0.7347944,0.7057234,2.507606,0.8590782,1.021472,2.527875,0.6994979,0.9358082,2.602825,0.6172829,0.7835678,2.525311,0.6568305,0.911134,2.55934,0.6800585,0.9222018,2.56888,0.8534153,1.03276,2.593012,0.8621628,0.8787353,2.465596,0.8291262,0.720167,2.353644,0.8137354,0.6964539,2.344679,0.6989894,0.7010135,2.490788,0.7133439,0.4825265,2.392252,0.6929082,0.6782973,2.439868,0.7574759,0.70535,2.481079,0.6256759,0.5104244,2.457899,0.7177287,0.3479996,2.368099,0.8130587,0.998019,2.571497
72057594037937085,0,0.8045341,5986.912,0.7347944,0.7057234,2.507606,0.8590782,1.021472,2.527875,0.6994979,0.9358082,2.602825,0.6172829,0.7835678,2.525311,0.6568305,0.911134,2.55934,0.6800585,0.9222018,2.56888,0.8534153,1.03276,2.593012,0.8621628,0.8787353,2.465596,0.8291262,0.720167,2.353644,0.8137354,0.6964539,2.344679,0.6989894,0.7010135,2.490788,0.7133439,0.4825265,2.392252,0.6929082,0.6782973,2.439868,0.7574759,0.70535,2.481079,0.6256759,0.5104244,2.457899,0.7177287,0.3479996,2.368099,0.8130587,0.998019,2.571497
72057594037937085,0,0.8045341,5986.917,0.7347944,0.7057234,2.507606,0.8590782,1.021472,2.527875,0.6994979,0.9358082,2.602825,0.6172829,0.7835678,2.525311,0.6568305,0.911134,2.55934,0.6800585,0.9222018,2.56888,0.8534153,1.03276,2.593012,0.8621628,0.8787353,2.465596,0.8291262,0.720167,2.353644,0.8137354,0.6964539,2.344679,0.6989894,0.7010135,2.490788,0.7133439,0.4825265,2.392252,0.6929082,0.6782973,2.439868,0.7574759,0.70535,2.481079,0.6256759,0.5104244,2.457899,0.7177287,0.3479996,2.368099,0.8130587,0.998019,2.571497
72057594037937085,0,0.8045341,5986.922,0.7347944,0.7057234,2.507606,0.8590782,1.021472,2.527875,0.6994979,0.9358082,2.602825,0.6172829,0.7835678,2.525311,0.6568305,0.911134,2.55934,0.6800585,0.9222018,2.56888,0.8534153,1.03276,2.593012,0.8621628,0.8787353,2.465596,0.8291262,0.720167,2.353644,0.8137354,0.6964539,2.344679,0.6989894,0.7010135,2.490788,0.7133439,0.4825265,2.392252,0.6929082,0.6782973,2.439868,0.7574759,0.70535,2.481079,0.6256759,0.5104244,2.457899,0.7177287,0.3479996,2.368099,0.8130587,0.998019,2.571497
72057594037937085,0,0.8045341,5986.927,0.7347944,0.7057234,2.507606,0.8590782,1.021472,2.527875,0.6994979,0.9358082,2.602825,0.6172829,0.7835678,2.525311,0.6568305,0.911134,2.55934,0.6800585,0.9222018,2.56888,0.8534153,1.03276,2.593012,0.8621628,0.8787353,2.465596,0.8291262,0.720167,2.353644,0.8137354,0.6964539,2.344679,0.6989894,0.7010135,2.490788,0.7133439,0.4825265,2.392252,0.6929082,0.6782973,2.439868,0.7574759,0.70535,2.481079,0.6256759,0.5104244,2.457899,0.7177287,0.3479996,2.368099,0.8130587,0.998019,2.571497
72057594037937085,0,0.8045341,5986.931,0.7347944,0.7057234,2.507606,0.8590782,1.021472,2.527875,0.6994979,0.9358082,2.602825,0.6172829,0.7835678,2.525311,0.6568305,0.911134,2.55934,0.6800585,0.9222018,2.56888,0.8534153,1.03276,2.593012,0.8621628,0.8787353,2.465596,0.8291262,0.720167,2.353644,0.8137354,0.6964539,2.344679,0.6989894,0.7010135,2.490788,0.7133439,0.4825265,2.392252,0.6929082,0.6782973,2.439868,0.7574759,0.70535,2.481079,0.6256759,0.5104244,2.457899,0.7177287,0.3479996,2.368099,0.8130587,0.998019,2.571497
72057594037937085,0,0.8045341,5986.935,0.7347944,0.7057234,2.507606,0.8590782,1.021472,2.527875,0.6994979,0.9358082,2.602825,0.6172829,0.7835678,2.525311,0.6568305,0.911134,2.55934,0.6800585,0.9222018,2.56888,0.8534153,1.03276,2.593012,0.8621628,0.8787353,2.465596,0.8291262,0.720167,2.353644,0.8137354,0.6964539,2.344679,0.6989894,0.7010135,2.490788,0.7133439,0.4825265,2.392252,0.6929082,0.6782973,2.439868,0.7574759,0.70535,2.481079,0.6256759,0.5104244,2.457899,0.7177287,0.3479996,2.368099,0.8130587,0.998019,2.571497
72057594037937085,0,0.8048229,5986.939,0.7353708,0.7061529,2.508162,0.7834072,1.119565,2.598709,0.6979955,0.9364432,2.602332,0.6192812,0.7870831,2.520853,0.6594903,0.913897,2.556439,0.6738589,0.930257,2.567369,0.8524045,1.035025,2.593638,0.8715727,0.8796964,2.469404,0.8325344,0.7254552,2.353138,0.8218892,0.706881,2.342768,0.6994754,0.7009608,2.491377,0.7515699,0.4948992,2.379835,0.5786505,0.3933288,2.323884,0.7582029,0.7062832,2.481215,0.6284563,0.5102898,2.459435,0.7370539,0.3614619,2.364857,0.8092085,1.007665,2.597335
72057594037937085,0,0.8048229,5986.944,0.7353708,0.7061529,2.508162,0.7834072,1.119565,2.598709,0.6979955,0.9364432,2.602332,0.6192812,0.7870831,2.520853,0.6594903,0.913897,2.556439,0.6738589,0.930257,2.567369,0.8524045,1.035025,2.593638,0.8715727,0.8796964,2.469404,0.8325344,0.7254552,2.353138,0.8218892,0.706881,2.342768,0.6994754,0.7009608,2.491377,0.7515699,0.4948992,2.379835,0.5786505,0.3933288,2.323884,0.7582029,0.7062832,2.481215,0.6284563,0.5102898,2.459435,0.7370539,0.3614619,2.364857,0.8092085,1.007665,2.597335
72057594037937085,0,0.8048229,5986.949,0.7353708,0.7061529,2.508162,0.7834072,1.119565,2.598709,0.6979955,0.9364432,2.602332,0.6192812,0.7870831,2.520853,0.6594903,0.913897,2.556439,0.6738589,0.930257,2.567369,0.8524045,1.035025,2.593638,0.8715727,0.8796964,2.469404,0.8325344,0.7254552,2.353138,0.8218892,0.706881,2.342768,0.6994754,0.7009608,2.491377,0.7515699,0.4948992,2.379835,0.5786505,0.3933288,2.323884,0.7582029,0.7062832,2.481215,0.6284563,0.5102898,2.459435,0.7370539,0.3614619,2.364857,0.8092085,1.007665,2.597335
72057594037937085,0,0.8048229,5986.953,0.7353708,0.7061529,2.508162,0.7834072,1.119565,2.598709,0.6979955,0.9364432,2.602332,0.6192812,0.7870831,2.520853,0.6594903,0.913897,2.556439,0.6738589,0.930257,2.567369,0.8524045,1.035025,2.593638,0.8715727,0.8796964,2.469404,0.8325344,0.7254552,2.353138,0.8218892,0.706881,2.342768,0.6994754,0.7009608,2.491377,0.7515699,0.4948992,2.379835,0.5786505,0.3933288,2.323884,0.7582029,0.7062832,2.481215,0.6284563,0.5102898,2.459435,0.7370539,0.3614619,2.364857,0.8092085,1.007665,2.597335
72057594037937085,0,0.8048229,5986.957,0.7353708,0.7061529,2.508162,0.7834072,1.119565,2.598709,0.6979955,0.9364432,2.602332,0.6192812,0.7870831,2.520853,0.6594903,0.913897,2.556439,0.6738589,0.930257,2.567369,0.8524045,1.035025,2.593638,0.8715727,0.8796964,2.469404,0.8325344,0.7254552,2.353138,0.8218892,0.706881,2.342768,0.6994754,0.7009608,2.491377,0.7515699,0.4948992,2.379835,0.5786505,0.3933288,2.323884,0.7582029,0.7062832,2.481215,0.6284563,0.5102898,2.459435,0.7370539,0.3614619,2.364857,0.8092085,1.007665,2.597335
72057594037937085,0,0.8048229,5986.961,0.7353708,0.7061529,2.508162,0.7834072,1.119565,2.598709,0.6979955,0.9364432,2.602332,0.6192812,0.7870831,2.520853,0.6594903,0.913897,2.556439,0.6738589,0.930257,2.567369,0.8524045,1.035025,2.593638,0.8715727,0.8796964,2.469404,0.8325344,0.7254552,2.353138,0.8218892,0.706881,2.342768,0.6994754,0.7009608,2.491377,0.7515699,0.4948992,2.379835,0.5786505,0.3933288,2.323884,0.7582029,0.7062832,2.481215,0.6284563,0.5102898,2.459435,0.7370539,0.3614619,2.364857,0.8092085,1.007665,2.597335
72057594037937085,0,0.8048229,5986.967,0.7353708,0.7061529,2.508162,0.7834072,1.119565,2.598709,0.6979955,0.9364432,2.602332,0.6192812,0.7870831,2.520853,0.6594903,0.913897,2.556439,0.6738589,0.930257,2.567369,0.8524045,1.035025,2.593638,0.8715727,0.8796964,2.469404,0.8325344,0.7254552,2.353138,0.8218892,0.706881,2.342768,0.6994754,0.7009608,2.491377,0.7515699,0.4948992,2.379835,0.5786505,0.3933288,2.323884,0.7582029,0.7062832,2.481215,0.6284563,0.5102898,2.459435,0.7370539,0.3614619,2.364857,0.8092085,1.007665,2.597335
72057594037937085,0,0.8070306,5986.972,0.7375346,0.7066306,2.507143,0.793158,1.115103,2.604004,0.6969238,0.923595,2.585759,0.6204541,0.7921786,2.517144,0.6656312,0.9166978,2.554231,0.6818599,0.930275,2.555602,0.8524002,1.035022,2.593603,0.87468,0.8793521,2.470464,0.7810029,0.7582215,2.373667,0.8013532,0.7331256,2.361965,0.7017579,0.700883,2.490808,0.7595897,0.4996948,2.372428,0.5831183,0.4526036,2.461019,0.7606182,0.7073425,2.478862,0.6310366,0.5113113,2.460947,0.7444113,0.3682099,2.363513,0.8092508,1.008039,2.598147
72057594037937085,0,0.8070306,5986.976,0.7375346,0.7066306,2.507143,0.793158,1.115103,2.604004,0.6969238,0.923595,2.585759,0.6204541,0.7921786,2.517144,0.6656312,0.9166978,2.554231,0.6818599,0.930275,2.555602,0.8524002,1.035022,2.593603,0.87468,0.8793521,2.470464,0.7810029,0.7582215,2.373667,0.8013532,0.7331256,2.361965,0.7017579,0.700883,2.490808,0.7595897,0.4996948,2.372428,0.5831183,0.4526036,2.461019,0.7606182,0.7073425,2.478862,0.6310366,0.5113113,2.460947,0.7444113,0.3682099,2.363513,0.8092508,1.008039,2.598147
72057594037937085,0,0.8070306,5986.981,0.7375346,0.7066306,2.507143,0.793158,1.115103,2.604004,0.6969238,0.923595,2.585759,0.6204541,0.7921786,2.517144,0.6656312,0.9166978,2.554231,0.6818599,0.930275,2.555602,0.8524002,1.035022,2.593603,0.87468,0.8793521,2.470464,0.7810029,0.7582215,2.373667,0.8013532,0.7331256,2.361965,0.7017579,0.700883,2.490808,0.7595897,0.4996948,2.372428,0.5831183,0.4526036,2.461019,0.7606182,0.7073425,2.478862,0.6310366,0.5113113,2.460947,0.7444113,0.3682099,2.363513,0.8092508,1.008039,2.598147
72057594037937085,0,0.8070306,5986.985,0.7375346,0.7066306,2.507143,0.793158,1.115103,2.604004,0.6969238,0.923595,2.585759,0.6204541,0.7921786,2.517144,0.6656312,0.9166978,2.554231,0.6818599,0.930275,2.555602,0.8524002,1.035022,2.593603,0.87468,0.8793521,2.470464,0.7810029,0.7582215,2.373667,0.8013532,0.7331256,2.361965,0.7017579,0.700883,2.490808,0.7595897,0.4996948,2.372428,0.5831183,0.4526036,2.461019,0.7606182,0.7073425,2.478862,0.6310366,0.5113113,2.460947,0.7444113,0.3682099,2.363513,0.8092508,1.008039,2.598147
72057594037937085,0,0.8070306,5986.99,0.7375346,0.7066306,2.507143,0.793158,1.115103,2.604004,0.6969238,0.923595,2.585759,0.6204541,0.7921786,2.517144,0.6656312,0.9166978,2.554231,0.6818599,0.930275,2.555602,0.8524002,1.035022,2.593603,0.87468,0.8793521,2.470464,0.7810029,0.7582215,2.373667,0.8013532,0.7331256,2.361965,0.7017579,0.700883,2.490808,0.7595897,0.4996948,2.372428,0.5831183,0.4526036,2.461019,0.7606182,0.7073425,2.478862,0.6310366,0.5113113,2.460947,0.7444113,0.3682099,2.363513,0.8092508,1.008039,2.598147
72057594037937085,0,0.8070306,5986.995,0.7375346,0.7066306,2.507143,0.793158,1.115103,2.604004,0.6969238,0.923595,2.585759,0.6204541,0.7921786,2.517144,0.6656312,0.9166978,2.554231,0.6818599,0.930275,2.555602,0.8524002,1.035022,2.593603,0.87468,0.8793521,2.470464,0.7810029,0.7582215,2.373667,0.8013532,0.7331256,2.361965,0.7017579,0.700883,2.490808,0.7595897,0.4996948,2.372428,0.5831183,0.4526036,2.461019,0.7606182,0.7073425,2.478862,0.6310366,0.5113113,2.460947,0.7444113,0.3682099,2.363513,0.8092508,1.008039,2.598147
72057594037937085,0,0.8070306,5987,0.7375346,0.7066306,2.507143,0.793158,1.115103,2.604004,0.6969238,0.923595,2.585759,0.6204541,0.7921786,2.517144,0.6656312,0.9166978,2.554231,0.6818599,0.930275,2.555602,0.8524002,1.035022,2.593603,0.87468,0.8793521,2.470464,0.7810029,0.7582215,2.373667,0.8013532,0.7331256,2.361965,0.7017579,0.700883,2.490808,0.7595897,0.4996948,2.372428,0.5831183,0.4526036,2.461019,0.7606182,0.7073425,2.478862,0.6310366,0.5113113,2.460947,0.7444113,0.3682099,2.363513,0.8092508,1.008039,2.598147
72057594037937085,0,0.8069859,5987.005,0.7375324,0.7070608,2.506967,0.7941629,1.115774,2.604775,0.6954625,0.9136104,2.573281,0.6233483,0.7817599,2.500739,0.6634634,0.9027172,2.550719,0.6795493,0.9240177,2.562854,0.8525462,1.034872,2.593601,0.8792651,0.8789957,2.471811,0.7550778,0.7759669,2.39198,0.7275446,0.7473477,2.406434,0.7013979,0.7015525,2.49084,0.7569634,0.4982893,2.37546,0.5900375,0.449303,2.478753,0.7609504,0.7076986,2.478181,0.6322206,0.5112772,2.462702,0.7436099,0.3681189,2.36276,0.8095586,1.009162,2.600011
72057594037937085,0,0.8069859,5987.01,0.7375324,0.7070608,2.506967,0.7941629,1.115774,2.604775,0.6954625,0.9136104,2.573281,0.6233483,0.7817599,2.500739,0.6634634,0.9027172,2.550719,0.6795493,0.9240177,2.562854,0.8525462,1.034872,2.593601,0.8792651,0.8789957,2.471811,0.7550778,0.7759669,2.39198,0.7275446,0.7473477,2.406434,0.7013979,0.7015525,2.49084,0.7569634,0.4982893,2.37546,0.5900375,0.449303,2.478753,0.7609504,0.7076986,2.478181,0.6322206,0.5112772,2.462702,0.7436099,0.3681189,2.36276,0.8095586,1.009162,2.600011
72057594037937085,0,0.8069859,5987.015,0.7375324,0.7070608,2.506967,0.7941629,1.115774,2.604775,0.6954625,0.9136104,2.573281,0.6233483,0.7817599,2.500739,0.6634634,0.9027172,2.550719,0.6795493,0.9240177,2.562854,0.8525462,1.034872,2.593601,0.8792651,0.8789957,2.471811,0.7550778,0.7759669,2.39198,0.7275446,0.7473477,2.406434,0.7013979,0.7015525,2.49084,0.7569634,0.4982893,2.37546,0.5900375,0.449303,2.478753,0.7609504,0.7076986,2.478181,0.6322206,0.5112772,2.462702,0.7436099,0.3681189,2.36276,0.8095586,1.009162,2.600011
72057594037937085,0,0.8069859,5987.019,0.7375324,0.7070608,2.506967,0.7941629,1.115774,2.604775,0.6954625,0.9136104,2.573281,0.6233483,0.7817599,2.500739,0.6634634,0.9027172,2.550719,0.6795493,0.9240177,2.562854,0.8525462,1.034872,2.593601,0.8792651,0.8789957,2.471811,0.7550778,0.7759669,2.39198,0.7275446,0.7473477,2.406434,0.7013979,0.7015525,2.49084,0.7569634,0.4982893,2.37546,0.5900375,0.449303,2.478753,0.7609504,0.7076986,2.478181,0.6322206,0.5112772,2.462702,0.7436099,0.3681189,2.36276,0.8095586,1.009162,2.600011
72057594037937085,0,0.8069859,5987.024,0.7375324,0.7070608,2.506967,0.7941629,1.115774,2.604775,0.6954625,0.9136104,2.573281,0.6233483,0.7817599,2.500739,0.6634634,0.9027172,2.550719,0.6795493,0.9240177,2.562854,0.8525462,1.034872,2.593601,0.8792651,0.8789957,2.471811,0.7550778,0.7759669,2.39198,0.7275446,0.7473477,2.406434,0.7013979,0.7015525,2.49084,0.7569634,0.4982893,2.37546,0.5900375,0.449303,2.478753,0.7609504,0.7076986,2.478181,0.6322206,0.5112772,2.462702,0.7436099,0.3681189,2.36276,0.8095586,1.009162,2.600011
72057594037937085,0,0.8069859,5987.029,0.7375324,0.7070608,2.506967,0.7941629,1.115774,2.604775,0.6954625,0.9136104,2.573281,0.6233483,0.7817599,2.500739,0.6634634,0.9027172,2.550719,0.6795493,0.9240177,2.562854,0.8525462,1.034872,2.593601,0.8792651,0.8789957,2.471811,0.7550778,0.7759669,2.39198,0.7275446,0.7473477,2.406434,0.7013979,0.7015525,2.49084,0.7569634,0.4982893,2.37546,0.5900375,0.449303,2.478753,0.7609504,0.7076986,2.478181,0.6322206,0.5112772,2.462702,0.7436099,0.3681189,2.36276,0.8095586,1.009162,2.600011
72057594037937085,0,0.8069859,5987.035,0.7375324,0.7070608,2.506967,0.7941629,1.115774,2.604775,0.6954625,0.9136104,2.573281,0.6233483,0.7817599,2.500739,0.6634634,0.9027172,2.550719,0.6795493,0.9240177,2.562854,0.8525462,1.034872,2.593601,0.8792651,0.8789957,2.471811,0.7550778,0.7759669,2.39198,0.7275446,0.7473477,2.406434,0.7013979,0.7015525,2.49084,0.7569634,0.4982893,2.37546,0.5900375,0.449303,2.478753,0.7609504,0.7076986,2.478181,0.6322206,0.5112772,2.462702,0.7436099,0.3681189,2.36276,0.8095586,1.009162,2.600011
72057594037937085,0,0.8115876,5987.039,0.7424083,0.7098485,2.504735,0.7946048,1.11497,2.60501,0.6967428,0.9123588,2.5702,0.6258661,0.7830311,2.500258,0.666792,0.9051664,2.547078,0.6805992,0.9279654,2.556656,0.852753,1.034359,2.593664,0.8812189,0.878287,2.472616,0.755204,0.7723871,2.38789,0.728243,0.7472292,2.405053,0.7060102,0.7047395,2.489992,0.7196283,0.4806159,2.411105,0.7235841,0.6838984,2.421755,0.7662085,0.7098159,2.473899,0.6353058,0.515074,2.464099,0.7812542,0.3981848,2.376623,0.810158,1.010168,2.602211
72057594037937085,0,0.8115876,5987.043,0.7424083,0.7098485,2.504735,0.7946048,1.11497,2.60501,0.6967428,0.9123588,2.5702,0.6258661,0.7830311,2.500258,0.666792,0.9051664,2.547078,0.6805992,0.9279654,2.556656,0.852753,1.034359,2.593664,0.8812189,0.878287,2.472616,0.755204,0.7723871,2.38789,0.728243,0.7472292,2.405053,0.7060102,0.7047395,2.489992,0.7196283,0.4806159,2.411105,0.7235841,0.6838984,2.421755,0.7662085,0.7098159,2.473899,0.6353058,0.515074,2.464099,0.7812542,0.3981848,2.376623,0.810158,1.010168,2.602211
72057594037937085,0,0.8115876,5987.048,0.7424083,0.7098485,2.504735,0.7946048,1.11497,2.60501,0.6967428,0.9123588,2.5702,0.6258661,0.7830311,2.500258,0.666792,0.9051664,2.547078,0.6805992,0.9279654,2.556656,0.852753,1.034359,2.593664,0.8812189,0.878287,2.472616,0.755204,0.7723871,2.38789,0.728243,0.7472292,2.405053,0.7060102,0.7047395,2.489992,0.7196283,0.4806159,2.411105,0.7235841,0.6838984,2.421755,0.7662085,0.7098159,2.473899,0.6353058,0.515074,2.464099,0.7812542,0.3981848,2.376623,0.810158,1.010168,2.602211
72057594037937085,0,0.8115876,5987.054,0.7424083,0.7098485,2.504735,0.7946048,1.11497,2.60501,0.6967428,0.9123588,2.5702,0.6258661,0.7830311,2.500258,0.666792,0.9051664,2.547078,0.6805992,0.9279654,2.556656,0.852753,1.034359,2.593664,0.8812189,0.878287,2.472616,0.755204,0.7723871,2.38789,0.728243,0.7472292,2.405053,0.7060102,0.7047395,2.489992,0.7196283,0.4806159,2.411105,0.7235841,0.6838984,2.421755,0.7662085,0.7098159,2.473899,0.6353058,0.515074,2.464099,0.7812542,0.3981848,2.376623,0.810158,1.010168,2.602211
72057594037937085,0,0.8115876,5987.058,0.7424083,0.7098485,2.504735,0.7946048,1.11497,2.60501,0.6967428,0.9123588,2.5702,0.6258661,0.7830311,2.500258,0.666792,0.9051664,2.547078,0.6805992,0.9279654,2.556656,0.852753,1.034359,2.593664,0.8812189,0.878287,2.472616,0.755204,0.7723871,2.38789,0.728243,0.7472292,2.405053,0.7060102,0.7047395,2.489992,0.7196283,0.4806159,2.411105,0.7235841,0.6838984,2.421755,0.7662085,0.7098159,2.473899,0.6353058,0.515074,2.464099,0.7812542,0.3981848,2.376623,0.810158,1.010168,2.602211
72057594037937085,0,0.8115876,5987.063,0.7424083,0.7098485,2.504735,0.7946048,1.11497,2.60501,0.6967428,0.9123588,2.5702,0.6258661,0.7830311,2.500258,0.666792,0.9051664,2.547078,0.6805992,0.9279654,2.556656,0.852753,1.034359,2.593664,0.8812189,0.878287,2.472616,0.755204,0.7723871,2.38789,0.728243,0.7472292,2.405053,0.7060102,0.7047395,2.489992,0.7196283,0.4806159,2.411105,0.7235841,0.6838984,2.421755,0.7662085,0.7098159,2.473899,0.6353058,0.515074,2.464099,0.7812542,0.3981848,2.376623,0.810158,1.010168,2.602211
72057594037937085,0,0.8115876,5987.068,0.7424083,0.7098485,2.504735,0.7946048,1.11497,2.60501,0.6967428,0.9123588,2.5702,0.6258661,0.7830311,2.500258,0.666792,0.9051664,2.547078,0.6805992,0.9279654,2.556656,0.852753,1.034359,2.593664,0.8812189,0.878287,2.472616,0.755204,0.7723871,2.38789,0.728243,0.7472292,2.405053,0.7060102,0.7047395,2.489992,0.7196283,0.4806159,2.411105,0.7235841,0.6838984,2.421755,0.7662085,0.7098159,2.473899,0.6353058,0.515074,2.464099,0.7812542,0.3981848,2.376623,0.810158,1.010168,2.602211
72057594037937085,0,0.8168298,5987.073,0.7470559,0.7094306,2.5019,0.7958025,1.11517,2.604793,0.6970497,0.9111499,2.567763,0.6277361,0.784352,2.499494,0.66892,0.906233,2.546667,0.6846928,0.9276803,2.558598,0.853168,1.033551,2.593233,0.8814263,0.8769602,2.472846,0.765274,0.7686013,2.384871,0.7891515,0.7452842,2.38087,0.7105722,0.7050135,2.484851,0.7800084,0.5058358,2.37121,0.6091411,0.5204213,2.478493,0.7711065,0.7085478,2.472707,0.6322466,0.5202209,2.472422,0.749465,0.3820459,2.371911,0.8107533,1.010484,2.60268
72057594037937085,0,0.8168298,5987.078,0.7470559,0.7094306,2.5019,0.7958025,1.11517,2.604793,0.6970497,0.9111499,2.567763,0.6277361,0.784352,2.499494,0.66892,0.906233,2.546667,0.6846928,0.9276803,2.558598,0.853168,1.033551,2.593233,0.8814263,0.8769602,2.472846,0.765274,0.7686013,2.384871,0.7891515,0.7452842,2.38087,0.7105722,0.7050135,2.484851,0.7800084,0.5058358,2.37121,0.6091411,0.5204213,2.478493,0.7711065,0.7085478,2.472707,0.6322466,0.5202209,2.472422,0.749465,0.3820459,2.371911,0.8107533,1.010484,2.60268
72057594037937085,0,0.8168298,5987.082,0.7470559,0.7094306,2.5019,0.7958025,1.11517,2.604793,0.6970497,0.9111499,2.567763,0.6277361,0.784352,2.499494,0.66892,0.906233,2.546667,0.6846928,0.9276803,2.558598,0.853168,1.033551,2.593233,0.8814263,0.8769602,2.472846,0.765274,0.7686013,2.384871,0.7891515,0.7452842,2.38087,0.7105722,0.7050135,2.484851,0.7800084,0.5058358,2.37121,0.6091411,0.5204213,2.478493,0.7711065,0.7085478,2.472707,0.6322466,0.5202209,2.472422,0.749465,0.3820459,2.371911,0.8107533,1.010484,2.60268
72057594037937085,0,0.8168298,5987.087,0.7470559,0.7094306,2.5019,0.7958025,1.11517,2.604793,0.6970497,0.9111499,2.567763,0.6277361,0.784352,2.499494,0.66892,0.906233,2.546667,0.6846928,0.9276803,2.558598,0.853168,1.033551,2.593233,0.8814263,0.8769602,2.472846,0.765274,0.7686013,2.384871,0.7891515,0.7452842,2.38087,0.7105722,0.7050135,2.484851,0.7800084,0.5058358,2.37121,0.6091411,0.5204213,2.478493,0.7711065,0.7085478,2.472707,0.6322466,0.5202209,2.472422,0.749465,0.3820459,2.371911,0.8107533,1.010484,2.60268
72057594037937085,0,0.8168298,5987.091,0.7470559,0.7094306,2.5019,0.7958025,1.11517,2.604793,0.6970497,0.9111499,2.567763,0.6277361,0.784352,2.499494,0.66892,0.906233,2.546667,0.6846928,0.9276803,2.558598,0.853168,1.033551,2.593233,0.8814263,0.8769602,2.472846,0.765274,0.7686013,2.384871,0.7891515,0.7452842,2.38087,0.7105722,0.7050135,2.484851,0.7800084,0.5058358,2.37121,0.6091411,0.5204213,2.478493,0.7711065,0.7085478,2.472707,0.6322466,0.5202209,2.472422,0.749465,0.3820459,2.371911,0.8107533,1.010484,2.60268
72057594037937085,0,0.8168298,5987.096,0.7470559,0.7094306,2.5019,0.7958025,1.11517,2.604793,0.6970497,0.9111499,2.567763,0.6277361,0.784352,2.499494,0.66892,0.906233,2.546667,0.6846928,0.9276803,2.558598,0.853168,1.033551,2.593233,0.8814263,0.8769602,2.472846,0.765274,0.7686013,2.384871,0.7891515,0.7452842,2.38087,0.7105722,0.7050135,2.484851,0.7800084,0.5058358,2.37121,0.6091411,0.5204213,2.478493,0.7711065,0.7085478,2.472707,0.6322466,0.5202209,2.472422,0.749465,0.3820459,2.371911,0.8107533,1.010484,2.60268
72057594037937085,0,0.8168298,5987.1,0.7470559,0.7094306,2.5019,0.7958025,1.11517,2.604793,0.6970497,0.9111499,2.567763,0.6277361,0.784352,2.499494,0.66892,0.906233,2.546667,0.6846928,0.9276803,2.558598,0.853168,1.033551,2.593233,0.8814263,0.8769602,2.472846,0.765274,0.7686013,2.384871,0.7891515,0.7452842,2.38087,0.7105722,0.7050135,2.484851,0.7800084,0.5058358,2.37121,0.6091411,0.5204213,2.478493,0.7711065,0.7085478,2.472707,0.6322466,0.5202209,2.472422,0.749465,0.3820459,2.371911,0.8107533,1.010484,2.60268
72057594037937085,0,0.8100808,5987.105,0.7398331,0.7036232,2.506252,0.7984363,1.115588,2.603442,0.7000842,0.90964,2.563055,0.627248,0.7923313,2.496782,0.669533,0.9128858,2.545615,0.6845203,0.9284129,2.550526,0.8446872,0.9883627,2.548022,0.8843616,0.8298918,2.434651,0.7589935,0.7674311,2.388876,0.7342276,0.7519382,2.406511,0.6991013,0.7000083,2.492713,0.740727,0.4835415,2.40218,0.8373365,0.651984,2.334009,0.7663119,0.7014768,2.474816,0.6384927,0.5052781,2.469831,0.723837,0.3441912,2.370591,0.8106392,1.010383,2.602863
72057594037937085,0,0.8100808,5987.11,0.7398331,0.7036232,2.506252,0.7984363,1.115588,2.603442,0.7000842,0.90964,2.563055,0.627248,0.7923313,2.496782,0.669533,0.9128858,2.545615,0.6845203,0.9284129,2.550526,0.8446872,0.9883627,2.548022,0.8843616,0.8298918,2.434651,0.7589935,0.7674311,2.388876,0.7342276,0.7519382,2.406511,0.6991013,0.7000083,2.492713,0.740727,0.4835415,2.40218,0.8373365,0.651984,2.334009,0.7663119,0.7014768,2.474816,0.6384927,0.5052781,2.469831,0.723837,0.3441912,2.370591,0.8106392,1.010383,2.602863
72057594037937085,0,0.8100808,5987.114,0.7398331,0.7036232,2.506252,0.7984363,1.115588,2.603442,0.7000842,0.90964,2.563055,0.627248,0.7923313,2.496782,0.669533,0.9128858,2.545615,0.6845203,0.9284129,2.550526,0.8446872,0.9883627,2.548022,0.8843616,0.8298918,2.434651,0.7589935,0.7674311,2.388876,0.7342276,0.7519382,2.406511,0.6991013,0.7000083,2.492713,0.740727,0.4835415,2.40218,0.8373365,0.651984,2.334009,0.7663119,0.7014768,2.474816,0.6384927,0.5052781,2.469831,0.723837,0.3441912,2.370591,0.8106392,1.010383,2.602863
72057594037937085,0,0.8100808,5987.118,0.7398331,0.7036232,2.506252,0.7984363,1.115588,2.603442,0.7000842,0.90964,2.563055,0.627248,0.7923313,2.496782,0.669533,0.9128858,2.545615,0.6845203,0.9284129,2.550526,0.8446872,0.9883627,2.548022,0.8843616,0.8298918,2.434651,0.7589935,0.7674311,2.388876,0.7342276,0.7519382,2.406511,0.6991013,0.7000083,2.492713,0.740727,0.4835415,2.40218,0.8373365,0.651984,2.334009,0.7663119,0.7014768,2.474816,0.6384927,0.5052781,2.469831,0.723837,0.3441912,2.370591,0.8106392,1.010383,2.602863
72057594037937085,0,0.8100808,5987.123,0.7398331,0.7036232,2.506252,0.7984363,1.115588,2.603442,0.7000842,0.90964,2.563055,0.627248,0.7923313,2.496782,0.669533,0.9128858,2.545615,0.6845203,0.9284129,2.550526,0.8446872,0.9883627,2.548022,0.8843616,0.8298918,2.434651,0.7589935,0.7674311,2.388876,0.7342276,0.7519382,2.406511,0.6991013,0.7000083,2.492713,0.740727,0.4835415,2.40218,0.8373365,0.651984,2.334009,0.7663119,0.7014768,2.474816,0.6384927,0.5052781,2.469831,0.723837,0.3441912,2.370591,0.8106392,1.010383,2.602863
72057594037937085,0,0.8100808,5987.127,0.7398331,0.7036232,2.506252,0.7984363,1.115588,2.603442,0.7000842,0.90964,2.563055,0.627248,0.7923313,2.496782,0.669533,0.9128858,2.545615,0.6845203,0.9284129,2.550526,0.8446872,0.9883627,2.548022,0.8843616,0.8298918,2.434651,0.7589935,0.7674311,2.388876,0.7342276,0.7519382,2.406511,0.6991013,0.7000083,2.492713,0.740727,0.4835415,2.40218,0.8373365,0.651984,2.334009,0.7663119,0.7014768,2.474816,0.6384927,0.5052781,2.469831,0.723837,0.3441912,2.370591,0.8106392,1.010383,2.602863
72057594037937085,0,0.8100808,5987.132,0.7398331,0.7036232,2.506252,0.7984363,1.115588,2.603442,0.7000842,0.90964,2.563055,0.627248,0.7923313,2.496782,0.669533,0.9128858,2.545615,0.6845203,0.9284129,2.550526,0.8446872,0.9883627,2.548022,0.8843616,0.8298918,2.434651,0.7589935,0.7674311,2.388876,0.7342276,0.7519382,2.406511,0.6991013,0.7000083,2.492713,0.740727,0.4835415,2.40218,0.8373365,0.651984,2.334009,0.7663119,0.7014768,2.474816,0.6384927,0.5052781,2.469831,0.723837,0.3441912,2.370591,0.8106392,1.010383,2.602863
72057594037937085,0,0.8122364,5987.138,0.7408807,0.6986308,2.50598,0.8011994,1.116776,2.603333,0.7026032,0.9013588,2.552286,0.6250948,0.7890702,2.492822,0.6698714,0.9090256,2.541307,0.6830639,0.9291412,2.553851,0.8446586,0.9889338,2.548506,0.8968009,0.8314902,2.439791,0.7664944,0.7653883,2.384063,0.7399763,0.7506594,2.403143,0.6991276,0.6944354,2.490144,0.7476802,0.4784592,2.403411,0.845703,0.6463989,2.335602,0.7689863,0.6961294,2.476404,0.5791616,0.5818492,2.532152,0.6035085,0.3918124,2.451632,0.810636,1.010105,2.60318
72057594037937085,0,0.8122364,5987.142,0.7408807,0.6986308,2.50598,0.8011994,1.116776,2.603333,0.7026032,0.9013588,2.552286,0.6250948,0.7890702,2.492822,0.6698714,0.9090256,2.541307,0.6830639,0.9291412,2.553851,0.8446586,0.9889338,2.548506,0.8968009,0.8314902,2.439791,0.7664944,0.7653883,2.384063,0.7399763,0.7506594,2.403143,0.6991276,0.6944354,2.490144,0.7476802,0.4784592,2.403411,0.845703,0.6463989,2.335602,0.7689863,0.6961294,2.476404,0.5791616,0.5818492,2.532152,0.6035085,0.3918124,2.451632,0.810636,1.010105,2.60318
72057594037937085,0,0.8122364,5987.146,0.7408807,0.6986308,2.50598,0.8011994,1.116776,2.603333,0.7026032,0.9013588,2.552286,0.6250948,0.7890702,2.492822,0.6698714,0.9090256,2.541307,0.6830639,0.9291412,2.553851,0.8446586,0.9889338,2.548506,0.8968009,0.8314902,2.439791,0.7664944,0.7653883,2.384063,0.7399763,0.7506594,2.403143,0.6991276,0.6944354,2.490144,0.7476802,0.4784592,2.403411,0.845703,0.6463989,2.335602,0.7689863,0.6961294,2.476404,0.5791616,0.5818492,2.532152,0.6035085,0.3918124,2.451632,0.810636,1.010105,2.60318
72057594037937085,0,0.8122364,5987.15,0.7408807,0.6986308,2.50598,0.8011994,1.116776,2.603333,0.7026032,0.9013588,2.552286,0.6250948,0.7890702,2.492822,0.6698714,0.9090256,2.541307,0.6830639,0.9291412,2.553851,0.8446586,0.9889338,2.548506,0.8968009,0.8314902,2.439791,0.7664944,0.7653883,2.384063,0.7399763,0.7506594,2.403143,0.6991276,0.6944354,2.490144,0.7476802,0.4784592,2.403411,0.845703,0.6463989,2.335602,0.7689863,0.6961294,2.476404,0.5791616,0.5818492,2.532152,0.6035085,0.3918124,2.451632,0.810636,1.010105,2.60318
72057594037937085,0,0.8122364,5987.155,0.7408807,0.6986308,2.50598,0.8011994,1.116776,2.603333,0.7026032,0.9013588,2.552286,0.6250948,0.7890702,2.492822,0.6698714,0.9090256,2.541307,0.6830639,0.9291412,2.553851,0.8446586,0.9889338,2.548506,0.8968009,0.8314902,2.439791,0.7664944,0.7653883,2.384063,0.7399763,0.7506594,2.403143,0.6991276,0.6944354,2.490144,0.7476802,0.4784592,2.403411,0.845703,0.6463989,2.335602,0.7689863,0.6961294,2.476404,0.5791616,0.5818492,2.532152,0.6035085,0.3918124,2.451632,0.810636,1.010105,2.60318
72057594037937085,0,0.8122364,5987.159,0.7408807,0.6986308,2.50598,0.8011994,1.116776,2.603333,0.7026032,0.9013588,2.552286,0.6250948,0.7890702,2.492822,0.6698714,0.9090256,2.541307,0.6830639,0.9291412,2.553851,0.8446586,0.9889338,2.548506,0.8968009,0.8314902,2.439791,0.7664944,0.7653883,2.384063,0.7399763,0.7506594,2.403143,0.6991276,0.6944354,2.490144,0.7476802,0.4784592,2.403411,0.845703,0.6463989,2.335602,0.7689863,0.6961294,2.476404,0.5791616,0.5818492,2.532152,0.6035085,0.3918124,2.451632,0.810636,1.010105,2.60318
72057594037937085,0,0.8122364,5987.164,0.7408807,0.6986308,2.50598,0.8011994,1.116776,2.603333,0.7026032,0.9013588,2.552286,0.6250948,0.7890702,2.492822,0.6698714,0.9090256,2.541307,0.6830639,0.9291412,2.553851,0.8446586,0.9889338,2.548506,0.8968009,0.8314902,2.439791,0.7664944,0.7653883,2.384063,0.7399763,0.7506594,2.403143,0.6991276,0.6944354,2.490144,0.7476802,0.4784592,2.403411,0.845703,0.6463989,2.335602,0.7689863,0.6961294,2.476404,0.5791616,0.5818492,2.532152,0.6035085,0.3918124,2.451632,0.810636,1.010105,2.60318
72057594037937085,0,0.8090424,5987.168,0.7379996,0.6974807,2.5087,0.799988,1.11755,2.602117,0.7021647,0.8991349,2.550963,0.6227556,0.7885918,2.490943,0.6687202,0.9086561,2.537242,0.6853483,0.9288139,2.54853,0.8447324,0.9884847,2.547831,0.9059595,0.8331464,2.441679,0.7723184,0.7660396,2.379274,0.7544758,0.7577567,2.39317,0.695088,0.6937132,2.493556,0.7626148,0.4871261,2.395907,0.8697468,0.6463077,2.320381,0.767365,0.6950471,2.478214,0.6385115,0.4992253,2.471194,0.6511375,0.3020543,2.408415,0.8105472,1.010098,2.604666
72057594037937085,0,0.8090424,5987.173,0.7379996,0.6974807,2.5087,0.799988,1.11755,2.602117,0.7021647,0.8991349,2.550963,0.6227556,0.7885918,2.490943,0.6687202,0.9086561,2.537242,0.6853483,0.9288139,2.54853,0.8447324,0.9884847,2.547831,0.9059595,0.8331464,2.441679,0.7723184,0.7660396,2.379274,0.7544758,0.7577567,2.39317,0.695088,0.6937132,2.493556,0.7626148,0.4871261,2.395907,0.8697468,0.6463077,2.320381,0.767365,0.6950471,2.478214,0.6385115,0.4992253,2.471194,0.6511375,0.3020543,2.408415,0.8105472,1.010098,2.604666
72057594037937085,0,0.8090424,5987.177,0.7379996,0.6974807,2.5087,0.799988,1.11755,2.602117,0.7021647,0.8991349,2.550963,0.6227556,0.7885918,2.490943,0.6687202,0.9086561,2.537242,0.6853483,0.9288139,2.54853,0.8447324,0.9884847,2.547831,0.9059595,0.8331464,2.441679,0.7723184,0.7660396,2.379274,0.7544758,0.7577567,2.39317,0.695088,0.6937132,2.493556,0.7626148,0.4871261,2.395907,0.8697468,0.6463077,2.320381,0.767365,0.6950471,2.478214,0.6385115,0.4992253,2.471194,0.6511375,0.3020543,2.408415,0.8105472,1.010098,2.604666
72057594037937085,0,0.8090424,5987.181,0.7379996,0.6974807,2.5087,0.799988,1.11755,2.602117,0.7021647,0.8991349,2.550963,0.6227556,0.7885918,2.490943,0.6687202,0.9086561,2.537242,0.6853483,0.9288139,2.54853,0.8447324,0.9884847,2.547831,0.9059595,0.8331464,2.441679,0.7723184,0.7660396,2.379274,0.7544758,0.7577567,2.39317,0.695088,0.6937132,2.493556,0.7626148,0.4871261,2.395907,0.8697468,0.6463077,2.320381,0.767365,0.6950471,2.478214,0.6385115,0.4992253,2.471194,0.6511375,0.3020543,2.408415,0.8105472,1.010098,2.604666
72057594037937085,0,0.8090424,5987.187,0.7379996,0.6974807,2.5087,0.799988,1.11755,2.602117,0.7021647,0.8991349,2.550963,0.6227556,0.7885918,2.490943,0.6687202,0.9086561,2.537242,0.6853483,0.9288139,2.54853,0.8447324,0.9884847,2.547831,0.9059595,0.8331464,2.441679,0.7723184,0.7660396,2.379274,0.7544758,0.7577567,2.39317,0.695088,0.6937132,2.493556,0.7626148,0.4871261,2.395907,0.8697468,0.6463077,2.320381,0.767365,0.6950471,2.478214,0.6385115,0.4992253,2.471194,0.6511375,0.3020543,2.408415,0.8105472,1.010098,2.604666
72057594037937085,0,0.8090424,5987.191,0.7379996,0.6974807,2.5087,0.799988,1.11755,2.602117,0.7021647,0.8991349,2.550963,0.6227556,0.7885918,2.490943,0.6687202,0.9086561,2.537242,0.6853483,0.9288139,2.54853,0.8447324,0.9884847,2.547831,0.9059595,0.8331464,2.441679,0.7723184,0.7660396,2.379274,0.7544758,0.7577567,2.39317,0.695088,0.6937132,2.493556,0.7626148,0.4871261,2.395907,0.8697468,0.6463077,2.320381,0.767365,0.6950471,2.478214,0.6385115,0.4992253,2.471194,0.6511375,0.3020543,2.408415,0.8105472,1.010098,2.604666
72057594037937085,0,0.8090424,5987.195,0.7379996,0.6974807,2.5087,0.799988,1.11755,2.602117,0.7021647,0.8991349,2.550963,0.6227556,0.7885918,2.490943,0.6687202,0.9086561,2.537242,0.6853483,0.9288139,2.54853,0.8447324,0.9884847,2.547831,0.9059595,0.8331464,2.441679,0.7723184,0.7660396,2.379274,0.7544758,0.7577567,2.39317,0.695088,0.6937132,2.493556,0.7626148,0.4871261,2.395907,0.8697468,0.6463077,2.320381,0.767365,0.6950471,2.478214,0.6385115,0.4992253,2.471194,0.6511375,0.3020543,2.408415,0.8105472,1.010098,2.604666
72057594037937085,0,0.8090424,5987.2,0.7379996,0.6974807,2.5087,0.799988,1.11755,2.602117,0.7021647,0.8991349,2.550963,0.6227556,0.7885918,2.490943,0.6687202,0.9086561,2.537242,0.6853483,0.9288139,2.54853,0.8447324,0.9884847,2.547831,0.9059595,0.8331464,2.441679,0.7723184,0.7660396,2.379274,0.7544758,0.7577567,2.39317,0.695088,0.6937132,2.493556,0.7626148,0.4871261,2.395907,0.8697468,0.6463077,2.320381,0.767365,0.6950471,2.478214,0.6385115,0.4992253,2.471194,0.6511375,0.3020543,2.408415,0.8105472,1.010098,2.604666
72057594037937085,0,0.8091002,5987.204,0.7377105,0.697787,2.507286,0.8006096,1.119847,2.596483,0.700874,0.8910046,2.544643,0.6170431,0.7813428,2.49,0.6735491,0.9423302,2.564224,0.6905438,0.9541464,2.562649,0.8391272,0.9642223,2.536548,0.9135541,0.8145576,2.431322,0.7759394,0.7650192,2.375558,0.7483853,0.7520003,2.399437,0.69371,0.6933453,2.494492,0.7959712,0.5176938,2.366693,0.9022506,0.6785499,2.293668,0.7695336,0.6978688,2.467966,0.5827261,0.7685794,2.562879,0.5956075,0.5706159,2.500241,0.8113126,1.009963,2.605291
72057594037937085,0,0.8091002,5987.208,0.7377105,0.697787,2.507286,0.8006096,1.119847,2.596483,0.700874,0.8910046,2.544643,0.6170431,0.7813428,2.49,0.6735491,0.9423302,2.564224,0.6905438,0.9541464,2.562649,0.8391272,0.9642223,2.536548,0.9135541,0.8145576,2.431322,0.7759394,0.7650192,2.375558,0.7483853,0.7520003,2.399437,0.69371,0.6933453,2.494492,0.7959712,0.5176938,2.366693,0.9022506,0.6785499,2.293668,0.7695336,0.6978688,2.467966,0.5827261,0.7685794,2.562879,0.5956075,0.5706159,2.500241,0.8113126,1.009963,2.605291
72057594037937085,0,0.8091002,5987.212,0.7377105,0.697787,2.507286,0.8006096,1.119847,2.596483,0.700874,0.8910046,2.544643,0.6170431,0.7813428,2.49,0.6735491,0.9423302,2.564224,0.6905438,0.9541464,2.562649,0.8391272,0.9642223,2.536548,0.9135541,0.8145576,2.431322,0.7759394,0.7650192,2.375558,0.7483853,0.7520003,2.399437,0.69371,0.6933453,2.494492,0.7959712,0.5176938,2.366693,0.9022506,0.6785499,2.293668,0.7695336,0.6978688,2.467966,0.5827261,0.7685794,2.562879,0.5956075,0.5706159,2.500241,0.8113126,1.009963,2.605291
72057594037937085,0,0.8091002,5987.216,0.7377105,0.697787,2.507286,0.8006096,1.119847,2.596483,0.700874,0.8910046,2.544643,0.6170431,0.7813428,2.49,0.6735491,0.9423302,2.564224,0.6905438,0.9541464,2.562649,0.8391272,0.9642223,2.536548,0.9135541,0.8145576,2.431322,0.7759394,0.7650192,2.375558,0.7483853,0.7520003,2.399437,0.69371,0.6933453,2.494492,0.7959712,0.5176938,2.366693,0.9022506,0.6785499,2.293668,0.7695336,0.6978688,2.467966,0.5827261,0.7685794,2.562879,0.5956075,0.5706159,2.500241,0.8113126,1.009963,2.605291
72057594037937085,0,0.8091002,5987.221,0.7377105,0.697787,2.507286,0.8006096,1.119847,2.596483,0.700874,0.8910046,2.544643,0.6170431,0.7813428,2.49,0.6735491,0.9423302,2.564224,0.6905438,0.9541464,2.562649,0.8391272,0.9642223,2.536548,0.9135541,0.8145576,2.431322,0.7759394,0.7650192,2.375558,0.7483853,0.7520003,2.399437,0.69371,0.6933453,2.494492,0.7959712,0.5176938,2.366693,0.9022506,0.6785499,2.293668,0.7695336,0.6978688,2.467966,0.5827261,0.7685794,2.562879,0.5956075,0.5706159,2.500241,0.8113126,1.009963,2.605291
72057594037937085,0,0.8091002,5987.225,0.7377105,0.697787,2.507286,0.8006096,1.119847,2.596483,0.700874,0.8910046,2.544643,0.6170431,0.7813428,2.49,0.6735491,0.9423302,2.564224,0.6905438,0.9541464,2.562649,0.8391272,0.9642223,2.536548,0.9135541,0.8145576,2.431322,0.7759394,0.7650192,2.375558,0.7483853,0.7520003,2.399437,0.69371,0.6933453,2.494492,0.7959712,0.5176938,2.366693,0.9022506,0.6785499,2.293668,0.7695336,0.6978688,2.467966,0.5827261,0.7685794,2.562879,0.5956075,0.5706159,2.500241,0.8113126,1.009963,2.605291
72057594037937085,0,0.8091002,5987.229,0.7377105,0.697787,2.507286,0.8006096,1.119847,2.596483,0.700874,0.8910046,2.544643,0.6170431,0.7813428,2.49,0.6735491,0.9423302,2.564224,0.6905438,0.9541464,2.562649,0.8391272,0.9642223,2.536548,0.9135541,0.8145576,2.431322,0.7759394,0.7650192,2.375558,0.7483853,0.7520003,2.399437,0.69371,0.6933453,2.494492,0.7959712,0.5176938,2.366693,0.9022506,0.6785499,2.293668,0.7695336,0.6978688,2.467966,0.5827261,0.7685794,2.562879,0.5956075,0.5706159,2.500241,0.8113126,1.009963,2.605291
72057594037937085,0,0.8091002,5987.235,0.7377105,0.697787,2.507286,0.8006096,1.119847,2.596483,0.700874,0.8910046,2.544643,0.6170431,0.7813428,2.49,0.6735491,0.9423302,2.564224,0.6905438,0.9541464,2.562649,0.8391272,0.9642223,2.536548,0.9135541,0.8145576,2.431322,0.7759394,0.7650192,2.375558,0.7483853,0.7520003,2.399437,0.69371,0.6933453,2.494492,0.7959712,0.5176938,2.366693,0.9022506,0.6785499,2.293668,0.7695336,0.6978688,2.467966,0.5827261,0.7685794,2.562879,0.5956075,0.5706159,2.500241,0.8113126,1.009963,2.605291
72057594037937085,0,0.8067017,5987.239,0.7352998,0.6958706,2.50937,0.8012544,1.132647,2.590111,0.690636,0.893907,2.551653,0.6196148,0.7807498,2.485643,0.6735467,0.9421378,2.560845,0.6935847,0.925483,2.549389,0.8359767,0.8711982,2.458386,0.974212,0.8262265,2.411871,0.7961761,0.840957,2.391182,0.7645076,0.8242002,2.439402,0.6884876,0.695003,2.505628,0.8664445,0.7979981,2.396927,0.6739538,0.8137178,2.465729,0.7662646,0.6903304,2.467509,0.5996682,0.806111,2.554605,0.6125227,0.6078817,2.491962,0.8123051,1.007635,2.610806
72057594037937085,0,0.8067017,5987.243,0.7352998,0.6958706,2.50937,0.8012544,1.132647,2.590111,0.690636,0.893907,2.551653,0.6196148,0.7807498,2.485643,0.6735467,0.9421378,2.560845,0.6935847,0.925483,2.549389,0.8359767,0.8711982,2.458386,0.974212,0.8262265,2.411871,0.7961761,0.840957,2.391182,0.7645076,0.8242002,2.439402,0.6884876,0.695003,2.505628,0.8664445,0.7979981,2.396927,0.6739538,0.8137178,2.465729,0.7662646,0.6903304,2.467509,0.5996682,0.806111,2.554605,0.6125227,0.6078817,2.491962,0.8123051,1.007635,2.610806
72057594037937085,0,0.8067017,5987.248,0.7352998,0.6958706,2.50937,0.8012544,1.132647,2.590111,0.690636,0.893907,2.551653,0.6196148,0.7807498,2.485643,0.6735467,0.9421378,2.560845,0.6935847,0.925483,2.549389,0.8359767,0.8711982,2.458386,0.974212,0.8262265,2.411871,0.7961761,0.840957,2.391182,0.7645076,0.8242002,2.439402,0.6884876,0.695003,2.505628,0.8664445,0.7979981,2.396927,0.6739538,0.8137178,2.465729,0.7662646,0.6903304,2.467509,0.5996682,0.806111,2.554605,0.6125227,0.6078817,2.491962,0.8123051,1.007635,2.610806
72057594037937085,0,0.8067017,5987.251,0.7352998,0.6958706,2.50937,0.8012544,1.132647,2.590111,0.690636,0.893907,2.551653,0.6196148,0.7807498,2.485643,0.6735467,0.9421378,2.560845,0.6935847,0.925483,2.549389,0.8359767,0.8711982,2.458386,0.974212,0.8262265,2.411871,0.7961761,0.840957,2.391182,0.7645076,0.8242002,2.439402,0.6884876,0.695003,2.505628,0.8664445,0.7979981,2.396927,0.6739538,0.8137178,2.465729,0.7662646,0.6903304,2.467509,0.5996682,0.806111,2.554605,0.6125227,0.6078817,2.491962,0.8123051,1.007635,2.610806
72057594037937085,0,0.8067017,5987.256,0.7352998,0.6958706,2.50937,0.8012544,1.132647,2.590111,0.690636,0.893907,2.551653,0.6196148,0.7807498,2.485643,0.6735467,0.9421378,2.560845,0.6935847,0.925483,2.549389,0.8359767,0.8711982,2.458386,0.974212,0.8262265,2.411871,0.7961761,0.840957,2.391182,0.7645076,0.8242002,2.439402,0.6884876,0.695003,2.505628,0.8664445,0.7979981,2.396927,0.6739538,0.8137178,2.465729,0.7662646,0.6903304,2.467509,0.5996682,0.806111,2.554605,0.6125227,0.6078817,2.491962,0.8123051,1.007635,2.610806
72057594037937085,0,0.8067017,5987.26,0.7352998,0.6958706,2.50937,0.8012544,1.132647,2.590111,0.690636,0.893907,2.551653,0.6196148,0.7807498,2.485643,0.6735467,0.9421378,2.560845,0.6935847,0.925483,2.549389,0.8359767,0.8711982,2.458386,0.974212,0.8262265,2.411871,0.7961761,0.840957,2.391182,0.7645076,0.8242002,2.439402,0.6884876,0.695003,2.505628,0.8664445,0.7979981,2.396927,0.6739538,0.8137178,2.465729,0.7662646,0.6903304,2.467509,0.5996682,0.806111,2.554605,0.6125227,0.6078817,2.491962,0.8123051,1.007635,2.610806
72057594037937085,0,0.8067017,5987.265,0.7352998,0.6958706,2.50937,0.8012544,1.132647,2.590111,0.690636,0.893907,2.551653,0.6196148,0.7807498,2.485643,0.6735467,0.9421378,2.560845,0.6935847,0.925483,2.549389,0.8359767,0.8711982,2.458386,0.974212,0.8262265,2.411871,0.7961761,0.840957,2.391182,0.7645076,0.8242002,2.439402,0.6884876,0.695003,2.505628,0.8664445,0.7979981,2.396927,0.6739538,0.8137178,2.465729,0.7662646,0.6903304,2.467509,0.5996682,0.806111,2.554605,0.6125227,0.6078817,2.491962,0.8123051,1.007635,2.610806
72057594037937085,0,0.8067017,5987.269,0.7352998,0.6958706,2.50937,0.8012544,1.132647,2.590111,0.690636,0.893907,2.551653,0.6196148,0.7807498,2.485643,0.6735467,0.9421378,2.560845,0.6935847,0.925483,2.549389,0.8359767,0.8711982,2.458386,0.974212,0.8262265,2.411871,0.7961761,0.840957,2.391182,0.7645076,0.8242002,2.439402,0.6884876,0.695003,2.505628,0.8664445,0.7979981,2.396927,0.6739538,0.8137178,2.465729,0.7662646,0.6903304,2.467509,0.5996682,0.806111,2.554605,0.6125227,0.6078817,2.491962,0.8123051,1.007635,2.610806
72057594037937085,0,0.8227893,5987.274,0.7539618,0.6865742,2.522429,0.8015558,1.131775,2.590766,0.6972444,0.8567905,2.522258,0.5821266,0.7701051,2.494625,0.6634657,0.926603,2.55489,0.6967943,0.9320084,2.548414,0.8363741,0.8731707,2.458396,0.8107731,1.048316,2.515622,0.759545,1.193062,2.510046,0.7528844,1.21531,2.512155,0.7186993,0.6879249,2.519953,0.9163189,0.8517437,2.41926,0.8508169,0.5929689,2.330337,0.7786688,0.6794347,2.480084,0.5910204,0.805949,2.510311,0.5262859,0.5472658,2.42106,0.8145624,1.008598,2.614321
72057594037937085,0,0.8227893,5987.279,0.7539618,0.6865742,2.522429,0.8015558,1.131775,2.590766,0.6972444,0.8567905,2.522258,0.5821266,0.7701051,2.494625,0.6634657,0.926603,2.55489,0.6967943,0.9320084,2.548414,0.8363741,0.8731707,2.458396,0.8107731,1.048316,2.515622,0.759545,1.193062,2.510046,0.7528844,1.21531,2.512155,0.7186993,0.6879249,2.519953,0.9163189,0.8517437,2.41926,0.8508169,0.5929689,2.330337,0.7786688,0.6794347,2.480084,0.5910204,0.805949,2.510311,0.5262859,0.5472658,2.42106,0.8145624,1.008598,2.614321
72057594037937085,0,0.8227893,5987.282,0.7539618,0.6865742,2.522429,0.8015558,1.131775,2.590766,0.6972444,0.8567905,2.522258,0.5821266,0.7701051,2.494625,0.6634657,0.926603,2.55489,0.6967943,0.9320084,2.548414,0.8363741,0.8731707,2.458396,0.8107731,1.048316,2.515622,0.759545,1.193062,2.510046,0.7528844,1.21531,2.512155,0.7186993,0.6879249,2.519953,0.9163189,0.8517437,2.41926,0.8508169,0.5929689,2.330337,0.7786688,0.6794347,2.480084,0.5910204,0.805949,2.510311,0.5262859,0.5472658,2.42106,0.8145624,1.008598,2.614321
72057594037937085,0,0.8227893,5987.287,0.7539618,0.6865742,2.522429,0.8015558,1.131775,2.590766,0.6972444,0.8567905,2.522258,0.5821266,0.7701051,2.494625,0.6634657,0.926603,2.55489,0.6967943,0.9320084,2.548414,0.8363741,0.8731707,2.458396,0.8107731,1.048316,2.515622,0.759545,1.193062,2.510046,0.7528844,1.21531,2.512155,0.7186993,0.6879249,2.519953,0.9163189,0.8517437,2.41926,0.8508169,0.5929689,2.330337,0.7786688,0.6794347,2.480084,0.5910204,0.805949,2.510311,0.5262859,0.5472658,2.42106,0.8145624,1.008598,2.614321
72057594037937085,0,0.8227893,5987.292,0.7539618,0.6865742,2.522429,0.8015558,1.131775,2.590766,0.6972444,0.8567905,2.522258,0.5821266,0.7701051,2.494625,0.6634657,0.926603,2.55489,0.6967943,0.9320084,2.548414,0.8363741,0.8731707,2.458396,0.8107731,1.048316,2.515622,0.759545,1.193062,2.510046,0.7528844,1.21531,2.512155,0.7186993,0.6879249,2.519953,0.9163189,0.8517437,2.41926,0.8508169,0.5929689,2.330337,0.7786688,0.6794347,2.480084,0.5910204,0.805949,2.510311,0.5262859,0.5472658,2.42106,0.8145624,1.008598,2.614321
72057594037937085,0,0.8227893,5987.295,0.7539618,0.6865742,2.522429,0.8015558,1.131775,2.590766,0.6972444,0.8567905,2.522258,0.5821266,0.7701051,2.494625,0.6634657,0.926603,2.55489,0.6967943,0.9320084,2.548414,0.8363741,0.8731707,2.458396,0.8107731,1.048316,2.515622,0.759545,1.193062,2.510046,0.7528844,1.21531,2.512155,0.7186993,0.6879249,2.519953,0.9163189,0.8517437,2.41926,0.8508169,0.5929689,2.330337,0.7786688,0.6794347,2.480084,0.5910204,0.805949,2.510311,0.5262859,0.5472658,2.42106,0.8145624,1.008598,2.614321
72057594037937085,0,0.8227893,5987.3,0.7539618,0.6865742,2.522429,0.8015558,1.131775,2.590766,0.6972444,0.8567905,2.522258,0.5821266,0.7701051,2.494625,0.6634657,0.926603,2.55489,0.6967943,0.9320084,2.548414,0.8363741,0.8731707,2.458396,0.8107731,1.048316,2.515622,0.759545,1.193062,2.510046,0.7528844,1.21531,2.512155,0.7186993,0.6879249,2.519953,0.9163189,0.8517437,2.41926,0.8508169,0.5929689,2.330337,0.7786688,0.6794347,2.480084,0.5910204,0.805949,2.510311,0.5262859,0.5472658,2.42106,0.8145624,1.008598,2.614321
72057594037937085,0,0.8258998,5987.305,0.7580312,0.6876823,2.524166,0.8055354,1.131223,2.593715,0.7066355,0.9239461,2.564347,0.5988171,0.8278629,2.539634,0.6884376,0.9933395,2.515319,0.7188823,1.048922,2.50975,0.8423815,0.8718767,2.454705,0.8102236,1.047266,2.508544,0.7504376,1.227377,2.502512,0.7312703,1.288032,2.502945,0.7247244,0.6922802,2.519864,0.9170341,0.8618277,2.42715,0.7360712,0.6482443,2.406292,0.7810579,0.6784158,2.483045,0.7093503,0.8782134,2.373898,0.8032166,0.6327604,2.275127,0.8219183,1.005981,2.614294
72057594037937085,0,0.8258998,5987.31,0.7580312,0.6876823,2.524166,0.8055354,1.131223,2.593715,0.7066355,0.9239461,2.564347,0.5988171,0.8278629,2.539634,0.6884376,0.9933395,2.515319,0.7188823,1.048922,2.50975,0.8423815,0.8718767,2.454705,0.8102236,1.047266,2.508544,0.7504376,1.227377,2.502512,0.7312703,1.288032,2.502945,0.7247244,0.6922802,2.519864,0.9170341,0.8618277,2.42715,0.7360712,0.6482443,2.406292,0.7810579,0.6784158,2.483045,0.7093503,0.8782134,2.373898,0.8032166,0.6327604,2.275127,0.8219183,1.005981,2.614294
72057594037937085,0,0.8258998,5987.314,0.7580312,0.6876823,2.524166,0.8055354,1.131223,2.593715,0.7066355,0.9239461,2.564347,0.5988171,0.8278629,2.539634,0.6884376,0.9933395,2.515319,0.7188823,1.048922,2.50975,0.8423815,0.8718767,2.454705,0.8102236,1.047266,2.508544,0.7504376,1.227377,2.502512,0.7312703,1.288032,2.502945,0.7247244,0.6922802,2.519864,0.9170341,0.8618277,2.42715,0.7360712,0.6482443,2.406292,0.7810579,0.6784158,2.483045,0.7093503,0.8782134,2.373898,0.8032166,0.6327604,2.275127,0.8219183,1.005981,2.614294
72057594037937085,0,0.8258998,5987.318,0.7580312,0.6876823,2.524166,0.8055354,1.131223,2.593715,0.7066355,0.9239461,2.564347,0.5988171,0.8278629,2.539634,0.6884376,0.9933395,2.515319,0.7188823,1.048922,2.50975,0.8423815,0.8718767,2.454705,0.8102236,1.047266,2.508544,0.7504376,1.227377,2.502512,0.7312703,1.288032,2.502945,0.7247244,0.6922802,2.519864,0.9170341,0.8618277,2.42715,0.7360712,0.6482443,2.406292,0.7810579,0.6784158,2.483045,0.7093503,0.8782134,2.373898,0.8032166,0.6327604,2.275127,0.8219183,1.005981,2.614294
72057594037937085,0,0.8258998,5987.322,0.7580312,0.6876823,2.524166,0.8055354,1.131223,2.593715,0.7066355,0.9239461,2.564347,0.5988171,0.8278629,2.539634,0.6884376,0.9933395,2.515319,0.7188823,1.048922,2.50975,0.8423815,0.8718767,2.454705,0.8102236,1.047266,2.508544,0.7504376,1.227377,2.502512,0.7312703,1.288032,2.502945,0.7247244,0.6922802,2.519864,0.9170341,0.8618277,2.42715,0.7360712,0.6482443,2.406292,0.7810579,0.6784158,2.483045,0.7093503,0.8782134,2.373898,0.8032166,0.6327604,2.275127,0.8219183,1.005981,2.614294
72057594037937085,0,0.8258998,5987.327,0.7580312,0.6876823,2.524166,0.8055354,1.131223,2.593715,0.7066355,0.9239461,2.564347,0.5988171,0.8278629,2.539634,0.6884376,0.9933395,2.515319,0.7188823,1.048922,2.50975,0.8423815,0.8718767,2.454705,0.8102236,1.047266,2.508544,0.7504376,1.227377,2.502512,0.7312703,1.288032,2.502945,0.7247244,0.6922802,2.519864,0.9170341,0.8618277,2.42715,0.7360712,0.6482443,2.406292,0.7810579,0.6784158,2.483045,0.7093503,0.8782134,2.373898,0.8032166,0.6327604,2.275127,0.8219183,1.005981,2.614294
72057594037937085,0,0.8258998,5987.331,0.7580312,0.6876823,2.524166,0.8055354,1.131223,2.593715,0.7066355,0.9239461,2.564347,0.5988171,0.8278629,2.539634,0.6884376,0.9933395,2.515319,0.7188823,1.048922,2.50975,0.8423815,0.8718767,2.454705,0.8102236,1.047266,2.508544,0.7504376,1.227377,2.502512,0.7312703,1.288032,2.502945,0.7247244,0.6922802,2.519864,0.9170341,0.8618277,2.42715,0.7360712,0.6482443,2.406292,0.7810579,0.6784158,2.483045,0.7093503,0.8782134,2.373898,0.8032166,0.6327604,2.275127,0.8219183,1.005981,2.614294
72057594037937085,0,0.8268192,5987.335,0.730936,0.6136741,2.504149,0.8253492,0.9403034,2.521159,0.6919584,0.7136052,2.400554,0.6378325,0.8387961,2.510434,0.7448388,0.9901763,2.537274,0.7993978,1.067327,2.557769,0.8378064,0.6592688,2.284678,0.8253103,0.8223767,2.370481,0.789588,0.9982978,2.425192,0.7700068,1.092352,2.492458,0.6992391,0.6314082,2.494455,0.8444758,0.8969101,2.44391,0.6989488,0.6584157,2.417269,0.7496401,0.5917827,2.46754,0.8276467,0.7964709,2.394821,0.8697919,0.5343347,2.303788,0.8161804,0.8079196,2.467964
72057594037937085,0,0.8268192,5987.339,0.730936,0.6136741,2.504149,0.8253492,0.9403034,2.521159,0.6919584,0.7136052,2.400554,0.6378325,0.8387961,2.510434,0.7448388,0.9901763,2.537274,0.7993978,1.067327,2.557769,0.8378064,0.6592688,2.284678,0.8253103,0.8223767,2.370481,0.789588,0.9982978,2.425192,0.7700068,1.092352,2.492458,0.6992391,0.6314082,2.494455,0.8444758,0.8969101,2.44391,0.6989488,0.6584157,2.417269,0.7496401,0.5917827,2.46754,0.8276467,0.7964709,2.394821,0.8697919,0.5343347,2.303788,0.8161804,0.8079196,2.467964
72057594037937085,0,0.8268192,5987.343,0.730936,0.6136741,2.504149,0.8253492,0.9403034,2.521159,0.6919584,0.7136052,2.400554,0.6378325,0.8387961,2.510434,0.7448388,0.9901763,2.537274,0.7993978,1.067327,2.557769,0.8378064,0.6592688,2.284678,0.8253103,0.8223767,2.370481,0.789588,0.9982978,2.425192,0.7700068,1.092352,2.492458,0.6992391,0.6314082,2.494455,0.8444758,0.8969101,2.44391,0.6989488,0.6584157,2.417269,0.7496401,0.5917827,2.46754,0.8276467,0.7964709,2.394821,0.8697919,0.5343347,2.303788,0.8161804,0.8079196,2.467964
72057594037937085,0,0.8268192,5987.348,0.730936,0.6136741,2.504149,0.8253492,0.9403034,2.521159,0.6919584,0.7136052,2.400554,0.6378325,0.8387961,2.510434,0.7448388,0.9901763,2.537274,0.7993978,1.067327,2.557769,0.8378064,0.6592688,2.284678,0.8253103,0.8223767,2.370481,0.789588,0.9982978,2.425192,0.7700068,1.092352,2.492458,0.6992391,0.6314082,2.494455,0.8444758,0.8969101,2.44391,0.6989488,0.6584157,2.417269,0.7496401,0.5917827,2.46754,0.8276467,0.7964709,2.394821,0.8697919,0.5343347,2.303788,0.8161804,0.8079196,2.467964
72057594037937085,0,0.8268192,5987.353,0.730936,0.6136741,2.504149,0.8253492,0.9403034,2.521159,0.6919584,0.7136052,2.400554,0.6378325,0.8387961,2.510434,0.7448388,0.9901763,2.537274,0.7993978,1.067327,2.557769,0.8378064,0.6592688,2.284678,0.8253103,0.8223767,2.370481,0.789588,0.9982978,2.425192,0.7700068,1.092352,2.492458,0.6992391,0.6314082,2.494455,0.8444758,0.8969101,2.44391,0.6989488,0.6584157,2.417269,0.7496401,0.5917827,2.46754,0.8276467,0.7964709,2.394821,0.8697919,0.5343347,2.303788,0.8161804,0.8079196,2.467964
72057594037937085,0,0.8268192,5987.357,0.730936,0.6136741,2.504149,0.8253492,0.9403034,2.521159,0.6919584,0.7136052,2.400554,0.6378325,0.8387961,2.510434,0.7448388,0.9901763,2.537274,0.7993978,1.067327,2.557769,0.8378064,0.6592688,2.284678,0.8253103,0.8223767,2.370481,0.789588,0.9982978,2.425192,0.7700068,1.092352,2.492458,0.6992391,0.6314082,2.494455,0.8444758,0.8969101,2.44391,0.6989488,0.6584157,2.417269,0.7496401,0.5917827,2.46754,0.8276467,0.7964709,2.394821,0.8697919,0.5343347,2.303788,0.8161804,0.8079196,2.467964
72057594037937085,0,0.8268192,5987.361,0.730936,0.6136741,2.504149,0.8253492,0.9403034,2.521159,0.6919584,0.7136052,2.400554,0.6378325,0.8387961,2.510434,0.7448388,0.9901763,2.537274,0.7993978,1.067327,2.557769,0.8378064,0.6592688,2.284678,0.8253103,0.8223767,2.370481,0.789588,0.9982978,2.425192,0.7700068,1.092352,2.492458,0.6992391,0.6314082,2.494455,0.8444758,0.8969101,2.44391,0.6989488,0.6584157,2.417269,0.7496401,0.5917827,2.46754,0.8276467,0.7964709,2.394821,0.8697919,0.5343347,2.303788,0.8161804,0.8079196,2.467964
72057594037937085,0,0.8268192,5987.366,0.730936,0.6136741,2.504149,0.8253492,0.9403034,2.521159,0.6919584,0.7136052,2.400554,0.6378325,0.8387961,2.510434,0.7448388,0.9901763,2.537274,0.7993978,1.067327,2.557769,0.8378064,0.6592688,2.284678,0.8253103,0.8223767,2.370481,0.789588,0.9982978,2.425192,0.7700068,1.092352,2.492458,0.6992391,0.6314082,2.494455,0.8444758,0.8969101,2.44391,0.6989488,0.6584157,2.417269,0.7496401,0.5917827,2.46754,0.8276467,0.7964709,2.394821,0.8697919,0.5343347,2.303788,0.8161804,0.8079196,2.467964
72057594037937085,0,0.7910144,5987.37,0.6989161,0.6535997,2.486181,0.7806278,0.9418534,2.544754,0.6565145,0.7728202,2.496374,0.6262432,0.9003176,2.535456,0.7633763,1.029719,2.528729,0.8084087,0.9923915,2.542208,0.8711254,0.8459853,2.446595,0.8277759,1.019194,2.501261,0.7716354,1.200157,2.506428,0.7612181,1.224445,2.494171,0.6748849,0.6594633,2.484438,0.7971729,0.9287355,2.476242,0.7151504,0.6610277,2.460621,0.7141036,0.6385928,2.443081,0.8012374,0.8412138,2.449365,0.7473419,0.642104,2.421402,0.7539049,0.8115035,2.496804
72057594037937085,0,0.7910144,5987.375,0.6989161,0.6535997,2.486181,0.7806278,0.9418534,2.544754,0.6565145,0.7728202,2.496374,0.6262432,0.9003176,2.535456,0.7633763,1.029719,2.528729,0.8084087,0.9923915,2.542208,0.8711254,0.8459853,2.446595,0.8277759,1.019194,2.501261,0.7716354,1.200157,2.506428,0.7612181,1.224445,2.494171,0.6748849,0.6594633,2.484438,0.7971729,0.9287355,2.476242,0.7151504,0.6610277,2.460621,0.7141036,0.6385928,2.443081,0.8012374,0.8412138,2.449365,0.7473419,0.642104,2.421402,0.7539049,0.8115035,2.496804
72057594037937085,0,0.7910144,5987.378,0.6989161,0.6535997,2.486181,0.7806278,0.9418534,2.544754,0.6565145,0.7728202,2.496374,0.6262432,0.9003176,2.535456,0.7633763,1.029719,2.528729,0.8084087,0.9923915,2.542208,0.8711254,0.8459853,2.446595,0.8277759,1.019194,2.501261,0.7716354,1.200157,2.506428,0.7612181,1.224445,2.494171,0.6748849,0.6594633,2.484438,0.7971729,0.9287355,2.476242,0.7151504,0.6610277,2.460621,0.7141036,0.6385928,2.443081,0.8012374,0.8412138,2.449365,0.7473419,0.642104,2.421402,0.7539049,0.8115035,2.496804
72057594037937085,0,0.7910144,5987.382,0.6989161,0.6535997,2.486181,0.7806278,0.9418534,2.544754,0.6565145,0.7728202,2.496374,0.6262432,0.9003176,2.535456,0.7633763,1.029719,2.528729,0.8084087,0.9923915,2.542208,0.8711254,0.8459853,2.446595,0.8277759,1.019194,2.501261,0.7716354,1.200157,2.506428,0.7612181,1.224445,2.494171,0.6748849,0.6594633,2.484438,0.7971729,0.9287355,2.476242,0.7151504,0.6610277,2.460621,0.7141036,0.6385928,2.443081,0.8012374,0.8412138,2.449365,0.7473419,0.642104,2.421402,0.7539049,0.8115035,2.496804
72057594037937085,0,0.7910144,5987.388,0.6989161,0.6535997,2.486181,0.7806278,0.9418534,2.544754,0.6565145,0.7728202,2.496374,0.6262432,0.9003176,2.535456,0.7633763,1.029719,2.528729,0.8084087,0.9923915,2.542208,0.8711254,0.8459853,2.446595,0.8277759,1.019194,2.501261,0.7716354,1.200157,2.506428,0.7612181,1.224445,2.494171,0.6748849,0.6594633,2.484438,0.7971729,0.9287355,2.476242,0.7151504,0.6610277,2.460621,0.7141036,0.6385928,2.443081,0.8012374,0.8412138,2.449365,0.7473419,0.642104,2.421402,0.7539049,0.8115035,2.496804
72057594037937085,0,0.7910144,5987.392,0.6989161,0.6535997,2.486181,0.7806278,0.9418534,2.544754,0.6565145,0.7728202,2.496374,0.6262432,0.9003176,2.535456,0.7633763,1.029719,2.528729,0.8084087,0.9923915,2.542208,0.8711254,0.8459853,2.446595,0.8277759,1.019194,2.501261,0.7716354,1.200157,2.506428,0.7612181,1.224445,2.494171,0.6748849,0.6594633,2.484438,0.7971729,0.9287355,2.476242,0.7151504,0.6610277,2.460621,0.7141036,0.6385928,2.443081,0.8012374,0.8412138,2.449365,0.7473419,0.642104,2.421402,0.7539049,0.8115035,2.496804
72057594037937085,0,0.7910144,5987.397,0.6989161,0.6535997,2.486181,0.7806278,0.9418534,2.544754,0.6565145,0.7728202,2.496374,0.6262432,0.9003176,2.535456,0.7633763,1.029719,2.528729,0.8084087,0.9923915,2.542208,0.8711254,0.8459853,2.446595,0.8277759,1.019194,2.501261,0.7716354,1.200157,2.506428,0.7612181,1.224445,2.494171,0.6748849,0.6594633,2.484438,0.7971729,0.9287355,2.476242,0.7151504,0.6610277,2.460621,0.7141036,0.6385928,2.443081,0.8012374,0.8412138,2.449365,0.7473419,0.642104,2.421402,0.7539049,0.8115035,2.496804
72057594037937085,0,0.8108067,5987.401,0.7177987,0.6490141,2.481773,0.8204582,0.9347997,2.523733,0.675927,0.8253006,2.524566,0.7129828,0.9591869,2.511199,0.797393,1.127746,2.505112,0.7973494,1.170232,2.494945,0.9215606,0.8321236,2.436641,0.8503808,0.9969784,2.491219,0.7828392,1.173771,2.502735,0.7691364,1.212661,2.503259,0.6820084,0.6529074,2.480911,0.6524641,0.900045,2.519735,0.6851067,0.6270041,2.462925,0.7472333,0.6420213,2.436795,0.8540431,0.8370168,2.409112,0.7708731,0.6478348,2.424682,0.8000836,0.804533,2.474346
72057594037937085,0,0.8108067,5987.406,0.7177987,0.6490141,2.481773,0.8204582,0.9347997,2.523733,0.675927,0.8253006,2.524566,0.7129828,0.9591869,2.511199,0.797393,1.127746,2.505112,0.7973494,1.170232,2.494945,0.9215606,0.8321236,2.436641,0.8503808,0.9969784,2.491219,0.7828392,1.173771,2.502735,0.7691364,1.212661,2.503259,0.6820084,0.6529074,2.480911,0.6524641,0.900045,2.519735,0.6851067,0.6270041,2.462925,0.7472333,0.6420213,2.436795,0.8540431,0.8370168,2.409112,0.7708731,0.6478348,2.424682,0.8000836,0.804533,2.474346
72057594037937085,0,0.8108067,5987.411,0.7177987,0.6490141,2.481773,0.8204582,0.9347997,2.523733,0.675927,0.8253006,2.524566,0.7129828,0.9591869,2.511199,0.797393,1.127746,2.505112,0.7973494,1.170232,2.494945,0.9215606,0.8321236,2.436641,0.8503808,0.9969784,2.491219,0.7828392,1.173771,2.502735,0.7691364,1.212661,2.503259,0.6820084,0.6529074,2.480911,0.6524641,0.900045,2.519735,0.6851067,0.6270041,2.462925,0.7472333,0.6420213,2.436795,0.8540431,0.8370168,2.409112,0.7708731,0.6478348,2.424682,0.8000836,0.804533,2.474346
72057594037937085,0,0.8108067,5987.415,0.7177987,0.6490141,2.481773,0.8204582,0.9347997,2.523733,0.675927,0.8253006,2.524566,0.7129828,0.9591869,2.511199,0.797393,1.127746,2.505112,0.7973494,1.170232,2.494945,0.9215606,0.8321236,2.436641,0.8503808,0.9969784,2.491219,0.7828392,1.173771,2.502735,0.7691364,1.212661,2.503259,0.6820084,0.6529074,2.480911,0.6524641,0.900045,2.519735,0.6851067,0.6270041,2.462925,0.7472333,0.6420213,2.436795,0.8540431,0.8370168,2.409112,0.7708731,0.6478348,2.424682,0.8000836,0.804533,2.474346
72057594037937085,0,0.8108067,5987.419,0.7177987,0.6490141,2.481773,0.8204582,0.9347997,2.523733,0.675927,0.8253006,2.524566,0.7129828,0.9591869,2.511199,0.797393,1.127746,2.505112,0.7973494,1.170232,2.494945,0.9215606,0.8321236,2.436641,0.8503808,0.9969784,2.491219,0.7828392,1.173771,2.502735,0.7691364,1.212661,2.503259,0.6820084,0.6529074,2.480911,0.6524641,0.900045,2.519735,0.6851067,0.6270041,2.462925,0.7472333,0.6420213,2.436795,0.8540431,0.8370168,2.409112,0.7708731,0.6478348,2.424682,0.8000836,0.804533,2.474346
72057594037937085,0,0.8108067,5987.424,0.7177987,0.6490141,2.481773,0.8204582,0.9347997,2.523733,0.675927,0.8253006,2.524566,0.7129828,0.9591869,2.511199,0.797393,1.127746,2.505112,0.7973494,1.170232,2.494945,0.9215606,0.8321236,2.436641,0.8503808,0.9969784,2.491219,0.7828392,1.173771,2.502735,0.7691364,1.212661,2.503259,0.6820084,0.6529074,2.480911,0.6524641,0.900045,2.519735,0.6851067,0.6270041,2.462925,0.7472333,0.6420213,2.436795,0.8540431,0.8370168,2.409112,0.7708731,0.6478348,2.424682,0.8000836,0.804533,2.474346
72057594037937085,0,0.8108067,5987.428,0.7177987,0.6490141,2.481773,0.8204582,0.9347997,2.523733,0.675927,0.8253006,2.524566,0.7129828,0.9591869,2.511199,0.797393,1.127746,2.505112,0.7973494,1.170232,2.494945,0.9215606,0.8321236,2.436641,0.8503808,0.9969784,2.491219,0.7828392,1.173771,2.502735,0.7691364,1.212661,2.503259,0.6820084,0.6529074,2.480911,0.6524641,0.900045,2.519735,0.6851067,0.6270041,2.462925,0.7472333,0.6420213,2.436795,0.8540431,0.8370168,2.409112,0.7708731,0.6478348,2.424682,0.8000836,0.804533,2.474346
72057594037937085,0,0.8108067,5987.432,0.7177987,0.6490141,2.481773,0.8204582,0.9347997,2.523733,0.675927,0.8253006,2.524566,0.7129828,0.9591869,2.511199,0.797393,1.127746,2.505112,0.7973494,1.170232,2.494945,0.9215606,0.8321236,2.436641,0.8503808,0.9969784,2.491219,0.7828392,1.173771,2.502735,0.7691364,1.212661,2.503259,0.6820084,0.6529074,2.480911,0.6524641,0.900045,2.519735,0.6851067,0.6270041,2.462925,0.7472333,0.6420213,2.436795,0.8540431,0.8370168,2.409112,0.7708731,0.6478348,2.424682,0.8000836,0.804533,2.474346
72057594037937085,0,0.7632933,5987.437,0.702188,0.696756,2.556655,0.8526102,0.9190468,2.496952,0.7708867,0.8575689,2.495838,0.6300222,0.7735792,2.487081,0.6957675,0.9506772,2.490618,0.722199,0.9291937,2.53408,0.9229003,0.8305708,2.437457,0.8527698,0.9956713,2.492484,0.7835373,1.172159,2.50087,0.7682217,1.212325,2.498817,0.6615924,0.6837187,2.54375,0.6503868,0.9091076,2.516301,0.6881399,0.6371666,2.457227,0.7305291,0.7042655,2.523198,0.8461115,0.8308573,2.355455,0.714732,0.5832916,2.363647,0.8335904,0.8007183,2.454953
72057594037937085,0,0.7632933,5987.441,0.702188,0.696756,2.556655,0.8526102,0.9190468,2.496952,0.7708867,0.8575689,2.495838,0.6300222,0.7735792,2.487081,0.6957675,0.9506772,2.490618,0.722199,0.9291937,2.53408,0.9229003,0.8305708,2.437457,0.8527698,0.9956713,2.492484,0.7835373,1.172159,2.50087,0.7682217,1.212325,2.498817,0.6615924,0.6837187,2.54375,0.6503868,0.9091076,2.516301,0.6881399,0.6371666,2.457227,0.7305291,0.7042655,2.523198,0.8461115,0.8308573,2.355455,0.714732,0.5832916,2.363647,0.8335904,0.8007183,2.454953
72057594037937085,0,0.7632933,5987.446,0.702188,0.696756,2.556655,0.8526102,0.9190468,2.496952,0.7708867,0.8575689,2.495838,0.6300222,0.7735792,2.487081,0.6957675,0.9506772,2.490618,0.722199,0.9291937,2.53408,0.9229003,0.8305708,2.437457,0.8527698,0.9956713,2.492484,0.7835373,1.172159,2.50087,0.7682217,1.212325,2.498817,0.6615924,0.6837187,2.54375,0.6503868,0.9091076,2.516301,0.6881399,0.6371666,2.457227,0.7305291,0.7042655,2.523198,0.8461115,0.8308573,2.355455,0.714732,0.5832916,2.363647,0.8335904,0.8007183,2.454953
72057594037937085,0,0.7632933,5987.45,0.702188,0.696756,2.556655,0.8526102,0.9190468,2.496952,0.7708867,0.8575689,2.495838,0.6300222,0.7735792,2.487081,0.6957675,0.9506772,2.490618,0.722199,0.9291937,2.53408,0.9229003,0.8305708,2.437457,0.8527698,0.9956713,2.492484,0.7835373,1.172159,2.50087,0.7682217,1.212325,2.498817,0.6615924,0.6837187,2.54375,0.6503868,0.9091076,2.516301,0.6881399,0.6371666,2.457227,0.7305291,0.7042655,2.523198,0.8461115,0.8308573,2.355455,0.714732,0.5832916,2.363647,0.8335904,0.8007183,2.454953
72057594037937085,0,0.7632933,5987.454,0.702188,0.696756,2.556655,0.8526102,0.9190468,2.496952,0.7708867,0.8575689,2.495838,0.6300222,0.7735792,2.487081,0.6957675,0.9506772,2.490618,0.722199,0.9291937,2.53408,0.9229003,0.8305708,2.437457,0.8527698,0.9956713,2.492484,0.7835373,1.172159,2.50087,0.7682217,1.212325,2.498817,0.6615924,0.6837187,2.54375,0.6503868,0.9091076,2.516301,0.6881399,0.6371666,2.457227,0.7305291,0.7042655,2.523198,0.8461115,0.8308573,2.355455,0.714732,0.5832916,2.363647,0.8335904,0.8007183,2.454953
72057594037937085,0,0.7632933,5987.458,0.702188,0.696756,2.556655,0.8526102,0.9190468,2.496952,0.7708867,0.8575689,2.495838,0.6300222,0.7735792,2.487081,0.6957675,0.9506772,2.490618,0.722199,0.9291937,2.53408,0.9229003,0.8305708,2.437457,0.8527698,0.9956713,2.492484,0.7835373,1.172159,2.50087,0.7682217,1.212325,2.498817,0.6615924,0.6837187,2.54375,0.6503868,0.9091076,2.516301,0.6881399,0.6371666,2.457227,0.7305291,0.7042655,2.523198,0.8461115,0.8308573,2.355455,0.714732,0.5832916,2.363647,0.8335904,0.8007183,2.454953
72057594037937085,0,0.7632933,5987.463,0.702188,0.696756,2.556655,0.8526102,0.9190468,2.496952,0.7708867,0.8575689,2.495838,0.6300222,0.7735792,2.487081,0.6957675,0.9506772,2.490618,0.722199,0.9291937,2.53408,0.9229003,0.8305708,2.437457,0.8527698,0.9956713,2.492484,0.7835373,1.172159,2.50087,0.7682217,1.212325,2.498817,0.6615924,0.6837187,2.54375,0.6503868,0.9091076,2.516301,0.6881399,0.6371666,2.457227,0.7305291,0.7042655,2.523198,0.8461115,0.8308573,2.355455,0.714732,0.5832916,2.363647,0.8335904,0.8007183,2.454953
72057594037937085,0,0.7632933,5987.468,0.702188,0.696756,2.556655,0.8526102,0.9190468,2.496952,0.7708867,0.8575689,2.495838,0.6300222,0.7735792,2.487081,0.6957675,0.9506772,2.490618,0.722199,0.9291937,2.53408,0.9229003,0.8305708,2.437457,0.8527698,0.9956713,2.492484,0.7835373,1.172159,2.50087,0.7682217,1.212325,2.498817,0.6615924,0.6837187,2.54375,0.6503868,0.9091076,2.516301,0.6881399,0.6371666,2.457227,0.7305291,0.7042655,2.523198,0.8461115,0.8308573,2.355455,0.714732,0.5832916,2.363647,0.8335904,0.8007183,2.454953
72057594037937085,0,0.7813877,5987.472,0.7159792,0.7137257,2.521316,0.8442327,0.923609,2.504,0.6867663,0.8553205,2.530337,0.6111339,0.7397212,2.476912,0.6811168,0.9151669,2.481979,0.7201778,0.9071621,2.479073,0.9239129,0.830757,2.437616,0.8556656,0.9987809,2.486865,0.7848908,1.175345,2.483904,0.7749265,1.217143,2.500398,0.6602921,0.7009245,2.51795,0.6549599,0.922549,2.531296,0.6852042,0.6502759,2.468949,0.762275,0.719456,2.478093,0.8678291,0.8897728,2.356343,0.7296745,0.566237,2.420604,0.8312275,0.8032266,2.45663
72057594037937085,0,0.7813877,5987.477,0.7159792,0.7137257,2.521316,0.8442327,0.923609,2.504,0.6867663,0.8553205,2.530337,0.6111339,0.7397212,2.476912,0.6811168,0.9151669,2.481979,0.7201778,0.9071621,2.479073,0.9239129,0.830757,2.437616,0.8556656,0.9987809,2.486865,0.7848908,1.175345,2.483904,0.7749265,1.217143,2.500398,0.6602921,0.7009245,2.51795,0.6549599,0.922549,2.531296,0.6852042,0.6502759,2.468949,0.762275,0.719456,2.478093,0.8678291,0.8897728,2.356343,0.7296745,0.566237,2.420604,0.8312275,0.8032266,2.45663
72057594037937085,0,0.7813877,5987.48,0.7159792,0.7137257,2.521316,0.8442327,0.923609,2.504,0.6867663,0.8553205,2.530337,0.6111339,0.7397212,2.476912,0.6811168,0.9151669,2.481979,0.7201778,0.9071621,2.479073,0.9239129,0.830757,2.437616,0.8556656,0.9987809,2.486865,0.7848908,1.175345,2.483904,0.7749265,1.217143,2.500398,0.6602921,0.7009245,2.51795,0.6549599,0.922549,2.531296,0.6852042,0.6502759,2.468949,0.762275,0.719456,2.478093,0.8678291,0.8897728,2.356343,0.7296745,0.566237,2.420604,0.8312275,0.8032266,2.45663
72057594037937085,0,0.7813877,5987.485,0.7159792,0.7137257,2.521316,0.8442327,0.923609,2.504,0.6867663,0.8553205,2.530337,0.6111339,0.7397212,2.476912,0.6811168,0.9151669,2.481979,0.7201778,0.9071621,2.479073,0.9239129,0.830757,2.437616,0.8556656,0.9987809,2.486865,0.7848908,1.175345,2.483904,0.7749265,1.217143,2.500398,0.6602921,0.7009245,2.51795,0.6549599,0.922549,2.531296,0.6852042,0.6502759,2.468949,0.762275,0.719456,2.478093,0.8678291,0.8897728,2.356343,0.7296745,0.566237,2.420604,0.8312275,0.8032266,2.45663
72057594037937085,0,0.7813877,5987.489,0.7159792,0.7137257,2.521316,0.8442327,0.923609,2.504,0.6867663,0.8553205,2.530337,0.6111339,0.7397212,2.476912,0.6811168,0.9151669,2.481979,0.7201778,0.9071621,2.479073,0.9239129,0.830757,2.437616,0.8556656,0.9987809,2.486865,0.7848908,1.175345,2.483904,0.7749265,1.217143,2.500398,0.6602921,0.7009245,2.51795,0.6549599,0.922549,2.531296,0.6852042,0.6502759,2.468949,0.762275,0.719456,2.478093,0.8678291,0.8897728,2.356343,0.7296745,0.566237,2.420604,0.8312275,0.8032266,2.45663
72057594037937085,0,0.7813877,5987.493,0.7159792,0.7137257,2.521316,0.8442327,0.923609,2.504,0.6867663,0.8553205,2.530337,0.6111339,0.7397212,2.476912,0.6811168,0.9151669,2.481979,0.7201778,0.9071621,2.479073,0.9239129,0.830757,2.437616,0.8556656,0.9987809,2.486865,0.7848908,1.175345,2.483904,0.7749265,1.217143,2.500398,0.6602921,0.7009245,2.51795,0.6549599,0.922549,2.531296,0.6852042,0.6502759,2.468949,0.762275,0.719456,2.478093,0.8678291,0.8897728,2.356343,0.7296745,0.566237,2.420604,0.8312275,0.8032266,2.45663
72057594037937085,0,0.7813877,5987.497,0.7159792,0.7137257,2.521316,0.8442327,0.923609,2.504,0.6867663,0.8553205,2.530337,0.6111339,0.7397212,2.476912,0.6811168,0.9151669,2.481979,0.7201778,0.9071621,2.479073,0.9239129,0.830757,2.437616,0.8556656,0.9987809,2.486865,0.7848908,1.175345,2.483904,0.7749265,1.217143,2.500398,0.6602921,0.7009245,2.51795,0.6549599,0.922549,2.531296,0.6852042,0.6502759,2.468949,0.762275,0.719456,2.478093,0.8678291,0.8897728,2.356343,0.7296745,0.566237,2.420604,0.8312275,0.8032266,2.45663
72057594037937085,0,0.7813877,5987.501,0.7159792,0.7137257,2.521316,0.8442327,0.923609,2.504,0.6867663,0.8553205,2.530337,0.6111339,0.7397212,2.476912,0.6811168,0.9151669,2.481979,0.7201778,0.9071621,2.479073,0.9239129,0.830757,2.437616,0.8556656,0.9987809,2.486865,0.7848908,1.175345,2.483904,0.7749265,1.217143,2.500398,0.6602921,0.7009245,2.51795,0.6549599,0.922549,2.531296,0.6852042,0.6502759,2.468949,0.762275,0.719456,2.478093,0.8678291,0.8897728,2.356343,0.7296745,0.566237,2.420604,0.8312275,0.8032266,2.45663
72057594037937085,0,0.8012381,5987.505,0.7340111,0.7071438,2.515716,0.8098732,1.113911,2.652648,0.7140503,0.886916,2.53644,0.6199022,0.7808255,2.495685,0.7150167,0.9437121,2.500183,0.7013557,1.001274,2.489311,0.8805174,0.8514142,2.449344,0.8347482,1.027634,2.493933,0.7701587,1.206287,2.492528,0.77274,1.232396,2.493445,0.6795038,0.6947563,2.504878,0.6882237,0.9120955,2.42092,0.7143649,0.634281,2.394676,0.7768187,0.7134606,2.478943,0.9008802,0.8556465,2.336542,0.7715967,0.5627984,2.391184,0.8090508,0.966991,2.600268
72057594037937085,0,0.8012381,5987.51,0.7340111,0.7071438,2.515716,0.8098732,1.113911,2.652648,0.7140503,0.886916,2.53644,0.6199022,0.7808255,2.495685,0.7150167,0.9437121,2.500183,0.7013557,1.001274,2.489311,0.8805174,0.8514142,2.449344,0.8347482,1.027634,2.493933,0.7701587,1.206287,2.492528,0.77274,1.232396,2.493445,0.6795038,0.6947563,2.504878,0.6882237,0.9120955,2.42092,0.7143649,0.634281,2.394676,0.7768187,0.7134606,2.478943,0.9008802,0.8556465,2.336542,0.7715967,0.5627984,2.391184,0.8090508,0.966991,2.600268
72057594037937085,0,0.8012381,5987.514,0.7340111,0.7071438,2.515716,0.8098732,1.113911,2.652648,0.7140503,0.886916,2.53644,0.6199022,0.7808255,2.495685,0.7150167,0.9437121,2.500183,0.7013557,1.001274,2.489311,0.8805174,0.8514142,2.449344,0.8347482,1.027634,2.493933,0.7701587,1.206287,2.492528,0.77274,1.232396,2.493445,0.6795038,0.6947563,2.504878,0.6882237,0.9120955,2.42092,0.7143649,0.634281,2.394676,0.7768187,0.7134606,2.478943,0.9008802,0.8556465,2.336542,0.7715967,0.5627984,2.391184,0.8090508,0.966991,2.600268
72057594037937085,0,0.8012381,5987.518,0.7340111,0.7071438,2.515716,0.8098732,1.113911,2.652648,0.7140503,0.886916,2.53644,0.6199022,0.7808255,2.495685,0.7150167,0.9437121,2.500183,0.7013557,1.001274,2.489311,0.8805174,0.8514142,2.449344,0.8347482,1.027634,2.493933,0.7701587,1.206287,2.492528,0.77274,1.232396,2.493445,0.6795038,0.6947563,2.504878,0.6882237,0.9120955,2.42092,0.7143649,0.634281,2.394676,0.7768187,0.7134606,2.478943,0.9008802,0.8556465,2.336542,0.7715967,0.5627984,2.391184,0.8090508,0.966991,2.600268
72057594037937085,0,0.8012381,5987.522,0.7340111,0.7071438,2.515716,0.8098732,1.113911,2.652648,0.7140503,0.886916,2.53644,0.6199022,0.7808255,2.495685,0.7150167,0.9437121,2.500183,0.7013557,1.001274,2.489311,0.8805174,0.8514142,2.449344,0.8347482,1.027634,2.493933,0.7701587,1.206287,2.492528,0.77274,1.232396,2.493445,0.6795038,0.6947563,2.504878,0.6882237,0.9120955,2.42092,0.7143649,0.634281,2.394676,0.7768187,0.7134606,2.478943,0.9008802,0.8556465,2.336542,0.7715967,0.5627984,2.391184,0.8090508,0.966991,2.600268
72057594037937085,0,0.8012381,5987.526,0.7340111,0.7071438,2.515716,0.8098732,1.113911,2.652648,0.7140503,0.886916,2.53644,0.6199022,0.7808255,2.495685,0.7150167,0.9437121,2.500183,0.7013557,1.001274,2.489311,0.8805174,0.8514142,2.449344,0.8347482,1.027634,2.493933,0.7701587,1.206287,2.492528,0.77274,1.232396,2.493445,0.6795038,0.6947563,2.504878,0.6882237,0.9120955,2.42092,0.7143649,0.634281,2.394676,0.7768187,0.7134606,2.478943,0.9008802,0.8556465,2.336542,0.7715967,0.5627984,2.391184,0.8090508,0.966991,2.600268
72057594037937085,0,0.8012381,5987.53,0.7340111,0.7071438,2.515716,0.8098732,1.113911,2.652648,0.7140503,0.886916,2.53644,0.6199022,0.7808255,2.495685,0.7150167,0.9437121,2.500183,0.7013557,1.001274,2.489311,0.8805174,0.8514142,2.449344,0.8347482,1.027634,2.493933,0.7701587,1.206287,2.492528,0.77274,1.232396,2.493445,0.6795038,0.6947563,2.504878,0.6882237,0.9120955,2.42092,0.7143649,0.634281,2.394676,0.7768187,0.7134606,2.478943,0.9008802,0.8556465,2.336542,0.7715967,0.5627984,2.391184,0.8090508,0.966991,2.600268
72057594037937085,0,0.8012381,5987.535,0.7340111,0.7071438,2.515716,0.8098732,1.113911,2.652648,0.7140503,0.886916,2.53644,0.6199022,0.7808255,2.495685,0.7150167,0.9437121,2.500183,0.7013557,1.001274,2.489311,0.8805174,0.8514142,2.449344,0.8347482,1.027634,2.493933,0.7701587,1.206287,2.492528,0.77274,1.232396,2.493445,0.6795038,0.6947563,2.504878,0.6882237,0.9120955,2.42092,0.7143649,0.634281,2.394676,0.7768187,0.7134606,2.478943,0.9008802,0.8556465,2.336542,0.7715967,0.5627984,2.391184,0.8090508,0.966991,2.600268
72057594037937085,0,0.8245174,5987.539,0.754639,0.6785607,2.525657,0.8292614,1.118815,2.60385,0.7046366,0.9034166,2.550167,0.628948,0.7879475,2.496098,0.7231144,0.9435337,2.539378,0.7156036,0.9944935,2.508398,0.9139675,0.8522031,2.445333,0.8544362,1.025256,2.488201,0.7758512,1.19822,2.492295,0.7712502,1.22596,2.495301,0.7060342,0.6862979,2.513282,0.6116091,0.8879233,2.538409,0.6657107,0.6215091,2.467501,0.7889971,0.6578569,2.492874,0.7447575,0.5453698,2.263839,0.7752865,0.5980502,2.450606,0.8282204,0.9946207,2.631596
72057594037937085,0,0.8245174,5987.543,0.754639,0.6785607,2.525657,0.8292614,1.118815,2.60385,0.7046366,0.9034166,2.550167,0.628948,0.7879475,2.496098,0.7231144,0.9435337,2.539378,0.7156036,0.9944935,2.508398,0.9139675,0.8522031,2.445333,0.8544362,1.025256,2.488201,0.7758512,1.19822,2.492295,0.7712502,1.22596,2.495301,0.7060342,0.6862979,2.513282,0.6116091,0.8879233,2.538409,0.6657107,0.6215091,2.467501,0.7889971,0.6578569,2.492874,0.7447575,0.5453698,2.263839,0.7752865,0.5980502,2.450606,0.8282204,0.9946207,2.631596
72057594037937085,0,0.8245174,5987.548,0.754639,0.6785607,2.525657,0.8292614,1.118815,2.60385,0.7046366,0.9034166,2.550167,0.628948,0.7879475,2.496098,0.7231144,0.9435337,2.539378,0.7156036,0.9944935,2.508398,0.9139675,0.8522031,2.445333,0.8544362,1.025256,2.488201,0.7758512,1.19822,2.492295,0.7712502,1.22596,2.495301,0.7060342,0.6862979,2.513282,0.6116091,0.8879233,2.538409,0.6657107,0.6215091,2.467501,0.7889971,0.6578569,2.492874,0.7447575,0.5453698,2.263839,0.7752865,0.5980502,2.450606,0.8282204,0.9946207,2.631596
72057594037937085,0,0.8245174,5987.554,0.754639,0.6785607,2.525657,0.8292614,1.118815,2.60385,0.7046366,0.9034166,2.550167,0.628948,0.7879475,2.496098,0.7231144,0.9435337,2.539378,0.7156036,0.9944935,2.508398,0.9139675,0.8522031,2.445333,0.8544362,1.025256,2.488201,0.7758512,1.19822,2.492295,0.7712502,1.22596,2.495301,0.7060342,0.6862979,2.513282,0.6116091,0.8879233,2.538409,0.6657107,0.6215091,2.467501,0.7889971,0.6578569,2.492874,0.7447575,0.5453698,2.263839,0.7752865,0.5980502,2.450606,0.8282204,0.9946207,2.631596
72057594037937085,0,0.8245174,5987.558,0.754639,0.6785607,2.525657,0.8292614,1.118815,2.60385,0.7046366,0.9034166,2.550167,0.628948,0.7879475,2.496098,0.7231144,0.9435337,2.539378,0.7156036,0.9944935,2.508398,0.9139675,0.8522031,2.445333,0.8544362,1.025256,2.488201,0.7758512,1.19822,2.492295,0.7712502,1.22596,2.495301,0.7060342,0.6862979,2.513282,0.6116091,0.8879233,2.538409,0.6657107,0.6215091,2.467501,0.7889971,0.6578569,2.492874,0.7447575,0.5453698,2.263839,0.7752865,0.5980502,2.450606,0.8282204,0.9946207,2.631596
72057594037937085,0,0.8245174,5987.562,0.754639,0.6785607,2.525657,0.8292614,1.118815,2.60385,0.7046366,0.9034166,2.550167,0.628948,0.7879475,2.496098,0.7231144,0.9435337,2.539378,0.7156036,0.9944935,2.508398,0.9139675,0.8522031,2.445333,0.8544362,1.025256,2.488201,0.7758512,1.19822,2.492295,0.7712502,1.22596,2.495301,0.7060342,0.6862979,2.513282,0.6116091,0.8879233,2.538409,0.6657107,0.6215091,2.467501,0.7889971,0.6578569,2.492874,0.7447575,0.5453698,2.263839,0.7752865,0.5980502,2.450606,0.8282204,0.9946207,2.631596
72057594037937085,0,0.8245174,5987.566,0.754639,0.6785607,2.525657,0.8292614,1.118815,2.60385,0.7046366,0.9034166,2.550167,0.628948,0.7879475,2.496098,0.7231144,0.9435337,2.539378,0.7156036,0.9944935,2.508398,0.9139675,0.8522031,2.445333,0.8544362,1.025256,2.488201,0.7758512,1.19822,2.492295,0.7712502,1.22596,2.495301,0.7060342,0.6862979,2.513282,0.6116091,0.8879233,2.538409,0.6657107,0.6215091,2.467501,0.7889971,0.6578569,2.492874,0.7447575,0.5453698,2.263839,0.7752865,0.5980502,2.450606,0.8282204,0.9946207,2.631596
72057594037937085,0,0.8187627,5987.571,0.7478626,0.6679223,2.534051,0.7511096,0.9807653,2.576066,0.6525433,0.7777596,2.502258,0.611463,0.6419806,2.51575,0.691187,0.8138662,2.507401,0.6898533,0.8576336,2.505624,0.846397,0.8583553,2.452547,0.9784388,0.8319073,2.40937,0.8807347,0.989089,2.450352,0.8491156,1.041912,2.466433,0.6944742,0.6542408,2.535429,0.6387869,0.8746728,2.513819,0.6901551,0.6060991,2.450328,0.7863008,0.6590555,2.494137,0.7417865,0.5432708,2.262792,0.7762251,0.6008213,2.447402,0.7091204,0.8505374,2.548317
72057594037937085,0,0.8187627,5987.575,0.7478626,0.6679223,2.534051,0.7511096,0.9807653,2.576066,0.6525433,0.7777596,2.502258,0.611463,0.6419806,2.51575,0.691187,0.8138662,2.507401,0.6898533,0.8576336,2.505624,0.846397,0.8583553,2.452547,0.9784388,0.8319073,2.40937,0.8807347,0.989089,2.450352,0.8491156,1.041912,2.466433,0.6944742,0.6542408,2.535429,0.6387869,0.8746728,2.513819,0.6901551,0.6060991,2.450328,0.7863008,0.6590555,2.494137,0.7417865,0.5432708,2.262792,0.7762251,0.6008213,2.447402,0.7091204,0.8505374,2.548317
72057594037937085,0,0.8187627,5987.58,0.7478626,0.6679223,2.534051,0.7511096,0.9807653,2.576066,0.6525433,0.7777596,2.502258,0.611463,0.6419806,2.51575,0.691187,0.8138662,2.507401,0.6898533,0.8576336,2.505624,0.846397,0.8583553,2.452547,0.9784388,0.8319073,2.40937,0.8807347,0.989089,2.450352,0.8491156,1.041912,2.466433,0.6944742,0.6542408,2.535429,0.6387869,0.8746728,2.513819,0.6901551,0.6060991,2.450328,0.7863008,0.6590555,2.494137,0.7417865,0.5432708,2.262792,0.7762251,0.6008213,2.447402,0.7091204,0.8505374,2.548317
72057594037937085,0,0.8187627,5987.583,0.7478626,0.6679223,2.534051,0.7511096,0.9807653,2.576066,0.6525433,0.7777596,2.502258,0.611463,0.6419806,2.51575,0.691187,0.8138662,2.507401,0.6898533,0.8576336,2.505624,0.846397,0.8583553,2.452547,0.9784388,0.8319073,2.40937,0.8807347,0.989089,2.450352,0.8491156,1.041912,2.466433,0.6944742,0.6542408,2.535429,0.6387869,0.8746728,2.513819,0.6901551,0.6060991,2.450328,0.7863008,0.6590555,2.494137,0.7417865,0.5432708,2.262792,0.7762251,0.6008213,2.447402,0.7091204,0.8505374,2.548317
72057594037937085,0,0.8187627,5987.587,0.7478626,0.6679223,2.534051,0.7511096,0.9807653,2.576066,0.6525433,0.7777596,2.502258,0.611463,0.6419806,2.51575,0.691187,0.8138662,2.507401,0.6898533,0.8576336,2.505624,0.846397,0.8583553,2.452547,0.9784388,0.8319073,2.40937,0.8807347,0.989089,2.450352,0.8491156,1.041912,2.466433,0.6944742,0.6542408,2.535429,0.6387869,0.8746728,2.513819,0.6901551,0.6060991,2.450328,0.7863008,0.6590555,2.494137,0.7417865,0.5432708,2.262792,0.7762251,0.6008213,2.447402,0.7091204,0.8505374,2.548317
72057594037937085,0,0.8187627,5987.592,0.7478626,0.6679223,2.534051,0.7511096,0.9807653,2.576066,0.6525433,0.7777596,2.502258,0.611463,0.6419806,2.51575,0.691187,0.8138662,2.507401,0.6898533,0.8576336,2.505624,0.846397,0.8583553,2.452547,0.9784388,0.8319073,2.40937,0.8807347,0.989089,2.450352,0.8491156,1.041912,2.466433,0.6944742,0.6542408,2.535429,0.6387869,0.8746728,2.513819,0.6901551,0.6060991,2.450328,0.7863008,0.6590555,2.494137,0.7417865,0.5432708,2.262792,0.7762251,0.6008213,2.447402,0.7091204,0.8505374,2.548317
72057594037937085,0,0.8187627,5987.596,0.7478626,0.6679223,2.534051,0.7511096,0.9807653,2.576066,0.6525433,0.7777596,2.502258,0.611463,0.6419806,2.51575,0.691187,0.8138662,2.507401,0.6898533,0.8576336,2.505624,0.846397,0.8583553,2.452547,0.9784388,0.8319073,2.40937,0.8807347,0.989089,2.450352,0.8491156,1.041912,2.466433,0.6944742,0.6542408,2.535429,0.6387869,0.8746728,2.513819,0.6901551,0.6060991,2.450328,0.7863008,0.6590555,2.494137,0.7417865,0.5432708,2.262792,0.7762251,0.6008213,2.447402,0.7091204,0.8505374,2.548317
72057594037937085,0,0.8217375,5987.602,0.7489063,0.6630936,2.53106,0.7444731,0.9765068,2.57731,0.6449744,0.773873,2.503905,0.605468,0.9061897,2.519377,0.758251,0.8691308,2.46941,0.806896,0.8649824,2.459456,0.845638,0.8567702,2.450819,0.9755333,0.8224348,2.40548,0.8847458,0.9839644,2.445345,0.8554314,1.038228,2.461056,0.6986073,0.6498238,2.51714,0.6296095,0.864673,2.52274,0.6633829,0.591882,2.466077,0.7864439,0.6586168,2.494599,0.737568,0.5446283,2.267351,0.8179429,0.7327415,2.444801,0.703956,0.847465,2.548843
72057594037937085,0,0.8217375,5987.606,0.7489063,0.6630936,2.53106,0.7444731,0.9765068,2.57731,0.6449744,0.773873,2.503905,0.605468,0.9061897,2.519377,0.758251,0.8691308,2.46941,0.806896,0.8649824,2.459456,0.845638,0.8567702,2.450819,0.9755333,0.8224348,2.40548,0.8847458,0.9839644,2.445345,0.8554314,1.038228,2.461056,0.6986073,0.6498238,2.51714,0.6296095,0.864673,2.52274,0.6633829,0.591882,2.466077,0.7864439,0.6586168,2.494599,0.737568,0.5446283,2.267351,0.8179429,0.7327415,2.444801,0.703956,0.847465,2.548843
72057594037937085,0,0.8217375,5987.61,0.7489063,0.6630936,2.53106,0.7444731,0.9765068,2.57731,0.6449744,0.773873,2.503905,0.605468,0.9061897,2.519377,0.758251,0.8691308,2.46941,0.806896,0.8649824,2.459456,0.845638,0.8567702,2.450819,0.9755333,0.8224348,2.40548,0.8847458,0.9839644,2.445345,0.8554314,1.038228,2.461056,0.6986073,0.6498238,2.51714,0.6296095,0.864673,2.52274,0.6633829,0.591882,2.466077,0.7864439,0.6586168,2.494599,0.737568,0.5446283,2.267351,0.8179429,0.7327415,2.444801,0.703956,0.847465,2.548843
72057594037937085,0,0.8217375,5987.614,0.7489063,0.6630936,2.53106,0.7444731,0.9765068,2.57731,0.6449744,0.773873,2.503905,0.605468,0.9061897,2.519377,0.758251,0.8691308,2.46941,0.806896,0.8649824,2.459456,0.845638,0.8567702,2.450819,0.9755333,0.8224348,2.40548,0.8847458,0.9839644,2.445345,0.8554314,1.038228,2.461056,0.6986073,0.6498238,2.51714,0.6296095,0.864673,2.52274,0.6633829,0.591882,2.466077,0.7864439,0.6586168,2.494599,0.737568,0.5446283,2.267351,0.8179429,0.7327415,2.444801,0.703956,0.847465,2.548843
72057594037937085,0,0.8217375,5987.618,0.7489063,0.6630936,2.53106,0.7444731,0.9765068,2.57731,0.6449744,0.773873,2.503905,0.605468,0.9061897,2.519377,0.758251,0.8691308,2.46941,0.806896,0.8649824,2.459456,0.845638,0.8567702,2.450819,0.9755333,0.8224348,2.40548,0.8847458,0.9839644,2.445345,0.8554314,1.038228,2.461056,0.6986073,0.6498238,2.51714,0.6296095,0.864673,2.52274,0.6633829,0.591882,2.466077,0.7864439,0.6586168,2.494599,0.737568,0.5446283,2.267351,0.8179429,0.7327415,2.444801,0.703956,0.847465,2.548843
72057594037937085,0,0.8217375,5987.622,0.7489063,0.6630936,2.53106,0.7444731,0.9765068,2.57731,0.6449744,0.773873,2.503905,0.605468,0.9061897,2.519377,0.758251,0.8691308,2.46941,0.806896,0.8649824,2.459456,0.845638,0.8567702,2.450819,0.9755333,0.8224348,2.40548,0.8847458,0.9839644,2.445345,0.8554314,1.038228,2.461056,0.6986073,0.6498238,2.51714,0.6296095,0.864673,2.52274,0.6633829,0.591882,2.466077,0.7864439,0.6586168,2.494599,0.737568,0.5446283,2.267351,0.8179429,0.7327415,2.444801,0.703956,0.847465,2.548843
72057594037937085,0,0.8217375,5987.627,0.7489063,0.6630936,2.53106,0.7444731,0.9765068,2.57731,0.6449744,0.773873,2.503905,0.605468,0.9061897,2.519377,0.758251,0.8691308,2.46941,0.806896,0.8649824,2.459456,0.845638,0.8567702,2.450819,0.9755333,0.8224348,2.40548,0.8847458,0.9839644,2.445345,0.8554314,1.038228,2.461056,0.6986073,0.6498238,2.51714,0.6296095,0.864673,2.52274,0.6633829,0.591882,2.466077,0.7864439,0.6586168,2.494599,0.737568,0.5446283,2.267351,0.8179429,0.7327415,2.444801,0.703956,0.847465,2.548843
72057594037937085,0,0.8217375,5987.631,0.7489063,0.6630936,2.53106,0.7444731,0.9765068,2.57731,0.6449744,0.773873,2.503905,0.605468,0.9061897,2.519377,0.758251,0.8691308,2.46941,0.806896,0.8649824,2.459456,0.845638,0.8567702,2.450819,0.9755333,0.8224348,2.40548,0.8847458,0.9839644,2.445345,0.8554314,1.038228,2.461056,0.6986073,0.6498238,2.51714,0.6296095,0.864673,2.52274,0.6633829,0.591882,2.466077,0.7864439,0.6586168,2.494599,0.737568,0.5446283,2.267351,0.8179429,0.7327415,2.444801,0.703956,0.847465,2.548843
72057594037937085,0,0.8351558,5987.636,0.7561891,0.6654236,2.503438,0.8754282,1.144657,2.643352,0.6924446,0.8770763,2.529311,0.6178504,0.7568517,2.48811,0.7573829,0.8676078,2.467679,0.7776567,0.8904033,2.466282,0.845175,0.8553147,2.449101,0.9461004,0.76898,2.393253,0.8967939,0.9477403,2.377234,0.8765773,0.9999213,2.399342,0.7105099,0.6689099,2.481769,0.6055533,0.8309271,2.578916,0.6435796,0.5600349,2.516193,0.7898276,0.6573203,2.476152,0.7583572,0.5710009,2.241734,0.8278815,0.7503853,2.431711,0.8360503,0.9923972,2.623728
72057594037937085,0,0.8351558,5987.64,0.7561891,0.6654236,2.503438,0.8754282,1.144657,2.643352,0.6924446,0.8770763,2.529311,0.6178504,0.7568517,2.48811,0.7573829,0.8676078,2.467679,0.7776567,0.8904033,2.466282,0.845175,0.8553147,2.449101,0.9461004,0.76898,2.393253,0.8967939,0.9477403,2.377234,0.8765773,0.9999213,2.399342,0.7105099,0.6689099,2.481769,0.6055533,0.8309271,2.578916,0.6435796,0.5600349,2.516193,0.7898276,0.6573203,2.476152,0.7583572,0.5710009,2.241734,0.8278815,0.7503853,2.431711,0.8360503,0.9923972,2.623728
72057594037937085,0,0.8351558,5987.645,0.7561891,0.6654236,2.503438,0.8754282,1.144657,2.643352,0.6924446,0.8770763,2.529311,0.6178504,0.7568517,2.48811,0.7573829,0.8676078,2.467679,0.7776567,0.8904033,2.466282,0.845175,0.8553147,2.449101,0.9461004,0.76898,2.393253,0.8967939,0.9477403,2.377234,0.8765773,0.9999213,2.399342,0.7105099,0.6689099,2.481769,0.6055533,0.8309271,2.578916,0.6435796,0.5600349,2.516193,0.7898276,0.6573203,2.476152,0.7583572,0.5710009,2.241734,0.8278815,0.7503853,2.431711,0.8360503,0.9923972,2.623728
72057594037937085,0,0.8351558,5987.649,0.7561891,0.6654236,2.503438,0.8754282,1.144657,2.643352,0.6924446,0.8770763,2.529311,0.6178504,0.7568517,2.48811,0.7573829,0.8676078,2.467679,0.7776567,0.8904033,2.466282,0.845175,0.8553147,2.449101,0.9461004,0.76898,2.393253,0.8967939,0.9477403,2.377234,0.8765773,0.9999213,2.399342,0.7105099,0.6689099,2.481769,0.6055533,0.8309271,2.578916,0.6435796,0.5600349,2.516193,0.7898276,0.6573203,2.476152,0.7583572,0.5710009,2.241734,0.8278815,0.7503853,2.431711,0.8360503,0.9923972,2.623728
72057594037937085,0,0.8351558,5987.654,0.7561891,0.6654236,2.503438,0.8754282,1.144657,2.643352,0.6924446,0.8770763,2.529311,0.6178504,0.7568517,2.48811,0.7573829,0.8676078,2.467679,0.7776567,0.8904033,2.466282,0.845175,0.8553147,2.449101,0.9461004,0.76898,2.393253,0.8967939,0.9477403,2.377234,0.8765773,0.9999213,2.399342,0.7105099,0.6689099,2.481769,0.6055533,0.8309271,2.578916,0.6435796,0.5600349,2.516193,0.7898276,0.6573203,2.476152,0.7583572,0.5710009,2.241734,0.8278815,0.7503853,2.431711,0.8360503,0.9923972,2.623728
72057594037937085,0,0.8351558,5987.659,0.7561891,0.6654236,2.503438,0.8754282,1.144657,2.643352,0.6924446,0.8770763,2.529311,0.6178504,0.7568517,2.48811,0.7573829,0.8676078,2.467679,0.7776567,0.8904033,2.466282,0.845175,0.8553147,2.449101,0.9461004,0.76898,2.393253,0.8967939,0.9477403,2.377234,0.8765773,0.9999213,2.399342,0.7105099,0.6689099,2.481769,0.6055533,0.8309271,2.578916,0.6435796,0.5600349,2.516193,0.7898276,0.6573203,2.476152,0.7583572,0.5710009,2.241734,0.8278815,0.7503853,2.431711,0.8360503,0.9923972,2.623728
72057594037937085,0,0.8351558,5987.663,0.7561891,0.6654236,2.503438,0.8754282,1.144657,2.643352,0.6924446,0.8770763,2.529311,0.6178504,0.7568517,2.48811,0.7573829,0.8676078,2.467679,0.7776567,0.8904033,2.466282,0.845175,0.8553147,2.449101,0.9461004,0.76898,2.393253,0.8967939,0.9477403,2.377234,0.8765773,0.9999213,2.399342,0.7105099,0.6689099,2.481769,0.6055533,0.8309271,2.578916,0.6435796,0.5600349,2.516193,0.7898276,0.6573203,2.476152,0.7583572,0.5710009,2.241734,0.8278815,0.7503853,2.431711,0.8360503,0.9923972,2.623728
72057594037937085,0,0.8351558,5987.668,0.7561891,0.6654236,2.503438,0.8754282,1.144657,2.643352,0.6924446,0.8770763,2.529311,0.6178504,0.7568517,2.48811,0.7573829,0.8676078,2.467679,0.7776567,0.8904033,2.466282,0.845175,0.8553147,2.449101,0.9461004,0.76898,2.393253,0.8967939,0.9477403,2.377234,0.8765773,0.9999213,2.399342,0.7105099,0.6689099,2.481769,0.6055533,0.8309271,2.578916,0.6435796,0.5600349,2.516193,0.7898276,0.6573203,2.476152,0.7583572,0.5710009,2.241734,0.8278815,0.7503853,2.431711,0.8360503,0.9923972,2.623728
72057594037937085,0,0.8355448,5987.672,0.7559853,0.6661715,2.500679,0.8754842,1.144385,2.642823,0.692526,0.8771415,2.529505,0.6204682,0.756824,2.4833,0.7603921,0.8690707,2.470496,0.7783615,0.891853,2.465958,0.8502405,0.8564463,2.449247,0.9541559,0.7725888,2.395981,0.9023501,0.9530985,2.380845,0.8796257,1.004528,2.402287,0.7096565,0.6710334,2.479666,0.6060899,0.832495,2.578566,0.6618416,0.5724456,2.487416,0.7899091,0.6566387,2.473309,0.7509425,0.5395229,2.249221,0.8205302,0.7293046,2.42948,0.8361492,0.9922599,2.623517
72057594037937085,0,0.8355448,5987.676,0.7559853,0.6661715,2.500679,0.8754842,1.144385,2.642823,0.692526,0.8771415,2.529505,0.6204682,0.756824,2.4833,0.7603921,0.8690707,2.470496,0.7783615,0.891853,2.465958,0.8502405,0.8564463,2.449247,0.9541559,0.7725888,2.395981,0.9023501,0.9530985,2.380845,0.8796257,1.004528,2.402287,0.7096565,0.6710334,2.479666,0.6060899,0.832495,2.578566,0.6618416,0.5724456,2.487416,0.7899091,0.6566387,2.473309,0.7509425,0.5395229,2.249221,0.8205302,0.7293046,2.42948,0.8361492,0.9922599,2.623517
72057594037937085,0,0.8355448,5987.681,0.7559853,0.6661715,2.500679,0.8754842,1.144385,2.642823,0.692526,0.8771415,2.529505,0.6204682,0.756824,2.4833,0.7603921,0.8690707,2.470496,0.7783615,0.891853,2.465958,0.8502405,0.8564463,2.449247,0.9541559,0.7725888,2.395981,0.9023501,0.9530985,2.380845,0.8796257,1.004528,2.402287,0.7096565,0.6710334,2.479666,0.6060899,0.832495,2.578566,0.6618416,0.5724456,2.487416,0.7899091,0.6566387,2.473309,0.7509425,0.5395229,2.249221,0.8205302,0.7293046,2.42948,0.8361492,0.9922599,2.623517
72057594037937085,0,0.8355448,5987.685,0.7559853,0.6661715,2.500679,0.8754842,1.144385,2.642823,0.692526,0.8771415,2.529505,0.6204682,0.756824,2.4833,0.7603921,0.8690707,2.470496,0.7783615,0.891853,2.465958,0.8502405,0.8564463,2.449247,0.9541559,0.7725888,2.395981,0.9023501,0.9530985,2.380845,0.8796257,1.004528,2.402287,0.7096565,0.6710334,2.479666,0.6060899,0.832495,2.578566,0.6618416,0.5724456,2.487416,0.7899091,0.6566387,2.473309,0.7509425,0.5395229,2.249221,0.8205302,0.7293046,2.42948,0.8361492,0.9922599,2.623517
72057594037937085,0,0.8355448,5987.689,0.7559853,0.6661715,2.500679,0.8754842,1.144385,2.642823,0.692526,0.8771415,2.529505,0.6204682,0.756824,2.4833,0.7603921,0.8690707,2.470496,0.7783615,0.891853,2.465958,0.8502405,0.8564463,2.449247,0.9541559,0.7725888,2.395981,0.9023501,0.9530985,2.380845,0.8796257,1.004528,2.402287,0.7096565,0.6710334,2.479666,0.6060899,0.832495,2.578566,0.6618416,0.5724456,2.487416,0.7899091,0.6566387,2.473309,0.7509425,0.5395229,2.249221,0.8205302,0.7293046,2.42948,0.8361492,0.9922599,2.623517
72057594037937085,0,0.8355448,5987.694,0.7559853,0.6661715,2.500679,0.8754842,1.144385,2.642823,0.692526,0.8771415,2.529505,0.6204682,0.756824,2.4833,0.7603921,0.8690707,2.470496,0.7783615,0.891853,2.465958,0.8502405,0.8564463,2.449247,0.9541559,0.7725888,2.395981,0.9023501,0.9530985,2.380845,0.8796257,1.004528,2.402287,0.7096565,0.6710334,2.479666,0.6060899,0.832495,2.578566,0.6618416,0.5724456,2.487416,0.7899091,0.6566387,2.473309,0.7509425,0.5395229,2.249221,0.8205302,0.7293046,2.42948,0.8361492,0.9922599,2.623517
72057594037937085,0,0.8355448,5987.7,0.7559853,0.6661715,2.500679,0.8754842,1.144385,2.642823,0.692526,0.8771415,2.529505,0.6204682,0.756824,2.4833,0.7603921,0.8690707,2.470496,0.7783615,0.891853,2.465958,0.8502405,0.8564463,2.449247,0.9541559,0.7725888,2.395981,0.9023501,0.9530985,2.380845,0.8796257,1.004528,2.402287,0.7096565,0.6710334,2.479666,0.6060899,0.832495,2.578566,0.6618416,0.5724456,2.487416,0.7899091,0.6566387,2.473309,0.7509425,0.5395229,2.249221,0.8205302,0.7293046,2.42948,0.8361492,0.9922599,2.623517
72057594037937085,0,0.8339567,5987.704,0.7545453,0.6694906,2.498595,0.8754069,1.144448,2.642867,0.6925288,0.8771279,2.529502,0.6136847,0.7606059,2.48476,0.763658,0.8676284,2.469671,0.7842616,0.8919503,2.461043,0.8517419,0.856089,2.448396,0.973578,0.8055441,2.393226,0.9175467,0.9855958,2.379367,0.8945645,1.036283,2.402233,0.7068908,0.6733038,2.48175,0.6045559,0.8345687,2.581755,0.6593401,0.5735894,2.492818,0.7892644,0.6637537,2.463772,0.7363633,0.5115461,2.248481,0.8080103,0.7054384,2.423872,0.8359475,0.9924371,2.623523
72057594037937085,0,0.8339567,5987.709,0.7545453,0.6694906,2.498595,0.8754069,1.144448,2.642867,0.6925288,0.8771279,2.529502,0.6136847,0.7606059,2.48476,0.763658,0.8676284,2.469671,0.7842616,0.8919503,2.461043,0.8517419,0.856089,2.448396,0.973578,0.8055441,2.393226,0.9175467,0.9855958,2.379367,0.8945645,1.036283,2.402233,0.7068908,0.6733038,2.48175,0.6045559,0.8345687,2.581755,0.6593401,0.5735894,2.492818,0.7892644,0.6637537,2.463772,0.7363633,0.5115461,2.248481,0.8080103,0.7054384,2.423872,0.8359475,0.9924371,2.623523
72057594037937085,0,0.8339567,5987.713,0.7545453,0.6694906,2.498595,0.8754069,1.144448,2.642867,0.6925288,0.8771279,2.529502,0.6136847,0.7606059,2.48476,0.763658,0.8676284,2.469671,0.7842616,0.8919503,2.461043,0.8517419,0.856089,2.448396,0.973578,0.8055441,2.393226,0.9175467,0.9855958,2.379367,0.8945645,1.036283,2.402233,0.7068908,0.6733038,2.48175,0.6045559,0.8345687,2.581755,0.6593401,0.5735894,2.492818,0.7892644,0.6637537,2.463772,0.7363633,0.5115461,2.248481,0.8080103,0.7054384,2.423872,0.8359475,0.9924371,2.623523
72057594037937085,0,0.8339567,5987.717,0.7545453,0.6694906,2.498595,0.8754069,1.144448,2.642867,0.6925288,0.8771279,2.529502,0.6136847,0.7606059,2.48476,0.763658,0.8676284,2.469671,0.7842616,0.8919503,2.461043,0.8517419,0.856089,2.448396,0.973578,0.8055441,2.393226,0.9175467,0.9855958,2.379367,0.8945645,1.036283,2.402233,0.7068908,0.6733038,2.48175,0.6045559,0.8345687,2.581755,0.6593401,0.5735894,2.492818,0.7892644,0.6637537,2.463772,0.7363633,0.5115461,2.248481,0.8080103,0.7054384,2.423872,0.8359475,0.9924371,2.623523
72057594037937085,0,0.8339567,5987.721,0.7545453,0.6694906,2.498595,0.8754069,1.144448,2.642867,0.6925288,0.8771279,2.529502,0.6136847,0.7606059,2.48476,0.763658,0.8676284,2.469671,0.7842616,0.8919503,2.461043,0.8517419,0.856089,2.448396,0.973578,0.8055441,2.393226,0.9175467,0.9855958,2.379367,0.8945645,1.036283,2.402233,0.7068908,0.6733038,2.48175,0.6045559,0.8345687,2.581755,0.6593401,0.5735894,2.492818,0.7892644,0.6637537,2.463772,0.7363633,0.5115461,2.248481,0.8080103,0.7054384,2.423872,0.8359475,0.9924371,2.623523
72057594037937085,0,0.8339567,5987.726,0.7545453,0.6694906,2.498595,0.8754069,1.144448,2.642867,0.6925288,0.8771279,2.529502,0.6136847,0.7606059,2.48476,0.763658,0.8676284,2.469671,0.7842616,0.8919503,2.461043,0.8517419,0.856089,2.448396,0.973578,0.8055441,2.393226,0.9175467,0.9855958,2.379367,0.8945645,1.036283,2.402233,0.7068908,0.6733038,2.48175,0.6045559,0.8345687,2.581755,0.6593401,0.5735894,2.492818,0.7892644,0.6637537,2.463772,0.7363633,0.5115461,2.248481,0.8080103,0.7054384,2.423872,0.8359475,0.9924371,2.623523
72057594037937085,0,0.8339567,5987.73,0.7545453,0.6694906,2.498595,0.8754069,1.144448,2.642867,0.6925288,0.8771279,2.529502,0.6136847,0.7606059,2.48476,0.763658,0.8676284,2.469671,0.7842616,0.8919503,2.461043,0.8517419,0.856089,2.448396,0.973578,0.8055441,2.393226,0.9175467,0.9855958,2.379367,0.8945645,1.036283,2.402233,0.7068908,0.6733038,2.48175,0.6045559,0.8345687,2.581755,0.6593401,0.5735894,2.492818,0.7892644,0.6637537,2.463772,0.7363633,0.5115461,2.248481,0.8080103,0.7054384,2.423872,0.8359475,0.9924371,2.623523
72057594037937085,0,0.8339567,5987.734,0.7545453,0.6694906,2.498595,0.8754069,1.144448,2.642867,0.6925288,0.8771279,2.529502,0.6136847,0.7606059,2.48476,0.763658,0.8676284,2.469671,0.7842616,0.8919503,2.461043,0.8517419,0.856089,2.448396,0.973578,0.8055441,2.393226,0.9175467,0.9855958,2.379367,0.8945645,1.036283,2.402233,0.7068908,0.6733038,2.48175,0.6045559,0.8345687,2.581755,0.6593401,0.5735894,2.492818,0.7892644,0.6637537,2.463772,0.7363633,0.5115461,2.248481,0.8080103,0.7054384,2.423872,0.8359475,0.9924371,2.623523
72057594037937085,0,0.8374578,5987.739,0.7577187,0.6721604,2.494274,0.8752788,1.144869,2.642656,0.6926129,0.8770807,2.529593,0.6170902,0.7587619,2.483716,0.7733305,0.8642632,2.465176,0.7931245,0.8866545,2.459002,0.8554838,0.8559312,2.447909,0.9799513,0.8106396,2.394941,0.9022945,0.9787714,2.434315,0.8076741,1.207511,2.487533,0.7082943,0.6755008,2.479258,0.5913658,0.8524992,2.540652,0.6849968,0.53308,2.458721,0.7934113,0.6650658,2.460393,0.7487528,0.5235642,2.241155,0.8190874,0.7166473,2.417849,0.8357281,0.9929827,2.623117
72057594037937085,0,0.8374578,5987.745,0.7577187,0.6721604,2.494274,0.8752788,1.144869,2.642656,0.6926129,0.8770807,2.529593,0.6170902,0.7587619,2.483716,0.7733305,0.8642632,2.465176,0.7931245,0.8866545,2.459002,0.8554838,0.8559312,2.447909,0.9799513,0.8106396,2.394941,0.9022945,0.9787714,2.434315,0.8076741,1.207511,2.487533,0.7082943,0.6755008,2.479258,0.5913658,0.8524992,2.540652,0.6849968,0.53308,2.458721,0.7934113,0.6650658,2.460393,0.7487528,0.5235642,2.241155,0.8190874,0.7166473,2.417849,0.8357281,0.9929827,2.623117
72057594037937085,0,0.8374578,5987.749,0.7577187,0.6721604,2.494274,0.8752788,1.144869,2.642656,0.6926129,0.8770807,2.529593,0.6170902,0.7587619,2.483716,0.7733305,0.8642632,2.465176,0.7931245,0.8866545,2.459002,0.8554838,0.8559312,2.447909,0.9799513,0.8106396,2.394941,0.9022945,0.9787714,2.434315,0.8076741,1.207511,2.487533,0.7082943,0.6755008,2.479258,0.5913658,0.8524992,2.540652,0.6849968,0.53308,2.458721,0.7934113,0.6650658,2.460393,0.7487528,0.5235642,2.241155,0.8190874,0.7166473,2.417849,0.8357281,0.9929827,2.623117
72057594037937085,0,0.8374578,5987.753,0.7577187,0.6721604,2.494274,0.8752788,1.144869,2.642656,0.6926129,0.8770807,2.529593,0.6170902,0.7587619,2.483716,0.7733305,0.8642632,2.465176,0.7931245,0.8866545,2.459002,0.8554838,0.8559312,2.447909,0.9799513,0.8106396,2.394941,0.9022945,0.9787714,2.434315,0.8076741,1.207511,2.487533,0.7082943,0.6755008,2.479258,0.5913658,0.8524992,2.540652,0.6849968,0.53308,2.458721,0.7934113,0.6650658,2.460393,0.7487528,0.5235642,2.241155,0.8190874,0.7166473,2.417849,0.8357281,0.9929827,2.623117
72057594037937085,0,0.8374578,5987.759,0.7577187,0.6721604,2.494274,0.8752788,1.144869,2.642656,0.6926129,0.8770807,2.529593,0.6170902,0.7587619,2.483716,0.7733305,0.8642632,2.465176,0.7931245,0.8866545,2.459002,0.8554838,0.8559312,2.447909,0.9799513,0.8106396,2.394941,0.9022945,0.9787714,2.434315,0.8076741,1.207511,2.487533,0.7082943,0.6755008,2.479258,0.5913658,0.8524992,2.540652,0.6849968,0.53308,2.458721,0.7934113,0.6650658,2.460393,0.7487528,0.5235642,2.241155,0.8190874,0.7166473,2.417849,0.8357281,0.9929827,2.623117
72057594037937085,0,0.8374578,5987.764,0.7577187,0.6721604,2.494274,0.8752788,1.144869,2.642656,0.6926129,0.8770807,2.529593,0.6170902,0.7587619,2.483716,0.7733305,0.8642632,2.465176,0.7931245,0.8866545,2.459002,0.8554838,0.8559312,2.447909,0.9799513,0.8106396,2.394941,0.9022945,0.9787714,2.434315,0.8076741,1.207511,2.487533,0.7082943,0.6755008,2.479258,0.5913658,0.8524992,2.540652,0.6849968,0.53308,2.458721,0.7934113,0.6650658,2.460393,0.7487528,0.5235642,2.241155,0.8190874,0.7166473,2.417849,0.8357281,0.9929827,2.623117
72057594037937085,0,0.840507,5987.768,0.7603155,0.6754496,2.489253,0.8753371,1.150302,2.638904,0.6962738,0.8799425,2.531327,0.6136774,0.7652991,2.488906,0.7729073,0.8658898,2.467436,0.7922779,0.8958385,2.465818,0.8694959,0.8531765,2.444551,0.9934928,0.8092139,2.389089,0.8938542,0.9651381,2.430918,0.814879,1.172987,2.498506,0.7114976,0.6798741,2.472915,0.588132,0.8471504,2.54469,0.6914639,0.5426075,2.455921,0.7951362,0.6666047,2.457937,0.7286791,0.4481836,2.38529,0.7994915,0.6417645,2.561597,0.834828,0.9978868,2.617332
72057594037937085,0,0.840507,5987.772,0.7603155,0.6754496,2.489253,0.8753371,1.150302,2.638904,0.6962738,0.8799425,2.531327,0.6136774,0.7652991,2.488906,0.7729073,0.8658898,2.467436,0.7922779,0.8958385,2.465818,0.8694959,0.8531765,2.444551,0.9934928,0.8092139,2.389089,0.8938542,0.9651381,2.430918,0.814879,1.172987,2.498506,0.7114976,0.6798741,2.472915,0.588132,0.8471504,2.54469,0.6914639,0.5426075,2.455921,0.7951362,0.6666047,2.457937,0.7286791,0.4481836,2.38529,0.7994915,0.6417645,2.561597,0.834828,0.9978868,2.617332
72057594037937085,0,0.840507,5987.776,0.7603155,0.6754496,2.489253,0.8753371,1.150302,2.638904,0.6962738,0.8799425,2.531327,0.6136774,0.7652991,2.488906,0.7729073,0.8658898,2.467436,0.7922779,0.8958385,2.465818,0.8694959,0.8531765,2.444551,0.9934928,0.8092139,2.389089,0.8938542,0.9651381,2.430918,0.814879,1.172987,2.498506,0.7114976,0.6798741,2.472915,0.588132,0.8471504,2.54469,0.6914639,0.5426075,2.455921,0.7951362,0.6666047,2.457937,0.7286791,0.4481836,2.38529,0.7994915,0.6417645,2.561597,0.834828,0.9978868,2.617332
72057594037937085,0,0.840507,5987.78,0.7603155,0.6754496,2.489253,0.8753371,1.150302,2.638904,0.6962738,0.8799425,2.531327,0.6136774,0.7652991,2.488906,0.7729073,0.8658898,2.467436,0.7922779,0.8958385,2.465818,0.8694959,0.8531765,2.444551,0.9934928,0.8092139,2.389089,0.8938542,0.9651381,2.430918,0.814879,1.172987,2.498506,0.7114976,0.6798741,2.472915,0.588132,0.8471504,2.54469,0.6914639,0.5426075,2.455921,0.7951362,0.6666047,2.457937,0.7286791,0.4481836,2.38529,0.7994915,0.6417645,2.561597,0.834828,0.9978868,2.617332
72057594037937085,0,0.840507,5987.785,0.7603155,0.6754496,2.489253,0.8753371,1.150302,2.638904,0.6962738,0.8799425,2.531327,0.6136774,0.7652991,2.488906,0.7729073,0.8658898,2.467436,0.7922779,0.8958385,2.465818,0.8694959,0.8531765,2.444551,0.9934928,0.8092139,2.389089,0.8938542,0.9651381,2.430918,0.814879,1.172987,2.498506,0.7114976,0.6798741,2.472915,0.588132,0.8471504,2.54469,0.6914639,0.5426075,2.455921,0.7951362,0.6666047,2.457937,0.7286791,0.4481836,2.38529,0.7994915,0.6417645,2.561597,0.834828,0.9978868,2.617332
72057594037937085,0,0.840507,5987.79,0.7603155,0.6754496,2.489253,0.8753371,1.150302,2.638904,0.6962738,0.8799425,2.531327,0.6136774,0.7652991,2.488906,0.7729073,0.8658898,2.467436,0.7922779,0.8958385,2.465818,0.8694959,0.8531765,2.444551,0.9934928,0.8092139,2.389089,0.8938542,0.9651381,2.430918,0.814879,1.172987,2.498506,0.7114976,0.6798741,2.472915,0.588132,0.8471504,2.54469,0.6914639,0.5426075,2.455921,0.7951362,0.6666047,2.457937,0.7286791,0.4481836,2.38529,0.7994915,0.6417645,2.561597,0.834828,0.9978868,2.617332
72057594037937085,0,0.840507,5987.794,0.7603155,0.6754496,2.489253,0.8753371,1.150302,2.638904,0.6962738,0.8799425,2.531327,0.6136774,0.7652991,2.488906,0.7729073,0.8658898,2.467436,0.7922779,0.8958385,2.465818,0.8694959,0.8531765,2.444551,0.9934928,0.8092139,2.389089,0.8938542,0.9651381,2.430918,0.814879,1.172987,2.498506,0.7114976,0.6798741,2.472915,0.588132,0.8471504,2.54469,0.6914639,0.5426075,2.455921,0.7951362,0.6666047,2.457937,0.7286791,0.4481836,2.38529,0.7994915,0.6417645,2.561597,0.834828,0.9978868,2.617332
72057594037937085,0,0.840507,5987.798,0.7603155,0.6754496,2.489253,0.8753371,1.150302,2.638904,0.6962738,0.8799425,2.531327,0.6136774,0.7652991,2.488906,0.7729073,0.8658898,2.467436,0.7922779,0.8958385,2.465818,0.8694959,0.8531765,2.444551,0.9934928,0.8092139,2.389089,0.8938542,0.9651381,2.430918,0.814879,1.172987,2.498506,0.7114976,0.6798741,2.472915,0.588132,0.8471504,2.54469,0.6914639,0.5426075,2.455921,0.7951362,0.6666047,2.457937,0.7286791,0.4481836,2.38529,0.7994915,0.6417645,2.561597,0.834828,0.9978868,2.617332
72057594037937085,0,0.8370498,5987.804,0.7570376,0.6763233,2.489982,0.8752279,1.158833,2.632993,0.6961614,0.8799092,2.53164,0.6195889,0.7619894,2.48659,0.776561,0.8662205,2.466547,0.7911019,0.8942957,2.460161,0.8723091,0.8516489,2.440943,0.9951951,0.8088022,2.381501,0.8025262,0.7867988,2.37902,0.7522896,0.77457,2.398436,0.7072371,0.6812581,2.474497,0.5867453,0.8510034,2.545214,0.6900564,0.541923,2.454765,0.7928792,0.6668813,2.458354,0.6808099,0.4607732,2.427202,0.7518242,0.6542947,2.603451,0.8320706,1.004564,2.610026
72057594037937085,0,0.8370498,5987.809,0.7570376,0.6763233,2.489982,0.8752279,1.158833,2.632993,0.6961614,0.8799092,2.53164,0.6195889,0.7619894,2.48659,0.776561,0.8662205,2.466547,0.7911019,0.8942957,2.460161,0.8723091,0.8516489,2.440943,0.9951951,0.8088022,2.381501,0.8025262,0.7867988,2.37902,0.7522896,0.77457,2.398436,0.7072371,0.6812581,2.474497,0.5867453,0.8510034,2.545214,0.6900564,0.541923,2.454765,0.7928792,0.6668813,2.458354,0.6808099,0.4607732,2.427202,0.7518242,0.6542947,2.603451,0.8320706,1.004564,2.610026
72057594037937085,0,0.8370498,5987.813,0.7570376,0.6763233,2.489982,0.8752279,1.158833,2.632993,0.6961614,0.8799092,2.53164,0.6195889,0.7619894,2.48659,0.776561,0.8662205,2.466547,0.7911019,0.8942957,2.460161,0.8723091,0.8516489,2.440943,0.9951951,0.8088022,2.381501,0.8025262,0.7867988,2.37902,0.7522896,0.77457,2.398436,0.7072371,0.6812581,2.474497,0.5867453,0.8510034,2.545214,0.6900564,0.541923,2.454765,0.7928792,0.6668813,2.458354,0.6808099,0.4607732,2.427202,0.7518242,0.6542947,2.603451,0.8320706,1.004564,2.610026
72057594037937085,0,0.8370498,5987.817,0.7570376,0.6763233,2.489982,0.8752279,1.158833,2.632993,0.6961614,0.8799092,2.53164,0.6195889,0.7619894,2.48659,0.776561,0.8662205,2.466547,0.7911019,0.8942957,2.460161,0.8723091,0.8516489,2.440943,0.9951951,0.8088022,2.381501,0.8025262,0.7867988,2.37902,0.7522896,0.77457,2.398436,0.7072371,0.6812581,2.474497,0.5867453,0.8510034,2.545214,0.6900564,0.541923,2.454765,0.7928792,0.6668813,2.458354,0.6808099,0.4607732,2.427202,0.7518242,0.6542947,2.603451,0.8320706,1.004564,2.610026
72057594037937085,0,0.8370498,5987.822,0.7570376,0.6763233,2.489982,0.8752279,1.158833,2.632993,0.6961614,0.8799092,2.53164,0.6195889,0.7619894,2.48659,0.776561,0.8662205,2.466547,0.7911019,0.8942957,2.460161,0.8723091,0.8516489,2.440943,0.9951951,0.8088022,2.381501,0.8025262,0.7867988,2.37902,0.7522896,0.77457,2.398436,0.7072371,0.6812581,2.474497,0.5867453,0.8510034,2.545214,0.6900564,0.541923,2.454765,0.7928792,0.6668813,2.458354,0.6808099,0.4607732,2.427202,0.7518242,0.6542947,2.603451,0.8320706,1.004564,2.610026
72057594037937085,0,0.8370498,5987.826,0.7570376,0.6763233,2.489982,0.8752279,1.158833,2.632993,0.6961614,0.8799092,2.53164,0.6195889,0.7619894,2.48659,0.776561,0.8662205,2.466547,0.7911019,0.8942957,2.460161,0.8723091,0.8516489,2.440943,0.9951951,0.8088022,2.381501,0.8025262,0.7867988,2.37902,0.7522896,0.77457,2.398436,0.7072371,0.6812581,2.474497,0.5867453,0.8510034,2.545214,0.6900564,0.541923,2.454765,0.7928792,0.6668813,2.458354,0.6808099,0.4607732,2.427202,0.7518242,0.6542947,2.603451,0.8320706,1.004564,2.610026
72057594037937085,0,0.8370498,5987.83,0.7570376,0.6763233,2.489982,0.8752279,1.158833,2.632993,0.6961614,0.8799092,2.53164,0.6195889,0.7619894,2.48659,0.776561,0.8662205,2.466547,0.7911019,0.8942957,2.460161,0.8723091,0.8516489,2.440943,0.9951951,0.8088022,2.381501,0.8025262,0.7867988,2.37902,0.7522896,0.77457,2.398436,0.7072371,0.6812581,2.474497,0.5867453,0.8510034,2.545214,0.6900564,0.541923,2.454765,0.7928792,0.6668813,2.458354,0.6808099,0.4607732,2.427202,0.7518242,0.6542947,2.603451,0.8320706,1.004564,2.610026
72057594037937085,0,0.8370498,5987.834,0.7570376,0.6763233,2.489982,0.8752279,1.158833,2.632993,0.6961614,0.8799092,2.53164,0.6195889,0.7619894,2.48659,0.776561,0.8662205,2.466547,0.7911019,0.8942957,2.460161,0.8723091,0.8516489,2.440943,0.9951951,0.8088022,2.381501,0.8025262,0.7867988,2.37902,0.7522896,0.77457,2.398436,0.7072371,0.6812581,2.474497,0.5867453,0.8510034,2.545214,0.6900564,0.541923,2.454765,0.7928792,0.6668813,2.458354,0.6808099,0.4607732,2.427202,0.7518242,0.6542947,2.603451,0.8320706,1.004564,2.610026
72057594037937085,0,0.8375211,5987.839,0.7572513,0.6777084,2.487908,0.8372673,1.137987,2.587888,0.6961254,0.879927,2.531629,0.6187077,0.7626206,2.486347,0.7764279,0.8656593,2.465804,0.793591,0.8926901,2.45915,0.8725644,0.8520707,2.440089,1.00221,0.8211507,2.391413,0.8109114,0.7890865,2.38082,0.7653567,0.7756882,2.387329,0.7078286,0.6821459,2.473381,0.5854782,0.8509096,2.543666,0.6921427,0.5494555,2.446452,0.7926122,0.6685557,2.455461,0.595048,0.542946,2.464506,0.6663823,0.736156,2.640653,0.8314197,1.005718,2.609443
72057594037937085,0,0.8375211,5987.844,0.7572513,0.6777084,2.487908,0.8372673,1.137987,2.587888,0.6961254,0.879927,2.531629,0.6187077,0.7626206,2.486347,0.7764279,0.8656593,2.465804,0.793591,0.8926901,2.45915,0.8725644,0.8520707,2.440089,1.00221,0.8211507,2.391413,0.8109114,0.7890865,2.38082,0.7653567,0.7756882,2.387329,0.7078286,0.6821459,2.473381,0.5854782,0.8509096,2.543666,0.6921427,0.5494555,2.446452,0.7926122,0.6685557,2.455461,0.595048,0.542946,2.464506,0.6663823,0.736156,2.640653,0.8314197,1.005718,2.609443
72057594037937085,0,0.8375211,5987.848,0.7572513,0.6777084,2.487908,0.8372673,1.137987,2.587888,0.6961254,0.879927,2.531629,0.6187077,0.7626206,2.486347,0.7764279,0.8656593,2.465804,0.793591,0.8926901,2.45915,0.8725644,0.8520707,2.440089,1.00221,0.8211507,2.391413,0.8109114,0.7890865,2.38082,0.7653567,0.7756882,2.387329,0.7078286,0.6821459,2.473381,0.5854782,0.8509096,2.543666,0.6921427,0.5494555,2.446452,0.7926122,0.6685557,2.455461,0.595048,0.542946,2.464506,0.6663823,0.736156,2.640653,0.8314197,1.005718,2.609443
72057594037937085,0,0.8375211,5987.853,0.7572513,0.6777084,2.487908,0.8372673,1.137987,2.587888,0.6961254,0.879927,2.531629,0.6187077,0.7626206,2.486347,0.7764279,0.8656593,2.465804,0.793591,0.8926901,2.45915,0.8725644,0.8520707,2.440089,1.00221,0.8211507,2.391413,0.8109114,0.7890865,2.38082,0.7653567,0.7756882,2.387329,0.7078286,0.6821459,2.473381,0.5854782,0.8509096,2.543666,0.6921427,0.5494555,2.446452,0.7926122,0.6685557,2.455461,0.595048,0.542946,2.464506,0.6663823,0.736156,2.640653,0.8314197,1.005718,2.609443
72057594037937085,0,0.8375211,5987.857,0.7572513,0.6777084,2.487908,0.8372673,1.137987,2.587888,0.6961254,0.879927,2.531629,0.6187077,0.7626206,2.486347,0.7764279,0.8656593,2.465804,0.793591,0.8926901,2.45915,0.8725644,0.8520707,2.440089,1.00221,0.8211507,2.391413,0.8109114,0.7890865,2.38082,0.7653567,0.7756882,2.387329,0.7078286,0.6821459,2.473381,0.5854782,0.8509096,2.543666,0.6921427,0.5494555,2.446452,0.7926122,0.6685557,2.455461,0.595048,0.542946,2.464506,0.6663823,0.736156,2.640653,0.8314197,1.005718,2.609443
72057594037937085,0,0.8375211,5987.862,0.7572513,0.6777084,2.487908,0.8372673,1.137987,2.587888,0.6961254,0.879927,2.531629,0.6187077,0.7626206,2.486347,0.7764279,0.8656593,2.465804,0.793591,0.8926901,2.45915,0.8725644,0.8520707,2.440089,1.00221,0.8211507,2.391413,0.8109114,0.7890865,2.38082,0.7653567,0.7756882,2.387329,0.7078286,0.6821459,2.473381,0.5854782,0.8509096,2.543666,0.6921427,0.5494555,2.446452,0.7926122,0.6685557,2.455461,0.595048,0.542946,2.464506,0.6663823,0.736156,2.640653,0.8314197,1.005718,2.609443
72057594037937085,0,0.8375211,5987.866,0.7572513,0.6777084,2.487908,0.8372673,1.137987,2.587888,0.6961254,0.879927,2.531629,0.6187077,0.7626206,2.486347,0.7764279,0.8656593,2.465804,0.793591,0.8926901,2.45915,0.8725644,0.8520707,2.440089,1.00221,0.8211507,2.391413,0.8109114,0.7890865,2.38082,0.7653567,0.7756882,2.387329,0.7078286,0.6821459,2.473381,0.5854782,0.8509096,2.543666,0.6921427,0.5494555,2.446452,0.7926122,0.6685557,2.455461,0.595048,0.542946,2.464506,0.6663823,0.736156,2.640653,0.8314197,1.005718,2.609443
72057594037937085,0,0.8369446,5987.871,0.7564483,0.6777272,2.487332,0.8373578,1.137121,2.58852,0.697243,0.8805019,2.531248,0.613129,0.7675226,2.486902,0.774157,0.8652689,2.465926,0.79008,0.8899077,2.45602,0.8700433,0.8539564,2.440498,0.9554571,0.7564497,2.375007,0.7636642,0.7727032,2.389619,0.7219011,0.767534,2.412327,0.7061327,0.6822299,2.47099,0.5837712,0.8500796,2.542831,0.6991955,0.5457166,2.435661,0.7922646,0.6684944,2.45569,0.5942347,0.5433223,2.463671,0.6655712,0.7365313,2.639817,0.8312446,1.005238,2.609731
72057594037937085,0,0.8369446,5987.875,0.7564483,0.6777272,2.487332,0.8373578,1.137121,2.58852,0.697243,0.8805019,2.531248,0.613129,0.7675226,2.486902,0.774157,0.8652689,2.465926,0.79008,0.8899077,2.45602,0.8700433,0.8539564,2.440498,0.9554571,0.7564497,2.375007,0.7636642,0.7727032,2.389619,0.7219011,0.767534,2.412327,0.7061327,0.6822299,2.47099,0.5837712,0.8500796,2.542831,0.6991955,0.5457166,2.435661,0.7922646,0.6684944,2.45569,0.5942347,0.5433223,2.463671,0.6655712,0.7365313,2.639817,0.8312446,1.005238,2.609731
72057594037937085,0,0.8369446,5987.88,0.7564483,0.6777272,2.487332,0.8373578,1.137121,2.58852,0.697243,0.8805019,2.531248,0.613129,0.7675226,2.486902,0.774157,0.8652689,2.465926,0.79008,0.8899077,2.45602,0.8700433,0.8539564,2.440498,0.9554571,0.7564497,2.375007,0.7636642,0.7727032,2.389619,0.7219011,0.767534,2.412327,0.7061327,0.6822299,2.47099,0.5837712,0.8500796,2.542831,0.6991955,0.5457166,2.435661,0.7922646,0.6684944,2.45569,0.5942347,0.5433223,2.463671,0.6655712,0.7365313,2.639817,0.8312446,1.005238,2.609731
72057594037937085,0,0.8369446,5987.886,0.7564483,0.6777272,2.487332,0.8373578,1.137121,2.58852,0.697243,0.8805019,2.531248,0.613129,0.7675226,2.486902,0.774157,0.8652689,2.465926,0.79008,0.8899077,2.45602,0.8700433,0.8539564,2.440498,0.9554571,0.7564497,2.375007,0.7636642,0.7727032,2.389619,0.7219011,0.767534,2.412327,0.7061327,0.6822299,2.47099,0.5837712,0.8500796,2.542831,0.6991955,0.5457166,2.435661,0.7922646,0.6684944,2.45569,0.5942347,0.5433223,2.463671,0.6655712,0.7365313,2.639817,0.8312446,1.005238,2.609731
72057594037937085,0,0.8369446,5987.89,0.7564483,0.6777272,2.487332,0.8373578,1.137121,2.58852,0.697243,0.8805019,2.531248,0.613129,0.7675226,2.486902,0.774157,0.8652689,2.465926,0.79008,0.8899077,2.45602,0.8700433,0.8539564,2.440498,0.9554571,0.7564497,2.375007,0.7636642,0.7727032,2.389619,0.7219011,0.767534,2.412327,0.7061327,0.6822299,2.47099,0.5837712,0.8500796,2.542831,0.6991955,0.5457166,2.435661,0.7922646,0.6684944,2.45569,0.5942347,0.5433223,2.463671,0.6655712,0.7365313,2.639817,0.8312446,1.005238,2.609731
72057594037937085,0,0.8369446,5987.895,0.7564483,0.6777272,2.487332,0.8373578,1.137121,2.58852,0.697243,0.8805019,2.531248,0.613129,0.7675226,2.486902,0.774157,0.8652689,2.465926,0.79008,0.8899077,2.45602,0.8700433,0.8539564,2.440498,0.9554571,0.7564497,2.375007,0.7636642,0.7727032,2.389619,0.7219011,0.767534,2.412327,0.7061327,0.6822299,2.47099,0.5837712,0.8500796,2.542831,0.6991955,0.5457166,2.435661,0.7922646,0.6684944,2.45569,0.5942347,0.5433223,2.463671,0.6655712,0.7365313,2.639817,0.8312446,1.005238,2.609731
72057594037937085,0,0.8369446,5987.899,0.7564483,0.6777272,2.487332,0.8373578,1.137121,2.58852,0.697243,0.8805019,2.531248,0.613129,0.7675226,2.486902,0.774157,0.8652689,2.465926,0.79008,0.8899077,2.45602,0.8700433,0.8539564,2.440498,0.9554571,0.7564497,2.375007,0.7636642,0.7727032,2.389619,0.7219011,0.767534,2.412327,0.7061327,0.6822299,2.47099,0.5837712,0.8500796,2.542831,0.6991955,0.5457166,2.435661,0.7922646,0.6684944,2.45569,0.5942347,0.5433223,2.463671,0.6655712,0.7365313,2.639817,0.8312446,1.005238,2.609731
72057594037937085,0,0.838844,5987.904,0.7571189,0.6786561,2.482295,0.8375473,1.137099,2.585827,0.6971735,0.8790013,2.529603,0.610532,0.7670744,2.488084,0.7594483,0.8802088,2.45377,0.7838775,0.8994527,2.458615,0.8783086,0.8584874,2.43661,0.9250548,0.735276,2.372895,0.7458193,0.7738039,2.38958,0.7085631,0.7758805,2.420073,0.7067559,0.6820682,2.47005,0.5559311,0.8198384,2.551706,0.6847991,0.5457564,2.449707,0.792723,0.6714783,2.44455,0.6000283,0.543986,2.469915,0.671349,0.7371901,2.646065,0.8301528,1.006411,2.608088
72057594037937085,0,0.838844,5987.909,0.7571189,0.6786561,2.482295,0.8375473,1.137099,2.585827,0.6971735,0.8790013,2.529603,0.610532,0.7670744,2.488084,0.7594483,0.8802088,2.45377,0.7838775,0.8994527,2.458615,0.8783086,0.8584874,2.43661,0.9250548,0.735276,2.372895,0.7458193,0.7738039,2.38958,0.7085631,0.7758805,2.420073,0.7067559,0.6820682,2.47005,0.5559311,0.8198384,2.551706,0.6847991,0.5457564,2.449707,0.792723,0.6714783,2.44455,0.6000283,0.543986,2.469915,0.671349,0.7371901,2.646065,0.8301528,1.006411,2.608088
72057594037937085,0,0.838844,5987.913,0.7571189,0.6786561,2.482295,0.8375473,1.137099,2.585827,0.6971735,0.8790013,2.529603,0.610532,0.7670744,2.488084,0.7594483,0.8802088,2.45377,0.7838775,0.8994527,2.458615,0.8783086,0.8584874,2.43661,0.9250548,0.735276,2.372895,0.7458193,0.7738039,2.38958,0.7085631,0.7758805,2.420073,0.7067559,0.6820682,2.47005,0.5559311,0.8198384,2.551706,0.6847991,0.5457564,2.449707,0.792723,0.6714783,2.44455,0.6000283,0.543986,2.469915,0.671349,0.7371901,2.646065,0.8301528,1.006411,2.608088
72057594037937085,0,0.838844,5987.917,0.7571189,0.6786561,2.482295,0.8375473,1.137099,2.585827,0.6971735,0.8790013,2.529603,0.610532,0.7670744,2.488084,0.7594483,0.8802088,2.45377,0.7838775,0.8994527,2.458615,0.8783086,0.8584874,2.43661,0.9250548,0.735276,2.372895,0.7458193,0.7738039,2.38958,0.7085631,0.7758805,2.420073,0.7067559,0.6820682,2.47005,0.5559311,0.8198384,2.551706,0.6847991,0.5457564,2.449707,0.792723,0.6714783,2.44455,0.6000283,0.543986,2.469915,0.671349,0.7371901,2.646065,0.8301528,1.006411,2.608088
72057594037937085,0,0.838844,5987.921,0.7571189,0.6786561,2.482295,0.8375473,1.137099,2.585827,0.6971735,0.8790013,2.529603,0.610532,0.7670744,2.488084,0.7594483,0.8802088,2.45377,0.7838775,0.8994527,2.458615,0.8783086,0.8584874,2.43661,0.9250548,0.735276,2.372895,0.7458193,0.7738039,2.38958,0.7085631,0.7758805,2.420073,0.7067559,0.6820682,2.47005,0.5559311,0.8198384,2.551706,0.6847991,0.5457564,2.449707,0.792723,0.6714783,2.44455,0.6000283,0.543986,2.469915,0.671349,0.7371901,2.646065,0.8301528,1.006411,2.608088
72057594037937085,0,0.838844,5987.926,0.7571189,0.6786561,2.482295,0.8375473,1.137099,2.585827,0.6971735,0.8790013,2.529603,0.610532,0.7670744,2.488084,0.7594483,0.8802088,2.45377,0.7838775,0.8994527,2.458615,0.8783086,0.8584874,2.43661,0.9250548,0.735276,2.372895,0.7458193,0.7738039,2.38958,0.7085631,0.7758805,2.420073,0.7067559,0.6820682,2.47005,0.5559311,0.8198384,2.551706,0.6847991,0.5457564,2.449707,0.792723,0.6714783,2.44455,0.6000283,0.543986,2.469915,0.671349,0.7371901,2.646065,0.8301528,1.006411,2.608088
72057594037937085,0,0.838844,5987.93,0.7571189,0.6786561,2.482295,0.8375473,1.137099,2.585827,0.6971735,0.8790013,2.529603,0.610532,0.7670744,2.488084,0.7594483,0.8802088,2.45377,0.7838775,0.8994527,2.458615,0.8783086,0.8584874,2.43661,0.9250548,0.735276,2.372895,0.7458193,0.7738039,2.38958,0.7085631,0.7758805,2.420073,0.7067559,0.6820682,2.47005,0.5559311,0.8198384,2.551706,0.6847991,0.5457564,2.449707,0.792723,0.6714783,2.44455,0.6000283,0.543986,2.469915,0.671349,0.7371901,2.646065,0.8301528,1.006411,2.608088
72057594037937085,0,0.838844,5987.935,0.7571189,0.6786561,2.482295,0.8375473,1.137099,2.585827,0.6971735,0.8790013,2.529603,0.610532,0.7670744,2.488084,0.7594483,0.8802088,2.45377,0.7838775,0.8994527,2.458615,0.8783086,0.8584874,2.43661,0.9250548,0.735276,2.372895,0.7458193,0.7738039,2.38958,0.7085631,0.7758805,2.420073,0.7067559,0.6820682,2.47005,0.5559311,0.8198384,2.551706,0.6847991,0.5457564,2.449707,0.792723,0.6714783,2.44455,0.6000283,0.543986,2.469915,0.671349,0.7371901,2.646065,0.8301528,1.006411,2.608088
72057594037937085,0,0.8364846,5987.939,0.7539258,0.6777172,2.481107,0.8383342,1.134837,2.586214,0.6967342,0.8793138,2.529672,0.6059901,0.7701178,2.489996,0.7690502,0.8619258,2.456474,0.7878444,0.8892192,2.454452,0.8752628,0.8572177,2.437169,0.9228275,0.7342632,2.373642,0.7480949,0.7711374,2.38253,0.7131475,0.7712004,2.415061,0.7044122,0.6817335,2.468068,0.5584542,0.8238761,2.550703,0.6955559,0.5570967,2.441815,0.7886692,0.6692663,2.445415,0.5930668,0.5462891,2.471795,0.6812087,0.7739744,2.59404,0.8298082,1.005188,2.608789
72057594037937085,0,0.8364846,5987.943,0.7539258,0.6777172,2.481107,0.8383342,1.134837,2.586214,0.6967342,0.8793138,2.529672,0.6059901,0.7701178,2.489996,0.7690502,0.8619258,2.456474,0.7878444,0.8892192,2.454452,0.8752628,0.8572177,2.437169,0.9228275,0.7342632,2.373642,0.7480949,0.7711374,2.38253,0.7131475,0.7712004,2.415061,0.7044122,0.6817335,2.468068,0.5584542,0.8238761,2.550703,0.6955559,0.5570967,2.441815,0.7886692,0.6692663,2.445415,0.5930668,0.5462891,2.471795,0.6812087,0.7739744,2.59404,0.8298082,1.005188,2.608789
72057594037937085,0,0.8364846,5987.949,0.7539258,0.6777172,2.481107,0.8383342,1.134837,2.586214,0.6967342,0.8793138,2.529672,0.6059901,0.7701178,2.489996,0.7690502,0.8619258,2.456474,0.7878444,0.8892192,2.454452,0.8752628,0.8572177,2.437169,0.9228275,0.7342632,2.373642,0.7480949,0.7711374,2.38253,0.7131475,0.7712004,2.415061,0.7044122,0.6817335,2.468068,0.5584542,0.8238761,2.550703,0.6955559,0.5570967,2.441815,0.7886692,0.6692663,2.445415,0.5930668,0.5462891,2.471795,0.6812087,0.7739744,2.59404,0.8298082,1.005188,2.608789
72057594037937085,0,0.8364846,5987.953,0.7539258,0.6777172,2.481107,0.8383342,1.134837,2.586214,0.6967342,0.8793138,2.529672,0.6059901,0.7701178,2.489996,0.7690502,0.8619258,2.456474,0.7878444,0.8892192,2.454452,0.8752628,0.8572177,2.437169,0.9228275,0.7342632,2.373642,0.7480949,0.7711374,2.38253,0.7131475,0.7712004,2.415061,0.7044122,0.6817335,2.468068,0.5584542,0.8238761,2.550703,0.6955559,0.5570967,2.441815,0.7886692,0.6692663,2.445415,0.5930668,0.5462891,2.471795,0.6812087,0.7739744,2.59404,0.8298082,1.005188,2.608789
72057594037937085,0,0.8364846,5987.958,0.7539258,0.6777172,2.481107,0.8383342,1.134837,2.586214,0.6967342,0.8793138,2.529672,0.6059901,0.7701178,2.489996,0.7690502,0.8619258,2.456474,0.7878444,0.8892192,2.454452,0.8752628,0.8572177,2.437169,0.9228275,0.7342632,2.373642,0.7480949,0.7711374,2.38253,0.7131475,0.7712004,2.415061,0.7044122,0.6817335,2.468068,0.5584542,0.8238761,2.550703,0.6955559,0.5570967,2.441815,0.7886692,0.6692663,2.445415,0.5930668,0.5462891,2.471795,0.6812087,0.7739744,2.59404,0.8298082,1.005188,2.608789
72057594037937085,0,0.8364846,5987.961,0.7539258,0.6777172,2.481107,0.8383342,1.134837,2.586214,0.6967342,0.8793138,2.529672,0.6059901,0.7701178,2.489996,0.7690502,0.8619258,2.456474,0.7878444,0.8892192,2.454452,0.8752628,0.8572177,2.437169,0.9228275,0.7342632,2.373642,0.7480949,0.7711374,2.38253,0.7131475,0.7712004,2.415061,0.7044122,0.6817335,2.468068,0.5584542,0.8238761,2.550703,0.6955559,0.5570967,2.441815,0.7886692,0.6692663,2.445415,0.5930668,0.5462891,2.471795,0.6812087,0.7739744,2.59404,0.8298082,1.005188,2.608789
72057594037937085,0,0.8364846,5987.967,0.7539258,0.6777172,2.481107,0.8383342,1.134837,2.586214,0.6967342,0.8793138,2.529672,0.6059901,0.7701178,2.489996,0.7690502,0.8619258,2.456474,0.7878444,0.8892192,2.454452,0.8752628,0.8572177,2.437169,0.9228275,0.7342632,2.373642,0.7480949,0.7711374,2.38253,0.7131475,0.7712004,2.415061,0.7044122,0.6817335,2.468068,0.5584542,0.8238761,2.550703,0.6955559,0.5570967,2.441815,0.7886692,0.6692663,2.445415,0.5930668,0.5462891,2.471795,0.6812087,0.7739744,2.59404,0.8298082,1.005188,2.608789
72057594037937085,0,0.8327399,5987.971,0.7499813,0.6785476,2.480811,0.8389724,1.132894,2.584486,0.6881549,0.8809221,2.5338,0.6055981,0.7673944,2.487684,0.6658525,0.9014862,2.543768,0.6678855,0.9271199,2.550682,0.8741305,0.8605098,2.43867,0.920588,0.7373673,2.374494,0.7679273,0.7745649,2.375508,0.731833,0.7725989,2.394549,0.7007462,0.6833512,2.465939,0.5652289,0.8376745,2.544393,0.678567,0.546311,2.450485,0.7841069,0.6691312,2.447829,0.5854719,0.5512974,2.474789,0.6712231,0.7786374,2.599521,0.8295016,1.00462,2.608408
72057594037937085,0,0.8327399,5987.976,0.7499813,0.6785476,2.480811,0.8389724,1.132894,2.584486,0.6881549,0.8809221,2.5338,0.6055981,0.7673944,2.487684,0.6658525,0.9014862,2.543768,0.6678855,0.9271199,2.550682,0.8741305,0.8605098,2.43867,0.920588,0.7373673,2.374494,0.7679273,0.7745649,2.375508,0.731833,0.7725989,2.394549,0.7007462,0.6833512,2.465939,0.5652289,0.8376745,2.544393,0.678567,0.546311,2.450485,0.7841069,0.6691312,2.447829,0.5854719,0.5512974,2.474789,0.6712231,0.7786374,2.599521,0.8295016,1.00462,2.608408
72057594037937085,0,0.8327399,5987.98,0.7499813,0.6785476,2.480811,0.8389724,1.132894,2.584486,0.6881549,0.8809221,2.5338,0.6055981,0.7673944,2.487684,0.6658525,0.9014862,2.543768,0.6678855,0.9271199,2.550682,0.8741305,0.8605098,2.43867,0.920588,0.7373673,2.374494,0.7679273,0.7745649,2.375508,0.731833,0.7725989,2.394549,0.7007462,0.6833512,2.465939,0.5652289,0.8376745,2.544393,0.678567,0.546311,2.450485,0.7841069,0.6691312,2.447829,0.5854719,0.5512974,2.474789,0.6712231,0.7786374,2.599521,0.8295016,1.00462,2.608408
72057594037937085,0,0.8327399,5987.985,0.7499813,0.6785476,2.480811,0.8389724,1.132894,2.584486,0.6881549,0.8809221,2.5338,0.6055981,0.7673944,2.487684,0.6658525,0.9014862,2.543768,0.6678855,0.9271199,2.550682,0.8741305,0.8605098,2.43867,0.920588,0.7373673,2.374494,0.7679273,0.7745649,2.375508,0.731833,0.7725989,2.394549,0.7007462,0.6833512,2.465939,0.5652289,0.8376745,2.544393,0.678567,0.546311,2.450485,0.7841069,0.6691312,2.447829,0.5854719,0.5512974,2.474789,0.6712231,0.7786374,2.599521,0.8295016,1.00462,2.608408
72057594037937085,0,0.8327399,5987.989,0.7499813,0.6785476,2.480811,0.8389724,1.132894,2.584486,0.6881549,0.8809221,2.5338,0.6055981,0.7673944,2.487684,0.6658525,0.9014862,2.543768,0.6678855,0.9271199,2.550682,0.8741305,0.8605098,2.43867,0.920588,0.7373673,2.374494,0.7679273,0.7745649,2.375508,0.731833,0.7725989,2.394549,0.7007462,0.6833512,2.465939,0.5652289,0.8376745,2.544393,0.678567,0.546311,2.450485,0.7841069,0.6691312,2.447829,0.5854719,0.5512974,2.474789,0.6712231,0.7786374,2.599521,0.8295016,1.00462,2.608408
72057594037937085,0,0.8327399,5987.994,0.7499813,0.6785476,2.480811,0.8389724,1.132894,2.584486,0.6881549,0.8809221,2.5338,0.6055981,0.7673944,2.487684,0.6658525,0.9014862,2.543768,0.6678855,0.9271199,2.550682,0.8741305,0.8605098,2.43867,0.920588,0.7373673,2.374494,0.7679273,0.7745649,2.375508,0.731833,0.7725989,2.394549,0.7007462,0.6833512,2.465939,0.5652289,0.8376745,2.544393,0.678567,0.546311,2.450485,0.7841069,0.6691312,2.447829,0.5854719,0.5512974,2.474789,0.6712231,0.7786374,2.599521,0.8295016,1.00462,2.608408
72057594037937085,0,0.8327399,5987.998,0.7499813,0.6785476,2.480811,0.8389724,1.132894,2.584486,0.6881549,0.8809221,2.5338,0.6055981,0.7673944,2.487684,0.6658525,0.9014862,2.543768,0.6678855,0.9271199,2.550682,0.8741305,0.8605098,2.43867,0.920588,0.7373673,2.374494,0.7679273,0.7745649,2.375508,0.731833,0.7725989,2.394549,0.7007462,0.6833512,2.465939,0.5652289,0.8376745,2.544393,0.678567,0.546311,2.450485,0.7841069,0.6691312,2.447829,0.5854719,0.5512974,2.474789,0.6712231,0.7786374,2.599521,0.8295016,1.00462,2.608408
72057594037937085,0,0.8297067,5988.002,0.7468029,0.681446,2.478886,0.8398237,1.131129,2.582576,0.6850575,0.8810723,2.53465,0.6041248,0.7668185,2.48727,0.678735,0.9211004,2.559184,0.6612615,0.9634742,2.57532,0.8752367,0.8675961,2.439603,0.9195508,0.7400376,2.375488,0.7693945,0.7756661,2.375536,0.73212,0.7745187,2.394898,0.69822,0.686085,2.464501,0.5657878,0.8401324,2.547081,0.6776491,0.5456541,2.450718,0.7812642,0.6715128,2.446186,0.5887369,0.5428901,2.470605,0.6733734,0.7698151,2.597108,0.8291199,1.004231,2.607728
72057594037937085,0,0.8297067,5988.007,0.7468029,0.681446,2.478886,0.8398237,1.131129,2.582576,0.6850575,0.8810723,2.53465,0.6041248,0.7668185,2.48727,0.678735,0.9211004,2.559184,0.6612615,0.9634742,2.57532,0.8752367,0.8675961,2.439603,0.9195508,0.7400376,2.375488,0.7693945,0.7756661,2.375536,0.73212,0.7745187,2.394898,0.69822,0.686085,2.464501,0.5657878,0.8401324,2.547081,0.6776491,0.5456541,2.450718,0.7812642,0.6715128,2.446186,0.5887369,0.5428901,2.470605,0.6733734,0.7698151,2.597108,0.8291199,1.004231,2.607728
72057594037937085,0,0.8297067,5988.011,0.7468029,0.681446,2.478886,0.8398237,1.131129,2.582576,0.6850575,0.8810723,2.53465,0.6041248,0.7668185,2.48727,0.678735,0.9211004,2.559184,0.6612615,0.9634742,2.57532,0.8752367,0.8675961,2.439603,0.9195508,0.7400376,2.375488,0.7693945,0.7756661,2.375536,0.73212,0.7745187,2.394898,0.69822,0.686085,2.464501,0.5657878,0.8401324,2.547081,0.6776491,0.5456541,2.450718,0.7812642,0.6715128,2.446186,0.5887369,0.5428901,2.470605,0.6733734,0.7698151,2.597108,0.8291199,1.004231,2.607728
72057594037937085,0,0.8297067,5988.015,0.7468029,0.681446,2.478886,0.8398237,1.131129,2.582576,0.6850575,0.8810723,2.53465,0.6041248,0.7668185,2.48727,0.678735,0.9211004,2.559184,0.6612615,0.9634742,2.57532,0.8752367,0.8675961,2.439603,0.9195508,0.7400376,2.375488,0.7693945,0.7756661,2.375536,0.73212,0.7745187,2.394898,0.69822,0.686085,2.464501,0.5657878,0.8401324,2.547081,0.6776491,0.5456541,2.450718,0.7812642,0.6715128,2.446186,0.5887369,0.5428901,2.470605,0.6733734,0.7698151,2.597108,0.8291199,1.004231,2.607728
72057594037937085,0,0.8297067,5988.019,0.7468029,0.681446,2.478886,0.8398237,1.131129,2.582576,0.6850575,0.8810723,2.53465,0.6041248,0.7668185,2.48727,0.678735,0.9211004,2.559184,0.6612615,0.9634742,2.57532,0.8752367,0.8675961,2.439603,0.9195508,0.7400376,2.375488,0.7693945,0.7756661,2.375536,0.73212,0.7745187,2.394898,0.69822,0.686085,2.464501,0.5657878,0.8401324,2.547081,0.6776491,0.5456541,2.450718,0.7812642,0.6715128,2.446186,0.5887369,0.5428901,2.470605,0.6733734,0.7698151,2.597108,0.8291199,1.004231,2.607728
72057594037937085,0,0.8297067,5988.023,0.7468029,0.681446,2.478886,0.8398237,1.131129,2.582576,0.6850575,0.8810723,2.53465,0.6041248,0.7668185,2.48727,0.678735,0.9211004,2.559184,0.6612615,0.9634742,2.57532,0.8752367,0.8675961,2.439603,0.9195508,0.7400376,2.375488,0.7693945,0.7756661,2.375536,0.73212,0.7745187,2.394898,0.69822,0.686085,2.464501,0.5657878,0.8401324,2.547081,0.6776491,0.5456541,2.450718,0.7812642,0.6715128,2.446186,0.5887369,0.5428901,2.470605,0.6733734,0.7698151,2.597108,0.8291199,1.004231,2.607728
72057594037937085,0,0.8297067,5988.028,0.7468029,0.681446,2.478886,0.8398237,1.131129,2.582576,0.6850575,0.8810723,2.53465,0.6041248,0.7668185,2.48727,0.678735,0.9211004,2.559184,0.6612615,0.9634742,2.57532,0.8752367,0.8675961,2.439603,0.9195508,0.7400376,2.375488,0.7693945,0.7756661,2.375536,0.73212,0.7745187,2.394898,0.69822,0.686085,2.464501,0.5657878,0.8401324,2.547081,0.6776491,0.5456541,2.450718,0.7812642,0.6715128,2.446186,0.5887369,0.5428901,2.470605,0.6733734,0.7698151,2.597108,0.8291199,1.004231,2.607728
72057594037937085,0,0.8297067,5988.032,0.7468029,0.681446,2.478886,0.8398237,1.131129,2.582576,0.6850575,0.8810723,2.53465,0.6041248,0.7668185,2.48727,0.678735,0.9211004,2.559184,0.6612615,0.9634742,2.57532,0.8752367,0.8675961,2.439603,0.9195508,0.7400376,2.375488,0.7693945,0.7756661,2.375536,0.73212,0.7745187,2.394898,0.69822,0.686085,2.464501,0.5657878,0.8401324,2.547081,0.6776491,0.5456541,2.450718,0.7812642,0.6715128,2.446186,0.5887369,0.5428901,2.470605,0.6733734,0.7698151,2.597108,0.8291199,1.004231,2.607728
72057594037937085,0,0.8332934,5988.037,0.750062,0.6872793,2.472603,0.8389468,1.139424,2.571718,0.6695282,0.9053628,2.552753,0.6152184,0.7825458,2.489181,0.6607413,0.903182,2.534233,0.6642137,0.9256214,2.544891,0.8767193,0.8702986,2.437164,0.9378124,0.7585973,2.364636,0.7775459,0.8267328,2.382449,0.7474833,0.8404683,2.438092,0.7027758,0.6921518,2.455413,0.6716516,0.8970729,2.545122,0.6720779,0.6249592,2.472444,0.7836763,0.6769088,2.442573,0.6007009,0.52936,2.447331,0.6827511,0.7555631,2.576697,0.8261634,1.009803,2.595157
72057594037937085,0,0.8332934,5988.042,0.750062,0.6872793,2.472603,0.8389468,1.139424,2.571718,0.6695282,0.9053628,2.552753,0.6152184,0.7825458,2.489181,0.6607413,0.903182,2.534233,0.6642137,0.9256214,2.544891,0.8767193,0.8702986,2.437164,0.9378124,0.7585973,2.364636,0.7775459,0.8267328,2.382449,0.7474833,0.8404683,2.438092,0.7027758,0.6921518,2.455413,0.6716516,0.8970729,2.545122,0.6720779,0.6249592,2.472444,0.7836763,0.6769088,2.442573,0.6007009,0.52936,2.447331,0.6827511,0.7555631,2.576697,0.8261634,1.009803,2.595157
72057594037937085,0,0.8332934,5988.046,0.750062,0.6872793,2.472603,0.8389468,1.139424,2.571718,0.6695282,0.9053628,2.552753,0.6152184,0.7825458,2.489181,0.6607413,0.903182,2.534233,0.6642137,0.9256214,2.544891,0.8767193,0.8702986,2.437164,0.9378124,0.7585973,2.364636,0.7775459,0.8267328,2.382449,0.7474833,0.8404683,2.438092,0.7027758,0.6921518,2.455413,0.6716516,0.8970729,2.545122,0.6720779,0.6249592,2.472444,0.7836763,0.6769088,2.442573,0.6007009,0.52936,2.447331,0.6827511,0.7555631,2.576697,0.8261634,1.009803,2.595157
72057594037937085,0,0.8332934,5988.05,0.750062,0.6872793,2.472603,0.8389468,1.139424,2.571718,0.6695282,0.9053628,2.552753,0.6152184,0.7825458,2.489181,0.6607413,0.903182,2.534233,0.6642137,0.9256214,2.544891,0.8767193,0.8702986,2.437164,0.9378124,0.7585973,2.364636,0.7775459,0.8267328,2.382449,0.7474833,0.8404683,2.438092,0.7027758,0.6921518,2.455413,0.6716516,0.8970729,2.545122,0.6720779,0.6249592,2.472444,0.7836763,0.6769088,2.442573,0.6007009,0.52936,2.447331,0.6827511,0.7555631,2.576697,0.8261634,1.009803,2.595157
72057594037937085,0,0.8332934,5988.055,0.750062,0.6872793,2.472603,0.8389468,1.139424,2.571718,0.6695282,0.9053628,2.552753,0.6152184,0.7825458,2.489181,0.6607413,0.903182,2.534233,0.6642137,0.9256214,2.544891,0.8767193,0.8702986,2.437164,0.9378124,0.7585973,2.364636,0.7775459,0.8267328,2.382449,0.7474833,0.8404683,2.438092,0.7027758,0.6921518,2.455413,0.6716516,0.8970729,2.545122,0.6720779,0.6249592,2.472444,0.7836763,0.6769088,2.442573,0.6007009,0.52936,2.447331,0.6827511,0.7555631,2.576697,0.8261634,1.009803,2.595157
72057594037937085,0,0.8332934,5988.06,0.750062,0.6872793,2.472603,0.8389468,1.139424,2.571718,0.6695282,0.9053628,2.552753,0.6152184,0.7825458,2.489181,0.6607413,0.903182,2.534233,0.6642137,0.9256214,2.544891,0.8767193,0.8702986,2.437164,0.9378124,0.7585973,2.364636,0.7775459,0.8267328,2.382449,0.7474833,0.8404683,2.438092,0.7027758,0.6921518,2.455413,0.6716516,0.8970729,2.545122,0.6720779,0.6249592,2.472444,0.7836763,0.6769088,2.442573,0.6007009,0.52936,2.447331,0.6827511,0.7555631,2.576697,0.8261634,1.009803,2.595157
72057594037937085,0,0.8332934,5988.064,0.750062,0.6872793,2.472603,0.8389468,1.139424,2.571718,0.6695282,0.9053628,2.552753,0.6152184,0.7825458,2.489181,0.6607413,0.903182,2.534233,0.6642137,0.9256214,2.544891,0.8767193,0.8702986,2.437164,0.9378124,0.7585973,2.364636,0.7775459,0.8267328,2.382449,0.7474833,0.8404683,2.438092,0.7027758,0.6921518,2.455413,0.6716516,0.8970729,2.545122,0.6720779,0.6249592,2.472444,0.7836763,0.6769088,2.442573,0.6007009,0.52936,2.447331,0.6827511,0.7555631,2.576697,0.8261634,1.009803,2.595157
72057594037937085,0,0.8111612,5988.069,0.7320602,0.7061263,2.476816,0.8396587,1.13932,2.567121,0.66574,0.8978293,2.548566,0.6119294,0.774378,2.485665,0.7013695,0.9168777,2.564044,0.6620347,0.9684068,2.556803,0.879425,0.8788272,2.434437,0.9357847,0.7614671,2.367299,0.8025095,0.8701497,2.418525,0.8045076,0.893285,2.425977,0.6797684,0.7104414,2.460766,0.6741052,0.9053659,2.547651,0.6690432,0.6334336,2.474263,0.7703505,0.6962099,2.446566,0.5511091,0.685664,2.50857,0.634172,0.9112646,2.637391,0.822833,1.010986,2.591675
72057594037937085,0,0.8111612,5988.073,0.7320602,0.7061263,2.476816,0.8396587,1.13932,2.567121,0.66574,0.8978293,2.548566,0.6119294,0.774378,2.485665,0.7013695,0.9168777,2.564044,0.6620347,0.9684068,2.556803,0.879425,0.8788272,2.434437,0.9357847,0.7614671,2.367299,0.8025095,0.8701497,2.418525,0.8045076,0.893285,2.425977,0.6797684,0.7104414,2.460766,0.6741052,0.9053659,2.547651,0.6690432,0.6334336,2.474263,0.7703505,0.6962099,2.446566,0.5511091,0.685664,2.50857,0.634172,0.9112646,2.637391,0.822833,1.010986,2.591675
72057594037937085,0,0.8111612,5988.077,0.7320602,0.7061263,2.476816,0.8396587,1.13932,2.567121,0.66574,0.8978293,2.548566,0.6119294,0.774378,2.485665,0.7013695,0.9168777,2.564044,0.6620347,0.9684068,2.556803,0.879425,0.8788272,2.434437,0.9357847,0.7614671,2.367299,0.8025095,0.8701497,2.418525,0.8045076,0.893285,2.425977,0.6797684,0.7104414,2.460766,0.6741052,0.9053659,2.547651,0.6690432,0.6334336,2.474263,0.7703505,0.6962099,2.446566,0.5511091,0.685664,2.50857,0.634172,0.9112646,2.637391,0.822833,1.010986,2.591675
72057594037937085,0,0.8111612,5988.082,0.7320602,0.7061263,2.476816,0.8396587,1.13932,2.567121,0.66574,0.8978293,2.548566,0.6119294,0.774378,2.485665,0.7013695,0.9168777,2.564044,0.6620347,0.9684068,2.556803,0.879425,0.8788272,2.434437,0.9357847,0.7614671,2.367299,0.8025095,0.8701497,2.418525,0.8045076,0.893285,2.425977,0.6797684,0.7104414,2.460766,0.6741052,0.9053659,2.547651,0.6690432,0.6334336,2.474263,0.7703505,0.6962099,2.446566,0.5511091,0.685664,2.50857,0.634172,0.9112646,2.637391,0.822833,1.010986,2.591675
72057594037937085,0,0.8111612,5988.086,0.7320602,0.7061263,2.476816,0.8396587,1.13932,2.567121,0.66574,0.8978293,2.548566,0.6119294,0.774378,2.485665,0.7013695,0.9168777,2.564044,0.6620347,0.9684068,2.556803,0.879425,0.8788272,2.434437,0.9357847,0.7614671,2.367299,0.8025095,0.8701497,2.418525,0.8045076,0.893285,2.425977,0.6797684,0.7104414,2.460766,0.6741052,0.9053659,2.547651,0.6690432,0.6334336,2.474263,0.7703505,0.6962099,2.446566,0.5511091,0.685664,2.50857,0.634172,0.9112646,2.637391,0.822833,1.010986,2.591675
72057594037937085,0,0.8111612,5988.091,0.7320602,0.7061263,2.476816,0.8396587,1.13932,2.567121,0.66574,0.8978293,2.548566,0.6119294,0.774378,2.485665,0.7013695,0.9168777,2.564044,0.6620347,0.9684068,2.556803,0.879425,0.8788272,2.434437,0.9357847,0.7614671,2.367299,0.8025095,0.8701497,2.418525,0.8045076,0.893285,2.425977,0.6797684,0.7104414,2.460766,0.6741052,0.9053659,2.547651,0.6690432,0.6334336,2.474263,0.7703505,0.6962099,2.446566,0.5511091,0.685664,2.50857,0.634172,0.9112646,2.637391,0.822833,1.010986,2.591675
72057594037937085,0,0.8111612,5988.095,0.7320602,0.7061263,2.476816,0.8396587,1.13932,2.567121,0.66574,0.8978293,2.548566,0.6119294,0.774378,2.485665,0.7013695,0.9168777,2.564044,0.6620347,0.9684068,2.556803,0.879425,0.8788272,2.434437,0.9357847,0.7614671,2.367299,0.8025095,0.8701497,2.418525,0.8045076,0.893285,2.425977,0.6797684,0.7104414,2.460766,0.6741052,0.9053659,2.547651,0.6690432,0.6334336,2.474263,0.7703505,0.6962099,2.446566,0.5511091,0.685664,2.50857,0.634172,0.9112646,2.637391,0.822833,1.010986,2.591675
72057594037937085,0,0.8111612,5988.1,0.7320602,0.7061263,2.476816,0.8396587,1.13932,2.567121,0.66574,0.8978293,2.548566,0.6119294,0.774378,2.485665,0.7013695,0.9168777,2.564044,0.6620347,0.9684068,2.556803,0.879425,0.8788272,2.434437,0.9357847,0.7614671,2.367299,0.8025095,0.8701497,2.418525,0.8045076,0.893285,2.425977,0.6797684,0.7104414,2.460766,0.6741052,0.9053659,2.547651,0.6690432,0.6334336,2.474263,0.7703505,0.6962099,2.446566,0.5511091,0.685664,2.50857,0.634172,0.9112646,2.637391,0.822833,1.010986,2.591675
72057594037937085,0,0.8195505,5988.104,0.7406145,0.7082303,2.47389,0.8399588,1.142022,2.563481,0.6633321,0.9015611,2.549863,0.6137894,0.7766826,2.486442,0.6681904,0.8962978,2.524995,0.6681771,0.9245304,2.537045,0.8821394,0.8905979,2.435536,0.9577131,0.7875706,2.364831,0.8115968,0.8949262,2.422372,0.8045598,0.9109069,2.431098,0.6935043,0.7094157,2.463787,0.6713107,0.9064545,2.546289,0.6712533,0.6369218,2.463838,0.7781534,0.7023139,2.436344,0.6165085,0.5474284,2.48742,0.6993482,0.7735294,2.616317,0.8229682,1.013599,2.58809
72057594037937085,0,0.8195505,5988.108,0.7406145,0.7082303,2.47389,0.8399588,1.142022,2.563481,0.6633321,0.9015611,2.549863,0.6137894,0.7766826,2.486442,0.6681904,0.8962978,2.524995,0.6681771,0.9245304,2.537045,0.8821394,0.8905979,2.435536,0.9577131,0.7875706,2.364831,0.8115968,0.8949262,2.422372,0.8045598,0.9109069,2.431098,0.6935043,0.7094157,2.463787,0.6713107,0.9064545,2.546289,0.6712533,0.6369218,2.463838,0.7781534,0.7023139,2.436344,0.6165085,0.5474284,2.48742,0.6993482,0.7735294,2.616317,0.8229682,1.013599,2.58809
72057594037937085,0,0.8195505,5988.113,0.7406145,0.7082303,2.47389,0.8399588,1.142022,2.563481,0.6633321,0.9015611,2.549863,0.6137894,0.7766826,2.486442,0.6681904,0.8962978,2.524995,0.6681771,0.9245304,2.537045,0.8821394,0.8905979,2.435536,0.9577131,0.7875706,2.364831,0.8115968,0.8949262,2.422372,0.8045598,0.9109069,2.431098,0.6935043,0.7094157,2.463787,0.6713107,0.9064545,2.546289,0.6712533,0.6369218,2.463838,0.7781534,0.7023139,2.436344,0.6165085,0.5474284,2.48742,0.6993482,0.7735294,2.616317,0.8229682,1.013599,2.58809
72057594037937085,0,0.8195505,5988.117,0.7406145,0.7082303,2.47389,0.8399588,1.142022,2.563481,0.6633321,0.9015611,2.549863,0.6137894,0.7766826,2.486442,0.6681904,0.8962978,2.524995,0.6681771,0.9245304,2.537045,0.8821394,0.8905979,2.435536,0.9577131,0.7875706,2.364831,0.8115968,0.8949262,2.422372,0.8045598,0.9109069,2.431098,0.6935043,0.7094157,2.463787,0.6713107,0.9064545,2.546289,0.6712533,0.6369218,2.463838,0.7781534,0.7023139,2.436344,0.6165085,0.5474284,2.48742,0.6993482,0.7735294,2.616317,0.8229682,1.013599,2.58809
72057594037937085,0,0.8195505,5988.122,0.7406145,0.7082303,2.47389,0.8399588,1.142022,2.563481,0.6633321,0.9015611,2.549863,0.6137894,0.7766826,2.486442,0.6681904,0.8962978,2.524995,0.6681771,0.9245304,2.537045,0.8821394,0.8905979,2.435536,0.9577131,0.7875706,2.364831,0.8115968,0.8949262,2.422372,0.8045598,0.9109069,2.431098,0.6935043,0.7094157,2.463787,0.6713107,0.9064545,2.546289,0.6712533,0.6369218,2.463838,0.7781534,0.7023139,2.436344,0.6165085,0.5474284,2.48742,0.6993482,0.7735294,2.616317,0.8229682,1.013599,2.58809
72057594037937085,0,0.8195505,5988.127,0.7406145,0.7082303,2.47389,0.8399588,1.142022,2.563481,0.6633321,0.9015611,2.549863,0.6137894,0.7766826,2.486442,0.6681904,0.8962978,2.524995,0.6681771,0.9245304,2.537045,0.8821394,0.8905979,2.435536,0.9577131,0.7875706,2.364831,0.8115968,0.8949262,2.422372,0.8045598,0.9109069,2.431098,0.6935043,0.7094157,2.463787,0.6713107,0.9064545,2.546289,0.6712533,0.6369218,2.463838,0.7781534,0.7023139,2.436344,0.6165085,0.5474284,2.48742,0.6993482,0.7735294,2.616317,0.8229682,1.013599,2.58809
72057594037937085,0,0.8195505,5988.131,0.7406145,0.7082303,2.47389,0.8399588,1.142022,2.563481,0.6633321,0.9015611,2.549863,0.6137894,0.7766826,2.486442,0.6681904,0.8962978,2.524995,0.6681771,0.9245304,2.537045,0.8821394,0.8905979,2.435536,0.9577131,0.7875706,2.364831,0.8115968,0.8949262,2.422372,0.8045598,0.9109069,2.431098,0.6935043,0.7094157,2.463787,0.6713107,0.9064545,2.546289,0.6712533,0.6369218,2.463838,0.7781534,0.7023139,2.436344,0.6165085,0.5474284,2.48742,0.6993482,0.7735294,2.616317,0.8229682,1.013599,2.58809
72057594037937085,0,0.8218541,5988.136,0.7427558,0.7095643,2.472004,0.8404444,1.142699,2.559161,0.6629643,0.9023343,2.550008,0.6124383,0.779044,2.483677,0.6976815,0.9351133,2.540242,0.6816998,0.9526274,2.542613,0.8793747,0.8899844,2.436315,0.9523618,0.784929,2.365479,0.7954146,0.8650502,2.424434,0.7960052,0.8931549,2.428928,0.6960028,0.7107665,2.463169,0.6637805,0.9279473,2.544276,0.6726658,0.6585233,2.461962,0.7788516,0.7032352,2.433681,0.6481844,0.506788,2.418349,0.7308711,0.7330638,2.547284,0.8227836,1.015809,2.585238
72057594037937085,0,0.8218541,5988.141,0.7427558,0.7095643,2.472004,0.8404444,1.142699,2.559161,0.6629643,0.9023343,2.550008,0.6124383,0.779044,2.483677,0.6976815,0.9351133,2.540242,0.6816998,0.9526274,2.542613,0.8793747,0.8899844,2.436315,0.9523618,0.784929,2.365479,0.7954146,0.8650502,2.424434,0.7960052,0.8931549,2.428928,0.6960028,0.7107665,2.463169,0.6637805,0.9279473,2.544276,0.6726658,0.6585233,2.461962,0.7788516,0.7032352,2.433681,0.6481844,0.506788,2.418349,0.7308711,0.7330638,2.547284,0.8227836,1.015809,2.585238
72057594037937085,0,0.8218541,5988.145,0.7427558,0.7095643,2.472004,0.8404444,1.142699,2.559161,0.6629643,0.9023343,2.550008,0.6124383,0.779044,2.483677,0.6976815,0.9351133,2.540242,0.6816998,0.9526274,2.542613,0.8793747,0.8899844,2.436315,0.9523618,0.784929,2.365479,0.7954146,0.8650502,2.424434,0.7960052,0.8931549,2.428928,0.6960028,0.7107665,2.463169,0.6637805,0.9279473,2.544276,0.6726658,0.6585233,2.461962,0.7788516,0.7032352,2.433681,0.6481844,0.506788,2.418349,0.7308711,0.7330638,2.547284,0.8227836,1.015809,2.585238
72057594037937085,0,0.8218541,5988.149,0.7427558,0.7095643,2.472004,0.8404444,1.142699,2.559161,0.6629643,0.9023343,2.550008,0.6124383,0.779044,2.483677,0.6976815,0.9351133,2.540242,0.6816998,0.9526274,2.542613,0.8793747,0.8899844,2.436315,0.9523618,0.784929,2.365479,0.7954146,0.8650502,2.424434,0.7960052,0.8931549,2.428928,0.6960028,0.7107665,2.463169,0.6637805,0.9279473,2.544276,0.6726658,0.6585233,2.461962,0.7788516,0.7032352,2.433681,0.6481844,0.506788,2.418349,0.7308711,0.7330638,2.547284,0.8227836,1.015809,2.585238
72057594037937085,0,0.8218541,5988.153,0.7427558,0.7095643,2.472004,0.8404444,1.142699,2.559161,0.6629643,0.9023343,2.550008,0.6124383,0.779044,2.483677,0.6976815,0.9351133,2.540242,0.6816998,0.9526274,2.542613,0.8793747,0.8899844,2.436315,0.9523618,0.784929,2.365479,0.7954146,0.8650502,2.424434,0.7960052,0.8931549,2.428928,0.6960028,0.7107665,2.463169,0.6637805,0.9279473,2.544276,0.6726658,0.6585233,2.461962,0.7788516,0.7032352,2.433681,0.6481844,0.506788,2.418349,0.7308711,0.7330638,2.547284,0.8227836,1.015809,2.585238
72057594037937085,0,0.8218541,5988.158,0.7427558,0.7095643,2.472004,0.8404444,1.142699,2.559161,0.6629643,0.9023343,2.550008,0.6124383,0.779044,2.483677,0.6976815,0.9351133,2.540242,0.6816998,0.9526274,2.542613,0.8793747,0.8899844,2.436315,0.9523618,0.784929,2.365479,0.7954146,0.8650502,2.424434,0.7960052,0.8931549,2.428928,0.6960028,0.7107665,2.463169,0.6637805,0.9279473,2.544276,0.6726658,0.6585233,2.461962,0.7788516,0.7032352,2.433681,0.6481844,0.506788,2.418349,0.7308711,0.7330638,2.547284,0.8227836,1.015809,2.585238
72057594037937085,0,0.8218541,5988.163,0.7427558,0.7095643,2.472004,0.8404444,1.142699,2.559161,0.6629643,0.9023343,2.550008,0.6124383,0.779044,2.483677,0.6976815,0.9351133,2.540242,0.6816998,0.9526274,2.542613,0.8793747,0.8899844,2.436315,0.9523618,0.784929,2.365479,0.7954146,0.8650502,2.424434,0.7960052,0.8931549,2.428928,0.6960028,0.7107665,2.463169,0.6637805,0.9279473,2.544276,0.6726658,0.6585233,2.461962,0.7788516,0.7032352,2.433681,0.6481844,0.506788,2.418349,0.7308711,0.7330638,2.547284,0.8227836,1.015809,2.585238
72057594037937085,0,0.8209076,5988.168,0.7419813,0.7092789,2.472911,0.8402892,1.143537,2.557096,0.6981221,0.9322329,2.54975,0.6209142,0.8048548,2.493565,0.6984057,0.9361603,2.539656,0.6760397,0.9551288,2.545082,0.8855965,0.8927299,2.44034,0.9385294,0.7765259,2.367537,0.7902763,0.8560458,2.424894,0.7888153,0.8888994,2.429205,0.6953694,0.7109783,2.462806,0.667258,0.9380995,2.551644,0.6763121,0.6710359,2.4615,0.7761111,0.7009944,2.439329,0.6542004,0.5008238,2.387582,0.7368427,0.7271364,2.516524,0.8221417,1.016443,2.583733
72057594037937085,0,0.8209076,5988.172,0.7419813,0.7092789,2.472911,0.8402892,1.143537,2.557096,0.6981221,0.9322329,2.54975,0.6209142,0.8048548,2.493565,0.6984057,0.9361603,2.539656,0.6760397,0.9551288,2.545082,0.8855965,0.8927299,2.44034,0.9385294,0.7765259,2.367537,0.7902763,0.8560458,2.424894,0.7888153,0.8888994,2.429205,0.6953694,0.7109783,2.462806,0.667258,0.9380995,2.551644,0.6763121,0.6710359,2.4615,0.7761111,0.7009944,2.439329,0.6542004,0.5008238,2.387582,0.7368427,0.7271364,2.516524,0.8221417,1.016443,2.583733
72057594037937085,0,0.8209076,5988.176,0.7419813,0.7092789,2.472911,0.8402892,1.143537,2.557096,0.6981221,0.9322329,2.54975,0.6209142,0.8048548,2.493565,0.6984057,0.9361603,2.539656,0.6760397,0.9551288,2.545082,0.8855965,0.8927299,2.44034,0.9385294,0.7765259,2.367537,0.7902763,0.8560458,2.424894,0.7888153,0.8888994,2.429205,0.6953694,0.7109783,2.462806,0.667258,0.9380995,2.551644,0.6763121,0.6710359,2.4615,0.7761111,0.7009944,2.439329,0.6542004,0.5008238,2.387582,0.7368427,0.7271364,2.516524,0.8221417,1.016443,2.583733
72057594037937085,0,0.8209076,5988.18,0.7419813,0.7092789,2.472911,0.8402892,1.143537,2.557096,0.6981221,0.9322329,2.54975,0.6209142,0.8048548,2.493565,0.6984057,0.9361603,2.539656,0.6760397,0.9551288,2.545082,0.8855965,0.8927299,2.44034,0.9385294,0.7765259,2.367537,0.7902763,0.8560458,2.424894,0.7888153,0.8888994,2.429205,0.6953694,0.7109783,2.462806,0.667258,0.9380995,2.551644,0.6763121,0.6710359,2.4615,0.7761111,0.7009944,2.439329,0.6542004,0.5008238,2.387582,0.7368427,0.7271364,2.516524,0.8221417,1.016443,2.583733
72057594037937085,0,0.8209076,5988.185,0.7419813,0.7092789,2.472911,0.8402892,1.143537,2.557096,0.6981221,0.9322329,2.54975,0.6209142,0.8048548,2.493565,0.6984057,0.9361603,2.539656,0.6760397,0.9551288,2.545082,0.8855965,0.8927299,2.44034,0.9385294,0.7765259,2.367537,0.7902763,0.8560458,2.424894,0.7888153,0.8888994,2.429205,0.6953694,0.7109783,2.462806,0.667258,0.9380995,2.551644,0.6763121,0.6710359,2.4615,0.7761111,0.7009944,2.439329,0.6542004,0.5008238,2.387582,0.7368427,0.7271364,2.516524,0.8221417,1.016443,2.583733
72057594037937085,0,0.8209076,5988.189,0.7419813,0.7092789,2.472911,0.8402892,1.143537,2.557096,0.6981221,0.9322329,2.54975,0.6209142,0.8048548,2.493565,0.6984057,0.9361603,2.539656,0.6760397,0.9551288,2.545082,0.8855965,0.8927299,2.44034,0.9385294,0.7765259,2.367537,0.7902763,0.8560458,2.424894,0.7888153,0.8888994,2.429205,0.6953694,0.7109783,2.462806,0.667258,0.9380995,2.551644,0.6763121,0.6710359,2.4615,0.7761111,0.7009944,2.439329,0.6542004,0.5008238,2.387582,0.7368427,0.7271364,2.516524,0.8221417,1.016443,2.583733
72057594037937085,0,0.8209076,5988.194,0.7419813,0.7092789,2.472911,0.8402892,1.143537,2.557096,0.6981221,0.9322329,2.54975,0.6209142,0.8048548,2.493565,0.6984057,0.9361603,2.539656,0.6760397,0.9551288,2.545082,0.8855965,0.8927299,2.44034,0.9385294,0.7765259,2.367537,0.7902763,0.8560458,2.424894,0.7888153,0.8888994,2.429205,0.6953694,0.7109783,2.462806,0.667258,0.9380995,2.551644,0.6763121,0.6710359,2.4615,0.7761111,0.7009944,2.439329,0.6542004,0.5008238,2.387582,0.7368427,0.7271364,2.516524,0.8221417,1.016443,2.583733
72057594037937085,0,0.8209076,5988.199,0.7419813,0.7092789,2.472911,0.8402892,1.143537,2.557096,0.6981221,0.9322329,2.54975,0.6209142,0.8048548,2.493565,0.6984057,0.9361603,2.539656,0.6760397,0.9551288,2.545082,0.8855965,0.8927299,2.44034,0.9385294,0.7765259,2.367537,0.7902763,0.8560458,2.424894,0.7888153,0.8888994,2.429205,0.6953694,0.7109783,2.462806,0.667258,0.9380995,2.551644,0.6763121,0.6710359,2.4615,0.7761111,0.7009944,2.439329,0.6542004,0.5008238,2.387582,0.7368427,0.7271364,2.516524,0.8221417,1.016443,2.583733
72057594037937085,0,0.8247964,5988.203,0.7457125,0.7106014,2.470684,0.840228,1.143195,2.555196,0.7261257,0.9588395,2.551746,0.6208664,0.806004,2.491867,0.663101,0.9338739,2.519885,0.6580528,0.9270146,2.529831,0.8856887,0.8929534,2.440026,0.9384875,0.7768844,2.367165,0.7901524,0.8563012,2.424698,0.7899715,0.8897905,2.433666,0.706459,0.7171522,2.452169,0.6713197,0.9793171,2.569392,0.6812995,0.714969,2.471125,0.7765568,0.7008671,2.43946,0.655816,0.5008879,2.381578,0.7384474,0.7272036,2.510518,0.8220218,1.016889,2.582362
72057594037937085,0,0.8247964,5988.208,0.7457125,0.7106014,2.470684,0.840228,1.143195,2.555196,0.7261257,0.9588395,2.551746,0.6208664,0.806004,2.491867,0.663101,0.9338739,2.519885,0.6580528,0.9270146,2.529831,0.8856887,0.8929534,2.440026,0.9384875,0.7768844,2.367165,0.7901524,0.8563012,2.424698,0.7899715,0.8897905,2.433666,0.706459,0.7171522,2.452169,0.6713197,0.9793171,2.569392,0.6812995,0.714969,2.471125,0.7765568,0.7008671,2.43946,0.655816,0.5008879,2.381578,0.7384474,0.7272036,2.510518,0.8220218,1.016889,2.582362
72057594037937085,0,0.8247964,5988.212,0.7457125,0.7106014,2.470684,0.840228,1.143195,2.555196,0.7261257,0.9588395,2.551746,0.6208664,0.806004,2.491867,0.663101,0.9338739,2.519885,0.6580528,0.9270146,2.529831,0.8856887,0.8929534,2.440026,0.9384875,0.7768844,2.367165,0.7901524,0.8563012,2.424698,0.7899715,0.8897905,2.433666,0.706459,0.7171522,2.452169,0.6713197,0.9793171,2.569392,0.6812995,0.714969,2.471125,0.7765568,0.7008671,2.43946,0.655816,0.5008879,2.381578,0.7384474,0.7272036,2.510518,0.8220218,1.016889,2.582362
72057594037937085,0,0.8247964,5988.217,0.7457125,0.7106014,2.470684,0.840228,1.143195,2.555196,0.7261257,0.9588395,2.551746,0.6208664,0.806004,2.491867,0.663101,0.9338739,2.519885,0.6580528,0.9270146,2.529831,0.8856887,0.8929534,2.440026,0.9384875,0.7768844,2.367165,0.7901524,0.8563012,2.424698,0.7899715,0.8897905,2.433666,0.706459,0.7171522,2.452169,0.6713197,0.9793171,2.569392,0.6812995,0.714969,2.471125,0.7765568,0.7008671,2.43946,0.655816,0.5008879,2.381578,0.7384474,0.7272036,2.510518,0.8220218,1.016889,2.582362
72057594037937085,0,0.8247964,5988.222,0.7457125,0.7106014,2.470684,0.840228,1.143195,2.555196,0.7261257,0.9588395,2.551746,0.6208664,0.806004,2.491867,0.663101,0.9338739,2.519885,0.6580528,0.9270146,2.529831,0.8856887,0.8929534,2.440026,0.9384875,0.7768844,2.367165,0.7901524,0.8563012,2.424698,0.7899715,0.8897905,2.433666,0.706459,0.7171522,2.452169,0.6713197,0.9793171,2.569392,0.6812995,0.714969,2.471125,0.7765568,0.7008671,2.43946,0.655816,0.5008879,2.381578,0.7384474,0.7272036,2.510518,0.8220218,1.016889,2.582362
72057594037937085,0,0.8247964,5988.226,0.7457125,0.7106014,2.470684,0.840228,1.143195,2.555196,0.7261257,0.9588395,2.551746,0.6208664,0.806004,2.491867,0.663101,0.9338739,2.519885,0.6580528,0.9270146,2.529831,0.8856887,0.8929534,2.440026,0.9384875,0.7768844,2.367165,0.7901524,0.8563012,2.424698,0.7899715,0.8897905,2.433666,0.706459,0.7171522,2.452169,0.6713197,0.9793171,2.569392,0.6812995,0.714969,2.471125,0.7765568,0.7008671,2.43946,0.655816,0.5008879,2.381578,0.7384474,0.7272036,2.510518,0.8220218,1.016889,2.582362
72057594037937085,0,0.8247964,5988.23,0.7457125,0.7106014,2.470684,0.840228,1.143195,2.555196,0.7261257,0.9588395,2.551746,0.6208664,0.806004,2.491867,0.663101,0.9338739,2.519885,0.6580528,0.9270146,2.529831,0.8856887,0.8929534,2.440026,0.9384875,0.7768844,2.367165,0.7901524,0.8563012,2.424698,0.7899715,0.8897905,2.433666,0.706459,0.7171522,2.452169,0.6713197,0.9793171,2.569392,0.6812995,0.714969,2.471125,0.7765568,0.7008671,2.43946,0.655816,0.5008879,2.381578,0.7384474,0.7272036,2.510518,0.8220218,1.016889,2.582362
72057594037937085,0,0.8247964,5988.235,0.7457125,0.7106014,2.470684,0.840228,1.143195,2.555196,0.7261257,0.9588395,2.551746,0.6208664,0.806004,2.491867,0.663101,0.9338739,2.519885,0.6580528,0.9270146,2.529831,0.8856887,0.8929534,2.440026,0.9384875,0.7768844,2.367165,0.7901524,0.8563012,2.424698,0.7899715,0.8897905,2.433666,0.706459,0.7171522,2.452169,0.6713197,0.9793171,2.569392,0.6812995,0.714969,2.471125,0.7765568,0.7008671,2.43946,0.655816,0.5008879,2.381578,0.7384474,0.7272036,2.510518,0.8220218,1.016889,2.582362
72057594037937085,0,0.8178143,5988.239,0.7414269,0.7192918,2.474651,0.8401396,1.142653,2.553332,0.7254258,0.9587931,2.550009,0.6213484,0.8096635,2.491092,0.6722426,0.9486318,2.532009,0.6665314,0.9619718,2.544847,0.8825163,0.8984383,2.437364,0.9365414,0.7805049,2.369463,0.7736635,0.7909013,2.365899,0.7340475,0.7824378,2.382284,0.6990074,0.7268322,2.472685,0.6777473,0.9625626,2.560161,0.6916869,0.7025994,2.450869,0.7698749,0.7119288,2.434997,0.6200888,0.5320701,2.445573,0.7028874,0.7582453,2.57447,0.8213552,1.017172,2.581286
72057594037937085,0,0.8178143,5988.243,0.7414269,0.7192918,2.474651,0.8401396,1.142653,2.553332,0.7254258,0.9587931,2.550009,0.6213484,0.8096635,2.491092,0.6722426,0.9486318,2.532009,0.6665314,0.9619718,2.544847,0.8825163,0.8984383,2.437364,0.9365414,0.7805049,2.369463,0.7736635,0.7909013,2.365899,0.7340475,0.7824378,2.382284,0.6990074,0.7268322,2.472685,0.6777473,0.9625626,2.560161,0.6916869,0.7025994,2.450869,0.7698749,0.7119288,2.434997,0.6200888,0.5320701,2.445573,0.7028874,0.7582453,2.57447,0.8213552,1.017172,2.581286
72057594037937085,0,0.8178143,5988.248,0.7414269,0.7192918,2.474651,0.8401396,1.142653,2.553332,0.7254258,0.9587931,2.550009,0.6213484,0.8096635,2.491092,0.6722426,0.9486318,2.532009,0.6665314,0.9619718,2.544847,0.8825163,0.8984383,2.437364,0.9365414,0.7805049,2.369463,0.7736635,0.7909013,2.365899,0.7340475,0.7824378,2.382284,0.6990074,0.7268322,2.472685,0.6777473,0.9625626,2.560161,0.6916869,0.7025994,2.450869,0.7698749,0.7119288,2.434997,0.6200888,0.5320701,2.445573,0.7028874,0.7582453,2.57447,0.8213552,1.017172,2.581286
72057594037937085,0,0.8178143,5988.252,0.7414269,0.7192918,2.474651,0.8401396,1.142653,2.553332,0.7254258,0.9587931,2.550009,0.6213484,0.8096635,2.491092,0.6722426,0.9486318,2.532009,0.6665314,0.9619718,2.544847,0.8825163,0.8984383,2.437364,0.9365414,0.7805049,2.369463,0.7736635,0.7909013,2.365899,0.7340475,0.7824378,2.382284,0.6990074,0.7268322,2.472685,0.6777473,0.9625626,2.560161,0.6916869,0.7025994,2.450869,0.7698749,0.7119288,2.434997,0.6200888,0.5320701,2.445573,0.7028874,0.7582453,2.57447,0.8213552,1.017172,2.581286
72057594037937085,0,0.8178143,5988.258,0.7414269,0.7192918,2.474651,0.8401396,1.142653,2.553332,0.7254258,0.9587931,2.550009,0.6213484,0.8096635,2.491092,0.6722426,0.9486318,2.532009,0.6665314,0.9619718,2.544847,0.8825163,0.8984383,2.437364,0.9365414,0.7805049,2.369463,0.7736635,0.7909013,2.365899,0.7340475,0.7824378,2.382284,0.6990074,0.7268322,2.472685,0.6777473,0.9625626,2.560161,0.6916869,0.7025994,2.450869,0.7698749,0.7119288,2.434997,0.6200888,0.5320701,2.445573,0.7028874,0.7582453,2.57447,0.8213552,1.017172,2.581286
72057594037937085,0,0.8178143,5988.262,0.7414269,0.7192918,2.474651,0.8401396,1.142653,2.553332,0.7254258,0.9587931,2.550009,0.6213484,0.8096635,2.491092,0.6722426,0.9486318,2.532009,0.6665314,0.9619718,2.544847,0.8825163,0.8984383,2.437364,0.9365414,0.7805049,2.369463,0.7736635,0.7909013,2.365899,0.7340475,0.7824378,2.382284,0.6990074,0.7268322,2.472685,0.6777473,0.9625626,2.560161,0.6916869,0.7025994,2.450869,0.7698749,0.7119288,2.434997,0.6200888,0.5320701,2.445573,0.7028874,0.7582453,2.57447,0.8213552,1.017172,2.581286
72057594037937085,0,0.8178143,5988.267,0.7414269,0.7192918,2.474651,0.8401396,1.142653,2.553332,0.7254258,0.9587931,2.550009,0.6213484,0.8096635,2.491092,0.6722426,0.9486318,2.532009,0.6665314,0.9619718,2.544847,0.8825163,0.8984383,2.437364,0.9365414,0.7805049,2.369463,0.7736635,0.7909013,2.365899,0.7340475,0.7824378,2.382284,0.6990074,0.7268322,2.472685,0.6777473,0.9625626,2.560161,0.6916869,0.7025994,2.450869,0.7698749,0.7119288,2.434997,0.6200888,0.5320701,2.445573,0.7028874,0.7582453,2.57447,0.8213552,1.017172,2.581286
72057594037937085,0,0.8215659,5988.271,0.7474204,0.7386103,2.469217,0.8404441,1.141856,2.549176,0.7254444,0.9589168,2.549385,0.6202757,0.8121097,2.487593,0.6629127,0.9391447,2.516976,0.6630787,0.9459755,2.530189,0.8828721,0.898644,2.437212,0.9366132,0.7807252,2.369317,0.7738059,0.7917985,2.36647,0.7343891,0.783538,2.381551,0.708169,0.7396742,2.486591,0.678435,0.9605674,2.557846,0.6930017,0.7005986,2.448346,0.7750516,0.745891,2.392039,0.6496185,0.5621901,2.446776,0.7323498,0.7883475,2.575742,0.8205538,1.019281,2.578402
72057594037937085,0,0.8215659,5988.276,0.7474204,0.7386103,2.469217,0.8404441,1.141856,2.549176,0.7254444,0.9589168,2.549385,0.6202757,0.8121097,2.487593,0.6629127,0.9391447,2.516976,0.6630787,0.9459755,2.530189,0.8828721,0.898644,2.437212,0.9366132,0.7807252,2.369317,0.7738059,0.7917985,2.36647,0.7343891,0.783538,2.381551,0.708169,0.7396742,2.486591,0.678435,0.9605674,2.557846,0.6930017,0.7005986,2.448346,0.7750516,0.745891,2.392039,0.6496185,0.5621901,2.446776,0.7323498,0.7883475,2.575742,0.8205538,1.019281,2.578402
72057594037937085,0,0.8215659,5988.28,0.7474204,0.7386103,2.469217,0.8404441,1.141856,2.549176,0.7254444,0.9589168,2.549385,0.6202757,0.8121097,2.487593,0.6629127,0.9391447,2.516976,0.6630787,0.9459755,2.530189,0.8828721,0.898644,2.437212,0.9366132,0.7807252,2.369317,0.7738059,0.7917985,2.36647,0.7343891,0.783538,2.381551,0.708169,0.7396742,2.486591,0.678435,0.9605674,2.557846,0.6930017,0.7005986,2.448346,0.7750516,0.745891,2.392039,0.6496185,0.5621901,2.446776,0.7323498,0.7883475,2.575742,0.8205538,1.019281,2.578402
72057594037937085,0,0.8215659,5988.285,0.7474204,0.7386103,2.469217,0.8404441,1.141856,2.549176,0.7254444,0.9589168,2.549385,0.6202757,0.8121097,2.487593,0.6629127,0.9391447,2.516976,0.6630787,0.9459755,2.530189,0.8828721,0.898644,2.437212,0.9366132,0.7807252,2.369317,0.7738059,0.7917985,2.36647,0.7343891,0.783538,2.381551,0.708169,0.7396742,2.486591,0.678435,0.9605674,2.557846,0.6930017,0.7005986,2.448346,0.7750516,0.745891,2.392039,0.6496185,0.5621901,2.446776,0.7323498,0.7883475,2.575742,0.8205538,1.019281,2.578402
72057594037937085,0,0.8215659,5988.29,0.7474204,0.7386103,2.469217,0.8404441,1.141856,2.549176,0.7254444,0.9589168,2.549385,0.6202757,0.8121097,2.487593,0.6629127,0.9391447,2.516976,0.6630787,0.9459755,2.530189,0.8828721,0.898644,2.437212,0.9366132,0.7807252,2.369317,0.7738059,0.7917985,2.36647,0.7343891,0.783538,2.381551,0.708169,0.7396742,2.486591,0.678435,0.9605674,2.557846,0.6930017,0.7005986,2.448346,0.7750516,0.745891,2.392039,0.6496185,0.5621901,2.446776,0.7323498,0.7883475,2.575742,0.8205538,1.019281,2.578402
72057594037937085,0,0.8215659,5988.294,0.7474204,0.7386103,2.469217,0.8404441,1.141856,2.549176,0.7254444,0.9589168,2.549385,0.6202757,0.8121097,2.487593,0.6629127,0.9391447,2.516976,0.6630787,0.9459755,2.530189,0.8828721,0.898644,2.437212,0.9366132,0.7807252,2.369317,0.7738059,0.7917985,2.36647,0.7343891,0.783538,2.381551,0.708169,0.7396742,2.486591,0.678435,0.9605674,2.557846,0.6930017,0.7005986,2.448346,0.7750516,0.745891,2.392039,0.6496185,0.5621901,2.446776,0.7323498,0.7883475,2.575742,0.8205538,1.019281,2.578402
72057594037937085,0,0.8215659,5988.299,0.7474204,0.7386103,2.469217,0.8404441,1.141856,2.549176,0.7254444,0.9589168,2.549385,0.6202757,0.8121097,2.487593,0.6629127,0.9391447,2.516976,0.6630787,0.9459755,2.530189,0.8828721,0.898644,2.437212,0.9366132,0.7807252,2.369317,0.7738059,0.7917985,2.36647,0.7343891,0.783538,2.381551,0.708169,0.7396742,2.486591,0.678435,0.9605674,2.557846,0.6930017,0.7005986,2.448346,0.7750516,0.745891,2.392039,0.6496185,0.5621901,2.446776,0.7323498,0.7883475,2.575742,0.8205538,1.019281,2.578402
72057594037937085,0,0.8223169,5988.303,0.7481517,0.7384112,2.469104,0.8409492,1.141034,2.546433,0.7253716,0.9608476,2.549567,0.6202542,0.8140234,2.484985,0.6616884,0.9410589,2.515281,0.6599974,0.9443306,2.528139,0.8834162,0.8994299,2.437274,0.936286,0.7814685,2.368907,0.7751726,0.6988131,2.358152,0.7453466,0.678055,2.374083,0.7146847,0.7407378,2.464588,0.6777096,0.9572917,2.554517,0.6928113,0.6969192,2.445649,0.7755123,0.726984,2.435027,0.6388555,0.5353713,2.434658,0.7256666,0.7688022,2.548783,0.8201486,1.020019,2.577065
72057594037937085,0,0.8223169,5988.308,0.7481517,0.7384112,2.469104,0.8409492,1.141034,2.546433,0.7253716,0.9608476,2.549567,0.6202542,0.8140234,2.484985,0.6616884,0.9410589,2.515281,0.6599974,0.9443306,2.528139,0.8834162,0.8994299,2.437274,0.936286,0.7814685,2.368907,0.7751726,0.6988131,2.358152,0.7453466,0.678055,2.374083,0.7146847,0.7407378,2.464588,0.6777096,0.9572917,2.554517,0.6928113,0.6969192,2.445649,0.7755123,0.726984,2.435027,0.6388555,0.5353713,2.434658,0.7256666,0.7688022,2.548783,0.8201486,1.020019,2.577065
72057594037937085,0,0.8223169,5988.312,0.7481517,0.7384112,2.469104,0.8409492,1.141034,2.546433,0.7253716,0.9608476,2.549567,0.6202542,0.8140234,2.484985,0.6616884,0.9410589,2.515281,0.6599974,0.9443306,2.528139,0.8834162,0.8994299,2.437274,0.936286,0.7814685,2.368907,0.7751726,0.6988131,2.358152,0.7453466,0.678055,2.374083,0.7146847,0.7407378,2.464588,0.6777096,0.9572917,2.554517,0.6928113,0.6969192,2.445649,0.7755123,0.726984,2.435027,0.6388555,0.5353713,2.434658,0.7256666,0.7688022,2.548783,0.8201486,1.020019,2.577065
72057594037937085,0,0.8223169,5988.316,0.7481517,0.7384112,2.469104,0.8409492,1.141034,2.546433,0.7253716,0.9608476,2.549567,0.6202542,0.8140234,2.484985,0.6616884,0.9410589,2.515281,0.6599974,0.9443306,2.528139,0.8834162,0.8994299,2.437274,0.936286,0.7814685,2.368907,0.7751726,0.6988131,2.358152,0.7453466,0.678055,2.374083,0.7146847,0.7407378,2.464588,0.6777096,0.9572917,2.554517,0.6928113,0.6969192,2.445649,0.7755123,0.726984,2.435027,0.6388555,0.5353713,2.434658,0.7256666,0.7688022,2.548783,0.8201486,1.020019,2.577065
72057594037937085,0,0.8223169,5988.32,0.7481517,0.7384112,2.469104,0.8409492,1.141034,2.546433,0.7253716,0.9608476,2.549567,0.6202542,0.8140234,2.484985,0.6616884,0.9410589,2.515281,0.6599974,0.9443306,2.528139,0.8834162,0.8994299,2.437274,0.936286,0.7814685,2.368907,0.7751726,0.6988131,2.358152,0.7453466,0.678055,2.374083,0.7146847,0.7407378,2.464588,0.6777096,0.9572917,2.554517,0.6928113,0.6969192,2.445649,0.7755123,0.726984,2.435027,0.6388555,0.5353713,2.434658,0.7256666,0.7688022,2.548783,0.8201486,1.020019,2.577065
72057594037937085,0,0.8223169,5988.325,0.7481517,0.7384112,2.469104,0.8409492,1.141034,2.546433,0.7253716,0.9608476,2.549567,0.6202542,0.8140234,2.484985,0.6616884,0.9410589,2.515281,0.6599974,0.9443306,2.528139,0.8834162,0.8994299,2.437274,0.936286,0.7814685,2.368907,0.7751726,0.6988131,2.358152,0.7453466,0.678055,2.374083,0.7146847,0.7407378,2.464588,0.6777096,0.9572917,2.554517,0.6928113,0.6969192,2.445649,0.7755123,0.726984,2.435027,0.6388555,0.5353713,2.434658,0.7256666,0.7688022,2.548783,0.8201486,1.020019,2.577065
72057594037937085,0,0.8223169,5988.33,0.7481517,0.7384112,2.469104,0.8409492,1.141034,2.546433,0.7253716,0.9608476,2.549567,0.6202542,0.8140234,2.484985,0.6616884,0.9410589,2.515281,0.6599974,0.9443306,2.528139,0.8834162,0.8994299,2.437274,0.936286,0.7814685,2.368907,0.7751726,0.6988131,2.358152,0.7453466,0.678055,2.374083,0.7146847,0.7407378,2.464588,0.6777096,0.9572917,2.554517,0.6928113,0.6969192,2.445649,0.7755123,0.726984,2.435027,0.6388555,0.5353713,2.434658,0.7256666,0.7688022,2.548783,0.8201486,1.020019,2.577065
72057594037937085,0,0.8223169,5988.334,0.7481517,0.7384112,2.469104,0.8409492,1.141034,2.546433,0.7253716,0.9608476,2.549567,0.6202542,0.8140234,2.484985,0.6616884,0.9410589,2.515281,0.6599974,0.9443306,2.528139,0.8834162,0.8994299,2.437274,0.936286,0.7814685,2.368907,0.7751726,0.6988131,2.358152,0.7453466,0.678055,2.374083,0.7146847,0.7407378,2.464588,0.6777096,0.9572917,2.554517,0.6928113,0.6969192,2.445649,0.7755123,0.726984,2.435027,0.6388555,0.5353713,2.434658,0.7256666,0.7688022,2.548783,0.8201486,1.020019,2.577065
72057594037937085,0,0.8229025,5988.338,0.7485095,0.7384445,2.468306,0.8412705,1.140437,2.544381,0.7258801,0.9624954,2.548965,0.6194309,0.8156309,2.479906,0.6604523,0.9628676,2.535917,0.6650548,0.9717635,2.536485,0.8838459,0.899645,2.437313,0.9363527,0.7819587,2.36832,0.7836139,0.6637729,2.355127,0.7423317,0.632465,2.363063,0.713766,0.7408833,2.458756,0.6733745,0.9456437,2.550728,0.6592855,0.6758925,2.468776,0.7755688,0.7271916,2.434833,0.6459057,0.5302075,2.427507,0.7273976,0.7643955,2.543921,0.8195003,1.020212,2.575473
72057594037937085,0,0.8229025,5988.343,0.7485095,0.7384445,2.468306,0.8412705,1.140437,2.544381,0.7258801,0.9624954,2.548965,0.6194309,0.8156309,2.479906,0.6604523,0.9628676,2.535917,0.6650548,0.9717635,2.536485,0.8838459,0.899645,2.437313,0.9363527,0.7819587,2.36832,0.7836139,0.6637729,2.355127,0.7423317,0.632465,2.363063,0.713766,0.7408833,2.458756,0.6733745,0.9456437,2.550728,0.6592855,0.6758925,2.468776,0.7755688,0.7271916,2.434833,0.6459057,0.5302075,2.427507,0.7273976,0.7643955,2.543921,0.8195003,1.020212,2.575473
72057594037937085,0,0.8229025,5988.348,0.7485095,0.7384445,2.468306,0.8412705,1.140437,2.544381,0.7258801,0.9624954,2.548965,0.6194309,0.8156309,2.479906,0.6604523,0.9628676,2.535917,0.6650548,0.9717635,2.536485,0.8838459,0.899645,2.437313,0.9363527,0.7819587,2.36832,0.7836139,0.6637729,2.355127,0.7423317,0.632465,2.363063,0.713766,0.7408833,2.458756,0.6733745,0.9456437,2.550728,0.6592855,0.6758925,2.468776,0.7755688,0.7271916,2.434833,0.6459057,0.5302075,2.427507,0.7273976,0.7643955,2.543921,0.8195003,1.020212,2.575473
72057594037937085,0,0.8229025,5988.353,0.7485095,0.7384445,2.468306,0.8412705,1.140437,2.544381,0.7258801,0.9624954,2.548965,0.6194309,0.8156309,2.479906,0.6604523,0.9628676,2.535917,0.6650548,0.9717635,2.536485,0.8838459,0.899645,2.437313,0.9363527,0.7819587,2.36832,0.7836139,0.6637729,2.355127,0.7423317,0.632465,2.363063,0.713766,0.7408833,2.458756,0.6733745,0.9456437,2.550728,0.6592855,0.6758925,2.468776,0.7755688,0.7271916,2.434833,0.6459057,0.5302075,2.427507,0.7273976,0.7643955,2.543921,0.8195003,1.020212,2.575473
72057594037937085,0,0.8229025,5988.358,0.7485095,0.7384445,2.468306,0.8412705,1.140437,2.544381,0.7258801,0.9624954,2.548965,0.6194309,0.8156309,2.479906,0.6604523,0.9628676,2.535917,0.6650548,0.9717635,2.536485,0.8838459,0.899645,2.437313,0.9363527,0.7819587,2.36832,0.7836139,0.6637729,2.355127,0.7423317,0.632465,2.363063,0.713766,0.7408833,2.458756,0.6733745,0.9456437,2.550728,0.6592855,0.6758925,2.468776,0.7755688,0.7271916,2.434833,0.6459057,0.5302075,2.427507,0.7273976,0.7643955,2.543921,0.8195003,1.020212,2.575473
72057594037937085,0,0.8229025,5988.362,0.7485095,0.7384445,2.468306,0.8412705,1.140437,2.544381,0.7258801,0.9624954,2.548965,0.6194309,0.8156309,2.479906,0.6604523,0.9628676,2.535917,0.6650548,0.9717635,2.536485,0.8838459,0.899645,2.437313,0.9363527,0.7819587,2.36832,0.7836139,0.6637729,2.355127,0.7423317,0.632465,2.363063,0.713766,0.7408833,2.458756,0.6733745,0.9456437,2.550728,0.6592855,0.6758925,2.468776,0.7755688,0.7271916,2.434833,0.6459057,0.5302075,2.427507,0.7273976,0.7643955,2.543921,0.8195003,1.020212,2.575473
72057594037937085,0,0.8229025,5988.367,0.7485095,0.7384445,2.468306,0.8412705,1.140437,2.544381,0.7258801,0.9624954,2.548965,0.6194309,0.8156309,2.479906,0.6604523,0.9628676,2.535917,0.6650548,0.9717635,2.536485,0.8838459,0.899645,2.437313,0.9363527,0.7819587,2.36832,0.7836139,0.6637729,2.355127,0.7423317,0.632465,2.363063,0.713766,0.7408833,2.458756,0.6733745,0.9456437,2.550728,0.6592855,0.6758925,2.468776,0.7755688,0.7271916,2.434833,0.6459057,0.5302075,2.427507,0.7273976,0.7643955,2.543921,0.8195003,1.020212,2.575473
72057594037937085,0,0.8231062,5988.372,0.7464097,0.7385916,2.461663,0.8418804,1.139927,2.543195,0.7264608,0.9634978,2.548384,0.6181506,0.8190685,2.472501,0.5786199,0.9409392,2.408567,0.5660514,0.9820002,2.38979,0.884178,0.8997691,2.437248,0.9356232,0.7826477,2.36642,0.769133,0.6947616,2.352341,0.739238,0.6663942,2.370441,0.7096699,0.7401451,2.45615,0.6714357,0.9418657,2.550788,0.6517954,0.6696908,2.479264,0.7732112,0.7305925,2.416147,0.6441357,0.5358671,2.428001,0.7235039,0.7641824,2.555983,0.8193589,1.020133,2.573988
72057594037937085,0,0.8231062,5988.376,0.7464097,0.7385916,2.461663,0.8418804,1.139927,2.543195,0.7264608,0.9634978,2.548384,0.6181506,0.8190685,2.472501,0.5786199,0.9409392,2.408567,0.5660514,0.9820002,2.38979,0.884178,0.8997691,2.437248,0.9356232,0.7826477,2.36642,0.769133,0.6947616,2.352341,0.739238,0.6663942,2.370441,0.7096699,0.7401451,2.45615,0.6714357,0.9418657,2.550788,0.6517954,0.6696908,2.479264,0.7732112,0.7305925,2.416147,0.6441357,0.5358671,2.428001,0.7235039,0.7641824,2.555983,0.8193589,1.020133,2.573988
72057594037937085,0,0.8231062,5988.38,0.7464097,0.7385916,2.461663,0.8418804,1.139927,2.543195,0.7264608,0.9634978,2.548384,0.6181506,0.8190685,2.472501,0.5786199,0.9409392,2.408567,0.5660514,0.9820002,2.38979,0.884178,0.8997691,2.437248,0.9356232,0.7826477,2.36642,0.769133,0.6947616,2.352341,0.739238,0.6663942,2.370441,0.7096699,0.7401451,2.45615,0.6714357,0.9418657,2.550788,0.6517954,0.6696908,2.479264,0.7732112,0.7305925,2.416147,0.6441357,0.5358671,2.428001,0.7235039,0.7641824,2.555983,0.8193589,1.020133,2.573988
72057594037937085,0,0.8231062,5988.385,0.7464097,0.7385916,2.461663,0.8418804,1.139927,2.543195,0.7264608,0.9634978,2.548384,0.6181506,0.8190685,2.472501,0.5786199,0.9409392,2.408567,0.5660514,0.9820002,2.38979,0.884178,0.8997691,2.437248,0.9356232,0.7826477,2.36642,0.769133,0.6947616,2.352341,0.739238,0.6663942,2.370441,0.7096699,0.7401451,2.45615,0.6714357,0.9418657,2.550788,0.6517954,0.6696908,2.479264,0.7732112,0.7305925,2.416147,0.6441357,0.5358671,2.428001,0.7235039,0.7641824,2.555983,0.8193589,1.020133,2.573988
72057594037937085,0,0.8231062,5988.39,0.7464097,0.7385916,2.461663,0.8418804,1.139927,2.543195,0.7264608,0.9634978,2.548384,0.6181506,0.8190685,2.472501,0.5786199,0.9409392,2.408567,0.5660514,0.9820002,2.38979,0.884178,0.8997691,2.437248,0.9356232,0.7826477,2.36642,0.769133,0.6947616,2.352341,0.739238,0.6663942,2.370441,0.7096699,0.7401451,2.45615,0.6714357,0.9418657,2.550788,0.6517954,0.6696908,2.479264,0.7732112,0.7305925,2.416147,0.6441357,0.5358671,2.428001,0.7235039,0.7641824,2.555983,0.8193589,1.020133,2.573988
72057594037937085,0,0.8231062,5988.394,0.7464097,0.7385916,2.461663,0.8418804,1.139927,2.543195,0.7264608,0.9634978,2.548384,0.6181506,0.8190685,2.472501,0.5786199,0.9409392,2.408567,0.5660514,0.9820002,2.38979,0.884178,0.8997691,2.437248,0.9356232,0.7826477,2.36642,0.769133,0.6947616,2.352341,0.739238,0.6663942,2.370441,0.7096699,0.7401451,2.45615,0.6714357,0.9418657,2.550788,0.6517954,0.6696908,2.479264,0.7732112,0.7305925,2.416147,0.6441357,0.5358671,2.428001,0.7235039,0.7641824,2.555983,0.8193589,1.020133,2.573988
72057594037937085,0,0.8231062,5988.398,0.7464097,0.7385916,2.461663,0.8418804,1.139927,2.543195,0.7264608,0.9634978,2.548384,0.6181506,0.8190685,2.472501,0.5786199,0.9409392,2.408567,0.5660514,0.9820002,2.38979,0.884178,0.8997691,2.437248,0.9356232,0.7826477,2.36642,0.769133,0.6947616,2.352341,0.739238,0.6663942,2.370441,0.7096699,0.7401451,2.45615,0.6714357,0.9418657,2.550788,0.6517954,0.6696908,2.479264,0.7732112,0.7305925,2.416147,0.6441357,0.5358671,2.428001,0.7235039,0.7641824,2.555983,0.8193589,1.020133,2.573988
72057594037937085,0,0.7902911,5988.403,0.7200379,0.7459702,2.483264,0.8424013,1.140004,2.540109,0.7263643,0.9646242,2.548231,0.6185423,0.8214045,2.466518,0.5758497,0.9460625,2.411641,0.5622289,0.9880545,2.395883,0.8842464,0.8999082,2.43733,0.9477263,0.793704,2.359313,0.7855021,0.688789,2.351256,0.7484764,0.6616149,2.363791,0.6840584,0.7506231,2.47428,0.6697257,0.9479877,2.556151,0.654094,0.6767661,2.47949,0.7391384,0.7352467,2.449983,0.5907683,0.5189207,2.470621,0.7200851,0.7552114,2.529788,0.8175209,1.020897,2.572259
72057594037937085,0,0.7902911,5988.407,0.7200379,0.7459702,2.483264,0.8424013,1.140004,2.540109,0.7263643,0.9646242,2.548231,0.6185423,0.8214045,2.466518,0.5758497,0.9460625,2.411641,0.5622289,0.9880545,2.395883,0.8842464,0.8999082,2.43733,0.9477263,0.793704,2.359313,0.7855021,0.688789,2.351256,0.7484764,0.6616149,2.363791,0.6840584,0.7506231,2.47428,0.6697257,0.9479877,2.556151,0.654094,0.6767661,2.47949,0.7391384,0.7352467,2.449983,0.5907683,0.5189207,2.470621,0.7200851,0.7552114,2.529788,0.8175209,1.020897,2.572259
72057594037937085,0,0.7902911,5988.412,0.7200379,0.7459702,2.483264,0.8424013,1.140004,2.540109,0.7263643,0.9646242,2.548231,0.6185423,0.8214045,2.466518,0.5758497,0.9460625,2.411641,0.5622289,0.9880545,2.395883,0.8842464,0.8999082,2.43733,0.9477263,0.793704,2.359313,0.7855021,0.688789,2.351256,0.7484764,0.6616149,2.363791,0.6840584,0.7506231,2.47428,0.6697257,0.9479877,2.556151,0.654094,0.6767661,2.47949,0.7391384,0.7352467,2.449983,0.5907683,0.5189207,2.470621,0.7200851,0.7552114,2.529788,0.8175209,1.020897,2.572259
72057594037937085,0,0.7902911,5988.417,0.7200379,0.7459702,2.483264,0.8424013,1.140004,2.540109,0.7263643,0.9646242,2.548231,0.6185423,0.8214045,2.466518,0.5758497,0.9460625,2.411641,0.5622289,0.9880545,2.395883,0.8842464,0.8999082,2.43733,0.9477263,0.793704,2.359313,0.7855021,0.688789,2.351256,0.7484764,0.6616149,2.363791,0.6840584,0.7506231,2.47428,0.6697257,0.9479877,2.556151,0.654094,0.6767661,2.47949,0.7391384,0.7352467,2.449983,0.5907683,0.5189207,2.470621,0.7200851,0.7552114,2.529788,0.8175209,1.020897,2.572259
72057594037937085,0,0.7902911,5988.421,0.7200379,0.7459702,2.483264,0.8424013,1.140004,2.540109,0.7263643,0.9646242,2.548231,0.6185423,0.8214045,2.466518,0.5758497,0.9460625,2.411641,0.5622289,0.9880545,2.395883,0.8842464,0.8999082,2.43733,0.9477263,0.793704,2.359313,0.7855021,0.688789,2.351256,0.7484764,0.6616149,2.363791,0.6840584,0.7506231,2.47428,0.6697257,0.9479877,2.556151,0.654094,0.6767661,2.47949,0.7391384,0.7352467,2.449983,0.5907683,0.5189207,2.470621,0.7200851,0.7552114,2.529788,0.8175209,1.020897,2.572259
72057594037937085,0,0.7902911,5988.426,0.7200379,0.7459702,2.483264,0.8424013,1.140004,2.540109,0.7263643,0.9646242,2.548231,0.6185423,0.8214045,2.466518,0.5758497,0.9460625,2.411641,0.5622289,0.9880545,2.395883,0.8842464,0.8999082,2.43733,0.9477263,0.793704,2.359313,0.7855021,0.688789,2.351256,0.7484764,0.6616149,2.363791,0.6840584,0.7506231,2.47428,0.6697257,0.9479877,2.556151,0.654094,0.6767661,2.47949,0.7391384,0.7352467,2.449983,0.5907683,0.5189207,2.470621,0.7200851,0.7552114,2.529788,0.8175209,1.020897,2.572259
72057594037937085,0,0.7902911,5988.429,0.7200379,0.7459702,2.483264,0.8424013,1.140004,2.540109,0.7263643,0.9646242,2.548231,0.6185423,0.8214045,2.466518,0.5758497,0.9460625,2.411641,0.5622289,0.9880545,2.395883,0.8842464,0.8999082,2.43733,0.9477263,0.793704,2.359313,0.7855021,0.688789,2.351256,0.7484764,0.6616149,2.363791,0.6840584,0.7506231,2.47428,0.6697257,0.9479877,2.556151,0.654094,0.6767661,2.47949,0.7391384,0.7352467,2.449983,0.5907683,0.5189207,2.470621,0.7200851,0.7552114,2.529788,0.8175209,1.020897,2.572259
72057594037937085,0,0.7902911,5988.434,0.7200379,0.7459702,2.483264,0.8424013,1.140004,2.540109,0.7263643,0.9646242,2.548231,0.6185423,0.8214045,2.466518,0.5758497,0.9460625,2.411641,0.5622289,0.9880545,2.395883,0.8842464,0.8999082,2.43733,0.9477263,0.793704,2.359313,0.7855021,0.688789,2.351256,0.7484764,0.6616149,2.363791,0.6840584,0.7506231,2.47428,0.6697257,0.9479877,2.556151,0.654094,0.6767661,2.47949,0.7391384,0.7352467,2.449983,0.5907683,0.5189207,2.470621,0.7200851,0.7552114,2.529788,0.8175209,1.020897,2.572259
72057594037937085,0,0.7888881,5988.438,0.7187247,0.7453915,2.484133,0.8430349,1.139435,2.539416,0.7259606,0.9644862,2.546673,0.6179923,0.8238465,2.457981,0.6457536,0.951695,2.403349,0.6394745,0.9658166,2.432358,0.8846721,0.899372,2.436875,0.9342745,0.7860575,2.357942,0.774353,0.6878616,2.342029,0.7460586,0.6650261,2.362432,0.6819456,0.7498237,2.477523,0.6686516,0.9482936,2.557424,0.6551943,0.6776228,2.47755,0.738709,0.7346441,2.449082,0.6279449,0.5191131,2.441159,0.7542926,0.7555148,2.505927,0.8174773,1.020982,2.572267
72057594037937085,0,0.7888881,5988.443,0.7187247,0.7453915,2.484133,0.8430349,1.139435,2.539416,0.7259606,0.9644862,2.546673,0.6179923,0.8238465,2.457981,0.6457536,0.951695,2.403349,0.6394745,0.9658166,2.432358,0.8846721,0.899372,2.436875,0.9342745,0.7860575,2.357942,0.774353,0.6878616,2.342029,0.7460586,0.6650261,2.362432,0.6819456,0.7498237,2.477523,0.6686516,0.9482936,2.557424,0.6551943,0.6776228,2.47755,0.738709,0.7346441,2.449082,0.6279449,0.5191131,2.441159,0.7542926,0.7555148,2.505927,0.8174773,1.020982,2.572267
72057594037937085,0,0.7888881,5988.447,0.7187247,0.7453915,2.484133,0.8430349,1.139435,2.539416,0.7259606,0.9644862,2.546673,0.6179923,0.8238465,2.457981,0.6457536,0.951695,2.403349,0.6394745,0.9658166,2.432358,0.8846721,0.899372,2.436875,0.9342745,0.7860575,2.357942,0.774353,0.6878616,2.342029,0.7460586,0.6650261,2.362432,0.6819456,0.7498237,2.477523,0.6686516,0.9482936,2.557424,0.6551943,0.6776228,2.47755,0.738709,0.7346441,2.449082,0.6279449,0.5191131,2.441159,0.7542926,0.7555148,2.505927,0.8174773,1.020982,2.572267
72057594037937085,0,0.7888881,5988.451,0.7187247,0.7453915,2.484133,0.8430349,1.139435,2.539416,0.7259606,0.9644862,2.546673,0.6179923,0.8238465,2.457981,0.6457536,0.951695,2.403349,0.6394745,0.9658166,2.432358,0.8846721,0.899372,2.436875,0.9342745,0.7860575,2.357942,0.774353,0.6878616,2.342029,0.7460586,0.6650261,2.362432,0.6819456,0.7498237,2.477523,0.6686516,0.9482936,2.557424,0.6551943,0.6776228,2.47755,0.738709,0.7346441,2.449082,0.6279449,0.5191131,2.441159,0.7542926,0.7555148,2.505927,0.8174773,1.020982,2.572267
72057594037937085,0,0.7888881,5988.456,0.7187247,0.7453915,2.484133,0.8430349,1.139435,2.539416,0.7259606,0.9644862,2.546673,0.6179923,0.8238465,2.457981,0.6457536,0.951695,2.403349,0.6394745,0.9658166,2.432358,0.8846721,0.899372,2.436875,0.9342745,0.7860575,2.357942,0.774353,0.6878616,2.342029,0.7460586,0.6650261,2.362432,0.6819456,0.7498237,2.477523,0.6686516,0.9482936,2.557424,0.6551943,0.6776228,2.47755,0.738709,0.7346441,2.449082,0.6279449,0.5191131,2.441159,0.7542926,0.7555148,2.505927,0.8174773,1.020982,2.572267
72057594037937085,0,0.7888881,5988.459,0.7187247,0.7453915,2.484133,0.8430349,1.139435,2.539416,0.7259606,0.9644862,2.546673,0.6179923,0.8238465,2.457981,0.6457536,0.951695,2.403349,0.6394745,0.9658166,2.432358,0.8846721,0.899372,2.436875,0.9342745,0.7860575,2.357942,0.774353,0.6878616,2.342029,0.7460586,0.6650261,2.362432,0.6819456,0.7498237,2.477523,0.6686516,0.9482936,2.557424,0.6551943,0.6776228,2.47755,0.738709,0.7346441,2.449082,0.6279449,0.5191131,2.441159,0.7542926,0.7555148,2.505927,0.8174773,1.020982,2.572267
72057594037937085,0,0.7888881,5988.464,0.7187247,0.7453915,2.484133,0.8430349,1.139435,2.539416,0.7259606,0.9644862,2.546673,0.6179923,0.8238465,2.457981,0.6457536,0.951695,2.403349,0.6394745,0.9658166,2.432358,0.8846721,0.899372,2.436875,0.9342745,0.7860575,2.357942,0.774353,0.6878616,2.342029,0.7460586,0.6650261,2.362432,0.6819456,0.7498237,2.477523,0.6686516,0.9482936,2.557424,0.6551943,0.6776228,2.47755,0.738709,0.7346441,2.449082,0.6279449,0.5191131,2.441159,0.7542926,0.7555148,2.505927,0.8174773,1.020982,2.572267
72057594037937085,0,0.7888881,5988.469,0.7187247,0.7453915,2.484133,0.8430349,1.139435,2.539416,0.7259606,0.9644862,2.546673,0.6179923,0.8238465,2.457981,0.6457536,0.951695,2.403349,0.6394745,0.9658166,2.432358,0.8846721,0.899372,2.436875,0.9342745,0.7860575,2.357942,0.774353,0.6878616,2.342029,0.7460586,0.6650261,2.362432,0.6819456,0.7498237,2.477523,0.6686516,0.9482936,2.557424,0.6551943,0.6776228,2.47755,0.738709,0.7346441,2.449082,0.6279449,0.5191131,2.441159,0.7542926,0.7555148,2.505927,0.8174773,1.020982,2.572267
72057594037937085,0,0.7882348,5988.474,0.7172683,0.7443971,2.482461,0.8434916,1.13971,2.536301,0.726522,0.9652381,2.545861,0.6187074,0.8266737,2.453542,0.5963223,0.9533451,2.391622,0.5894739,0.9960156,2.373514,0.8850514,0.8995342,2.436767,0.9380799,0.7889575,2.356265,0.8344501,0.7066289,2.294922,0.7945261,0.7163925,2.317714,0.6810406,0.7498552,2.477319,0.6690421,0.9481618,2.557384,0.6655498,0.6816041,2.462562,0.737668,0.7307473,2.441555,0.5930298,0.4719196,2.457935,0.7131397,0.7143831,2.514737,0.8164889,1.02137,2.569787
72057594037937085,0,0.7882348,5988.478,0.7172683,0.7443971,2.482461,0.8434916,1.13971,2.536301,0.726522,0.9652381,2.545861,0.6187074,0.8266737,2.453542,0.5963223,0.9533451,2.391622,0.5894739,0.9960156,2.373514,0.8850514,0.8995342,2.436767,0.9380799,0.7889575,2.356265,0.8344501,0.7066289,2.294922,0.7945261,0.7163925,2.317714,0.6810406,0.7498552,2.477319,0.6690421,0.9481618,2.557384,0.6655498,0.6816041,2.462562,0.737668,0.7307473,2.441555,0.5930298,0.4719196,2.457935,0.7131397,0.7143831,2.514737,0.8164889,1.02137,2.569787
72057594037937085,0,0.7882348,5988.482,0.7172683,0.7443971,2.482461,0.8434916,1.13971,2.536301,0.726522,0.9652381,2.545861,0.6187074,0.8266737,2.453542,0.5963223,0.9533451,2.391622,0.5894739,0.9960156,2.373514,0.8850514,0.8995342,2.436767,0.9380799,0.7889575,2.356265,0.8344501,0.7066289,2.294922,0.7945261,0.7163925,2.317714,0.6810406,0.7498552,2.477319,0.6690421,0.9481618,2.557384,0.6655498,0.6816041,2.462562,0.737668,0.7307473,2.441555,0.5930298,0.4719196,2.457935,0.7131397,0.7143831,2.514737,0.8164889,1.02137,2.569787
72057594037937085,0,0.7882348,5988.488,0.7172683,0.7443971,2.482461,0.8434916,1.13971,2.536301,0.726522,0.9652381,2.545861,0.6187074,0.8266737,2.453542,0.5963223,0.9533451,2.391622,0.5894739,0.9960156,2.373514,0.8850514,0.8995342,2.436767,0.9380799,0.7889575,2.356265,0.8344501,0.7066289,2.294922,0.7945261,0.7163925,2.317714,0.6810406,0.7498552,2.477319,0.6690421,0.9481618,2.557384,0.6655498,0.6816041,2.462562,0.737668,0.7307473,2.441555,0.5930298,0.4719196,2.457935,0.7131397,0.7143831,2.514737,0.8164889,1.02137,2.569787
72057594037937085,0,0.7882348,5988.492,0.7172683,0.7443971,2.482461,0.8434916,1.13971,2.536301,0.726522,0.9652381,2.545861,0.6187074,0.8266737,2.453542,0.5963223,0.9533451,2.391622,0.5894739,0.9960156,2.373514,0.8850514,0.8995342,2.436767,0.9380799,0.7889575,2.356265,0.8344501,0.7066289,2.294922,0.7945261,0.7163925,2.317714,0.6810406,0.7498552,2.477319,0.6690421,0.9481618,2.557384,0.6655498,0.6816041,2.462562,0.737668,0.7307473,2.441555,0.5930298,0.4719196,2.457935,0.7131397,0.7143831,2.514737,0.8164889,1.02137,2.569787
72057594037937085,0,0.7882348,5988.497,0.7172683,0.7443971,2.482461,0.8434916,1.13971,2.536301,0.726522,0.9652381,2.545861,0.6187074,0.8266737,2.453542,0.5963223,0.9533451,2.391622,0.5894739,0.9960156,2.373514,0.8850514,0.8995342,2.436767,0.9380799,0.7889575,2.356265,0.8344501,0.7066289,2.294922,0.7945261,0.7163925,2.317714,0.6810406,0.7498552,2.477319,0.6690421,0.9481618,2.557384,0.6655498,0.6816041,2.462562,0.737668,0.7307473,2.441555,0.5930298,0.4719196,2.457935,0.7131397,0.7143831,2.514737,0.8164889,1.02137,2.569787
72057594037937085,0,0.7882348,5988.501,0.7172683,0.7443971,2.482461,0.8434916,1.13971,2.536301,0.726522,0.9652381,2.545861,0.6187074,0.8266737,2.453542,0.5963223,0.9533451,2.391622,0.5894739,0.9960156,2.373514,0.8850514,0.8995342,2.436767,0.9380799,0.7889575,2.356265,0.8344501,0.7066289,2.294922,0.7945261,0.7163925,2.317714,0.6810406,0.7498552,2.477319,0.6690421,0.9481618,2.557384,0.6655498,0.6816041,2.462562,0.737668,0.7307473,2.441555,0.5930298,0.4719196,2.457935,0.7131397,0.7143831,2.514737,0.8164889,1.02137,2.569787
72057594037937085,0,0.7900818,5988.505,0.7180586,0.7450193,2.478683,0.8438843,1.140501,2.533962,0.7119166,0.9597993,2.538191,0.6122737,0.8224499,2.448557,0.6213764,0.9572889,2.408069,0.6250194,1.002675,2.397106,0.8854401,0.8997035,2.436759,0.9414293,0.7916548,2.355046,0.9103857,0.6732483,2.276189,0.9190076,0.6297895,2.269885,0.6815566,0.7519388,2.467067,0.6692241,0.9461494,2.55418,0.6660037,0.6778002,2.464377,0.738977,0.7310137,2.440717,0.5568624,0.518598,2.500997,0.7099628,0.7471663,2.534248,0.8161665,1.022124,2.567305
72057594037937085,0,0.7900818,5988.51,0.7180586,0.7450193,2.478683,0.8438843,1.140501,2.533962,0.7119166,0.9597993,2.538191,0.6122737,0.8224499,2.448557,0.6213764,0.9572889,2.408069,0.6250194,1.002675,2.397106,0.8854401,0.8997035,2.436759,0.9414293,0.7916548,2.355046,0.9103857,0.6732483,2.276189,0.9190076,0.6297895,2.269885,0.6815566,0.7519388,2.467067,0.6692241,0.9461494,2.55418,0.6660037,0.6778002,2.464377,0.738977,0.7310137,2.440717,0.5568624,0.518598,2.500997,0.7099628,0.7471663,2.534248,0.8161665,1.022124,2.567305
72057594037937085,0,0.7900818,5988.514,0.7180586,0.7450193,2.478683,0.8438843,1.140501,2.533962,0.7119166,0.9597993,2.538191,0.6122737,0.8224499,2.448557,0.6213764,0.9572889,2.408069,0.6250194,1.002675,2.397106,0.8854401,0.8997035,2.436759,0.9414293,0.7916548,2.355046,0.9103857,0.6732483,2.276189,0.9190076,0.6297895,2.269885,0.6815566,0.7519388,2.467067,0.6692241,0.9461494,2.55418,0.6660037,0.6778002,2.464377,0.738977,0.7310137,2.440717,0.5568624,0.518598,2.500997,0.7099628,0.7471663,2.534248,0.8161665,1.022124,2.567305
72057594037937085,0,0.7900818,5988.519,0.7180586,0.7450193,2.478683,0.8438843,1.140501,2.533962,0.7119166,0.9597993,2.538191,0.6122737,0.8224499,2.448557,0.6213764,0.9572889,2.408069,0.6250194,1.002675,2.397106,0.8854401,0.8997035,2.436759,0.9414293,0.7916548,2.355046,0.9103857,0.6732483,2.276189,0.9190076,0.6297895,2.269885,0.6815566,0.7519388,2.467067,0.6692241,0.9461494,2.55418,0.6660037,0.6778002,2.464377,0.738977,0.7310137,2.440717,0.5568624,0.518598,2.500997,0.7099628,0.7471663,2.534248,0.8161665,1.022124,2.567305
72057594037937085,0,0.7900818,5988.522,0.7180586,0.7450193,2.478683,0.8438843,1.140501,2.533962,0.7119166,0.9597993,2.538191,0.6122737,0.8224499,2.448557,0.6213764,0.9572889,2.408069,0.6250194,1.002675,2.397106,0.8854401,0.8997035,2.436759,0.9414293,0.7916548,2.355046,0.9103857,0.6732483,2.276189,0.9190076,0.6297895,2.269885,0.6815566,0.7519388,2.467067,0.6692241,0.9461494,2.55418,0.6660037,0.6778002,2.464377,0.738977,0.7310137,2.440717,0.5568624,0.518598,2.500997,0.7099628,0.7471663,2.534248,0.8161665,1.022124,2.567305
72057594037937085,0,0.7900818,5988.527,0.7180586,0.7450193,2.478683,0.8438843,1.140501,2.533962,0.7119166,0.9597993,2.538191,0.6122737,0.8224499,2.448557,0.6213764,0.9572889,2.408069,0.6250194,1.002675,2.397106,0.8854401,0.8997035,2.436759,0.9414293,0.7916548,2.355046,0.9103857,0.6732483,2.276189,0.9190076,0.6297895,2.269885,0.6815566,0.7519388,2.467067,0.6692241,0.9461494,2.55418,0.6660037,0.6778002,2.464377,0.738977,0.7310137,2.440717,0.5568624,0.518598,2.500997,0.7099628,0.7471663,2.534248,0.8161665,1.022124,2.567305
72057594037937085,0,0.7900818,5988.531,0.7180586,0.7450193,2.478683,0.8438843,1.140501,2.533962,0.7119166,0.9597993,2.538191,0.6122737,0.8224499,2.448557,0.6213764,0.9572889,2.408069,0.6250194,1.002675,2.397106,0.8854401,0.8997035,2.436759,0.9414293,0.7916548,2.355046,0.9103857,0.6732483,2.276189,0.9190076,0.6297895,2.269885,0.6815566,0.7519388,2.467067,0.6692241,0.9461494,2.55418,0.6660037,0.6778002,2.464377,0.738977,0.7310137,2.440717,0.5568624,0.518598,2.500997,0.7099628,0.7471663,2.534248,0.8161665,1.022124,2.567305
72057594037937085,0,0.7899413,5988.535,0.7176585,0.7448446,2.478062,0.8436748,1.141233,2.530881,0.7088503,0.9612108,2.535128,0.6114496,0.8232442,2.448169,0.7092699,0.7918849,2.346451,0.7447542,0.7735212,2.350573,0.8855419,0.8997249,2.436709,0.9677319,0.8072614,2.360381,0.8884407,0.7025408,2.297424,0.918521,0.7059734,2.292468,0.6809803,0.7516962,2.467146,0.6678079,0.9469392,2.552438,0.6648296,0.6776706,2.465413,0.7391944,0.7309998,2.439612,0.6689956,0.5079952,2.432858,0.7466192,0.7543858,2.528493,0.8151033,1.022769,2.56455
72057594037937085,0,0.7899413,5988.54,0.7176585,0.7448446,2.478062,0.8436748,1.141233,2.530881,0.7088503,0.9612108,2.535128,0.6114496,0.8232442,2.448169,0.7092699,0.7918849,2.346451,0.7447542,0.7735212,2.350573,0.8855419,0.8997249,2.436709,0.9677319,0.8072614,2.360381,0.8884407,0.7025408,2.297424,0.918521,0.7059734,2.292468,0.6809803,0.7516962,2.467146,0.6678079,0.9469392,2.552438,0.6648296,0.6776706,2.465413,0.7391944,0.7309998,2.439612,0.6689956,0.5079952,2.432858,0.7466192,0.7543858,2.528493,0.8151033,1.022769,2.56455
72057594037937085,0,0.7899413,5988.544,0.7176585,0.7448446,2.478062,0.8436748,1.141233,2.530881,0.7088503,0.9612108,2.535128,0.6114496,0.8232442,2.448169,0.7092699,0.7918849,2.346451,0.7447542,0.7735212,2.350573,0.8855419,0.8997249,2.436709,0.9677319,0.8072614,2.360381,0.8884407,0.7025408,2.297424,0.918521,0.7059734,2.292468,0.6809803,0.7516962,2.467146,0.6678079,0.9469392,2.552438,0.6648296,0.6776706,2.465413,0.7391944,0.7309998,2.439612,0.6689956,0.5079952,2.432858,0.7466192,0.7543858,2.528493,0.8151033,1.022769,2.56455
72057594037937085,0,0.7899413,5988.548,0.7176585,0.7448446,2.478062,0.8436748,1.141233,2.530881,0.7088503,0.9612108,2.535128,0.6114496,0.8232442,2.448169,0.7092699,0.7918849,2.346451,0.7447542,0.7735212,2.350573,0.8855419,0.8997249,2.436709,0.9677319,0.8072614,2.360381,0.8884407,0.7025408,2.297424,0.918521,0.7059734,2.292468,0.6809803,0.7516962,2.467146,0.6678079,0.9469392,2.552438,0.6648296,0.6776706,2.465413,0.7391944,0.7309998,2.439612,0.6689956,0.5079952,2.432858,0.7466192,0.7543858,2.528493,0.8151033,1.022769,2.56455
72057594037937085,0,0.7899413,5988.554,0.7176585,0.7448446,2.478062,0.8436748,1.141233,2.530881,0.7088503,0.9612108,2.535128,0.6114496,0.8232442,2.448169,0.7092699,0.7918849,2.346451,0.7447542,0.7735212,2.350573,0.8855419,0.8997249,2.436709,0.9677319,0.8072614,2.360381,0.8884407,0.7025408,2.297424,0.918521,0.7059734,2.292468,0.6809803,0.7516962,2.467146,0.6678079,0.9469392,2.552438,0.6648296,0.6776706,2.465413,0.7391944,0.7309998,2.439612,0.6689956,0.5079952,2.432858,0.7466192,0.7543858,2.528493,0.8151033,1.022769,2.56455
72057594037937085,0,0.7899413,5988.558,0.7176585,0.7448446,2.478062,0.8436748,1.141233,2.530881,0.7088503,0.9612108,2.535128,0.6114496,0.8232442,2.448169,0.7092699,0.7918849,2.346451,0.7447542,0.7735212,2.350573,0.8855419,0.8997249,2.436709,0.9677319,0.8072614,2.360381,0.8884407,0.7025408,2.297424,0.918521,0.7059734,2.292468,0.6809803,0.7516962,2.467146,0.6678079,0.9469392,2.552438,0.6648296,0.6776706,2.465413,0.7391944,0.7309998,2.439612,0.6689956,0.5079952,2.432858,0.7466192,0.7543858,2.528493,0.8151033,1.022769,2.56455
72057594037937085,0,0.7899413,5988.563,0.7176585,0.7448446,2.478062,0.8436748,1.141233,2.530881,0.7088503,0.9612108,2.535128,0.6114496,0.8232442,2.448169,0.7092699,0.7918849,2.346451,0.7447542,0.7735212,2.350573,0.8855419,0.8997249,2.436709,0.9677319,0.8072614,2.360381,0.8884407,0.7025408,2.297424,0.918521,0.7059734,2.292468,0.6809803,0.7516962,2.467146,0.6678079,0.9469392,2.552438,0.6648296,0.6776706,2.465413,0.7391944,0.7309998,2.439612,0.6689956,0.5079952,2.432858,0.7466192,0.7543858,2.528493,0.8151033,1.022769,2.56455
72057594037937085,0,0.7899413,5988.568,0.7176585,0.7448446,2.478062,0.8436748,1.141233,2.530881,0.7088503,0.9612108,2.535128,0.6114496,0.8232442,2.448169,0.7092699,0.7918849,2.346451,0.7447542,0.7735212,2.350573,0.8855419,0.8997249,2.436709,0.9677319,0.8072614,2.360381,0.8884407,0.7025408,2.297424,0.918521,0.7059734,2.292468,0.6809803,0.7516962,2.467146,0.6678079,0.9469392,2.552438,0.6648296,0.6776706,2.465413,0.7391944,0.7309998,2.439612,0.6689956,0.5079952,2.432858,0.7466192,0.7543858,2.528493,0.8151033,1.022769,2.56455
72057594037937085,0,0.7890211,5988.573,0.7160691,0.7459024,2.475806,0.8437767,1.141589,2.527127,0.7062102,0.9607168,2.531545,0.6054997,0.8206129,2.451058,0.7034766,0.779771,2.353046,0.7410036,0.7645701,2.358869,0.8853244,0.9007526,2.437145,0.9703224,0.8096843,2.362646,0.8981093,0.7042588,2.292306,0.907741,0.6629707,2.278052,0.6785285,0.7528659,2.465524,0.6643687,0.9496644,2.547968,0.6634958,0.6791548,2.464935,0.7390031,0.7318809,2.437827,0.6757944,0.5067306,2.427791,0.7456918,0.7569279,2.52011,0.813584,1.023639,2.561064
72057594037937085,0,0.7890211,5988.577,0.7160691,0.7459024,2.475806,0.8437767,1.141589,2.527127,0.7062102,0.9607168,2.531545,0.6054997,0.8206129,2.451058,0.7034766,0.779771,2.353046,0.7410036,0.7645701,2.358869,0.8853244,0.9007526,2.437145,0.9703224,0.8096843,2.362646,0.8981093,0.7042588,2.292306,0.907741,0.6629707,2.278052,0.6785285,0.7528659,2.465524,0.6643687,0.9496644,2.547968,0.6634958,0.6791548,2.464935,0.7390031,0.7318809,2.437827,0.6757944,0.5067306,2.427791,0.7456918,0.7569279,2.52011,0.813584,1.023639,2.561064
72057594037937085,0,0.7890211,5988.582,0.7160691,0.7459024,2.475806,0.8437767,1.141589,2.527127,0.7062102,0.9607168,2.531545,0.6054997,0.8206129,2.451058,0.7034766,0.779771,2.353046,0.7410036,0.7645701,2.358869,0.8853244,0.9007526,2.437145,0.9703224,0.8096843,2.362646,0.8981093,0.7042588,2.292306,0.907741,0.6629707,2.278052,0.6785285,0.7528659,2.465524,0.6643687,0.9496644,2.547968,0.6634958,0.6791548,2.464935,0.7390031,0.7318809,2.437827,0.6757944,0.5067306,2.427791,0.7456918,0.7569279,2.52011,0.813584,1.023639,2.561064
72057594037937085,0,0.7890211,5988.586,0.7160691,0.7459024,2.475806,0.8437767,1.141589,2.527127,0.7062102,0.9607168,2.531545,0.6054997,0.8206129,2.451058,0.7034766,0.779771,2.353046,0.7410036,0.7645701,2.358869,0.8853244,0.9007526,2.437145,0.9703224,0.8096843,2.362646,0.8981093,0.7042588,2.292306,0.907741,0.6629707,2.278052,0.6785285,0.7528659,2.465524,0.6643687,0.9496644,2.547968,0.6634958,0.6791548,2.464935,0.7390031,0.7318809,2.437827,0.6757944,0.5067306,2.427791,0.7456918,0.7569279,2.52011,0.813584,1.023639,2.561064
72057594037937085,0,0.7890211,5988.591,0.7160691,0.7459024,2.475806,0.8437767,1.141589,2.527127,0.7062102,0.9607168,2.531545,0.6054997,0.8206129,2.451058,0.7034766,0.779771,2.353046,0.7410036,0.7645701,2.358869,0.8853244,0.9007526,2.437145,0.9703224,0.8096843,2.362646,0.8981093,0.7042588,2.292306,0.907741,0.6629707,2.278052,0.6785285,0.7528659,2.465524,0.6643687,0.9496644,2.547968,0.6634958,0.6791548,2.464935,0.7390031,0.7318809,2.437827,0.6757944,0.5067306,2.427791,0.7456918,0.7569279,2.52011,0.813584,1.023639,2.561064
72057594037937085,0,0.7890211,5988.595,0.7160691,0.7459024,2.475806,0.8437767,1.141589,2.527127,0.7062102,0.9607168,2.531545,0.6054997,0.8206129,2.451058,0.7034766,0.779771,2.353046,0.7410036,0.7645701,2.358869,0.8853244,0.9007526,2.437145,0.9703224,0.8096843,2.362646,0.8981093,0.7042588,2.292306,0.907741,0.6629707,2.278052,0.6785285,0.7528659,2.465524,0.6643687,0.9496644,2.547968,0.6634958,0.6791548,2.464935,0.7390031,0.7318809,2.437827,0.6757944,0.5067306,2.427791,0.7456918,0.7569279,2.52011,0.813584,1.023639,2.561064
72057594037937085,0,0.7890211,5988.6,0.7160691,0.7459024,2.475806,0.8437767,1.141589,2.527127,0.7062102,0.9607168,2.531545,0.6054997,0.8206129,2.451058,0.7034766,0.779771,2.353046,0.7410036,0.7645701,2.358869,0.8853244,0.9007526,2.437145,0.9703224,0.8096843,2.362646,0.8981093,0.7042588,2.292306,0.907741,0.6629707,2.278052,0.6785285,0.7528659,2.465524,0.6643687,0.9496644,2.547968,0.6634958,0.6791548,2.464935,0.7390031,0.7318809,2.437827,0.6757944,0.5067306,2.427791,0.7456918,0.7569279,2.52011,0.813584,1.023639,2.561064
72057594037937085,0,0.7914948,5988.604,0.7186749,0.7479075,2.474619,0.8442572,1.142085,2.523873,0.7052324,0.9611949,2.530149,0.6028593,0.8276798,2.466406,0.5692576,0.6900603,2.447056,0.5586522,0.6446253,2.443144,0.8853632,0.9007599,2.437024,0.9743303,0.8120656,2.364921,0.9078292,0.7058787,2.290019,0.9161931,0.6666391,2.270303,0.6794905,0.7540612,2.465292,0.5801008,0.9536974,2.488288,0.6155709,0.6752965,2.464262,0.7450582,0.7352312,2.435718,0.7364478,0.5027146,2.413772,0.7952757,0.7563156,2.504945,0.8134034,1.0249,2.558631
72057594037937085,0,0.7914948,5988.608,0.7186749,0.7479075,2.474619,0.8442572,1.142085,2.523873,0.7052324,0.9611949,2.530149,0.6028593,0.8276798,2.466406,0.5692576,0.6900603,2.447056,0.5586522,0.6446253,2.443144,0.8853632,0.9007599,2.437024,0.9743303,0.8120656,2.364921,0.9078292,0.7058787,2.290019,0.9161931,0.6666391,2.270303,0.6794905,0.7540612,2.465292,0.5801008,0.9536974,2.488288,0.6155709,0.6752965,2.464262,0.7450582,0.7352312,2.435718,0.7364478,0.5027146,2.413772,0.7952757,0.7563156,2.504945,0.8134034,1.0249,2.558631
72057594037937085,0,0.7914948,5988.613,0.7186749,0.7479075,2.474619,0.8442572,1.142085,2.523873,0.7052324,0.9611949,2.530149,0.6028593,0.8276798,2.466406,0.5692576,0.6900603,2.447056,0.5586522,0.6446253,2.443144,0.8853632,0.9007599,2.437024,0.9743303,0.8120656,2.364921,0.9078292,0.7058787,2.290019,0.9161931,0.6666391,2.270303,0.6794905,0.7540612,2.465292,0.5801008,0.9536974,2.488288,0.6155709,0.6752965,2.464262,0.7450582,0.7352312,2.435718,0.7364478,0.5027146,2.413772,0.7952757,0.7563156,2.504945,0.8134034,1.0249,2.558631
72057594037937085,0,0.7914948,5988.617,0.7186749,0.7479075,2.474619,0.8442572,1.142085,2.523873,0.7052324,0.9611949,2.530149,0.6028593,0.8276798,2.466406,0.5692576,0.6900603,2.447056,0.5586522,0.6446253,2.443144,0.8853632,0.9007599,2.437024,0.9743303,0.8120656,2.364921,0.9078292,0.7058787,2.290019,0.9161931,0.6666391,2.270303,0.6794905,0.7540612,2.465292,0.5801008,0.9536974,2.488288,0.6155709,0.6752965,2.464262,0.7450582,0.7352312,2.435718,0.7364478,0.5027146,2.413772,0.7952757,0.7563156,2.504945,0.8134034,1.0249,2.558631
72057594037937085,0,0.7914948,5988.621,0.7186749,0.7479075,2.474619,0.8442572,1.142085,2.523873,0.7052324,0.9611949,2.530149,0.6028593,0.8276798,2.466406,0.5692576,0.6900603,2.447056,0.5586522,0.6446253,2.443144,0.8853632,0.9007599,2.437024,0.9743303,0.8120656,2.364921,0.9078292,0.7058787,2.290019,0.9161931,0.6666391,2.270303,0.6794905,0.7540612,2.465292,0.5801008,0.9536974,2.488288,0.6155709,0.6752965,2.464262,0.7450582,0.7352312,2.435718,0.7364478,0.5027146,2.413772,0.7952757,0.7563156,2.504945,0.8134034,1.0249,2.558631
72057594037937085,0,0.7914948,5988.625,0.7186749,0.7479075,2.474619,0.8442572,1.142085,2.523873,0.7052324,0.9611949,2.530149,0.6028593,0.8276798,2.466406,0.5692576,0.6900603,2.447056,0.5586522,0.6446253,2.443144,0.8853632,0.9007599,2.437024,0.9743303,0.8120656,2.364921,0.9078292,0.7058787,2.290019,0.9161931,0.6666391,2.270303,0.6794905,0.7540612,2.465292,0.5801008,0.9536974,2.488288,0.6155709,0.6752965,2.464262,0.7450582,0.7352312,2.435718,0.7364478,0.5027146,2.413772,0.7952757,0.7563156,2.504945,0.8134034,1.0249,2.558631
72057594037937085,0,0.7914948,5988.629,0.7186749,0.7479075,2.474619,0.8442572,1.142085,2.523873,0.7052324,0.9611949,2.530149,0.6028593,0.8276798,2.466406,0.5692576,0.6900603,2.447056,0.5586522,0.6446253,2.443144,0.8853632,0.9007599,2.437024,0.9743303,0.8120656,2.364921,0.9078292,0.7058787,2.290019,0.9161931,0.6666391,2.270303,0.6794905,0.7540612,2.465292,0.5801008,0.9536974,2.488288,0.6155709,0.6752965,2.464262,0.7450582,0.7352312,2.435718,0.7364478,0.5027146,2.413772,0.7952757,0.7563156,2.504945,0.8134034,1.0249,2.558631
72057594037937085,0,0.7914948,5988.634,0.7186749,0.7479075,2.474619,0.8442572,1.142085,2.523873,0.7052324,0.9611949,2.530149,0.6028593,0.8276798,2.466406,0.5692576,0.6900603,2.447056,0.5586522,0.6446253,2.443144,0.8853632,0.9007599,2.437024,0.9743303,0.8120656,2.364921,0.9078292,0.7058787,2.290019,0.9161931,0.6666391,2.270303,0.6794905,0.7540612,2.465292,0.5801008,0.9536974,2.488288,0.6155709,0.6752965,2.464262,0.7450582,0.7352312,2.435718,0.7364478,0.5027146,2.413772,0.7952757,0.7563156,2.504945,0.8134034,1.0249,2.558631
72057594037937085,0,0.7902468,5988.638,0.7176186,0.7479614,2.475402,0.8439191,1.142678,2.519542,0.7049465,0.9618131,2.529005,0.600222,0.8259862,2.480827,0.5542374,0.6919031,2.461344,0.5394985,0.6476431,2.457391,0.885388,0.901399,2.437209,0.9786783,0.8146325,2.369198,0.9287937,0.7044735,2.287352,0.9261222,0.6628604,2.271252,0.6776875,0.7529384,2.467583,0.5790627,0.9514307,2.49595,0.6168671,0.6737509,2.46645,0.7441144,0.7360566,2.436135,0.6899577,0.5090209,2.427454,0.7489489,0.7626114,2.518587,0.8128279,1.02556,2.555594
72057594037937085,0,0.7902468,5988.643,0.7176186,0.7479614,2.475402,0.8439191,1.142678,2.519542,0.7049465,0.9618131,2.529005,0.600222,0.8259862,2.480827,0.5542374,0.6919031,2.461344,0.5394985,0.6476431,2.457391,0.885388,0.901399,2.437209,0.9786783,0.8146325,2.369198,0.9287937,0.7044735,2.287352,0.9261222,0.6628604,2.271252,0.6776875,0.7529384,2.467583,0.5790627,0.9514307,2.49595,0.6168671,0.6737509,2.46645,0.7441144,0.7360566,2.436135,0.6899577,0.5090209,2.427454,0.7489489,0.7626114,2.518587,0.8128279,1.02556,2.555594
72057594037937085,0,0.7902468,5988.647,0.7176186,0.7479614,2.475402,0.8439191,1.142678,2.519542,0.7049465,0.9618131,2.529005,0.600222,0.8259862,2.480827,0.5542374,0.6919031,2.461344,0.5394985,0.6476431,2.457391,0.885388,0.901399,2.437209,0.9786783,0.8146325,2.369198,0.9287937,0.7044735,2.287352,0.9261222,0.6628604,2.271252,0.6776875,0.7529384,2.467583,0.5790627,0.9514307,2.49595,0.6168671,0.6737509,2.46645,0.7441144,0.7360566,2.436135,0.6899577,0.5090209,2.427454,0.7489489,0.7626114,2.518587,0.8128279,1.02556,2.555594
72057594037937085,0,0.7902468,5988.652,0.7176186,0.7479614,2.475402,0.8439191,1.142678,2.519542,0.7049465,0.9618131,2.529005,0.600222,0.8259862,2.480827,0.5542374,0.6919031,2.461344,0.5394985,0.6476431,2.457391,0.885388,0.901399,2.437209,0.9786783,0.8146325,2.369198,0.9287937,0.7044735,2.287352,0.9261222,0.6628604,2.271252,0.6776875,0.7529384,2.467583,0.5790627,0.9514307,2.49595,0.6168671,0.6737509,2.46645,0.7441144,0.7360566,2.436135,0.6899577,0.5090209,2.427454,0.7489489,0.7626114,2.518587,0.8128279,1.02556,2.555594
72057594037937085,0,0.7902468,5988.657,0.7176186,0.7479614,2.475402,0.8439191,1.142678,2.519542,0.7049465,0.9618131,2.529005,0.600222,0.8259862,2.480827,0.5542374,0.6919031,2.461344,0.5394985,0.6476431,2.457391,0.885388,0.901399,2.437209,0.9786783,0.8146325,2.369198,0.9287937,0.7044735,2.287352,0.9261222,0.6628604,2.271252,0.6776875,0.7529384,2.467583,0.5790627,0.9514307,2.49595,0.6168671,0.6737509,2.46645,0.7441144,0.7360566,2.436135,0.6899577,0.5090209,2.427454,0.7489489,0.7626114,2.518587,0.8128279,1.02556,2.555594
72057594037937085,0,0.7902468,5988.661,0.7176186,0.7479614,2.475402,0.8439191,1.142678,2.519542,0.7049465,0.9618131,2.529005,0.600222,0.8259862,2.480827,0.5542374,0.6919031,2.461344,0.5394985,0.6476431,2.457391,0.885388,0.901399,2.437209,0.9786783,0.8146325,2.369198,0.9287937,0.7044735,2.287352,0.9261222,0.6628604,2.271252,0.6776875,0.7529384,2.467583,0.5790627,0.9514307,2.49595,0.6168671,0.6737509,2.46645,0.7441144,0.7360566,2.436135,0.6899577,0.5090209,2.427454,0.7489489,0.7626114,2.518587,0.8128279,1.02556,2.555594
72057594037937085,0,0.7902468,5988.666,0.7176186,0.7479614,2.475402,0.8439191,1.142678,2.519542,0.7049465,0.9618131,2.529005,0.600222,0.8259862,2.480827,0.5542374,0.6919031,2.461344,0.5394985,0.6476431,2.457391,0.885388,0.901399,2.437209,0.9786783,0.8146325,2.369198,0.9287937,0.7044735,2.287352,0.9261222,0.6628604,2.271252,0.6776875,0.7529384,2.467583,0.5790627,0.9514307,2.49595,0.6168671,0.6737509,2.46645,0.7441144,0.7360566,2.436135,0.6899577,0.5090209,2.427454,0.7489489,0.7626114,2.518587,0.8128279,1.02556,2.555594
72057594037937085,0,0.7941812,5988.671,0.7218731,0.7448195,2.477092,0.8433127,1.145254,2.511592,0.7046059,0.9623361,2.528512,0.600339,0.8279309,2.496369,0.5481029,0.6975281,2.511659,0.5277457,0.6588662,2.501999,0.8852031,0.9019123,2.437155,0.9799451,0.8142803,2.373009,0.9225849,0.6841131,2.354151,0.9038264,0.6388222,2.318845,0.6823125,0.7479427,2.469248,0.582942,0.9373078,2.523275,0.6216089,0.6623529,2.472951,0.7485009,0.7344323,2.438286,0.7308508,0.5021923,2.416991,0.7897025,0.755806,2.508164,0.8118898,1.025701,2.548182
72057594037937085,0,0.7941812,5988.675,0.7218731,0.7448195,2.477092,0.8433127,1.145254,2.511592,0.7046059,0.9623361,2.528512,0.600339,0.8279309,2.496369,0.5481029,0.6975281,2.511659,0.5277457,0.6588662,2.501999,0.8852031,0.9019123,2.437155,0.9799451,0.8142803,2.373009,0.9225849,0.6841131,2.354151,0.9038264,0.6388222,2.318845,0.6823125,0.7479427,2.469248,0.582942,0.9373078,2.523275,0.6216089,0.6623529,2.472951,0.7485009,0.7344323,2.438286,0.7308508,0.5021923,2.416991,0.7897025,0.755806,2.508164,0.8118898,1.025701,2.548182
72057594037937085,0,0.7941812,5988.679,0.7218731,0.7448195,2.477092,0.8433127,1.145254,2.511592,0.7046059,0.9623361,2.528512,0.600339,0.8279309,2.496369,0.5481029,0.6975281,2.511659,0.5277457,0.6588662,2.501999,0.8852031,0.9019123,2.437155,0.9799451,0.8142803,2.373009,0.9225849,0.6841131,2.354151,0.9038264,0.6388222,2.318845,0.6823125,0.7479427,2.469248,0.582942,0.9373078,2.523275,0.6216089,0.6623529,2.472951,0.7485009,0.7344323,2.438286,0.7308508,0.5021923,2.416991,0.7897025,0.755806,2.508164,0.8118898,1.025701,2.548182
72057594037937085,0,0.7941812,5988.683,0.7218731,0.7448195,2.477092,0.8433127,1.145254,2.511592,0.7046059,0.9623361,2.528512,0.600339,0.8279309,2.496369,0.5481029,0.6975281,2.511659,0.5277457,0.6588662,2.501999,0.8852031,0.9019123,2.437155,0.9799451,0.8142803,2.373009,0.9225849,0.6841131,2.354151,0.9038264,0.6388222,2.318845,0.6823125,0.7479427,2.469248,0.582942,0.9373078,2.523275,0.6216089,0.6623529,2.472951,0.7485009,0.7344323,2.438286,0.7308508,0.5021923,2.416991,0.7897025,0.755806,2.508164,0.8118898,1.025701,2.548182
72057594037937085,0,0.7941812,5988.689,0.7218731,0.7448195,2.477092,0.8433127,1.145254,2.511592,0.7046059,0.9623361,2.528512,0.600339,0.8279309,2.496369,0.5481029,0.6975281,2.511659,0.5277457,0.6588662,2.501999,0.8852031,0.9019123,2.437155,0.9799451,0.8142803,2.373009,0.9225849,0.6841131,2.354151,0.9038264,0.6388222,2.318845,0.6823125,0.7479427,2.469248,0.582942,0.9373078,2.523275,0.6216089,0.6623529,2.472951,0.7485009,0.7344323,2.438286,0.7308508,0.5021923,2.416991,0.7897025,0.755806,2.508164,0.8118898,1.025701,2.548182
72057594037937085,0,0.7941812,5988.693,0.7218731,0.7448195,2.477092,0.8433127,1.145254,2.511592,0.7046059,0.9623361,2.528512,0.600339,0.8279309,2.496369,0.5481029,0.6975281,2.511659,0.5277457,0.6588662,2.501999,0.8852031,0.9019123,2.437155,0.9799451,0.8142803,2.373009,0.9225849,0.6841131,2.354151,0.9038264,0.6388222,2.318845,0.6823125,0.7479427,2.469248,0.582942,0.9373078,2.523275,0.6216089,0.6623529,2.472951,0.7485009,0.7344323,2.438286,0.7308508,0.5021923,2.416991,0.7897025,0.755806,2.508164,0.8118898,1.025701,2.548182
72057594037937085,0,0.7941812,5988.697,0.7218731,0.7448195,2.477092,0.8433127,1.145254,2.511592,0.7046059,0.9623361,2.528512,0.600339,0.8279309,2.496369,0.5481029,0.6975281,2.511659,0.5277457,0.6588662,2.501999,0.8852031,0.9019123,2.437155,0.9799451,0.8142803,2.373009,0.9225849,0.6841131,2.354151,0.9038264,0.6388222,2.318845,0.6823125,0.7479427,2.469248,0.582942,0.9373078,2.523275,0.6216089,0.6623529,2.472951,0.7485009,0.7344323,2.438286,0.7308508,0.5021923,2.416991,0.7897025,0.755806,2.508164,0.8118898,1.025701,2.548182
72057594037937085,0,0.7926317,5988.702,0.7207825,0.7437074,2.479331,0.8413562,1.145478,2.506808,0.6934545,0.9630886,2.516617,0.5981328,0.8319521,2.517036,0.5735547,0.6931974,2.52741,0.5736457,0.6987704,2.521363,0.8851392,0.9021885,2.437119,0.9800084,0.8131672,2.375495,0.9402873,0.6841098,2.323541,0.9533105,0.7002568,2.298608,0.6806229,0.7485955,2.472429,0.582554,0.9459467,2.540385,0.6309986,0.6763921,2.471017,0.7476662,0.7313334,2.4405,0.7043064,0.5021318,2.429164,0.7436553,0.7522685,2.537575,0.8104147,1.026304,2.544646
72057594037937085,0,0.7926317,5988.707,0.7207825,0.7437074,2.479331,0.8413562,1.145478,2.506808,0.6934545,0.9630886,2.516617,0.5981328,0.8319521,2.517036,0.5735547,0.6931974,2.52741,0.5736457,0.6987704,2.521363,0.8851392,0.9021885,2.437119,0.9800084,0.8131672,2.375495,0.9402873,0.6841098,2.323541,0.9533105,0.7002568,2.298608,0.6806229,0.7485955,2.472429,0.582554,0.9459467,2.540385,0.6309986,0.6763921,2.471017,0.7476662,0.7313334,2.4405,0.7043064,0.5021318,2.429164,0.7436553,0.7522685,2.537575,0.8104147,1.026304,2.544646
72057594037937085,0,0.7926317,5988.711,0.7207825,0.7437074,2.479331,0.8413562,1.145478,2.506808,0.6934545,0.9630886,2.516617,0.5981328,0.8319521,2.517036,0.5735547,0.6931974,2.52741,0.5736457,0.6987704,2.521363,0.8851392,0.9021885,2.437119,0.9800084,0.8131672,2.375495,0.9402873,0.6841098,2.323541,0.9533105,0.7002568,2.298608,0.6806229,0.7485955,2.472429,0.582554,0.9459467,2.540385,0.6309986,0.6763921,2.471017,0.7476662,0.7313334,2.4405,0.7043064,0.5021318,2.429164,0.7436553,0.7522685,2.537575,0.8104147,1.026304,2.544646
72057594037937085,0,0.7926317,5988.716,0.7207825,0.7437074,2.479331,0.8413562,1.145478,2.506808,0.6934545,0.9630886,2.516617,0.5981328,0.8319521,2.517036,0.5735547,0.6931974,2.52741,0.5736457,0.6987704,2.521363,0.8851392,0.9021885,2.437119,0.9800084,0.8131672,2.375495,0.9402873,0.6841098,2.323541,0.9533105,0.7002568,2.298608,0.6806229,0.7485955,2.472429,0.582554,0.9459467,2.540385,0.6309986,0.6763921,2.471017,0.7476662,0.7313334,2.4405,0.7043064,0.5021318,2.429164,0.7436553,0.7522685,2.537575,0.8104147,1.026304,2.544646
72057594037937085,0,0.7926317,5988.721,0.7207825,0.7437074,2.479331,0.8413562,1.145478,2.506808,0.6934545,0.9630886,2.516617,0.5981328,0.8319521,2.517036,0.5735547,0.6931974,2.52741,0.5736457,0.6987704,2.521363,0.8851392,0.9021885,2.437119,0.9800084,0.8131672,2.375495,0.9402873,0.6841098,2.323541,0.9533105,0.7002568,2.298608,0.6806229,0.7485955,2.472429,0.582554,0.9459467,2.540385,0.6309986,0.6763921,2.471017,0.7476662,0.7313334,2.4405,0.7043064,0.5021318,2.429164,0.7436553,0.7522685,2.537575,0.8104147,1.026304,2.544646
72057594037937085,0,0.7926317,5988.726,0.7207825,0.7437074,2.479331,0.8413562,1.145478,2.506808,0.6934545,0.9630886,2.516617,0.5981328,0.8319521,2.517036,0.5735547,0.6931974,2.52741,0.5736457,0.6987704,2.521363,0.8851392,0.9021885,2.437119,0.9800084,0.8131672,2.375495,0.9402873,0.6841098,2.323541,0.9533105,0.7002568,2.298608,0.6806229,0.7485955,2.472429,0.582554,0.9459467,2.540385,0.6309986,0.6763921,2.471017,0.7476662,0.7313334,2.4405,0.7043064,0.5021318,2.429164,0.7436553,0.7522685,2.537575,0.8104147,1.026304,2.544646
72057594037937085,0,0.7926317,5988.73,0.7207825,0.7437074,2.479331,0.8413562,1.145478,2.506808,0.6934545,0.9630886,2.516617,0.5981328,0.8319521,2.517036,0.5735547,0.6931974,2.52741,0.5736457,0.6987704,2.521363,0.8851392,0.9021885,2.437119,0.9800084,0.8131672,2.375495,0.9402873,0.6841098,2.323541,0.9533105,0.7002568,2.298608,0.6806229,0.7485955,2.472429,0.582554,0.9459467,2.540385,0.6309986,0.6763921,2.471017,0.7476662,0.7313334,2.4405,0.7043064,0.5021318,2.429164,0.7436553,0.7522685,2.537575,0.8104147,1.026304,2.544646
72057594037937085,0,0.7926317,5988.735,0.7207825,0.7437074,2.479331,0.8413562,1.145478,2.506808,0.6934545,0.9630886,2.516617,0.5981328,0.8319521,2.517036,0.5735547,0.6931974,2.52741,0.5736457,0.6987704,2.521363,0.8851392,0.9021885,2.437119,0.9800084,0.8131672,2.375495,0.9402873,0.6841098,2.323541,0.9533105,0.7002568,2.298608,0.6806229,0.7485955,2.472429,0.582554,0.9459467,2.540385,0.6309986,0.6763921,2.471017,0.7476662,0.7313334,2.4405,0.7043064,0.5021318,2.429164,0.7436553,0.7522685,2.537575,0.8104147,1.026304,2.544646
72057594037937085,0,0.7878003,5988.739,0.7190947,0.7388912,2.492344,0.8386235,1.143904,2.501306,0.6933758,0.9636412,2.515512,0.6031819,0.8412117,2.525913,0.5770695,0.7040012,2.544345,0.5890898,0.7029818,2.535783,0.8852463,0.9025155,2.436905,0.9800976,0.8124353,2.377087,0.9485298,0.682712,2.321253,0.9668831,0.6960965,2.296781,0.6787773,0.7481313,2.488436,0.5827405,0.9456943,2.54113,0.6304344,0.6758487,2.472492,0.7462974,0.7227988,2.451363,0.6979767,0.4941844,2.431255,0.7401445,0.7459456,2.535119,0.809155,1.025129,2.54133
72057594037937085,0,0.7878003,5988.743,0.7190947,0.7388912,2.492344,0.8386235,1.143904,2.501306,0.6933758,0.9636412,2.515512,0.6031819,0.8412117,2.525913,0.5770695,0.7040012,2.544345,0.5890898,0.7029818,2.535783,0.8852463,0.9025155,2.436905,0.9800976,0.8124353,2.377087,0.9485298,0.682712,2.321253,0.9668831,0.6960965,2.296781,0.6787773,0.7481313,2.488436,0.5827405,0.9456943,2.54113,0.6304344,0.6758487,2.472492,0.7462974,0.7227988,2.451363,0.6979767,0.4941844,2.431255,0.7401445,0.7459456,2.535119,0.809155,1.025129,2.54133
72057594037937085,0,0.7878003,5988.748,0.7190947,0.7388912,2.492344,0.8386235,1.143904,2.501306,0.6933758,0.9636412,2.515512,0.6031819,0.8412117,2.525913,0.5770695,0.7040012,2.544345,0.5890898,0.7029818,2.535783,0.8852463,0.9025155,2.436905,0.9800976,0.8124353,2.377087,0.9485298,0.682712,2.321253,0.9668831,0.6960965,2.296781,0.6787773,0.7481313,2.488436,0.5827405,0.9456943,2.54113,0.6304344,0.6758487,2.472492,0.7462974,0.7227988,2.451363,0.6979767,0.4941844,2.431255,0.7401445,0.7459456,2.535119,0.809155,1.025129,2.54133
72057594037937085,0,0.7878003,5988.753,0.7190947,0.7388912,2.492344,0.8386235,1.143904,2.501306,0.6933758,0.9636412,2.515512,0.6031819,0.8412117,2.525913,0.5770695,0.7040012,2.544345,0.5890898,0.7029818,2.535783,0.8852463,0.9025155,2.436905,0.9800976,0.8124353,2.377087,0.9485298,0.682712,2.321253,0.9668831,0.6960965,2.296781,0.6787773,0.7481313,2.488436,0.5827405,0.9456943,2.54113,0.6304344,0.6758487,2.472492,0.7462974,0.7227988,2.451363,0.6979767,0.4941844,2.431255,0.7401445,0.7459456,2.535119,0.809155,1.025129,2.54133
72057594037937085,0,0.7878003,5988.759,0.7190947,0.7388912,2.492344,0.8386235,1.143904,2.501306,0.6933758,0.9636412,2.515512,0.6031819,0.8412117,2.525913,0.5770695,0.7040012,2.544345,0.5890898,0.7029818,2.535783,0.8852463,0.9025155,2.436905,0.9800976,0.8124353,2.377087,0.9485298,0.682712,2.321253,0.9668831,0.6960965,2.296781,0.6787773,0.7481313,2.488436,0.5827405,0.9456943,2.54113,0.6304344,0.6758487,2.472492,0.7462974,0.7227988,2.451363,0.6979767,0.4941844,2.431255,0.7401445,0.7459456,2.535119,0.809155,1.025129,2.54133
72057594037937085,0,0.7878003,5988.764,0.7190947,0.7388912,2.492344,0.8386235,1.143904,2.501306,0.6933758,0.9636412,2.515512,0.6031819,0.8412117,2.525913,0.5770695,0.7040012,2.544345,0.5890898,0.7029818,2.535783,0.8852463,0.9025155,2.436905,0.9800976,0.8124353,2.377087,0.9485298,0.682712,2.321253,0.9668831,0.6960965,2.296781,0.6787773,0.7481313,2.488436,0.5827405,0.9456943,2.54113,0.6304344,0.6758487,2.472492,0.7462974,0.7227988,2.451363,0.6979767,0.4941844,2.431255,0.7401445,0.7459456,2.535119,0.809155,1.025129,2.54133
72057594037937085,0,0.7818058,5988.77,0.7160651,0.7392343,2.502576,0.8349366,1.142384,2.49781,0.6935782,0.9636563,2.516186,0.608972,0.8320251,2.5585,0.577165,0.6949044,2.570351,0.5969933,0.6845716,2.553224,0.8852243,0.9035882,2.436422,0.9801965,0.8140984,2.375797,0.9536053,0.6821046,2.323367,0.9658573,0.6860356,2.289383,0.6761649,0.749163,2.496695,0.5828843,0.9467841,2.542432,0.6302729,0.6768584,2.473007,0.7432365,0.7225602,2.462538,0.7491082,0.5080829,2.350181,0.7913736,0.7623425,2.448734,0.8069084,1.024306,2.539499
72057594037937085,0,0.7818058,5988.774,0.7160651,0.7392343,2.502576,0.8349366,1.142384,2.49781,0.6935782,0.9636563,2.516186,0.608972,0.8320251,2.5585,0.577165,0.6949044,2.570351,0.5969933,0.6845716,2.553224,0.8852243,0.9035882,2.436422,0.9801965,0.8140984,2.375797,0.9536053,0.6821046,2.323367,0.9658573,0.6860356,2.289383,0.6761649,0.749163,2.496695,0.5828843,0.9467841,2.542432,0.6302729,0.6768584,2.473007,0.7432365,0.7225602,2.462538,0.7491082,0.5080829,2.350181,0.7913736,0.7623425,2.448734,0.8069084,1.024306,2.539499
72057594037937085,0,0.7818058,5988.778,0.7160651,0.7392343,2.502576,0.8349366,1.142384,2.49781,0.6935782,0.9636563,2.516186,0.608972,0.8320251,2.5585,0.577165,0.6949044,2.570351,0.5969933,0.6845716,2.553224,0.8852243,0.9035882,2.436422,0.9801965,0.8140984,2.375797,0.9536053,0.6821046,2.323367,0.9658573,0.6860356,2.289383,0.6761649,0.749163,2.496695,0.5828843,0.9467841,2.542432,0.6302729,0.6768584,2.473007,0.7432365,0.7225602,2.462538,0.7491082,0.5080829,2.350181,0.7913736,0.7623425,2.448734,0.8069084,1.024306,2.539499
72057594037937085,0,0.7818058,5988.782,0.7160651,0.7392343,2.502576,0.8349366,1.142384,2.49781,0.6935782,0.9636563,2.516186,0.608972,0.8320251,2.5585,0.577165,0.6949044,2.570351,0.5969933,0.6845716,2.553224,0.8852243,0.9035882,2.436422,0.9801965,0.8140984,2.375797,0.9536053,0.6821046,2.323367,0.9658573,0.6860356,2.289383,0.6761649,0.749163,2.496695,0.5828843,0.9467841,2.542432,0.6302729,0.6768584,2.473007,0.7432365,0.7225602,2.462538,0.7491082,0.5080829,2.350181,0.7913736,0.7623425,2.448734,0.8069084,1.024306,2.539499
72057594037937085,0,0.7818058,5988.788,0.7160651,0.7392343,2.502576,0.8349366,1.142384,2.49781,0.6935782,0.9636563,2.516186,0.608972,0.8320251,2.5585,0.577165,0.6949044,2.570351,0.5969933,0.6845716,2.553224,0.8852243,0.9035882,2.436422,0.9801965,0.8140984,2.375797,0.9536053,0.6821046,2.323367,0.9658573,0.6860356,2.289383,0.6761649,0.749163,2.496695,0.5828843,0.9467841,2.542432,0.6302729,0.6768584,2.473007,0.7432365,0.7225602,2.462538,0.7491082,0.5080829,2.350181,0.7913736,0.7623425,2.448734,0.8069084,1.024306,2.539499
72057594037937085,0,0.7818058,5988.792,0.7160651,0.7392343,2.502576,0.8349366,1.142384,2.49781,0.6935782,0.9636563,2.516186,0.608972,0.8320251,2.5585,0.577165,0.6949044,2.570351,0.5969933,0.6845716,2.553224,0.8852243,0.9035882,2.436422,0.9801965,0.8140984,2.375797,0.9536053,0.6821046,2.323367,0.9658573,0.6860356,2.289383,0.6761649,0.749163,2.496695,0.5828843,0.9467841,2.542432,0.6302729,0.6768584,2.473007,0.7432365,0.7225602,2.462538,0.7491082,0.5080829,2.350181,0.7913736,0.7623425,2.448734,0.8069084,1.024306,2.539499
72057594037937085,0,0.7818058,5988.796,0.7160651,0.7392343,2.502576,0.8349366,1.142384,2.49781,0.6935782,0.9636563,2.516186,0.608972,0.8320251,2.5585,0.577165,0.6949044,2.570351,0.5969933,0.6845716,2.553224,0.8852243,0.9035882,2.436422,0.9801965,0.8140984,2.375797,0.9536053,0.6821046,2.323367,0.9658573,0.6860356,2.289383,0.6761649,0.749163,2.496695,0.5828843,0.9467841,2.542432,0.6302729,0.6768584,2.473007,0.7432365,0.7225602,2.462538,0.7491082,0.5080829,2.350181,0.7913736,0.7623425,2.448734,0.8069084,1.024306,2.539499
72057594037937085,0,0.7818058,5988.8,0.7160651,0.7392343,2.502576,0.8349366,1.142384,2.49781,0.6935782,0.9636563,2.516186,0.608972,0.8320251,2.5585,0.577165,0.6949044,2.570351,0.5969933,0.6845716,2.553224,0.8852243,0.9035882,2.436422,0.9801965,0.8140984,2.375797,0.9536053,0.6821046,2.323367,0.9658573,0.6860356,2.289383,0.6761649,0.749163,2.496695,0.5828843,0.9467841,2.542432,0.6302729,0.6768584,2.473007,0.7432365,0.7225602,2.462538,0.7491082,0.5080829,2.350181,0.7913736,0.7623425,2.448734,0.8069084,1.024306,2.539499
72057594037937085,0,0.7816699,5988.805,0.7159172,0.7393663,2.502487,0.8306548,1.143024,2.491063,0.6899882,0.9656399,2.51542,0.6071037,0.8264432,2.565007,0.5804827,0.6927288,2.596976,0.5925903,0.6972585,2.576402,0.8850785,0.9048913,2.435802,0.9777745,0.8143753,2.372605,1.016906,0.70593,2.285131,1.004277,0.7058921,2.283034,0.6759976,0.7492434,2.496598,0.5815361,0.9451181,2.544905,0.6298022,0.6758475,2.473509,0.7430903,0.7228031,2.462421,0.6975227,0.4990652,2.388444,0.729172,0.7369099,2.522403,0.8049062,1.023937,2.533007
72057594037937085,0,0.7816699,5988.81,0.7159172,0.7393663,2.502487,0.8306548,1.143024,2.491063,0.6899882,0.9656399,2.51542,0.6071037,0.8264432,2.565007,0.5804827,0.6927288,2.596976,0.5925903,0.6972585,2.576402,0.8850785,0.9048913,2.435802,0.9777745,0.8143753,2.372605,1.016906,0.70593,2.285131,1.004277,0.7058921,2.283034,0.6759976,0.7492434,2.496598,0.5815361,0.9451181,2.544905,0.6298022,0.6758475,2.473509,0.7430903,0.7228031,2.462421,0.6975227,0.4990652,2.388444,0.729172,0.7369099,2.522403,0.8049062,1.023937,2.533007
72057594037937085,0,0.7816699,5988.814,0.7159172,0.7393663,2.502487,0.8306548,1.143024,2.491063,0.6899882,0.9656399,2.51542,0.6071037,0.8264432,2.565007,0.5804827,0.6927288,2.596976,0.5925903,0.6972585,2.576402,0.8850785,0.9048913,2.435802,0.9777745,0.8143753,2.372605,1.016906,0.70593,2.285131,1.004277,0.7058921,2.283034,0.6759976,0.7492434,2.496598,0.5815361,0.9451181,2.544905,0.6298022,0.6758475,2.473509,0.7430903,0.7228031,2.462421,0.6975227,0.4990652,2.388444,0.729172,0.7369099,2.522403,0.8049062,1.023937,2.533007
72057594037937085,0,0.7816699,5988.819,0.7159172,0.7393663,2.502487,0.8306548,1.143024,2.491063,0.6899882,0.9656399,2.51542,0.6071037,0.8264432,2.565007,0.5804827,0.6927288,2.596976,0.5925903,0.6972585,2.576402,0.8850785,0.9048913,2.435802,0.9777745,0.8143753,2.372605,1.016906,0.70593,2.285131,1.004277,0.7058921,2.283034,0.6759976,0.7492434,2.496598,0.5815361,0.9451181,2.544905,0.6298022,0.6758475,2.473509,0.7430903,0.7228031,2.462421,0.6975227,0.4990652,2.388444,0.729172,0.7369099,2.522403,0.8049062,1.023937,2.533007
72057594037937085,0,0.7816699,5988.824,0.7159172,0.7393663,2.502487,0.8306548,1.143024,2.491063,0.6899882,0.9656399,2.51542,0.6071037,0.8264432,2.565007,0.5804827,0.6927288,2.596976,0.5925903,0.6972585,2.576402,0.8850785,0.9048913,2.435802,0.9777745,0.8143753,2.372605,1.016906,0.70593,2.285131,1.004277,0.7058921,2.283034,0.6759976,0.7492434,2.496598,0.5815361,0.9451181,2.544905,0.6298022,0.6758475,2.473509,0.7430903,0.7228031,2.462421,0.6975227,0.4990652,2.388444,0.729172,0.7369099,2.522403,0.8049062,1.023937,2.533007
72057594037937085,0,0.7816699,5988.829,0.7159172,0.7393663,2.502487,0.8306548,1.143024,2.491063,0.6899882,0.9656399,2.51542,0.6071037,0.8264432,2.565007,0.5804827,0.6927288,2.596976,0.5925903,0.6972585,2.576402,0.8850785,0.9048913,2.435802,0.9777745,0.8143753,2.372605,1.016906,0.70593,2.285131,1.004277,0.7058921,2.283034,0.6759976,0.7492434,2.496598,0.5815361,0.9451181,2.544905,0.6298022,0.6758475,2.473509,0.7430903,0.7228031,2.462421,0.6975227,0.4990652,2.388444,0.729172,0.7369099,2.522403,0.8049062,1.023937,2.533007
72057594037937085,0,0.7816699,5988.833,0.7159172,0.7393663,2.502487,0.8306548,1.143024,2.491063,0.6899882,0.9656399,2.51542,0.6071037,0.8264432,2.565007,0.5804827,0.6927288,2.596976,0.5925903,0.6972585,2.576402,0.8850785,0.9048913,2.435802,0.9777745,0.8143753,2.372605,1.016906,0.70593,2.285131,1.004277,0.7058921,2.283034,0.6759976,0.7492434,2.496598,0.5815361,0.9451181,2.544905,0.6298022,0.6758475,2.473509,0.7430903,0.7228031,2.462421,0.6975227,0.4990652,2.388444,0.729172,0.7369099,2.522403,0.8049062,1.023937,2.533007
72057594037937085,0,0.7798411,5988.838,0.7141457,0.7396872,2.502857,0.8254354,1.141672,2.488425,0.6905224,0.9660648,2.517403,0.6085107,0.8490173,2.561197,0.5806121,0.728467,2.622931,0.5833894,0.7146506,2.604971,0.8845877,0.9104675,2.435759,0.9786332,0.824607,2.367647,1.025535,0.7133087,2.288818,1.027268,0.7204449,2.274039,0.6738784,0.7492257,2.496111,0.5805421,0.9471233,2.546081,0.6279886,0.6776302,2.475216,0.7413114,0.7236071,2.463698,0.698455,0.4997714,2.38814,0.7300938,0.7375644,2.522072,0.8026124,1.02357,2.531262
72057594037937085,0,0.7798411,5988.842,0.7141457,0.7396872,2.502857,0.8254354,1.141672,2.488425,0.6905224,0.9660648,2.517403,0.6085107,0.8490173,2.561197,0.5806121,0.728467,2.622931,0.5833894,0.7146506,2.604971,0.8845877,0.9104675,2.435759,0.9786332,0.824607,2.367647,1.025535,0.7133087,2.288818,1.027268,0.7204449,2.274039,0.6738784,0.7492257,2.496111,0.5805421,0.9471233,2.546081,0.6279886,0.6776302,2.475216,0.7413114,0.7236071,2.463698,0.698455,0.4997714,2.38814,0.7300938,0.7375644,2.522072,0.8026124,1.02357,2.531262
72057594037937085,0,0.7798411,5988.846,0.7141457,0.7396872,2.502857,0.8254354,1.141672,2.488425,0.6905224,0.9660648,2.517403,0.6085107,0.8490173,2.561197,0.5806121,0.728467,2.622931,0.5833894,0.7146506,2.604971,0.8845877,0.9104675,2.435759,0.9786332,0.824607,2.367647,1.025535,0.7133087,2.288818,1.027268,0.7204449,2.274039,0.6738784,0.7492257,2.496111,0.5805421,0.9471233,2.546081,0.6279886,0.6776302,2.475216,0.7413114,0.7236071,2.463698,0.698455,0.4997714,2.38814,0.7300938,0.7375644,2.522072,0.8026124,1.02357,2.531262
72057594037937085,0,0.7798411,5988.85,0.7141457,0.7396872,2.502857,0.8254354,1.141672,2.488425,0.6905224,0.9660648,2.517403,0.6085107,0.8490173,2.561197,0.5806121,0.728467,2.622931,0.5833894,0.7146506,2.604971,0.8845877,0.9104675,2.435759,0.9786332,0.824607,2.367647,1.025535,0.7133087,2.288818,1.027268,0.7204449,2.274039,0.6738784,0.7492257,2.496111,0.5805421,0.9471233,2.546081,0.6279886,0.6776302,2.475216,0.7413114,0.7236071,2.463698,0.698455,0.4997714,2.38814,0.7300938,0.7375644,2.522072,0.8026124,1.02357,2.531262
72057594037937085,0,0.7798411,5988.855,0.7141457,0.7396872,2.502857,0.8254354,1.141672,2.488425,0.6905224,0.9660648,2.517403,0.6085107,0.8490173,2.561197,0.5806121,0.728467,2.622931,0.5833894,0.7146506,2.604971,0.8845877,0.9104675,2.435759,0.9786332,0.824607,2.367647,1.025535,0.7133087,2.288818,1.027268,0.7204449,2.274039,0.6738784,0.7492257,2.496111,0.5805421,0.9471233,2.546081,0.6279886,0.6776302,2.475216,0.7413114,0.7236071,2.463698,0.698455,0.4997714,2.38814,0.7300938,0.7375644,2.522072,0.8026124,1.02357,2.531262
72057594037937085,0,0.7798411,5988.859,0.7141457,0.7396872,2.502857,0.8254354,1.141672,2.488425,0.6905224,0.9660648,2.517403,0.6085107,0.8490173,2.561197,0.5806121,0.728467,2.622931,0.5833894,0.7146506,2.604971,0.8845877,0.9104675,2.435759,0.9786332,0.824607,2.367647,1.025535,0.7133087,2.288818,1.027268,0.7204449,2.274039,0.6738784,0.7492257,2.496111,0.5805421,0.9471233,2.546081,0.6279886,0.6776302,2.475216,0.7413114,0.7236071,2.463698,0.698455,0.4997714,2.38814,0.7300938,0.7375644,2.522072,0.8026124,1.02357,2.531262
72057594037937085,0,0.7798411,5988.864,0.7141457,0.7396872,2.502857,0.8254354,1.141672,2.488425,0.6905224,0.9660648,2.517403,0.6085107,0.8490173,2.561197,0.5806121,0.728467,2.622931,0.5833894,0.7146506,2.604971,0.8845877,0.9104675,2.435759,0.9786332,0.824607,2.367647,1.025535,0.7133087,2.288818,1.027268,0.7204449,2.274039,0.6738784,0.7492257,2.496111,0.5805421,0.9471233,2.546081,0.6279886,0.6776302,2.475216,0.7413114,0.7236071,2.463698,0.698455,0.4997714,2.38814,0.7300938,0.7375644,2.522072,0.8026124,1.02357,2.531262
72057594037937085,0,0.7754271,5988.869,0.7098085,0.7423202,2.502447,0.8184406,1.139888,2.485256,0.682643,0.9700133,2.516602,0.6056805,0.8472985,2.568144,0.5782928,0.7256052,2.628058,0.5763416,0.7178668,2.610235,0.8670997,0.9286057,2.419959,0.974396,0.8491943,2.36926,1.050232,0.749915,2.299217,1.042851,0.7337203,2.277753,0.6703807,0.7511383,2.495162,0.5783493,0.9474992,2.546535,0.62379,0.6777734,2.475255,0.7362531,0.727071,2.463831,0.7012143,0.5020166,2.388518,0.7308153,0.7397275,2.522995,0.7990602,1.023362,2.529084
72057594037937085,0,0.7754271,5988.874,0.7098085,0.7423202,2.502447,0.8184406,1.139888,2.485256,0.682643,0.9700133,2.516602,0.6056805,0.8472985,2.568144,0.5782928,0.7256052,2.628058,0.5763416,0.7178668,2.610235,0.8670997,0.9286057,2.419959,0.974396,0.8491943,2.36926,1.050232,0.749915,2.299217,1.042851,0.7337203,2.277753,0.6703807,0.7511383,2.495162,0.5783493,0.9474992,2.546535,0.62379,0.6777734,2.475255,0.7362531,0.727071,2.463831,0.7012143,0.5020166,2.388518,0.7308153,0.7397275,2.522995,0.7990602,1.023362,2.529084
72057594037937085,0,0.7754271,5988.878,0.7098085,0.7423202,2.502447,0.8184406,1.139888,2.485256,0.682643,0.9700133,2.516602,0.6056805,0.8472985,2.568144,0.5782928,0.7256052,2.628058,0.5763416,0.7178668,2.610235,0.8670997,0.9286057,2.419959,0.974396,0.8491943,2.36926,1.050232,0.749915,2.299217,1.042851,0.7337203,2.277753,0.6703807,0.7511383,2.495162,0.5783493,0.9474992,2.546535,0.62379,0.6777734,2.475255,0.7362531,0.727071,2.463831,0.7012143,0.5020166,2.388518,0.7308153,0.7397275,2.522995,0.7990602,1.023362,2.529084
72057594037937085,0,0.7754271,5988.883,0.7098085,0.7423202,2.502447,0.8184406,1.139888,2.485256,0.682643,0.9700133,2.516602,0.6056805,0.8472985,2.568144,0.5782928,0.7256052,2.628058,0.5763416,0.7178668,2.610235,0.8670997,0.9286057,2.419959,0.974396,0.8491943,2.36926,1.050232,0.749915,2.299217,1.042851,0.7337203,2.277753,0.6703807,0.7511383,2.495162,0.5783493,0.9474992,2.546535,0.62379,0.6777734,2.475255,0.7362531,0.727071,2.463831,0.7012143,0.5020166,2.388518,0.7308153,0.7397275,2.522995,0.7990602,1.023362,2.529084
72057594037937085,0,0.7754271,5988.888,0.7098085,0.7423202,2.502447,0.8184406,1.139888,2.485256,0.682643,0.9700133,2.516602,0.6056805,0.8472985,2.568144,0.5782928,0.7256052,2.628058,0.5763416,0.7178668,2.610235,0.8670997,0.9286057,2.419959,0.974396,0.8491943,2.36926,1.050232,0.749915,2.299217,1.042851,0.7337203,2.277753,0.6703807,0.7511383,2.495162,0.5783493,0.9474992,2.546535,0.62379,0.6777734,2.475255,0.7362531,0.727071,2.463831,0.7012143,0.5020166,2.388518,0.7308153,0.7397275,2.522995,0.7990602,1.023362,2.529084
72057594037937085,0,0.7754271,5988.893,0.7098085,0.7423202,2.502447,0.8184406,1.139888,2.485256,0.682643,0.9700133,2.516602,0.6056805,0.8472985,2.568144,0.5782928,0.7256052,2.628058,0.5763416,0.7178668,2.610235,0.8670997,0.9286057,2.419959,0.974396,0.8491943,2.36926,1.050232,0.749915,2.299217,1.042851,0.7337203,2.277753,0.6703807,0.7511383,2.495162,0.5783493,0.9474992,2.546535,0.62379,0.6777734,2.475255,0.7362531,0.727071,2.463831,0.7012143,0.5020166,2.388518,0.7308153,0.7397275,2.522995,0.7990602,1.023362,2.529084
72057594037937085,0,0.7754271,5988.897,0.7098085,0.7423202,2.502447,0.8184406,1.139888,2.485256,0.682643,0.9700133,2.516602,0.6056805,0.8472985,2.568144,0.5782928,0.7256052,2.628058,0.5763416,0.7178668,2.610235,0.8670997,0.9286057,2.419959,0.974396,0.8491943,2.36926,1.050232,0.749915,2.299217,1.042851,0.7337203,2.277753,0.6703807,0.7511383,2.495162,0.5783493,0.9474992,2.546535,0.62379,0.6777734,2.475255,0.7362531,0.727071,2.463831,0.7012143,0.5020166,2.388518,0.7308153,0.7397275,2.522995,0.7990602,1.023362,2.529084
72057594037937085,0,0.7725707,5988.902,0.7053461,0.7467595,2.495566,0.8103315,1.141769,2.480382,0.6780131,0.972667,2.514931,0.6033261,0.8494916,2.5684,0.5773202,0.725584,2.624785,0.5724814,0.7222,2.61033,0.8630676,0.935239,2.418845,0.9738744,0.8610046,2.368303,1.056467,0.7718593,2.292354,1.052783,0.7772069,2.285455,0.6656539,0.7550679,2.485487,0.5811897,0.9338288,2.572473,0.6219543,0.6679957,2.484517,0.732115,0.7319303,2.459009,0.7758941,0.5317267,2.328742,0.7669765,0.7368788,2.509281,0.7902196,1.024013,2.522479
72057594037937085,0,0.7725707,5988.907,0.7053461,0.7467595,2.495566,0.8103315,1.141769,2.480382,0.6780131,0.972667,2.514931,0.6033261,0.8494916,2.5684,0.5773202,0.725584,2.624785,0.5724814,0.7222,2.61033,0.8630676,0.935239,2.418845,0.9738744,0.8610046,2.368303,1.056467,0.7718593,2.292354,1.052783,0.7772069,2.285455,0.6656539,0.7550679,2.485487,0.5811897,0.9338288,2.572473,0.6219543,0.6679957,2.484517,0.732115,0.7319303,2.459009,0.7758941,0.5317267,2.328742,0.7669765,0.7368788,2.509281,0.7902196,1.024013,2.522479
72057594037937085,0,0.7725707,5988.911,0.7053461,0.7467595,2.495566,0.8103315,1.141769,2.480382,0.6780131,0.972667,2.514931,0.6033261,0.8494916,2.5684,0.5773202,0.725584,2.624785,0.5724814,0.7222,2.61033,0.8630676,0.935239,2.418845,0.9738744,0.8610046,2.368303,1.056467,0.7718593,2.292354,1.052783,0.7772069,2.285455,0.6656539,0.7550679,2.485487,0.5811897,0.9338288,2.572473,0.6219543,0.6679957,2.484517,0.732115,0.7319303,2.459009,0.7758941,0.5317267,2.328742,0.7669765,0.7368788,2.509281,0.7902196,1.024013,2.522479
72057594037937085,0,0.7725707,5988.916,0.7053461,0.7467595,2.495566,0.8103315,1.141769,2.480382,0.6780131,0.972667,2.514931,0.6033261,0.8494916,2.5684,0.5773202,0.725584,2.624785,0.5724814,0.7222,2.61033,0.8630676,0.935239,2.418845,0.9738744,0.8610046,2.368303,1.056467,0.7718593,2.292354,1.052783,0.7772069,2.285455,0.6656539,0.7550679,2.485487,0.5811897,0.9338288,2.572473,0.6219543,0.6679957,2.484517,0.732115,0.7319303,2.459009,0.7758941,0.5317267,2.328742,0.7669765,0.7368788,2.509281,0.7902196,1.024013,2.522479
72057594037937085,0,0.7725707,5988.92,0.7053461,0.7467595,2.495566,0.8103315,1.141769,2.480382,0.6780131,0.972667,2.514931,0.6033261,0.8494916,2.5684,0.5773202,0.725584,2.624785,0.5724814,0.7222,2.61033,0.8630676,0.935239,2.418845,0.9738744,0.8610046,2.368303,1.056467,0.7718593,2.292354,1.052783,0.7772069,2.285455,0.6656539,0.7550679,2.485487,0.5811897,0.9338288,2.572473,0.6219543,0.6679957,2.484517,0.732115,0.7319303,2.459009,0.7758941,0.5317267,2.328742,0.7669765,0.7368788,2.509281,0.7902196,1.024013,2.522479
72057594037937085,0,0.7725707,5988.925,0.7053461,0.7467595,2.495566,0.8103315,1.141769,2.480382,0.6780131,0.972667,2.514931,0.6033261,0.8494916,2.5684,0.5773202,0.725584,2.624785,0.5724814,0.7222,2.61033,0.8630676,0.935239,2.418845,0.9738744,0.8610046,2.368303,1.056467,0.7718593,2.292354,1.052783,0.7772069,2.285455,0.6656539,0.7550679,2.485487,0.5811897,0.9338288,2.572473,0.6219543,0.6679957,2.484517,0.732115,0.7319303,2.459009,0.7758941,0.5317267,2.328742,0.7669765,0.7368788,2.509281,0.7902196,1.024013,2.522479
72057594037937085,0,0.7725707,5988.93,0.7053461,0.7467595,2.495566,0.8103315,1.141769,2.480382,0.6780131,0.972667,2.514931,0.6033261,0.8494916,2.5684,0.5773202,0.725584,2.624785,0.5724814,0.7222,2.61033,0.8630676,0.935239,2.418845,0.9738744,0.8610046,2.368303,1.056467,0.7718593,2.292354,1.052783,0.7772069,2.285455,0.6656539,0.7550679,2.485487,0.5811897,0.9338288,2.572473,0.6219543,0.6679957,2.484517,0.732115,0.7319303,2.459009,0.7758941,0.5317267,2.328742,0.7669765,0.7368788,2.509281,0.7902196,1.024013,2.522479
72057594037937085,0,0.7725707,5988.935,0.7053461,0.7467595,2.495566,0.8103315,1.141769,2.480382,0.6780131,0.972667,2.514931,0.6033261,0.8494916,2.5684,0.5773202,0.725584,2.624785,0.5724814,0.7222,2.61033,0.8630676,0.935239,2.418845,0.9738744,0.8610046,2.368303,1.056467,0.7718593,2.292354,1.052783,0.7772069,2.285455,0.6656539,0.7550679,2.485487,0.5811897,0.9338288,2.572473,0.6219543,0.6679957,2.484517,0.732115,0.7319303,2.459009,0.7758941,0.5317267,2.328742,0.7669765,0.7368788,2.509281,0.7902196,1.024013,2.522479
72057594037937085,0,0.770216,5988.939,0.7028571,0.7473272,2.495341,0.8009558,1.142735,2.477609,0.6694603,0.9757611,2.515179,0.600648,0.8461519,2.57113,0.5721549,0.7205235,2.623057,0.5600715,0.722648,2.611026,0.8584602,0.9379261,2.419573,0.9723473,0.8708546,2.365773,1.070837,0.7834501,2.312979,1.06288,0.7925122,2.281746,0.6640294,0.7548817,2.484639,0.5782046,0.9346167,2.569123,0.6169835,0.6672595,2.485171,0.7282823,0.7336662,2.459816,0.7009149,0.504521,2.40084,0.7901995,0.7327218,2.524529,0.7830317,1.024818,2.519971
72057594037937085,0,0.770216,5988.943,0.7028571,0.7473272,2.495341,0.8009558,1.142735,2.477609,0.6694603,0.9757611,2.515179,0.600648,0.8461519,2.57113,0.5721549,0.7205235,2.623057,0.5600715,0.722648,2.611026,0.8584602,0.9379261,2.419573,0.9723473,0.8708546,2.365773,1.070837,0.7834501,2.312979,1.06288,0.7925122,2.281746,0.6640294,0.7548817,2.484639,0.5782046,0.9346167,2.569123,0.6169835,0.6672595,2.485171,0.7282823,0.7336662,2.459816,0.7009149,0.504521,2.40084,0.7901995,0.7327218,2.524529,0.7830317,1.024818,2.519971
72057594037937085,0,0.770216,5988.948,0.7028571,0.7473272,2.495341,0.8009558,1.142735,2.477609,0.6694603,0.9757611,2.515179,0.600648,0.8461519,2.57113,0.5721549,0.7205235,2.623057,0.5600715,0.722648,2.611026,0.8584602,0.9379261,2.419573,0.9723473,0.8708546,2.365773,1.070837,0.7834501,2.312979,1.06288,0.7925122,2.281746,0.6640294,0.7548817,2.484639,0.5782046,0.9346167,2.569123,0.6169835,0.6672595,2.485171,0.7282823,0.7336662,2.459816,0.7009149,0.504521,2.40084,0.7901995,0.7327218,2.524529,0.7830317,1.024818,2.519971
72057594037937085,0,0.770216,5988.952,0.7028571,0.7473272,2.495341,0.8009558,1.142735,2.477609,0.6694603,0.9757611,2.515179,0.600648,0.8461519,2.57113,0.5721549,0.7205235,2.623057,0.5600715,0.722648,2.611026,0.8584602,0.9379261,2.419573,0.9723473,0.8708546,2.365773,1.070837,0.7834501,2.312979,1.06288,0.7925122,2.281746,0.6640294,0.7548817,2.484639,0.5782046,0.9346167,2.569123,0.6169835,0.6672595,2.485171,0.7282823,0.7336662,2.459816,0.7009149,0.504521,2.40084,0.7901995,0.7327218,2.524529,0.7830317,1.024818,2.519971
72057594037937085,0,0.770216,5988.957,0.7028571,0.7473272,2.495341,0.8009558,1.142735,2.477609,0.6694603,0.9757611,2.515179,0.600648,0.8461519,2.57113,0.5721549,0.7205235,2.623057,0.5600715,0.722648,2.611026,0.8584602,0.9379261,2.419573,0.9723473,0.8708546,2.365773,1.070837,0.7834501,2.312979,1.06288,0.7925122,2.281746,0.6640294,0.7548817,2.484639,0.5782046,0.9346167,2.569123,0.6169835,0.6672595,2.485171,0.7282823,0.7336662,2.459816,0.7009149,0.504521,2.40084,0.7901995,0.7327218,2.524529,0.7830317,1.024818,2.519971
72057594037937085,0,0.770216,5988.961,0.7028571,0.7473272,2.495341,0.8009558,1.142735,2.477609,0.6694603,0.9757611,2.515179,0.600648,0.8461519,2.57113,0.5721549,0.7205235,2.623057,0.5600715,0.722648,2.611026,0.8584602,0.9379261,2.419573,0.9723473,0.8708546,2.365773,1.070837,0.7834501,2.312979,1.06288,0.7925122,2.281746,0.6640294,0.7548817,2.484639,0.5782046,0.9346167,2.569123,0.6169835,0.6672595,2.485171,0.7282823,0.7336662,2.459816,0.7009149,0.504521,2.40084,0.7901995,0.7327218,2.524529,0.7830317,1.024818,2.519971
72057594037937085,0,0.770216,5988.966,0.7028571,0.7473272,2.495341,0.8009558,1.142735,2.477609,0.6694603,0.9757611,2.515179,0.600648,0.8461519,2.57113,0.5721549,0.7205235,2.623057,0.5600715,0.722648,2.611026,0.8584602,0.9379261,2.419573,0.9723473,0.8708546,2.365773,1.070837,0.7834501,2.312979,1.06288,0.7925122,2.281746,0.6640294,0.7548817,2.484639,0.5782046,0.9346167,2.569123,0.6169835,0.6672595,2.485171,0.7282823,0.7336662,2.459816,0.7009149,0.504521,2.40084,0.7901995,0.7327218,2.524529,0.7830317,1.024818,2.519971
72057594037937085,0,0.7705814,5988.971,0.702117,0.7469803,2.492158,0.7916672,1.144142,2.473495,0.6636279,0.976353,2.515971,0.5954387,0.8425624,2.574871,0.5612103,0.7180574,2.625942,0.5487517,0.7261174,2.623031,0.8595895,0.9365762,2.421309,0.9755481,0.8763518,2.364049,1.071027,0.7872413,2.308401,1.063732,0.8036032,2.277728,0.6641192,0.7527508,2.479997,0.5769517,0.929634,2.568129,0.6108382,0.6611167,2.484948,0.7270386,0.7345123,2.457345,0.7004523,0.5049405,2.4007,0.7927377,0.7508152,2.485875,0.7746625,1.02444,2.51454
72057594037937085,0,0.7705814,5988.975,0.702117,0.7469803,2.492158,0.7916672,1.144142,2.473495,0.6636279,0.976353,2.515971,0.5954387,0.8425624,2.574871,0.5612103,0.7180574,2.625942,0.5487517,0.7261174,2.623031,0.8595895,0.9365762,2.421309,0.9755481,0.8763518,2.364049,1.071027,0.7872413,2.308401,1.063732,0.8036032,2.277728,0.6641192,0.7527508,2.479997,0.5769517,0.929634,2.568129,0.6108382,0.6611167,2.484948,0.7270386,0.7345123,2.457345,0.7004523,0.5049405,2.4007,0.7927377,0.7508152,2.485875,0.7746625,1.02444,2.51454
72057594037937085,0,0.7705814,5988.979,0.702117,0.7469803,2.492158,0.7916672,1.144142,2.473495,0.6636279,0.976353,2.515971,0.5954387,0.8425624,2.574871,0.5612103,0.7180574,2.625942,0.5487517,0.7261174,2.623031,0.8595895,0.9365762,2.421309,0.9755481,0.8763518,2.364049,1.071027,0.7872413,2.308401,1.063732,0.8036032,2.277728,0.6641192,0.7527508,2.479997,0.5769517,0.929634,2.568129,0.6108382,0.6611167,2.484948,0.7270386,0.7345123,2.457345,0.7004523,0.5049405,2.4007,0.7927377,0.7508152,2.485875,0.7746625,1.02444,2.51454
72057594037937085,0,0.7705814,5988.983,0.702117,0.7469803,2.492158,0.7916672,1.144142,2.473495,0.6636279,0.976353,2.515971,0.5954387,0.8425624,2.574871,0.5612103,0.7180574,2.625942,0.5487517,0.7261174,2.623031,0.8595895,0.9365762,2.421309,0.9755481,0.8763518,2.364049,1.071027,0.7872413,2.308401,1.063732,0.8036032,2.277728,0.6641192,0.7527508,2.479997,0.5769517,0.929634,2.568129,0.6108382,0.6611167,2.484948,0.7270386,0.7345123,2.457345,0.7004523,0.5049405,2.4007,0.7927377,0.7508152,2.485875,0.7746625,1.02444,2.51454
72057594037937085,0,0.7705814,5988.988,0.702117,0.7469803,2.492158,0.7916672,1.144142,2.473495,0.6636279,0.976353,2.515971,0.5954387,0.8425624,2.574871,0.5612103,0.7180574,2.625942,0.5487517,0.7261174,2.623031,0.8595895,0.9365762,2.421309,0.9755481,0.8763518,2.364049,1.071027,0.7872413,2.308401,1.063732,0.8036032,2.277728,0.6641192,0.7527508,2.479997,0.5769517,0.929634,2.568129,0.6108382,0.6611167,2.484948,0.7270386,0.7345123,2.457345,0.7004523,0.5049405,2.4007,0.7927377,0.7508152,2.485875,0.7746625,1.02444,2.51454
72057594037937085,0,0.7705814,5988.992,0.702117,0.7469803,2.492158,0.7916672,1.144142,2.473495,0.6636279,0.976353,2.515971,0.5954387,0.8425624,2.574871,0.5612103,0.7180574,2.625942,0.5487517,0.7261174,2.623031,0.8595895,0.9365762,2.421309,0.9755481,0.8763518,2.364049,1.071027,0.7872413,2.308401,1.063732,0.8036032,2.277728,0.6641192,0.7527508,2.479997,0.5769517,0.929634,2.568129,0.6108382,0.6611167,2.484948,0.7270386,0.7345123,2.457345,0.7004523,0.5049405,2.4007,0.7927377,0.7508152,2.485875,0.7746625,1.02444,2.51454
72057594037937085,0,0.7705814,5988.996,0.702117,0.7469803,2.492158,0.7916672,1.144142,2.473495,0.6636279,0.976353,2.515971,0.5954387,0.8425624,2.574871,0.5612103,0.7180574,2.625942,0.5487517,0.7261174,2.623031,0.8595895,0.9365762,2.421309,0.9755481,0.8763518,2.364049,1.071027,0.7872413,2.308401,1.063732,0.8036032,2.277728,0.6641192,0.7527508,2.479997,0.5769517,0.929634,2.568129,0.6108382,0.6611167,2.484948,0.7270386,0.7345123,2.457345,0.7004523,0.5049405,2.4007,0.7927377,0.7508152,2.485875,0.7746625,1.02444,2.51454
72057594037937085,0,0.7705814,5989,0.702117,0.7469803,2.492158,0.7916672,1.144142,2.473495,0.6636279,0.976353,2.515971,0.5954387,0.8425624,2.574871,0.5612103,0.7180574,2.625942,0.5487517,0.7261174,2.623031,0.8595895,0.9365762,2.421309,0.9755481,0.8763518,2.364049,1.071027,0.7872413,2.308401,1.063732,0.8036032,2.277728,0.6641192,0.7527508,2.479997,0.5769517,0.929634,2.568129,0.6108382,0.6611167,2.484948,0.7270386,0.7345123,2.457345,0.7004523,0.5049405,2.4007,0.7927377,0.7508152,2.485875,0.7746625,1.02444,2.51454
72057594037937085,0,0.7671868,5989.003,0.6975442,0.7458743,2.490026,0.7833585,1.147753,2.468122,0.6539971,0.9744049,2.51222,0.5891656,0.8418896,2.572815,0.5342841,0.7444495,2.652046,0.5165555,0.7124156,2.681002,0.853925,0.9385584,2.418384,0.9736805,0.8823565,2.36483,1.066104,0.8098049,2.2833,1.063872,0.818873,2.272372,0.6607155,0.750584,2.477754,0.5660252,0.9244725,2.565103,0.6101462,0.6595184,2.475297,0.7212875,0.7346549,2.455523,0.7009943,0.5044417,2.400143,0.7933322,0.7419934,2.504512,0.7639779,1.028304,2.510564
72057594037937085,0,0.7671868,5989.008,0.6975442,0.7458743,2.490026,0.7833585,1.147753,2.468122,0.6539971,0.9744049,2.51222,0.5891656,0.8418896,2.572815,0.5342841,0.7444495,2.652046,0.5165555,0.7124156,2.681002,0.853925,0.9385584,2.418384,0.9736805,0.8823565,2.36483,1.066104,0.8098049,2.2833,1.063872,0.818873,2.272372,0.6607155,0.750584,2.477754,0.5660252,0.9244725,2.565103,0.6101462,0.6595184,2.475297,0.7212875,0.7346549,2.455523,0.7009943,0.5044417,2.400143,0.7933322,0.7419934,2.504512,0.7639779,1.028304,2.510564
72057594037937085,0,0.7671868,5989.012,0.6975442,0.7458743,2.490026,0.7833585,1.147753,2.468122,0.6539971,0.9744049,2.51222,0.5891656,0.8418896,2.572815,0.5342841,0.7444495,2.652046,0.5165555,0.7124156,2.681002,0.853925,0.9385584,2.418384,0.9736805,0.8823565,2.36483,1.066104,0.8098049,2.2833,1.063872,0.818873,2.272372,0.6607155,0.750584,2.477754,0.5660252,0.9244725,2.565103,0.6101462,0.6595184,2.475297,0.7212875,0.7346549,2.455523,0.7009943,0.5044417,2.400143,0.7933322,0.7419934,2.504512,0.7639779,1.028304,2.510564
72057594037937085,0,0.7671868,5989.016,0.6975442,0.7458743,2.490026,0.7833585,1.147753,2.468122,0.6539971,0.9744049,2.51222,0.5891656,0.8418896,2.572815,0.5342841,0.7444495,2.652046,0.5165555,0.7124156,2.681002,0.853925,0.9385584,2.418384,0.9736805,0.8823565,2.36483,1.066104,0.8098049,2.2833,1.063872,0.818873,2.272372,0.6607155,0.750584,2.477754,0.5660252,0.9244725,2.565103,0.6101462,0.6595184,2.475297,0.7212875,0.7346549,2.455523,0.7009943,0.5044417,2.400143,0.7933322,0.7419934,2.504512,0.7639779,1.028304,2.510564
72057594037937085,0,0.7671868,5989.02,0.6975442,0.7458743,2.490026,0.7833585,1.147753,2.468122,0.6539971,0.9744049,2.51222,0.5891656,0.8418896,2.572815,0.5342841,0.7444495,2.652046,0.5165555,0.7124156,2.681002,0.853925,0.9385584,2.418384,0.9736805,0.8823565,2.36483,1.066104,0.8098049,2.2833,1.063872,0.818873,2.272372,0.6607155,0.750584,2.477754,0.5660252,0.9244725,2.565103,0.6101462,0.6595184,2.475297,0.7212875,0.7346549,2.455523,0.7009943,0.5044417,2.400143,0.7933322,0.7419934,2.504512,0.7639779,1.028304,2.510564
72057594037937085,0,0.7671868,5989.025,0.6975442,0.7458743,2.490026,0.7833585,1.147753,2.468122,0.6539971,0.9744049,2.51222,0.5891656,0.8418896,2.572815,0.5342841,0.7444495,2.652046,0.5165555,0.7124156,2.681002,0.853925,0.9385584,2.418384,0.9736805,0.8823565,2.36483,1.066104,0.8098049,2.2833,1.063872,0.818873,2.272372,0.6607155,0.750584,2.477754,0.5660252,0.9244725,2.565103,0.6101462,0.6595184,2.475297,0.7212875,0.7346549,2.455523,0.7009943,0.5044417,2.400143,0.7933322,0.7419934,2.504512,0.7639779,1.028304,2.510564
72057594037937085,0,0.7671868,5989.029,0.6975442,0.7458743,2.490026,0.7833585,1.147753,2.468122,0.6539971,0.9744049,2.51222,0.5891656,0.8418896,2.572815,0.5342841,0.7444495,2.652046,0.5165555,0.7124156,2.681002,0.853925,0.9385584,2.418384,0.9736805,0.8823565,2.36483,1.066104,0.8098049,2.2833,1.063872,0.818873,2.272372,0.6607155,0.750584,2.477754,0.5660252,0.9244725,2.565103,0.6101462,0.6595184,2.475297,0.7212875,0.7346549,2.455523,0.7009943,0.5044417,2.400143,0.7933322,0.7419934,2.504512,0.7639779,1.028304,2.510564
72057594037937085,0,0.7671868,5989.034,0.6975442,0.7458743,2.490026,0.7833585,1.147753,2.468122,0.6539971,0.9744049,2.51222,0.5891656,0.8418896,2.572815,0.5342841,0.7444495,2.652046,0.5165555,0.7124156,2.681002,0.853925,0.9385584,2.418384,0.9736805,0.8823565,2.36483,1.066104,0.8098049,2.2833,1.063872,0.818873,2.272372,0.6607155,0.750584,2.477754,0.5660252,0.9244725,2.565103,0.6101462,0.6595184,2.475297,0.7212875,0.7346549,2.455523,0.7009943,0.5044417,2.400143,0.7933322,0.7419934,2.504512,0.7639779,1.028304,2.510564
72057594037937085,0,0.7659535,5989.039,0.6958148,0.7450159,2.489319,0.7723961,1.146778,2.466474,0.6440971,0.9735957,2.511989,0.575133,0.8375042,2.580902,0.5268317,0.7352317,2.658222,0.5227061,0.7167339,2.615562,0.8525732,0.9383892,2.417847,0.9730365,0.8857239,2.364299,1.064811,0.8181084,2.277733,1.061874,0.8273531,2.272659,0.6588057,0.7490472,2.477237,0.5544771,0.919601,2.569531,0.6047447,0.6565587,2.47691,0.7198759,0.7343698,2.454762,0.6622912,0.4986811,2.41473,0.7816355,0.7419617,2.472234,0.7567245,1.027443,2.50903
72057594037937085,0,0.7659535,5989.043,0.6958148,0.7450159,2.489319,0.7723961,1.146778,2.466474,0.6440971,0.9735957,2.511989,0.575133,0.8375042,2.580902,0.5268317,0.7352317,2.658222,0.5227061,0.7167339,2.615562,0.8525732,0.9383892,2.417847,0.9730365,0.8857239,2.364299,1.064811,0.8181084,2.277733,1.061874,0.8273531,2.272659,0.6588057,0.7490472,2.477237,0.5544771,0.919601,2.569531,0.6047447,0.6565587,2.47691,0.7198759,0.7343698,2.454762,0.6622912,0.4986811,2.41473,0.7816355,0.7419617,2.472234,0.7567245,1.027443,2.50903
72057594037937085,0,0.7659535,5989.048,0.6958148,0.7450159,2.489319,0.7723961,1.146778,2.466474,0.6440971,0.9735957,2.511989,0.575133,0.8375042,2.580902,0.5268317,0.7352317,2.658222,0.5227061,0.7167339,2.615562,0.8525732,0.9383892,2.417847,0.9730365,0.8857239,2.364299,1.064811,0.8181084,2.277733,1.061874,0.8273531,2.272659,0.6588057,0.7490472,2.477237,0.5544771,0.919601,2.569531,0.6047447,0.6565587,2.47691,0.7198759,0.7343698,2.454762,0.6622912,0.4986811,2.41473,0.7816355,0.7419617,2.472234,0.7567245,1.027443,2.50903
72057594037937085,0,0.7659535,5989.052,0.6958148,0.7450159,2.489319,0.7723961,1.146778,2.466474,0.6440971,0.9735957,2.511989,0.575133,0.8375042,2.580902,0.5268317,0.7352317,2.658222,0.5227061,0.7167339,2.615562,0.8525732,0.9383892,2.417847,0.9730365,0.8857239,2.364299,1.064811,0.8181084,2.277733,1.061874,0.8273531,2.272659,0.6588057,0.7490472,2.477237,0.5544771,0.919601,2.569531,0.6047447,0.6565587,2.47691,0.7198759,0.7343698,2.454762,0.6622912,0.4986811,2.41473,0.7816355,0.7419617,2.472234,0.7567245,1.027443,2.50903
72057594037937085,0,0.7659535,5989.056,0.6958148,0.7450159,2.489319,0.7723961,1.146778,2.466474,0.6440971,0.9735957,2.511989,0.575133,0.8375042,2.580902,0.5268317,0.7352317,2.658222,0.5227061,0.7167339,2.615562,0.8525732,0.9383892,2.417847,0.9730365,0.8857239,2.364299,1.064811,0.8181084,2.277733,1.061874,0.8273531,2.272659,0.6588057,0.7490472,2.477237,0.5544771,0.919601,2.569531,0.6047447,0.6565587,2.47691,0.7198759,0.7343698,2.454762,0.6622912,0.4986811,2.41473,0.7816355,0.7419617,2.472234,0.7567245,1.027443,2.50903
72057594037937085,0,0.7659535,5989.06,0.6958148,0.7450159,2.489319,0.7723961,1.146778,2.466474,0.6440971,0.9735957,2.511989,0.575133,0.8375042,2.580902,0.5268317,0.7352317,2.658222,0.5227061,0.7167339,2.615562,0.8525732,0.9383892,2.417847,0.9730365,0.8857239,2.364299,1.064811,0.8181084,2.277733,1.061874,0.8273531,2.272659,0.6588057,0.7490472,2.477237,0.5544771,0.919601,2.569531,0.6047447,0.6565587,2.47691,0.7198759,0.7343698,2.454762,0.6622912,0.4986811,2.41473,0.7816355,0.7419617,2.472234,0.7567245,1.027443,2.50903
72057594037937085,0,0.7659535,5989.064,0.6958148,0.7450159,2.489319,0.7723961,1.146778,2.466474,0.6440971,0.9735957,2.511989,0.575133,0.8375042,2.580902,0.5268317,0.7352317,2.658222,0.5227061,0.7167339,2.615562,0.8525732,0.9383892,2.417847,0.9730365,0.8857239,2.364299,1.064811,0.8181084,2.277733,1.061874,0.8273531,2.272659,0.6588057,0.7490472,2.477237,0.5544771,0.919601,2.569531,0.6047447,0.6565587,2.47691,0.7198759,0.7343698,2.454762,0.6622912,0.4986811,2.41473,0.7816355,0.7419617,2.472234,0.7567245,1.027443,2.50903
72057594037937085,0,0.7624744,5989.069,0.6912193,0.7434961,2.487696,0.7596384,1.144406,2.462725,0.6350593,0.9727486,2.511878,0.5623357,0.8374987,2.58394,0.5182484,0.7248028,2.649597,0.5040901,0.6876781,2.674036,0.8488181,0.9401518,2.417094,0.9718354,0.887062,2.364076,1.060172,0.824598,2.269885,1.055157,0.8388464,2.267814,0.6534427,0.7452188,2.476632,0.5247549,0.8947451,2.571619,0.5971339,0.6388704,2.473324,0.7156647,0.7347361,2.452168,0.696253,0.5066026,2.383866,0.815531,0.7500033,2.441422,0.7494506,1.025965,2.50589
72057594037937085,0,0.7624744,5989.074,0.6912193,0.7434961,2.487696,0.7596384,1.144406,2.462725,0.6350593,0.9727486,2.511878,0.5623357,0.8374987,2.58394,0.5182484,0.7248028,2.649597,0.5040901,0.6876781,2.674036,0.8488181,0.9401518,2.417094,0.9718354,0.887062,2.364076,1.060172,0.824598,2.269885,1.055157,0.8388464,2.267814,0.6534427,0.7452188,2.476632,0.5247549,0.8947451,2.571619,0.5971339,0.6388704,2.473324,0.7156647,0.7347361,2.452168,0.696253,0.5066026,2.383866,0.815531,0.7500033,2.441422,0.7494506,1.025965,2.50589
72057594037937085,0,0.7624744,5989.079,0.6912193,0.7434961,2.487696,0.7596384,1.144406,2.462725,0.6350593,0.9727486,2.511878,0.5623357,0.8374987,2.58394,0.5182484,0.7248028,2.649597,0.5040901,0.6876781,2.674036,0.8488181,0.9401518,2.417094,0.9718354,0.887062,2.364076,1.060172,0.824598,2.269885,1.055157,0.8388464,2.267814,0.6534427,0.7452188,2.476632,0.5247549,0.8947451,2.571619,0.5971339,0.6388704,2.473324,0.7156647,0.7347361,2.452168,0.696253,0.5066026,2.383866,0.815531,0.7500033,2.441422,0.7494506,1.025965,2.50589
72057594037937085,0,0.7624744,5989.083,0.6912193,0.7434961,2.487696,0.7596384,1.144406,2.462725,0.6350593,0.9727486,2.511878,0.5623357,0.8374987,2.58394,0.5182484,0.7248028,2.649597,0.5040901,0.6876781,2.674036,0.8488181,0.9401518,2.417094,0.9718354,0.887062,2.364076,1.060172,0.824598,2.269885,1.055157,0.8388464,2.267814,0.6534427,0.7452188,2.476632,0.5247549,0.8947451,2.571619,0.5971339,0.6388704,2.473324,0.7156647,0.7347361,2.452168,0.696253,0.5066026,2.383866,0.815531,0.7500033,2.441422,0.7494506,1.025965,2.50589
72057594037937085,0,0.7624744,5989.088,0.6912193,0.7434961,2.487696,0.7596384,1.144406,2.462725,0.6350593,0.9727486,2.511878,0.5623357,0.8374987,2.58394,0.5182484,0.7248028,2.649597,0.5040901,0.6876781,2.674036,0.8488181,0.9401518,2.417094,0.9718354,0.887062,2.364076,1.060172,0.824598,2.269885,1.055157,0.8388464,2.267814,0.6534427,0.7452188,2.476632,0.5247549,0.8947451,2.571619,0.5971339,0.6388704,2.473324,0.7156647,0.7347361,2.452168,0.696253,0.5066026,2.383866,0.815531,0.7500033,2.441422,0.7494506,1.025965,2.50589
72057594037937085,0,0.7624744,5989.092,0.6912193,0.7434961,2.487696,0.7596384,1.144406,2.462725,0.6350593,0.9727486,2.511878,0.5623357,0.8374987,2.58394,0.5182484,0.7248028,2.649597,0.5040901,0.6876781,2.674036,0.8488181,0.9401518,2.417094,0.9718354,0.887062,2.364076,1.060172,0.824598,2.269885,1.055157,0.8388464,2.267814,0.6534427,0.7452188,2.476632,0.5247549,0.8947451,2.571619,0.5971339,0.6388704,2.473324,0.7156647,0.7347361,2.452168,0.696253,0.5066026,2.383866,0.815531,0.7500033,2.441422,0.7494506,1.025965,2.50589
72057594037937085,0,0.7624744,5989.096,0.6912193,0.7434961,2.487696,0.7596384,1.144406,2.462725,0.6350593,0.9727486,2.511878,0.5623357,0.8374987,2.58394,0.5182484,0.7248028,2.649597,0.5040901,0.6876781,2.674036,0.8488181,0.9401518,2.417094,0.9718354,0.887062,2.364076,1.060172,0.824598,2.269885,1.055157,0.8388464,2.267814,0.6534427,0.7452188,2.476632,0.5247549,0.8947451,2.571619,0.5971339,0.6388704,2.473324,0.7156647,0.7347361,2.452168,0.696253,0.5066026,2.383866,0.815531,0.7500033,2.441422,0.7494506,1.025965,2.50589
72057594037937085,0,0.7624744,5989.1,0.6912193,0.7434961,2.487696,0.7596384,1.144406,2.462725,0.6350593,0.9727486,2.511878,0.5623357,0.8374987,2.58394,0.5182484,0.7248028,2.649597,0.5040901,0.6876781,2.674036,0.8488181,0.9401518,2.417094,0.9718354,0.887062,2.364076,1.060172,0.824598,2.269885,1.055157,0.8388464,2.267814,0.6534427,0.7452188,2.476632,0.5247549,0.8947451,2.571619,0.5971339,0.6388704,2.473324,0.7156647,0.7347361,2.452168,0.696253,0.5066026,2.383866,0.815531,0.7500033,2.441422,0.7494506,1.025965,2.50589
72057594037937085,0,0.757811,5989.104,0.6863531,0.7423574,2.488776,0.7479461,1.140672,2.461512,0.6180483,0.9770529,2.515287,0.5492809,0.8367432,2.585439,0.5001552,0.7074746,2.547369,0.4972942,0.7022442,2.522558,0.8416911,0.9432129,2.417911,0.9641531,0.9014256,2.359427,1.054253,0.8282299,2.275989,1.050851,0.8469498,2.273404,0.6493884,0.7448498,2.478604,0.525631,0.9200241,2.566884,0.590106,0.6590565,2.476641,0.7103418,0.7329456,2.452318,0.657711,0.5056255,2.409444,0.7721475,0.7403461,2.499392,0.7339503,1.020979,2.503746
72057594037937085,0,0.757811,5989.109,0.6863531,0.7423574,2.488776,0.7479461,1.140672,2.461512,0.6180483,0.9770529,2.515287,0.5492809,0.8367432,2.585439,0.5001552,0.7074746,2.547369,0.4972942,0.7022442,2.522558,0.8416911,0.9432129,2.417911,0.9641531,0.9014256,2.359427,1.054253,0.8282299,2.275989,1.050851,0.8469498,2.273404,0.6493884,0.7448498,2.478604,0.525631,0.9200241,2.566884,0.590106,0.6590565,2.476641,0.7103418,0.7329456,2.452318,0.657711,0.5056255,2.409444,0.7721475,0.7403461,2.499392,0.7339503,1.020979,2.503746
72057594037937085,0,0.757811,5989.113,0.6863531,0.7423574,2.488776,0.7479461,1.140672,2.461512,0.6180483,0.9770529,2.515287,0.5492809,0.8367432,2.585439,0.5001552,0.7074746,2.547369,0.4972942,0.7022442,2.522558,0.8416911,0.9432129,2.417911,0.9641531,0.9014256,2.359427,1.054253,0.8282299,2.275989,1.050851,0.8469498,2.273404,0.6493884,0.7448498,2.478604,0.525631,0.9200241,2.566884,0.590106,0.6590565,2.476641,0.7103418,0.7329456,2.452318,0.657711,0.5056255,2.409444,0.7721475,0.7403461,2.499392,0.7339503,1.020979,2.503746
72057594037937085,0,0.757811,5989.117,0.6863531,0.7423574,2.488776,0.7479461,1.140672,2.461512,0.6180483,0.9770529,2.515287,0.5492809,0.8367432,2.585439,0.5001552,0.7074746,2.547369,0.4972942,0.7022442,2.522558,0.8416911,0.9432129,2.417911,0.9641531,0.9014256,2.359427,1.054253,0.8282299,2.275989,1.050851,0.8469498,2.273404,0.6493884,0.7448498,2.478604,0.525631,0.9200241,2.566884,0.590106,0.6590565,2.476641,0.7103418,0.7329456,2.452318,0.657711,0.5056255,2.409444,0.7721475,0.7403461,2.499392,0.7339503,1.020979,2.503746
72057594037937085,0,0.757811,5989.122,0.6863531,0.7423574,2.488776,0.7479461,1.140672,2.461512,0.6180483,0.9770529,2.515287,0.5492809,0.8367432,2.585439,0.5001552,0.7074746,2.547369,0.4972942,0.7022442,2.522558,0.8416911,0.9432129,2.417911,0.9641531,0.9014256,2.359427,1.054253,0.8282299,2.275989,1.050851,0.8469498,2.273404,0.6493884,0.7448498,2.478604,0.525631,0.9200241,2.566884,0.590106,0.6590565,2.476641,0.7103418,0.7329456,2.452318,0.657711,0.5056255,2.409444,0.7721475,0.7403461,2.499392,0.7339503,1.020979,2.503746
72057594037937085,0,0.757811,5989.126,0.6863531,0.7423574,2.488776,0.7479461,1.140672,2.461512,0.6180483,0.9770529,2.515287,0.5492809,0.8367432,2.585439,0.5001552,0.7074746,2.547369,0.4972942,0.7022442,2.522558,0.8416911,0.9432129,2.417911,0.9641531,0.9014256,2.359427,1.054253,0.8282299,2.275989,1.050851,0.8469498,2.273404,0.6493884,0.7448498,2.478604,0.525631,0.9200241,2.566884,0.590106,0.6590565,2.476641,0.7103418,0.7329456,2.452318,0.657711,0.5056255,2.409444,0.7721475,0.7403461,2.499392,0.7339503,1.020979,2.503746
72057594037937085,0,0.757811,5989.131,0.6863531,0.7423574,2.488776,0.7479461,1.140672,2.461512,0.6180483,0.9770529,2.515287,0.5492809,0.8367432,2.585439,0.5001552,0.7074746,2.547369,0.4972942,0.7022442,2.522558,0.8416911,0.9432129,2.417911,0.9641531,0.9014256,2.359427,1.054253,0.8282299,2.275989,1.050851,0.8469498,2.273404,0.6493884,0.7448498,2.478604,0.525631,0.9200241,2.566884,0.590106,0.6590565,2.476641,0.7103418,0.7329456,2.452318,0.657711,0.5056255,2.409444,0.7721475,0.7403461,2.499392,0.7339503,1.020979,2.503746
72057594037937085,0,0.757811,5989.135,0.6863531,0.7423574,2.488776,0.7479461,1.140672,2.461512,0.6180483,0.9770529,2.515287,0.5492809,0.8367432,2.585439,0.5001552,0.7074746,2.547369,0.4972942,0.7022442,2.522558,0.8416911,0.9432129,2.417911,0.9641531,0.9014256,2.359427,1.054253,0.8282299,2.275989,1.050851,0.8469498,2.273404,0.6493884,0.7448498,2.478604,0.525631,0.9200241,2.566884,0.590106,0.6590565,2.476641,0.7103418,0.7329456,2.452318,0.657711,0.5056255,2.409444,0.7721475,0.7403461,2.499392,0.7339503,1.020979,2.503746
72057594037937085,0,0.7524718,5989.14,0.6806316,0.7416809,2.489253,0.7352456,1.141384,2.455487,0.603644,0.977573,2.516557,0.5384462,0.8376677,2.585204,0.4961521,0.7054746,2.550169,0.4833066,0.6976889,2.516555,0.8388171,0.9437831,2.416763,0.9617558,0.9015037,2.360222,1.051485,0.8365116,2.269588,1.042376,0.8565868,2.274522,0.6444941,0.7445573,2.479985,0.5247612,0.9232844,2.5623,0.5637556,0.6511443,2.493546,0.7041367,0.7320154,2.451864,0.6609002,0.5031623,2.406969,0.7694491,0.738732,2.501851,0.7221547,1.021317,2.498557
72057594037937085,0,0.7524718,5989.145,0.6806316,0.7416809,2.489253,0.7352456,1.141384,2.455487,0.603644,0.977573,2.516557,0.5384462,0.8376677,2.585204,0.4961521,0.7054746,2.550169,0.4833066,0.6976889,2.516555,0.8388171,0.9437831,2.416763,0.9617558,0.9015037,2.360222,1.051485,0.8365116,2.269588,1.042376,0.8565868,2.274522,0.6444941,0.7445573,2.479985,0.5247612,0.9232844,2.5623,0.5637556,0.6511443,2.493546,0.7041367,0.7320154,2.451864,0.6609002,0.5031623,2.406969,0.7694491,0.738732,2.501851,0.7221547,1.021317,2.498557
72057594037937085,0,0.7524718,5989.149,0.6806316,0.7416809,2.489253,0.7352456,1.141384,2.455487,0.603644,0.977573,2.516557,0.5384462,0.8376677,2.585204,0.4961521,0.7054746,2.550169,0.4833066,0.6976889,2.516555,0.8388171,0.9437831,2.416763,0.9617558,0.9015037,2.360222,1.051485,0.8365116,2.269588,1.042376,0.8565868,2.274522,0.6444941,0.7445573,2.479985,0.5247612,0.9232844,2.5623,0.5637556,0.6511443,2.493546,0.7041367,0.7320154,2.451864,0.6609002,0.5031623,2.406969,0.7694491,0.738732,2.501851,0.7221547,1.021317,2.498557
72057594037937085,0,0.7524718,5989.153,0.6806316,0.7416809,2.489253,0.7352456,1.141384,2.455487,0.603644,0.977573,2.516557,0.5384462,0.8376677,2.585204,0.4961521,0.7054746,2.550169,0.4833066,0.6976889,2.516555,0.8388171,0.9437831,2.416763,0.9617558,0.9015037,2.360222,1.051485,0.8365116,2.269588,1.042376,0.8565868,2.274522,0.6444941,0.7445573,2.479985,0.5247612,0.9232844,2.5623,0.5637556,0.6511443,2.493546,0.7041367,0.7320154,2.451864,0.6609002,0.5031623,2.406969,0.7694491,0.738732,2.501851,0.7221547,1.021317,2.498557
72057594037937085,0,0.7524718,5989.157,0.6806316,0.7416809,2.489253,0.7352456,1.141384,2.455487,0.603644,0.977573,2.516557,0.5384462,0.8376677,2.585204,0.4961521,0.7054746,2.550169,0.4833066,0.6976889,2.516555,0.8388171,0.9437831,2.416763,0.9617558,0.9015037,2.360222,1.051485,0.8365116,2.269588,1.042376,0.8565868,2.274522,0.6444941,0.7445573,2.479985,0.5247612,0.9232844,2.5623,0.5637556,0.6511443,2.493546,0.7041367,0.7320154,2.451864,0.6609002,0.5031623,2.406969,0.7694491,0.738732,2.501851,0.7221547,1.021317,2.498557
72057594037937085,0,0.7524718,5989.162,0.6806316,0.7416809,2.489253,0.7352456,1.141384,2.455487,0.603644,0.977573,2.516557,0.5384462,0.8376677,2.585204,0.4961521,0.7054746,2.550169,0.4833066,0.6976889,2.516555,0.8388171,0.9437831,2.416763,0.9617558,0.9015037,2.360222,1.051485,0.8365116,2.269588,1.042376,0.8565868,2.274522,0.6444941,0.7445573,2.479985,0.5247612,0.9232844,2.5623,0.5637556,0.6511443,2.493546,0.7041367,0.7320154,2.451864,0.6609002,0.5031623,2.406969,0.7694491,0.738732,2.501851,0.7221547,1.021317,2.498557
72057594037937085,0,0.7524718,5989.167,0.6806316,0.7416809,2.489253,0.7352456,1.141384,2.455487,0.603644,0.977573,2.516557,0.5384462,0.8376677,2.585204,0.4961521,0.7054746,2.550169,0.4833066,0.6976889,2.516555,0.8388171,0.9437831,2.416763,0.9617558,0.9015037,2.360222,1.051485,0.8365116,2.269588,1.042376,0.8565868,2.274522,0.6444941,0.7445573,2.479985,0.5247612,0.9232844,2.5623,0.5637556,0.6511443,2.493546,0.7041367,0.7320154,2.451864,0.6609002,0.5031623,2.406969,0.7694491,0.738732,2.501851,0.7221547,1.021317,2.498557
72057594037937085,0,0.7488444,5989.171,0.6770062,0.7409376,2.49049,0.7207649,1.140749,2.450301,0.5941877,0.9799522,2.517911,0.5274681,0.8394468,2.584162,0.5261292,0.7482589,2.411109,0.5095339,0.7217666,2.371591,0.8344873,0.9456797,2.416006,0.9577804,0.9067332,2.357977,1.047043,0.8425153,2.26642,1.034321,0.8636321,2.27205,0.6402996,0.7437171,2.481631,0.5141358,0.9370108,2.568655,0.5567513,0.665361,2.500096,0.7012965,0.7314712,2.452777,0.6646861,0.5020077,2.404258,0.7715882,0.7370698,2.501973,0.7104518,1.021831,2.495472
72057594037937085,0,0.7488444,5989.175,0.6770062,0.7409376,2.49049,0.7207649,1.140749,2.450301,0.5941877,0.9799522,2.517911,0.5274681,0.8394468,2.584162,0.5261292,0.7482589,2.411109,0.5095339,0.7217666,2.371591,0.8344873,0.9456797,2.416006,0.9577804,0.9067332,2.357977,1.047043,0.8425153,2.26642,1.034321,0.8636321,2.27205,0.6402996,0.7437171,2.481631,0.5141358,0.9370108,2.568655,0.5567513,0.665361,2.500096,0.7012965,0.7314712,2.452777,0.6646861,0.5020077,2.404258,0.7715882,0.7370698,2.501973,0.7104518,1.021831,2.495472
72057594037937085,0,0.7488444,5989.179,0.6770062,0.7409376,2.49049,0.7207649,1.140749,2.450301,0.5941877,0.9799522,2.517911,0.5274681,0.8394468,2.584162,0.5261292,0.7482589,2.411109,0.5095339,0.7217666,2.371591,0.8344873,0.9456797,2.416006,0.9577804,0.9067332,2.357977,1.047043,0.8425153,2.26642,1.034321,0.8636321,2.27205,0.6402996,0.7437171,2.481631,0.5141358,0.9370108,2.568655,0.5567513,0.665361,2.500096,0.7012965,0.7314712,2.452777,0.6646861,0.5020077,2.404258,0.7715882,0.7370698,2.501973,0.7104518,1.021831,2.495472
72057594037937085,0,0.7488444,5989.185,0.6770062,0.7409376,2.49049,0.7207649,1.140749,2.450301,0.5941877,0.9799522,2.517911,0.5274681,0.8394468,2.584162,0.5261292,0.7482589,2.411109,0.5095339,0.7217666,2.371591,0.8344873,0.9456797,2.416006,0.9577804,0.9067332,2.357977,1.047043,0.8425153,2.26642,1.034321,0.8636321,2.27205,0.6402996,0.7437171,2.481631,0.5141358,0.9370108,2.568655,0.5567513,0.665361,2.500096,0.7012965,0.7314712,2.452777,0.6646861,0.5020077,2.404258,0.7715882,0.7370698,2.501973,0.7104518,1.021831,2.495472
72057594037937085,0,0.7488444,5989.189,0.6770062,0.7409376,2.49049,0.7207649,1.140749,2.450301,0.5941877,0.9799522,2.517911,0.5274681,0.8394468,2.584162,0.5261292,0.7482589,2.411109,0.5095339,0.7217666,2.371591,0.8344873,0.9456797,2.416006,0.9577804,0.9067332,2.357977,1.047043,0.8425153,2.26642,1.034321,0.8636321,2.27205,0.6402996,0.7437171,2.481631,0.5141358,0.9370108,2.568655,0.5567513,0.665361,2.500096,0.7012965,0.7314712,2.452777,0.6646861,0.5020077,2.404258,0.7715882,0.7370698,2.501973,0.7104518,1.021831,2.495472
72057594037937085,0,0.7488444,5989.194,0.6770062,0.7409376,2.49049,0.7207649,1.140749,2.450301,0.5941877,0.9799522,2.517911,0.5274681,0.8394468,2.584162,0.5261292,0.7482589,2.411109,0.5095339,0.7217666,2.371591,0.8344873,0.9456797,2.416006,0.9577804,0.9067332,2.357977,1.047043,0.8425153,2.26642,1.034321,0.8636321,2.27205,0.6402996,0.7437171,2.481631,0.5141358,0.9370108,2.568655,0.5567513,0.665361,2.500096,0.7012965,0.7314712,2.452777,0.6646861,0.5020077,2.404258,0.7715882,0.7370698,2.501973,0.7104518,1.021831,2.495472
72057594037937085,0,0.7488444,5989.197,0.6770062,0.7409376,2.49049,0.7207649,1.140749,2.450301,0.5941877,0.9799522,2.517911,0.5274681,0.8394468,2.584162,0.5261292,0.7482589,2.411109,0.5095339,0.7217666,2.371591,0.8344873,0.9456797,2.416006,0.9577804,0.9067332,2.357977,1.047043,0.8425153,2.26642,1.034321,0.8636321,2.27205,0.6402996,0.7437171,2.481631,0.5141358,0.9370108,2.568655,0.5567513,0.665361,2.500096,0.7012965,0.7314712,2.452777,0.6646861,0.5020077,2.404258,0.7715882,0.7370698,2.501973,0.7104518,1.021831,2.495472
72057594037937085,0,0.7429696,5989.202,0.6713647,0.7409924,2.492441,0.7032998,1.137253,2.442634,0.5824447,0.9802188,2.518757,0.5208502,0.8357342,2.578583,0.5129431,0.742983,2.406594,0.5095828,0.6797969,2.326059,0.8098061,0.9568778,2.411184,0.9425808,0.9128617,2.358792,1.037977,0.8524033,2.27152,1.02874,0.8676168,2.270712,0.6339929,0.7431586,2.484682,0.5056417,0.9420953,2.562143,0.5493595,0.6692091,2.499954,0.6964137,0.7321164,2.453836,0.6627032,0.5024335,2.403963,0.7709876,0.7386723,2.497612,0.6994158,1.021178,2.490729
72057594037937085,0,0.7429696,5989.207,0.6713647,0.7409924,2.492441,0.7032998,1.137253,2.442634,0.5824447,0.9802188,2.518757,0.5208502,0.8357342,2.578583,0.5129431,0.742983,2.406594,0.5095828,0.6797969,2.326059,0.8098061,0.9568778,2.411184,0.9425808,0.9128617,2.358792,1.037977,0.8524033,2.27152,1.02874,0.8676168,2.270712,0.6339929,0.7431586,2.484682,0.5056417,0.9420953,2.562143,0.5493595,0.6692091,2.499954,0.6964137,0.7321164,2.453836,0.6627032,0.5024335,2.403963,0.7709876,0.7386723,2.497612,0.6994158,1.021178,2.490729
72057594037937085,0,0.7429696,5989.21,0.6713647,0.7409924,2.492441,0.7032998,1.137253,2.442634,0.5824447,0.9802188,2.518757,0.5208502,0.8357342,2.578583,0.5129431,0.742983,2.406594,0.5095828,0.6797969,2.326059,0.8098061,0.9568778,2.411184,0.9425808,0.9128617,2.358792,1.037977,0.8524033,2.27152,1.02874,0.8676168,2.270712,0.6339929,0.7431586,2.484682,0.5056417,0.9420953,2.562143,0.5493595,0.6692091,2.499954,0.6964137,0.7321164,2.453836,0.6627032,0.5024335,2.403963,0.7709876,0.7386723,2.497612,0.6994158,1.021178,2.490729
72057594037937085,0,0.7429696,5989.214,0.6713647,0.7409924,2.492441,0.7032998,1.137253,2.442634,0.5824447,0.9802188,2.518757,0.5208502,0.8357342,2.578583,0.5129431,0.742983,2.406594,0.5095828,0.6797969,2.326059,0.8098061,0.9568778,2.411184,0.9425808,0.9128617,2.358792,1.037977,0.8524033,2.27152,1.02874,0.8676168,2.270712,0.6339929,0.7431586,2.484682,0.5056417,0.9420953,2.562143,0.5493595,0.6692091,2.499954,0.6964137,0.7321164,2.453836,0.6627032,0.5024335,2.403963,0.7709876,0.7386723,2.497612,0.6994158,1.021178,2.490729
72057594037937085,0,0.7429696,5989.219,0.6713647,0.7409924,2.492441,0.7032998,1.137253,2.442634,0.5824447,0.9802188,2.518757,0.5208502,0.8357342,2.578583,0.5129431,0.742983,2.406594,0.5095828,0.6797969,2.326059,0.8098061,0.9568778,2.411184,0.9425808,0.9128617,2.358792,1.037977,0.8524033,2.27152,1.02874,0.8676168,2.270712,0.6339929,0.7431586,2.484682,0.5056417,0.9420953,2.562143,0.5493595,0.6692091,2.499954,0.6964137,0.7321164,2.453836,0.6627032,0.5024335,2.403963,0.7709876,0.7386723,2.497612,0.6994158,1.021178,2.490729
72057594037937085,0,0.7429696,5989.224,0.6713647,0.7409924,2.492441,0.7032998,1.137253,2.442634,0.5824447,0.9802188,2.518757,0.5208502,0.8357342,2.578583,0.5129431,0.742983,2.406594,0.5095828,0.6797969,2.326059,0.8098061,0.9568778,2.411184,0.9425808,0.9128617,2.358792,1.037977,0.8524033,2.27152,1.02874,0.8676168,2.270712,0.6339929,0.7431586,2.484682,0.5056417,0.9420953,2.562143,0.5493595,0.6692091,2.499954,0.6964137,0.7321164,2.453836,0.6627032,0.5024335,2.403963,0.7709876,0.7386723,2.497612,0.6994158,1.021178,2.490729
72057594037937085,0,0.7429696,5989.228,0.6713647,0.7409924,2.492441,0.7032998,1.137253,2.442634,0.5824447,0.9802188,2.518757,0.5208502,0.8357342,2.578583,0.5129431,0.742983,2.406594,0.5095828,0.6797969,2.326059,0.8098061,0.9568778,2.411184,0.9425808,0.9128617,2.358792,1.037977,0.8524033,2.27152,1.02874,0.8676168,2.270712,0.6339929,0.7431586,2.484682,0.5056417,0.9420953,2.562143,0.5493595,0.6692091,2.499954,0.6964137,0.7321164,2.453836,0.6627032,0.5024335,2.403963,0.7709876,0.7386723,2.497612,0.6994158,1.021178,2.490729
72057594037937085,0,0.7429696,5989.232,0.6713647,0.7409924,2.492441,0.7032998,1.137253,2.442634,0.5824447,0.9802188,2.518757,0.5208502,0.8357342,2.578583,0.5129431,0.742983,2.406594,0.5095828,0.6797969,2.326059,0.8098061,0.9568778,2.411184,0.9425808,0.9128617,2.358792,1.037977,0.8524033,2.27152,1.02874,0.8676168,2.270712,0.6339929,0.7431586,2.484682,0.5056417,0.9420953,2.562143,0.5493595,0.6692091,2.499954,0.6964137,0.7321164,2.453836,0.6627032,0.5024335,2.403963,0.7709876,0.7386723,2.497612,0.6994158,1.021178,2.490729
72057594037937085,0,0.7351497,5989.236,0.6635633,0.7404258,2.494589,0.688315,1.135161,2.434601,0.5673015,0.9812093,2.516039,0.5120979,0.8359658,2.577989,0.496985,0.7341117,2.411963,0.4998287,0.6854968,2.352624,0.8004184,0.9573405,2.407834,0.9254709,0.9145195,2.358491,1.02682,0.8590882,2.275347,1.022797,0.8679413,2.270918,0.6259263,0.7429634,2.487094,0.4995972,0.9469064,2.56173,0.5388335,0.6722195,2.505097,0.6892347,0.7313143,2.455657,0.660094,0.5013391,2.404093,0.757155,0.7408359,2.5016,0.6841167,1.019194,2.484061
72057594037937085,0,0.7351497,5989.24,0.6635633,0.7404258,2.494589,0.688315,1.135161,2.434601,0.5673015,0.9812093,2.516039,0.5120979,0.8359658,2.577989,0.496985,0.7341117,2.411963,0.4998287,0.6854968,2.352624,0.8004184,0.9573405,2.407834,0.9254709,0.9145195,2.358491,1.02682,0.8590882,2.275347,1.022797,0.8679413,2.270918,0.6259263,0.7429634,2.487094,0.4995972,0.9469064,2.56173,0.5388335,0.6722195,2.505097,0.6892347,0.7313143,2.455657,0.660094,0.5013391,2.404093,0.757155,0.7408359,2.5016,0.6841167,1.019194,2.484061
72057594037937085,0,0.7351497,5989.245,0.6635633,0.7404258,2.494589,0.688315,1.135161,2.434601,0.5673015,0.9812093,2.516039,0.5120979,0.8359658,2.577989,0.496985,0.7341117,2.411963,0.4998287,0.6854968,2.352624,0.8004184,0.9573405,2.407834,0.9254709,0.9145195,2.358491,1.02682,0.8590882,2.275347,1.022797,0.8679413,2.270918,0.6259263,0.7429634,2.487094,0.4995972,0.9469064,2.56173,0.5388335,0.6722195,2.505097,0.6892347,0.7313143,2.455657,0.660094,0.5013391,2.404093,0.757155,0.7408359,2.5016,0.6841167,1.019194,2.484061
72057594037937085,0,0.7351497,5989.249,0.6635633,0.7404258,2.494589,0.688315,1.135161,2.434601,0.5673015,0.9812093,2.516039,0.5120979,0.8359658,2.577989,0.496985,0.7341117,2.411963,0.4998287,0.6854968,2.352624,0.8004184,0.9573405,2.407834,0.9254709,0.9145195,2.358491,1.02682,0.8590882,2.275347,1.022797,0.8679413,2.270918,0.6259263,0.7429634,2.487094,0.4995972,0.9469064,2.56173,0.5388335,0.6722195,2.505097,0.6892347,0.7313143,2.455657,0.660094,0.5013391,2.404093,0.757155,0.7408359,2.5016,0.6841167,1.019194,2.484061
72057594037937085,0,0.7351497,5989.253,0.6635633,0.7404258,2.494589,0.688315,1.135161,2.434601,0.5673015,0.9812093,2.516039,0.5120979,0.8359658,2.577989,0.496985,0.7341117,2.411963,0.4998287,0.6854968,2.352624,0.8004184,0.9573405,2.407834,0.9254709,0.9145195,2.358491,1.02682,0.8590882,2.275347,1.022797,0.8679413,2.270918,0.6259263,0.7429634,2.487094,0.4995972,0.9469064,2.56173,0.5388335,0.6722195,2.505097,0.6892347,0.7313143,2.455657,0.660094,0.5013391,2.404093,0.757155,0.7408359,2.5016,0.6841167,1.019194,2.484061
72057594037937085,0,0.7351497,5989.258,0.6635633,0.7404258,2.494589,0.688315,1.135161,2.434601,0.5673015,0.9812093,2.516039,0.5120979,0.8359658,2.577989,0.496985,0.7341117,2.411963,0.4998287,0.6854968,2.352624,0.8004184,0.9573405,2.407834,0.9254709,0.9145195,2.358491,1.02682,0.8590882,2.275347,1.022797,0.8679413,2.270918,0.6259263,0.7429634,2.487094,0.4995972,0.9469064,2.56173,0.5388335,0.6722195,2.505097,0.6892347,0.7313143,2.455657,0.660094,0.5013391,2.404093,0.757155,0.7408359,2.5016,0.6841167,1.019194,2.484061
72057594037937085,0,0.7351497,5989.262,0.6635633,0.7404258,2.494589,0.688315,1.135161,2.434601,0.5673015,0.9812093,2.516039,0.5120979,0.8359658,2.577989,0.496985,0.7341117,2.411963,0.4998287,0.6854968,2.352624,0.8004184,0.9573405,2.407834,0.9254709,0.9145195,2.358491,1.02682,0.8590882,2.275347,1.022797,0.8679413,2.270918,0.6259263,0.7429634,2.487094,0.4995972,0.9469064,2.56173,0.5388335,0.6722195,2.505097,0.6892347,0.7313143,2.455657,0.660094,0.5013391,2.404093,0.757155,0.7408359,2.5016,0.6841167,1.019194,2.484061
72057594037937085,0,0.7351497,5989.267,0.6635633,0.7404258,2.494589,0.688315,1.135161,2.434601,0.5673015,0.9812093,2.516039,0.5120979,0.8359658,2.577989,0.496985,0.7341117,2.411963,0.4998287,0.6854968,2.352624,0.8004184,0.9573405,2.407834,0.9254709,0.9145195,2.358491,1.02682,0.8590882,2.275347,1.022797,0.8679413,2.270918,0.6259263,0.7429634,2.487094,0.4995972,0.9469064,2.56173,0.5388335,0.6722195,2.505097,0.6892347,0.7313143,2.455657,0.660094,0.5013391,2.404093,0.757155,0.7408359,2.5016,0.6841167,1.019194,2.484061
72057594037937085,0,0.7271065,5989.271,0.6554335,0.7400336,2.496408,0.6719962,1.131942,2.425719,0.5595811,0.9801463,2.513589,0.5146053,0.8324431,2.505974,0.4891255,0.6954935,2.370007,0.4727569,0.6464828,2.342291,0.7942464,0.9584405,2.405982,0.9230973,0.9157771,2.356183,1.021481,0.857247,2.271421,1.014654,0.8676664,2.269739,0.6169081,0.7423846,2.489608,0.4950436,0.9459579,2.559674,0.5341025,0.670494,2.507278,0.6821315,0.7311417,2.456815,0.6574242,0.5010977,2.402641,0.7512745,0.740893,2.502396,0.670987,1.016983,2.476798
72057594037937085,0,0.7271065,5989.275,0.6554335,0.7400336,2.496408,0.6719962,1.131942,2.425719,0.5595811,0.9801463,2.513589,0.5146053,0.8324431,2.505974,0.4891255,0.6954935,2.370007,0.4727569,0.6464828,2.342291,0.7942464,0.9584405,2.405982,0.9230973,0.9157771,2.356183,1.021481,0.857247,2.271421,1.014654,0.8676664,2.269739,0.6169081,0.7423846,2.489608,0.4950436,0.9459579,2.559674,0.5341025,0.670494,2.507278,0.6821315,0.7311417,2.456815,0.6574242,0.5010977,2.402641,0.7512745,0.740893,2.502396,0.670987,1.016983,2.476798
72057594037937085,0,0.7271065,5989.279,0.6554335,0.7400336,2.496408,0.6719962,1.131942,2.425719,0.5595811,0.9801463,2.513589,0.5146053,0.8324431,2.505974,0.4891255,0.6954935,2.370007,0.4727569,0.6464828,2.342291,0.7942464,0.9584405,2.405982,0.9230973,0.9157771,2.356183,1.021481,0.857247,2.271421,1.014654,0.8676664,2.269739,0.6169081,0.7423846,2.489608,0.4950436,0.9459579,2.559674,0.5341025,0.670494,2.507278,0.6821315,0.7311417,2.456815,0.6574242,0.5010977,2.402641,0.7512745,0.740893,2.502396,0.670987,1.016983,2.476798
72057594037937085,0,0.7271065,5989.283,0.6554335,0.7400336,2.496408,0.6719962,1.131942,2.425719,0.5595811,0.9801463,2.513589,0.5146053,0.8324431,2.505974,0.4891255,0.6954935,2.370007,0.4727569,0.6464828,2.342291,0.7942464,0.9584405,2.405982,0.9230973,0.9157771,2.356183,1.021481,0.857247,2.271421,1.014654,0.8676664,2.269739,0.6169081,0.7423846,2.489608,0.4950436,0.9459579,2.559674,0.5341025,0.670494,2.507278,0.6821315,0.7311417,2.456815,0.6574242,0.5010977,2.402641,0.7512745,0.740893,2.502396,0.670987,1.016983,2.476798
72057594037937085,0,0.7271065,5989.288,0.6554335,0.7400336,2.496408,0.6719962,1.131942,2.425719,0.5595811,0.9801463,2.513589,0.5146053,0.8324431,2.505974,0.4891255,0.6954935,2.370007,0.4727569,0.6464828,2.342291,0.7942464,0.9584405,2.405982,0.9230973,0.9157771,2.356183,1.021481,0.857247,2.271421,1.014654,0.8676664,2.269739,0.6169081,0.7423846,2.489608,0.4950436,0.9459579,2.559674,0.5341025,0.670494,2.507278,0.6821315,0.7311417,2.456815,0.6574242,0.5010977,2.402641,0.7512745,0.740893,2.502396,0.670987,1.016983,2.476798
72057594037937085,0,0.7271065,5989.292,0.6554335,0.7400336,2.496408,0.6719962,1.131942,2.425719,0.5595811,0.9801463,2.513589,0.5146053,0.8324431,2.505974,0.4891255,0.6954935,2.370007,0.4727569,0.6464828,2.342291,0.7942464,0.9584405,2.405982,0.9230973,0.9157771,2.356183,1.021481,0.857247,2.271421,1.014654,0.8676664,2.269739,0.6169081,0.7423846,2.489608,0.4950436,0.9459579,2.559674,0.5341025,0.670494,2.507278,0.6821315,0.7311417,2.456815,0.6574242,0.5010977,2.402641,0.7512745,0.740893,2.502396,0.670987,1.016983,2.476798
72057594037937085,0,0.7271065,5989.296,0.6554335,0.7400336,2.496408,0.6719962,1.131942,2.425719,0.5595811,0.9801463,2.513589,0.5146053,0.8324431,2.505974,0.4891255,0.6954935,2.370007,0.4727569,0.6464828,2.342291,0.7942464,0.9584405,2.405982,0.9230973,0.9157771,2.356183,1.021481,0.857247,2.271421,1.014654,0.8676664,2.269739,0.6169081,0.7423846,2.489608,0.4950436,0.9459579,2.559674,0.5341025,0.670494,2.507278,0.6821315,0.7311417,2.456815,0.6574242,0.5010977,2.402641,0.7512745,0.740893,2.502396,0.670987,1.016983,2.476798
72057594037937085,0,0.7271065,5989.301,0.6554335,0.7400336,2.496408,0.6719962,1.131942,2.425719,0.5595811,0.9801463,2.513589,0.5146053,0.8324431,2.505974,0.4891255,0.6954935,2.370007,0.4727569,0.6464828,2.342291,0.7942464,0.9584405,2.405982,0.9230973,0.9157771,2.356183,1.021481,0.857247,2.271421,1.014654,0.8676664,2.269739,0.6169081,0.7423846,2.489608,0.4950436,0.9459579,2.559674,0.5341025,0.670494,2.507278,0.6821315,0.7311417,2.456815,0.6574242,0.5010977,2.402641,0.7512745,0.740893,2.502396,0.670987,1.016983,2.476798
72057594037937085,0,0.7209487,5989.305,0.6485928,0.7398558,2.496017,0.6573812,1.12628,2.417686,0.5444444,0.9755499,2.508146,0.4966906,0.8250809,2.507513,0.4670608,0.6839188,2.377186,0.4462407,0.6354035,2.351055,0.7893798,0.9596246,2.404615,0.9095814,0.9136037,2.344708,1.015419,0.8546277,2.27124,1.00218,0.8625008,2.269574,0.6106614,0.7421999,2.4895,0.4831589,0.9520109,2.560415,0.5277905,0.6774853,2.507536,0.674852,0.7310077,2.456065,0.6545781,0.5008357,2.400493,0.7470852,0.7405047,2.501697,0.6586211,1.01374,2.470689
72057594037937085,0,0.7209487,5989.31,0.6485928,0.7398558,2.496017,0.6573812,1.12628,2.417686,0.5444444,0.9755499,2.508146,0.4966906,0.8250809,2.507513,0.4670608,0.6839188,2.377186,0.4462407,0.6354035,2.351055,0.7893798,0.9596246,2.404615,0.9095814,0.9136037,2.344708,1.015419,0.8546277,2.27124,1.00218,0.8625008,2.269574,0.6106614,0.7421999,2.4895,0.4831589,0.9520109,2.560415,0.5277905,0.6774853,2.507536,0.674852,0.7310077,2.456065,0.6545781,0.5008357,2.400493,0.7470852,0.7405047,2.501697,0.6586211,1.01374,2.470689
72057594037937085,0,0.7209487,5989.314,0.6485928,0.7398558,2.496017,0.6573812,1.12628,2.417686,0.5444444,0.9755499,2.508146,0.4966906,0.8250809,2.507513,0.4670608,0.6839188,2.377186,0.4462407,0.6354035,2.351055,0.7893798,0.9596246,2.404615,0.9095814,0.9136037,2.344708,1.015419,0.8546277,2.27124,1.00218,0.8625008,2.269574,0.6106614,0.7421999,2.4895,0.4831589,0.9520109,2.560415,0.5277905,0.6774853,2.507536,0.674852,0.7310077,2.456065,0.6545781,0.5008357,2.400493,0.7470852,0.7405047,2.501697,0.6586211,1.01374,2.470689
72057594037937085,0,0.7209487,5989.318,0.6485928,0.7398558,2.496017,0.6573812,1.12628,2.417686,0.5444444,0.9755499,2.508146,0.4966906,0.8250809,2.507513,0.4670608,0.6839188,2.377186,0.4462407,0.6354035,2.351055,0.7893798,0.9596246,2.404615,0.9095814,0.9136037,2.344708,1.015419,0.8546277,2.27124,1.00218,0.8625008,2.269574,0.6106614,0.7421999,2.4895,0.4831589,0.9520109,2.560415,0.5277905,0.6774853,2.507536,0.674852,0.7310077,2.456065,0.6545781,0.5008357,2.400493,0.7470852,0.7405047,2.501697,0.6586211,1.01374,2.470689
72057594037937085,0,0.7209487,5989.322,0.6485928,0.7398558,2.496017,0.6573812,1.12628,2.417686,0.5444444,0.9755499,2.508146,0.4966906,0.8250809,2.507513,0.4670608,0.6839188,2.377186,0.4462407,0.6354035,2.351055,0.7893798,0.9596246,2.404615,0.9095814,0.9136037,2.344708,1.015419,0.8546277,2.27124,1.00218,0.8625008,2.269574,0.6106614,0.7421999,2.4895,0.4831589,0.9520109,2.560415,0.5277905,0.6774853,2.507536,0.674852,0.7310077,2.456065,0.6545781,0.5008357,2.400493,0.7470852,0.7405047,2.501697,0.6586211,1.01374,2.470689
72057594037937085,0,0.7209487,5989.327,0.6485928,0.7398558,2.496017,0.6573812,1.12628,2.417686,0.5444444,0.9755499,2.508146,0.4966906,0.8250809,2.507513,0.4670608,0.6839188,2.377186,0.4462407,0.6354035,2.351055,0.7893798,0.9596246,2.404615,0.9095814,0.9136037,2.344708,1.015419,0.8546277,2.27124,1.00218,0.8625008,2.269574,0.6106614,0.7421999,2.4895,0.4831589,0.9520109,2.560415,0.5277905,0.6774853,2.507536,0.674852,0.7310077,2.456065,0.6545781,0.5008357,2.400493,0.7470852,0.7405047,2.501697,0.6586211,1.01374,2.470689
72057594037937085,0,0.7209487,5989.331,0.6485928,0.7398558,2.496017,0.6573812,1.12628,2.417686,0.5444444,0.9755499,2.508146,0.4966906,0.8250809,2.507513,0.4670608,0.6839188,2.377186,0.4462407,0.6354035,2.351055,0.7893798,0.9596246,2.404615,0.9095814,0.9136037,2.344708,1.015419,0.8546277,2.27124,1.00218,0.8625008,2.269574,0.6106614,0.7421999,2.4895,0.4831589,0.9520109,2.560415,0.5277905,0.6774853,2.507536,0.674852,0.7310077,2.456065,0.6545781,0.5008357,2.400493,0.7470852,0.7405047,2.501697,0.6586211,1.01374,2.470689
72057594037937085,0,0.7209487,5989.335,0.6485928,0.7398558,2.496017,0.6573812,1.12628,2.417686,0.5444444,0.9755499,2.508146,0.4966906,0.8250809,2.507513,0.4670608,0.6839188,2.377186,0.4462407,0.6354035,2.351055,0.7893798,0.9596246,2.404615,0.9095814,0.9136037,2.344708,1.015419,0.8546277,2.27124,1.00218,0.8625008,2.269574,0.6106614,0.7421999,2.4895,0.4831589,0.9520109,2.560415,0.5277905,0.6774853,2.507536,0.674852,0.7310077,2.456065,0.6545781,0.5008357,2.400493,0.7470852,0.7405047,2.501697,0.6586211,1.01374,2.470689
72057594037937085,0,0.7133917,5989.339,0.6406016,0.7395094,2.496777,0.6429774,1.125254,2.405175,0.5343659,0.9753596,2.501383,0.4928575,0.8184808,2.507746,0.4571661,0.6711986,2.386354,0.4421506,0.6204077,2.366984,0.7694755,0.9634802,2.394879,0.8955536,0.9161807,2.349297,0.9975505,0.8530993,2.273332,0.9908819,0.851303,2.2633,0.6025195,0.7405895,2.489831,0.4170669,0.6074461,2.374218,0.5166,0.5516999,2.537589,0.6669844,0.7319201,2.457219,0.6451624,0.5022176,2.39899,0.7367628,0.7417265,2.501386,0.6443014,1.01147,2.459349
72057594037937085,0,0.7133917,5989.344,0.6406016,0.7395094,2.496777,0.6429774,1.125254,2.405175,0.5343659,0.9753596,2.501383,0.4928575,0.8184808,2.507746,0.4571661,0.6711986,2.386354,0.4421506,0.6204077,2.366984,0.7694755,0.9634802,2.394879,0.8955536,0.9161807,2.349297,0.9975505,0.8530993,2.273332,0.9908819,0.851303,2.2633,0.6025195,0.7405895,2.489831,0.4170669,0.6074461,2.374218,0.5166,0.5516999,2.537589,0.6669844,0.7319201,2.457219,0.6451624,0.5022176,2.39899,0.7367628,0.7417265,2.501386,0.6443014,1.01147,2.459349
72057594037937085,0,0.7133917,5989.348,0.6406016,0.7395094,2.496777,0.6429774,1.125254,2.405175,0.5343659,0.9753596,2.501383,0.4928575,0.8184808,2.507746,0.4571661,0.6711986,2.386354,0.4421506,0.6204077,2.366984,0.7694755,0.9634802,2.394879,0.8955536,0.9161807,2.349297,0.9975505,0.8530993,2.273332,0.9908819,0.851303,2.2633,0.6025195,0.7405895,2.489831,0.4170669,0.6074461,2.374218,0.5166,0.5516999,2.537589,0.6669844,0.7319201,2.457219,0.6451624,0.5022176,2.39899,0.7367628,0.7417265,2.501386,0.6443014,1.01147,2.459349
72057594037937085,0,0.7133917,5989.353,0.6406016,0.7395094,2.496777,0.6429774,1.125254,2.405175,0.5343659,0.9753596,2.501383,0.4928575,0.8184808,2.507746,0.4571661,0.6711986,2.386354,0.4421506,0.6204077,2.366984,0.7694755,0.9634802,2.394879,0.8955536,0.9161807,2.349297,0.9975505,0.8530993,2.273332,0.9908819,0.851303,2.2633,0.6025195,0.7405895,2.489831,0.4170669,0.6074461,2.374218,0.5166,0.5516999,2.537589,0.6669844,0.7319201,2.457219,0.6451624,0.5022176,2.39899,0.7367628,0.7417265,2.501386,0.6443014,1.01147,2.459349
72057594037937085,0,0.7133917,5989.356,0.6406016,0.7395094,2.496777,0.6429774,1.125254,2.405175,0.5343659,0.9753596,2.501383,0.4928575,0.8184808,2.507746,0.4571661,0.6711986,2.386354,0.4421506,0.6204077,2.366984,0.7694755,0.9634802,2.394879,0.8955536,0.9161807,2.349297,0.9975505,0.8530993,2.273332,0.9908819,0.851303,2.2633,0.6025195,0.7405895,2.489831,0.4170669,0.6074461,2.374218,0.5166,0.5516999,2.537589,0.6669844,0.7319201,2.457219,0.6451624,0.5022176,2.39899,0.7367628,0.7417265,2.501386,0.6443014,1.01147,2.459349
72057594037937085,0,0.7133917,5989.36,0.6406016,0.7395094,2.496777,0.6429774,1.125254,2.405175,0.5343659,0.9753596,2.501383,0.4928575,0.8184808,2.507746,0.4571661,0.6711986,2.386354,0.4421506,0.6204077,2.366984,0.7694755,0.9634802,2.394879,0.8955536,0.9161807,2.349297,0.9975505,0.8530993,2.273332,0.9908819,0.851303,2.2633,0.6025195,0.7405895,2.489831,0.4170669,0.6074461,2.374218,0.5166,0.5516999,2.537589,0.6669844,0.7319201,2.457219,0.6451624,0.5022176,2.39899,0.7367628,0.7417265,2.501386,0.6443014,1.01147,2.459349
72057594037937085,0,0.7133917,5989.366,0.6406016,0.7395094,2.496777,0.6429774,1.125254,2.405175,0.5343659,0.9753596,2.501383,0.4928575,0.8184808,2.507746,0.4571661,0.6711986,2.386354,0.4421506,0.6204077,2.366984,0.7694755,0.9634802,2.394879,0.8955536,0.9161807,2.349297,0.9975505,0.8530993,2.273332,0.9908819,0.851303,2.2633,0.6025195,0.7405895,2.489831,0.4170669,0.6074461,2.374218,0.5166,0.5516999,2.537589,0.6669844,0.7319201,2.457219,0.6451624,0.5022176,2.39899,0.7367628,0.7417265,2.501386,0.6443014,1.01147,2.459349
72057594037937085,0,0.7045677,5989.37,0.6306998,0.7379645,2.496827,0.6301401,1.123317,2.387886,0.5265275,0.9735684,2.492128,0.4777025,0.8128279,2.573669,0.4277554,0.6733013,2.447941,0.4244536,0.6201031,2.384569,0.7604981,0.9654853,2.390028,0.8890679,0.9097926,2.34401,0.9914489,0.8464162,2.26882,0.9755205,0.8480943,2.258708,0.5929634,0.7399744,2.490424,0.4087901,0.599975,2.380095,0.5563599,0.5176435,2.490312,0.6569928,0.7294626,2.45665,0.6337702,0.5001997,2.396326,0.7184435,0.741261,2.501032,0.6337125,1.00987,2.44444
72057594037937085,0,0.7045677,5989.374,0.6306998,0.7379645,2.496827,0.6301401,1.123317,2.387886,0.5265275,0.9735684,2.492128,0.4777025,0.8128279,2.573669,0.4277554,0.6733013,2.447941,0.4244536,0.6201031,2.384569,0.7604981,0.9654853,2.390028,0.8890679,0.9097926,2.34401,0.9914489,0.8464162,2.26882,0.9755205,0.8480943,2.258708,0.5929634,0.7399744,2.490424,0.4087901,0.599975,2.380095,0.5563599,0.5176435,2.490312,0.6569928,0.7294626,2.45665,0.6337702,0.5001997,2.396326,0.7184435,0.741261,2.501032,0.6337125,1.00987,2.44444
72057594037937085,0,0.7045677,5989.378,0.6306998,0.7379645,2.496827,0.6301401,1.123317,2.387886,0.5265275,0.9735684,2.492128,0.4777025,0.8128279,2.573669,0.4277554,0.6733013,2.447941,0.4244536,0.6201031,2.384569,0.7604981,0.9654853,2.390028,0.8890679,0.9097926,2.34401,0.9914489,0.8464162,2.26882,0.9755205,0.8480943,2.258708,0.5929634,0.7399744,2.490424,0.4087901,0.599975,2.380095,0.5563599,0.5176435,2.490312,0.6569928,0.7294626,2.45665,0.6337702,0.5001997,2.396326,0.7184435,0.741261,2.501032,0.6337125,1.00987,2.44444
72057594037937085,0,0.7045677,5989.382,0.6306998,0.7379645,2.496827,0.6301401,1.123317,2.387886,0.5265275,0.9735684,2.492128,0.4777025,0.8128279,2.573669,0.4277554,0.6733013,2.447941,0.4244536,0.6201031,2.384569,0.7604981,0.9654853,2.390028,0.8890679,0.9097926,2.34401,0.9914489,0.8464162,2.26882,0.9755205,0.8480943,2.258708,0.5929634,0.7399744,2.490424,0.4087901,0.599975,2.380095,0.5563599,0.5176435,2.490312,0.6569928,0.7294626,2.45665,0.6337702,0.5001997,2.396326,0.7184435,0.741261,2.501032,0.6337125,1.00987,2.44444
72057594037937085,0,0.7045677,5989.387,0.6306998,0.7379645,2.496827,0.6301401,1.123317,2.387886,0.5265275,0.9735684,2.492128,0.4777025,0.8128279,2.573669,0.4277554,0.6733013,2.447941,0.4244536,0.6201031,2.384569,0.7604981,0.9654853,2.390028,0.8890679,0.9097926,2.34401,0.9914489,0.8464162,2.26882,0.9755205,0.8480943,2.258708,0.5929634,0.7399744,2.490424,0.4087901,0.599975,2.380095,0.5563599,0.5176435,2.490312,0.6569928,0.7294626,2.45665,0.6337702,0.5001997,2.396326,0.7184435,0.741261,2.501032,0.6337125,1.00987,2.44444
72057594037937085,0,0.7045677,5989.392,0.6306998,0.7379645,2.496827,0.6301401,1.123317,2.387886,0.5265275,0.9735684,2.492128,0.4777025,0.8128279,2.573669,0.4277554,0.6733013,2.447941,0.4244536,0.6201031,2.384569,0.7604981,0.9654853,2.390028,0.8890679,0.9097926,2.34401,0.9914489,0.8464162,2.26882,0.9755205,0.8480943,2.258708,0.5929634,0.7399744,2.490424,0.4087901,0.599975,2.380095,0.5563599,0.5176435,2.490312,0.6569928,0.7294626,2.45665,0.6337702,0.5001997,2.396326,0.7184435,0.741261,2.501032,0.6337125,1.00987,2.44444
72057594037937085,0,0.7045677,5989.396,0.6306998,0.7379645,2.496827,0.6301401,1.123317,2.387886,0.5265275,0.9735684,2.492128,0.4777025,0.8128279,2.573669,0.4277554,0.6733013,2.447941,0.4244536,0.6201031,2.384569,0.7604981,0.9654853,2.390028,0.8890679,0.9097926,2.34401,0.9914489,0.8464162,2.26882,0.9755205,0.8480943,2.258708,0.5929634,0.7399744,2.490424,0.4087901,0.599975,2.380095,0.5563599,0.5176435,2.490312,0.6569928,0.7294626,2.45665,0.6337702,0.5001997,2.396326,0.7184435,0.741261,2.501032,0.6337125,1.00987,2.44444
72057594037937085,0,0.7045677,5989.402,0.6306998,0.7379645,2.496827,0.6301401,1.123317,2.387886,0.5265275,0.9735684,2.492128,0.4777025,0.8128279,2.573669,0.4277554,0.6733013,2.447941,0.4244536,0.6201031,2.384569,0.7604981,0.9654853,2.390028,0.8890679,0.9097926,2.34401,0.9914489,0.8464162,2.26882,0.9755205,0.8480943,2.258708,0.5929634,0.7399744,2.490424,0.4087901,0.599975,2.380095,0.5563599,0.5176435,2.490312,0.6569928,0.7294626,2.45665,0.6337702,0.5001997,2.396326,0.7184435,0.741261,2.501032,0.6337125,1.00987,2.44444
72057594037937085,0,0.6994534,5989.406,0.6245649,0.7370968,2.495818,0.6182065,1.118511,2.374622,0.5152415,0.9702173,2.479794,0.472618,0.8112224,2.567053,0.4240444,0.6638409,2.450376,0.4233417,0.6134797,2.400887,0.751828,0.9661787,2.382589,0.8798236,0.9035501,2.334239,0.981361,0.8366624,2.260942,0.9605898,0.8389933,2.250098,0.5865602,0.7387681,2.489442,0.3925042,0.5821245,2.391514,0.4491286,0.3978829,2.460271,0.6512981,0.7289529,2.455601,0.6287993,0.4999901,2.393115,0.7130079,0.7407871,2.498235,0.6248902,1.005624,2.432085
72057594037937085,0,0.6994534,5989.41,0.6245649,0.7370968,2.495818,0.6182065,1.118511,2.374622,0.5152415,0.9702173,2.479794,0.472618,0.8112224,2.567053,0.4240444,0.6638409,2.450376,0.4233417,0.6134797,2.400887,0.751828,0.9661787,2.382589,0.8798236,0.9035501,2.334239,0.981361,0.8366624,2.260942,0.9605898,0.8389933,2.250098,0.5865602,0.7387681,2.489442,0.3925042,0.5821245,2.391514,0.4491286,0.3978829,2.460271,0.6512981,0.7289529,2.455601,0.6287993,0.4999901,2.393115,0.7130079,0.7407871,2.498235,0.6248902,1.005624,2.432085
72057594037937085,0,0.6994534,5989.415,0.6245649,0.7370968,2.495818,0.6182065,1.118511,2.374622,0.5152415,0.9702173,2.479794,0.472618,0.8112224,2.567053,0.4240444,0.6638409,2.450376,0.4233417,0.6134797,2.400887,0.751828,0.9661787,2.382589,0.8798236,0.9035501,2.334239,0.981361,0.8366624,2.260942,0.9605898,0.8389933,2.250098,0.5865602,0.7387681,2.489442,0.3925042,0.5821245,2.391514,0.4491286,0.3978829,2.460271,0.6512981,0.7289529,2.455601,0.6287993,0.4999901,2.393115,0.7130079,0.7407871,2.498235,0.6248902,1.005624,2.432085
72057594037937085,0,0.6994534,5989.419,0.6245649,0.7370968,2.495818,0.6182065,1.118511,2.374622,0.5152415,0.9702173,2.479794,0.472618,0.8112224,2.567053,0.4240444,0.6638409,2.450376,0.4233417,0.6134797,2.400887,0.751828,0.9661787,2.382589,0.8798236,0.9035501,2.334239,0.981361,0.8366624,2.260942,0.9605898,0.8389933,2.250098,0.5865602,0.7387681,2.489442,0.3925042,0.5821245,2.391514,0.4491286,0.3978829,2.460271,0.6512981,0.7289529,2.455601,0.6287993,0.4999901,2.393115,0.7130079,0.7407871,2.498235,0.6248902,1.005624,2.432085
72057594037937085,0,0.6994534,5989.423,0.6245649,0.7370968,2.495818,0.6182065,1.118511,2.374622,0.5152415,0.9702173,2.479794,0.472618,0.8112224,2.567053,0.4240444,0.6638409,2.450376,0.4233417,0.6134797,2.400887,0.751828,0.9661787,2.382589,0.8798236,0.9035501,2.334239,0.981361,0.8366624,2.260942,0.9605898,0.8389933,2.250098,0.5865602,0.7387681,2.489442,0.3925042,0.5821245,2.391514,0.4491286,0.3978829,2.460271,0.6512981,0.7289529,2.455601,0.6287993,0.4999901,2.393115,0.7130079,0.7407871,2.498235,0.6248902,1.005624,2.432085
72057594037937085,0,0.6994534,5989.428,0.6245649,0.7370968,2.495818,0.6182065,1.118511,2.374622,0.5152415,0.9702173,2.479794,0.472618,0.8112224,2.567053,0.4240444,0.6638409,2.450376,0.4233417,0.6134797,2.400887,0.751828,0.9661787,2.382589,0.8798236,0.9035501,2.334239,0.981361,0.8366624,2.260942,0.9605898,0.8389933,2.250098,0.5865602,0.7387681,2.489442,0.3925042,0.5821245,2.391514,0.4491286,0.3978829,2.460271,0.6512981,0.7289529,2.455601,0.6287993,0.4999901,2.393115,0.7130079,0.7407871,2.498235,0.6248902,1.005624,2.432085
72057594037937085,0,0.6994534,5989.432,0.6245649,0.7370968,2.495818,0.6182065,1.118511,2.374622,0.5152415,0.9702173,2.479794,0.472618,0.8112224,2.567053,0.4240444,0.6638409,2.450376,0.4233417,0.6134797,2.400887,0.751828,0.9661787,2.382589,0.8798236,0.9035501,2.334239,0.981361,0.8366624,2.260942,0.9605898,0.8389933,2.250098,0.5865602,0.7387681,2.489442,0.3925042,0.5821245,2.391514,0.4491286,0.3978829,2.460271,0.6512981,0.7289529,2.455601,0.6287993,0.4999901,2.393115,0.7130079,0.7407871,2.498235,0.6248902,1.005624,2.432085
72057594037937085,0,0.6970304,5989.437,0.6192701,0.7356198,2.489712,0.60694,1.108777,2.362884,0.5078142,0.9661441,2.469076,0.4663891,0.8095324,2.551529,0.4769168,0.6594703,2.50708,0.4976872,0.6134522,2.47993,0.7413703,0.9649459,2.37016,0.8683858,0.8986471,2.32111,0.970541,0.8261575,2.254838,0.9462093,0.8258415,2.238261,0.5806554,0.7359626,2.483368,0.3759652,0.5593327,2.391837,0.5623732,0.5512751,2.470765,0.6465638,0.7287296,2.449328,0.624723,0.4992216,2.389857,0.7102339,0.7388134,2.49649,0.6165608,0.9983041,2.421005
72057594037937085,0,0.6970304,5989.441,0.6192701,0.7356198,2.489712,0.60694,1.108777,2.362884,0.5078142,0.9661441,2.469076,0.4663891,0.8095324,2.551529,0.4769168,0.6594703,2.50708,0.4976872,0.6134522,2.47993,0.7413703,0.9649459,2.37016,0.8683858,0.8986471,2.32111,0.970541,0.8261575,2.254838,0.9462093,0.8258415,2.238261,0.5806554,0.7359626,2.483368,0.3759652,0.5593327,2.391837,0.5623732,0.5512751,2.470765,0.6465638,0.7287296,2.449328,0.624723,0.4992216,2.389857,0.7102339,0.7388134,2.49649,0.6165608,0.9983041,2.421005
72057594037937085,0,0.6970304,5989.446,0.6192701,0.7356198,2.489712,0.60694,1.108777,2.362884,0.5078142,0.9661441,2.469076,0.4663891,0.8095324,2.551529,0.4769168,0.6594703,2.50708,0.4976872,0.6134522,2.47993,0.7413703,0.9649459,2.37016,0.8683858,0.8986471,2.32111,0.970541,0.8261575,2.254838,0.9462093,0.8258415,2.238261,0.5806554,0.7359626,2.483368,0.3759652,0.5593327,2.391837,0.5623732,0.5512751,2.470765,0.6465638,0.7287296,2.449328,0.624723,0.4992216,2.389857,0.7102339,0.7388134,2.49649,0.6165608,0.9983041,2.421005
72057594037937085,0,0.6970304,5989.45,0.6192701,0.7356198,2.489712,0.60694,1.108777,2.362884,0.5078142,0.9661441,2.469076,0.4663891,0.8095324,2.551529,0.4769168,0.6594703,2.50708,0.4976872,0.6134522,2.47993,0.7413703,0.9649459,2.37016,0.8683858,0.8986471,2.32111,0.970541,0.8261575,2.254838,0.9462093,0.8258415,2.238261,0.5806554,0.7359626,2.483368,0.3759652,0.5593327,2.391837,0.5623732,0.5512751,2.470765,0.6465638,0.7287296,2.449328,0.624723,0.4992216,2.389857,0.7102339,0.7388134,2.49649,0.6165608,0.9983041,2.421005
72057594037937085,0,0.6970304,5989.454,0.6192701,0.7356198,2.489712,0.60694,1.108777,2.362884,0.5078142,0.9661441,2.469076,0.4663891,0.8095324,2.551529,0.4769168,0.6594703,2.50708,0.4976872,0.6134522,2.47993,0.7413703,0.9649459,2.37016,0.8683858,0.8986471,2.32111,0.970541,0.8261575,2.254838,0.9462093,0.8258415,2.238261,0.5806554,0.7359626,2.483368,0.3759652,0.5593327,2.391837,0.5623732,0.5512751,2.470765,0.6465638,0.7287296,2.449328,0.624723,0.4992216,2.389857,0.7102339,0.7388134,2.49649,0.6165608,0.9983041,2.421005
72057594037937085,0,0.6970304,5989.458,0.6192701,0.7356198,2.489712,0.60694,1.108777,2.362884,0.5078142,0.9661441,2.469076,0.4663891,0.8095324,2.551529,0.4769168,0.6594703,2.50708,0.4976872,0.6134522,2.47993,0.7413703,0.9649459,2.37016,0.8683858,0.8986471,2.32111,0.970541,0.8261575,2.254838,0.9462093,0.8258415,2.238261,0.5806554,0.7359626,2.483368,0.3759652,0.5593327,2.391837,0.5623732,0.5512751,2.470765,0.6465638,0.7287296,2.449328,0.624723,0.4992216,2.389857,0.7102339,0.7388134,2.49649,0.6165608,0.9983041,2.421005
72057594037937085,0,0.6970304,5989.462,0.6192701,0.7356198,2.489712,0.60694,1.108777,2.362884,0.5078142,0.9661441,2.469076,0.4663891,0.8095324,2.551529,0.4769168,0.6594703,2.50708,0.4976872,0.6134522,2.47993,0.7413703,0.9649459,2.37016,0.8683858,0.8986471,2.32111,0.970541,0.8261575,2.254838,0.9462093,0.8258415,2.238261,0.5806554,0.7359626,2.483368,0.3759652,0.5593327,2.391837,0.5623732,0.5512751,2.470765,0.6465638,0.7287296,2.449328,0.624723,0.4992216,2.389857,0.7102339,0.7388134,2.49649,0.6165608,0.9983041,2.421005
72057594037937085,0,0.6970304,5989.468,0.6192701,0.7356198,2.489712,0.60694,1.108777,2.362884,0.5078142,0.9661441,2.469076,0.4663891,0.8095324,2.551529,0.4769168,0.6594703,2.50708,0.4976872,0.6134522,2.47993,0.7413703,0.9649459,2.37016,0.8683858,0.8986471,2.32111,0.970541,0.8261575,2.254838,0.9462093,0.8258415,2.238261,0.5806554,0.7359626,2.483368,0.3759652,0.5593327,2.391837,0.5623732,0.5512751,2.470765,0.6465638,0.7287296,2.449328,0.624723,0.4992216,2.389857,0.7102339,0.7388134,2.49649,0.6165608,0.9983041,2.421005
72057594037937085,0,0.6963398,5989.473,0.6128851,0.7321973,2.477535,0.5938663,1.104514,2.340688,0.5005373,0.9620798,2.457643,0.4611456,0.803661,2.543313,0.4387921,0.6622602,2.505412,0.4426851,0.6454214,2.473661,0.7307011,0.9624955,2.352969,0.8515531,0.889901,2.299811,0.9523924,0.8087608,2.242847,0.9275703,0.816743,2.231325,0.5745829,0.7319856,2.472562,0.370354,0.5515978,2.393606,0.5610656,0.5404822,2.462542,0.6400412,0.726041,2.435786,0.6151394,0.4955838,2.385067,0.6978599,0.74146,2.480257,0.606642,0.9912022,2.397021
72057594037937085,0,0.6963398,5989.477,0.6128851,0.7321973,2.477535,0.5938663,1.104514,2.340688,0.5005373,0.9620798,2.457643,0.4611456,0.803661,2.543313,0.4387921,0.6622602,2.505412,0.4426851,0.6454214,2.473661,0.7307011,0.9624955,2.352969,0.8515531,0.889901,2.299811,0.9523924,0.8087608,2.242847,0.9275703,0.816743,2.231325,0.5745829,0.7319856,2.472562,0.370354,0.5515978,2.393606,0.5610656,0.5404822,2.462542,0.6400412,0.726041,2.435786,0.6151394,0.4955838,2.385067,0.6978599,0.74146,2.480257,0.606642,0.9912022,2.397021
72057594037937085,0,0.6963398,5989.48,0.6128851,0.7321973,2.477535,0.5938663,1.104514,2.340688,0.5005373,0.9620798,2.457643,0.4611456,0.803661,2.543313,0.4387921,0.6622602,2.505412,0.4426851,0.6454214,2.473661,0.7307011,0.9624955,2.352969,0.8515531,0.889901,2.299811,0.9523924,0.8087608,2.242847,0.9275703,0.816743,2.231325,0.5745829,0.7319856,2.472562,0.370354,0.5515978,2.393606,0.5610656,0.5404822,2.462542,0.6400412,0.726041,2.435786,0.6151394,0.4955838,2.385067,0.6978599,0.74146,2.480257,0.606642,0.9912022,2.397021
72057594037937085,0,0.6963398,5989.485,0.6128851,0.7321973,2.477535,0.5938663,1.104514,2.340688,0.5005373,0.9620798,2.457643,0.4611456,0.803661,2.543313,0.4387921,0.6622602,2.505412,0.4426851,0.6454214,2.473661,0.7307011,0.9624955,2.352969,0.8515531,0.889901,2.299811,0.9523924,0.8087608,2.242847,0.9275703,0.816743,2.231325,0.5745829,0.7319856,2.472562,0.370354,0.5515978,2.393606,0.5610656,0.5404822,2.462542,0.6400412,0.726041,2.435786,0.6151394,0.4955838,2.385067,0.6978599,0.74146,2.480257,0.606642,0.9912022,2.397021
72057594037937085,0,0.6963398,5989.489,0.6128851,0.7321973,2.477535,0.5938663,1.104514,2.340688,0.5005373,0.9620798,2.457643,0.4611456,0.803661,2.543313,0.4387921,0.6622602,2.505412,0.4426851,0.6454214,2.473661,0.7307011,0.9624955,2.352969,0.8515531,0.889901,2.299811,0.9523924,0.8087608,2.242847,0.9275703,0.816743,2.231325,0.5745829,0.7319856,2.472562,0.370354,0.5515978,2.393606,0.5610656,0.5404822,2.462542,0.6400412,0.726041,2.435786,0.6151394,0.4955838,2.385067,0.6978599,0.74146,2.480257,0.606642,0.9912022,2.397021
72057594037937085,0,0.6963398,5989.494,0.6128851,0.7321973,2.477535,0.5938663,1.104514,2.340688,0.5005373,0.9620798,2.457643,0.4611456,0.803661,2.543313,0.4387921,0.6622602,2.505412,0.4426851,0.6454214,2.473661,0.7307011,0.9624955,2.352969,0.8515531,0.889901,2.299811,0.9523924,0.8087608,2.242847,0.9275703,0.816743,2.231325,0.5745829,0.7319856,2.472562,0.370354,0.5515978,2.393606,0.5610656,0.5404822,2.462542,0.6400412,0.726041,2.435786,0.6151394,0.4955838,2.385067,0.6978599,0.74146,2.480257,0.606642,0.9912022,2.397021
72057594037937085,0,0.6963398,5989.498,0.6128851,0.7321973,2.477535,0.5938663,1.104514,2.340688,0.5005373,0.9620798,2.457643,0.4611456,0.803661,2.543313,0.4387921,0.6622602,2.505412,0.4426851,0.6454214,2.473661,0.7307011,0.9624955,2.352969,0.8515531,0.889901,2.299811,0.9523924,0.8087608,2.242847,0.9275703,0.816743,2.231325,0.5745829,0.7319856,2.472562,0.370354,0.5515978,2.393606,0.5610656,0.5404822,2.462542,0.6400412,0.726041,2.435786,0.6151394,0.4955838,2.385067,0.6978599,0.74146,2.480257,0.606642,0.9912022,2.397021
72057594037937085,0,0.6944114,5989.502,0.6064951,0.7279899,2.469757,0.584582,1.088768,2.32754,0.4903647,0.9565258,2.439527,0.4554192,0.7969002,2.528752,0.4371911,0.6574177,2.511352,0.4484038,0.6472034,2.49152,0.7169396,0.9533317,2.335399,0.838763,0.8837905,2.277892,0.9356521,0.7932705,2.229322,0.9080525,0.8094903,2.221362,0.5676417,0.7270703,2.46586,0.3650275,0.5459785,2.393736,0.5598536,0.5344107,2.451815,0.6342432,0.7225567,2.426829,0.6075844,0.4923376,2.375454,0.692477,0.7372627,2.471251,0.6031029,0.983573,2.388151
72057594037937085,0,0.6944114,5989.507,0.6064951,0.7279899,2.469757,0.584582,1.088768,2.32754,0.4903647,0.9565258,2.439527,0.4554192,0.7969002,2.528752,0.4371911,0.6574177,2.511352,0.4484038,0.6472034,2.49152,0.7169396,0.9533317,2.335399,0.838763,0.8837905,2.277892,0.9356521,0.7932705,2.229322,0.9080525,0.8094903,2.221362,0.5676417,0.7270703,2.46586,0.3650275,0.5459785,2.393736,0.5598536,0.5344107,2.451815,0.6342432,0.7225567,2.426829,0.6075844,0.4923376,2.375454,0.692477,0.7372627,2.471251,0.6031029,0.983573,2.388151
72057594037937085,0,0.6944114,5989.511,0.6064951,0.7279899,2.469757,0.584582,1.088768,2.32754,0.4903647,0.9565258,2.439527,0.4554192,0.7969002,2.528752,0.4371911,0.6574177,2.511352,0.4484038,0.6472034,2.49152,0.7169396,0.9533317,2.335399,0.838763,0.8837905,2.277892,0.9356521,0.7932705,2.229322,0.9080525,0.8094903,2.221362,0.5676417,0.7270703,2.46586,0.3650275,0.5459785,2.393736,0.5598536,0.5344107,2.451815,0.6342432,0.7225567,2.426829,0.6075844,0.4923376,2.375454,0.692477,0.7372627,2.471251,0.6031029,0.983573,2.388151
72057594037937085,0,0.6944114,5989.515,0.6064951,0.7279899,2.469757,0.584582,1.088768,2.32754,0.4903647,0.9565258,2.439527,0.4554192,0.7969002,2.528752,0.4371911,0.6574177,2.511352,0.4484038,0.6472034,2.49152,0.7169396,0.9533317,2.335399,0.838763,0.8837905,2.277892,0.9356521,0.7932705,2.229322,0.9080525,0.8094903,2.221362,0.5676417,0.7270703,2.46586,0.3650275,0.5459785,2.393736,0.5598536,0.5344107,2.451815,0.6342432,0.7225567,2.426829,0.6075844,0.4923376,2.375454,0.692477,0.7372627,2.471251,0.6031029,0.983573,2.388151
72057594037937085,0,0.6944114,5989.52,0.6064951,0.7279899,2.469757,0.584582,1.088768,2.32754,0.4903647,0.9565258,2.439527,0.4554192,0.7969002,2.528752,0.4371911,0.6574177,2.511352,0.4484038,0.6472034,2.49152,0.7169396,0.9533317,2.335399,0.838763,0.8837905,2.277892,0.9356521,0.7932705,2.229322,0.9080525,0.8094903,2.221362,0.5676417,0.7270703,2.46586,0.3650275,0.5459785,2.393736,0.5598536,0.5344107,2.451815,0.6342432,0.7225567,2.426829,0.6075844,0.4923376,2.375454,0.692477,0.7372627,2.471251,0.6031029,0.983573,2.388151
72057594037937085,0,0.6944114,5989.524,0.6064951,0.7279899,2.469757,0.584582,1.088768,2.32754,0.4903647,0.9565258,2.439527,0.4554192,0.7969002,2.528752,0.4371911,0.6574177,2.511352,0.4484038,0.6472034,2.49152,0.7169396,0.9533317,2.335399,0.838763,0.8837905,2.277892,0.9356521,0.7932705,2.229322,0.9080525,0.8094903,2.221362,0.5676417,0.7270703,2.46586,0.3650275,0.5459785,2.393736,0.5598536,0.5344107,2.451815,0.6342432,0.7225567,2.426829,0.6075844,0.4923376,2.375454,0.692477,0.7372627,2.471251,0.6031029,0.983573,2.388151
72057594037937085,0,0.6944114,5989.528,0.6064951,0.7279899,2.469757,0.584582,1.088768,2.32754,0.4903647,0.9565258,2.439527,0.4554192,0.7969002,2.528752,0.4371911,0.6574177,2.511352,0.4484038,0.6472034,2.49152,0.7169396,0.9533317,2.335399,0.838763,0.8837905,2.277892,0.9356521,0.7932705,2.229322,0.9080525,0.8094903,2.221362,0.5676417,0.7270703,2.46586,0.3650275,0.5459785,2.393736,0.5598536,0.5344107,2.451815,0.6342432,0.7225567,2.426829,0.6075844,0.4923376,2.375454,0.692477,0.7372627,2.471251,0.6031029,0.983573,2.388151
72057594037937085,0,0.6944114,5989.532,0.6064951,0.7279899,2.469757,0.584582,1.088768,2.32754,0.4903647,0.9565258,2.439527,0.4554192,0.7969002,2.528752,0.4371911,0.6574177,2.511352,0.4484038,0.6472034,2.49152,0.7169396,0.9533317,2.335399,0.838763,0.8837905,2.277892,0.9356521,0.7932705,2.229322,0.9080525,0.8094903,2.221362,0.5676417,0.7270703,2.46586,0.3650275,0.5459785,2.393736,0.5598536,0.5344107,2.451815,0.6342432,0.7225567,2.426829,0.6075844,0.4923376,2.375454,0.692477,0.7372627,2.471251,0.6031029,0.983573,2.388151
72057594037937085,0,0.6877226,5989.537,0.594632,0.7232113,2.462446,0.5740517,1.076436,2.309599,0.4853623,0.9509681,2.427016,0.4528437,0.7952254,2.517133,0.4374337,0.6552014,2.512657,0.4486317,0.6470091,2.499503,0.705457,0.9451416,2.318683,0.7601714,0.8198061,2.273645,0.8924438,0.814304,2.229616,0.8791921,0.8232417,2.224456,0.5570388,0.7236462,2.459583,0.3570928,0.5384067,2.392008,0.554755,0.5386263,2.442448,0.6213347,0.7163807,2.418475,0.595407,0.4864464,2.364558,0.6831515,0.7301835,2.460948,0.5956305,0.9714913,2.370011
72057594037937085,0,0.6877226,5989.542,0.594632,0.7232113,2.462446,0.5740517,1.076436,2.309599,0.4853623,0.9509681,2.427016,0.4528437,0.7952254,2.517133,0.4374337,0.6552014,2.512657,0.4486317,0.6470091,2.499503,0.705457,0.9451416,2.318683,0.7601714,0.8198061,2.273645,0.8924438,0.814304,2.229616,0.8791921,0.8232417,2.224456,0.5570388,0.7236462,2.459583,0.3570928,0.5384067,2.392008,0.554755,0.5386263,2.442448,0.6213347,0.7163807,2.418475,0.595407,0.4864464,2.364558,0.6831515,0.7301835,2.460948,0.5956305,0.9714913,2.370011
72057594037937085,0,0.6877226,5989.546,0.594632,0.7232113,2.462446,0.5740517,1.076436,2.309599,0.4853623,0.9509681,2.427016,0.4528437,0.7952254,2.517133,0.4374337,0.6552014,2.512657,0.4486317,0.6470091,2.499503,0.705457,0.9451416,2.318683,0.7601714,0.8198061,2.273645,0.8924438,0.814304,2.229616,0.8791921,0.8232417,2.224456,0.5570388,0.7236462,2.459583,0.3570928,0.5384067,2.392008,0.554755,0.5386263,2.442448,0.6213347,0.7163807,2.418475,0.595407,0.4864464,2.364558,0.6831515,0.7301835,2.460948,0.5956305,0.9714913,2.370011
72057594037937085,0,0.6877226,5989.55,0.594632,0.7232113,2.462446,0.5740517,1.076436,2.309599,0.4853623,0.9509681,2.427016,0.4528437,0.7952254,2.517133,0.4374337,0.6552014,2.512657,0.4486317,0.6470091,2.499503,0.705457,0.9451416,2.318683,0.7601714,0.8198061,2.273645,0.8924438,0.814304,2.229616,0.8791921,0.8232417,2.224456,0.5570388,0.7236462,2.459583,0.3570928,0.5384067,2.392008,0.554755,0.5386263,2.442448,0.6213347,0.7163807,2.418475,0.595407,0.4864464,2.364558,0.6831515,0.7301835,2.460948,0.5956305,0.9714913,2.370011
72057594037937085,0,0.6877226,5989.555,0.594632,0.7232113,2.462446,0.5740517,1.076436,2.309599,0.4853623,0.9509681,2.427016,0.4528437,0.7952254,2.517133,0.4374337,0.6552014,2.512657,0.4486317,0.6470091,2.499503,0.705457,0.9451416,2.318683,0.7601714,0.8198061,2.273645,0.8924438,0.814304,2.229616,0.8791921,0.8232417,2.224456,0.5570388,0.7236462,2.459583,0.3570928,0.5384067,2.392008,0.554755,0.5386263,2.442448,0.6213347,0.7163807,2.418475,0.595407,0.4864464,2.364558,0.6831515,0.7301835,2.460948,0.5956305,0.9714913,2.370011
72057594037937085,0,0.6877226,5989.559,0.594632,0.7232113,2.462446,0.5740517,1.076436,2.309599,0.4853623,0.9509681,2.427016,0.4528437,0.7952254,2.517133,0.4374337,0.6552014,2.512657,0.4486317,0.6470091,2.499503,0.705457,0.9451416,2.318683,0.7601714,0.8198061,2.273645,0.8924438,0.814304,2.229616,0.8791921,0.8232417,2.224456,0.5570388,0.7236462,2.459583,0.3570928,0.5384067,2.392008,0.554755,0.5386263,2.442448,0.6213347,0.7163807,2.418475,0.595407,0.4864464,2.364558,0.6831515,0.7301835,2.460948,0.5956305,0.9714913,2.370011
72057594037937085,0,0.6877226,5989.563,0.594632,0.7232113,2.462446,0.5740517,1.076436,2.309599,0.4853623,0.9509681,2.427016,0.4528437,0.7952254,2.517133,0.4374337,0.6552014,2.512657,0.4486317,0.6470091,2.499503,0.705457,0.9451416,2.318683,0.7601714,0.8198061,2.273645,0.8924438,0.814304,2.229616,0.8791921,0.8232417,2.224456,0.5570388,0.7236462,2.459583,0.3570928,0.5384067,2.392008,0.554755,0.5386263,2.442448,0.6213347,0.7163807,2.418475,0.595407,0.4864464,2.364558,0.6831515,0.7301835,2.460948,0.5956305,0.9714913,2.370011
72057594037937085,0,0.6877226,5989.568,0.594632,0.7232113,2.462446,0.5740517,1.076436,2.309599,0.4853623,0.9509681,2.427016,0.4528437,0.7952254,2.517133,0.4374337,0.6552014,2.512657,0.4486317,0.6470091,2.499503,0.705457,0.9451416,2.318683,0.7601714,0.8198061,2.273645,0.8924438,0.814304,2.229616,0.8791921,0.8232417,2.224456,0.5570388,0.7236462,2.459583,0.3570928,0.5384067,2.392008,0.554755,0.5386263,2.442448,0.6213347,0.7163807,2.418475,0.595407,0.4864464,2.364558,0.6831515,0.7301835,2.460948,0.5956305,0.9714913,2.370011
72057594037937085,0,0.679569,5989.572,0.5824144,0.7201389,2.457582,0.5483586,1.08569,2.262452,0.4776728,0.9440338,2.412508,0.449027,0.7891733,2.498252,0.4209774,0.629418,2.463197,0.4257867,0.6121209,2.439086,0.6869449,0.9380288,2.295151,0.7513061,0.8146468,2.263631,0.8710448,0.8010046,2.189875,0.8521221,0.810729,2.201761,0.5449314,0.722136,2.455081,0.3458291,0.5194492,2.37956,0.5417322,0.5311656,2.434535,0.6091504,0.7117751,2.413218,0.5951028,0.4820258,2.353065,0.676012,0.727448,2.451186,0.5653215,0.9825171,2.311684
72057594037937085,0,0.679569,5989.577,0.5824144,0.7201389,2.457582,0.5483586,1.08569,2.262452,0.4776728,0.9440338,2.412508,0.449027,0.7891733,2.498252,0.4209774,0.629418,2.463197,0.4257867,0.6121209,2.439086,0.6869449,0.9380288,2.295151,0.7513061,0.8146468,2.263631,0.8710448,0.8010046,2.189875,0.8521221,0.810729,2.201761,0.5449314,0.722136,2.455081,0.3458291,0.5194492,2.37956,0.5417322,0.5311656,2.434535,0.6091504,0.7117751,2.413218,0.5951028,0.4820258,2.353065,0.676012,0.727448,2.451186,0.5653215,0.9825171,2.311684
72057594037937085,0,0.679569,5989.582,0.5824144,0.7201389,2.457582,0.5483586,1.08569,2.262452,0.4776728,0.9440338,2.412508,0.449027,0.7891733,2.498252,0.4209774,0.629418,2.463197,0.4257867,0.6121209,2.439086,0.6869449,0.9380288,2.295151,0.7513061,0.8146468,2.263631,0.8710448,0.8010046,2.189875,0.8521221,0.810729,2.201761,0.5449314,0.722136,2.455081,0.3458291,0.5194492,2.37956,0.5417322,0.5311656,2.434535,0.6091504,0.7117751,2.413218,0.5951028,0.4820258,2.353065,0.676012,0.727448,2.451186,0.5653215,0.9825171,2.311684
72057594037937085,0,0.679569,5989.586,0.5824144,0.7201389,2.457582,0.5483586,1.08569,2.262452,0.4776728,0.9440338,2.412508,0.449027,0.7891733,2.498252,0.4209774,0.629418,2.463197,0.4257867,0.6121209,2.439086,0.6869449,0.9380288,2.295151,0.7513061,0.8146468,2.263631,0.8710448,0.8010046,2.189875,0.8521221,0.810729,2.201761,0.5449314,0.722136,2.455081,0.3458291,0.5194492,2.37956,0.5417322,0.5311656,2.434535,0.6091504,0.7117751,2.413218,0.5951028,0.4820258,2.353065,0.676012,0.727448,2.451186,0.5653215,0.9825171,2.311684
72057594037937085,0,0.679569,5989.591,0.5824144,0.7201389,2.457582,0.5483586,1.08569,2.262452,0.4776728,0.9440338,2.412508,0.449027,0.7891733,2.498252,0.4209774,0.629418,2.463197,0.4257867,0.6121209,2.439086,0.6869449,0.9380288,2.295151,0.7513061,0.8146468,2.263631,0.8710448,0.8010046,2.189875,0.8521221,0.810729,2.201761,0.5449314,0.722136,2.455081,0.3458291,0.5194492,2.37956,0.5417322,0.5311656,2.434535,0.6091504,0.7117751,2.413218,0.5951028,0.4820258,2.353065,0.676012,0.727448,2.451186,0.5653215,0.9825171,2.311684
72057594037937085,0,0.679569,5989.596,0.5824144,0.7201389,2.457582,0.5483586,1.08569,2.262452,0.4776728,0.9440338,2.412508,0.449027,0.7891733,2.498252,0.4209774,0.629418,2.463197,0.4257867,0.6121209,2.439086,0.6869449,0.9380288,2.295151,0.7513061,0.8146468,2.263631,0.8710448,0.8010046,2.189875,0.8521221,0.810729,2.201761,0.5449314,0.722136,2.455081,0.3458291,0.5194492,2.37956,0.5417322,0.5311656,2.434535,0.6091504,0.7117751,2.413218,0.5951028,0.4820258,2.353065,0.676012,0.727448,2.451186,0.5653215,0.9825171,2.311684
72057594037937085,0,0.679569,5989.6,0.5824144,0.7201389,2.457582,0.5483586,1.08569,2.262452,0.4776728,0.9440338,2.412508,0.449027,0.7891733,2.498252,0.4209774,0.629418,2.463197,0.4257867,0.6121209,2.439086,0.6869449,0.9380288,2.295151,0.7513061,0.8146468,2.263631,0.8710448,0.8010046,2.189875,0.8521221,0.810729,2.201761,0.5449314,0.722136,2.455081,0.3458291,0.5194492,2.37956,0.5417322,0.5311656,2.434535,0.6091504,0.7117751,2.413218,0.5951028,0.4820258,2.353065,0.676012,0.727448,2.451186,0.5653215,0.9825171,2.311684
72057594037937085,0,0.6759742,5989.604,0.5783674,0.718565,2.458563,0.533618,1.075513,2.239571,0.4723176,0.9375886,2.39944,0.4472223,0.7808514,2.484229,0.4239625,0.6395789,2.470629,0.4338616,0.6194975,2.44597,0.6749006,0.9316201,2.281444,0.737591,0.8115662,2.233102,0.8626941,0.7863346,2.174476,0.8345968,0.7873787,2.171802,0.5407969,0.7212655,2.456495,0.3422795,0.51705,2.374998,0.5396082,0.5226895,2.426337,0.6051987,0.7095212,2.413796,0.5883779,0.4822447,2.341065,0.668803,0.7269373,2.441145,0.5611957,0.9788495,2.302022
72057594037937085,0,0.6759742,5989.608,0.5783674,0.718565,2.458563,0.533618,1.075513,2.239571,0.4723176,0.9375886,2.39944,0.4472223,0.7808514,2.484229,0.4239625,0.6395789,2.470629,0.4338616,0.6194975,2.44597,0.6749006,0.9316201,2.281444,0.737591,0.8115662,2.233102,0.8626941,0.7863346,2.174476,0.8345968,0.7873787,2.171802,0.5407969,0.7212655,2.456495,0.3422795,0.51705,2.374998,0.5396082,0.5226895,2.426337,0.6051987,0.7095212,2.413796,0.5883779,0.4822447,2.341065,0.668803,0.7269373,2.441145,0.5611957,0.9788495,2.302022
72057594037937085,0,0.6759742,5989.612,0.5783674,0.718565,2.458563,0.533618,1.075513,2.239571,0.4723176,0.9375886,2.39944,0.4472223,0.7808514,2.484229,0.4239625,0.6395789,2.470629,0.4338616,0.6194975,2.44597,0.6749006,0.9316201,2.281444,0.737591,0.8115662,2.233102,0.8626941,0.7863346,2.174476,0.8345968,0.7873787,2.171802,0.5407969,0.7212655,2.456495,0.3422795,0.51705,2.374998,0.5396082,0.5226895,2.426337,0.6051987,0.7095212,2.413796,0.5883779,0.4822447,2.341065,0.668803,0.7269373,2.441145,0.5611957,0.9788495,2.302022
72057594037937085,0,0.6759742,5989.617,0.5783674,0.718565,2.458563,0.533618,1.075513,2.239571,0.4723176,0.9375886,2.39944,0.4472223,0.7808514,2.484229,0.4239625,0.6395789,2.470629,0.4338616,0.6194975,2.44597,0.6749006,0.9316201,2.281444,0.737591,0.8115662,2.233102,0.8626941,0.7863346,2.174476,0.8345968,0.7873787,2.171802,0.5407969,0.7212655,2.456495,0.3422795,0.51705,2.374998,0.5396082,0.5226895,2.426337,0.6051987,0.7095212,2.413796,0.5883779,0.4822447,2.341065,0.668803,0.7269373,2.441145,0.5611957,0.9788495,2.302022
72057594037937085,0,0.6759742,5989.621,0.5783674,0.718565,2.458563,0.533618,1.075513,2.239571,0.4723176,0.9375886,2.39944,0.4472223,0.7808514,2.484229,0.4239625,0.6395789,2.470629,0.4338616,0.6194975,2.44597,0.6749006,0.9316201,2.281444,0.737591,0.8115662,2.233102,0.8626941,0.7863346,2.174476,0.8345968,0.7873787,2.171802,0.5407969,0.7212655,2.456495,0.3422795,0.51705,2.374998,0.5396082,0.5226895,2.426337,0.6051987,0.7095212,2.413796,0.5883779,0.4822447,2.341065,0.668803,0.7269373,2.441145,0.5611957,0.9788495,2.302022
72057594037937085,0,0.6759742,5989.625,0.5783674,0.718565,2.458563,0.533618,1.075513,2.239571,0.4723176,0.9375886,2.39944,0.4472223,0.7808514,2.484229,0.4239625,0.6395789,2.470629,0.4338616,0.6194975,2.44597,0.6749006,0.9316201,2.281444,0.737591,0.8115662,2.233102,0.8626941,0.7863346,2.174476,0.8345968,0.7873787,2.171802,0.5407969,0.7212655,2.456495,0.3422795,0.51705,2.374998,0.5396082,0.5226895,2.426337,0.6051987,0.7095212,2.413796,0.5883779,0.4822447,2.341065,0.668803,0.7269373,2.441145,0.5611957,0.9788495,2.302022
72057594037937085,0,0.6759742,5989.629,0.5783674,0.718565,2.458563,0.533618,1.075513,2.239571,0.4723176,0.9375886,2.39944,0.4472223,0.7808514,2.484229,0.4239625,0.6395789,2.470629,0.4338616,0.6194975,2.44597,0.6749006,0.9316201,2.281444,0.737591,0.8115662,2.233102,0.8626941,0.7863346,2.174476,0.8345968,0.7873787,2.171802,0.5407969,0.7212655,2.456495,0.3422795,0.51705,2.374998,0.5396082,0.5226895,2.426337,0.6051987,0.7095212,2.413796,0.5883779,0.4822447,2.341065,0.668803,0.7269373,2.441145,0.5611957,0.9788495,2.302022
72057594037937085,0,0.6759742,5989.634,0.5783674,0.718565,2.458563,0.533618,1.075513,2.239571,0.4723176,0.9375886,2.39944,0.4472223,0.7808514,2.484229,0.4239625,0.6395789,2.470629,0.4338616,0.6194975,2.44597,0.6749006,0.9316201,2.281444,0.737591,0.8115662,2.233102,0.8626941,0.7863346,2.174476,0.8345968,0.7873787,2.171802,0.5407969,0.7212655,2.456495,0.3422795,0.51705,2.374998,0.5396082,0.5226895,2.426337,0.6051987,0.7095212,2.413796,0.5883779,0.4822447,2.341065,0.668803,0.7269373,2.441145,0.5611957,0.9788495,2.302022
72057594037937085,0,0.6683665,5989.639,0.5622846,0.7064583,2.450349,0.5194755,1.064942,2.211531,0.4648622,0.9261134,2.371035,0.4393377,0.7733716,2.459179,0.4143955,0.5978831,2.415359,0.412834,0.5802302,2.402537,0.6620435,0.916545,2.248417,0.7256613,0.7962704,2.202612,0.8211674,0.7223056,2.127653,0.8193999,0.7168469,2.120878,0.5247026,0.7098731,2.446219,0.3277293,0.5550254,2.369209,0.5141404,0.4815971,2.411882,0.5894595,0.6969937,2.407536,0.5857841,0.4740378,2.317337,0.6660634,0.7284087,2.393382,0.5480028,0.966089,2.269071
72057594037937085,0,0.6683665,5989.644,0.5622846,0.7064583,2.450349,0.5194755,1.064942,2.211531,0.4648622,0.9261134,2.371035,0.4393377,0.7733716,2.459179,0.4143955,0.5978831,2.415359,0.412834,0.5802302,2.402537,0.6620435,0.916545,2.248417,0.7256613,0.7962704,2.202612,0.8211674,0.7223056,2.127653,0.8193999,0.7168469,2.120878,0.5247026,0.7098731,2.446219,0.3277293,0.5550254,2.369209,0.5141404,0.4815971,2.411882,0.5894595,0.6969937,2.407536,0.5857841,0.4740378,2.317337,0.6660634,0.7284087,2.393382,0.5480028,0.966089,2.269071
72057594037937085,0,0.6683665,5989.648,0.5622846,0.7064583,2.450349,0.5194755,1.064942,2.211531,0.4648622,0.9261134,2.371035,0.4393377,0.7733716,2.459179,0.4143955,0.5978831,2.415359,0.412834,0.5802302,2.402537,0.6620435,0.916545,2.248417,0.7256613,0.7962704,2.202612,0.8211674,0.7223056,2.127653,0.8193999,0.7168469,2.120878,0.5247026,0.7098731,2.446219,0.3277293,0.5550254,2.369209,0.5141404,0.4815971,2.411882,0.5894595,0.6969937,2.407536,0.5857841,0.4740378,2.317337,0.6660634,0.7284087,2.393382,0.5480028,0.966089,2.269071
72057594037937085,0,0.6683665,5989.652,0.5622846,0.7064583,2.450349,0.5194755,1.064942,2.211531,0.4648622,0.9261134,2.371035,0.4393377,0.7733716,2.459179,0.4143955,0.5978831,2.415359,0.412834,0.5802302,2.402537,0.6620435,0.916545,2.248417,0.7256613,0.7962704,2.202612,0.8211674,0.7223056,2.127653,0.8193999,0.7168469,2.120878,0.5247026,0.7098731,2.446219,0.3277293,0.5550254,2.369209,0.5141404,0.4815971,2.411882,0.5894595,0.6969937,2.407536,0.5857841,0.4740378,2.317337,0.6660634,0.7284087,2.393382,0.5480028,0.966089,2.269071
72057594037937085,0,0.6683665,5989.656,0.5622846,0.7064583,2.450349,0.5194755,1.064942,2.211531,0.4648622,0.9261134,2.371035,0.4393377,0.7733716,2.459179,0.4143955,0.5978831,2.415359,0.412834,0.5802302,2.402537,0.6620435,0.916545,2.248417,0.7256613,0.7962704,2.202612,0.8211674,0.7223056,2.127653,0.8193999,0.7168469,2.120878,0.5247026,0.7098731,2.446219,0.3277293,0.5550254,2.369209,0.5141404,0.4815971,2.411882,0.5894595,0.6969937,2.407536,0.5857841,0.4740378,2.317337,0.6660634,0.7284087,2.393382,0.5480028,0.966089,2.269071
72057594037937085,0,0.6683665,5989.661,0.5622846,0.7064583,2.450349,0.5194755,1.064942,2.211531,0.4648622,0.9261134,2.371035,0.4393377,0.7733716,2.459179,0.4143955,0.5978831,2.415359,0.412834,0.5802302,2.402537,0.6620435,0.916545,2.248417,0.7256613,0.7962704,2.202612,0.8211674,0.7223056,2.127653,0.8193999,0.7168469,2.120878,0.5247026,0.7098731,2.446219,0.3277293,0.5550254,2.369209,0.5141404,0.4815971,2.411882,0.5894595,0.6969937,2.407536,0.5857841,0.4740378,2.317337,0.6660634,0.7284087,2.393382,0.5480028,0.966089,2.269071
72057594037937085,0,0.6683665,5989.665,0.5622846,0.7064583,2.450349,0.5194755,1.064942,2.211531,0.4648622,0.9261134,2.371035,0.4393377,0.7733716,2.459179,0.4143955,0.5978831,2.415359,0.412834,0.5802302,2.402537,0.6620435,0.916545,2.248417,0.7256613,0.7962704,2.202612,0.8211674,0.7223056,2.127653,0.8193999,0.7168469,2.120878,0.5247026,0.7098731,2.446219,0.3277293,0.5550254,2.369209,0.5141404,0.4815971,2.411882,0.5894595,0.6969937,2.407536,0.5857841,0.4740378,2.317337,0.6660634,0.7284087,2.393382,0.5480028,0.966089,2.269071
72057594037937085,0,0.6741039,5989.669,0.5458791,0.6917503,2.415399,0.5068367,1.051095,2.185296,0.4566554,0.9155605,2.353074,0.4324507,0.7599086,2.436971,0.4034863,0.5931024,2.40109,0.402672,0.5755223,2.381917,0.6537753,0.9135906,2.228714,0.7312808,0.8085119,2.154495,0.7999303,0.693352,2.109239,0.7866161,0.6650532,2.089247,0.5110593,0.69625,2.412536,0.3245353,0.5543417,2.366489,0.5095389,0.4773868,2.409246,0.5703966,0.6814073,2.371352,0.5792796,0.4518261,2.313378,0.679455,0.6996255,2.387523,0.5378995,0.955565,2.246146
72057594037937085,0,0.6741039,5989.674,0.5458791,0.6917503,2.415399,0.5068367,1.051095,2.185296,0.4566554,0.9155605,2.353074,0.4324507,0.7599086,2.436971,0.4034863,0.5931024,2.40109,0.402672,0.5755223,2.381917,0.6537753,0.9135906,2.228714,0.7312808,0.8085119,2.154495,0.7999303,0.693352,2.109239,0.7866161,0.6650532,2.089247,0.5110593,0.69625,2.412536,0.3245353,0.5543417,2.366489,0.5095389,0.4773868,2.409246,0.5703966,0.6814073,2.371352,0.5792796,0.4518261,2.313378,0.679455,0.6996255,2.387523,0.5378995,0.955565,2.246146
72057594037937085,0,0.6741039,5989.678,0.5458791,0.6917503,2.415399,0.5068367,1.051095,2.185296,0.4566554,0.9155605,2.353074,0.4324507,0.7599086,2.436971,0.4034863,0.5931024,2.40109,0.402672,0.5755223,2.381917,0.6537753,0.9135906,2.228714,0.7312808,0.8085119,2.154495,0.7999303,0.693352,2.109239,0.7866161,0.6650532,2.089247,0.5110593,0.69625,2.412536,0.3245353,0.5543417,2.366489,0.5095389,0.4773868,2.409246,0.5703966,0.6814073,2.371352,0.5792796,0.4518261,2.313378,0.679455,0.6996255,2.387523,0.5378995,0.955565,2.246146
72057594037937085,0,0.6741039,5989.682,0.5458791,0.6917503,2.415399,0.5068367,1.051095,2.185296,0.4566554,0.9155605,2.353074,0.4324507,0.7599086,2.436971,0.4034863,0.5931024,2.40109,0.402672,0.5755223,2.381917,0.6537753,0.9135906,2.228714,0.7312808,0.8085119,2.154495,0.7999303,0.693352,2.109239,0.7866161,0.6650532,2.089247,0.5110593,0.69625,2.412536,0.3245353,0.5543417,2.366489,0.5095389,0.4773868,2.409246,0.5703966,0.6814073,2.371352,0.5792796,0.4518261,2.313378,0.679455,0.6996255,2.387523,0.5378995,0.955565,2.246146
72057594037937085,0,0.6741039,5989.687,0.5458791,0.6917503,2.415399,0.5068367,1.051095,2.185296,0.4566554,0.9155605,2.353074,0.4324507,0.7599086,2.436971,0.4034863,0.5931024,2.40109,0.402672,0.5755223,2.381917,0.6537753,0.9135906,2.228714,0.7312808,0.8085119,2.154495,0.7999303,0.693352,2.109239,0.7866161,0.6650532,2.089247,0.5110593,0.69625,2.412536,0.3245353,0.5543417,2.366489,0.5095389,0.4773868,2.409246,0.5703966,0.6814073,2.371352,0.5792796,0.4518261,2.313378,0.679455,0.6996255,2.387523,0.5378995,0.955565,2.246146
72057594037937085,0,0.6741039,5989.691,0.5458791,0.6917503,2.415399,0.5068367,1.051095,2.185296,0.4566554,0.9155605,2.353074,0.4324507,0.7599086,2.436971,0.4034863,0.5931024,2.40109,0.402672,0.5755223,2.381917,0.6537753,0.9135906,2.228714,0.7312808,0.8085119,2.154495,0.7999303,0.693352,2.109239,0.7866161,0.6650532,2.089247,0.5110593,0.69625,2.412536,0.3245353,0.5543417,2.366489,0.5095389,0.4773868,2.409246,0.5703966,0.6814073,2.371352,0.5792796,0.4518261,2.313378,0.679455,0.6996255,2.387523,0.5378995,0.955565,2.246146
72057594037937085,0,0.6741039,5989.695,0.5458791,0.6917503,2.415399,0.5068367,1.051095,2.185296,0.4566554,0.9155605,2.353074,0.4324507,0.7599086,2.436971,0.4034863,0.5931024,2.40109,0.402672,0.5755223,2.381917,0.6537753,0.9135906,2.228714,0.7312808,0.8085119,2.154495,0.7999303,0.693352,2.109239,0.7866161,0.6650532,2.089247,0.5110593,0.69625,2.412536,0.3245353,0.5543417,2.366489,0.5095389,0.4773868,2.409246,0.5703966,0.6814073,2.371352,0.5792796,0.4518261,2.313378,0.679455,0.6996255,2.387523,0.5378995,0.955565,2.246146
72057594037937085,0,0.6741039,5989.699,0.5458791,0.6917503,2.415399,0.5068367,1.051095,2.185296,0.4566554,0.9155605,2.353074,0.4324507,0.7599086,2.436971,0.4034863,0.5931024,2.40109,0.402672,0.5755223,2.381917,0.6537753,0.9135906,2.228714,0.7312808,0.8085119,2.154495,0.7999303,0.693352,2.109239,0.7866161,0.6650532,2.089247,0.5110593,0.69625,2.412536,0.3245353,0.5543417,2.366489,0.5095389,0.4773868,2.409246,0.5703966,0.6814073,2.371352,0.5792796,0.4518261,2.313378,0.679455,0.6996255,2.387523,0.5378995,0.955565,2.246146
72057594037937085,0,0.7030228,5989.704,0.5543012,0.6880682,2.373036,0.4943187,1.035392,2.160871,0.4462617,0.9076859,2.331536,0.4316192,0.7595195,2.421651,0.4063547,0.6128501,2.403935,0.4033433,0.5866842,2.379915,0.6416993,0.9062501,2.197611,0.7184339,0.7986032,2.14082,0.7462282,0.6678383,2.091666,0.7419648,0.613584,2.070969,0.5183697,0.6895615,2.375532,0.3283679,0.5267124,2.355926,0.522607,0.5008049,2.412159,0.5798675,0.6811417,2.323009,0.5622935,0.4504136,2.32297,0.6799334,0.7544561,2.408856,0.5280633,0.9425997,2.219413
72057594037937085,0,0.7030228,5989.708,0.5543012,0.6880682,2.373036,0.4943187,1.035392,2.160871,0.4462617,0.9076859,2.331536,0.4316192,0.7595195,2.421651,0.4063547,0.6128501,2.403935,0.4033433,0.5866842,2.379915,0.6416993,0.9062501,2.197611,0.7184339,0.7986032,2.14082,0.7462282,0.6678383,2.091666,0.7419648,0.613584,2.070969,0.5183697,0.6895615,2.375532,0.3283679,0.5267124,2.355926,0.522607,0.5008049,2.412159,0.5798675,0.6811417,2.323009,0.5622935,0.4504136,2.32297,0.6799334,0.7544561,2.408856,0.5280633,0.9425997,2.219413
72057594037937085,0,0.7030228,5989.712,0.5543012,0.6880682,2.373036,0.4943187,1.035392,2.160871,0.4462617,0.9076859,2.331536,0.4316192,0.7595195,2.421651,0.4063547,0.6128501,2.403935,0.4033433,0.5866842,2.379915,0.6416993,0.9062501,2.197611,0.7184339,0.7986032,2.14082,0.7462282,0.6678383,2.091666,0.7419648,0.613584,2.070969,0.5183697,0.6895615,2.375532,0.3283679,0.5267124,2.355926,0.522607,0.5008049,2.412159,0.5798675,0.6811417,2.323009,0.5622935,0.4504136,2.32297,0.6799334,0.7544561,2.408856,0.5280633,0.9425997,2.219413
72057594037937085,0,0.7030228,5989.717,0.5543012,0.6880682,2.373036,0.4943187,1.035392,2.160871,0.4462617,0.9076859,2.331536,0.4316192,0.7595195,2.421651,0.4063547,0.6128501,2.403935,0.4033433,0.5866842,2.379915,0.6416993,0.9062501,2.197611,0.7184339,0.7986032,2.14082,0.7462282,0.6678383,2.091666,0.7419648,0.613584,2.070969,0.5183697,0.6895615,2.375532,0.3283679,0.5267124,2.355926,0.522607,0.5008049,2.412159,0.5798675,0.6811417,2.323009,0.5622935,0.4504136,2.32297,0.6799334,0.7544561,2.408856,0.5280633,0.9425997,2.219413
72057594037937085,0,0.7030228,5989.721,0.5543012,0.6880682,2.373036,0.4943187,1.035392,2.160871,0.4462617,0.9076859,2.331536,0.4316192,0.7595195,2.421651,0.4063547,0.6128501,2.403935,0.4033433,0.5866842,2.379915,0.6416993,0.9062501,2.197611,0.7184339,0.7986032,2.14082,0.7462282,0.6678383,2.091666,0.7419648,0.613584,2.070969,0.5183697,0.6895615,2.375532,0.3283679,0.5267124,2.355926,0.522607,0.5008049,2.412159,0.5798675,0.6811417,2.323009,0.5622935,0.4504136,2.32297,0.6799334,0.7544561,2.408856,0.5280633,0.9425997,2.219413
72057594037937085,0,0.7030228,5989.726,0.5543012,0.6880682,2.373036,0.4943187,1.035392,2.160871,0.4462617,0.9076859,2.331536,0.4316192,0.7595195,2.421651,0.4063547,0.6128501,2.403935,0.4033433,0.5866842,2.379915,0.6416993,0.9062501,2.197611,0.7184339,0.7986032,2.14082,0.7462282,0.6678383,2.091666,0.7419648,0.613584,2.070969,0.5183697,0.6895615,2.375532,0.3283679,0.5267124,2.355926,0.522607,0.5008049,2.412159,0.5798675,0.6811417,2.323009,0.5622935,0.4504136,2.32297,0.6799334,0.7544561,2.408856,0.5280633,0.9425997,2.219413
72057594037937085,0,0.7030228,5989.73,0.5543012,0.6880682,2.373036,0.4943187,1.035392,2.160871,0.4462617,0.9076859,2.331536,0.4316192,0.7595195,2.421651,0.4063547,0.6128501,2.403935,0.4033433,0.5866842,2.379915,0.6416993,0.9062501,2.197611,0.7184339,0.7986032,2.14082,0.7462282,0.6678383,2.091666,0.7419648,0.613584,2.070969,0.5183697,0.6895615,2.375532,0.3283679,0.5267124,2.355926,0.522607,0.5008049,2.412159,0.5798675,0.6811417,2.323009,0.5622935,0.4504136,2.32297,0.6799334,0.7544561,2.408856,0.5280633,0.9425997,2.219413
72057594037937085,0,0.7030228,5989.735,0.5543012,0.6880682,2.373036,0.4943187,1.035392,2.160871,0.4462617,0.9076859,2.331536,0.4316192,0.7595195,2.421651,0.4063547,0.6128501,2.403935,0.4033433,0.5866842,2.379915,0.6416993,0.9062501,2.197611,0.7184339,0.7986032,2.14082,0.7462282,0.6678383,2.091666,0.7419648,0.613584,2.070969,0.5183697,0.6895615,2.375532,0.3283679,0.5267124,2.355926,0.522607,0.5008049,2.412159,0.5798675,0.6811417,2.323009,0.5622935,0.4504136,2.32297,0.6799334,0.7544561,2.408856,0.5280633,0.9425997,2.219413
72057594037937085,0,0.7102823,5989.74,0.553379,0.6821147,2.360821,0.4786273,1.017238,2.129267,0.4364523,0.8991416,2.310097,0.4300214,0.7467201,2.408192,0.4029303,0.6087474,2.397798,0.3985815,0.5903928,2.370668,0.6303418,0.8945125,2.175415,0.6882775,0.7686818,2.117727,0.6995759,0.6290058,2.076895,0.6930203,0.5836612,2.061972,0.5170332,0.6831799,2.36276,0.3265567,0.5245041,2.353528,0.5324996,0.5114577,2.347102,0.5792546,0.6755757,2.311877,0.5568268,0.4456066,2.315368,0.6720733,0.6759101,2.414891,0.5155767,0.9295849,2.192798
72057594037937085,0,0.7102823,5989.745,0.553379,0.6821147,2.360821,0.4786273,1.017238,2.129267,0.4364523,0.8991416,2.310097,0.4300214,0.7467201,2.408192,0.4029303,0.6087474,2.397798,0.3985815,0.5903928,2.370668,0.6303418,0.8945125,2.175415,0.6882775,0.7686818,2.117727,0.6995759,0.6290058,2.076895,0.6930203,0.5836612,2.061972,0.5170332,0.6831799,2.36276,0.3265567,0.5245041,2.353528,0.5324996,0.5114577,2.347102,0.5792546,0.6755757,2.311877,0.5568268,0.4456066,2.315368,0.6720733,0.6759101,2.414891,0.5155767,0.9295849,2.192798
72057594037937085,0,0.7102823,5989.749,0.553379,0.6821147,2.360821,0.4786273,1.017238,2.129267,0.4364523,0.8991416,2.310097,0.4300214,0.7467201,2.408192,0.4029303,0.6087474,2.397798,0.3985815,0.5903928,2.370668,0.6303418,0.8945125,2.175415,0.6882775,0.7686818,2.117727,0.6995759,0.6290058,2.076895,0.6930203,0.5836612,2.061972,0.5170332,0.6831799,2.36276,0.3265567,0.5245041,2.353528,0.5324996,0.5114577,2.347102,0.5792546,0.6755757,2.311877,0.5568268,0.4456066,2.315368,0.6720733,0.6759101,2.414891,0.5155767,0.9295849,2.192798
72057594037937085,0,0.7102823,5989.753,0.553379,0.6821147,2.360821,0.4786273,1.017238,2.129267,0.4364523,0.8991416,2.310097,0.4300214,0.7467201,2.408192,0.4029303,0.6087474,2.397798,0.3985815,0.5903928,2.370668,0.6303418,0.8945125,2.175415,0.6882775,0.7686818,2.117727,0.6995759,0.6290058,2.076895,0.6930203,0.5836612,2.061972,0.5170332,0.6831799,2.36276,0.3265567,0.5245041,2.353528,0.5324996,0.5114577,2.347102,0.5792546,0.6755757,2.311877,0.5568268,0.4456066,2.315368,0.6720733,0.6759101,2.414891,0.5155767,0.9295849,2.192798
72057594037937085,0,0.7102823,5989.757,0.553379,0.6821147,2.360821,0.4786273,1.017238,2.129267,0.4364523,0.8991416,2.310097,0.4300214,0.7467201,2.408192,0.4029303,0.6087474,2.397798,0.3985815,0.5903928,2.370668,0.6303418,0.8945125,2.175415,0.6882775,0.7686818,2.117727,0.6995759,0.6290058,2.076895,0.6930203,0.5836612,2.061972,0.5170332,0.6831799,2.36276,0.3265567,0.5245041,2.353528,0.5324996,0.5114577,2.347102,0.5792546,0.6755757,2.311877,0.5568268,0.4456066,2.315368,0.6720733,0.6759101,2.414891,0.5155767,0.9295849,2.192798
72057594037937085,0,0.7102823,5989.762,0.553379,0.6821147,2.360821,0.4786273,1.017238,2.129267,0.4364523,0.8991416,2.310097,0.4300214,0.7467201,2.408192,0.4029303,0.6087474,2.397798,0.3985815,0.5903928,2.370668,0.6303418,0.8945125,2.175415,0.6882775,0.7686818,2.117727,0.6995759,0.6290058,2.076895,0.6930203,0.5836612,2.061972,0.5170332,0.6831799,2.36276,0.3265567,0.5245041,2.353528,0.5324996,0.5114577,2.347102,0.5792546,0.6755757,2.311877,0.5568268,0.4456066,2.315368,0.6720733,0.6759101,2.414891,0.5155767,0.9295849,2.192798
72057594037937085,0,0.7102823,5989.767,0.553379,0.6821147,2.360821,0.4786273,1.017238,2.129267,0.4364523,0.8991416,2.310097,0.4300214,0.7467201,2.408192,0.4029303,0.6087474,2.397798,0.3985815,0.5903928,2.370668,0.6303418,0.8945125,2.175415,0.6882775,0.7686818,2.117727,0.6995759,0.6290058,2.076895,0.6930203,0.5836612,2.061972,0.5170332,0.6831799,2.36276,0.3265567,0.5245041,2.353528,0.5324996,0.5114577,2.347102,0.5792546,0.6755757,2.311877,0.5568268,0.4456066,2.315368,0.6720733,0.6759101,2.414891,0.5155767,0.9295849,2.192798
72057594037937085,0,0.7240417,5989.771,0.5508354,0.6695733,2.338112,0.4679137,0.99853,2.101588,0.429706,0.8934629,2.294163,0.4257732,0.7385314,2.388243,0.4021162,0.6003538,2.390635,0.4055341,0.5859912,2.357734,0.6208924,0.8681094,2.137712,0.6804365,0.7444916,2.096452,0.6553696,0.5950969,2.073094,0.6515833,0.557166,2.054165,0.5152459,0.6698726,2.340265,0.3251801,0.523684,2.348073,0.5365061,0.6023223,2.356543,0.5758657,0.6637641,2.289026,0.548669,0.4389411,2.317227,0.6653497,0.6697166,2.414516,0.5047152,0.9153503,2.167871
72057594037937085,0,0.7240417,5989.776,0.5508354,0.6695733,2.338112,0.4679137,0.99853,2.101588,0.429706,0.8934629,2.294163,0.4257732,0.7385314,2.388243,0.4021162,0.6003538,2.390635,0.4055341,0.5859912,2.357734,0.6208924,0.8681094,2.137712,0.6804365,0.7444916,2.096452,0.6553696,0.5950969,2.073094,0.6515833,0.557166,2.054165,0.5152459,0.6698726,2.340265,0.3251801,0.523684,2.348073,0.5365061,0.6023223,2.356543,0.5758657,0.6637641,2.289026,0.548669,0.4389411,2.317227,0.6653497,0.6697166,2.414516,0.5047152,0.9153503,2.167871
72057594037937085,0,0.7240417,5989.78,0.5508354,0.6695733,2.338112,0.4679137,0.99853,2.101588,0.429706,0.8934629,2.294163,0.4257732,0.7385314,2.388243,0.4021162,0.6003538,2.390635,0.4055341,0.5859912,2.357734,0.6208924,0.8681094,2.137712,0.6804365,0.7444916,2.096452,0.6553696,0.5950969,2.073094,0.6515833,0.557166,2.054165,0.5152459,0.6698726,2.340265,0.3251801,0.523684,2.348073,0.5365061,0.6023223,2.356543,0.5758657,0.6637641,2.289026,0.548669,0.4389411,2.317227,0.6653497,0.6697166,2.414516,0.5047152,0.9153503,2.167871
72057594037937085,0,0.7240417,5989.785,0.5508354,0.6695733,2.338112,0.4679137,0.99853,2.101588,0.429706,0.8934629,2.294163,0.4257732,0.7385314,2.388243,0.4021162,0.6003538,2.390635,0.4055341,0.5859912,2.357734,0.6208924,0.8681094,2.137712,0.6804365,0.7444916,2.096452,0.6553696,0.5950969,2.073094,0.6515833,0.557166,2.054165,0.5152459,0.6698726,2.340265,0.3251801,0.523684,2.348073,0.5365061,0.6023223,2.356543,0.5758657,0.6637641,2.289026,0.548669,0.4389411,2.317227,0.6653497,0.6697166,2.414516,0.5047152,0.9153503,2.167871
72057594037937085,0,0.7240417,5989.79,0.5508354,0.6695733,2.338112,0.4679137,0.99853,2.101588,0.429706,0.8934629,2.294163,0.4257732,0.7385314,2.388243,0.4021162,0.6003538,2.390635,0.4055341,0.5859912,2.357734,0.6208924,0.8681094,2.137712,0.6804365,0.7444916,2.096452,0.6553696,0.5950969,2.073094,0.6515833,0.557166,2.054165,0.5152459,0.6698726,2.340265,0.3251801,0.523684,2.348073,0.5365061,0.6023223,2.356543,0.5758657,0.6637641,2.289026,0.548669,0.4389411,2.317227,0.6653497,0.6697166,2.414516,0.5047152,0.9153503,2.167871
72057594037937085,0,0.7240417,5989.794,0.5508354,0.6695733,2.338112,0.4679137,0.99853,2.101588,0.429706,0.8934629,2.294163,0.4257732,0.7385314,2.388243,0.4021162,0.6003538,2.390635,0.4055341,0.5859912,2.357734,0.6208924,0.8681094,2.137712,0.6804365,0.7444916,2.096452,0.6553696,0.5950969,2.073094,0.6515833,0.557166,2.054165,0.5152459,0.6698726,2.340265,0.3251801,0.523684,2.348073,0.5365061,0.6023223,2.356543,0.5758657,0.6637641,2.289026,0.548669,0.4389411,2.317227,0.6653497,0.6697166,2.414516,0.5047152,0.9153503,2.167871
72057594037937085,0,0.7240417,5989.799,0.5508354,0.6695733,2.338112,0.4679137,0.99853,2.101588,0.429706,0.8934629,2.294163,0.4257732,0.7385314,2.388243,0.4021162,0.6003538,2.390635,0.4055341,0.5859912,2.357734,0.6208924,0.8681094,2.137712,0.6804365,0.7444916,2.096452,0.6553696,0.5950969,2.073094,0.6515833,0.557166,2.054165,0.5152459,0.6698726,2.340265,0.3251801,0.523684,2.348073,0.5365061,0.6023223,2.356543,0.5758657,0.6637641,2.289026,0.548669,0.4389411,2.317227,0.6653497,0.6697166,2.414516,0.5047152,0.9153503,2.167871
72057594037937085,0,0.7522708,5989.804,0.555207,0.6486506,2.304921,0.4578275,0.9759804,2.077949,0.4196012,0.8817034,2.272204,0.418696,0.7155027,2.355014,0.3898676,0.5778465,2.346975,0.3807177,0.5640938,2.330306,0.6116767,0.8513293,2.121769,0.6527259,0.7112966,2.066872,0.6121822,0.5350124,2.047801,0.5985262,0.5016212,2.040339,0.5187359,0.6434314,2.306842,0.3244401,0.5257792,2.342286,0.5209968,0.5952004,2.349474,0.5808678,0.6480657,2.255818,0.5511802,0.4259083,2.292674,0.6573868,0.5401751,2.15033,0.4964895,0.8946682,2.142852
72057594037937085,0,0.7522708,5989.809,0.555207,0.6486506,2.304921,0.4578275,0.9759804,2.077949,0.4196012,0.8817034,2.272204,0.418696,0.7155027,2.355014,0.3898676,0.5778465,2.346975,0.3807177,0.5640938,2.330306,0.6116767,0.8513293,2.121769,0.6527259,0.7112966,2.066872,0.6121822,0.5350124,2.047801,0.5985262,0.5016212,2.040339,0.5187359,0.6434314,2.306842,0.3244401,0.5257792,2.342286,0.5209968,0.5952004,2.349474,0.5808678,0.6480657,2.255818,0.5511802,0.4259083,2.292674,0.6573868,0.5401751,2.15033,0.4964895,0.8946682,2.142852
72057594037937085,0,0.7522708,5989.813,0.555207,0.6486506,2.304921,0.4578275,0.9759804,2.077949,0.4196012,0.8817034,2.272204,0.418696,0.7155027,2.355014,0.3898676,0.5778465,2.346975,0.3807177,0.5640938,2.330306,0.6116767,0.8513293,2.121769,0.6527259,0.7112966,2.066872,0.6121822,0.5350124,2.047801,0.5985262,0.5016212,2.040339,0.5187359,0.6434314,2.306842,0.3244401,0.5257792,2.342286,0.5209968,0.5952004,2.349474,0.5808678,0.6480657,2.255818,0.5511802,0.4259083,2.292674,0.6573868,0.5401751,2.15033,0.4964895,0.8946682,2.142852
72057594037937085,0,0.7522708,5989.817,0.555207,0.6486506,2.304921,0.4578275,0.9759804,2.077949,0.4196012,0.8817034,2.272204,0.418696,0.7155027,2.355014,0.3898676,0.5778465,2.346975,0.3807177,0.5640938,2.330306,0.6116767,0.8513293,2.121769,0.6527259,0.7112966,2.066872,0.6121822,0.5350124,2.047801,0.5985262,0.5016212,2.040339,0.5187359,0.6434314,2.306842,0.3244401,0.5257792,2.342286,0.5209968,0.5952004,2.349474,0.5808678,0.6480657,2.255818,0.5511802,0.4259083,2.292674,0.6573868,0.5401751,2.15033,0.4964895,0.8946682,2.142852
72057594037937085,0,0.7522708,5989.822,0.555207,0.6486506,2.304921,0.4578275,0.9759804,2.077949,0.4196012,0.8817034,2.272204,0.418696,0.7155027,2.355014,0.3898676,0.5778465,2.346975,0.3807177,0.5640938,2.330306,0.6116767,0.8513293,2.121769,0.6527259,0.7112966,2.066872,0.6121822,0.5350124,2.047801,0.5985262,0.5016212,2.040339,0.5187359,0.6434314,2.306842,0.3244401,0.5257792,2.342286,0.5209968,0.5952004,2.349474,0.5808678,0.6480657,2.255818,0.5511802,0.4259083,2.292674,0.6573868,0.5401751,2.15033,0.4964895,0.8946682,2.142852
72057594037937085,0,0.7522708,5989.827,0.555207,0.6486506,2.304921,0.4578275,0.9759804,2.077949,0.4196012,0.8817034,2.272204,0.418696,0.7155027,2.355014,0.3898676,0.5778465,2.346975,0.3807177,0.5640938,2.330306,0.6116767,0.8513293,2.121769,0.6527259,0.7112966,2.066872,0.6121822,0.5350124,2.047801,0.5985262,0.5016212,2.040339,0.5187359,0.6434314,2.306842,0.3244401,0.5257792,2.342286,0.5209968,0.5952004,2.349474,0.5808678,0.6480657,2.255818,0.5511802,0.4259083,2.292674,0.6573868,0.5401751,2.15033,0.4964895,0.8946682,2.142852
72057594037937085,0,0.7522708,5989.831,0.555207,0.6486506,2.304921,0.4578275,0.9759804,2.077949,0.4196012,0.8817034,2.272204,0.418696,0.7155027,2.355014,0.3898676,0.5778465,2.346975,0.3807177,0.5640938,2.330306,0.6116767,0.8513293,2.121769,0.6527259,0.7112966,2.066872,0.6121822,0.5350124,2.047801,0.5985262,0.5016212,2.040339,0.5187359,0.6434314,2.306842,0.3244401,0.5257792,2.342286,0.5209968,0.5952004,2.349474,0.5808678,0.6480657,2.255818,0.5511802,0.4259083,2.292674,0.6573868,0.5401751,2.15033,0.4964895,0.8946682,2.142852
72057594037937085,0,0.7439415,5989.835,0.5828385,0.6768802,2.344635,0.4447582,0.951557,2.044239,0.4115521,0.8702563,2.257081,0.410672,0.7053003,2.341932,0.3233009,0.5381957,2.311093,0.3170772,0.5232079,2.304528,0.6109516,0.8496637,2.119758,0.6309336,0.6789814,2.048919,0.6005489,0.5304859,2.04165,0.5671926,0.4825866,2.029015,0.5401794,0.6793393,2.349076,0.3224148,0.5287999,2.336965,0.5183895,0.5959498,2.347217,0.6143749,0.6687469,2.293475,0.5360383,0.4478703,2.268576,0.6126093,0.569409,2.112863,0.4904017,0.8846519,2.126994
72057594037937085,0,0.7439415,5989.839,0.5828385,0.6768802,2.344635,0.4447582,0.951557,2.044239,0.4115521,0.8702563,2.257081,0.410672,0.7053003,2.341932,0.3233009,0.5381957,2.311093,0.3170772,0.5232079,2.304528,0.6109516,0.8496637,2.119758,0.6309336,0.6789814,2.048919,0.6005489,0.5304859,2.04165,0.5671926,0.4825866,2.029015,0.5401794,0.6793393,2.349076,0.3224148,0.5287999,2.336965,0.5183895,0.5959498,2.347217,0.6143749,0.6687469,2.293475,0.5360383,0.4478703,2.268576,0.6126093,0.569409,2.112863,0.4904017,0.8846519,2.126994
72057594037937085,0,0.7439415,5989.844,0.5828385,0.6768802,2.344635,0.4447582,0.951557,2.044239,0.4115521,0.8702563,2.257081,0.410672,0.7053003,2.341932,0.3233009,0.5381957,2.311093,0.3170772,0.5232079,2.304528,0.6109516,0.8496637,2.119758,0.6309336,0.6789814,2.048919,0.6005489,0.5304859,2.04165,0.5671926,0.4825866,2.029015,0.5401794,0.6793393,2.349076,0.3224148,0.5287999,2.336965,0.5183895,0.5959498,2.347217,0.6143749,0.6687469,2.293475,0.5360383,0.4478703,2.268576,0.6126093,0.569409,2.112863,0.4904017,0.8846519,2.126994
72057594037937085,0,0.7439415,5989.848,0.5828385,0.6768802,2.344635,0.4447582,0.951557,2.044239,0.4115521,0.8702563,2.257081,0.410672,0.7053003,2.341932,0.3233009,0.5381957,2.311093,0.3170772,0.5232079,2.304528,0.6109516,0.8496637,2.119758,0.6309336,0.6789814,2.048919,0.6005489,0.5304859,2.04165,0.5671926,0.4825866,2.029015,0.5401794,0.6793393,2.349076,0.3224148,0.5287999,2.336965,0.5183895,0.5959498,2.347217,0.6143749,0.6687469,2.293475,0.5360383,0.4478703,2.268576,0.6126093,0.569409,2.112863,0.4904017,0.8846519,2.126994
72057594037937085,0,0.7439415,5989.852,0.5828385,0.6768802,2.344635,0.4447582,0.951557,2.044239,0.4115521,0.8702563,2.257081,0.410672,0.7053003,2.341932,0.3233009,0.5381957,2.311093,0.3170772,0.5232079,2.304528,0.6109516,0.8496637,2.119758,0.6309336,0.6789814,2.048919,0.6005489,0.5304859,2.04165,0.5671926,0.4825866,2.029015,0.5401794,0.6793393,2.349076,0.3224148,0.5287999,2.336965,0.5183895,0.5959498,2.347217,0.6143749,0.6687469,2.293475,0.5360383,0.4478703,2.268576,0.6126093,0.569409,2.112863,0.4904017,0.8846519,2.126994
72057594037937085,0,0.7439415,5989.856,0.5828385,0.6768802,2.344635,0.4447582,0.951557,2.044239,0.4115521,0.8702563,2.257081,0.410672,0.7053003,2.341932,0.3233009,0.5381957,2.311093,0.3170772,0.5232079,2.304528,0.6109516,0.8496637,2.119758,0.6309336,0.6789814,2.048919,0.6005489,0.5304859,2.04165,0.5671926,0.4825866,2.029015,0.5401794,0.6793393,2.349076,0.3224148,0.5287999,2.336965,0.5183895,0.5959498,2.347217,0.6143749,0.6687469,2.293475,0.5360383,0.4478703,2.268576,0.6126093,0.569409,2.112863,0.4904017,0.8846519,2.126994
72057594037937085,0,0.7439415,5989.86,0.5828385,0.6768802,2.344635,0.4447582,0.951557,2.044239,0.4115521,0.8702563,2.257081,0.410672,0.7053003,2.341932,0.3233009,0.5381957,2.311093,0.3170772,0.5232079,2.304528,0.6109516,0.8496637,2.119758,0.6309336,0.6789814,2.048919,0.6005489,0.5304859,2.04165,0.5671926,0.4825866,2.029015,0.5401794,0.6793393,2.349076,0.3224148,0.5287999,2.336965,0.5183895,0.5959498,2.347217,0.6143749,0.6687469,2.293475,0.5360383,0.4478703,2.268576,0.6126093,0.569409,2.112863,0.4904017,0.8846519,2.126994
72057594037937085,0,0.7439415,5989.865,0.5828385,0.6768802,2.344635,0.4447582,0.951557,2.044239,0.4115521,0.8702563,2.257081,0.410672,0.7053003,2.341932,0.3233009,0.5381957,2.311093,0.3170772,0.5232079,2.304528,0.6109516,0.8496637,2.119758,0.6309336,0.6789814,2.048919,0.6005489,0.5304859,2.04165,0.5671926,0.4825866,2.029015,0.5401794,0.6793393,2.349076,0.3224148,0.5287999,2.336965,0.5183895,0.5959498,2.347217,0.6143749,0.6687469,2.293475,0.5360383,0.4478703,2.268576,0.6126093,0.569409,2.112863,0.4904017,0.8846519,2.126994
72057594037937085,0,0.7513075,5989.87,0.587814,0.675889,2.338766,0.4350771,0.9308749,2.028046,0.4008858,0.8381489,2.245084,0.3952459,0.6767519,2.32722,0.3047256,0.5209017,2.29875,0.2960611,0.5102862,2.288697,0.5792805,0.7978457,2.070318,0.623139,0.6665475,2.033139,0.5816334,0.5271676,2.025261,0.5698782,0.4981231,2.018168,0.5457661,0.6793926,2.344926,0.3076286,0.5340788,2.326449,0.3866278,0.3576676,2.11642,0.6187762,0.6664804,2.28529,0.511779,0.4430367,2.068666,0.5569858,0.5867168,2.201615,0.478204,0.8615612,2.104813
72057594037937085,0,0.7513075,5989.874,0.587814,0.675889,2.338766,0.4350771,0.9308749,2.028046,0.4008858,0.8381489,2.245084,0.3952459,0.6767519,2.32722,0.3047256,0.5209017,2.29875,0.2960611,0.5102862,2.288697,0.5792805,0.7978457,2.070318,0.623139,0.6665475,2.033139,0.5816334,0.5271676,2.025261,0.5698782,0.4981231,2.018168,0.5457661,0.6793926,2.344926,0.3076286,0.5340788,2.326449,0.3866278,0.3576676,2.11642,0.6187762,0.6664804,2.28529,0.511779,0.4430367,2.068666,0.5569858,0.5867168,2.201615,0.478204,0.8615612,2.104813
72057594037937085,0,0.7513075,5989.879,0.587814,0.675889,2.338766,0.4350771,0.9308749,2.028046,0.4008858,0.8381489,2.245084,0.3952459,0.6767519,2.32722,0.3047256,0.5209017,2.29875,0.2960611,0.5102862,2.288697,0.5792805,0.7978457,2.070318,0.623139,0.6665475,2.033139,0.5816334,0.5271676,2.025261,0.5698782,0.4981231,2.018168,0.5457661,0.6793926,2.344926,0.3076286,0.5340788,2.326449,0.3866278,0.3576676,2.11642,0.6187762,0.6664804,2.28529,0.511779,0.4430367,2.068666,0.5569858,0.5867168,2.201615,0.478204,0.8615612,2.104813
72057594037937085,0,0.7513075,5989.884,0.587814,0.675889,2.338766,0.4350771,0.9308749,2.028046,0.4008858,0.8381489,2.245084,0.3952459,0.6767519,2.32722,0.3047256,0.5209017,2.29875,0.2960611,0.5102862,2.288697,0.5792805,0.7978457,2.070318,0.623139,0.6665475,2.033139,0.5816334,0.5271676,2.025261,0.5698782,0.4981231,2.018168,0.5457661,0.6793926,2.344926,0.3076286,0.5340788,2.326449,0.3866278,0.3576676,2.11642,0.6187762,0.6664804,2.28529,0.511779,0.4430367,2.068666,0.5569858,0.5867168,2.201615,0.478204,0.8615612,2.104813
72057594037937085,0,0.7513075,5989.889,0.587814,0.675889,2.338766,0.4350771,0.9308749,2.028046,0.4008858,0.8381489,2.245084,0.3952459,0.6767519,2.32722,0.3047256,0.5209017,2.29875,0.2960611,0.5102862,2.288697,0.5792805,0.7978457,2.070318,0.623139,0.6665475,2.033139,0.5816334,0.5271676,2.025261,0.5698782,0.4981231,2.018168,0.5457661,0.6793926,2.344926,0.3076286,0.5340788,2.326449,0.3866278,0.3576676,2.11642,0.6187762,0.6664804,2.28529,0.511779,0.4430367,2.068666,0.5569858,0.5867168,2.201615,0.478204,0.8615612,2.104813
72057594037937085,0,0.7513075,5989.894,0.587814,0.675889,2.338766,0.4350771,0.9308749,2.028046,0.4008858,0.8381489,2.245084,0.3952459,0.6767519,2.32722,0.3047256,0.5209017,2.29875,0.2960611,0.5102862,2.288697,0.5792805,0.7978457,2.070318,0.623139,0.6665475,2.033139,0.5816334,0.5271676,2.025261,0.5698782,0.4981231,2.018168,0.5457661,0.6793926,2.344926,0.3076286,0.5340788,2.326449,0.3866278,0.3576676,2.11642,0.6187762,0.6664804,2.28529,0.511779,0.4430367,2.068666,0.5569858,0.5867168,2.201615,0.478204,0.8615612,2.104813
72057594037937085,0,0.7513075,5989.898,0.587814,0.675889,2.338766,0.4350771,0.9308749,2.028046,0.4008858,0.8381489,2.245084,0.3952459,0.6767519,2.32722,0.3047256,0.5209017,2.29875,0.2960611,0.5102862,2.288697,0.5792805,0.7978457,2.070318,0.623139,0.6665475,2.033139,0.5816334,0.5271676,2.025261,0.5698782,0.4981231,2.018168,0.5457661,0.6793926,2.344926,0.3076286,0.5340788,2.326449,0.3866278,0.3576676,2.11642,0.6187762,0.6664804,2.28529,0.511779,0.4430367,2.068666,0.5569858,0.5867168,2.201615,0.478204,0.8615612,2.104813
72057594037937085,0,0.7536451,5989.902,0.5809244,0.6653571,2.329543,0.4183125,0.9030102,2.007175,0.3921483,0.8178364,2.24105,0.3722717,0.6585841,2.315008,0.2908678,0.5161428,2.295302,0.2508963,0.4893174,2.286259,0.5686252,0.7842695,2.061949,0.5743253,0.5953484,2.022512,0.5858374,0.456219,2.025395,0.554302,0.4526199,2.012547,0.5431437,0.6753162,2.343806,0.282796,0.5331019,2.317424,0.3579802,0.3467635,2.114779,0.6052562,0.6464397,2.261346,0.4907587,0.4224909,2.049482,0.5398292,0.5683218,2.179002,0.4646253,0.840693,2.088085
72057594037937085,0,0.7536451,5989.907,0.5809244,0.6653571,2.329543,0.4183125,0.9030102,2.007175,0.3921483,0.8178364,2.24105,0.3722717,0.6585841,2.315008,0.2908678,0.5161428,2.295302,0.2508963,0.4893174,2.286259,0.5686252,0.7842695,2.061949,0.5743253,0.5953484,2.022512,0.5858374,0.456219,2.025395,0.554302,0.4526199,2.012547,0.5431437,0.6753162,2.343806,0.282796,0.5331019,2.317424,0.3579802,0.3467635,2.114779,0.6052562,0.6464397,2.261346,0.4907587,0.4224909,2.049482,0.5398292,0.5683218,2.179002,0.4646253,0.840693,2.088085
72057594037937085,0,0.7536451,5989.911,0.5809244,0.6653571,2.329543,0.4183125,0.9030102,2.007175,0.3921483,0.8178364,2.24105,0.3722717,0.6585841,2.315008,0.2908678,0.5161428,2.295302,0.2508963,0.4893174,2.286259,0.5686252,0.7842695,2.061949,0.5743253,0.5953484,2.022512,0.5858374,0.456219,2.025395,0.554302,0.4526199,2.012547,0.5431437,0.6753162,2.343806,0.282796,0.5331019,2.317424,0.3579802,0.3467635,2.114779,0.6052562,0.6464397,2.261346,0.4907587,0.4224909,2.049482,0.5398292,0.5683218,2.179002,0.4646253,0.840693,2.088085
72057594037937085,0,0.7536451,5989.915,0.5809244,0.6653571,2.329543,0.4183125,0.9030102,2.007175,0.3921483,0.8178364,2.24105,0.3722717,0.6585841,2.315008,0.2908678,0.5161428,2.295302,0.2508963,0.4893174,2.286259,0.5686252,0.7842695,2.061949,0.5743253,0.5953484,2.022512,0.5858374,0.456219,2.025395,0.554302,0.4526199,2.012547,0.5431437,0.6753162,2.343806,0.282796,0.5331019,2.317424,0.3579802,0.3467635,2.114779,0.6052562,0.6464397,2.261346,0.4907587,0.4224909,2.049482,0.5398292,0.5683218,2.179002,0.4646253,0.840693,2.088085
72057594037937085,0,0.7536451,5989.92,0.5809244,0.6653571,2.329543,0.4183125,0.9030102,2.007175,0.3921483,0.8178364,2.24105,0.3722717,0.6585841,2.315008,0.2908678,0.5161428,2.295302,0.2508963,0.4893174,2.286259,0.5686252,0.7842695,2.061949,0.5743253,0.5953484,2.022512,0.5858374,0.456219,2.025395,0.554302,0.4526199,2.012547,0.5431437,0.6753162,2.343806,0.282796,0.5331019,2.317424,0.3579802,0.3467635,2.114779,0.6052562,0.6464397,2.261346,0.4907587,0.4224909,2.049482,0.5398292,0.5683218,2.179002,0.4646253,0.840693,2.088085
72057594037937085,0,0.7536451,5989.924,0.5809244,0.6653571,2.329543,0.4183125,0.9030102,2.007175,0.3921483,0.8178364,2.24105,0.3722717,0.6585841,2.315008,0.2908678,0.5161428,2.295302,0.2508963,0.4893174,2.286259,0.5686252,0.7842695,2.061949,0.5743253,0.5953484,2.022512,0.5858374,0.456219,2.025395,0.554302,0.4526199,2.012547,0.5431437,0.6753162,2.343806,0.282796,0.5331019,2.317424,0.3579802,0.3467635,2.114779,0.6052562,0.6464397,2.261346,0.4907587,0.4224909,2.049482,0.5398292,0.5683218,2.179002,0.4646253,0.840693,2.088085
72057594037937085,0,0.7536451,5989.928,0.5809244,0.6653571,2.329543,0.4183125,0.9030102,2.007175,0.3921483,0.8178364,2.24105,0.3722717,0.6585841,2.315008,0.2908678,0.5161428,2.295302,0.2508963,0.4893174,2.286259,0.5686252,0.7842695,2.061949,0.5743253,0.5953484,2.022512,0.5858374,0.456219,2.025395,0.554302,0.4526199,2.012547,0.5431437,0.6753162,2.343806,0.282796,0.5331019,2.317424,0.3579802,0.3467635,2.114779,0.6052562,0.6464397,2.261346,0.4907587,0.4224909,2.049482,0.5398292,0.5683218,2.179002,0.4646253,0.840693,2.088085
72057594037937085,0,0.7536451,5989.932,0.5809244,0.6653571,2.329543,0.4183125,0.9030102,2.007175,0.3921483,0.8178364,2.24105,0.3722717,0.6585841,2.315008,0.2908678,0.5161428,2.295302,0.2508963,0.4893174,2.286259,0.5686252,0.7842695,2.061949,0.5743253,0.5953484,2.022512,0.5858374,0.456219,2.025395,0.554302,0.4526199,2.012547,0.5431437,0.6753162,2.343806,0.282796,0.5331019,2.317424,0.3579802,0.3467635,2.114779,0.6052562,0.6464397,2.261346,0.4907587,0.4224909,2.049482,0.5398292,0.5683218,2.179002,0.4646253,0.840693,2.088085
72057594037937085,0,0.7636805,5989.937,0.571187,0.6406443,2.310792,0.4038454,0.8745527,1.987087,0.3817892,0.7942647,2.233956,0.3471042,0.6327785,2.302073,0.2807987,0.5087531,2.291966,0.2510024,0.4948795,2.2785,0.5480271,0.7509711,2.04062,0.5672916,0.5771981,2.012925,0.4849676,0.418549,1.995296,0.4756081,0.4014407,1.994337,0.5366211,0.6563715,2.332861,0.2643761,0.5297584,2.310354,0.3472571,0.3430403,2.111151,0.595675,0.6232536,2.242944,0.4451098,0.4328533,2.019314,0.5249761,0.5533417,2.157979,0.4518346,0.8157245,2.06808
72057594037937085,0,0.7636805,5989.94,0.571187,0.6406443,2.310792,0.4038454,0.8745527,1.987087,0.3817892,0.7942647,2.233956,0.3471042,0.6327785,2.302073,0.2807987,0.5087531,2.291966,0.2510024,0.4948795,2.2785,0.5480271,0.7509711,2.04062,0.5672916,0.5771981,2.012925,0.4849676,0.418549,1.995296,0.4756081,0.4014407,1.994337,0.5366211,0.6563715,2.332861,0.2643761,0.5297584,2.310354,0.3472571,0.3430403,2.111151,0.595675,0.6232536,2.242944,0.4451098,0.4328533,2.019314,0.5249761,0.5533417,2.157979,0.4518346,0.8157245,2.06808
72057594037937085,0,0.7636805,5989.946,0.571187,0.6406443,2.310792,0.4038454,0.8745527,1.987087,0.3817892,0.7942647,2.233956,0.3471042,0.6327785,2.302073,0.2807987,0.5087531,2.291966,0.2510024,0.4948795,2.2785,0.5480271,0.7509711,2.04062,0.5672916,0.5771981,2.012925,0.4849676,0.418549,1.995296,0.4756081,0.4014407,1.994337,0.5366211,0.6563715,2.332861,0.2643761,0.5297584,2.310354,0.3472571,0.3430403,2.111151,0.595675,0.6232536,2.242944,0.4451098,0.4328533,2.019314,0.5249761,0.5533417,2.157979,0.4518346,0.8157245,2.06808
72057594037937085,0,0.7636805,5989.95,0.571187,0.6406443,2.310792,0.4038454,0.8745527,1.987087,0.3817892,0.7942647,2.233956,0.3471042,0.6327785,2.302073,0.2807987,0.5087531,2.291966,0.2510024,0.4948795,2.2785,0.5480271,0.7509711,2.04062,0.5672916,0.5771981,2.012925,0.4849676,0.418549,1.995296,0.4756081,0.4014407,1.994337,0.5366211,0.6563715,2.332861,0.2643761,0.5297584,2.310354,0.3472571,0.3430403,2.111151,0.595675,0.6232536,2.242944,0.4451098,0.4328533,2.019314,0.5249761,0.5533417,2.157979,0.4518346,0.8157245,2.06808
72057594037937085,0,0.7636805,5989.955,0.571187,0.6406443,2.310792,0.4038454,0.8745527,1.987087,0.3817892,0.7942647,2.233956,0.3471042,0.6327785,2.302073,0.2807987,0.5087531,2.291966,0.2510024,0.4948795,2.2785,0.5480271,0.7509711,2.04062,0.5672916,0.5771981,2.012925,0.4849676,0.418549,1.995296,0.4756081,0.4014407,1.994337,0.5366211,0.6563715,2.332861,0.2643761,0.5297584,2.310354,0.3472571,0.3430403,2.111151,0.595675,0.6232536,2.242944,0.4451098,0.4328533,2.019314,0.5249761,0.5533417,2.157979,0.4518346,0.8157245,2.06808
72057594037937085,0,0.7636805,5989.959,0.571187,0.6406443,2.310792,0.4038454,0.8745527,1.987087,0.3817892,0.7942647,2.233956,0.3471042,0.6327785,2.302073,0.2807987,0.5087531,2.291966,0.2510024,0.4948795,2.2785,0.5480271,0.7509711,2.04062,0.5672916,0.5771981,2.012925,0.4849676,0.418549,1.995296,0.4756081,0.4014407,1.994337,0.5366211,0.6563715,2.332861,0.2643761,0.5297584,2.310354,0.3472571,0.3430403,2.111151,0.595675,0.6232536,2.242944,0.4451098,0.4328533,2.019314,0.5249761,0.5533417,2.157979,0.4518346,0.8157245,2.06808
72057594037937085,0,0.7636805,5989.964,0.571187,0.6406443,2.310792,0.4038454,0.8745527,1.987087,0.3817892,0.7942647,2.233956,0.3471042,0.6327785,2.302073,0.2807987,0.5087531,2.291966,0.2510024,0.4948795,2.2785,0.5480271,0.7509711,2.04062,0.5672916,0.5771981,2.012925,0.4849676,0.418549,1.995296,0.4756081,0.4014407,1.994337,0.5366211,0.6563715,2.332861,0.2643761,0.5297584,2.310354,0.3472571,0.3430403,2.111151,0.595675,0.6232536,2.242944,0.4451098,0.4328533,2.019314,0.5249761,0.5533417,2.157979,0.4518346,0.8157245,2.06808
72057594037937085,0,0.7656564,5989.968,0.5711191,0.6451138,2.304682,0.3875576,0.8449477,1.965328,0.3653869,0.7724227,2.22462,0.3343996,0.628624,2.287363,0.2659902,0.5057579,2.28179,0.2479996,0.5042767,2.267065,0.5335438,0.7301831,2.02959,0.5516561,0.568271,1.994463,0.4719423,0.4520749,1.978371,0.4688853,0.4191607,1.980883,0.5365909,0.6616479,2.325771,0.2491306,0.5282661,2.300961,0.3487071,0.3475685,2.103923,0.5952246,0.6255987,2.237594,0.4488494,0.4114841,2.035353,0.5198257,0.5779749,2.134463,0.4388388,0.7933335,2.048613
72057594037937085,0,0.7656564,5989.974,0.5711191,0.6451138,2.304682,0.3875576,0.8449477,1.965328,0.3653869,0.7724227,2.22462,0.3343996,0.628624,2.287363,0.2659902,0.5057579,2.28179,0.2479996,0.5042767,2.267065,0.5335438,0.7301831,2.02959,0.5516561,0.568271,1.994463,0.4719423,0.4520749,1.978371,0.4688853,0.4191607,1.980883,0.5365909,0.6616479,2.325771,0.2491306,0.5282661,2.300961,0.3487071,0.3475685,2.103923,0.5952246,0.6255987,2.237594,0.4488494,0.4114841,2.035353,0.5198257,0.5779749,2.134463,0.4388388,0.7933335,2.048613
72057594037937085,0,0.7656564,5989.979,0.5711191,0.6451138,2.304682,0.3875576,0.8449477,1.965328,0.3653869,0.7724227,2.22462,0.3343996,0.628624,2.287363,0.2659902,0.5057579,2.28179,0.2479996,0.5042767,2.267065,0.5335438,0.7301831,2.02959,0.5516561,0.568271,1.994463,0.4719423,0.4520749,1.978371,0.4688853,0.4191607,1.980883,0.5365909,0.6616479,2.325771,0.2491306,0.5282661,2.300961,0.3487071,0.3475685,2.103923,0.5952246,0.6255987,2.237594,0.4488494,0.4114841,2.035353,0.5198257,0.5779749,2.134463,0.4388388,0.7933335,2.048613
72057594037937085,0,0.7656564,5989.982,0.5711191,0.6451138,2.304682,0.3875576,0.8449477,1.965328,0.3653869,0.7724227,2.22462,0.3343996,0.628624,2.287363,0.2659902,0.5057579,2.28179,0.2479996,0.5042767,2.267065,0.5335438,0.7301831,2.02959,0.5516561,0.568271,1.994463,0.4719423,0.4520749,1.978371,0.4688853,0.4191607,1.980883,0.5365909,0.6616479,2.325771,0.2491306,0.5282661,2.300961,0.3487071,0.3475685,2.103923,0.5952246,0.6255987,2.237594,0.4488494,0.4114841,2.035353,0.5198257,0.5779749,2.134463,0.4388388,0.7933335,2.048613
72057594037937085,0,0.7656564,5989.987,0.5711191,0.6451138,2.304682,0.3875576,0.8449477,1.965328,0.3653869,0.7724227,2.22462,0.3343996,0.628624,2.287363,0.2659902,0.5057579,2.28179,0.2479996,0.5042767,2.267065,0.5335438,0.7301831,2.02959,0.5516561,0.568271,1.994463,0.4719423,0.4520749,1.978371,0.4688853,0.4191607,1.980883,0.5365909,0.6616479,2.325771,0.2491306,0.5282661,2.300961,0.3487071,0.3475685,2.103923,0.5952246,0.6255987,2.237594,0.4488494,0.4114841,2.035353,0.5198257,0.5779749,2.134463,0.4388388,0.7933335,2.048613
72057594037937085,0,0.7656564,5989.992,0.5711191,0.6451138,2.304682,0.3875576,0.8449477,1.965328,0.3653869,0.7724227,2.22462,0.3343996,0.628624,2.287363,0.2659902,0.5057579,2.28179,0.2479996,0.5042767,2.267065,0.5335438,0.7301831,2.02959,0.5516561,0.568271,1.994463,0.4719423,0.4520749,1.978371,0.4688853,0.4191607,1.980883,0.5365909,0.6616479,2.325771,0.2491306,0.5282661,2.300961,0.3487071,0.3475685,2.103923,0.5952246,0.6255987,2.237594,0.4488494,0.4114841,2.035353,0.5198257,0.5779749,2.134463,0.4388388,0.7933335,2.048613
72057594037937085,0,0.7656564,5989.997,0.5711191,0.6451138,2.304682,0.3875576,0.8449477,1.965328,0.3653869,0.7724227,2.22462,0.3343996,0.628624,2.287363,0.2659902,0.5057579,2.28179,0.2479996,0.5042767,2.267065,0.5335438,0.7301831,2.02959,0.5516561,0.568271,1.994463,0.4719423,0.4520749,1.978371,0.4688853,0.4191607,1.980883,0.5365909,0.6616479,2.325771,0.2491306,0.5282661,2.300961,0.3487071,0.3475685,2.103923,0.5952246,0.6255987,2.237594,0.4488494,0.4114841,2.035353,0.5198257,0.5779749,2.134463,0.4388388,0.7933335,2.048613
72057594037937085,0,0.7656564,5990,0.5711191,0.6451138,2.304682,0.3875576,0.8449477,1.965328,0.3653869,0.7724227,2.22462,0.3343996,0.628624,2.287363,0.2659902,0.5057579,2.28179,0.2479996,0.5042767,2.267065,0.5335438,0.7301831,2.02959,0.5516561,0.568271,1.994463,0.4719423,0.4520749,1.978371,0.4688853,0.4191607,1.980883,0.5365909,0.6616479,2.325771,0.2491306,0.5282661,2.300961,0.3487071,0.3475685,2.103923,0.5952246,0.6255987,2.237594,0.4488494,0.4114841,2.035353,0.5198257,0.5779749,2.134463,0.4388388,0.7933335,2.048613
72057594037937085,0,0.8194876,5990.005,0.5882991,0.6317998,2.241472,0.3751543,0.818118,1.951681,0.3427027,0.7460192,2.222203,0.3062695,0.6101146,2.269691,0.2444626,0.4841194,2.267208,0.2337369,0.4977256,2.251174,0.5131966,0.703553,2.024929,0.5420931,0.5617465,1.980775,0.4288718,0.4823083,1.944539,0.4512092,0.4552803,1.974056,0.5594647,0.6456443,2.266354,0.272681,0.5192655,2.289839,0.379722,0.3512492,2.085582,0.6054435,0.6129286,2.169941,0.4298151,0.3878349,2.010716,0.5173954,0.5787244,2.129804,0.4289191,0.7659433,2.028292
72057594037937085,0,0.8194876,5990.009,0.5882991,0.6317998,2.241472,0.3751543,0.818118,1.951681,0.3427027,0.7460192,2.222203,0.3062695,0.6101146,2.269691,0.2444626,0.4841194,2.267208,0.2337369,0.4977256,2.251174,0.5131966,0.703553,2.024929,0.5420931,0.5617465,1.980775,0.4288718,0.4823083,1.944539,0.4512092,0.4552803,1.974056,0.5594647,0.6456443,2.266354,0.272681,0.5192655,2.289839,0.379722,0.3512492,2.085582,0.6054435,0.6129286,2.169941,0.4298151,0.3878349,2.010716,0.5173954,0.5787244,2.129804,0.4289191,0.7659433,2.028292
72057594037937085,0,0.8194876,5990.014,0.5882991,0.6317998,2.241472,0.3751543,0.818118,1.951681,0.3427027,0.7460192,2.222203,0.3062695,0.6101146,2.269691,0.2444626,0.4841194,2.267208,0.2337369,0.4977256,2.251174,0.5131966,0.703553,2.024929,0.5420931,0.5617465,1.980775,0.4288718,0.4823083,1.944539,0.4512092,0.4552803,1.974056,0.5594647,0.6456443,2.266354,0.272681,0.5192655,2.289839,0.379722,0.3512492,2.085582,0.6054435,0.6129286,2.169941,0.4298151,0.3878349,2.010716,0.5173954,0.5787244,2.129804,0.4289191,0.7659433,2.028292
72057594037937085,0,0.8194876,5990.019,0.5882991,0.6317998,2.241472,0.3751543,0.818118,1.951681,0.3427027,0.7460192,2.222203,0.3062695,0.6101146,2.269691,0.2444626,0.4841194,2.267208,0.2337369,0.4977256,2.251174,0.5131966,0.703553,2.024929,0.5420931,0.5617465,1.980775,0.4288718,0.4823083,1.944539,0.4512092,0.4552803,1.974056,0.5594647,0.6456443,2.266354,0.272681,0.5192655,2.289839,0.379722,0.3512492,2.085582,0.6054435,0.6129286,2.169941,0.4298151,0.3878349,2.010716,0.5173954,0.5787244,2.129804,0.4289191,0.7659433,2.028292
72057594037937085,0,0.8194876,5990.023,0.5882991,0.6317998,2.241472,0.3751543,0.818118,1.951681,0.3427027,0.7460192,2.222203,0.3062695,0.6101146,2.269691,0.2444626,0.4841194,2.267208,0.2337369,0.4977256,2.251174,0.5131966,0.703553,2.024929,0.5420931,0.5617465,1.980775,0.4288718,0.4823083,1.944539,0.4512092,0.4552803,1.974056,0.5594647,0.6456443,2.266354,0.272681,0.5192655,2.289839,0.379722,0.3512492,2.085582,0.6054435,0.6129286,2.169941,0.4298151,0.3878349,2.010716,0.5173954,0.5787244,2.129804,0.4289191,0.7659433,2.028292
72057594037937085,0,0.8194876,5990.028,0.5882991,0.6317998,2.241472,0.3751543,0.818118,1.951681,0.3427027,0.7460192,2.222203,0.3062695,0.6101146,2.269691,0.2444626,0.4841194,2.267208,0.2337369,0.4977256,2.251174,0.5131966,0.703553,2.024929,0.5420931,0.5617465,1.980775,0.4288718,0.4823083,1.944539,0.4512092,0.4552803,1.974056,0.5594647,0.6456443,2.266354,0.272681,0.5192655,2.289839,0.379722,0.3512492,2.085582,0.6054435,0.6129286,2.169941,0.4298151,0.3878349,2.010716,0.5173954,0.5787244,2.129804,0.4289191,0.7659433,2.028292
72057594037937085,0,0.8194876,5990.033,0.5882991,0.6317998,2.241472,0.3751543,0.818118,1.951681,0.3427027,0.7460192,2.222203,0.3062695,0.6101146,2.269691,0.2444626,0.4841194,2.267208,0.2337369,0.4977256,2.251174,0.5131966,0.703553,2.024929,0.5420931,0.5617465,1.980775,0.4288718,0.4823083,1.944539,0.4512092,0.4552803,1.974056,0.5594647,0.6456443,2.266354,0.272681,0.5192655,2.289839,0.379722,0.3512492,2.085582,0.6054435,0.6129286,2.169941,0.4298151,0.3878349,2.010716,0.5173954,0.5787244,2.129804,0.4289191,0.7659433,2.028292
72057594037937085,0,0.8229178,5990.039,0.5862775,0.6249569,2.2368,0.3586475,0.7839141,1.930704,0.3214436,0.7120766,2.214846,0.2807416,0.5799204,2.254786,0.2267452,0.451733,2.265203,0.2058228,0.4544891,2.230554,0.4927359,0.6687673,2.015254,0.5085543,0.4876975,1.967792,0.4389333,0.3689098,1.989014,0.4343984,0.3438263,1.973143,0.5575998,0.6380641,2.259657,0.2783015,0.4941459,2.277719,0.3987586,0.3452586,2.066159,0.6032958,0.6067926,2.166924,0.4258981,0.384826,2.004987,0.5168433,0.5708677,2.118654,0.4160266,0.7378259,2.009479
72057594037937085,0,0.8229178,5990.043,0.5862775,0.6249569,2.2368,0.3586475,0.7839141,1.930704,0.3214436,0.7120766,2.214846,0.2807416,0.5799204,2.254786,0.2267452,0.451733,2.265203,0.2058228,0.4544891,2.230554,0.4927359,0.6687673,2.015254,0.5085543,0.4876975,1.967792,0.4389333,0.3689098,1.989014,0.4343984,0.3438263,1.973143,0.5575998,0.6380641,2.259657,0.2783015,0.4941459,2.277719,0.3987586,0.3452586,2.066159,0.6032958,0.6067926,2.166924,0.4258981,0.384826,2.004987,0.5168433,0.5708677,2.118654,0.4160266,0.7378259,2.009479
72057594037937085,0,0.8229178,5990.048,0.5862775,0.6249569,2.2368,0.3586475,0.7839141,1.930704,0.3214436,0.7120766,2.214846,0.2807416,0.5799204,2.254786,0.2267452,0.451733,2.265203,0.2058228,0.4544891,2.230554,0.4927359,0.6687673,2.015254,0.5085543,0.4876975,1.967792,0.4389333,0.3689098,1.989014,0.4343984,0.3438263,1.973143,0.5575998,0.6380641,2.259657,0.2783015,0.4941459,2.277719,0.3987586,0.3452586,2.066159,0.6032958,0.6067926,2.166924,0.4258981,0.384826,2.004987,0.5168433,0.5708677,2.118654,0.4160266,0.7378259,2.009479
72057594037937085,0,0.8229178,5990.052,0.5862775,0.6249569,2.2368,0.3586475,0.7839141,1.930704,0.3214436,0.7120766,2.214846,0.2807416,0.5799204,2.254786,0.2267452,0.451733,2.265203,0.2058228,0.4544891,2.230554,0.4927359,0.6687673,2.015254,0.5085543,0.4876975,1.967792,0.4389333,0.3689098,1.989014,0.4343984,0.3438263,1.973143,0.5575998,0.6380641,2.259657,0.2783015,0.4941459,2.277719,0.3987586,0.3452586,2.066159,0.6032958,0.6067926,2.166924,0.4258981,0.384826,2.004987,0.5168433,0.5708677,2.118654,0.4160266,0.7378259,2.009479
72057594037937085,0,0.8229178,5990.056,0.5862775,0.6249569,2.2368,0.3586475,0.7839141,1.930704,0.3214436,0.7120766,2.214846,0.2807416,0.5799204,2.254786,0.2267452,0.451733,2.265203,0.2058228,0.4544891,2.230554,0.4927359,0.6687673,2.015254,0.5085543,0.4876975,1.967792,0.4389333,0.3689098,1.989014,0.4343984,0.3438263,1.973143,0.5575998,0.6380641,2.259657,0.2783015,0.4941459,2.277719,0.3987586,0.3452586,2.066159,0.6032958,0.6067926,2.166924,0.4258981,0.384826,2.004987,0.5168433,0.5708677,2.118654,0.4160266,0.7378259,2.009479
72057594037937085,0,0.8229178,5990.061,0.5862775,0.6249569,2.2368,0.3586475,0.7839141,1.930704,0.3214436,0.7120766,2.214846,0.2807416,0.5799204,2.254786,0.2267452,0.451733,2.265203,0.2058228,0.4544891,2.230554,0.4927359,0.6687673,2.015254,0.5085543,0.4876975,1.967792,0.4389333,0.3689098,1.989014,0.4343984,0.3438263,1.973143,0.5575998,0.6380641,2.259657,0.2783015,0.4941459,2.277719,0.3987586,0.3452586,2.066159,0.6032958,0.6067926,2.166924,0.4258981,0.384826,2.004987,0.5168433,0.5708677,2.118654,0.4160266,0.7378259,2.009479
72057594037937085,0,0.8229178,5990.065,0.5862775,0.6249569,2.2368,0.3586475,0.7839141,1.930704,0.3214436,0.7120766,2.214846,0.2807416,0.5799204,2.254786,0.2267452,0.451733,2.265203,0.2058228,0.4544891,2.230554,0.4927359,0.6687673,2.015254,0.5085543,0.4876975,1.967792,0.4389333,0.3689098,1.989014,0.4343984,0.3438263,1.973143,0.5575998,0.6380641,2.259657,0.2783015,0.4941459,2.277719,0.3987586,0.3452586,2.066159,0.6032958,0.6067926,2.166924,0.4258981,0.384826,2.004987,0.5168433,0.5708677,2.118654,0.4160266,0.7378259,2.009479
72057594037937085,0,0.8166512,5990.07,0.5692505,0.5982206,2.241209,0.3495567,0.7632646,1.92265,0.3028283,0.687906,2.214262,0.2718723,0.5591713,2.252465,0.1985427,0.4395504,2.244519,0.1443794,0.4127205,2.247446,0.4694736,0.6331561,2.068137,0.5094805,0.503868,1.958234,0.4302249,0.3891996,1.970955,0.4268291,0.3544837,1.963688,0.5395417,0.6114325,2.265275,0.2635384,0.4631924,2.286497,0.3883026,0.3324493,2.06558,0.5875868,0.5806093,2.170299,0.4112629,0.3465313,2.028686,0.5314421,0.5784981,2.121643,0.4042818,0.7153202,2.002301
72057594037937085,0,0.8166512,5990.074,0.5692505,0.5982206,2.241209,0.3495567,0.7632646,1.92265,0.3028283,0.687906,2.214262,0.2718723,0.5591713,2.252465,0.1985427,0.4395504,2.244519,0.1443794,0.4127205,2.247446,0.4694736,0.6331561,2.068137,0.5094805,0.503868,1.958234,0.4302249,0.3891996,1.970955,0.4268291,0.3544837,1.963688,0.5395417,0.6114325,2.265275,0.2635384,0.4631924,2.286497,0.3883026,0.3324493,2.06558,0.5875868,0.5806093,2.170299,0.4112629,0.3465313,2.028686,0.5314421,0.5784981,2.121643,0.4042818,0.7153202,2.002301
72057594037937085,0,0.8166512,5990.078,0.5692505,0.5982206,2.241209,0.3495567,0.7632646,1.92265,0.3028283,0.687906,2.214262,0.2718723,0.5591713,2.252465,0.1985427,0.4395504,2.244519,0.1443794,0.4127205,2.247446,0.4694736,0.6331561,2.068137,0.5094805,0.503868,1.958234,0.4302249,0.3891996,1.970955,0.4268291,0.3544837,1.963688,0.5395417,0.6114325,2.265275,0.2635384,0.4631924,2.286497,0.3883026,0.3324493,2.06558,0.5875868,0.5806093,2.170299,0.4112629,0.3465313,2.028686,0.5314421,0.5784981,2.121643,0.4042818,0.7153202,2.002301
72057594037937085,0,0.8166512,5990.083,0.5692505,0.5982206,2.241209,0.3495567,0.7632646,1.92265,0.3028283,0.687906,2.214262,0.2718723,0.5591713,2.252465,0.1985427,0.4395504,2.244519,0.1443794,0.4127205,2.247446,0.4694736,0.6331561,2.068137,0.5094805,0.503868,1.958234,0.4302249,0.3891996,1.970955,0.4268291,0.3544837,1.963688,0.5395417,0.6114325,2.265275,0.2635384,0.4631924,2.286497,0.3883026,0.3324493,2.06558,0.5875868,0.5806093,2.170299,0.4112629,0.3465313,2.028686,0.5314421,0.5784981,2.121643,0.4042818,0.7153202,2.002301
72057594037937085,0,0.8166512,5990.087,0.5692505,0.5982206,2.241209,0.3495567,0.7632646,1.92265,0.3028283,0.687906,2.214262,0.2718723,0.5591713,2.252465,0.1985427,0.4395504,2.244519,0.1443794,0.4127205,2.247446,0.4694736,0.6331561,2.068137,0.5094805,0.503868,1.958234,0.4302249,0.3891996,1.970955,0.4268291,0.3544837,1.963688,0.5395417,0.6114325,2.265275,0.2635384,0.4631924,2.286497,0.3883026,0.3324493,2.06558,0.5875868,0.5806093,2.170299,0.4112629,0.3465313,2.028686,0.5314421,0.5784981,2.121643,0.4042818,0.7153202,2.002301
72057594037937085,0,0.8166512,5990.091,0.5692505,0.5982206,2.241209,0.3495567,0.7632646,1.92265,0.3028283,0.687906,2.214262,0.2718723,0.5591713,2.252465,0.1985427,0.4395504,2.244519,0.1443794,0.4127205,2.247446,0.4694736,0.6331561,2.068137,0.5094805,0.503868,1.958234,0.4302249,0.3891996,1.970955,0.4268291,0.3544837,1.963688,0.5395417,0.6114325,2.265275,0.2635384,0.4631924,2.286497,0.3883026,0.3324493,2.06558,0.5875868,0.5806093,2.170299,0.4112629,0.3465313,2.028686,0.5314421,0.5784981,2.121643,0.4042818,0.7153202,2.002301
72057594037937085,0,0.8166512,5990.095,0.5692505,0.5982206,2.241209,0.3495567,0.7632646,1.92265,0.3028283,0.687906,2.214262,0.2718723,0.5591713,2.252465,0.1985427,0.4395504,2.244519,0.1443794,0.4127205,2.247446,0.4694736,0.6331561,2.068137,0.5094805,0.503868,1.958234,0.4302249,0.3891996,1.970955,0.4268291,0.3544837,1.963688,0.5395417,0.6114325,2.265275,0.2635384,0.4631924,2.286497,0.3883026,0.3324493,2.06558,0.5875868,0.5806093,2.170299,0.4112629,0.3465313,2.028686,0.5314421,0.5784981,2.121643,0.4042818,0.7153202,2.002301
72057594037937085,0,0.8166512,5990.1,0.5692505,0.5982206,2.241209,0.3495567,0.7632646,1.92265,0.3028283,0.687906,2.214262,0.2718723,0.5591713,2.252465,0.1985427,0.4395504,2.244519,0.1443794,0.4127205,2.247446,0.4694736,0.6331561,2.068137,0.5094805,0.503868,1.958234,0.4302249,0.3891996,1.970955,0.4268291,0.3544837,1.963688,0.5395417,0.6114325,2.265275,0.2635384,0.4631924,2.286497,0.3883026,0.3324493,2.06558,0.5875868,0.5806093,2.170299,0.4112629,0.3465313,2.028686,0.5314421,0.5784981,2.121643,0.4042818,0.7153202,2.002301
72057594037937085,0,0.8235713,5990.104,0.5639841,0.577206,2.235958,0.3382309,0.7312651,1.912001,0.2858767,0.6726791,2.199898,0.258854,0.5451176,2.24275,0.1924825,0.4241118,2.210376,0.1384354,0.399978,2.222921,0.4668321,0.6161305,2.023081,0.5127096,0.4975258,1.953259,0.4280843,0.3883843,1.973606,0.4257013,0.354799,1.963231,0.535589,0.5889955,2.254438,0.2684697,0.4318492,2.292639,0.4013059,0.329017,2.061851,0.5809575,0.5603693,2.169906,0.4057512,0.3261443,2.027679,0.5229654,0.5623156,2.114552,0.3913383,0.6843626,1.993162
72057594037937085,0,0.8235713,5990.108,0.5639841,0.577206,2.235958,0.3382309,0.7312651,1.912001,0.2858767,0.6726791,2.199898,0.258854,0.5451176,2.24275,0.1924825,0.4241118,2.210376,0.1384354,0.399978,2.222921,0.4668321,0.6161305,2.023081,0.5127096,0.4975258,1.953259,0.4280843,0.3883843,1.973606,0.4257013,0.354799,1.963231,0.535589,0.5889955,2.254438,0.2684697,0.4318492,2.292639,0.4013059,0.329017,2.061851,0.5809575,0.5603693,2.169906,0.4057512,0.3261443,2.027679,0.5229654,0.5623156,2.114552,0.3913383,0.6843626,1.993162
72057594037937085,0,0.8235713,5990.112,0.5639841,0.577206,2.235958,0.3382309,0.7312651,1.912001,0.2858767,0.6726791,2.199898,0.258854,0.5451176,2.24275,0.1924825,0.4241118,2.210376,0.1384354,0.399978,2.222921,0.4668321,0.6161305,2.023081,0.5127096,0.4975258,1.953259,0.4280843,0.3883843,1.973606,0.4257013,0.354799,1.963231,0.535589,0.5889955,2.254438,0.2684697,0.4318492,2.292639,0.4013059,0.329017,2.061851,0.5809575,0.5603693,2.169906,0.4057512,0.3261443,2.027679,0.5229654,0.5623156,2.114552,0.3913383,0.6843626,1.993162
72057594037937085,0,0.8235713,5990.117,0.5639841,0.577206,2.235958,0.3382309,0.7312651,1.912001,0.2858767,0.6726791,2.199898,0.258854,0.5451176,2.24275,0.1924825,0.4241118,2.210376,0.1384354,0.399978,2.222921,0.4668321,0.6161305,2.023081,0.5127096,0.4975258,1.953259,0.4280843,0.3883843,1.973606,0.4257013,0.354799,1.963231,0.535589,0.5889955,2.254438,0.2684697,0.4318492,2.292639,0.4013059,0.329017,2.061851,0.5809575,0.5603693,2.169906,0.4057512,0.3261443,2.027679,0.5229654,0.5623156,2.114552,0.3913383,0.6843626,1.993162
72057594037937085,0,0.8235713,5990.121,0.5639841,0.577206,2.235958,0.3382309,0.7312651,1.912001,0.2858767,0.6726791,2.199898,0.258854,0.5451176,2.24275,0.1924825,0.4241118,2.210376,0.1384354,0.399978,2.222921,0.4668321,0.6161305,2.023081,0.5127096,0.4975258,1.953259,0.4280843,0.3883843,1.973606,0.4257013,0.354799,1.963231,0.535589,0.5889955,2.254438,0.2684697,0.4318492,2.292639,0.4013059,0.329017,2.061851,0.5809575,0.5603693,2.169906,0.4057512,0.3261443,2.027679,0.5229654,0.5623156,2.114552,0.3913383,0.6843626,1.993162
72057594037937085,0,0.8235713,5990.126,0.5639841,0.577206,2.235958,0.3382309,0.7312651,1.912001,0.2858767,0.6726791,2.199898,0.258854,0.5451176,2.24275,0.1924825,0.4241118,2.210376,0.1384354,0.399978,2.222921,0.4668321,0.6161305,2.023081,0.5127096,0.4975258,1.953259,0.4280843,0.3883843,1.973606,0.4257013,0.354799,1.963231,0.535589,0.5889955,2.254438,0.2684697,0.4318492,2.292639,0.4013059,0.329017,2.061851,0.5809575,0.5603693,2.169906,0.4057512,0.3261443,2.027679,0.5229654,0.5623156,2.114552,0.3913383,0.6843626,1.993162
72057594037937085,0,0.8235713,5990.13,0.5639841,0.577206,2.235958,0.3382309,0.7312651,1.912001,0.2858767,0.6726791,2.199898,0.258854,0.5451176,2.24275,0.1924825,0.4241118,2.210376,0.1384354,0.399978,2.222921,0.4668321,0.6161305,2.023081,0.5127096,0.4975258,1.953259,0.4280843,0.3883843,1.973606,0.4257013,0.354799,1.963231,0.535589,0.5889955,2.254438,0.2684697,0.4318492,2.292639,0.4013059,0.329017,2.061851,0.5809575,0.5603693,2.169906,0.4057512,0.3261443,2.027679,0.5229654,0.5623156,2.114552,0.3913383,0.6843626,1.993162
72057594037937085,0,0.8235713,5990.134,0.5639841,0.577206,2.235958,0.3382309,0.7312651,1.912001,0.2858767,0.6726791,2.199898,0.258854,0.5451176,2.24275,0.1924825,0.4241118,2.210376,0.1384354,0.399978,2.222921,0.4668321,0.6161305,2.023081,0.5127096,0.4975258,1.953259,0.4280843,0.3883843,1.973606,0.4257013,0.354799,1.963231,0.535589,0.5889955,2.254438,0.2684697,0.4318492,2.292639,0.4013059,0.329017,2.061851,0.5809575,0.5603693,2.169906,0.4057512,0.3261443,2.027679,0.5229654,0.5623156,2.114552,0.3913383,0.6843626,1.993162
72057594037937085,0,0.873536,5990.139,0.4950146,0.4233541,2.194278,0.3939194,0.6459275,2.07202,0.2690514,0.6534771,2.196175,0.247472,0.5214806,2.229955,0.1993056,0.3932514,2.193105,0.1835268,0.3506622,2.183444,0.4328911,0.6154233,2.075123,0.5052508,0.4804282,1.953388,0.460341,0.3474652,1.949445,0.4578505,0.3268348,1.961399,0.4636907,0.4280365,2.197825,0.2043703,0.3539965,2.332824,0.3374273,0.2749599,2.093037,0.5161567,0.4177766,2.143471,0.3789675,0.2626553,2.011553,0.489583,0.5053837,2.090292,0.4304486,0.5846982,2.138602
72057594037937085,0,0.873536,5990.143,0.4950146,0.4233541,2.194278,0.3939194,0.6459275,2.07202,0.2690514,0.6534771,2.196175,0.247472,0.5214806,2.229955,0.1993056,0.3932514,2.193105,0.1835268,0.3506622,2.183444,0.4328911,0.6154233,2.075123,0.5052508,0.4804282,1.953388,0.460341,0.3474652,1.949445,0.4578505,0.3268348,1.961399,0.4636907,0.4280365,2.197825,0.2043703,0.3539965,2.332824,0.3374273,0.2749599,2.093037,0.5161567,0.4177766,2.143471,0.3789675,0.2626553,2.011553,0.489583,0.5053837,2.090292,0.4304486,0.5846982,2.138602
72057594037937085,0,0.873536,5990.148,0.4950146,0.4233541,2.194278,0.3939194,0.6459275,2.07202,0.2690514,0.6534771,2.196175,0.247472,0.5214806,2.229955,0.1993056,0.3932514,2.193105,0.1835268,0.3506622,2.183444,0.4328911,0.6154233,2.075123,0.5052508,0.4804282,1.953388,0.460341,0.3474652,1.949445,0.4578505,0.3268348,1.961399,0.4636907,0.4280365,2.197825,0.2043703,0.3539965,2.332824,0.3374273,0.2749599,2.093037,0.5161567,0.4177766,2.143471,0.3789675,0.2626553,2.011553,0.489583,0.5053837,2.090292,0.4304486,0.5846982,2.138602
72057594037937085,0,0.873536,5990.152,0.4950146,0.4233541,2.194278,0.3939194,0.6459275,2.07202,0.2690514,0.6534771,2.196175,0.247472,0.5214806,2.229955,0.1993056,0.3932514,2.193105,0.1835268,0.3506622,2.183444,0.4328911,0.6154233,2.075123,0.5052508,0.4804282,1.953388,0.460341,0.3474652,1.949445,0.4578505,0.3268348,1.961399,0.4636907,0.4280365,2.197825,0.2043703,0.3539965,2.332824,0.3374273,0.2749599,2.093037,0.5161567,0.4177766,2.143471,0.3789675,0.2626553,2.011553,0.489583,0.5053837,2.090292,0.4304486,0.5846982,2.138602
72057594037937085,0,0.873536,5990.156,0.4950146,0.4233541,2.194278,0.3939194,0.6459275,2.07202,0.2690514,0.6534771,2.196175,0.247472,0.5214806,2.229955,0.1993056,0.3932514,2.193105,0.1835268,0.3506622,2.183444,0.4328911,0.6154233,2.075123,0.5052508,0.4804282,1.953388,0.460341,0.3474652,1.949445,0.4578505,0.3268348,1.961399,0.4636907,0.4280365,2.197825,0.2043703,0.3539965,2.332824,0.3374273,0.2749599,2.093037,0.5161567,0.4177766,2.143471,0.3789675,0.2626553,2.011553,0.489583,0.5053837,2.090292,0.4304486,0.5846982,2.138602
72057594037937085,0,0.873536,5990.16,0.4950146,0.4233541,2.194278,0.3939194,0.6459275,2.07202,0.2690514,0.6534771,2.196175,0.247472,0.5214806,2.229955,0.1993056,0.3932514,2.193105,0.1835268,0.3506622,2.183444,0.4328911,0.6154233,2.075123,0.5052508,0.4804282,1.953388,0.460341,0.3474652,1.949445,0.4578505,0.3268348,1.961399,0.4636907,0.4280365,2.197825,0.2043703,0.3539965,2.332824,0.3374273,0.2749599,2.093037,0.5161567,0.4177766,2.143471,0.3789675,0.2626553,2.011553,0.489583,0.5053837,2.090292,0.4304486,0.5846982,2.138602
72057594037937085,0,0.873536,5990.165,0.4950146,0.4233541,2.194278,0.3939194,0.6459275,2.07202,0.2690514,0.6534771,2.196175,0.247472,0.5214806,2.229955,0.1993056,0.3932514,2.193105,0.1835268,0.3506622,2.183444,0.4328911,0.6154233,2.075123,0.5052508,0.4804282,1.953388,0.460341,0.3474652,1.949445,0.4578505,0.3268348,1.961399,0.4636907,0.4280365,2.197825,0.2043703,0.3539965,2.332824,0.3374273,0.2749599,2.093037,0.5161567,0.4177766,2.143471,0.3789675,0.2626553,2.011553,0.489583,0.5053837,2.090292,0.4304486,0.5846982,2.138602
72057594037937085,0,0.8576204,5990.17,0.5527877,0.5036509,2.21614,0.3249945,0.6955107,1.882705,0.2693529,0.6422843,2.128238,0.2493792,0.5475063,2.218194,0.2041543,0.4153464,2.199072,0.1893602,0.3714796,2.195316,0.4400458,0.6119362,2.008646,0.5061932,0.4998812,1.941354,0.4317268,0.3906128,1.981879,0.4384482,0.3528091,1.974679,0.5283241,0.5137679,2.222338,0.2406837,0.6414233,2.194724,0.3107776,0.3837641,2.098804,0.5660554,0.4910212,2.162973,0.388623,0.2617015,2.015796,0.556622,0.3628426,1.942446,0.3801038,0.6377724,1.956551
72057594037937085,0,0.8576204,5990.174,0.5527877,0.5036509,2.21614,0.3249945,0.6955107,1.882705,0.2693529,0.6422843,2.128238,0.2493792,0.5475063,2.218194,0.2041543,0.4153464,2.199072,0.1893602,0.3714796,2.195316,0.4400458,0.6119362,2.008646,0.5061932,0.4998812,1.941354,0.4317268,0.3906128,1.981879,0.4384482,0.3528091,1.974679,0.5283241,0.5137679,2.222338,0.2406837,0.6414233,2.194724,0.3107776,0.3837641,2.098804,0.5660554,0.4910212,2.162973,0.388623,0.2617015,2.015796,0.556622,0.3628426,1.942446,0.3801038,0.6377724,1.956551
72057594037937085,0,0.8576204,5990.179,0.5527877,0.5036509,2.21614,0.3249945,0.6955107,1.882705,0.2693529,0.6422843,2.128238,0.2493792,0.5475063,2.218194,0.2041543,0.4153464,2.199072,0.1893602,0.3714796,2.195316,0.4400458,0.6119362,2.008646,0.5061932,0.4998812,1.941354,0.4317268,0.3906128,1.981879,0.4384482,0.3528091,1.974679,0.5283241,0.5137679,2.222338,0.2406837,0.6414233,2.194724,0.3107776,0.3837641,2.098804,0.5660554,0.4910212,2.162973,0.388623,0.2617015,2.015796,0.556622,0.3628426,1.942446,0.3801038,0.6377724,1.956551
72057594037937085,0,0.8576204,5990.183,0.5527877,0.5036509,2.21614,0.3249945,0.6955107,1.882705,0.2693529,0.6422843,2.128238,0.2493792,0.5475063,2.218194,0.2041543,0.4153464,2.199072,0.1893602,0.3714796,2.195316,0.4400458,0.6119362,2.008646,0.5061932,0.4998812,1.941354,0.4317268,0.3906128,1.981879,0.4384482,0.3528091,1.974679,0.5283241,0.5137679,2.222338,0.2406837,0.6414233,2.194724,0.3107776,0.3837641,2.098804,0.5660554,0.4910212,2.162973,0.388623,0.2617015,2.015796,0.556622,0.3628426,1.942446,0.3801038,0.6377724,1.956551
72057594037937085,0,0.8576204,5990.188,0.5527877,0.5036509,2.21614,0.3249945,0.6955107,1.882705,0.2693529,0.6422843,2.128238,0.2493792,0.5475063,2.218194,0.2041543,0.4153464,2.199072,0.1893602,0.3714796,2.195316,0.4400458,0.6119362,2.008646,0.5061932,0.4998812,1.941354,0.4317268,0.3906128,1.981879,0.4384482,0.3528091,1.974679,0.5283241,0.5137679,2.222338,0.2406837,0.6414233,2.194724,0.3107776,0.3837641,2.098804,0.5660554,0.4910212,2.162973,0.388623,0.2617015,2.015796,0.556622,0.3628426,1.942446,0.3801038,0.6377724,1.956551
72057594037937085,0,0.8576204,5990.193,0.5527877,0.5036509,2.21614,0.3249945,0.6955107,1.882705,0.2693529,0.6422843,2.128238,0.2493792,0.5475063,2.218194,0.2041543,0.4153464,2.199072,0.1893602,0.3714796,2.195316,0.4400458,0.6119362,2.008646,0.5061932,0.4998812,1.941354,0.4317268,0.3906128,1.981879,0.4384482,0.3528091,1.974679,0.5283241,0.5137679,2.222338,0.2406837,0.6414233,2.194724,0.3107776,0.3837641,2.098804,0.5660554,0.4910212,2.162973,0.388623,0.2617015,2.015796,0.556622,0.3628426,1.942446,0.3801038,0.6377724,1.956551
72057594037937085,0,0.8576204,5990.198,0.5527877,0.5036509,2.21614,0.3249945,0.6955107,1.882705,0.2693529,0.6422843,2.128238,0.2493792,0.5475063,2.218194,0.2041543,0.4153464,2.199072,0.1893602,0.3714796,2.195316,0.4400458,0.6119362,2.008646,0.5061932,0.4998812,1.941354,0.4317268,0.3906128,1.981879,0.4384482,0.3528091,1.974679,0.5283241,0.5137679,2.222338,0.2406837,0.6414233,2.194724,0.3107776,0.3837641,2.098804,0.5660554,0.4910212,2.162973,0.388623,0.2617015,2.015796,0.556622,0.3628426,1.942446,0.3801038,0.6377724,1.956551
72057594037937085,0,0.7834988,5990.202,0.4524669,0.4681478,2.261873,0.320839,0.6758513,1.881297,0.2444948,0.615444,2.167404,0.2280311,0.4833559,2.202328,0.1107681,0.4368523,2.133947,0.07193043,0.421465,2.113781,0.2979214,0.623348,2.104768,0.4396445,0.5449905,1.997083,0.4993045,0.4219367,1.948378,0.5066582,0.3909602,1.950234,0.4079337,0.4787119,2.276851,0.1361231,0.6314722,2.285703,0.2065118,0.3739601,2.189773,0.487936,0.4558053,2.19942,0.3911541,0.2053555,2.030415,0.5059982,0.3647152,1.956336,0.3237887,0.6250017,1.977037
72057594037937085,0,0.7834988,5990.207,0.4524669,0.4681478,2.261873,0.320839,0.6758513,1.881297,0.2444948,0.615444,2.167404,0.2280311,0.4833559,2.202328,0.1107681,0.4368523,2.133947,0.07193043,0.421465,2.113781,0.2979214,0.623348,2.104768,0.4396445,0.5449905,1.997083,0.4993045,0.4219367,1.948378,0.5066582,0.3909602,1.950234,0.4079337,0.4787119,2.276851,0.1361231,0.6314722,2.285703,0.2065118,0.3739601,2.189773,0.487936,0.4558053,2.19942,0.3911541,0.2053555,2.030415,0.5059982,0.3647152,1.956336,0.3237887,0.6250017,1.977037
72057594037937085,0,0.7834988,5990.211,0.4524669,0.4681478,2.261873,0.320839,0.6758513,1.881297,0.2444948,0.615444,2.167404,0.2280311,0.4833559,2.202328,0.1107681,0.4368523,2.133947,0.07193043,0.421465,2.113781,0.2979214,0.623348,2.104768,0.4396445,0.5449905,1.997083,0.4993045,0.4219367,1.948378,0.5066582,0.3909602,1.950234,0.4079337,0.4787119,2.276851,0.1361231,0.6314722,2.285703,0.2065118,0.3739601,2.189773,0.487936,0.4558053,2.19942,0.3911541,0.2053555,2.030415,0.5059982,0.3647152,1.956336,0.3237887,0.6250017,1.977037
72057594037937085,0,0.7834988,5990.215,0.4524669,0.4681478,2.261873,0.320839,0.6758513,1.881297,0.2444948,0.615444,2.167404,0.2280311,0.4833559,2.202328,0.1107681,0.4368523,2.133947,0.07193043,0.421465,2.113781,0.2979214,0.623348,2.104768,0.4396445,0.5449905,1.997083,0.4993045,0.4219367,1.948378,0.5066582,0.3909602,1.950234,0.4079337,0.4787119,2.276851,0.1361231,0.6314722,2.285703,0.2065118,0.3739601,2.189773,0.487936,0.4558053,2.19942,0.3911541,0.2053555,2.030415,0.5059982,0.3647152,1.956336,0.3237887,0.6250017,1.977037
72057594037937085,0,0.7834988,5990.219,0.4524669,0.4681478,2.261873,0.320839,0.6758513,1.881297,0.2444948,0.615444,2.167404,0.2280311,0.4833559,2.202328,0.1107681,0.4368523,2.133947,0.07193043,0.421465,2.113781,0.2979214,0.623348,2.104768,0.4396445,0.5449905,1.997083,0.4993045,0.4219367,1.948378,0.5066582,0.3909602,1.950234,0.4079337,0.4787119,2.276851,0.1361231,0.6314722,2.285703,0.2065118,0.3739601,2.189773,0.487936,0.4558053,2.19942,0.3911541,0.2053555,2.030415,0.5059982,0.3647152,1.956336,0.3237887,0.6250017,1.977037
72057594037937085,0,0.7834988,5990.224,0.4524669,0.4681478,2.261873,0.320839,0.6758513,1.881297,0.2444948,0.615444,2.167404,0.2280311,0.4833559,2.202328,0.1107681,0.4368523,2.133947,0.07193043,0.421465,2.113781,0.2979214,0.623348,2.104768,0.4396445,0.5449905,1.997083,0.4993045,0.4219367,1.948378,0.5066582,0.3909602,1.950234,0.4079337,0.4787119,2.276851,0.1361231,0.6314722,2.285703,0.2065118,0.3739601,2.189773,0.487936,0.4558053,2.19942,0.3911541,0.2053555,2.030415,0.5059982,0.3647152,1.956336,0.3237887,0.6250017,1.977037
72057594037937085,0,0.7834988,5990.229,0.4524669,0.4681478,2.261873,0.320839,0.6758513,1.881297,0.2444948,0.615444,2.167404,0.2280311,0.4833559,2.202328,0.1107681,0.4368523,2.133947,0.07193043,0.421465,2.113781,0.2979214,0.623348,2.104768,0.4396445,0.5449905,1.997083,0.4993045,0.4219367,1.948378,0.5066582,0.3909602,1.950234,0.4079337,0.4787119,2.276851,0.1361231,0.6314722,2.285703,0.2065118,0.3739601,2.189773,0.487936,0.4558053,2.19942,0.3911541,0.2053555,2.030415,0.5059982,0.3647152,1.956336,0.3237887,0.6250017,1.977037
72057594037937085,0,0.7834988,5990.234,0.4524669,0.4681478,2.261873,0.320839,0.6758513,1.881297,0.2444948,0.615444,2.167404,0.2280311,0.4833559,2.202328,0.1107681,0.4368523,2.133947,0.07193043,0.421465,2.113781,0.2979214,0.623348,2.104768,0.4396445,0.5449905,1.997083,0.4993045,0.4219367,1.948378,0.5066582,0.3909602,1.950234,0.4079337,0.4787119,2.276851,0.1361231,0.6314722,2.285703,0.2065118,0.3739601,2.189773,0.487936,0.4558053,2.19942,0.3911541,0.2053555,2.030415,0.5059982,0.3647152,1.956336,0.3237887,0.6250017,1.977037
72057594037937085,0,0.9546012,5990.238,0.5570531,0.4018418,2.140785,0.3789458,0.5989729,2.044178,0.2315152,0.6125956,2.163336,0.237555,0.4786079,2.194654,0.1200446,0.4049168,2.166488,0.08114211,0.3804634,2.159724,0.4173662,0.5706932,2.047873,0.5322465,0.4487067,1.950304,0.4843016,0.3185464,1.963949,0.4799556,0.2847062,1.974823,0.5148516,0.4088213,2.153107,0.2633994,0.5957859,2.160812,0.3459114,0.344242,2.059014,0.5876126,0.3944007,2.081524,0.3927234,0.2050331,2.03114,0.52819,0.3476739,1.958704,0.4244413,0.5427294,2.108126
72057594037937085,0,0.9546012,5990.244,0.5570531,0.4018418,2.140785,0.3789458,0.5989729,2.044178,0.2315152,0.6125956,2.163336,0.237555,0.4786079,2.194654,0.1200446,0.4049168,2.166488,0.08114211,0.3804634,2.159724,0.4173662,0.5706932,2.047873,0.5322465,0.4487067,1.950304,0.4843016,0.3185464,1.963949,0.4799556,0.2847062,1.974823,0.5148516,0.4088213,2.153107,0.2633994,0.5957859,2.160812,0.3459114,0.344242,2.059014,0.5876126,0.3944007,2.081524,0.3927234,0.2050331,2.03114,0.52819,0.3476739,1.958704,0.4244413,0.5427294,2.108126
72057594037937085,0,0.9546012,5990.248,0.5570531,0.4018418,2.140785,0.3789458,0.5989729,2.044178,0.2315152,0.6125956,2.163336,0.237555,0.4786079,2.194654,0.1200446,0.4049168,2.166488,0.08114211,0.3804634,2.159724,0.4173662,0.5706932,2.047873,0.5322465,0.4487067,1.950304,0.4843016,0.3185464,1.963949,0.4799556,0.2847062,1.974823,0.5148516,0.4088213,2.153107,0.2633994,0.5957859,2.160812,0.3459114,0.344242,2.059014,0.5876126,0.3944007,2.081524,0.3927234,0.2050331,2.03114,0.52819,0.3476739,1.958704,0.4244413,0.5427294,2.108126
72057594037937085,0,0.9546012,5990.251,0.5570531,0.4018418,2.140785,0.3789458,0.5989729,2.044178,0.2315152,0.6125956,2.163336,0.237555,0.4786079,2.194654,0.1200446,0.4049168,2.166488,0.08114211,0.3804634,2.159724,0.4173662,0.5706932,2.047873,0.5322465,0.4487067,1.950304,0.4843016,0.3185464,1.963949,0.4799556,0.2847062,1.974823,0.5148516,0.4088213,2.153107,0.2633994,0.5957859,2.160812,0.3459114,0.344242,2.059014,0.5876126,0.3944007,2.081524,0.3927234,0.2050331,2.03114,0.52819,0.3476739,1.958704,0.4244413,0.5427294,2.108126
72057594037937085,0,0.9546012,5990.256,0.5570531,0.4018418,2.140785,0.3789458,0.5989729,2.044178,0.2315152,0.6125956,2.163336,0.237555,0.4786079,2.194654,0.1200446,0.4049168,2.166488,0.08114211,0.3804634,2.159724,0.4173662,0.5706932,2.047873,0.5322465,0.4487067,1.950304,0.4843016,0.3185464,1.963949,0.4799556,0.2847062,1.974823,0.5148516,0.4088213,2.153107,0.2633994,0.5957859,2.160812,0.3459114,0.344242,2.059014,0.5876126,0.3944007,2.081524,0.3927234,0.2050331,2.03114,0.52819,0.3476739,1.958704,0.4244413,0.5427294,2.108126
72057594037937085,0,0.9546012,5990.26,0.5570531,0.4018418,2.140785,0.3789458,0.5989729,2.044178,0.2315152,0.6125956,2.163336,0.237555,0.4786079,2.194654,0.1200446,0.4049168,2.166488,0.08114211,0.3804634,2.159724,0.4173662,0.5706932,2.047873,0.5322465,0.4487067,1.950304,0.4843016,0.3185464,1.963949,0.4799556,0.2847062,1.974823,0.5148516,0.4088213,2.153107,0.2633994,0.5957859,2.160812,0.3459114,0.344242,2.059014,0.5876126,0.3944007,2.081524,0.3927234,0.2050331,2.03114,0.52819,0.3476739,1.958704,0.4244413,0.5427294,2.108126
72057594037937085,0,0.9546012,5990.265,0.5570531,0.4018418,2.140785,0.3789458,0.5989729,2.044178,0.2315152,0.6125956,2.163336,0.237555,0.4786079,2.194654,0.1200446,0.4049168,2.166488,0.08114211,0.3804634,2.159724,0.4173662,0.5706932,2.047873,0.5322465,0.4487067,1.950304,0.4843016,0.3185464,1.963949,0.4799556,0.2847062,1.974823,0.5148516,0.4088213,2.153107,0.2633994,0.5957859,2.160812,0.3459114,0.344242,2.059014,0.5876126,0.3944007,2.081524,0.3927234,0.2050331,2.03114,0.52819,0.3476739,1.958704,0.4244413,0.5427294,2.108126
72057594037937085,0,0.9604403,5990.269,0.5496166,0.3972085,2.12812,0.3774327,0.5937018,2.037391,0.2311894,0.6126033,2.162131,0.2787718,0.4840789,2.119681,0.1754543,0.4668616,2.204403,0.1526363,0.4938704,2.186819,0.4169306,0.5706797,2.046585,0.5341634,0.4489993,1.95181,0.4877606,0.3182122,1.9649,0.4881823,0.2806785,1.982241,0.5032977,0.3989984,2.142611,0.2593292,0.5941392,2.156885,0.3872212,0.3575503,2.06834,0.5831611,0.3942303,2.064801,0.3998537,0.2023929,2.036726,0.5365039,0.3425924,1.961766,0.4222078,0.5423155,2.102269
72057594037937085,0,0.9604403,5990.272,0.5496166,0.3972085,2.12812,0.3774327,0.5937018,2.037391,0.2311894,0.6126033,2.162131,0.2787718,0.4840789,2.119681,0.1754543,0.4668616,2.204403,0.1526363,0.4938704,2.186819,0.4169306,0.5706797,2.046585,0.5341634,0.4489993,1.95181,0.4877606,0.3182122,1.9649,0.4881823,0.2806785,1.982241,0.5032977,0.3989984,2.142611,0.2593292,0.5941392,2.156885,0.3872212,0.3575503,2.06834,0.5831611,0.3942303,2.064801,0.3998537,0.2023929,2.036726,0.5365039,0.3425924,1.961766,0.4222078,0.5423155,2.102269
72057594037937085,0,0.9604403,5990.277,0.5496166,0.3972085,2.12812,0.3774327,0.5937018,2.037391,0.2311894,0.6126033,2.162131,0.2787718,0.4840789,2.119681,0.1754543,0.4668616,2.204403,0.1526363,0.4938704,2.186819,0.4169306,0.5706797,2.046585,0.5341634,0.4489993,1.95181,0.4877606,0.3182122,1.9649,0.4881823,0.2806785,1.982241,0.5032977,0.3989984,2.142611,0.2593292,0.5941392,2.156885,0.3872212,0.3575503,2.06834,0.5831611,0.3942303,2.064801,0.3998537,0.2023929,2.036726,0.5365039,0.3425924,1.961766,0.4222078,0.5423155,2.102269
72057594037937085,0,0.9604403,5990.281,0.5496166,0.3972085,2.12812,0.3774327,0.5937018,2.037391,0.2311894,0.6126033,2.162131,0.2787718,0.4840789,2.119681,0.1754543,0.4668616,2.204403,0.1526363,0.4938704,2.186819,0.4169306,0.5706797,2.046585,0.5341634,0.4489993,1.95181,0.4877606,0.3182122,1.9649,0.4881823,0.2806785,1.982241,0.5032977,0.3989984,2.142611,0.2593292,0.5941392,2.156885,0.3872212,0.3575503,2.06834,0.5831611,0.3942303,2.064801,0.3998537,0.2023929,2.036726,0.5365039,0.3425924,1.961766,0.4222078,0.5423155,2.102269
72057594037937085,0,0.9604403,5990.286,0.5496166,0.3972085,2.12812,0.3774327,0.5937018,2.037391,0.2311894,0.6126033,2.162131,0.2787718,0.4840789,2.119681,0.1754543,0.4668616,2.204403,0.1526363,0.4938704,2.186819,0.4169306,0.5706797,2.046585,0.5341634,0.4489993,1.95181,0.4877606,0.3182122,1.9649,0.4881823,0.2806785,1.982241,0.5032977,0.3989984,2.142611,0.2593292,0.5941392,2.156885,0.3872212,0.3575503,2.06834,0.5831611,0.3942303,2.064801,0.3998537,0.2023929,2.036726,0.5365039,0.3425924,1.961766,0.4222078,0.5423155,2.102269
72057594037937085,0,0.9604403,5990.291,0.5496166,0.3972085,2.12812,0.3774327,0.5937018,2.037391,0.2311894,0.6126033,2.162131,0.2787718,0.4840789,2.119681,0.1754543,0.4668616,2.204403,0.1526363,0.4938704,2.186819,0.4169306,0.5706797,2.046585,0.5341634,0.4489993,1.95181,0.4877606,0.3182122,1.9649,0.4881823,0.2806785,1.982241,0.5032977,0.3989984,2.142611,0.2593292,0.5941392,2.156885,0.3872212,0.3575503,2.06834,0.5831611,0.3942303,2.064801,0.3998537,0.2023929,2.036726,0.5365039,0.3425924,1.961766,0.4222078,0.5423155,2.102269
72057594037937085,0,0.9604403,5990.295,0.5496166,0.3972085,2.12812,0.3774327,0.5937018,2.037391,0.2311894,0.6126033,2.162131,0.2787718,0.4840789,2.119681,0.1754543,0.4668616,2.204403,0.1526363,0.4938704,2.186819,0.4169306,0.5706797,2.046585,0.5341634,0.4489993,1.95181,0.4877606,0.3182122,1.9649,0.4881823,0.2806785,1.982241,0.5032977,0.3989984,2.142611,0.2593292,0.5941392,2.156885,0.3872212,0.3575503,2.06834,0.5831611,0.3942303,2.064801,0.3998537,0.2023929,2.036726,0.5365039,0.3425924,1.961766,0.4222078,0.5423155,2.102269
72057594037937085,0,0.9604403,5990.299,0.5496166,0.3972085,2.12812,0.3774327,0.5937018,2.037391,0.2311894,0.6126033,2.162131,0.2787718,0.4840789,2.119681,0.1754543,0.4668616,2.204403,0.1526363,0.4938704,2.186819,0.4169306,0.5706797,2.046585,0.5341634,0.4489993,1.95181,0.4877606,0.3182122,1.9649,0.4881823,0.2806785,1.982241,0.5032977,0.3989984,2.142611,0.2593292,0.5941392,2.156885,0.3872212,0.3575503,2.06834,0.5831611,0.3942303,2.064801,0.3998537,0.2023929,2.036726,0.5365039,0.3425924,1.961766,0.4222078,0.5423155,2.102269
72057594037937085,0,1.075683,5990.303,0.639927,0.3708299,2.052148,0.4775884,0.5432118,1.971073,0.3512275,0.5585908,2.08911,0.4774654,0.5015052,2.077297,0.2967748,0.5446733,2.109807,0.2491292,0.5677323,2.125257,0.5366163,0.5164968,1.973237,0.605235,0.3972586,1.941214,0.520472,0.2985025,1.987237,0.503409,0.2737684,1.989102,0.5978652,0.3768666,2.032746,0.3508693,0.5575636,2.086415,0.4140284,0.2859629,2.0434,0.6682017,0.3649916,2.0252,0.5420844,0.5470293,1.92563,0.6845931,0.3975159,1.922009,0.5372039,0.4911946,2.024863
72057594037937085,0,1.075683,5990.308,0.639927,0.3708299,2.052148,0.4775884,0.5432118,1.971073,0.3512275,0.5585908,2.08911,0.4774654,0.5015052,2.077297,0.2967748,0.5446733,2.109807,0.2491292,0.5677323,2.125257,0.5366163,0.5164968,1.973237,0.605235,0.3972586,1.941214,0.520472,0.2985025,1.987237,0.503409,0.2737684,1.989102,0.5978652,0.3768666,2.032746,0.3508693,0.5575636,2.086415,0.4140284,0.2859629,2.0434,0.6682017,0.3649916,2.0252,0.5420844,0.5470293,1.92563,0.6845931,0.3975159,1.922009,0.5372039,0.4911946,2.024863
72057594037937085,0,1.075683,5990.313,0.639927,0.3708299,2.052148,0.4775884,0.5432118,1.971073,0.3512275,0.5585908,2.08911,0.4774654,0.5015052,2.077297,0.2967748,0.5446733,2.109807,0.2491292,0.5677323,2.125257,0.5366163,0.5164968,1.973237,0.605235,0.3972586,1.941214,0.520472,0.2985025,1.987237,0.503409,0.2737684,1.989102,0.5978652,0.3768666,2.032746,0.3508693,0.5575636,2.086415,0.4140284,0.2859629,2.0434,0.6682017,0.3649916,2.0252,0.5420844,0.5470293,1.92563,0.6845931,0.3975159,1.922009,0.5372039,0.4911946,2.024863
72057594037937085,0,1.075683,5990.316,0.639927,0.3708299,2.052148,0.4775884,0.5432118,1.971073,0.3512275,0.5585908,2.08911,0.4774654,0.5015052,2.077297,0.2967748,0.5446733,2.109807,0.2491292,0.5677323,2.125257,0.5366163,0.5164968,1.973237,0.605235,0.3972586,1.941214,0.520472,0.2985025,1.987237,0.503409,0.2737684,1.989102,0.5978652,0.3768666,2.032746,0.3508693,0.5575636,2.086415,0.4140284,0.2859629,2.0434,0.6682017,0.3649916,2.0252,0.5420844,0.5470293,1.92563,0.6845931,0.3975159,1.922009,0.5372039,0.4911946,2.024863
72057594037937085,0,1.075683,5990.32,0.639927,0.3708299,2.052148,0.4775884,0.5432118,1.971073,0.3512275,0.5585908,2.08911,0.4774654,0.5015052,2.077297,0.2967748,0.5446733,2.109807,0.2491292,0.5677323,2.125257,0.5366163,0.5164968,1.973237,0.605235,0.3972586,1.941214,0.520472,0.2985025,1.987237,0.503409,0.2737684,1.989102,0.5978652,0.3768666,2.032746,0.3508693,0.5575636,2.086415,0.4140284,0.2859629,2.0434,0.6682017,0.3649916,2.0252,0.5420844,0.5470293,1.92563,0.6845931,0.3975159,1.922009,0.5372039,0.4911946,2.024863
72057594037937085,0,1.075683,5990.325,0.639927,0.3708299,2.052148,0.4775884,0.5432118,1.971073,0.3512275,0.5585908,2.08911,0.4774654,0.5015052,2.077297,0.2967748,0.5446733,2.109807,0.2491292,0.5677323,2.125257,0.5366163,0.5164968,1.973237,0.605235,0.3972586,1.941214,0.520472,0.2985025,1.987237,0.503409,0.2737684,1.989102,0.5978652,0.3768666,2.032746,0.3508693,0.5575636,2.086415,0.4140284,0.2859629,2.0434,0.6682017,0.3649916,2.0252,0.5420844,0.5470293,1.92563,0.6845931,0.3975159,1.922009,0.5372039,0.4911946,2.024863
72057594037937085,0,1.075683,5990.329,0.639927,0.3708299,2.052148,0.4775884,0.5432118,1.971073,0.3512275,0.5585908,2.08911,0.4774654,0.5015052,2.077297,0.2967748,0.5446733,2.109807,0.2491292,0.5677323,2.125257,0.5366163,0.5164968,1.973237,0.605235,0.3972586,1.941214,0.520472,0.2985025,1.987237,0.503409,0.2737684,1.989102,0.5978652,0.3768666,2.032746,0.3508693,0.5575636,2.086415,0.4140284,0.2859629,2.0434,0.6682017,0.3649916,2.0252,0.5420844,0.5470293,1.92563,0.6845931,0.3975159,1.922009,0.5372039,0.4911946,2.024863
72057594037937085,0,1.075683,5990.333,0.639927,0.3708299,2.052148,0.4775884,0.5432118,1.971073,0.3512275,0.5585908,2.08911,0.4774654,0.5015052,2.077297,0.2967748,0.5446733,2.109807,0.2491292,0.5677323,2.125257,0.5366163,0.5164968,1.973237,0.605235,0.3972586,1.941214,0.520472,0.2985025,1.987237,0.503409,0.2737684,1.989102,0.5978652,0.3768666,2.032746,0.3508693,0.5575636,2.086415,0.4140284,0.2859629,2.0434,0.6682017,0.3649916,2.0252,0.5420844,0.5470293,1.92563,0.6845931,0.3975159,1.922009,0.5372039,0.4911946,2.024863
72057594037937085,0,1.118028,5990.339,0.6898768,0.3724438,2.033076,0.5154982,0.5527738,1.919037,0.4009943,0.5693291,2.028378,0.4643885,0.4913393,2.174933,0.2843719,0.5418233,2.13482,0.2346678,0.5568405,2.124768,0.5864715,0.5272232,1.912391,0.5861442,0.4103682,1.978475,0.5440361,0.2776619,1.986329,0.5145557,0.2631373,1.997013,0.6506858,0.3809643,2.032036,0.3982176,0.5700173,2.02647,0.4203193,0.290073,2.03598,0.7141963,0.3640839,1.988101,0.549493,0.5308528,1.939866,0.6919539,0.3814375,1.936232,0.587249,0.5008303,1.969207
72057594037937085,0,1.118028,5990.343,0.6898768,0.3724438,2.033076,0.5154982,0.5527738,1.919037,0.4009943,0.5693291,2.028378,0.4643885,0.4913393,2.174933,0.2843719,0.5418233,2.13482,0.2346678,0.5568405,2.124768,0.5864715,0.5272232,1.912391,0.5861442,0.4103682,1.978475,0.5440361,0.2776619,1.986329,0.5145557,0.2631373,1.997013,0.6506858,0.3809643,2.032036,0.3982176,0.5700173,2.02647,0.4203193,0.290073,2.03598,0.7141963,0.3640839,1.988101,0.549493,0.5308528,1.939866,0.6919539,0.3814375,1.936232,0.587249,0.5008303,1.969207
72057594037937085,0,1.118028,5990.348,0.6898768,0.3724438,2.033076,0.5154982,0.5527738,1.919037,0.4009943,0.5693291,2.028378,0.4643885,0.4913393,2.174933,0.2843719,0.5418233,2.13482,0.2346678,0.5568405,2.124768,0.5864715,0.5272232,1.912391,0.5861442,0.4103682,1.978475,0.5440361,0.2776619,1.986329,0.5145557,0.2631373,1.997013,0.6506858,0.3809643,2.032036,0.3982176,0.5700173,2.02647,0.4203193,0.290073,2.03598,0.7141963,0.3640839,1.988101,0.549493,0.5308528,1.939866,0.6919539,0.3814375,1.936232,0.587249,0.5008303,1.969207
72057594037937085,0,1.118028,5990.352,0.6898768,0.3724438,2.033076,0.5154982,0.5527738,1.919037,0.4009943,0.5693291,2.028378,0.4643885,0.4913393,2.174933,0.2843719,0.5418233,2.13482,0.2346678,0.5568405,2.124768,0.5864715,0.5272232,1.912391,0.5861442,0.4103682,1.978475,0.5440361,0.2776619,1.986329,0.5145557,0.2631373,1.997013,0.6506858,0.3809643,2.032036,0.3982176,0.5700173,2.02647,0.4203193,0.290073,2.03598,0.7141963,0.3640839,1.988101,0.549493,0.5308528,1.939866,0.6919539,0.3814375,1.936232,0.587249,0.5008303,1.969207
72057594037937085,0,1.118028,5990.356,0.6898768,0.3724438,2.033076,0.5154982,0.5527738,1.919037,0.4009943,0.5693291,2.028378,0.4643885,0.4913393,2.174933,0.2843719,0.5418233,2.13482,0.2346678,0.5568405,2.124768,0.5864715,0.5272232,1.912391,0.5861442,0.4103682,1.978475,0.5440361,0.2776619,1.986329,0.5145557,0.2631373,1.997013,0.6506858,0.3809643,2.032036,0.3982176,0.5700173,2.02647,0.4203193,0.290073,2.03598,0.7141963,0.3640839,1.988101,0.549493,0.5308528,1.939866,0.6919539,0.3814375,1.936232,0.587249,0.5008303,1.969207
72057594037937085,0,1.118028,5990.36,0.6898768,0.3724438,2.033076,0.5154982,0.5527738,1.919037,0.4009943,0.5693291,2.028378,0.4643885,0.4913393,2.174933,0.2843719,0.5418233,2.13482,0.2346678,0.5568405,2.124768,0.5864715,0.5272232,1.912391,0.5861442,0.4103682,1.978475,0.5440361,0.2776619,1.986329,0.5145557,0.2631373,1.997013,0.6506858,0.3809643,2.032036,0.3982176,0.5700173,2.02647,0.4203193,0.290073,2.03598,0.7141963,0.3640839,1.988101,0.549493,0.5308528,1.939866,0.6919539,0.3814375,1.936232,0.587249,0.5008303,1.969207
72057594037937085,0,1.118028,5990.365,0.6898768,0.3724438,2.033076,0.5154982,0.5527738,1.919037,0.4009943,0.5693291,2.028378,0.4643885,0.4913393,2.174933,0.2843719,0.5418233,2.13482,0.2346678,0.5568405,2.124768,0.5864715,0.5272232,1.912391,0.5861442,0.4103682,1.978475,0.5440361,0.2776619,1.986329,0.5145557,0.2631373,1.997013,0.6506858,0.3809643,2.032036,0.3982176,0.5700173,2.02647,0.4203193,0.290073,2.03598,0.7141963,0.3640839,1.988101,0.549493,0.5308528,1.939866,0.6919539,0.3814375,1.936232,0.587249,0.5008303,1.969207
72057594037937085,0,1.03926,5990.37,0.6311895,0.408838,2.073246,0.4871405,0.5729662,1.965336,0.3656235,0.5907219,2.081212,0.4293092,0.5126126,2.227814,0.2630487,0.5527096,2.138818,0.2263393,0.5598065,2.12245,0.5510211,0.5486451,1.96532,0.6197658,0.4293172,1.973686,0.5592773,0.3046409,1.989452,0.52057,0.2868237,2.006354,0.5929486,0.4174172,2.058459,0.3629264,0.5913789,2.079292,0.4038013,0.3132865,2.056103,0.6559442,0.3996427,2.041601,0.5149965,0.5667109,1.934161,0.5330794,0.3653717,1.976197,0.5488111,0.5241435,2.020541
72057594037937085,0,1.03926,5990.374,0.6311895,0.408838,2.073246,0.4871405,0.5729662,1.965336,0.3656235,0.5907219,2.081212,0.4293092,0.5126126,2.227814,0.2630487,0.5527096,2.138818,0.2263393,0.5598065,2.12245,0.5510211,0.5486451,1.96532,0.6197658,0.4293172,1.973686,0.5592773,0.3046409,1.989452,0.52057,0.2868237,2.006354,0.5929486,0.4174172,2.058459,0.3629264,0.5913789,2.079292,0.4038013,0.3132865,2.056103,0.6559442,0.3996427,2.041601,0.5149965,0.5667109,1.934161,0.5330794,0.3653717,1.976197,0.5488111,0.5241435,2.020541
72057594037937085,0,1.03926,5990.377,0.6311895,0.408838,2.073246,0.4871405,0.5729662,1.965336,0.3656235,0.5907219,2.081212,0.4293092,0.5126126,2.227814,0.2630487,0.5527096,2.138818,0.2263393,0.5598065,2.12245,0.5510211,0.5486451,1.96532,0.6197658,0.4293172,1.973686,0.5592773,0.3046409,1.989452,0.52057,0.2868237,2.006354,0.5929486,0.4174172,2.058459,0.3629264,0.5913789,2.079292,0.4038013,0.3132865,2.056103,0.6559442,0.3996427,2.041601,0.5149965,0.5667109,1.934161,0.5330794,0.3653717,1.976197,0.5488111,0.5241435,2.020541
72057594037937085,0,1.03926,5990.382,0.6311895,0.408838,2.073246,0.4871405,0.5729662,1.965336,0.3656235,0.5907219,2.081212,0.4293092,0.5126126,2.227814,0.2630487,0.5527096,2.138818,0.2263393,0.5598065,2.12245,0.5510211,0.5486451,1.96532,0.6197658,0.4293172,1.973686,0.5592773,0.3046409,1.989452,0.52057,0.2868237,2.006354,0.5929486,0.4174172,2.058459,0.3629264,0.5913789,2.079292,0.4038013,0.3132865,2.056103,0.6559442,0.3996427,2.041601,0.5149965,0.5667109,1.934161,0.5330794,0.3653717,1.976197,0.5488111,0.5241435,2.020541
72057594037937085,0,1.03926,5990.387,0.6311895,0.408838,2.073246,0.4871405,0.5729662,1.965336,0.3656235,0.5907219,2.081212,0.4293092,0.5126126,2.227814,0.2630487,0.5527096,2.138818,0.2263393,0.5598065,2.12245,0.5510211,0.5486451,1.96532,0.6197658,0.4293172,1.973686,0.5592773,0.3046409,1.989452,0.52057,0.2868237,2.006354,0.5929486,0.4174172,2.058459,0.3629264,0.5913789,2.079292,0.4038013,0.3132865,2.056103,0.6559442,0.3996427,2.041601,0.5149965,0.5667109,1.934161,0.5330794,0.3653717,1.976197,0.5488111,0.5241435,2.020541
72057594037937085,0,1.03926,5990.392,0.6311895,0.408838,2.073246,0.4871405,0.5729662,1.965336,0.3656235,0.5907219,2.081212,0.4293092,0.5126126,2.227814,0.2630487,0.5527096,2.138818,0.2263393,0.5598065,2.12245,0.5510211,0.5486451,1.96532,0.6197658,0.4293172,1.973686,0.5592773,0.3046409,1.989452,0.52057,0.2868237,2.006354,0.5929486,0.4174172,2.058459,0.3629264,0.5913789,2.079292,0.4038013,0.3132865,2.056103,0.6559442,0.3996427,2.041601,0.5149965,0.5667109,1.934161,0.5330794,0.3653717,1.976197,0.5488111,0.5241435,2.020541
72057594037937085,0,1.03926,5990.396,0.6311895,0.408838,2.073246,0.4871405,0.5729662,1.965336,0.3656235,0.5907219,2.081212,0.4293092,0.5126126,2.227814,0.2630487,0.5527096,2.138818,0.2263393,0.5598065,2.12245,0.5510211,0.5486451,1.96532,0.6197658,0.4293172,1.973686,0.5592773,0.3046409,1.989452,0.52057,0.2868237,2.006354,0.5929486,0.4174172,2.058459,0.3629264,0.5913789,2.079292,0.4038013,0.3132865,2.056103,0.6559442,0.3996427,2.041601,0.5149965,0.5667109,1.934161,0.5330794,0.3653717,1.976197,0.5488111,0.5241435,2.020541
72057594037937085,0,1.03926,5990.4,0.6311895,0.408838,2.073246,0.4871405,0.5729662,1.965336,0.3656235,0.5907219,2.081212,0.4293092,0.5126126,2.227814,0.2630487,0.5527096,2.138818,0.2263393,0.5598065,2.12245,0.5510211,0.5486451,1.96532,0.6197658,0.4293172,1.973686,0.5592773,0.3046409,1.989452,0.52057,0.2868237,2.006354,0.5929486,0.4174172,2.058459,0.3629264,0.5913789,2.079292,0.4038013,0.3132865,2.056103,0.6559442,0.3996427,2.041601,0.5149965,0.5667109,1.934161,0.5330794,0.3653717,1.976197,0.5488111,0.5241435,2.020541
72057594037937085,0,0.8738765,5990.405,0.5313474,0.5336302,2.149335,0.4479666,0.5937563,1.911425,0.2321174,0.6001178,2.118604,0.4033718,0.5222284,2.093291,0.2385981,0.5418399,2.121908,0.2165385,0.5522143,2.119995,0.417447,0.5580682,2.002935,0.5845981,0.5329385,1.942143,0.6192377,0.4143593,1.998489,0.6131474,0.3875732,1.992633,0.5059985,0.5508757,2.136994,0.2187517,0.6125675,2.12837,0.3432669,0.3642023,2.076827,0.5456088,0.5131747,2.114724,0.6207639,0.5808722,1.887551,0.6278502,0.3737084,1.902001,0.4380669,0.5640965,1.993113
72057594037937085,0,0.8738765,5990.409,0.5313474,0.5336302,2.149335,0.4479666,0.5937563,1.911425,0.2321174,0.6001178,2.118604,0.4033718,0.5222284,2.093291,0.2385981,0.5418399,2.121908,0.2165385,0.5522143,2.119995,0.417447,0.5580682,2.002935,0.5845981,0.5329385,1.942143,0.6192377,0.4143593,1.998489,0.6131474,0.3875732,1.992633,0.5059985,0.5508757,2.136994,0.2187517,0.6125675,2.12837,0.3432669,0.3642023,2.076827,0.5456088,0.5131747,2.114724,0.6207639,0.5808722,1.887551,0.6278502,0.3737084,1.902001,0.4380669,0.5640965,1.993113
72057594037937085,0,0.8738765,5990.413,0.5313474,0.5336302,2.149335,0.4479666,0.5937563,1.911425,0.2321174,0.6001178,2.118604,0.4033718,0.5222284,2.093291,0.2385981,0.5418399,2.121908,0.2165385,0.5522143,2.119995,0.417447,0.5580682,2.002935,0.5845981,0.5329385,1.942143,0.6192377,0.4143593,1.998489,0.6131474,0.3875732,1.992633,0.5059985,0.5508757,2.136994,0.2187517,0.6125675,2.12837,0.3432669,0.3642023,2.076827,0.5456088,0.5131747,2.114724,0.6207639,0.5808722,1.887551,0.6278502,0.3737084,1.902001,0.4380669,0.5640965,1.993113
72057594037937085,0,0.8738765,5990.417,0.5313474,0.5336302,2.149335,0.4479666,0.5937563,1.911425,0.2321174,0.6001178,2.118604,0.4033718,0.5222284,2.093291,0.2385981,0.5418399,2.121908,0.2165385,0.5522143,2.119995,0.417447,0.5580682,2.002935,0.5845981,0.5329385,1.942143,0.6192377,0.4143593,1.998489,0.6131474,0.3875732,1.992633,0.5059985,0.5508757,2.136994,0.2187517,0.6125675,2.12837,0.3432669,0.3642023,2.076827,0.5456088,0.5131747,2.114724,0.6207639,0.5808722,1.887551,0.6278502,0.3737084,1.902001,0.4380669,0.5640965,1.993113
72057594037937085,0,0.8738765,5990.421,0.5313474,0.5336302,2.149335,0.4479666,0.5937563,1.911425,0.2321174,0.6001178,2.118604,0.4033718,0.5222284,2.093291,0.2385981,0.5418399,2.121908,0.2165385,0.5522143,2.119995,0.417447,0.5580682,2.002935,0.5845981,0.5329385,1.942143,0.6192377,0.4143593,1.998489,0.6131474,0.3875732,1.992633,0.5059985,0.5508757,2.136994,0.2187517,0.6125675,2.12837,0.3432669,0.3642023,2.076827,0.5456088,0.5131747,2.114724,0.6207639,0.5808722,1.887551,0.6278502,0.3737084,1.902001,0.4380669,0.5640965,1.993113
72057594037937085,0,0.8738765,5990.427,0.5313474,0.5336302,2.149335,0.4479666,0.5937563,1.911425,0.2321174,0.6001178,2.118604,0.4033718,0.5222284,2.093291,0.2385981,0.5418399,2.121908,0.2165385,0.5522143,2.119995,0.417447,0.5580682,2.002935,0.5845981,0.5329385,1.942143,0.6192377,0.4143593,1.998489,0.6131474,0.3875732,1.992633,0.5059985,0.5508757,2.136994,0.2187517,0.6125675,2.12837,0.3432669,0.3642023,2.076827,0.5456088,0.5131747,2.114724,0.6207639,0.5808722,1.887551,0.6278502,0.3737084,1.902001,0.4380669,0.5640965,1.993113
72057594037937085,0,0.8738765,5990.431,0.5313474,0.5336302,2.149335,0.4479666,0.5937563,1.911425,0.2321174,0.6001178,2.118604,0.4033718,0.5222284,2.093291,0.2385981,0.5418399,2.121908,0.2165385,0.5522143,2.119995,0.417447,0.5580682,2.002935,0.5845981,0.5329385,1.942143,0.6192377,0.4143593,1.998489,0.6131474,0.3875732,1.992633,0.5059985,0.5508757,2.136994,0.2187517,0.6125675,2.12837,0.3432669,0.3642023,2.076827,0.5456088,0.5131747,2.114724,0.6207639,0.5808722,1.887551,0.6278502,0.3737084,1.902001,0.4380669,0.5640965,1.993113
72057594037937085,0,0.8738765,5990.436,0.5313474,0.5336302,2.149335,0.4479666,0.5937563,1.911425,0.2321174,0.6001178,2.118604,0.4033718,0.5222284,2.093291,0.2385981,0.5418399,2.121908,0.2165385,0.5522143,2.119995,0.417447,0.5580682,2.002935,0.5845981,0.5329385,1.942143,0.6192377,0.4143593,1.998489,0.6131474,0.3875732,1.992633,0.5059985,0.5508757,2.136994,0.2187517,0.6125675,2.12837,0.3432669,0.3642023,2.076827,0.5456088,0.5131747,2.114724,0.6207639,0.5808722,1.887551,0.6278502,0.3737084,1.902001,0.4380669,0.5640965,1.993113
72057594037937085,0,0.8310278,5990.44,0.4852333,0.5747486,2.147471,0.3384136,0.6218871,1.833575,0.1426611,0.6410904,2.034643,0.3169935,0.5685418,2.035507,0.2242062,0.5305843,2.125519,0.2060063,0.5409349,2.123191,0.3280898,0.599068,1.91909,0.4989318,0.5321626,1.948395,0.6201482,0.4263513,1.998963,0.627358,0.4018859,1.997839,0.4471084,0.598087,2.164136,0.1494771,0.6497394,2.050398,0.3100807,0.4183415,2.045792,0.5132193,0.5473105,2.083693,0.4720774,0.2894112,2.045897,0.4875267,0.08473596,2.066662,0.3428582,0.6001542,1.921218
72057594037937085,0,0.8310278,5990.445,0.4852333,0.5747486,2.147471,0.3384136,0.6218871,1.833575,0.1426611,0.6410904,2.034643,0.3169935,0.5685418,2.035507,0.2242062,0.5305843,2.125519,0.2060063,0.5409349,2.123191,0.3280898,0.599068,1.91909,0.4989318,0.5321626,1.948395,0.6201482,0.4263513,1.998963,0.627358,0.4018859,1.997839,0.4471084,0.598087,2.164136,0.1494771,0.6497394,2.050398,0.3100807,0.4183415,2.045792,0.5132193,0.5473105,2.083693,0.4720774,0.2894112,2.045897,0.4875267,0.08473596,2.066662,0.3428582,0.6001542,1.921218
72057594037937085,0,0.8310278,5990.449,0.4852333,0.5747486,2.147471,0.3384136,0.6218871,1.833575,0.1426611,0.6410904,2.034643,0.3169935,0.5685418,2.035507,0.2242062,0.5305843,2.125519,0.2060063,0.5409349,2.123191,0.3280898,0.599068,1.91909,0.4989318,0.5321626,1.948395,0.6201482,0.4263513,1.998963,0.627358,0.4018859,1.997839,0.4471084,0.598087,2.164136,0.1494771,0.6497394,2.050398,0.3100807,0.4183415,2.045792,0.5132193,0.5473105,2.083693,0.4720774,0.2894112,2.045897,0.4875267,0.08473596,2.066662,0.3428582,0.6001542,1.921218
72057594037937085,0,0.8310278,5990.453,0.4852333,0.5747486,2.147471,0.3384136,0.6218871,1.833575,0.1426611,0.6410904,2.034643,0.3169935,0.5685418,2.035507,0.2242062,0.5305843,2.125519,0.2060063,0.5409349,2.123191,0.3280898,0.599068,1.91909,0.4989318,0.5321626,1.948395,0.6201482,0.4263513,1.998963,0.627358,0.4018859,1.997839,0.4471084,0.598087,2.164136,0.1494771,0.6497394,2.050398,0.3100807,0.4183415,2.045792,0.5132193,0.5473105,2.083693,0.4720774,0.2894112,2.045897,0.4875267,0.08473596,2.066662,0.3428582,0.6001542,1.921218
72057594037937085,0,0.8310278,5990.458,0.4852333,0.5747486,2.147471,0.3384136,0.6218871,1.833575,0.1426611,0.6410904,2.034643,0.3169935,0.5685418,2.035507,0.2242062,0.5305843,2.125519,0.2060063,0.5409349,2.123191,0.3280898,0.599068,1.91909,0.4989318,0.5321626,1.948395,0.6201482,0.4263513,1.998963,0.627358,0.4018859,1.997839,0.4471084,0.598087,2.164136,0.1494771,0.6497394,2.050398,0.3100807,0.4183415,2.045792,0.5132193,0.5473105,2.083693,0.4720774,0.2894112,2.045897,0.4875267,0.08473596,2.066662,0.3428582,0.6001542,1.921218
72057594037937085,0,0.8310278,5990.462,0.4852333,0.5747486,2.147471,0.3384136,0.6218871,1.833575,0.1426611,0.6410904,2.034643,0.3169935,0.5685418,2.035507,0.2242062,0.5305843,2.125519,0.2060063,0.5409349,2.123191,0.3280898,0.599068,1.91909,0.4989318,0.5321626,1.948395,0.6201482,0.4263513,1.998963,0.627358,0.4018859,1.997839,0.4471084,0.598087,2.164136,0.1494771,0.6497394,2.050398,0.3100807,0.4183415,2.045792,0.5132193,0.5473105,2.083693,0.4720774,0.2894112,2.045897,0.4875267,0.08473596,2.066662,0.3428582,0.6001542,1.921218
72057594037937085,0,0.8310278,5990.467,0.4852333,0.5747486,2.147471,0.3384136,0.6218871,1.833575,0.1426611,0.6410904,2.034643,0.3169935,0.5685418,2.035507,0.2242062,0.5305843,2.125519,0.2060063,0.5409349,2.123191,0.3280898,0.599068,1.91909,0.4989318,0.5321626,1.948395,0.6201482,0.4263513,1.998963,0.627358,0.4018859,1.997839,0.4471084,0.598087,2.164136,0.1494771,0.6497394,2.050398,0.3100807,0.4183415,2.045792,0.5132193,0.5473105,2.083693,0.4720774,0.2894112,2.045897,0.4875267,0.08473596,2.066662,0.3428582,0.6001542,1.921218
72057594037937085,0,1.008486,5990.471,0.5541492,0.4065364,2.051872,0.3913879,0.5877136,1.966036,0.2492697,0.6113141,2.095111,0.4204328,0.5443968,2.041033,0.2409405,0.5627319,2.092999,0.2208912,0.5847999,2.09052,0.4853341,0.5170895,2.043807,0.6134416,0.471099,2.001554,0.6227878,0.3384655,2.036263,0.6266425,0.294373,2.050365,0.5117996,0.4127871,2.040962,0.2718373,0.6032991,2.088156,0.4347621,0.3741117,2.082202,0.5844424,0.3997078,2.015952,0.382758,0.3227138,2.08444,0.3985655,0.1179242,2.10517,0.4369557,0.5420015,2.030262
72057594037937085,0,1.008486,5990.476,0.5541492,0.4065364,2.051872,0.3913879,0.5877136,1.966036,0.2492697,0.6113141,2.095111,0.4204328,0.5443968,2.041033,0.2409405,0.5627319,2.092999,0.2208912,0.5847999,2.09052,0.4853341,0.5170895,2.043807,0.6134416,0.471099,2.001554,0.6227878,0.3384655,2.036263,0.6266425,0.294373,2.050365,0.5117996,0.4127871,2.040962,0.2718373,0.6032991,2.088156,0.4347621,0.3741117,2.082202,0.5844424,0.3997078,2.015952,0.382758,0.3227138,2.08444,0.3985655,0.1179242,2.10517,0.4369557,0.5420015,2.030262
72057594037937085,0,1.008486,5990.479,0.5541492,0.4065364,2.051872,0.3913879,0.5877136,1.966036,0.2492697,0.6113141,2.095111,0.4204328,0.5443968,2.041033,0.2409405,0.5627319,2.092999,0.2208912,0.5847999,2.09052,0.4853341,0.5170895,2.043807,0.6134416,0.471099,2.001554,0.6227878,0.3384655,2.036263,0.6266425,0.294373,2.050365,0.5117996,0.4127871,2.040962,0.2718373,0.6032991,2.088156,0.4347621,0.3741117,2.082202,0.5844424,0.3997078,2.015952,0.382758,0.3227138,2.08444,0.3985655,0.1179242,2.10517,0.4369557,0.5420015,2.030262
72057594037937085,0,1.008486,5990.484,0.5541492,0.4065364,2.051872,0.3913879,0.5877136,1.966036,0.2492697,0.6113141,2.095111,0.4204328,0.5443968,2.041033,0.2409405,0.5627319,2.092999,0.2208912,0.5847999,2.09052,0.4853341,0.5170895,2.043807,0.6134416,0.471099,2.001554,0.6227878,0.3384655,2.036263,0.6266425,0.294373,2.050365,0.5117996,0.4127871,2.040962,0.2718373,0.6032991,2.088156,0.4347621,0.3741117,2.082202,0.5844424,0.3997078,2.015952,0.382758,0.3227138,2.08444,0.3985655,0.1179242,2.10517,0.4369557,0.5420015,2.030262
72057594037937085,0,1.008486,5990.489,0.5541492,0.4065364,2.051872,0.3913879,0.5877136,1.966036,0.2492697,0.6113141,2.095111,0.4204328,0.5443968,2.041033,0.2409405,0.5627319,2.092999,0.2208912,0.5847999,2.09052,0.4853341,0.5170895,2.043807,0.6134416,0.471099,2.001554,0.6227878,0.3384655,2.036263,0.6266425,0.294373,2.050365,0.5117996,0.4127871,2.040962,0.2718373,0.6032991,2.088156,0.4347621,0.3741117,2.082202,0.5844424,0.3997078,2.015952,0.382758,0.3227138,2.08444,0.3985655,0.1179242,2.10517,0.4369557,0.5420015,2.030262
72057594037937085,0,1.008486,5990.493,0.5541492,0.4065364,2.051872,0.3913879,0.5877136,1.966036,0.2492697,0.6113141,2.095111,0.4204328,0.5443968,2.041033,0.2409405,0.5627319,2.092999,0.2208912,0.5847999,2.09052,0.4853341,0.5170895,2.043807,0.6134416,0.471099,2.001554,0.6227878,0.3384655,2.036263,0.6266425,0.294373,2.050365,0.5117996,0.4127871,2.040962,0.2718373,0.6032991,2.088156,0.4347621,0.3741117,2.082202,0.5844424,0.3997078,2.015952,0.382758,0.3227138,2.08444,0.3985655,0.1179242,2.10517,0.4369557,0.5420015,2.030262
72057594037937085,0,1.008486,5990.499,0.5541492,0.4065364,2.051872,0.3913879,0.5877136,1.966036,0.2492697,0.6113141,2.095111,0.4204328,0.5443968,2.041033,0.2409405,0.5627319,2.092999,0.2208912,0.5847999,2.09052,0.4853341,0.5170895,2.043807,0.6134416,0.471099,2.001554,0.6227878,0.3384655,2.036263,0.6266425,0.294373,2.050365,0.5117996,0.4127871,2.040962,0.2718373,0.6032991,2.088156,0.4347621,0.3741117,2.082202,0.5844424,0.3997078,2.015952,0.382758,0.3227138,2.08444,0.3985655,0.1179242,2.10517,0.4369557,0.5420015,2.030262
72057594037937085,0,0.9960966,5990.503,0.549005,0.4114265,2.062478,0.3927644,0.5880985,1.966317,0.2492584,0.611301,2.095284,0.4208322,0.545242,2.041554,0.2410415,0.5596962,2.093736,0.2261207,0.5811808,2.088274,0.4849552,0.518127,2.043358,0.6143647,0.4703119,2.006097,0.5719859,0.370822,2.087528,0.5586057,0.3377782,2.117205,0.509811,0.4129854,2.113702,0.2640498,0.6093653,2.104005,0.414227,0.3717227,2.105587,0.5698936,0.4150136,1.991583,0.4167966,0.2797482,2.07982,0.4324705,0.07512787,2.100538,0.4367009,0.5421301,2.031498
72057594037937085,0,0.9960966,5990.507,0.549005,0.4114265,2.062478,0.3927644,0.5880985,1.966317,0.2492584,0.611301,2.095284,0.4208322,0.545242,2.041554,0.2410415,0.5596962,2.093736,0.2261207,0.5811808,2.088274,0.4849552,0.518127,2.043358,0.6143647,0.4703119,2.006097,0.5719859,0.370822,2.087528,0.5586057,0.3377782,2.117205,0.509811,0.4129854,2.113702,0.2640498,0.6093653,2.104005,0.414227,0.3717227,2.105587,0.5698936,0.4150136,1.991583,0.4167966,0.2797482,2.07982,0.4324705,0.07512787,2.100538,0.4367009,0.5421301,2.031498
72057594037937085,0,0.9960966,5990.512,0.549005,0.4114265,2.062478,0.3927644,0.5880985,1.966317,0.2492584,0.611301,2.095284,0.4208322,0.545242,2.041554,0.2410415,0.5596962,2.093736,0.2261207,0.5811808,2.088274,0.4849552,0.518127,2.043358,0.6143647,0.4703119,2.006097,0.5719859,0.370822,2.087528,0.5586057,0.3377782,2.117205,0.509811,0.4129854,2.113702,0.2640498,0.6093653,2.104005,0.414227,0.3717227,2.105587,0.5698936,0.4150136,1.991583,0.4167966,0.2797482,2.07982,0.4324705,0.07512787,2.100538,0.4367009,0.5421301,2.031498
72057594037937085,0,0.9960966,5990.516,0.549005,0.4114265,2.062478,0.3927644,0.5880985,1.966317,0.2492584,0.611301,2.095284,0.4208322,0.545242,2.041554,0.2410415,0.5596962,2.093736,0.2261207,0.5811808,2.088274,0.4849552,0.518127,2.043358,0.6143647,0.4703119,2.006097,0.5719859,0.370822,2.087528,0.5586057,0.3377782,2.117205,0.509811,0.4129854,2.113702,0.2640498,0.6093653,2.104005,0.414227,0.3717227,2.105587,0.5698936,0.4150136,1.991583,0.4167966,0.2797482,2.07982,0.4324705,0.07512787,2.100538,0.4367009,0.5421301,2.031498
72057594037937085,0,0.9960966,5990.52,0.549005,0.4114265,2.062478,0.3927644,0.5880985,1.966317,0.2492584,0.611301,2.095284,0.4208322,0.545242,2.041554,0.2410415,0.5596962,2.093736,0.2261207,0.5811808,2.088274,0.4849552,0.518127,2.043358,0.6143647,0.4703119,2.006097,0.5719859,0.370822,2.087528,0.5586057,0.3377782,2.117205,0.509811,0.4129854,2.113702,0.2640498,0.6093653,2.104005,0.414227,0.3717227,2.105587,0.5698936,0.4150136,1.991583,0.4167966,0.2797482,2.07982,0.4324705,0.07512787,2.100538,0.4367009,0.5421301,2.031498
72057594037937085,0,0.9960966,5990.524,0.549005,0.4114265,2.062478,0.3927644,0.5880985,1.966317,0.2492584,0.611301,2.095284,0.4208322,0.545242,2.041554,0.2410415,0.5596962,2.093736,0.2261207,0.5811808,2.088274,0.4849552,0.518127,2.043358,0.6143647,0.4703119,2.006097,0.5719859,0.370822,2.087528,0.5586057,0.3377782,2.117205,0.509811,0.4129854,2.113702,0.2640498,0.6093653,2.104005,0.414227,0.3717227,2.105587,0.5698936,0.4150136,1.991583,0.4167966,0.2797482,2.07982,0.4324705,0.07512787,2.100538,0.4367009,0.5421301,2.031498
72057594037937085,0,0.9960966,5990.528,0.549005,0.4114265,2.062478,0.3927644,0.5880985,1.966317,0.2492584,0.611301,2.095284,0.4208322,0.545242,2.041554,0.2410415,0.5596962,2.093736,0.2261207,0.5811808,2.088274,0.4849552,0.518127,2.043358,0.6143647,0.4703119,2.006097,0.5719859,0.370822,2.087528,0.5586057,0.3377782,2.117205,0.509811,0.4129854,2.113702,0.2640498,0.6093653,2.104005,0.414227,0.3717227,2.105587,0.5698936,0.4150136,1.991583,0.4167966,0.2797482,2.07982,0.4324705,0.07512787,2.100538,0.4367009,0.5421301,2.031498
72057594037937085,0,0.9960966,5990.534,0.549005,0.4114265,2.062478,0.3927644,0.5880985,1.966317,0.2492584,0.611301,2.095284,0.4208322,0.545242,2.041554,0.2410415,0.5596962,2.093736,0.2261207,0.5811808,2.088274,0.4849552,0.518127,2.043358,0.6143647,0.4703119,2.006097,0.5719859,0.370822,2.087528,0.5586057,0.3377782,2.117205,0.509811,0.4129854,2.113702,0.2640498,0.6093653,2.104005,0.414227,0.3717227,2.105587,0.5698936,0.4150136,1.991583,0.4167966,0.2797482,2.07982,0.4324705,0.07512787,2.100538,0.4367009,0.5421301,2.031498
72057594037937085,0,0.9987319,5990.538,0.5507554,0.4100322,2.06102,0.3957445,0.589834,1.96658,0.3570343,0.5767534,2.071483,0.5069706,0.5149156,2.022806,0.3260879,0.5194913,2.074531,0.2394014,0.5304853,2.109663,0.4766594,0.5348413,2.036293,0.6266562,0.4715904,2.011374,0.559502,0.3738231,2.079326,0.5232246,0.3588891,2.029037,0.5123969,0.40676,2.046764,0.2573237,0.5776452,2.092579,0.407819,0.3399345,2.091907,0.5831438,0.4068437,2.010357,0.4048315,0.2912074,2.084411,0.4205675,0.08637983,2.105153,0.4357759,0.542372,2.032521
72057594037937085,0,0.9987319,5990.543,0.5507554,0.4100322,2.06102,0.3957445,0.589834,1.96658,0.3570343,0.5767534,2.071483,0.5069706,0.5149156,2.022806,0.3260879,0.5194913,2.074531,0.2394014,0.5304853,2.109663,0.4766594,0.5348413,2.036293,0.6266562,0.4715904,2.011374,0.559502,0.3738231,2.079326,0.5232246,0.3588891,2.029037,0.5123969,0.40676,2.046764,0.2573237,0.5776452,2.092579,0.407819,0.3399345,2.091907,0.5831438,0.4068437,2.010357,0.4048315,0.2912074,2.084411,0.4205675,0.08637983,2.105153,0.4357759,0.542372,2.032521
72057594037937085,0,0.9987319,5990.547,0.5507554,0.4100322,2.06102,0.3957445,0.589834,1.96658,0.3570343,0.5767534,2.071483,0.5069706,0.5149156,2.022806,0.3260879,0.5194913,2.074531,0.2394014,0.5304853,2.109663,0.4766594,0.5348413,2.036293,0.6266562,0.4715904,2.011374,0.559502,0.3738231,2.079326,0.5232246,0.3588891,2.029037,0.5123969,0.40676,2.046764,0.2573237,0.5776452,2.092579,0.407819,0.3399345,2.091907,0.5831438,0.4068437,2.010357,0.4048315,0.2912074,2.084411,0.4205675,0.08637983,2.105153,0.4357759,0.542372,2.032521
72057594037937085,0,0.9987319,5990.551,0.5507554,0.4100322,2.06102,0.3957445,0.589834,1.96658,0.3570343,0.5767534,2.071483,0.5069706,0.5149156,2.022806,0.3260879,0.5194913,2.074531,0.2394014,0.5304853,2.109663,0.4766594,0.5348413,2.036293,0.6266562,0.4715904,2.011374,0.559502,0.3738231,2.079326,0.5232246,0.3588891,2.029037,0.5123969,0.40676,2.046764,0.2573237,0.5776452,2.092579,0.407819,0.3399345,2.091907,0.5831438,0.4068437,2.010357,0.4048315,0.2912074,2.084411,0.4205675,0.08637983,2.105153,0.4357759,0.542372,2.032521
72057594037937085,0,0.9987319,5990.556,0.5507554,0.4100322,2.06102,0.3957445,0.589834,1.96658,0.3570343,0.5767534,2.071483,0.5069706,0.5149156,2.022806,0.3260879,0.5194913,2.074531,0.2394014,0.5304853,2.109663,0.4766594,0.5348413,2.036293,0.6266562,0.4715904,2.011374,0.559502,0.3738231,2.079326,0.5232246,0.3588891,2.029037,0.5123969,0.40676,2.046764,0.2573237,0.5776452,2.092579,0.407819,0.3399345,2.091907,0.5831438,0.4068437,2.010357,0.4048315,0.2912074,2.084411,0.4205675,0.08637983,2.105153,0.4357759,0.542372,2.032521
72057594037937085,0,0.9987319,5990.56,0.5507554,0.4100322,2.06102,0.3957445,0.589834,1.96658,0.3570343,0.5767534,2.071483,0.5069706,0.5149156,2.022806,0.3260879,0.5194913,2.074531,0.2394014,0.5304853,2.109663,0.4766594,0.5348413,2.036293,0.6266562,0.4715904,2.011374,0.559502,0.3738231,2.079326,0.5232246,0.3588891,2.029037,0.5123969,0.40676,2.046764,0.2573237,0.5776452,2.092579,0.407819,0.3399345,2.091907,0.5831438,0.4068437,2.010357,0.4048315,0.2912074,2.084411,0.4205675,0.08637983,2.105153,0.4357759,0.542372,2.032521
72057594037937085,0,0.9987319,5990.564,0.5507554,0.4100322,2.06102,0.3957445,0.589834,1.96658,0.3570343,0.5767534,2.071483,0.5069706,0.5149156,2.022806,0.3260879,0.5194913,2.074531,0.2394014,0.5304853,2.109663,0.4766594,0.5348413,2.036293,0.6266562,0.4715904,2.011374,0.559502,0.3738231,2.079326,0.5232246,0.3588891,2.029037,0.5123969,0.40676,2.046764,0.2573237,0.5776452,2.092579,0.407819,0.3399345,2.091907,0.5831438,0.4068437,2.010357,0.4048315,0.2912074,2.084411,0.4205675,0.08637983,2.105153,0.4357759,0.542372,2.032521
72057594037937085,0,1.001608,5990.569,0.5538496,0.4087992,2.060227,0.3993672,0.5919629,1.966857,0.3573537,0.5767533,2.071561,0.5095859,0.5158753,2.024458,0.3276891,0.5227253,2.072937,0.2395965,0.5342457,2.105453,0.4774882,0.5347534,2.036252,0.6311361,0.4736767,2.012954,0.5635274,0.3762519,2.081024,0.5252004,0.36526,2.03617,0.5147009,0.4064282,2.049762,0.2585489,0.577155,2.091718,0.409051,0.3394508,2.091,0.5849752,0.4063649,2.010557,0.4013288,0.3022454,2.087706,0.4170813,0.09737685,2.108454,0.435795,0.5426994,2.033347
72057594037937085,0,1.001608,5990.575,0.5538496,0.4087992,2.060227,0.3993672,0.5919629,1.966857,0.3573537,0.5767533,2.071561,0.5095859,0.5158753,2.024458,0.3276891,0.5227253,2.072937,0.2395965,0.5342457,2.105453,0.4774882,0.5347534,2.036252,0.6311361,0.4736767,2.012954,0.5635274,0.3762519,2.081024,0.5252004,0.36526,2.03617,0.5147009,0.4064282,2.049762,0.2585489,0.577155,2.091718,0.409051,0.3394508,2.091,0.5849752,0.4063649,2.010557,0.4013288,0.3022454,2.087706,0.4170813,0.09737685,2.108454,0.435795,0.5426994,2.033347
72057594037937085,0,1.001608,5990.579,0.5538496,0.4087992,2.060227,0.3993672,0.5919629,1.966857,0.3573537,0.5767533,2.071561,0.5095859,0.5158753,2.024458,0.3276891,0.5227253,2.072937,0.2395965,0.5342457,2.105453,0.4774882,0.5347534,2.036252,0.6311361,0.4736767,2.012954,0.5635274,0.3762519,2.081024,0.5252004,0.36526,2.03617,0.5147009,0.4064282,2.049762,0.2585489,0.577155,2.091718,0.409051,0.3394508,2.091,0.5849752,0.4063649,2.010557,0.4013288,0.3022454,2.087706,0.4170813,0.09737685,2.108454,0.435795,0.5426994,2.033347
72057594037937085,0,1.001608,5990.583,0.5538496,0.4087992,2.060227,0.3993672,0.5919629,1.966857,0.3573537,0.5767533,2.071561,0.5095859,0.5158753,2.024458,0.3276891,0.5227253,2.072937,0.2395965,0.5342457,2.105453,0.4774882,0.5347534,2.036252,0.6311361,0.4736767,2.012954,0.5635274,0.3762519,2.081024,0.5252004,0.36526,2.03617,0.5147009,0.4064282,2.049762,0.2585489,0.577155,2.091718,0.409051,0.3394508,2.091,0.5849752,0.4063649,2.010557,0.4013288,0.3022454,2.087706,0.4170813,0.09737685,2.108454,0.435795,0.5426994,2.033347
72057594037937085,0,1.001608,5990.588,0.5538496,0.4087992,2.060227,0.3993672,0.5919629,1.966857,0.3573537,0.5767533,2.071561,0.5095859,0.5158753,2.024458,0.3276891,0.5227253,2.072937,0.2395965,0.5342457,2.105453,0.4774882,0.5347534,2.036252,0.6311361,0.4736767,2.012954,0.5635274,0.3762519,2.081024,0.5252004,0.36526,2.03617,0.5147009,0.4064282,2.049762,0.2585489,0.577155,2.091718,0.409051,0.3394508,2.091,0.5849752,0.4063649,2.010557,0.4013288,0.3022454,2.087706,0.4170813,0.09737685,2.108454,0.435795,0.5426994,2.033347
72057594037937085,0,1.001608,5990.592,0.5538496,0.4087992,2.060227,0.3993672,0.5919629,1.966857,0.3573537,0.5767533,2.071561,0.5095859,0.5158753,2.024458,0.3276891,0.5227253,2.072937,0.2395965,0.5342457,2.105453,0.4774882,0.5347534,2.036252,0.6311361,0.4736767,2.012954,0.5635274,0.3762519,2.081024,0.5252004,0.36526,2.03617,0.5147009,0.4064282,2.049762,0.2585489,0.577155,2.091718,0.409051,0.3394508,2.091,0.5849752,0.4063649,2.010557,0.4013288,0.3022454,2.087706,0.4170813,0.09737685,2.108454,0.435795,0.5426994,2.033347
72057594037937085,0,1.001608,5990.597,0.5538496,0.4087992,2.060227,0.3993672,0.5919629,1.966857,0.3573537,0.5767533,2.071561,0.5095859,0.5158753,2.024458,0.3276891,0.5227253,2.072937,0.2395965,0.5342457,2.105453,0.4774882,0.5347534,2.036252,0.6311361,0.4736767,2.012954,0.5635274,0.3762519,2.081024,0.5252004,0.36526,2.03617,0.5147009,0.4064282,2.049762,0.2585489,0.577155,2.091718,0.409051,0.3394508,2.091,0.5849752,0.4063649,2.010557,0.4013288,0.3022454,2.087706,0.4170813,0.09737685,2.108454,0.435795,0.5426994,2.033347
72057594037937085,0,1.001608,5990.601,0.5538496,0.4087992,2.060227,0.3993672,0.5919629,1.966857,0.3573537,0.5767533,2.071561,0.5095859,0.5158753,2.024458,0.3276891,0.5227253,2.072937,0.2395965,0.5342457,2.105453,0.4774882,0.5347534,2.036252,0.6311361,0.4736767,2.012954,0.5635274,0.3762519,2.081024,0.5252004,0.36526,2.03617,0.5147009,0.4064282,2.049762,0.2585489,0.577155,2.091718,0.409051,0.3394508,2.091,0.5849752,0.4063649,2.010557,0.4013288,0.3022454,2.087706,0.4170813,0.09737685,2.108454,0.435795,0.5426994,2.033347
72057594037937085,0,1.010151,5990.605,0.5627313,0.4057972,2.057174,0.4027128,0.593982,1.966625,0.3576882,0.5767103,2.071722,0.5111839,0.5163441,2.025633,0.3307205,0.5518888,2.067449,0.2987796,0.5926937,2.058889,0.4803816,0.5350705,2.036181,0.6410832,0.4759408,2.016286,0.5606069,0.3935592,2.089862,0.5232385,0.3795265,2.03755,0.5204824,0.4046645,2.05077,0.2733053,0.5935229,2.075434,0.4238375,0.3557866,2.074621,0.5927769,0.4046356,2.009158,0.4090726,0.2834989,2.06619,0.4247798,0.07868826,2.086928,0.4367581,0.5430532,2.033418
72057594037937085,0,1.010151,5990.61,0.5627313,0.4057972,2.057174,0.4027128,0.593982,1.966625,0.3576882,0.5767103,2.071722,0.5111839,0.5163441,2.025633,0.3307205,0.5518888,2.067449,0.2987796,0.5926937,2.058889,0.4803816,0.5350705,2.036181,0.6410832,0.4759408,2.016286,0.5606069,0.3935592,2.089862,0.5232385,0.3795265,2.03755,0.5204824,0.4046645,2.05077,0.2733053,0.5935229,2.075434,0.4238375,0.3557866,2.074621,0.5927769,0.4046356,2.009158,0.4090726,0.2834989,2.06619,0.4247798,0.07868826,2.086928,0.4367581,0.5430532,2.033418
72057594037937085,0,1.010151,5990.614,0.5627313,0.4057972,2.057174,0.4027128,0.593982,1.966625,0.3576882,0.5767103,2.071722,0.5111839,0.5163441,2.025633,0.3307205,0.5518888,2.067449,0.2987796,0.5926937,2.058889,0.4803816,0.5350705,2.036181,0.6410832,0.4759408,2.016286,0.5606069,0.3935592,2.089862,0.5232385,0.3795265,2.03755,0.5204824,0.4046645,2.05077,0.2733053,0.5935229,2.075434,0.4238375,0.3557866,2.074621,0.5927769,0.4046356,2.009158,0.4090726,0.2834989,2.06619,0.4247798,0.07868826,2.086928,0.4367581,0.5430532,2.033418
72057594037937085,0,1.010151,5990.618,0.5627313,0.4057972,2.057174,0.4027128,0.593982,1.966625,0.3576882,0.5767103,2.071722,0.5111839,0.5163441,2.025633,0.3307205,0.5518888,2.067449,0.2987796,0.5926937,2.058889,0.4803816,0.5350705,2.036181,0.6410832,0.4759408,2.016286,0.5606069,0.3935592,2.089862,0.5232385,0.3795265,2.03755,0.5204824,0.4046645,2.05077,0.2733053,0.5935229,2.075434,0.4238375,0.3557866,2.074621,0.5927769,0.4046356,2.009158,0.4090726,0.2834989,2.06619,0.4247798,0.07868826,2.086928,0.4367581,0.5430532,2.033418
72057594037937085,0,1.010151,5990.622,0.5627313,0.4057972,2.057174,0.4027128,0.593982,1.966625,0.3576882,0.5767103,2.071722,0.5111839,0.5163441,2.025633,0.3307205,0.5518888,2.067449,0.2987796,0.5926937,2.058889,0.4803816,0.5350705,2.036181,0.6410832,0.4759408,2.016286,0.5606069,0.3935592,2.089862,0.5232385,0.3795265,2.03755,0.5204824,0.4046645,2.05077,0.2733053,0.5935229,2.075434,0.4238375,0.3557866,2.074621,0.5927769,0.4046356,2.009158,0.4090726,0.2834989,2.06619,0.4247798,0.07868826,2.086928,0.4367581,0.5430532,2.033418
72057594037937085,0,1.010151,5990.626,0.5627313,0.4057972,2.057174,0.4027128,0.593982,1.966625,0.3576882,0.5767103,2.071722,0.5111839,0.5163441,2.025633,0.3307205,0.5518888,2.067449,0.2987796,0.5926937,2.058889,0.4803816,0.5350705,2.036181,0.6410832,0.4759408,2.016286,0.5606069,0.3935592,2.089862,0.5232385,0.3795265,2.03755,0.5204824,0.4046645,2.05077,0.2733053,0.5935229,2.075434,0.4238375,0.3557866,2.074621,0.5927769,0.4046356,2.009158,0.4090726,0.2834989,2.06619,0.4247798,0.07868826,2.086928,0.4367581,0.5430532,2.033418
72057594037937085,0,1.010151,5990.631,0.5627313,0.4057972,2.057174,0.4027128,0.593982,1.966625,0.3576882,0.5767103,2.071722,0.5111839,0.5163441,2.025633,0.3307205,0.5518888,2.067449,0.2987796,0.5926937,2.058889,0.4803816,0.5350705,2.036181,0.6410832,0.4759408,2.016286,0.5606069,0.3935592,2.089862,0.5232385,0.3795265,2.03755,0.5204824,0.4046645,2.05077,0.2733053,0.5935229,2.075434,0.4238375,0.3557866,2.074621,0.5927769,0.4046356,2.009158,0.4090726,0.2834989,2.06619,0.4247798,0.07868826,2.086928,0.4367581,0.5430532,2.033418
