72057594038000686,0,2.878804,14142.92,0,0.38,-0.1,0,0.38,-0.1,0,0.38,-0.1,0,0.38,-0.1,0,0.38,-0.1,0,0.38,-0.1,0,0.38,-0.1,0,0.38,-0.1,0,0.38,-0.1,0,0.38,-0.1,0,0.38,-0.1,0,0.38,-0.1,0,0.38,-0.1,0,0.38,-0.1,0,0.38,-0.1,0,0.38,-0.1,0,0.38,-0.1
72057594038000686,0,1.969663,14142.93,-0.255219,0.001610279,0.9882156,-0.2760588,0.5288694,0.9306546,-0.3599822,0.3148592,0.8744563,-0.391212,0.2130521,0.7583084,-0.308953,0.1358229,0.6514053,-0.3188387,0.1307915,0.6584786,-0.1986259,0.3165658,1.014827,-0.1738364,0.1156024,0.9763178,-0.3605227,0.1608696,0.9047253,-0.3871108,0.189026,0.8989697,-0.2869029,0.008922726,0.9370629,-0.4046751,-0.1937199,0.8012141,-0.3523675,0.06043333,0.7987234,-0.2128431,0.01024136,0.9934657,-0.02019947,-0.2348956,0.9480233,-0.274398,-0.2770236,1.089769,-0.2924718,0.3753588,0.9384973
72057594038000686,0,1.969663,14142.93,-0.255219,0.001610279,0.9882156,-0.2760588,0.5288694,0.9306546,-0.3599822,0.3148592,0.8744563,-0.391212,0.2130521,0.7583084,-0.308953,0.1358229,0.6514053,-0.3188387,0.1307915,0.6584786,-0.1986259,0.3165658,1.014827,-0.1738364,0.1156024,0.9763178,-0.3605227,0.1608696,0.9047253,-0.3871108,0.189026,0.8989697,-0.2869029,0.008922726,0.9370629,-0.4046751,-0.1937199,0.8012141,-0.3523675,0.06043333,0.7987234,-0.2128431,0.01024136,0.9934657,-0.02019947,-0.2348956,0.9480233,-0.274398,-0.2770236,1.089769,-0.2924718,0.3753588,0.9384973
72057594038000686,0,1.969663,14142.94,-0.255219,0.001610279,0.9882156,-0.2760588,0.5288694,0.9306546,-0.3599822,0.3148592,0.8744563,-0.391212,0.2130521,0.7583084,-0.308953,0.1358229,0.6514053,-0.3188387,0.1307915,0.6584786,-0.1986259,0.3165658,1.014827,-0.1738364,0.1156024,0.9763178,-0.3605227,0.1608696,0.9047253,-0.3871108,0.189026,0.8989697,-0.2869029,0.008922726,0.9370629,-0.4046751,-0.1937199,0.8012141,-0.3523675,0.06043333,0.7987234,-0.2128431,0.01024136,0.9934657,-0.02019947,-0.2348956,0.9480233,-0.274398,-0.2770236,1.089769,-0.2924718,0.3753588,0.9384973
72057594038000686,0,1.969663,14142.94,-0.255219,0.001610279,0.9882156,-0.2760588,0.5288694,0.9306546,-0.3599822,0.3148592,0.8744563,-0.391212,0.2130521,0.7583084,-0.308953,0.1358229,0.6514053,-0.3188387,0.1307915,0.6584786,-0.1986259,0.3165658,1.014827,-0.1738364,0.1156024,0.9763178,-0.3605227,0.1608696,0.9047253,-0.3871108,0.189026,0.8989697,-0.2869029,0.008922726,0.9370629,-0.4046751,-0.1937199,0.8012141,-0.3523675,0.06043333,0.7987234,-0.2128431,0.01024136,0.9934657,-0.02019947,-0.2348956,0.9480233,-0.274398,-0.2770236,1.089769,-0.2924718,0.3753588,0.9384973
72057594038000686,0,1.969663,14142.95,-0.255219,0.001610279,0.9882156,-0.2760588,0.5288694,0.9306546,-0.3599822,0.3148592,0.8744563,-0.391212,0.2130521,0.7583084,-0.308953,0.1358229,0.6514053,-0.3188387,0.1307915,0.6584786,-0.1986259,0.3165658,1.014827,-0.1738364,0.1156024,0.9763178,-0.3605227,0.1608696,0.9047253,-0.3871108,0.189026,0.8989697,-0.2869029,0.008922726,0.9370629,-0.4046751,-0.1937199,0.8012141,-0.3523675,0.06043333,0.7987234,-0.2128431,0.01024136,0.9934657,-0.02019947,-0.2348956,0.9480233,-0.274398,-0.2770236,1.089769,-0.2924718,0.3753588,0.9384973
72057594038000686,0,1.969663,14142.95,-0.255219,0.001610279,0.9882156,-0.2760588,0.5288694,0.9306546,-0.3599822,0.3148592,0.8744563,-0.391212,0.2130521,0.7583084,-0.308953,0.1358229,0.6514053,-0.3188387,0.1307915,0.6584786,-0.1986259,0.3165658,1.014827,-0.1738364,0.1156024,0.9763178,-0.3605227,0.1608696,0.9047253,-0.3871108,0.189026,0.8989697,-0.2869029,0.008922726,0.9370629,-0.4046751,-0.1937199,0.8012141,-0.3523675,0.06043333,0.7987234,-0.2128431,0.01024136,0.9934657,-0.02019947,-0.2348956,0.9480233,-0.274398,-0.2770236,1.089769,-0.2924718,0.3753588,0.9384973
72057594038000686,0,1.969663,14142.95,-0.255219,0.001610279,0.9882156,-0.2760588,0.5288694,0.9306546,-0.3599822,0.3148592,0.8744563,-0.391212,0.2130521,0.7583084,-0.308953,0.1358229,0.6514053,-0.3188387,0.1307915,0.6584786,-0.1986259,0.3165658,1.014827,-0.1738364,0.1156024,0.9763178,-0.3605227,0.1608696,0.9047253,-0.3871108,0.189026,0.8989697,-0.2869029,0.008922726,0.9370629,-0.4046751,-0.1937199,0.8012141,-0.3523675,0.06043333,0.7987234,-0.2128431,0.01024136,0.9934657,-0.02019947,-0.2348956,0.9480233,-0.274398,-0.2770236,1.089769,-0.2924718,0.3753588,0.9384973
72057594038000686,0,1.9718,14142.96,-0.2595275,-0.005808711,0.9901452,-0.2758775,0.5310091,0.934094,-0.3601647,0.315426,0.8763911,-0.3912655,0.2157141,0.7635726,-0.3159756,0.1370986,0.65802,-0.3457226,0.1672981,0.6986259,-0.1989712,0.31546,1.016376,-0.1641401,0.1248651,0.9664739,-0.3511923,0.1600936,0.9070039,-0.3815732,0.1818448,0.9011059,-0.2908428,0.002990127,0.9390309,-0.4031631,-0.1894677,0.8039993,-0.3790867,0.05781955,0.820607,-0.2173104,0.001550496,0.9950447,-0.1511638,-0.05990979,0.9633458,-0.2355751,-0.244996,1.03612,-0.2924169,0.3754104,0.940854
72057594038000686,0,1.9718,14142.96,-0.2595275,-0.005808711,0.9901452,-0.2758775,0.5310091,0.934094,-0.3601647,0.315426,0.8763911,-0.3912655,0.2157141,0.7635726,-0.3159756,0.1370986,0.65802,-0.3457226,0.1672981,0.6986259,-0.1989712,0.31546,1.016376,-0.1641401,0.1248651,0.9664739,-0.3511923,0.1600936,0.9070039,-0.3815732,0.1818448,0.9011059,-0.2908428,0.002990127,0.9390309,-0.4031631,-0.1894677,0.8039993,-0.3790867,0.05781955,0.820607,-0.2173104,0.001550496,0.9950447,-0.1511638,-0.05990979,0.9633458,-0.2355751,-0.244996,1.03612,-0.2924169,0.3754104,0.940854
72057594038000686,0,1.9718,14142.97,-0.2595275,-0.005808711,0.9901452,-0.2758775,0.5310091,0.934094,-0.3601647,0.315426,0.8763911,-0.3912655,0.2157141,0.7635726,-0.3159756,0.1370986,0.65802,-0.3457226,0.1672981,0.6986259,-0.1989712,0.31546,1.016376,-0.1641401,0.1248651,0.9664739,-0.3511923,0.1600936,0.9070039,-0.3815732,0.1818448,0.9011059,-0.2908428,0.002990127,0.9390309,-0.4031631,-0.1894677,0.8039993,-0.3790867,0.05781955,0.820607,-0.2173104,0.001550496,0.9950447,-0.1511638,-0.05990979,0.9633458,-0.2355751,-0.244996,1.03612,-0.2924169,0.3754104,0.940854
72057594038000686,0,1.9718,14142.97,-0.2595275,-0.005808711,0.9901452,-0.2758775,0.5310091,0.934094,-0.3601647,0.315426,0.8763911,-0.3912655,0.2157141,0.7635726,-0.3159756,0.1370986,0.65802,-0.3457226,0.1672981,0.6986259,-0.1989712,0.31546,1.016376,-0.1641401,0.1248651,0.9664739,-0.3511923,0.1600936,0.9070039,-0.3815732,0.1818448,0.9011059,-0.2908428,0.002990127,0.9390309,-0.4031631,-0.1894677,0.8039993,-0.3790867,0.05781955,0.820607,-0.2173104,0.001550496,0.9950447,-0.1511638,-0.05990979,0.9633458,-0.2355751,-0.244996,1.03612,-0.2924169,0.3754104,0.940854
72057594038000686,0,1.9718,14142.98,-0.2595275,-0.005808711,0.9901452,-0.2758775,0.5310091,0.934094,-0.3601647,0.315426,0.8763911,-0.3912655,0.2157141,0.7635726,-0.3159756,0.1370986,0.65802,-0.3457226,0.1672981,0.6986259,-0.1989712,0.31546,1.016376,-0.1641401,0.1248651,0.9664739,-0.3511923,0.1600936,0.9070039,-0.3815732,0.1818448,0.9011059,-0.2908428,0.002990127,0.9390309,-0.4031631,-0.1894677,0.8039993,-0.3790867,0.05781955,0.820607,-0.2173104,0.001550496,0.9950447,-0.1511638,-0.05990979,0.9633458,-0.2355751,-0.244996,1.03612,-0.2924169,0.3754104,0.940854
72057594038000686,0,1.9718,14142.98,-0.2595275,-0.005808711,0.9901452,-0.2758775,0.5310091,0.934094,-0.3601647,0.315426,0.8763911,-0.3912655,0.2157141,0.7635726,-0.3159756,0.1370986,0.65802,-0.3457226,0.1672981,0.6986259,-0.1989712,0.31546,1.016376,-0.1641401,0.1248651,0.9664739,-0.3511923,0.1600936,0.9070039,-0.3815732,0.1818448,0.9011059,-0.2908428,0.002990127,0.9390309,-0.4031631,-0.1894677,0.8039993,-0.3790867,0.05781955,0.820607,-0.2173104,0.001550496,0.9950447,-0.1511638,-0.05990979,0.9633458,-0.2355751,-0.244996,1.03612,-0.2924169,0.3754104,0.940854
72057594038000686,0,1.9718,14142.99,-0.2595275,-0.005808711,0.9901452,-0.2758775,0.5310091,0.934094,-0.3601647,0.315426,0.8763911,-0.3912655,0.2157141,0.7635726,-0.3159756,0.1370986,0.65802,-0.3457226,0.1672981,0.6986259,-0.1989712,0.31546,1.016376,-0.1641401,0.1248651,0.9664739,-0.3511923,0.1600936,0.9070039,-0.3815732,0.1818448,0.9011059,-0.2908428,0.002990127,0.9390309,-0.4031631,-0.1894677,0.8039993,-0.3790867,0.05781955,0.820607,-0.2173104,0.001550496,0.9950447,-0.1511638,-0.05990979,0.9633458,-0.2355751,-0.244996,1.03612,-0.2924169,0.3754104,0.940854
72057594038000686,0,1.958206,14143,-0.2756096,-0.03366613,1.022427,-0.2750074,0.5359016,0.9472558,-0.3602268,0.3158731,0.8785451,-0.3950177,0.2109966,0.7754901,-0.3212386,0.1359666,0.6691924,-0.353737,0.1589549,0.7162483,-0.1992546,0.3149482,1.017848,-0.1630239,0.1303239,0.9667771,-0.3482559,0.1612629,0.9095095,-0.3824728,0.1777046,0.9073347,-0.3073216,-0.0243836,0.9736066,-0.387714,-0.1704046,0.7981282,-0.3777573,0.06842315,0.8108723,-0.2324141,-0.0255909,1.024274,-0.2746775,-0.2594951,1.042778,-0.2584459,-0.2960884,1.044226,-0.292796,0.3750864,0.9446555
72057594038000686,0,1.958206,14143,-0.2756096,-0.03366613,1.022427,-0.2750074,0.5359016,0.9472558,-0.3602268,0.3158731,0.8785451,-0.3950177,0.2109966,0.7754901,-0.3212386,0.1359666,0.6691924,-0.353737,0.1589549,0.7162483,-0.1992546,0.3149482,1.017848,-0.1630239,0.1303239,0.9667771,-0.3482559,0.1612629,0.9095095,-0.3824728,0.1777046,0.9073347,-0.3073216,-0.0243836,0.9736066,-0.387714,-0.1704046,0.7981282,-0.3777573,0.06842315,0.8108723,-0.2324141,-0.0255909,1.024274,-0.2746775,-0.2594951,1.042778,-0.2584459,-0.2960884,1.044226,-0.292796,0.3750864,0.9446555
72057594038000686,0,1.958206,14143.01,-0.2756096,-0.03366613,1.022427,-0.2750074,0.5359016,0.9472558,-0.3602268,0.3158731,0.8785451,-0.3950177,0.2109966,0.7754901,-0.3212386,0.1359666,0.6691924,-0.353737,0.1589549,0.7162483,-0.1992546,0.3149482,1.017848,-0.1630239,0.1303239,0.9667771,-0.3482559,0.1612629,0.9095095,-0.3824728,0.1777046,0.9073347,-0.3073216,-0.0243836,0.9736066,-0.387714,-0.1704046,0.7981282,-0.3777573,0.06842315,0.8108723,-0.2324141,-0.0255909,1.024274,-0.2746775,-0.2594951,1.042778,-0.2584459,-0.2960884,1.044226,-0.292796,0.3750864,0.9446555
72057594038000686,0,1.958206,14143.02,-0.2756096,-0.03366613,1.022427,-0.2750074,0.5359016,0.9472558,-0.3602268,0.3158731,0.8785451,-0.3950177,0.2109966,0.7754901,-0.3212386,0.1359666,0.6691924,-0.353737,0.1589549,0.7162483,-0.1992546,0.3149482,1.017848,-0.1630239,0.1303239,0.9667771,-0.3482559,0.1612629,0.9095095,-0.3824728,0.1777046,0.9073347,-0.3073216,-0.0243836,0.9736066,-0.387714,-0.1704046,0.7981282,-0.3777573,0.06842315,0.8108723,-0.2324141,-0.0255909,1.024274,-0.2746775,-0.2594951,1.042778,-0.2584459,-0.2960884,1.044226,-0.292796,0.3750864,0.9446555
72057594038000686,0,1.955725,14143.03,-0.2738305,-0.02082634,1.018198,-0.2736274,0.5363256,0.9604809,-0.3631879,0.3266419,0.8945308,-0.4003064,0.1901246,0.8003482,-0.3144864,0.1398763,0.6871038,-0.35909,0.1465478,0.7367151,-0.2004465,0.315792,1.022157,-0.1598802,0.1419484,0.9676526,-0.3477567,0.1633369,0.9115245,-0.3832393,0.1737221,0.9114919,-0.3058333,-0.008504927,0.9672747,-0.4438449,-0.1233526,0.7342123,-0.5844913,-0.2423494,0.519824,-0.2303664,-0.01569486,1.021323,-0.2728578,-0.2370195,1.023152,-0.1561558,-0.02991664,0.9776984,-0.2916243,0.3800062,0.9597987
72057594038000686,0,1.955725,14143.04,-0.2738305,-0.02082634,1.018198,-0.2736274,0.5363256,0.9604809,-0.3631879,0.3266419,0.8945308,-0.4003064,0.1901246,0.8003482,-0.3144864,0.1398763,0.6871038,-0.35909,0.1465478,0.7367151,-0.2004465,0.315792,1.022157,-0.1598802,0.1419484,0.9676526,-0.3477567,0.1633369,0.9115245,-0.3832393,0.1737221,0.9114919,-0.3058333,-0.008504927,0.9672747,-0.4438449,-0.1233526,0.7342123,-0.5844913,-0.2423494,0.519824,-0.2303664,-0.01569486,1.021323,-0.2728578,-0.2370195,1.023152,-0.1561558,-0.02991664,0.9776984,-0.2916243,0.3800062,0.9597987
72057594038000686,0,1.955725,14143.04,-0.2738305,-0.02082634,1.018198,-0.2736274,0.5363256,0.9604809,-0.3631879,0.3266419,0.8945308,-0.4003064,0.1901246,0.8003482,-0.3144864,0.1398763,0.6871038,-0.35909,0.1465478,0.7367151,-0.2004465,0.315792,1.022157,-0.1598802,0.1419484,0.9676526,-0.3477567,0.1633369,0.9115245,-0.3832393,0.1737221,0.9114919,-0.3058333,-0.008504927,0.9672747,-0.4438449,-0.1233526,0.7342123,-0.5844913,-0.2423494,0.519824,-0.2303664,-0.01569486,1.021323,-0.2728578,-0.2370195,1.023152,-0.1561558,-0.02991664,0.9776984,-0.2916243,0.3800062,0.9597987
72057594038000686,0,1.955725,14143.05,-0.2738305,-0.02082634,1.018198,-0.2736274,0.5363256,0.9604809,-0.3631879,0.3266419,0.8945308,-0.4003064,0.1901246,0.8003482,-0.3144864,0.1398763,0.6871038,-0.35909,0.1465478,0.7367151,-0.2004465,0.315792,1.022157,-0.1598802,0.1419484,0.9676526,-0.3477567,0.1633369,0.9115245,-0.3832393,0.1737221,0.9114919,-0.3058333,-0.008504927,0.9672747,-0.4438449,-0.1233526,0.7342123,-0.5844913,-0.2423494,0.519824,-0.2303664,-0.01569486,1.021323,-0.2728578,-0.2370195,1.023152,-0.1561558,-0.02991664,0.9776984,-0.2916243,0.3800062,0.9597987
72057594038000686,0,1.955725,14143.05,-0.2738305,-0.02082634,1.018198,-0.2736274,0.5363256,0.9604809,-0.3631879,0.3266419,0.8945308,-0.4003064,0.1901246,0.8003482,-0.3144864,0.1398763,0.6871038,-0.35909,0.1465478,0.7367151,-0.2004465,0.315792,1.022157,-0.1598802,0.1419484,0.9676526,-0.3477567,0.1633369,0.9115245,-0.3832393,0.1737221,0.9114919,-0.3058333,-0.008504927,0.9672747,-0.4438449,-0.1233526,0.7342123,-0.5844913,-0.2423494,0.519824,-0.2303664,-0.01569486,1.021323,-0.2728578,-0.2370195,1.023152,-0.1561558,-0.02991664,0.9776984,-0.2916243,0.3800062,0.9597987
72057594038000686,0,1.984358,14143.05,-0.2850381,-0.05872235,1.007391,-0.2699315,0.5428854,0.9776701,-0.3546655,0.3207054,0.9078302,-0.3759232,0.121464,0.8484376,-0.3645393,0.1298541,0.6912526,-0.3791604,0.09452352,0.6608161,-0.2026483,0.3275166,1.048605,-0.1550385,0.1567093,0.9802318,-0.3521746,0.1601611,0.9193805,-0.390619,0.1651715,0.9139123,-0.3151878,-0.05819067,0.9551702,-0.3896519,-0.1726134,0.7361735,-0.2940124,0.02436954,0.8421556,-0.2421913,-0.04270828,1.011587,-0.2794718,-0.2658246,1.030218,-0.1573288,-0.05833319,0.9875672,-0.2908824,0.3770998,0.968731
72057594038000686,0,1.984358,14143.06,-0.2850381,-0.05872235,1.007391,-0.2699315,0.5428854,0.9776701,-0.3546655,0.3207054,0.9078302,-0.3759232,0.121464,0.8484376,-0.3645393,0.1298541,0.6912526,-0.3791604,0.09452352,0.6608161,-0.2026483,0.3275166,1.048605,-0.1550385,0.1567093,0.9802318,-0.3521746,0.1601611,0.9193805,-0.390619,0.1651715,0.9139123,-0.3151878,-0.05819067,0.9551702,-0.3896519,-0.1726134,0.7361735,-0.2940124,0.02436954,0.8421556,-0.2421913,-0.04270828,1.011587,-0.2794718,-0.2658246,1.030218,-0.1573288,-0.05833319,0.9875672,-0.2908824,0.3770998,0.968731
72057594038000686,0,1.984358,14143.06,-0.2850381,-0.05872235,1.007391,-0.2699315,0.5428854,0.9776701,-0.3546655,0.3207054,0.9078302,-0.3759232,0.121464,0.8484376,-0.3645393,0.1298541,0.6912526,-0.3791604,0.09452352,0.6608161,-0.2026483,0.3275166,1.048605,-0.1550385,0.1567093,0.9802318,-0.3521746,0.1601611,0.9193805,-0.390619,0.1651715,0.9139123,-0.3151878,-0.05819067,0.9551702,-0.3896519,-0.1726134,0.7361735,-0.2940124,0.02436954,0.8421556,-0.2421913,-0.04270828,1.011587,-0.2794718,-0.2658246,1.030218,-0.1573288,-0.05833319,0.9875672,-0.2908824,0.3770998,0.968731
72057594038000686,0,1.984358,14143.07,-0.2850381,-0.05872235,1.007391,-0.2699315,0.5428854,0.9776701,-0.3546655,0.3207054,0.9078302,-0.3759232,0.121464,0.8484376,-0.3645393,0.1298541,0.6912526,-0.3791604,0.09452352,0.6608161,-0.2026483,0.3275166,1.048605,-0.1550385,0.1567093,0.9802318,-0.3521746,0.1601611,0.9193805,-0.390619,0.1651715,0.9139123,-0.3151878,-0.05819067,0.9551702,-0.3896519,-0.1726134,0.7361735,-0.2940124,0.02436954,0.8421556,-0.2421913,-0.04270828,1.011587,-0.2794718,-0.2658246,1.030218,-0.1573288,-0.05833319,0.9875672,-0.2908824,0.3770998,0.968731
72057594038000686,0,1.984358,14143.08,-0.2850381,-0.05872235,1.007391,-0.2699315,0.5428854,0.9776701,-0.3546655,0.3207054,0.9078302,-0.3759232,0.121464,0.8484376,-0.3645393,0.1298541,0.6912526,-0.3791604,0.09452352,0.6608161,-0.2026483,0.3275166,1.048605,-0.1550385,0.1567093,0.9802318,-0.3521746,0.1601611,0.9193805,-0.390619,0.1651715,0.9139123,-0.3151878,-0.05819067,0.9551702,-0.3896519,-0.1726134,0.7361735,-0.2940124,0.02436954,0.8421556,-0.2421913,-0.04270828,1.011587,-0.2794718,-0.2658246,1.030218,-0.1573288,-0.05833319,0.9875672,-0.2908824,0.3770998,0.968731
72057594038000686,0,1.984358,14143.09,-0.2850381,-0.05872235,1.007391,-0.2699315,0.5428854,0.9776701,-0.3546655,0.3207054,0.9078302,-0.3759232,0.121464,0.8484376,-0.3645393,0.1298541,0.6912526,-0.3791604,0.09452352,0.6608161,-0.2026483,0.3275166,1.048605,-0.1550385,0.1567093,0.9802318,-0.3521746,0.1601611,0.9193805,-0.390619,0.1651715,0.9139123,-0.3151878,-0.05819067,0.9551702,-0.3896519,-0.1726134,0.7361735,-0.2940124,0.02436954,0.8421556,-0.2421913,-0.04270828,1.011587,-0.2794718,-0.2658246,1.030218,-0.1573288,-0.05833319,0.9875672,-0.2908824,0.3770998,0.968731
72057594038000686,0,1.95598,14143.09,-0.2588806,-0.1096035,1.065259,-0.2660524,0.547484,0.9937481,-0.3475002,0.3187942,0.9197375,-0.3756978,0.1161684,0.8540043,-0.3863724,0.1583208,0.6979297,-0.3910669,0.1716396,0.6485468,-0.2023547,0.3190143,1.063538,-0.158999,0.1496906,1.016265,-0.2935664,0.1454943,0.9243804,-0.33649,0.1535472,0.9154999,-0.286769,-0.09849238,1.012153,-0.386009,-0.1390626,0.7678306,-0.289118,0.06020105,0.8745292,-0.2200846,-0.09997877,1.068969,-0.3047627,-0.3184114,1.025224,-0.1807745,-0.1082813,0.983357,-0.2857205,0.3738669,0.9879837
72057594038000686,0,1.95598,14143.09,-0.2588806,-0.1096035,1.065259,-0.2660524,0.547484,0.9937481,-0.3475002,0.3187942,0.9197375,-0.3756978,0.1161684,0.8540043,-0.3863724,0.1583208,0.6979297,-0.3910669,0.1716396,0.6485468,-0.2023547,0.3190143,1.063538,-0.158999,0.1496906,1.016265,-0.2935664,0.1454943,0.9243804,-0.33649,0.1535472,0.9154999,-0.286769,-0.09849238,1.012153,-0.386009,-0.1390626,0.7678306,-0.289118,0.06020105,0.8745292,-0.2200846,-0.09997877,1.068969,-0.3047627,-0.3184114,1.025224,-0.1807745,-0.1082813,0.983357,-0.2857205,0.3738669,0.9879837
72057594038000686,0,1.95598,14143.1,-0.2588806,-0.1096035,1.065259,-0.2660524,0.547484,0.9937481,-0.3475002,0.3187942,0.9197375,-0.3756978,0.1161684,0.8540043,-0.3863724,0.1583208,0.6979297,-0.3910669,0.1716396,0.6485468,-0.2023547,0.3190143,1.063538,-0.158999,0.1496906,1.016265,-0.2935664,0.1454943,0.9243804,-0.33649,0.1535472,0.9154999,-0.286769,-0.09849238,1.012153,-0.386009,-0.1390626,0.7678306,-0.289118,0.06020105,0.8745292,-0.2200846,-0.09997877,1.068969,-0.3047627,-0.3184114,1.025224,-0.1807745,-0.1082813,0.983357,-0.2857205,0.3738669,0.9879837
72057594038000686,0,1.95598,14143.1,-0.2588806,-0.1096035,1.065259,-0.2660524,0.547484,0.9937481,-0.3475002,0.3187942,0.9197375,-0.3756978,0.1161684,0.8540043,-0.3863724,0.1583208,0.6979297,-0.3910669,0.1716396,0.6485468,-0.2023547,0.3190143,1.063538,-0.158999,0.1496906,1.016265,-0.2935664,0.1454943,0.9243804,-0.33649,0.1535472,0.9154999,-0.286769,-0.09849238,1.012153,-0.386009,-0.1390626,0.7678306,-0.289118,0.06020105,0.8745292,-0.2200846,-0.09997877,1.068969,-0.3047627,-0.3184114,1.025224,-0.1807745,-0.1082813,0.983357,-0.2857205,0.3738669,0.9879837
72057594038000686,0,1.95598,14143.11,-0.2588806,-0.1096035,1.065259,-0.2660524,0.547484,0.9937481,-0.3475002,0.3187942,0.9197375,-0.3756978,0.1161684,0.8540043,-0.3863724,0.1583208,0.6979297,-0.3910669,0.1716396,0.6485468,-0.2023547,0.3190143,1.063538,-0.158999,0.1496906,1.016265,-0.2935664,0.1454943,0.9243804,-0.33649,0.1535472,0.9154999,-0.286769,-0.09849238,1.012153,-0.386009,-0.1390626,0.7678306,-0.289118,0.06020105,0.8745292,-0.2200846,-0.09997877,1.068969,-0.3047627,-0.3184114,1.025224,-0.1807745,-0.1082813,0.983357,-0.2857205,0.3738669,0.9879837
72057594038000686,0,1.95598,14143.11,-0.2588806,-0.1096035,1.065259,-0.2660524,0.547484,0.9937481,-0.3475002,0.3187942,0.9197375,-0.3756978,0.1161684,0.8540043,-0.3863724,0.1583208,0.6979297,-0.3910669,0.1716396,0.6485468,-0.2023547,0.3190143,1.063538,-0.158999,0.1496906,1.016265,-0.2935664,0.1454943,0.9243804,-0.33649,0.1535472,0.9154999,-0.286769,-0.09849238,1.012153,-0.386009,-0.1390626,0.7678306,-0.289118,0.06020105,0.8745292,-0.2200846,-0.09997877,1.068969,-0.3047627,-0.3184114,1.025224,-0.1807745,-0.1082813,0.983357,-0.2857205,0.3738669,0.9879837
72057594038000686,0,1.95598,14143.12,-0.2588806,-0.1096035,1.065259,-0.2660524,0.547484,0.9937481,-0.3475002,0.3187942,0.9197375,-0.3756978,0.1161684,0.8540043,-0.3863724,0.1583208,0.6979297,-0.3910669,0.1716396,0.6485468,-0.2023547,0.3190143,1.063538,-0.158999,0.1496906,1.016265,-0.2935664,0.1454943,0.9243804,-0.33649,0.1535472,0.9154999,-0.286769,-0.09849238,1.012153,-0.386009,-0.1390626,0.7678306,-0.289118,0.06020105,0.8745292,-0.2200846,-0.09997877,1.068969,-0.3047627,-0.3184114,1.025224,-0.1807745,-0.1082813,0.983357,-0.2857205,0.3738669,0.9879837
72057594038000686,0,1.954127,14143.12,-0.2594289,-0.1143611,1.070343,-0.2607932,0.5525537,1.011359,-0.3420061,0.3186268,0.9272002,-0.3716777,0.108775,0.8701888,-0.3933111,0.1451675,0.7098849,-0.4016647,0.1565314,0.6591548,-0.2010303,0.330428,1.069268,-0.1545355,0.1504489,1.023845,-0.3281723,0.2116556,0.9041146,-0.3819247,0.2363598,0.8856282,-0.2872089,-0.1069336,1.016678,-0.3884757,-0.1351383,0.7671467,-0.2907582,0.06570563,0.8745244,-0.220487,-0.1019841,1.073507,-0.3061936,-0.3227633,1.026806,-0.1811413,-0.1110146,0.9848975,-0.2838207,0.3730674,0.9970967
72057594038000686,0,1.954127,14143.13,-0.2594289,-0.1143611,1.070343,-0.2607932,0.5525537,1.011359,-0.3420061,0.3186268,0.9272002,-0.3716777,0.108775,0.8701888,-0.3933111,0.1451675,0.7098849,-0.4016647,0.1565314,0.6591548,-0.2010303,0.330428,1.069268,-0.1545355,0.1504489,1.023845,-0.3281723,0.2116556,0.9041146,-0.3819247,0.2363598,0.8856282,-0.2872089,-0.1069336,1.016678,-0.3884757,-0.1351383,0.7671467,-0.2907582,0.06570563,0.8745244,-0.220487,-0.1019841,1.073507,-0.3061936,-0.3227633,1.026806,-0.1811413,-0.1110146,0.9848975,-0.2838207,0.3730674,0.9970967
72057594038000686,0,1.954127,14143.13,-0.2594289,-0.1143611,1.070343,-0.2607932,0.5525537,1.011359,-0.3420061,0.3186268,0.9272002,-0.3716777,0.108775,0.8701888,-0.3933111,0.1451675,0.7098849,-0.4016647,0.1565314,0.6591548,-0.2010303,0.330428,1.069268,-0.1545355,0.1504489,1.023845,-0.3281723,0.2116556,0.9041146,-0.3819247,0.2363598,0.8856282,-0.2872089,-0.1069336,1.016678,-0.3884757,-0.1351383,0.7671467,-0.2907582,0.06570563,0.8745244,-0.220487,-0.1019841,1.073507,-0.3061936,-0.3227633,1.026806,-0.1811413,-0.1110146,0.9848975,-0.2838207,0.3730674,0.9970967
72057594038000686,0,1.954127,14143.13,-0.2594289,-0.1143611,1.070343,-0.2607932,0.5525537,1.011359,-0.3420061,0.3186268,0.9272002,-0.3716777,0.108775,0.8701888,-0.3933111,0.1451675,0.7098849,-0.4016647,0.1565314,0.6591548,-0.2010303,0.330428,1.069268,-0.1545355,0.1504489,1.023845,-0.3281723,0.2116556,0.9041146,-0.3819247,0.2363598,0.8856282,-0.2872089,-0.1069336,1.016678,-0.3884757,-0.1351383,0.7671467,-0.2907582,0.06570563,0.8745244,-0.220487,-0.1019841,1.073507,-0.3061936,-0.3227633,1.026806,-0.1811413,-0.1110146,0.9848975,-0.2838207,0.3730674,0.9970967
72057594038000686,0,1.954127,14143.14,-0.2594289,-0.1143611,1.070343,-0.2607932,0.5525537,1.011359,-0.3420061,0.3186268,0.9272002,-0.3716777,0.108775,0.8701888,-0.3933111,0.1451675,0.7098849,-0.4016647,0.1565314,0.6591548,-0.2010303,0.330428,1.069268,-0.1545355,0.1504489,1.023845,-0.3281723,0.2116556,0.9041146,-0.3819247,0.2363598,0.8856282,-0.2872089,-0.1069336,1.016678,-0.3884757,-0.1351383,0.7671467,-0.2907582,0.06570563,0.8745244,-0.220487,-0.1019841,1.073507,-0.3061936,-0.3227633,1.026806,-0.1811413,-0.1110146,0.9848975,-0.2838207,0.3730674,0.9970967
72057594038000686,0,1.954127,14143.14,-0.2594289,-0.1143611,1.070343,-0.2607932,0.5525537,1.011359,-0.3420061,0.3186268,0.9272002,-0.3716777,0.108775,0.8701888,-0.3933111,0.1451675,0.7098849,-0.4016647,0.1565314,0.6591548,-0.2010303,0.330428,1.069268,-0.1545355,0.1504489,1.023845,-0.3281723,0.2116556,0.9041146,-0.3819247,0.2363598,0.8856282,-0.2872089,-0.1069336,1.016678,-0.3884757,-0.1351383,0.7671467,-0.2907582,0.06570563,0.8745244,-0.220487,-0.1019841,1.073507,-0.3061936,-0.3227633,1.026806,-0.1811413,-0.1110146,0.9848975,-0.2838207,0.3730674,0.9970967
72057594038000686,0,1.954127,14143.15,-0.2594289,-0.1143611,1.070343,-0.2607932,0.5525537,1.011359,-0.3420061,0.3186268,0.9272002,-0.3716777,0.108775,0.8701888,-0.3933111,0.1451675,0.7098849,-0.4016647,0.1565314,0.6591548,-0.2010303,0.330428,1.069268,-0.1545355,0.1504489,1.023845,-0.3281723,0.2116556,0.9041146,-0.3819247,0.2363598,0.8856282,-0.2872089,-0.1069336,1.016678,-0.3884757,-0.1351383,0.7671467,-0.2907582,0.06570563,0.8745244,-0.220487,-0.1019841,1.073507,-0.3061936,-0.3227633,1.026806,-0.1811413,-0.1110146,0.9848975,-0.2838207,0.3730674,0.9970967
72057594038000686,0,1.954127,14143.16,-0.2594289,-0.1143611,1.070343,-0.2607932,0.5525537,1.011359,-0.3420061,0.3186268,0.9272002,-0.3716777,0.108775,0.8701888,-0.3933111,0.1451675,0.7098849,-0.4016647,0.1565314,0.6591548,-0.2010303,0.330428,1.069268,-0.1545355,0.1504489,1.023845,-0.3281723,0.2116556,0.9041146,-0.3819247,0.2363598,0.8856282,-0.2872089,-0.1069336,1.016678,-0.3884757,-0.1351383,0.7671467,-0.2907582,0.06570563,0.8745244,-0.220487,-0.1019841,1.073507,-0.3061936,-0.3227633,1.026806,-0.1811413,-0.1110146,0.9848975,-0.2838207,0.3730674,0.9970967
72057594038000686,0,1.951838,14143.16,-0.2641027,-0.1411848,1.090071,-0.256402,0.5553287,1.026344,-0.3234983,0.3221031,0.9457291,-0.3571713,0.1056061,0.8936325,-0.3484675,-0.0041731,0.7661095,-0.3612383,-0.05186,0.7586265,-0.1944423,0.3406143,1.084622,-0.139852,0.1416642,1.071807,-0.3061323,0.2044738,0.9319422,-0.3563502,0.2309245,0.9103775,-0.2903673,-0.1369488,1.036646,-0.3302989,-0.03956613,0.7775256,-0.2313259,0.1637486,0.8852468,-0.226119,-0.1229037,1.091408,-0.3153982,-0.3456937,1.041152,-0.1885211,-0.1312292,0.9994854,-0.2770451,0.3731747,1.017455
72057594038000686,0,1.951838,14143.17,-0.2641027,-0.1411848,1.090071,-0.256402,0.5553287,1.026344,-0.3234983,0.3221031,0.9457291,-0.3571713,0.1056061,0.8936325,-0.3484675,-0.0041731,0.7661095,-0.3612383,-0.05186,0.7586265,-0.1944423,0.3406143,1.084622,-0.139852,0.1416642,1.071807,-0.3061323,0.2044738,0.9319422,-0.3563502,0.2309245,0.9103775,-0.2903673,-0.1369488,1.036646,-0.3302989,-0.03956613,0.7775256,-0.2313259,0.1637486,0.8852468,-0.226119,-0.1229037,1.091408,-0.3153982,-0.3456937,1.041152,-0.1885211,-0.1312292,0.9994854,-0.2770451,0.3731747,1.017455
72057594038000686,0,1.951838,14143.17,-0.2641027,-0.1411848,1.090071,-0.256402,0.5553287,1.026344,-0.3234983,0.3221031,0.9457291,-0.3571713,0.1056061,0.8936325,-0.3484675,-0.0041731,0.7661095,-0.3612383,-0.05186,0.7586265,-0.1944423,0.3406143,1.084622,-0.139852,0.1416642,1.071807,-0.3061323,0.2044738,0.9319422,-0.3563502,0.2309245,0.9103775,-0.2903673,-0.1369488,1.036646,-0.3302989,-0.03956613,0.7775256,-0.2313259,0.1637486,0.8852468,-0.226119,-0.1229037,1.091408,-0.3153982,-0.3456937,1.041152,-0.1885211,-0.1312292,0.9994854,-0.2770451,0.3731747,1.017455
72057594038000686,0,1.951838,14143.17,-0.2641027,-0.1411848,1.090071,-0.256402,0.5553287,1.026344,-0.3234983,0.3221031,0.9457291,-0.3571713,0.1056061,0.8936325,-0.3484675,-0.0041731,0.7661095,-0.3612383,-0.05186,0.7586265,-0.1944423,0.3406143,1.084622,-0.139852,0.1416642,1.071807,-0.3061323,0.2044738,0.9319422,-0.3563502,0.2309245,0.9103775,-0.2903673,-0.1369488,1.036646,-0.3302989,-0.03956613,0.7775256,-0.2313259,0.1637486,0.8852468,-0.226119,-0.1229037,1.091408,-0.3153982,-0.3456937,1.041152,-0.1885211,-0.1312292,0.9994854,-0.2770451,0.3731747,1.017455
72057594038000686,0,1.951838,14143.18,-0.2641027,-0.1411848,1.090071,-0.256402,0.5553287,1.026344,-0.3234983,0.3221031,0.9457291,-0.3571713,0.1056061,0.8936325,-0.3484675,-0.0041731,0.7661095,-0.3612383,-0.05186,0.7586265,-0.1944423,0.3406143,1.084622,-0.139852,0.1416642,1.071807,-0.3061323,0.2044738,0.9319422,-0.3563502,0.2309245,0.9103775,-0.2903673,-0.1369488,1.036646,-0.3302989,-0.03956613,0.7775256,-0.2313259,0.1637486,0.8852468,-0.226119,-0.1229037,1.091408,-0.3153982,-0.3456937,1.041152,-0.1885211,-0.1312292,0.9994854,-0.2770451,0.3731747,1.017455
72057594038000686,0,1.951838,14143.18,-0.2641027,-0.1411848,1.090071,-0.256402,0.5553287,1.026344,-0.3234983,0.3221031,0.9457291,-0.3571713,0.1056061,0.8936325,-0.3484675,-0.0041731,0.7661095,-0.3612383,-0.05186,0.7586265,-0.1944423,0.3406143,1.084622,-0.139852,0.1416642,1.071807,-0.3061323,0.2044738,0.9319422,-0.3563502,0.2309245,0.9103775,-0.2903673,-0.1369488,1.036646,-0.3302989,-0.03956613,0.7775256,-0.2313259,0.1637486,0.8852468,-0.226119,-0.1229037,1.091408,-0.3153982,-0.3456937,1.041152,-0.1885211,-0.1312292,0.9994854,-0.2770451,0.3731747,1.017455
72057594038000686,0,1.951838,14143.19,-0.2641027,-0.1411848,1.090071,-0.256402,0.5553287,1.026344,-0.3234983,0.3221031,0.9457291,-0.3571713,0.1056061,0.8936325,-0.3484675,-0.0041731,0.7661095,-0.3612383,-0.05186,0.7586265,-0.1944423,0.3406143,1.084622,-0.139852,0.1416642,1.071807,-0.3061323,0.2044738,0.9319422,-0.3563502,0.2309245,0.9103775,-0.2903673,-0.1369488,1.036646,-0.3302989,-0.03956613,0.7775256,-0.2313259,0.1637486,0.8852468,-0.226119,-0.1229037,1.091408,-0.3153982,-0.3456937,1.041152,-0.1885211,-0.1312292,0.9994854,-0.2770451,0.3731747,1.017455
72057594038000686,0,1.948729,14143.2,-0.2638941,-0.141731,1.09407,-0.2516762,0.5591024,1.042808,-0.3166762,0.3214869,0.9532337,-0.3401032,0.09627128,0.9106952,-0.306923,-0.03463879,0.8044748,-0.2985701,-0.08378565,0.8652281,-0.182038,0.3648064,1.104946,-0.1397351,0.1512341,1.107376,-0.2745813,0.2839736,0.9732423,-0.3114142,0.3421049,0.924737,-0.2897243,-0.1382026,1.039525,-0.3275035,-0.03949258,0.777465,-0.2278573,0.1652105,0.885711,-0.2261663,-0.1217476,1.096075,-0.3123608,-0.3481306,1.048976,-0.1846261,-0.132305,1.00706,-0.2670889,0.3884799,1.03591
72057594038000686,0,1.948729,14143.2,-0.2638941,-0.141731,1.09407,-0.2516762,0.5591024,1.042808,-0.3166762,0.3214869,0.9532337,-0.3401032,0.09627128,0.9106952,-0.306923,-0.03463879,0.8044748,-0.2985701,-0.08378565,0.8652281,-0.182038,0.3648064,1.104946,-0.1397351,0.1512341,1.107376,-0.2745813,0.2839736,0.9732423,-0.3114142,0.3421049,0.924737,-0.2897243,-0.1382026,1.039525,-0.3275035,-0.03949258,0.777465,-0.2278573,0.1652105,0.885711,-0.2261663,-0.1217476,1.096075,-0.3123608,-0.3481306,1.048976,-0.1846261,-0.132305,1.00706,-0.2670889,0.3884799,1.03591
72057594038000686,0,1.948729,14143.21,-0.2638941,-0.141731,1.09407,-0.2516762,0.5591024,1.042808,-0.3166762,0.3214869,0.9532337,-0.3401032,0.09627128,0.9106952,-0.306923,-0.03463879,0.8044748,-0.2985701,-0.08378565,0.8652281,-0.182038,0.3648064,1.104946,-0.1397351,0.1512341,1.107376,-0.2745813,0.2839736,0.9732423,-0.3114142,0.3421049,0.924737,-0.2897243,-0.1382026,1.039525,-0.3275035,-0.03949258,0.777465,-0.2278573,0.1652105,0.885711,-0.2261663,-0.1217476,1.096075,-0.3123608,-0.3481306,1.048976,-0.1846261,-0.132305,1.00706,-0.2670889,0.3884799,1.03591
72057594038000686,0,1.948729,14143.21,-0.2638941,-0.141731,1.09407,-0.2516762,0.5591024,1.042808,-0.3166762,0.3214869,0.9532337,-0.3401032,0.09627128,0.9106952,-0.306923,-0.03463879,0.8044748,-0.2985701,-0.08378565,0.8652281,-0.182038,0.3648064,1.104946,-0.1397351,0.1512341,1.107376,-0.2745813,0.2839736,0.9732423,-0.3114142,0.3421049,0.924737,-0.2897243,-0.1382026,1.039525,-0.3275035,-0.03949258,0.777465,-0.2278573,0.1652105,0.885711,-0.2261663,-0.1217476,1.096075,-0.3123608,-0.3481306,1.048976,-0.1846261,-0.132305,1.00706,-0.2670889,0.3884799,1.03591
72057594038000686,0,1.948729,14143.22,-0.2638941,-0.141731,1.09407,-0.2516762,0.5591024,1.042808,-0.3166762,0.3214869,0.9532337,-0.3401032,0.09627128,0.9106952,-0.306923,-0.03463879,0.8044748,-0.2985701,-0.08378565,0.8652281,-0.182038,0.3648064,1.104946,-0.1397351,0.1512341,1.107376,-0.2745813,0.2839736,0.9732423,-0.3114142,0.3421049,0.924737,-0.2897243,-0.1382026,1.039525,-0.3275035,-0.03949258,0.777465,-0.2278573,0.1652105,0.885711,-0.2261663,-0.1217476,1.096075,-0.3123608,-0.3481306,1.048976,-0.1846261,-0.132305,1.00706,-0.2670889,0.3884799,1.03591
72057594038000686,0,1.948729,14143.22,-0.2638941,-0.141731,1.09407,-0.2516762,0.5591024,1.042808,-0.3166762,0.3214869,0.9532337,-0.3401032,0.09627128,0.9106952,-0.306923,-0.03463879,0.8044748,-0.2985701,-0.08378565,0.8652281,-0.182038,0.3648064,1.104946,-0.1397351,0.1512341,1.107376,-0.2745813,0.2839736,0.9732423,-0.3114142,0.3421049,0.924737,-0.2897243,-0.1382026,1.039525,-0.3275035,-0.03949258,0.777465,-0.2278573,0.1652105,0.885711,-0.2261663,-0.1217476,1.096075,-0.3123608,-0.3481306,1.048976,-0.1846261,-0.132305,1.00706,-0.2670889,0.3884799,1.03591
72057594038000686,0,1.900617,14143.23,-0.2404532,-0.08085114,1.110445,-0.2460994,0.5636284,1.053828,-0.3042906,0.3219281,0.9632286,-0.3196768,0.09106055,0.9224726,-0.2588362,-0.06451535,0.881752,-0.2858766,-0.1001593,0.8734422,-0.1787287,0.3675698,1.111095,-0.1525949,0.1523564,1.158721,-0.252362,0.2921871,0.9954935,-0.2844613,0.3576187,0.9385281,-0.2609923,-0.0730218,1.056079,-0.2761286,0.009228438,0.7839108,-0.3435125,-0.22024,0.7107579,-0.2091387,-0.06794527,1.110289,-0.2954228,-0.2966489,1.049446,-0.167121,-0.07994166,1.007164,-0.2609206,0.3962836,1.045364
72057594038000686,0,1.900617,14143.23,-0.2404532,-0.08085114,1.110445,-0.2460994,0.5636284,1.053828,-0.3042906,0.3219281,0.9632286,-0.3196768,0.09106055,0.9224726,-0.2588362,-0.06451535,0.881752,-0.2858766,-0.1001593,0.8734422,-0.1787287,0.3675698,1.111095,-0.1525949,0.1523564,1.158721,-0.252362,0.2921871,0.9954935,-0.2844613,0.3576187,0.9385281,-0.2609923,-0.0730218,1.056079,-0.2761286,0.009228438,0.7839108,-0.3435125,-0.22024,0.7107579,-0.2091387,-0.06794527,1.110289,-0.2954228,-0.2966489,1.049446,-0.167121,-0.07994166,1.007164,-0.2609206,0.3962836,1.045364
72057594038000686,0,1.900617,14143.24,-0.2404532,-0.08085114,1.110445,-0.2460994,0.5636284,1.053828,-0.3042906,0.3219281,0.9632286,-0.3196768,0.09106055,0.9224726,-0.2588362,-0.06451535,0.881752,-0.2858766,-0.1001593,0.8734422,-0.1787287,0.3675698,1.111095,-0.1525949,0.1523564,1.158721,-0.252362,0.2921871,0.9954935,-0.2844613,0.3576187,0.9385281,-0.2609923,-0.0730218,1.056079,-0.2761286,0.009228438,0.7839108,-0.3435125,-0.22024,0.7107579,-0.2091387,-0.06794527,1.110289,-0.2954228,-0.2966489,1.049446,-0.167121,-0.07994166,1.007164,-0.2609206,0.3962836,1.045364
72057594038000686,0,1.900617,14143.24,-0.2404532,-0.08085114,1.110445,-0.2460994,0.5636284,1.053828,-0.3042906,0.3219281,0.9632286,-0.3196768,0.09106055,0.9224726,-0.2588362,-0.06451535,0.881752,-0.2858766,-0.1001593,0.8734422,-0.1787287,0.3675698,1.111095,-0.1525949,0.1523564,1.158721,-0.252362,0.2921871,0.9954935,-0.2844613,0.3576187,0.9385281,-0.2609923,-0.0730218,1.056079,-0.2761286,0.009228438,0.7839108,-0.3435125,-0.22024,0.7107579,-0.2091387,-0.06794527,1.110289,-0.2954228,-0.2966489,1.049446,-0.167121,-0.07994166,1.007164,-0.2609206,0.3962836,1.045364
72057594038000686,0,1.900617,14143.25,-0.2404532,-0.08085114,1.110445,-0.2460994,0.5636284,1.053828,-0.3042906,0.3219281,0.9632286,-0.3196768,0.09106055,0.9224726,-0.2588362,-0.06451535,0.881752,-0.2858766,-0.1001593,0.8734422,-0.1787287,0.3675698,1.111095,-0.1525949,0.1523564,1.158721,-0.252362,0.2921871,0.9954935,-0.2844613,0.3576187,0.9385281,-0.2609923,-0.0730218,1.056079,-0.2761286,0.009228438,0.7839108,-0.3435125,-0.22024,0.7107579,-0.2091387,-0.06794527,1.110289,-0.2954228,-0.2966489,1.049446,-0.167121,-0.07994166,1.007164,-0.2609206,0.3962836,1.045364
72057594038000686,0,1.900617,14143.25,-0.2404532,-0.08085114,1.110445,-0.2460994,0.5636284,1.053828,-0.3042906,0.3219281,0.9632286,-0.3196768,0.09106055,0.9224726,-0.2588362,-0.06451535,0.881752,-0.2858766,-0.1001593,0.8734422,-0.1787287,0.3675698,1.111095,-0.1525949,0.1523564,1.158721,-0.252362,0.2921871,0.9954935,-0.2844613,0.3576187,0.9385281,-0.2609923,-0.0730218,1.056079,-0.2761286,0.009228438,0.7839108,-0.3435125,-0.22024,0.7107579,-0.2091387,-0.06794527,1.110289,-0.2954228,-0.2966489,1.049446,-0.167121,-0.07994166,1.007164,-0.2609206,0.3962836,1.045364
72057594038000686,0,1.874916,14143.25,-0.2511747,0.0908199,1.050462,-0.2324125,0.568731,1.047951,-0.2861792,0.3978547,0.9651806,-0.3296582,0.2206527,0.9295901,-0.3185932,0.06191927,0.9082115,-0.3040315,0.03056711,0.9150425,-0.1715907,0.3785012,1.112692,-0.1842827,0.1978284,1.173587,-0.2425543,0.2853926,0.9782848,-0.2751037,0.3198525,0.9450761,-0.2746455,0.09875143,1.007647,-0.2669702,-0.07064423,0.9125829,-0.3396227,-0.2396762,0.8825501,-0.2183585,0.09369016,1.050291,-0.2254388,-0.1066179,1.050688,-0.2744794,-0.3036054,1.055876,-0.2512389,0.4292845,1.042789
72057594038000686,0,1.874916,14143.26,-0.2511747,0.0908199,1.050462,-0.2324125,0.568731,1.047951,-0.2861792,0.3978547,0.9651806,-0.3296582,0.2206527,0.9295901,-0.3185932,0.06191927,0.9082115,-0.3040315,0.03056711,0.9150425,-0.1715907,0.3785012,1.112692,-0.1842827,0.1978284,1.173587,-0.2425543,0.2853926,0.9782848,-0.2751037,0.3198525,0.9450761,-0.2746455,0.09875143,1.007647,-0.2669702,-0.07064423,0.9125829,-0.3396227,-0.2396762,0.8825501,-0.2183585,0.09369016,1.050291,-0.2254388,-0.1066179,1.050688,-0.2744794,-0.3036054,1.055876,-0.2512389,0.4292845,1.042789
72057594038000686,0,1.874916,14143.26,-0.2511747,0.0908199,1.050462,-0.2324125,0.568731,1.047951,-0.2861792,0.3978547,0.9651806,-0.3296582,0.2206527,0.9295901,-0.3185932,0.06191927,0.9082115,-0.3040315,0.03056711,0.9150425,-0.1715907,0.3785012,1.112692,-0.1842827,0.1978284,1.173587,-0.2425543,0.2853926,0.9782848,-0.2751037,0.3198525,0.9450761,-0.2746455,0.09875143,1.007647,-0.2669702,-0.07064423,0.9125829,-0.3396227,-0.2396762,0.8825501,-0.2183585,0.09369016,1.050291,-0.2254388,-0.1066179,1.050688,-0.2744794,-0.3036054,1.055876,-0.2512389,0.4292845,1.042789
72057594038000686,0,1.874916,14143.27,-0.2511747,0.0908199,1.050462,-0.2324125,0.568731,1.047951,-0.2861792,0.3978547,0.9651806,-0.3296582,0.2206527,0.9295901,-0.3185932,0.06191927,0.9082115,-0.3040315,0.03056711,0.9150425,-0.1715907,0.3785012,1.112692,-0.1842827,0.1978284,1.173587,-0.2425543,0.2853926,0.9782848,-0.2751037,0.3198525,0.9450761,-0.2746455,0.09875143,1.007647,-0.2669702,-0.07064423,0.9125829,-0.3396227,-0.2396762,0.8825501,-0.2183585,0.09369016,1.050291,-0.2254388,-0.1066179,1.050688,-0.2744794,-0.3036054,1.055876,-0.2512389,0.4292845,1.042789
72057594038000686,0,1.874916,14143.28,-0.2511747,0.0908199,1.050462,-0.2324125,0.568731,1.047951,-0.2861792,0.3978547,0.9651806,-0.3296582,0.2206527,0.9295901,-0.3185932,0.06191927,0.9082115,-0.3040315,0.03056711,0.9150425,-0.1715907,0.3785012,1.112692,-0.1842827,0.1978284,1.173587,-0.2425543,0.2853926,0.9782848,-0.2751037,0.3198525,0.9450761,-0.2746455,0.09875143,1.007647,-0.2669702,-0.07064423,0.9125829,-0.3396227,-0.2396762,0.8825501,-0.2183585,0.09369016,1.050291,-0.2254388,-0.1066179,1.050688,-0.2744794,-0.3036054,1.055876,-0.2512389,0.4292845,1.042789
72057594038000686,0,1.874916,14143.29,-0.2511747,0.0908199,1.050462,-0.2324125,0.568731,1.047951,-0.2861792,0.3978547,0.9651806,-0.3296582,0.2206527,0.9295901,-0.3185932,0.06191927,0.9082115,-0.3040315,0.03056711,0.9150425,-0.1715907,0.3785012,1.112692,-0.1842827,0.1978284,1.173587,-0.2425543,0.2853926,0.9782848,-0.2751037,0.3198525,0.9450761,-0.2746455,0.09875143,1.007647,-0.2669702,-0.07064423,0.9125829,-0.3396227,-0.2396762,0.8825501,-0.2183585,0.09369016,1.050291,-0.2254388,-0.1066179,1.050688,-0.2744794,-0.3036054,1.055876,-0.2512389,0.4292845,1.042789
72057594038000686,0,1.873735,14143.29,-0.2499233,0.09158137,1.051247,-0.2277957,0.5718915,1.056498,-0.2846479,0.3984242,0.9676586,-0.3272031,0.2209956,0.9296979,-0.3088124,0.06033564,0.909984,-0.295962,0.04207793,0.922786,-0.1674424,0.382391,1.11917,-0.183294,0.1913225,1.18229,-0.2383179,0.2837536,0.9846913,-0.2708471,0.3191058,0.9497285,-0.2727531,0.09968102,1.00852,-0.2567499,-0.08003494,0.9123662,-0.3485878,-0.2606503,0.8911139,-0.2176137,0.09431136,1.050817,-0.2171439,-0.09040961,0.9685729,-0.2654057,-0.2870216,0.9761544,-0.2491173,0.4317918,1.0454
72057594038000686,0,1.873735,14143.3,-0.2499233,0.09158137,1.051247,-0.2277957,0.5718915,1.056498,-0.2846479,0.3984242,0.9676586,-0.3272031,0.2209956,0.9296979,-0.3088124,0.06033564,0.909984,-0.295962,0.04207793,0.922786,-0.1674424,0.382391,1.11917,-0.183294,0.1913225,1.18229,-0.2383179,0.2837536,0.9846913,-0.2708471,0.3191058,0.9497285,-0.2727531,0.09968102,1.00852,-0.2567499,-0.08003494,0.9123662,-0.3485878,-0.2606503,0.8911139,-0.2176137,0.09431136,1.050817,-0.2171439,-0.09040961,0.9685729,-0.2654057,-0.2870216,0.9761544,-0.2491173,0.4317918,1.0454
72057594038000686,0,1.873735,14143.3,-0.2499233,0.09158137,1.051247,-0.2277957,0.5718915,1.056498,-0.2846479,0.3984242,0.9676586,-0.3272031,0.2209956,0.9296979,-0.3088124,0.06033564,0.909984,-0.295962,0.04207793,0.922786,-0.1674424,0.382391,1.11917,-0.183294,0.1913225,1.18229,-0.2383179,0.2837536,0.9846913,-0.2708471,0.3191058,0.9497285,-0.2727531,0.09968102,1.00852,-0.2567499,-0.08003494,0.9123662,-0.3485878,-0.2606503,0.8911139,-0.2176137,0.09431136,1.050817,-0.2171439,-0.09040961,0.9685729,-0.2654057,-0.2870216,0.9761544,-0.2491173,0.4317918,1.0454
72057594038000686,0,1.873735,14143.31,-0.2499233,0.09158137,1.051247,-0.2277957,0.5718915,1.056498,-0.2846479,0.3984242,0.9676586,-0.3272031,0.2209956,0.9296979,-0.3088124,0.06033564,0.909984,-0.295962,0.04207793,0.922786,-0.1674424,0.382391,1.11917,-0.183294,0.1913225,1.18229,-0.2383179,0.2837536,0.9846913,-0.2708471,0.3191058,0.9497285,-0.2727531,0.09968102,1.00852,-0.2567499,-0.08003494,0.9123662,-0.3485878,-0.2606503,0.8911139,-0.2176137,0.09431136,1.050817,-0.2171439,-0.09040961,0.9685729,-0.2654057,-0.2870216,0.9761544,-0.2491173,0.4317918,1.0454
72057594038000686,0,1.873735,14143.31,-0.2499233,0.09158137,1.051247,-0.2277957,0.5718915,1.056498,-0.2846479,0.3984242,0.9676586,-0.3272031,0.2209956,0.9296979,-0.3088124,0.06033564,0.909984,-0.295962,0.04207793,0.922786,-0.1674424,0.382391,1.11917,-0.183294,0.1913225,1.18229,-0.2383179,0.2837536,0.9846913,-0.2708471,0.3191058,0.9497285,-0.2727531,0.09968102,1.00852,-0.2567499,-0.08003494,0.9123662,-0.3485878,-0.2606503,0.8911139,-0.2176137,0.09431136,1.050817,-0.2171439,-0.09040961,0.9685729,-0.2654057,-0.2870216,0.9761544,-0.2491173,0.4317918,1.0454
72057594038000686,0,1.873735,14143.32,-0.2499233,0.09158137,1.051247,-0.2277957,0.5718915,1.056498,-0.2846479,0.3984242,0.9676586,-0.3272031,0.2209956,0.9296979,-0.3088124,0.06033564,0.909984,-0.295962,0.04207793,0.922786,-0.1674424,0.382391,1.11917,-0.183294,0.1913225,1.18229,-0.2383179,0.2837536,0.9846913,-0.2708471,0.3191058,0.9497285,-0.2727531,0.09968102,1.00852,-0.2567499,-0.08003494,0.9123662,-0.3485878,-0.2606503,0.8911139,-0.2176137,0.09431136,1.050817,-0.2171439,-0.09040961,0.9685729,-0.2654057,-0.2870216,0.9761544,-0.2491173,0.4317918,1.0454
72057594038000686,0,1.867888,14143.32,-0.2426294,0.0936619,1.055784,-0.2225378,0.5742815,1.065405,-0.2797925,0.3995344,0.9727364,-0.3199799,0.2216443,0.9294268,-0.2837673,0.06254479,0.9038713,-0.2848767,0.05655417,0.9161557,-0.1623639,0.385484,1.126573,-0.1817184,0.1890522,1.191295,-0.2325346,0.2842603,0.9912541,-0.2625662,0.3205536,0.9544283,-0.2643785,0.1017921,1.01365,-0.2269856,-0.07773677,0.9282943,-0.3095516,-0.2919093,0.9202918,-0.2116621,0.09626094,1.054576,-0.3030407,-0.1396412,1.054203,-0.3281712,-0.3070686,1.082018,-0.2443869,0.434895,1.051056
72057594038000686,0,1.867888,14143.32,-0.2426294,0.0936619,1.055784,-0.2225378,0.5742815,1.065405,-0.2797925,0.3995344,0.9727364,-0.3199799,0.2216443,0.9294268,-0.2837673,0.06254479,0.9038713,-0.2848767,0.05655417,0.9161557,-0.1623639,0.385484,1.126573,-0.1817184,0.1890522,1.191295,-0.2325346,0.2842603,0.9912541,-0.2625662,0.3205536,0.9544283,-0.2643785,0.1017921,1.01365,-0.2269856,-0.07773677,0.9282943,-0.3095516,-0.2919093,0.9202918,-0.2116621,0.09626094,1.054576,-0.3030407,-0.1396412,1.054203,-0.3281712,-0.3070686,1.082018,-0.2443869,0.434895,1.051056
72057594038000686,0,1.867888,14143.33,-0.2426294,0.0936619,1.055784,-0.2225378,0.5742815,1.065405,-0.2797925,0.3995344,0.9727364,-0.3199799,0.2216443,0.9294268,-0.2837673,0.06254479,0.9038713,-0.2848767,0.05655417,0.9161557,-0.1623639,0.385484,1.126573,-0.1817184,0.1890522,1.191295,-0.2325346,0.2842603,0.9912541,-0.2625662,0.3205536,0.9544283,-0.2643785,0.1017921,1.01365,-0.2269856,-0.07773677,0.9282943,-0.3095516,-0.2919093,0.9202918,-0.2116621,0.09626094,1.054576,-0.3030407,-0.1396412,1.054203,-0.3281712,-0.3070686,1.082018,-0.2443869,0.434895,1.051056
72057594038000686,0,1.867888,14143.33,-0.2426294,0.0936619,1.055784,-0.2225378,0.5742815,1.065405,-0.2797925,0.3995344,0.9727364,-0.3199799,0.2216443,0.9294268,-0.2837673,0.06254479,0.9038713,-0.2848767,0.05655417,0.9161557,-0.1623639,0.385484,1.126573,-0.1817184,0.1890522,1.191295,-0.2325346,0.2842603,0.9912541,-0.2625662,0.3205536,0.9544283,-0.2643785,0.1017921,1.01365,-0.2269856,-0.07773677,0.9282943,-0.3095516,-0.2919093,0.9202918,-0.2116621,0.09626094,1.054576,-0.3030407,-0.1396412,1.054203,-0.3281712,-0.3070686,1.082018,-0.2443869,0.434895,1.051056
72057594038000686,0,1.867888,14143.34,-0.2426294,0.0936619,1.055784,-0.2225378,0.5742815,1.065405,-0.2797925,0.3995344,0.9727364,-0.3199799,0.2216443,0.9294268,-0.2837673,0.06254479,0.9038713,-0.2848767,0.05655417,0.9161557,-0.1623639,0.385484,1.126573,-0.1817184,0.1890522,1.191295,-0.2325346,0.2842603,0.9912541,-0.2625662,0.3205536,0.9544283,-0.2643785,0.1017921,1.01365,-0.2269856,-0.07773677,0.9282943,-0.3095516,-0.2919093,0.9202918,-0.2116621,0.09626094,1.054576,-0.3030407,-0.1396412,1.054203,-0.3281712,-0.3070686,1.082018,-0.2443869,0.434895,1.051056
72057594038000686,0,1.867888,14143.34,-0.2426294,0.0936619,1.055784,-0.2225378,0.5742815,1.065405,-0.2797925,0.3995344,0.9727364,-0.3199799,0.2216443,0.9294268,-0.2837673,0.06254479,0.9038713,-0.2848767,0.05655417,0.9161557,-0.1623639,0.385484,1.126573,-0.1817184,0.1890522,1.191295,-0.2325346,0.2842603,0.9912541,-0.2625662,0.3205536,0.9544283,-0.2643785,0.1017921,1.01365,-0.2269856,-0.07773677,0.9282943,-0.3095516,-0.2919093,0.9202918,-0.2116621,0.09626094,1.054576,-0.3030407,-0.1396412,1.054203,-0.3281712,-0.3070686,1.082018,-0.2443869,0.434895,1.051056
72057594038000686,0,1.867888,14143.35,-0.2426294,0.0936619,1.055784,-0.2225378,0.5742815,1.065405,-0.2797925,0.3995344,0.9727364,-0.3199799,0.2216443,0.9294268,-0.2837673,0.06254479,0.9038713,-0.2848767,0.05655417,0.9161557,-0.1623639,0.385484,1.126573,-0.1817184,0.1890522,1.191295,-0.2325346,0.2842603,0.9912541,-0.2625662,0.3205536,0.9544283,-0.2643785,0.1017921,1.01365,-0.2269856,-0.07773677,0.9282943,-0.3095516,-0.2919093,0.9202918,-0.2116621,0.09626094,1.054576,-0.3030407,-0.1396412,1.054203,-0.3281712,-0.3070686,1.082018,-0.2443869,0.434895,1.051056
72057594038000686,0,1.867888,14143.35,-0.2426294,0.0936619,1.055784,-0.2225378,0.5742815,1.065405,-0.2797925,0.3995344,0.9727364,-0.3199799,0.2216443,0.9294268,-0.2837673,0.06254479,0.9038713,-0.2848767,0.05655417,0.9161557,-0.1623639,0.385484,1.126573,-0.1817184,0.1890522,1.191295,-0.2325346,0.2842603,0.9912541,-0.2625662,0.3205536,0.9544283,-0.2643785,0.1017921,1.01365,-0.2269856,-0.07773677,0.9282943,-0.3095516,-0.2919093,0.9202918,-0.2116621,0.09626094,1.054576,-0.3030407,-0.1396412,1.054203,-0.3281712,-0.3070686,1.082018,-0.2443869,0.434895,1.051056
72057594038000686,0,1.860424,14143.36,-0.2313291,0.09807912,1.060533,-0.2179948,0.5750337,1.072559,-0.2731667,0.4003652,0.9787769,-0.3091316,0.2245452,0.9296844,-0.2648363,0.06696078,0.8991833,-0.2657796,0.06144539,0.9117062,-0.1583114,0.3883598,1.133289,-0.1795662,0.1884724,1.197526,-0.2173689,0.2875786,0.9949442,-0.2486727,0.3291762,0.9619049,-0.2525572,0.1057884,1.01877,-0.2085738,-0.08456197,0.9584738,-0.2571907,-0.3196687,0.909032,-0.2013887,0.1008995,1.058773,-0.3003479,-0.1418767,1.054732,-0.3112324,-0.2517717,1.040993,-0.2396507,0.4381849,1.057115
72057594038000686,0,1.860424,14143.36,-0.2313291,0.09807912,1.060533,-0.2179948,0.5750337,1.072559,-0.2731667,0.4003652,0.9787769,-0.3091316,0.2245452,0.9296844,-0.2648363,0.06696078,0.8991833,-0.2657796,0.06144539,0.9117062,-0.1583114,0.3883598,1.133289,-0.1795662,0.1884724,1.197526,-0.2173689,0.2875786,0.9949442,-0.2486727,0.3291762,0.9619049,-0.2525572,0.1057884,1.01877,-0.2085738,-0.08456197,0.9584738,-0.2571907,-0.3196687,0.909032,-0.2013887,0.1008995,1.058773,-0.3003479,-0.1418767,1.054732,-0.3112324,-0.2517717,1.040993,-0.2396507,0.4381849,1.057115
72057594038000686,0,1.860424,14143.36,-0.2313291,0.09807912,1.060533,-0.2179948,0.5750337,1.072559,-0.2731667,0.4003652,0.9787769,-0.3091316,0.2245452,0.9296844,-0.2648363,0.06696078,0.8991833,-0.2657796,0.06144539,0.9117062,-0.1583114,0.3883598,1.133289,-0.1795662,0.1884724,1.197526,-0.2173689,0.2875786,0.9949442,-0.2486727,0.3291762,0.9619049,-0.2525572,0.1057884,1.01877,-0.2085738,-0.08456197,0.9584738,-0.2571907,-0.3196687,0.909032,-0.2013887,0.1008995,1.058773,-0.3003479,-0.1418767,1.054732,-0.3112324,-0.2517717,1.040993,-0.2396507,0.4381849,1.057115
72057594038000686,0,1.860424,14143.37,-0.2313291,0.09807912,1.060533,-0.2179948,0.5750337,1.072559,-0.2731667,0.4003652,0.9787769,-0.3091316,0.2245452,0.9296844,-0.2648363,0.06696078,0.8991833,-0.2657796,0.06144539,0.9117062,-0.1583114,0.3883598,1.133289,-0.1795662,0.1884724,1.197526,-0.2173689,0.2875786,0.9949442,-0.2486727,0.3291762,0.9619049,-0.2525572,0.1057884,1.01877,-0.2085738,-0.08456197,0.9584738,-0.2571907,-0.3196687,0.909032,-0.2013887,0.1008995,1.058773,-0.3003479,-0.1418767,1.054732,-0.3112324,-0.2517717,1.040993,-0.2396507,0.4381849,1.057115
72057594038000686,0,1.860424,14143.37,-0.2313291,0.09807912,1.060533,-0.2179948,0.5750337,1.072559,-0.2731667,0.4003652,0.9787769,-0.3091316,0.2245452,0.9296844,-0.2648363,0.06696078,0.8991833,-0.2657796,0.06144539,0.9117062,-0.1583114,0.3883598,1.133289,-0.1795662,0.1884724,1.197526,-0.2173689,0.2875786,0.9949442,-0.2486727,0.3291762,0.9619049,-0.2525572,0.1057884,1.01877,-0.2085738,-0.08456197,0.9584738,-0.2571907,-0.3196687,0.909032,-0.2013887,0.1008995,1.058773,-0.3003479,-0.1418767,1.054732,-0.3112324,-0.2517717,1.040993,-0.2396507,0.4381849,1.057115
72057594038000686,0,1.860424,14143.38,-0.2313291,0.09807912,1.060533,-0.2179948,0.5750337,1.072559,-0.2731667,0.4003652,0.9787769,-0.3091316,0.2245452,0.9296844,-0.2648363,0.06696078,0.8991833,-0.2657796,0.06144539,0.9117062,-0.1583114,0.3883598,1.133289,-0.1795662,0.1884724,1.197526,-0.2173689,0.2875786,0.9949442,-0.2486727,0.3291762,0.9619049,-0.2525572,0.1057884,1.01877,-0.2085738,-0.08456197,0.9584738,-0.2571907,-0.3196687,0.909032,-0.2013887,0.1008995,1.058773,-0.3003479,-0.1418767,1.054732,-0.3112324,-0.2517717,1.040993,-0.2396507,0.4381849,1.057115
72057594038000686,0,1.860424,14143.39,-0.2313291,0.09807912,1.060533,-0.2179948,0.5750337,1.072559,-0.2731667,0.4003652,0.9787769,-0.3091316,0.2245452,0.9296844,-0.2648363,0.06696078,0.8991833,-0.2657796,0.06144539,0.9117062,-0.1583114,0.3883598,1.133289,-0.1795662,0.1884724,1.197526,-0.2173689,0.2875786,0.9949442,-0.2486727,0.3291762,0.9619049,-0.2525572,0.1057884,1.01877,-0.2085738,-0.08456197,0.9584738,-0.2571907,-0.3196687,0.909032,-0.2013887,0.1008995,1.058773,-0.3003479,-0.1418767,1.054732,-0.3112324,-0.2517717,1.040993,-0.2396507,0.4381849,1.057115
72057594038000686,0,1.852056,14143.39,-0.2200061,0.1006668,1.067206,-0.2137449,0.5758494,1.080753,-0.2660468,0.4013736,0.9843785,-0.2899384,0.2205361,0.9286846,-0.2405765,0.07266501,0.8970345,-0.2411074,0.06713551,0.9071389,-0.1532347,0.3898027,1.139609,-0.1751295,0.1902312,1.203,-0.2103463,0.2825388,1.008115,-0.2305911,0.3172306,0.9729621,-0.2411266,0.1082791,1.025583,-0.2183696,-0.1230255,1.008607,-0.1997481,-0.3092434,0.8872883,-0.1906758,0.1034712,1.06516,-0.2084574,-0.1024801,0.9950897,-0.3314214,-0.2888509,1.054186,-0.2337537,0.4399883,1.06338
72057594038000686,0,1.852056,14143.39,-0.2200061,0.1006668,1.067206,-0.2137449,0.5758494,1.080753,-0.2660468,0.4013736,0.9843785,-0.2899384,0.2205361,0.9286846,-0.2405765,0.07266501,0.8970345,-0.2411074,0.06713551,0.9071389,-0.1532347,0.3898027,1.139609,-0.1751295,0.1902312,1.203,-0.2103463,0.2825388,1.008115,-0.2305911,0.3172306,0.9729621,-0.2411266,0.1082791,1.025583,-0.2183696,-0.1230255,1.008607,-0.1997481,-0.3092434,0.8872883,-0.1906758,0.1034712,1.06516,-0.2084574,-0.1024801,0.9950897,-0.3314214,-0.2888509,1.054186,-0.2337537,0.4399883,1.06338
72057594038000686,0,1.852056,14143.4,-0.2200061,0.1006668,1.067206,-0.2137449,0.5758494,1.080753,-0.2660468,0.4013736,0.9843785,-0.2899384,0.2205361,0.9286846,-0.2405765,0.07266501,0.8970345,-0.2411074,0.06713551,0.9071389,-0.1532347,0.3898027,1.139609,-0.1751295,0.1902312,1.203,-0.2103463,0.2825388,1.008115,-0.2305911,0.3172306,0.9729621,-0.2411266,0.1082791,1.025583,-0.2183696,-0.1230255,1.008607,-0.1997481,-0.3092434,0.8872883,-0.1906758,0.1034712,1.06516,-0.2084574,-0.1024801,0.9950897,-0.3314214,-0.2888509,1.054186,-0.2337537,0.4399883,1.06338
72057594038000686,0,1.852056,14143.4,-0.2200061,0.1006668,1.067206,-0.2137449,0.5758494,1.080753,-0.2660468,0.4013736,0.9843785,-0.2899384,0.2205361,0.9286846,-0.2405765,0.07266501,0.8970345,-0.2411074,0.06713551,0.9071389,-0.1532347,0.3898027,1.139609,-0.1751295,0.1902312,1.203,-0.2103463,0.2825388,1.008115,-0.2305911,0.3172306,0.9729621,-0.2411266,0.1082791,1.025583,-0.2183696,-0.1230255,1.008607,-0.1997481,-0.3092434,0.8872883,-0.1906758,0.1034712,1.06516,-0.2084574,-0.1024801,0.9950897,-0.3314214,-0.2888509,1.054186,-0.2337537,0.4399883,1.06338
72057594038000686,0,1.852056,14143.41,-0.2200061,0.1006668,1.067206,-0.2137449,0.5758494,1.080753,-0.2660468,0.4013736,0.9843785,-0.2899384,0.2205361,0.9286846,-0.2405765,0.07266501,0.8970345,-0.2411074,0.06713551,0.9071389,-0.1532347,0.3898027,1.139609,-0.1751295,0.1902312,1.203,-0.2103463,0.2825388,1.008115,-0.2305911,0.3172306,0.9729621,-0.2411266,0.1082791,1.025583,-0.2183696,-0.1230255,1.008607,-0.1997481,-0.3092434,0.8872883,-0.1906758,0.1034712,1.06516,-0.2084574,-0.1024801,0.9950897,-0.3314214,-0.2888509,1.054186,-0.2337537,0.4399883,1.06338
72057594038000686,0,1.852056,14143.41,-0.2200061,0.1006668,1.067206,-0.2137449,0.5758494,1.080753,-0.2660468,0.4013736,0.9843785,-0.2899384,0.2205361,0.9286846,-0.2405765,0.07266501,0.8970345,-0.2411074,0.06713551,0.9071389,-0.1532347,0.3898027,1.139609,-0.1751295,0.1902312,1.203,-0.2103463,0.2825388,1.008115,-0.2305911,0.3172306,0.9729621,-0.2411266,0.1082791,1.025583,-0.2183696,-0.1230255,1.008607,-0.1997481,-0.3092434,0.8872883,-0.1906758,0.1034712,1.06516,-0.2084574,-0.1024801,0.9950897,-0.3314214,-0.2888509,1.054186,-0.2337537,0.4399883,1.06338
72057594038000686,0,1.852056,14143.42,-0.2200061,0.1006668,1.067206,-0.2137449,0.5758494,1.080753,-0.2660468,0.4013736,0.9843785,-0.2899384,0.2205361,0.9286846,-0.2405765,0.07266501,0.8970345,-0.2411074,0.06713551,0.9071389,-0.1532347,0.3898027,1.139609,-0.1751295,0.1902312,1.203,-0.2103463,0.2825388,1.008115,-0.2305911,0.3172306,0.9729621,-0.2411266,0.1082791,1.025583,-0.2183696,-0.1230255,1.008607,-0.1997481,-0.3092434,0.8872883,-0.1906758,0.1034712,1.06516,-0.2084574,-0.1024801,0.9950897,-0.3314214,-0.2888509,1.054186,-0.2337537,0.4399883,1.06338
72057594038000686,0,1.842895,14143.42,-0.2107704,0.0965395,1.078224,-0.2096803,0.5767396,1.089537,-0.2582881,0.4012522,0.9898834,-0.2734108,0.22226,0.9301218,-0.2119565,0.08279353,0.9308013,-0.1924553,0.04767808,0.9583983,-0.1472741,0.3910419,1.147833,-0.1691866,0.1961596,1.203142,-0.2040854,0.2820428,1.013122,-0.2201539,0.317922,0.9746661,-0.2304793,0.1033446,1.039904,-0.2322245,-0.1302404,1.029877,-0.10024,-0.2494302,0.9421681,-0.18311,0.100171,1.073189,-0.1953823,-0.1037183,1.005259,-0.3360815,-0.2886909,1.052731,-0.227291,0.4408237,1.071829
72057594038000686,0,1.842895,14143.42,-0.2107704,0.0965395,1.078224,-0.2096803,0.5767396,1.089537,-0.2582881,0.4012522,0.9898834,-0.2734108,0.22226,0.9301218,-0.2119565,0.08279353,0.9308013,-0.1924553,0.04767808,0.9583983,-0.1472741,0.3910419,1.147833,-0.1691866,0.1961596,1.203142,-0.2040854,0.2820428,1.013122,-0.2201539,0.317922,0.9746661,-0.2304793,0.1033446,1.039904,-0.2322245,-0.1302404,1.029877,-0.10024,-0.2494302,0.9421681,-0.18311,0.100171,1.073189,-0.1953823,-0.1037183,1.005259,-0.3360815,-0.2886909,1.052731,-0.227291,0.4408237,1.071829
72057594038000686,0,1.842895,14143.43,-0.2107704,0.0965395,1.078224,-0.2096803,0.5767396,1.089537,-0.2582881,0.4012522,0.9898834,-0.2734108,0.22226,0.9301218,-0.2119565,0.08279353,0.9308013,-0.1924553,0.04767808,0.9583983,-0.1472741,0.3910419,1.147833,-0.1691866,0.1961596,1.203142,-0.2040854,0.2820428,1.013122,-0.2201539,0.317922,0.9746661,-0.2304793,0.1033446,1.039904,-0.2322245,-0.1302404,1.029877,-0.10024,-0.2494302,0.9421681,-0.18311,0.100171,1.073189,-0.1953823,-0.1037183,1.005259,-0.3360815,-0.2886909,1.052731,-0.227291,0.4408237,1.071829
72057594038000686,0,1.842895,14143.43,-0.2107704,0.0965395,1.078224,-0.2096803,0.5767396,1.089537,-0.2582881,0.4012522,0.9898834,-0.2734108,0.22226,0.9301218,-0.2119565,0.08279353,0.9308013,-0.1924553,0.04767808,0.9583983,-0.1472741,0.3910419,1.147833,-0.1691866,0.1961596,1.203142,-0.2040854,0.2820428,1.013122,-0.2201539,0.317922,0.9746661,-0.2304793,0.1033446,1.039904,-0.2322245,-0.1302404,1.029877,-0.10024,-0.2494302,0.9421681,-0.18311,0.100171,1.073189,-0.1953823,-0.1037183,1.005259,-0.3360815,-0.2886909,1.052731,-0.227291,0.4408237,1.071829
72057594038000686,0,1.842895,14143.44,-0.2107704,0.0965395,1.078224,-0.2096803,0.5767396,1.089537,-0.2582881,0.4012522,0.9898834,-0.2734108,0.22226,0.9301218,-0.2119565,0.08279353,0.9308013,-0.1924553,0.04767808,0.9583983,-0.1472741,0.3910419,1.147833,-0.1691866,0.1961596,1.203142,-0.2040854,0.2820428,1.013122,-0.2201539,0.317922,0.9746661,-0.2304793,0.1033446,1.039904,-0.2322245,-0.1302404,1.029877,-0.10024,-0.2494302,0.9421681,-0.18311,0.100171,1.073189,-0.1953823,-0.1037183,1.005259,-0.3360815,-0.2886909,1.052731,-0.227291,0.4408237,1.071829
72057594038000686,0,1.842895,14143.45,-0.2107704,0.0965395,1.078224,-0.2096803,0.5767396,1.089537,-0.2582881,0.4012522,0.9898834,-0.2734108,0.22226,0.9301218,-0.2119565,0.08279353,0.9308013,-0.1924553,0.04767808,0.9583983,-0.1472741,0.3910419,1.147833,-0.1691866,0.1961596,1.203142,-0.2040854,0.2820428,1.013122,-0.2201539,0.317922,0.9746661,-0.2304793,0.1033446,1.039904,-0.2322245,-0.1302404,1.029877,-0.10024,-0.2494302,0.9421681,-0.18311,0.100171,1.073189,-0.1953823,-0.1037183,1.005259,-0.3360815,-0.2886909,1.052731,-0.227291,0.4408237,1.071829
72057594038000686,0,1.843542,14143.45,-0.2062549,0.09058505,1.079811,-0.2055402,0.5764128,1.09691,-0.2485869,0.4015314,0.9957093,-0.2540898,0.2255163,0.9309144,-0.2090045,0.08377299,0.9297115,-0.1892165,0.06023636,0.9421562,-0.1407413,0.3913765,1.154851,-0.1467323,0.1997568,1.208768,-0.1896401,0.2766761,1.021679,-0.208469,0.311038,0.9756626,-0.2262774,0.09790692,1.041401,-0.2527787,-0.1442859,1.053476,-0.0966089,-0.2372797,0.9924405,-0.1785344,0.09404689,1.074507,-0.1697694,-0.1084812,1.022009,-0.3108989,-0.2580193,1.042427,-0.2211476,0.4403689,1.07789
72057594038000686,0,1.843542,14143.46,-0.2062549,0.09058505,1.079811,-0.2055402,0.5764128,1.09691,-0.2485869,0.4015314,0.9957093,-0.2540898,0.2255163,0.9309144,-0.2090045,0.08377299,0.9297115,-0.1892165,0.06023636,0.9421562,-0.1407413,0.3913765,1.154851,-0.1467323,0.1997568,1.208768,-0.1896401,0.2766761,1.021679,-0.208469,0.311038,0.9756626,-0.2262774,0.09790692,1.041401,-0.2527787,-0.1442859,1.053476,-0.0966089,-0.2372797,0.9924405,-0.1785344,0.09404689,1.074507,-0.1697694,-0.1084812,1.022009,-0.3108989,-0.2580193,1.042427,-0.2211476,0.4403689,1.07789
72057594038000686,0,1.843542,14143.46,-0.2062549,0.09058505,1.079811,-0.2055402,0.5764128,1.09691,-0.2485869,0.4015314,0.9957093,-0.2540898,0.2255163,0.9309144,-0.2090045,0.08377299,0.9297115,-0.1892165,0.06023636,0.9421562,-0.1407413,0.3913765,1.154851,-0.1467323,0.1997568,1.208768,-0.1896401,0.2766761,1.021679,-0.208469,0.311038,0.9756626,-0.2262774,0.09790692,1.041401,-0.2527787,-0.1442859,1.053476,-0.0966089,-0.2372797,0.9924405,-0.1785344,0.09404689,1.074507,-0.1697694,-0.1084812,1.022009,-0.3108989,-0.2580193,1.042427,-0.2211476,0.4403689,1.07789
72057594038000686,0,1.843542,14143.46,-0.2062549,0.09058505,1.079811,-0.2055402,0.5764128,1.09691,-0.2485869,0.4015314,0.9957093,-0.2540898,0.2255163,0.9309144,-0.2090045,0.08377299,0.9297115,-0.1892165,0.06023636,0.9421562,-0.1407413,0.3913765,1.154851,-0.1467323,0.1997568,1.208768,-0.1896401,0.2766761,1.021679,-0.208469,0.311038,0.9756626,-0.2262774,0.09790692,1.041401,-0.2527787,-0.1442859,1.053476,-0.0966089,-0.2372797,0.9924405,-0.1785344,0.09404689,1.074507,-0.1697694,-0.1084812,1.022009,-0.3108989,-0.2580193,1.042427,-0.2211476,0.4403689,1.07789
72057594038000686,0,1.843542,14143.47,-0.2062549,0.09058505,1.079811,-0.2055402,0.5764128,1.09691,-0.2485869,0.4015314,0.9957093,-0.2540898,0.2255163,0.9309144,-0.2090045,0.08377299,0.9297115,-0.1892165,0.06023636,0.9421562,-0.1407413,0.3913765,1.154851,-0.1467323,0.1997568,1.208768,-0.1896401,0.2766761,1.021679,-0.208469,0.311038,0.9756626,-0.2262774,0.09790692,1.041401,-0.2527787,-0.1442859,1.053476,-0.0966089,-0.2372797,0.9924405,-0.1785344,0.09404689,1.074507,-0.1697694,-0.1084812,1.022009,-0.3108989,-0.2580193,1.042427,-0.2211476,0.4403689,1.07789
72057594038000686,0,1.843542,14143.47,-0.2062549,0.09058505,1.079811,-0.2055402,0.5764128,1.09691,-0.2485869,0.4015314,0.9957093,-0.2540898,0.2255163,0.9309144,-0.2090045,0.08377299,0.9297115,-0.1892165,0.06023636,0.9421562,-0.1407413,0.3913765,1.154851,-0.1467323,0.1997568,1.208768,-0.1896401,0.2766761,1.021679,-0.208469,0.311038,0.9756626,-0.2262774,0.09790692,1.041401,-0.2527787,-0.1442859,1.053476,-0.0966089,-0.2372797,0.9924405,-0.1785344,0.09404689,1.074507,-0.1697694,-0.1084812,1.022009,-0.3108989,-0.2580193,1.042427,-0.2211476,0.4403689,1.07789
72057594038000686,0,1.843542,14143.49,-0.2062549,0.09058505,1.079811,-0.2055402,0.5764128,1.09691,-0.2485869,0.4015314,0.9957093,-0.2540898,0.2255163,0.9309144,-0.2090045,0.08377299,0.9297115,-0.1892165,0.06023636,0.9421562,-0.1407413,0.3913765,1.154851,-0.1467323,0.1997568,1.208768,-0.1896401,0.2766761,1.021679,-0.208469,0.311038,0.9756626,-0.2262774,0.09790692,1.041401,-0.2527787,-0.1442859,1.053476,-0.0966089,-0.2372797,0.9924405,-0.1785344,0.09404689,1.074507,-0.1697694,-0.1084812,1.022009,-0.3108989,-0.2580193,1.042427,-0.2211476,0.4403689,1.07789
72057594038000686,0,1.857445,14143.5,-0.1956317,0.04423091,1.085854,-0.2012621,0.5751979,1.104667,-0.2383131,0.4015719,1.00283,-0.2335556,0.2234694,0.9334964,-0.163287,0.09580404,0.9064832,-0.1745998,0.081994,0.910839,-0.134585,0.3914071,1.162198,-0.1401718,0.2017214,1.212236,-0.1791025,0.2741583,1.025665,-0.1962489,0.3092243,0.9750187,-0.2151242,0.05236137,1.050159,-0.2644719,-0.1485336,1.063126,-0.1031365,-0.2426602,1.042799,-0.1687822,0.04851589,1.07719,-0.1514379,-0.1367881,1.041744,-0.3108988,-0.2579082,1.042993,-0.2150003,0.4379527,1.085054
72057594038000686,0,1.857445,14143.5,-0.1956317,0.04423091,1.085854,-0.2012621,0.5751979,1.104667,-0.2383131,0.4015719,1.00283,-0.2335556,0.2234694,0.9334964,-0.163287,0.09580404,0.9064832,-0.1745998,0.081994,0.910839,-0.134585,0.3914071,1.162198,-0.1401718,0.2017214,1.212236,-0.1791025,0.2741583,1.025665,-0.1962489,0.3092243,0.9750187,-0.2151242,0.05236137,1.050159,-0.2644719,-0.1485336,1.063126,-0.1031365,-0.2426602,1.042799,-0.1687822,0.04851589,1.07719,-0.1514379,-0.1367881,1.041744,-0.3108988,-0.2579082,1.042993,-0.2150003,0.4379527,1.085054
72057594038000686,0,1.857445,14143.5,-0.1956317,0.04423091,1.085854,-0.2012621,0.5751979,1.104667,-0.2383131,0.4015719,1.00283,-0.2335556,0.2234694,0.9334964,-0.163287,0.09580404,0.9064832,-0.1745998,0.081994,0.910839,-0.134585,0.3914071,1.162198,-0.1401718,0.2017214,1.212236,-0.1791025,0.2741583,1.025665,-0.1962489,0.3092243,0.9750187,-0.2151242,0.05236137,1.050159,-0.2644719,-0.1485336,1.063126,-0.1031365,-0.2426602,1.042799,-0.1687822,0.04851589,1.07719,-0.1514379,-0.1367881,1.041744,-0.3108988,-0.2579082,1.042993,-0.2150003,0.4379527,1.085054
72057594038000686,0,1.857445,14143.51,-0.1956317,0.04423091,1.085854,-0.2012621,0.5751979,1.104667,-0.2383131,0.4015719,1.00283,-0.2335556,0.2234694,0.9334964,-0.163287,0.09580404,0.9064832,-0.1745998,0.081994,0.910839,-0.134585,0.3914071,1.162198,-0.1401718,0.2017214,1.212236,-0.1791025,0.2741583,1.025665,-0.1962489,0.3092243,0.9750187,-0.2151242,0.05236137,1.050159,-0.2644719,-0.1485336,1.063126,-0.1031365,-0.2426602,1.042799,-0.1687822,0.04851589,1.07719,-0.1514379,-0.1367881,1.041744,-0.3108988,-0.2579082,1.042993,-0.2150003,0.4379527,1.085054
72057594038000686,0,1.857445,14143.51,-0.1956317,0.04423091,1.085854,-0.2012621,0.5751979,1.104667,-0.2383131,0.4015719,1.00283,-0.2335556,0.2234694,0.9334964,-0.163287,0.09580404,0.9064832,-0.1745998,0.081994,0.910839,-0.134585,0.3914071,1.162198,-0.1401718,0.2017214,1.212236,-0.1791025,0.2741583,1.025665,-0.1962489,0.3092243,0.9750187,-0.2151242,0.05236137,1.050159,-0.2644719,-0.1485336,1.063126,-0.1031365,-0.2426602,1.042799,-0.1687822,0.04851589,1.07719,-0.1514379,-0.1367881,1.041744,-0.3108988,-0.2579082,1.042993,-0.2150003,0.4379527,1.085054
72057594038000686,0,1.857445,14143.52,-0.1956317,0.04423091,1.085854,-0.2012621,0.5751979,1.104667,-0.2383131,0.4015719,1.00283,-0.2335556,0.2234694,0.9334964,-0.163287,0.09580404,0.9064832,-0.1745998,0.081994,0.910839,-0.134585,0.3914071,1.162198,-0.1401718,0.2017214,1.212236,-0.1791025,0.2741583,1.025665,-0.1962489,0.3092243,0.9750187,-0.2151242,0.05236137,1.050159,-0.2644719,-0.1485336,1.063126,-0.1031365,-0.2426602,1.042799,-0.1687822,0.04851589,1.07719,-0.1514379,-0.1367881,1.041744,-0.3108988,-0.2579082,1.042993,-0.2150003,0.4379527,1.085054
72057594038000686,0,1.854973,14143.52,-0.194269,0.04276672,1.089236,-0.1973746,0.574229,1.111926,-0.2269463,0.4002939,1.009767,-0.2104525,0.2191683,0.9366996,-0.1557696,0.08647531,0.9089735,-0.1529156,0.07371596,0.9186181,-0.1280195,0.3911175,1.167999,-0.1336601,0.2032273,1.21557,-0.1676171,0.2703095,1.028518,-0.1825438,0.3039671,0.9720267,-0.2133522,0.05077869,1.054404,-0.2633255,-0.1462175,1.06547,-0.09476155,-0.2400989,1.067503,-0.1677664,0.04739633,1.07931,-0.1443968,-0.1342275,1.059958,-0.3104255,-0.2572275,1.043761,-0.2084634,0.436216,1.091148
72057594038000686,0,1.854973,14143.54,-0.194269,0.04276672,1.089236,-0.1973746,0.574229,1.111926,-0.2269463,0.4002939,1.009767,-0.2104525,0.2191683,0.9366996,-0.1557696,0.08647531,0.9089735,-0.1529156,0.07371596,0.9186181,-0.1280195,0.3911175,1.167999,-0.1336601,0.2032273,1.21557,-0.1676171,0.2703095,1.028518,-0.1825438,0.3039671,0.9720267,-0.2133522,0.05077869,1.054404,-0.2633255,-0.1462175,1.06547,-0.09476155,-0.2400989,1.067503,-0.1677664,0.04739633,1.07931,-0.1443968,-0.1342275,1.059958,-0.3104255,-0.2572275,1.043761,-0.2084634,0.436216,1.091148
72057594038000686,0,1.854973,14143.54,-0.194269,0.04276672,1.089236,-0.1973746,0.574229,1.111926,-0.2269463,0.4002939,1.009767,-0.2104525,0.2191683,0.9366996,-0.1557696,0.08647531,0.9089735,-0.1529156,0.07371596,0.9186181,-0.1280195,0.3911175,1.167999,-0.1336601,0.2032273,1.21557,-0.1676171,0.2703095,1.028518,-0.1825438,0.3039671,0.9720267,-0.2133522,0.05077869,1.054404,-0.2633255,-0.1462175,1.06547,-0.09476155,-0.2400989,1.067503,-0.1677664,0.04739633,1.07931,-0.1443968,-0.1342275,1.059958,-0.3104255,-0.2572275,1.043761,-0.2084634,0.436216,1.091148
72057594038000686,0,1.854973,14143.54,-0.194269,0.04276672,1.089236,-0.1973746,0.574229,1.111926,-0.2269463,0.4002939,1.009767,-0.2104525,0.2191683,0.9366996,-0.1557696,0.08647531,0.9089735,-0.1529156,0.07371596,0.9186181,-0.1280195,0.3911175,1.167999,-0.1336601,0.2032273,1.21557,-0.1676171,0.2703095,1.028518,-0.1825438,0.3039671,0.9720267,-0.2133522,0.05077869,1.054404,-0.2633255,-0.1462175,1.06547,-0.09476155,-0.2400989,1.067503,-0.1677664,0.04739633,1.07931,-0.1443968,-0.1342275,1.059958,-0.3104255,-0.2572275,1.043761,-0.2084634,0.436216,1.091148
72057594038000686,0,1.854973,14143.55,-0.194269,0.04276672,1.089236,-0.1973746,0.574229,1.111926,-0.2269463,0.4002939,1.009767,-0.2104525,0.2191683,0.9366996,-0.1557696,0.08647531,0.9089735,-0.1529156,0.07371596,0.9186181,-0.1280195,0.3911175,1.167999,-0.1336601,0.2032273,1.21557,-0.1676171,0.2703095,1.028518,-0.1825438,0.3039671,0.9720267,-0.2133522,0.05077869,1.054404,-0.2633255,-0.1462175,1.06547,-0.09476155,-0.2400989,1.067503,-0.1677664,0.04739633,1.07931,-0.1443968,-0.1342275,1.059958,-0.3104255,-0.2572275,1.043761,-0.2084634,0.436216,1.091148
72057594038000686,0,1.854973,14143.55,-0.194269,0.04276672,1.089236,-0.1973746,0.574229,1.111926,-0.2269463,0.4002939,1.009767,-0.2104525,0.2191683,0.9366996,-0.1557696,0.08647531,0.9089735,-0.1529156,0.07371596,0.9186181,-0.1280195,0.3911175,1.167999,-0.1336601,0.2032273,1.21557,-0.1676171,0.2703095,1.028518,-0.1825438,0.3039671,0.9720267,-0.2133522,0.05077869,1.054404,-0.2633255,-0.1462175,1.06547,-0.09476155,-0.2400989,1.067503,-0.1677664,0.04739633,1.07931,-0.1443968,-0.1342275,1.059958,-0.3104255,-0.2572275,1.043761,-0.2084634,0.436216,1.091148
72057594038000686,0,1.840322,14143.56,-0.1848722,0.05255347,1.099782,-0.1916973,0.5725006,1.117619,-0.2144339,0.3970504,1.015964,-0.193102,0.2170636,0.9463111,-0.1334587,0.08883822,0.9142693,-0.1281171,0.07409137,0.9275026,-0.1205958,0.3898345,1.173167,-0.1261606,0.2035234,1.219187,-0.1545592,0.2657261,1.031498,-0.1671285,0.2967299,0.9705167,-0.2013822,0.06229275,1.069788,-0.2583444,-0.1425518,1.070211,-0.08817197,-0.2354409,1.096834,-0.1608645,0.05538878,1.085403,-0.1373243,-0.1234344,1.080509,-0.3068721,-0.2548629,1.045088,-0.2007489,0.4352602,1.096862
72057594038000686,0,1.840322,14143.57,-0.1848722,0.05255347,1.099782,-0.1916973,0.5725006,1.117619,-0.2144339,0.3970504,1.015964,-0.193102,0.2170636,0.9463111,-0.1334587,0.08883822,0.9142693,-0.1281171,0.07409137,0.9275026,-0.1205958,0.3898345,1.173167,-0.1261606,0.2035234,1.219187,-0.1545592,0.2657261,1.031498,-0.1671285,0.2967299,0.9705167,-0.2013822,0.06229275,1.069788,-0.2583444,-0.1425518,1.070211,-0.08817197,-0.2354409,1.096834,-0.1608645,0.05538878,1.085403,-0.1373243,-0.1234344,1.080509,-0.3068721,-0.2548629,1.045088,-0.2007489,0.4352602,1.096862
72057594038000686,0,1.840322,14143.57,-0.1848722,0.05255347,1.099782,-0.1916973,0.5725006,1.117619,-0.2144339,0.3970504,1.015964,-0.193102,0.2170636,0.9463111,-0.1334587,0.08883822,0.9142693,-0.1281171,0.07409137,0.9275026,-0.1205958,0.3898345,1.173167,-0.1261606,0.2035234,1.219187,-0.1545592,0.2657261,1.031498,-0.1671285,0.2967299,0.9705167,-0.2013822,0.06229275,1.069788,-0.2583444,-0.1425518,1.070211,-0.08817197,-0.2354409,1.096834,-0.1608645,0.05538878,1.085403,-0.1373243,-0.1234344,1.080509,-0.3068721,-0.2548629,1.045088,-0.2007489,0.4352602,1.096862
72057594038000686,0,1.840322,14143.58,-0.1848722,0.05255347,1.099782,-0.1916973,0.5725006,1.117619,-0.2144339,0.3970504,1.015964,-0.193102,0.2170636,0.9463111,-0.1334587,0.08883822,0.9142693,-0.1281171,0.07409137,0.9275026,-0.1205958,0.3898345,1.173167,-0.1261606,0.2035234,1.219187,-0.1545592,0.2657261,1.031498,-0.1671285,0.2967299,0.9705167,-0.2013822,0.06229275,1.069788,-0.2583444,-0.1425518,1.070211,-0.08817197,-0.2354409,1.096834,-0.1608645,0.05538878,1.085403,-0.1373243,-0.1234344,1.080509,-0.3068721,-0.2548629,1.045088,-0.2007489,0.4352602,1.096862
72057594038000686,0,1.834728,14143.59,-0.187422,0.05197263,1.106641,-0.1866778,0.5707576,1.121994,-0.2011836,0.3933616,1.021139,-0.1647686,0.2130558,0.953795,-0.1024457,0.08654359,0.9273129,-0.0989786,0.07350123,0.935967,-0.1132868,0.3879842,1.1778,-0.1188422,0.2030174,1.222784,-0.13819,0.2610362,1.034157,-0.149276,0.2886641,0.9734689,-0.2036961,0.06234008,1.076894,-0.2525386,-0.1424355,1.075929,-0.08810902,-0.25261,1.126476,-0.1636072,0.05422658,1.091092,-0.1311412,-0.1276259,1.096853,-0.2995808,-0.2498492,1.048554,-0.1949316,0.4334241,1.101692
72057594038000686,0,1.834728,14143.59,-0.187422,0.05197263,1.106641,-0.1866778,0.5707576,1.121994,-0.2011836,0.3933616,1.021139,-0.1647686,0.2130558,0.953795,-0.1024457,0.08654359,0.9273129,-0.0989786,0.07350123,0.935967,-0.1132868,0.3879842,1.1778,-0.1188422,0.2030174,1.222784,-0.13819,0.2610362,1.034157,-0.149276,0.2886641,0.9734689,-0.2036961,0.06234008,1.076894,-0.2525386,-0.1424355,1.075929,-0.08810902,-0.25261,1.126476,-0.1636072,0.05422658,1.091092,-0.1311412,-0.1276259,1.096853,-0.2995808,-0.2498492,1.048554,-0.1949316,0.4334241,1.101692
72057594038000686,0,1.834728,14143.6,-0.187422,0.05197263,1.106641,-0.1866778,0.5707576,1.121994,-0.2011836,0.3933616,1.021139,-0.1647686,0.2130558,0.953795,-0.1024457,0.08654359,0.9273129,-0.0989786,0.07350123,0.935967,-0.1132868,0.3879842,1.1778,-0.1188422,0.2030174,1.222784,-0.13819,0.2610362,1.034157,-0.149276,0.2886641,0.9734689,-0.2036961,0.06234008,1.076894,-0.2525386,-0.1424355,1.075929,-0.08810902,-0.25261,1.126476,-0.1636072,0.05422658,1.091092,-0.1311412,-0.1276259,1.096853,-0.2995808,-0.2498492,1.048554,-0.1949316,0.4334241,1.101692
72057594038000686,0,1.834728,14143.6,-0.187422,0.05197263,1.106641,-0.1866778,0.5707576,1.121994,-0.2011836,0.3933616,1.021139,-0.1647686,0.2130558,0.953795,-0.1024457,0.08654359,0.9273129,-0.0989786,0.07350123,0.935967,-0.1132868,0.3879842,1.1778,-0.1188422,0.2030174,1.222784,-0.13819,0.2610362,1.034157,-0.149276,0.2886641,0.9734689,-0.2036961,0.06234008,1.076894,-0.2525386,-0.1424355,1.075929,-0.08810902,-0.25261,1.126476,-0.1636072,0.05422658,1.091092,-0.1311412,-0.1276259,1.096853,-0.2995808,-0.2498492,1.048554,-0.1949316,0.4334241,1.101692
72057594038000686,0,1.834728,14143.61,-0.187422,0.05197263,1.106641,-0.1866778,0.5707576,1.121994,-0.2011836,0.3933616,1.021139,-0.1647686,0.2130558,0.953795,-0.1024457,0.08654359,0.9273129,-0.0989786,0.07350123,0.935967,-0.1132868,0.3879842,1.1778,-0.1188422,0.2030174,1.222784,-0.13819,0.2610362,1.034157,-0.149276,0.2886641,0.9734689,-0.2036961,0.06234008,1.076894,-0.2525386,-0.1424355,1.075929,-0.08810902,-0.25261,1.126476,-0.1636072,0.05422658,1.091092,-0.1311412,-0.1276259,1.096853,-0.2995808,-0.2498492,1.048554,-0.1949316,0.4334241,1.101692
72057594038000686,0,1.834728,14143.61,-0.187422,0.05197263,1.106641,-0.1866778,0.5707576,1.121994,-0.2011836,0.3933616,1.021139,-0.1647686,0.2130558,0.953795,-0.1024457,0.08654359,0.9273129,-0.0989786,0.07350123,0.935967,-0.1132868,0.3879842,1.1778,-0.1188422,0.2030174,1.222784,-0.13819,0.2610362,1.034157,-0.149276,0.2886641,0.9734689,-0.2036961,0.06234008,1.076894,-0.2525386,-0.1424355,1.075929,-0.08810902,-0.25261,1.126476,-0.1636072,0.05422658,1.091092,-0.1311412,-0.1276259,1.096853,-0.2995808,-0.2498492,1.048554,-0.1949316,0.4334241,1.101692
72057594038000686,0,1.834728,14143.62,-0.187422,0.05197263,1.106641,-0.1866778,0.5707576,1.121994,-0.2011836,0.3933616,1.021139,-0.1647686,0.2130558,0.953795,-0.1024457,0.08654359,0.9273129,-0.0989786,0.07350123,0.935967,-0.1132868,0.3879842,1.1778,-0.1188422,0.2030174,1.222784,-0.13819,0.2610362,1.034157,-0.149276,0.2886641,0.9734689,-0.2036961,0.06234008,1.076894,-0.2525386,-0.1424355,1.075929,-0.08810902,-0.25261,1.126476,-0.1636072,0.05422658,1.091092,-0.1311412,-0.1276259,1.096853,-0.2995808,-0.2498492,1.048554,-0.1949316,0.4334241,1.101692
72057594038000686,0,1.834728,14143.62,-0.187422,0.05197263,1.106641,-0.1866778,0.5707576,1.121994,-0.2011836,0.3933616,1.021139,-0.1647686,0.2130558,0.953795,-0.1024457,0.08654359,0.9273129,-0.0989786,0.07350123,0.935967,-0.1132868,0.3879842,1.1778,-0.1188422,0.2030174,1.222784,-0.13819,0.2610362,1.034157,-0.149276,0.2886641,0.9734689,-0.2036961,0.06234008,1.076894,-0.2525386,-0.1424355,1.075929,-0.08810902,-0.25261,1.126476,-0.1636072,0.05422658,1.091092,-0.1311412,-0.1276259,1.096853,-0.2995808,-0.2498492,1.048554,-0.1949316,0.4334241,1.101692
72057594038000686,0,1.82669,14143.63,-0.1818827,0.05005211,1.116113,-0.1796021,0.5677839,1.126484,-0.1894511,0.3893815,1.026563,-0.1449818,0.2128066,0.9617573,-0.077553,0.08921316,0.941465,-0.0677392,0.0768967,0.9510679,-0.1055087,0.3858348,1.18325,-0.1111254,0.2019646,1.227487,-0.1304544,0.2583443,1.039593,-0.1431548,0.2777404,0.9789677,-0.1972815,0.05993336,1.08736,-0.2451066,-0.146943,1.086486,-0.09166065,-0.2594785,1.135834,-0.1593982,0.05276689,1.098898,-0.1182588,-0.1411728,1.116891,-0.2901589,-0.2470594,1.05294,-0.1868521,0.4309976,1.108013
72057594038000686,0,1.82669,14143.63,-0.1818827,0.05005211,1.116113,-0.1796021,0.5677839,1.126484,-0.1894511,0.3893815,1.026563,-0.1449818,0.2128066,0.9617573,-0.077553,0.08921316,0.941465,-0.0677392,0.0768967,0.9510679,-0.1055087,0.3858348,1.18325,-0.1111254,0.2019646,1.227487,-0.1304544,0.2583443,1.039593,-0.1431548,0.2777404,0.9789677,-0.1972815,0.05993336,1.08736,-0.2451066,-0.146943,1.086486,-0.09166065,-0.2594785,1.135834,-0.1593982,0.05276689,1.098898,-0.1182588,-0.1411728,1.116891,-0.2901589,-0.2470594,1.05294,-0.1868521,0.4309976,1.108013
72057594038000686,0,1.82669,14143.64,-0.1818827,0.05005211,1.116113,-0.1796021,0.5677839,1.126484,-0.1894511,0.3893815,1.026563,-0.1449818,0.2128066,0.9617573,-0.077553,0.08921316,0.941465,-0.0677392,0.0768967,0.9510679,-0.1055087,0.3858348,1.18325,-0.1111254,0.2019646,1.227487,-0.1304544,0.2583443,1.039593,-0.1431548,0.2777404,0.9789677,-0.1972815,0.05993336,1.08736,-0.2451066,-0.146943,1.086486,-0.09166065,-0.2594785,1.135834,-0.1593982,0.05276689,1.098898,-0.1182588,-0.1411728,1.116891,-0.2901589,-0.2470594,1.05294,-0.1868521,0.4309976,1.108013
72057594038000686,0,1.82669,14143.64,-0.1818827,0.05005211,1.116113,-0.1796021,0.5677839,1.126484,-0.1894511,0.3893815,1.026563,-0.1449818,0.2128066,0.9617573,-0.077553,0.08921316,0.941465,-0.0677392,0.0768967,0.9510679,-0.1055087,0.3858348,1.18325,-0.1111254,0.2019646,1.227487,-0.1304544,0.2583443,1.039593,-0.1431548,0.2777404,0.9789677,-0.1972815,0.05993336,1.08736,-0.2451066,-0.146943,1.086486,-0.09166065,-0.2594785,1.135834,-0.1593982,0.05276689,1.098898,-0.1182588,-0.1411728,1.116891,-0.2901589,-0.2470594,1.05294,-0.1868521,0.4309976,1.108013
72057594038000686,0,1.82669,14143.64,-0.1818827,0.05005211,1.116113,-0.1796021,0.5677839,1.126484,-0.1894511,0.3893815,1.026563,-0.1449818,0.2128066,0.9617573,-0.077553,0.08921316,0.941465,-0.0677392,0.0768967,0.9510679,-0.1055087,0.3858348,1.18325,-0.1111254,0.2019646,1.227487,-0.1304544,0.2583443,1.039593,-0.1431548,0.2777404,0.9789677,-0.1972815,0.05993336,1.08736,-0.2451066,-0.146943,1.086486,-0.09166065,-0.2594785,1.135834,-0.1593982,0.05276689,1.098898,-0.1182588,-0.1411728,1.116891,-0.2901589,-0.2470594,1.05294,-0.1868521,0.4309976,1.108013
72057594038000686,0,1.82669,14143.65,-0.1818827,0.05005211,1.116113,-0.1796021,0.5677839,1.126484,-0.1894511,0.3893815,1.026563,-0.1449818,0.2128066,0.9617573,-0.077553,0.08921316,0.941465,-0.0677392,0.0768967,0.9510679,-0.1055087,0.3858348,1.18325,-0.1111254,0.2019646,1.227487,-0.1304544,0.2583443,1.039593,-0.1431548,0.2777404,0.9789677,-0.1972815,0.05993336,1.08736,-0.2451066,-0.146943,1.086486,-0.09166065,-0.2594785,1.135834,-0.1593982,0.05276689,1.098898,-0.1182588,-0.1411728,1.116891,-0.2901589,-0.2470594,1.05294,-0.1868521,0.4309976,1.108013
72057594038000686,0,1.816576,14143.65,-0.1684282,0.04738155,1.127591,-0.174555,0.5659329,1.130074,-0.1775311,0.3853244,1.032935,-0.1220053,0.2143447,0.9748535,-0.04504851,0.0969952,0.9576539,-0.03195645,0.08059978,0.967734,-0.09627622,0.3834315,1.18938,-0.1019663,0.2004698,1.233078,-0.08215673,0.05675408,1.103614,-0.08339072,0.01531914,1.066077,-0.1842976,0.05615214,1.097794,-0.2356384,-0.1535425,1.096114,-0.08907554,-0.2634434,1.141982,-0.146146,0.05125549,1.111055,-0.1099651,-0.1437022,1.12405,-0.2868076,-0.2480506,1.056395,-0.1769421,0.428407,1.11487
72057594038000686,0,1.816576,14143.66,-0.1684282,0.04738155,1.127591,-0.174555,0.5659329,1.130074,-0.1775311,0.3853244,1.032935,-0.1220053,0.2143447,0.9748535,-0.04504851,0.0969952,0.9576539,-0.03195645,0.08059978,0.967734,-0.09627622,0.3834315,1.18938,-0.1019663,0.2004698,1.233078,-0.08215673,0.05675408,1.103614,-0.08339072,0.01531914,1.066077,-0.1842976,0.05615214,1.097794,-0.2356384,-0.1535425,1.096114,-0.08907554,-0.2634434,1.141982,-0.146146,0.05125549,1.111055,-0.1099651,-0.1437022,1.12405,-0.2868076,-0.2480506,1.056395,-0.1769421,0.428407,1.11487
72057594038000686,0,1.816576,14143.66,-0.1684282,0.04738155,1.127591,-0.174555,0.5659329,1.130074,-0.1775311,0.3853244,1.032935,-0.1220053,0.2143447,0.9748535,-0.04504851,0.0969952,0.9576539,-0.03195645,0.08059978,0.967734,-0.09627622,0.3834315,1.18938,-0.1019663,0.2004698,1.233078,-0.08215673,0.05675408,1.103614,-0.08339072,0.01531914,1.066077,-0.1842976,0.05615214,1.097794,-0.2356384,-0.1535425,1.096114,-0.08907554,-0.2634434,1.141982,-0.146146,0.05125549,1.111055,-0.1099651,-0.1437022,1.12405,-0.2868076,-0.2480506,1.056395,-0.1769421,0.428407,1.11487
72057594038000686,0,1.816576,14143.67,-0.1684282,0.04738155,1.127591,-0.174555,0.5659329,1.130074,-0.1775311,0.3853244,1.032935,-0.1220053,0.2143447,0.9748535,-0.04504851,0.0969952,0.9576539,-0.03195645,0.08059978,0.967734,-0.09627622,0.3834315,1.18938,-0.1019663,0.2004698,1.233078,-0.08215673,0.05675408,1.103614,-0.08339072,0.01531914,1.066077,-0.1842976,0.05615214,1.097794,-0.2356384,-0.1535425,1.096114,-0.08907554,-0.2634434,1.141982,-0.146146,0.05125549,1.111055,-0.1099651,-0.1437022,1.12405,-0.2868076,-0.2480506,1.056395,-0.1769421,0.428407,1.11487
72057594038000686,0,1.816576,14143.67,-0.1684282,0.04738155,1.127591,-0.174555,0.5659329,1.130074,-0.1775311,0.3853244,1.032935,-0.1220053,0.2143447,0.9748535,-0.04504851,0.0969952,0.9576539,-0.03195645,0.08059978,0.967734,-0.09627622,0.3834315,1.18938,-0.1019663,0.2004698,1.233078,-0.08215673,0.05675408,1.103614,-0.08339072,0.01531914,1.066077,-0.1842976,0.05615214,1.097794,-0.2356384,-0.1535425,1.096114,-0.08907554,-0.2634434,1.141982,-0.146146,0.05125549,1.111055,-0.1099651,-0.1437022,1.12405,-0.2868076,-0.2480506,1.056395,-0.1769421,0.428407,1.11487
72057594038000686,0,1.816576,14143.67,-0.1684282,0.04738155,1.127591,-0.174555,0.5659329,1.130074,-0.1775311,0.3853244,1.032935,-0.1220053,0.2143447,0.9748535,-0.04504851,0.0969952,0.9576539,-0.03195645,0.08059978,0.967734,-0.09627622,0.3834315,1.18938,-0.1019663,0.2004698,1.233078,-0.08215673,0.05675408,1.103614,-0.08339072,0.01531914,1.066077,-0.1842976,0.05615214,1.097794,-0.2356384,-0.1535425,1.096114,-0.08907554,-0.2634434,1.141982,-0.146146,0.05125549,1.111055,-0.1099651,-0.1437022,1.12405,-0.2868076,-0.2480506,1.056395,-0.1769421,0.428407,1.11487
72057594038000686,0,1.816576,14143.68,-0.1684282,0.04738155,1.127591,-0.174555,0.5659329,1.130074,-0.1775311,0.3853244,1.032935,-0.1220053,0.2143447,0.9748535,-0.04504851,0.0969952,0.9576539,-0.03195645,0.08059978,0.967734,-0.09627622,0.3834315,1.18938,-0.1019663,0.2004698,1.233078,-0.08215673,0.05675408,1.103614,-0.08339072,0.01531914,1.066077,-0.1842976,0.05615214,1.097794,-0.2356384,-0.1535425,1.096114,-0.08907554,-0.2634434,1.141982,-0.146146,0.05125549,1.111055,-0.1099651,-0.1437022,1.12405,-0.2868076,-0.2480506,1.056395,-0.1769421,0.428407,1.11487
72057594038000686,0,1.816576,14143.68,-0.1684282,0.04738155,1.127591,-0.174555,0.5659329,1.130074,-0.1775311,0.3853244,1.032935,-0.1220053,0.2143447,0.9748535,-0.04504851,0.0969952,0.9576539,-0.03195645,0.08059978,0.967734,-0.09627622,0.3834315,1.18938,-0.1019663,0.2004698,1.233078,-0.08215673,0.05675408,1.103614,-0.08339072,0.01531914,1.066077,-0.1842976,0.05615214,1.097794,-0.2356384,-0.1535425,1.096114,-0.08907554,-0.2634434,1.141982,-0.146146,0.05125549,1.111055,-0.1099651,-0.1437022,1.12405,-0.2868076,-0.2480506,1.056395,-0.1769421,0.428407,1.11487
72057594038000686,0,1.806229,14143.69,-0.1519012,0.04576951,1.138653,-0.1681353,0.5660463,1.132392,-0.1677645,0.3830135,1.039063,-0.1009122,0.2163507,0.988079,-0.01287583,0.1074428,0.9806606,-0.005763199,0.08604336,0.9887915,-0.08699164,0.3826371,1.193861,-0.09276181,0.200452,1.237165,-0.078293,0.05805692,1.10671,-0.07260013,0.021974,1.07203,-0.1683906,0.05313036,1.108256,-0.22743,-0.1547301,1.103092,-0.08558784,-0.2630087,1.14303,-0.1296222,0.05105251,1.122452,-0.09756684,-0.1350091,1.127567,-0.2842853,-0.2478234,1.06018,-0.1667819,0.4274737,1.120121
72057594038000686,0,1.806229,14143.7,-0.1519012,0.04576951,1.138653,-0.1681353,0.5660463,1.132392,-0.1677645,0.3830135,1.039063,-0.1009122,0.2163507,0.988079,-0.01287583,0.1074428,0.9806606,-0.005763199,0.08604336,0.9887915,-0.08699164,0.3826371,1.193861,-0.09276181,0.200452,1.237165,-0.078293,0.05805692,1.10671,-0.07260013,0.021974,1.07203,-0.1683906,0.05313036,1.108256,-0.22743,-0.1547301,1.103092,-0.08558784,-0.2630087,1.14303,-0.1296222,0.05105251,1.122452,-0.09756684,-0.1350091,1.127567,-0.2842853,-0.2478234,1.06018,-0.1667819,0.4274737,1.120121
72057594038000686,0,1.806229,14143.71,-0.1519012,0.04576951,1.138653,-0.1681353,0.5660463,1.132392,-0.1677645,0.3830135,1.039063,-0.1009122,0.2163507,0.988079,-0.01287583,0.1074428,0.9806606,-0.005763199,0.08604336,0.9887915,-0.08699164,0.3826371,1.193861,-0.09276181,0.200452,1.237165,-0.078293,0.05805692,1.10671,-0.07260013,0.021974,1.07203,-0.1683906,0.05313036,1.108256,-0.22743,-0.1547301,1.103092,-0.08558784,-0.2630087,1.14303,-0.1296222,0.05105251,1.122452,-0.09756684,-0.1350091,1.127567,-0.2842853,-0.2478234,1.06018,-0.1667819,0.4274737,1.120121
72057594038000686,0,1.806229,14143.71,-0.1519012,0.04576951,1.138653,-0.1681353,0.5660463,1.132392,-0.1677645,0.3830135,1.039063,-0.1009122,0.2163507,0.988079,-0.01287583,0.1074428,0.9806606,-0.005763199,0.08604336,0.9887915,-0.08699164,0.3826371,1.193861,-0.09276181,0.200452,1.237165,-0.078293,0.05805692,1.10671,-0.07260013,0.021974,1.07203,-0.1683906,0.05313036,1.108256,-0.22743,-0.1547301,1.103092,-0.08558784,-0.2630087,1.14303,-0.1296222,0.05105251,1.122452,-0.09756684,-0.1350091,1.127567,-0.2842853,-0.2478234,1.06018,-0.1667819,0.4274737,1.120121
72057594038000686,0,1.806229,14143.71,-0.1519012,0.04576951,1.138653,-0.1681353,0.5660463,1.132392,-0.1677645,0.3830135,1.039063,-0.1009122,0.2163507,0.988079,-0.01287583,0.1074428,0.9806606,-0.005763199,0.08604336,0.9887915,-0.08699164,0.3826371,1.193861,-0.09276181,0.200452,1.237165,-0.078293,0.05805692,1.10671,-0.07260013,0.021974,1.07203,-0.1683906,0.05313036,1.108256,-0.22743,-0.1547301,1.103092,-0.08558784,-0.2630087,1.14303,-0.1296222,0.05105251,1.122452,-0.09756684,-0.1350091,1.127567,-0.2842853,-0.2478234,1.06018,-0.1667819,0.4274737,1.120121
72057594038000686,0,1.806229,14143.72,-0.1519012,0.04576951,1.138653,-0.1681353,0.5660463,1.132392,-0.1677645,0.3830135,1.039063,-0.1009122,0.2163507,0.988079,-0.01287583,0.1074428,0.9806606,-0.005763199,0.08604336,0.9887915,-0.08699164,0.3826371,1.193861,-0.09276181,0.200452,1.237165,-0.078293,0.05805692,1.10671,-0.07260013,0.021974,1.07203,-0.1683906,0.05313036,1.108256,-0.22743,-0.1547301,1.103092,-0.08558784,-0.2630087,1.14303,-0.1296222,0.05105251,1.122452,-0.09756684,-0.1350091,1.127567,-0.2842853,-0.2478234,1.06018,-0.1667819,0.4274737,1.120121
72057594038000686,0,1.797905,14143.72,-0.138325,0.04535058,1.147202,-0.1601856,0.566774,1.135291,-0.158399,0.3824846,1.04605,-0.08363442,0.2186582,1.001522,0.003681808,0.1101126,0.9972403,0.01606745,0.09217507,1.012802,-0.07827057,0.3825676,1.197535,-0.08410072,0.2011287,1.240516,-0.06683126,0.05469349,1.116459,-0.05951817,0.01915655,1.079807,-0.1555597,0.05132288,1.116382,-0.217071,-0.1524376,1.110193,-0.08143306,-0.2640807,1.144446,-0.1157944,0.05203047,1.131201,-0.09333176,-0.1380156,1.130971,-0.2831797,-0.2476288,1.062035,-0.1573703,0.4273382,1.124452
72057594038000686,0,1.797905,14143.73,-0.138325,0.04535058,1.147202,-0.1601856,0.566774,1.135291,-0.158399,0.3824846,1.04605,-0.08363442,0.2186582,1.001522,0.003681808,0.1101126,0.9972403,0.01606745,0.09217507,1.012802,-0.07827057,0.3825676,1.197535,-0.08410072,0.2011287,1.240516,-0.06683126,0.05469349,1.116459,-0.05951817,0.01915655,1.079807,-0.1555597,0.05132288,1.116382,-0.217071,-0.1524376,1.110193,-0.08143306,-0.2640807,1.144446,-0.1157944,0.05203047,1.131201,-0.09333176,-0.1380156,1.130971,-0.2831797,-0.2476288,1.062035,-0.1573703,0.4273382,1.124452
72057594038000686,0,1.797905,14143.73,-0.138325,0.04535058,1.147202,-0.1601856,0.566774,1.135291,-0.158399,0.3824846,1.04605,-0.08363442,0.2186582,1.001522,0.003681808,0.1101126,0.9972403,0.01606745,0.09217507,1.012802,-0.07827057,0.3825676,1.197535,-0.08410072,0.2011287,1.240516,-0.06683126,0.05469349,1.116459,-0.05951817,0.01915655,1.079807,-0.1555597,0.05132288,1.116382,-0.217071,-0.1524376,1.110193,-0.08143306,-0.2640807,1.144446,-0.1157944,0.05203047,1.131201,-0.09333176,-0.1380156,1.130971,-0.2831797,-0.2476288,1.062035,-0.1573703,0.4273382,1.124452
72057594038000686,0,1.797905,14143.74,-0.138325,0.04535058,1.147202,-0.1601856,0.566774,1.135291,-0.158399,0.3824846,1.04605,-0.08363442,0.2186582,1.001522,0.003681808,0.1101126,0.9972403,0.01606745,0.09217507,1.012802,-0.07827057,0.3825676,1.197535,-0.08410072,0.2011287,1.240516,-0.06683126,0.05469349,1.116459,-0.05951817,0.01915655,1.079807,-0.1555597,0.05132288,1.116382,-0.217071,-0.1524376,1.110193,-0.08143306,-0.2640807,1.144446,-0.1157944,0.05203047,1.131201,-0.09333176,-0.1380156,1.130971,-0.2831797,-0.2476288,1.062035,-0.1573703,0.4273382,1.124452
72057594038000686,0,1.797905,14143.75,-0.138325,0.04535058,1.147202,-0.1601856,0.566774,1.135291,-0.158399,0.3824846,1.04605,-0.08363442,0.2186582,1.001522,0.003681808,0.1101126,0.9972403,0.01606745,0.09217507,1.012802,-0.07827057,0.3825676,1.197535,-0.08410072,0.2011287,1.240516,-0.06683126,0.05469349,1.116459,-0.05951817,0.01915655,1.079807,-0.1555597,0.05132288,1.116382,-0.217071,-0.1524376,1.110193,-0.08143306,-0.2640807,1.144446,-0.1157944,0.05203047,1.131201,-0.09333176,-0.1380156,1.130971,-0.2831797,-0.2476288,1.062035,-0.1573703,0.4273382,1.124452
72057594038000686,0,1.797905,14143.75,-0.138325,0.04535058,1.147202,-0.1601856,0.566774,1.135291,-0.158399,0.3824846,1.04605,-0.08363442,0.2186582,1.001522,0.003681808,0.1101126,0.9972403,0.01606745,0.09217507,1.012802,-0.07827057,0.3825676,1.197535,-0.08410072,0.2011287,1.240516,-0.06683126,0.05469349,1.116459,-0.05951817,0.01915655,1.079807,-0.1555597,0.05132288,1.116382,-0.217071,-0.1524376,1.110193,-0.08143306,-0.2640807,1.144446,-0.1157944,0.05203047,1.131201,-0.09333176,-0.1380156,1.130971,-0.2831797,-0.2476288,1.062035,-0.1573703,0.4273382,1.124452
72057594038000686,0,1.79159,14143.76,-0.1269203,0.04633144,1.153005,-0.1526967,0.5678298,1.137812,-0.1484161,0.3818794,1.055028,-0.06833734,0.2214878,1.016287,0.0224227,0.1178466,1.02101,0.03200803,0.1069499,1.033405,-0.07006215,0.3826092,1.202663,-0.01240953,0.2234754,1.107468,-0.0406702,0.03920609,1.088567,-0.05271254,-0.01207584,1.090324,-0.1441819,0.05141166,1.124185,-0.2040167,-0.1498601,1.116727,-0.06957778,-0.2636275,1.144985,-0.1046375,0.05378082,1.13502,-0.09106437,-0.1374692,1.132785,-0.2815503,-0.2487476,1.064217,-0.1486701,0.4274627,1.129798
72057594038000686,0,1.79159,14143.76,-0.1269203,0.04633144,1.153005,-0.1526967,0.5678298,1.137812,-0.1484161,0.3818794,1.055028,-0.06833734,0.2214878,1.016287,0.0224227,0.1178466,1.02101,0.03200803,0.1069499,1.033405,-0.07006215,0.3826092,1.202663,-0.01240953,0.2234754,1.107468,-0.0406702,0.03920609,1.088567,-0.05271254,-0.01207584,1.090324,-0.1441819,0.05141166,1.124185,-0.2040167,-0.1498601,1.116727,-0.06957778,-0.2636275,1.144985,-0.1046375,0.05378082,1.13502,-0.09106437,-0.1374692,1.132785,-0.2815503,-0.2487476,1.064217,-0.1486701,0.4274627,1.129798
72057594038000686,0,1.79159,14143.76,-0.1269203,0.04633144,1.153005,-0.1526967,0.5678298,1.137812,-0.1484161,0.3818794,1.055028,-0.06833734,0.2214878,1.016287,0.0224227,0.1178466,1.02101,0.03200803,0.1069499,1.033405,-0.07006215,0.3826092,1.202663,-0.01240953,0.2234754,1.107468,-0.0406702,0.03920609,1.088567,-0.05271254,-0.01207584,1.090324,-0.1441819,0.05141166,1.124185,-0.2040167,-0.1498601,1.116727,-0.06957778,-0.2636275,1.144985,-0.1046375,0.05378082,1.13502,-0.09106437,-0.1374692,1.132785,-0.2815503,-0.2487476,1.064217,-0.1486701,0.4274627,1.129798
72057594038000686,0,1.79159,14143.77,-0.1269203,0.04633144,1.153005,-0.1526967,0.5678298,1.137812,-0.1484161,0.3818794,1.055028,-0.06833734,0.2214878,1.016287,0.0224227,0.1178466,1.02101,0.03200803,0.1069499,1.033405,-0.07006215,0.3826092,1.202663,-0.01240953,0.2234754,1.107468,-0.0406702,0.03920609,1.088567,-0.05271254,-0.01207584,1.090324,-0.1441819,0.05141166,1.124185,-0.2040167,-0.1498601,1.116727,-0.06957778,-0.2636275,1.144985,-0.1046375,0.05378082,1.13502,-0.09106437,-0.1374692,1.132785,-0.2815503,-0.2487476,1.064217,-0.1486701,0.4274627,1.129798
72057594038000686,0,1.79159,14143.77,-0.1269203,0.04633144,1.153005,-0.1526967,0.5678298,1.137812,-0.1484161,0.3818794,1.055028,-0.06833734,0.2214878,1.016287,0.0224227,0.1178466,1.02101,0.03200803,0.1069499,1.033405,-0.07006215,0.3826092,1.202663,-0.01240953,0.2234754,1.107468,-0.0406702,0.03920609,1.088567,-0.05271254,-0.01207584,1.090324,-0.1441819,0.05141166,1.124185,-0.2040167,-0.1498601,1.116727,-0.06957778,-0.2636275,1.144985,-0.1046375,0.05378082,1.13502,-0.09106437,-0.1374692,1.132785,-0.2815503,-0.2487476,1.064217,-0.1486701,0.4274627,1.129798
72057594038000686,0,1.79159,14143.79,-0.1269203,0.04633144,1.153005,-0.1526967,0.5678298,1.137812,-0.1484161,0.3818794,1.055028,-0.06833734,0.2214878,1.016287,0.0224227,0.1178466,1.02101,0.03200803,0.1069499,1.033405,-0.07006215,0.3826092,1.202663,-0.01240953,0.2234754,1.107468,-0.0406702,0.03920609,1.088567,-0.05271254,-0.01207584,1.090324,-0.1441819,0.05141166,1.124185,-0.2040167,-0.1498601,1.116727,-0.06957778,-0.2636275,1.144985,-0.1046375,0.05378082,1.13502,-0.09106437,-0.1374692,1.132785,-0.2815503,-0.2487476,1.064217,-0.1486701,0.4274627,1.129798
72057594038000686,0,1.785701,14143.79,-0.1163893,0.04816678,1.158008,-0.1436857,0.5690062,1.141022,-0.1397084,0.3822669,1.063542,-0.05183487,0.2201897,1.03219,0.03896168,0.1182961,1.042299,0.04203677,0.1165165,1.055004,-0.0621906,0.3830011,1.207144,-0.02278979,0.2388468,1.08234,-0.03719264,0.05378839,1.086341,-0.04658441,-0.002069414,1.092965,-0.1348154,0.05257118,1.130656,-0.1887391,-0.1430983,1.124934,-0.06323165,-0.2667105,1.146348,-0.09326373,0.05627039,1.138286,-0.08999466,-0.1361942,1.134191,-0.2790417,-0.2510895,1.068846,-0.1404266,0.4280101,1.134402
72057594038000686,0,1.785701,14143.8,-0.1163893,0.04816678,1.158008,-0.1436857,0.5690062,1.141022,-0.1397084,0.3822669,1.063542,-0.05183487,0.2201897,1.03219,0.03896168,0.1182961,1.042299,0.04203677,0.1165165,1.055004,-0.0621906,0.3830011,1.207144,-0.02278979,0.2388468,1.08234,-0.03719264,0.05378839,1.086341,-0.04658441,-0.002069414,1.092965,-0.1348154,0.05257118,1.130656,-0.1887391,-0.1430983,1.124934,-0.06323165,-0.2667105,1.146348,-0.09326373,0.05627039,1.138286,-0.08999466,-0.1361942,1.134191,-0.2790417,-0.2510895,1.068846,-0.1404266,0.4280101,1.134402
72057594038000686,0,1.785701,14143.8,-0.1163893,0.04816678,1.158008,-0.1436857,0.5690062,1.141022,-0.1397084,0.3822669,1.063542,-0.05183487,0.2201897,1.03219,0.03896168,0.1182961,1.042299,0.04203677,0.1165165,1.055004,-0.0621906,0.3830011,1.207144,-0.02278979,0.2388468,1.08234,-0.03719264,0.05378839,1.086341,-0.04658441,-0.002069414,1.092965,-0.1348154,0.05257118,1.130656,-0.1887391,-0.1430983,1.124934,-0.06323165,-0.2667105,1.146348,-0.09326373,0.05627039,1.138286,-0.08999466,-0.1361942,1.134191,-0.2790417,-0.2510895,1.068846,-0.1404266,0.4280101,1.134402
72057594038000686,0,1.785701,14143.81,-0.1163893,0.04816678,1.158008,-0.1436857,0.5690062,1.141022,-0.1397084,0.3822669,1.063542,-0.05183487,0.2201897,1.03219,0.03896168,0.1182961,1.042299,0.04203677,0.1165165,1.055004,-0.0621906,0.3830011,1.207144,-0.02278979,0.2388468,1.08234,-0.03719264,0.05378839,1.086341,-0.04658441,-0.002069414,1.092965,-0.1348154,0.05257118,1.130656,-0.1887391,-0.1430983,1.124934,-0.06323165,-0.2667105,1.146348,-0.09326373,0.05627039,1.138286,-0.08999466,-0.1361942,1.134191,-0.2790417,-0.2510895,1.068846,-0.1404266,0.4280101,1.134402
72057594038000686,0,1.785701,14143.81,-0.1163893,0.04816678,1.158008,-0.1436857,0.5690062,1.141022,-0.1397084,0.3822669,1.063542,-0.05183487,0.2201897,1.03219,0.03896168,0.1182961,1.042299,0.04203677,0.1165165,1.055004,-0.0621906,0.3830011,1.207144,-0.02278979,0.2388468,1.08234,-0.03719264,0.05378839,1.086341,-0.04658441,-0.002069414,1.092965,-0.1348154,0.05257118,1.130656,-0.1887391,-0.1430983,1.124934,-0.06323165,-0.2667105,1.146348,-0.09326373,0.05627039,1.138286,-0.08999466,-0.1361942,1.134191,-0.2790417,-0.2510895,1.068846,-0.1404266,0.4280101,1.134402
72057594038000686,0,1.785701,14143.81,-0.1163893,0.04816678,1.158008,-0.1436857,0.5690062,1.141022,-0.1397084,0.3822669,1.063542,-0.05183487,0.2201897,1.03219,0.03896168,0.1182961,1.042299,0.04203677,0.1165165,1.055004,-0.0621906,0.3830011,1.207144,-0.02278979,0.2388468,1.08234,-0.03719264,0.05378839,1.086341,-0.04658441,-0.002069414,1.092965,-0.1348154,0.05257118,1.130656,-0.1887391,-0.1430983,1.124934,-0.06323165,-0.2667105,1.146348,-0.09326373,0.05627039,1.138286,-0.08999466,-0.1361942,1.134191,-0.2790417,-0.2510895,1.068846,-0.1404266,0.4280101,1.134402
72057594038000686,0,1.785701,14143.82,-0.1163893,0.04816678,1.158008,-0.1436857,0.5690062,1.141022,-0.1397084,0.3822669,1.063542,-0.05183487,0.2201897,1.03219,0.03896168,0.1182961,1.042299,0.04203677,0.1165165,1.055004,-0.0621906,0.3830011,1.207144,-0.02278979,0.2388468,1.08234,-0.03719264,0.05378839,1.086341,-0.04658441,-0.002069414,1.092965,-0.1348154,0.05257118,1.130656,-0.1887391,-0.1430983,1.124934,-0.06323165,-0.2667105,1.146348,-0.09326373,0.05627039,1.138286,-0.08999466,-0.1361942,1.134191,-0.2790417,-0.2510895,1.068846,-0.1404266,0.4280101,1.134402
72057594038000686,0,1.781087,14143.83,-0.1069215,0.04934606,1.162042,-0.1369821,0.5695683,1.143769,-0.1323032,0.3816458,1.070649,-0.0423298,0.2216447,1.042483,0.0493394,0.1252151,1.067296,0.0628596,0.1089515,1.08163,-0.05190592,0.3825425,1.212414,-0.01832629,0.2397126,1.085333,-0.03162367,0.05536848,1.090877,-0.04076787,-0.001616716,1.096709,-0.1268273,0.0538969,1.13539,-0.1829969,-0.1423608,1.129198,-0.05857257,-0.2662991,1.147906,-0.08273766,0.05721903,1.141327,-0.08923125,-0.135983,1.136384,-0.2764604,-0.2522611,1.073422,-0.1301674,0.4277612,1.139556
72057594038000686,0,1.781087,14143.83,-0.1069215,0.04934606,1.162042,-0.1369821,0.5695683,1.143769,-0.1323032,0.3816458,1.070649,-0.0423298,0.2216447,1.042483,0.0493394,0.1252151,1.067296,0.0628596,0.1089515,1.08163,-0.05190592,0.3825425,1.212414,-0.01832629,0.2397126,1.085333,-0.03162367,0.05536848,1.090877,-0.04076787,-0.001616716,1.096709,-0.1268273,0.0538969,1.13539,-0.1829969,-0.1423608,1.129198,-0.05857257,-0.2662991,1.147906,-0.08273766,0.05721903,1.141327,-0.08923125,-0.135983,1.136384,-0.2764604,-0.2522611,1.073422,-0.1301674,0.4277612,1.139556
72057594038000686,0,1.781087,14143.83,-0.1069215,0.04934606,1.162042,-0.1369821,0.5695683,1.143769,-0.1323032,0.3816458,1.070649,-0.0423298,0.2216447,1.042483,0.0493394,0.1252151,1.067296,0.0628596,0.1089515,1.08163,-0.05190592,0.3825425,1.212414,-0.01832629,0.2397126,1.085333,-0.03162367,0.05536848,1.090877,-0.04076787,-0.001616716,1.096709,-0.1268273,0.0538969,1.13539,-0.1829969,-0.1423608,1.129198,-0.05857257,-0.2662991,1.147906,-0.08273766,0.05721903,1.141327,-0.08923125,-0.135983,1.136384,-0.2764604,-0.2522611,1.073422,-0.1301674,0.4277612,1.139556
72057594038000686,0,1.781087,14143.84,-0.1069215,0.04934606,1.162042,-0.1369821,0.5695683,1.143769,-0.1323032,0.3816458,1.070649,-0.0423298,0.2216447,1.042483,0.0493394,0.1252151,1.067296,0.0628596,0.1089515,1.08163,-0.05190592,0.3825425,1.212414,-0.01832629,0.2397126,1.085333,-0.03162367,0.05536848,1.090877,-0.04076787,-0.001616716,1.096709,-0.1268273,0.0538969,1.13539,-0.1829969,-0.1423608,1.129198,-0.05857257,-0.2662991,1.147906,-0.08273766,0.05721903,1.141327,-0.08923125,-0.135983,1.136384,-0.2764604,-0.2522611,1.073422,-0.1301674,0.4277612,1.139556
72057594038000686,0,1.781087,14143.84,-0.1069215,0.04934606,1.162042,-0.1369821,0.5695683,1.143769,-0.1323032,0.3816458,1.070649,-0.0423298,0.2216447,1.042483,0.0493394,0.1252151,1.067296,0.0628596,0.1089515,1.08163,-0.05190592,0.3825425,1.212414,-0.01832629,0.2397126,1.085333,-0.03162367,0.05536848,1.090877,-0.04076787,-0.001616716,1.096709,-0.1268273,0.0538969,1.13539,-0.1829969,-0.1423608,1.129198,-0.05857257,-0.2662991,1.147906,-0.08273766,0.05721903,1.141327,-0.08923125,-0.135983,1.136384,-0.2764604,-0.2522611,1.073422,-0.1301674,0.4277612,1.139556
72057594038000686,0,1.781087,14143.85,-0.1069215,0.04934606,1.162042,-0.1369821,0.5695683,1.143769,-0.1323032,0.3816458,1.070649,-0.0423298,0.2216447,1.042483,0.0493394,0.1252151,1.067296,0.0628596,0.1089515,1.08163,-0.05190592,0.3825425,1.212414,-0.01832629,0.2397126,1.085333,-0.03162367,0.05536848,1.090877,-0.04076787,-0.001616716,1.096709,-0.1268273,0.0538969,1.13539,-0.1829969,-0.1423608,1.129198,-0.05857257,-0.2662991,1.147906,-0.08273766,0.05721903,1.141327,-0.08923125,-0.135983,1.136384,-0.2764604,-0.2522611,1.073422,-0.1301674,0.4277612,1.139556
72057594038000686,0,1.781087,14143.85,-0.1069215,0.04934606,1.162042,-0.1369821,0.5695683,1.143769,-0.1323032,0.3816458,1.070649,-0.0423298,0.2216447,1.042483,0.0493394,0.1252151,1.067296,0.0628596,0.1089515,1.08163,-0.05190592,0.3825425,1.212414,-0.01832629,0.2397126,1.085333,-0.03162367,0.05536848,1.090877,-0.04076787,-0.001616716,1.096709,-0.1268273,0.0538969,1.13539,-0.1829969,-0.1423608,1.129198,-0.05857257,-0.2662991,1.147906,-0.08273766,0.05721903,1.141327,-0.08923125,-0.135983,1.136384,-0.2764604,-0.2522611,1.073422,-0.1301674,0.4277612,1.139556
72057594038000686,0,1.776756,14143.85,-0.09986125,0.05128378,1.165534,-0.1302202,0.57004,1.146634,-0.124343,0.3823785,1.077812,-0.03465642,0.2226845,1.052492,0.05527412,0.1264201,1.080155,0.06940931,0.1109421,1.101987,-0.04340424,0.3824848,1.217585,-0.01339541,0.2398612,1.090345,-0.02944711,0.05616844,1.092914,-0.04021893,-0.0005146861,1.099147,-0.1197446,0.05636591,1.140193,-0.1665142,-0.1440125,1.138972,-0.05158266,-0.2760972,1.149239,-0.0760242,0.05860963,1.143538,-0.08901553,-0.1353765,1.139751,-0.2675279,-0.2538121,1.085593,-0.1217992,0.4279641,1.144526
72057594038000686,0,1.776756,14143.86,-0.09986125,0.05128378,1.165534,-0.1302202,0.57004,1.146634,-0.124343,0.3823785,1.077812,-0.03465642,0.2226845,1.052492,0.05527412,0.1264201,1.080155,0.06940931,0.1109421,1.101987,-0.04340424,0.3824848,1.217585,-0.01339541,0.2398612,1.090345,-0.02944711,0.05616844,1.092914,-0.04021893,-0.0005146861,1.099147,-0.1197446,0.05636591,1.140193,-0.1665142,-0.1440125,1.138972,-0.05158266,-0.2760972,1.149239,-0.0760242,0.05860963,1.143538,-0.08901553,-0.1353765,1.139751,-0.2675279,-0.2538121,1.085593,-0.1217992,0.4279641,1.144526
72057594038000686,0,1.776756,14143.86,-0.09986125,0.05128378,1.165534,-0.1302202,0.57004,1.146634,-0.124343,0.3823785,1.077812,-0.03465642,0.2226845,1.052492,0.05527412,0.1264201,1.080155,0.06940931,0.1109421,1.101987,-0.04340424,0.3824848,1.217585,-0.01339541,0.2398612,1.090345,-0.02944711,0.05616844,1.092914,-0.04021893,-0.0005146861,1.099147,-0.1197446,0.05636591,1.140193,-0.1665142,-0.1440125,1.138972,-0.05158266,-0.2760972,1.149239,-0.0760242,0.05860963,1.143538,-0.08901553,-0.1353765,1.139751,-0.2675279,-0.2538121,1.085593,-0.1217992,0.4279641,1.144526
72057594038000686,0,1.776756,14143.87,-0.09986125,0.05128378,1.165534,-0.1302202,0.57004,1.146634,-0.124343,0.3823785,1.077812,-0.03465642,0.2226845,1.052492,0.05527412,0.1264201,1.080155,0.06940931,0.1109421,1.101987,-0.04340424,0.3824848,1.217585,-0.01339541,0.2398612,1.090345,-0.02944711,0.05616844,1.092914,-0.04021893,-0.0005146861,1.099147,-0.1197446,0.05636591,1.140193,-0.1665142,-0.1440125,1.138972,-0.05158266,-0.2760972,1.149239,-0.0760242,0.05860963,1.143538,-0.08901553,-0.1353765,1.139751,-0.2675279,-0.2538121,1.085593,-0.1217992,0.4279641,1.144526
72057594038000686,0,1.776756,14143.87,-0.09986125,0.05128378,1.165534,-0.1302202,0.57004,1.146634,-0.124343,0.3823785,1.077812,-0.03465642,0.2226845,1.052492,0.05527412,0.1264201,1.080155,0.06940931,0.1109421,1.101987,-0.04340424,0.3824848,1.217585,-0.01339541,0.2398612,1.090345,-0.02944711,0.05616844,1.092914,-0.04021893,-0.0005146861,1.099147,-0.1197446,0.05636591,1.140193,-0.1665142,-0.1440125,1.138972,-0.05158266,-0.2760972,1.149239,-0.0760242,0.05860963,1.143538,-0.08901553,-0.1353765,1.139751,-0.2675279,-0.2538121,1.085593,-0.1217992,0.4279641,1.144526
72057594038000686,0,1.776756,14143.88,-0.09986125,0.05128378,1.165534,-0.1302202,0.57004,1.146634,-0.124343,0.3823785,1.077812,-0.03465642,0.2226845,1.052492,0.05527412,0.1264201,1.080155,0.06940931,0.1109421,1.101987,-0.04340424,0.3824848,1.217585,-0.01339541,0.2398612,1.090345,-0.02944711,0.05616844,1.092914,-0.04021893,-0.0005146861,1.099147,-0.1197446,0.05636591,1.140193,-0.1665142,-0.1440125,1.138972,-0.05158266,-0.2760972,1.149239,-0.0760242,0.05860963,1.143538,-0.08901553,-0.1353765,1.139751,-0.2675279,-0.2538121,1.085593,-0.1217992,0.4279641,1.144526
72057594038000686,0,1.776756,14143.88,-0.09986125,0.05128378,1.165534,-0.1302202,0.57004,1.146634,-0.124343,0.3823785,1.077812,-0.03465642,0.2226845,1.052492,0.05527412,0.1264201,1.080155,0.06940931,0.1109421,1.101987,-0.04340424,0.3824848,1.217585,-0.01339541,0.2398612,1.090345,-0.02944711,0.05616844,1.092914,-0.04021893,-0.0005146861,1.099147,-0.1197446,0.05636591,1.140193,-0.1665142,-0.1440125,1.138972,-0.05158266,-0.2760972,1.149239,-0.0760242,0.05860963,1.143538,-0.08901553,-0.1353765,1.139751,-0.2675279,-0.2538121,1.085593,-0.1217992,0.4279641,1.144526
72057594038000686,0,1.776756,14143.88,-0.09986125,0.05128378,1.165534,-0.1302202,0.57004,1.146634,-0.124343,0.3823785,1.077812,-0.03465642,0.2226845,1.052492,0.05527412,0.1264201,1.080155,0.06940931,0.1109421,1.101987,-0.04340424,0.3824848,1.217585,-0.01339541,0.2398612,1.090345,-0.02944711,0.05616844,1.092914,-0.04021893,-0.0005146861,1.099147,-0.1197446,0.05636591,1.140193,-0.1665142,-0.1440125,1.138972,-0.05158266,-0.2760972,1.149239,-0.0760242,0.05860963,1.143538,-0.08901553,-0.1353765,1.139751,-0.2675279,-0.2538121,1.085593,-0.1217992,0.4279641,1.144526
72057594038000686,0,1.772508,14143.89,-0.09372307,0.05188397,1.169714,-0.1221848,0.5701467,1.149589,-0.1162829,0.3818307,1.084281,-0.02828543,0.223038,1.059908,0.06083474,0.1257524,1.092211,0.07231741,0.1121787,1.117844,-0.03663243,0.3820176,1.221287,-0.007023328,0.2410207,1.08878,-0.1367434,0.1107913,1.114783,-0.1523491,0.07502034,1.137078,-0.1143666,0.05716106,1.144187,-0.1212124,-0.1168521,1.154258,-0.03611438,-0.3360378,1.143683,-0.06947888,0.0589225,1.147709,-0.08941586,-0.1396888,1.14676,-0.2440245,-0.2391734,1.110253,-0.1150349,0.4276076,1.148331
72057594038000686,0,1.772508,14143.9,-0.09372307,0.05188397,1.169714,-0.1221848,0.5701467,1.149589,-0.1162829,0.3818307,1.084281,-0.02828543,0.223038,1.059908,0.06083474,0.1257524,1.092211,0.07231741,0.1121787,1.117844,-0.03663243,0.3820176,1.221287,-0.007023328,0.2410207,1.08878,-0.1367434,0.1107913,1.114783,-0.1523491,0.07502034,1.137078,-0.1143666,0.05716106,1.144187,-0.1212124,-0.1168521,1.154258,-0.03611438,-0.3360378,1.143683,-0.06947888,0.0589225,1.147709,-0.08941586,-0.1396888,1.14676,-0.2440245,-0.2391734,1.110253,-0.1150349,0.4276076,1.148331
72057594038000686,0,1.772508,14143.9,-0.09372307,0.05188397,1.169714,-0.1221848,0.5701467,1.149589,-0.1162829,0.3818307,1.084281,-0.02828543,0.223038,1.059908,0.06083474,0.1257524,1.092211,0.07231741,0.1121787,1.117844,-0.03663243,0.3820176,1.221287,-0.007023328,0.2410207,1.08878,-0.1367434,0.1107913,1.114783,-0.1523491,0.07502034,1.137078,-0.1143666,0.05716106,1.144187,-0.1212124,-0.1168521,1.154258,-0.03611438,-0.3360378,1.143683,-0.06947888,0.0589225,1.147709,-0.08941586,-0.1396888,1.14676,-0.2440245,-0.2391734,1.110253,-0.1150349,0.4276076,1.148331
72057594038000686,0,1.772508,14143.91,-0.09372307,0.05188397,1.169714,-0.1221848,0.5701467,1.149589,-0.1162829,0.3818307,1.084281,-0.02828543,0.223038,1.059908,0.06083474,0.1257524,1.092211,0.07231741,0.1121787,1.117844,-0.03663243,0.3820176,1.221287,-0.007023328,0.2410207,1.08878,-0.1367434,0.1107913,1.114783,-0.1523491,0.07502034,1.137078,-0.1143666,0.05716106,1.144187,-0.1212124,-0.1168521,1.154258,-0.03611438,-0.3360378,1.143683,-0.06947888,0.0589225,1.147709,-0.08941586,-0.1396888,1.14676,-0.2440245,-0.2391734,1.110253,-0.1150349,0.4276076,1.148331
72057594038000686,0,1.772508,14143.91,-0.09372307,0.05188397,1.169714,-0.1221848,0.5701467,1.149589,-0.1162829,0.3818307,1.084281,-0.02828543,0.223038,1.059908,0.06083474,0.1257524,1.092211,0.07231741,0.1121787,1.117844,-0.03663243,0.3820176,1.221287,-0.007023328,0.2410207,1.08878,-0.1367434,0.1107913,1.114783,-0.1523491,0.07502034,1.137078,-0.1143666,0.05716106,1.144187,-0.1212124,-0.1168521,1.154258,-0.03611438,-0.3360378,1.143683,-0.06947888,0.0589225,1.147709,-0.08941586,-0.1396888,1.14676,-0.2440245,-0.2391734,1.110253,-0.1150349,0.4276076,1.148331
72057594038000686,0,1.772508,14143.92,-0.09372307,0.05188397,1.169714,-0.1221848,0.5701467,1.149589,-0.1162829,0.3818307,1.084281,-0.02828543,0.223038,1.059908,0.06083474,0.1257524,1.092211,0.07231741,0.1121787,1.117844,-0.03663243,0.3820176,1.221287,-0.007023328,0.2410207,1.08878,-0.1367434,0.1107913,1.114783,-0.1523491,0.07502034,1.137078,-0.1143666,0.05716106,1.144187,-0.1212124,-0.1168521,1.154258,-0.03611438,-0.3360378,1.143683,-0.06947888,0.0589225,1.147709,-0.08941586,-0.1396888,1.14676,-0.2440245,-0.2391734,1.110253,-0.1150349,0.4276076,1.148331
72057594038000686,0,1.768997,14143.92,-0.0879264,0.05280986,1.172925,-0.1137726,0.5701401,1.15397,-0.1106511,0.3822962,1.087071,-0.02390361,0.2228864,1.065198,0.06483906,0.1259863,1.103498,0.07303776,0.1129733,1.129529,-0.0296056,0.3817513,1.225147,-0.00321016,0.2355399,1.094931,-0.1393284,0.1078731,1.116452,-0.1540307,0.07697937,1.145124,-0.1087596,0.05829188,1.147027,-0.1197599,-0.1165794,1.155191,-0.03806628,-0.3382912,1.14781,-0.06375907,0.05958012,1.151203,-0.09063739,-0.1450662,1.152897,-0.2443368,-0.2400255,1.112447,-0.108109,0.4274835,1.152132
72057594038000686,0,1.768997,14143.92,-0.0879264,0.05280986,1.172925,-0.1137726,0.5701401,1.15397,-0.1106511,0.3822962,1.087071,-0.02390361,0.2228864,1.065198,0.06483906,0.1259863,1.103498,0.07303776,0.1129733,1.129529,-0.0296056,0.3817513,1.225147,-0.00321016,0.2355399,1.094931,-0.1393284,0.1078731,1.116452,-0.1540307,0.07697937,1.145124,-0.1087596,0.05829188,1.147027,-0.1197599,-0.1165794,1.155191,-0.03806628,-0.3382912,1.14781,-0.06375907,0.05958012,1.151203,-0.09063739,-0.1450662,1.152897,-0.2443368,-0.2400255,1.112447,-0.108109,0.4274835,1.152132
72057594038000686,0,1.768997,14143.93,-0.0879264,0.05280986,1.172925,-0.1137726,0.5701401,1.15397,-0.1106511,0.3822962,1.087071,-0.02390361,0.2228864,1.065198,0.06483906,0.1259863,1.103498,0.07303776,0.1129733,1.129529,-0.0296056,0.3817513,1.225147,-0.00321016,0.2355399,1.094931,-0.1393284,0.1078731,1.116452,-0.1540307,0.07697937,1.145124,-0.1087596,0.05829188,1.147027,-0.1197599,-0.1165794,1.155191,-0.03806628,-0.3382912,1.14781,-0.06375907,0.05958012,1.151203,-0.09063739,-0.1450662,1.152897,-0.2443368,-0.2400255,1.112447,-0.108109,0.4274835,1.152132
72057594038000686,0,1.768997,14143.93,-0.0879264,0.05280986,1.172925,-0.1137726,0.5701401,1.15397,-0.1106511,0.3822962,1.087071,-0.02390361,0.2228864,1.065198,0.06483906,0.1259863,1.103498,0.07303776,0.1129733,1.129529,-0.0296056,0.3817513,1.225147,-0.00321016,0.2355399,1.094931,-0.1393284,0.1078731,1.116452,-0.1540307,0.07697937,1.145124,-0.1087596,0.05829188,1.147027,-0.1197599,-0.1165794,1.155191,-0.03806628,-0.3382912,1.14781,-0.06375907,0.05958012,1.151203,-0.09063739,-0.1450662,1.152897,-0.2443368,-0.2400255,1.112447,-0.108109,0.4274835,1.152132
72057594038000686,0,1.768997,14143.94,-0.0879264,0.05280986,1.172925,-0.1137726,0.5701401,1.15397,-0.1106511,0.3822962,1.087071,-0.02390361,0.2228864,1.065198,0.06483906,0.1259863,1.103498,0.07303776,0.1129733,1.129529,-0.0296056,0.3817513,1.225147,-0.00321016,0.2355399,1.094931,-0.1393284,0.1078731,1.116452,-0.1540307,0.07697937,1.145124,-0.1087596,0.05829188,1.147027,-0.1197599,-0.1165794,1.155191,-0.03806628,-0.3382912,1.14781,-0.06375907,0.05958012,1.151203,-0.09063739,-0.1450662,1.152897,-0.2443368,-0.2400255,1.112447,-0.108109,0.4274835,1.152132
72057594038000686,0,1.768997,14143.94,-0.0879264,0.05280986,1.172925,-0.1137726,0.5701401,1.15397,-0.1106511,0.3822962,1.087071,-0.02390361,0.2228864,1.065198,0.06483906,0.1259863,1.103498,0.07303776,0.1129733,1.129529,-0.0296056,0.3817513,1.225147,-0.00321016,0.2355399,1.094931,-0.1393284,0.1078731,1.116452,-0.1540307,0.07697937,1.145124,-0.1087596,0.05829188,1.147027,-0.1197599,-0.1165794,1.155191,-0.03806628,-0.3382912,1.14781,-0.06375907,0.05958012,1.151203,-0.09063739,-0.1450662,1.152897,-0.2443368,-0.2400255,1.112447,-0.108109,0.4274835,1.152132
72057594038000686,0,1.768997,14143.95,-0.0879264,0.05280986,1.172925,-0.1137726,0.5701401,1.15397,-0.1106511,0.3822962,1.087071,-0.02390361,0.2228864,1.065198,0.06483906,0.1259863,1.103498,0.07303776,0.1129733,1.129529,-0.0296056,0.3817513,1.225147,-0.00321016,0.2355399,1.094931,-0.1393284,0.1078731,1.116452,-0.1540307,0.07697937,1.145124,-0.1087596,0.05829188,1.147027,-0.1197599,-0.1165794,1.155191,-0.03806628,-0.3382912,1.14781,-0.06375907,0.05958012,1.151203,-0.09063739,-0.1450662,1.152897,-0.2443368,-0.2400255,1.112447,-0.108109,0.4274835,1.152132
72057594038000686,0,1.768997,14143.95,-0.0879264,0.05280986,1.172925,-0.1137726,0.5701401,1.15397,-0.1106511,0.3822962,1.087071,-0.02390361,0.2228864,1.065198,0.06483906,0.1259863,1.103498,0.07303776,0.1129733,1.129529,-0.0296056,0.3817513,1.225147,-0.00321016,0.2355399,1.094931,-0.1393284,0.1078731,1.116452,-0.1540307,0.07697937,1.145124,-0.1087596,0.05829188,1.147027,-0.1197599,-0.1165794,1.155191,-0.03806628,-0.3382912,1.14781,-0.06375907,0.05958012,1.151203,-0.09063739,-0.1450662,1.152897,-0.2443368,-0.2400255,1.112447,-0.108109,0.4274835,1.152132
72057594038000686,0,1.76554,14143.96,-0.08241935,0.05388919,1.176029,-0.1048397,0.5700708,1.15804,-0.1057293,0.382742,1.090136,-0.0226285,0.2224392,1.068778,0.0590023,0.1150615,1.134319,0.07393728,0.1044932,1.143421,-0.02143346,0.3815233,1.229767,-0.004885993,0.2381808,1.09215,-0.139882,0.108422,1.119241,-0.1517019,0.07614994,1.149633,-0.1036988,0.05972859,1.14909,-0.1156978,-0.1157684,1.156991,-0.04082491,-0.3413898,1.148391,-0.05791817,0.06020626,1.155453,-0.09154385,-0.1494092,1.15799,-0.243844,-0.2441123,1.120801,-0.1002279,0.4274244,1.156569
72057594038000686,0,1.76554,14143.96,-0.08241935,0.05388919,1.176029,-0.1048397,0.5700708,1.15804,-0.1057293,0.382742,1.090136,-0.0226285,0.2224392,1.068778,0.0590023,0.1150615,1.134319,0.07393728,0.1044932,1.143421,-0.02143346,0.3815233,1.229767,-0.004885993,0.2381808,1.09215,-0.139882,0.108422,1.119241,-0.1517019,0.07614994,1.149633,-0.1036988,0.05972859,1.14909,-0.1156978,-0.1157684,1.156991,-0.04082491,-0.3413898,1.148391,-0.05791817,0.06020626,1.155453,-0.09154385,-0.1494092,1.15799,-0.243844,-0.2441123,1.120801,-0.1002279,0.4274244,1.156569
72057594038000686,0,1.76554,14143.96,-0.08241935,0.05388919,1.176029,-0.1048397,0.5700708,1.15804,-0.1057293,0.382742,1.090136,-0.0226285,0.2224392,1.068778,0.0590023,0.1150615,1.134319,0.07393728,0.1044932,1.143421,-0.02143346,0.3815233,1.229767,-0.004885993,0.2381808,1.09215,-0.139882,0.108422,1.119241,-0.1517019,0.07614994,1.149633,-0.1036988,0.05972859,1.14909,-0.1156978,-0.1157684,1.156991,-0.04082491,-0.3413898,1.148391,-0.05791817,0.06020626,1.155453,-0.09154385,-0.1494092,1.15799,-0.243844,-0.2441123,1.120801,-0.1002279,0.4274244,1.156569
72057594038000686,0,1.76554,14143.97,-0.08241935,0.05388919,1.176029,-0.1048397,0.5700708,1.15804,-0.1057293,0.382742,1.090136,-0.0226285,0.2224392,1.068778,0.0590023,0.1150615,1.134319,0.07393728,0.1044932,1.143421,-0.02143346,0.3815233,1.229767,-0.004885993,0.2381808,1.09215,-0.139882,0.108422,1.119241,-0.1517019,0.07614994,1.149633,-0.1036988,0.05972859,1.14909,-0.1156978,-0.1157684,1.156991,-0.04082491,-0.3413898,1.148391,-0.05791817,0.06020626,1.155453,-0.09154385,-0.1494092,1.15799,-0.243844,-0.2441123,1.120801,-0.1002279,0.4274244,1.156569
72057594038000686,0,1.76554,14143.97,-0.08241935,0.05388919,1.176029,-0.1048397,0.5700708,1.15804,-0.1057293,0.382742,1.090136,-0.0226285,0.2224392,1.068778,0.0590023,0.1150615,1.134319,0.07393728,0.1044932,1.143421,-0.02143346,0.3815233,1.229767,-0.004885993,0.2381808,1.09215,-0.139882,0.108422,1.119241,-0.1517019,0.07614994,1.149633,-0.1036988,0.05972859,1.14909,-0.1156978,-0.1157684,1.156991,-0.04082491,-0.3413898,1.148391,-0.05791817,0.06020626,1.155453,-0.09154385,-0.1494092,1.15799,-0.243844,-0.2441123,1.120801,-0.1002279,0.4274244,1.156569
72057594038000686,0,1.76554,14143.98,-0.08241935,0.05388919,1.176029,-0.1048397,0.5700708,1.15804,-0.1057293,0.382742,1.090136,-0.0226285,0.2224392,1.068778,0.0590023,0.1150615,1.134319,0.07393728,0.1044932,1.143421,-0.02143346,0.3815233,1.229767,-0.004885993,0.2381808,1.09215,-0.139882,0.108422,1.119241,-0.1517019,0.07614994,1.149633,-0.1036988,0.05972859,1.14909,-0.1156978,-0.1157684,1.156991,-0.04082491,-0.3413898,1.148391,-0.05791817,0.06020626,1.155453,-0.09154385,-0.1494092,1.15799,-0.243844,-0.2441123,1.120801,-0.1002279,0.4274244,1.156569
72057594038000686,0,1.76554,14143.99,-0.08241935,0.05388919,1.176029,-0.1048397,0.5700708,1.15804,-0.1057293,0.382742,1.090136,-0.0226285,0.2224392,1.068778,0.0590023,0.1150615,1.134319,0.07393728,0.1044932,1.143421,-0.02143346,0.3815233,1.229767,-0.004885993,0.2381808,1.09215,-0.139882,0.108422,1.119241,-0.1517019,0.07614994,1.149633,-0.1036988,0.05972859,1.14909,-0.1156978,-0.1157684,1.156991,-0.04082491,-0.3413898,1.148391,-0.05791817,0.06020626,1.155453,-0.09154385,-0.1494092,1.15799,-0.243844,-0.2441123,1.120801,-0.1002279,0.4274244,1.156569
72057594038000686,0,1.762105,14144,-0.07778694,0.05495968,1.179163,-0.09686613,0.570559,1.163023,-0.1016324,0.3833936,1.092947,-0.02281768,0.2230964,1.071431,0.05963549,0.1278235,1.127401,0.0677394,0.1138217,1.139895,-0.01464826,0.381652,1.234168,-0.01337757,0.2351263,1.09698,-0.1402089,0.1069145,1.12125,-0.149778,0.07665154,1.153559,-0.09916607,0.06181678,1.151234,-0.1076146,-0.1125371,1.159635,-0.04744,-0.346083,1.14796,-0.05319251,0.06017286,1.159696,-0.09109985,-0.1521351,1.162405,-0.2433465,-0.2512465,1.130109,-0.09364964,0.4276629,1.160831
72057594038000686,0,1.762105,14144,-0.07778694,0.05495968,1.179163,-0.09686613,0.570559,1.163023,-0.1016324,0.3833936,1.092947,-0.02281768,0.2230964,1.071431,0.05963549,0.1278235,1.127401,0.0677394,0.1138217,1.139895,-0.01464826,0.381652,1.234168,-0.01337757,0.2351263,1.09698,-0.1402089,0.1069145,1.12125,-0.149778,0.07665154,1.153559,-0.09916607,0.06181678,1.151234,-0.1076146,-0.1125371,1.159635,-0.04744,-0.346083,1.14796,-0.05319251,0.06017286,1.159696,-0.09109985,-0.1521351,1.162405,-0.2433465,-0.2512465,1.130109,-0.09364964,0.4276629,1.160831
72057594038000686,0,1.762105,14144.01,-0.07778694,0.05495968,1.179163,-0.09686613,0.570559,1.163023,-0.1016324,0.3833936,1.092947,-0.02281768,0.2230964,1.071431,0.05963549,0.1278235,1.127401,0.0677394,0.1138217,1.139895,-0.01464826,0.381652,1.234168,-0.01337757,0.2351263,1.09698,-0.1402089,0.1069145,1.12125,-0.149778,0.07665154,1.153559,-0.09916607,0.06181678,1.151234,-0.1076146,-0.1125371,1.159635,-0.04744,-0.346083,1.14796,-0.05319251,0.06017286,1.159696,-0.09109985,-0.1521351,1.162405,-0.2433465,-0.2512465,1.130109,-0.09364964,0.4276629,1.160831
72057594038000686,0,1.762105,14144.01,-0.07778694,0.05495968,1.179163,-0.09686613,0.570559,1.163023,-0.1016324,0.3833936,1.092947,-0.02281768,0.2230964,1.071431,0.05963549,0.1278235,1.127401,0.0677394,0.1138217,1.139895,-0.01464826,0.381652,1.234168,-0.01337757,0.2351263,1.09698,-0.1402089,0.1069145,1.12125,-0.149778,0.07665154,1.153559,-0.09916607,0.06181678,1.151234,-0.1076146,-0.1125371,1.159635,-0.04744,-0.346083,1.14796,-0.05319251,0.06017286,1.159696,-0.09109985,-0.1521351,1.162405,-0.2433465,-0.2512465,1.130109,-0.09364964,0.4276629,1.160831
72057594038000686,0,1.762105,14144.01,-0.07778694,0.05495968,1.179163,-0.09686613,0.570559,1.163023,-0.1016324,0.3833936,1.092947,-0.02281768,0.2230964,1.071431,0.05963549,0.1278235,1.127401,0.0677394,0.1138217,1.139895,-0.01464826,0.381652,1.234168,-0.01337757,0.2351263,1.09698,-0.1402089,0.1069145,1.12125,-0.149778,0.07665154,1.153559,-0.09916607,0.06181678,1.151234,-0.1076146,-0.1125371,1.159635,-0.04744,-0.346083,1.14796,-0.05319251,0.06017286,1.159696,-0.09109985,-0.1521351,1.162405,-0.2433465,-0.2512465,1.130109,-0.09364964,0.4276629,1.160831
72057594038000686,0,1.762105,14144.02,-0.07778694,0.05495968,1.179163,-0.09686613,0.570559,1.163023,-0.1016324,0.3833936,1.092947,-0.02281768,0.2230964,1.071431,0.05963549,0.1278235,1.127401,0.0677394,0.1138217,1.139895,-0.01464826,0.381652,1.234168,-0.01337757,0.2351263,1.09698,-0.1402089,0.1069145,1.12125,-0.149778,0.07665154,1.153559,-0.09916607,0.06181678,1.151234,-0.1076146,-0.1125371,1.159635,-0.04744,-0.346083,1.14796,-0.05319251,0.06017286,1.159696,-0.09109985,-0.1521351,1.162405,-0.2433465,-0.2512465,1.130109,-0.09364964,0.4276629,1.160831
72057594038000686,0,1.758265,14144.02,-0.07335794,0.05729127,1.182109,-0.08921306,0.5710902,1.168133,-0.09795973,0.3840485,1.096055,-0.02274069,0.2232927,1.073705,0.06097847,0.126671,1.128193,0.06668156,0.1119739,1.142637,-0.008670122,0.3820038,1.239533,-0.01570161,0.2366064,1.099314,-0.1370264,0.1104863,1.125549,-0.1440574,0.07572827,1.155779,-0.09456031,0.06520891,1.152989,-0.09895094,-0.109094,1.162076,-0.05419455,-0.3483163,1.147264,-0.04898359,0.06147569,1.163834,-0.08932485,-0.1543428,1.167084,-0.243802,-0.2523234,1.132203,-0.08783416,0.4282686,1.165854
72057594038000686,0,1.758265,14144.03,-0.07335794,0.05729127,1.182109,-0.08921306,0.5710902,1.168133,-0.09795973,0.3840485,1.096055,-0.02274069,0.2232927,1.073705,0.06097847,0.126671,1.128193,0.06668156,0.1119739,1.142637,-0.008670122,0.3820038,1.239533,-0.01570161,0.2366064,1.099314,-0.1370264,0.1104863,1.125549,-0.1440574,0.07572827,1.155779,-0.09456031,0.06520891,1.152989,-0.09895094,-0.109094,1.162076,-0.05419455,-0.3483163,1.147264,-0.04898359,0.06147569,1.163834,-0.08932485,-0.1543428,1.167084,-0.243802,-0.2523234,1.132203,-0.08783416,0.4282686,1.165854
72057594038000686,0,1.758265,14144.03,-0.07335794,0.05729127,1.182109,-0.08921306,0.5710902,1.168133,-0.09795973,0.3840485,1.096055,-0.02274069,0.2232927,1.073705,0.06097847,0.126671,1.128193,0.06668156,0.1119739,1.142637,-0.008670122,0.3820038,1.239533,-0.01570161,0.2366064,1.099314,-0.1370264,0.1104863,1.125549,-0.1440574,0.07572827,1.155779,-0.09456031,0.06520891,1.152989,-0.09895094,-0.109094,1.162076,-0.05419455,-0.3483163,1.147264,-0.04898359,0.06147569,1.163834,-0.08932485,-0.1543428,1.167084,-0.243802,-0.2523234,1.132203,-0.08783416,0.4282686,1.165854
72057594038000686,0,1.758265,14144.04,-0.07335794,0.05729127,1.182109,-0.08921306,0.5710902,1.168133,-0.09795973,0.3840485,1.096055,-0.02274069,0.2232927,1.073705,0.06097847,0.126671,1.128193,0.06668156,0.1119739,1.142637,-0.008670122,0.3820038,1.239533,-0.01570161,0.2366064,1.099314,-0.1370264,0.1104863,1.125549,-0.1440574,0.07572827,1.155779,-0.09456031,0.06520891,1.152989,-0.09895094,-0.109094,1.162076,-0.05419455,-0.3483163,1.147264,-0.04898359,0.06147569,1.163834,-0.08932485,-0.1543428,1.167084,-0.243802,-0.2523234,1.132203,-0.08783416,0.4282686,1.165854
72057594038000686,0,1.758265,14144.04,-0.07335794,0.05729127,1.182109,-0.08921306,0.5710902,1.168133,-0.09795973,0.3840485,1.096055,-0.02274069,0.2232927,1.073705,0.06097847,0.126671,1.128193,0.06668156,0.1119739,1.142637,-0.008670122,0.3820038,1.239533,-0.01570161,0.2366064,1.099314,-0.1370264,0.1104863,1.125549,-0.1440574,0.07572827,1.155779,-0.09456031,0.06520891,1.152989,-0.09895094,-0.109094,1.162076,-0.05419455,-0.3483163,1.147264,-0.04898359,0.06147569,1.163834,-0.08932485,-0.1543428,1.167084,-0.243802,-0.2523234,1.132203,-0.08783416,0.4282686,1.165854
72057594038000686,0,1.758265,14144.05,-0.07335794,0.05729127,1.182109,-0.08921306,0.5710902,1.168133,-0.09795973,0.3840485,1.096055,-0.02274069,0.2232927,1.073705,0.06097847,0.126671,1.128193,0.06668156,0.1119739,1.142637,-0.008670122,0.3820038,1.239533,-0.01570161,0.2366064,1.099314,-0.1370264,0.1104863,1.125549,-0.1440574,0.07572827,1.155779,-0.09456031,0.06520891,1.152989,-0.09895094,-0.109094,1.162076,-0.05419455,-0.3483163,1.147264,-0.04898359,0.06147569,1.163834,-0.08932485,-0.1543428,1.167084,-0.243802,-0.2523234,1.132203,-0.08783416,0.4282686,1.165854
72057594038000686,0,1.758265,14144.05,-0.07335794,0.05729127,1.182109,-0.08921306,0.5710902,1.168133,-0.09795973,0.3840485,1.096055,-0.02274069,0.2232927,1.073705,0.06097847,0.126671,1.128193,0.06668156,0.1119739,1.142637,-0.008670122,0.3820038,1.239533,-0.01570161,0.2366064,1.099314,-0.1370264,0.1104863,1.125549,-0.1440574,0.07572827,1.155779,-0.09456031,0.06520891,1.152989,-0.09895094,-0.109094,1.162076,-0.05419455,-0.3483163,1.147264,-0.04898359,0.06147569,1.163834,-0.08932485,-0.1543428,1.167084,-0.243802,-0.2523234,1.132203,-0.08783416,0.4282686,1.165854
72057594038000686,0,1.753031,14144.05,-0.06803155,0.06205696,1.185328,-0.08275012,0.5716371,1.172799,-0.09483439,0.3852767,1.099768,-0.02319822,0.2239418,1.075953,0.06166132,0.125593,1.128559,0.06432749,0.1079124,1.14108,-0.004395881,0.3827688,1.243656,-0.03786785,0.2409064,1.101628,-0.1352208,0.1135437,1.130683,-0.1371182,0.07836488,1.152381,-0.08934257,0.07171983,1.155019,-0.0907229,-0.1036481,1.164387,-0.1562478,-0.2759014,1.172735,-0.0437334,0.06456587,1.168074,-0.08783131,-0.1552535,1.170098,-0.2296073,-0.2737005,1.180025,-0.08343209,0.4294326,1.16985
72057594038000686,0,1.753031,14144.06,-0.06803155,0.06205696,1.185328,-0.08275012,0.5716371,1.172799,-0.09483439,0.3852767,1.099768,-0.02319822,0.2239418,1.075953,0.06166132,0.125593,1.128559,0.06432749,0.1079124,1.14108,-0.004395881,0.3827688,1.243656,-0.03786785,0.2409064,1.101628,-0.1352208,0.1135437,1.130683,-0.1371182,0.07836488,1.152381,-0.08934257,0.07171983,1.155019,-0.0907229,-0.1036481,1.164387,-0.1562478,-0.2759014,1.172735,-0.0437334,0.06456587,1.168074,-0.08783131,-0.1552535,1.170098,-0.2296073,-0.2737005,1.180025,-0.08343209,0.4294326,1.16985
72057594038000686,0,1.753031,14144.06,-0.06803155,0.06205696,1.185328,-0.08275012,0.5716371,1.172799,-0.09483439,0.3852767,1.099768,-0.02319822,0.2239418,1.075953,0.06166132,0.125593,1.128559,0.06432749,0.1079124,1.14108,-0.004395881,0.3827688,1.243656,-0.03786785,0.2409064,1.101628,-0.1352208,0.1135437,1.130683,-0.1371182,0.07836488,1.152381,-0.08934257,0.07171983,1.155019,-0.0907229,-0.1036481,1.164387,-0.1562478,-0.2759014,1.172735,-0.0437334,0.06456587,1.168074,-0.08783131,-0.1552535,1.170098,-0.2296073,-0.2737005,1.180025,-0.08343209,0.4294326,1.16985
72057594038000686,0,1.753031,14144.07,-0.06803155,0.06205696,1.185328,-0.08275012,0.5716371,1.172799,-0.09483439,0.3852767,1.099768,-0.02319822,0.2239418,1.075953,0.06166132,0.125593,1.128559,0.06432749,0.1079124,1.14108,-0.004395881,0.3827688,1.243656,-0.03786785,0.2409064,1.101628,-0.1352208,0.1135437,1.130683,-0.1371182,0.07836488,1.152381,-0.08934257,0.07171983,1.155019,-0.0907229,-0.1036481,1.164387,-0.1562478,-0.2759014,1.172735,-0.0437334,0.06456587,1.168074,-0.08783131,-0.1552535,1.170098,-0.2296073,-0.2737005,1.180025,-0.08343209,0.4294326,1.16985
72057594038000686,0,1.753031,14144.07,-0.06803155,0.06205696,1.185328,-0.08275012,0.5716371,1.172799,-0.09483439,0.3852767,1.099768,-0.02319822,0.2239418,1.075953,0.06166132,0.125593,1.128559,0.06432749,0.1079124,1.14108,-0.004395881,0.3827688,1.243656,-0.03786785,0.2409064,1.101628,-0.1352208,0.1135437,1.130683,-0.1371182,0.07836488,1.152381,-0.08934257,0.07171983,1.155019,-0.0907229,-0.1036481,1.164387,-0.1562478,-0.2759014,1.172735,-0.0437334,0.06456587,1.168074,-0.08783131,-0.1552535,1.170098,-0.2296073,-0.2737005,1.180025,-0.08343209,0.4294326,1.16985
72057594038000686,0,1.753031,14144.08,-0.06803155,0.06205696,1.185328,-0.08275012,0.5716371,1.172799,-0.09483439,0.3852767,1.099768,-0.02319822,0.2239418,1.075953,0.06166132,0.125593,1.128559,0.06432749,0.1079124,1.14108,-0.004395881,0.3827688,1.243656,-0.03786785,0.2409064,1.101628,-0.1352208,0.1135437,1.130683,-0.1371182,0.07836488,1.152381,-0.08934257,0.07171983,1.155019,-0.0907229,-0.1036481,1.164387,-0.1562478,-0.2759014,1.172735,-0.0437334,0.06456587,1.168074,-0.08783131,-0.1552535,1.170098,-0.2296073,-0.2737005,1.180025,-0.08343209,0.4294326,1.16985
72057594038000686,0,1.753031,14144.08,-0.06803155,0.06205696,1.185328,-0.08275012,0.5716371,1.172799,-0.09483439,0.3852767,1.099768,-0.02319822,0.2239418,1.075953,0.06166132,0.125593,1.128559,0.06432749,0.1079124,1.14108,-0.004395881,0.3827688,1.243656,-0.03786785,0.2409064,1.101628,-0.1352208,0.1135437,1.130683,-0.1371182,0.07836488,1.152381,-0.08934257,0.07171983,1.155019,-0.0907229,-0.1036481,1.164387,-0.1562478,-0.2759014,1.172735,-0.0437334,0.06456587,1.168074,-0.08783131,-0.1552535,1.170098,-0.2296073,-0.2737005,1.180025,-0.08343209,0.4294326,1.16985
72057594038000686,0,1.753031,14144.08,-0.06803155,0.06205696,1.185328,-0.08275012,0.5716371,1.172799,-0.09483439,0.3852767,1.099768,-0.02319822,0.2239418,1.075953,0.06166132,0.125593,1.128559,0.06432749,0.1079124,1.14108,-0.004395881,0.3827688,1.243656,-0.03786785,0.2409064,1.101628,-0.1352208,0.1135437,1.130683,-0.1371182,0.07836488,1.152381,-0.08934257,0.07171983,1.155019,-0.0907229,-0.1036481,1.164387,-0.1562478,-0.2759014,1.172735,-0.0437334,0.06456587,1.168074,-0.08783131,-0.1552535,1.170098,-0.2296073,-0.2737005,1.180025,-0.08343209,0.4294326,1.16985
72057594038000686,0,1.746522,14144.09,-0.06460589,0.0665527,1.19021,-0.07597689,0.5725616,1.179765,-0.09157897,0.3867218,1.104076,-0.02453211,0.2247073,1.077669,0.06182707,0.1246843,1.127819,0.06304338,0.1064045,1.136192,0.000784765,0.3839433,1.249992,-0.03889978,0.2463619,1.103329,-0.1322478,0.1157535,1.132242,-0.1096971,0.09173661,1.129538,-0.08580498,0.07808837,1.159635,-0.08089575,-0.09684512,1.165808,-0.143116,-0.2711353,1.179207,-0.04067909,0.06715018,1.173076,-0.06204669,-0.1711746,1.159765,-0.2429505,-0.192331,1.20147,-0.07841384,0.4310225,1.17599
72057594038000686,0,1.746522,14144.09,-0.06460589,0.0665527,1.19021,-0.07597689,0.5725616,1.179765,-0.09157897,0.3867218,1.104076,-0.02453211,0.2247073,1.077669,0.06182707,0.1246843,1.127819,0.06304338,0.1064045,1.136192,0.000784765,0.3839433,1.249992,-0.03889978,0.2463619,1.103329,-0.1322478,0.1157535,1.132242,-0.1096971,0.09173661,1.129538,-0.08580498,0.07808837,1.159635,-0.08089575,-0.09684512,1.165808,-0.143116,-0.2711353,1.179207,-0.04067909,0.06715018,1.173076,-0.06204669,-0.1711746,1.159765,-0.2429505,-0.192331,1.20147,-0.07841384,0.4310225,1.17599
72057594038000686,0,1.746522,14144.1,-0.06460589,0.0665527,1.19021,-0.07597689,0.5725616,1.179765,-0.09157897,0.3867218,1.104076,-0.02453211,0.2247073,1.077669,0.06182707,0.1246843,1.127819,0.06304338,0.1064045,1.136192,0.000784765,0.3839433,1.249992,-0.03889978,0.2463619,1.103329,-0.1322478,0.1157535,1.132242,-0.1096971,0.09173661,1.129538,-0.08580498,0.07808837,1.159635,-0.08089575,-0.09684512,1.165808,-0.143116,-0.2711353,1.179207,-0.04067909,0.06715018,1.173076,-0.06204669,-0.1711746,1.159765,-0.2429505,-0.192331,1.20147,-0.07841384,0.4310225,1.17599
72057594038000686,0,1.746522,14144.1,-0.06460589,0.0665527,1.19021,-0.07597689,0.5725616,1.179765,-0.09157897,0.3867218,1.104076,-0.02453211,0.2247073,1.077669,0.06182707,0.1246843,1.127819,0.06304338,0.1064045,1.136192,0.000784765,0.3839433,1.249992,-0.03889978,0.2463619,1.103329,-0.1322478,0.1157535,1.132242,-0.1096971,0.09173661,1.129538,-0.08580498,0.07808837,1.159635,-0.08089575,-0.09684512,1.165808,-0.143116,-0.2711353,1.179207,-0.04067909,0.06715018,1.173076,-0.06204669,-0.1711746,1.159765,-0.2429505,-0.192331,1.20147,-0.07841384,0.4310225,1.17599
72057594038000686,0,1.746522,14144.11,-0.06460589,0.0665527,1.19021,-0.07597689,0.5725616,1.179765,-0.09157897,0.3867218,1.104076,-0.02453211,0.2247073,1.077669,0.06182707,0.1246843,1.127819,0.06304338,0.1064045,1.136192,0.000784765,0.3839433,1.249992,-0.03889978,0.2463619,1.103329,-0.1322478,0.1157535,1.132242,-0.1096971,0.09173661,1.129538,-0.08580498,0.07808837,1.159635,-0.08089575,-0.09684512,1.165808,-0.143116,-0.2711353,1.179207,-0.04067909,0.06715018,1.173076,-0.06204669,-0.1711746,1.159765,-0.2429505,-0.192331,1.20147,-0.07841384,0.4310225,1.17599
72057594038000686,0,1.746522,14144.11,-0.06460589,0.0665527,1.19021,-0.07597689,0.5725616,1.179765,-0.09157897,0.3867218,1.104076,-0.02453211,0.2247073,1.077669,0.06182707,0.1246843,1.127819,0.06304338,0.1064045,1.136192,0.000784765,0.3839433,1.249992,-0.03889978,0.2463619,1.103329,-0.1322478,0.1157535,1.132242,-0.1096971,0.09173661,1.129538,-0.08580498,0.07808837,1.159635,-0.08089575,-0.09684512,1.165808,-0.143116,-0.2711353,1.179207,-0.04067909,0.06715018,1.173076,-0.06204669,-0.1711746,1.159765,-0.2429505,-0.192331,1.20147,-0.07841384,0.4310225,1.17599
72057594038000686,0,1.746522,14144.11,-0.06460589,0.0665527,1.19021,-0.07597689,0.5725616,1.179765,-0.09157897,0.3867218,1.104076,-0.02453211,0.2247073,1.077669,0.06182707,0.1246843,1.127819,0.06304338,0.1064045,1.136192,0.000784765,0.3839433,1.249992,-0.03889978,0.2463619,1.103329,-0.1322478,0.1157535,1.132242,-0.1096971,0.09173661,1.129538,-0.08580498,0.07808837,1.159635,-0.08089575,-0.09684512,1.165808,-0.143116,-0.2711353,1.179207,-0.04067909,0.06715018,1.173076,-0.06204669,-0.1711746,1.159765,-0.2429505,-0.192331,1.20147,-0.07841384,0.4310225,1.17599
72057594038000686,0,1.746522,14144.12,-0.06460589,0.0665527,1.19021,-0.07597689,0.5725616,1.179765,-0.09157897,0.3867218,1.104076,-0.02453211,0.2247073,1.077669,0.06182707,0.1246843,1.127819,0.06304338,0.1064045,1.136192,0.000784765,0.3839433,1.249992,-0.03889978,0.2463619,1.103329,-0.1322478,0.1157535,1.132242,-0.1096971,0.09173661,1.129538,-0.08580498,0.07808837,1.159635,-0.08089575,-0.09684512,1.165808,-0.143116,-0.2711353,1.179207,-0.04067909,0.06715018,1.173076,-0.06204669,-0.1711746,1.159765,-0.2429505,-0.192331,1.20147,-0.07841384,0.4310225,1.17599
72057594038000686,0,1.744877,14144.12,-0.06341421,0.06975102,1.190352,-0.07047496,0.5733836,1.185943,-0.08897031,0.3873026,1.107449,-0.02560008,0.2250248,1.079026,0.06157099,0.1228518,1.126654,0.06089047,0.1017865,1.132212,0.004529797,0.3856686,1.254614,-0.03893431,0.2500021,1.105361,-0.125348,0.09334904,1.136244,-0.1021696,0.07283294,1.129562,-0.0847344,0.08184278,1.159317,-0.05956778,-0.08906296,1.16073,-0.1285191,-0.2564946,1.180636,-0.03954519,0.06955996,1.173547,-0.06605985,-0.11848,1.173949,-0.1613027,-0.2670362,1.221215,-0.07509923,0.4329345,1.179801
72057594038000686,0,1.744877,14144.13,-0.06341421,0.06975102,1.190352,-0.07047496,0.5733836,1.185943,-0.08897031,0.3873026,1.107449,-0.02560008,0.2250248,1.079026,0.06157099,0.1228518,1.126654,0.06089047,0.1017865,1.132212,0.004529797,0.3856686,1.254614,-0.03893431,0.2500021,1.105361,-0.125348,0.09334904,1.136244,-0.1021696,0.07283294,1.129562,-0.0847344,0.08184278,1.159317,-0.05956778,-0.08906296,1.16073,-0.1285191,-0.2564946,1.180636,-0.03954519,0.06955996,1.173547,-0.06605985,-0.11848,1.173949,-0.1613027,-0.2670362,1.221215,-0.07509923,0.4329345,1.179801
72057594038000686,0,1.744877,14144.13,-0.06341421,0.06975102,1.190352,-0.07047496,0.5733836,1.185943,-0.08897031,0.3873026,1.107449,-0.02560008,0.2250248,1.079026,0.06157099,0.1228518,1.126654,0.06089047,0.1017865,1.132212,0.004529797,0.3856686,1.254614,-0.03893431,0.2500021,1.105361,-0.125348,0.09334904,1.136244,-0.1021696,0.07283294,1.129562,-0.0847344,0.08184278,1.159317,-0.05956778,-0.08906296,1.16073,-0.1285191,-0.2564946,1.180636,-0.03954519,0.06955996,1.173547,-0.06605985,-0.11848,1.173949,-0.1613027,-0.2670362,1.221215,-0.07509923,0.4329345,1.179801
72057594038000686,0,1.744877,14144.13,-0.06341421,0.06975102,1.190352,-0.07047496,0.5733836,1.185943,-0.08897031,0.3873026,1.107449,-0.02560008,0.2250248,1.079026,0.06157099,0.1228518,1.126654,0.06089047,0.1017865,1.132212,0.004529797,0.3856686,1.254614,-0.03893431,0.2500021,1.105361,-0.125348,0.09334904,1.136244,-0.1021696,0.07283294,1.129562,-0.0847344,0.08184278,1.159317,-0.05956778,-0.08906296,1.16073,-0.1285191,-0.2564946,1.180636,-0.03954519,0.06955996,1.173547,-0.06605985,-0.11848,1.173949,-0.1613027,-0.2670362,1.221215,-0.07509923,0.4329345,1.179801
72057594038000686,0,1.744877,14144.14,-0.06341421,0.06975102,1.190352,-0.07047496,0.5733836,1.185943,-0.08897031,0.3873026,1.107449,-0.02560008,0.2250248,1.079026,0.06157099,0.1228518,1.126654,0.06089047,0.1017865,1.132212,0.004529797,0.3856686,1.254614,-0.03893431,0.2500021,1.105361,-0.125348,0.09334904,1.136244,-0.1021696,0.07283294,1.129562,-0.0847344,0.08184278,1.159317,-0.05956778,-0.08906296,1.16073,-0.1285191,-0.2564946,1.180636,-0.03954519,0.06955996,1.173547,-0.06605985,-0.11848,1.173949,-0.1613027,-0.2670362,1.221215,-0.07509923,0.4329345,1.179801
72057594038000686,0,1.744877,14144.15,-0.06341421,0.06975102,1.190352,-0.07047496,0.5733836,1.185943,-0.08897031,0.3873026,1.107449,-0.02560008,0.2250248,1.079026,0.06157099,0.1228518,1.126654,0.06089047,0.1017865,1.132212,0.004529797,0.3856686,1.254614,-0.03893431,0.2500021,1.105361,-0.125348,0.09334904,1.136244,-0.1021696,0.07283294,1.129562,-0.0847344,0.08184278,1.159317,-0.05956778,-0.08906296,1.16073,-0.1285191,-0.2564946,1.180636,-0.03954519,0.06955996,1.173547,-0.06605985,-0.11848,1.173949,-0.1613027,-0.2670362,1.221215,-0.07509923,0.4329345,1.179801
72057594038000686,0,1.744877,14144.15,-0.06341421,0.06975102,1.190352,-0.07047496,0.5733836,1.185943,-0.08897031,0.3873026,1.107449,-0.02560008,0.2250248,1.079026,0.06157099,0.1228518,1.126654,0.06089047,0.1017865,1.132212,0.004529797,0.3856686,1.254614,-0.03893431,0.2500021,1.105361,-0.125348,0.09334904,1.136244,-0.1021696,0.07283294,1.129562,-0.0847344,0.08184278,1.159317,-0.05956778,-0.08906296,1.16073,-0.1285191,-0.2564946,1.180636,-0.03954519,0.06955996,1.173547,-0.06605985,-0.11848,1.173949,-0.1613027,-0.2670362,1.221215,-0.07509923,0.4329345,1.179801
72057594038000686,0,1.743305,14144.15,-0.06392141,0.07125258,1.191355,-0.06462064,0.5733816,1.19231,-0.08617094,0.3880334,1.111579,-0.02643031,0.2250271,1.080182,0.0589008,0.117553,1.122813,0.05791245,0.09712282,1.127147,0.008639829,0.3871082,1.259435,-0.03188711,0.2544873,1.104886,-0.1131553,0.09157261,1.137649,-0.09180596,0.06971374,1.125601,-0.08536985,0.08403671,1.159689,-0.05740879,-0.0868099,1.159449,-0.1099317,-0.2571979,1.179216,-0.04004984,0.07052138,1.175357,-0.06377668,-0.1666027,1.158446,-0.1791649,-0.2757434,1.247434,-0.07173571,0.4344229,1.184051
72057594038000686,0,1.743305,14144.16,-0.06392141,0.07125258,1.191355,-0.06462064,0.5733816,1.19231,-0.08617094,0.3880334,1.111579,-0.02643031,0.2250271,1.080182,0.0589008,0.117553,1.122813,0.05791245,0.09712282,1.127147,0.008639829,0.3871082,1.259435,-0.03188711,0.2544873,1.104886,-0.1131553,0.09157261,1.137649,-0.09180596,0.06971374,1.125601,-0.08536985,0.08403671,1.159689,-0.05740879,-0.0868099,1.159449,-0.1099317,-0.2571979,1.179216,-0.04004984,0.07052138,1.175357,-0.06377668,-0.1666027,1.158446,-0.1791649,-0.2757434,1.247434,-0.07173571,0.4344229,1.184051
72057594038000686,0,1.743305,14144.16,-0.06392141,0.07125258,1.191355,-0.06462064,0.5733816,1.19231,-0.08617094,0.3880334,1.111579,-0.02643031,0.2250271,1.080182,0.0589008,0.117553,1.122813,0.05791245,0.09712282,1.127147,0.008639829,0.3871082,1.259435,-0.03188711,0.2544873,1.104886,-0.1131553,0.09157261,1.137649,-0.09180596,0.06971374,1.125601,-0.08536985,0.08403671,1.159689,-0.05740879,-0.0868099,1.159449,-0.1099317,-0.2571979,1.179216,-0.04004984,0.07052138,1.175357,-0.06377668,-0.1666027,1.158446,-0.1791649,-0.2757434,1.247434,-0.07173571,0.4344229,1.184051
72057594038000686,0,1.743305,14144.17,-0.06392141,0.07125258,1.191355,-0.06462064,0.5733816,1.19231,-0.08617094,0.3880334,1.111579,-0.02643031,0.2250271,1.080182,0.0589008,0.117553,1.122813,0.05791245,0.09712282,1.127147,0.008639829,0.3871082,1.259435,-0.03188711,0.2544873,1.104886,-0.1131553,0.09157261,1.137649,-0.09180596,0.06971374,1.125601,-0.08536985,0.08403671,1.159689,-0.05740879,-0.0868099,1.159449,-0.1099317,-0.2571979,1.179216,-0.04004984,0.07052138,1.175357,-0.06377668,-0.1666027,1.158446,-0.1791649,-0.2757434,1.247434,-0.07173571,0.4344229,1.184051
72057594038000686,0,1.743305,14144.17,-0.06392141,0.07125258,1.191355,-0.06462064,0.5733816,1.19231,-0.08617094,0.3880334,1.111579,-0.02643031,0.2250271,1.080182,0.0589008,0.117553,1.122813,0.05791245,0.09712282,1.127147,0.008639829,0.3871082,1.259435,-0.03188711,0.2544873,1.104886,-0.1131553,0.09157261,1.137649,-0.09180596,0.06971374,1.125601,-0.08536985,0.08403671,1.159689,-0.05740879,-0.0868099,1.159449,-0.1099317,-0.2571979,1.179216,-0.04004984,0.07052138,1.175357,-0.06377668,-0.1666027,1.158446,-0.1791649,-0.2757434,1.247434,-0.07173571,0.4344229,1.184051
72057594038000686,0,1.743305,14144.18,-0.06392141,0.07125258,1.191355,-0.06462064,0.5733816,1.19231,-0.08617094,0.3880334,1.111579,-0.02643031,0.2250271,1.080182,0.0589008,0.117553,1.122813,0.05791245,0.09712282,1.127147,0.008639829,0.3871082,1.259435,-0.03188711,0.2544873,1.104886,-0.1131553,0.09157261,1.137649,-0.09180596,0.06971374,1.125601,-0.08536985,0.08403671,1.159689,-0.05740879,-0.0868099,1.159449,-0.1099317,-0.2571979,1.179216,-0.04004984,0.07052138,1.175357,-0.06377668,-0.1666027,1.158446,-0.1791649,-0.2757434,1.247434,-0.07173571,0.4344229,1.184051
72057594038000686,0,1.743305,14144.19,-0.06392141,0.07125258,1.191355,-0.06462064,0.5733816,1.19231,-0.08617094,0.3880334,1.111579,-0.02643031,0.2250271,1.080182,0.0589008,0.117553,1.122813,0.05791245,0.09712282,1.127147,0.008639829,0.3871082,1.259435,-0.03188711,0.2544873,1.104886,-0.1131553,0.09157261,1.137649,-0.09180596,0.06971374,1.125601,-0.08536985,0.08403671,1.159689,-0.05740879,-0.0868099,1.159449,-0.1099317,-0.2571979,1.179216,-0.04004984,0.07052138,1.175357,-0.06377668,-0.1666027,1.158446,-0.1791649,-0.2757434,1.247434,-0.07173571,0.4344229,1.184051
72057594038000686,0,1.742384,14144.19,-0.06520784,0.07177317,1.192163,-0.05898234,0.5741439,1.200445,-0.0826942,0.3888158,1.117376,-0.02762485,0.225103,1.081681,0.05508222,0.1121835,1.118948,0.05484141,0.09139216,1.123086,0.01327839,0.388662,1.265512,-0.02412633,0.2576609,1.107259,-0.1031847,0.0915415,1.14098,-0.07590944,0.07123795,1.121796,-0.0868623,0.08515871,1.160544,-0.0561979,-0.085547,1.158965,-0.1018563,-0.2589932,1.178034,-0.04120263,0.07044265,1.176144,-0.06465244,-0.1667737,1.158421,-0.1590374,-0.2846944,1.260374,-0.06814153,0.435769,1.189248
72057594038000686,0,1.742384,14144.19,-0.06520784,0.07177317,1.192163,-0.05898234,0.5741439,1.200445,-0.0826942,0.3888158,1.117376,-0.02762485,0.225103,1.081681,0.05508222,0.1121835,1.118948,0.05484141,0.09139216,1.123086,0.01327839,0.388662,1.265512,-0.02412633,0.2576609,1.107259,-0.1031847,0.0915415,1.14098,-0.07590944,0.07123795,1.121796,-0.0868623,0.08515871,1.160544,-0.0561979,-0.085547,1.158965,-0.1018563,-0.2589932,1.178034,-0.04120263,0.07044265,1.176144,-0.06465244,-0.1667737,1.158421,-0.1590374,-0.2846944,1.260374,-0.06814153,0.435769,1.189248
72057594038000686,0,1.742384,14144.2,-0.06520784,0.07177317,1.192163,-0.05898234,0.5741439,1.200445,-0.0826942,0.3888158,1.117376,-0.02762485,0.225103,1.081681,0.05508222,0.1121835,1.118948,0.05484141,0.09139216,1.123086,0.01327839,0.388662,1.265512,-0.02412633,0.2576609,1.107259,-0.1031847,0.0915415,1.14098,-0.07590944,0.07123795,1.121796,-0.0868623,0.08515871,1.160544,-0.0561979,-0.085547,1.158965,-0.1018563,-0.2589932,1.178034,-0.04120263,0.07044265,1.176144,-0.06465244,-0.1667737,1.158421,-0.1590374,-0.2846944,1.260374,-0.06814153,0.435769,1.189248
72057594038000686,0,1.742384,14144.2,-0.06520784,0.07177317,1.192163,-0.05898234,0.5741439,1.200445,-0.0826942,0.3888158,1.117376,-0.02762485,0.225103,1.081681,0.05508222,0.1121835,1.118948,0.05484141,0.09139216,1.123086,0.01327839,0.388662,1.265512,-0.02412633,0.2576609,1.107259,-0.1031847,0.0915415,1.14098,-0.07590944,0.07123795,1.121796,-0.0868623,0.08515871,1.160544,-0.0561979,-0.085547,1.158965,-0.1018563,-0.2589932,1.178034,-0.04120263,0.07044265,1.176144,-0.06465244,-0.1667737,1.158421,-0.1590374,-0.2846944,1.260374,-0.06814153,0.435769,1.189248
72057594038000686,0,1.742384,14144.21,-0.06520784,0.07177317,1.192163,-0.05898234,0.5741439,1.200445,-0.0826942,0.3888158,1.117376,-0.02762485,0.225103,1.081681,0.05508222,0.1121835,1.118948,0.05484141,0.09139216,1.123086,0.01327839,0.388662,1.265512,-0.02412633,0.2576609,1.107259,-0.1031847,0.0915415,1.14098,-0.07590944,0.07123795,1.121796,-0.0868623,0.08515871,1.160544,-0.0561979,-0.085547,1.158965,-0.1018563,-0.2589932,1.178034,-0.04120263,0.07044265,1.176144,-0.06465244,-0.1667737,1.158421,-0.1590374,-0.2846944,1.260374,-0.06814153,0.435769,1.189248
72057594038000686,0,1.742384,14144.21,-0.06520784,0.07177317,1.192163,-0.05898234,0.5741439,1.200445,-0.0826942,0.3888158,1.117376,-0.02762485,0.225103,1.081681,0.05508222,0.1121835,1.118948,0.05484141,0.09139216,1.123086,0.01327839,0.388662,1.265512,-0.02412633,0.2576609,1.107259,-0.1031847,0.0915415,1.14098,-0.07590944,0.07123795,1.121796,-0.0868623,0.08515871,1.160544,-0.0561979,-0.085547,1.158965,-0.1018563,-0.2589932,1.178034,-0.04120263,0.07044265,1.176144,-0.06465244,-0.1667737,1.158421,-0.1590374,-0.2846944,1.260374,-0.06814153,0.435769,1.189248
72057594038000686,0,1.742384,14144.22,-0.06520784,0.07177317,1.192163,-0.05898234,0.5741439,1.200445,-0.0826942,0.3888158,1.117376,-0.02762485,0.225103,1.081681,0.05508222,0.1121835,1.118948,0.05484141,0.09139216,1.123086,0.01327839,0.388662,1.265512,-0.02412633,0.2576609,1.107259,-0.1031847,0.0915415,1.14098,-0.07590944,0.07123795,1.121796,-0.0868623,0.08515871,1.160544,-0.0561979,-0.085547,1.158965,-0.1018563,-0.2589932,1.178034,-0.04120263,0.07044265,1.176144,-0.06465244,-0.1667737,1.158421,-0.1590374,-0.2846944,1.260374,-0.06814153,0.435769,1.189248
72057594038000686,0,1.739966,14144.22,-0.06594624,0.07297498,1.194287,-0.05460808,0.5739033,1.209326,-0.0796345,0.3895594,1.123072,-0.02869676,0.2250136,1.083581,0.050638,0.1065065,1.114991,0.05105749,0.0857836,1.120094,0.01730347,0.3902567,1.271835,-0.02043377,0.2606903,1.110963,-0.09968421,0.09103525,1.14178,-0.07142889,0.07152367,1.126316,-0.087533,0.08666995,1.1624,-0.05491216,-0.0840784,1.158973,-0.08703957,-0.2686084,1.172402,-0.04197042,0.07111639,1.178471,-0.06496286,-0.1663023,1.158986,-0.1521578,-0.2918472,1.26004,-0.06449618,0.4373842,1.195332
72057594038000686,0,1.739966,14144.23,-0.06594624,0.07297498,1.194287,-0.05460808,0.5739033,1.209326,-0.0796345,0.3895594,1.123072,-0.02869676,0.2250136,1.083581,0.050638,0.1065065,1.114991,0.05105749,0.0857836,1.120094,0.01730347,0.3902567,1.271835,-0.02043377,0.2606903,1.110963,-0.09968421,0.09103525,1.14178,-0.07142889,0.07152367,1.126316,-0.087533,0.08666995,1.1624,-0.05491216,-0.0840784,1.158973,-0.08703957,-0.2686084,1.172402,-0.04197042,0.07111639,1.178471,-0.06496286,-0.1663023,1.158986,-0.1521578,-0.2918472,1.26004,-0.06449618,0.4373842,1.195332
72057594038000686,0,1.739966,14144.23,-0.06594624,0.07297498,1.194287,-0.05460808,0.5739033,1.209326,-0.0796345,0.3895594,1.123072,-0.02869676,0.2250136,1.083581,0.050638,0.1065065,1.114991,0.05105749,0.0857836,1.120094,0.01730347,0.3902567,1.271835,-0.02043377,0.2606903,1.110963,-0.09968421,0.09103525,1.14178,-0.07142889,0.07152367,1.126316,-0.087533,0.08666995,1.1624,-0.05491216,-0.0840784,1.158973,-0.08703957,-0.2686084,1.172402,-0.04197042,0.07111639,1.178471,-0.06496286,-0.1663023,1.158986,-0.1521578,-0.2918472,1.26004,-0.06449618,0.4373842,1.195332
72057594038000686,0,1.739966,14144.24,-0.06594624,0.07297498,1.194287,-0.05460808,0.5739033,1.209326,-0.0796345,0.3895594,1.123072,-0.02869676,0.2250136,1.083581,0.050638,0.1065065,1.114991,0.05105749,0.0857836,1.120094,0.01730347,0.3902567,1.271835,-0.02043377,0.2606903,1.110963,-0.09968421,0.09103525,1.14178,-0.07142889,0.07152367,1.126316,-0.087533,0.08666995,1.1624,-0.05491216,-0.0840784,1.158973,-0.08703957,-0.2686084,1.172402,-0.04197042,0.07111639,1.178471,-0.06496286,-0.1663023,1.158986,-0.1521578,-0.2918472,1.26004,-0.06449618,0.4373842,1.195332
72057594038000686,0,1.739966,14144.24,-0.06594624,0.07297498,1.194287,-0.05460808,0.5739033,1.209326,-0.0796345,0.3895594,1.123072,-0.02869676,0.2250136,1.083581,0.050638,0.1065065,1.114991,0.05105749,0.0857836,1.120094,0.01730347,0.3902567,1.271835,-0.02043377,0.2606903,1.110963,-0.09968421,0.09103525,1.14178,-0.07142889,0.07152367,1.126316,-0.087533,0.08666995,1.1624,-0.05491216,-0.0840784,1.158973,-0.08703957,-0.2686084,1.172402,-0.04197042,0.07111639,1.178471,-0.06496286,-0.1663023,1.158986,-0.1521578,-0.2918472,1.26004,-0.06449618,0.4373842,1.195332
72057594038000686,0,1.739966,14144.25,-0.06594624,0.07297498,1.194287,-0.05460808,0.5739033,1.209326,-0.0796345,0.3895594,1.123072,-0.02869676,0.2250136,1.083581,0.050638,0.1065065,1.114991,0.05105749,0.0857836,1.120094,0.01730347,0.3902567,1.271835,-0.02043377,0.2606903,1.110963,-0.09968421,0.09103525,1.14178,-0.07142889,0.07152367,1.126316,-0.087533,0.08666995,1.1624,-0.05491216,-0.0840784,1.158973,-0.08703957,-0.2686084,1.172402,-0.04197042,0.07111639,1.178471,-0.06496286,-0.1663023,1.158986,-0.1521578,-0.2918472,1.26004,-0.06449618,0.4373842,1.195332
72057594038000686,0,1.739966,14144.25,-0.06594624,0.07297498,1.194287,-0.05460808,0.5739033,1.209326,-0.0796345,0.3895594,1.123072,-0.02869676,0.2250136,1.083581,0.050638,0.1065065,1.114991,0.05105749,0.0857836,1.120094,0.01730347,0.3902567,1.271835,-0.02043377,0.2606903,1.110963,-0.09968421,0.09103525,1.14178,-0.07142889,0.07152367,1.126316,-0.087533,0.08666995,1.1624,-0.05491216,-0.0840784,1.158973,-0.08703957,-0.2686084,1.172402,-0.04197042,0.07111639,1.178471,-0.06496286,-0.1663023,1.158986,-0.1521578,-0.2918472,1.26004,-0.06449618,0.4373842,1.195332
72057594038000686,0,1.739966,14144.26,-0.06594624,0.07297498,1.194287,-0.05460808,0.5739033,1.209326,-0.0796345,0.3895594,1.123072,-0.02869676,0.2250136,1.083581,0.050638,0.1065065,1.114991,0.05105749,0.0857836,1.120094,0.01730347,0.3902567,1.271835,-0.02043377,0.2606903,1.110963,-0.09968421,0.09103525,1.14178,-0.07142889,0.07152367,1.126316,-0.087533,0.08666995,1.1624,-0.05491216,-0.0840784,1.158973,-0.08703957,-0.2686084,1.172402,-0.04197042,0.07111639,1.178471,-0.06496286,-0.1663023,1.158986,-0.1521578,-0.2918472,1.26004,-0.06449618,0.4373842,1.195332
72057594038000686,0,1.735885,14144.26,-0.0655645,0.0741626,1.198262,-0.04981593,0.5739608,1.220221,-0.07652065,0.390506,1.1295,-0.02973492,0.224786,1.086239,0.04623685,0.1011098,1.111139,0.04529853,0.08097008,1.116008,0.02102754,0.3916628,1.27963,-0.0160545,0.2628728,1.116464,-0.09533146,0.08994454,1.144725,-0.06831101,0.0721868,1.131858,-0.08695173,0.08809036,1.165489,-0.05421407,-0.08309966,1.159578,-0.08381985,-0.2693871,1.170844,-0.04184724,0.07177502,1.183399,-0.06456663,-0.1659273,1.160341,-0.1466157,-0.2968421,1.260731,-0.06088812,0.4387766,1.202916
72057594038000686,0,1.735885,14144.27,-0.0655645,0.0741626,1.198262,-0.04981593,0.5739608,1.220221,-0.07652065,0.390506,1.1295,-0.02973492,0.224786,1.086239,0.04623685,0.1011098,1.111139,0.04529853,0.08097008,1.116008,0.02102754,0.3916628,1.27963,-0.0160545,0.2628728,1.116464,-0.09533146,0.08994454,1.144725,-0.06831101,0.0721868,1.131858,-0.08695173,0.08809036,1.165489,-0.05421407,-0.08309966,1.159578,-0.08381985,-0.2693871,1.170844,-0.04184724,0.07177502,1.183399,-0.06456663,-0.1659273,1.160341,-0.1466157,-0.2968421,1.260731,-0.06088812,0.4387766,1.202916
72057594038000686,0,1.735885,14144.27,-0.0655645,0.0741626,1.198262,-0.04981593,0.5739608,1.220221,-0.07652065,0.390506,1.1295,-0.02973492,0.224786,1.086239,0.04623685,0.1011098,1.111139,0.04529853,0.08097008,1.116008,0.02102754,0.3916628,1.27963,-0.0160545,0.2628728,1.116464,-0.09533146,0.08994454,1.144725,-0.06831101,0.0721868,1.131858,-0.08695173,0.08809036,1.165489,-0.05421407,-0.08309966,1.159578,-0.08381985,-0.2693871,1.170844,-0.04184724,0.07177502,1.183399,-0.06456663,-0.1659273,1.160341,-0.1466157,-0.2968421,1.260731,-0.06088812,0.4387766,1.202916
72057594038000686,0,1.735885,14144.28,-0.0655645,0.0741626,1.198262,-0.04981593,0.5739608,1.220221,-0.07652065,0.390506,1.1295,-0.02973492,0.224786,1.086239,0.04623685,0.1011098,1.111139,0.04529853,0.08097008,1.116008,0.02102754,0.3916628,1.27963,-0.0160545,0.2628728,1.116464,-0.09533146,0.08994454,1.144725,-0.06831101,0.0721868,1.131858,-0.08695173,0.08809036,1.165489,-0.05421407,-0.08309966,1.159578,-0.08381985,-0.2693871,1.170844,-0.04184724,0.07177502,1.183399,-0.06456663,-0.1659273,1.160341,-0.1466157,-0.2968421,1.260731,-0.06088812,0.4387766,1.202916
72057594038000686,0,1.735885,14144.28,-0.0655645,0.0741626,1.198262,-0.04981593,0.5739608,1.220221,-0.07652065,0.390506,1.1295,-0.02973492,0.224786,1.086239,0.04623685,0.1011098,1.111139,0.04529853,0.08097008,1.116008,0.02102754,0.3916628,1.27963,-0.0160545,0.2628728,1.116464,-0.09533146,0.08994454,1.144725,-0.06831101,0.0721868,1.131858,-0.08695173,0.08809036,1.165489,-0.05421407,-0.08309966,1.159578,-0.08381985,-0.2693871,1.170844,-0.04184724,0.07177502,1.183399,-0.06456663,-0.1659273,1.160341,-0.1466157,-0.2968421,1.260731,-0.06088812,0.4387766,1.202916
72057594038000686,0,1.735885,14144.28,-0.0655645,0.0741626,1.198262,-0.04981593,0.5739608,1.220221,-0.07652065,0.390506,1.1295,-0.02973492,0.224786,1.086239,0.04623685,0.1011098,1.111139,0.04529853,0.08097008,1.116008,0.02102754,0.3916628,1.27963,-0.0160545,0.2628728,1.116464,-0.09533146,0.08994454,1.144725,-0.06831101,0.0721868,1.131858,-0.08695173,0.08809036,1.165489,-0.05421407,-0.08309966,1.159578,-0.08381985,-0.2693871,1.170844,-0.04184724,0.07177502,1.183399,-0.06456663,-0.1659273,1.160341,-0.1466157,-0.2968421,1.260731,-0.06088812,0.4387766,1.202916
72057594038000686,0,1.729958,14144.29,-0.0674271,0.07717001,1.20344,-0.04606945,0.5743412,1.230709,-0.07372186,0.3913621,1.136088,-0.03093583,0.2246192,1.088656,0.04139222,0.09795508,1.107632,0.03600272,0.07611769,1.112431,0.02416024,0.3936003,1.288041,-0.01188983,0.2654993,1.125006,-0.09179751,0.08806416,1.149184,-0.06551521,0.07147849,1.137752,-0.08847734,0.09124219,1.169874,-0.05223007,-0.07980803,1.161425,-0.08266506,-0.26732,1.170137,-0.04396539,0.07433218,1.189258,-0.06699197,-0.1635723,1.164262,-0.144864,-0.3013906,1.2608,-0.05828432,0.4408154,1.210831
72057594038000686,0,1.729958,14144.3,-0.0674271,0.07717001,1.20344,-0.04606945,0.5743412,1.230709,-0.07372186,0.3913621,1.136088,-0.03093583,0.2246192,1.088656,0.04139222,0.09795508,1.107632,0.03600272,0.07611769,1.112431,0.02416024,0.3936003,1.288041,-0.01188983,0.2654993,1.125006,-0.09179751,0.08806416,1.149184,-0.06551521,0.07147849,1.137752,-0.08847734,0.09124219,1.169874,-0.05223007,-0.07980803,1.161425,-0.08266506,-0.26732,1.170137,-0.04396539,0.07433218,1.189258,-0.06699197,-0.1635723,1.164262,-0.144864,-0.3013906,1.2608,-0.05828432,0.4408154,1.210831
72057594038000686,0,1.729958,14144.31,-0.0674271,0.07717001,1.20344,-0.04606945,0.5743412,1.230709,-0.07372186,0.3913621,1.136088,-0.03093583,0.2246192,1.088656,0.04139222,0.09795508,1.107632,0.03600272,0.07611769,1.112431,0.02416024,0.3936003,1.288041,-0.01188983,0.2654993,1.125006,-0.09179751,0.08806416,1.149184,-0.06551521,0.07147849,1.137752,-0.08847734,0.09124219,1.169874,-0.05223007,-0.07980803,1.161425,-0.08266506,-0.26732,1.170137,-0.04396539,0.07433218,1.189258,-0.06699197,-0.1635723,1.164262,-0.144864,-0.3013906,1.2608,-0.05828432,0.4408154,1.210831
72057594038000686,0,1.729958,14144.31,-0.0674271,0.07717001,1.20344,-0.04606945,0.5743412,1.230709,-0.07372186,0.3913621,1.136088,-0.03093583,0.2246192,1.088656,0.04139222,0.09795508,1.107632,0.03600272,0.07611769,1.112431,0.02416024,0.3936003,1.288041,-0.01188983,0.2654993,1.125006,-0.09179751,0.08806416,1.149184,-0.06551521,0.07147849,1.137752,-0.08847734,0.09124219,1.169874,-0.05223007,-0.07980803,1.161425,-0.08266506,-0.26732,1.170137,-0.04396539,0.07433218,1.189258,-0.06699197,-0.1635723,1.164262,-0.144864,-0.3013906,1.2608,-0.05828432,0.4408154,1.210831
72057594038000686,0,1.729958,14144.32,-0.0674271,0.07717001,1.20344,-0.04606945,0.5743412,1.230709,-0.07372186,0.3913621,1.136088,-0.03093583,0.2246192,1.088656,0.04139222,0.09795508,1.107632,0.03600272,0.07611769,1.112431,0.02416024,0.3936003,1.288041,-0.01188983,0.2654993,1.125006,-0.09179751,0.08806416,1.149184,-0.06551521,0.07147849,1.137752,-0.08847734,0.09124219,1.169874,-0.05223007,-0.07980803,1.161425,-0.08266506,-0.26732,1.170137,-0.04396539,0.07433218,1.189258,-0.06699197,-0.1635723,1.164262,-0.144864,-0.3013906,1.2608,-0.05828432,0.4408154,1.210831
72057594038000686,0,1.724073,14144.32,-0.07349926,0.07836628,1.209674,-0.04296436,0.5755882,1.244055,-0.07114592,0.39214,1.142772,-0.03249723,0.223799,1.091873,0.03612674,0.09444004,1.104556,0.02754735,0.07060981,1.112324,0.02743121,0.3950705,1.295982,-0.01280272,0.2406878,1.16108,-0.0875902,0.05480802,1.153438,-0.08737984,0.01271439,1.163775,-0.09475771,0.09236026,1.177222,-0.04805157,-0.07689038,1.164638,-0.08015441,-0.263583,1.168823,-0.04956983,0.07545727,1.194369,-0.04615782,-0.1057665,1.173043,-0.1211548,-0.268046,1.229602,-0.05607538,0.4421501,1.21826
72057594038000686,0,1.724073,14144.33,-0.07349926,0.07836628,1.209674,-0.04296436,0.5755882,1.244055,-0.07114592,0.39214,1.142772,-0.03249723,0.223799,1.091873,0.03612674,0.09444004,1.104556,0.02754735,0.07060981,1.112324,0.02743121,0.3950705,1.295982,-0.01280272,0.2406878,1.16108,-0.0875902,0.05480802,1.153438,-0.08737984,0.01271439,1.163775,-0.09475771,0.09236026,1.177222,-0.04805157,-0.07689038,1.164638,-0.08015441,-0.263583,1.168823,-0.04956983,0.07545727,1.194369,-0.04615782,-0.1057665,1.173043,-0.1211548,-0.268046,1.229602,-0.05607538,0.4421501,1.21826
72057594038000686,0,1.724073,14144.33,-0.07349926,0.07836628,1.209674,-0.04296436,0.5755882,1.244055,-0.07114592,0.39214,1.142772,-0.03249723,0.223799,1.091873,0.03612674,0.09444004,1.104556,0.02754735,0.07060981,1.112324,0.02743121,0.3950705,1.295982,-0.01280272,0.2406878,1.16108,-0.0875902,0.05480802,1.153438,-0.08737984,0.01271439,1.163775,-0.09475771,0.09236026,1.177222,-0.04805157,-0.07689038,1.164638,-0.08015441,-0.263583,1.168823,-0.04956983,0.07545727,1.194369,-0.04615782,-0.1057665,1.173043,-0.1211548,-0.268046,1.229602,-0.05607538,0.4421501,1.21826
72057594038000686,0,1.724073,14144.33,-0.07349926,0.07836628,1.209674,-0.04296436,0.5755882,1.244055,-0.07114592,0.39214,1.142772,-0.03249723,0.223799,1.091873,0.03612674,0.09444004,1.104556,0.02754735,0.07060981,1.112324,0.02743121,0.3950705,1.295982,-0.01280272,0.2406878,1.16108,-0.0875902,0.05480802,1.153438,-0.08737984,0.01271439,1.163775,-0.09475771,0.09236026,1.177222,-0.04805157,-0.07689038,1.164638,-0.08015441,-0.263583,1.168823,-0.04956983,0.07545727,1.194369,-0.04615782,-0.1057665,1.173043,-0.1211548,-0.268046,1.229602,-0.05607538,0.4421501,1.21826
72057594038000686,0,1.724073,14144.34,-0.07349926,0.07836628,1.209674,-0.04296436,0.5755882,1.244055,-0.07114592,0.39214,1.142772,-0.03249723,0.223799,1.091873,0.03612674,0.09444004,1.104556,0.02754735,0.07060981,1.112324,0.02743121,0.3950705,1.295982,-0.01280272,0.2406878,1.16108,-0.0875902,0.05480802,1.153438,-0.08737984,0.01271439,1.163775,-0.09475771,0.09236026,1.177222,-0.04805157,-0.07689038,1.164638,-0.08015441,-0.263583,1.168823,-0.04956983,0.07545727,1.194369,-0.04615782,-0.1057665,1.173043,-0.1211548,-0.268046,1.229602,-0.05607538,0.4421501,1.21826
72057594038000686,0,1.724073,14144.34,-0.07349926,0.07836628,1.209674,-0.04296436,0.5755882,1.244055,-0.07114592,0.39214,1.142772,-0.03249723,0.223799,1.091873,0.03612674,0.09444004,1.104556,0.02754735,0.07060981,1.112324,0.02743121,0.3950705,1.295982,-0.01280272,0.2406878,1.16108,-0.0875902,0.05480802,1.153438,-0.08737984,0.01271439,1.163775,-0.09475771,0.09236026,1.177222,-0.04805157,-0.07689038,1.164638,-0.08015441,-0.263583,1.168823,-0.04956983,0.07545727,1.194369,-0.04615782,-0.1057665,1.173043,-0.1211548,-0.268046,1.229602,-0.05607538,0.4421501,1.21826
72057594038000686,0,1.724073,14144.35,-0.07349926,0.07836628,1.209674,-0.04296436,0.5755882,1.244055,-0.07114592,0.39214,1.142772,-0.03249723,0.223799,1.091873,0.03612674,0.09444004,1.104556,0.02754735,0.07060981,1.112324,0.02743121,0.3950705,1.295982,-0.01280272,0.2406878,1.16108,-0.0875902,0.05480802,1.153438,-0.08737984,0.01271439,1.163775,-0.09475771,0.09236026,1.177222,-0.04805157,-0.07689038,1.164638,-0.08015441,-0.263583,1.168823,-0.04956983,0.07545727,1.194369,-0.04615782,-0.1057665,1.173043,-0.1211548,-0.268046,1.229602,-0.05607538,0.4421501,1.21826
72057594038000686,0,1.724073,14144.35,-0.07349926,0.07836628,1.209674,-0.04296436,0.5755882,1.244055,-0.07114592,0.39214,1.142772,-0.03249723,0.223799,1.091873,0.03612674,0.09444004,1.104556,0.02754735,0.07060981,1.112324,0.02743121,0.3950705,1.295982,-0.01280272,0.2406878,1.16108,-0.0875902,0.05480802,1.153438,-0.08737984,0.01271439,1.163775,-0.09475771,0.09236026,1.177222,-0.04805157,-0.07689038,1.164638,-0.08015441,-0.263583,1.168823,-0.04956983,0.07545727,1.194369,-0.04615782,-0.1057665,1.173043,-0.1211548,-0.268046,1.229602,-0.05607538,0.4421501,1.21826
72057594038000686,0,1.708404,14144.36,-0.08268504,0.08329126,1.22517,-0.04095148,0.578729,1.255039,-0.06805725,0.3937274,1.150463,-0.03480668,0.2223657,1.0967,0.02906554,0.09018567,1.1025,0.01704877,0.06557965,1.113466,0.03095763,0.3976726,1.306319,-0.01296807,0.2722256,1.144796,-0.09477506,0.09198618,1.16414,-0.1023083,0.04853559,1.17238,-0.1022769,0.096784,1.190954,-0.04760259,-0.07162276,1.167655,-0.08025953,-0.2576057,1.168164,-0.06020239,0.08054346,1.211524,-0.04598236,-0.1057832,1.17338,-0.1204485,-0.2679427,1.229659,-0.05361052,0.444946,1.229217
72057594038000686,0,1.708404,14144.36,-0.08268504,0.08329126,1.22517,-0.04095148,0.578729,1.255039,-0.06805725,0.3937274,1.150463,-0.03480668,0.2223657,1.0967,0.02906554,0.09018567,1.1025,0.01704877,0.06557965,1.113466,0.03095763,0.3976726,1.306319,-0.01296807,0.2722256,1.144796,-0.09477506,0.09198618,1.16414,-0.1023083,0.04853559,1.17238,-0.1022769,0.096784,1.190954,-0.04760259,-0.07162276,1.167655,-0.08025953,-0.2576057,1.168164,-0.06020239,0.08054346,1.211524,-0.04598236,-0.1057832,1.17338,-0.1204485,-0.2679427,1.229659,-0.05361052,0.444946,1.229217
72057594038000686,0,1.708404,14144.37,-0.08268504,0.08329126,1.22517,-0.04095148,0.578729,1.255039,-0.06805725,0.3937274,1.150463,-0.03480668,0.2223657,1.0967,0.02906554,0.09018567,1.1025,0.01704877,0.06557965,1.113466,0.03095763,0.3976726,1.306319,-0.01296807,0.2722256,1.144796,-0.09477506,0.09198618,1.16414,-0.1023083,0.04853559,1.17238,-0.1022769,0.096784,1.190954,-0.04760259,-0.07162276,1.167655,-0.08025953,-0.2576057,1.168164,-0.06020239,0.08054346,1.211524,-0.04598236,-0.1057832,1.17338,-0.1204485,-0.2679427,1.229659,-0.05361052,0.444946,1.229217
72057594038000686,0,1.708404,14144.37,-0.08268504,0.08329126,1.22517,-0.04095148,0.578729,1.255039,-0.06805725,0.3937274,1.150463,-0.03480668,0.2223657,1.0967,0.02906554,0.09018567,1.1025,0.01704877,0.06557965,1.113466,0.03095763,0.3976726,1.306319,-0.01296807,0.2722256,1.144796,-0.09477506,0.09198618,1.16414,-0.1023083,0.04853559,1.17238,-0.1022769,0.096784,1.190954,-0.04760259,-0.07162276,1.167655,-0.08025953,-0.2576057,1.168164,-0.06020239,0.08054346,1.211524,-0.04598236,-0.1057832,1.17338,-0.1204485,-0.2679427,1.229659,-0.05361052,0.444946,1.229217
72057594038000686,0,1.708404,14144.38,-0.08268504,0.08329126,1.22517,-0.04095148,0.578729,1.255039,-0.06805725,0.3937274,1.150463,-0.03480668,0.2223657,1.0967,0.02906554,0.09018567,1.1025,0.01704877,0.06557965,1.113466,0.03095763,0.3976726,1.306319,-0.01296807,0.2722256,1.144796,-0.09477506,0.09198618,1.16414,-0.1023083,0.04853559,1.17238,-0.1022769,0.096784,1.190954,-0.04760259,-0.07162276,1.167655,-0.08025953,-0.2576057,1.168164,-0.06020239,0.08054346,1.211524,-0.04598236,-0.1057832,1.17338,-0.1204485,-0.2679427,1.229659,-0.05361052,0.444946,1.229217
72057594038000686,0,1.708404,14144.38,-0.08268504,0.08329126,1.22517,-0.04095148,0.578729,1.255039,-0.06805725,0.3937274,1.150463,-0.03480668,0.2223657,1.0967,0.02906554,0.09018567,1.1025,0.01704877,0.06557965,1.113466,0.03095763,0.3976726,1.306319,-0.01296807,0.2722256,1.144796,-0.09477506,0.09198618,1.16414,-0.1023083,0.04853559,1.17238,-0.1022769,0.096784,1.190954,-0.04760259,-0.07162276,1.167655,-0.08025953,-0.2576057,1.168164,-0.06020239,0.08054346,1.211524,-0.04598236,-0.1057832,1.17338,-0.1204485,-0.2679427,1.229659,-0.05361052,0.444946,1.229217
72057594038000686,0,1.708404,14144.38,-0.08268504,0.08329126,1.22517,-0.04095148,0.578729,1.255039,-0.06805725,0.3937274,1.150463,-0.03480668,0.2223657,1.0967,0.02906554,0.09018567,1.1025,0.01704877,0.06557965,1.113466,0.03095763,0.3976726,1.306319,-0.01296807,0.2722256,1.144796,-0.09477506,0.09198618,1.16414,-0.1023083,0.04853559,1.17238,-0.1022769,0.096784,1.190954,-0.04760259,-0.07162276,1.167655,-0.08025953,-0.2576057,1.168164,-0.06020239,0.08054346,1.211524,-0.04598236,-0.1057832,1.17338,-0.1204485,-0.2679427,1.229659,-0.05361052,0.444946,1.229217
72057594038000686,0,1.700315,14144.39,-0.08474042,0.08547056,1.233266,-0.03878488,0.5799522,1.263869,-0.06415837,0.3944927,1.1571,-0.03725183,0.220837,1.102157,0.02229722,0.08661094,1.101801,0.00845927,0.06243864,1.115922,0.0337531,0.4002847,1.314523,-0.009657416,0.2783694,1.150811,-0.09148256,0.09889829,1.171282,-0.07410649,0.08088571,1.158408,-0.104446,0.09967488,1.202883,-0.04611109,-0.0710949,1.17155,-0.07896302,-0.2582463,1.168182,-0.06196473,0.08199027,1.216481,-0.06427143,-0.1577255,1.180166,-0.1498416,-0.2982934,1.265152,-0.05141371,0.4475565,1.237683
72057594038000686,0,1.700315,14144.39,-0.08474042,0.08547056,1.233266,-0.03878488,0.5799522,1.263869,-0.06415837,0.3944927,1.1571,-0.03725183,0.220837,1.102157,0.02229722,0.08661094,1.101801,0.00845927,0.06243864,1.115922,0.0337531,0.4002847,1.314523,-0.009657416,0.2783694,1.150811,-0.09148256,0.09889829,1.171282,-0.07410649,0.08088571,1.158408,-0.104446,0.09967488,1.202883,-0.04611109,-0.0710949,1.17155,-0.07896302,-0.2582463,1.168182,-0.06196473,0.08199027,1.216481,-0.06427143,-0.1577255,1.180166,-0.1498416,-0.2982934,1.265152,-0.05141371,0.4475565,1.237683
72057594038000686,0,1.700315,14144.41,-0.08474042,0.08547056,1.233266,-0.03878488,0.5799522,1.263869,-0.06415837,0.3944927,1.1571,-0.03725183,0.220837,1.102157,0.02229722,0.08661094,1.101801,0.00845927,0.06243864,1.115922,0.0337531,0.4002847,1.314523,-0.009657416,0.2783694,1.150811,-0.09148256,0.09889829,1.171282,-0.07410649,0.08088571,1.158408,-0.104446,0.09967488,1.202883,-0.04611109,-0.0710949,1.17155,-0.07896302,-0.2582463,1.168182,-0.06196473,0.08199027,1.216481,-0.06427143,-0.1577255,1.180166,-0.1498416,-0.2982934,1.265152,-0.05141371,0.4475565,1.237683
72057594038000686,0,1.700315,14144.41,-0.08474042,0.08547056,1.233266,-0.03878488,0.5799522,1.263869,-0.06415837,0.3944927,1.1571,-0.03725183,0.220837,1.102157,0.02229722,0.08661094,1.101801,0.00845927,0.06243864,1.115922,0.0337531,0.4002847,1.314523,-0.009657416,0.2783694,1.150811,-0.09148256,0.09889829,1.171282,-0.07410649,0.08088571,1.158408,-0.104446,0.09967488,1.202883,-0.04611109,-0.0710949,1.17155,-0.07896302,-0.2582463,1.168182,-0.06196473,0.08199027,1.216481,-0.06427143,-0.1577255,1.180166,-0.1498416,-0.2982934,1.265152,-0.05141371,0.4475565,1.237683
72057594038000686,0,1.700315,14144.42,-0.08474042,0.08547056,1.233266,-0.03878488,0.5799522,1.263869,-0.06415837,0.3944927,1.1571,-0.03725183,0.220837,1.102157,0.02229722,0.08661094,1.101801,0.00845927,0.06243864,1.115922,0.0337531,0.4002847,1.314523,-0.009657416,0.2783694,1.150811,-0.09148256,0.09889829,1.171282,-0.07410649,0.08088571,1.158408,-0.104446,0.09967488,1.202883,-0.04611109,-0.0710949,1.17155,-0.07896302,-0.2582463,1.168182,-0.06196473,0.08199027,1.216481,-0.06427143,-0.1577255,1.180166,-0.1498416,-0.2982934,1.265152,-0.05141371,0.4475565,1.237683
72057594038000686,0,1.693082,14144.42,-0.0851216,0.08750167,1.240399,-0.0375637,0.580484,1.272056,-0.05887477,0.3957722,1.164994,-0.03848549,0.2187805,1.107691,0.01505896,0.0823693,1.104092,0.002667048,0.06575838,1.115861,0.03600505,0.401628,1.32358,-0.007070561,0.2610263,1.17702,-0.08460136,0.07799172,1.168397,-0.08567329,0.03433132,1.177257,-0.1044221,0.1001222,1.202684,-0.04444887,-0.07068232,1.17601,-0.07847291,-0.2586763,1.168509,-0.06373655,0.08627635,1.246115,-0.0643425,-0.1520985,1.184324,-0.1435518,-0.2991077,1.266745,-0.04950175,0.4490024,1.246634
72057594038000686,0,1.693082,14144.43,-0.0851216,0.08750167,1.240399,-0.0375637,0.580484,1.272056,-0.05887477,0.3957722,1.164994,-0.03848549,0.2187805,1.107691,0.01505896,0.0823693,1.104092,0.002667048,0.06575838,1.115861,0.03600505,0.401628,1.32358,-0.007070561,0.2610263,1.17702,-0.08460136,0.07799172,1.168397,-0.08567329,0.03433132,1.177257,-0.1044221,0.1001222,1.202684,-0.04444887,-0.07068232,1.17601,-0.07847291,-0.2586763,1.168509,-0.06373655,0.08627635,1.246115,-0.0643425,-0.1520985,1.184324,-0.1435518,-0.2991077,1.266745,-0.04950175,0.4490024,1.246634
72057594038000686,0,1.693082,14144.43,-0.0851216,0.08750167,1.240399,-0.0375637,0.580484,1.272056,-0.05887477,0.3957722,1.164994,-0.03848549,0.2187805,1.107691,0.01505896,0.0823693,1.104092,0.002667048,0.06575838,1.115861,0.03600505,0.401628,1.32358,-0.007070561,0.2610263,1.17702,-0.08460136,0.07799172,1.168397,-0.08567329,0.03433132,1.177257,-0.1044221,0.1001222,1.202684,-0.04444887,-0.07068232,1.17601,-0.07847291,-0.2586763,1.168509,-0.06373655,0.08627635,1.246115,-0.0643425,-0.1520985,1.184324,-0.1435518,-0.2991077,1.266745,-0.04950175,0.4490024,1.246634
72057594038000686,0,1.693082,14144.44,-0.0851216,0.08750167,1.240399,-0.0375637,0.580484,1.272056,-0.05887477,0.3957722,1.164994,-0.03848549,0.2187805,1.107691,0.01505896,0.0823693,1.104092,0.002667048,0.06575838,1.115861,0.03600505,0.401628,1.32358,-0.007070561,0.2610263,1.17702,-0.08460136,0.07799172,1.168397,-0.08567329,0.03433132,1.177257,-0.1044221,0.1001222,1.202684,-0.04444887,-0.07068232,1.17601,-0.07847291,-0.2586763,1.168509,-0.06373655,0.08627635,1.246115,-0.0643425,-0.1520985,1.184324,-0.1435518,-0.2991077,1.266745,-0.04950175,0.4490024,1.246634
72057594038000686,0,1.693082,14144.44,-0.0851216,0.08750167,1.240399,-0.0375637,0.580484,1.272056,-0.05887477,0.3957722,1.164994,-0.03848549,0.2187805,1.107691,0.01505896,0.0823693,1.104092,0.002667048,0.06575838,1.115861,0.03600505,0.401628,1.32358,-0.007070561,0.2610263,1.17702,-0.08460136,0.07799172,1.168397,-0.08567329,0.03433132,1.177257,-0.1044221,0.1001222,1.202684,-0.04444887,-0.07068232,1.17601,-0.07847291,-0.2586763,1.168509,-0.06373655,0.08627635,1.246115,-0.0643425,-0.1520985,1.184324,-0.1435518,-0.2991077,1.266745,-0.04950175,0.4490024,1.246634
72057594038000686,0,1.693082,14144.45,-0.0851216,0.08750167,1.240399,-0.0375637,0.580484,1.272056,-0.05887477,0.3957722,1.164994,-0.03848549,0.2187805,1.107691,0.01505896,0.0823693,1.104092,0.002667048,0.06575838,1.115861,0.03600505,0.401628,1.32358,-0.007070561,0.2610263,1.17702,-0.08460136,0.07799172,1.168397,-0.08567329,0.03433132,1.177257,-0.1044221,0.1001222,1.202684,-0.04444887,-0.07068232,1.17601,-0.07847291,-0.2586763,1.168509,-0.06373655,0.08627635,1.246115,-0.0643425,-0.1520985,1.184324,-0.1435518,-0.2991077,1.266745,-0.04950175,0.4490024,1.246634
72057594038000686,0,1.693082,14144.46,-0.0851216,0.08750167,1.240399,-0.0375637,0.580484,1.272056,-0.05887477,0.3957722,1.164994,-0.03848549,0.2187805,1.107691,0.01505896,0.0823693,1.104092,0.002667048,0.06575838,1.115861,0.03600505,0.401628,1.32358,-0.007070561,0.2610263,1.17702,-0.08460136,0.07799172,1.168397,-0.08567329,0.03433132,1.177257,-0.1044221,0.1001222,1.202684,-0.04444887,-0.07068232,1.17601,-0.07847291,-0.2586763,1.168509,-0.06373655,0.08627635,1.246115,-0.0643425,-0.1520985,1.184324,-0.1435518,-0.2991077,1.266745,-0.04950175,0.4490024,1.246634
72057594038000686,0,1.68241,14144.46,-0.08364293,0.08984175,1.251183,-0.036467,0.5811384,1.281967,-0.05287409,0.3965033,1.173045,-0.03882468,0.2164407,1.114694,0.006331495,0.07743013,1.109144,-0.01013425,0.06126431,1.123177,0.03798309,0.4027632,1.333141,-0.009428349,0.276677,1.175365,-0.02876143,0.08325878,1.127385,-0.023953,0.05133465,1.128736,-0.1031706,0.1014322,1.204608,-0.04190551,-0.07165661,1.181586,-0.07812285,-0.2601355,1.168607,-0.06306917,0.08754241,1.255331,-0.06439251,-0.1509197,1.18982,-0.1451766,-0.3003979,1.268654,-0.04755076,0.4502603,1.256415
72057594038000686,0,1.68241,14144.47,-0.08364293,0.08984175,1.251183,-0.036467,0.5811384,1.281967,-0.05287409,0.3965033,1.173045,-0.03882468,0.2164407,1.114694,0.006331495,0.07743013,1.109144,-0.01013425,0.06126431,1.123177,0.03798309,0.4027632,1.333141,-0.009428349,0.276677,1.175365,-0.02876143,0.08325878,1.127385,-0.023953,0.05133465,1.128736,-0.1031706,0.1014322,1.204608,-0.04190551,-0.07165661,1.181586,-0.07812285,-0.2601355,1.168607,-0.06306917,0.08754241,1.255331,-0.06439251,-0.1509197,1.18982,-0.1451766,-0.3003979,1.268654,-0.04755076,0.4502603,1.256415
72057594038000686,0,1.68241,14144.47,-0.08364293,0.08984175,1.251183,-0.036467,0.5811384,1.281967,-0.05287409,0.3965033,1.173045,-0.03882468,0.2164407,1.114694,0.006331495,0.07743013,1.109144,-0.01013425,0.06126431,1.123177,0.03798309,0.4027632,1.333141,-0.009428349,0.276677,1.175365,-0.02876143,0.08325878,1.127385,-0.023953,0.05133465,1.128736,-0.1031706,0.1014322,1.204608,-0.04190551,-0.07165661,1.181586,-0.07812285,-0.2601355,1.168607,-0.06306917,0.08754241,1.255331,-0.06439251,-0.1509197,1.18982,-0.1451766,-0.3003979,1.268654,-0.04755076,0.4502603,1.256415
72057594038000686,0,1.68241,14144.48,-0.08364293,0.08984175,1.251183,-0.036467,0.5811384,1.281967,-0.05287409,0.3965033,1.173045,-0.03882468,0.2164407,1.114694,0.006331495,0.07743013,1.109144,-0.01013425,0.06126431,1.123177,0.03798309,0.4027632,1.333141,-0.009428349,0.276677,1.175365,-0.02876143,0.08325878,1.127385,-0.023953,0.05133465,1.128736,-0.1031706,0.1014322,1.204608,-0.04190551,-0.07165661,1.181586,-0.07812285,-0.2601355,1.168607,-0.06306917,0.08754241,1.255331,-0.06439251,-0.1509197,1.18982,-0.1451766,-0.3003979,1.268654,-0.04755076,0.4502603,1.256415
72057594038000686,0,1.68241,14144.48,-0.08364293,0.08984175,1.251183,-0.036467,0.5811384,1.281967,-0.05287409,0.3965033,1.173045,-0.03882468,0.2164407,1.114694,0.006331495,0.07743013,1.109144,-0.01013425,0.06126431,1.123177,0.03798309,0.4027632,1.333141,-0.009428349,0.276677,1.175365,-0.02876143,0.08325878,1.127385,-0.023953,0.05133465,1.128736,-0.1031706,0.1014322,1.204608,-0.04190551,-0.07165661,1.181586,-0.07812285,-0.2601355,1.168607,-0.06306917,0.08754241,1.255331,-0.06439251,-0.1509197,1.18982,-0.1451766,-0.3003979,1.268654,-0.04755076,0.4502603,1.256415
72057594038000686,0,1.68241,14144.49,-0.08364293,0.08984175,1.251183,-0.036467,0.5811384,1.281967,-0.05287409,0.3965033,1.173045,-0.03882468,0.2164407,1.114694,0.006331495,0.07743013,1.109144,-0.01013425,0.06126431,1.123177,0.03798309,0.4027632,1.333141,-0.009428349,0.276677,1.175365,-0.02876143,0.08325878,1.127385,-0.023953,0.05133465,1.128736,-0.1031706,0.1014322,1.204608,-0.04190551,-0.07165661,1.181586,-0.07812285,-0.2601355,1.168607,-0.06306917,0.08754241,1.255331,-0.06439251,-0.1509197,1.18982,-0.1451766,-0.3003979,1.268654,-0.04755076,0.4502603,1.256415
72057594038000686,0,1.669661,14144.49,-0.08135412,0.09550709,1.26252,-0.03548516,0.5801015,1.289731,-0.04683065,0.3964703,1.182277,-0.03814302,0.2150261,1.122839,0.0009368998,0.07482293,1.113397,-0.01693921,0.05972853,1.130937,0.0403621,0.4029584,1.34373,-0.007883182,0.2792107,1.185405,-0.03087079,0.09082827,1.122254,-0.02854025,0.05557081,1.130163,-0.09855919,0.1075886,1.21801,-0.03881846,-0.07289326,1.188126,-0.07768928,-0.2606347,1.168727,-0.06213896,0.09205332,1.261092,-0.06582662,-0.1759951,1.198509,-0.1154143,-0.3265018,1.234614,-0.04517752,0.4510435,1.267004
72057594038000686,0,1.669661,14144.49,-0.08135412,0.09550709,1.26252,-0.03548516,0.5801015,1.289731,-0.04683065,0.3964703,1.182277,-0.03814302,0.2150261,1.122839,0.0009368998,0.07482293,1.113397,-0.01693921,0.05972853,1.130937,0.0403621,0.4029584,1.34373,-0.007883182,0.2792107,1.185405,-0.03087079,0.09082827,1.122254,-0.02854025,0.05557081,1.130163,-0.09855919,0.1075886,1.21801,-0.03881846,-0.07289326,1.188126,-0.07768928,-0.2606347,1.168727,-0.06213896,0.09205332,1.261092,-0.06582662,-0.1759951,1.198509,-0.1154143,-0.3265018,1.234614,-0.04517752,0.4510435,1.267004
72057594038000686,0,1.669661,14144.5,-0.08135412,0.09550709,1.26252,-0.03548516,0.5801015,1.289731,-0.04683065,0.3964703,1.182277,-0.03814302,0.2150261,1.122839,0.0009368998,0.07482293,1.113397,-0.01693921,0.05972853,1.130937,0.0403621,0.4029584,1.34373,-0.007883182,0.2792107,1.185405,-0.03087079,0.09082827,1.122254,-0.02854025,0.05557081,1.130163,-0.09855919,0.1075886,1.21801,-0.03881846,-0.07289326,1.188126,-0.07768928,-0.2606347,1.168727,-0.06213896,0.09205332,1.261092,-0.06582662,-0.1759951,1.198509,-0.1154143,-0.3265018,1.234614,-0.04517752,0.4510435,1.267004
72057594038000686,0,1.669661,14144.5,-0.08135412,0.09550709,1.26252,-0.03548516,0.5801015,1.289731,-0.04683065,0.3964703,1.182277,-0.03814302,0.2150261,1.122839,0.0009368998,0.07482293,1.113397,-0.01693921,0.05972853,1.130937,0.0403621,0.4029584,1.34373,-0.007883182,0.2792107,1.185405,-0.03087079,0.09082827,1.122254,-0.02854025,0.05557081,1.130163,-0.09855919,0.1075886,1.21801,-0.03881846,-0.07289326,1.188126,-0.07768928,-0.2606347,1.168727,-0.06213896,0.09205332,1.261092,-0.06582662,-0.1759951,1.198509,-0.1154143,-0.3265018,1.234614,-0.04517752,0.4510435,1.267004
72057594038000686,0,1.669661,14144.51,-0.08135412,0.09550709,1.26252,-0.03548516,0.5801015,1.289731,-0.04683065,0.3964703,1.182277,-0.03814302,0.2150261,1.122839,0.0009368998,0.07482293,1.113397,-0.01693921,0.05972853,1.130937,0.0403621,0.4029584,1.34373,-0.007883182,0.2792107,1.185405,-0.03087079,0.09082827,1.122254,-0.02854025,0.05557081,1.130163,-0.09855919,0.1075886,1.21801,-0.03881846,-0.07289326,1.188126,-0.07768928,-0.2606347,1.168727,-0.06213896,0.09205332,1.261092,-0.06582662,-0.1759951,1.198509,-0.1154143,-0.3265018,1.234614,-0.04517752,0.4510435,1.267004
72057594038000686,0,1.669661,14144.51,-0.08135412,0.09550709,1.26252,-0.03548516,0.5801015,1.289731,-0.04683065,0.3964703,1.182277,-0.03814302,0.2150261,1.122839,0.0009368998,0.07482293,1.113397,-0.01693921,0.05972853,1.130937,0.0403621,0.4029584,1.34373,-0.007883182,0.2792107,1.185405,-0.03087079,0.09082827,1.122254,-0.02854025,0.05557081,1.130163,-0.09855919,0.1075886,1.21801,-0.03881846,-0.07289326,1.188126,-0.07768928,-0.2606347,1.168727,-0.06213896,0.09205332,1.261092,-0.06582662,-0.1759951,1.198509,-0.1154143,-0.3265018,1.234614,-0.04517752,0.4510435,1.267004
72057594038000686,0,1.65132,14144.52,-0.04506341,0.09445968,1.282761,-0.03630936,0.5805307,1.297834,-0.04153882,0.3971395,1.192405,-0.03286572,0.2140768,1.134102,-0.002495455,0.07193509,1.118886,-0.02181061,0.05987498,1.140688,0.04210185,0.4034185,1.353472,-0.007233211,0.2752323,1.199253,-0.03209984,0.105907,1.125283,-0.03141377,0.07210311,1.134459,-0.0586019,0.1046009,1.247997,-0.0342606,-0.07692003,1.197107,-0.07753996,-0.2631146,1.169789,-0.02920716,0.09366411,1.27159,-0.05704769,-0.1113342,1.257161,-0.1273082,-0.2890547,1.263626,-0.04118728,0.4513973,1.277409
72057594038000686,0,1.65132,14144.53,-0.04506341,0.09445968,1.282761,-0.03630936,0.5805307,1.297834,-0.04153882,0.3971395,1.192405,-0.03286572,0.2140768,1.134102,-0.002495455,0.07193509,1.118886,-0.02181061,0.05987498,1.140688,0.04210185,0.4034185,1.353472,-0.007233211,0.2752323,1.199253,-0.03209984,0.105907,1.125283,-0.03141377,0.07210311,1.134459,-0.0586019,0.1046009,1.247997,-0.0342606,-0.07692003,1.197107,-0.07753996,-0.2631146,1.169789,-0.02920716,0.09366411,1.27159,-0.05704769,-0.1113342,1.257161,-0.1273082,-0.2890547,1.263626,-0.04118728,0.4513973,1.277409
72057594038000686,0,1.65132,14144.53,-0.04506341,0.09445968,1.282761,-0.03630936,0.5805307,1.297834,-0.04153882,0.3971395,1.192405,-0.03286572,0.2140768,1.134102,-0.002495455,0.07193509,1.118886,-0.02181061,0.05987498,1.140688,0.04210185,0.4034185,1.353472,-0.007233211,0.2752323,1.199253,-0.03209984,0.105907,1.125283,-0.03141377,0.07210311,1.134459,-0.0586019,0.1046009,1.247997,-0.0342606,-0.07692003,1.197107,-0.07753996,-0.2631146,1.169789,-0.02920716,0.09366411,1.27159,-0.05704769,-0.1113342,1.257161,-0.1273082,-0.2890547,1.263626,-0.04118728,0.4513973,1.277409
72057594038000686,0,1.65132,14144.54,-0.04506341,0.09445968,1.282761,-0.03630936,0.5805307,1.297834,-0.04153882,0.3971395,1.192405,-0.03286572,0.2140768,1.134102,-0.002495455,0.07193509,1.118886,-0.02181061,0.05987498,1.140688,0.04210185,0.4034185,1.353472,-0.007233211,0.2752323,1.199253,-0.03209984,0.105907,1.125283,-0.03141377,0.07210311,1.134459,-0.0586019,0.1046009,1.247997,-0.0342606,-0.07692003,1.197107,-0.07753996,-0.2631146,1.169789,-0.02920716,0.09366411,1.27159,-0.05704769,-0.1113342,1.257161,-0.1273082,-0.2890547,1.263626,-0.04118728,0.4513973,1.277409
72057594038000686,0,1.65132,14144.54,-0.04506341,0.09445968,1.282761,-0.03630936,0.5805307,1.297834,-0.04153882,0.3971395,1.192405,-0.03286572,0.2140768,1.134102,-0.002495455,0.07193509,1.118886,-0.02181061,0.05987498,1.140688,0.04210185,0.4034185,1.353472,-0.007233211,0.2752323,1.199253,-0.03209984,0.105907,1.125283,-0.03141377,0.07210311,1.134459,-0.0586019,0.1046009,1.247997,-0.0342606,-0.07692003,1.197107,-0.07753996,-0.2631146,1.169789,-0.02920716,0.09366411,1.27159,-0.05704769,-0.1113342,1.257161,-0.1273082,-0.2890547,1.263626,-0.04118728,0.4513973,1.277409
72057594038000686,0,1.65132,14144.54,-0.04506341,0.09445968,1.282761,-0.03630936,0.5805307,1.297834,-0.04153882,0.3971395,1.192405,-0.03286572,0.2140768,1.134102,-0.002495455,0.07193509,1.118886,-0.02181061,0.05987498,1.140688,0.04210185,0.4034185,1.353472,-0.007233211,0.2752323,1.199253,-0.03209984,0.105907,1.125283,-0.03141377,0.07210311,1.134459,-0.0586019,0.1046009,1.247997,-0.0342606,-0.07692003,1.197107,-0.07753996,-0.2631146,1.169789,-0.02920716,0.09366411,1.27159,-0.05704769,-0.1113342,1.257161,-0.1273082,-0.2890547,1.263626,-0.04118728,0.4513973,1.277409
72057594038000686,0,1.65132,14144.55,-0.04506341,0.09445968,1.282761,-0.03630936,0.5805307,1.297834,-0.04153882,0.3971395,1.192405,-0.03286572,0.2140768,1.134102,-0.002495455,0.07193509,1.118886,-0.02181061,0.05987498,1.140688,0.04210185,0.4034185,1.353472,-0.007233211,0.2752323,1.199253,-0.03209984,0.105907,1.125283,-0.03141377,0.07210311,1.134459,-0.0586019,0.1046009,1.247997,-0.0342606,-0.07692003,1.197107,-0.07753996,-0.2631146,1.169789,-0.02920716,0.09366411,1.27159,-0.05704769,-0.1113342,1.257161,-0.1273082,-0.2890547,1.263626,-0.04118728,0.4513973,1.277409
72057594038000686,0,1.65132,14144.55,-0.04506341,0.09445968,1.282761,-0.03630936,0.5805307,1.297834,-0.04153882,0.3971395,1.192405,-0.03286572,0.2140768,1.134102,-0.002495455,0.07193509,1.118886,-0.02181061,0.05987498,1.140688,0.04210185,0.4034185,1.353472,-0.007233211,0.2752323,1.199253,-0.03209984,0.105907,1.125283,-0.03141377,0.07210311,1.134459,-0.0586019,0.1046009,1.247997,-0.0342606,-0.07692003,1.197107,-0.07753996,-0.2631146,1.169789,-0.02920716,0.09366411,1.27159,-0.05704769,-0.1113342,1.257161,-0.1273082,-0.2890547,1.263626,-0.04118728,0.4513973,1.277409
72057594038000686,0,1.648516,14144.56,-0.04161465,0.09420532,1.286026,-0.03705653,0.5813046,1.305318,-0.03673953,0.398745,1.204607,-0.02671305,0.2122529,1.146947,0.02216958,0.08654764,1.192569,0.01965408,0.05289224,1.209715,0.04383902,0.4030888,1.361605,-0.004766121,0.2756016,1.206564,-0.04957781,0.111095,1.172356,-0.03221209,0.1005044,1.163139,-0.05635866,0.1045268,1.252888,-0.0299351,-0.07953656,1.207055,-0.07560837,-0.2631744,1.171504,-0.02488452,0.0933944,1.272889,-0.05450363,-0.09715036,1.264396,-0.1290609,-0.2629641,1.312981,-0.0382124,0.4510078,1.285514
72057594038000686,0,1.648516,14144.56,-0.04161465,0.09420532,1.286026,-0.03705653,0.5813046,1.305318,-0.03673953,0.398745,1.204607,-0.02671305,0.2122529,1.146947,0.02216958,0.08654764,1.192569,0.01965408,0.05289224,1.209715,0.04383902,0.4030888,1.361605,-0.004766121,0.2756016,1.206564,-0.04957781,0.111095,1.172356,-0.03221209,0.1005044,1.163139,-0.05635866,0.1045268,1.252888,-0.0299351,-0.07953656,1.207055,-0.07560837,-0.2631744,1.171504,-0.02488452,0.0933944,1.272889,-0.05450363,-0.09715036,1.264396,-0.1290609,-0.2629641,1.312981,-0.0382124,0.4510078,1.285514
72057594038000686,0,1.648516,14144.57,-0.04161465,0.09420532,1.286026,-0.03705653,0.5813046,1.305318,-0.03673953,0.398745,1.204607,-0.02671305,0.2122529,1.146947,0.02216958,0.08654764,1.192569,0.01965408,0.05289224,1.209715,0.04383902,0.4030888,1.361605,-0.004766121,0.2756016,1.206564,-0.04957781,0.111095,1.172356,-0.03221209,0.1005044,1.163139,-0.05635866,0.1045268,1.252888,-0.0299351,-0.07953656,1.207055,-0.07560837,-0.2631744,1.171504,-0.02488452,0.0933944,1.272889,-0.05450363,-0.09715036,1.264396,-0.1290609,-0.2629641,1.312981,-0.0382124,0.4510078,1.285514
72057594038000686,0,1.648516,14144.57,-0.04161465,0.09420532,1.286026,-0.03705653,0.5813046,1.305318,-0.03673953,0.398745,1.204607,-0.02671305,0.2122529,1.146947,0.02216958,0.08654764,1.192569,0.01965408,0.05289224,1.209715,0.04383902,0.4030888,1.361605,-0.004766121,0.2756016,1.206564,-0.04957781,0.111095,1.172356,-0.03221209,0.1005044,1.163139,-0.05635866,0.1045268,1.252888,-0.0299351,-0.07953656,1.207055,-0.07560837,-0.2631744,1.171504,-0.02488452,0.0933944,1.272889,-0.05450363,-0.09715036,1.264396,-0.1290609,-0.2629641,1.312981,-0.0382124,0.4510078,1.285514
72057594038000686,0,1.648516,14144.58,-0.04161465,0.09420532,1.286026,-0.03705653,0.5813046,1.305318,-0.03673953,0.398745,1.204607,-0.02671305,0.2122529,1.146947,0.02216958,0.08654764,1.192569,0.01965408,0.05289224,1.209715,0.04383902,0.4030888,1.361605,-0.004766121,0.2756016,1.206564,-0.04957781,0.111095,1.172356,-0.03221209,0.1005044,1.163139,-0.05635866,0.1045268,1.252888,-0.0299351,-0.07953656,1.207055,-0.07560837,-0.2631744,1.171504,-0.02488452,0.0933944,1.272889,-0.05450363,-0.09715036,1.264396,-0.1290609,-0.2629641,1.312981,-0.0382124,0.4510078,1.285514
72057594038000686,0,1.648516,14144.58,-0.04161465,0.09420532,1.286026,-0.03705653,0.5813046,1.305318,-0.03673953,0.398745,1.204607,-0.02671305,0.2122529,1.146947,0.02216958,0.08654764,1.192569,0.01965408,0.05289224,1.209715,0.04383902,0.4030888,1.361605,-0.004766121,0.2756016,1.206564,-0.04957781,0.111095,1.172356,-0.03221209,0.1005044,1.163139,-0.05635866,0.1045268,1.252888,-0.0299351,-0.07953656,1.207055,-0.07560837,-0.2631744,1.171504,-0.02488452,0.0933944,1.272889,-0.05450363,-0.09715036,1.264396,-0.1290609,-0.2629641,1.312981,-0.0382124,0.4510078,1.285514
72057594038000686,0,1.648516,14144.58,-0.04161465,0.09420532,1.286026,-0.03705653,0.5813046,1.305318,-0.03673953,0.398745,1.204607,-0.02671305,0.2122529,1.146947,0.02216958,0.08654764,1.192569,0.01965408,0.05289224,1.209715,0.04383902,0.4030888,1.361605,-0.004766121,0.2756016,1.206564,-0.04957781,0.111095,1.172356,-0.03221209,0.1005044,1.163139,-0.05635866,0.1045268,1.252888,-0.0299351,-0.07953656,1.207055,-0.07560837,-0.2631744,1.171504,-0.02488452,0.0933944,1.272889,-0.05450363,-0.09715036,1.264396,-0.1290609,-0.2629641,1.312981,-0.0382124,0.4510078,1.285514
72057594038000686,0,1.645271,14144.59,-0.04037125,0.09302086,1.290343,-0.03809406,0.5815535,1.311259,-0.03475093,0.4031495,1.220074,-0.009100661,0.2402664,1.173273,0.002187115,0.09516126,1.168278,-0.008859877,0.06614077,1.171024,0.0441006,0.4026836,1.370095,0.0002537452,0.276577,1.212448,-0.03541502,0.1108004,1.165237,-0.01616316,0.0861595,1.162645,-0.05601701,0.1012114,1.269433,-0.0276209,-0.08989829,1.220316,-0.07419945,-0.2700549,1.172504,-0.02392338,0.09316698,1.272613,-0.0538399,-0.09731984,1.266291,-0.1285879,-0.263601,1.309932,-0.03737909,0.4504364,1.293532
72057594038000686,0,1.645271,14144.6,-0.04037125,0.09302086,1.290343,-0.03809406,0.5815535,1.311259,-0.03475093,0.4031495,1.220074,-0.009100661,0.2402664,1.173273,0.002187115,0.09516126,1.168278,-0.008859877,0.06614077,1.171024,0.0441006,0.4026836,1.370095,0.0002537452,0.276577,1.212448,-0.03541502,0.1108004,1.165237,-0.01616316,0.0861595,1.162645,-0.05601701,0.1012114,1.269433,-0.0276209,-0.08989829,1.220316,-0.07419945,-0.2700549,1.172504,-0.02392338,0.09316698,1.272613,-0.0538399,-0.09731984,1.266291,-0.1285879,-0.263601,1.309932,-0.03737909,0.4504364,1.293532
72057594038000686,0,1.645271,14144.6,-0.04037125,0.09302086,1.290343,-0.03809406,0.5815535,1.311259,-0.03475093,0.4031495,1.220074,-0.009100661,0.2402664,1.173273,0.002187115,0.09516126,1.168278,-0.008859877,0.06614077,1.171024,0.0441006,0.4026836,1.370095,0.0002537452,0.276577,1.212448,-0.03541502,0.1108004,1.165237,-0.01616316,0.0861595,1.162645,-0.05601701,0.1012114,1.269433,-0.0276209,-0.08989829,1.220316,-0.07419945,-0.2700549,1.172504,-0.02392338,0.09316698,1.272613,-0.0538399,-0.09731984,1.266291,-0.1285879,-0.263601,1.309932,-0.03737909,0.4504364,1.293532
72057594038000686,0,1.645271,14144.61,-0.04037125,0.09302086,1.290343,-0.03809406,0.5815535,1.311259,-0.03475093,0.4031495,1.220074,-0.009100661,0.2402664,1.173273,0.002187115,0.09516126,1.168278,-0.008859877,0.06614077,1.171024,0.0441006,0.4026836,1.370095,0.0002537452,0.276577,1.212448,-0.03541502,0.1108004,1.165237,-0.01616316,0.0861595,1.162645,-0.05601701,0.1012114,1.269433,-0.0276209,-0.08989829,1.220316,-0.07419945,-0.2700549,1.172504,-0.02392338,0.09316698,1.272613,-0.0538399,-0.09731984,1.266291,-0.1285879,-0.263601,1.309932,-0.03737909,0.4504364,1.293532
72057594038000686,0,1.645271,14144.61,-0.04037125,0.09302086,1.290343,-0.03809406,0.5815535,1.311259,-0.03475093,0.4031495,1.220074,-0.009100661,0.2402664,1.173273,0.002187115,0.09516126,1.168278,-0.008859877,0.06614077,1.171024,0.0441006,0.4026836,1.370095,0.0002537452,0.276577,1.212448,-0.03541502,0.1108004,1.165237,-0.01616316,0.0861595,1.162645,-0.05601701,0.1012114,1.269433,-0.0276209,-0.08989829,1.220316,-0.07419945,-0.2700549,1.172504,-0.02392338,0.09316698,1.272613,-0.0538399,-0.09731984,1.266291,-0.1285879,-0.263601,1.309932,-0.03737909,0.4504364,1.293532
72057594038000686,0,1.645271,14144.62,-0.04037125,0.09302086,1.290343,-0.03809406,0.5815535,1.311259,-0.03475093,0.4031495,1.220074,-0.009100661,0.2402664,1.173273,0.002187115,0.09516126,1.168278,-0.008859877,0.06614077,1.171024,0.0441006,0.4026836,1.370095,0.0002537452,0.276577,1.212448,-0.03541502,0.1108004,1.165237,-0.01616316,0.0861595,1.162645,-0.05601701,0.1012114,1.269433,-0.0276209,-0.08989829,1.220316,-0.07419945,-0.2700549,1.172504,-0.02392338,0.09316698,1.272613,-0.0538399,-0.09731984,1.266291,-0.1285879,-0.263601,1.309932,-0.03737909,0.4504364,1.293532
72057594038000686,0,1.636647,14144.62,-0.04002467,0.09111813,1.301212,-0.03895324,0.5811535,1.318147,-0.03478689,0.4046145,1.228603,-0.004951792,0.2352551,1.179736,0.004041897,0.0900082,1.168391,0.002105404,0.06155327,1.181792,0.04358595,0.4025195,1.378827,0.01067901,0.270037,1.223915,-0.001314917,0.1335126,1.166156,0.003025857,0.1077895,1.171128,-0.05687643,0.09973121,1.28883,-0.02501915,-0.09571499,1.23332,-0.07085687,-0.2724627,1.175149,-0.02339278,0.09252059,1.273493,-0.05233045,-0.1000844,1.271189,-0.1157658,-0.2759095,1.288929,-0.03755856,0.45006,1.302586
72057594038000686,0,1.636647,14144.62,-0.04002467,0.09111813,1.301212,-0.03895324,0.5811535,1.318147,-0.03478689,0.4046145,1.228603,-0.004951792,0.2352551,1.179736,0.004041897,0.0900082,1.168391,0.002105404,0.06155327,1.181792,0.04358595,0.4025195,1.378827,0.01067901,0.270037,1.223915,-0.001314917,0.1335126,1.166156,0.003025857,0.1077895,1.171128,-0.05687643,0.09973121,1.28883,-0.02501915,-0.09571499,1.23332,-0.07085687,-0.2724627,1.175149,-0.02339278,0.09252059,1.273493,-0.05233045,-0.1000844,1.271189,-0.1157658,-0.2759095,1.288929,-0.03755856,0.45006,1.302586
72057594038000686,0,1.636647,14144.63,-0.04002467,0.09111813,1.301212,-0.03895324,0.5811535,1.318147,-0.03478689,0.4046145,1.228603,-0.004951792,0.2352551,1.179736,0.004041897,0.0900082,1.168391,0.002105404,0.06155327,1.181792,0.04358595,0.4025195,1.378827,0.01067901,0.270037,1.223915,-0.001314917,0.1335126,1.166156,0.003025857,0.1077895,1.171128,-0.05687643,0.09973121,1.28883,-0.02501915,-0.09571499,1.23332,-0.07085687,-0.2724627,1.175149,-0.02339278,0.09252059,1.273493,-0.05233045,-0.1000844,1.271189,-0.1157658,-0.2759095,1.288929,-0.03755856,0.45006,1.302586
72057594038000686,0,1.636647,14144.64,-0.04002467,0.09111813,1.301212,-0.03895324,0.5811535,1.318147,-0.03478689,0.4046145,1.228603,-0.004951792,0.2352551,1.179736,0.004041897,0.0900082,1.168391,0.002105404,0.06155327,1.181792,0.04358595,0.4025195,1.378827,0.01067901,0.270037,1.223915,-0.001314917,0.1335126,1.166156,0.003025857,0.1077895,1.171128,-0.05687643,0.09973121,1.28883,-0.02501915,-0.09571499,1.23332,-0.07085687,-0.2724627,1.175149,-0.02339278,0.09252059,1.273493,-0.05233045,-0.1000844,1.271189,-0.1157658,-0.2759095,1.288929,-0.03755856,0.45006,1.302586
72057594038000686,0,1.636647,14144.64,-0.04002467,0.09111813,1.301212,-0.03895324,0.5811535,1.318147,-0.03478689,0.4046145,1.228603,-0.004951792,0.2352551,1.179736,0.004041897,0.0900082,1.168391,0.002105404,0.06155327,1.181792,0.04358595,0.4025195,1.378827,0.01067901,0.270037,1.223915,-0.001314917,0.1335126,1.166156,0.003025857,0.1077895,1.171128,-0.05687643,0.09973121,1.28883,-0.02501915,-0.09571499,1.23332,-0.07085687,-0.2724627,1.175149,-0.02339278,0.09252059,1.273493,-0.05233045,-0.1000844,1.271189,-0.1157658,-0.2759095,1.288929,-0.03755856,0.45006,1.302586
72057594038000686,0,1.636647,14144.65,-0.04002467,0.09111813,1.301212,-0.03895324,0.5811535,1.318147,-0.03478689,0.4046145,1.228603,-0.004951792,0.2352551,1.179736,0.004041897,0.0900082,1.168391,0.002105404,0.06155327,1.181792,0.04358595,0.4025195,1.378827,0.01067901,0.270037,1.223915,-0.001314917,0.1335126,1.166156,0.003025857,0.1077895,1.171128,-0.05687643,0.09973121,1.28883,-0.02501915,-0.09571499,1.23332,-0.07085687,-0.2724627,1.175149,-0.02339278,0.09252059,1.273493,-0.05233045,-0.1000844,1.271189,-0.1157658,-0.2759095,1.288929,-0.03755856,0.45006,1.302586
72057594038000686,0,1.628474,14144.65,-0.04291493,0.08921507,1.311654,-0.04015909,0.5806378,1.327352,-0.03551847,0.4052087,1.238098,0.006207944,0.2399546,1.193956,0.01647927,0.09498692,1.177027,0.02187643,0.06679919,1.191314,0.0425506,0.402114,1.388483,0.02697411,0.2601371,1.239702,0.03177538,0.06640095,1.194003,0.02138595,0.04655138,1.203811,-0.0604072,0.09835958,1.300395,-0.02311496,-0.1040486,1.248556,-0.0693987,-0.275247,1.176892,-0.02437974,0.09092107,1.277335,-0.05069004,-0.1034538,1.291966,-0.09108565,-0.2866988,1.291636,-0.03865496,0.4494468,1.312346
72057594038000686,0,1.628474,14144.66,-0.04291493,0.08921507,1.311654,-0.04015909,0.5806378,1.327352,-0.03551847,0.4052087,1.238098,0.006207944,0.2399546,1.193956,0.01647927,0.09498692,1.177027,0.02187643,0.06679919,1.191314,0.0425506,0.402114,1.388483,0.02697411,0.2601371,1.239702,0.03177538,0.06640095,1.194003,0.02138595,0.04655138,1.203811,-0.0604072,0.09835958,1.300395,-0.02311496,-0.1040486,1.248556,-0.0693987,-0.275247,1.176892,-0.02437974,0.09092107,1.277335,-0.05069004,-0.1034538,1.291966,-0.09108565,-0.2866988,1.291636,-0.03865496,0.4494468,1.312346
72057594038000686,0,1.628474,14144.66,-0.04291493,0.08921507,1.311654,-0.04015909,0.5806378,1.327352,-0.03551847,0.4052087,1.238098,0.006207944,0.2399546,1.193956,0.01647927,0.09498692,1.177027,0.02187643,0.06679919,1.191314,0.0425506,0.402114,1.388483,0.02697411,0.2601371,1.239702,0.03177538,0.06640095,1.194003,0.02138595,0.04655138,1.203811,-0.0604072,0.09835958,1.300395,-0.02311496,-0.1040486,1.248556,-0.0693987,-0.275247,1.176892,-0.02437974,0.09092107,1.277335,-0.05069004,-0.1034538,1.291966,-0.09108565,-0.2866988,1.291636,-0.03865496,0.4494468,1.312346
72057594038000686,0,1.628474,14144.67,-0.04291493,0.08921507,1.311654,-0.04015909,0.5806378,1.327352,-0.03551847,0.4052087,1.238098,0.006207944,0.2399546,1.193956,0.01647927,0.09498692,1.177027,0.02187643,0.06679919,1.191314,0.0425506,0.402114,1.388483,0.02697411,0.2601371,1.239702,0.03177538,0.06640095,1.194003,0.02138595,0.04655138,1.203811,-0.0604072,0.09835958,1.300395,-0.02311496,-0.1040486,1.248556,-0.0693987,-0.275247,1.176892,-0.02437974,0.09092107,1.277335,-0.05069004,-0.1034538,1.291966,-0.09108565,-0.2866988,1.291636,-0.03865496,0.4494468,1.312346
72057594038000686,0,1.628474,14144.68,-0.04291493,0.08921507,1.311654,-0.04015909,0.5806378,1.327352,-0.03551847,0.4052087,1.238098,0.006207944,0.2399546,1.193956,0.01647927,0.09498692,1.177027,0.02187643,0.06679919,1.191314,0.0425506,0.402114,1.388483,0.02697411,0.2601371,1.239702,0.03177538,0.06640095,1.194003,0.02138595,0.04655138,1.203811,-0.0604072,0.09835958,1.300395,-0.02311496,-0.1040486,1.248556,-0.0693987,-0.275247,1.176892,-0.02437974,0.09092107,1.277335,-0.05069004,-0.1034538,1.291966,-0.09108565,-0.2866988,1.291636,-0.03865496,0.4494468,1.312346
72057594038000686,0,1.628474,14144.68,-0.04291493,0.08921507,1.311654,-0.04015909,0.5806378,1.327352,-0.03551847,0.4052087,1.238098,0.006207944,0.2399546,1.193956,0.01647927,0.09498692,1.177027,0.02187643,0.06679919,1.191314,0.0425506,0.402114,1.388483,0.02697411,0.2601371,1.239702,0.03177538,0.06640095,1.194003,0.02138595,0.04655138,1.203811,-0.0604072,0.09835958,1.300395,-0.02311496,-0.1040486,1.248556,-0.0693987,-0.275247,1.176892,-0.02437974,0.09092107,1.277335,-0.05069004,-0.1034538,1.291966,-0.09108565,-0.2866988,1.291636,-0.03865496,0.4494468,1.312346
72057594038000686,0,1.628474,14144.69,-0.04291493,0.08921507,1.311654,-0.04015909,0.5806378,1.327352,-0.03551847,0.4052087,1.238098,0.006207944,0.2399546,1.193956,0.01647927,0.09498692,1.177027,0.02187643,0.06679919,1.191314,0.0425506,0.402114,1.388483,0.02697411,0.2601371,1.239702,0.03177538,0.06640095,1.194003,0.02138595,0.04655138,1.203811,-0.0604072,0.09835958,1.300395,-0.02311496,-0.1040486,1.248556,-0.0693987,-0.275247,1.176892,-0.02437974,0.09092107,1.277335,-0.05069004,-0.1034538,1.291966,-0.09108565,-0.2866988,1.291636,-0.03865496,0.4494468,1.312346
72057594038000686,0,1.620408,14144.69,-0.04152003,0.08779836,1.321658,-0.04112932,0.5799432,1.335021,0.02030218,0.3933571,1.24449,0.02171422,0.2393028,1.204941,0.03471475,0.09366262,1.187335,0.04631257,0.06604546,1.204834,0.04305263,0.4015784,1.396559,0.03687423,0.2560758,1.250697,0.03990003,0.0631876,1.200875,0.04451266,0.04592296,1.21507,-0.05088389,0.0934298,1.313428,-0.01983948,-0.1117784,1.267135,-0.06556669,-0.2751332,1.179206,-0.02870607,0.09146726,1.28563,-0.04639953,-0.1051089,1.295819,-0.08152665,-0.2886128,1.292048,-0.03796934,0.4487767,1.320691
72057594038000686,0,1.620408,14144.69,-0.04152003,0.08779836,1.321658,-0.04112932,0.5799432,1.335021,0.02030218,0.3933571,1.24449,0.02171422,0.2393028,1.204941,0.03471475,0.09366262,1.187335,0.04631257,0.06604546,1.204834,0.04305263,0.4015784,1.396559,0.03687423,0.2560758,1.250697,0.03990003,0.0631876,1.200875,0.04451266,0.04592296,1.21507,-0.05088389,0.0934298,1.313428,-0.01983948,-0.1117784,1.267135,-0.06556669,-0.2751332,1.179206,-0.02870607,0.09146726,1.28563,-0.04639953,-0.1051089,1.295819,-0.08152665,-0.2886128,1.292048,-0.03796934,0.4487767,1.320691
72057594038000686,0,1.620408,14144.7,-0.04152003,0.08779836,1.321658,-0.04112932,0.5799432,1.335021,0.02030218,0.3933571,1.24449,0.02171422,0.2393028,1.204941,0.03471475,0.09366262,1.187335,0.04631257,0.06604546,1.204834,0.04305263,0.4015784,1.396559,0.03687423,0.2560758,1.250697,0.03990003,0.0631876,1.200875,0.04451266,0.04592296,1.21507,-0.05088389,0.0934298,1.313428,-0.01983948,-0.1117784,1.267135,-0.06556669,-0.2751332,1.179206,-0.02870607,0.09146726,1.28563,-0.04639953,-0.1051089,1.295819,-0.08152665,-0.2886128,1.292048,-0.03796934,0.4487767,1.320691
72057594038000686,0,1.620408,14144.7,-0.04152003,0.08779836,1.321658,-0.04112932,0.5799432,1.335021,0.02030218,0.3933571,1.24449,0.02171422,0.2393028,1.204941,0.03471475,0.09366262,1.187335,0.04631257,0.06604546,1.204834,0.04305263,0.4015784,1.396559,0.03687423,0.2560758,1.250697,0.03990003,0.0631876,1.200875,0.04451266,0.04592296,1.21507,-0.05088389,0.0934298,1.313428,-0.01983948,-0.1117784,1.267135,-0.06556669,-0.2751332,1.179206,-0.02870607,0.09146726,1.28563,-0.04639953,-0.1051089,1.295819,-0.08152665,-0.2886128,1.292048,-0.03796934,0.4487767,1.320691
72057594038000686,0,1.620408,14144.71,-0.04152003,0.08779836,1.321658,-0.04112932,0.5799432,1.335021,0.02030218,0.3933571,1.24449,0.02171422,0.2393028,1.204941,0.03471475,0.09366262,1.187335,0.04631257,0.06604546,1.204834,0.04305263,0.4015784,1.396559,0.03687423,0.2560758,1.250697,0.03990003,0.0631876,1.200875,0.04451266,0.04592296,1.21507,-0.05088389,0.0934298,1.313428,-0.01983948,-0.1117784,1.267135,-0.06556669,-0.2751332,1.179206,-0.02870607,0.09146726,1.28563,-0.04639953,-0.1051089,1.295819,-0.08152665,-0.2886128,1.292048,-0.03796934,0.4487767,1.320691
72057594038000686,0,1.620408,14144.72,-0.04152003,0.08779836,1.321658,-0.04112932,0.5799432,1.335021,0.02030218,0.3933571,1.24449,0.02171422,0.2393028,1.204941,0.03471475,0.09366262,1.187335,0.04631257,0.06604546,1.204834,0.04305263,0.4015784,1.396559,0.03687423,0.2560758,1.250697,0.03990003,0.0631876,1.200875,0.04451266,0.04592296,1.21507,-0.05088389,0.0934298,1.313428,-0.01983948,-0.1117784,1.267135,-0.06556669,-0.2751332,1.179206,-0.02870607,0.09146726,1.28563,-0.04639953,-0.1051089,1.295819,-0.08152665,-0.2886128,1.292048,-0.03796934,0.4487767,1.320691
72057594038000686,0,1.611195,14144.73,-0.03327689,0.08311063,1.334767,-0.04177823,0.5786067,1.344455,0.02027934,0.3935793,1.246054,0.03676895,0.2473454,1.224864,0.0791008,0.108085,1.218268,0.07439294,0.08217135,1.2219,0.04330759,0.4017671,1.405197,0.04968679,0.2525173,1.263425,0.06643239,0.07147348,1.224412,0.07270654,0.04879722,1.234209,-0.0393536,0.0870685,1.325944,-0.01782083,-0.1209027,1.281143,-0.06476503,-0.2823547,1.190194,-0.02525694,0.08899474,1.295818,-0.03668905,-0.1096973,1.306902,-0.07285939,-0.2928326,1.287583,-0.03692541,0.448482,1.329661
72057594038000686,0,1.611195,14144.73,-0.03327689,0.08311063,1.334767,-0.04177823,0.5786067,1.344455,0.02027934,0.3935793,1.246054,0.03676895,0.2473454,1.224864,0.0791008,0.108085,1.218268,0.07439294,0.08217135,1.2219,0.04330759,0.4017671,1.405197,0.04968679,0.2525173,1.263425,0.06643239,0.07147348,1.224412,0.07270654,0.04879722,1.234209,-0.0393536,0.0870685,1.325944,-0.01782083,-0.1209027,1.281143,-0.06476503,-0.2823547,1.190194,-0.02525694,0.08899474,1.295818,-0.03668905,-0.1096973,1.306902,-0.07285939,-0.2928326,1.287583,-0.03692541,0.448482,1.329661
72057594038000686,0,1.611195,14144.74,-0.03327689,0.08311063,1.334767,-0.04177823,0.5786067,1.344455,0.02027934,0.3935793,1.246054,0.03676895,0.2473454,1.224864,0.0791008,0.108085,1.218268,0.07439294,0.08217135,1.2219,0.04330759,0.4017671,1.405197,0.04968679,0.2525173,1.263425,0.06643239,0.07147348,1.224412,0.07270654,0.04879722,1.234209,-0.0393536,0.0870685,1.325944,-0.01782083,-0.1209027,1.281143,-0.06476503,-0.2823547,1.190194,-0.02525694,0.08899474,1.295818,-0.03668905,-0.1096973,1.306902,-0.07285939,-0.2928326,1.287583,-0.03692541,0.448482,1.329661
72057594038000686,0,1.611195,14144.74,-0.03327689,0.08311063,1.334767,-0.04177823,0.5786067,1.344455,0.02027934,0.3935793,1.246054,0.03676895,0.2473454,1.224864,0.0791008,0.108085,1.218268,0.07439294,0.08217135,1.2219,0.04330759,0.4017671,1.405197,0.04968679,0.2525173,1.263425,0.06643239,0.07147348,1.224412,0.07270654,0.04879722,1.234209,-0.0393536,0.0870685,1.325944,-0.01782083,-0.1209027,1.281143,-0.06476503,-0.2823547,1.190194,-0.02525694,0.08899474,1.295818,-0.03668905,-0.1096973,1.306902,-0.07285939,-0.2928326,1.287583,-0.03692541,0.448482,1.329661
72057594038000686,0,1.611195,14144.75,-0.03327689,0.08311063,1.334767,-0.04177823,0.5786067,1.344455,0.02027934,0.3935793,1.246054,0.03676895,0.2473454,1.224864,0.0791008,0.108085,1.218268,0.07439294,0.08217135,1.2219,0.04330759,0.4017671,1.405197,0.04968679,0.2525173,1.263425,0.06643239,0.07147348,1.224412,0.07270654,0.04879722,1.234209,-0.0393536,0.0870685,1.325944,-0.01782083,-0.1209027,1.281143,-0.06476503,-0.2823547,1.190194,-0.02525694,0.08899474,1.295818,-0.03668905,-0.1096973,1.306902,-0.07285939,-0.2928326,1.287583,-0.03692541,0.448482,1.329661
72057594038000686,0,1.611195,14144.75,-0.03327689,0.08311063,1.334767,-0.04177823,0.5786067,1.344455,0.02027934,0.3935793,1.246054,0.03676895,0.2473454,1.224864,0.0791008,0.108085,1.218268,0.07439294,0.08217135,1.2219,0.04330759,0.4017671,1.405197,0.04968679,0.2525173,1.263425,0.06643239,0.07147348,1.224412,0.07270654,0.04879722,1.234209,-0.0393536,0.0870685,1.325944,-0.01782083,-0.1209027,1.281143,-0.06476503,-0.2823547,1.190194,-0.02525694,0.08899474,1.295818,-0.03668905,-0.1096973,1.306902,-0.07285939,-0.2928326,1.287583,-0.03692541,0.448482,1.329661
72057594038000686,0,1.601416,14144.75,-0.02415201,0.07558802,1.350296,-0.04098475,0.5768708,1.352298,0.02004502,0.3924681,1.252619,0.03867167,0.2471688,1.231705,0.09147228,0.1057666,1.231532,0.09545938,0.08095843,1.240101,0.04322429,0.4000048,1.415817,0.06075412,0.2488493,1.278628,0.0839316,0.0988161,1.243547,0.09478873,0.07588333,1.242636,-0.02935138,0.07871747,1.339972,-0.01663125,-0.1318709,1.293761,-0.06422314,-0.2852615,1.189052,-0.01791683,0.08257174,1.312578,-0.02513803,-0.116947,1.312781,-0.09184675,-0.2907878,1.285682,-0.03598072,0.4460517,1.340909
72057594038000686,0,1.601416,14144.76,-0.02415201,0.07558802,1.350296,-0.04098475,0.5768708,1.352298,0.02004502,0.3924681,1.252619,0.03867167,0.2471688,1.231705,0.09147228,0.1057666,1.231532,0.09545938,0.08095843,1.240101,0.04322429,0.4000048,1.415817,0.06075412,0.2488493,1.278628,0.0839316,0.0988161,1.243547,0.09478873,0.07588333,1.242636,-0.02935138,0.07871747,1.339972,-0.01663125,-0.1318709,1.293761,-0.06422314,-0.2852615,1.189052,-0.01791683,0.08257174,1.312578,-0.02513803,-0.116947,1.312781,-0.09184675,-0.2907878,1.285682,-0.03598072,0.4460517,1.340909
72057594038000686,0,1.601416,14144.76,-0.02415201,0.07558802,1.350296,-0.04098475,0.5768708,1.352298,0.02004502,0.3924681,1.252619,0.03867167,0.2471688,1.231705,0.09147228,0.1057666,1.231532,0.09545938,0.08095843,1.240101,0.04322429,0.4000048,1.415817,0.06075412,0.2488493,1.278628,0.0839316,0.0988161,1.243547,0.09478873,0.07588333,1.242636,-0.02935138,0.07871747,1.339972,-0.01663125,-0.1318709,1.293761,-0.06422314,-0.2852615,1.189052,-0.01791683,0.08257174,1.312578,-0.02513803,-0.116947,1.312781,-0.09184675,-0.2907878,1.285682,-0.03598072,0.4460517,1.340909
72057594038000686,0,1.601416,14144.77,-0.02415201,0.07558802,1.350296,-0.04098475,0.5768708,1.352298,0.02004502,0.3924681,1.252619,0.03867167,0.2471688,1.231705,0.09147228,0.1057666,1.231532,0.09545938,0.08095843,1.240101,0.04322429,0.4000048,1.415817,0.06075412,0.2488493,1.278628,0.0839316,0.0988161,1.243547,0.09478873,0.07588333,1.242636,-0.02935138,0.07871747,1.339972,-0.01663125,-0.1318709,1.293761,-0.06422314,-0.2852615,1.189052,-0.01791683,0.08257174,1.312578,-0.02513803,-0.116947,1.312781,-0.09184675,-0.2907878,1.285682,-0.03598072,0.4460517,1.340909
72057594038000686,0,1.601416,14144.77,-0.02415201,0.07558802,1.350296,-0.04098475,0.5768708,1.352298,0.02004502,0.3924681,1.252619,0.03867167,0.2471688,1.231705,0.09147228,0.1057666,1.231532,0.09545938,0.08095843,1.240101,0.04322429,0.4000048,1.415817,0.06075412,0.2488493,1.278628,0.0839316,0.0988161,1.243547,0.09478873,0.07588333,1.242636,-0.02935138,0.07871747,1.339972,-0.01663125,-0.1318709,1.293761,-0.06422314,-0.2852615,1.189052,-0.01791683,0.08257174,1.312578,-0.02513803,-0.116947,1.312781,-0.09184675,-0.2907878,1.285682,-0.03598072,0.4460517,1.340909
72057594038000686,0,1.601416,14144.77,-0.02415201,0.07558802,1.350296,-0.04098475,0.5768708,1.352298,0.02004502,0.3924681,1.252619,0.03867167,0.2471688,1.231705,0.09147228,0.1057666,1.231532,0.09545938,0.08095843,1.240101,0.04322429,0.4000048,1.415817,0.06075412,0.2488493,1.278628,0.0839316,0.0988161,1.243547,0.09478873,0.07588333,1.242636,-0.02935138,0.07871747,1.339972,-0.01663125,-0.1318709,1.293761,-0.06422314,-0.2852615,1.189052,-0.01791683,0.08257174,1.312578,-0.02513803,-0.116947,1.312781,-0.09184675,-0.2907878,1.285682,-0.03598072,0.4460517,1.340909
72057594038000686,0,1.601416,14144.78,-0.02415201,0.07558802,1.350296,-0.04098475,0.5768708,1.352298,0.02004502,0.3924681,1.252619,0.03867167,0.2471688,1.231705,0.09147228,0.1057666,1.231532,0.09545938,0.08095843,1.240101,0.04322429,0.4000048,1.415817,0.06075412,0.2488493,1.278628,0.0839316,0.0988161,1.243547,0.09478873,0.07588333,1.242636,-0.02935138,0.07871747,1.339972,-0.01663125,-0.1318709,1.293761,-0.06422314,-0.2852615,1.189052,-0.01791683,0.08257174,1.312578,-0.02513803,-0.116947,1.312781,-0.09184675,-0.2907878,1.285682,-0.03598072,0.4460517,1.340909
72057594038000686,0,1.601416,14144.78,-0.02415201,0.07558802,1.350296,-0.04098475,0.5768708,1.352298,0.02004502,0.3924681,1.252619,0.03867167,0.2471688,1.231705,0.09147228,0.1057666,1.231532,0.09545938,0.08095843,1.240101,0.04322429,0.4000048,1.415817,0.06075412,0.2488493,1.278628,0.0839316,0.0988161,1.243547,0.09478873,0.07588333,1.242636,-0.02935138,0.07871747,1.339972,-0.01663125,-0.1318709,1.293761,-0.06422314,-0.2852615,1.189052,-0.01791683,0.08257174,1.312578,-0.02513803,-0.116947,1.312781,-0.09184675,-0.2907878,1.285682,-0.03598072,0.4460517,1.340909
72057594038000686,0,1.601416,14144.79,-0.02415201,0.07558802,1.350296,-0.04098475,0.5768708,1.352298,0.02004502,0.3924681,1.252619,0.03867167,0.2471688,1.231705,0.09147228,0.1057666,1.231532,0.09545938,0.08095843,1.240101,0.04322429,0.4000048,1.415817,0.06075412,0.2488493,1.278628,0.0839316,0.0988161,1.243547,0.09478873,0.07588333,1.242636,-0.02935138,0.07871747,1.339972,-0.01663125,-0.1318709,1.293761,-0.06422314,-0.2852615,1.189052,-0.01791683,0.08257174,1.312578,-0.02513803,-0.116947,1.312781,-0.09184675,-0.2907878,1.285682,-0.03598072,0.4460517,1.340909
72057594038000686,0,1.592185,14144.79,-0.0194157,0.06914088,1.364761,-0.03952224,0.5748141,1.361061,0.02087041,0.3899004,1.260445,0.04100807,0.244845,1.239493,0.1251348,0.1031849,1.269012,0.1267439,0.07220238,1.275725,0.04421349,0.3972889,1.424339,0.07389449,0.2416315,1.295002,0.1051266,0.08749664,1.266664,0.115087,0.06756675,1.271126,-0.02479532,0.07279149,1.353082,-0.01736609,-0.1327065,1.311551,-0.05242004,-0.2880835,1.204763,-0.013316,0.07568812,1.328443,-0.006357187,-0.115796,1.319637,-0.08748024,-0.2833014,1.290167,-0.03440835,0.4427598,1.350342
72057594038000686,0,1.592185,14144.8,-0.0194157,0.06914088,1.364761,-0.03952224,0.5748141,1.361061,0.02087041,0.3899004,1.260445,0.04100807,0.244845,1.239493,0.1251348,0.1031849,1.269012,0.1267439,0.07220238,1.275725,0.04421349,0.3972889,1.424339,0.07389449,0.2416315,1.295002,0.1051266,0.08749664,1.266664,0.115087,0.06756675,1.271126,-0.02479532,0.07279149,1.353082,-0.01736609,-0.1327065,1.311551,-0.05242004,-0.2880835,1.204763,-0.013316,0.07568812,1.328443,-0.006357187,-0.115796,1.319637,-0.08748024,-0.2833014,1.290167,-0.03440835,0.4427598,1.350342
72057594038000686,0,1.592185,14144.8,-0.0194157,0.06914088,1.364761,-0.03952224,0.5748141,1.361061,0.02087041,0.3899004,1.260445,0.04100807,0.244845,1.239493,0.1251348,0.1031849,1.269012,0.1267439,0.07220238,1.275725,0.04421349,0.3972889,1.424339,0.07389449,0.2416315,1.295002,0.1051266,0.08749664,1.266664,0.115087,0.06756675,1.271126,-0.02479532,0.07279149,1.353082,-0.01736609,-0.1327065,1.311551,-0.05242004,-0.2880835,1.204763,-0.013316,0.07568812,1.328443,-0.006357187,-0.115796,1.319637,-0.08748024,-0.2833014,1.290167,-0.03440835,0.4427598,1.350342
72057594038000686,0,1.592185,14144.8,-0.0194157,0.06914088,1.364761,-0.03952224,0.5748141,1.361061,0.02087041,0.3899004,1.260445,0.04100807,0.244845,1.239493,0.1251348,0.1031849,1.269012,0.1267439,0.07220238,1.275725,0.04421349,0.3972889,1.424339,0.07389449,0.2416315,1.295002,0.1051266,0.08749664,1.266664,0.115087,0.06756675,1.271126,-0.02479532,0.07279149,1.353082,-0.01736609,-0.1327065,1.311551,-0.05242004,-0.2880835,1.204763,-0.013316,0.07568812,1.328443,-0.006357187,-0.115796,1.319637,-0.08748024,-0.2833014,1.290167,-0.03440835,0.4427598,1.350342
72057594038000686,0,1.592185,14144.8,-0.0194157,0.06914088,1.364761,-0.03952224,0.5748141,1.361061,0.02087041,0.3899004,1.260445,0.04100807,0.244845,1.239493,0.1251348,0.1031849,1.269012,0.1267439,0.07220238,1.275725,0.04421349,0.3972889,1.424339,0.07389449,0.2416315,1.295002,0.1051266,0.08749664,1.266664,0.115087,0.06756675,1.271126,-0.02479532,0.07279149,1.353082,-0.01736609,-0.1327065,1.311551,-0.05242004,-0.2880835,1.204763,-0.013316,0.07568812,1.328443,-0.006357187,-0.115796,1.319637,-0.08748024,-0.2833014,1.290167,-0.03440835,0.4427598,1.350342
72057594038000686,0,1.592185,14144.81,-0.0194157,0.06914088,1.364761,-0.03952224,0.5748141,1.361061,0.02087041,0.3899004,1.260445,0.04100807,0.244845,1.239493,0.1251348,0.1031849,1.269012,0.1267439,0.07220238,1.275725,0.04421349,0.3972889,1.424339,0.07389449,0.2416315,1.295002,0.1051266,0.08749664,1.266664,0.115087,0.06756675,1.271126,-0.02479532,0.07279149,1.353082,-0.01736609,-0.1327065,1.311551,-0.05242004,-0.2880835,1.204763,-0.013316,0.07568812,1.328443,-0.006357187,-0.115796,1.319637,-0.08748024,-0.2833014,1.290167,-0.03440835,0.4427598,1.350342
72057594038000686,0,1.592185,14144.81,-0.0194157,0.06914088,1.364761,-0.03952224,0.5748141,1.361061,0.02087041,0.3899004,1.260445,0.04100807,0.244845,1.239493,0.1251348,0.1031849,1.269012,0.1267439,0.07220238,1.275725,0.04421349,0.3972889,1.424339,0.07389449,0.2416315,1.295002,0.1051266,0.08749664,1.266664,0.115087,0.06756675,1.271126,-0.02479532,0.07279149,1.353082,-0.01736609,-0.1327065,1.311551,-0.05242004,-0.2880835,1.204763,-0.013316,0.07568812,1.328443,-0.006357187,-0.115796,1.319637,-0.08748024,-0.2833014,1.290167,-0.03440835,0.4427598,1.350342
72057594038000686,0,1.592185,14144.81,-0.0194157,0.06914088,1.364761,-0.03952224,0.5748141,1.361061,0.02087041,0.3899004,1.260445,0.04100807,0.244845,1.239493,0.1251348,0.1031849,1.269012,0.1267439,0.07220238,1.275725,0.04421349,0.3972889,1.424339,0.07389449,0.2416315,1.295002,0.1051266,0.08749664,1.266664,0.115087,0.06756675,1.271126,-0.02479532,0.07279149,1.353082,-0.01736609,-0.1327065,1.311551,-0.05242004,-0.2880835,1.204763,-0.013316,0.07568812,1.328443,-0.006357187,-0.115796,1.319637,-0.08748024,-0.2833014,1.290167,-0.03440835,0.4427598,1.350342
72057594038000686,0,1.592185,14144.82,-0.0194157,0.06914088,1.364761,-0.03952224,0.5748141,1.361061,0.02087041,0.3899004,1.260445,0.04100807,0.244845,1.239493,0.1251348,0.1031849,1.269012,0.1267439,0.07220238,1.275725,0.04421349,0.3972889,1.424339,0.07389449,0.2416315,1.295002,0.1051266,0.08749664,1.266664,0.115087,0.06756675,1.271126,-0.02479532,0.07279149,1.353082,-0.01736609,-0.1327065,1.311551,-0.05242004,-0.2880835,1.204763,-0.013316,0.07568812,1.328443,-0.006357187,-0.115796,1.319637,-0.08748024,-0.2833014,1.290167,-0.03440835,0.4427598,1.350342
72057594038000686,0,1.592185,14144.82,-0.0194157,0.06914088,1.364761,-0.03952224,0.5748141,1.361061,0.02087041,0.3899004,1.260445,0.04100807,0.244845,1.239493,0.1251348,0.1031849,1.269012,0.1267439,0.07220238,1.275725,0.04421349,0.3972889,1.424339,0.07389449,0.2416315,1.295002,0.1051266,0.08749664,1.266664,0.115087,0.06756675,1.271126,-0.02479532,0.07279149,1.353082,-0.01736609,-0.1327065,1.311551,-0.05242004,-0.2880835,1.204763,-0.013316,0.07568812,1.328443,-0.006357187,-0.115796,1.319637,-0.08748024,-0.2833014,1.290167,-0.03440835,0.4427598,1.350342
72057594038000686,0,1.583557,14144.82,-0.01519711,0.06553182,1.376953,-0.03670491,0.572291,1.370615,0.02316932,0.3877823,1.268397,0.04431333,0.2424112,1.247477,0.1432445,0.1158121,1.300745,0.1492178,0.0832887,1.306553,0.0465836,0.3951789,1.432422,0.08910071,0.2332408,1.314697,0.1439163,0.07661557,1.305097,0.1466801,0.04976436,1.313846,-0.02064669,0.06921452,1.364505,-0.02288686,-0.1332325,1.3248,-0.04912774,-0.2921379,1.21924,-0.009226214,0.07209602,1.341353,0.01521304,-0.1159549,1.331314,-0.08054695,-0.275215,1.291639,-0.0316592,0.4403546,1.359028
72057594038000686,0,1.583557,14144.82,-0.01519711,0.06553182,1.376953,-0.03670491,0.572291,1.370615,0.02316932,0.3877823,1.268397,0.04431333,0.2424112,1.247477,0.1432445,0.1158121,1.300745,0.1492178,0.0832887,1.306553,0.0465836,0.3951789,1.432422,0.08910071,0.2332408,1.314697,0.1439163,0.07661557,1.305097,0.1466801,0.04976436,1.313846,-0.02064669,0.06921452,1.364505,-0.02288686,-0.1332325,1.3248,-0.04912774,-0.2921379,1.21924,-0.009226214,0.07209602,1.341353,0.01521304,-0.1159549,1.331314,-0.08054695,-0.275215,1.291639,-0.0316592,0.4403546,1.359028
72057594038000686,0,1.583557,14144.83,-0.01519711,0.06553182,1.376953,-0.03670491,0.572291,1.370615,0.02316932,0.3877823,1.268397,0.04431333,0.2424112,1.247477,0.1432445,0.1158121,1.300745,0.1492178,0.0832887,1.306553,0.0465836,0.3951789,1.432422,0.08910071,0.2332408,1.314697,0.1439163,0.07661557,1.305097,0.1466801,0.04976436,1.313846,-0.02064669,0.06921452,1.364505,-0.02288686,-0.1332325,1.3248,-0.04912774,-0.2921379,1.21924,-0.009226214,0.07209602,1.341353,0.01521304,-0.1159549,1.331314,-0.08054695,-0.275215,1.291639,-0.0316592,0.4403546,1.359028
72057594038000686,0,1.583557,14144.83,-0.01519711,0.06553182,1.376953,-0.03670491,0.572291,1.370615,0.02316932,0.3877823,1.268397,0.04431333,0.2424112,1.247477,0.1432445,0.1158121,1.300745,0.1492178,0.0832887,1.306553,0.0465836,0.3951789,1.432422,0.08910071,0.2332408,1.314697,0.1439163,0.07661557,1.305097,0.1466801,0.04976436,1.313846,-0.02064669,0.06921452,1.364505,-0.02288686,-0.1332325,1.3248,-0.04912774,-0.2921379,1.21924,-0.009226214,0.07209602,1.341353,0.01521304,-0.1159549,1.331314,-0.08054695,-0.275215,1.291639,-0.0316592,0.4403546,1.359028
72057594038000686,0,1.583557,14144.83,-0.01519711,0.06553182,1.376953,-0.03670491,0.572291,1.370615,0.02316932,0.3877823,1.268397,0.04431333,0.2424112,1.247477,0.1432445,0.1158121,1.300745,0.1492178,0.0832887,1.306553,0.0465836,0.3951789,1.432422,0.08910071,0.2332408,1.314697,0.1439163,0.07661557,1.305097,0.1466801,0.04976436,1.313846,-0.02064669,0.06921452,1.364505,-0.02288686,-0.1332325,1.3248,-0.04912774,-0.2921379,1.21924,-0.009226214,0.07209602,1.341353,0.01521304,-0.1159549,1.331314,-0.08054695,-0.275215,1.291639,-0.0316592,0.4403546,1.359028
72057594038000686,0,1.583557,14144.84,-0.01519711,0.06553182,1.376953,-0.03670491,0.572291,1.370615,0.02316932,0.3877823,1.268397,0.04431333,0.2424112,1.247477,0.1432445,0.1158121,1.300745,0.1492178,0.0832887,1.306553,0.0465836,0.3951789,1.432422,0.08910071,0.2332408,1.314697,0.1439163,0.07661557,1.305097,0.1466801,0.04976436,1.313846,-0.02064669,0.06921452,1.364505,-0.02288686,-0.1332325,1.3248,-0.04912774,-0.2921379,1.21924,-0.009226214,0.07209602,1.341353,0.01521304,-0.1159549,1.331314,-0.08054695,-0.275215,1.291639,-0.0316592,0.4403546,1.359028
72057594038000686,0,1.583557,14144.84,-0.01519711,0.06553182,1.376953,-0.03670491,0.572291,1.370615,0.02316932,0.3877823,1.268397,0.04431333,0.2424112,1.247477,0.1432445,0.1158121,1.300745,0.1492178,0.0832887,1.306553,0.0465836,0.3951789,1.432422,0.08910071,0.2332408,1.314697,0.1439163,0.07661557,1.305097,0.1466801,0.04976436,1.313846,-0.02064669,0.06921452,1.364505,-0.02288686,-0.1332325,1.3248,-0.04912774,-0.2921379,1.21924,-0.009226214,0.07209602,1.341353,0.01521304,-0.1159549,1.331314,-0.08054695,-0.275215,1.291639,-0.0316592,0.4403546,1.359028
72057594038000686,0,1.583557,14144.84,-0.01519711,0.06553182,1.376953,-0.03670491,0.572291,1.370615,0.02316932,0.3877823,1.268397,0.04431333,0.2424112,1.247477,0.1432445,0.1158121,1.300745,0.1492178,0.0832887,1.306553,0.0465836,0.3951789,1.432422,0.08910071,0.2332408,1.314697,0.1439163,0.07661557,1.305097,0.1466801,0.04976436,1.313846,-0.02064669,0.06921452,1.364505,-0.02288686,-0.1332325,1.3248,-0.04912774,-0.2921379,1.21924,-0.009226214,0.07209602,1.341353,0.01521304,-0.1159549,1.331314,-0.08054695,-0.275215,1.291639,-0.0316592,0.4403546,1.359028
72057594038000686,0,1.583557,14144.84,-0.01519711,0.06553182,1.376953,-0.03670491,0.572291,1.370615,0.02316932,0.3877823,1.268397,0.04431333,0.2424112,1.247477,0.1432445,0.1158121,1.300745,0.1492178,0.0832887,1.306553,0.0465836,0.3951789,1.432422,0.08910071,0.2332408,1.314697,0.1439163,0.07661557,1.305097,0.1466801,0.04976436,1.313846,-0.02064669,0.06921452,1.364505,-0.02288686,-0.1332325,1.3248,-0.04912774,-0.2921379,1.21924,-0.009226214,0.07209602,1.341353,0.01521304,-0.1159549,1.331314,-0.08054695,-0.275215,1.291639,-0.0316592,0.4403546,1.359028
72057594038000686,0,1.583557,14144.85,-0.01519711,0.06553182,1.376953,-0.03670491,0.572291,1.370615,0.02316932,0.3877823,1.268397,0.04431333,0.2424112,1.247477,0.1432445,0.1158121,1.300745,0.1492178,0.0832887,1.306553,0.0465836,0.3951789,1.432422,0.08910071,0.2332408,1.314697,0.1439163,0.07661557,1.305097,0.1466801,0.04976436,1.313846,-0.02064669,0.06921452,1.364505,-0.02288686,-0.1332325,1.3248,-0.04912774,-0.2921379,1.21924,-0.009226214,0.07209602,1.341353,0.01521304,-0.1159549,1.331314,-0.08054695,-0.275215,1.291639,-0.0316592,0.4403546,1.359028
72057594038000686,0,1.583557,14144.85,-0.01519711,0.06553182,1.376953,-0.03670491,0.572291,1.370615,0.02316932,0.3877823,1.268397,0.04431333,0.2424112,1.247477,0.1432445,0.1158121,1.300745,0.1492178,0.0832887,1.306553,0.0465836,0.3951789,1.432422,0.08910071,0.2332408,1.314697,0.1439163,0.07661557,1.305097,0.1466801,0.04976436,1.313846,-0.02064669,0.06921452,1.364505,-0.02288686,-0.1332325,1.3248,-0.04912774,-0.2921379,1.21924,-0.009226214,0.07209602,1.341353,0.01521304,-0.1159549,1.331314,-0.08054695,-0.275215,1.291639,-0.0316592,0.4403546,1.359028
72057594038000686,0,1.574842,14144.85,-0.01464087,0.0656727,1.387041,-0.03361471,0.570852,1.378416,-0.1198568,0.38277,1.375314,-0.1555158,0.2051377,1.411008,-0.1566991,0.06142372,1.46921,-0.1536705,0.05255845,1.467856,0.04911419,0.3932954,1.441042,0.09959012,0.230186,1.329821,0.1493843,0.08606741,1.316648,0.160313,0.05503401,1.335273,-0.03917009,0.06767651,1.379364,-0.02989485,-0.1318444,1.337233,-0.05548931,-0.3063596,1.261904,0.01245852,0.07410258,1.35824,0.02970307,-0.1240037,1.33422,-0.1033432,-0.2595535,1.31296,-0.02926615,0.4386368,1.367822
72057594038000686,0,1.574842,14144.86,-0.01464087,0.0656727,1.387041,-0.03361471,0.570852,1.378416,-0.1198568,0.38277,1.375314,-0.1555158,0.2051377,1.411008,-0.1566991,0.06142372,1.46921,-0.1536705,0.05255845,1.467856,0.04911419,0.3932954,1.441042,0.09959012,0.230186,1.329821,0.1493843,0.08606741,1.316648,0.160313,0.05503401,1.335273,-0.03917009,0.06767651,1.379364,-0.02989485,-0.1318444,1.337233,-0.05548931,-0.3063596,1.261904,0.01245852,0.07410258,1.35824,0.02970307,-0.1240037,1.33422,-0.1033432,-0.2595535,1.31296,-0.02926615,0.4386368,1.367822
72057594038000686,0,1.574842,14144.86,-0.01464087,0.0656727,1.387041,-0.03361471,0.570852,1.378416,-0.1198568,0.38277,1.375314,-0.1555158,0.2051377,1.411008,-0.1566991,0.06142372,1.46921,-0.1536705,0.05255845,1.467856,0.04911419,0.3932954,1.441042,0.09959012,0.230186,1.329821,0.1493843,0.08606741,1.316648,0.160313,0.05503401,1.335273,-0.03917009,0.06767651,1.379364,-0.02989485,-0.1318444,1.337233,-0.05548931,-0.3063596,1.261904,0.01245852,0.07410258,1.35824,0.02970307,-0.1240037,1.33422,-0.1033432,-0.2595535,1.31296,-0.02926615,0.4386368,1.367822
72057594038000686,0,1.574842,14144.86,-0.01464087,0.0656727,1.387041,-0.03361471,0.570852,1.378416,-0.1198568,0.38277,1.375314,-0.1555158,0.2051377,1.411008,-0.1566991,0.06142372,1.46921,-0.1536705,0.05255845,1.467856,0.04911419,0.3932954,1.441042,0.09959012,0.230186,1.329821,0.1493843,0.08606741,1.316648,0.160313,0.05503401,1.335273,-0.03917009,0.06767651,1.379364,-0.02989485,-0.1318444,1.337233,-0.05548931,-0.3063596,1.261904,0.01245852,0.07410258,1.35824,0.02970307,-0.1240037,1.33422,-0.1033432,-0.2595535,1.31296,-0.02926615,0.4386368,1.367822
72057594038000686,0,1.574842,14144.87,-0.01464087,0.0656727,1.387041,-0.03361471,0.570852,1.378416,-0.1198568,0.38277,1.375314,-0.1555158,0.2051377,1.411008,-0.1566991,0.06142372,1.46921,-0.1536705,0.05255845,1.467856,0.04911419,0.3932954,1.441042,0.09959012,0.230186,1.329821,0.1493843,0.08606741,1.316648,0.160313,0.05503401,1.335273,-0.03917009,0.06767651,1.379364,-0.02989485,-0.1318444,1.337233,-0.05548931,-0.3063596,1.261904,0.01245852,0.07410258,1.35824,0.02970307,-0.1240037,1.33422,-0.1033432,-0.2595535,1.31296,-0.02926615,0.4386368,1.367822
72057594038000686,0,1.574842,14144.87,-0.01464087,0.0656727,1.387041,-0.03361471,0.570852,1.378416,-0.1198568,0.38277,1.375314,-0.1555158,0.2051377,1.411008,-0.1566991,0.06142372,1.46921,-0.1536705,0.05255845,1.467856,0.04911419,0.3932954,1.441042,0.09959012,0.230186,1.329821,0.1493843,0.08606741,1.316648,0.160313,0.05503401,1.335273,-0.03917009,0.06767651,1.379364,-0.02989485,-0.1318444,1.337233,-0.05548931,-0.3063596,1.261904,0.01245852,0.07410258,1.35824,0.02970307,-0.1240037,1.33422,-0.1033432,-0.2595535,1.31296,-0.02926615,0.4386368,1.367822
72057594038000686,0,1.574842,14144.87,-0.01464087,0.0656727,1.387041,-0.03361471,0.570852,1.378416,-0.1198568,0.38277,1.375314,-0.1555158,0.2051377,1.411008,-0.1566991,0.06142372,1.46921,-0.1536705,0.05255845,1.467856,0.04911419,0.3932954,1.441042,0.09959012,0.230186,1.329821,0.1493843,0.08606741,1.316648,0.160313,0.05503401,1.335273,-0.03917009,0.06767651,1.379364,-0.02989485,-0.1318444,1.337233,-0.05548931,-0.3063596,1.261904,0.01245852,0.07410258,1.35824,0.02970307,-0.1240037,1.33422,-0.1033432,-0.2595535,1.31296,-0.02926615,0.4386368,1.367822
72057594038000686,0,1.574842,14144.87,-0.01464087,0.0656727,1.387041,-0.03361471,0.570852,1.378416,-0.1198568,0.38277,1.375314,-0.1555158,0.2051377,1.411008,-0.1566991,0.06142372,1.46921,-0.1536705,0.05255845,1.467856,0.04911419,0.3932954,1.441042,0.09959012,0.230186,1.329821,0.1493843,0.08606741,1.316648,0.160313,0.05503401,1.335273,-0.03917009,0.06767651,1.379364,-0.02989485,-0.1318444,1.337233,-0.05548931,-0.3063596,1.261904,0.01245852,0.07410258,1.35824,0.02970307,-0.1240037,1.33422,-0.1033432,-0.2595535,1.31296,-0.02926615,0.4386368,1.367822
72057594038000686,0,1.574842,14144.88,-0.01464087,0.0656727,1.387041,-0.03361471,0.570852,1.378416,-0.1198568,0.38277,1.375314,-0.1555158,0.2051377,1.411008,-0.1566991,0.06142372,1.46921,-0.1536705,0.05255845,1.467856,0.04911419,0.3932954,1.441042,0.09959012,0.230186,1.329821,0.1493843,0.08606741,1.316648,0.160313,0.05503401,1.335273,-0.03917009,0.06767651,1.379364,-0.02989485,-0.1318444,1.337233,-0.05548931,-0.3063596,1.261904,0.01245852,0.07410258,1.35824,0.02970307,-0.1240037,1.33422,-0.1033432,-0.2595535,1.31296,-0.02926615,0.4386368,1.367822
72057594038000686,0,1.574842,14144.88,-0.01464087,0.0656727,1.387041,-0.03361471,0.570852,1.378416,-0.1198568,0.38277,1.375314,-0.1555158,0.2051377,1.411008,-0.1566991,0.06142372,1.46921,-0.1536705,0.05255845,1.467856,0.04911419,0.3932954,1.441042,0.09959012,0.230186,1.329821,0.1493843,0.08606741,1.316648,0.160313,0.05503401,1.335273,-0.03917009,0.06767651,1.379364,-0.02989485,-0.1318444,1.337233,-0.05548931,-0.3063596,1.261904,0.01245852,0.07410258,1.35824,0.02970307,-0.1240037,1.33422,-0.1033432,-0.2595535,1.31296,-0.02926615,0.4386368,1.367822
72057594038000686,0,1.574842,14144.88,-0.01464087,0.0656727,1.387041,-0.03361471,0.570852,1.378416,-0.1198568,0.38277,1.375314,-0.1555158,0.2051377,1.411008,-0.1566991,0.06142372,1.46921,-0.1536705,0.05255845,1.467856,0.04911419,0.3932954,1.441042,0.09959012,0.230186,1.329821,0.1493843,0.08606741,1.316648,0.160313,0.05503401,1.335273,-0.03917009,0.06767651,1.379364,-0.02989485,-0.1318444,1.337233,-0.05548931,-0.3063596,1.261904,0.01245852,0.07410258,1.35824,0.02970307,-0.1240037,1.33422,-0.1033432,-0.2595535,1.31296,-0.02926615,0.4386368,1.367822
72057594038000686,0,1.574842,14144.88,-0.01464087,0.0656727,1.387041,-0.03361471,0.570852,1.378416,-0.1198568,0.38277,1.375314,-0.1555158,0.2051377,1.411008,-0.1566991,0.06142372,1.46921,-0.1536705,0.05255845,1.467856,0.04911419,0.3932954,1.441042,0.09959012,0.230186,1.329821,0.1493843,0.08606741,1.316648,0.160313,0.05503401,1.335273,-0.03917009,0.06767651,1.379364,-0.02989485,-0.1318444,1.337233,-0.05548931,-0.3063596,1.261904,0.01245852,0.07410258,1.35824,0.02970307,-0.1240037,1.33422,-0.1033432,-0.2595535,1.31296,-0.02926615,0.4386368,1.367822
72057594038000686,0,1.569899,14144.89,-0.01214363,0.06312406,1.394376,-0.02824554,0.5685329,1.389267,-0.1190003,0.3827103,1.376487,-0.1549179,0.2040768,1.412064,-0.1553299,0.06206375,1.46905,-0.1507613,0.05135471,1.469103,0.06242239,0.377071,1.329516,0.120667,0.196706,1.327852,0.1737553,0.06659797,1.353803,0.1750413,0.04462007,1.361135,-0.04071532,0.06640506,1.38292,-0.03495634,-0.1331872,1.344193,-0.05217192,-0.3077797,1.266456,0.01901473,0.07057592,1.36342,0.05687443,-0.1277433,1.346398,-0.09546431,-0.2629668,1.30795,-0.02483349,0.4363939,1.377611
72057594038000686,0,1.569899,14144.89,-0.01214363,0.06312406,1.394376,-0.02824554,0.5685329,1.389267,-0.1190003,0.3827103,1.376487,-0.1549179,0.2040768,1.412064,-0.1553299,0.06206375,1.46905,-0.1507613,0.05135471,1.469103,0.06242239,0.377071,1.329516,0.120667,0.196706,1.327852,0.1737553,0.06659797,1.353803,0.1750413,0.04462007,1.361135,-0.04071532,0.06640506,1.38292,-0.03495634,-0.1331872,1.344193,-0.05217192,-0.3077797,1.266456,0.01901473,0.07057592,1.36342,0.05687443,-0.1277433,1.346398,-0.09546431,-0.2629668,1.30795,-0.02483349,0.4363939,1.377611
72057594038000686,0,1.569899,14144.89,-0.01214363,0.06312406,1.394376,-0.02824554,0.5685329,1.389267,-0.1190003,0.3827103,1.376487,-0.1549179,0.2040768,1.412064,-0.1553299,0.06206375,1.46905,-0.1507613,0.05135471,1.469103,0.06242239,0.377071,1.329516,0.120667,0.196706,1.327852,0.1737553,0.06659797,1.353803,0.1750413,0.04462007,1.361135,-0.04071532,0.06640506,1.38292,-0.03495634,-0.1331872,1.344193,-0.05217192,-0.3077797,1.266456,0.01901473,0.07057592,1.36342,0.05687443,-0.1277433,1.346398,-0.09546431,-0.2629668,1.30795,-0.02483349,0.4363939,1.377611
72057594038000686,0,1.569899,14144.9,-0.01214363,0.06312406,1.394376,-0.02824554,0.5685329,1.389267,-0.1190003,0.3827103,1.376487,-0.1549179,0.2040768,1.412064,-0.1553299,0.06206375,1.46905,-0.1507613,0.05135471,1.469103,0.06242239,0.377071,1.329516,0.120667,0.196706,1.327852,0.1737553,0.06659797,1.353803,0.1750413,0.04462007,1.361135,-0.04071532,0.06640506,1.38292,-0.03495634,-0.1331872,1.344193,-0.05217192,-0.3077797,1.266456,0.01901473,0.07057592,1.36342,0.05687443,-0.1277433,1.346398,-0.09546431,-0.2629668,1.30795,-0.02483349,0.4363939,1.377611
72057594038000686,0,1.569899,14144.91,-0.01214363,0.06312406,1.394376,-0.02824554,0.5685329,1.389267,-0.1190003,0.3827103,1.376487,-0.1549179,0.2040768,1.412064,-0.1553299,0.06206375,1.46905,-0.1507613,0.05135471,1.469103,0.06242239,0.377071,1.329516,0.120667,0.196706,1.327852,0.1737553,0.06659797,1.353803,0.1750413,0.04462007,1.361135,-0.04071532,0.06640506,1.38292,-0.03495634,-0.1331872,1.344193,-0.05217192,-0.3077797,1.266456,0.01901473,0.07057592,1.36342,0.05687443,-0.1277433,1.346398,-0.09546431,-0.2629668,1.30795,-0.02483349,0.4363939,1.377611
72057594038000686,0,1.569899,14144.91,-0.01214363,0.06312406,1.394376,-0.02824554,0.5685329,1.389267,-0.1190003,0.3827103,1.376487,-0.1549179,0.2040768,1.412064,-0.1553299,0.06206375,1.46905,-0.1507613,0.05135471,1.469103,0.06242239,0.377071,1.329516,0.120667,0.196706,1.327852,0.1737553,0.06659797,1.353803,0.1750413,0.04462007,1.361135,-0.04071532,0.06640506,1.38292,-0.03495634,-0.1331872,1.344193,-0.05217192,-0.3077797,1.266456,0.01901473,0.07057592,1.36342,0.05687443,-0.1277433,1.346398,-0.09546431,-0.2629668,1.30795,-0.02483349,0.4363939,1.377611
72057594038000686,0,1.569899,14144.91,-0.01214363,0.06312406,1.394376,-0.02824554,0.5685329,1.389267,-0.1190003,0.3827103,1.376487,-0.1549179,0.2040768,1.412064,-0.1553299,0.06206375,1.46905,-0.1507613,0.05135471,1.469103,0.06242239,0.377071,1.329516,0.120667,0.196706,1.327852,0.1737553,0.06659797,1.353803,0.1750413,0.04462007,1.361135,-0.04071532,0.06640506,1.38292,-0.03495634,-0.1331872,1.344193,-0.05217192,-0.3077797,1.266456,0.01901473,0.07057592,1.36342,0.05687443,-0.1277433,1.346398,-0.09546431,-0.2629668,1.30795,-0.02483349,0.4363939,1.377611
72057594038000686,0,1.569899,14144.92,-0.01214363,0.06312406,1.394376,-0.02824554,0.5685329,1.389267,-0.1190003,0.3827103,1.376487,-0.1549179,0.2040768,1.412064,-0.1553299,0.06206375,1.46905,-0.1507613,0.05135471,1.469103,0.06242239,0.377071,1.329516,0.120667,0.196706,1.327852,0.1737553,0.06659797,1.353803,0.1750413,0.04462007,1.361135,-0.04071532,0.06640506,1.38292,-0.03495634,-0.1331872,1.344193,-0.05217192,-0.3077797,1.266456,0.01901473,0.07057592,1.36342,0.05687443,-0.1277433,1.346398,-0.09546431,-0.2629668,1.30795,-0.02483349,0.4363939,1.377611
72057594038000686,0,1.569899,14144.92,-0.01214363,0.06312406,1.394376,-0.02824554,0.5685329,1.389267,-0.1190003,0.3827103,1.376487,-0.1549179,0.2040768,1.412064,-0.1553299,0.06206375,1.46905,-0.1507613,0.05135471,1.469103,0.06242239,0.377071,1.329516,0.120667,0.196706,1.327852,0.1737553,0.06659797,1.353803,0.1750413,0.04462007,1.361135,-0.04071532,0.06640506,1.38292,-0.03495634,-0.1331872,1.344193,-0.05217192,-0.3077797,1.266456,0.01901473,0.07057592,1.36342,0.05687443,-0.1277433,1.346398,-0.09546431,-0.2629668,1.30795,-0.02483349,0.4363939,1.377611
72057594038000686,0,1.562242,14144.92,-0.008347744,0.06159541,1.40431,-0.02301902,0.5673126,1.397708,-0.1149954,0.3816471,1.381786,-0.1526993,0.2023418,1.414106,-0.1539191,0.06078663,1.4689,-0.1470679,0.04876694,1.468873,0.06454253,0.3767973,1.333711,0.1327517,0.1951257,1.350252,0.1811235,0.06275791,1.371574,0.1808287,0.03580868,1.390256,-0.04059254,0.06586286,1.389807,-0.05665056,-0.1337735,1.355,-0.06912184,-0.3148193,1.294471,0.02545885,0.06788188,1.372236,0.0712378,-0.132778,1.361542,0.03971088,-0.3042409,1.280138,-0.01938547,0.4353174,1.387673
72057594038000686,0,1.562242,14144.92,-0.008347744,0.06159541,1.40431,-0.02301902,0.5673126,1.397708,-0.1149954,0.3816471,1.381786,-0.1526993,0.2023418,1.414106,-0.1539191,0.06078663,1.4689,-0.1470679,0.04876694,1.468873,0.06454253,0.3767973,1.333711,0.1327517,0.1951257,1.350252,0.1811235,0.06275791,1.371574,0.1808287,0.03580868,1.390256,-0.04059254,0.06586286,1.389807,-0.05665056,-0.1337735,1.355,-0.06912184,-0.3148193,1.294471,0.02545885,0.06788188,1.372236,0.0712378,-0.132778,1.361542,0.03971088,-0.3042409,1.280138,-0.01938547,0.4353174,1.387673
72057594038000686,0,1.562242,14144.94,-0.008347744,0.06159541,1.40431,-0.02301902,0.5673126,1.397708,-0.1149954,0.3816471,1.381786,-0.1526993,0.2023418,1.414106,-0.1539191,0.06078663,1.4689,-0.1470679,0.04876694,1.468873,0.06454253,0.3767973,1.333711,0.1327517,0.1951257,1.350252,0.1811235,0.06275791,1.371574,0.1808287,0.03580868,1.390256,-0.04059254,0.06586286,1.389807,-0.05665056,-0.1337735,1.355,-0.06912184,-0.3148193,1.294471,0.02545885,0.06788188,1.372236,0.0712378,-0.132778,1.361542,0.03971088,-0.3042409,1.280138,-0.01938547,0.4353174,1.387673
72057594038000686,0,1.562242,14144.94,-0.008347744,0.06159541,1.40431,-0.02301902,0.5673126,1.397708,-0.1149954,0.3816471,1.381786,-0.1526993,0.2023418,1.414106,-0.1539191,0.06078663,1.4689,-0.1470679,0.04876694,1.468873,0.06454253,0.3767973,1.333711,0.1327517,0.1951257,1.350252,0.1811235,0.06275791,1.371574,0.1808287,0.03580868,1.390256,-0.04059254,0.06586286,1.389807,-0.05665056,-0.1337735,1.355,-0.06912184,-0.3148193,1.294471,0.02545885,0.06788188,1.372236,0.0712378,-0.132778,1.361542,0.03971088,-0.3042409,1.280138,-0.01938547,0.4353174,1.387673
72057594038000686,0,1.562242,14144.94,-0.008347744,0.06159541,1.40431,-0.02301902,0.5673126,1.397708,-0.1149954,0.3816471,1.381786,-0.1526993,0.2023418,1.414106,-0.1539191,0.06078663,1.4689,-0.1470679,0.04876694,1.468873,0.06454253,0.3767973,1.333711,0.1327517,0.1951257,1.350252,0.1811235,0.06275791,1.371574,0.1808287,0.03580868,1.390256,-0.04059254,0.06586286,1.389807,-0.05665056,-0.1337735,1.355,-0.06912184,-0.3148193,1.294471,0.02545885,0.06788188,1.372236,0.0712378,-0.132778,1.361542,0.03971088,-0.3042409,1.280138,-0.01938547,0.4353174,1.387673
72057594038000686,0,1.562242,14144.95,-0.008347744,0.06159541,1.40431,-0.02301902,0.5673126,1.397708,-0.1149954,0.3816471,1.381786,-0.1526993,0.2023418,1.414106,-0.1539191,0.06078663,1.4689,-0.1470679,0.04876694,1.468873,0.06454253,0.3767973,1.333711,0.1327517,0.1951257,1.350252,0.1811235,0.06275791,1.371574,0.1808287,0.03580868,1.390256,-0.04059254,0.06586286,1.389807,-0.05665056,-0.1337735,1.355,-0.06912184,-0.3148193,1.294471,0.02545885,0.06788188,1.372236,0.0712378,-0.132778,1.361542,0.03971088,-0.3042409,1.280138,-0.01938547,0.4353174,1.387673
72057594038000686,0,1.562242,14144.95,-0.008347744,0.06159541,1.40431,-0.02301902,0.5673126,1.397708,-0.1149954,0.3816471,1.381786,-0.1526993,0.2023418,1.414106,-0.1539191,0.06078663,1.4689,-0.1470679,0.04876694,1.468873,0.06454253,0.3767973,1.333711,0.1327517,0.1951257,1.350252,0.1811235,0.06275791,1.371574,0.1808287,0.03580868,1.390256,-0.04059254,0.06586286,1.389807,-0.05665056,-0.1337735,1.355,-0.06912184,-0.3148193,1.294471,0.02545885,0.06788188,1.372236,0.0712378,-0.132778,1.361542,0.03971088,-0.3042409,1.280138,-0.01938547,0.4353174,1.387673
72057594038000686,0,1.562242,14144.95,-0.008347744,0.06159541,1.40431,-0.02301902,0.5673126,1.397708,-0.1149954,0.3816471,1.381786,-0.1526993,0.2023418,1.414106,-0.1539191,0.06078663,1.4689,-0.1470679,0.04876694,1.468873,0.06454253,0.3767973,1.333711,0.1327517,0.1951257,1.350252,0.1811235,0.06275791,1.371574,0.1808287,0.03580868,1.390256,-0.04059254,0.06586286,1.389807,-0.05665056,-0.1337735,1.355,-0.06912184,-0.3148193,1.294471,0.02545885,0.06788188,1.372236,0.0712378,-0.132778,1.361542,0.03971088,-0.3042409,1.280138,-0.01938547,0.4353174,1.387673
72057594038000686,0,1.556095,14144.96,-0.003357288,0.06072837,1.412109,-0.01516266,0.5652754,1.408439,-0.109173,0.3797306,1.389868,-0.1488005,0.2016429,1.416777,-0.1486741,0.0594286,1.467386,-0.1409598,0.04927856,1.468947,0.07386425,0.3758297,1.345217,0.1388584,0.1953353,1.363585,0.1887957,0.07025293,1.405924,0.1917879,0.02370706,1.418126,-0.03802659,0.06560653,1.396311,-0.05909268,-0.1321191,1.357096,-0.06881952,-0.3134182,1.29617,0.0322034,0.06616458,1.380146,0.09282812,-0.1149998,1.402671,0.05654632,-0.2822031,1.313232,-0.01195731,0.4340393,1.397899
72057594038000686,0,1.556095,14144.96,-0.003357288,0.06072837,1.412109,-0.01516266,0.5652754,1.408439,-0.109173,0.3797306,1.389868,-0.1488005,0.2016429,1.416777,-0.1486741,0.0594286,1.467386,-0.1409598,0.04927856,1.468947,0.07386425,0.3758297,1.345217,0.1388584,0.1953353,1.363585,0.1887957,0.07025293,1.405924,0.1917879,0.02370706,1.418126,-0.03802659,0.06560653,1.396311,-0.05909268,-0.1321191,1.357096,-0.06881952,-0.3134182,1.29617,0.0322034,0.06616458,1.380146,0.09282812,-0.1149998,1.402671,0.05654632,-0.2822031,1.313232,-0.01195731,0.4340393,1.397899
72057594038000686,0,1.556095,14144.96,-0.003357288,0.06072837,1.412109,-0.01516266,0.5652754,1.408439,-0.109173,0.3797306,1.389868,-0.1488005,0.2016429,1.416777,-0.1486741,0.0594286,1.467386,-0.1409598,0.04927856,1.468947,0.07386425,0.3758297,1.345217,0.1388584,0.1953353,1.363585,0.1887957,0.07025293,1.405924,0.1917879,0.02370706,1.418126,-0.03802659,0.06560653,1.396311,-0.05909268,-0.1321191,1.357096,-0.06881952,-0.3134182,1.29617,0.0322034,0.06616458,1.380146,0.09282812,-0.1149998,1.402671,0.05654632,-0.2822031,1.313232,-0.01195731,0.4340393,1.397899
72057594038000686,0,1.556095,14144.96,-0.003357288,0.06072837,1.412109,-0.01516266,0.5652754,1.408439,-0.109173,0.3797306,1.389868,-0.1488005,0.2016429,1.416777,-0.1486741,0.0594286,1.467386,-0.1409598,0.04927856,1.468947,0.07386425,0.3758297,1.345217,0.1388584,0.1953353,1.363585,0.1887957,0.07025293,1.405924,0.1917879,0.02370706,1.418126,-0.03802659,0.06560653,1.396311,-0.05909268,-0.1321191,1.357096,-0.06881952,-0.3134182,1.29617,0.0322034,0.06616458,1.380146,0.09282812,-0.1149998,1.402671,0.05654632,-0.2822031,1.313232,-0.01195731,0.4340393,1.397899
72057594038000686,0,1.556095,14144.97,-0.003357288,0.06072837,1.412109,-0.01516266,0.5652754,1.408439,-0.109173,0.3797306,1.389868,-0.1488005,0.2016429,1.416777,-0.1486741,0.0594286,1.467386,-0.1409598,0.04927856,1.468947,0.07386425,0.3758297,1.345217,0.1388584,0.1953353,1.363585,0.1887957,0.07025293,1.405924,0.1917879,0.02370706,1.418126,-0.03802659,0.06560653,1.396311,-0.05909268,-0.1321191,1.357096,-0.06881952,-0.3134182,1.29617,0.0322034,0.06616458,1.380146,0.09282812,-0.1149998,1.402671,0.05654632,-0.2822031,1.313232,-0.01195731,0.4340393,1.397899
72057594038000686,0,1.556095,14144.97,-0.003357288,0.06072837,1.412109,-0.01516266,0.5652754,1.408439,-0.109173,0.3797306,1.389868,-0.1488005,0.2016429,1.416777,-0.1486741,0.0594286,1.467386,-0.1409598,0.04927856,1.468947,0.07386425,0.3758297,1.345217,0.1388584,0.1953353,1.363585,0.1887957,0.07025293,1.405924,0.1917879,0.02370706,1.418126,-0.03802659,0.06560653,1.396311,-0.05909268,-0.1321191,1.357096,-0.06881952,-0.3134182,1.29617,0.0322034,0.06616458,1.380146,0.09282812,-0.1149998,1.402671,0.05654632,-0.2822031,1.313232,-0.01195731,0.4340393,1.397899
72057594038000686,0,1.556095,14144.97,-0.003357288,0.06072837,1.412109,-0.01516266,0.5652754,1.408439,-0.109173,0.3797306,1.389868,-0.1488005,0.2016429,1.416777,-0.1486741,0.0594286,1.467386,-0.1409598,0.04927856,1.468947,0.07386425,0.3758297,1.345217,0.1388584,0.1953353,1.363585,0.1887957,0.07025293,1.405924,0.1917879,0.02370706,1.418126,-0.03802659,0.06560653,1.396311,-0.05909268,-0.1321191,1.357096,-0.06881952,-0.3134182,1.29617,0.0322034,0.06616458,1.380146,0.09282812,-0.1149998,1.402671,0.05654632,-0.2822031,1.313232,-0.01195731,0.4340393,1.397899
72057594038000686,0,1.556095,14144.98,-0.003357288,0.06072837,1.412109,-0.01516266,0.5652754,1.408439,-0.109173,0.3797306,1.389868,-0.1488005,0.2016429,1.416777,-0.1486741,0.0594286,1.467386,-0.1409598,0.04927856,1.468947,0.07386425,0.3758297,1.345217,0.1388584,0.1953353,1.363585,0.1887957,0.07025293,1.405924,0.1917879,0.02370706,1.418126,-0.03802659,0.06560653,1.396311,-0.05909268,-0.1321191,1.357096,-0.06881952,-0.3134182,1.29617,0.0322034,0.06616458,1.380146,0.09282812,-0.1149998,1.402671,0.05654632,-0.2822031,1.313232,-0.01195731,0.4340393,1.397899
72057594038000686,0,1.556095,14144.98,-0.003357288,0.06072837,1.412109,-0.01516266,0.5652754,1.408439,-0.109173,0.3797306,1.389868,-0.1488005,0.2016429,1.416777,-0.1486741,0.0594286,1.467386,-0.1409598,0.04927856,1.468947,0.07386425,0.3758297,1.345217,0.1388584,0.1953353,1.363585,0.1887957,0.07025293,1.405924,0.1917879,0.02370706,1.418126,-0.03802659,0.06560653,1.396311,-0.05909268,-0.1321191,1.357096,-0.06881952,-0.3134182,1.29617,0.0322034,0.06616458,1.380146,0.09282812,-0.1149998,1.402671,0.05654632,-0.2822031,1.313232,-0.01195731,0.4340393,1.397899
72057594038000686,0,1.556095,14144.98,-0.003357288,0.06072837,1.412109,-0.01516266,0.5652754,1.408439,-0.109173,0.3797306,1.389868,-0.1488005,0.2016429,1.416777,-0.1486741,0.0594286,1.467386,-0.1409598,0.04927856,1.468947,0.07386425,0.3758297,1.345217,0.1388584,0.1953353,1.363585,0.1887957,0.07025293,1.405924,0.1917879,0.02370706,1.418126,-0.03802659,0.06560653,1.396311,-0.05909268,-0.1321191,1.357096,-0.06881952,-0.3134182,1.29617,0.0322034,0.06616458,1.380146,0.09282812,-0.1149998,1.402671,0.05654632,-0.2822031,1.313232,-0.01195731,0.4340393,1.397899
72057594038000686,0,1.54922,14144.99,0.002159867,0.06051075,1.420408,-0.007073407,0.5631105,1.419304,-0.101251,0.3792278,1.402036,-0.1408796,0.2019251,1.42143,-0.1351753,0.06537339,1.460161,-0.1345723,0.05517495,1.470586,0.08574697,0.3746674,1.35938,0.1458801,0.1941127,1.380473,0.1718409,0.07607713,1.450722,0.1781622,0.05218717,1.451801,-0.03348621,0.06621903,1.404486,-0.06011819,-0.1303726,1.359184,-0.06873865,-0.3123256,1.298839,0.03807947,0.0649913,1.388147,0.09830593,-0.1167047,1.413442,0.09714366,-0.3035601,1.373954,-0.003174779,0.4322009,1.409448
72057594038000686,0,1.54922,14144.99,0.002159867,0.06051075,1.420408,-0.007073407,0.5631105,1.419304,-0.101251,0.3792278,1.402036,-0.1408796,0.2019251,1.42143,-0.1351753,0.06537339,1.460161,-0.1345723,0.05517495,1.470586,0.08574697,0.3746674,1.35938,0.1458801,0.1941127,1.380473,0.1718409,0.07607713,1.450722,0.1781622,0.05218717,1.451801,-0.03348621,0.06621903,1.404486,-0.06011819,-0.1303726,1.359184,-0.06873865,-0.3123256,1.298839,0.03807947,0.0649913,1.388147,0.09830593,-0.1167047,1.413442,0.09714366,-0.3035601,1.373954,-0.003174779,0.4322009,1.409448
72057594038000686,0,1.54922,14144.99,0.002159867,0.06051075,1.420408,-0.007073407,0.5631105,1.419304,-0.101251,0.3792278,1.402036,-0.1408796,0.2019251,1.42143,-0.1351753,0.06537339,1.460161,-0.1345723,0.05517495,1.470586,0.08574697,0.3746674,1.35938,0.1458801,0.1941127,1.380473,0.1718409,0.07607713,1.450722,0.1781622,0.05218717,1.451801,-0.03348621,0.06621903,1.404486,-0.06011819,-0.1303726,1.359184,-0.06873865,-0.3123256,1.298839,0.03807947,0.0649913,1.388147,0.09830593,-0.1167047,1.413442,0.09714366,-0.3035601,1.373954,-0.003174779,0.4322009,1.409448
72057594038000686,0,1.54922,14145,0.002159867,0.06051075,1.420408,-0.007073407,0.5631105,1.419304,-0.101251,0.3792278,1.402036,-0.1408796,0.2019251,1.42143,-0.1351753,0.06537339,1.460161,-0.1345723,0.05517495,1.470586,0.08574697,0.3746674,1.35938,0.1458801,0.1941127,1.380473,0.1718409,0.07607713,1.450722,0.1781622,0.05218717,1.451801,-0.03348621,0.06621903,1.404486,-0.06011819,-0.1303726,1.359184,-0.06873865,-0.3123256,1.298839,0.03807947,0.0649913,1.388147,0.09830593,-0.1167047,1.413442,0.09714366,-0.3035601,1.373954,-0.003174779,0.4322009,1.409448
72057594038000686,0,1.54922,14145,0.002159867,0.06051075,1.420408,-0.007073407,0.5631105,1.419304,-0.101251,0.3792278,1.402036,-0.1408796,0.2019251,1.42143,-0.1351753,0.06537339,1.460161,-0.1345723,0.05517495,1.470586,0.08574697,0.3746674,1.35938,0.1458801,0.1941127,1.380473,0.1718409,0.07607713,1.450722,0.1781622,0.05218717,1.451801,-0.03348621,0.06621903,1.404486,-0.06011819,-0.1303726,1.359184,-0.06873865,-0.3123256,1.298839,0.03807947,0.0649913,1.388147,0.09830593,-0.1167047,1.413442,0.09714366,-0.3035601,1.373954,-0.003174779,0.4322009,1.409448
72057594038000686,0,1.54922,14145,0.002159867,0.06051075,1.420408,-0.007073407,0.5631105,1.419304,-0.101251,0.3792278,1.402036,-0.1408796,0.2019251,1.42143,-0.1351753,0.06537339,1.460161,-0.1345723,0.05517495,1.470586,0.08574697,0.3746674,1.35938,0.1458801,0.1941127,1.380473,0.1718409,0.07607713,1.450722,0.1781622,0.05218717,1.451801,-0.03348621,0.06621903,1.404486,-0.06011819,-0.1303726,1.359184,-0.06873865,-0.3123256,1.298839,0.03807947,0.0649913,1.388147,0.09830593,-0.1167047,1.413442,0.09714366,-0.3035601,1.373954,-0.003174779,0.4322009,1.409448
72057594038000686,0,1.54922,14145,0.002159867,0.06051075,1.420408,-0.007073407,0.5631105,1.419304,-0.101251,0.3792278,1.402036,-0.1408796,0.2019251,1.42143,-0.1351753,0.06537339,1.460161,-0.1345723,0.05517495,1.470586,0.08574697,0.3746674,1.35938,0.1458801,0.1941127,1.380473,0.1718409,0.07607713,1.450722,0.1781622,0.05218717,1.451801,-0.03348621,0.06621903,1.404486,-0.06011819,-0.1303726,1.359184,-0.06873865,-0.3123256,1.298839,0.03807947,0.0649913,1.388147,0.09830593,-0.1167047,1.413442,0.09714366,-0.3035601,1.373954,-0.003174779,0.4322009,1.409448
72057594038000686,0,1.54922,14145.01,0.002159867,0.06051075,1.420408,-0.007073407,0.5631105,1.419304,-0.101251,0.3792278,1.402036,-0.1408796,0.2019251,1.42143,-0.1351753,0.06537339,1.460161,-0.1345723,0.05517495,1.470586,0.08574697,0.3746674,1.35938,0.1458801,0.1941127,1.380473,0.1718409,0.07607713,1.450722,0.1781622,0.05218717,1.451801,-0.03348621,0.06621903,1.404486,-0.06011819,-0.1303726,1.359184,-0.06873865,-0.3123256,1.298839,0.03807947,0.0649913,1.388147,0.09830593,-0.1167047,1.413442,0.09714366,-0.3035601,1.373954,-0.003174779,0.4322009,1.409448
72057594038000686,0,1.54922,14145.01,0.002159867,0.06051075,1.420408,-0.007073407,0.5631105,1.419304,-0.101251,0.3792278,1.402036,-0.1408796,0.2019251,1.42143,-0.1351753,0.06537339,1.460161,-0.1345723,0.05517495,1.470586,0.08574697,0.3746674,1.35938,0.1458801,0.1941127,1.380473,0.1718409,0.07607713,1.450722,0.1781622,0.05218717,1.451801,-0.03348621,0.06621903,1.404486,-0.06011819,-0.1303726,1.359184,-0.06873865,-0.3123256,1.298839,0.03807947,0.0649913,1.388147,0.09830593,-0.1167047,1.413442,0.09714366,-0.3035601,1.373954,-0.003174779,0.4322009,1.409448
72057594038000686,0,1.54922,14145.02,0.002159867,0.06051075,1.420408,-0.007073407,0.5631105,1.419304,-0.101251,0.3792278,1.402036,-0.1408796,0.2019251,1.42143,-0.1351753,0.06537339,1.460161,-0.1345723,0.05517495,1.470586,0.08574697,0.3746674,1.35938,0.1458801,0.1941127,1.380473,0.1718409,0.07607713,1.450722,0.1781622,0.05218717,1.451801,-0.03348621,0.06621903,1.404486,-0.06011819,-0.1303726,1.359184,-0.06873865,-0.3123256,1.298839,0.03807947,0.0649913,1.388147,0.09830593,-0.1167047,1.413442,0.09714366,-0.3035601,1.373954,-0.003174779,0.4322009,1.409448
72057594038000686,0,1.543546,14145.02,0.007378187,0.06014222,1.427417,0.00370019,0.5603249,1.431022,-0.09187818,0.3782152,1.41284,-0.130945,0.2040916,1.426233,-0.1247787,0.06774193,1.466262,-0.1223429,0.05991539,1.473661,0.09552521,0.3731251,1.372422,0.1480014,0.1929991,1.393873,0.1701701,0.07563153,1.466704,0.1702014,0.06177282,1.47764,-0.02904919,0.06681031,1.411246,-0.0597995,-0.1278934,1.362911,-0.06907294,-0.3094454,1.300343,0.04383165,0.06353539,1.395388,0.1062882,-0.128908,1.427156,0.125026,-0.3172867,1.412424,0.006418247,0.4296831,1.420947
72057594038000686,0,1.543546,14145.03,0.007378187,0.06014222,1.427417,0.00370019,0.5603249,1.431022,-0.09187818,0.3782152,1.41284,-0.130945,0.2040916,1.426233,-0.1247787,0.06774193,1.466262,-0.1223429,0.05991539,1.473661,0.09552521,0.3731251,1.372422,0.1480014,0.1929991,1.393873,0.1701701,0.07563153,1.466704,0.1702014,0.06177282,1.47764,-0.02904919,0.06681031,1.411246,-0.0597995,-0.1278934,1.362911,-0.06907294,-0.3094454,1.300343,0.04383165,0.06353539,1.395388,0.1062882,-0.128908,1.427156,0.125026,-0.3172867,1.412424,0.006418247,0.4296831,1.420947
72057594038000686,0,1.543546,14145.03,0.007378187,0.06014222,1.427417,0.00370019,0.5603249,1.431022,-0.09187818,0.3782152,1.41284,-0.130945,0.2040916,1.426233,-0.1247787,0.06774193,1.466262,-0.1223429,0.05991539,1.473661,0.09552521,0.3731251,1.372422,0.1480014,0.1929991,1.393873,0.1701701,0.07563153,1.466704,0.1702014,0.06177282,1.47764,-0.02904919,0.06681031,1.411246,-0.0597995,-0.1278934,1.362911,-0.06907294,-0.3094454,1.300343,0.04383165,0.06353539,1.395388,0.1062882,-0.128908,1.427156,0.125026,-0.3172867,1.412424,0.006418247,0.4296831,1.420947
72057594038000686,0,1.543546,14145.03,0.007378187,0.06014222,1.427417,0.00370019,0.5603249,1.431022,-0.09187818,0.3782152,1.41284,-0.130945,0.2040916,1.426233,-0.1247787,0.06774193,1.466262,-0.1223429,0.05991539,1.473661,0.09552521,0.3731251,1.372422,0.1480014,0.1929991,1.393873,0.1701701,0.07563153,1.466704,0.1702014,0.06177282,1.47764,-0.02904919,0.06681031,1.411246,-0.0597995,-0.1278934,1.362911,-0.06907294,-0.3094454,1.300343,0.04383165,0.06353539,1.395388,0.1062882,-0.128908,1.427156,0.125026,-0.3172867,1.412424,0.006418247,0.4296831,1.420947
72057594038000686,0,1.543546,14145.04,0.007378187,0.06014222,1.427417,0.00370019,0.5603249,1.431022,-0.09187818,0.3782152,1.41284,-0.130945,0.2040916,1.426233,-0.1247787,0.06774193,1.466262,-0.1223429,0.05991539,1.473661,0.09552521,0.3731251,1.372422,0.1480014,0.1929991,1.393873,0.1701701,0.07563153,1.466704,0.1702014,0.06177282,1.47764,-0.02904919,0.06681031,1.411246,-0.0597995,-0.1278934,1.362911,-0.06907294,-0.3094454,1.300343,0.04383165,0.06353539,1.395388,0.1062882,-0.128908,1.427156,0.125026,-0.3172867,1.412424,0.006418247,0.4296831,1.420947
72057594038000686,0,1.543546,14145.04,0.007378187,0.06014222,1.427417,0.00370019,0.5603249,1.431022,-0.09187818,0.3782152,1.41284,-0.130945,0.2040916,1.426233,-0.1247787,0.06774193,1.466262,-0.1223429,0.05991539,1.473661,0.09552521,0.3731251,1.372422,0.1480014,0.1929991,1.393873,0.1701701,0.07563153,1.466704,0.1702014,0.06177282,1.47764,-0.02904919,0.06681031,1.411246,-0.0597995,-0.1278934,1.362911,-0.06907294,-0.3094454,1.300343,0.04383165,0.06353539,1.395388,0.1062882,-0.128908,1.427156,0.125026,-0.3172867,1.412424,0.006418247,0.4296831,1.420947
72057594038000686,0,1.543546,14145.04,0.007378187,0.06014222,1.427417,0.00370019,0.5603249,1.431022,-0.09187818,0.3782152,1.41284,-0.130945,0.2040916,1.426233,-0.1247787,0.06774193,1.466262,-0.1223429,0.05991539,1.473661,0.09552521,0.3731251,1.372422,0.1480014,0.1929991,1.393873,0.1701701,0.07563153,1.466704,0.1702014,0.06177282,1.47764,-0.02904919,0.06681031,1.411246,-0.0597995,-0.1278934,1.362911,-0.06907294,-0.3094454,1.300343,0.04383165,0.06353539,1.395388,0.1062882,-0.128908,1.427156,0.125026,-0.3172867,1.412424,0.006418247,0.4296831,1.420947
72057594038000686,0,1.543546,14145.04,0.007378187,0.06014222,1.427417,0.00370019,0.5603249,1.431022,-0.09187818,0.3782152,1.41284,-0.130945,0.2040916,1.426233,-0.1247787,0.06774193,1.466262,-0.1223429,0.05991539,1.473661,0.09552521,0.3731251,1.372422,0.1480014,0.1929991,1.393873,0.1701701,0.07563153,1.466704,0.1702014,0.06177282,1.47764,-0.02904919,0.06681031,1.411246,-0.0597995,-0.1278934,1.362911,-0.06907294,-0.3094454,1.300343,0.04383165,0.06353539,1.395388,0.1062882,-0.128908,1.427156,0.125026,-0.3172867,1.412424,0.006418247,0.4296831,1.420947
72057594038000686,0,1.543546,14145.05,0.007378187,0.06014222,1.427417,0.00370019,0.5603249,1.431022,-0.09187818,0.3782152,1.41284,-0.130945,0.2040916,1.426233,-0.1247787,0.06774193,1.466262,-0.1223429,0.05991539,1.473661,0.09552521,0.3731251,1.372422,0.1480014,0.1929991,1.393873,0.1701701,0.07563153,1.466704,0.1702014,0.06177282,1.47764,-0.02904919,0.06681031,1.411246,-0.0597995,-0.1278934,1.362911,-0.06907294,-0.3094454,1.300343,0.04383165,0.06353539,1.395388,0.1062882,-0.128908,1.427156,0.125026,-0.3172867,1.412424,0.006418247,0.4296831,1.420947
72057594038000686,0,1.543546,14145.05,0.007378187,0.06014222,1.427417,0.00370019,0.5603249,1.431022,-0.09187818,0.3782152,1.41284,-0.130945,0.2040916,1.426233,-0.1247787,0.06774193,1.466262,-0.1223429,0.05991539,1.473661,0.09552521,0.3731251,1.372422,0.1480014,0.1929991,1.393873,0.1701701,0.07563153,1.466704,0.1702014,0.06177282,1.47764,-0.02904919,0.06681031,1.411246,-0.0597995,-0.1278934,1.362911,-0.06907294,-0.3094454,1.300343,0.04383165,0.06353539,1.395388,0.1062882,-0.128908,1.427156,0.125026,-0.3172867,1.412424,0.006418247,0.4296831,1.420947
72057594038000686,0,1.543546,14145.05,0.007378187,0.06014222,1.427417,0.00370019,0.5603249,1.431022,-0.09187818,0.3782152,1.41284,-0.130945,0.2040916,1.426233,-0.1247787,0.06774193,1.466262,-0.1223429,0.05991539,1.473661,0.09552521,0.3731251,1.372422,0.1480014,0.1929991,1.393873,0.1701701,0.07563153,1.466704,0.1702014,0.06177282,1.47764,-0.02904919,0.06681031,1.411246,-0.0597995,-0.1278934,1.362911,-0.06907294,-0.3094454,1.300343,0.04383165,0.06353539,1.395388,0.1062882,-0.128908,1.427156,0.125026,-0.3172867,1.412424,0.006418247,0.4296831,1.420947
72057594038000686,0,1.533866,14145.06,0.02011827,0.05819288,1.440396,0.01660305,0.5572433,1.441613,-0.08175031,0.3745675,1.425598,-0.1173519,0.2121502,1.432184,-0.09109465,0.06200135,1.397973,-0.05240347,0.04657018,1.385177,0.1071249,0.371598,1.387476,0.1521093,0.1963983,1.40469,0.1645642,0.08560747,1.488251,0.167324,0.07359329,1.500148,-0.01684215,0.0652523,1.424578,-0.05873431,-0.127546,1.36583,-0.06936372,-0.309437,1.302271,0.05648661,0.06121215,1.407894,0.1115548,-0.1339986,1.434891,0.1383124,-0.3220585,1.42988,0.01753133,0.4263155,1.436101
72057594038000686,0,1.533866,14145.08,0.02011827,0.05819288,1.440396,0.01660305,0.5572433,1.441613,-0.08175031,0.3745675,1.425598,-0.1173519,0.2121502,1.432184,-0.09109465,0.06200135,1.397973,-0.05240347,0.04657018,1.385177,0.1071249,0.371598,1.387476,0.1521093,0.1963983,1.40469,0.1645642,0.08560747,1.488251,0.167324,0.07359329,1.500148,-0.01684215,0.0652523,1.424578,-0.05873431,-0.127546,1.36583,-0.06936372,-0.309437,1.302271,0.05648661,0.06121215,1.407894,0.1115548,-0.1339986,1.434891,0.1383124,-0.3220585,1.42988,0.01753133,0.4263155,1.436101
72057594038000686,0,1.533866,14145.08,0.02011827,0.05819288,1.440396,0.01660305,0.5572433,1.441613,-0.08175031,0.3745675,1.425598,-0.1173519,0.2121502,1.432184,-0.09109465,0.06200135,1.397973,-0.05240347,0.04657018,1.385177,0.1071249,0.371598,1.387476,0.1521093,0.1963983,1.40469,0.1645642,0.08560747,1.488251,0.167324,0.07359329,1.500148,-0.01684215,0.0652523,1.424578,-0.05873431,-0.127546,1.36583,-0.06936372,-0.309437,1.302271,0.05648661,0.06121215,1.407894,0.1115548,-0.1339986,1.434891,0.1383124,-0.3220585,1.42988,0.01753133,0.4263155,1.436101
72057594038000686,0,1.533866,14145.08,0.02011827,0.05819288,1.440396,0.01660305,0.5572433,1.441613,-0.08175031,0.3745675,1.425598,-0.1173519,0.2121502,1.432184,-0.09109465,0.06200135,1.397973,-0.05240347,0.04657018,1.385177,0.1071249,0.371598,1.387476,0.1521093,0.1963983,1.40469,0.1645642,0.08560747,1.488251,0.167324,0.07359329,1.500148,-0.01684215,0.0652523,1.424578,-0.05873431,-0.127546,1.36583,-0.06936372,-0.309437,1.302271,0.05648661,0.06121215,1.407894,0.1115548,-0.1339986,1.434891,0.1383124,-0.3220585,1.42988,0.01753133,0.4263155,1.436101
72057594038000686,0,1.533866,14145.08,0.02011827,0.05819288,1.440396,0.01660305,0.5572433,1.441613,-0.08175031,0.3745675,1.425598,-0.1173519,0.2121502,1.432184,-0.09109465,0.06200135,1.397973,-0.05240347,0.04657018,1.385177,0.1071249,0.371598,1.387476,0.1521093,0.1963983,1.40469,0.1645642,0.08560747,1.488251,0.167324,0.07359329,1.500148,-0.01684215,0.0652523,1.424578,-0.05873431,-0.127546,1.36583,-0.06936372,-0.309437,1.302271,0.05648661,0.06121215,1.407894,0.1115548,-0.1339986,1.434891,0.1383124,-0.3220585,1.42988,0.01753133,0.4263155,1.436101
72057594038000686,0,1.527203,14145.09,0.02828675,0.05680802,1.449445,0.02982856,0.553413,1.454349,-0.07990105,0.37392,1.427749,-0.1064764,0.215602,1.439506,-0.08797757,0.0598914,1.398782,-0.04816388,0.04815271,1.393279,0.1211186,0.3673334,1.402285,0.1572814,0.2036844,1.41447,0.1657605,0.08910298,1.493678,0.1848895,0.04405761,1.458721,-0.009623172,0.0642724,1.432304,-0.05033971,-0.1253679,1.375161,-0.06893732,-0.3057531,1.30635,0.06539521,0.05936092,1.418408,0.1154168,-0.140756,1.442812,0.1302279,-0.2638193,1.431132,0.02863065,0.4235708,1.448092
72057594038000686,0,1.527203,14145.09,0.02828675,0.05680802,1.449445,0.02982856,0.553413,1.454349,-0.07990105,0.37392,1.427749,-0.1064764,0.215602,1.439506,-0.08797757,0.0598914,1.398782,-0.04816388,0.04815271,1.393279,0.1211186,0.3673334,1.402285,0.1572814,0.2036844,1.41447,0.1657605,0.08910298,1.493678,0.1848895,0.04405761,1.458721,-0.009623172,0.0642724,1.432304,-0.05033971,-0.1253679,1.375161,-0.06893732,-0.3057531,1.30635,0.06539521,0.05936092,1.418408,0.1154168,-0.140756,1.442812,0.1302279,-0.2638193,1.431132,0.02863065,0.4235708,1.448092
72057594038000686,0,1.527203,14145.09,0.02828675,0.05680802,1.449445,0.02982856,0.553413,1.454349,-0.07990105,0.37392,1.427749,-0.1064764,0.215602,1.439506,-0.08797757,0.0598914,1.398782,-0.04816388,0.04815271,1.393279,0.1211186,0.3673334,1.402285,0.1572814,0.2036844,1.41447,0.1657605,0.08910298,1.493678,0.1848895,0.04405761,1.458721,-0.009623172,0.0642724,1.432304,-0.05033971,-0.1253679,1.375161,-0.06893732,-0.3057531,1.30635,0.06539521,0.05936092,1.418408,0.1154168,-0.140756,1.442812,0.1302279,-0.2638193,1.431132,0.02863065,0.4235708,1.448092
72057594038000686,0,1.527203,14145.09,0.02828675,0.05680802,1.449445,0.02982856,0.553413,1.454349,-0.07990105,0.37392,1.427749,-0.1064764,0.215602,1.439506,-0.08797757,0.0598914,1.398782,-0.04816388,0.04815271,1.393279,0.1211186,0.3673334,1.402285,0.1572814,0.2036844,1.41447,0.1657605,0.08910298,1.493678,0.1848895,0.04405761,1.458721,-0.009623172,0.0642724,1.432304,-0.05033971,-0.1253679,1.375161,-0.06893732,-0.3057531,1.30635,0.06539521,0.05936092,1.418408,0.1154168,-0.140756,1.442812,0.1302279,-0.2638193,1.431132,0.02863065,0.4235708,1.448092
72057594038000686,0,1.527203,14145.1,0.02828675,0.05680802,1.449445,0.02982856,0.553413,1.454349,-0.07990105,0.37392,1.427749,-0.1064764,0.215602,1.439506,-0.08797757,0.0598914,1.398782,-0.04816388,0.04815271,1.393279,0.1211186,0.3673334,1.402285,0.1572814,0.2036844,1.41447,0.1657605,0.08910298,1.493678,0.1848895,0.04405761,1.458721,-0.009623172,0.0642724,1.432304,-0.05033971,-0.1253679,1.375161,-0.06893732,-0.3057531,1.30635,0.06539521,0.05936092,1.418408,0.1154168,-0.140756,1.442812,0.1302279,-0.2638193,1.431132,0.02863065,0.4235708,1.448092
72057594038000686,0,1.527203,14145.1,0.02828675,0.05680802,1.449445,0.02982856,0.553413,1.454349,-0.07990105,0.37392,1.427749,-0.1064764,0.215602,1.439506,-0.08797757,0.0598914,1.398782,-0.04816388,0.04815271,1.393279,0.1211186,0.3673334,1.402285,0.1572814,0.2036844,1.41447,0.1657605,0.08910298,1.493678,0.1848895,0.04405761,1.458721,-0.009623172,0.0642724,1.432304,-0.05033971,-0.1253679,1.375161,-0.06893732,-0.3057531,1.30635,0.06539521,0.05936092,1.418408,0.1154168,-0.140756,1.442812,0.1302279,-0.2638193,1.431132,0.02863065,0.4235708,1.448092
72057594038000686,0,1.527203,14145.1,0.02828675,0.05680802,1.449445,0.02982856,0.553413,1.454349,-0.07990105,0.37392,1.427749,-0.1064764,0.215602,1.439506,-0.08797757,0.0598914,1.398782,-0.04816388,0.04815271,1.393279,0.1211186,0.3673334,1.402285,0.1572814,0.2036844,1.41447,0.1657605,0.08910298,1.493678,0.1848895,0.04405761,1.458721,-0.009623172,0.0642724,1.432304,-0.05033971,-0.1253679,1.375161,-0.06893732,-0.3057531,1.30635,0.06539521,0.05936092,1.418408,0.1154168,-0.140756,1.442812,0.1302279,-0.2638193,1.431132,0.02863065,0.4235708,1.448092
72057594038000686,0,1.527203,14145.11,0.02828675,0.05680802,1.449445,0.02982856,0.553413,1.454349,-0.07990105,0.37392,1.427749,-0.1064764,0.215602,1.439506,-0.08797757,0.0598914,1.398782,-0.04816388,0.04815271,1.393279,0.1211186,0.3673334,1.402285,0.1572814,0.2036844,1.41447,0.1657605,0.08910298,1.493678,0.1848895,0.04405761,1.458721,-0.009623172,0.0642724,1.432304,-0.05033971,-0.1253679,1.375161,-0.06893732,-0.3057531,1.30635,0.06539521,0.05936092,1.418408,0.1154168,-0.140756,1.442812,0.1302279,-0.2638193,1.431132,0.02863065,0.4235708,1.448092
72057594038000686,0,1.527203,14145.11,0.02828675,0.05680802,1.449445,0.02982856,0.553413,1.454349,-0.07990105,0.37392,1.427749,-0.1064764,0.215602,1.439506,-0.08797757,0.0598914,1.398782,-0.04816388,0.04815271,1.393279,0.1211186,0.3673334,1.402285,0.1572814,0.2036844,1.41447,0.1657605,0.08910298,1.493678,0.1848895,0.04405761,1.458721,-0.009623172,0.0642724,1.432304,-0.05033971,-0.1253679,1.375161,-0.06893732,-0.3057531,1.30635,0.06539521,0.05936092,1.418408,0.1154168,-0.140756,1.442812,0.1302279,-0.2638193,1.431132,0.02863065,0.4235708,1.448092
72057594038000686,0,1.527203,14145.11,0.02828675,0.05680802,1.449445,0.02982856,0.553413,1.454349,-0.07990105,0.37392,1.427749,-0.1064764,0.215602,1.439506,-0.08797757,0.0598914,1.398782,-0.04816388,0.04815271,1.393279,0.1211186,0.3673334,1.402285,0.1572814,0.2036844,1.41447,0.1657605,0.08910298,1.493678,0.1848895,0.04405761,1.458721,-0.009623172,0.0642724,1.432304,-0.05033971,-0.1253679,1.375161,-0.06893732,-0.3057531,1.30635,0.06539521,0.05936092,1.418408,0.1154168,-0.140756,1.442812,0.1302279,-0.2638193,1.431132,0.02863065,0.4235708,1.448092
72057594038000686,0,1.527203,14145.11,0.02828675,0.05680802,1.449445,0.02982856,0.553413,1.454349,-0.07990105,0.37392,1.427749,-0.1064764,0.215602,1.439506,-0.08797757,0.0598914,1.398782,-0.04816388,0.04815271,1.393279,0.1211186,0.3673334,1.402285,0.1572814,0.2036844,1.41447,0.1657605,0.08910298,1.493678,0.1848895,0.04405761,1.458721,-0.009623172,0.0642724,1.432304,-0.05033971,-0.1253679,1.375161,-0.06893732,-0.3057531,1.30635,0.06539521,0.05936092,1.418408,0.1154168,-0.140756,1.442812,0.1302279,-0.2638193,1.431132,0.02863065,0.4235708,1.448092
72057594038000686,0,1.527203,14145.12,0.02828675,0.05680802,1.449445,0.02982856,0.553413,1.454349,-0.07990105,0.37392,1.427749,-0.1064764,0.215602,1.439506,-0.08797757,0.0598914,1.398782,-0.04816388,0.04815271,1.393279,0.1211186,0.3673334,1.402285,0.1572814,0.2036844,1.41447,0.1657605,0.08910298,1.493678,0.1848895,0.04405761,1.458721,-0.009623172,0.0642724,1.432304,-0.05033971,-0.1253679,1.375161,-0.06893732,-0.3057531,1.30635,0.06539521,0.05936092,1.418408,0.1154168,-0.140756,1.442812,0.1302279,-0.2638193,1.431132,0.02863065,0.4235708,1.448092
72057594038000686,0,1.518584,14145.12,0.03863053,0.05515134,1.461176,0.04322715,0.5523943,1.46583,-0.05272866,0.3722683,1.460465,-0.09152412,0.2243447,1.455546,-0.07647663,0.07891375,1.409163,-0.03090414,0.06859639,1.396474,0.1341094,0.3668629,1.419044,0.1666577,0.2131048,1.428772,0.1724892,0.09368065,1.506192,0.1877394,0.04994833,1.467879,0.0008803948,0.06311333,1.443943,-0.03949614,-0.1316507,1.386051,-0.07166252,-0.30459,1.301278,0.07519756,0.0572212,1.430131,0.1175641,-0.1437579,1.448682,0.1297333,-0.2648739,1.432885,0.04055866,0.423395,1.462133
72057594038000686,0,1.518584,14145.12,0.03863053,0.05515134,1.461176,0.04322715,0.5523943,1.46583,-0.05272866,0.3722683,1.460465,-0.09152412,0.2243447,1.455546,-0.07647663,0.07891375,1.409163,-0.03090414,0.06859639,1.396474,0.1341094,0.3668629,1.419044,0.1666577,0.2131048,1.428772,0.1724892,0.09368065,1.506192,0.1877394,0.04994833,1.467879,0.0008803948,0.06311333,1.443943,-0.03949614,-0.1316507,1.386051,-0.07166252,-0.30459,1.301278,0.07519756,0.0572212,1.430131,0.1175641,-0.1437579,1.448682,0.1297333,-0.2648739,1.432885,0.04055866,0.423395,1.462133
72057594038000686,0,1.518584,14145.13,0.03863053,0.05515134,1.461176,0.04322715,0.5523943,1.46583,-0.05272866,0.3722683,1.460465,-0.09152412,0.2243447,1.455546,-0.07647663,0.07891375,1.409163,-0.03090414,0.06859639,1.396474,0.1341094,0.3668629,1.419044,0.1666577,0.2131048,1.428772,0.1724892,0.09368065,1.506192,0.1877394,0.04994833,1.467879,0.0008803948,0.06311333,1.443943,-0.03949614,-0.1316507,1.386051,-0.07166252,-0.30459,1.301278,0.07519756,0.0572212,1.430131,0.1175641,-0.1437579,1.448682,0.1297333,-0.2648739,1.432885,0.04055866,0.423395,1.462133
72057594038000686,0,1.518584,14145.13,0.03863053,0.05515134,1.461176,0.04322715,0.5523943,1.46583,-0.05272866,0.3722683,1.460465,-0.09152412,0.2243447,1.455546,-0.07647663,0.07891375,1.409163,-0.03090414,0.06859639,1.396474,0.1341094,0.3668629,1.419044,0.1666577,0.2131048,1.428772,0.1724892,0.09368065,1.506192,0.1877394,0.04994833,1.467879,0.0008803948,0.06311333,1.443943,-0.03949614,-0.1316507,1.386051,-0.07166252,-0.30459,1.301278,0.07519756,0.0572212,1.430131,0.1175641,-0.1437579,1.448682,0.1297333,-0.2648739,1.432885,0.04055866,0.423395,1.462133
72057594038000686,0,1.518584,14145.13,0.03863053,0.05515134,1.461176,0.04322715,0.5523943,1.46583,-0.05272866,0.3722683,1.460465,-0.09152412,0.2243447,1.455546,-0.07647663,0.07891375,1.409163,-0.03090414,0.06859639,1.396474,0.1341094,0.3668629,1.419044,0.1666577,0.2131048,1.428772,0.1724892,0.09368065,1.506192,0.1877394,0.04994833,1.467879,0.0008803948,0.06311333,1.443943,-0.03949614,-0.1316507,1.386051,-0.07166252,-0.30459,1.301278,0.07519756,0.0572212,1.430131,0.1175641,-0.1437579,1.448682,0.1297333,-0.2648739,1.432885,0.04055866,0.423395,1.462133
72057594038000686,0,1.518584,14145.13,0.03863053,0.05515134,1.461176,0.04322715,0.5523943,1.46583,-0.05272866,0.3722683,1.460465,-0.09152412,0.2243447,1.455546,-0.07647663,0.07891375,1.409163,-0.03090414,0.06859639,1.396474,0.1341094,0.3668629,1.419044,0.1666577,0.2131048,1.428772,0.1724892,0.09368065,1.506192,0.1877394,0.04994833,1.467879,0.0008803948,0.06311333,1.443943,-0.03949614,-0.1316507,1.386051,-0.07166252,-0.30459,1.301278,0.07519756,0.0572212,1.430131,0.1175641,-0.1437579,1.448682,0.1297333,-0.2648739,1.432885,0.04055866,0.423395,1.462133
72057594038000686,0,1.518584,14145.14,0.03863053,0.05515134,1.461176,0.04322715,0.5523943,1.46583,-0.05272866,0.3722683,1.460465,-0.09152412,0.2243447,1.455546,-0.07647663,0.07891375,1.409163,-0.03090414,0.06859639,1.396474,0.1341094,0.3668629,1.419044,0.1666577,0.2131048,1.428772,0.1724892,0.09368065,1.506192,0.1877394,0.04994833,1.467879,0.0008803948,0.06311333,1.443943,-0.03949614,-0.1316507,1.386051,-0.07166252,-0.30459,1.301278,0.07519756,0.0572212,1.430131,0.1175641,-0.1437579,1.448682,0.1297333,-0.2648739,1.432885,0.04055866,0.423395,1.462133
72057594038000686,0,1.518584,14145.14,0.03863053,0.05515134,1.461176,0.04322715,0.5523943,1.46583,-0.05272866,0.3722683,1.460465,-0.09152412,0.2243447,1.455546,-0.07647663,0.07891375,1.409163,-0.03090414,0.06859639,1.396474,0.1341094,0.3668629,1.419044,0.1666577,0.2131048,1.428772,0.1724892,0.09368065,1.506192,0.1877394,0.04994833,1.467879,0.0008803948,0.06311333,1.443943,-0.03949614,-0.1316507,1.386051,-0.07166252,-0.30459,1.301278,0.07519756,0.0572212,1.430131,0.1175641,-0.1437579,1.448682,0.1297333,-0.2648739,1.432885,0.04055866,0.423395,1.462133
72057594038000686,0,1.518584,14145.15,0.03863053,0.05515134,1.461176,0.04322715,0.5523943,1.46583,-0.05272866,0.3722683,1.460465,-0.09152412,0.2243447,1.455546,-0.07647663,0.07891375,1.409163,-0.03090414,0.06859639,1.396474,0.1341094,0.3668629,1.419044,0.1666577,0.2131048,1.428772,0.1724892,0.09368065,1.506192,0.1877394,0.04994833,1.467879,0.0008803948,0.06311333,1.443943,-0.03949614,-0.1316507,1.386051,-0.07166252,-0.30459,1.301278,0.07519756,0.0572212,1.430131,0.1175641,-0.1437579,1.448682,0.1297333,-0.2648739,1.432885,0.04055866,0.423395,1.462133
72057594038000686,0,1.518584,14145.15,0.03863053,0.05515134,1.461176,0.04322715,0.5523943,1.46583,-0.05272866,0.3722683,1.460465,-0.09152412,0.2243447,1.455546,-0.07647663,0.07891375,1.409163,-0.03090414,0.06859639,1.396474,0.1341094,0.3668629,1.419044,0.1666577,0.2131048,1.428772,0.1724892,0.09368065,1.506192,0.1877394,0.04994833,1.467879,0.0008803948,0.06311333,1.443943,-0.03949614,-0.1316507,1.386051,-0.07166252,-0.30459,1.301278,0.07519756,0.0572212,1.430131,0.1175641,-0.1437579,1.448682,0.1297333,-0.2648739,1.432885,0.04055866,0.423395,1.462133
72057594038000686,0,1.509901,14145.15,0.04812972,0.05489421,1.472162,0.05662863,0.5516291,1.475713,-0.04490458,0.3739577,1.467684,-0.08344254,0.2334157,1.468717,-0.06149275,0.09509292,1.425263,-0.01881892,0.08244815,1.402801,0.1517961,0.3663066,1.438174,0.1757425,0.2184591,1.443291,0.1815856,0.09672177,1.522557,0.193693,0.05317569,1.483044,0.01027909,0.06290907,1.454761,-0.02543134,-0.1459576,1.402287,-0.07012463,-0.3050632,1.29589,0.08450963,0.05685908,1.441265,0.1194477,-0.1486163,1.452582,0.1298291,-0.2650684,1.43324,0.05341367,0.423245,1.473851
72057594038000686,0,1.509901,14145.15,0.04812972,0.05489421,1.472162,0.05662863,0.5516291,1.475713,-0.04490458,0.3739577,1.467684,-0.08344254,0.2334157,1.468717,-0.06149275,0.09509292,1.425263,-0.01881892,0.08244815,1.402801,0.1517961,0.3663066,1.438174,0.1757425,0.2184591,1.443291,0.1815856,0.09672177,1.522557,0.193693,0.05317569,1.483044,0.01027909,0.06290907,1.454761,-0.02543134,-0.1459576,1.402287,-0.07012463,-0.3050632,1.29589,0.08450963,0.05685908,1.441265,0.1194477,-0.1486163,1.452582,0.1298291,-0.2650684,1.43324,0.05341367,0.423245,1.473851
72057594038000686,0,1.509901,14145.16,0.04812972,0.05489421,1.472162,0.05662863,0.5516291,1.475713,-0.04490458,0.3739577,1.467684,-0.08344254,0.2334157,1.468717,-0.06149275,0.09509292,1.425263,-0.01881892,0.08244815,1.402801,0.1517961,0.3663066,1.438174,0.1757425,0.2184591,1.443291,0.1815856,0.09672177,1.522557,0.193693,0.05317569,1.483044,0.01027909,0.06290907,1.454761,-0.02543134,-0.1459576,1.402287,-0.07012463,-0.3050632,1.29589,0.08450963,0.05685908,1.441265,0.1194477,-0.1486163,1.452582,0.1298291,-0.2650684,1.43324,0.05341367,0.423245,1.473851
72057594038000686,0,1.509901,14145.16,0.04812972,0.05489421,1.472162,0.05662863,0.5516291,1.475713,-0.04490458,0.3739577,1.467684,-0.08344254,0.2334157,1.468717,-0.06149275,0.09509292,1.425263,-0.01881892,0.08244815,1.402801,0.1517961,0.3663066,1.438174,0.1757425,0.2184591,1.443291,0.1815856,0.09672177,1.522557,0.193693,0.05317569,1.483044,0.01027909,0.06290907,1.454761,-0.02543134,-0.1459576,1.402287,-0.07012463,-0.3050632,1.29589,0.08450963,0.05685908,1.441265,0.1194477,-0.1486163,1.452582,0.1298291,-0.2650684,1.43324,0.05341367,0.423245,1.473851
72057594038000686,0,1.509901,14145.16,0.04812972,0.05489421,1.472162,0.05662863,0.5516291,1.475713,-0.04490458,0.3739577,1.467684,-0.08344254,0.2334157,1.468717,-0.06149275,0.09509292,1.425263,-0.01881892,0.08244815,1.402801,0.1517961,0.3663066,1.438174,0.1757425,0.2184591,1.443291,0.1815856,0.09672177,1.522557,0.193693,0.05317569,1.483044,0.01027909,0.06290907,1.454761,-0.02543134,-0.1459576,1.402287,-0.07012463,-0.3050632,1.29589,0.08450963,0.05685908,1.441265,0.1194477,-0.1486163,1.452582,0.1298291,-0.2650684,1.43324,0.05341367,0.423245,1.473851
72057594038000686,0,1.509901,14145.17,0.04812972,0.05489421,1.472162,0.05662863,0.5516291,1.475713,-0.04490458,0.3739577,1.467684,-0.08344254,0.2334157,1.468717,-0.06149275,0.09509292,1.425263,-0.01881892,0.08244815,1.402801,0.1517961,0.3663066,1.438174,0.1757425,0.2184591,1.443291,0.1815856,0.09672177,1.522557,0.193693,0.05317569,1.483044,0.01027909,0.06290907,1.454761,-0.02543134,-0.1459576,1.402287,-0.07012463,-0.3050632,1.29589,0.08450963,0.05685908,1.441265,0.1194477,-0.1486163,1.452582,0.1298291,-0.2650684,1.43324,0.05341367,0.423245,1.473851
72057594038000686,0,1.509901,14145.17,0.04812972,0.05489421,1.472162,0.05662863,0.5516291,1.475713,-0.04490458,0.3739577,1.467684,-0.08344254,0.2334157,1.468717,-0.06149275,0.09509292,1.425263,-0.01881892,0.08244815,1.402801,0.1517961,0.3663066,1.438174,0.1757425,0.2184591,1.443291,0.1815856,0.09672177,1.522557,0.193693,0.05317569,1.483044,0.01027909,0.06290907,1.454761,-0.02543134,-0.1459576,1.402287,-0.07012463,-0.3050632,1.29589,0.08450963,0.05685908,1.441265,0.1194477,-0.1486163,1.452582,0.1298291,-0.2650684,1.43324,0.05341367,0.423245,1.473851
72057594038000686,0,1.509901,14145.17,0.04812972,0.05489421,1.472162,0.05662863,0.5516291,1.475713,-0.04490458,0.3739577,1.467684,-0.08344254,0.2334157,1.468717,-0.06149275,0.09509292,1.425263,-0.01881892,0.08244815,1.402801,0.1517961,0.3663066,1.438174,0.1757425,0.2184591,1.443291,0.1815856,0.09672177,1.522557,0.193693,0.05317569,1.483044,0.01027909,0.06290907,1.454761,-0.02543134,-0.1459576,1.402287,-0.07012463,-0.3050632,1.29589,0.08450963,0.05685908,1.441265,0.1194477,-0.1486163,1.452582,0.1298291,-0.2650684,1.43324,0.05341367,0.423245,1.473851
72057594038000686,0,1.509901,14145.17,0.04812972,0.05489421,1.472162,0.05662863,0.5516291,1.475713,-0.04490458,0.3739577,1.467684,-0.08344254,0.2334157,1.468717,-0.06149275,0.09509292,1.425263,-0.01881892,0.08244815,1.402801,0.1517961,0.3663066,1.438174,0.1757425,0.2184591,1.443291,0.1815856,0.09672177,1.522557,0.193693,0.05317569,1.483044,0.01027909,0.06290907,1.454761,-0.02543134,-0.1459576,1.402287,-0.07012463,-0.3050632,1.29589,0.08450963,0.05685908,1.441265,0.1194477,-0.1486163,1.452582,0.1298291,-0.2650684,1.43324,0.05341367,0.423245,1.473851
72057594038000686,0,1.509901,14145.18,0.04812972,0.05489421,1.472162,0.05662863,0.5516291,1.475713,-0.04490458,0.3739577,1.467684,-0.08344254,0.2334157,1.468717,-0.06149275,0.09509292,1.425263,-0.01881892,0.08244815,1.402801,0.1517961,0.3663066,1.438174,0.1757425,0.2184591,1.443291,0.1815856,0.09672177,1.522557,0.193693,0.05317569,1.483044,0.01027909,0.06290907,1.454761,-0.02543134,-0.1459576,1.402287,-0.07012463,-0.3050632,1.29589,0.08450963,0.05685908,1.441265,0.1194477,-0.1486163,1.452582,0.1298291,-0.2650684,1.43324,0.05341367,0.423245,1.473851
72057594038000686,0,1.509901,14145.18,0.04812972,0.05489421,1.472162,0.05662863,0.5516291,1.475713,-0.04490458,0.3739577,1.467684,-0.08344254,0.2334157,1.468717,-0.06149275,0.09509292,1.425263,-0.01881892,0.08244815,1.402801,0.1517961,0.3663066,1.438174,0.1757425,0.2184591,1.443291,0.1815856,0.09672177,1.522557,0.193693,0.05317569,1.483044,0.01027909,0.06290907,1.454761,-0.02543134,-0.1459576,1.402287,-0.07012463,-0.3050632,1.29589,0.08450963,0.05685908,1.441265,0.1194477,-0.1486163,1.452582,0.1298291,-0.2650684,1.43324,0.05341367,0.423245,1.473851
72057594038000686,0,1.509901,14145.19,0.04812972,0.05489421,1.472162,0.05662863,0.5516291,1.475713,-0.04490458,0.3739577,1.467684,-0.08344254,0.2334157,1.468717,-0.06149275,0.09509292,1.425263,-0.01881892,0.08244815,1.402801,0.1517961,0.3663066,1.438174,0.1757425,0.2184591,1.443291,0.1815856,0.09672177,1.522557,0.193693,0.05317569,1.483044,0.01027909,0.06290907,1.454761,-0.02543134,-0.1459576,1.402287,-0.07012463,-0.3050632,1.29589,0.08450963,0.05685908,1.441265,0.1194477,-0.1486163,1.452582,0.1298291,-0.2650684,1.43324,0.05341367,0.423245,1.473851
72057594038000686,0,1.498911,14145.19,0.0591244,0.05579332,1.485352,0.07345675,0.5533217,1.48909,-0.03220661,0.3775673,1.483757,-0.07692841,0.2402436,1.487157,-0.05162597,0.1025019,1.445505,-0.01476032,0.09586981,1.416329,0.1626331,0.3657612,1.453471,0.1876815,0.2227583,1.464572,0.1931792,0.09981123,1.544145,0.2000991,0.05916587,1.500693,0.02067018,0.06325951,1.467049,-0.00932557,-0.1506212,1.421498,-0.06082343,-0.292327,1.293591,0.09580012,0.05823517,1.455375,0.1217155,-0.1544721,1.457716,0.1302578,-0.2655579,1.433681,0.06486653,0.4238921,1.485913
72057594038000686,0,1.498911,14145.19,0.0591244,0.05579332,1.485352,0.07345675,0.5533217,1.48909,-0.03220661,0.3775673,1.483757,-0.07692841,0.2402436,1.487157,-0.05162597,0.1025019,1.445505,-0.01476032,0.09586981,1.416329,0.1626331,0.3657612,1.453471,0.1876815,0.2227583,1.464572,0.1931792,0.09981123,1.544145,0.2000991,0.05916587,1.500693,0.02067018,0.06325951,1.467049,-0.00932557,-0.1506212,1.421498,-0.06082343,-0.292327,1.293591,0.09580012,0.05823517,1.455375,0.1217155,-0.1544721,1.457716,0.1302578,-0.2655579,1.433681,0.06486653,0.4238921,1.485913
72057594038000686,0,1.498911,14145.2,0.0591244,0.05579332,1.485352,0.07345675,0.5533217,1.48909,-0.03220661,0.3775673,1.483757,-0.07692841,0.2402436,1.487157,-0.05162597,0.1025019,1.445505,-0.01476032,0.09586981,1.416329,0.1626331,0.3657612,1.453471,0.1876815,0.2227583,1.464572,0.1931792,0.09981123,1.544145,0.2000991,0.05916587,1.500693,0.02067018,0.06325951,1.467049,-0.00932557,-0.1506212,1.421498,-0.06082343,-0.292327,1.293591,0.09580012,0.05823517,1.455375,0.1217155,-0.1544721,1.457716,0.1302578,-0.2655579,1.433681,0.06486653,0.4238921,1.485913
72057594038000686,0,1.498911,14145.2,0.0591244,0.05579332,1.485352,0.07345675,0.5533217,1.48909,-0.03220661,0.3775673,1.483757,-0.07692841,0.2402436,1.487157,-0.05162597,0.1025019,1.445505,-0.01476032,0.09586981,1.416329,0.1626331,0.3657612,1.453471,0.1876815,0.2227583,1.464572,0.1931792,0.09981123,1.544145,0.2000991,0.05916587,1.500693,0.02067018,0.06325951,1.467049,-0.00932557,-0.1506212,1.421498,-0.06082343,-0.292327,1.293591,0.09580012,0.05823517,1.455375,0.1217155,-0.1544721,1.457716,0.1302578,-0.2655579,1.433681,0.06486653,0.4238921,1.485913
72057594038000686,0,1.498911,14145.21,0.0591244,0.05579332,1.485352,0.07345675,0.5533217,1.48909,-0.03220661,0.3775673,1.483757,-0.07692841,0.2402436,1.487157,-0.05162597,0.1025019,1.445505,-0.01476032,0.09586981,1.416329,0.1626331,0.3657612,1.453471,0.1876815,0.2227583,1.464572,0.1931792,0.09981123,1.544145,0.2000991,0.05916587,1.500693,0.02067018,0.06325951,1.467049,-0.00932557,-0.1506212,1.421498,-0.06082343,-0.292327,1.293591,0.09580012,0.05823517,1.455375,0.1217155,-0.1544721,1.457716,0.1302578,-0.2655579,1.433681,0.06486653,0.4238921,1.485913
72057594038000686,0,1.498911,14145.21,0.0591244,0.05579332,1.485352,0.07345675,0.5533217,1.48909,-0.03220661,0.3775673,1.483757,-0.07692841,0.2402436,1.487157,-0.05162597,0.1025019,1.445505,-0.01476032,0.09586981,1.416329,0.1626331,0.3657612,1.453471,0.1876815,0.2227583,1.464572,0.1931792,0.09981123,1.544145,0.2000991,0.05916587,1.500693,0.02067018,0.06325951,1.467049,-0.00932557,-0.1506212,1.421498,-0.06082343,-0.292327,1.293591,0.09580012,0.05823517,1.455375,0.1217155,-0.1544721,1.457716,0.1302578,-0.2655579,1.433681,0.06486653,0.4238921,1.485913
72057594038000686,0,1.498911,14145.22,0.0591244,0.05579332,1.485352,0.07345675,0.5533217,1.48909,-0.03220661,0.3775673,1.483757,-0.07692841,0.2402436,1.487157,-0.05162597,0.1025019,1.445505,-0.01476032,0.09586981,1.416329,0.1626331,0.3657612,1.453471,0.1876815,0.2227583,1.464572,0.1931792,0.09981123,1.544145,0.2000991,0.05916587,1.500693,0.02067018,0.06325951,1.467049,-0.00932557,-0.1506212,1.421498,-0.06082343,-0.292327,1.293591,0.09580012,0.05823517,1.455375,0.1217155,-0.1544721,1.457716,0.1302578,-0.2655579,1.433681,0.06486653,0.4238921,1.485913
72057594038000686,0,1.487638,14145.23,0.0698062,0.05565655,1.49969,0.08341246,0.5515396,1.501349,-0.03223738,0.3775036,1.483753,-0.06954955,0.2415732,1.504122,-0.04734692,0.1011819,1.47633,-0.01591204,0.1035766,1.441776,0.1729795,0.3638057,1.469881,0.1989161,0.225427,1.489726,0.203904,0.1040882,1.568977,0.2067341,0.06763497,1.521648,0.03012769,0.06244484,1.479926,0.001357184,-0.1517746,1.43999,-0.02761306,-0.3003106,1.312203,0.1074434,0.05874887,1.47121,0.1215368,-0.1494657,1.468691,0.1309863,-0.2653539,1.435426,0.07466746,0.4234135,1.500301
72057594038000686,0,1.487638,14145.23,0.0698062,0.05565655,1.49969,0.08341246,0.5515396,1.501349,-0.03223738,0.3775036,1.483753,-0.06954955,0.2415732,1.504122,-0.04734692,0.1011819,1.47633,-0.01591204,0.1035766,1.441776,0.1729795,0.3638057,1.469881,0.1989161,0.225427,1.489726,0.203904,0.1040882,1.568977,0.2067341,0.06763497,1.521648,0.03012769,0.06244484,1.479926,0.001357184,-0.1517746,1.43999,-0.02761306,-0.3003106,1.312203,0.1074434,0.05874887,1.47121,0.1215368,-0.1494657,1.468691,0.1309863,-0.2653539,1.435426,0.07466746,0.4234135,1.500301
72057594038000686,0,1.487638,14145.24,0.0698062,0.05565655,1.49969,0.08341246,0.5515396,1.501349,-0.03223738,0.3775036,1.483753,-0.06954955,0.2415732,1.504122,-0.04734692,0.1011819,1.47633,-0.01591204,0.1035766,1.441776,0.1729795,0.3638057,1.469881,0.1989161,0.225427,1.489726,0.203904,0.1040882,1.568977,0.2067341,0.06763497,1.521648,0.03012769,0.06244484,1.479926,0.001357184,-0.1517746,1.43999,-0.02761306,-0.3003106,1.312203,0.1074434,0.05874887,1.47121,0.1215368,-0.1494657,1.468691,0.1309863,-0.2653539,1.435426,0.07466746,0.4234135,1.500301
72057594038000686,0,1.487638,14145.24,0.0698062,0.05565655,1.49969,0.08341246,0.5515396,1.501349,-0.03223738,0.3775036,1.483753,-0.06954955,0.2415732,1.504122,-0.04734692,0.1011819,1.47633,-0.01591204,0.1035766,1.441776,0.1729795,0.3638057,1.469881,0.1989161,0.225427,1.489726,0.203904,0.1040882,1.568977,0.2067341,0.06763497,1.521648,0.03012769,0.06244484,1.479926,0.001357184,-0.1517746,1.43999,-0.02761306,-0.3003106,1.312203,0.1074434,0.05874887,1.47121,0.1215368,-0.1494657,1.468691,0.1309863,-0.2653539,1.435426,0.07466746,0.4234135,1.500301
72057594038000686,0,1.487638,14145.24,0.0698062,0.05565655,1.49969,0.08341246,0.5515396,1.501349,-0.03223738,0.3775036,1.483753,-0.06954955,0.2415732,1.504122,-0.04734692,0.1011819,1.47633,-0.01591204,0.1035766,1.441776,0.1729795,0.3638057,1.469881,0.1989161,0.225427,1.489726,0.203904,0.1040882,1.568977,0.2067341,0.06763497,1.521648,0.03012769,0.06244484,1.479926,0.001357184,-0.1517746,1.43999,-0.02761306,-0.3003106,1.312203,0.1074434,0.05874887,1.47121,0.1215368,-0.1494657,1.468691,0.1309863,-0.2653539,1.435426,0.07466746,0.4234135,1.500301
72057594038000686,0,1.487638,14145.25,0.0698062,0.05565655,1.49969,0.08341246,0.5515396,1.501349,-0.03223738,0.3775036,1.483753,-0.06954955,0.2415732,1.504122,-0.04734692,0.1011819,1.47633,-0.01591204,0.1035766,1.441776,0.1729795,0.3638057,1.469881,0.1989161,0.225427,1.489726,0.203904,0.1040882,1.568977,0.2067341,0.06763497,1.521648,0.03012769,0.06244484,1.479926,0.001357184,-0.1517746,1.43999,-0.02761306,-0.3003106,1.312203,0.1074434,0.05874887,1.47121,0.1215368,-0.1494657,1.468691,0.1309863,-0.2653539,1.435426,0.07466746,0.4234135,1.500301
72057594038000686,0,1.487638,14145.25,0.0698062,0.05565655,1.49969,0.08341246,0.5515396,1.501349,-0.03223738,0.3775036,1.483753,-0.06954955,0.2415732,1.504122,-0.04734692,0.1011819,1.47633,-0.01591204,0.1035766,1.441776,0.1729795,0.3638057,1.469881,0.1989161,0.225427,1.489726,0.203904,0.1040882,1.568977,0.2067341,0.06763497,1.521648,0.03012769,0.06244484,1.479926,0.001357184,-0.1517746,1.43999,-0.02761306,-0.3003106,1.312203,0.1074434,0.05874887,1.47121,0.1215368,-0.1494657,1.468691,0.1309863,-0.2653539,1.435426,0.07466746,0.4234135,1.500301
72057594038000686,0,1.47849,14145.26,0.07712032,0.05648044,1.510708,0.09277412,0.5509409,1.515396,-0.01221983,0.3806558,1.510064,-0.06056604,0.2461446,1.517658,-0.04542334,0.1053907,1.4893,-0.01050379,0.1072211,1.464219,0.1813288,0.3619695,1.488865,0.2086085,0.2257007,1.513654,0.2310472,0.1169497,1.59431,0.288354,0.1025859,1.60401,0.03661351,0.06309181,1.49049,0.02781795,-0.1432512,1.4822,-0.01038146,-0.28089,1.344154,0.1153488,0.05962211,1.482586,0.1219724,-0.1439955,1.480499,0.1320293,-0.2652643,1.438081,0.08291858,0.4218625,1.51335
72057594038000686,0,1.47849,14145.26,0.07712032,0.05648044,1.510708,0.09277412,0.5509409,1.515396,-0.01221983,0.3806558,1.510064,-0.06056604,0.2461446,1.517658,-0.04542334,0.1053907,1.4893,-0.01050379,0.1072211,1.464219,0.1813288,0.3619695,1.488865,0.2086085,0.2257007,1.513654,0.2310472,0.1169497,1.59431,0.288354,0.1025859,1.60401,0.03661351,0.06309181,1.49049,0.02781795,-0.1432512,1.4822,-0.01038146,-0.28089,1.344154,0.1153488,0.05962211,1.482586,0.1219724,-0.1439955,1.480499,0.1320293,-0.2652643,1.438081,0.08291858,0.4218625,1.51335
72057594038000686,0,1.47849,14145.27,0.07712032,0.05648044,1.510708,0.09277412,0.5509409,1.515396,-0.01221983,0.3806558,1.510064,-0.06056604,0.2461446,1.517658,-0.04542334,0.1053907,1.4893,-0.01050379,0.1072211,1.464219,0.1813288,0.3619695,1.488865,0.2086085,0.2257007,1.513654,0.2310472,0.1169497,1.59431,0.288354,0.1025859,1.60401,0.03661351,0.06309181,1.49049,0.02781795,-0.1432512,1.4822,-0.01038146,-0.28089,1.344154,0.1153488,0.05962211,1.482586,0.1219724,-0.1439955,1.480499,0.1320293,-0.2652643,1.438081,0.08291858,0.4218625,1.51335
72057594038000686,0,1.47849,14145.27,0.07712032,0.05648044,1.510708,0.09277412,0.5509409,1.515396,-0.01221983,0.3806558,1.510064,-0.06056604,0.2461446,1.517658,-0.04542334,0.1053907,1.4893,-0.01050379,0.1072211,1.464219,0.1813288,0.3619695,1.488865,0.2086085,0.2257007,1.513654,0.2310472,0.1169497,1.59431,0.288354,0.1025859,1.60401,0.03661351,0.06309181,1.49049,0.02781795,-0.1432512,1.4822,-0.01038146,-0.28089,1.344154,0.1153488,0.05962211,1.482586,0.1219724,-0.1439955,1.480499,0.1320293,-0.2652643,1.438081,0.08291858,0.4218625,1.51335
72057594038000686,0,1.47849,14145.28,0.07712032,0.05648044,1.510708,0.09277412,0.5509409,1.515396,-0.01221983,0.3806558,1.510064,-0.06056604,0.2461446,1.517658,-0.04542334,0.1053907,1.4893,-0.01050379,0.1072211,1.464219,0.1813288,0.3619695,1.488865,0.2086085,0.2257007,1.513654,0.2310472,0.1169497,1.59431,0.288354,0.1025859,1.60401,0.03661351,0.06309181,1.49049,0.02781795,-0.1432512,1.4822,-0.01038146,-0.28089,1.344154,0.1153488,0.05962211,1.482586,0.1219724,-0.1439955,1.480499,0.1320293,-0.2652643,1.438081,0.08291858,0.4218625,1.51335
72057594038000686,0,1.47849,14145.28,0.07712032,0.05648044,1.510708,0.09277412,0.5509409,1.515396,-0.01221983,0.3806558,1.510064,-0.06056604,0.2461446,1.517658,-0.04542334,0.1053907,1.4893,-0.01050379,0.1072211,1.464219,0.1813288,0.3619695,1.488865,0.2086085,0.2257007,1.513654,0.2310472,0.1169497,1.59431,0.288354,0.1025859,1.60401,0.03661351,0.06309181,1.49049,0.02781795,-0.1432512,1.4822,-0.01038146,-0.28089,1.344154,0.1153488,0.05962211,1.482586,0.1219724,-0.1439955,1.480499,0.1320293,-0.2652643,1.438081,0.08291858,0.4218625,1.51335
72057594038000686,0,1.47849,14145.28,0.07712032,0.05648044,1.510708,0.09277412,0.5509409,1.515396,-0.01221983,0.3806558,1.510064,-0.06056604,0.2461446,1.517658,-0.04542334,0.1053907,1.4893,-0.01050379,0.1072211,1.464219,0.1813288,0.3619695,1.488865,0.2086085,0.2257007,1.513654,0.2310472,0.1169497,1.59431,0.288354,0.1025859,1.60401,0.03661351,0.06309181,1.49049,0.02781795,-0.1432512,1.4822,-0.01038146,-0.28089,1.344154,0.1153488,0.05962211,1.482586,0.1219724,-0.1439955,1.480499,0.1320293,-0.2652643,1.438081,0.08291858,0.4218625,1.51335
72057594038000686,0,1.46407,14145.29,0.08305329,0.05660498,1.528554,0.1009618,0.5485613,1.530159,-0.005880789,0.3799123,1.520192,-0.05051154,0.2454359,1.532438,-0.03681518,0.104991,1.504494,-0.003025027,0.1010782,1.480578,0.1893833,0.3625327,1.513066,0.2163994,0.2276116,1.540762,0.2308427,0.1159493,1.618785,0.2315014,0.06935367,1.581447,0.04243766,0.06300098,1.508163,0.0351385,-0.1428173,1.501771,0.02618629,-0.2992606,1.380601,0.1212146,0.05983075,1.500572,0.1222497,-0.139435,1.49036,0.138346,-0.3219098,1.421164,0.09115583,0.4201988,1.53273
72057594038000686,0,1.46407,14145.29,0.08305329,0.05660498,1.528554,0.1009618,0.5485613,1.530159,-0.005880789,0.3799123,1.520192,-0.05051154,0.2454359,1.532438,-0.03681518,0.104991,1.504494,-0.003025027,0.1010782,1.480578,0.1893833,0.3625327,1.513066,0.2163994,0.2276116,1.540762,0.2308427,0.1159493,1.618785,0.2315014,0.06935367,1.581447,0.04243766,0.06300098,1.508163,0.0351385,-0.1428173,1.501771,0.02618629,-0.2992606,1.380601,0.1212146,0.05983075,1.500572,0.1222497,-0.139435,1.49036,0.138346,-0.3219098,1.421164,0.09115583,0.4201988,1.53273
72057594038000686,0,1.46407,14145.3,0.08305329,0.05660498,1.528554,0.1009618,0.5485613,1.530159,-0.005880789,0.3799123,1.520192,-0.05051154,0.2454359,1.532438,-0.03681518,0.104991,1.504494,-0.003025027,0.1010782,1.480578,0.1893833,0.3625327,1.513066,0.2163994,0.2276116,1.540762,0.2308427,0.1159493,1.618785,0.2315014,0.06935367,1.581447,0.04243766,0.06300098,1.508163,0.0351385,-0.1428173,1.501771,0.02618629,-0.2992606,1.380601,0.1212146,0.05983075,1.500572,0.1222497,-0.139435,1.49036,0.138346,-0.3219098,1.421164,0.09115583,0.4201988,1.53273
72057594038000686,0,1.46407,14145.3,0.08305329,0.05660498,1.528554,0.1009618,0.5485613,1.530159,-0.005880789,0.3799123,1.520192,-0.05051154,0.2454359,1.532438,-0.03681518,0.104991,1.504494,-0.003025027,0.1010782,1.480578,0.1893833,0.3625327,1.513066,0.2163994,0.2276116,1.540762,0.2308427,0.1159493,1.618785,0.2315014,0.06935367,1.581447,0.04243766,0.06300098,1.508163,0.0351385,-0.1428173,1.501771,0.02618629,-0.2992606,1.380601,0.1212146,0.05983075,1.500572,0.1222497,-0.139435,1.49036,0.138346,-0.3219098,1.421164,0.09115583,0.4201988,1.53273
72057594038000686,0,1.46407,14145.31,0.08305329,0.05660498,1.528554,0.1009618,0.5485613,1.530159,-0.005880789,0.3799123,1.520192,-0.05051154,0.2454359,1.532438,-0.03681518,0.104991,1.504494,-0.003025027,0.1010782,1.480578,0.1893833,0.3625327,1.513066,0.2163994,0.2276116,1.540762,0.2308427,0.1159493,1.618785,0.2315014,0.06935367,1.581447,0.04243766,0.06300098,1.508163,0.0351385,-0.1428173,1.501771,0.02618629,-0.2992606,1.380601,0.1212146,0.05983075,1.500572,0.1222497,-0.139435,1.49036,0.138346,-0.3219098,1.421164,0.09115583,0.4201988,1.53273
72057594038000686,0,1.46407,14145.31,0.08305329,0.05660498,1.528554,0.1009618,0.5485613,1.530159,-0.005880789,0.3799123,1.520192,-0.05051154,0.2454359,1.532438,-0.03681518,0.104991,1.504494,-0.003025027,0.1010782,1.480578,0.1893833,0.3625327,1.513066,0.2163994,0.2276116,1.540762,0.2308427,0.1159493,1.618785,0.2315014,0.06935367,1.581447,0.04243766,0.06300098,1.508163,0.0351385,-0.1428173,1.501771,0.02618629,-0.2992606,1.380601,0.1212146,0.05983075,1.500572,0.1222497,-0.139435,1.49036,0.138346,-0.3219098,1.421164,0.09115583,0.4201988,1.53273
72057594038000686,0,1.46407,14145.32,0.08305329,0.05660498,1.528554,0.1009618,0.5485613,1.530159,-0.005880789,0.3799123,1.520192,-0.05051154,0.2454359,1.532438,-0.03681518,0.104991,1.504494,-0.003025027,0.1010782,1.480578,0.1893833,0.3625327,1.513066,0.2163994,0.2276116,1.540762,0.2308427,0.1159493,1.618785,0.2315014,0.06935367,1.581447,0.04243766,0.06300098,1.508163,0.0351385,-0.1428173,1.501771,0.02618629,-0.2992606,1.380601,0.1212146,0.05983075,1.500572,0.1222497,-0.139435,1.49036,0.138346,-0.3219098,1.421164,0.09115583,0.4201988,1.53273
72057594038000686,0,1.449605,14145.32,0.08412194,0.05554724,1.546974,0.1051201,0.5455529,1.546273,-0.0006280028,0.3777781,1.533063,-0.04359374,0.2428626,1.542825,-0.0327554,0.1037232,1.508593,0.01318403,0.07271245,1.496337,0.1920743,0.3627888,1.530364,0.2207201,0.2293501,1.559915,0.2280113,0.1113423,1.629357,0.2284487,0.06737202,1.589161,0.04316877,0.06136319,1.524693,0.05187897,-0.1433603,1.54503,0.03577266,-0.2881158,1.409851,0.1226407,0.05933335,1.521001,0.1190953,-0.1395014,1.502316,0.1418455,-0.3171713,1.421719,0.09509817,0.4203683,1.55209
72057594038000686,0,1.449605,14145.33,0.08412194,0.05554724,1.546974,0.1051201,0.5455529,1.546273,-0.0006280028,0.3777781,1.533063,-0.04359374,0.2428626,1.542825,-0.0327554,0.1037232,1.508593,0.01318403,0.07271245,1.496337,0.1920743,0.3627888,1.530364,0.2207201,0.2293501,1.559915,0.2280113,0.1113423,1.629357,0.2284487,0.06737202,1.589161,0.04316877,0.06136319,1.524693,0.05187897,-0.1433603,1.54503,0.03577266,-0.2881158,1.409851,0.1226407,0.05933335,1.521001,0.1190953,-0.1395014,1.502316,0.1418455,-0.3171713,1.421719,0.09509817,0.4203683,1.55209
72057594038000686,0,1.449605,14145.33,0.08412194,0.05554724,1.546974,0.1051201,0.5455529,1.546273,-0.0006280028,0.3777781,1.533063,-0.04359374,0.2428626,1.542825,-0.0327554,0.1037232,1.508593,0.01318403,0.07271245,1.496337,0.1920743,0.3627888,1.530364,0.2207201,0.2293501,1.559915,0.2280113,0.1113423,1.629357,0.2284487,0.06737202,1.589161,0.04316877,0.06136319,1.524693,0.05187897,-0.1433603,1.54503,0.03577266,-0.2881158,1.409851,0.1226407,0.05933335,1.521001,0.1190953,-0.1395014,1.502316,0.1418455,-0.3171713,1.421719,0.09509817,0.4203683,1.55209
72057594038000686,0,1.449605,14145.34,0.08412194,0.05554724,1.546974,0.1051201,0.5455529,1.546273,-0.0006280028,0.3777781,1.533063,-0.04359374,0.2428626,1.542825,-0.0327554,0.1037232,1.508593,0.01318403,0.07271245,1.496337,0.1920743,0.3627888,1.530364,0.2207201,0.2293501,1.559915,0.2280113,0.1113423,1.629357,0.2284487,0.06737202,1.589161,0.04316877,0.06136319,1.524693,0.05187897,-0.1433603,1.54503,0.03577266,-0.2881158,1.409851,0.1226407,0.05933335,1.521001,0.1190953,-0.1395014,1.502316,0.1418455,-0.3171713,1.421719,0.09509817,0.4203683,1.55209
72057594038000686,0,1.449605,14145.35,0.08412194,0.05554724,1.546974,0.1051201,0.5455529,1.546273,-0.0006280028,0.3777781,1.533063,-0.04359374,0.2428626,1.542825,-0.0327554,0.1037232,1.508593,0.01318403,0.07271245,1.496337,0.1920743,0.3627888,1.530364,0.2207201,0.2293501,1.559915,0.2280113,0.1113423,1.629357,0.2284487,0.06737202,1.589161,0.04316877,0.06136319,1.524693,0.05187897,-0.1433603,1.54503,0.03577266,-0.2881158,1.409851,0.1226407,0.05933335,1.521001,0.1190953,-0.1395014,1.502316,0.1418455,-0.3171713,1.421719,0.09509817,0.4203683,1.55209
72057594038000686,0,1.449605,14145.35,0.08412194,0.05554724,1.546974,0.1051201,0.5455529,1.546273,-0.0006280028,0.3777781,1.533063,-0.04359374,0.2428626,1.542825,-0.0327554,0.1037232,1.508593,0.01318403,0.07271245,1.496337,0.1920743,0.3627888,1.530364,0.2207201,0.2293501,1.559915,0.2280113,0.1113423,1.629357,0.2284487,0.06737202,1.589161,0.04316877,0.06136319,1.524693,0.05187897,-0.1433603,1.54503,0.03577266,-0.2881158,1.409851,0.1226407,0.05933335,1.521001,0.1190953,-0.1395014,1.502316,0.1418455,-0.3171713,1.421719,0.09509817,0.4203683,1.55209
72057594038000686,0,1.434211,14145.36,0.08670736,0.05657005,1.565312,0.1080475,0.5460359,1.560908,0.00372781,0.375508,1.548417,-0.03736414,0.2399845,1.554633,-0.02817859,0.101849,1.517284,0.01649032,0.07564393,1.511004,0.1966605,0.3667389,1.557426,0.225492,0.2354492,1.591654,0.2042067,0.09663618,1.601169,0.1929228,0.02027136,1.531471,0.04554082,0.06147414,1.543165,0.05283893,-0.1493749,1.574347,0.07931112,-0.3195888,1.478214,0.1253599,0.0610866,1.539054,0.1195172,-0.1445656,1.510678,0.1429209,-0.3192332,1.422856,0.09779013,0.4204501,1.570236
72057594038000686,0,1.434211,14145.36,0.08670736,0.05657005,1.565312,0.1080475,0.5460359,1.560908,0.00372781,0.375508,1.548417,-0.03736414,0.2399845,1.554633,-0.02817859,0.101849,1.517284,0.01649032,0.07564393,1.511004,0.1966605,0.3667389,1.557426,0.225492,0.2354492,1.591654,0.2042067,0.09663618,1.601169,0.1929228,0.02027136,1.531471,0.04554082,0.06147414,1.543165,0.05283893,-0.1493749,1.574347,0.07931112,-0.3195888,1.478214,0.1253599,0.0610866,1.539054,0.1195172,-0.1445656,1.510678,0.1429209,-0.3192332,1.422856,0.09779013,0.4204501,1.570236
72057594038000686,0,1.434211,14145.37,0.08670736,0.05657005,1.565312,0.1080475,0.5460359,1.560908,0.00372781,0.375508,1.548417,-0.03736414,0.2399845,1.554633,-0.02817859,0.101849,1.517284,0.01649032,0.07564393,1.511004,0.1966605,0.3667389,1.557426,0.225492,0.2354492,1.591654,0.2042067,0.09663618,1.601169,0.1929228,0.02027136,1.531471,0.04554082,0.06147414,1.543165,0.05283893,-0.1493749,1.574347,0.07931112,-0.3195888,1.478214,0.1253599,0.0610866,1.539054,0.1195172,-0.1445656,1.510678,0.1429209,-0.3192332,1.422856,0.09779013,0.4204501,1.570236
72057594038000686,0,1.434211,14145.37,0.08670736,0.05657005,1.565312,0.1080475,0.5460359,1.560908,0.00372781,0.375508,1.548417,-0.03736414,0.2399845,1.554633,-0.02817859,0.101849,1.517284,0.01649032,0.07564393,1.511004,0.1966605,0.3667389,1.557426,0.225492,0.2354492,1.591654,0.2042067,0.09663618,1.601169,0.1929228,0.02027136,1.531471,0.04554082,0.06147414,1.543165,0.05283893,-0.1493749,1.574347,0.07931112,-0.3195888,1.478214,0.1253599,0.0610866,1.539054,0.1195172,-0.1445656,1.510678,0.1429209,-0.3192332,1.422856,0.09779013,0.4204501,1.570236
72057594038000686,0,1.434211,14145.38,0.08670736,0.05657005,1.565312,0.1080475,0.5460359,1.560908,0.00372781,0.375508,1.548417,-0.03736414,0.2399845,1.554633,-0.02817859,0.101849,1.517284,0.01649032,0.07564393,1.511004,0.1966605,0.3667389,1.557426,0.225492,0.2354492,1.591654,0.2042067,0.09663618,1.601169,0.1929228,0.02027136,1.531471,0.04554082,0.06147414,1.543165,0.05283893,-0.1493749,1.574347,0.07931112,-0.3195888,1.478214,0.1253599,0.0610866,1.539054,0.1195172,-0.1445656,1.510678,0.1429209,-0.3192332,1.422856,0.09779013,0.4204501,1.570236
72057594038000686,0,1.434211,14145.38,0.08670736,0.05657005,1.565312,0.1080475,0.5460359,1.560908,0.00372781,0.375508,1.548417,-0.03736414,0.2399845,1.554633,-0.02817859,0.101849,1.517284,0.01649032,0.07564393,1.511004,0.1966605,0.3667389,1.557426,0.225492,0.2354492,1.591654,0.2042067,0.09663618,1.601169,0.1929228,0.02027136,1.531471,0.04554082,0.06147414,1.543165,0.05283893,-0.1493749,1.574347,0.07931112,-0.3195888,1.478214,0.1253599,0.0610866,1.539054,0.1195172,-0.1445656,1.510678,0.1429209,-0.3192332,1.422856,0.09779013,0.4204501,1.570236
72057594038000686,0,1.416993,14145.39,0.08750501,0.05781248,1.585671,0.1096216,0.5450224,1.577005,0.007129309,0.3744743,1.563745,-0.0337823,0.2391365,1.567991,-0.01769213,0.09981236,1.545056,0.02464725,0.07164419,1.528825,0.1966055,0.3713932,1.573543,0.217586,0.2283857,1.562592,0.2129418,0.08196867,1.533775,0.187107,0.05581641,1.528813,0.04644955,0.0613226,1.563301,0.05073476,-0.1369789,1.632873,0.08979157,-0.3103776,1.547897,0.1260498,0.06359053,1.55968,0.1243196,-0.1341547,1.533632,0.1400724,-0.3024859,1.431071,0.1001772,0.4202963,1.587041
72057594038000686,0,1.416993,14145.39,0.08750501,0.05781248,1.585671,0.1096216,0.5450224,1.577005,0.007129309,0.3744743,1.563745,-0.0337823,0.2391365,1.567991,-0.01769213,0.09981236,1.545056,0.02464725,0.07164419,1.528825,0.1966055,0.3713932,1.573543,0.217586,0.2283857,1.562592,0.2129418,0.08196867,1.533775,0.187107,0.05581641,1.528813,0.04644955,0.0613226,1.563301,0.05073476,-0.1369789,1.632873,0.08979157,-0.3103776,1.547897,0.1260498,0.06359053,1.55968,0.1243196,-0.1341547,1.533632,0.1400724,-0.3024859,1.431071,0.1001772,0.4202963,1.587041
72057594038000686,0,1.416993,14145.4,0.08750501,0.05781248,1.585671,0.1096216,0.5450224,1.577005,0.007129309,0.3744743,1.563745,-0.0337823,0.2391365,1.567991,-0.01769213,0.09981236,1.545056,0.02464725,0.07164419,1.528825,0.1966055,0.3713932,1.573543,0.217586,0.2283857,1.562592,0.2129418,0.08196867,1.533775,0.187107,0.05581641,1.528813,0.04644955,0.0613226,1.563301,0.05073476,-0.1369789,1.632873,0.08979157,-0.3103776,1.547897,0.1260498,0.06359053,1.55968,0.1243196,-0.1341547,1.533632,0.1400724,-0.3024859,1.431071,0.1001772,0.4202963,1.587041
72057594038000686,0,1.416993,14145.4,0.08750501,0.05781248,1.585671,0.1096216,0.5450224,1.577005,0.007129309,0.3744743,1.563745,-0.0337823,0.2391365,1.567991,-0.01769213,0.09981236,1.545056,0.02464725,0.07164419,1.528825,0.1966055,0.3713932,1.573543,0.217586,0.2283857,1.562592,0.2129418,0.08196867,1.533775,0.187107,0.05581641,1.528813,0.04644955,0.0613226,1.563301,0.05073476,-0.1369789,1.632873,0.08979157,-0.3103776,1.547897,0.1260498,0.06359053,1.55968,0.1243196,-0.1341547,1.533632,0.1400724,-0.3024859,1.431071,0.1001772,0.4202963,1.587041
72057594038000686,0,1.416993,14145.41,0.08750501,0.05781248,1.585671,0.1096216,0.5450224,1.577005,0.007129309,0.3744743,1.563745,-0.0337823,0.2391365,1.567991,-0.01769213,0.09981236,1.545056,0.02464725,0.07164419,1.528825,0.1966055,0.3713932,1.573543,0.217586,0.2283857,1.562592,0.2129418,0.08196867,1.533775,0.187107,0.05581641,1.528813,0.04644955,0.0613226,1.563301,0.05073476,-0.1369789,1.632873,0.08979157,-0.3103776,1.547897,0.1260498,0.06359053,1.55968,0.1243196,-0.1341547,1.533632,0.1400724,-0.3024859,1.431071,0.1001772,0.4202963,1.587041
72057594038000686,0,1.416993,14145.41,0.08750501,0.05781248,1.585671,0.1096216,0.5450224,1.577005,0.007129309,0.3744743,1.563745,-0.0337823,0.2391365,1.567991,-0.01769213,0.09981236,1.545056,0.02464725,0.07164419,1.528825,0.1966055,0.3713932,1.573543,0.217586,0.2283857,1.562592,0.2129418,0.08196867,1.533775,0.187107,0.05581641,1.528813,0.04644955,0.0613226,1.563301,0.05073476,-0.1369789,1.632873,0.08979157,-0.3103776,1.547897,0.1260498,0.06359053,1.55968,0.1243196,-0.1341547,1.533632,0.1400724,-0.3024859,1.431071,0.1001772,0.4202963,1.587041
72057594038000686,0,1.416993,14145.42,0.08750501,0.05781248,1.585671,0.1096216,0.5450224,1.577005,0.007129309,0.3744743,1.563745,-0.0337823,0.2391365,1.567991,-0.01769213,0.09981236,1.545056,0.02464725,0.07164419,1.528825,0.1966055,0.3713932,1.573543,0.217586,0.2283857,1.562592,0.2129418,0.08196867,1.533775,0.187107,0.05581641,1.528813,0.04644955,0.0613226,1.563301,0.05073476,-0.1369789,1.632873,0.08979157,-0.3103776,1.547897,0.1260498,0.06359053,1.55968,0.1243196,-0.1341547,1.533632,0.1400724,-0.3024859,1.431071,0.1001772,0.4202963,1.587041
72057594038000686,0,1.397466,14145.43,0.08916093,0.05990925,1.60846,0.1107548,0.5460032,1.590965,0.009767484,0.3749488,1.577183,-0.02925807,0.2399852,1.584658,-0.0126058,0.09492502,1.568014,0.02258109,0.06576526,1.553682,0.1940785,0.3753626,1.594817,0.2061707,0.2187048,1.527295,0.2116514,0.08060339,1.543317,0.1879589,0.06289968,1.550622,0.04818157,0.0616515,1.585168,0.0553848,-0.1496546,1.66035,0.07876903,-0.2699373,1.658886,0.1276103,0.06733635,1.58338,0.1349893,-0.1276412,1.537318,0.1397275,-0.2973185,1.435138,0.09960224,0.420823,1.608503
72057594038000686,0,1.397466,14145.43,0.08916093,0.05990925,1.60846,0.1107548,0.5460032,1.590965,0.009767484,0.3749488,1.577183,-0.02925807,0.2399852,1.584658,-0.0126058,0.09492502,1.568014,0.02258109,0.06576526,1.553682,0.1940785,0.3753626,1.594817,0.2061707,0.2187048,1.527295,0.2116514,0.08060339,1.543317,0.1879589,0.06289968,1.550622,0.04818157,0.0616515,1.585168,0.0553848,-0.1496546,1.66035,0.07876903,-0.2699373,1.658886,0.1276103,0.06733635,1.58338,0.1349893,-0.1276412,1.537318,0.1397275,-0.2973185,1.435138,0.09960224,0.420823,1.608503
72057594038000686,0,1.397466,14145.44,0.08916093,0.05990925,1.60846,0.1107548,0.5460032,1.590965,0.009767484,0.3749488,1.577183,-0.02925807,0.2399852,1.584658,-0.0126058,0.09492502,1.568014,0.02258109,0.06576526,1.553682,0.1940785,0.3753626,1.594817,0.2061707,0.2187048,1.527295,0.2116514,0.08060339,1.543317,0.1879589,0.06289968,1.550622,0.04818157,0.0616515,1.585168,0.0553848,-0.1496546,1.66035,0.07876903,-0.2699373,1.658886,0.1276103,0.06733635,1.58338,0.1349893,-0.1276412,1.537318,0.1397275,-0.2973185,1.435138,0.09960224,0.420823,1.608503
72057594038000686,0,1.397466,14145.44,0.08916093,0.05990925,1.60846,0.1107548,0.5460032,1.590965,0.009767484,0.3749488,1.577183,-0.02925807,0.2399852,1.584658,-0.0126058,0.09492502,1.568014,0.02258109,0.06576526,1.553682,0.1940785,0.3753626,1.594817,0.2061707,0.2187048,1.527295,0.2116514,0.08060339,1.543317,0.1879589,0.06289968,1.550622,0.04818157,0.0616515,1.585168,0.0553848,-0.1496546,1.66035,0.07876903,-0.2699373,1.658886,0.1276103,0.06733635,1.58338,0.1349893,-0.1276412,1.537318,0.1397275,-0.2973185,1.435138,0.09960224,0.420823,1.608503
72057594038000686,0,1.397466,14145.45,0.08916093,0.05990925,1.60846,0.1107548,0.5460032,1.590965,0.009767484,0.3749488,1.577183,-0.02925807,0.2399852,1.584658,-0.0126058,0.09492502,1.568014,0.02258109,0.06576526,1.553682,0.1940785,0.3753626,1.594817,0.2061707,0.2187048,1.527295,0.2116514,0.08060339,1.543317,0.1879589,0.06289968,1.550622,0.04818157,0.0616515,1.585168,0.0553848,-0.1496546,1.66035,0.07876903,-0.2699373,1.658886,0.1276103,0.06733635,1.58338,0.1349893,-0.1276412,1.537318,0.1397275,-0.2973185,1.435138,0.09960224,0.420823,1.608503
72057594038000686,0,1.397466,14145.45,0.08916093,0.05990925,1.60846,0.1107548,0.5460032,1.590965,0.009767484,0.3749488,1.577183,-0.02925807,0.2399852,1.584658,-0.0126058,0.09492502,1.568014,0.02258109,0.06576526,1.553682,0.1940785,0.3753626,1.594817,0.2061707,0.2187048,1.527295,0.2116514,0.08060339,1.543317,0.1879589,0.06289968,1.550622,0.04818157,0.0616515,1.585168,0.0553848,-0.1496546,1.66035,0.07876903,-0.2699373,1.658886,0.1276103,0.06733635,1.58338,0.1349893,-0.1276412,1.537318,0.1397275,-0.2973185,1.435138,0.09960224,0.420823,1.608503
72057594038000686,0,1.381182,14145.46,0.0942663,0.05892456,1.629958,0.1070592,0.5435977,1.616978,0.01132466,0.3728694,1.590843,-0.02729406,0.2382094,1.598863,-0.004305226,0.08990332,1.595731,0.02702969,0.06105241,1.575499,0.1897488,0.376027,1.608577,0.1713822,0.2220844,1.576672,0.1581739,0.08266994,1.575428,0.1662978,0.05703089,1.558844,0.05325186,0.05928421,1.606347,0.06118875,-0.1688671,1.707039,0.08683421,-0.2716584,1.72049,0.1326415,0.06760335,1.605143,0.1381469,-0.12258,1.560968,0.1414325,-0.2824249,1.442416,0.09703607,0.4204727,1.627957
72057594038000686,0,1.381182,14145.46,0.0942663,0.05892456,1.629958,0.1070592,0.5435977,1.616978,0.01132466,0.3728694,1.590843,-0.02729406,0.2382094,1.598863,-0.004305226,0.08990332,1.595731,0.02702969,0.06105241,1.575499,0.1897488,0.376027,1.608577,0.1713822,0.2220844,1.576672,0.1581739,0.08266994,1.575428,0.1662978,0.05703089,1.558844,0.05325186,0.05928421,1.606347,0.06118875,-0.1688671,1.707039,0.08683421,-0.2716584,1.72049,0.1326415,0.06760335,1.605143,0.1381469,-0.12258,1.560968,0.1414325,-0.2824249,1.442416,0.09703607,0.4204727,1.627957
72057594038000686,0,1.381182,14145.47,0.0942663,0.05892456,1.629958,0.1070592,0.5435977,1.616978,0.01132466,0.3728694,1.590843,-0.02729406,0.2382094,1.598863,-0.004305226,0.08990332,1.595731,0.02702969,0.06105241,1.575499,0.1897488,0.376027,1.608577,0.1713822,0.2220844,1.576672,0.1581739,0.08266994,1.575428,0.1662978,0.05703089,1.558844,0.05325186,0.05928421,1.606347,0.06118875,-0.1688671,1.707039,0.08683421,-0.2716584,1.72049,0.1326415,0.06760335,1.605143,0.1381469,-0.12258,1.560968,0.1414325,-0.2824249,1.442416,0.09703607,0.4204727,1.627957
72057594038000686,0,1.381182,14145.47,0.0942663,0.05892456,1.629958,0.1070592,0.5435977,1.616978,0.01132466,0.3728694,1.590843,-0.02729406,0.2382094,1.598863,-0.004305226,0.08990332,1.595731,0.02702969,0.06105241,1.575499,0.1897488,0.376027,1.608577,0.1713822,0.2220844,1.576672,0.1581739,0.08266994,1.575428,0.1662978,0.05703089,1.558844,0.05325186,0.05928421,1.606347,0.06118875,-0.1688671,1.707039,0.08683421,-0.2716584,1.72049,0.1326415,0.06760335,1.605143,0.1381469,-0.12258,1.560968,0.1414325,-0.2824249,1.442416,0.09703607,0.4204727,1.627957
72057594038000686,0,1.381182,14145.47,0.0942663,0.05892456,1.629958,0.1070592,0.5435977,1.616978,0.01132466,0.3728694,1.590843,-0.02729406,0.2382094,1.598863,-0.004305226,0.08990332,1.595731,0.02702969,0.06105241,1.575499,0.1897488,0.376027,1.608577,0.1713822,0.2220844,1.576672,0.1581739,0.08266994,1.575428,0.1662978,0.05703089,1.558844,0.05325186,0.05928421,1.606347,0.06118875,-0.1688671,1.707039,0.08683421,-0.2716584,1.72049,0.1326415,0.06760335,1.605143,0.1381469,-0.12258,1.560968,0.1414325,-0.2824249,1.442416,0.09703607,0.4204727,1.627957
72057594038000686,0,1.381182,14145.48,0.0942663,0.05892456,1.629958,0.1070592,0.5435977,1.616978,0.01132466,0.3728694,1.590843,-0.02729406,0.2382094,1.598863,-0.004305226,0.08990332,1.595731,0.02702969,0.06105241,1.575499,0.1897488,0.376027,1.608577,0.1713822,0.2220844,1.576672,0.1581739,0.08266994,1.575428,0.1662978,0.05703089,1.558844,0.05325186,0.05928421,1.606347,0.06118875,-0.1688671,1.707039,0.08683421,-0.2716584,1.72049,0.1326415,0.06760335,1.605143,0.1381469,-0.12258,1.560968,0.1414325,-0.2824249,1.442416,0.09703607,0.4204727,1.627957
72057594038000686,0,1.381182,14145.48,0.0942663,0.05892456,1.629958,0.1070592,0.5435977,1.616978,0.01132466,0.3728694,1.590843,-0.02729406,0.2382094,1.598863,-0.004305226,0.08990332,1.595731,0.02702969,0.06105241,1.575499,0.1897488,0.376027,1.608577,0.1713822,0.2220844,1.576672,0.1581739,0.08266994,1.575428,0.1662978,0.05703089,1.558844,0.05325186,0.05928421,1.606347,0.06118875,-0.1688671,1.707039,0.08683421,-0.2716584,1.72049,0.1326415,0.06760335,1.605143,0.1381469,-0.12258,1.560968,0.1414325,-0.2824249,1.442416,0.09703607,0.4204727,1.627957
72057594038000686,0,1.358858,14145.49,0.09655946,0.05543962,1.660896,0.1029634,0.5391116,1.635666,0.01143303,0.368968,1.604778,-0.02512577,0.2348027,1.617121,-0.002217002,0.08172187,1.617534,0.03088125,0.05645594,1.601798,0.1814041,0.3752069,1.627501,0.185156,0.217755,1.613599,0.1487611,0.08679071,1.568406,0.1459832,0.07080722,1.570058,0.05579395,0.05508915,1.634774,0.06385146,-0.1572807,1.714609,0.114295,-0.3331929,1.769948,0.1346362,0.06479868,1.63865,0.1463563,-0.1153127,1.580074,0.1466906,-0.2708147,1.454988,0.093284,0.417142,1.647184
72057594038000686,0,1.358858,14145.49,0.09655946,0.05543962,1.660896,0.1029634,0.5391116,1.635666,0.01143303,0.368968,1.604778,-0.02512577,0.2348027,1.617121,-0.002217002,0.08172187,1.617534,0.03088125,0.05645594,1.601798,0.1814041,0.3752069,1.627501,0.185156,0.217755,1.613599,0.1487611,0.08679071,1.568406,0.1459832,0.07080722,1.570058,0.05579395,0.05508915,1.634774,0.06385146,-0.1572807,1.714609,0.114295,-0.3331929,1.769948,0.1346362,0.06479868,1.63865,0.1463563,-0.1153127,1.580074,0.1466906,-0.2708147,1.454988,0.093284,0.417142,1.647184
72057594038000686,0,1.358858,14145.5,0.09655946,0.05543962,1.660896,0.1029634,0.5391116,1.635666,0.01143303,0.368968,1.604778,-0.02512577,0.2348027,1.617121,-0.002217002,0.08172187,1.617534,0.03088125,0.05645594,1.601798,0.1814041,0.3752069,1.627501,0.185156,0.217755,1.613599,0.1487611,0.08679071,1.568406,0.1459832,0.07080722,1.570058,0.05579395,0.05508915,1.634774,0.06385146,-0.1572807,1.714609,0.114295,-0.3331929,1.769948,0.1346362,0.06479868,1.63865,0.1463563,-0.1153127,1.580074,0.1466906,-0.2708147,1.454988,0.093284,0.417142,1.647184
72057594038000686,0,1.358858,14145.51,0.09655946,0.05543962,1.660896,0.1029634,0.5391116,1.635666,0.01143303,0.368968,1.604778,-0.02512577,0.2348027,1.617121,-0.002217002,0.08172187,1.617534,0.03088125,0.05645594,1.601798,0.1814041,0.3752069,1.627501,0.185156,0.217755,1.613599,0.1487611,0.08679071,1.568406,0.1459832,0.07080722,1.570058,0.05579395,0.05508915,1.634774,0.06385146,-0.1572807,1.714609,0.114295,-0.3331929,1.769948,0.1346362,0.06479868,1.63865,0.1463563,-0.1153127,1.580074,0.1466906,-0.2708147,1.454988,0.093284,0.417142,1.647184
72057594038000686,0,1.358858,14145.51,0.09655946,0.05543962,1.660896,0.1029634,0.5391116,1.635666,0.01143303,0.368968,1.604778,-0.02512577,0.2348027,1.617121,-0.002217002,0.08172187,1.617534,0.03088125,0.05645594,1.601798,0.1814041,0.3752069,1.627501,0.185156,0.217755,1.613599,0.1487611,0.08679071,1.568406,0.1459832,0.07080722,1.570058,0.05579395,0.05508915,1.634774,0.06385146,-0.1572807,1.714609,0.114295,-0.3331929,1.769948,0.1346362,0.06479868,1.63865,0.1463563,-0.1153127,1.580074,0.1466906,-0.2708147,1.454988,0.093284,0.417142,1.647184
72057594038000686,0,1.358858,14145.52,0.09655946,0.05543962,1.660896,0.1029634,0.5391116,1.635666,0.01143303,0.368968,1.604778,-0.02512577,0.2348027,1.617121,-0.002217002,0.08172187,1.617534,0.03088125,0.05645594,1.601798,0.1814041,0.3752069,1.627501,0.185156,0.217755,1.613599,0.1487611,0.08679071,1.568406,0.1459832,0.07080722,1.570058,0.05579395,0.05508915,1.634774,0.06385146,-0.1572807,1.714609,0.114295,-0.3331929,1.769948,0.1346362,0.06479868,1.63865,0.1463563,-0.1153127,1.580074,0.1466906,-0.2708147,1.454988,0.093284,0.417142,1.647184
72057594038000686,0,1.358858,14145.52,0.09655946,0.05543962,1.660896,0.1029634,0.5391116,1.635666,0.01143303,0.368968,1.604778,-0.02512577,0.2348027,1.617121,-0.002217002,0.08172187,1.617534,0.03088125,0.05645594,1.601798,0.1814041,0.3752069,1.627501,0.185156,0.217755,1.613599,0.1487611,0.08679071,1.568406,0.1459832,0.07080722,1.570058,0.05579395,0.05508915,1.634774,0.06385146,-0.1572807,1.714609,0.114295,-0.3331929,1.769948,0.1346362,0.06479868,1.63865,0.1463563,-0.1153127,1.580074,0.1466906,-0.2708147,1.454988,0.093284,0.417142,1.647184
72057594038000686,0,1.339523,14145.52,0.09929177,0.04765224,1.69193,0.09683403,0.5352156,1.652947,0.01523792,0.3635798,1.617402,-0.02400239,0.2318865,1.636578,-0.00196981,0.07561624,1.636005,0.03293506,0.06144884,1.628049,0.170902,0.3725355,1.645811,0.1803837,0.2320747,1.634415,0.1363813,0.101881,1.579952,0.1394373,0.06907183,1.60177,0.05861571,0.0458563,1.665897,0.0707698,-0.1719873,1.734013,0.09576365,-0.2705349,1.756015,0.1372721,0.05843538,1.669498,0.1536741,-0.1181089,1.621189,0.1489323,-0.2528419,1.472706,0.08777419,0.411454,1.668142
72057594038000686,0,1.339523,14145.53,0.09929177,0.04765224,1.69193,0.09683403,0.5352156,1.652947,0.01523792,0.3635798,1.617402,-0.02400239,0.2318865,1.636578,-0.00196981,0.07561624,1.636005,0.03293506,0.06144884,1.628049,0.170902,0.3725355,1.645811,0.1803837,0.2320747,1.634415,0.1363813,0.101881,1.579952,0.1394373,0.06907183,1.60177,0.05861571,0.0458563,1.665897,0.0707698,-0.1719873,1.734013,0.09576365,-0.2705349,1.756015,0.1372721,0.05843538,1.669498,0.1536741,-0.1181089,1.621189,0.1489323,-0.2528419,1.472706,0.08777419,0.411454,1.668142
72057594038000686,0,1.339523,14145.53,0.09929177,0.04765224,1.69193,0.09683403,0.5352156,1.652947,0.01523792,0.3635798,1.617402,-0.02400239,0.2318865,1.636578,-0.00196981,0.07561624,1.636005,0.03293506,0.06144884,1.628049,0.170902,0.3725355,1.645811,0.1803837,0.2320747,1.634415,0.1363813,0.101881,1.579952,0.1394373,0.06907183,1.60177,0.05861571,0.0458563,1.665897,0.0707698,-0.1719873,1.734013,0.09576365,-0.2705349,1.756015,0.1372721,0.05843538,1.669498,0.1536741,-0.1181089,1.621189,0.1489323,-0.2528419,1.472706,0.08777419,0.411454,1.668142
72057594038000686,0,1.339523,14145.54,0.09929177,0.04765224,1.69193,0.09683403,0.5352156,1.652947,0.01523792,0.3635798,1.617402,-0.02400239,0.2318865,1.636578,-0.00196981,0.07561624,1.636005,0.03293506,0.06144884,1.628049,0.170902,0.3725355,1.645811,0.1803837,0.2320747,1.634415,0.1363813,0.101881,1.579952,0.1394373,0.06907183,1.60177,0.05861571,0.0458563,1.665897,0.0707698,-0.1719873,1.734013,0.09576365,-0.2705349,1.756015,0.1372721,0.05843538,1.669498,0.1536741,-0.1181089,1.621189,0.1489323,-0.2528419,1.472706,0.08777419,0.411454,1.668142
72057594038000686,0,1.339523,14145.54,0.09929177,0.04765224,1.69193,0.09683403,0.5352156,1.652947,0.01523792,0.3635798,1.617402,-0.02400239,0.2318865,1.636578,-0.00196981,0.07561624,1.636005,0.03293506,0.06144884,1.628049,0.170902,0.3725355,1.645811,0.1803837,0.2320747,1.634415,0.1363813,0.101881,1.579952,0.1394373,0.06907183,1.60177,0.05861571,0.0458563,1.665897,0.0707698,-0.1719873,1.734013,0.09576365,-0.2705349,1.756015,0.1372721,0.05843538,1.669498,0.1536741,-0.1181089,1.621189,0.1489323,-0.2528419,1.472706,0.08777419,0.411454,1.668142
72057594038000686,0,1.339523,14145.55,0.09929177,0.04765224,1.69193,0.09683403,0.5352156,1.652947,0.01523792,0.3635798,1.617402,-0.02400239,0.2318865,1.636578,-0.00196981,0.07561624,1.636005,0.03293506,0.06144884,1.628049,0.170902,0.3725355,1.645811,0.1803837,0.2320747,1.634415,0.1363813,0.101881,1.579952,0.1394373,0.06907183,1.60177,0.05861571,0.0458563,1.665897,0.0707698,-0.1719873,1.734013,0.09576365,-0.2705349,1.756015,0.1372721,0.05843538,1.669498,0.1536741,-0.1181089,1.621189,0.1489323,-0.2528419,1.472706,0.08777419,0.411454,1.668142
72057594038000686,0,1.322175,14145.55,0.09445427,0.04007101,1.71999,0.08544498,0.5317922,1.673664,0.0193455,0.3565261,1.631494,-0.0252396,0.2274355,1.658197,-0.00325093,0.07078212,1.657849,0.03237496,0.05536002,1.650406,0.1600147,0.3717347,1.668845,0.1732119,0.2320084,1.654716,0.1261104,0.1069891,1.598506,0.1283595,0.07079318,1.62487,0.0547848,0.03892249,1.690102,0.08391656,-0.1488809,1.743126,0.09236216,-0.2711855,1.76636,0.1315111,0.0502567,1.701697,0.1575857,-0.1259859,1.660673,0.1617053,-0.2518654,1.50098,0.08274353,0.4069297,1.686522
72057594038000686,0,1.322175,14145.56,0.09445427,0.04007101,1.71999,0.08544498,0.5317922,1.673664,0.0193455,0.3565261,1.631494,-0.0252396,0.2274355,1.658197,-0.00325093,0.07078212,1.657849,0.03237496,0.05536002,1.650406,0.1600147,0.3717347,1.668845,0.1732119,0.2320084,1.654716,0.1261104,0.1069891,1.598506,0.1283595,0.07079318,1.62487,0.0547848,0.03892249,1.690102,0.08391656,-0.1488809,1.743126,0.09236216,-0.2711855,1.76636,0.1315111,0.0502567,1.701697,0.1575857,-0.1259859,1.660673,0.1617053,-0.2518654,1.50098,0.08274353,0.4069297,1.686522
72057594038000686,0,1.322175,14145.56,0.09445427,0.04007101,1.71999,0.08544498,0.5317922,1.673664,0.0193455,0.3565261,1.631494,-0.0252396,0.2274355,1.658197,-0.00325093,0.07078212,1.657849,0.03237496,0.05536002,1.650406,0.1600147,0.3717347,1.668845,0.1732119,0.2320084,1.654716,0.1261104,0.1069891,1.598506,0.1283595,0.07079318,1.62487,0.0547848,0.03892249,1.690102,0.08391656,-0.1488809,1.743126,0.09236216,-0.2711855,1.76636,0.1315111,0.0502567,1.701697,0.1575857,-0.1259859,1.660673,0.1617053,-0.2518654,1.50098,0.08274353,0.4069297,1.686522
72057594038000686,0,1.322175,14145.57,0.09445427,0.04007101,1.71999,0.08544498,0.5317922,1.673664,0.0193455,0.3565261,1.631494,-0.0252396,0.2274355,1.658197,-0.00325093,0.07078212,1.657849,0.03237496,0.05536002,1.650406,0.1600147,0.3717347,1.668845,0.1732119,0.2320084,1.654716,0.1261104,0.1069891,1.598506,0.1283595,0.07079318,1.62487,0.0547848,0.03892249,1.690102,0.08391656,-0.1488809,1.743126,0.09236216,-0.2711855,1.76636,0.1315111,0.0502567,1.701697,0.1575857,-0.1259859,1.660673,0.1617053,-0.2518654,1.50098,0.08274353,0.4069297,1.686522
72057594038000686,0,1.322175,14145.57,0.09445427,0.04007101,1.71999,0.08544498,0.5317922,1.673664,0.0193455,0.3565261,1.631494,-0.0252396,0.2274355,1.658197,-0.00325093,0.07078212,1.657849,0.03237496,0.05536002,1.650406,0.1600147,0.3717347,1.668845,0.1732119,0.2320084,1.654716,0.1261104,0.1069891,1.598506,0.1283595,0.07079318,1.62487,0.0547848,0.03892249,1.690102,0.08391656,-0.1488809,1.743126,0.09236216,-0.2711855,1.76636,0.1315111,0.0502567,1.701697,0.1575857,-0.1259859,1.660673,0.1617053,-0.2518654,1.50098,0.08274353,0.4069297,1.686522
72057594038000686,0,1.322175,14145.58,0.09445427,0.04007101,1.71999,0.08544498,0.5317922,1.673664,0.0193455,0.3565261,1.631494,-0.0252396,0.2274355,1.658197,-0.00325093,0.07078212,1.657849,0.03237496,0.05536002,1.650406,0.1600147,0.3717347,1.668845,0.1732119,0.2320084,1.654716,0.1261104,0.1069891,1.598506,0.1283595,0.07079318,1.62487,0.0547848,0.03892249,1.690102,0.08391656,-0.1488809,1.743126,0.09236216,-0.2711855,1.76636,0.1315111,0.0502567,1.701697,0.1575857,-0.1259859,1.660673,0.1617053,-0.2518654,1.50098,0.08274353,0.4069297,1.686522
72057594038000686,0,1.322175,14145.58,0.09445427,0.04007101,1.71999,0.08544498,0.5317922,1.673664,0.0193455,0.3565261,1.631494,-0.0252396,0.2274355,1.658197,-0.00325093,0.07078212,1.657849,0.03237496,0.05536002,1.650406,0.1600147,0.3717347,1.668845,0.1732119,0.2320084,1.654716,0.1261104,0.1069891,1.598506,0.1283595,0.07079318,1.62487,0.0547848,0.03892249,1.690102,0.08391656,-0.1488809,1.743126,0.09236216,-0.2711855,1.76636,0.1315111,0.0502567,1.701697,0.1575857,-0.1259859,1.660673,0.1617053,-0.2518654,1.50098,0.08274353,0.4069297,1.686522
72057594038000686,0,1.322175,14145.59,0.09445427,0.04007101,1.71999,0.08544498,0.5317922,1.673664,0.0193455,0.3565261,1.631494,-0.0252396,0.2274355,1.658197,-0.00325093,0.07078212,1.657849,0.03237496,0.05536002,1.650406,0.1600147,0.3717347,1.668845,0.1732119,0.2320084,1.654716,0.1261104,0.1069891,1.598506,0.1283595,0.07079318,1.62487,0.0547848,0.03892249,1.690102,0.08391656,-0.1488809,1.743126,0.09236216,-0.2711855,1.76636,0.1315111,0.0502567,1.701697,0.1575857,-0.1259859,1.660673,0.1617053,-0.2518654,1.50098,0.08274353,0.4069297,1.686522
72057594038000686,0,1.314515,14145.59,0.09283722,0.03596601,1.733255,0.07458318,0.5303693,1.69181,0.02152968,0.3490158,1.648925,-0.02793136,0.223613,1.678438,-0.005933429,0.06689271,1.677969,0.02799772,0.04801333,1.666473,0.1573754,0.3713488,1.678044,0.170805,0.2320203,1.66475,0.1230021,0.1079334,1.608085,0.1134262,0.07016918,1.641257,0.05276288,0.0358119,1.703797,0.0718257,-0.1403487,1.761271,0.1003679,-0.3311071,1.775844,0.1304042,0.04524818,1.714322,0.1640636,-0.178409,1.609937,0.2008258,-0.3145036,1.467915,0.08050014,0.4050474,1.697798
72057594038000686,0,1.314515,14145.59,0.09283722,0.03596601,1.733255,0.07458318,0.5303693,1.69181,0.02152968,0.3490158,1.648925,-0.02793136,0.223613,1.678438,-0.005933429,0.06689271,1.677969,0.02799772,0.04801333,1.666473,0.1573754,0.3713488,1.678044,0.170805,0.2320203,1.66475,0.1230021,0.1079334,1.608085,0.1134262,0.07016918,1.641257,0.05276288,0.0358119,1.703797,0.0718257,-0.1403487,1.761271,0.1003679,-0.3311071,1.775844,0.1304042,0.04524818,1.714322,0.1640636,-0.178409,1.609937,0.2008258,-0.3145036,1.467915,0.08050014,0.4050474,1.697798
72057594038000686,0,1.314515,14145.6,0.09283722,0.03596601,1.733255,0.07458318,0.5303693,1.69181,0.02152968,0.3490158,1.648925,-0.02793136,0.223613,1.678438,-0.005933429,0.06689271,1.677969,0.02799772,0.04801333,1.666473,0.1573754,0.3713488,1.678044,0.170805,0.2320203,1.66475,0.1230021,0.1079334,1.608085,0.1134262,0.07016918,1.641257,0.05276288,0.0358119,1.703797,0.0718257,-0.1403487,1.761271,0.1003679,-0.3311071,1.775844,0.1304042,0.04524818,1.714322,0.1640636,-0.178409,1.609937,0.2008258,-0.3145036,1.467915,0.08050014,0.4050474,1.697798
72057594038000686,0,1.314515,14145.6,0.09283722,0.03596601,1.733255,0.07458318,0.5303693,1.69181,0.02152968,0.3490158,1.648925,-0.02793136,0.223613,1.678438,-0.005933429,0.06689271,1.677969,0.02799772,0.04801333,1.666473,0.1573754,0.3713488,1.678044,0.170805,0.2320203,1.66475,0.1230021,0.1079334,1.608085,0.1134262,0.07016918,1.641257,0.05276288,0.0358119,1.703797,0.0718257,-0.1403487,1.761271,0.1003679,-0.3311071,1.775844,0.1304042,0.04524818,1.714322,0.1640636,-0.178409,1.609937,0.2008258,-0.3145036,1.467915,0.08050014,0.4050474,1.697798
72057594038000686,0,1.314515,14145.61,0.09283722,0.03596601,1.733255,0.07458318,0.5303693,1.69181,0.02152968,0.3490158,1.648925,-0.02793136,0.223613,1.678438,-0.005933429,0.06689271,1.677969,0.02799772,0.04801333,1.666473,0.1573754,0.3713488,1.678044,0.170805,0.2320203,1.66475,0.1230021,0.1079334,1.608085,0.1134262,0.07016918,1.641257,0.05276288,0.0358119,1.703797,0.0718257,-0.1403487,1.761271,0.1003679,-0.3311071,1.775844,0.1304042,0.04524818,1.714322,0.1640636,-0.178409,1.609937,0.2008258,-0.3145036,1.467915,0.08050014,0.4050474,1.697798
72057594038000686,0,1.314515,14145.61,0.09283722,0.03596601,1.733255,0.07458318,0.5303693,1.69181,0.02152968,0.3490158,1.648925,-0.02793136,0.223613,1.678438,-0.005933429,0.06689271,1.677969,0.02799772,0.04801333,1.666473,0.1573754,0.3713488,1.678044,0.170805,0.2320203,1.66475,0.1230021,0.1079334,1.608085,0.1134262,0.07016918,1.641257,0.05276288,0.0358119,1.703797,0.0718257,-0.1403487,1.761271,0.1003679,-0.3311071,1.775844,0.1304042,0.04524818,1.714322,0.1640636,-0.178409,1.609937,0.2008258,-0.3145036,1.467915,0.08050014,0.4050474,1.697798
72057594038000686,0,1.314515,14145.62,0.09283722,0.03596601,1.733255,0.07458318,0.5303693,1.69181,0.02152968,0.3490158,1.648925,-0.02793136,0.223613,1.678438,-0.005933429,0.06689271,1.677969,0.02799772,0.04801333,1.666473,0.1573754,0.3713488,1.678044,0.170805,0.2320203,1.66475,0.1230021,0.1079334,1.608085,0.1134262,0.07016918,1.641257,0.05276288,0.0358119,1.703797,0.0718257,-0.1403487,1.761271,0.1003679,-0.3311071,1.775844,0.1304042,0.04524818,1.714322,0.1640636,-0.178409,1.609937,0.2008258,-0.3145036,1.467915,0.08050014,0.4050474,1.697798
72057594038000686,0,1.307591,14145.62,0.08699085,0.03704059,1.740818,0.06832704,0.5285237,1.709586,0.02132568,0.3485879,1.651525,-0.03042442,0.2192802,1.696742,0.09272575,0.08190456,1.653163,0.1123547,0.06740844,1.656243,0.1573919,0.3712662,1.678382,0.1708368,0.2322366,1.665113,0.1229813,0.1079851,1.608398,0.1500108,0.07727858,1.56588,0.04546729,0.03877214,1.711277,0.06738552,-0.121136,1.76674,0.09768926,-0.3123509,1.776992,0.125854,0.04455423,1.722175,0.1698739,-0.1964983,1.607371,0.1923687,-0.247456,1.594329,0.0760167,0.4036215,1.715228
72057594038000686,0,1.307591,14145.63,0.08699085,0.03704059,1.740818,0.06832704,0.5285237,1.709586,0.02132568,0.3485879,1.651525,-0.03042442,0.2192802,1.696742,0.09272575,0.08190456,1.653163,0.1123547,0.06740844,1.656243,0.1573919,0.3712662,1.678382,0.1708368,0.2322366,1.665113,0.1229813,0.1079851,1.608398,0.1500108,0.07727858,1.56588,0.04546729,0.03877214,1.711277,0.06738552,-0.121136,1.76674,0.09768926,-0.3123509,1.776992,0.125854,0.04455423,1.722175,0.1698739,-0.1964983,1.607371,0.1923687,-0.247456,1.594329,0.0760167,0.4036215,1.715228
72057594038000686,0,1.307591,14145.63,0.08699085,0.03704059,1.740818,0.06832704,0.5285237,1.709586,0.02132568,0.3485879,1.651525,-0.03042442,0.2192802,1.696742,0.09272575,0.08190456,1.653163,0.1123547,0.06740844,1.656243,0.1573919,0.3712662,1.678382,0.1708368,0.2322366,1.665113,0.1229813,0.1079851,1.608398,0.1500108,0.07727858,1.56588,0.04546729,0.03877214,1.711277,0.06738552,-0.121136,1.76674,0.09768926,-0.3123509,1.776992,0.125854,0.04455423,1.722175,0.1698739,-0.1964983,1.607371,0.1923687,-0.247456,1.594329,0.0760167,0.4036215,1.715228
72057594038000686,0,1.307591,14145.63,0.08699085,0.03704059,1.740818,0.06832704,0.5285237,1.709586,0.02132568,0.3485879,1.651525,-0.03042442,0.2192802,1.696742,0.09272575,0.08190456,1.653163,0.1123547,0.06740844,1.656243,0.1573919,0.3712662,1.678382,0.1708368,0.2322366,1.665113,0.1229813,0.1079851,1.608398,0.1500108,0.07727858,1.56588,0.04546729,0.03877214,1.711277,0.06738552,-0.121136,1.76674,0.09768926,-0.3123509,1.776992,0.125854,0.04455423,1.722175,0.1698739,-0.1964983,1.607371,0.1923687,-0.247456,1.594329,0.0760167,0.4036215,1.715228
72057594038000686,0,1.307591,14145.64,0.08699085,0.03704059,1.740818,0.06832704,0.5285237,1.709586,0.02132568,0.3485879,1.651525,-0.03042442,0.2192802,1.696742,0.09272575,0.08190456,1.653163,0.1123547,0.06740844,1.656243,0.1573919,0.3712662,1.678382,0.1708368,0.2322366,1.665113,0.1229813,0.1079851,1.608398,0.1500108,0.07727858,1.56588,0.04546729,0.03877214,1.711277,0.06738552,-0.121136,1.76674,0.09768926,-0.3123509,1.776992,0.125854,0.04455423,1.722175,0.1698739,-0.1964983,1.607371,0.1923687,-0.247456,1.594329,0.0760167,0.4036215,1.715228
72057594038000686,0,1.307591,14145.64,0.08699085,0.03704059,1.740818,0.06832704,0.5285237,1.709586,0.02132568,0.3485879,1.651525,-0.03042442,0.2192802,1.696742,0.09272575,0.08190456,1.653163,0.1123547,0.06740844,1.656243,0.1573919,0.3712662,1.678382,0.1708368,0.2322366,1.665113,0.1229813,0.1079851,1.608398,0.1500108,0.07727858,1.56588,0.04546729,0.03877214,1.711277,0.06738552,-0.121136,1.76674,0.09768926,-0.3123509,1.776992,0.125854,0.04455423,1.722175,0.1698739,-0.1964983,1.607371,0.1923687,-0.247456,1.594329,0.0760167,0.4036215,1.715228
72057594038000686,0,1.292852,14145.66,0.07584366,0.04618388,1.751335,0.06633261,0.5303209,1.719941,0.02135048,0.3495886,1.659921,-0.03165963,0.2167472,1.701768,0.05160102,0.1305854,1.777134,0.09766103,0.1057836,1.749876,0.1576754,0.3721926,1.683217,0.08320593,0.2558599,1.693382,-0.05455734,0.2429626,1.67111,-0.1003564,0.2384779,1.666364,0.03429124,0.04930815,1.722654,0.07476537,-0.122683,1.777978,0.09523803,-0.3160802,1.77581,0.1154169,0.05188817,1.731493,0.2034512,-0.2087414,1.657778,0.2030348,-0.251609,1.662768,0.07426222,0.4055853,1.725962
72057594038000686,0,1.292852,14145.66,0.07584366,0.04618388,1.751335,0.06633261,0.5303209,1.719941,0.02135048,0.3495886,1.659921,-0.03165963,0.2167472,1.701768,0.05160102,0.1305854,1.777134,0.09766103,0.1057836,1.749876,0.1576754,0.3721926,1.683217,0.08320593,0.2558599,1.693382,-0.05455734,0.2429626,1.67111,-0.1003564,0.2384779,1.666364,0.03429124,0.04930815,1.722654,0.07476537,-0.122683,1.777978,0.09523803,-0.3160802,1.77581,0.1154169,0.05188817,1.731493,0.2034512,-0.2087414,1.657778,0.2030348,-0.251609,1.662768,0.07426222,0.4055853,1.725962
72057594038000686,0,1.292852,14145.67,0.07584366,0.04618388,1.751335,0.06633261,0.5303209,1.719941,0.02135048,0.3495886,1.659921,-0.03165963,0.2167472,1.701768,0.05160102,0.1305854,1.777134,0.09766103,0.1057836,1.749876,0.1576754,0.3721926,1.683217,0.08320593,0.2558599,1.693382,-0.05455734,0.2429626,1.67111,-0.1003564,0.2384779,1.666364,0.03429124,0.04930815,1.722654,0.07476537,-0.122683,1.777978,0.09523803,-0.3160802,1.77581,0.1154169,0.05188817,1.731493,0.2034512,-0.2087414,1.657778,0.2030348,-0.251609,1.662768,0.07426222,0.4055853,1.725962
72057594038000686,0,1.292852,14145.67,0.07584366,0.04618388,1.751335,0.06633261,0.5303209,1.719941,0.02135048,0.3495886,1.659921,-0.03165963,0.2167472,1.701768,0.05160102,0.1305854,1.777134,0.09766103,0.1057836,1.749876,0.1576754,0.3721926,1.683217,0.08320593,0.2558599,1.693382,-0.05455734,0.2429626,1.67111,-0.1003564,0.2384779,1.666364,0.03429124,0.04930815,1.722654,0.07476537,-0.122683,1.777978,0.09523803,-0.3160802,1.77581,0.1154169,0.05188817,1.731493,0.2034512,-0.2087414,1.657778,0.2030348,-0.251609,1.662768,0.07426222,0.4055853,1.725962
72057594038000686,0,1.292852,14145.67,0.07584366,0.04618388,1.751335,0.06633261,0.5303209,1.719941,0.02135048,0.3495886,1.659921,-0.03165963,0.2167472,1.701768,0.05160102,0.1305854,1.777134,0.09766103,0.1057836,1.749876,0.1576754,0.3721926,1.683217,0.08320593,0.2558599,1.693382,-0.05455734,0.2429626,1.67111,-0.1003564,0.2384779,1.666364,0.03429124,0.04930815,1.722654,0.07476537,-0.122683,1.777978,0.09523803,-0.3160802,1.77581,0.1154169,0.05188817,1.731493,0.2034512,-0.2087414,1.657778,0.2030348,-0.251609,1.662768,0.07426222,0.4055853,1.725962
72057594038000686,0,1.292852,14145.68,0.07584366,0.04618388,1.751335,0.06633261,0.5303209,1.719941,0.02135048,0.3495886,1.659921,-0.03165963,0.2167472,1.701768,0.05160102,0.1305854,1.777134,0.09766103,0.1057836,1.749876,0.1576754,0.3721926,1.683217,0.08320593,0.2558599,1.693382,-0.05455734,0.2429626,1.67111,-0.1003564,0.2384779,1.666364,0.03429124,0.04930815,1.722654,0.07476537,-0.122683,1.777978,0.09523803,-0.3160802,1.77581,0.1154169,0.05188817,1.731493,0.2034512,-0.2087414,1.657778,0.2030348,-0.251609,1.662768,0.07426222,0.4055853,1.725962
72057594038000686,0,1.292852,14145.68,0.07584366,0.04618388,1.751335,0.06633261,0.5303209,1.719941,0.02135048,0.3495886,1.659921,-0.03165963,0.2167472,1.701768,0.05160102,0.1305854,1.777134,0.09766103,0.1057836,1.749876,0.1576754,0.3721926,1.683217,0.08320593,0.2558599,1.693382,-0.05455734,0.2429626,1.67111,-0.1003564,0.2384779,1.666364,0.03429124,0.04930815,1.722654,0.07476537,-0.122683,1.777978,0.09523803,-0.3160802,1.77581,0.1154169,0.05188817,1.731493,0.2034512,-0.2087414,1.657778,0.2030348,-0.251609,1.662768,0.07426222,0.4055853,1.725962
72057594038000686,0,1.275843,14145.69,0.0733665,0.06600714,1.756723,0.06349194,0.5311625,1.735528,0.01982072,0.3512723,1.67432,-0.03430507,0.2151104,1.714093,-0.0664099,0.3153288,1.813393,-0.05604958,0.33874,1.830455,0.08318715,0.4544199,1.690439,0.01624113,0.2773583,1.676751,-0.08528403,0.1853755,1.688767,-0.1190931,0.1545668,1.695457,0.04668896,0.0764581,1.745889,0.07479799,-0.1231536,1.792596,0.09320737,-0.3166318,1.773476,0.09852839,0.07511428,1.723824,0.1865093,-0.1463244,1.715257,0.04483417,-0.242292,1.802411,0.07214662,0.4091334,1.739093
72057594038000686,0,1.275843,14145.69,0.0733665,0.06600714,1.756723,0.06349194,0.5311625,1.735528,0.01982072,0.3512723,1.67432,-0.03430507,0.2151104,1.714093,-0.0664099,0.3153288,1.813393,-0.05604958,0.33874,1.830455,0.08318715,0.4544199,1.690439,0.01624113,0.2773583,1.676751,-0.08528403,0.1853755,1.688767,-0.1190931,0.1545668,1.695457,0.04668896,0.0764581,1.745889,0.07479799,-0.1231536,1.792596,0.09320737,-0.3166318,1.773476,0.09852839,0.07511428,1.723824,0.1865093,-0.1463244,1.715257,0.04483417,-0.242292,1.802411,0.07214662,0.4091334,1.739093
72057594038000686,0,1.275843,14145.7,0.0733665,0.06600714,1.756723,0.06349194,0.5311625,1.735528,0.01982072,0.3512723,1.67432,-0.03430507,0.2151104,1.714093,-0.0664099,0.3153288,1.813393,-0.05604958,0.33874,1.830455,0.08318715,0.4544199,1.690439,0.01624113,0.2773583,1.676751,-0.08528403,0.1853755,1.688767,-0.1190931,0.1545668,1.695457,0.04668896,0.0764581,1.745889,0.07479799,-0.1231536,1.792596,0.09320737,-0.3166318,1.773476,0.09852839,0.07511428,1.723824,0.1865093,-0.1463244,1.715257,0.04483417,-0.242292,1.802411,0.07214662,0.4091334,1.739093
72057594038000686,0,1.275843,14145.71,0.0733665,0.06600714,1.756723,0.06349194,0.5311625,1.735528,0.01982072,0.3512723,1.67432,-0.03430507,0.2151104,1.714093,-0.0664099,0.3153288,1.813393,-0.05604958,0.33874,1.830455,0.08318715,0.4544199,1.690439,0.01624113,0.2773583,1.676751,-0.08528403,0.1853755,1.688767,-0.1190931,0.1545668,1.695457,0.04668896,0.0764581,1.745889,0.07479799,-0.1231536,1.792596,0.09320737,-0.3166318,1.773476,0.09852839,0.07511428,1.723824,0.1865093,-0.1463244,1.715257,0.04483417,-0.242292,1.802411,0.07214662,0.4091334,1.739093
72057594038000686,0,1.275843,14145.72,0.0733665,0.06600714,1.756723,0.06349194,0.5311625,1.735528,0.01982072,0.3512723,1.67432,-0.03430507,0.2151104,1.714093,-0.0664099,0.3153288,1.813393,-0.05604958,0.33874,1.830455,0.08318715,0.4544199,1.690439,0.01624113,0.2773583,1.676751,-0.08528403,0.1853755,1.688767,-0.1190931,0.1545668,1.695457,0.04668896,0.0764581,1.745889,0.07479799,-0.1231536,1.792596,0.09320737,-0.3166318,1.773476,0.09852839,0.07511428,1.723824,0.1865093,-0.1463244,1.715257,0.04483417,-0.242292,1.802411,0.07214662,0.4091334,1.739093
72057594038000686,0,1.259554,14145.72,0.07737773,0.07341892,1.772194,0.06224757,0.5317524,1.750433,0.01919386,0.3522523,1.689931,-0.03565056,0.2143952,1.72957,-0.06669533,0.3180765,1.808421,-0.06224222,0.3412088,1.826416,0.1061992,0.4111252,1.746597,0.01175629,0.2570677,1.679548,-0.1019782,0.1956601,1.72079,-0.1398569,0.1750131,1.737224,0.04727403,0.07739803,1.772376,0.04840166,-0.1700414,1.775502,0.08684232,-0.266149,1.779785,0.1034486,0.07996571,1.728293,0.0678877,-0.1052668,1.790431,-0.07314517,-0.2014578,1.8774,0.07171396,0.4111858,1.755443
72057594038000686,0,1.259554,14145.72,0.07737773,0.07341892,1.772194,0.06224757,0.5317524,1.750433,0.01919386,0.3522523,1.689931,-0.03565056,0.2143952,1.72957,-0.06669533,0.3180765,1.808421,-0.06224222,0.3412088,1.826416,0.1061992,0.4111252,1.746597,0.01175629,0.2570677,1.679548,-0.1019782,0.1956601,1.72079,-0.1398569,0.1750131,1.737224,0.04727403,0.07739803,1.772376,0.04840166,-0.1700414,1.775502,0.08684232,-0.266149,1.779785,0.1034486,0.07996571,1.728293,0.0678877,-0.1052668,1.790431,-0.07314517,-0.2014578,1.8774,0.07171396,0.4111858,1.755443
72057594038000686,0,1.259554,14145.73,0.07737773,0.07341892,1.772194,0.06224757,0.5317524,1.750433,0.01919386,0.3522523,1.689931,-0.03565056,0.2143952,1.72957,-0.06669533,0.3180765,1.808421,-0.06224222,0.3412088,1.826416,0.1061992,0.4111252,1.746597,0.01175629,0.2570677,1.679548,-0.1019782,0.1956601,1.72079,-0.1398569,0.1750131,1.737224,0.04727403,0.07739803,1.772376,0.04840166,-0.1700414,1.775502,0.08684232,-0.266149,1.779785,0.1034486,0.07996571,1.728293,0.0678877,-0.1052668,1.790431,-0.07314517,-0.2014578,1.8774,0.07171396,0.4111858,1.755443
72057594038000686,0,1.259554,14145.73,0.07737773,0.07341892,1.772194,0.06224757,0.5317524,1.750433,0.01919386,0.3522523,1.689931,-0.03565056,0.2143952,1.72957,-0.06669533,0.3180765,1.808421,-0.06224222,0.3412088,1.826416,0.1061992,0.4111252,1.746597,0.01175629,0.2570677,1.679548,-0.1019782,0.1956601,1.72079,-0.1398569,0.1750131,1.737224,0.04727403,0.07739803,1.772376,0.04840166,-0.1700414,1.775502,0.08684232,-0.266149,1.779785,0.1034486,0.07996571,1.728293,0.0678877,-0.1052668,1.790431,-0.07314517,-0.2014578,1.8774,0.07171396,0.4111858,1.755443
72057594038000686,0,1.259554,14145.74,0.07737773,0.07341892,1.772194,0.06224757,0.5317524,1.750433,0.01919386,0.3522523,1.689931,-0.03565056,0.2143952,1.72957,-0.06669533,0.3180765,1.808421,-0.06224222,0.3412088,1.826416,0.1061992,0.4111252,1.746597,0.01175629,0.2570677,1.679548,-0.1019782,0.1956601,1.72079,-0.1398569,0.1750131,1.737224,0.04727403,0.07739803,1.772376,0.04840166,-0.1700414,1.775502,0.08684232,-0.266149,1.779785,0.1034486,0.07996571,1.728293,0.0678877,-0.1052668,1.790431,-0.07314517,-0.2014578,1.8774,0.07171396,0.4111858,1.755443
72057594038000686,0,1.259554,14145.75,0.07737773,0.07341892,1.772194,0.06224757,0.5317524,1.750433,0.01919386,0.3522523,1.689931,-0.03565056,0.2143952,1.72957,-0.06669533,0.3180765,1.808421,-0.06224222,0.3412088,1.826416,0.1061992,0.4111252,1.746597,0.01175629,0.2570677,1.679548,-0.1019782,0.1956601,1.72079,-0.1398569,0.1750131,1.737224,0.04727403,0.07739803,1.772376,0.04840166,-0.1700414,1.775502,0.08684232,-0.266149,1.779785,0.1034486,0.07996571,1.728293,0.0678877,-0.1052668,1.790431,-0.07314517,-0.2014578,1.8774,0.07171396,0.4111858,1.755443
72057594038000686,0,1.259554,14145.75,0.07737773,0.07341892,1.772194,0.06224757,0.5317524,1.750433,0.01919386,0.3522523,1.689931,-0.03565056,0.2143952,1.72957,-0.06669533,0.3180765,1.808421,-0.06224222,0.3412088,1.826416,0.1061992,0.4111252,1.746597,0.01175629,0.2570677,1.679548,-0.1019782,0.1956601,1.72079,-0.1398569,0.1750131,1.737224,0.04727403,0.07739803,1.772376,0.04840166,-0.1700414,1.775502,0.08684232,-0.266149,1.779785,0.1034486,0.07996571,1.728293,0.0678877,-0.1052668,1.790431,-0.07314517,-0.2014578,1.8774,0.07171396,0.4111858,1.755443
72057594038000686,0,1.247008,14145.76,0.07164235,0.07259801,1.788811,0.06267066,0.5306176,1.768967,0.02078729,0.3509971,1.71028,-0.03854486,0.2010925,1.787245,-0.07083703,0.3341461,1.804994,-0.07003602,0.3522741,1.813917,0.08960714,0.3665885,1.718296,0.02517056,0.2471574,1.67405,-0.04771543,0.2050408,1.775007,-0.04349859,0.1894869,1.792388,0.02449172,0.0726707,1.843829,0.04636059,-0.1630183,1.779037,0.165194,-0.2811558,1.869359,0.10588,0.07967377,1.719779,0.06373741,-0.1041868,1.790153,-0.07718544,-0.2003183,1.877056,0.07219334,0.4101056,1.775177
72057594038000686,0,1.247008,14145.76,0.07164235,0.07259801,1.788811,0.06267066,0.5306176,1.768967,0.02078729,0.3509971,1.71028,-0.03854486,0.2010925,1.787245,-0.07083703,0.3341461,1.804994,-0.07003602,0.3522741,1.813917,0.08960714,0.3665885,1.718296,0.02517056,0.2471574,1.67405,-0.04771543,0.2050408,1.775007,-0.04349859,0.1894869,1.792388,0.02449172,0.0726707,1.843829,0.04636059,-0.1630183,1.779037,0.165194,-0.2811558,1.869359,0.10588,0.07967377,1.719779,0.06373741,-0.1041868,1.790153,-0.07718544,-0.2003183,1.877056,0.07219334,0.4101056,1.775177
72057594038000686,0,1.247008,14145.76,0.07164235,0.07259801,1.788811,0.06267066,0.5306176,1.768967,0.02078729,0.3509971,1.71028,-0.03854486,0.2010925,1.787245,-0.07083703,0.3341461,1.804994,-0.07003602,0.3522741,1.813917,0.08960714,0.3665885,1.718296,0.02517056,0.2471574,1.67405,-0.04771543,0.2050408,1.775007,-0.04349859,0.1894869,1.792388,0.02449172,0.0726707,1.843829,0.04636059,-0.1630183,1.779037,0.165194,-0.2811558,1.869359,0.10588,0.07967377,1.719779,0.06373741,-0.1041868,1.790153,-0.07718544,-0.2003183,1.877056,0.07219334,0.4101056,1.775177
72057594038000686,0,1.247008,14145.77,0.07164235,0.07259801,1.788811,0.06267066,0.5306176,1.768967,0.02078729,0.3509971,1.71028,-0.03854486,0.2010925,1.787245,-0.07083703,0.3341461,1.804994,-0.07003602,0.3522741,1.813917,0.08960714,0.3665885,1.718296,0.02517056,0.2471574,1.67405,-0.04771543,0.2050408,1.775007,-0.04349859,0.1894869,1.792388,0.02449172,0.0726707,1.843829,0.04636059,-0.1630183,1.779037,0.165194,-0.2811558,1.869359,0.10588,0.07967377,1.719779,0.06373741,-0.1041868,1.790153,-0.07718544,-0.2003183,1.877056,0.07219334,0.4101056,1.775177
72057594038000686,0,1.247008,14145.77,0.07164235,0.07259801,1.788811,0.06267066,0.5306176,1.768967,0.02078729,0.3509971,1.71028,-0.03854486,0.2010925,1.787245,-0.07083703,0.3341461,1.804994,-0.07003602,0.3522741,1.813917,0.08960714,0.3665885,1.718296,0.02517056,0.2471574,1.67405,-0.04771543,0.2050408,1.775007,-0.04349859,0.1894869,1.792388,0.02449172,0.0726707,1.843829,0.04636059,-0.1630183,1.779037,0.165194,-0.2811558,1.869359,0.10588,0.07967377,1.719779,0.06373741,-0.1041868,1.790153,-0.07718544,-0.2003183,1.877056,0.07219334,0.4101056,1.775177
72057594038000686,0,1.247008,14145.78,0.07164235,0.07259801,1.788811,0.06267066,0.5306176,1.768967,0.02078729,0.3509971,1.71028,-0.03854486,0.2010925,1.787245,-0.07083703,0.3341461,1.804994,-0.07003602,0.3522741,1.813917,0.08960714,0.3665885,1.718296,0.02517056,0.2471574,1.67405,-0.04771543,0.2050408,1.775007,-0.04349859,0.1894869,1.792388,0.02449172,0.0726707,1.843829,0.04636059,-0.1630183,1.779037,0.165194,-0.2811558,1.869359,0.10588,0.07967377,1.719779,0.06373741,-0.1041868,1.790153,-0.07718544,-0.2003183,1.877056,0.07219334,0.4101056,1.775177
72057594038000686,0,1.247008,14145.78,0.07164235,0.07259801,1.788811,0.06267066,0.5306176,1.768967,0.02078729,0.3509971,1.71028,-0.03854486,0.2010925,1.787245,-0.07083703,0.3341461,1.804994,-0.07003602,0.3522741,1.813917,0.08960714,0.3665885,1.718296,0.02517056,0.2471574,1.67405,-0.04771543,0.2050408,1.775007,-0.04349859,0.1894869,1.792388,0.02449172,0.0726707,1.843829,0.04636059,-0.1630183,1.779037,0.165194,-0.2811558,1.869359,0.10588,0.07967377,1.719779,0.06373741,-0.1041868,1.790153,-0.07718544,-0.2003183,1.877056,0.07219334,0.4101056,1.775177
72057594038000686,0,1.231702,14145.79,0.05816969,0.07376808,1.806867,0.06132907,0.5288328,1.788824,0.02111384,0.3453767,1.735242,-0.03456444,0.1978806,1.784967,-0.07141729,0.3313962,1.789427,-0.07476232,0.3532491,1.792517,0.09215734,0.3667492,1.724273,0.06282811,0.2379749,1.669038,-0.03681135,0.2178943,1.754223,-0.03827736,0.1996932,1.767947,0.01686132,0.07491064,1.848277,0.09578569,-0.1417004,1.884485,0.1717401,-0.3060514,1.946228,0.1029515,0.07934839,1.722234,0.05821574,-0.1024449,1.788924,0.1004355,-0.2923509,1.784368,0.07072081,0.4054619,1.798906
72057594038000686,0,1.231702,14145.79,0.05816969,0.07376808,1.806867,0.06132907,0.5288328,1.788824,0.02111384,0.3453767,1.735242,-0.03456444,0.1978806,1.784967,-0.07141729,0.3313962,1.789427,-0.07476232,0.3532491,1.792517,0.09215734,0.3667492,1.724273,0.06282811,0.2379749,1.669038,-0.03681135,0.2178943,1.754223,-0.03827736,0.1996932,1.767947,0.01686132,0.07491064,1.848277,0.09578569,-0.1417004,1.884485,0.1717401,-0.3060514,1.946228,0.1029515,0.07934839,1.722234,0.05821574,-0.1024449,1.788924,0.1004355,-0.2923509,1.784368,0.07072081,0.4054619,1.798906
72057594038000686,0,1.231702,14145.8,0.05816969,0.07376808,1.806867,0.06132907,0.5288328,1.788824,0.02111384,0.3453767,1.735242,-0.03456444,0.1978806,1.784967,-0.07141729,0.3313962,1.789427,-0.07476232,0.3532491,1.792517,0.09215734,0.3667492,1.724273,0.06282811,0.2379749,1.669038,-0.03681135,0.2178943,1.754223,-0.03827736,0.1996932,1.767947,0.01686132,0.07491064,1.848277,0.09578569,-0.1417004,1.884485,0.1717401,-0.3060514,1.946228,0.1029515,0.07934839,1.722234,0.05821574,-0.1024449,1.788924,0.1004355,-0.2923509,1.784368,0.07072081,0.4054619,1.798906
72057594038000686,0,1.231702,14145.81,0.05816969,0.07376808,1.806867,0.06132907,0.5288328,1.788824,0.02111384,0.3453767,1.735242,-0.03456444,0.1978806,1.784967,-0.07141729,0.3313962,1.789427,-0.07476232,0.3532491,1.792517,0.09215734,0.3667492,1.724273,0.06282811,0.2379749,1.669038,-0.03681135,0.2178943,1.754223,-0.03827736,0.1996932,1.767947,0.01686132,0.07491064,1.848277,0.09578569,-0.1417004,1.884485,0.1717401,-0.3060514,1.946228,0.1029515,0.07934839,1.722234,0.05821574,-0.1024449,1.788924,0.1004355,-0.2923509,1.784368,0.07072081,0.4054619,1.798906
72057594038000686,0,1.231702,14145.82,0.05816969,0.07376808,1.806867,0.06132907,0.5288328,1.788824,0.02111384,0.3453767,1.735242,-0.03456444,0.1978806,1.784967,-0.07141729,0.3313962,1.789427,-0.07476232,0.3532491,1.792517,0.09215734,0.3667492,1.724273,0.06282811,0.2379749,1.669038,-0.03681135,0.2178943,1.754223,-0.03827736,0.1996932,1.767947,0.01686132,0.07491064,1.848277,0.09578569,-0.1417004,1.884485,0.1717401,-0.3060514,1.946228,0.1029515,0.07934839,1.722234,0.05821574,-0.1024449,1.788924,0.1004355,-0.2923509,1.784368,0.07072081,0.4054619,1.798906
72057594038000686,0,1.224086,14145.82,0.05789832,0.07843345,1.812901,0.06197102,0.5285566,1.803108,-0.02104862,0.3797357,1.938066,-0.06854241,0.2279637,1.973315,-0.07590815,0.3447852,1.820496,-0.07630306,0.3551618,1.772894,0.0977414,0.3666055,1.739972,0.07218241,0.2421386,1.672699,-0.03167403,0.21525,1.751043,-0.03238135,0.192414,1.761107,0.02420744,0.07838309,1.844346,0.09334024,-0.1214917,1.927735,0.1512572,-0.2958173,1.984084,0.08165753,0.09422594,1.753596,0.05535419,-0.1017608,1.790583,0.1004151,-0.2916092,1.784302,0.07059686,0.4025674,1.819199
72057594038000686,0,1.224086,14145.83,0.05789832,0.07843345,1.812901,0.06197102,0.5285566,1.803108,-0.02104862,0.3797357,1.938066,-0.06854241,0.2279637,1.973315,-0.07590815,0.3447852,1.820496,-0.07630306,0.3551618,1.772894,0.0977414,0.3666055,1.739972,0.07218241,0.2421386,1.672699,-0.03167403,0.21525,1.751043,-0.03238135,0.192414,1.761107,0.02420744,0.07838309,1.844346,0.09334024,-0.1214917,1.927735,0.1512572,-0.2958173,1.984084,0.08165753,0.09422594,1.753596,0.05535419,-0.1017608,1.790583,0.1004151,-0.2916092,1.784302,0.07059686,0.4025674,1.819199
72057594038000686,0,1.224086,14145.83,0.05789832,0.07843345,1.812901,0.06197102,0.5285566,1.803108,-0.02104862,0.3797357,1.938066,-0.06854241,0.2279637,1.973315,-0.07590815,0.3447852,1.820496,-0.07630306,0.3551618,1.772894,0.0977414,0.3666055,1.739972,0.07218241,0.2421386,1.672699,-0.03167403,0.21525,1.751043,-0.03238135,0.192414,1.761107,0.02420744,0.07838309,1.844346,0.09334024,-0.1214917,1.927735,0.1512572,-0.2958173,1.984084,0.08165753,0.09422594,1.753596,0.05535419,-0.1017608,1.790583,0.1004151,-0.2916092,1.784302,0.07059686,0.4025674,1.819199
72057594038000686,0,1.224086,14145.83,0.05789832,0.07843345,1.812901,0.06197102,0.5285566,1.803108,-0.02104862,0.3797357,1.938066,-0.06854241,0.2279637,1.973315,-0.07590815,0.3447852,1.820496,-0.07630306,0.3551618,1.772894,0.0977414,0.3666055,1.739972,0.07218241,0.2421386,1.672699,-0.03167403,0.21525,1.751043,-0.03238135,0.192414,1.761107,0.02420744,0.07838309,1.844346,0.09334024,-0.1214917,1.927735,0.1512572,-0.2958173,1.984084,0.08165753,0.09422594,1.753596,0.05535419,-0.1017608,1.790583,0.1004151,-0.2916092,1.784302,0.07059686,0.4025674,1.819199
72057594038000686,0,1.224086,14145.84,0.05789832,0.07843345,1.812901,0.06197102,0.5285566,1.803108,-0.02104862,0.3797357,1.938066,-0.06854241,0.2279637,1.973315,-0.07590815,0.3447852,1.820496,-0.07630306,0.3551618,1.772894,0.0977414,0.3666055,1.739972,0.07218241,0.2421386,1.672699,-0.03167403,0.21525,1.751043,-0.03238135,0.192414,1.761107,0.02420744,0.07838309,1.844346,0.09334024,-0.1214917,1.927735,0.1512572,-0.2958173,1.984084,0.08165753,0.09422594,1.753596,0.05535419,-0.1017608,1.790583,0.1004151,-0.2916092,1.784302,0.07059686,0.4025674,1.819199
72057594038000686,0,1.224086,14145.84,0.05789832,0.07843345,1.812901,0.06197102,0.5285566,1.803108,-0.02104862,0.3797357,1.938066,-0.06854241,0.2279637,1.973315,-0.07590815,0.3447852,1.820496,-0.07630306,0.3551618,1.772894,0.0977414,0.3666055,1.739972,0.07218241,0.2421386,1.672699,-0.03167403,0.21525,1.751043,-0.03238135,0.192414,1.761107,0.02420744,0.07838309,1.844346,0.09334024,-0.1214917,1.927735,0.1512572,-0.2958173,1.984084,0.08165753,0.09422594,1.753596,0.05535419,-0.1017608,1.790583,0.1004151,-0.2916092,1.784302,0.07059686,0.4025674,1.819199
72057594038000686,0,1.224086,14145.85,0.05789832,0.07843345,1.812901,0.06197102,0.5285566,1.803108,-0.02104862,0.3797357,1.938066,-0.06854241,0.2279637,1.973315,-0.07590815,0.3447852,1.820496,-0.07630306,0.3551618,1.772894,0.0977414,0.3666055,1.739972,0.07218241,0.2421386,1.672699,-0.03167403,0.21525,1.751043,-0.03238135,0.192414,1.761107,0.02420744,0.07838309,1.844346,0.09334024,-0.1214917,1.927735,0.1512572,-0.2958173,1.984084,0.08165753,0.09422594,1.753596,0.05535419,-0.1017608,1.790583,0.1004151,-0.2916092,1.784302,0.07059686,0.4025674,1.819199
72057594038000686,0,1.224086,14145.85,0.05789832,0.07843345,1.812901,0.06197102,0.5285566,1.803108,-0.02104862,0.3797357,1.938066,-0.06854241,0.2279637,1.973315,-0.07590815,0.3447852,1.820496,-0.07630306,0.3551618,1.772894,0.0977414,0.3666055,1.739972,0.07218241,0.2421386,1.672699,-0.03167403,0.21525,1.751043,-0.03238135,0.192414,1.761107,0.02420744,0.07838309,1.844346,0.09334024,-0.1214917,1.927735,0.1512572,-0.2958173,1.984084,0.08165753,0.09422594,1.753596,0.05535419,-0.1017608,1.790583,0.1004151,-0.2916092,1.784302,0.07059686,0.4025674,1.819199
72057594038000686,0,1.219286,14145.86,0.05770855,0.07901305,1.81876,0.06532054,0.5258456,1.825824,-0.02089887,0.3819389,1.935179,-0.06839423,0.2301507,1.97043,-0.07408175,0.3457592,1.817124,-0.07653668,0.3629641,1.759677,0.1091908,0.366684,1.764014,0.09948839,0.2464845,1.684838,-0.01898769,0.2180463,1.741159,-0.02622513,0.1915019,1.747764,0.02501338,0.07828328,1.843331,0.07373089,-0.1158387,1.87641,0.1318235,-0.2904227,1.93284,0.08261634,0.09254554,1.761518,0.05126196,-0.09960964,1.793065,0.09998862,-0.2888827,1.784327,0.07145768,0.3984878,1.834171
72057594038000686,0,1.219286,14145.86,0.05770855,0.07901305,1.81876,0.06532054,0.5258456,1.825824,-0.02089887,0.3819389,1.935179,-0.06839423,0.2301507,1.97043,-0.07408175,0.3457592,1.817124,-0.07653668,0.3629641,1.759677,0.1091908,0.366684,1.764014,0.09948839,0.2464845,1.684838,-0.01898769,0.2180463,1.741159,-0.02622513,0.1915019,1.747764,0.02501338,0.07828328,1.843331,0.07373089,-0.1158387,1.87641,0.1318235,-0.2904227,1.93284,0.08261634,0.09254554,1.761518,0.05126196,-0.09960964,1.793065,0.09998862,-0.2888827,1.784327,0.07145768,0.3984878,1.834171
72057594038000686,0,1.219286,14145.86,0.05770855,0.07901305,1.81876,0.06532054,0.5258456,1.825824,-0.02089887,0.3819389,1.935179,-0.06839423,0.2301507,1.97043,-0.07408175,0.3457592,1.817124,-0.07653668,0.3629641,1.759677,0.1091908,0.366684,1.764014,0.09948839,0.2464845,1.684838,-0.01898769,0.2180463,1.741159,-0.02622513,0.1915019,1.747764,0.02501338,0.07828328,1.843331,0.07373089,-0.1158387,1.87641,0.1318235,-0.2904227,1.93284,0.08261634,0.09254554,1.761518,0.05126196,-0.09960964,1.793065,0.09998862,-0.2888827,1.784327,0.07145768,0.3984878,1.834171
72057594038000686,0,1.219286,14145.87,0.05770855,0.07901305,1.81876,0.06532054,0.5258456,1.825824,-0.02089887,0.3819389,1.935179,-0.06839423,0.2301507,1.97043,-0.07408175,0.3457592,1.817124,-0.07653668,0.3629641,1.759677,0.1091908,0.366684,1.764014,0.09948839,0.2464845,1.684838,-0.01898769,0.2180463,1.741159,-0.02622513,0.1915019,1.747764,0.02501338,0.07828328,1.843331,0.07373089,-0.1158387,1.87641,0.1318235,-0.2904227,1.93284,0.08261634,0.09254554,1.761518,0.05126196,-0.09960964,1.793065,0.09998862,-0.2888827,1.784327,0.07145768,0.3984878,1.834171
72057594038000686,0,1.219286,14145.87,0.05770855,0.07901305,1.81876,0.06532054,0.5258456,1.825824,-0.02089887,0.3819389,1.935179,-0.06839423,0.2301507,1.97043,-0.07408175,0.3457592,1.817124,-0.07653668,0.3629641,1.759677,0.1091908,0.366684,1.764014,0.09948839,0.2464845,1.684838,-0.01898769,0.2180463,1.741159,-0.02622513,0.1915019,1.747764,0.02501338,0.07828328,1.843331,0.07373089,-0.1158387,1.87641,0.1318235,-0.2904227,1.93284,0.08261634,0.09254554,1.761518,0.05126196,-0.09960964,1.793065,0.09998862,-0.2888827,1.784327,0.07145768,0.3984878,1.834171
72057594038000686,0,1.219286,14145.88,0.05770855,0.07901305,1.81876,0.06532054,0.5258456,1.825824,-0.02089887,0.3819389,1.935179,-0.06839423,0.2301507,1.97043,-0.07408175,0.3457592,1.817124,-0.07653668,0.3629641,1.759677,0.1091908,0.366684,1.764014,0.09948839,0.2464845,1.684838,-0.01898769,0.2180463,1.741159,-0.02622513,0.1915019,1.747764,0.02501338,0.07828328,1.843331,0.07373089,-0.1158387,1.87641,0.1318235,-0.2904227,1.93284,0.08261634,0.09254554,1.761518,0.05126196,-0.09960964,1.793065,0.09998862,-0.2888827,1.784327,0.07145768,0.3984878,1.834171
72057594038000686,0,1.219286,14145.88,0.05770855,0.07901305,1.81876,0.06532054,0.5258456,1.825824,-0.02089887,0.3819389,1.935179,-0.06839423,0.2301507,1.97043,-0.07408175,0.3457592,1.817124,-0.07653668,0.3629641,1.759677,0.1091908,0.366684,1.764014,0.09948839,0.2464845,1.684838,-0.01898769,0.2180463,1.741159,-0.02622513,0.1915019,1.747764,0.02501338,0.07828328,1.843331,0.07373089,-0.1158387,1.87641,0.1318235,-0.2904227,1.93284,0.08261634,0.09254554,1.761518,0.05126196,-0.09960964,1.793065,0.09998862,-0.2888827,1.784327,0.07145768,0.3984878,1.834171
72057594038000686,0,1.21212,14145.89,0.05809263,0.07841197,1.82888,0.06742738,0.5222347,1.840947,-0.02053896,0.3826451,1.934034,-0.06803681,0.2308514,1.969286,-0.0669843,0.344354,1.814773,-0.07220313,0.3687826,1.749581,0.1168445,0.3669301,1.778683,0.1250646,0.2486497,1.696852,-0.002886646,0.218995,1.730464,-0.01487313,0.1962845,1.743133,0.02516031,0.07817298,1.843459,0.07386728,-0.1140533,1.880489,0.1319871,-0.2887322,1.93695,0.08590953,0.08903837,1.776706,0.04950481,-0.09868339,1.796429,0.09983309,-0.2876209,1.784211,0.07007805,0.3932537,1.85542
72057594038000686,0,1.21212,14145.89,0.05809263,0.07841197,1.82888,0.06742738,0.5222347,1.840947,-0.02053896,0.3826451,1.934034,-0.06803681,0.2308514,1.969286,-0.0669843,0.344354,1.814773,-0.07220313,0.3687826,1.749581,0.1168445,0.3669301,1.778683,0.1250646,0.2486497,1.696852,-0.002886646,0.218995,1.730464,-0.01487313,0.1962845,1.743133,0.02516031,0.07817298,1.843459,0.07386728,-0.1140533,1.880489,0.1319871,-0.2887322,1.93695,0.08590953,0.08903837,1.776706,0.04950481,-0.09868339,1.796429,0.09983309,-0.2876209,1.784211,0.07007805,0.3932537,1.85542
72057594038000686,0,1.21212,14145.9,0.05809263,0.07841197,1.82888,0.06742738,0.5222347,1.840947,-0.02053896,0.3826451,1.934034,-0.06803681,0.2308514,1.969286,-0.0669843,0.344354,1.814773,-0.07220313,0.3687826,1.749581,0.1168445,0.3669301,1.778683,0.1250646,0.2486497,1.696852,-0.002886646,0.218995,1.730464,-0.01487313,0.1962845,1.743133,0.02516031,0.07817298,1.843459,0.07386728,-0.1140533,1.880489,0.1319871,-0.2887322,1.93695,0.08590953,0.08903837,1.776706,0.04950481,-0.09868339,1.796429,0.09983309,-0.2876209,1.784211,0.07007805,0.3932537,1.85542
72057594038000686,0,1.21212,14145.9,0.05809263,0.07841197,1.82888,0.06742738,0.5222347,1.840947,-0.02053896,0.3826451,1.934034,-0.06803681,0.2308514,1.969286,-0.0669843,0.344354,1.814773,-0.07220313,0.3687826,1.749581,0.1168445,0.3669301,1.778683,0.1250646,0.2486497,1.696852,-0.002886646,0.218995,1.730464,-0.01487313,0.1962845,1.743133,0.02516031,0.07817298,1.843459,0.07386728,-0.1140533,1.880489,0.1319871,-0.2887322,1.93695,0.08590953,0.08903837,1.776706,0.04950481,-0.09868339,1.796429,0.09983309,-0.2876209,1.784211,0.07007805,0.3932537,1.85542
72057594038000686,0,1.21212,14145.91,0.05809263,0.07841197,1.82888,0.06742738,0.5222347,1.840947,-0.02053896,0.3826451,1.934034,-0.06803681,0.2308514,1.969286,-0.0669843,0.344354,1.814773,-0.07220313,0.3687826,1.749581,0.1168445,0.3669301,1.778683,0.1250646,0.2486497,1.696852,-0.002886646,0.218995,1.730464,-0.01487313,0.1962845,1.743133,0.02516031,0.07817298,1.843459,0.07386728,-0.1140533,1.880489,0.1319871,-0.2887322,1.93695,0.08590953,0.08903837,1.776706,0.04950481,-0.09868339,1.796429,0.09983309,-0.2876209,1.784211,0.07007805,0.3932537,1.85542
72057594038000686,0,1.21212,14145.91,0.05809263,0.07841197,1.82888,0.06742738,0.5222347,1.840947,-0.02053896,0.3826451,1.934034,-0.06803681,0.2308514,1.969286,-0.0669843,0.344354,1.814773,-0.07220313,0.3687826,1.749581,0.1168445,0.3669301,1.778683,0.1250646,0.2486497,1.696852,-0.002886646,0.218995,1.730464,-0.01487313,0.1962845,1.743133,0.02516031,0.07817298,1.843459,0.07386728,-0.1140533,1.880489,0.1319871,-0.2887322,1.93695,0.08590953,0.08903837,1.776706,0.04950481,-0.09868339,1.796429,0.09983309,-0.2876209,1.784211,0.07007805,0.3932537,1.85542
72057594038000686,0,1.21212,14145.92,0.05809263,0.07841197,1.82888,0.06742738,0.5222347,1.840947,-0.02053896,0.3826451,1.934034,-0.06803681,0.2308514,1.969286,-0.0669843,0.344354,1.814773,-0.07220313,0.3687826,1.749581,0.1168445,0.3669301,1.778683,0.1250646,0.2486497,1.696852,-0.002886646,0.218995,1.730464,-0.01487313,0.1962845,1.743133,0.02516031,0.07817298,1.843459,0.07386728,-0.1140533,1.880489,0.1319871,-0.2887322,1.93695,0.08590953,0.08903837,1.776706,0.04950481,-0.09868339,1.796429,0.09983309,-0.2876209,1.784211,0.07007805,0.3932537,1.85542
72057594038000686,0,1.21212,14145.92,0.05809263,0.07841197,1.82888,0.06742738,0.5222347,1.840947,-0.02053896,0.3826451,1.934034,-0.06803681,0.2308514,1.969286,-0.0669843,0.344354,1.814773,-0.07220313,0.3687826,1.749581,0.1168445,0.3669301,1.778683,0.1250646,0.2486497,1.696852,-0.002886646,0.218995,1.730464,-0.01487313,0.1962845,1.743133,0.02516031,0.07817298,1.843459,0.07386728,-0.1140533,1.880489,0.1319871,-0.2887322,1.93695,0.08590953,0.08903837,1.776706,0.04950481,-0.09868339,1.796429,0.09983309,-0.2876209,1.784211,0.07007805,0.3932537,1.85542
72057594038000686,0,1.195183,14145.93,0.05525106,0.07817948,1.85164,0.06933045,0.5235825,1.860728,-0.01929328,0.3859215,1.934583,-0.06679888,0.2341077,1.969838,-0.05798799,0.3392354,1.810055,-0.0638603,0.3733727,1.741853,0.1301393,0.3619074,1.805269,0.1554569,0.2533647,1.713535,0.0217947,0.2223312,1.717558,0.004236234,0.2094297,1.727797,0.02290159,0.07884392,1.852838,0.06855564,-0.1074265,1.906268,0.1267048,-0.2821692,1.962741,0.0862962,0.08545843,1.801075,0.04826096,-0.09757197,1.803434,0.09941167,-0.2860673,1.784014,0.06838359,0.3914254,1.871336
72057594038000686,0,1.195183,14145.93,0.05525106,0.07817948,1.85164,0.06933045,0.5235825,1.860728,-0.01929328,0.3859215,1.934583,-0.06679888,0.2341077,1.969838,-0.05798799,0.3392354,1.810055,-0.0638603,0.3733727,1.741853,0.1301393,0.3619074,1.805269,0.1554569,0.2533647,1.713535,0.0217947,0.2223312,1.717558,0.004236234,0.2094297,1.727797,0.02290159,0.07884392,1.852838,0.06855564,-0.1074265,1.906268,0.1267048,-0.2821692,1.962741,0.0862962,0.08545843,1.801075,0.04826096,-0.09757197,1.803434,0.09941167,-0.2860673,1.784014,0.06838359,0.3914254,1.871336
72057594038000686,0,1.195183,14145.94,0.05525106,0.07817948,1.85164,0.06933045,0.5235825,1.860728,-0.01929328,0.3859215,1.934583,-0.06679888,0.2341077,1.969838,-0.05798799,0.3392354,1.810055,-0.0638603,0.3733727,1.741853,0.1301393,0.3619074,1.805269,0.1554569,0.2533647,1.713535,0.0217947,0.2223312,1.717558,0.004236234,0.2094297,1.727797,0.02290159,0.07884392,1.852838,0.06855564,-0.1074265,1.906268,0.1267048,-0.2821692,1.962741,0.0862962,0.08545843,1.801075,0.04826096,-0.09757197,1.803434,0.09941167,-0.2860673,1.784014,0.06838359,0.3914254,1.871336
72057594038000686,0,1.195183,14145.94,0.05525106,0.07817948,1.85164,0.06933045,0.5235825,1.860728,-0.01929328,0.3859215,1.934583,-0.06679888,0.2341077,1.969838,-0.05798799,0.3392354,1.810055,-0.0638603,0.3733727,1.741853,0.1301393,0.3619074,1.805269,0.1554569,0.2533647,1.713535,0.0217947,0.2223312,1.717558,0.004236234,0.2094297,1.727797,0.02290159,0.07884392,1.852838,0.06855564,-0.1074265,1.906268,0.1267048,-0.2821692,1.962741,0.0862962,0.08545843,1.801075,0.04826096,-0.09757197,1.803434,0.09941167,-0.2860673,1.784014,0.06838359,0.3914254,1.871336
72057594038000686,0,1.195183,14145.95,0.05525106,0.07817948,1.85164,0.06933045,0.5235825,1.860728,-0.01929328,0.3859215,1.934583,-0.06679888,0.2341077,1.969838,-0.05798799,0.3392354,1.810055,-0.0638603,0.3733727,1.741853,0.1301393,0.3619074,1.805269,0.1554569,0.2533647,1.713535,0.0217947,0.2223312,1.717558,0.004236234,0.2094297,1.727797,0.02290159,0.07884392,1.852838,0.06855564,-0.1074265,1.906268,0.1267048,-0.2821692,1.962741,0.0862962,0.08545843,1.801075,0.04826096,-0.09757197,1.803434,0.09941167,-0.2860673,1.784014,0.06838359,0.3914254,1.871336
72057594038000686,0,1.195183,14145.95,0.05525106,0.07817948,1.85164,0.06933045,0.5235825,1.860728,-0.01929328,0.3859215,1.934583,-0.06679888,0.2341077,1.969838,-0.05798799,0.3392354,1.810055,-0.0638603,0.3733727,1.741853,0.1301393,0.3619074,1.805269,0.1554569,0.2533647,1.713535,0.0217947,0.2223312,1.717558,0.004236234,0.2094297,1.727797,0.02290159,0.07884392,1.852838,0.06855564,-0.1074265,1.906268,0.1267048,-0.2821692,1.962741,0.0862962,0.08545843,1.801075,0.04826096,-0.09757197,1.803434,0.09941167,-0.2860673,1.784014,0.06838359,0.3914254,1.871336
72057594038000686,0,1.195183,14145.95,0.05525106,0.07817948,1.85164,0.06933045,0.5235825,1.860728,-0.01929328,0.3859215,1.934583,-0.06679888,0.2341077,1.969838,-0.05798799,0.3392354,1.810055,-0.0638603,0.3733727,1.741853,0.1301393,0.3619074,1.805269,0.1554569,0.2533647,1.713535,0.0217947,0.2223312,1.717558,0.004236234,0.2094297,1.727797,0.02290159,0.07884392,1.852838,0.06855564,-0.1074265,1.906268,0.1267048,-0.2821692,1.962741,0.0862962,0.08545843,1.801075,0.04826096,-0.09757197,1.803434,0.09941167,-0.2860673,1.784014,0.06838359,0.3914254,1.871336
72057594038000686,0,1.179079,14145.96,0.05383699,0.07717836,1.874369,0.06919562,0.5216762,1.88281,-0.01907616,0.386144,1.934627,-0.07388894,0.2635801,2.039261,-0.05995427,0.3300318,1.860004,-0.05279186,0.3780511,1.736978,0.1359929,0.363576,1.827935,0.1685942,0.2610412,1.731514,0.0354186,0.2271546,1.715982,0.01933991,0.2169698,1.723225,0.01856702,0.079467,1.870541,-0.01343741,-0.08717269,1.999675,0.04506271,-0.2620695,2.056185,0.08864734,0.08196056,1.831117,0.04814633,-0.09716448,1.82267,0.09884444,-0.2838868,1.784838,0.06710288,0.3899998,1.894235
72057594038000686,0,1.179079,14145.97,0.05383699,0.07717836,1.874369,0.06919562,0.5216762,1.88281,-0.01907616,0.386144,1.934627,-0.07388894,0.2635801,2.039261,-0.05995427,0.3300318,1.860004,-0.05279186,0.3780511,1.736978,0.1359929,0.363576,1.827935,0.1685942,0.2610412,1.731514,0.0354186,0.2271546,1.715982,0.01933991,0.2169698,1.723225,0.01856702,0.079467,1.870541,-0.01343741,-0.08717269,1.999675,0.04506271,-0.2620695,2.056185,0.08864734,0.08196056,1.831117,0.04814633,-0.09716448,1.82267,0.09884444,-0.2838868,1.784838,0.06710288,0.3899998,1.894235
72057594038000686,0,1.179079,14145.97,0.05383699,0.07717836,1.874369,0.06919562,0.5216762,1.88281,-0.01907616,0.386144,1.934627,-0.07388894,0.2635801,2.039261,-0.05995427,0.3300318,1.860004,-0.05279186,0.3780511,1.736978,0.1359929,0.363576,1.827935,0.1685942,0.2610412,1.731514,0.0354186,0.2271546,1.715982,0.01933991,0.2169698,1.723225,0.01856702,0.079467,1.870541,-0.01343741,-0.08717269,1.999675,0.04506271,-0.2620695,2.056185,0.08864734,0.08196056,1.831117,0.04814633,-0.09716448,1.82267,0.09884444,-0.2838868,1.784838,0.06710288,0.3899998,1.894235
72057594038000686,0,1.179079,14145.98,0.05383699,0.07717836,1.874369,0.06919562,0.5216762,1.88281,-0.01907616,0.386144,1.934627,-0.07388894,0.2635801,2.039261,-0.05995427,0.3300318,1.860004,-0.05279186,0.3780511,1.736978,0.1359929,0.363576,1.827935,0.1685942,0.2610412,1.731514,0.0354186,0.2271546,1.715982,0.01933991,0.2169698,1.723225,0.01856702,0.079467,1.870541,-0.01343741,-0.08717269,1.999675,0.04506271,-0.2620695,2.056185,0.08864734,0.08196056,1.831117,0.04814633,-0.09716448,1.82267,0.09884444,-0.2838868,1.784838,0.06710288,0.3899998,1.894235
72057594038000686,0,1.179079,14145.98,0.05383699,0.07717836,1.874369,0.06919562,0.5216762,1.88281,-0.01907616,0.386144,1.934627,-0.07388894,0.2635801,2.039261,-0.05995427,0.3300318,1.860004,-0.05279186,0.3780511,1.736978,0.1359929,0.363576,1.827935,0.1685942,0.2610412,1.731514,0.0354186,0.2271546,1.715982,0.01933991,0.2169698,1.723225,0.01856702,0.079467,1.870541,-0.01343741,-0.08717269,1.999675,0.04506271,-0.2620695,2.056185,0.08864734,0.08196056,1.831117,0.04814633,-0.09716448,1.82267,0.09884444,-0.2838868,1.784838,0.06710288,0.3899998,1.894235
72057594038000686,0,1.179079,14145.98,0.05383699,0.07717836,1.874369,0.06919562,0.5216762,1.88281,-0.01907616,0.386144,1.934627,-0.07388894,0.2635801,2.039261,-0.05995427,0.3300318,1.860004,-0.05279186,0.3780511,1.736978,0.1359929,0.363576,1.827935,0.1685942,0.2610412,1.731514,0.0354186,0.2271546,1.715982,0.01933991,0.2169698,1.723225,0.01856702,0.079467,1.870541,-0.01343741,-0.08717269,1.999675,0.04506271,-0.2620695,2.056185,0.08864734,0.08196056,1.831117,0.04814633,-0.09716448,1.82267,0.09884444,-0.2838868,1.784838,0.06710288,0.3899998,1.894235
72057594038000686,0,1.161421,14145.99,0.05464543,0.07524905,1.900649,0.06989244,0.522202,1.904722,-0.01802181,0.3863829,1.941971,-0.07268047,0.2690009,2.025393,-0.03511142,0.3035877,1.84085,-0.04157135,0.3773403,1.73639,0.1470128,0.3623483,1.858258,0.1889504,0.270367,1.754802,0.05870513,0.2355801,1.720304,0.04718991,0.2301228,1.715574,0.0170045,0.07833686,1.895029,-0.01731368,-0.09937969,2.005861,0.04120456,-0.274238,2.062382,0.09124614,0.07953769,1.856882,0.05093884,-0.09830049,1.835956,0.09897742,-0.2835147,1.786337,0.06695926,0.3883479,1.912637
72057594038000686,0,1.161421,14145.99,0.05464543,0.07524905,1.900649,0.06989244,0.522202,1.904722,-0.01802181,0.3863829,1.941971,-0.07268047,0.2690009,2.025393,-0.03511142,0.3035877,1.84085,-0.04157135,0.3773403,1.73639,0.1470128,0.3623483,1.858258,0.1889504,0.270367,1.754802,0.05870513,0.2355801,1.720304,0.04718991,0.2301228,1.715574,0.0170045,0.07833686,1.895029,-0.01731368,-0.09937969,2.005861,0.04120456,-0.274238,2.062382,0.09124614,0.07953769,1.856882,0.05093884,-0.09830049,1.835956,0.09897742,-0.2835147,1.786337,0.06695926,0.3883479,1.912637
72057594038000686,0,1.161421,14146.01,0.05464543,0.07524905,1.900649,0.06989244,0.522202,1.904722,-0.01802181,0.3863829,1.941971,-0.07268047,0.2690009,2.025393,-0.03511142,0.3035877,1.84085,-0.04157135,0.3773403,1.73639,0.1470128,0.3623483,1.858258,0.1889504,0.270367,1.754802,0.05870513,0.2355801,1.720304,0.04718991,0.2301228,1.715574,0.0170045,0.07833686,1.895029,-0.01731368,-0.09937969,2.005861,0.04120456,-0.274238,2.062382,0.09124614,0.07953769,1.856882,0.05093884,-0.09830049,1.835956,0.09897742,-0.2835147,1.786337,0.06695926,0.3883479,1.912637
72057594038000686,0,1.161421,14146.01,0.05464543,0.07524905,1.900649,0.06989244,0.522202,1.904722,-0.01802181,0.3863829,1.941971,-0.07268047,0.2690009,2.025393,-0.03511142,0.3035877,1.84085,-0.04157135,0.3773403,1.73639,0.1470128,0.3623483,1.858258,0.1889504,0.270367,1.754802,0.05870513,0.2355801,1.720304,0.04718991,0.2301228,1.715574,0.0170045,0.07833686,1.895029,-0.01731368,-0.09937969,2.005861,0.04120456,-0.274238,2.062382,0.09124614,0.07953769,1.856882,0.05093884,-0.09830049,1.835956,0.09897742,-0.2835147,1.786337,0.06695926,0.3883479,1.912637
72057594038000686,0,1.161421,14146.01,0.05464543,0.07524905,1.900649,0.06989244,0.522202,1.904722,-0.01802181,0.3863829,1.941971,-0.07268047,0.2690009,2.025393,-0.03511142,0.3035877,1.84085,-0.04157135,0.3773403,1.73639,0.1470128,0.3623483,1.858258,0.1889504,0.270367,1.754802,0.05870513,0.2355801,1.720304,0.04718991,0.2301228,1.715574,0.0170045,0.07833686,1.895029,-0.01731368,-0.09937969,2.005861,0.04120456,-0.274238,2.062382,0.09124614,0.07953769,1.856882,0.05093884,-0.09830049,1.835956,0.09897742,-0.2835147,1.786337,0.06695926,0.3883479,1.912637
72057594038000686,0,1.161421,14146.02,0.05464543,0.07524905,1.900649,0.06989244,0.522202,1.904722,-0.01802181,0.3863829,1.941971,-0.07268047,0.2690009,2.025393,-0.03511142,0.3035877,1.84085,-0.04157135,0.3773403,1.73639,0.1470128,0.3623483,1.858258,0.1889504,0.270367,1.754802,0.05870513,0.2355801,1.720304,0.04718991,0.2301228,1.715574,0.0170045,0.07833686,1.895029,-0.01731368,-0.09937969,2.005861,0.04120456,-0.274238,2.062382,0.09124614,0.07953769,1.856882,0.05093884,-0.09830049,1.835956,0.09897742,-0.2835147,1.786337,0.06695926,0.3883479,1.912637
72057594038000686,0,1.135033,14146.02,0.05240767,0.06900772,1.943942,0.07027796,0.5202737,1.921555,-0.02188065,0.3851113,1.959574,-0.09026986,0.2869191,2.057135,-0.04974093,0.3318489,1.875823,-0.03868155,0.3791683,1.745712,0.1490598,0.3652196,1.882702,0.2040662,0.2841422,1.776379,0.07965586,0.2466029,1.724627,0.08425282,0.252296,1.719276,0.01378405,0.07172653,1.931381,-0.00845024,-0.1145255,1.994238,0.05004392,-0.2893478,2.050771,0.09001356,0.07392284,1.907779,0.05600334,-0.1001942,1.845924,0.09989853,-0.2844358,1.788022,0.06541728,0.3867728,1.934067
72057594038000686,0,1.135033,14146.03,0.05240767,0.06900772,1.943942,0.07027796,0.5202737,1.921555,-0.02188065,0.3851113,1.959574,-0.09026986,0.2869191,2.057135,-0.04974093,0.3318489,1.875823,-0.03868155,0.3791683,1.745712,0.1490598,0.3652196,1.882702,0.2040662,0.2841422,1.776379,0.07965586,0.2466029,1.724627,0.08425282,0.252296,1.719276,0.01378405,0.07172653,1.931381,-0.00845024,-0.1145255,1.994238,0.05004392,-0.2893478,2.050771,0.09001356,0.07392284,1.907779,0.05600334,-0.1001942,1.845924,0.09989853,-0.2844358,1.788022,0.06541728,0.3867728,1.934067
72057594038000686,0,1.135033,14146.03,0.05240767,0.06900772,1.943942,0.07027796,0.5202737,1.921555,-0.02188065,0.3851113,1.959574,-0.09026986,0.2869191,2.057135,-0.04974093,0.3318489,1.875823,-0.03868155,0.3791683,1.745712,0.1490598,0.3652196,1.882702,0.2040662,0.2841422,1.776379,0.07965586,0.2466029,1.724627,0.08425282,0.252296,1.719276,0.01378405,0.07172653,1.931381,-0.00845024,-0.1145255,1.994238,0.05004392,-0.2893478,2.050771,0.09001356,0.07392284,1.907779,0.05600334,-0.1001942,1.845924,0.09989853,-0.2844358,1.788022,0.06541728,0.3867728,1.934067
72057594038000686,0,1.135033,14146.04,0.05240767,0.06900772,1.943942,0.07027796,0.5202737,1.921555,-0.02188065,0.3851113,1.959574,-0.09026986,0.2869191,2.057135,-0.04974093,0.3318489,1.875823,-0.03868155,0.3791683,1.745712,0.1490598,0.3652196,1.882702,0.2040662,0.2841422,1.776379,0.07965586,0.2466029,1.724627,0.08425282,0.252296,1.719276,0.01378405,0.07172653,1.931381,-0.00845024,-0.1145255,1.994238,0.05004392,-0.2893478,2.050771,0.09001356,0.07392284,1.907779,0.05600334,-0.1001942,1.845924,0.09989853,-0.2844358,1.788022,0.06541728,0.3867728,1.934067
72057594038000686,0,1.135033,14146.05,0.05240767,0.06900772,1.943942,0.07027796,0.5202737,1.921555,-0.02188065,0.3851113,1.959574,-0.09026986,0.2869191,2.057135,-0.04974093,0.3318489,1.875823,-0.03868155,0.3791683,1.745712,0.1490598,0.3652196,1.882702,0.2040662,0.2841422,1.776379,0.07965586,0.2466029,1.724627,0.08425282,0.252296,1.719276,0.01378405,0.07172653,1.931381,-0.00845024,-0.1145255,1.994238,0.05004392,-0.2893478,2.050771,0.09001356,0.07392284,1.907779,0.05600334,-0.1001942,1.845924,0.09989853,-0.2844358,1.788022,0.06541728,0.3867728,1.934067
72057594038000686,0,1.135033,14146.05,0.05240767,0.06900772,1.943942,0.07027796,0.5202737,1.921555,-0.02188065,0.3851113,1.959574,-0.09026986,0.2869191,2.057135,-0.04974093,0.3318489,1.875823,-0.03868155,0.3791683,1.745712,0.1490598,0.3652196,1.882702,0.2040662,0.2841422,1.776379,0.07965586,0.2466029,1.724627,0.08425282,0.252296,1.719276,0.01378405,0.07172653,1.931381,-0.00845024,-0.1145255,1.994238,0.05004392,-0.2893478,2.050771,0.09001356,0.07392284,1.907779,0.05600334,-0.1001942,1.845924,0.09989853,-0.2844358,1.788022,0.06541728,0.3867728,1.934067
72057594038000686,0,1.117713,14146.06,0.04963958,0.06646231,1.971456,0.0703406,0.5163354,1.947595,-0.02882726,0.3829353,1.980213,-0.09126355,0.2876193,2.056435,-0.04631461,0.3295769,1.875795,-0.03093564,0.3775801,1.752807,0.151154,0.367946,1.915867,0.200348,0.3009398,1.79678,0.08679964,0.2612945,1.723887,0.109685,0.2753841,1.728326,0.009836799,0.06801939,1.959172,0.002572219,-0.1085274,1.99204,0.03785093,-0.2900754,2.046684,0.08831707,0.07232332,1.935002,0.06543078,-0.1013323,1.864264,0.101799,-0.2829729,1.792625,0.06276758,0.3834546,1.960273
72057594038000686,0,1.117713,14146.06,0.04963958,0.06646231,1.971456,0.0703406,0.5163354,1.947595,-0.02882726,0.3829353,1.980213,-0.09126355,0.2876193,2.056435,-0.04631461,0.3295769,1.875795,-0.03093564,0.3775801,1.752807,0.151154,0.367946,1.915867,0.200348,0.3009398,1.79678,0.08679964,0.2612945,1.723887,0.109685,0.2753841,1.728326,0.009836799,0.06801939,1.959172,0.002572219,-0.1085274,1.99204,0.03785093,-0.2900754,2.046684,0.08831707,0.07232332,1.935002,0.06543078,-0.1013323,1.864264,0.101799,-0.2829729,1.792625,0.06276758,0.3834546,1.960273
72057594038000686,0,1.117713,14146.06,0.04963958,0.06646231,1.971456,0.0703406,0.5163354,1.947595,-0.02882726,0.3829353,1.980213,-0.09126355,0.2876193,2.056435,-0.04631461,0.3295769,1.875795,-0.03093564,0.3775801,1.752807,0.151154,0.367946,1.915867,0.200348,0.3009398,1.79678,0.08679964,0.2612945,1.723887,0.109685,0.2753841,1.728326,0.009836799,0.06801939,1.959172,0.002572219,-0.1085274,1.99204,0.03785093,-0.2900754,2.046684,0.08831707,0.07232332,1.935002,0.06543078,-0.1013323,1.864264,0.101799,-0.2829729,1.792625,0.06276758,0.3834546,1.960273
72057594038000686,0,1.117713,14146.07,0.04963958,0.06646231,1.971456,0.0703406,0.5163354,1.947595,-0.02882726,0.3829353,1.980213,-0.09126355,0.2876193,2.056435,-0.04631461,0.3295769,1.875795,-0.03093564,0.3775801,1.752807,0.151154,0.367946,1.915867,0.200348,0.3009398,1.79678,0.08679964,0.2612945,1.723887,0.109685,0.2753841,1.728326,0.009836799,0.06801939,1.959172,0.002572219,-0.1085274,1.99204,0.03785093,-0.2900754,2.046684,0.08831707,0.07232332,1.935002,0.06543078,-0.1013323,1.864264,0.101799,-0.2829729,1.792625,0.06276758,0.3834546,1.960273
72057594038000686,0,1.117713,14146.07,0.04963958,0.06646231,1.971456,0.0703406,0.5163354,1.947595,-0.02882726,0.3829353,1.980213,-0.09126355,0.2876193,2.056435,-0.04631461,0.3295769,1.875795,-0.03093564,0.3775801,1.752807,0.151154,0.367946,1.915867,0.200348,0.3009398,1.79678,0.08679964,0.2612945,1.723887,0.109685,0.2753841,1.728326,0.009836799,0.06801939,1.959172,0.002572219,-0.1085274,1.99204,0.03785093,-0.2900754,2.046684,0.08831707,0.07232332,1.935002,0.06543078,-0.1013323,1.864264,0.101799,-0.2829729,1.792625,0.06276758,0.3834546,1.960273
72057594038000686,0,1.117713,14146.08,0.04963958,0.06646231,1.971456,0.0703406,0.5163354,1.947595,-0.02882726,0.3829353,1.980213,-0.09126355,0.2876193,2.056435,-0.04631461,0.3295769,1.875795,-0.03093564,0.3775801,1.752807,0.151154,0.367946,1.915867,0.200348,0.3009398,1.79678,0.08679964,0.2612945,1.723887,0.109685,0.2753841,1.728326,0.009836799,0.06801939,1.959172,0.002572219,-0.1085274,1.99204,0.03785093,-0.2900754,2.046684,0.08831707,0.07232332,1.935002,0.06543078,-0.1013323,1.864264,0.101799,-0.2829729,1.792625,0.06276758,0.3834546,1.960273
72057594038000686,0,1.117713,14146.08,0.04963958,0.06646231,1.971456,0.0703406,0.5163354,1.947595,-0.02882726,0.3829353,1.980213,-0.09126355,0.2876193,2.056435,-0.04631461,0.3295769,1.875795,-0.03093564,0.3775801,1.752807,0.151154,0.367946,1.915867,0.200348,0.3009398,1.79678,0.08679964,0.2612945,1.723887,0.109685,0.2753841,1.728326,0.009836799,0.06801939,1.959172,0.002572219,-0.1085274,1.99204,0.03785093,-0.2900754,2.046684,0.08831707,0.07232332,1.935002,0.06543078,-0.1013323,1.864264,0.101799,-0.2829729,1.792625,0.06276758,0.3834546,1.960273
72057594038000686,0,1.097645,14146.09,0.04898178,0.05840695,2.010117,0.06978631,0.513742,1.967088,-0.04903737,0.3572185,2.017987,-0.1229842,0.2440854,2.024403,-0.05754748,0.313943,1.859697,-0.02504225,0.3764017,1.76124,0.1496433,0.3733869,1.939371,0.1979212,0.3105225,1.806682,0.08504994,0.2828488,1.726866,0.1221214,0.2923025,1.741394,0.0094536,0.05941299,1.99272,-0.01057534,-0.1422328,2.046407,0.03844712,-0.324522,2.088411,0.08735861,0.06498533,1.979093,0.07340101,-0.1071408,1.879078,0.1060502,-0.2859014,1.798024,0.06108575,0.3805307,1.982078
72057594038000686,0,1.097645,14146.09,0.04898178,0.05840695,2.010117,0.06978631,0.513742,1.967088,-0.04903737,0.3572185,2.017987,-0.1229842,0.2440854,2.024403,-0.05754748,0.313943,1.859697,-0.02504225,0.3764017,1.76124,0.1496433,0.3733869,1.939371,0.1979212,0.3105225,1.806682,0.08504994,0.2828488,1.726866,0.1221214,0.2923025,1.741394,0.0094536,0.05941299,1.99272,-0.01057534,-0.1422328,2.046407,0.03844712,-0.324522,2.088411,0.08735861,0.06498533,1.979093,0.07340101,-0.1071408,1.879078,0.1060502,-0.2859014,1.798024,0.06108575,0.3805307,1.982078
72057594038000686,0,1.097645,14146.1,0.04898178,0.05840695,2.010117,0.06978631,0.513742,1.967088,-0.04903737,0.3572185,2.017987,-0.1229842,0.2440854,2.024403,-0.05754748,0.313943,1.859697,-0.02504225,0.3764017,1.76124,0.1496433,0.3733869,1.939371,0.1979212,0.3105225,1.806682,0.08504994,0.2828488,1.726866,0.1221214,0.2923025,1.741394,0.0094536,0.05941299,1.99272,-0.01057534,-0.1422328,2.046407,0.03844712,-0.324522,2.088411,0.08735861,0.06498533,1.979093,0.07340101,-0.1071408,1.879078,0.1060502,-0.2859014,1.798024,0.06108575,0.3805307,1.982078
72057594038000686,0,1.097645,14146.1,0.04898178,0.05840695,2.010117,0.06978631,0.513742,1.967088,-0.04903737,0.3572185,2.017987,-0.1229842,0.2440854,2.024403,-0.05754748,0.313943,1.859697,-0.02504225,0.3764017,1.76124,0.1496433,0.3733869,1.939371,0.1979212,0.3105225,1.806682,0.08504994,0.2828488,1.726866,0.1221214,0.2923025,1.741394,0.0094536,0.05941299,1.99272,-0.01057534,-0.1422328,2.046407,0.03844712,-0.324522,2.088411,0.08735861,0.06498533,1.979093,0.07340101,-0.1071408,1.879078,0.1060502,-0.2859014,1.798024,0.06108575,0.3805307,1.982078
72057594038000686,0,1.097645,14146.11,0.04898178,0.05840695,2.010117,0.06978631,0.513742,1.967088,-0.04903737,0.3572185,2.017987,-0.1229842,0.2440854,2.024403,-0.05754748,0.313943,1.859697,-0.02504225,0.3764017,1.76124,0.1496433,0.3733869,1.939371,0.1979212,0.3105225,1.806682,0.08504994,0.2828488,1.726866,0.1221214,0.2923025,1.741394,0.0094536,0.05941299,1.99272,-0.01057534,-0.1422328,2.046407,0.03844712,-0.324522,2.088411,0.08735861,0.06498533,1.979093,0.07340101,-0.1071408,1.879078,0.1060502,-0.2859014,1.798024,0.06108575,0.3805307,1.982078
72057594038000686,0,1.097645,14146.11,0.04898178,0.05840695,2.010117,0.06978631,0.513742,1.967088,-0.04903737,0.3572185,2.017987,-0.1229842,0.2440854,2.024403,-0.05754748,0.313943,1.859697,-0.02504225,0.3764017,1.76124,0.1496433,0.3733869,1.939371,0.1979212,0.3105225,1.806682,0.08504994,0.2828488,1.726866,0.1221214,0.2923025,1.741394,0.0094536,0.05941299,1.99272,-0.01057534,-0.1422328,2.046407,0.03844712,-0.324522,2.088411,0.08735861,0.06498533,1.979093,0.07340101,-0.1071408,1.879078,0.1060502,-0.2859014,1.798024,0.06108575,0.3805307,1.982078
72057594038000686,0,1.097645,14146.12,0.04898178,0.05840695,2.010117,0.06978631,0.513742,1.967088,-0.04903737,0.3572185,2.017987,-0.1229842,0.2440854,2.024403,-0.05754748,0.313943,1.859697,-0.02504225,0.3764017,1.76124,0.1496433,0.3733869,1.939371,0.1979212,0.3105225,1.806682,0.08504994,0.2828488,1.726866,0.1221214,0.2923025,1.741394,0.0094536,0.05941299,1.99272,-0.01057534,-0.1422328,2.046407,0.03844712,-0.324522,2.088411,0.08735861,0.06498533,1.979093,0.07340101,-0.1071408,1.879078,0.1060502,-0.2859014,1.798024,0.06108575,0.3805307,1.982078
