72057594037973989,0,2.486842,18993.36,0,0.38,-0.1,0,0.38,-0.1,0,0.38,-0.1,0,0.38,-0.1,0,0.38,-0.1,0,0.38,-0.1,0,0.38,-0.1,0,0.38,-0.1,0,0.38,-0.1,0,0.38,-0.1,0,0.38,-0.1,0,0.38,-0.1,0,0.38,-0.1,0,0.38,-0.1,0,0.38,-0.1,0,0.38,-0.1,0,0.38,-0.1
72057594037973989,0,1.862221,18993.36,-0.231585,0.104438,0.6566187,-0.2283684,0.568772,0.5967354,-0.3059167,0.3631098,0.5077271,-0.3286513,0.1964689,0.4752472,-0.2088125,0.1803797,0.5890583,-0.1537278,0.1703757,0.6503047,-0.1885904,0.4347716,0.6395603,-0.1515709,0.267532,0.6373997,-0.1800036,0.1607772,0.6822845,-0.1596581,0.1543645,0.6484111,-0.2523429,0.09498537,0.6036276,-0.3473046,0.04534206,0.4225691,-0.4723618,-0.02392685,0.214252,-0.1983538,0.1287763,0.6685123,-0.3623501,0.1505731,0.4946102,-0.5165237,0.1668386,0.3460251,-0.2585475,0.4496938,0.5953318
72057594037973989,0,1.862221,18993.36,-0.231585,0.104438,0.6566187,-0.2283684,0.568772,0.5967354,-0.3059167,0.3631098,0.5077271,-0.3286513,0.1964689,0.4752472,-0.2088125,0.1803797,0.5890583,-0.1537278,0.1703757,0.6503047,-0.1885904,0.4347716,0.6395603,-0.1515709,0.267532,0.6373997,-0.1800036,0.1607772,0.6822845,-0.1596581,0.1543645,0.6484111,-0.2523429,0.09498537,0.6036276,-0.3473046,0.04534206,0.4225691,-0.4723618,-0.02392685,0.214252,-0.1983538,0.1287763,0.6685123,-0.3623501,0.1505731,0.4946102,-0.5165237,0.1668386,0.3460251,-0.2585475,0.4496938,0.5953318
72057594037973989,0,1.862221,18993.37,-0.231585,0.104438,0.6566187,-0.2283684,0.568772,0.5967354,-0.3059167,0.3631098,0.5077271,-0.3286513,0.1964689,0.4752472,-0.2088125,0.1803797,0.5890583,-0.1537278,0.1703757,0.6503047,-0.1885904,0.4347716,0.6395603,-0.1515709,0.267532,0.6373997,-0.1800036,0.1607772,0.6822845,-0.1596581,0.1543645,0.6484111,-0.2523429,0.09498537,0.6036276,-0.3473046,0.04534206,0.4225691,-0.4723618,-0.02392685,0.214252,-0.1983538,0.1287763,0.6685123,-0.3623501,0.1505731,0.4946102,-0.5165237,0.1668386,0.3460251,-0.2585475,0.4496938,0.5953318
72057594037973989,0,1.862221,18993.37,-0.231585,0.104438,0.6566187,-0.2283684,0.568772,0.5967354,-0.3059167,0.3631098,0.5077271,-0.3286513,0.1964689,0.4752472,-0.2088125,0.1803797,0.5890583,-0.1537278,0.1703757,0.6503047,-0.1885904,0.4347716,0.6395603,-0.1515709,0.267532,0.6373997,-0.1800036,0.1607772,0.6822845,-0.1596581,0.1543645,0.6484111,-0.2523429,0.09498537,0.6036276,-0.3473046,0.04534206,0.4225691,-0.4723618,-0.02392685,0.214252,-0.1983538,0.1287763,0.6685123,-0.3623501,0.1505731,0.4946102,-0.5165237,0.1668386,0.3460251,-0.2585475,0.4496938,0.5953318
72057594037973989,0,1.862221,18993.37,-0.231585,0.104438,0.6566187,-0.2283684,0.568772,0.5967354,-0.3059167,0.3631098,0.5077271,-0.3286513,0.1964689,0.4752472,-0.2088125,0.1803797,0.5890583,-0.1537278,0.1703757,0.6503047,-0.1885904,0.4347716,0.6395603,-0.1515709,0.267532,0.6373997,-0.1800036,0.1607772,0.6822845,-0.1596581,0.1543645,0.6484111,-0.2523429,0.09498537,0.6036276,-0.3473046,0.04534206,0.4225691,-0.4723618,-0.02392685,0.214252,-0.1983538,0.1287763,0.6685123,-0.3623501,0.1505731,0.4946102,-0.5165237,0.1668386,0.3460251,-0.2585475,0.4496938,0.5953318
72057594037973989,0,1.862221,18993.37,-0.231585,0.104438,0.6566187,-0.2283684,0.568772,0.5967354,-0.3059167,0.3631098,0.5077271,-0.3286513,0.1964689,0.4752472,-0.2088125,0.1803797,0.5890583,-0.1537278,0.1703757,0.6503047,-0.1885904,0.4347716,0.6395603,-0.1515709,0.267532,0.6373997,-0.1800036,0.1607772,0.6822845,-0.1596581,0.1543645,0.6484111,-0.2523429,0.09498537,0.6036276,-0.3473046,0.04534206,0.4225691,-0.4723618,-0.02392685,0.214252,-0.1983538,0.1287763,0.6685123,-0.3623501,0.1505731,0.4946102,-0.5165237,0.1668386,0.3460251,-0.2585475,0.4496938,0.5953318
72057594037973989,0,1.862221,18993.37,-0.231585,0.104438,0.6566187,-0.2283684,0.568772,0.5967354,-0.3059167,0.3631098,0.5077271,-0.3286513,0.1964689,0.4752472,-0.2088125,0.1803797,0.5890583,-0.1537278,0.1703757,0.6503047,-0.1885904,0.4347716,0.6395603,-0.1515709,0.267532,0.6373997,-0.1800036,0.1607772,0.6822845,-0.1596581,0.1543645,0.6484111,-0.2523429,0.09498537,0.6036276,-0.3473046,0.04534206,0.4225691,-0.4723618,-0.02392685,0.214252,-0.1983538,0.1287763,0.6685123,-0.3623501,0.1505731,0.4946102,-0.5165237,0.1668386,0.3460251,-0.2585475,0.4496938,0.5953318
72057594037973989,0,1.862221,18993.38,-0.231585,0.104438,0.6566187,-0.2283684,0.568772,0.5967354,-0.3059167,0.3631098,0.5077271,-0.3286513,0.1964689,0.4752472,-0.2088125,0.1803797,0.5890583,-0.1537278,0.1703757,0.6503047,-0.1885904,0.4347716,0.6395603,-0.1515709,0.267532,0.6373997,-0.1800036,0.1607772,0.6822845,-0.1596581,0.1543645,0.6484111,-0.2523429,0.09498537,0.6036276,-0.3473046,0.04534206,0.4225691,-0.4723618,-0.02392685,0.214252,-0.1983538,0.1287763,0.6685123,-0.3623501,0.1505731,0.4946102,-0.5165237,0.1668386,0.3460251,-0.2585475,0.4496938,0.5953318
72057594037973989,0,1.862221,18993.38,-0.231585,0.104438,0.6566187,-0.2283684,0.568772,0.5967354,-0.3059167,0.3631098,0.5077271,-0.3286513,0.1964689,0.4752472,-0.2088125,0.1803797,0.5890583,-0.1537278,0.1703757,0.6503047,-0.1885904,0.4347716,0.6395603,-0.1515709,0.267532,0.6373997,-0.1800036,0.1607772,0.6822845,-0.1596581,0.1543645,0.6484111,-0.2523429,0.09498537,0.6036276,-0.3473046,0.04534206,0.4225691,-0.4723618,-0.02392685,0.214252,-0.1983538,0.1287763,0.6685123,-0.3623501,0.1505731,0.4946102,-0.5165237,0.1668386,0.3460251,-0.2585475,0.4496938,0.5953318
72057594037973989,0,1.862221,18993.38,-0.231585,0.104438,0.6566187,-0.2283684,0.568772,0.5967354,-0.3059167,0.3631098,0.5077271,-0.3286513,0.1964689,0.4752472,-0.2088125,0.1803797,0.5890583,-0.1537278,0.1703757,0.6503047,-0.1885904,0.4347716,0.6395603,-0.1515709,0.267532,0.6373997,-0.1800036,0.1607772,0.6822845,-0.1596581,0.1543645,0.6484111,-0.2523429,0.09498537,0.6036276,-0.3473046,0.04534206,0.4225691,-0.4723618,-0.02392685,0.214252,-0.1983538,0.1287763,0.6685123,-0.3623501,0.1505731,0.4946102,-0.5165237,0.1668386,0.3460251,-0.2585475,0.4496938,0.5953318
72057594037973989,0,1.862221,18993.38,-0.231585,0.104438,0.6566187,-0.2283684,0.568772,0.5967354,-0.3059167,0.3631098,0.5077271,-0.3286513,0.1964689,0.4752472,-0.2088125,0.1803797,0.5890583,-0.1537278,0.1703757,0.6503047,-0.1885904,0.4347716,0.6395603,-0.1515709,0.267532,0.6373997,-0.1800036,0.1607772,0.6822845,-0.1596581,0.1543645,0.6484111,-0.2523429,0.09498537,0.6036276,-0.3473046,0.04534206,0.4225691,-0.4723618,-0.02392685,0.214252,-0.1983538,0.1287763,0.6685123,-0.3623501,0.1505731,0.4946102,-0.5165237,0.1668386,0.3460251,-0.2585475,0.4496938,0.5953318
72057594037973989,0,1.862221,18993.39,-0.231585,0.104438,0.6566187,-0.2283684,0.568772,0.5967354,-0.3059167,0.3631098,0.5077271,-0.3286513,0.1964689,0.4752472,-0.2088125,0.1803797,0.5890583,-0.1537278,0.1703757,0.6503047,-0.1885904,0.4347716,0.6395603,-0.1515709,0.267532,0.6373997,-0.1800036,0.1607772,0.6822845,-0.1596581,0.1543645,0.6484111,-0.2523429,0.09498537,0.6036276,-0.3473046,0.04534206,0.4225691,-0.4723618,-0.02392685,0.214252,-0.1983538,0.1287763,0.6685123,-0.3623501,0.1505731,0.4946102,-0.5165237,0.1668386,0.3460251,-0.2585475,0.4496938,0.5953318
72057594037973989,0,1.846237,18993.39,-0.2282426,0.07804766,0.6865032,-0.2262065,0.5689343,0.5997853,-0.3059339,0.3630807,0.508836,-0.3236966,0.1921453,0.4762357,-0.202667,0.1782075,0.5935726,-0.1546765,0.172433,0.6522467,-0.1884016,0.4348308,0.6407813,-0.1589503,0.263097,0.6436927,-0.1782425,0.1502371,0.6854544,-0.1593515,0.1459466,0.6507427,-0.2491162,0.06965017,0.6317911,-0.3412096,0.06208465,0.4271595,-0.4530403,0.04648331,0.2071125,-0.1951271,0.102693,0.6986812,-0.35521,0.1517888,0.50679,-0.4937399,0.1899476,0.3539865,-0.2582888,0.449338,0.5976691
72057594037973989,0,1.846237,18993.39,-0.2282426,0.07804766,0.6865032,-0.2262065,0.5689343,0.5997853,-0.3059339,0.3630807,0.508836,-0.3236966,0.1921453,0.4762357,-0.202667,0.1782075,0.5935726,-0.1546765,0.172433,0.6522467,-0.1884016,0.4348308,0.6407813,-0.1589503,0.263097,0.6436927,-0.1782425,0.1502371,0.6854544,-0.1593515,0.1459466,0.6507427,-0.2491162,0.06965017,0.6317911,-0.3412096,0.06208465,0.4271595,-0.4530403,0.04648331,0.2071125,-0.1951271,0.102693,0.6986812,-0.35521,0.1517888,0.50679,-0.4937399,0.1899476,0.3539865,-0.2582888,0.449338,0.5976691
72057594037973989,0,1.846237,18993.39,-0.2282426,0.07804766,0.6865032,-0.2262065,0.5689343,0.5997853,-0.3059339,0.3630807,0.508836,-0.3236966,0.1921453,0.4762357,-0.202667,0.1782075,0.5935726,-0.1546765,0.172433,0.6522467,-0.1884016,0.4348308,0.6407813,-0.1589503,0.263097,0.6436927,-0.1782425,0.1502371,0.6854544,-0.1593515,0.1459466,0.6507427,-0.2491162,0.06965017,0.6317911,-0.3412096,0.06208465,0.4271595,-0.4530403,0.04648331,0.2071125,-0.1951271,0.102693,0.6986812,-0.35521,0.1517888,0.50679,-0.4937399,0.1899476,0.3539865,-0.2582888,0.449338,0.5976691
72057594037973989,0,1.846237,18993.4,-0.2282426,0.07804766,0.6865032,-0.2262065,0.5689343,0.5997853,-0.3059339,0.3630807,0.508836,-0.3236966,0.1921453,0.4762357,-0.202667,0.1782075,0.5935726,-0.1546765,0.172433,0.6522467,-0.1884016,0.4348308,0.6407813,-0.1589503,0.263097,0.6436927,-0.1782425,0.1502371,0.6854544,-0.1593515,0.1459466,0.6507427,-0.2491162,0.06965017,0.6317911,-0.3412096,0.06208465,0.4271595,-0.4530403,0.04648331,0.2071125,-0.1951271,0.102693,0.6986812,-0.35521,0.1517888,0.50679,-0.4937399,0.1899476,0.3539865,-0.2582888,0.449338,0.5976691
72057594037973989,0,1.846237,18993.4,-0.2282426,0.07804766,0.6865032,-0.2262065,0.5689343,0.5997853,-0.3059339,0.3630807,0.508836,-0.3236966,0.1921453,0.4762357,-0.202667,0.1782075,0.5935726,-0.1546765,0.172433,0.6522467,-0.1884016,0.4348308,0.6407813,-0.1589503,0.263097,0.6436927,-0.1782425,0.1502371,0.6854544,-0.1593515,0.1459466,0.6507427,-0.2491162,0.06965017,0.6317911,-0.3412096,0.06208465,0.4271595,-0.4530403,0.04648331,0.2071125,-0.1951271,0.102693,0.6986812,-0.35521,0.1517888,0.50679,-0.4937399,0.1899476,0.3539865,-0.2582888,0.449338,0.5976691
72057594037973989,0,1.846237,18993.4,-0.2282426,0.07804766,0.6865032,-0.2262065,0.5689343,0.5997853,-0.3059339,0.3630807,0.508836,-0.3236966,0.1921453,0.4762357,-0.202667,0.1782075,0.5935726,-0.1546765,0.172433,0.6522467,-0.1884016,0.4348308,0.6407813,-0.1589503,0.263097,0.6436927,-0.1782425,0.1502371,0.6854544,-0.1593515,0.1459466,0.6507427,-0.2491162,0.06965017,0.6317911,-0.3412096,0.06208465,0.4271595,-0.4530403,0.04648331,0.2071125,-0.1951271,0.102693,0.6986812,-0.35521,0.1517888,0.50679,-0.4937399,0.1899476,0.3539865,-0.2582888,0.449338,0.5976691
72057594037973989,0,1.846237,18993.4,-0.2282426,0.07804766,0.6865032,-0.2262065,0.5689343,0.5997853,-0.3059339,0.3630807,0.508836,-0.3236966,0.1921453,0.4762357,-0.202667,0.1782075,0.5935726,-0.1546765,0.172433,0.6522467,-0.1884016,0.4348308,0.6407813,-0.1589503,0.263097,0.6436927,-0.1782425,0.1502371,0.6854544,-0.1593515,0.1459466,0.6507427,-0.2491162,0.06965017,0.6317911,-0.3412096,0.06208465,0.4271595,-0.4530403,0.04648331,0.2071125,-0.1951271,0.102693,0.6986812,-0.35521,0.1517888,0.50679,-0.4937399,0.1899476,0.3539865,-0.2582888,0.449338,0.5976691
72057594037973989,0,1.846237,18993.41,-0.2282426,0.07804766,0.6865032,-0.2262065,0.5689343,0.5997853,-0.3059339,0.3630807,0.508836,-0.3236966,0.1921453,0.4762357,-0.202667,0.1782075,0.5935726,-0.1546765,0.172433,0.6522467,-0.1884016,0.4348308,0.6407813,-0.1589503,0.263097,0.6436927,-0.1782425,0.1502371,0.6854544,-0.1593515,0.1459466,0.6507427,-0.2491162,0.06965017,0.6317911,-0.3412096,0.06208465,0.4271595,-0.4530403,0.04648331,0.2071125,-0.1951271,0.102693,0.6986812,-0.35521,0.1517888,0.50679,-0.4937399,0.1899476,0.3539865,-0.2582888,0.449338,0.5976691
72057594037973989,0,1.846237,18993.41,-0.2282426,0.07804766,0.6865032,-0.2262065,0.5689343,0.5997853,-0.3059339,0.3630807,0.508836,-0.3236966,0.1921453,0.4762357,-0.202667,0.1782075,0.5935726,-0.1546765,0.172433,0.6522467,-0.1884016,0.4348308,0.6407813,-0.1589503,0.263097,0.6436927,-0.1782425,0.1502371,0.6854544,-0.1593515,0.1459466,0.6507427,-0.2491162,0.06965017,0.6317911,-0.3412096,0.06208465,0.4271595,-0.4530403,0.04648331,0.2071125,-0.1951271,0.102693,0.6986812,-0.35521,0.1517888,0.50679,-0.4937399,0.1899476,0.3539865,-0.2582888,0.449338,0.5976691
72057594037973989,0,1.846237,18993.41,-0.2282426,0.07804766,0.6865032,-0.2262065,0.5689343,0.5997853,-0.3059339,0.3630807,0.508836,-0.3236966,0.1921453,0.4762357,-0.202667,0.1782075,0.5935726,-0.1546765,0.172433,0.6522467,-0.1884016,0.4348308,0.6407813,-0.1589503,0.263097,0.6436927,-0.1782425,0.1502371,0.6854544,-0.1593515,0.1459466,0.6507427,-0.2491162,0.06965017,0.6317911,-0.3412096,0.06208465,0.4271595,-0.4530403,0.04648331,0.2071125,-0.1951271,0.102693,0.6986812,-0.35521,0.1517888,0.50679,-0.4937399,0.1899476,0.3539865,-0.2582888,0.449338,0.5976691
72057594037973989,0,1.846237,18993.41,-0.2282426,0.07804766,0.6865032,-0.2262065,0.5689343,0.5997853,-0.3059339,0.3630807,0.508836,-0.3236966,0.1921453,0.4762357,-0.202667,0.1782075,0.5935726,-0.1546765,0.172433,0.6522467,-0.1884016,0.4348308,0.6407813,-0.1589503,0.263097,0.6436927,-0.1782425,0.1502371,0.6854544,-0.1593515,0.1459466,0.6507427,-0.2491162,0.06965017,0.6317911,-0.3412096,0.06208465,0.4271595,-0.4530403,0.04648331,0.2071125,-0.1951271,0.102693,0.6986812,-0.35521,0.1517888,0.50679,-0.4937399,0.1899476,0.3539865,-0.2582888,0.449338,0.5976691
72057594037973989,0,1.846237,18993.42,-0.2282426,0.07804766,0.6865032,-0.2262065,0.5689343,0.5997853,-0.3059339,0.3630807,0.508836,-0.3236966,0.1921453,0.4762357,-0.202667,0.1782075,0.5935726,-0.1546765,0.172433,0.6522467,-0.1884016,0.4348308,0.6407813,-0.1589503,0.263097,0.6436927,-0.1782425,0.1502371,0.6854544,-0.1593515,0.1459466,0.6507427,-0.2491162,0.06965017,0.6317911,-0.3412096,0.06208465,0.4271595,-0.4530403,0.04648331,0.2071125,-0.1951271,0.102693,0.6986812,-0.35521,0.1517888,0.50679,-0.4937399,0.1899476,0.3539865,-0.2582888,0.449338,0.5976691
72057594037973989,0,1.846237,18993.42,-0.2282426,0.07804766,0.6865032,-0.2262065,0.5689343,0.5997853,-0.3059339,0.3630807,0.508836,-0.3236966,0.1921453,0.4762357,-0.202667,0.1782075,0.5935726,-0.1546765,0.172433,0.6522467,-0.1884016,0.4348308,0.6407813,-0.1589503,0.263097,0.6436927,-0.1782425,0.1502371,0.6854544,-0.1593515,0.1459466,0.6507427,-0.2491162,0.06965017,0.6317911,-0.3412096,0.06208465,0.4271595,-0.4530403,0.04648331,0.2071125,-0.1951271,0.102693,0.6986812,-0.35521,0.1517888,0.50679,-0.4937399,0.1899476,0.3539865,-0.2582888,0.449338,0.5976691
72057594037973989,0,1.845747,18993.42,-0.2261804,0.0622316,0.6945741,-0.2231584,0.5679163,0.6016822,-0.2984697,0.3761724,0.5070376,-0.2781046,0.245123,0.4901183,-0.3101388,0.3971471,0.4586728,-0.3206642,0.4265822,0.4588479,-0.1819373,0.4261823,0.6416345,-0.173531,0.2583576,0.6552325,-0.1667514,0.1450491,0.6920238,-0.147746,0.1338687,0.6409213,-0.248472,0.0631578,0.6340793,-0.2448088,0.1638302,0.466642,-0.4192577,0.213767,0.4470089,-0.1910921,0.07421237,0.7155327,-0.3122187,0.2042045,0.5347621,-0.40723,0.3006784,0.4047984,-0.2469645,0.4423436,0.6043004
72057594037973989,0,1.845747,18993.42,-0.2261804,0.0622316,0.6945741,-0.2231584,0.5679163,0.6016822,-0.2984697,0.3761724,0.5070376,-0.2781046,0.245123,0.4901183,-0.3101388,0.3971471,0.4586728,-0.3206642,0.4265822,0.4588479,-0.1819373,0.4261823,0.6416345,-0.173531,0.2583576,0.6552325,-0.1667514,0.1450491,0.6920238,-0.147746,0.1338687,0.6409213,-0.248472,0.0631578,0.6340793,-0.2448088,0.1638302,0.466642,-0.4192577,0.213767,0.4470089,-0.1910921,0.07421237,0.7155327,-0.3122187,0.2042045,0.5347621,-0.40723,0.3006784,0.4047984,-0.2469645,0.4423436,0.6043004
72057594037973989,0,1.845747,18993.43,-0.2261804,0.0622316,0.6945741,-0.2231584,0.5679163,0.6016822,-0.2984697,0.3761724,0.5070376,-0.2781046,0.245123,0.4901183,-0.3101388,0.3971471,0.4586728,-0.3206642,0.4265822,0.4588479,-0.1819373,0.4261823,0.6416345,-0.173531,0.2583576,0.6552325,-0.1667514,0.1450491,0.6920238,-0.147746,0.1338687,0.6409213,-0.248472,0.0631578,0.6340793,-0.2448088,0.1638302,0.466642,-0.4192577,0.213767,0.4470089,-0.1910921,0.07421237,0.7155327,-0.3122187,0.2042045,0.5347621,-0.40723,0.3006784,0.4047984,-0.2469645,0.4423436,0.6043004
72057594037973989,0,1.845747,18993.43,-0.2261804,0.0622316,0.6945741,-0.2231584,0.5679163,0.6016822,-0.2984697,0.3761724,0.5070376,-0.2781046,0.245123,0.4901183,-0.3101388,0.3971471,0.4586728,-0.3206642,0.4265822,0.4588479,-0.1819373,0.4261823,0.6416345,-0.173531,0.2583576,0.6552325,-0.1667514,0.1450491,0.6920238,-0.147746,0.1338687,0.6409213,-0.248472,0.0631578,0.6340793,-0.2448088,0.1638302,0.466642,-0.4192577,0.213767,0.4470089,-0.1910921,0.07421237,0.7155327,-0.3122187,0.2042045,0.5347621,-0.40723,0.3006784,0.4047984,-0.2469645,0.4423436,0.6043004
72057594037973989,0,1.845747,18993.43,-0.2261804,0.0622316,0.6945741,-0.2231584,0.5679163,0.6016822,-0.2984697,0.3761724,0.5070376,-0.2781046,0.245123,0.4901183,-0.3101388,0.3971471,0.4586728,-0.3206642,0.4265822,0.4588479,-0.1819373,0.4261823,0.6416345,-0.173531,0.2583576,0.6552325,-0.1667514,0.1450491,0.6920238,-0.147746,0.1338687,0.6409213,-0.248472,0.0631578,0.6340793,-0.2448088,0.1638302,0.466642,-0.4192577,0.213767,0.4470089,-0.1910921,0.07421237,0.7155327,-0.3122187,0.2042045,0.5347621,-0.40723,0.3006784,0.4047984,-0.2469645,0.4423436,0.6043004
72057594037973989,0,1.845747,18993.43,-0.2261804,0.0622316,0.6945741,-0.2231584,0.5679163,0.6016822,-0.2984697,0.3761724,0.5070376,-0.2781046,0.245123,0.4901183,-0.3101388,0.3971471,0.4586728,-0.3206642,0.4265822,0.4588479,-0.1819373,0.4261823,0.6416345,-0.173531,0.2583576,0.6552325,-0.1667514,0.1450491,0.6920238,-0.147746,0.1338687,0.6409213,-0.248472,0.0631578,0.6340793,-0.2448088,0.1638302,0.466642,-0.4192577,0.213767,0.4470089,-0.1910921,0.07421237,0.7155327,-0.3122187,0.2042045,0.5347621,-0.40723,0.3006784,0.4047984,-0.2469645,0.4423436,0.6043004
72057594037973989,0,1.845747,18993.44,-0.2261804,0.0622316,0.6945741,-0.2231584,0.5679163,0.6016822,-0.2984697,0.3761724,0.5070376,-0.2781046,0.245123,0.4901183,-0.3101388,0.3971471,0.4586728,-0.3206642,0.4265822,0.4588479,-0.1819373,0.4261823,0.6416345,-0.173531,0.2583576,0.6552325,-0.1667514,0.1450491,0.6920238,-0.147746,0.1338687,0.6409213,-0.248472,0.0631578,0.6340793,-0.2448088,0.1638302,0.466642,-0.4192577,0.213767,0.4470089,-0.1910921,0.07421237,0.7155327,-0.3122187,0.2042045,0.5347621,-0.40723,0.3006784,0.4047984,-0.2469645,0.4423436,0.6043004
72057594037973989,0,1.845747,18993.44,-0.2261804,0.0622316,0.6945741,-0.2231584,0.5679163,0.6016822,-0.2984697,0.3761724,0.5070376,-0.2781046,0.245123,0.4901183,-0.3101388,0.3971471,0.4586728,-0.3206642,0.4265822,0.4588479,-0.1819373,0.4261823,0.6416345,-0.173531,0.2583576,0.6552325,-0.1667514,0.1450491,0.6920238,-0.147746,0.1338687,0.6409213,-0.248472,0.0631578,0.6340793,-0.2448088,0.1638302,0.466642,-0.4192577,0.213767,0.4470089,-0.1910921,0.07421237,0.7155327,-0.3122187,0.2042045,0.5347621,-0.40723,0.3006784,0.4047984,-0.2469645,0.4423436,0.6043004
72057594037973989,0,1.845747,18993.44,-0.2261804,0.0622316,0.6945741,-0.2231584,0.5679163,0.6016822,-0.2984697,0.3761724,0.5070376,-0.2781046,0.245123,0.4901183,-0.3101388,0.3971471,0.4586728,-0.3206642,0.4265822,0.4588479,-0.1819373,0.4261823,0.6416345,-0.173531,0.2583576,0.6552325,-0.1667514,0.1450491,0.6920238,-0.147746,0.1338687,0.6409213,-0.248472,0.0631578,0.6340793,-0.2448088,0.1638302,0.466642,-0.4192577,0.213767,0.4470089,-0.1910921,0.07421237,0.7155327,-0.3122187,0.2042045,0.5347621,-0.40723,0.3006784,0.4047984,-0.2469645,0.4423436,0.6043004
72057594037973989,0,1.845747,18993.44,-0.2261804,0.0622316,0.6945741,-0.2231584,0.5679163,0.6016822,-0.2984697,0.3761724,0.5070376,-0.2781046,0.245123,0.4901183,-0.3101388,0.3971471,0.4586728,-0.3206642,0.4265822,0.4588479,-0.1819373,0.4261823,0.6416345,-0.173531,0.2583576,0.6552325,-0.1667514,0.1450491,0.6920238,-0.147746,0.1338687,0.6409213,-0.248472,0.0631578,0.6340793,-0.2448088,0.1638302,0.466642,-0.4192577,0.213767,0.4470089,-0.1910921,0.07421237,0.7155327,-0.3122187,0.2042045,0.5347621,-0.40723,0.3006784,0.4047984,-0.2469645,0.4423436,0.6043004
72057594037973989,0,1.845747,18993.45,-0.2261804,0.0622316,0.6945741,-0.2231584,0.5679163,0.6016822,-0.2984697,0.3761724,0.5070376,-0.2781046,0.245123,0.4901183,-0.3101388,0.3971471,0.4586728,-0.3206642,0.4265822,0.4588479,-0.1819373,0.4261823,0.6416345,-0.173531,0.2583576,0.6552325,-0.1667514,0.1450491,0.6920238,-0.147746,0.1338687,0.6409213,-0.248472,0.0631578,0.6340793,-0.2448088,0.1638302,0.466642,-0.4192577,0.213767,0.4470089,-0.1910921,0.07421237,0.7155327,-0.3122187,0.2042045,0.5347621,-0.40723,0.3006784,0.4047984,-0.2469645,0.4423436,0.6043004
72057594037973989,0,1.845747,18993.45,-0.2261804,0.0622316,0.6945741,-0.2231584,0.5679163,0.6016822,-0.2984697,0.3761724,0.5070376,-0.2781046,0.245123,0.4901183,-0.3101388,0.3971471,0.4586728,-0.3206642,0.4265822,0.4588479,-0.1819373,0.4261823,0.6416345,-0.173531,0.2583576,0.6552325,-0.1667514,0.1450491,0.6920238,-0.147746,0.1338687,0.6409213,-0.248472,0.0631578,0.6340793,-0.2448088,0.1638302,0.466642,-0.4192577,0.213767,0.4470089,-0.1910921,0.07421237,0.7155327,-0.3122187,0.2042045,0.5347621,-0.40723,0.3006784,0.4047984,-0.2469645,0.4423436,0.6043004
72057594037973989,0,1.845747,18993.45,-0.2261804,0.0622316,0.6945741,-0.2231584,0.5679163,0.6016822,-0.2984697,0.3761724,0.5070376,-0.2781046,0.245123,0.4901183,-0.3101388,0.3971471,0.4586728,-0.3206642,0.4265822,0.4588479,-0.1819373,0.4261823,0.6416345,-0.173531,0.2583576,0.6552325,-0.1667514,0.1450491,0.6920238,-0.147746,0.1338687,0.6409213,-0.248472,0.0631578,0.6340793,-0.2448088,0.1638302,0.466642,-0.4192577,0.213767,0.4470089,-0.1910921,0.07421237,0.7155327,-0.3122187,0.2042045,0.5347621,-0.40723,0.3006784,0.4047984,-0.2469645,0.4423436,0.6043004
72057594037973989,0,1.845747,18993.45,-0.2261804,0.0622316,0.6945741,-0.2231584,0.5679163,0.6016822,-0.2984697,0.3761724,0.5070376,-0.2781046,0.245123,0.4901183,-0.3101388,0.3971471,0.4586728,-0.3206642,0.4265822,0.4588479,-0.1819373,0.4261823,0.6416345,-0.173531,0.2583576,0.6552325,-0.1667514,0.1450491,0.6920238,-0.147746,0.1338687,0.6409213,-0.248472,0.0631578,0.6340793,-0.2448088,0.1638302,0.466642,-0.4192577,0.213767,0.4470089,-0.1910921,0.07421237,0.7155327,-0.3122187,0.2042045,0.5347621,-0.40723,0.3006784,0.4047984,-0.2469645,0.4423436,0.6043004
72057594037973989,0,1.845747,18993.45,-0.2261804,0.0622316,0.6945741,-0.2231584,0.5679163,0.6016822,-0.2984697,0.3761724,0.5070376,-0.2781046,0.245123,0.4901183,-0.3101388,0.3971471,0.4586728,-0.3206642,0.4265822,0.4588479,-0.1819373,0.4261823,0.6416345,-0.173531,0.2583576,0.6552325,-0.1667514,0.1450491,0.6920238,-0.147746,0.1338687,0.6409213,-0.248472,0.0631578,0.6340793,-0.2448088,0.1638302,0.466642,-0.4192577,0.213767,0.4470089,-0.1910921,0.07421237,0.7155327,-0.3122187,0.2042045,0.5347621,-0.40723,0.3006784,0.4047984,-0.2469645,0.4423436,0.6043004
72057594037973989,0,1.834693,18993.46,-0.2291319,0.1321822,0.674114,-0.2115593,0.5640943,0.600378,-0.2909405,0.3769279,0.5044913,-0.2764642,0.2422071,0.4892953,-0.2817055,0.4241296,0.4723493,-0.2858709,0.4622967,0.4828368,-0.1741882,0.4197184,0.6398797,-0.1691591,0.2394839,0.6566948,-0.1563125,0.1271806,0.7154049,-0.1525928,0.08937985,0.7373959,-0.2504237,0.1304251,0.6103929,-0.2963229,0.3725872,0.4946064,-0.2554746,0.106665,0.48965,-0.1953938,0.1475094,0.6950922,-0.2266279,0.3629453,0.5291636,-0.234511,0.09547409,0.5310718,-0.2374382,0.4432071,0.6039793
72057594037973989,0,1.834693,18993.46,-0.2291319,0.1321822,0.674114,-0.2115593,0.5640943,0.600378,-0.2909405,0.3769279,0.5044913,-0.2764642,0.2422071,0.4892953,-0.2817055,0.4241296,0.4723493,-0.2858709,0.4622967,0.4828368,-0.1741882,0.4197184,0.6398797,-0.1691591,0.2394839,0.6566948,-0.1563125,0.1271806,0.7154049,-0.1525928,0.08937985,0.7373959,-0.2504237,0.1304251,0.6103929,-0.2963229,0.3725872,0.4946064,-0.2554746,0.106665,0.48965,-0.1953938,0.1475094,0.6950922,-0.2266279,0.3629453,0.5291636,-0.234511,0.09547409,0.5310718,-0.2374382,0.4432071,0.6039793
72057594037973989,0,1.834693,18993.46,-0.2291319,0.1321822,0.674114,-0.2115593,0.5640943,0.600378,-0.2909405,0.3769279,0.5044913,-0.2764642,0.2422071,0.4892953,-0.2817055,0.4241296,0.4723493,-0.2858709,0.4622967,0.4828368,-0.1741882,0.4197184,0.6398797,-0.1691591,0.2394839,0.6566948,-0.1563125,0.1271806,0.7154049,-0.1525928,0.08937985,0.7373959,-0.2504237,0.1304251,0.6103929,-0.2963229,0.3725872,0.4946064,-0.2554746,0.106665,0.48965,-0.1953938,0.1475094,0.6950922,-0.2266279,0.3629453,0.5291636,-0.234511,0.09547409,0.5310718,-0.2374382,0.4432071,0.6039793
72057594037973989,0,1.834693,18993.46,-0.2291319,0.1321822,0.674114,-0.2115593,0.5640943,0.600378,-0.2909405,0.3769279,0.5044913,-0.2764642,0.2422071,0.4892953,-0.2817055,0.4241296,0.4723493,-0.2858709,0.4622967,0.4828368,-0.1741882,0.4197184,0.6398797,-0.1691591,0.2394839,0.6566948,-0.1563125,0.1271806,0.7154049,-0.1525928,0.08937985,0.7373959,-0.2504237,0.1304251,0.6103929,-0.2963229,0.3725872,0.4946064,-0.2554746,0.106665,0.48965,-0.1953938,0.1475094,0.6950922,-0.2266279,0.3629453,0.5291636,-0.234511,0.09547409,0.5310718,-0.2374382,0.4432071,0.6039793
72057594037973989,0,1.834693,18993.47,-0.2291319,0.1321822,0.674114,-0.2115593,0.5640943,0.600378,-0.2909405,0.3769279,0.5044913,-0.2764642,0.2422071,0.4892953,-0.2817055,0.4241296,0.4723493,-0.2858709,0.4622967,0.4828368,-0.1741882,0.4197184,0.6398797,-0.1691591,0.2394839,0.6566948,-0.1563125,0.1271806,0.7154049,-0.1525928,0.08937985,0.7373959,-0.2504237,0.1304251,0.6103929,-0.2963229,0.3725872,0.4946064,-0.2554746,0.106665,0.48965,-0.1953938,0.1475094,0.6950922,-0.2266279,0.3629453,0.5291636,-0.234511,0.09547409,0.5310718,-0.2374382,0.4432071,0.6039793
72057594037973989,0,1.834693,18993.47,-0.2291319,0.1321822,0.674114,-0.2115593,0.5640943,0.600378,-0.2909405,0.3769279,0.5044913,-0.2764642,0.2422071,0.4892953,-0.2817055,0.4241296,0.4723493,-0.2858709,0.4622967,0.4828368,-0.1741882,0.4197184,0.6398797,-0.1691591,0.2394839,0.6566948,-0.1563125,0.1271806,0.7154049,-0.1525928,0.08937985,0.7373959,-0.2504237,0.1304251,0.6103929,-0.2963229,0.3725872,0.4946064,-0.2554746,0.106665,0.48965,-0.1953938,0.1475094,0.6950922,-0.2266279,0.3629453,0.5291636,-0.234511,0.09547409,0.5310718,-0.2374382,0.4432071,0.6039793
72057594037973989,0,1.834693,18993.47,-0.2291319,0.1321822,0.674114,-0.2115593,0.5640943,0.600378,-0.2909405,0.3769279,0.5044913,-0.2764642,0.2422071,0.4892953,-0.2817055,0.4241296,0.4723493,-0.2858709,0.4622967,0.4828368,-0.1741882,0.4197184,0.6398797,-0.1691591,0.2394839,0.6566948,-0.1563125,0.1271806,0.7154049,-0.1525928,0.08937985,0.7373959,-0.2504237,0.1304251,0.6103929,-0.2963229,0.3725872,0.4946064,-0.2554746,0.106665,0.48965,-0.1953938,0.1475094,0.6950922,-0.2266279,0.3629453,0.5291636,-0.234511,0.09547409,0.5310718,-0.2374382,0.4432071,0.6039793
72057594037973989,0,1.834693,18993.47,-0.2291319,0.1321822,0.674114,-0.2115593,0.5640943,0.600378,-0.2909405,0.3769279,0.5044913,-0.2764642,0.2422071,0.4892953,-0.2817055,0.4241296,0.4723493,-0.2858709,0.4622967,0.4828368,-0.1741882,0.4197184,0.6398797,-0.1691591,0.2394839,0.6566948,-0.1563125,0.1271806,0.7154049,-0.1525928,0.08937985,0.7373959,-0.2504237,0.1304251,0.6103929,-0.2963229,0.3725872,0.4946064,-0.2554746,0.106665,0.48965,-0.1953938,0.1475094,0.6950922,-0.2266279,0.3629453,0.5291636,-0.234511,0.09547409,0.5310718,-0.2374382,0.4432071,0.6039793
72057594037973989,0,1.834693,18993.48,-0.2291319,0.1321822,0.674114,-0.2115593,0.5640943,0.600378,-0.2909405,0.3769279,0.5044913,-0.2764642,0.2422071,0.4892953,-0.2817055,0.4241296,0.4723493,-0.2858709,0.4622967,0.4828368,-0.1741882,0.4197184,0.6398797,-0.1691591,0.2394839,0.6566948,-0.1563125,0.1271806,0.7154049,-0.1525928,0.08937985,0.7373959,-0.2504237,0.1304251,0.6103929,-0.2963229,0.3725872,0.4946064,-0.2554746,0.106665,0.48965,-0.1953938,0.1475094,0.6950922,-0.2266279,0.3629453,0.5291636,-0.234511,0.09547409,0.5310718,-0.2374382,0.4432071,0.6039793
72057594037973989,0,1.834693,18993.48,-0.2291319,0.1321822,0.674114,-0.2115593,0.5640943,0.600378,-0.2909405,0.3769279,0.5044913,-0.2764642,0.2422071,0.4892953,-0.2817055,0.4241296,0.4723493,-0.2858709,0.4622967,0.4828368,-0.1741882,0.4197184,0.6398797,-0.1691591,0.2394839,0.6566948,-0.1563125,0.1271806,0.7154049,-0.1525928,0.08937985,0.7373959,-0.2504237,0.1304251,0.6103929,-0.2963229,0.3725872,0.4946064,-0.2554746,0.106665,0.48965,-0.1953938,0.1475094,0.6950922,-0.2266279,0.3629453,0.5291636,-0.234511,0.09547409,0.5310718,-0.2374382,0.4432071,0.6039793
72057594037973989,0,1.834693,18993.48,-0.2291319,0.1321822,0.674114,-0.2115593,0.5640943,0.600378,-0.2909405,0.3769279,0.5044913,-0.2764642,0.2422071,0.4892953,-0.2817055,0.4241296,0.4723493,-0.2858709,0.4622967,0.4828368,-0.1741882,0.4197184,0.6398797,-0.1691591,0.2394839,0.6566948,-0.1563125,0.1271806,0.7154049,-0.1525928,0.08937985,0.7373959,-0.2504237,0.1304251,0.6103929,-0.2963229,0.3725872,0.4946064,-0.2554746,0.106665,0.48965,-0.1953938,0.1475094,0.6950922,-0.2266279,0.3629453,0.5291636,-0.234511,0.09547409,0.5310718,-0.2374382,0.4432071,0.6039793
72057594037973989,0,1.834693,18993.48,-0.2291319,0.1321822,0.674114,-0.2115593,0.5640943,0.600378,-0.2909405,0.3769279,0.5044913,-0.2764642,0.2422071,0.4892953,-0.2817055,0.4241296,0.4723493,-0.2858709,0.4622967,0.4828368,-0.1741882,0.4197184,0.6398797,-0.1691591,0.2394839,0.6566948,-0.1563125,0.1271806,0.7154049,-0.1525928,0.08937985,0.7373959,-0.2504237,0.1304251,0.6103929,-0.2963229,0.3725872,0.4946064,-0.2554746,0.106665,0.48965,-0.1953938,0.1475094,0.6950922,-0.2266279,0.3629453,0.5291636,-0.234511,0.09547409,0.5310718,-0.2374382,0.4432071,0.6039793
72057594037973989,0,1.834693,18993.49,-0.2291319,0.1321822,0.674114,-0.2115593,0.5640943,0.600378,-0.2909405,0.3769279,0.5044913,-0.2764642,0.2422071,0.4892953,-0.2817055,0.4241296,0.4723493,-0.2858709,0.4622967,0.4828368,-0.1741882,0.4197184,0.6398797,-0.1691591,0.2394839,0.6566948,-0.1563125,0.1271806,0.7154049,-0.1525928,0.08937985,0.7373959,-0.2504237,0.1304251,0.6103929,-0.2963229,0.3725872,0.4946064,-0.2554746,0.106665,0.48965,-0.1953938,0.1475094,0.6950922,-0.2266279,0.3629453,0.5291636,-0.234511,0.09547409,0.5310718,-0.2374382,0.4432071,0.6039793
72057594037973989,0,1.864308,18993.49,-0.2419364,0.1357101,0.6415733,-0.1976824,0.5606248,0.5995716,-0.2753204,0.3744719,0.5027949,-0.2668189,0.2335341,0.4888667,-0.2743368,0.4235485,0.4746546,-0.2734155,0.4560729,0.4698611,-0.1636093,0.4158612,0.6403005,-0.1588287,0.2276246,0.6573918,-0.1032123,0.1048306,0.6793554,-0.08519618,0.06350285,0.6889975,-0.2622254,0.1329063,0.5766254,-0.282797,0.400088,0.4898213,-0.2152374,0.1780808,0.4981201,-0.208421,0.1519219,0.6651876,-0.216595,0.381566,0.5160992,-0.2205842,0.1074497,0.5200839,-0.2270499,0.4431636,0.601246
72057594037973989,0,1.864308,18993.49,-0.2419364,0.1357101,0.6415733,-0.1976824,0.5606248,0.5995716,-0.2753204,0.3744719,0.5027949,-0.2668189,0.2335341,0.4888667,-0.2743368,0.4235485,0.4746546,-0.2734155,0.4560729,0.4698611,-0.1636093,0.4158612,0.6403005,-0.1588287,0.2276246,0.6573918,-0.1032123,0.1048306,0.6793554,-0.08519618,0.06350285,0.6889975,-0.2622254,0.1329063,0.5766254,-0.282797,0.400088,0.4898213,-0.2152374,0.1780808,0.4981201,-0.208421,0.1519219,0.6651876,-0.216595,0.381566,0.5160992,-0.2205842,0.1074497,0.5200839,-0.2270499,0.4431636,0.601246
72057594037973989,0,1.864308,18993.49,-0.2419364,0.1357101,0.6415733,-0.1976824,0.5606248,0.5995716,-0.2753204,0.3744719,0.5027949,-0.2668189,0.2335341,0.4888667,-0.2743368,0.4235485,0.4746546,-0.2734155,0.4560729,0.4698611,-0.1636093,0.4158612,0.6403005,-0.1588287,0.2276246,0.6573918,-0.1032123,0.1048306,0.6793554,-0.08519618,0.06350285,0.6889975,-0.2622254,0.1329063,0.5766254,-0.282797,0.400088,0.4898213,-0.2152374,0.1780808,0.4981201,-0.208421,0.1519219,0.6651876,-0.216595,0.381566,0.5160992,-0.2205842,0.1074497,0.5200839,-0.2270499,0.4431636,0.601246
72057594037973989,0,1.864308,18993.5,-0.2419364,0.1357101,0.6415733,-0.1976824,0.5606248,0.5995716,-0.2753204,0.3744719,0.5027949,-0.2668189,0.2335341,0.4888667,-0.2743368,0.4235485,0.4746546,-0.2734155,0.4560729,0.4698611,-0.1636093,0.4158612,0.6403005,-0.1588287,0.2276246,0.6573918,-0.1032123,0.1048306,0.6793554,-0.08519618,0.06350285,0.6889975,-0.2622254,0.1329063,0.5766254,-0.282797,0.400088,0.4898213,-0.2152374,0.1780808,0.4981201,-0.208421,0.1519219,0.6651876,-0.216595,0.381566,0.5160992,-0.2205842,0.1074497,0.5200839,-0.2270499,0.4431636,0.601246
72057594037973989,0,1.864308,18993.5,-0.2419364,0.1357101,0.6415733,-0.1976824,0.5606248,0.5995716,-0.2753204,0.3744719,0.5027949,-0.2668189,0.2335341,0.4888667,-0.2743368,0.4235485,0.4746546,-0.2734155,0.4560729,0.4698611,-0.1636093,0.4158612,0.6403005,-0.1588287,0.2276246,0.6573918,-0.1032123,0.1048306,0.6793554,-0.08519618,0.06350285,0.6889975,-0.2622254,0.1329063,0.5766254,-0.282797,0.400088,0.4898213,-0.2152374,0.1780808,0.4981201,-0.208421,0.1519219,0.6651876,-0.216595,0.381566,0.5160992,-0.2205842,0.1074497,0.5200839,-0.2270499,0.4431636,0.601246
72057594037973989,0,1.864308,18993.5,-0.2419364,0.1357101,0.6415733,-0.1976824,0.5606248,0.5995716,-0.2753204,0.3744719,0.5027949,-0.2668189,0.2335341,0.4888667,-0.2743368,0.4235485,0.4746546,-0.2734155,0.4560729,0.4698611,-0.1636093,0.4158612,0.6403005,-0.1588287,0.2276246,0.6573918,-0.1032123,0.1048306,0.6793554,-0.08519618,0.06350285,0.6889975,-0.2622254,0.1329063,0.5766254,-0.282797,0.400088,0.4898213,-0.2152374,0.1780808,0.4981201,-0.208421,0.1519219,0.6651876,-0.216595,0.381566,0.5160992,-0.2205842,0.1074497,0.5200839,-0.2270499,0.4431636,0.601246
72057594037973989,0,1.864308,18993.5,-0.2419364,0.1357101,0.6415733,-0.1976824,0.5606248,0.5995716,-0.2753204,0.3744719,0.5027949,-0.2668189,0.2335341,0.4888667,-0.2743368,0.4235485,0.4746546,-0.2734155,0.4560729,0.4698611,-0.1636093,0.4158612,0.6403005,-0.1588287,0.2276246,0.6573918,-0.1032123,0.1048306,0.6793554,-0.08519618,0.06350285,0.6889975,-0.2622254,0.1329063,0.5766254,-0.282797,0.400088,0.4898213,-0.2152374,0.1780808,0.4981201,-0.208421,0.1519219,0.6651876,-0.216595,0.381566,0.5160992,-0.2205842,0.1074497,0.5200839,-0.2270499,0.4431636,0.601246
72057594037973989,0,1.864308,18993.51,-0.2419364,0.1357101,0.6415733,-0.1976824,0.5606248,0.5995716,-0.2753204,0.3744719,0.5027949,-0.2668189,0.2335341,0.4888667,-0.2743368,0.4235485,0.4746546,-0.2734155,0.4560729,0.4698611,-0.1636093,0.4158612,0.6403005,-0.1588287,0.2276246,0.6573918,-0.1032123,0.1048306,0.6793554,-0.08519618,0.06350285,0.6889975,-0.2622254,0.1329063,0.5766254,-0.282797,0.400088,0.4898213,-0.2152374,0.1780808,0.4981201,-0.208421,0.1519219,0.6651876,-0.216595,0.381566,0.5160992,-0.2205842,0.1074497,0.5200839,-0.2270499,0.4431636,0.601246
72057594037973989,0,1.864308,18993.51,-0.2419364,0.1357101,0.6415733,-0.1976824,0.5606248,0.5995716,-0.2753204,0.3744719,0.5027949,-0.2668189,0.2335341,0.4888667,-0.2743368,0.4235485,0.4746546,-0.2734155,0.4560729,0.4698611,-0.1636093,0.4158612,0.6403005,-0.1588287,0.2276246,0.6573918,-0.1032123,0.1048306,0.6793554,-0.08519618,0.06350285,0.6889975,-0.2622254,0.1329063,0.5766254,-0.282797,0.400088,0.4898213,-0.2152374,0.1780808,0.4981201,-0.208421,0.1519219,0.6651876,-0.216595,0.381566,0.5160992,-0.2205842,0.1074497,0.5200839,-0.2270499,0.4431636,0.601246
72057594037973989,0,1.864308,18993.51,-0.2419364,0.1357101,0.6415733,-0.1976824,0.5606248,0.5995716,-0.2753204,0.3744719,0.5027949,-0.2668189,0.2335341,0.4888667,-0.2743368,0.4235485,0.4746546,-0.2734155,0.4560729,0.4698611,-0.1636093,0.4158612,0.6403005,-0.1588287,0.2276246,0.6573918,-0.1032123,0.1048306,0.6793554,-0.08519618,0.06350285,0.6889975,-0.2622254,0.1329063,0.5766254,-0.282797,0.400088,0.4898213,-0.2152374,0.1780808,0.4981201,-0.208421,0.1519219,0.6651876,-0.216595,0.381566,0.5160992,-0.2205842,0.1074497,0.5200839,-0.2270499,0.4431636,0.601246
72057594037973989,0,1.864308,18993.51,-0.2419364,0.1357101,0.6415733,-0.1976824,0.5606248,0.5995716,-0.2753204,0.3744719,0.5027949,-0.2668189,0.2335341,0.4888667,-0.2743368,0.4235485,0.4746546,-0.2734155,0.4560729,0.4698611,-0.1636093,0.4158612,0.6403005,-0.1588287,0.2276246,0.6573918,-0.1032123,0.1048306,0.6793554,-0.08519618,0.06350285,0.6889975,-0.2622254,0.1329063,0.5766254,-0.282797,0.400088,0.4898213,-0.2152374,0.1780808,0.4981201,-0.208421,0.1519219,0.6651876,-0.216595,0.381566,0.5160992,-0.2205842,0.1074497,0.5200839,-0.2270499,0.4431636,0.601246
72057594037973989,0,1.864308,18993.52,-0.2419364,0.1357101,0.6415733,-0.1976824,0.5606248,0.5995716,-0.2753204,0.3744719,0.5027949,-0.2668189,0.2335341,0.4888667,-0.2743368,0.4235485,0.4746546,-0.2734155,0.4560729,0.4698611,-0.1636093,0.4158612,0.6403005,-0.1588287,0.2276246,0.6573918,-0.1032123,0.1048306,0.6793554,-0.08519618,0.06350285,0.6889975,-0.2622254,0.1329063,0.5766254,-0.282797,0.400088,0.4898213,-0.2152374,0.1780808,0.4981201,-0.208421,0.1519219,0.6651876,-0.216595,0.381566,0.5160992,-0.2205842,0.1074497,0.5200839,-0.2270499,0.4431636,0.601246
72057594037973989,0,1.864308,18993.52,-0.2419364,0.1357101,0.6415733,-0.1976824,0.5606248,0.5995716,-0.2753204,0.3744719,0.5027949,-0.2668189,0.2335341,0.4888667,-0.2743368,0.4235485,0.4746546,-0.2734155,0.4560729,0.4698611,-0.1636093,0.4158612,0.6403005,-0.1588287,0.2276246,0.6573918,-0.1032123,0.1048306,0.6793554,-0.08519618,0.06350285,0.6889975,-0.2622254,0.1329063,0.5766254,-0.282797,0.400088,0.4898213,-0.2152374,0.1780808,0.4981201,-0.208421,0.1519219,0.6651876,-0.216595,0.381566,0.5160992,-0.2205842,0.1074497,0.5200839,-0.2270499,0.4431636,0.601246
72057594037973989,0,1.871734,18993.52,-0.2294786,0.1319239,0.6334662,-0.1798923,0.5583871,0.5984508,-0.2555258,0.3697152,0.5010806,-0.2621314,0.2193341,0.4836992,-0.2844993,0.4027937,0.4474863,-0.2747465,0.4370733,0.4518407,-0.1486994,0.4135666,0.6363525,-0.102285,0.2313276,0.6175786,-0.2182695,0.3392818,0.5147653,-0.2325698,0.3180193,0.4846964,-0.2497704,0.1281787,0.5701404,-0.2649949,0.3750472,0.4920957,-0.2109333,0.1771439,0.4972931,-0.1966062,0.1491923,0.6561428,-0.2023938,0.3788277,0.5155132,-0.1909827,0.1164144,0.5301524,-0.2090129,0.4409013,0.5985406
72057594037973989,0,1.871734,18993.52,-0.2294786,0.1319239,0.6334662,-0.1798923,0.5583871,0.5984508,-0.2555258,0.3697152,0.5010806,-0.2621314,0.2193341,0.4836992,-0.2844993,0.4027937,0.4474863,-0.2747465,0.4370733,0.4518407,-0.1486994,0.4135666,0.6363525,-0.102285,0.2313276,0.6175786,-0.2182695,0.3392818,0.5147653,-0.2325698,0.3180193,0.4846964,-0.2497704,0.1281787,0.5701404,-0.2649949,0.3750472,0.4920957,-0.2109333,0.1771439,0.4972931,-0.1966062,0.1491923,0.6561428,-0.2023938,0.3788277,0.5155132,-0.1909827,0.1164144,0.5301524,-0.2090129,0.4409013,0.5985406
72057594037973989,0,1.871734,18993.53,-0.2294786,0.1319239,0.6334662,-0.1798923,0.5583871,0.5984508,-0.2555258,0.3697152,0.5010806,-0.2621314,0.2193341,0.4836992,-0.2844993,0.4027937,0.4474863,-0.2747465,0.4370733,0.4518407,-0.1486994,0.4135666,0.6363525,-0.102285,0.2313276,0.6175786,-0.2182695,0.3392818,0.5147653,-0.2325698,0.3180193,0.4846964,-0.2497704,0.1281787,0.5701404,-0.2649949,0.3750472,0.4920957,-0.2109333,0.1771439,0.4972931,-0.1966062,0.1491923,0.6561428,-0.2023938,0.3788277,0.5155132,-0.1909827,0.1164144,0.5301524,-0.2090129,0.4409013,0.5985406
72057594037973989,0,1.871734,18993.53,-0.2294786,0.1319239,0.6334662,-0.1798923,0.5583871,0.5984508,-0.2555258,0.3697152,0.5010806,-0.2621314,0.2193341,0.4836992,-0.2844993,0.4027937,0.4474863,-0.2747465,0.4370733,0.4518407,-0.1486994,0.4135666,0.6363525,-0.102285,0.2313276,0.6175786,-0.2182695,0.3392818,0.5147653,-0.2325698,0.3180193,0.4846964,-0.2497704,0.1281787,0.5701404,-0.2649949,0.3750472,0.4920957,-0.2109333,0.1771439,0.4972931,-0.1966062,0.1491923,0.6561428,-0.2023938,0.3788277,0.5155132,-0.1909827,0.1164144,0.5301524,-0.2090129,0.4409013,0.5985406
72057594037973989,0,1.871734,18993.53,-0.2294786,0.1319239,0.6334662,-0.1798923,0.5583871,0.5984508,-0.2555258,0.3697152,0.5010806,-0.2621314,0.2193341,0.4836992,-0.2844993,0.4027937,0.4474863,-0.2747465,0.4370733,0.4518407,-0.1486994,0.4135666,0.6363525,-0.102285,0.2313276,0.6175786,-0.2182695,0.3392818,0.5147653,-0.2325698,0.3180193,0.4846964,-0.2497704,0.1281787,0.5701404,-0.2649949,0.3750472,0.4920957,-0.2109333,0.1771439,0.4972931,-0.1966062,0.1491923,0.6561428,-0.2023938,0.3788277,0.5155132,-0.1909827,0.1164144,0.5301524,-0.2090129,0.4409013,0.5985406
72057594037973989,0,1.871734,18993.53,-0.2294786,0.1319239,0.6334662,-0.1798923,0.5583871,0.5984508,-0.2555258,0.3697152,0.5010806,-0.2621314,0.2193341,0.4836992,-0.2844993,0.4027937,0.4474863,-0.2747465,0.4370733,0.4518407,-0.1486994,0.4135666,0.6363525,-0.102285,0.2313276,0.6175786,-0.2182695,0.3392818,0.5147653,-0.2325698,0.3180193,0.4846964,-0.2497704,0.1281787,0.5701404,-0.2649949,0.3750472,0.4920957,-0.2109333,0.1771439,0.4972931,-0.1966062,0.1491923,0.6561428,-0.2023938,0.3788277,0.5155132,-0.1909827,0.1164144,0.5301524,-0.2090129,0.4409013,0.5985406
72057594037973989,0,1.871734,18993.53,-0.2294786,0.1319239,0.6334662,-0.1798923,0.5583871,0.5984508,-0.2555258,0.3697152,0.5010806,-0.2621314,0.2193341,0.4836992,-0.2844993,0.4027937,0.4474863,-0.2747465,0.4370733,0.4518407,-0.1486994,0.4135666,0.6363525,-0.102285,0.2313276,0.6175786,-0.2182695,0.3392818,0.5147653,-0.2325698,0.3180193,0.4846964,-0.2497704,0.1281787,0.5701404,-0.2649949,0.3750472,0.4920957,-0.2109333,0.1771439,0.4972931,-0.1966062,0.1491923,0.6561428,-0.2023938,0.3788277,0.5155132,-0.1909827,0.1164144,0.5301524,-0.2090129,0.4409013,0.5985406
72057594037973989,0,1.871734,18993.54,-0.2294786,0.1319239,0.6334662,-0.1798923,0.5583871,0.5984508,-0.2555258,0.3697152,0.5010806,-0.2621314,0.2193341,0.4836992,-0.2844993,0.4027937,0.4474863,-0.2747465,0.4370733,0.4518407,-0.1486994,0.4135666,0.6363525,-0.102285,0.2313276,0.6175786,-0.2182695,0.3392818,0.5147653,-0.2325698,0.3180193,0.4846964,-0.2497704,0.1281787,0.5701404,-0.2649949,0.3750472,0.4920957,-0.2109333,0.1771439,0.4972931,-0.1966062,0.1491923,0.6561428,-0.2023938,0.3788277,0.5155132,-0.1909827,0.1164144,0.5301524,-0.2090129,0.4409013,0.5985406
72057594037973989,0,1.871734,18993.54,-0.2294786,0.1319239,0.6334662,-0.1798923,0.5583871,0.5984508,-0.2555258,0.3697152,0.5010806,-0.2621314,0.2193341,0.4836992,-0.2844993,0.4027937,0.4474863,-0.2747465,0.4370733,0.4518407,-0.1486994,0.4135666,0.6363525,-0.102285,0.2313276,0.6175786,-0.2182695,0.3392818,0.5147653,-0.2325698,0.3180193,0.4846964,-0.2497704,0.1281787,0.5701404,-0.2649949,0.3750472,0.4920957,-0.2109333,0.1771439,0.4972931,-0.1966062,0.1491923,0.6561428,-0.2023938,0.3788277,0.5155132,-0.1909827,0.1164144,0.5301524,-0.2090129,0.4409013,0.5985406
72057594037973989,0,1.871734,18993.54,-0.2294786,0.1319239,0.6334662,-0.1798923,0.5583871,0.5984508,-0.2555258,0.3697152,0.5010806,-0.2621314,0.2193341,0.4836992,-0.2844993,0.4027937,0.4474863,-0.2747465,0.4370733,0.4518407,-0.1486994,0.4135666,0.6363525,-0.102285,0.2313276,0.6175786,-0.2182695,0.3392818,0.5147653,-0.2325698,0.3180193,0.4846964,-0.2497704,0.1281787,0.5701404,-0.2649949,0.3750472,0.4920957,-0.2109333,0.1771439,0.4972931,-0.1966062,0.1491923,0.6561428,-0.2023938,0.3788277,0.5155132,-0.1909827,0.1164144,0.5301524,-0.2090129,0.4409013,0.5985406
72057594037973989,0,1.871734,18993.54,-0.2294786,0.1319239,0.6334662,-0.1798923,0.5583871,0.5984508,-0.2555258,0.3697152,0.5010806,-0.2621314,0.2193341,0.4836992,-0.2844993,0.4027937,0.4474863,-0.2747465,0.4370733,0.4518407,-0.1486994,0.4135666,0.6363525,-0.102285,0.2313276,0.6175786,-0.2182695,0.3392818,0.5147653,-0.2325698,0.3180193,0.4846964,-0.2497704,0.1281787,0.5701404,-0.2649949,0.3750472,0.4920957,-0.2109333,0.1771439,0.4972931,-0.1966062,0.1491923,0.6561428,-0.2023938,0.3788277,0.5155132,-0.1909827,0.1164144,0.5301524,-0.2090129,0.4409013,0.5985406
72057594037973989,0,1.871734,18993.55,-0.2294786,0.1319239,0.6334662,-0.1798923,0.5583871,0.5984508,-0.2555258,0.3697152,0.5010806,-0.2621314,0.2193341,0.4836992,-0.2844993,0.4027937,0.4474863,-0.2747465,0.4370733,0.4518407,-0.1486994,0.4135666,0.6363525,-0.102285,0.2313276,0.6175786,-0.2182695,0.3392818,0.5147653,-0.2325698,0.3180193,0.4846964,-0.2497704,0.1281787,0.5701404,-0.2649949,0.3750472,0.4920957,-0.2109333,0.1771439,0.4972931,-0.1966062,0.1491923,0.6561428,-0.2023938,0.3788277,0.5155132,-0.1909827,0.1164144,0.5301524,-0.2090129,0.4409013,0.5985406
72057594037973989,0,1.871734,18993.55,-0.2294786,0.1319239,0.6334662,-0.1798923,0.5583871,0.5984508,-0.2555258,0.3697152,0.5010806,-0.2621314,0.2193341,0.4836992,-0.2844993,0.4027937,0.4474863,-0.2747465,0.4370733,0.4518407,-0.1486994,0.4135666,0.6363525,-0.102285,0.2313276,0.6175786,-0.2182695,0.3392818,0.5147653,-0.2325698,0.3180193,0.4846964,-0.2497704,0.1281787,0.5701404,-0.2649949,0.3750472,0.4920957,-0.2109333,0.1771439,0.4972931,-0.1966062,0.1491923,0.6561428,-0.2023938,0.3788277,0.5155132,-0.1909827,0.1164144,0.5301524,-0.2090129,0.4409013,0.5985406
72057594037973989,0,1.871734,18993.55,-0.2294786,0.1319239,0.6334662,-0.1798923,0.5583871,0.5984508,-0.2555258,0.3697152,0.5010806,-0.2621314,0.2193341,0.4836992,-0.2844993,0.4027937,0.4474863,-0.2747465,0.4370733,0.4518407,-0.1486994,0.4135666,0.6363525,-0.102285,0.2313276,0.6175786,-0.2182695,0.3392818,0.5147653,-0.2325698,0.3180193,0.4846964,-0.2497704,0.1281787,0.5701404,-0.2649949,0.3750472,0.4920957,-0.2109333,0.1771439,0.4972931,-0.1966062,0.1491923,0.6561428,-0.2023938,0.3788277,0.5155132,-0.1909827,0.1164144,0.5301524,-0.2090129,0.4409013,0.5985406
72057594037973989,0,1.875478,18993.55,-0.2115831,0.1297809,0.6281573,-0.1612841,0.5563169,0.5981721,-0.246207,0.3671167,0.5007833,-0.2544105,0.2137043,0.4834548,-0.2316516,0.3980224,0.4726095,-0.2304875,0.4366878,0.4673149,-0.1401246,0.4112463,0.6329103,-0.09641492,0.2306551,0.615593,-0.2170815,0.3176264,0.5025842,-0.2310477,0.3035052,0.4861979,-0.2324309,0.1254952,0.5670388,-0.2605688,0.374843,0.4920113,-0.1943477,0.1032247,0.4883365,-0.1790813,0.1477206,0.6489636,-0.1892842,0.374536,0.5144506,-0.1557356,0.1136997,0.5453166,-0.204976,0.4408239,0.5975282
72057594037973989,0,1.875478,18993.56,-0.2115831,0.1297809,0.6281573,-0.1612841,0.5563169,0.5981721,-0.246207,0.3671167,0.5007833,-0.2544105,0.2137043,0.4834548,-0.2316516,0.3980224,0.4726095,-0.2304875,0.4366878,0.4673149,-0.1401246,0.4112463,0.6329103,-0.09641492,0.2306551,0.615593,-0.2170815,0.3176264,0.5025842,-0.2310477,0.3035052,0.4861979,-0.2324309,0.1254952,0.5670388,-0.2605688,0.374843,0.4920113,-0.1943477,0.1032247,0.4883365,-0.1790813,0.1477206,0.6489636,-0.1892842,0.374536,0.5144506,-0.1557356,0.1136997,0.5453166,-0.204976,0.4408239,0.5975282
72057594037973989,0,1.875478,18993.56,-0.2115831,0.1297809,0.6281573,-0.1612841,0.5563169,0.5981721,-0.246207,0.3671167,0.5007833,-0.2544105,0.2137043,0.4834548,-0.2316516,0.3980224,0.4726095,-0.2304875,0.4366878,0.4673149,-0.1401246,0.4112463,0.6329103,-0.09641492,0.2306551,0.615593,-0.2170815,0.3176264,0.5025842,-0.2310477,0.3035052,0.4861979,-0.2324309,0.1254952,0.5670388,-0.2605688,0.374843,0.4920113,-0.1943477,0.1032247,0.4883365,-0.1790813,0.1477206,0.6489636,-0.1892842,0.374536,0.5144506,-0.1557356,0.1136997,0.5453166,-0.204976,0.4408239,0.5975282
72057594037973989,0,1.875478,18993.56,-0.2115831,0.1297809,0.6281573,-0.1612841,0.5563169,0.5981721,-0.246207,0.3671167,0.5007833,-0.2544105,0.2137043,0.4834548,-0.2316516,0.3980224,0.4726095,-0.2304875,0.4366878,0.4673149,-0.1401246,0.4112463,0.6329103,-0.09641492,0.2306551,0.615593,-0.2170815,0.3176264,0.5025842,-0.2310477,0.3035052,0.4861979,-0.2324309,0.1254952,0.5670388,-0.2605688,0.374843,0.4920113,-0.1943477,0.1032247,0.4883365,-0.1790813,0.1477206,0.6489636,-0.1892842,0.374536,0.5144506,-0.1557356,0.1136997,0.5453166,-0.204976,0.4408239,0.5975282
72057594037973989,0,1.875478,18993.56,-0.2115831,0.1297809,0.6281573,-0.1612841,0.5563169,0.5981721,-0.246207,0.3671167,0.5007833,-0.2544105,0.2137043,0.4834548,-0.2316516,0.3980224,0.4726095,-0.2304875,0.4366878,0.4673149,-0.1401246,0.4112463,0.6329103,-0.09641492,0.2306551,0.615593,-0.2170815,0.3176264,0.5025842,-0.2310477,0.3035052,0.4861979,-0.2324309,0.1254952,0.5670388,-0.2605688,0.374843,0.4920113,-0.1943477,0.1032247,0.4883365,-0.1790813,0.1477206,0.6489636,-0.1892842,0.374536,0.5144506,-0.1557356,0.1136997,0.5453166,-0.204976,0.4408239,0.5975282
72057594037973989,0,1.875478,18993.57,-0.2115831,0.1297809,0.6281573,-0.1612841,0.5563169,0.5981721,-0.246207,0.3671167,0.5007833,-0.2544105,0.2137043,0.4834548,-0.2316516,0.3980224,0.4726095,-0.2304875,0.4366878,0.4673149,-0.1401246,0.4112463,0.6329103,-0.09641492,0.2306551,0.615593,-0.2170815,0.3176264,0.5025842,-0.2310477,0.3035052,0.4861979,-0.2324309,0.1254952,0.5670388,-0.2605688,0.374843,0.4920113,-0.1943477,0.1032247,0.4883365,-0.1790813,0.1477206,0.6489636,-0.1892842,0.374536,0.5144506,-0.1557356,0.1136997,0.5453166,-0.204976,0.4408239,0.5975282
72057594037973989,0,1.875478,18993.57,-0.2115831,0.1297809,0.6281573,-0.1612841,0.5563169,0.5981721,-0.246207,0.3671167,0.5007833,-0.2544105,0.2137043,0.4834548,-0.2316516,0.3980224,0.4726095,-0.2304875,0.4366878,0.4673149,-0.1401246,0.4112463,0.6329103,-0.09641492,0.2306551,0.615593,-0.2170815,0.3176264,0.5025842,-0.2310477,0.3035052,0.4861979,-0.2324309,0.1254952,0.5670388,-0.2605688,0.374843,0.4920113,-0.1943477,0.1032247,0.4883365,-0.1790813,0.1477206,0.6489636,-0.1892842,0.374536,0.5144506,-0.1557356,0.1136997,0.5453166,-0.204976,0.4408239,0.5975282
72057594037973989,0,1.875478,18993.57,-0.2115831,0.1297809,0.6281573,-0.1612841,0.5563169,0.5981721,-0.246207,0.3671167,0.5007833,-0.2544105,0.2137043,0.4834548,-0.2316516,0.3980224,0.4726095,-0.2304875,0.4366878,0.4673149,-0.1401246,0.4112463,0.6329103,-0.09641492,0.2306551,0.615593,-0.2170815,0.3176264,0.5025842,-0.2310477,0.3035052,0.4861979,-0.2324309,0.1254952,0.5670388,-0.2605688,0.374843,0.4920113,-0.1943477,0.1032247,0.4883365,-0.1790813,0.1477206,0.6489636,-0.1892842,0.374536,0.5144506,-0.1557356,0.1136997,0.5453166,-0.204976,0.4408239,0.5975282
72057594037973989,0,1.875478,18993.57,-0.2115831,0.1297809,0.6281573,-0.1612841,0.5563169,0.5981721,-0.246207,0.3671167,0.5007833,-0.2544105,0.2137043,0.4834548,-0.2316516,0.3980224,0.4726095,-0.2304875,0.4366878,0.4673149,-0.1401246,0.4112463,0.6329103,-0.09641492,0.2306551,0.615593,-0.2170815,0.3176264,0.5025842,-0.2310477,0.3035052,0.4861979,-0.2324309,0.1254952,0.5670388,-0.2605688,0.374843,0.4920113,-0.1943477,0.1032247,0.4883365,-0.1790813,0.1477206,0.6489636,-0.1892842,0.374536,0.5144506,-0.1557356,0.1136997,0.5453166,-0.204976,0.4408239,0.5975282
72057594037973989,0,1.875478,18993.57,-0.2115831,0.1297809,0.6281573,-0.1612841,0.5563169,0.5981721,-0.246207,0.3671167,0.5007833,-0.2544105,0.2137043,0.4834548,-0.2316516,0.3980224,0.4726095,-0.2304875,0.4366878,0.4673149,-0.1401246,0.4112463,0.6329103,-0.09641492,0.2306551,0.615593,-0.2170815,0.3176264,0.5025842,-0.2310477,0.3035052,0.4861979,-0.2324309,0.1254952,0.5670388,-0.2605688,0.374843,0.4920113,-0.1943477,0.1032247,0.4883365,-0.1790813,0.1477206,0.6489636,-0.1892842,0.374536,0.5144506,-0.1557356,0.1136997,0.5453166,-0.204976,0.4408239,0.5975282
72057594037973989,0,1.875478,18993.58,-0.2115831,0.1297809,0.6281573,-0.1612841,0.5563169,0.5981721,-0.246207,0.3671167,0.5007833,-0.2544105,0.2137043,0.4834548,-0.2316516,0.3980224,0.4726095,-0.2304875,0.4366878,0.4673149,-0.1401246,0.4112463,0.6329103,-0.09641492,0.2306551,0.615593,-0.2170815,0.3176264,0.5025842,-0.2310477,0.3035052,0.4861979,-0.2324309,0.1254952,0.5670388,-0.2605688,0.374843,0.4920113,-0.1943477,0.1032247,0.4883365,-0.1790813,0.1477206,0.6489636,-0.1892842,0.374536,0.5144506,-0.1557356,0.1136997,0.5453166,-0.204976,0.4408239,0.5975282
72057594037973989,0,1.875478,18993.58,-0.2115831,0.1297809,0.6281573,-0.1612841,0.5563169,0.5981721,-0.246207,0.3671167,0.5007833,-0.2544105,0.2137043,0.4834548,-0.2316516,0.3980224,0.4726095,-0.2304875,0.4366878,0.4673149,-0.1401246,0.4112463,0.6329103,-0.09641492,0.2306551,0.615593,-0.2170815,0.3176264,0.5025842,-0.2310477,0.3035052,0.4861979,-0.2324309,0.1254952,0.5670388,-0.2605688,0.374843,0.4920113,-0.1943477,0.1032247,0.4883365,-0.1790813,0.1477206,0.6489636,-0.1892842,0.374536,0.5144506,-0.1557356,0.1136997,0.5453166,-0.204976,0.4408239,0.5975282
72057594037973989,0,1.875478,18993.58,-0.2115831,0.1297809,0.6281573,-0.1612841,0.5563169,0.5981721,-0.246207,0.3671167,0.5007833,-0.2544105,0.2137043,0.4834548,-0.2316516,0.3980224,0.4726095,-0.2304875,0.4366878,0.4673149,-0.1401246,0.4112463,0.6329103,-0.09641492,0.2306551,0.615593,-0.2170815,0.3176264,0.5025842,-0.2310477,0.3035052,0.4861979,-0.2324309,0.1254952,0.5670388,-0.2605688,0.374843,0.4920113,-0.1943477,0.1032247,0.4883365,-0.1790813,0.1477206,0.6489636,-0.1892842,0.374536,0.5144506,-0.1557356,0.1136997,0.5453166,-0.204976,0.4408239,0.5975282
72057594037973989,0,1.875478,18993.58,-0.2115831,0.1297809,0.6281573,-0.1612841,0.5563169,0.5981721,-0.246207,0.3671167,0.5007833,-0.2544105,0.2137043,0.4834548,-0.2316516,0.3980224,0.4726095,-0.2304875,0.4366878,0.4673149,-0.1401246,0.4112463,0.6329103,-0.09641492,0.2306551,0.615593,-0.2170815,0.3176264,0.5025842,-0.2310477,0.3035052,0.4861979,-0.2324309,0.1254952,0.5670388,-0.2605688,0.374843,0.4920113,-0.1943477,0.1032247,0.4883365,-0.1790813,0.1477206,0.6489636,-0.1892842,0.374536,0.5144506,-0.1557356,0.1136997,0.5453166,-0.204976,0.4408239,0.5975282
72057594037973989,0,1.875478,18993.59,-0.2115831,0.1297809,0.6281573,-0.1612841,0.5563169,0.5981721,-0.246207,0.3671167,0.5007833,-0.2544105,0.2137043,0.4834548,-0.2316516,0.3980224,0.4726095,-0.2304875,0.4366878,0.4673149,-0.1401246,0.4112463,0.6329103,-0.09641492,0.2306551,0.615593,-0.2170815,0.3176264,0.5025842,-0.2310477,0.3035052,0.4861979,-0.2324309,0.1254952,0.5670388,-0.2605688,0.374843,0.4920113,-0.1943477,0.1032247,0.4883365,-0.1790813,0.1477206,0.6489636,-0.1892842,0.374536,0.5144506,-0.1557356,0.1136997,0.5453166,-0.204976,0.4408239,0.5975282
72057594037973989,0,1.874603,18993.59,-0.1764489,0.1226284,0.6286337,-0.1450215,0.5531505,0.5973532,-0.2094058,0.3586286,0.5029062,-0.2246338,0.1983995,0.4894162,-0.1949964,0.3820016,0.489268,-0.1849711,0.4280273,0.4945411,-0.1058849,0.4043647,0.6236734,-0.06901919,0.22227,0.6093075,-0.1962036,0.3077756,0.502365,-0.2346442,0.3345676,0.4771393,-0.1978971,0.1174783,0.5727746,-0.2131658,0.3962573,0.4885119,-0.1874407,0.1113077,0.4892319,-0.144739,0.1416807,0.6444281,-0.1782104,0.3760169,0.512363,-0.1373447,0.1091902,0.5493754,-0.1678634,0.4368949,0.5967402
72057594037973989,0,1.874603,18993.59,-0.1764489,0.1226284,0.6286337,-0.1450215,0.5531505,0.5973532,-0.2094058,0.3586286,0.5029062,-0.2246338,0.1983995,0.4894162,-0.1949964,0.3820016,0.489268,-0.1849711,0.4280273,0.4945411,-0.1058849,0.4043647,0.6236734,-0.06901919,0.22227,0.6093075,-0.1962036,0.3077756,0.502365,-0.2346442,0.3345676,0.4771393,-0.1978971,0.1174783,0.5727746,-0.2131658,0.3962573,0.4885119,-0.1874407,0.1113077,0.4892319,-0.144739,0.1416807,0.6444281,-0.1782104,0.3760169,0.512363,-0.1373447,0.1091902,0.5493754,-0.1678634,0.4368949,0.5967402
72057594037973989,0,1.874603,18993.59,-0.1764489,0.1226284,0.6286337,-0.1450215,0.5531505,0.5973532,-0.2094058,0.3586286,0.5029062,-0.2246338,0.1983995,0.4894162,-0.1949964,0.3820016,0.489268,-0.1849711,0.4280273,0.4945411,-0.1058849,0.4043647,0.6236734,-0.06901919,0.22227,0.6093075,-0.1962036,0.3077756,0.502365,-0.2346442,0.3345676,0.4771393,-0.1978971,0.1174783,0.5727746,-0.2131658,0.3962573,0.4885119,-0.1874407,0.1113077,0.4892319,-0.144739,0.1416807,0.6444281,-0.1782104,0.3760169,0.512363,-0.1373447,0.1091902,0.5493754,-0.1678634,0.4368949,0.5967402
72057594037973989,0,1.874603,18993.6,-0.1764489,0.1226284,0.6286337,-0.1450215,0.5531505,0.5973532,-0.2094058,0.3586286,0.5029062,-0.2246338,0.1983995,0.4894162,-0.1949964,0.3820016,0.489268,-0.1849711,0.4280273,0.4945411,-0.1058849,0.4043647,0.6236734,-0.06901919,0.22227,0.6093075,-0.1962036,0.3077756,0.502365,-0.2346442,0.3345676,0.4771393,-0.1978971,0.1174783,0.5727746,-0.2131658,0.3962573,0.4885119,-0.1874407,0.1113077,0.4892319,-0.144739,0.1416807,0.6444281,-0.1782104,0.3760169,0.512363,-0.1373447,0.1091902,0.5493754,-0.1678634,0.4368949,0.5967402
72057594037973989,0,1.874603,18993.6,-0.1764489,0.1226284,0.6286337,-0.1450215,0.5531505,0.5973532,-0.2094058,0.3586286,0.5029062,-0.2246338,0.1983995,0.4894162,-0.1949964,0.3820016,0.489268,-0.1849711,0.4280273,0.4945411,-0.1058849,0.4043647,0.6236734,-0.06901919,0.22227,0.6093075,-0.1962036,0.3077756,0.502365,-0.2346442,0.3345676,0.4771393,-0.1978971,0.1174783,0.5727746,-0.2131658,0.3962573,0.4885119,-0.1874407,0.1113077,0.4892319,-0.144739,0.1416807,0.6444281,-0.1782104,0.3760169,0.512363,-0.1373447,0.1091902,0.5493754,-0.1678634,0.4368949,0.5967402
72057594037973989,0,1.874603,18993.6,-0.1764489,0.1226284,0.6286337,-0.1450215,0.5531505,0.5973532,-0.2094058,0.3586286,0.5029062,-0.2246338,0.1983995,0.4894162,-0.1949964,0.3820016,0.489268,-0.1849711,0.4280273,0.4945411,-0.1058849,0.4043647,0.6236734,-0.06901919,0.22227,0.6093075,-0.1962036,0.3077756,0.502365,-0.2346442,0.3345676,0.4771393,-0.1978971,0.1174783,0.5727746,-0.2131658,0.3962573,0.4885119,-0.1874407,0.1113077,0.4892319,-0.144739,0.1416807,0.6444281,-0.1782104,0.3760169,0.512363,-0.1373447,0.1091902,0.5493754,-0.1678634,0.4368949,0.5967402
72057594037973989,0,1.874603,18993.6,-0.1764489,0.1226284,0.6286337,-0.1450215,0.5531505,0.5973532,-0.2094058,0.3586286,0.5029062,-0.2246338,0.1983995,0.4894162,-0.1949964,0.3820016,0.489268,-0.1849711,0.4280273,0.4945411,-0.1058849,0.4043647,0.6236734,-0.06901919,0.22227,0.6093075,-0.1962036,0.3077756,0.502365,-0.2346442,0.3345676,0.4771393,-0.1978971,0.1174783,0.5727746,-0.2131658,0.3962573,0.4885119,-0.1874407,0.1113077,0.4892319,-0.144739,0.1416807,0.6444281,-0.1782104,0.3760169,0.512363,-0.1373447,0.1091902,0.5493754,-0.1678634,0.4368949,0.5967402
72057594037973989,0,1.874603,18993.61,-0.1764489,0.1226284,0.6286337,-0.1450215,0.5531505,0.5973532,-0.2094058,0.3586286,0.5029062,-0.2246338,0.1983995,0.4894162,-0.1949964,0.3820016,0.489268,-0.1849711,0.4280273,0.4945411,-0.1058849,0.4043647,0.6236734,-0.06901919,0.22227,0.6093075,-0.1962036,0.3077756,0.502365,-0.2346442,0.3345676,0.4771393,-0.1978971,0.1174783,0.5727746,-0.2131658,0.3962573,0.4885119,-0.1874407,0.1113077,0.4892319,-0.144739,0.1416807,0.6444281,-0.1782104,0.3760169,0.512363,-0.1373447,0.1091902,0.5493754,-0.1678634,0.4368949,0.5967402
72057594037973989,0,1.874603,18993.61,-0.1764489,0.1226284,0.6286337,-0.1450215,0.5531505,0.5973532,-0.2094058,0.3586286,0.5029062,-0.2246338,0.1983995,0.4894162,-0.1949964,0.3820016,0.489268,-0.1849711,0.4280273,0.4945411,-0.1058849,0.4043647,0.6236734,-0.06901919,0.22227,0.6093075,-0.1962036,0.3077756,0.502365,-0.2346442,0.3345676,0.4771393,-0.1978971,0.1174783,0.5727746,-0.2131658,0.3962573,0.4885119,-0.1874407,0.1113077,0.4892319,-0.144739,0.1416807,0.6444281,-0.1782104,0.3760169,0.512363,-0.1373447,0.1091902,0.5493754,-0.1678634,0.4368949,0.5967402
72057594037973989,0,1.874603,18993.61,-0.1764489,0.1226284,0.6286337,-0.1450215,0.5531505,0.5973532,-0.2094058,0.3586286,0.5029062,-0.2246338,0.1983995,0.4894162,-0.1949964,0.3820016,0.489268,-0.1849711,0.4280273,0.4945411,-0.1058849,0.4043647,0.6236734,-0.06901919,0.22227,0.6093075,-0.1962036,0.3077756,0.502365,-0.2346442,0.3345676,0.4771393,-0.1978971,0.1174783,0.5727746,-0.2131658,0.3962573,0.4885119,-0.1874407,0.1113077,0.4892319,-0.144739,0.1416807,0.6444281,-0.1782104,0.3760169,0.512363,-0.1373447,0.1091902,0.5493754,-0.1678634,0.4368949,0.5967402
72057594037973989,0,1.874603,18993.61,-0.1764489,0.1226284,0.6286337,-0.1450215,0.5531505,0.5973532,-0.2094058,0.3586286,0.5029062,-0.2246338,0.1983995,0.4894162,-0.1949964,0.3820016,0.489268,-0.1849711,0.4280273,0.4945411,-0.1058849,0.4043647,0.6236734,-0.06901919,0.22227,0.6093075,-0.1962036,0.3077756,0.502365,-0.2346442,0.3345676,0.4771393,-0.1978971,0.1174783,0.5727746,-0.2131658,0.3962573,0.4885119,-0.1874407,0.1113077,0.4892319,-0.144739,0.1416807,0.6444281,-0.1782104,0.3760169,0.512363,-0.1373447,0.1091902,0.5493754,-0.1678634,0.4368949,0.5967402
72057594037973989,0,1.874603,18993.62,-0.1764489,0.1226284,0.6286337,-0.1450215,0.5531505,0.5973532,-0.2094058,0.3586286,0.5029062,-0.2246338,0.1983995,0.4894162,-0.1949964,0.3820016,0.489268,-0.1849711,0.4280273,0.4945411,-0.1058849,0.4043647,0.6236734,-0.06901919,0.22227,0.6093075,-0.1962036,0.3077756,0.502365,-0.2346442,0.3345676,0.4771393,-0.1978971,0.1174783,0.5727746,-0.2131658,0.3962573,0.4885119,-0.1874407,0.1113077,0.4892319,-0.144739,0.1416807,0.6444281,-0.1782104,0.3760169,0.512363,-0.1373447,0.1091902,0.5493754,-0.1678634,0.4368949,0.5967402
72057594037973989,0,1.874603,18993.62,-0.1764489,0.1226284,0.6286337,-0.1450215,0.5531505,0.5973532,-0.2094058,0.3586286,0.5029062,-0.2246338,0.1983995,0.4894162,-0.1949964,0.3820016,0.489268,-0.1849711,0.4280273,0.4945411,-0.1058849,0.4043647,0.6236734,-0.06901919,0.22227,0.6093075,-0.1962036,0.3077756,0.502365,-0.2346442,0.3345676,0.4771393,-0.1978971,0.1174783,0.5727746,-0.2131658,0.3962573,0.4885119,-0.1874407,0.1113077,0.4892319,-0.144739,0.1416807,0.6444281,-0.1782104,0.3760169,0.512363,-0.1373447,0.1091902,0.5493754,-0.1678634,0.4368949,0.5967402
72057594037973989,0,1.871078,18993.62,-0.1612864,0.1250562,0.6300766,-0.1279987,0.5495729,0.5959455,-0.1915815,0.3523796,0.5042933,-0.213321,0.2006259,0.4934059,-0.1870275,0.3840226,0.4891207,-0.1734698,0.4281121,0.4885128,-0.08894818,0.4038027,0.6224767,-0.04745925,0.2234611,0.6074042,-0.1751429,0.3066487,0.5003412,-0.1980478,0.2998715,0.4893287,-0.1814239,0.1188771,0.5806792,-0.209361,0.3963125,0.487998,-0.169233,0.1084311,0.4915926,-0.1301557,0.1452404,0.6402487,-0.1370493,0.3553552,0.5150302,-0.1068939,0.1054435,0.5521168,-0.1542862,0.4362401,0.5969026
72057594037973989,0,1.871078,18993.62,-0.1612864,0.1250562,0.6300766,-0.1279987,0.5495729,0.5959455,-0.1915815,0.3523796,0.5042933,-0.213321,0.2006259,0.4934059,-0.1870275,0.3840226,0.4891207,-0.1734698,0.4281121,0.4885128,-0.08894818,0.4038027,0.6224767,-0.04745925,0.2234611,0.6074042,-0.1751429,0.3066487,0.5003412,-0.1980478,0.2998715,0.4893287,-0.1814239,0.1188771,0.5806792,-0.209361,0.3963125,0.487998,-0.169233,0.1084311,0.4915926,-0.1301557,0.1452404,0.6402487,-0.1370493,0.3553552,0.5150302,-0.1068939,0.1054435,0.5521168,-0.1542862,0.4362401,0.5969026
72057594037973989,0,1.871078,18993.63,-0.1612864,0.1250562,0.6300766,-0.1279987,0.5495729,0.5959455,-0.1915815,0.3523796,0.5042933,-0.213321,0.2006259,0.4934059,-0.1870275,0.3840226,0.4891207,-0.1734698,0.4281121,0.4885128,-0.08894818,0.4038027,0.6224767,-0.04745925,0.2234611,0.6074042,-0.1751429,0.3066487,0.5003412,-0.1980478,0.2998715,0.4893287,-0.1814239,0.1188771,0.5806792,-0.209361,0.3963125,0.487998,-0.169233,0.1084311,0.4915926,-0.1301557,0.1452404,0.6402487,-0.1370493,0.3553552,0.5150302,-0.1068939,0.1054435,0.5521168,-0.1542862,0.4362401,0.5969026
72057594037973989,0,1.871078,18993.63,-0.1612864,0.1250562,0.6300766,-0.1279987,0.5495729,0.5959455,-0.1915815,0.3523796,0.5042933,-0.213321,0.2006259,0.4934059,-0.1870275,0.3840226,0.4891207,-0.1734698,0.4281121,0.4885128,-0.08894818,0.4038027,0.6224767,-0.04745925,0.2234611,0.6074042,-0.1751429,0.3066487,0.5003412,-0.1980478,0.2998715,0.4893287,-0.1814239,0.1188771,0.5806792,-0.209361,0.3963125,0.487998,-0.169233,0.1084311,0.4915926,-0.1301557,0.1452404,0.6402487,-0.1370493,0.3553552,0.5150302,-0.1068939,0.1054435,0.5521168,-0.1542862,0.4362401,0.5969026
72057594037973989,0,1.871078,18993.63,-0.1612864,0.1250562,0.6300766,-0.1279987,0.5495729,0.5959455,-0.1915815,0.3523796,0.5042933,-0.213321,0.2006259,0.4934059,-0.1870275,0.3840226,0.4891207,-0.1734698,0.4281121,0.4885128,-0.08894818,0.4038027,0.6224767,-0.04745925,0.2234611,0.6074042,-0.1751429,0.3066487,0.5003412,-0.1980478,0.2998715,0.4893287,-0.1814239,0.1188771,0.5806792,-0.209361,0.3963125,0.487998,-0.169233,0.1084311,0.4915926,-0.1301557,0.1452404,0.6402487,-0.1370493,0.3553552,0.5150302,-0.1068939,0.1054435,0.5521168,-0.1542862,0.4362401,0.5969026
72057594037973989,0,1.871078,18993.64,-0.1612864,0.1250562,0.6300766,-0.1279987,0.5495729,0.5959455,-0.1915815,0.3523796,0.5042933,-0.213321,0.2006259,0.4934059,-0.1870275,0.3840226,0.4891207,-0.1734698,0.4281121,0.4885128,-0.08894818,0.4038027,0.6224767,-0.04745925,0.2234611,0.6074042,-0.1751429,0.3066487,0.5003412,-0.1980478,0.2998715,0.4893287,-0.1814239,0.1188771,0.5806792,-0.209361,0.3963125,0.487998,-0.169233,0.1084311,0.4915926,-0.1301557,0.1452404,0.6402487,-0.1370493,0.3553552,0.5150302,-0.1068939,0.1054435,0.5521168,-0.1542862,0.4362401,0.5969026
72057594037973989,0,1.871078,18993.64,-0.1612864,0.1250562,0.6300766,-0.1279987,0.5495729,0.5959455,-0.1915815,0.3523796,0.5042933,-0.213321,0.2006259,0.4934059,-0.1870275,0.3840226,0.4891207,-0.1734698,0.4281121,0.4885128,-0.08894818,0.4038027,0.6224767,-0.04745925,0.2234611,0.6074042,-0.1751429,0.3066487,0.5003412,-0.1980478,0.2998715,0.4893287,-0.1814239,0.1188771,0.5806792,-0.209361,0.3963125,0.487998,-0.169233,0.1084311,0.4915926,-0.1301557,0.1452404,0.6402487,-0.1370493,0.3553552,0.5150302,-0.1068939,0.1054435,0.5521168,-0.1542862,0.4362401,0.5969026
72057594037973989,0,1.871078,18993.64,-0.1612864,0.1250562,0.6300766,-0.1279987,0.5495729,0.5959455,-0.1915815,0.3523796,0.5042933,-0.213321,0.2006259,0.4934059,-0.1870275,0.3840226,0.4891207,-0.1734698,0.4281121,0.4885128,-0.08894818,0.4038027,0.6224767,-0.04745925,0.2234611,0.6074042,-0.1751429,0.3066487,0.5003412,-0.1980478,0.2998715,0.4893287,-0.1814239,0.1188771,0.5806792,-0.209361,0.3963125,0.487998,-0.169233,0.1084311,0.4915926,-0.1301557,0.1452404,0.6402487,-0.1370493,0.3553552,0.5150302,-0.1068939,0.1054435,0.5521168,-0.1542862,0.4362401,0.5969026
72057594037973989,0,1.871078,18993.64,-0.1612864,0.1250562,0.6300766,-0.1279987,0.5495729,0.5959455,-0.1915815,0.3523796,0.5042933,-0.213321,0.2006259,0.4934059,-0.1870275,0.3840226,0.4891207,-0.1734698,0.4281121,0.4885128,-0.08894818,0.4038027,0.6224767,-0.04745925,0.2234611,0.6074042,-0.1751429,0.3066487,0.5003412,-0.1980478,0.2998715,0.4893287,-0.1814239,0.1188771,0.5806792,-0.209361,0.3963125,0.487998,-0.169233,0.1084311,0.4915926,-0.1301557,0.1452404,0.6402487,-0.1370493,0.3553552,0.5150302,-0.1068939,0.1054435,0.5521168,-0.1542862,0.4362401,0.5969026
72057594037973989,0,1.871078,18993.64,-0.1612864,0.1250562,0.6300766,-0.1279987,0.5495729,0.5959455,-0.1915815,0.3523796,0.5042933,-0.213321,0.2006259,0.4934059,-0.1870275,0.3840226,0.4891207,-0.1734698,0.4281121,0.4885128,-0.08894818,0.4038027,0.6224767,-0.04745925,0.2234611,0.6074042,-0.1751429,0.3066487,0.5003412,-0.1980478,0.2998715,0.4893287,-0.1814239,0.1188771,0.5806792,-0.209361,0.3963125,0.487998,-0.169233,0.1084311,0.4915926,-0.1301557,0.1452404,0.6402487,-0.1370493,0.3553552,0.5150302,-0.1068939,0.1054435,0.5521168,-0.1542862,0.4362401,0.5969026
72057594037973989,0,1.871078,18993.65,-0.1612864,0.1250562,0.6300766,-0.1279987,0.5495729,0.5959455,-0.1915815,0.3523796,0.5042933,-0.213321,0.2006259,0.4934059,-0.1870275,0.3840226,0.4891207,-0.1734698,0.4281121,0.4885128,-0.08894818,0.4038027,0.6224767,-0.04745925,0.2234611,0.6074042,-0.1751429,0.3066487,0.5003412,-0.1980478,0.2998715,0.4893287,-0.1814239,0.1188771,0.5806792,-0.209361,0.3963125,0.487998,-0.169233,0.1084311,0.4915926,-0.1301557,0.1452404,0.6402487,-0.1370493,0.3553552,0.5150302,-0.1068939,0.1054435,0.5521168,-0.1542862,0.4362401,0.5969026
72057594037973989,0,1.871078,18993.65,-0.1612864,0.1250562,0.6300766,-0.1279987,0.5495729,0.5959455,-0.1915815,0.3523796,0.5042933,-0.213321,0.2006259,0.4934059,-0.1870275,0.3840226,0.4891207,-0.1734698,0.4281121,0.4885128,-0.08894818,0.4038027,0.6224767,-0.04745925,0.2234611,0.6074042,-0.1751429,0.3066487,0.5003412,-0.1980478,0.2998715,0.4893287,-0.1814239,0.1188771,0.5806792,-0.209361,0.3963125,0.487998,-0.169233,0.1084311,0.4915926,-0.1301557,0.1452404,0.6402487,-0.1370493,0.3553552,0.5150302,-0.1068939,0.1054435,0.5521168,-0.1542862,0.4362401,0.5969026
72057594037973989,0,1.871078,18993.65,-0.1612864,0.1250562,0.6300766,-0.1279987,0.5495729,0.5959455,-0.1915815,0.3523796,0.5042933,-0.213321,0.2006259,0.4934059,-0.1870275,0.3840226,0.4891207,-0.1734698,0.4281121,0.4885128,-0.08894818,0.4038027,0.6224767,-0.04745925,0.2234611,0.6074042,-0.1751429,0.3066487,0.5003412,-0.1980478,0.2998715,0.4893287,-0.1814239,0.1188771,0.5806792,-0.209361,0.3963125,0.487998,-0.169233,0.1084311,0.4915926,-0.1301557,0.1452404,0.6402487,-0.1370493,0.3553552,0.5150302,-0.1068939,0.1054435,0.5521168,-0.1542862,0.4362401,0.5969026
72057594037973989,0,1.871078,18993.65,-0.1612864,0.1250562,0.6300766,-0.1279987,0.5495729,0.5959455,-0.1915815,0.3523796,0.5042933,-0.213321,0.2006259,0.4934059,-0.1870275,0.3840226,0.4891207,-0.1734698,0.4281121,0.4885128,-0.08894818,0.4038027,0.6224767,-0.04745925,0.2234611,0.6074042,-0.1751429,0.3066487,0.5003412,-0.1980478,0.2998715,0.4893287,-0.1814239,0.1188771,0.5806792,-0.209361,0.3963125,0.487998,-0.169233,0.1084311,0.4915926,-0.1301557,0.1452404,0.6402487,-0.1370493,0.3553552,0.5150302,-0.1068939,0.1054435,0.5521168,-0.1542862,0.4362401,0.5969026
72057594037973989,0,1.867081,18993.66,-0.1284713,0.1111584,0.6382232,-0.1097114,0.5480114,0.5954947,-0.1711865,0.3490233,0.506905,-0.1722354,0.181614,0.4970643,-0.1621037,0.3693154,0.4906996,-0.150346,0.418029,0.491475,-0.06775665,0.4018249,0.6191543,-0.07819171,0.2357552,0.5234035,-0.2145593,0.3399386,0.4450627,-0.2276044,0.3645124,0.4412018,-0.1587542,0.1119652,0.5887742,-0.1931028,0.3915558,0.4913326,-0.1484248,0.1000715,0.4972507,-0.09078284,0.1237406,0.6470483,-0.1275804,0.3545402,0.515314,-0.087878,0.105082,0.5535217,-0.1294633,0.4331838,0.5994953
72057594037973989,0,1.867081,18993.66,-0.1284713,0.1111584,0.6382232,-0.1097114,0.5480114,0.5954947,-0.1711865,0.3490233,0.506905,-0.1722354,0.181614,0.4970643,-0.1621037,0.3693154,0.4906996,-0.150346,0.418029,0.491475,-0.06775665,0.4018249,0.6191543,-0.07819171,0.2357552,0.5234035,-0.2145593,0.3399386,0.4450627,-0.2276044,0.3645124,0.4412018,-0.1587542,0.1119652,0.5887742,-0.1931028,0.3915558,0.4913326,-0.1484248,0.1000715,0.4972507,-0.09078284,0.1237406,0.6470483,-0.1275804,0.3545402,0.515314,-0.087878,0.105082,0.5535217,-0.1294633,0.4331838,0.5994953
72057594037973989,0,1.867081,18993.66,-0.1284713,0.1111584,0.6382232,-0.1097114,0.5480114,0.5954947,-0.1711865,0.3490233,0.506905,-0.1722354,0.181614,0.4970643,-0.1621037,0.3693154,0.4906996,-0.150346,0.418029,0.491475,-0.06775665,0.4018249,0.6191543,-0.07819171,0.2357552,0.5234035,-0.2145593,0.3399386,0.4450627,-0.2276044,0.3645124,0.4412018,-0.1587542,0.1119652,0.5887742,-0.1931028,0.3915558,0.4913326,-0.1484248,0.1000715,0.4972507,-0.09078284,0.1237406,0.6470483,-0.1275804,0.3545402,0.515314,-0.087878,0.105082,0.5535217,-0.1294633,0.4331838,0.5994953
72057594037973989,0,1.867081,18993.66,-0.1284713,0.1111584,0.6382232,-0.1097114,0.5480114,0.5954947,-0.1711865,0.3490233,0.506905,-0.1722354,0.181614,0.4970643,-0.1621037,0.3693154,0.4906996,-0.150346,0.418029,0.491475,-0.06775665,0.4018249,0.6191543,-0.07819171,0.2357552,0.5234035,-0.2145593,0.3399386,0.4450627,-0.2276044,0.3645124,0.4412018,-0.1587542,0.1119652,0.5887742,-0.1931028,0.3915558,0.4913326,-0.1484248,0.1000715,0.4972507,-0.09078284,0.1237406,0.6470483,-0.1275804,0.3545402,0.515314,-0.087878,0.105082,0.5535217,-0.1294633,0.4331838,0.5994953
72057594037973989,0,1.867081,18993.67,-0.1284713,0.1111584,0.6382232,-0.1097114,0.5480114,0.5954947,-0.1711865,0.3490233,0.506905,-0.1722354,0.181614,0.4970643,-0.1621037,0.3693154,0.4906996,-0.150346,0.418029,0.491475,-0.06775665,0.4018249,0.6191543,-0.07819171,0.2357552,0.5234035,-0.2145593,0.3399386,0.4450627,-0.2276044,0.3645124,0.4412018,-0.1587542,0.1119652,0.5887742,-0.1931028,0.3915558,0.4913326,-0.1484248,0.1000715,0.4972507,-0.09078284,0.1237406,0.6470483,-0.1275804,0.3545402,0.515314,-0.087878,0.105082,0.5535217,-0.1294633,0.4331838,0.5994953
72057594037973989,0,1.867081,18993.67,-0.1284713,0.1111584,0.6382232,-0.1097114,0.5480114,0.5954947,-0.1711865,0.3490233,0.506905,-0.1722354,0.181614,0.4970643,-0.1621037,0.3693154,0.4906996,-0.150346,0.418029,0.491475,-0.06775665,0.4018249,0.6191543,-0.07819171,0.2357552,0.5234035,-0.2145593,0.3399386,0.4450627,-0.2276044,0.3645124,0.4412018,-0.1587542,0.1119652,0.5887742,-0.1931028,0.3915558,0.4913326,-0.1484248,0.1000715,0.4972507,-0.09078284,0.1237406,0.6470483,-0.1275804,0.3545402,0.515314,-0.087878,0.105082,0.5535217,-0.1294633,0.4331838,0.5994953
72057594037973989,0,1.867081,18993.67,-0.1284713,0.1111584,0.6382232,-0.1097114,0.5480114,0.5954947,-0.1711865,0.3490233,0.506905,-0.1722354,0.181614,0.4970643,-0.1621037,0.3693154,0.4906996,-0.150346,0.418029,0.491475,-0.06775665,0.4018249,0.6191543,-0.07819171,0.2357552,0.5234035,-0.2145593,0.3399386,0.4450627,-0.2276044,0.3645124,0.4412018,-0.1587542,0.1119652,0.5887742,-0.1931028,0.3915558,0.4913326,-0.1484248,0.1000715,0.4972507,-0.09078284,0.1237406,0.6470483,-0.1275804,0.3545402,0.515314,-0.087878,0.105082,0.5535217,-0.1294633,0.4331838,0.5994953
72057594037973989,0,1.867081,18993.67,-0.1284713,0.1111584,0.6382232,-0.1097114,0.5480114,0.5954947,-0.1711865,0.3490233,0.506905,-0.1722354,0.181614,0.4970643,-0.1621037,0.3693154,0.4906996,-0.150346,0.418029,0.491475,-0.06775665,0.4018249,0.6191543,-0.07819171,0.2357552,0.5234035,-0.2145593,0.3399386,0.4450627,-0.2276044,0.3645124,0.4412018,-0.1587542,0.1119652,0.5887742,-0.1931028,0.3915558,0.4913326,-0.1484248,0.1000715,0.4972507,-0.09078284,0.1237406,0.6470483,-0.1275804,0.3545402,0.515314,-0.087878,0.105082,0.5535217,-0.1294633,0.4331838,0.5994953
72057594037973989,0,1.867081,18993.68,-0.1284713,0.1111584,0.6382232,-0.1097114,0.5480114,0.5954947,-0.1711865,0.3490233,0.506905,-0.1722354,0.181614,0.4970643,-0.1621037,0.3693154,0.4906996,-0.150346,0.418029,0.491475,-0.06775665,0.4018249,0.6191543,-0.07819171,0.2357552,0.5234035,-0.2145593,0.3399386,0.4450627,-0.2276044,0.3645124,0.4412018,-0.1587542,0.1119652,0.5887742,-0.1931028,0.3915558,0.4913326,-0.1484248,0.1000715,0.4972507,-0.09078284,0.1237406,0.6470483,-0.1275804,0.3545402,0.515314,-0.087878,0.105082,0.5535217,-0.1294633,0.4331838,0.5994953
72057594037973989,0,1.867081,18993.68,-0.1284713,0.1111584,0.6382232,-0.1097114,0.5480114,0.5954947,-0.1711865,0.3490233,0.506905,-0.1722354,0.181614,0.4970643,-0.1621037,0.3693154,0.4906996,-0.150346,0.418029,0.491475,-0.06775665,0.4018249,0.6191543,-0.07819171,0.2357552,0.5234035,-0.2145593,0.3399386,0.4450627,-0.2276044,0.3645124,0.4412018,-0.1587542,0.1119652,0.5887742,-0.1931028,0.3915558,0.4913326,-0.1484248,0.1000715,0.4972507,-0.09078284,0.1237406,0.6470483,-0.1275804,0.3545402,0.515314,-0.087878,0.105082,0.5535217,-0.1294633,0.4331838,0.5994953
72057594037973989,0,1.867081,18993.68,-0.1284713,0.1111584,0.6382232,-0.1097114,0.5480114,0.5954947,-0.1711865,0.3490233,0.506905,-0.1722354,0.181614,0.4970643,-0.1621037,0.3693154,0.4906996,-0.150346,0.418029,0.491475,-0.06775665,0.4018249,0.6191543,-0.07819171,0.2357552,0.5234035,-0.2145593,0.3399386,0.4450627,-0.2276044,0.3645124,0.4412018,-0.1587542,0.1119652,0.5887742,-0.1931028,0.3915558,0.4913326,-0.1484248,0.1000715,0.4972507,-0.09078284,0.1237406,0.6470483,-0.1275804,0.3545402,0.515314,-0.087878,0.105082,0.5535217,-0.1294633,0.4331838,0.5994953
72057594037973989,0,1.867081,18993.69,-0.1284713,0.1111584,0.6382232,-0.1097114,0.5480114,0.5954947,-0.1711865,0.3490233,0.506905,-0.1722354,0.181614,0.4970643,-0.1621037,0.3693154,0.4906996,-0.150346,0.418029,0.491475,-0.06775665,0.4018249,0.6191543,-0.07819171,0.2357552,0.5234035,-0.2145593,0.3399386,0.4450627,-0.2276044,0.3645124,0.4412018,-0.1587542,0.1119652,0.5887742,-0.1931028,0.3915558,0.4913326,-0.1484248,0.1000715,0.4972507,-0.09078284,0.1237406,0.6470483,-0.1275804,0.3545402,0.515314,-0.087878,0.105082,0.5535217,-0.1294633,0.4331838,0.5994953
72057594037973989,0,1.877191,18993.69,-0.1014887,0.1534124,0.607192,-0.0727631,0.5701346,0.586319,-0.1546351,0.4250859,0.5042151,-0.2014929,0.3345443,0.4593383,-0.2031536,0.2261116,0.4653024,-0.1957943,0.1970992,0.5055941,-0.02609361,0.4633599,0.6329067,-0.001603895,0.4815179,0.5471998,-0.1111105,0.4754505,0.5403358,-0.2122179,0.3579493,0.4314446,-0.1270188,0.1504219,0.5610434,-0.2138428,0.3335249,0.4430279,-0.1435619,0.08600211,0.4914404,-0.07078011,0.168164,0.6164293,-0.1306058,0.3427466,0.5100228,-0.07591576,0.08160263,0.5180931,-0.1062642,0.4509504,0.5902094
72057594037973989,0,1.877191,18993.69,-0.1014887,0.1534124,0.607192,-0.0727631,0.5701346,0.586319,-0.1546351,0.4250859,0.5042151,-0.2014929,0.3345443,0.4593383,-0.2031536,0.2261116,0.4653024,-0.1957943,0.1970992,0.5055941,-0.02609361,0.4633599,0.6329067,-0.001603895,0.4815179,0.5471998,-0.1111105,0.4754505,0.5403358,-0.2122179,0.3579493,0.4314446,-0.1270188,0.1504219,0.5610434,-0.2138428,0.3335249,0.4430279,-0.1435619,0.08600211,0.4914404,-0.07078011,0.168164,0.6164293,-0.1306058,0.3427466,0.5100228,-0.07591576,0.08160263,0.5180931,-0.1062642,0.4509504,0.5902094
72057594037973989,0,1.877191,18993.69,-0.1014887,0.1534124,0.607192,-0.0727631,0.5701346,0.586319,-0.1546351,0.4250859,0.5042151,-0.2014929,0.3345443,0.4593383,-0.2031536,0.2261116,0.4653024,-0.1957943,0.1970992,0.5055941,-0.02609361,0.4633599,0.6329067,-0.001603895,0.4815179,0.5471998,-0.1111105,0.4754505,0.5403358,-0.2122179,0.3579493,0.4314446,-0.1270188,0.1504219,0.5610434,-0.2138428,0.3335249,0.4430279,-0.1435619,0.08600211,0.4914404,-0.07078011,0.168164,0.6164293,-0.1306058,0.3427466,0.5100228,-0.07591576,0.08160263,0.5180931,-0.1062642,0.4509504,0.5902094
72057594037973989,0,1.877191,18993.7,-0.1014887,0.1534124,0.607192,-0.0727631,0.5701346,0.586319,-0.1546351,0.4250859,0.5042151,-0.2014929,0.3345443,0.4593383,-0.2031536,0.2261116,0.4653024,-0.1957943,0.1970992,0.5055941,-0.02609361,0.4633599,0.6329067,-0.001603895,0.4815179,0.5471998,-0.1111105,0.4754505,0.5403358,-0.2122179,0.3579493,0.4314446,-0.1270188,0.1504219,0.5610434,-0.2138428,0.3335249,0.4430279,-0.1435619,0.08600211,0.4914404,-0.07078011,0.168164,0.6164293,-0.1306058,0.3427466,0.5100228,-0.07591576,0.08160263,0.5180931,-0.1062642,0.4509504,0.5902094
72057594037973989,0,1.877191,18993.7,-0.1014887,0.1534124,0.607192,-0.0727631,0.5701346,0.586319,-0.1546351,0.4250859,0.5042151,-0.2014929,0.3345443,0.4593383,-0.2031536,0.2261116,0.4653024,-0.1957943,0.1970992,0.5055941,-0.02609361,0.4633599,0.6329067,-0.001603895,0.4815179,0.5471998,-0.1111105,0.4754505,0.5403358,-0.2122179,0.3579493,0.4314446,-0.1270188,0.1504219,0.5610434,-0.2138428,0.3335249,0.4430279,-0.1435619,0.08600211,0.4914404,-0.07078011,0.168164,0.6164293,-0.1306058,0.3427466,0.5100228,-0.07591576,0.08160263,0.5180931,-0.1062642,0.4509504,0.5902094
72057594037973989,0,1.877191,18993.7,-0.1014887,0.1534124,0.607192,-0.0727631,0.5701346,0.586319,-0.1546351,0.4250859,0.5042151,-0.2014929,0.3345443,0.4593383,-0.2031536,0.2261116,0.4653024,-0.1957943,0.1970992,0.5055941,-0.02609361,0.4633599,0.6329067,-0.001603895,0.4815179,0.5471998,-0.1111105,0.4754505,0.5403358,-0.2122179,0.3579493,0.4314446,-0.1270188,0.1504219,0.5610434,-0.2138428,0.3335249,0.4430279,-0.1435619,0.08600211,0.4914404,-0.07078011,0.168164,0.6164293,-0.1306058,0.3427466,0.5100228,-0.07591576,0.08160263,0.5180931,-0.1062642,0.4509504,0.5902094
72057594037973989,0,1.877191,18993.71,-0.1014887,0.1534124,0.607192,-0.0727631,0.5701346,0.586319,-0.1546351,0.4250859,0.5042151,-0.2014929,0.3345443,0.4593383,-0.2031536,0.2261116,0.4653024,-0.1957943,0.1970992,0.5055941,-0.02609361,0.4633599,0.6329067,-0.001603895,0.4815179,0.5471998,-0.1111105,0.4754505,0.5403358,-0.2122179,0.3579493,0.4314446,-0.1270188,0.1504219,0.5610434,-0.2138428,0.3335249,0.4430279,-0.1435619,0.08600211,0.4914404,-0.07078011,0.168164,0.6164293,-0.1306058,0.3427466,0.5100228,-0.07591576,0.08160263,0.5180931,-0.1062642,0.4509504,0.5902094
72057594037973989,0,1.877191,18993.71,-0.1014887,0.1534124,0.607192,-0.0727631,0.5701346,0.586319,-0.1546351,0.4250859,0.5042151,-0.2014929,0.3345443,0.4593383,-0.2031536,0.2261116,0.4653024,-0.1957943,0.1970992,0.5055941,-0.02609361,0.4633599,0.6329067,-0.001603895,0.4815179,0.5471998,-0.1111105,0.4754505,0.5403358,-0.2122179,0.3579493,0.4314446,-0.1270188,0.1504219,0.5610434,-0.2138428,0.3335249,0.4430279,-0.1435619,0.08600211,0.4914404,-0.07078011,0.168164,0.6164293,-0.1306058,0.3427466,0.5100228,-0.07591576,0.08160263,0.5180931,-0.1062642,0.4509504,0.5902094
72057594037973989,0,1.877191,18993.71,-0.1014887,0.1534124,0.607192,-0.0727631,0.5701346,0.586319,-0.1546351,0.4250859,0.5042151,-0.2014929,0.3345443,0.4593383,-0.2031536,0.2261116,0.4653024,-0.1957943,0.1970992,0.5055941,-0.02609361,0.4633599,0.6329067,-0.001603895,0.4815179,0.5471998,-0.1111105,0.4754505,0.5403358,-0.2122179,0.3579493,0.4314446,-0.1270188,0.1504219,0.5610434,-0.2138428,0.3335249,0.4430279,-0.1435619,0.08600211,0.4914404,-0.07078011,0.168164,0.6164293,-0.1306058,0.3427466,0.5100228,-0.07591576,0.08160263,0.5180931,-0.1062642,0.4509504,0.5902094
72057594037973989,0,1.877191,18993.71,-0.1014887,0.1534124,0.607192,-0.0727631,0.5701346,0.586319,-0.1546351,0.4250859,0.5042151,-0.2014929,0.3345443,0.4593383,-0.2031536,0.2261116,0.4653024,-0.1957943,0.1970992,0.5055941,-0.02609361,0.4633599,0.6329067,-0.001603895,0.4815179,0.5471998,-0.1111105,0.4754505,0.5403358,-0.2122179,0.3579493,0.4314446,-0.1270188,0.1504219,0.5610434,-0.2138428,0.3335249,0.4430279,-0.1435619,0.08600211,0.4914404,-0.07078011,0.168164,0.6164293,-0.1306058,0.3427466,0.5100228,-0.07591576,0.08160263,0.5180931,-0.1062642,0.4509504,0.5902094
72057594037973989,0,1.877191,18993.71,-0.1014887,0.1534124,0.607192,-0.0727631,0.5701346,0.586319,-0.1546351,0.4250859,0.5042151,-0.2014929,0.3345443,0.4593383,-0.2031536,0.2261116,0.4653024,-0.1957943,0.1970992,0.5055941,-0.02609361,0.4633599,0.6329067,-0.001603895,0.4815179,0.5471998,-0.1111105,0.4754505,0.5403358,-0.2122179,0.3579493,0.4314446,-0.1270188,0.1504219,0.5610434,-0.2138428,0.3335249,0.4430279,-0.1435619,0.08600211,0.4914404,-0.07078011,0.168164,0.6164293,-0.1306058,0.3427466,0.5100228,-0.07591576,0.08160263,0.5180931,-0.1062642,0.4509504,0.5902094
72057594037973989,0,1.877191,18993.72,-0.1014887,0.1534124,0.607192,-0.0727631,0.5701346,0.586319,-0.1546351,0.4250859,0.5042151,-0.2014929,0.3345443,0.4593383,-0.2031536,0.2261116,0.4653024,-0.1957943,0.1970992,0.5055941,-0.02609361,0.4633599,0.6329067,-0.001603895,0.4815179,0.5471998,-0.1111105,0.4754505,0.5403358,-0.2122179,0.3579493,0.4314446,-0.1270188,0.1504219,0.5610434,-0.2138428,0.3335249,0.4430279,-0.1435619,0.08600211,0.4914404,-0.07078011,0.168164,0.6164293,-0.1306058,0.3427466,0.5100228,-0.07591576,0.08160263,0.5180931,-0.1062642,0.4509504,0.5902094
72057594037973989,0,1.875636,18993.72,-0.0945052,0.1529391,0.6087527,-0.06259786,0.572856,0.5880444,-0.147834,0.4269102,0.5056496,-0.1912722,0.3393006,0.4568255,-0.1409042,0.2503424,0.4869307,-0.1220376,0.226991,0.493699,-0.01805293,0.4649866,0.6326109,-0.03140041,0.4497654,0.5472583,-0.1317296,0.4251097,0.5101941,-0.1916396,0.3559422,0.4278618,-0.1215448,0.1499202,0.5631312,-0.2039915,0.3331021,0.4436236,-0.1328857,0.08101961,0.4934551,-0.06228864,0.1678713,0.6168894,-0.1290789,0.2799489,0.4913683,-0.0777096,0.07781744,0.5033488,-0.0927598,0.4568687,0.590712
72057594037973989,0,1.875636,18993.72,-0.0945052,0.1529391,0.6087527,-0.06259786,0.572856,0.5880444,-0.147834,0.4269102,0.5056496,-0.1912722,0.3393006,0.4568255,-0.1409042,0.2503424,0.4869307,-0.1220376,0.226991,0.493699,-0.01805293,0.4649866,0.6326109,-0.03140041,0.4497654,0.5472583,-0.1317296,0.4251097,0.5101941,-0.1916396,0.3559422,0.4278618,-0.1215448,0.1499202,0.5631312,-0.2039915,0.3331021,0.4436236,-0.1328857,0.08101961,0.4934551,-0.06228864,0.1678713,0.6168894,-0.1290789,0.2799489,0.4913683,-0.0777096,0.07781744,0.5033488,-0.0927598,0.4568687,0.590712
72057594037973989,0,1.875636,18993.72,-0.0945052,0.1529391,0.6087527,-0.06259786,0.572856,0.5880444,-0.147834,0.4269102,0.5056496,-0.1912722,0.3393006,0.4568255,-0.1409042,0.2503424,0.4869307,-0.1220376,0.226991,0.493699,-0.01805293,0.4649866,0.6326109,-0.03140041,0.4497654,0.5472583,-0.1317296,0.4251097,0.5101941,-0.1916396,0.3559422,0.4278618,-0.1215448,0.1499202,0.5631312,-0.2039915,0.3331021,0.4436236,-0.1328857,0.08101961,0.4934551,-0.06228864,0.1678713,0.6168894,-0.1290789,0.2799489,0.4913683,-0.0777096,0.07781744,0.5033488,-0.0927598,0.4568687,0.590712
72057594037973989,0,1.875636,18993.73,-0.0945052,0.1529391,0.6087527,-0.06259786,0.572856,0.5880444,-0.147834,0.4269102,0.5056496,-0.1912722,0.3393006,0.4568255,-0.1409042,0.2503424,0.4869307,-0.1220376,0.226991,0.493699,-0.01805293,0.4649866,0.6326109,-0.03140041,0.4497654,0.5472583,-0.1317296,0.4251097,0.5101941,-0.1916396,0.3559422,0.4278618,-0.1215448,0.1499202,0.5631312,-0.2039915,0.3331021,0.4436236,-0.1328857,0.08101961,0.4934551,-0.06228864,0.1678713,0.6168894,-0.1290789,0.2799489,0.4913683,-0.0777096,0.07781744,0.5033488,-0.0927598,0.4568687,0.590712
72057594037973989,0,1.875636,18993.73,-0.0945052,0.1529391,0.6087527,-0.06259786,0.572856,0.5880444,-0.147834,0.4269102,0.5056496,-0.1912722,0.3393006,0.4568255,-0.1409042,0.2503424,0.4869307,-0.1220376,0.226991,0.493699,-0.01805293,0.4649866,0.6326109,-0.03140041,0.4497654,0.5472583,-0.1317296,0.4251097,0.5101941,-0.1916396,0.3559422,0.4278618,-0.1215448,0.1499202,0.5631312,-0.2039915,0.3331021,0.4436236,-0.1328857,0.08101961,0.4934551,-0.06228864,0.1678713,0.6168894,-0.1290789,0.2799489,0.4913683,-0.0777096,0.07781744,0.5033488,-0.0927598,0.4568687,0.590712
72057594037973989,0,1.875636,18993.73,-0.0945052,0.1529391,0.6087527,-0.06259786,0.572856,0.5880444,-0.147834,0.4269102,0.5056496,-0.1912722,0.3393006,0.4568255,-0.1409042,0.2503424,0.4869307,-0.1220376,0.226991,0.493699,-0.01805293,0.4649866,0.6326109,-0.03140041,0.4497654,0.5472583,-0.1317296,0.4251097,0.5101941,-0.1916396,0.3559422,0.4278618,-0.1215448,0.1499202,0.5631312,-0.2039915,0.3331021,0.4436236,-0.1328857,0.08101961,0.4934551,-0.06228864,0.1678713,0.6168894,-0.1290789,0.2799489,0.4913683,-0.0777096,0.07781744,0.5033488,-0.0927598,0.4568687,0.590712
72057594037973989,0,1.875636,18993.73,-0.0945052,0.1529391,0.6087527,-0.06259786,0.572856,0.5880444,-0.147834,0.4269102,0.5056496,-0.1912722,0.3393006,0.4568255,-0.1409042,0.2503424,0.4869307,-0.1220376,0.226991,0.493699,-0.01805293,0.4649866,0.6326109,-0.03140041,0.4497654,0.5472583,-0.1317296,0.4251097,0.5101941,-0.1916396,0.3559422,0.4278618,-0.1215448,0.1499202,0.5631312,-0.2039915,0.3331021,0.4436236,-0.1328857,0.08101961,0.4934551,-0.06228864,0.1678713,0.6168894,-0.1290789,0.2799489,0.4913683,-0.0777096,0.07781744,0.5033488,-0.0927598,0.4568687,0.590712
72057594037973989,0,1.875636,18993.73,-0.0945052,0.1529391,0.6087527,-0.06259786,0.572856,0.5880444,-0.147834,0.4269102,0.5056496,-0.1912722,0.3393006,0.4568255,-0.1409042,0.2503424,0.4869307,-0.1220376,0.226991,0.493699,-0.01805293,0.4649866,0.6326109,-0.03140041,0.4497654,0.5472583,-0.1317296,0.4251097,0.5101941,-0.1916396,0.3559422,0.4278618,-0.1215448,0.1499202,0.5631312,-0.2039915,0.3331021,0.4436236,-0.1328857,0.08101961,0.4934551,-0.06228864,0.1678713,0.6168894,-0.1290789,0.2799489,0.4913683,-0.0777096,0.07781744,0.5033488,-0.0927598,0.4568687,0.590712
72057594037973989,0,1.875636,18993.74,-0.0945052,0.1529391,0.6087527,-0.06259786,0.572856,0.5880444,-0.147834,0.4269102,0.5056496,-0.1912722,0.3393006,0.4568255,-0.1409042,0.2503424,0.4869307,-0.1220376,0.226991,0.493699,-0.01805293,0.4649866,0.6326109,-0.03140041,0.4497654,0.5472583,-0.1317296,0.4251097,0.5101941,-0.1916396,0.3559422,0.4278618,-0.1215448,0.1499202,0.5631312,-0.2039915,0.3331021,0.4436236,-0.1328857,0.08101961,0.4934551,-0.06228864,0.1678713,0.6168894,-0.1290789,0.2799489,0.4913683,-0.0777096,0.07781744,0.5033488,-0.0927598,0.4568687,0.590712
72057594037973989,0,1.875636,18993.74,-0.0945052,0.1529391,0.6087527,-0.06259786,0.572856,0.5880444,-0.147834,0.4269102,0.5056496,-0.1912722,0.3393006,0.4568255,-0.1409042,0.2503424,0.4869307,-0.1220376,0.226991,0.493699,-0.01805293,0.4649866,0.6326109,-0.03140041,0.4497654,0.5472583,-0.1317296,0.4251097,0.5101941,-0.1916396,0.3559422,0.4278618,-0.1215448,0.1499202,0.5631312,-0.2039915,0.3331021,0.4436236,-0.1328857,0.08101961,0.4934551,-0.06228864,0.1678713,0.6168894,-0.1290789,0.2799489,0.4913683,-0.0777096,0.07781744,0.5033488,-0.0927598,0.4568687,0.590712
72057594037973989,0,1.875636,18993.74,-0.0945052,0.1529391,0.6087527,-0.06259786,0.572856,0.5880444,-0.147834,0.4269102,0.5056496,-0.1912722,0.3393006,0.4568255,-0.1409042,0.2503424,0.4869307,-0.1220376,0.226991,0.493699,-0.01805293,0.4649866,0.6326109,-0.03140041,0.4497654,0.5472583,-0.1317296,0.4251097,0.5101941,-0.1916396,0.3559422,0.4278618,-0.1215448,0.1499202,0.5631312,-0.2039915,0.3331021,0.4436236,-0.1328857,0.08101961,0.4934551,-0.06228864,0.1678713,0.6168894,-0.1290789,0.2799489,0.4913683,-0.0777096,0.07781744,0.5033488,-0.0927598,0.4568687,0.590712
72057594037973989,0,1.875636,18993.75,-0.0945052,0.1529391,0.6087527,-0.06259786,0.572856,0.5880444,-0.147834,0.4269102,0.5056496,-0.1912722,0.3393006,0.4568255,-0.1409042,0.2503424,0.4869307,-0.1220376,0.226991,0.493699,-0.01805293,0.4649866,0.6326109,-0.03140041,0.4497654,0.5472583,-0.1317296,0.4251097,0.5101941,-0.1916396,0.3559422,0.4278618,-0.1215448,0.1499202,0.5631312,-0.2039915,0.3331021,0.4436236,-0.1328857,0.08101961,0.4934551,-0.06228864,0.1678713,0.6168894,-0.1290789,0.2799489,0.4913683,-0.0777096,0.07781744,0.5033488,-0.0927598,0.4568687,0.590712
72057594037973989,0,1.875636,18993.75,-0.0945052,0.1529391,0.6087527,-0.06259786,0.572856,0.5880444,-0.147834,0.4269102,0.5056496,-0.1912722,0.3393006,0.4568255,-0.1409042,0.2503424,0.4869307,-0.1220376,0.226991,0.493699,-0.01805293,0.4649866,0.6326109,-0.03140041,0.4497654,0.5472583,-0.1317296,0.4251097,0.5101941,-0.1916396,0.3559422,0.4278618,-0.1215448,0.1499202,0.5631312,-0.2039915,0.3331021,0.4436236,-0.1328857,0.08101961,0.4934551,-0.06228864,0.1678713,0.6168894,-0.1290789,0.2799489,0.4913683,-0.0777096,0.07781744,0.5033488,-0.0927598,0.4568687,0.590712
72057594037973989,0,1.875636,18993.75,-0.0945052,0.1529391,0.6087527,-0.06259786,0.572856,0.5880444,-0.147834,0.4269102,0.5056496,-0.1912722,0.3393006,0.4568255,-0.1409042,0.2503424,0.4869307,-0.1220376,0.226991,0.493699,-0.01805293,0.4649866,0.6326109,-0.03140041,0.4497654,0.5472583,-0.1317296,0.4251097,0.5101941,-0.1916396,0.3559422,0.4278618,-0.1215448,0.1499202,0.5631312,-0.2039915,0.3331021,0.4436236,-0.1328857,0.08101961,0.4934551,-0.06228864,0.1678713,0.6168894,-0.1290789,0.2799489,0.4913683,-0.0777096,0.07781744,0.5033488,-0.0927598,0.4568687,0.590712
72057594037973989,0,1.875636,18993.75,-0.0945052,0.1529391,0.6087527,-0.06259786,0.572856,0.5880444,-0.147834,0.4269102,0.5056496,-0.1912722,0.3393006,0.4568255,-0.1409042,0.2503424,0.4869307,-0.1220376,0.226991,0.493699,-0.01805293,0.4649866,0.6326109,-0.03140041,0.4497654,0.5472583,-0.1317296,0.4251097,0.5101941,-0.1916396,0.3559422,0.4278618,-0.1215448,0.1499202,0.5631312,-0.2039915,0.3331021,0.4436236,-0.1328857,0.08101961,0.4934551,-0.06228864,0.1678713,0.6168894,-0.1290789,0.2799489,0.4913683,-0.0777096,0.07781744,0.5033488,-0.0927598,0.4568687,0.590712
72057594037973989,0,1.87386,18993.76,-0.07179487,0.1542618,0.6092544,-0.0424479,0.5780984,0.59216,-0.1266344,0.4354393,0.5125838,-0.1687988,0.3489019,0.4562054,-0.0900057,0.2862803,0.4876869,-0.06441258,0.2806802,0.5048561,0.01174232,0.4834147,0.6312259,0.03997309,0.4744522,0.5501282,-0.06634375,0.4694988,0.5502748,-0.1056967,0.491861,0.5478975,-0.1019371,0.1495328,0.5649232,-0.1813389,0.3356448,0.439048,-0.1152099,0.08497986,0.4959191,-0.03765107,0.17117,0.6155596,-0.08581763,0.342216,0.517785,-0.04665599,0.0795221,0.5344714,-0.07340088,0.4628671,0.593646
72057594037973989,0,1.87386,18993.76,-0.07179487,0.1542618,0.6092544,-0.0424479,0.5780984,0.59216,-0.1266344,0.4354393,0.5125838,-0.1687988,0.3489019,0.4562054,-0.0900057,0.2862803,0.4876869,-0.06441258,0.2806802,0.5048561,0.01174232,0.4834147,0.6312259,0.03997309,0.4744522,0.5501282,-0.06634375,0.4694988,0.5502748,-0.1056967,0.491861,0.5478975,-0.1019371,0.1495328,0.5649232,-0.1813389,0.3356448,0.439048,-0.1152099,0.08497986,0.4959191,-0.03765107,0.17117,0.6155596,-0.08581763,0.342216,0.517785,-0.04665599,0.0795221,0.5344714,-0.07340088,0.4628671,0.593646
72057594037973989,0,1.87386,18993.76,-0.07179487,0.1542618,0.6092544,-0.0424479,0.5780984,0.59216,-0.1266344,0.4354393,0.5125838,-0.1687988,0.3489019,0.4562054,-0.0900057,0.2862803,0.4876869,-0.06441258,0.2806802,0.5048561,0.01174232,0.4834147,0.6312259,0.03997309,0.4744522,0.5501282,-0.06634375,0.4694988,0.5502748,-0.1056967,0.491861,0.5478975,-0.1019371,0.1495328,0.5649232,-0.1813389,0.3356448,0.439048,-0.1152099,0.08497986,0.4959191,-0.03765107,0.17117,0.6155596,-0.08581763,0.342216,0.517785,-0.04665599,0.0795221,0.5344714,-0.07340088,0.4628671,0.593646
72057594037973989,0,1.87386,18993.76,-0.07179487,0.1542618,0.6092544,-0.0424479,0.5780984,0.59216,-0.1266344,0.4354393,0.5125838,-0.1687988,0.3489019,0.4562054,-0.0900057,0.2862803,0.4876869,-0.06441258,0.2806802,0.5048561,0.01174232,0.4834147,0.6312259,0.03997309,0.4744522,0.5501282,-0.06634375,0.4694988,0.5502748,-0.1056967,0.491861,0.5478975,-0.1019371,0.1495328,0.5649232,-0.1813389,0.3356448,0.439048,-0.1152099,0.08497986,0.4959191,-0.03765107,0.17117,0.6155596,-0.08581763,0.342216,0.517785,-0.04665599,0.0795221,0.5344714,-0.07340088,0.4628671,0.593646
72057594037973989,0,1.87386,18993.77,-0.07179487,0.1542618,0.6092544,-0.0424479,0.5780984,0.59216,-0.1266344,0.4354393,0.5125838,-0.1687988,0.3489019,0.4562054,-0.0900057,0.2862803,0.4876869,-0.06441258,0.2806802,0.5048561,0.01174232,0.4834147,0.6312259,0.03997309,0.4744522,0.5501282,-0.06634375,0.4694988,0.5502748,-0.1056967,0.491861,0.5478975,-0.1019371,0.1495328,0.5649232,-0.1813389,0.3356448,0.439048,-0.1152099,0.08497986,0.4959191,-0.03765107,0.17117,0.6155596,-0.08581763,0.342216,0.517785,-0.04665599,0.0795221,0.5344714,-0.07340088,0.4628671,0.593646
72057594037973989,0,1.87386,18993.77,-0.07179487,0.1542618,0.6092544,-0.0424479,0.5780984,0.59216,-0.1266344,0.4354393,0.5125838,-0.1687988,0.3489019,0.4562054,-0.0900057,0.2862803,0.4876869,-0.06441258,0.2806802,0.5048561,0.01174232,0.4834147,0.6312259,0.03997309,0.4744522,0.5501282,-0.06634375,0.4694988,0.5502748,-0.1056967,0.491861,0.5478975,-0.1019371,0.1495328,0.5649232,-0.1813389,0.3356448,0.439048,-0.1152099,0.08497986,0.4959191,-0.03765107,0.17117,0.6155596,-0.08581763,0.342216,0.517785,-0.04665599,0.0795221,0.5344714,-0.07340088,0.4628671,0.593646
72057594037973989,0,1.87386,18993.77,-0.07179487,0.1542618,0.6092544,-0.0424479,0.5780984,0.59216,-0.1266344,0.4354393,0.5125838,-0.1687988,0.3489019,0.4562054,-0.0900057,0.2862803,0.4876869,-0.06441258,0.2806802,0.5048561,0.01174232,0.4834147,0.6312259,0.03997309,0.4744522,0.5501282,-0.06634375,0.4694988,0.5502748,-0.1056967,0.491861,0.5478975,-0.1019371,0.1495328,0.5649232,-0.1813389,0.3356448,0.439048,-0.1152099,0.08497986,0.4959191,-0.03765107,0.17117,0.6155596,-0.08581763,0.342216,0.517785,-0.04665599,0.0795221,0.5344714,-0.07340088,0.4628671,0.593646
72057594037973989,0,1.87386,18993.77,-0.07179487,0.1542618,0.6092544,-0.0424479,0.5780984,0.59216,-0.1266344,0.4354393,0.5125838,-0.1687988,0.3489019,0.4562054,-0.0900057,0.2862803,0.4876869,-0.06441258,0.2806802,0.5048561,0.01174232,0.4834147,0.6312259,0.03997309,0.4744522,0.5501282,-0.06634375,0.4694988,0.5502748,-0.1056967,0.491861,0.5478975,-0.1019371,0.1495328,0.5649232,-0.1813389,0.3356448,0.439048,-0.1152099,0.08497986,0.4959191,-0.03765107,0.17117,0.6155596,-0.08581763,0.342216,0.517785,-0.04665599,0.0795221,0.5344714,-0.07340088,0.4628671,0.593646
72057594037973989,0,1.87386,18993.78,-0.07179487,0.1542618,0.6092544,-0.0424479,0.5780984,0.59216,-0.1266344,0.4354393,0.5125838,-0.1687988,0.3489019,0.4562054,-0.0900057,0.2862803,0.4876869,-0.06441258,0.2806802,0.5048561,0.01174232,0.4834147,0.6312259,0.03997309,0.4744522,0.5501282,-0.06634375,0.4694988,0.5502748,-0.1056967,0.491861,0.5478975,-0.1019371,0.1495328,0.5649232,-0.1813389,0.3356448,0.439048,-0.1152099,0.08497986,0.4959191,-0.03765107,0.17117,0.6155596,-0.08581763,0.342216,0.517785,-0.04665599,0.0795221,0.5344714,-0.07340088,0.4628671,0.593646
72057594037973989,0,1.87386,18993.78,-0.07179487,0.1542618,0.6092544,-0.0424479,0.5780984,0.59216,-0.1266344,0.4354393,0.5125838,-0.1687988,0.3489019,0.4562054,-0.0900057,0.2862803,0.4876869,-0.06441258,0.2806802,0.5048561,0.01174232,0.4834147,0.6312259,0.03997309,0.4744522,0.5501282,-0.06634375,0.4694988,0.5502748,-0.1056967,0.491861,0.5478975,-0.1019371,0.1495328,0.5649232,-0.1813389,0.3356448,0.439048,-0.1152099,0.08497986,0.4959191,-0.03765107,0.17117,0.6155596,-0.08581763,0.342216,0.517785,-0.04665599,0.0795221,0.5344714,-0.07340088,0.4628671,0.593646
72057594037973989,0,1.87386,18993.78,-0.07179487,0.1542618,0.6092544,-0.0424479,0.5780984,0.59216,-0.1266344,0.4354393,0.5125838,-0.1687988,0.3489019,0.4562054,-0.0900057,0.2862803,0.4876869,-0.06441258,0.2806802,0.5048561,0.01174232,0.4834147,0.6312259,0.03997309,0.4744522,0.5501282,-0.06634375,0.4694988,0.5502748,-0.1056967,0.491861,0.5478975,-0.1019371,0.1495328,0.5649232,-0.1813389,0.3356448,0.439048,-0.1152099,0.08497986,0.4959191,-0.03765107,0.17117,0.6155596,-0.08581763,0.342216,0.517785,-0.04665599,0.0795221,0.5344714,-0.07340088,0.4628671,0.593646
72057594037973989,0,1.87386,18993.78,-0.07179487,0.1542618,0.6092544,-0.0424479,0.5780984,0.59216,-0.1266344,0.4354393,0.5125838,-0.1687988,0.3489019,0.4562054,-0.0900057,0.2862803,0.4876869,-0.06441258,0.2806802,0.5048561,0.01174232,0.4834147,0.6312259,0.03997309,0.4744522,0.5501282,-0.06634375,0.4694988,0.5502748,-0.1056967,0.491861,0.5478975,-0.1019371,0.1495328,0.5649232,-0.1813389,0.3356448,0.439048,-0.1152099,0.08497986,0.4959191,-0.03765107,0.17117,0.6155596,-0.08581763,0.342216,0.517785,-0.04665599,0.0795221,0.5344714,-0.07340088,0.4628671,0.593646
72057594037973989,0,1.87386,18993.79,-0.07179487,0.1542618,0.6092544,-0.0424479,0.5780984,0.59216,-0.1266344,0.4354393,0.5125838,-0.1687988,0.3489019,0.4562054,-0.0900057,0.2862803,0.4876869,-0.06441258,0.2806802,0.5048561,0.01174232,0.4834147,0.6312259,0.03997309,0.4744522,0.5501282,-0.06634375,0.4694988,0.5502748,-0.1056967,0.491861,0.5478975,-0.1019371,0.1495328,0.5649232,-0.1813389,0.3356448,0.439048,-0.1152099,0.08497986,0.4959191,-0.03765107,0.17117,0.6155596,-0.08581763,0.342216,0.517785,-0.04665599,0.0795221,0.5344714,-0.07340088,0.4628671,0.593646
72057594037973989,0,1.852359,18993.79,-0.03303526,0.1774908,0.6220986,-0.02695748,0.5823727,0.5944521,-0.1081615,0.4470817,0.5200762,-0.1441569,0.3547465,0.4553223,-0.0415422,0.30478,0.4504143,0.0215333,0.2758682,0.4601591,0.03290637,0.4939756,0.6280261,0.06917277,0.4948054,0.5193449,-0.04398252,0.4884613,0.5127063,-0.1078556,0.5025555,0.5067788,-0.06683994,0.1708008,0.5789776,-0.1465849,0.3350052,0.4360478,-0.0909138,0.09388405,0.4974515,0.002347575,0.1947378,0.6270753,-0.07614412,0.3193416,0.5207866,-0.03164404,0.06933251,0.5474406,-0.05283932,0.4691612,0.5982476
72057594037973989,0,1.852359,18993.79,-0.03303526,0.1774908,0.6220986,-0.02695748,0.5823727,0.5944521,-0.1081615,0.4470817,0.5200762,-0.1441569,0.3547465,0.4553223,-0.0415422,0.30478,0.4504143,0.0215333,0.2758682,0.4601591,0.03290637,0.4939756,0.6280261,0.06917277,0.4948054,0.5193449,-0.04398252,0.4884613,0.5127063,-0.1078556,0.5025555,0.5067788,-0.06683994,0.1708008,0.5789776,-0.1465849,0.3350052,0.4360478,-0.0909138,0.09388405,0.4974515,0.002347575,0.1947378,0.6270753,-0.07614412,0.3193416,0.5207866,-0.03164404,0.06933251,0.5474406,-0.05283932,0.4691612,0.5982476
72057594037973989,0,1.852359,18993.79,-0.03303526,0.1774908,0.6220986,-0.02695748,0.5823727,0.5944521,-0.1081615,0.4470817,0.5200762,-0.1441569,0.3547465,0.4553223,-0.0415422,0.30478,0.4504143,0.0215333,0.2758682,0.4601591,0.03290637,0.4939756,0.6280261,0.06917277,0.4948054,0.5193449,-0.04398252,0.4884613,0.5127063,-0.1078556,0.5025555,0.5067788,-0.06683994,0.1708008,0.5789776,-0.1465849,0.3350052,0.4360478,-0.0909138,0.09388405,0.4974515,0.002347575,0.1947378,0.6270753,-0.07614412,0.3193416,0.5207866,-0.03164404,0.06933251,0.5474406,-0.05283932,0.4691612,0.5982476
72057594037973989,0,1.852359,18993.79,-0.03303526,0.1774908,0.6220986,-0.02695748,0.5823727,0.5944521,-0.1081615,0.4470817,0.5200762,-0.1441569,0.3547465,0.4553223,-0.0415422,0.30478,0.4504143,0.0215333,0.2758682,0.4601591,0.03290637,0.4939756,0.6280261,0.06917277,0.4948054,0.5193449,-0.04398252,0.4884613,0.5127063,-0.1078556,0.5025555,0.5067788,-0.06683994,0.1708008,0.5789776,-0.1465849,0.3350052,0.4360478,-0.0909138,0.09388405,0.4974515,0.002347575,0.1947378,0.6270753,-0.07614412,0.3193416,0.5207866,-0.03164404,0.06933251,0.5474406,-0.05283932,0.4691612,0.5982476
72057594037973989,0,1.852359,18993.8,-0.03303526,0.1774908,0.6220986,-0.02695748,0.5823727,0.5944521,-0.1081615,0.4470817,0.5200762,-0.1441569,0.3547465,0.4553223,-0.0415422,0.30478,0.4504143,0.0215333,0.2758682,0.4601591,0.03290637,0.4939756,0.6280261,0.06917277,0.4948054,0.5193449,-0.04398252,0.4884613,0.5127063,-0.1078556,0.5025555,0.5067788,-0.06683994,0.1708008,0.5789776,-0.1465849,0.3350052,0.4360478,-0.0909138,0.09388405,0.4974515,0.002347575,0.1947378,0.6270753,-0.07614412,0.3193416,0.5207866,-0.03164404,0.06933251,0.5474406,-0.05283932,0.4691612,0.5982476
72057594037973989,0,1.852359,18993.8,-0.03303526,0.1774908,0.6220986,-0.02695748,0.5823727,0.5944521,-0.1081615,0.4470817,0.5200762,-0.1441569,0.3547465,0.4553223,-0.0415422,0.30478,0.4504143,0.0215333,0.2758682,0.4601591,0.03290637,0.4939756,0.6280261,0.06917277,0.4948054,0.5193449,-0.04398252,0.4884613,0.5127063,-0.1078556,0.5025555,0.5067788,-0.06683994,0.1708008,0.5789776,-0.1465849,0.3350052,0.4360478,-0.0909138,0.09388405,0.4974515,0.002347575,0.1947378,0.6270753,-0.07614412,0.3193416,0.5207866,-0.03164404,0.06933251,0.5474406,-0.05283932,0.4691612,0.5982476
72057594037973989,0,1.852359,18993.8,-0.03303526,0.1774908,0.6220986,-0.02695748,0.5823727,0.5944521,-0.1081615,0.4470817,0.5200762,-0.1441569,0.3547465,0.4553223,-0.0415422,0.30478,0.4504143,0.0215333,0.2758682,0.4601591,0.03290637,0.4939756,0.6280261,0.06917277,0.4948054,0.5193449,-0.04398252,0.4884613,0.5127063,-0.1078556,0.5025555,0.5067788,-0.06683994,0.1708008,0.5789776,-0.1465849,0.3350052,0.4360478,-0.0909138,0.09388405,0.4974515,0.002347575,0.1947378,0.6270753,-0.07614412,0.3193416,0.5207866,-0.03164404,0.06933251,0.5474406,-0.05283932,0.4691612,0.5982476
72057594037973989,0,1.852359,18993.8,-0.03303526,0.1774908,0.6220986,-0.02695748,0.5823727,0.5944521,-0.1081615,0.4470817,0.5200762,-0.1441569,0.3547465,0.4553223,-0.0415422,0.30478,0.4504143,0.0215333,0.2758682,0.4601591,0.03290637,0.4939756,0.6280261,0.06917277,0.4948054,0.5193449,-0.04398252,0.4884613,0.5127063,-0.1078556,0.5025555,0.5067788,-0.06683994,0.1708008,0.5789776,-0.1465849,0.3350052,0.4360478,-0.0909138,0.09388405,0.4974515,0.002347575,0.1947378,0.6270753,-0.07614412,0.3193416,0.5207866,-0.03164404,0.06933251,0.5474406,-0.05283932,0.4691612,0.5982476
72057594037973989,0,1.852359,18993.81,-0.03303526,0.1774908,0.6220986,-0.02695748,0.5823727,0.5944521,-0.1081615,0.4470817,0.5200762,-0.1441569,0.3547465,0.4553223,-0.0415422,0.30478,0.4504143,0.0215333,0.2758682,0.4601591,0.03290637,0.4939756,0.6280261,0.06917277,0.4948054,0.5193449,-0.04398252,0.4884613,0.5127063,-0.1078556,0.5025555,0.5067788,-0.06683994,0.1708008,0.5789776,-0.1465849,0.3350052,0.4360478,-0.0909138,0.09388405,0.4974515,0.002347575,0.1947378,0.6270753,-0.07614412,0.3193416,0.5207866,-0.03164404,0.06933251,0.5474406,-0.05283932,0.4691612,0.5982476
72057594037973989,0,1.852359,18993.81,-0.03303526,0.1774908,0.6220986,-0.02695748,0.5823727,0.5944521,-0.1081615,0.4470817,0.5200762,-0.1441569,0.3547465,0.4553223,-0.0415422,0.30478,0.4504143,0.0215333,0.2758682,0.4601591,0.03290637,0.4939756,0.6280261,0.06917277,0.4948054,0.5193449,-0.04398252,0.4884613,0.5127063,-0.1078556,0.5025555,0.5067788,-0.06683994,0.1708008,0.5789776,-0.1465849,0.3350052,0.4360478,-0.0909138,0.09388405,0.4974515,0.002347575,0.1947378,0.6270753,-0.07614412,0.3193416,0.5207866,-0.03164404,0.06933251,0.5474406,-0.05283932,0.4691612,0.5982476
72057594037973989,0,1.852359,18993.81,-0.03303526,0.1774908,0.6220986,-0.02695748,0.5823727,0.5944521,-0.1081615,0.4470817,0.5200762,-0.1441569,0.3547465,0.4553223,-0.0415422,0.30478,0.4504143,0.0215333,0.2758682,0.4601591,0.03290637,0.4939756,0.6280261,0.06917277,0.4948054,0.5193449,-0.04398252,0.4884613,0.5127063,-0.1078556,0.5025555,0.5067788,-0.06683994,0.1708008,0.5789776,-0.1465849,0.3350052,0.4360478,-0.0909138,0.09388405,0.4974515,0.002347575,0.1947378,0.6270753,-0.07614412,0.3193416,0.5207866,-0.03164404,0.06933251,0.5474406,-0.05283932,0.4691612,0.5982476
72057594037973989,0,1.852359,18993.81,-0.03303526,0.1774908,0.6220986,-0.02695748,0.5823727,0.5944521,-0.1081615,0.4470817,0.5200762,-0.1441569,0.3547465,0.4553223,-0.0415422,0.30478,0.4504143,0.0215333,0.2758682,0.4601591,0.03290637,0.4939756,0.6280261,0.06917277,0.4948054,0.5193449,-0.04398252,0.4884613,0.5127063,-0.1078556,0.5025555,0.5067788,-0.06683994,0.1708008,0.5789776,-0.1465849,0.3350052,0.4360478,-0.0909138,0.09388405,0.4974515,0.002347575,0.1947378,0.6270753,-0.07614412,0.3193416,0.5207866,-0.03164404,0.06933251,0.5474406,-0.05283932,0.4691612,0.5982476
72057594037973989,0,1.852359,18993.82,-0.03303526,0.1774908,0.6220986,-0.02695748,0.5823727,0.5944521,-0.1081615,0.4470817,0.5200762,-0.1441569,0.3547465,0.4553223,-0.0415422,0.30478,0.4504143,0.0215333,0.2758682,0.4601591,0.03290637,0.4939756,0.6280261,0.06917277,0.4948054,0.5193449,-0.04398252,0.4884613,0.5127063,-0.1078556,0.5025555,0.5067788,-0.06683994,0.1708008,0.5789776,-0.1465849,0.3350052,0.4360478,-0.0909138,0.09388405,0.4974515,0.002347575,0.1947378,0.6270753,-0.07614412,0.3193416,0.5207866,-0.03164404,0.06933251,0.5474406,-0.05283932,0.4691612,0.5982476
72057594037973989,0,1.852359,18993.82,-0.03303526,0.1774908,0.6220986,-0.02695748,0.5823727,0.5944521,-0.1081615,0.4470817,0.5200762,-0.1441569,0.3547465,0.4553223,-0.0415422,0.30478,0.4504143,0.0215333,0.2758682,0.4601591,0.03290637,0.4939756,0.6280261,0.06917277,0.4948054,0.5193449,-0.04398252,0.4884613,0.5127063,-0.1078556,0.5025555,0.5067788,-0.06683994,0.1708008,0.5789776,-0.1465849,0.3350052,0.4360478,-0.0909138,0.09388405,0.4974515,0.002347575,0.1947378,0.6270753,-0.07614412,0.3193416,0.5207866,-0.03164404,0.06933251,0.5474406,-0.05283932,0.4691612,0.5982476
72057594037973989,0,1.803952,18993.82,-0.01405908,0.2092518,0.661387,-0.01025818,0.5862384,0.5978031,-0.1007255,0.4506961,0.5230592,-0.1236522,0.3554287,0.451907,-0.02340803,0.2965817,0.4500206,0.04217314,0.2873905,0.4348658,0.04031299,0.4970746,0.6272681,0.07819337,0.4958713,0.5298224,-0.03356928,0.4867967,0.5518991,-0.06716367,0.5057458,0.5582941,-0.04766684,0.2020463,0.6200451,-0.1358589,0.3310907,0.4391354,-0.0739717,0.09668869,0.5035632,0.0201354,0.2248683,0.6649876,-0.01758667,0.3381946,0.5287978,-0.02252305,0.08673719,0.5445695,-0.0518789,0.4700871,0.5983545
72057594037973989,0,1.803952,18993.83,-0.01405908,0.2092518,0.661387,-0.01025818,0.5862384,0.5978031,-0.1007255,0.4506961,0.5230592,-0.1236522,0.3554287,0.451907,-0.02340803,0.2965817,0.4500206,0.04217314,0.2873905,0.4348658,0.04031299,0.4970746,0.6272681,0.07819337,0.4958713,0.5298224,-0.03356928,0.4867967,0.5518991,-0.06716367,0.5057458,0.5582941,-0.04766684,0.2020463,0.6200451,-0.1358589,0.3310907,0.4391354,-0.0739717,0.09668869,0.5035632,0.0201354,0.2248683,0.6649876,-0.01758667,0.3381946,0.5287978,-0.02252305,0.08673719,0.5445695,-0.0518789,0.4700871,0.5983545
72057594037973989,0,1.803952,18993.83,-0.01405908,0.2092518,0.661387,-0.01025818,0.5862384,0.5978031,-0.1007255,0.4506961,0.5230592,-0.1236522,0.3554287,0.451907,-0.02340803,0.2965817,0.4500206,0.04217314,0.2873905,0.4348658,0.04031299,0.4970746,0.6272681,0.07819337,0.4958713,0.5298224,-0.03356928,0.4867967,0.5518991,-0.06716367,0.5057458,0.5582941,-0.04766684,0.2020463,0.6200451,-0.1358589,0.3310907,0.4391354,-0.0739717,0.09668869,0.5035632,0.0201354,0.2248683,0.6649876,-0.01758667,0.3381946,0.5287978,-0.02252305,0.08673719,0.5445695,-0.0518789,0.4700871,0.5983545
72057594037973989,0,1.803952,18993.83,-0.01405908,0.2092518,0.661387,-0.01025818,0.5862384,0.5978031,-0.1007255,0.4506961,0.5230592,-0.1236522,0.3554287,0.451907,-0.02340803,0.2965817,0.4500206,0.04217314,0.2873905,0.4348658,0.04031299,0.4970746,0.6272681,0.07819337,0.4958713,0.5298224,-0.03356928,0.4867967,0.5518991,-0.06716367,0.5057458,0.5582941,-0.04766684,0.2020463,0.6200451,-0.1358589,0.3310907,0.4391354,-0.0739717,0.09668869,0.5035632,0.0201354,0.2248683,0.6649876,-0.01758667,0.3381946,0.5287978,-0.02252305,0.08673719,0.5445695,-0.0518789,0.4700871,0.5983545
72057594037973989,0,1.803952,18993.83,-0.01405908,0.2092518,0.661387,-0.01025818,0.5862384,0.5978031,-0.1007255,0.4506961,0.5230592,-0.1236522,0.3554287,0.451907,-0.02340803,0.2965817,0.4500206,0.04217314,0.2873905,0.4348658,0.04031299,0.4970746,0.6272681,0.07819337,0.4958713,0.5298224,-0.03356928,0.4867967,0.5518991,-0.06716367,0.5057458,0.5582941,-0.04766684,0.2020463,0.6200451,-0.1358589,0.3310907,0.4391354,-0.0739717,0.09668869,0.5035632,0.0201354,0.2248683,0.6649876,-0.01758667,0.3381946,0.5287978,-0.02252305,0.08673719,0.5445695,-0.0518789,0.4700871,0.5983545
72057594037973989,0,1.803952,18993.83,-0.01405908,0.2092518,0.661387,-0.01025818,0.5862384,0.5978031,-0.1007255,0.4506961,0.5230592,-0.1236522,0.3554287,0.451907,-0.02340803,0.2965817,0.4500206,0.04217314,0.2873905,0.4348658,0.04031299,0.4970746,0.6272681,0.07819337,0.4958713,0.5298224,-0.03356928,0.4867967,0.5518991,-0.06716367,0.5057458,0.5582941,-0.04766684,0.2020463,0.6200451,-0.1358589,0.3310907,0.4391354,-0.0739717,0.09668869,0.5035632,0.0201354,0.2248683,0.6649876,-0.01758667,0.3381946,0.5287978,-0.02252305,0.08673719,0.5445695,-0.0518789,0.4700871,0.5983545
72057594037973989,0,1.803952,18993.84,-0.01405908,0.2092518,0.661387,-0.01025818,0.5862384,0.5978031,-0.1007255,0.4506961,0.5230592,-0.1236522,0.3554287,0.451907,-0.02340803,0.2965817,0.4500206,0.04217314,0.2873905,0.4348658,0.04031299,0.4970746,0.6272681,0.07819337,0.4958713,0.5298224,-0.03356928,0.4867967,0.5518991,-0.06716367,0.5057458,0.5582941,-0.04766684,0.2020463,0.6200451,-0.1358589,0.3310907,0.4391354,-0.0739717,0.09668869,0.5035632,0.0201354,0.2248683,0.6649876,-0.01758667,0.3381946,0.5287978,-0.02252305,0.08673719,0.5445695,-0.0518789,0.4700871,0.5983545
72057594037973989,0,1.803952,18993.84,-0.01405908,0.2092518,0.661387,-0.01025818,0.5862384,0.5978031,-0.1007255,0.4506961,0.5230592,-0.1236522,0.3554287,0.451907,-0.02340803,0.2965817,0.4500206,0.04217314,0.2873905,0.4348658,0.04031299,0.4970746,0.6272681,0.07819337,0.4958713,0.5298224,-0.03356928,0.4867967,0.5518991,-0.06716367,0.5057458,0.5582941,-0.04766684,0.2020463,0.6200451,-0.1358589,0.3310907,0.4391354,-0.0739717,0.09668869,0.5035632,0.0201354,0.2248683,0.6649876,-0.01758667,0.3381946,0.5287978,-0.02252305,0.08673719,0.5445695,-0.0518789,0.4700871,0.5983545
72057594037973989,0,1.803952,18993.84,-0.01405908,0.2092518,0.661387,-0.01025818,0.5862384,0.5978031,-0.1007255,0.4506961,0.5230592,-0.1236522,0.3554287,0.451907,-0.02340803,0.2965817,0.4500206,0.04217314,0.2873905,0.4348658,0.04031299,0.4970746,0.6272681,0.07819337,0.4958713,0.5298224,-0.03356928,0.4867967,0.5518991,-0.06716367,0.5057458,0.5582941,-0.04766684,0.2020463,0.6200451,-0.1358589,0.3310907,0.4391354,-0.0739717,0.09668869,0.5035632,0.0201354,0.2248683,0.6649876,-0.01758667,0.3381946,0.5287978,-0.02252305,0.08673719,0.5445695,-0.0518789,0.4700871,0.5983545
72057594037973989,0,1.803952,18993.84,-0.01405908,0.2092518,0.661387,-0.01025818,0.5862384,0.5978031,-0.1007255,0.4506961,0.5230592,-0.1236522,0.3554287,0.451907,-0.02340803,0.2965817,0.4500206,0.04217314,0.2873905,0.4348658,0.04031299,0.4970746,0.6272681,0.07819337,0.4958713,0.5298224,-0.03356928,0.4867967,0.5518991,-0.06716367,0.5057458,0.5582941,-0.04766684,0.2020463,0.6200451,-0.1358589,0.3310907,0.4391354,-0.0739717,0.09668869,0.5035632,0.0201354,0.2248683,0.6649876,-0.01758667,0.3381946,0.5287978,-0.02252305,0.08673719,0.5445695,-0.0518789,0.4700871,0.5983545
72057594037973989,0,1.803952,18993.85,-0.01405908,0.2092518,0.661387,-0.01025818,0.5862384,0.5978031,-0.1007255,0.4506961,0.5230592,-0.1236522,0.3554287,0.451907,-0.02340803,0.2965817,0.4500206,0.04217314,0.2873905,0.4348658,0.04031299,0.4970746,0.6272681,0.07819337,0.4958713,0.5298224,-0.03356928,0.4867967,0.5518991,-0.06716367,0.5057458,0.5582941,-0.04766684,0.2020463,0.6200451,-0.1358589,0.3310907,0.4391354,-0.0739717,0.09668869,0.5035632,0.0201354,0.2248683,0.6649876,-0.01758667,0.3381946,0.5287978,-0.02252305,0.08673719,0.5445695,-0.0518789,0.4700871,0.5983545
72057594037973989,0,1.803952,18993.85,-0.01405908,0.2092518,0.661387,-0.01025818,0.5862384,0.5978031,-0.1007255,0.4506961,0.5230592,-0.1236522,0.3554287,0.451907,-0.02340803,0.2965817,0.4500206,0.04217314,0.2873905,0.4348658,0.04031299,0.4970746,0.6272681,0.07819337,0.4958713,0.5298224,-0.03356928,0.4867967,0.5518991,-0.06716367,0.5057458,0.5582941,-0.04766684,0.2020463,0.6200451,-0.1358589,0.3310907,0.4391354,-0.0739717,0.09668869,0.5035632,0.0201354,0.2248683,0.6649876,-0.01758667,0.3381946,0.5287978,-0.02252305,0.08673719,0.5445695,-0.0518789,0.4700871,0.5983545
72057594037973989,0,1.803952,18993.85,-0.01405908,0.2092518,0.661387,-0.01025818,0.5862384,0.5978031,-0.1007255,0.4506961,0.5230592,-0.1236522,0.3554287,0.451907,-0.02340803,0.2965817,0.4500206,0.04217314,0.2873905,0.4348658,0.04031299,0.4970746,0.6272681,0.07819337,0.4958713,0.5298224,-0.03356928,0.4867967,0.5518991,-0.06716367,0.5057458,0.5582941,-0.04766684,0.2020463,0.6200451,-0.1358589,0.3310907,0.4391354,-0.0739717,0.09668869,0.5035632,0.0201354,0.2248683,0.6649876,-0.01758667,0.3381946,0.5287978,-0.02252305,0.08673719,0.5445695,-0.0518789,0.4700871,0.5983545
72057594037973989,0,1.803952,18993.85,-0.01405908,0.2092518,0.661387,-0.01025818,0.5862384,0.5978031,-0.1007255,0.4506961,0.5230592,-0.1236522,0.3554287,0.451907,-0.02340803,0.2965817,0.4500206,0.04217314,0.2873905,0.4348658,0.04031299,0.4970746,0.6272681,0.07819337,0.4958713,0.5298224,-0.03356928,0.4867967,0.5518991,-0.06716367,0.5057458,0.5582941,-0.04766684,0.2020463,0.6200451,-0.1358589,0.3310907,0.4391354,-0.0739717,0.09668869,0.5035632,0.0201354,0.2248683,0.6649876,-0.01758667,0.3381946,0.5287978,-0.02252305,0.08673719,0.5445695,-0.0518789,0.4700871,0.5983545
72057594037973989,0,1.80434,18993.86,-0.01429015,0.2083004,0.6613489,0.004348681,0.5895829,0.6024611,-0.06910839,0.4647291,0.5405627,-0.09529766,0.3695635,0.4659638,-0.05202767,0.2632323,0.4324166,-0.0475637,0.2628101,0.4311032,0.0661087,0.5031133,0.6306307,0.09244309,0.4859199,0.5418608,-0.02238246,0.487499,0.5635314,-0.04922888,0.5082833,0.5676928,-0.04810072,0.2012033,0.6206778,-0.08874603,0.3931495,0.4923746,-0.06907859,0.1485941,0.5128934,0.02006391,0.2236244,0.664703,0.003380886,0.283347,0.4963225,-0.006548966,0.05312032,0.5680756,-0.01260661,0.4839468,0.6119252
72057594037973989,0,1.80434,18993.86,-0.01429015,0.2083004,0.6613489,0.004348681,0.5895829,0.6024611,-0.06910839,0.4647291,0.5405627,-0.09529766,0.3695635,0.4659638,-0.05202767,0.2632323,0.4324166,-0.0475637,0.2628101,0.4311032,0.0661087,0.5031133,0.6306307,0.09244309,0.4859199,0.5418608,-0.02238246,0.487499,0.5635314,-0.04922888,0.5082833,0.5676928,-0.04810072,0.2012033,0.6206778,-0.08874603,0.3931495,0.4923746,-0.06907859,0.1485941,0.5128934,0.02006391,0.2236244,0.664703,0.003380886,0.283347,0.4963225,-0.006548966,0.05312032,0.5680756,-0.01260661,0.4839468,0.6119252
72057594037973989,0,1.80434,18993.86,-0.01429015,0.2083004,0.6613489,0.004348681,0.5895829,0.6024611,-0.06910839,0.4647291,0.5405627,-0.09529766,0.3695635,0.4659638,-0.05202767,0.2632323,0.4324166,-0.0475637,0.2628101,0.4311032,0.0661087,0.5031133,0.6306307,0.09244309,0.4859199,0.5418608,-0.02238246,0.487499,0.5635314,-0.04922888,0.5082833,0.5676928,-0.04810072,0.2012033,0.6206778,-0.08874603,0.3931495,0.4923746,-0.06907859,0.1485941,0.5128934,0.02006391,0.2236244,0.664703,0.003380886,0.283347,0.4963225,-0.006548966,0.05312032,0.5680756,-0.01260661,0.4839468,0.6119252
72057594037973989,0,1.80434,18993.87,-0.01429015,0.2083004,0.6613489,0.004348681,0.5895829,0.6024611,-0.06910839,0.4647291,0.5405627,-0.09529766,0.3695635,0.4659638,-0.05202767,0.2632323,0.4324166,-0.0475637,0.2628101,0.4311032,0.0661087,0.5031133,0.6306307,0.09244309,0.4859199,0.5418608,-0.02238246,0.487499,0.5635314,-0.04922888,0.5082833,0.5676928,-0.04810072,0.2012033,0.6206778,-0.08874603,0.3931495,0.4923746,-0.06907859,0.1485941,0.5128934,0.02006391,0.2236244,0.664703,0.003380886,0.283347,0.4963225,-0.006548966,0.05312032,0.5680756,-0.01260661,0.4839468,0.6119252
72057594037973989,0,1.80434,18993.87,-0.01429015,0.2083004,0.6613489,0.004348681,0.5895829,0.6024611,-0.06910839,0.4647291,0.5405627,-0.09529766,0.3695635,0.4659638,-0.05202767,0.2632323,0.4324166,-0.0475637,0.2628101,0.4311032,0.0661087,0.5031133,0.6306307,0.09244309,0.4859199,0.5418608,-0.02238246,0.487499,0.5635314,-0.04922888,0.5082833,0.5676928,-0.04810072,0.2012033,0.6206778,-0.08874603,0.3931495,0.4923746,-0.06907859,0.1485941,0.5128934,0.02006391,0.2236244,0.664703,0.003380886,0.283347,0.4963225,-0.006548966,0.05312032,0.5680756,-0.01260661,0.4839468,0.6119252
72057594037973989,0,1.80434,18993.87,-0.01429015,0.2083004,0.6613489,0.004348681,0.5895829,0.6024611,-0.06910839,0.4647291,0.5405627,-0.09529766,0.3695635,0.4659638,-0.05202767,0.2632323,0.4324166,-0.0475637,0.2628101,0.4311032,0.0661087,0.5031133,0.6306307,0.09244309,0.4859199,0.5418608,-0.02238246,0.487499,0.5635314,-0.04922888,0.5082833,0.5676928,-0.04810072,0.2012033,0.6206778,-0.08874603,0.3931495,0.4923746,-0.06907859,0.1485941,0.5128934,0.02006391,0.2236244,0.664703,0.003380886,0.283347,0.4963225,-0.006548966,0.05312032,0.5680756,-0.01260661,0.4839468,0.6119252
72057594037973989,0,1.80434,18993.87,-0.01429015,0.2083004,0.6613489,0.004348681,0.5895829,0.6024611,-0.06910839,0.4647291,0.5405627,-0.09529766,0.3695635,0.4659638,-0.05202767,0.2632323,0.4324166,-0.0475637,0.2628101,0.4311032,0.0661087,0.5031133,0.6306307,0.09244309,0.4859199,0.5418608,-0.02238246,0.487499,0.5635314,-0.04922888,0.5082833,0.5676928,-0.04810072,0.2012033,0.6206778,-0.08874603,0.3931495,0.4923746,-0.06907859,0.1485941,0.5128934,0.02006391,0.2236244,0.664703,0.003380886,0.283347,0.4963225,-0.006548966,0.05312032,0.5680756,-0.01260661,0.4839468,0.6119252
72057594037973989,0,1.80434,18993.88,-0.01429015,0.2083004,0.6613489,0.004348681,0.5895829,0.6024611,-0.06910839,0.4647291,0.5405627,-0.09529766,0.3695635,0.4659638,-0.05202767,0.2632323,0.4324166,-0.0475637,0.2628101,0.4311032,0.0661087,0.5031133,0.6306307,0.09244309,0.4859199,0.5418608,-0.02238246,0.487499,0.5635314,-0.04922888,0.5082833,0.5676928,-0.04810072,0.2012033,0.6206778,-0.08874603,0.3931495,0.4923746,-0.06907859,0.1485941,0.5128934,0.02006391,0.2236244,0.664703,0.003380886,0.283347,0.4963225,-0.006548966,0.05312032,0.5680756,-0.01260661,0.4839468,0.6119252
72057594037973989,0,1.80434,18993.88,-0.01429015,0.2083004,0.6613489,0.004348681,0.5895829,0.6024611,-0.06910839,0.4647291,0.5405627,-0.09529766,0.3695635,0.4659638,-0.05202767,0.2632323,0.4324166,-0.0475637,0.2628101,0.4311032,0.0661087,0.5031133,0.6306307,0.09244309,0.4859199,0.5418608,-0.02238246,0.487499,0.5635314,-0.04922888,0.5082833,0.5676928,-0.04810072,0.2012033,0.6206778,-0.08874603,0.3931495,0.4923746,-0.06907859,0.1485941,0.5128934,0.02006391,0.2236244,0.664703,0.003380886,0.283347,0.4963225,-0.006548966,0.05312032,0.5680756,-0.01260661,0.4839468,0.6119252
72057594037973989,0,1.80434,18993.88,-0.01429015,0.2083004,0.6613489,0.004348681,0.5895829,0.6024611,-0.06910839,0.4647291,0.5405627,-0.09529766,0.3695635,0.4659638,-0.05202767,0.2632323,0.4324166,-0.0475637,0.2628101,0.4311032,0.0661087,0.5031133,0.6306307,0.09244309,0.4859199,0.5418608,-0.02238246,0.487499,0.5635314,-0.04922888,0.5082833,0.5676928,-0.04810072,0.2012033,0.6206778,-0.08874603,0.3931495,0.4923746,-0.06907859,0.1485941,0.5128934,0.02006391,0.2236244,0.664703,0.003380886,0.283347,0.4963225,-0.006548966,0.05312032,0.5680756,-0.01260661,0.4839468,0.6119252
72057594037973989,0,1.80434,18993.88,-0.01429015,0.2083004,0.6613489,0.004348681,0.5895829,0.6024611,-0.06910839,0.4647291,0.5405627,-0.09529766,0.3695635,0.4659638,-0.05202767,0.2632323,0.4324166,-0.0475637,0.2628101,0.4311032,0.0661087,0.5031133,0.6306307,0.09244309,0.4859199,0.5418608,-0.02238246,0.487499,0.5635314,-0.04922888,0.5082833,0.5676928,-0.04810072,0.2012033,0.6206778,-0.08874603,0.3931495,0.4923746,-0.06907859,0.1485941,0.5128934,0.02006391,0.2236244,0.664703,0.003380886,0.283347,0.4963225,-0.006548966,0.05312032,0.5680756,-0.01260661,0.4839468,0.6119252
72057594037973989,0,1.80434,18993.88,-0.01429015,0.2083004,0.6613489,0.004348681,0.5895829,0.6024611,-0.06910839,0.4647291,0.5405627,-0.09529766,0.3695635,0.4659638,-0.05202767,0.2632323,0.4324166,-0.0475637,0.2628101,0.4311032,0.0661087,0.5031133,0.6306307,0.09244309,0.4859199,0.5418608,-0.02238246,0.487499,0.5635314,-0.04922888,0.5082833,0.5676928,-0.04810072,0.2012033,0.6206778,-0.08874603,0.3931495,0.4923746,-0.06907859,0.1485941,0.5128934,0.02006391,0.2236244,0.664703,0.003380886,0.283347,0.4963225,-0.006548966,0.05312032,0.5680756,-0.01260661,0.4839468,0.6119252
72057594037973989,0,1.80434,18993.89,-0.01429015,0.2083004,0.6613489,0.004348681,0.5895829,0.6024611,-0.06910839,0.4647291,0.5405627,-0.09529766,0.3695635,0.4659638,-0.05202767,0.2632323,0.4324166,-0.0475637,0.2628101,0.4311032,0.0661087,0.5031133,0.6306307,0.09244309,0.4859199,0.5418608,-0.02238246,0.487499,0.5635314,-0.04922888,0.5082833,0.5676928,-0.04810072,0.2012033,0.6206778,-0.08874603,0.3931495,0.4923746,-0.06907859,0.1485941,0.5128934,0.02006391,0.2236244,0.664703,0.003380886,0.283347,0.4963225,-0.006548966,0.05312032,0.5680756,-0.01260661,0.4839468,0.6119252
72057594037973989,0,1.802208,18993.89,-0.01806073,0.2037863,0.6654655,0.01942896,0.5908145,0.6085421,-0.06303874,0.4648052,0.5438015,-0.07018991,0.3678815,0.4648086,-0.03803249,0.2561512,0.4322915,-0.01985374,0.2325068,0.4263213,0.07694612,0.5033861,0.6348973,0.1049578,0.4829175,0.5463932,-0.006114079,0.4980835,0.5810856,-0.02388136,0.5236265,0.5789419,-0.05240015,0.1967957,0.6274921,-0.07544897,0.3919411,0.5016723,-0.06283674,0.1486426,0.5221204,0.01684869,0.2191464,0.6668817,0.04209388,0.3299723,0.5302275,0.03169315,0.08997223,0.5634711,-0.007320182,0.4829808,0.6144948
72057594037973989,0,1.802208,18993.89,-0.01806073,0.2037863,0.6654655,0.01942896,0.5908145,0.6085421,-0.06303874,0.4648052,0.5438015,-0.07018991,0.3678815,0.4648086,-0.03803249,0.2561512,0.4322915,-0.01985374,0.2325068,0.4263213,0.07694612,0.5033861,0.6348973,0.1049578,0.4829175,0.5463932,-0.006114079,0.4980835,0.5810856,-0.02388136,0.5236265,0.5789419,-0.05240015,0.1967957,0.6274921,-0.07544897,0.3919411,0.5016723,-0.06283674,0.1486426,0.5221204,0.01684869,0.2191464,0.6668817,0.04209388,0.3299723,0.5302275,0.03169315,0.08997223,0.5634711,-0.007320182,0.4829808,0.6144948
72057594037973989,0,1.802208,18993.89,-0.01806073,0.2037863,0.6654655,0.01942896,0.5908145,0.6085421,-0.06303874,0.4648052,0.5438015,-0.07018991,0.3678815,0.4648086,-0.03803249,0.2561512,0.4322915,-0.01985374,0.2325068,0.4263213,0.07694612,0.5033861,0.6348973,0.1049578,0.4829175,0.5463932,-0.006114079,0.4980835,0.5810856,-0.02388136,0.5236265,0.5789419,-0.05240015,0.1967957,0.6274921,-0.07544897,0.3919411,0.5016723,-0.06283674,0.1486426,0.5221204,0.01684869,0.2191464,0.6668817,0.04209388,0.3299723,0.5302275,0.03169315,0.08997223,0.5634711,-0.007320182,0.4829808,0.6144948
72057594037973989,0,1.802208,18993.89,-0.01806073,0.2037863,0.6654655,0.01942896,0.5908145,0.6085421,-0.06303874,0.4648052,0.5438015,-0.07018991,0.3678815,0.4648086,-0.03803249,0.2561512,0.4322915,-0.01985374,0.2325068,0.4263213,0.07694612,0.5033861,0.6348973,0.1049578,0.4829175,0.5463932,-0.006114079,0.4980835,0.5810856,-0.02388136,0.5236265,0.5789419,-0.05240015,0.1967957,0.6274921,-0.07544897,0.3919411,0.5016723,-0.06283674,0.1486426,0.5221204,0.01684869,0.2191464,0.6668817,0.04209388,0.3299723,0.5302275,0.03169315,0.08997223,0.5634711,-0.007320182,0.4829808,0.6144948
72057594037973989,0,1.802208,18993.9,-0.01806073,0.2037863,0.6654655,0.01942896,0.5908145,0.6085421,-0.06303874,0.4648052,0.5438015,-0.07018991,0.3678815,0.4648086,-0.03803249,0.2561512,0.4322915,-0.01985374,0.2325068,0.4263213,0.07694612,0.5033861,0.6348973,0.1049578,0.4829175,0.5463932,-0.006114079,0.4980835,0.5810856,-0.02388136,0.5236265,0.5789419,-0.05240015,0.1967957,0.6274921,-0.07544897,0.3919411,0.5016723,-0.06283674,0.1486426,0.5221204,0.01684869,0.2191464,0.6668817,0.04209388,0.3299723,0.5302275,0.03169315,0.08997223,0.5634711,-0.007320182,0.4829808,0.6144948
72057594037973989,0,1.802208,18993.9,-0.01806073,0.2037863,0.6654655,0.01942896,0.5908145,0.6085421,-0.06303874,0.4648052,0.5438015,-0.07018991,0.3678815,0.4648086,-0.03803249,0.2561512,0.4322915,-0.01985374,0.2325068,0.4263213,0.07694612,0.5033861,0.6348973,0.1049578,0.4829175,0.5463932,-0.006114079,0.4980835,0.5810856,-0.02388136,0.5236265,0.5789419,-0.05240015,0.1967957,0.6274921,-0.07544897,0.3919411,0.5016723,-0.06283674,0.1486426,0.5221204,0.01684869,0.2191464,0.6668817,0.04209388,0.3299723,0.5302275,0.03169315,0.08997223,0.5634711,-0.007320182,0.4829808,0.6144948
72057594037973989,0,1.802208,18993.9,-0.01806073,0.2037863,0.6654655,0.01942896,0.5908145,0.6085421,-0.06303874,0.4648052,0.5438015,-0.07018991,0.3678815,0.4648086,-0.03803249,0.2561512,0.4322915,-0.01985374,0.2325068,0.4263213,0.07694612,0.5033861,0.6348973,0.1049578,0.4829175,0.5463932,-0.006114079,0.4980835,0.5810856,-0.02388136,0.5236265,0.5789419,-0.05240015,0.1967957,0.6274921,-0.07544897,0.3919411,0.5016723,-0.06283674,0.1486426,0.5221204,0.01684869,0.2191464,0.6668817,0.04209388,0.3299723,0.5302275,0.03169315,0.08997223,0.5634711,-0.007320182,0.4829808,0.6144948
72057594037973989,0,1.802208,18993.9,-0.01806073,0.2037863,0.6654655,0.01942896,0.5908145,0.6085421,-0.06303874,0.4648052,0.5438015,-0.07018991,0.3678815,0.4648086,-0.03803249,0.2561512,0.4322915,-0.01985374,0.2325068,0.4263213,0.07694612,0.5033861,0.6348973,0.1049578,0.4829175,0.5463932,-0.006114079,0.4980835,0.5810856,-0.02388136,0.5236265,0.5789419,-0.05240015,0.1967957,0.6274921,-0.07544897,0.3919411,0.5016723,-0.06283674,0.1486426,0.5221204,0.01684869,0.2191464,0.6668817,0.04209388,0.3299723,0.5302275,0.03169315,0.08997223,0.5634711,-0.007320182,0.4829808,0.6144948
72057594037973989,0,1.802208,18993.91,-0.01806073,0.2037863,0.6654655,0.01942896,0.5908145,0.6085421,-0.06303874,0.4648052,0.5438015,-0.07018991,0.3678815,0.4648086,-0.03803249,0.2561512,0.4322915,-0.01985374,0.2325068,0.4263213,0.07694612,0.5033861,0.6348973,0.1049578,0.4829175,0.5463932,-0.006114079,0.4980835,0.5810856,-0.02388136,0.5236265,0.5789419,-0.05240015,0.1967957,0.6274921,-0.07544897,0.3919411,0.5016723,-0.06283674,0.1486426,0.5221204,0.01684869,0.2191464,0.6668817,0.04209388,0.3299723,0.5302275,0.03169315,0.08997223,0.5634711,-0.007320182,0.4829808,0.6144948
72057594037973989,0,1.802208,18993.91,-0.01806073,0.2037863,0.6654655,0.01942896,0.5908145,0.6085421,-0.06303874,0.4648052,0.5438015,-0.07018991,0.3678815,0.4648086,-0.03803249,0.2561512,0.4322915,-0.01985374,0.2325068,0.4263213,0.07694612,0.5033861,0.6348973,0.1049578,0.4829175,0.5463932,-0.006114079,0.4980835,0.5810856,-0.02388136,0.5236265,0.5789419,-0.05240015,0.1967957,0.6274921,-0.07544897,0.3919411,0.5016723,-0.06283674,0.1486426,0.5221204,0.01684869,0.2191464,0.6668817,0.04209388,0.3299723,0.5302275,0.03169315,0.08997223,0.5634711,-0.007320182,0.4829808,0.6144948
72057594037973989,0,1.802208,18993.91,-0.01806073,0.2037863,0.6654655,0.01942896,0.5908145,0.6085421,-0.06303874,0.4648052,0.5438015,-0.07018991,0.3678815,0.4648086,-0.03803249,0.2561512,0.4322915,-0.01985374,0.2325068,0.4263213,0.07694612,0.5033861,0.6348973,0.1049578,0.4829175,0.5463932,-0.006114079,0.4980835,0.5810856,-0.02388136,0.5236265,0.5789419,-0.05240015,0.1967957,0.6274921,-0.07544897,0.3919411,0.5016723,-0.06283674,0.1486426,0.5221204,0.01684869,0.2191464,0.6668817,0.04209388,0.3299723,0.5302275,0.03169315,0.08997223,0.5634711,-0.007320182,0.4829808,0.6144948
72057594037973989,0,1.802208,18993.91,-0.01806073,0.2037863,0.6654655,0.01942896,0.5908145,0.6085421,-0.06303874,0.4648052,0.5438015,-0.07018991,0.3678815,0.4648086,-0.03803249,0.2561512,0.4322915,-0.01985374,0.2325068,0.4263213,0.07694612,0.5033861,0.6348973,0.1049578,0.4829175,0.5463932,-0.006114079,0.4980835,0.5810856,-0.02388136,0.5236265,0.5789419,-0.05240015,0.1967957,0.6274921,-0.07544897,0.3919411,0.5016723,-0.06283674,0.1486426,0.5221204,0.01684869,0.2191464,0.6668817,0.04209388,0.3299723,0.5302275,0.03169315,0.08997223,0.5634711,-0.007320182,0.4829808,0.6144948
72057594037973989,0,1.802208,18993.92,-0.01806073,0.2037863,0.6654655,0.01942896,0.5908145,0.6085421,-0.06303874,0.4648052,0.5438015,-0.07018991,0.3678815,0.4648086,-0.03803249,0.2561512,0.4322915,-0.01985374,0.2325068,0.4263213,0.07694612,0.5033861,0.6348973,0.1049578,0.4829175,0.5463932,-0.006114079,0.4980835,0.5810856,-0.02388136,0.5236265,0.5789419,-0.05240015,0.1967957,0.6274921,-0.07544897,0.3919411,0.5016723,-0.06283674,0.1486426,0.5221204,0.01684869,0.2191464,0.6668817,0.04209388,0.3299723,0.5302275,0.03169315,0.08997223,0.5634711,-0.007320182,0.4829808,0.6144948
72057594037973989,0,1.802208,18993.92,-0.01806073,0.2037863,0.6654655,0.01942896,0.5908145,0.6085421,-0.06303874,0.4648052,0.5438015,-0.07018991,0.3678815,0.4648086,-0.03803249,0.2561512,0.4322915,-0.01985374,0.2325068,0.4263213,0.07694612,0.5033861,0.6348973,0.1049578,0.4829175,0.5463932,-0.006114079,0.4980835,0.5810856,-0.02388136,0.5236265,0.5789419,-0.05240015,0.1967957,0.6274921,-0.07544897,0.3919411,0.5016723,-0.06283674,0.1486426,0.5221204,0.01684869,0.2191464,0.6668817,0.04209388,0.3299723,0.5302275,0.03169315,0.08997223,0.5634711,-0.007320182,0.4829808,0.6144948
72057594037973989,0,1.860839,18993.92,-5.17923E-05,0.1621273,0.6192906,0.03898094,0.588531,0.6189801,-0.02302509,0.4610448,0.5459148,-0.03586357,0.3523714,0.4830036,-0.005090442,0.2435851,0.4354745,0.01177326,0.2277942,0.4257791,0.09214354,0.506071,0.6447314,0.1371436,0.4733131,0.5670396,0.02563384,0.4963305,0.6017394,-0.01180708,0.5299463,0.5914904,-0.02992803,0.1556448,0.5897741,-0.0136632,0.3678198,0.5041102,-0.04262689,0.1314077,0.5220204,0.02978826,0.179798,0.6118038,0.07254998,0.3361485,0.5584558,0.06453052,0.1015311,0.5923952,0.005621796,0.4819703,0.6192775
72057594037973989,0,1.860839,18993.92,-5.17923E-05,0.1621273,0.6192906,0.03898094,0.588531,0.6189801,-0.02302509,0.4610448,0.5459148,-0.03586357,0.3523714,0.4830036,-0.005090442,0.2435851,0.4354745,0.01177326,0.2277942,0.4257791,0.09214354,0.506071,0.6447314,0.1371436,0.4733131,0.5670396,0.02563384,0.4963305,0.6017394,-0.01180708,0.5299463,0.5914904,-0.02992803,0.1556448,0.5897741,-0.0136632,0.3678198,0.5041102,-0.04262689,0.1314077,0.5220204,0.02978826,0.179798,0.6118038,0.07254998,0.3361485,0.5584558,0.06453052,0.1015311,0.5923952,0.005621796,0.4819703,0.6192775
72057594037973989,0,1.860839,18993.93,-5.17923E-05,0.1621273,0.6192906,0.03898094,0.588531,0.6189801,-0.02302509,0.4610448,0.5459148,-0.03586357,0.3523714,0.4830036,-0.005090442,0.2435851,0.4354745,0.01177326,0.2277942,0.4257791,0.09214354,0.506071,0.6447314,0.1371436,0.4733131,0.5670396,0.02563384,0.4963305,0.6017394,-0.01180708,0.5299463,0.5914904,-0.02992803,0.1556448,0.5897741,-0.0136632,0.3678198,0.5041102,-0.04262689,0.1314077,0.5220204,0.02978826,0.179798,0.6118038,0.07254998,0.3361485,0.5584558,0.06453052,0.1015311,0.5923952,0.005621796,0.4819703,0.6192775
72057594037973989,0,1.860839,18993.93,-5.17923E-05,0.1621273,0.6192906,0.03898094,0.588531,0.6189801,-0.02302509,0.4610448,0.5459148,-0.03586357,0.3523714,0.4830036,-0.005090442,0.2435851,0.4354745,0.01177326,0.2277942,0.4257791,0.09214354,0.506071,0.6447314,0.1371436,0.4733131,0.5670396,0.02563384,0.4963305,0.6017394,-0.01180708,0.5299463,0.5914904,-0.02992803,0.1556448,0.5897741,-0.0136632,0.3678198,0.5041102,-0.04262689,0.1314077,0.5220204,0.02978826,0.179798,0.6118038,0.07254998,0.3361485,0.5584558,0.06453052,0.1015311,0.5923952,0.005621796,0.4819703,0.6192775
72057594037973989,0,1.860839,18993.93,-5.17923E-05,0.1621273,0.6192906,0.03898094,0.588531,0.6189801,-0.02302509,0.4610448,0.5459148,-0.03586357,0.3523714,0.4830036,-0.005090442,0.2435851,0.4354745,0.01177326,0.2277942,0.4257791,0.09214354,0.506071,0.6447314,0.1371436,0.4733131,0.5670396,0.02563384,0.4963305,0.6017394,-0.01180708,0.5299463,0.5914904,-0.02992803,0.1556448,0.5897741,-0.0136632,0.3678198,0.5041102,-0.04262689,0.1314077,0.5220204,0.02978826,0.179798,0.6118038,0.07254998,0.3361485,0.5584558,0.06453052,0.1015311,0.5923952,0.005621796,0.4819703,0.6192775
72057594037973989,0,1.860839,18993.93,-5.17923E-05,0.1621273,0.6192906,0.03898094,0.588531,0.6189801,-0.02302509,0.4610448,0.5459148,-0.03586357,0.3523714,0.4830036,-0.005090442,0.2435851,0.4354745,0.01177326,0.2277942,0.4257791,0.09214354,0.506071,0.6447314,0.1371436,0.4733131,0.5670396,0.02563384,0.4963305,0.6017394,-0.01180708,0.5299463,0.5914904,-0.02992803,0.1556448,0.5897741,-0.0136632,0.3678198,0.5041102,-0.04262689,0.1314077,0.5220204,0.02978826,0.179798,0.6118038,0.07254998,0.3361485,0.5584558,0.06453052,0.1015311,0.5923952,0.005621796,0.4819703,0.6192775
72057594037973989,0,1.860839,18993.94,-5.17923E-05,0.1621273,0.6192906,0.03898094,0.588531,0.6189801,-0.02302509,0.4610448,0.5459148,-0.03586357,0.3523714,0.4830036,-0.005090442,0.2435851,0.4354745,0.01177326,0.2277942,0.4257791,0.09214354,0.506071,0.6447314,0.1371436,0.4733131,0.5670396,0.02563384,0.4963305,0.6017394,-0.01180708,0.5299463,0.5914904,-0.02992803,0.1556448,0.5897741,-0.0136632,0.3678198,0.5041102,-0.04262689,0.1314077,0.5220204,0.02978826,0.179798,0.6118038,0.07254998,0.3361485,0.5584558,0.06453052,0.1015311,0.5923952,0.005621796,0.4819703,0.6192775
72057594037973989,0,1.860839,18993.94,-5.17923E-05,0.1621273,0.6192906,0.03898094,0.588531,0.6189801,-0.02302509,0.4610448,0.5459148,-0.03586357,0.3523714,0.4830036,-0.005090442,0.2435851,0.4354745,0.01177326,0.2277942,0.4257791,0.09214354,0.506071,0.6447314,0.1371436,0.4733131,0.5670396,0.02563384,0.4963305,0.6017394,-0.01180708,0.5299463,0.5914904,-0.02992803,0.1556448,0.5897741,-0.0136632,0.3678198,0.5041102,-0.04262689,0.1314077,0.5220204,0.02978826,0.179798,0.6118038,0.07254998,0.3361485,0.5584558,0.06453052,0.1015311,0.5923952,0.005621796,0.4819703,0.6192775
72057594037973989,0,1.860839,18993.94,-5.17923E-05,0.1621273,0.6192906,0.03898094,0.588531,0.6189801,-0.02302509,0.4610448,0.5459148,-0.03586357,0.3523714,0.4830036,-0.005090442,0.2435851,0.4354745,0.01177326,0.2277942,0.4257791,0.09214354,0.506071,0.6447314,0.1371436,0.4733131,0.5670396,0.02563384,0.4963305,0.6017394,-0.01180708,0.5299463,0.5914904,-0.02992803,0.1556448,0.5897741,-0.0136632,0.3678198,0.5041102,-0.04262689,0.1314077,0.5220204,0.02978826,0.179798,0.6118038,0.07254998,0.3361485,0.5584558,0.06453052,0.1015311,0.5923952,0.005621796,0.4819703,0.6192775
72057594037973989,0,1.860839,18993.94,-5.17923E-05,0.1621273,0.6192906,0.03898094,0.588531,0.6189801,-0.02302509,0.4610448,0.5459148,-0.03586357,0.3523714,0.4830036,-0.005090442,0.2435851,0.4354745,0.01177326,0.2277942,0.4257791,0.09214354,0.506071,0.6447314,0.1371436,0.4733131,0.5670396,0.02563384,0.4963305,0.6017394,-0.01180708,0.5299463,0.5914904,-0.02992803,0.1556448,0.5897741,-0.0136632,0.3678198,0.5041102,-0.04262689,0.1314077,0.5220204,0.02978826,0.179798,0.6118038,0.07254998,0.3361485,0.5584558,0.06453052,0.1015311,0.5923952,0.005621796,0.4819703,0.6192775
72057594037973989,0,1.860839,18993.95,-5.17923E-05,0.1621273,0.6192906,0.03898094,0.588531,0.6189801,-0.02302509,0.4610448,0.5459148,-0.03586357,0.3523714,0.4830036,-0.005090442,0.2435851,0.4354745,0.01177326,0.2277942,0.4257791,0.09214354,0.506071,0.6447314,0.1371436,0.4733131,0.5670396,0.02563384,0.4963305,0.6017394,-0.01180708,0.5299463,0.5914904,-0.02992803,0.1556448,0.5897741,-0.0136632,0.3678198,0.5041102,-0.04262689,0.1314077,0.5220204,0.02978826,0.179798,0.6118038,0.07254998,0.3361485,0.5584558,0.06453052,0.1015311,0.5923952,0.005621796,0.4819703,0.6192775
72057594037973989,0,1.860839,18993.95,-5.17923E-05,0.1621273,0.6192906,0.03898094,0.588531,0.6189801,-0.02302509,0.4610448,0.5459148,-0.03586357,0.3523714,0.4830036,-0.005090442,0.2435851,0.4354745,0.01177326,0.2277942,0.4257791,0.09214354,0.506071,0.6447314,0.1371436,0.4733131,0.5670396,0.02563384,0.4963305,0.6017394,-0.01180708,0.5299463,0.5914904,-0.02992803,0.1556448,0.5897741,-0.0136632,0.3678198,0.5041102,-0.04262689,0.1314077,0.5220204,0.02978826,0.179798,0.6118038,0.07254998,0.3361485,0.5584558,0.06453052,0.1015311,0.5923952,0.005621796,0.4819703,0.6192775
72057594037973989,0,1.860839,18993.95,-5.17923E-05,0.1621273,0.6192906,0.03898094,0.588531,0.6189801,-0.02302509,0.4610448,0.5459148,-0.03586357,0.3523714,0.4830036,-0.005090442,0.2435851,0.4354745,0.01177326,0.2277942,0.4257791,0.09214354,0.506071,0.6447314,0.1371436,0.4733131,0.5670396,0.02563384,0.4963305,0.6017394,-0.01180708,0.5299463,0.5914904,-0.02992803,0.1556448,0.5897741,-0.0136632,0.3678198,0.5041102,-0.04262689,0.1314077,0.5220204,0.02978826,0.179798,0.6118038,0.07254998,0.3361485,0.5584558,0.06453052,0.1015311,0.5923952,0.005621796,0.4819703,0.6192775
72057594037973989,0,1.860839,18993.95,-5.17923E-05,0.1621273,0.6192906,0.03898094,0.588531,0.6189801,-0.02302509,0.4610448,0.5459148,-0.03586357,0.3523714,0.4830036,-0.005090442,0.2435851,0.4354745,0.01177326,0.2277942,0.4257791,0.09214354,0.506071,0.6447314,0.1371436,0.4733131,0.5670396,0.02563384,0.4963305,0.6017394,-0.01180708,0.5299463,0.5914904,-0.02992803,0.1556448,0.5897741,-0.0136632,0.3678198,0.5041102,-0.04262689,0.1314077,0.5220204,0.02978826,0.179798,0.6118038,0.07254998,0.3361485,0.5584558,0.06453052,0.1015311,0.5923952,0.005621796,0.4819703,0.6192775
72057594037973989,0,1.830037,18993.96,0.01606747,0.2117465,0.6326568,0.05226353,0.5860776,0.6267217,-0.02828608,0.4616215,0.5512813,-0.02869672,0.3541727,0.4825963,0.01337944,0.2734723,0.4331752,0.03279343,0.230547,0.4278853,0.09908189,0.5039871,0.6482663,0.1500996,0.4772334,0.5712971,0.03446525,0.5008583,0.5972859,-0.009857579,0.5366318,0.5988517,-0.01791621,0.2073074,0.6015044,-0.04946887,0.3216712,0.4715911,-0.03338273,0.06686062,0.5366113,0.04895123,0.2244493,0.6262829,0.01255071,0.3165925,0.4803536,0.03385041,0.1019455,0.5627148,0.0118912,0.4805613,0.6209654
72057594037973989,0,1.830037,18993.96,0.01606747,0.2117465,0.6326568,0.05226353,0.5860776,0.6267217,-0.02828608,0.4616215,0.5512813,-0.02869672,0.3541727,0.4825963,0.01337944,0.2734723,0.4331752,0.03279343,0.230547,0.4278853,0.09908189,0.5039871,0.6482663,0.1500996,0.4772334,0.5712971,0.03446525,0.5008583,0.5972859,-0.009857579,0.5366318,0.5988517,-0.01791621,0.2073074,0.6015044,-0.04946887,0.3216712,0.4715911,-0.03338273,0.06686062,0.5366113,0.04895123,0.2244493,0.6262829,0.01255071,0.3165925,0.4803536,0.03385041,0.1019455,0.5627148,0.0118912,0.4805613,0.6209654
72057594037973989,0,1.830037,18993.96,0.01606747,0.2117465,0.6326568,0.05226353,0.5860776,0.6267217,-0.02828608,0.4616215,0.5512813,-0.02869672,0.3541727,0.4825963,0.01337944,0.2734723,0.4331752,0.03279343,0.230547,0.4278853,0.09908189,0.5039871,0.6482663,0.1500996,0.4772334,0.5712971,0.03446525,0.5008583,0.5972859,-0.009857579,0.5366318,0.5988517,-0.01791621,0.2073074,0.6015044,-0.04946887,0.3216712,0.4715911,-0.03338273,0.06686062,0.5366113,0.04895123,0.2244493,0.6262829,0.01255071,0.3165925,0.4803536,0.03385041,0.1019455,0.5627148,0.0118912,0.4805613,0.6209654
72057594037973989,0,1.830037,18993.96,0.01606747,0.2117465,0.6326568,0.05226353,0.5860776,0.6267217,-0.02828608,0.4616215,0.5512813,-0.02869672,0.3541727,0.4825963,0.01337944,0.2734723,0.4331752,0.03279343,0.230547,0.4278853,0.09908189,0.5039871,0.6482663,0.1500996,0.4772334,0.5712971,0.03446525,0.5008583,0.5972859,-0.009857579,0.5366318,0.5988517,-0.01791621,0.2073074,0.6015044,-0.04946887,0.3216712,0.4715911,-0.03338273,0.06686062,0.5366113,0.04895123,0.2244493,0.6262829,0.01255071,0.3165925,0.4803536,0.03385041,0.1019455,0.5627148,0.0118912,0.4805613,0.6209654
72057594037973989,0,1.830037,18993.96,0.01606747,0.2117465,0.6326568,0.05226353,0.5860776,0.6267217,-0.02828608,0.4616215,0.5512813,-0.02869672,0.3541727,0.4825963,0.01337944,0.2734723,0.4331752,0.03279343,0.230547,0.4278853,0.09908189,0.5039871,0.6482663,0.1500996,0.4772334,0.5712971,0.03446525,0.5008583,0.5972859,-0.009857579,0.5366318,0.5988517,-0.01791621,0.2073074,0.6015044,-0.04946887,0.3216712,0.4715911,-0.03338273,0.06686062,0.5366113,0.04895123,0.2244493,0.6262829,0.01255071,0.3165925,0.4803536,0.03385041,0.1019455,0.5627148,0.0118912,0.4805613,0.6209654
72057594037973989,0,1.830037,18993.97,0.01606747,0.2117465,0.6326568,0.05226353,0.5860776,0.6267217,-0.02828608,0.4616215,0.5512813,-0.02869672,0.3541727,0.4825963,0.01337944,0.2734723,0.4331752,0.03279343,0.230547,0.4278853,0.09908189,0.5039871,0.6482663,0.1500996,0.4772334,0.5712971,0.03446525,0.5008583,0.5972859,-0.009857579,0.5366318,0.5988517,-0.01791621,0.2073074,0.6015044,-0.04946887,0.3216712,0.4715911,-0.03338273,0.06686062,0.5366113,0.04895123,0.2244493,0.6262829,0.01255071,0.3165925,0.4803536,0.03385041,0.1019455,0.5627148,0.0118912,0.4805613,0.6209654
72057594037973989,0,1.830037,18993.97,0.01606747,0.2117465,0.6326568,0.05226353,0.5860776,0.6267217,-0.02828608,0.4616215,0.5512813,-0.02869672,0.3541727,0.4825963,0.01337944,0.2734723,0.4331752,0.03279343,0.230547,0.4278853,0.09908189,0.5039871,0.6482663,0.1500996,0.4772334,0.5712971,0.03446525,0.5008583,0.5972859,-0.009857579,0.5366318,0.5988517,-0.01791621,0.2073074,0.6015044,-0.04946887,0.3216712,0.4715911,-0.03338273,0.06686062,0.5366113,0.04895123,0.2244493,0.6262829,0.01255071,0.3165925,0.4803536,0.03385041,0.1019455,0.5627148,0.0118912,0.4805613,0.6209654
72057594037973989,0,1.830037,18993.97,0.01606747,0.2117465,0.6326568,0.05226353,0.5860776,0.6267217,-0.02828608,0.4616215,0.5512813,-0.02869672,0.3541727,0.4825963,0.01337944,0.2734723,0.4331752,0.03279343,0.230547,0.4278853,0.09908189,0.5039871,0.6482663,0.1500996,0.4772334,0.5712971,0.03446525,0.5008583,0.5972859,-0.009857579,0.5366318,0.5988517,-0.01791621,0.2073074,0.6015044,-0.04946887,0.3216712,0.4715911,-0.03338273,0.06686062,0.5366113,0.04895123,0.2244493,0.6262829,0.01255071,0.3165925,0.4803536,0.03385041,0.1019455,0.5627148,0.0118912,0.4805613,0.6209654
72057594037973989,0,1.830037,18993.97,0.01606747,0.2117465,0.6326568,0.05226353,0.5860776,0.6267217,-0.02828608,0.4616215,0.5512813,-0.02869672,0.3541727,0.4825963,0.01337944,0.2734723,0.4331752,0.03279343,0.230547,0.4278853,0.09908189,0.5039871,0.6482663,0.1500996,0.4772334,0.5712971,0.03446525,0.5008583,0.5972859,-0.009857579,0.5366318,0.5988517,-0.01791621,0.2073074,0.6015044,-0.04946887,0.3216712,0.4715911,-0.03338273,0.06686062,0.5366113,0.04895123,0.2244493,0.6262829,0.01255071,0.3165925,0.4803536,0.03385041,0.1019455,0.5627148,0.0118912,0.4805613,0.6209654
72057594037973989,0,1.830037,18993.98,0.01606747,0.2117465,0.6326568,0.05226353,0.5860776,0.6267217,-0.02828608,0.4616215,0.5512813,-0.02869672,0.3541727,0.4825963,0.01337944,0.2734723,0.4331752,0.03279343,0.230547,0.4278853,0.09908189,0.5039871,0.6482663,0.1500996,0.4772334,0.5712971,0.03446525,0.5008583,0.5972859,-0.009857579,0.5366318,0.5988517,-0.01791621,0.2073074,0.6015044,-0.04946887,0.3216712,0.4715911,-0.03338273,0.06686062,0.5366113,0.04895123,0.2244493,0.6262829,0.01255071,0.3165925,0.4803536,0.03385041,0.1019455,0.5627148,0.0118912,0.4805613,0.6209654
72057594037973989,0,1.830037,18993.98,0.01606747,0.2117465,0.6326568,0.05226353,0.5860776,0.6267217,-0.02828608,0.4616215,0.5512813,-0.02869672,0.3541727,0.4825963,0.01337944,0.2734723,0.4331752,0.03279343,0.230547,0.4278853,0.09908189,0.5039871,0.6482663,0.1500996,0.4772334,0.5712971,0.03446525,0.5008583,0.5972859,-0.009857579,0.5366318,0.5988517,-0.01791621,0.2073074,0.6015044,-0.04946887,0.3216712,0.4715911,-0.03338273,0.06686062,0.5366113,0.04895123,0.2244493,0.6262829,0.01255071,0.3165925,0.4803536,0.03385041,0.1019455,0.5627148,0.0118912,0.4805613,0.6209654
72057594037973989,0,1.830037,18993.98,0.01606747,0.2117465,0.6326568,0.05226353,0.5860776,0.6267217,-0.02828608,0.4616215,0.5512813,-0.02869672,0.3541727,0.4825963,0.01337944,0.2734723,0.4331752,0.03279343,0.230547,0.4278853,0.09908189,0.5039871,0.6482663,0.1500996,0.4772334,0.5712971,0.03446525,0.5008583,0.5972859,-0.009857579,0.5366318,0.5988517,-0.01791621,0.2073074,0.6015044,-0.04946887,0.3216712,0.4715911,-0.03338273,0.06686062,0.5366113,0.04895123,0.2244493,0.6262829,0.01255071,0.3165925,0.4803536,0.03385041,0.1019455,0.5627148,0.0118912,0.4805613,0.6209654
72057594037973989,0,1.830037,18993.98,0.01606747,0.2117465,0.6326568,0.05226353,0.5860776,0.6267217,-0.02828608,0.4616215,0.5512813,-0.02869672,0.3541727,0.4825963,0.01337944,0.2734723,0.4331752,0.03279343,0.230547,0.4278853,0.09908189,0.5039871,0.6482663,0.1500996,0.4772334,0.5712971,0.03446525,0.5008583,0.5972859,-0.009857579,0.5366318,0.5988517,-0.01791621,0.2073074,0.6015044,-0.04946887,0.3216712,0.4715911,-0.03338273,0.06686062,0.5366113,0.04895123,0.2244493,0.6262829,0.01255071,0.3165925,0.4803536,0.03385041,0.1019455,0.5627148,0.0118912,0.4805613,0.6209654
72057594037973989,0,1.830037,18993.99,0.01606747,0.2117465,0.6326568,0.05226353,0.5860776,0.6267217,-0.02828608,0.4616215,0.5512813,-0.02869672,0.3541727,0.4825963,0.01337944,0.2734723,0.4331752,0.03279343,0.230547,0.4278853,0.09908189,0.5039871,0.6482663,0.1500996,0.4772334,0.5712971,0.03446525,0.5008583,0.5972859,-0.009857579,0.5366318,0.5988517,-0.01791621,0.2073074,0.6015044,-0.04946887,0.3216712,0.4715911,-0.03338273,0.06686062,0.5366113,0.04895123,0.2244493,0.6262829,0.01255071,0.3165925,0.4803536,0.03385041,0.1019455,0.5627148,0.0118912,0.4805613,0.6209654
72057594037973989,0,1.822919,18993.99,0.04501307,0.1859659,0.6515102,0.06685652,0.5830474,0.6373713,-0.01132059,0.4571598,0.5756714,-0.01252732,0.3562744,0.4955843,0.03690583,0.2573053,0.4369028,0.05752091,0.2128068,0.4297894,0.1256005,0.4950707,0.664238,0.166162,0.4759572,0.5779037,0.04832636,0.5001611,0.5999131,2.039914E-05,0.5329769,0.6067125,0.01640075,0.1953835,0.6225446,0.007620594,0.299075,0.4718953,-0.01427267,0.08154666,0.541308,0.07340039,0.1821049,0.6452178,0.04918817,0.2373128,0.4605476,0.04800909,0.04916298,0.5843649,0.05393105,0.4631848,0.6486909
72057594037973989,0,1.822919,18993.99,0.04501307,0.1859659,0.6515102,0.06685652,0.5830474,0.6373713,-0.01132059,0.4571598,0.5756714,-0.01252732,0.3562744,0.4955843,0.03690583,0.2573053,0.4369028,0.05752091,0.2128068,0.4297894,0.1256005,0.4950707,0.664238,0.166162,0.4759572,0.5779037,0.04832636,0.5001611,0.5999131,2.039914E-05,0.5329769,0.6067125,0.01640075,0.1953835,0.6225446,0.007620594,0.299075,0.4718953,-0.01427267,0.08154666,0.541308,0.07340039,0.1821049,0.6452178,0.04918817,0.2373128,0.4605476,0.04800909,0.04916298,0.5843649,0.05393105,0.4631848,0.6486909
72057594037973989,0,1.822919,18993.99,0.04501307,0.1859659,0.6515102,0.06685652,0.5830474,0.6373713,-0.01132059,0.4571598,0.5756714,-0.01252732,0.3562744,0.4955843,0.03690583,0.2573053,0.4369028,0.05752091,0.2128068,0.4297894,0.1256005,0.4950707,0.664238,0.166162,0.4759572,0.5779037,0.04832636,0.5001611,0.5999131,2.039914E-05,0.5329769,0.6067125,0.01640075,0.1953835,0.6225446,0.007620594,0.299075,0.4718953,-0.01427267,0.08154666,0.541308,0.07340039,0.1821049,0.6452178,0.04918817,0.2373128,0.4605476,0.04800909,0.04916298,0.5843649,0.05393105,0.4631848,0.6486909
72057594037973989,0,1.822919,18994,0.04501307,0.1859659,0.6515102,0.06685652,0.5830474,0.6373713,-0.01132059,0.4571598,0.5756714,-0.01252732,0.3562744,0.4955843,0.03690583,0.2573053,0.4369028,0.05752091,0.2128068,0.4297894,0.1256005,0.4950707,0.664238,0.166162,0.4759572,0.5779037,0.04832636,0.5001611,0.5999131,2.039914E-05,0.5329769,0.6067125,0.01640075,0.1953835,0.6225446,0.007620594,0.299075,0.4718953,-0.01427267,0.08154666,0.541308,0.07340039,0.1821049,0.6452178,0.04918817,0.2373128,0.4605476,0.04800909,0.04916298,0.5843649,0.05393105,0.4631848,0.6486909
72057594037973989,0,1.822919,18994,0.04501307,0.1859659,0.6515102,0.06685652,0.5830474,0.6373713,-0.01132059,0.4571598,0.5756714,-0.01252732,0.3562744,0.4955843,0.03690583,0.2573053,0.4369028,0.05752091,0.2128068,0.4297894,0.1256005,0.4950707,0.664238,0.166162,0.4759572,0.5779037,0.04832636,0.5001611,0.5999131,2.039914E-05,0.5329769,0.6067125,0.01640075,0.1953835,0.6225446,0.007620594,0.299075,0.4718953,-0.01427267,0.08154666,0.541308,0.07340039,0.1821049,0.6452178,0.04918817,0.2373128,0.4605476,0.04800909,0.04916298,0.5843649,0.05393105,0.4631848,0.6486909
72057594037973989,0,1.822919,18994,0.04501307,0.1859659,0.6515102,0.06685652,0.5830474,0.6373713,-0.01132059,0.4571598,0.5756714,-0.01252732,0.3562744,0.4955843,0.03690583,0.2573053,0.4369028,0.05752091,0.2128068,0.4297894,0.1256005,0.4950707,0.664238,0.166162,0.4759572,0.5779037,0.04832636,0.5001611,0.5999131,2.039914E-05,0.5329769,0.6067125,0.01640075,0.1953835,0.6225446,0.007620594,0.299075,0.4718953,-0.01427267,0.08154666,0.541308,0.07340039,0.1821049,0.6452178,0.04918817,0.2373128,0.4605476,0.04800909,0.04916298,0.5843649,0.05393105,0.4631848,0.6486909
72057594037973989,0,1.822919,18994,0.04501307,0.1859659,0.6515102,0.06685652,0.5830474,0.6373713,-0.01132059,0.4571598,0.5756714,-0.01252732,0.3562744,0.4955843,0.03690583,0.2573053,0.4369028,0.05752091,0.2128068,0.4297894,0.1256005,0.4950707,0.664238,0.166162,0.4759572,0.5779037,0.04832636,0.5001611,0.5999131,2.039914E-05,0.5329769,0.6067125,0.01640075,0.1953835,0.6225446,0.007620594,0.299075,0.4718953,-0.01427267,0.08154666,0.541308,0.07340039,0.1821049,0.6452178,0.04918817,0.2373128,0.4605476,0.04800909,0.04916298,0.5843649,0.05393105,0.4631848,0.6486909
72057594037973989,0,1.822919,18994.01,0.04501307,0.1859659,0.6515102,0.06685652,0.5830474,0.6373713,-0.01132059,0.4571598,0.5756714,-0.01252732,0.3562744,0.4955843,0.03690583,0.2573053,0.4369028,0.05752091,0.2128068,0.4297894,0.1256005,0.4950707,0.664238,0.166162,0.4759572,0.5779037,0.04832636,0.5001611,0.5999131,2.039914E-05,0.5329769,0.6067125,0.01640075,0.1953835,0.6225446,0.007620594,0.299075,0.4718953,-0.01427267,0.08154666,0.541308,0.07340039,0.1821049,0.6452178,0.04918817,0.2373128,0.4605476,0.04800909,0.04916298,0.5843649,0.05393105,0.4631848,0.6486909
72057594037973989,0,1.822919,18994.01,0.04501307,0.1859659,0.6515102,0.06685652,0.5830474,0.6373713,-0.01132059,0.4571598,0.5756714,-0.01252732,0.3562744,0.4955843,0.03690583,0.2573053,0.4369028,0.05752091,0.2128068,0.4297894,0.1256005,0.4950707,0.664238,0.166162,0.4759572,0.5779037,0.04832636,0.5001611,0.5999131,2.039914E-05,0.5329769,0.6067125,0.01640075,0.1953835,0.6225446,0.007620594,0.299075,0.4718953,-0.01427267,0.08154666,0.541308,0.07340039,0.1821049,0.6452178,0.04918817,0.2373128,0.4605476,0.04800909,0.04916298,0.5843649,0.05393105,0.4631848,0.6486909
72057594037973989,0,1.822919,18994.01,0.04501307,0.1859659,0.6515102,0.06685652,0.5830474,0.6373713,-0.01132059,0.4571598,0.5756714,-0.01252732,0.3562744,0.4955843,0.03690583,0.2573053,0.4369028,0.05752091,0.2128068,0.4297894,0.1256005,0.4950707,0.664238,0.166162,0.4759572,0.5779037,0.04832636,0.5001611,0.5999131,2.039914E-05,0.5329769,0.6067125,0.01640075,0.1953835,0.6225446,0.007620594,0.299075,0.4718953,-0.01427267,0.08154666,0.541308,0.07340039,0.1821049,0.6452178,0.04918817,0.2373128,0.4605476,0.04800909,0.04916298,0.5843649,0.05393105,0.4631848,0.6486909
72057594037973989,0,1.822919,18994.01,0.04501307,0.1859659,0.6515102,0.06685652,0.5830474,0.6373713,-0.01132059,0.4571598,0.5756714,-0.01252732,0.3562744,0.4955843,0.03690583,0.2573053,0.4369028,0.05752091,0.2128068,0.4297894,0.1256005,0.4950707,0.664238,0.166162,0.4759572,0.5779037,0.04832636,0.5001611,0.5999131,2.039914E-05,0.5329769,0.6067125,0.01640075,0.1953835,0.6225446,0.007620594,0.299075,0.4718953,-0.01427267,0.08154666,0.541308,0.07340039,0.1821049,0.6452178,0.04918817,0.2373128,0.4605476,0.04800909,0.04916298,0.5843649,0.05393105,0.4631848,0.6486909
72057594037973989,0,1.822919,18994.01,0.04501307,0.1859659,0.6515102,0.06685652,0.5830474,0.6373713,-0.01132059,0.4571598,0.5756714,-0.01252732,0.3562744,0.4955843,0.03690583,0.2573053,0.4369028,0.05752091,0.2128068,0.4297894,0.1256005,0.4950707,0.664238,0.166162,0.4759572,0.5779037,0.04832636,0.5001611,0.5999131,2.039914E-05,0.5329769,0.6067125,0.01640075,0.1953835,0.6225446,0.007620594,0.299075,0.4718953,-0.01427267,0.08154666,0.541308,0.07340039,0.1821049,0.6452178,0.04918817,0.2373128,0.4605476,0.04800909,0.04916298,0.5843649,0.05393105,0.4631848,0.6486909
72057594037973989,0,1.822919,18994.02,0.04501307,0.1859659,0.6515102,0.06685652,0.5830474,0.6373713,-0.01132059,0.4571598,0.5756714,-0.01252732,0.3562744,0.4955843,0.03690583,0.2573053,0.4369028,0.05752091,0.2128068,0.4297894,0.1256005,0.4950707,0.664238,0.166162,0.4759572,0.5779037,0.04832636,0.5001611,0.5999131,2.039914E-05,0.5329769,0.6067125,0.01640075,0.1953835,0.6225446,0.007620594,0.299075,0.4718953,-0.01427267,0.08154666,0.541308,0.07340039,0.1821049,0.6452178,0.04918817,0.2373128,0.4605476,0.04800909,0.04916298,0.5843649,0.05393105,0.4631848,0.6486909
72057594037973989,0,1.822919,18994.02,0.04501307,0.1859659,0.6515102,0.06685652,0.5830474,0.6373713,-0.01132059,0.4571598,0.5756714,-0.01252732,0.3562744,0.4955843,0.03690583,0.2573053,0.4369028,0.05752091,0.2128068,0.4297894,0.1256005,0.4950707,0.664238,0.166162,0.4759572,0.5779037,0.04832636,0.5001611,0.5999131,2.039914E-05,0.5329769,0.6067125,0.01640075,0.1953835,0.6225446,0.007620594,0.299075,0.4718953,-0.01427267,0.08154666,0.541308,0.07340039,0.1821049,0.6452178,0.04918817,0.2373128,0.4605476,0.04800909,0.04916298,0.5843649,0.05393105,0.4631848,0.6486909
72057594037973989,0,1.813864,18994.02,0.0522468,0.1880095,0.6607521,0.08078002,0.5805497,0.6509746,-0.007604598,0.4569421,0.5817391,-0.004514468,0.3542637,0.5036671,0.04492275,0.2552431,0.4445185,0.07210749,0.210079,0.4385932,0.1255867,0.4952528,0.6642483,0.1858013,0.4678013,0.5941661,0.06673673,0.4949241,0.6095014,0.01499921,0.5313976,0.6180173,0.02236297,0.1972776,0.6300005,-0.007364289,0.3240753,0.5133374,-0.01983548,0.103631,0.5891924,0.08013505,0.1858742,0.6550107,0.08218215,0.1784596,0.4581512,0.06446923,0.01941979,0.6074082,0.05565133,0.4629619,0.6507702
72057594037973989,0,1.813864,18994.03,0.0522468,0.1880095,0.6607521,0.08078002,0.5805497,0.6509746,-0.007604598,0.4569421,0.5817391,-0.004514468,0.3542637,0.5036671,0.04492275,0.2552431,0.4445185,0.07210749,0.210079,0.4385932,0.1255867,0.4952528,0.6642483,0.1858013,0.4678013,0.5941661,0.06673673,0.4949241,0.6095014,0.01499921,0.5313976,0.6180173,0.02236297,0.1972776,0.6300005,-0.007364289,0.3240753,0.5133374,-0.01983548,0.103631,0.5891924,0.08013505,0.1858742,0.6550107,0.08218215,0.1784596,0.4581512,0.06446923,0.01941979,0.6074082,0.05565133,0.4629619,0.6507702
72057594037973989,0,1.813864,18994.03,0.0522468,0.1880095,0.6607521,0.08078002,0.5805497,0.6509746,-0.007604598,0.4569421,0.5817391,-0.004514468,0.3542637,0.5036671,0.04492275,0.2552431,0.4445185,0.07210749,0.210079,0.4385932,0.1255867,0.4952528,0.6642483,0.1858013,0.4678013,0.5941661,0.06673673,0.4949241,0.6095014,0.01499921,0.5313976,0.6180173,0.02236297,0.1972776,0.6300005,-0.007364289,0.3240753,0.5133374,-0.01983548,0.103631,0.5891924,0.08013505,0.1858742,0.6550107,0.08218215,0.1784596,0.4581512,0.06446923,0.01941979,0.6074082,0.05565133,0.4629619,0.6507702
72057594037973989,0,1.813864,18994.03,0.0522468,0.1880095,0.6607521,0.08078002,0.5805497,0.6509746,-0.007604598,0.4569421,0.5817391,-0.004514468,0.3542637,0.5036671,0.04492275,0.2552431,0.4445185,0.07210749,0.210079,0.4385932,0.1255867,0.4952528,0.6642483,0.1858013,0.4678013,0.5941661,0.06673673,0.4949241,0.6095014,0.01499921,0.5313976,0.6180173,0.02236297,0.1972776,0.6300005,-0.007364289,0.3240753,0.5133374,-0.01983548,0.103631,0.5891924,0.08013505,0.1858742,0.6550107,0.08218215,0.1784596,0.4581512,0.06446923,0.01941979,0.6074082,0.05565133,0.4629619,0.6507702
72057594037973989,0,1.813864,18994.03,0.0522468,0.1880095,0.6607521,0.08078002,0.5805497,0.6509746,-0.007604598,0.4569421,0.5817391,-0.004514468,0.3542637,0.5036671,0.04492275,0.2552431,0.4445185,0.07210749,0.210079,0.4385932,0.1255867,0.4952528,0.6642483,0.1858013,0.4678013,0.5941661,0.06673673,0.4949241,0.6095014,0.01499921,0.5313976,0.6180173,0.02236297,0.1972776,0.6300005,-0.007364289,0.3240753,0.5133374,-0.01983548,0.103631,0.5891924,0.08013505,0.1858742,0.6550107,0.08218215,0.1784596,0.4581512,0.06446923,0.01941979,0.6074082,0.05565133,0.4629619,0.6507702
72057594037973989,0,1.813864,18994.04,0.0522468,0.1880095,0.6607521,0.08078002,0.5805497,0.6509746,-0.007604598,0.4569421,0.5817391,-0.004514468,0.3542637,0.5036671,0.04492275,0.2552431,0.4445185,0.07210749,0.210079,0.4385932,0.1255867,0.4952528,0.6642483,0.1858013,0.4678013,0.5941661,0.06673673,0.4949241,0.6095014,0.01499921,0.5313976,0.6180173,0.02236297,0.1972776,0.6300005,-0.007364289,0.3240753,0.5133374,-0.01983548,0.103631,0.5891924,0.08013505,0.1858742,0.6550107,0.08218215,0.1784596,0.4581512,0.06446923,0.01941979,0.6074082,0.05565133,0.4629619,0.6507702
72057594037973989,0,1.813864,18994.04,0.0522468,0.1880095,0.6607521,0.08078002,0.5805497,0.6509746,-0.007604598,0.4569421,0.5817391,-0.004514468,0.3542637,0.5036671,0.04492275,0.2552431,0.4445185,0.07210749,0.210079,0.4385932,0.1255867,0.4952528,0.6642483,0.1858013,0.4678013,0.5941661,0.06673673,0.4949241,0.6095014,0.01499921,0.5313976,0.6180173,0.02236297,0.1972776,0.6300005,-0.007364289,0.3240753,0.5133374,-0.01983548,0.103631,0.5891924,0.08013505,0.1858742,0.6550107,0.08218215,0.1784596,0.4581512,0.06446923,0.01941979,0.6074082,0.05565133,0.4629619,0.6507702
72057594037973989,0,1.813864,18994.04,0.0522468,0.1880095,0.6607521,0.08078002,0.5805497,0.6509746,-0.007604598,0.4569421,0.5817391,-0.004514468,0.3542637,0.5036671,0.04492275,0.2552431,0.4445185,0.07210749,0.210079,0.4385932,0.1255867,0.4952528,0.6642483,0.1858013,0.4678013,0.5941661,0.06673673,0.4949241,0.6095014,0.01499921,0.5313976,0.6180173,0.02236297,0.1972776,0.6300005,-0.007364289,0.3240753,0.5133374,-0.01983548,0.103631,0.5891924,0.08013505,0.1858742,0.6550107,0.08218215,0.1784596,0.4581512,0.06446923,0.01941979,0.6074082,0.05565133,0.4629619,0.6507702
72057594037973989,0,1.813864,18994.04,0.0522468,0.1880095,0.6607521,0.08078002,0.5805497,0.6509746,-0.007604598,0.4569421,0.5817391,-0.004514468,0.3542637,0.5036671,0.04492275,0.2552431,0.4445185,0.07210749,0.210079,0.4385932,0.1255867,0.4952528,0.6642483,0.1858013,0.4678013,0.5941661,0.06673673,0.4949241,0.6095014,0.01499921,0.5313976,0.6180173,0.02236297,0.1972776,0.6300005,-0.007364289,0.3240753,0.5133374,-0.01983548,0.103631,0.5891924,0.08013505,0.1858742,0.6550107,0.08218215,0.1784596,0.4581512,0.06446923,0.01941979,0.6074082,0.05565133,0.4629619,0.6507702
72057594037973989,0,1.813864,18994.04,0.0522468,0.1880095,0.6607521,0.08078002,0.5805497,0.6509746,-0.007604598,0.4569421,0.5817391,-0.004514468,0.3542637,0.5036671,0.04492275,0.2552431,0.4445185,0.07210749,0.210079,0.4385932,0.1255867,0.4952528,0.6642483,0.1858013,0.4678013,0.5941661,0.06673673,0.4949241,0.6095014,0.01499921,0.5313976,0.6180173,0.02236297,0.1972776,0.6300005,-0.007364289,0.3240753,0.5133374,-0.01983548,0.103631,0.5891924,0.08013505,0.1858742,0.6550107,0.08218215,0.1784596,0.4581512,0.06446923,0.01941979,0.6074082,0.05565133,0.4629619,0.6507702
72057594037973989,0,1.813864,18994.05,0.0522468,0.1880095,0.6607521,0.08078002,0.5805497,0.6509746,-0.007604598,0.4569421,0.5817391,-0.004514468,0.3542637,0.5036671,0.04492275,0.2552431,0.4445185,0.07210749,0.210079,0.4385932,0.1255867,0.4952528,0.6642483,0.1858013,0.4678013,0.5941661,0.06673673,0.4949241,0.6095014,0.01499921,0.5313976,0.6180173,0.02236297,0.1972776,0.6300005,-0.007364289,0.3240753,0.5133374,-0.01983548,0.103631,0.5891924,0.08013505,0.1858742,0.6550107,0.08218215,0.1784596,0.4581512,0.06446923,0.01941979,0.6074082,0.05565133,0.4629619,0.6507702
72057594037973989,0,1.813864,18994.05,0.0522468,0.1880095,0.6607521,0.08078002,0.5805497,0.6509746,-0.007604598,0.4569421,0.5817391,-0.004514468,0.3542637,0.5036671,0.04492275,0.2552431,0.4445185,0.07210749,0.210079,0.4385932,0.1255867,0.4952528,0.6642483,0.1858013,0.4678013,0.5941661,0.06673673,0.4949241,0.6095014,0.01499921,0.5313976,0.6180173,0.02236297,0.1972776,0.6300005,-0.007364289,0.3240753,0.5133374,-0.01983548,0.103631,0.5891924,0.08013505,0.1858742,0.6550107,0.08218215,0.1784596,0.4581512,0.06446923,0.01941979,0.6074082,0.05565133,0.4629619,0.6507702
72057594037973989,0,1.813864,18994.05,0.0522468,0.1880095,0.6607521,0.08078002,0.5805497,0.6509746,-0.007604598,0.4569421,0.5817391,-0.004514468,0.3542637,0.5036671,0.04492275,0.2552431,0.4445185,0.07210749,0.210079,0.4385932,0.1255867,0.4952528,0.6642483,0.1858013,0.4678013,0.5941661,0.06673673,0.4949241,0.6095014,0.01499921,0.5313976,0.6180173,0.02236297,0.1972776,0.6300005,-0.007364289,0.3240753,0.5133374,-0.01983548,0.103631,0.5891924,0.08013505,0.1858742,0.6550107,0.08218215,0.1784596,0.4581512,0.06446923,0.01941979,0.6074082,0.05565133,0.4629619,0.6507702
72057594037973989,0,1.812133,18994.05,0.05846659,0.1924357,0.6610717,0.09622447,0.5794913,0.6667826,0.01308814,0.4538451,0.6104137,0.009095627,0.3528959,0.5301473,0.04898164,0.2564701,0.4598208,0.07884812,0.2086753,0.4530829,0.1599171,0.4898403,0.6920711,0.1966926,0.4733933,0.6032495,0.07903937,0.4995886,0.6265817,0.03409193,0.5358176,0.6346058,0.02552162,0.1994957,0.6285379,0.008289509,0.327036,0.5060045,-0.004508687,0.1051079,0.5824116,0.09078799,0.1948098,0.6586479,0.09081402,0.1893642,0.4801334,0.08456039,0.041118,0.5862607,0.07378094,0.4632456,0.6684664
72057594037973989,0,1.812133,18994.06,0.05846659,0.1924357,0.6610717,0.09622447,0.5794913,0.6667826,0.01308814,0.4538451,0.6104137,0.009095627,0.3528959,0.5301473,0.04898164,0.2564701,0.4598208,0.07884812,0.2086753,0.4530829,0.1599171,0.4898403,0.6920711,0.1966926,0.4733933,0.6032495,0.07903937,0.4995886,0.6265817,0.03409193,0.5358176,0.6346058,0.02552162,0.1994957,0.6285379,0.008289509,0.327036,0.5060045,-0.004508687,0.1051079,0.5824116,0.09078799,0.1948098,0.6586479,0.09081402,0.1893642,0.4801334,0.08456039,0.041118,0.5862607,0.07378094,0.4632456,0.6684664
72057594037973989,0,1.812133,18994.06,0.05846659,0.1924357,0.6610717,0.09622447,0.5794913,0.6667826,0.01308814,0.4538451,0.6104137,0.009095627,0.3528959,0.5301473,0.04898164,0.2564701,0.4598208,0.07884812,0.2086753,0.4530829,0.1599171,0.4898403,0.6920711,0.1966926,0.4733933,0.6032495,0.07903937,0.4995886,0.6265817,0.03409193,0.5358176,0.6346058,0.02552162,0.1994957,0.6285379,0.008289509,0.327036,0.5060045,-0.004508687,0.1051079,0.5824116,0.09078799,0.1948098,0.6586479,0.09081402,0.1893642,0.4801334,0.08456039,0.041118,0.5862607,0.07378094,0.4632456,0.6684664
72057594037973989,0,1.812133,18994.06,0.05846659,0.1924357,0.6610717,0.09622447,0.5794913,0.6667826,0.01308814,0.4538451,0.6104137,0.009095627,0.3528959,0.5301473,0.04898164,0.2564701,0.4598208,0.07884812,0.2086753,0.4530829,0.1599171,0.4898403,0.6920711,0.1966926,0.4733933,0.6032495,0.07903937,0.4995886,0.6265817,0.03409193,0.5358176,0.6346058,0.02552162,0.1994957,0.6285379,0.008289509,0.327036,0.5060045,-0.004508687,0.1051079,0.5824116,0.09078799,0.1948098,0.6586479,0.09081402,0.1893642,0.4801334,0.08456039,0.041118,0.5862607,0.07378094,0.4632456,0.6684664
72057594037973989,0,1.812133,18994.06,0.05846659,0.1924357,0.6610717,0.09622447,0.5794913,0.6667826,0.01308814,0.4538451,0.6104137,0.009095627,0.3528959,0.5301473,0.04898164,0.2564701,0.4598208,0.07884812,0.2086753,0.4530829,0.1599171,0.4898403,0.6920711,0.1966926,0.4733933,0.6032495,0.07903937,0.4995886,0.6265817,0.03409193,0.5358176,0.6346058,0.02552162,0.1994957,0.6285379,0.008289509,0.327036,0.5060045,-0.004508687,0.1051079,0.5824116,0.09078799,0.1948098,0.6586479,0.09081402,0.1893642,0.4801334,0.08456039,0.041118,0.5862607,0.07378094,0.4632456,0.6684664
72057594037973989,0,1.812133,18994.07,0.05846659,0.1924357,0.6610717,0.09622447,0.5794913,0.6667826,0.01308814,0.4538451,0.6104137,0.009095627,0.3528959,0.5301473,0.04898164,0.2564701,0.4598208,0.07884812,0.2086753,0.4530829,0.1599171,0.4898403,0.6920711,0.1966926,0.4733933,0.6032495,0.07903937,0.4995886,0.6265817,0.03409193,0.5358176,0.6346058,0.02552162,0.1994957,0.6285379,0.008289509,0.327036,0.5060045,-0.004508687,0.1051079,0.5824116,0.09078799,0.1948098,0.6586479,0.09081402,0.1893642,0.4801334,0.08456039,0.041118,0.5862607,0.07378094,0.4632456,0.6684664
72057594037973989,0,1.812133,18994.07,0.05846659,0.1924357,0.6610717,0.09622447,0.5794913,0.6667826,0.01308814,0.4538451,0.6104137,0.009095627,0.3528959,0.5301473,0.04898164,0.2564701,0.4598208,0.07884812,0.2086753,0.4530829,0.1599171,0.4898403,0.6920711,0.1966926,0.4733933,0.6032495,0.07903937,0.4995886,0.6265817,0.03409193,0.5358176,0.6346058,0.02552162,0.1994957,0.6285379,0.008289509,0.327036,0.5060045,-0.004508687,0.1051079,0.5824116,0.09078799,0.1948098,0.6586479,0.09081402,0.1893642,0.4801334,0.08456039,0.041118,0.5862607,0.07378094,0.4632456,0.6684664
72057594037973989,0,1.812133,18994.07,0.05846659,0.1924357,0.6610717,0.09622447,0.5794913,0.6667826,0.01308814,0.4538451,0.6104137,0.009095627,0.3528959,0.5301473,0.04898164,0.2564701,0.4598208,0.07884812,0.2086753,0.4530829,0.1599171,0.4898403,0.6920711,0.1966926,0.4733933,0.6032495,0.07903937,0.4995886,0.6265817,0.03409193,0.5358176,0.6346058,0.02552162,0.1994957,0.6285379,0.008289509,0.327036,0.5060045,-0.004508687,0.1051079,0.5824116,0.09078799,0.1948098,0.6586479,0.09081402,0.1893642,0.4801334,0.08456039,0.041118,0.5862607,0.07378094,0.4632456,0.6684664
72057594037973989,0,1.812133,18994.07,0.05846659,0.1924357,0.6610717,0.09622447,0.5794913,0.6667826,0.01308814,0.4538451,0.6104137,0.009095627,0.3528959,0.5301473,0.04898164,0.2564701,0.4598208,0.07884812,0.2086753,0.4530829,0.1599171,0.4898403,0.6920711,0.1966926,0.4733933,0.6032495,0.07903937,0.4995886,0.6265817,0.03409193,0.5358176,0.6346058,0.02552162,0.1994957,0.6285379,0.008289509,0.327036,0.5060045,-0.004508687,0.1051079,0.5824116,0.09078799,0.1948098,0.6586479,0.09081402,0.1893642,0.4801334,0.08456039,0.041118,0.5862607,0.07378094,0.4632456,0.6684664
72057594037973989,0,1.812133,18994.08,0.05846659,0.1924357,0.6610717,0.09622447,0.5794913,0.6667826,0.01308814,0.4538451,0.6104137,0.009095627,0.3528959,0.5301473,0.04898164,0.2564701,0.4598208,0.07884812,0.2086753,0.4530829,0.1599171,0.4898403,0.6920711,0.1966926,0.4733933,0.6032495,0.07903937,0.4995886,0.6265817,0.03409193,0.5358176,0.6346058,0.02552162,0.1994957,0.6285379,0.008289509,0.327036,0.5060045,-0.004508687,0.1051079,0.5824116,0.09078799,0.1948098,0.6586479,0.09081402,0.1893642,0.4801334,0.08456039,0.041118,0.5862607,0.07378094,0.4632456,0.6684664
72057594037973989,0,1.812133,18994.08,0.05846659,0.1924357,0.6610717,0.09622447,0.5794913,0.6667826,0.01308814,0.4538451,0.6104137,0.009095627,0.3528959,0.5301473,0.04898164,0.2564701,0.4598208,0.07884812,0.2086753,0.4530829,0.1599171,0.4898403,0.6920711,0.1966926,0.4733933,0.6032495,0.07903937,0.4995886,0.6265817,0.03409193,0.5358176,0.6346058,0.02552162,0.1994957,0.6285379,0.008289509,0.327036,0.5060045,-0.004508687,0.1051079,0.5824116,0.09078799,0.1948098,0.6586479,0.09081402,0.1893642,0.4801334,0.08456039,0.041118,0.5862607,0.07378094,0.4632456,0.6684664
72057594037973989,0,1.812133,18994.08,0.05846659,0.1924357,0.6610717,0.09622447,0.5794913,0.6667826,0.01308814,0.4538451,0.6104137,0.009095627,0.3528959,0.5301473,0.04898164,0.2564701,0.4598208,0.07884812,0.2086753,0.4530829,0.1599171,0.4898403,0.6920711,0.1966926,0.4733933,0.6032495,0.07903937,0.4995886,0.6265817,0.03409193,0.5358176,0.6346058,0.02552162,0.1994957,0.6285379,0.008289509,0.327036,0.5060045,-0.004508687,0.1051079,0.5824116,0.09078799,0.1948098,0.6586479,0.09081402,0.1893642,0.4801334,0.08456039,0.041118,0.5862607,0.07378094,0.4632456,0.6684664
72057594037973989,0,1.812133,18994.08,0.05846659,0.1924357,0.6610717,0.09622447,0.5794913,0.6667826,0.01308814,0.4538451,0.6104137,0.009095627,0.3528959,0.5301473,0.04898164,0.2564701,0.4598208,0.07884812,0.2086753,0.4530829,0.1599171,0.4898403,0.6920711,0.1966926,0.4733933,0.6032495,0.07903937,0.4995886,0.6265817,0.03409193,0.5358176,0.6346058,0.02552162,0.1994957,0.6285379,0.008289509,0.327036,0.5060045,-0.004508687,0.1051079,0.5824116,0.09078799,0.1948098,0.6586479,0.09081402,0.1893642,0.4801334,0.08456039,0.041118,0.5862607,0.07378094,0.4632456,0.6684664
72057594037973989,0,1.812133,18994.08,0.05846659,0.1924357,0.6610717,0.09622447,0.5794913,0.6667826,0.01308814,0.4538451,0.6104137,0.009095627,0.3528959,0.5301473,0.04898164,0.2564701,0.4598208,0.07884812,0.2086753,0.4530829,0.1599171,0.4898403,0.6920711,0.1966926,0.4733933,0.6032495,0.07903937,0.4995886,0.6265817,0.03409193,0.5358176,0.6346058,0.02552162,0.1994957,0.6285379,0.008289509,0.327036,0.5060045,-0.004508687,0.1051079,0.5824116,0.09078799,0.1948098,0.6586479,0.09081402,0.1893642,0.4801334,0.08456039,0.041118,0.5862607,0.07378094,0.4632456,0.6684664
72057594037973989,0,1.812133,18994.09,0.05846659,0.1924357,0.6610717,0.09622447,0.5794913,0.6667826,0.01308814,0.4538451,0.6104137,0.009095627,0.3528959,0.5301473,0.04898164,0.2564701,0.4598208,0.07884812,0.2086753,0.4530829,0.1599171,0.4898403,0.6920711,0.1966926,0.4733933,0.6032495,0.07903937,0.4995886,0.6265817,0.03409193,0.5358176,0.6346058,0.02552162,0.1994957,0.6285379,0.008289509,0.327036,0.5060045,-0.004508687,0.1051079,0.5824116,0.09078799,0.1948098,0.6586479,0.09081402,0.1893642,0.4801334,0.08456039,0.041118,0.5862607,0.07378094,0.4632456,0.6684664
72057594037973989,0,1.803693,18994.09,0.0923931,0.2046318,0.6671028,0.1157771,0.5792124,0.6825094,0.0497147,0.4648771,0.6188566,0.0271729,0.3579404,0.5444594,0.05578547,0.2472837,0.4852559,0.0758289,0.2052136,0.4733776,0.1667396,0.4951322,0.6983997,0.1944172,0.5814142,0.6466819,0.06989446,0.6064042,0.6448715,0.0640746,0.6186731,0.6405369,0.0611713,0.2086874,0.6392838,0.1036922,0.1704373,0.470137,0.07719378,0.005990386,0.5097468,0.1188227,0.2083412,0.6590816,0.0918169,0.03793949,0.5921872,0.06275008,-0.1660852,0.5305876,0.08752695,0.4703053,0.679871
72057594037973989,0,1.803693,18994.09,0.0923931,0.2046318,0.6671028,0.1157771,0.5792124,0.6825094,0.0497147,0.4648771,0.6188566,0.0271729,0.3579404,0.5444594,0.05578547,0.2472837,0.4852559,0.0758289,0.2052136,0.4733776,0.1667396,0.4951322,0.6983997,0.1944172,0.5814142,0.6466819,0.06989446,0.6064042,0.6448715,0.0640746,0.6186731,0.6405369,0.0611713,0.2086874,0.6392838,0.1036922,0.1704373,0.470137,0.07719378,0.005990386,0.5097468,0.1188227,0.2083412,0.6590816,0.0918169,0.03793949,0.5921872,0.06275008,-0.1660852,0.5305876,0.08752695,0.4703053,0.679871
72057594037973989,0,1.803693,18994.1,0.0923931,0.2046318,0.6671028,0.1157771,0.5792124,0.6825094,0.0497147,0.4648771,0.6188566,0.0271729,0.3579404,0.5444594,0.05578547,0.2472837,0.4852559,0.0758289,0.2052136,0.4733776,0.1667396,0.4951322,0.6983997,0.1944172,0.5814142,0.6466819,0.06989446,0.6064042,0.6448715,0.0640746,0.6186731,0.6405369,0.0611713,0.2086874,0.6392838,0.1036922,0.1704373,0.470137,0.07719378,0.005990386,0.5097468,0.1188227,0.2083412,0.6590816,0.0918169,0.03793949,0.5921872,0.06275008,-0.1660852,0.5305876,0.08752695,0.4703053,0.679871
72057594037973989,0,1.803693,18994.1,0.0923931,0.2046318,0.6671028,0.1157771,0.5792124,0.6825094,0.0497147,0.4648771,0.6188566,0.0271729,0.3579404,0.5444594,0.05578547,0.2472837,0.4852559,0.0758289,0.2052136,0.4733776,0.1667396,0.4951322,0.6983997,0.1944172,0.5814142,0.6466819,0.06989446,0.6064042,0.6448715,0.0640746,0.6186731,0.6405369,0.0611713,0.2086874,0.6392838,0.1036922,0.1704373,0.470137,0.07719378,0.005990386,0.5097468,0.1188227,0.2083412,0.6590816,0.0918169,0.03793949,0.5921872,0.06275008,-0.1660852,0.5305876,0.08752695,0.4703053,0.679871
72057594037973989,0,1.803693,18994.1,0.0923931,0.2046318,0.6671028,0.1157771,0.5792124,0.6825094,0.0497147,0.4648771,0.6188566,0.0271729,0.3579404,0.5444594,0.05578547,0.2472837,0.4852559,0.0758289,0.2052136,0.4733776,0.1667396,0.4951322,0.6983997,0.1944172,0.5814142,0.6466819,0.06989446,0.6064042,0.6448715,0.0640746,0.6186731,0.6405369,0.0611713,0.2086874,0.6392838,0.1036922,0.1704373,0.470137,0.07719378,0.005990386,0.5097468,0.1188227,0.2083412,0.6590816,0.0918169,0.03793949,0.5921872,0.06275008,-0.1660852,0.5305876,0.08752695,0.4703053,0.679871
72057594037973989,0,1.803693,18994.1,0.0923931,0.2046318,0.6671028,0.1157771,0.5792124,0.6825094,0.0497147,0.4648771,0.6188566,0.0271729,0.3579404,0.5444594,0.05578547,0.2472837,0.4852559,0.0758289,0.2052136,0.4733776,0.1667396,0.4951322,0.6983997,0.1944172,0.5814142,0.6466819,0.06989446,0.6064042,0.6448715,0.0640746,0.6186731,0.6405369,0.0611713,0.2086874,0.6392838,0.1036922,0.1704373,0.470137,0.07719378,0.005990386,0.5097468,0.1188227,0.2083412,0.6590816,0.0918169,0.03793949,0.5921872,0.06275008,-0.1660852,0.5305876,0.08752695,0.4703053,0.679871
72057594037973989,0,1.803693,18994.11,0.0923931,0.2046318,0.6671028,0.1157771,0.5792124,0.6825094,0.0497147,0.4648771,0.6188566,0.0271729,0.3579404,0.5444594,0.05578547,0.2472837,0.4852559,0.0758289,0.2052136,0.4733776,0.1667396,0.4951322,0.6983997,0.1944172,0.5814142,0.6466819,0.06989446,0.6064042,0.6448715,0.0640746,0.6186731,0.6405369,0.0611713,0.2086874,0.6392838,0.1036922,0.1704373,0.470137,0.07719378,0.005990386,0.5097468,0.1188227,0.2083412,0.6590816,0.0918169,0.03793949,0.5921872,0.06275008,-0.1660852,0.5305876,0.08752695,0.4703053,0.679871
72057594037973989,0,1.803693,18994.11,0.0923931,0.2046318,0.6671028,0.1157771,0.5792124,0.6825094,0.0497147,0.4648771,0.6188566,0.0271729,0.3579404,0.5444594,0.05578547,0.2472837,0.4852559,0.0758289,0.2052136,0.4733776,0.1667396,0.4951322,0.6983997,0.1944172,0.5814142,0.6466819,0.06989446,0.6064042,0.6448715,0.0640746,0.6186731,0.6405369,0.0611713,0.2086874,0.6392838,0.1036922,0.1704373,0.470137,0.07719378,0.005990386,0.5097468,0.1188227,0.2083412,0.6590816,0.0918169,0.03793949,0.5921872,0.06275008,-0.1660852,0.5305876,0.08752695,0.4703053,0.679871
72057594037973989,0,1.803693,18994.11,0.0923931,0.2046318,0.6671028,0.1157771,0.5792124,0.6825094,0.0497147,0.4648771,0.6188566,0.0271729,0.3579404,0.5444594,0.05578547,0.2472837,0.4852559,0.0758289,0.2052136,0.4733776,0.1667396,0.4951322,0.6983997,0.1944172,0.5814142,0.6466819,0.06989446,0.6064042,0.6448715,0.0640746,0.6186731,0.6405369,0.0611713,0.2086874,0.6392838,0.1036922,0.1704373,0.470137,0.07719378,0.005990386,0.5097468,0.1188227,0.2083412,0.6590816,0.0918169,0.03793949,0.5921872,0.06275008,-0.1660852,0.5305876,0.08752695,0.4703053,0.679871
72057594037973989,0,1.803693,18994.12,0.0923931,0.2046318,0.6671028,0.1157771,0.5792124,0.6825094,0.0497147,0.4648771,0.6188566,0.0271729,0.3579404,0.5444594,0.05578547,0.2472837,0.4852559,0.0758289,0.2052136,0.4733776,0.1667396,0.4951322,0.6983997,0.1944172,0.5814142,0.6466819,0.06989446,0.6064042,0.6448715,0.0640746,0.6186731,0.6405369,0.0611713,0.2086874,0.6392838,0.1036922,0.1704373,0.470137,0.07719378,0.005990386,0.5097468,0.1188227,0.2083412,0.6590816,0.0918169,0.03793949,0.5921872,0.06275008,-0.1660852,0.5305876,0.08752695,0.4703053,0.679871
72057594037973989,0,1.803693,18994.12,0.0923931,0.2046318,0.6671028,0.1157771,0.5792124,0.6825094,0.0497147,0.4648771,0.6188566,0.0271729,0.3579404,0.5444594,0.05578547,0.2472837,0.4852559,0.0758289,0.2052136,0.4733776,0.1667396,0.4951322,0.6983997,0.1944172,0.5814142,0.6466819,0.06989446,0.6064042,0.6448715,0.0640746,0.6186731,0.6405369,0.0611713,0.2086874,0.6392838,0.1036922,0.1704373,0.470137,0.07719378,0.005990386,0.5097468,0.1188227,0.2083412,0.6590816,0.0918169,0.03793949,0.5921872,0.06275008,-0.1660852,0.5305876,0.08752695,0.4703053,0.679871
72057594037973989,0,1.803693,18994.12,0.0923931,0.2046318,0.6671028,0.1157771,0.5792124,0.6825094,0.0497147,0.4648771,0.6188566,0.0271729,0.3579404,0.5444594,0.05578547,0.2472837,0.4852559,0.0758289,0.2052136,0.4733776,0.1667396,0.4951322,0.6983997,0.1944172,0.5814142,0.6466819,0.06989446,0.6064042,0.6448715,0.0640746,0.6186731,0.6405369,0.0611713,0.2086874,0.6392838,0.1036922,0.1704373,0.470137,0.07719378,0.005990386,0.5097468,0.1188227,0.2083412,0.6590816,0.0918169,0.03793949,0.5921872,0.06275008,-0.1660852,0.5305876,0.08752695,0.4703053,0.679871
72057594037973989,0,1.796274,18994.12,0.1204024,0.2092931,0.6753158,0.1417161,0.5765765,0.6987259,0.0617408,0.465699,0.6263452,0.037185,0.3538272,0.5555844,0.05958951,0.2334369,0.5099748,0.07420252,0.1801968,0.4959305,0.2072133,0.5161294,0.7158765,0.1589825,0.5776132,0.652673,0.03170216,0.6002975,0.6539887,0.03464479,0.6196623,0.7025924,0.08519103,0.2118953,0.6473998,0.1354912,0.01860625,0.5965959,0.1830055,-0.1612796,0.5627252,0.1502936,0.2147148,0.6671557,0.1120731,0.04273999,0.6030603,0.0713899,-0.1581873,0.5457745,0.1086309,0.4717052,0.6941381
72057594037973989,0,1.796274,18994.13,0.1204024,0.2092931,0.6753158,0.1417161,0.5765765,0.6987259,0.0617408,0.465699,0.6263452,0.037185,0.3538272,0.5555844,0.05958951,0.2334369,0.5099748,0.07420252,0.1801968,0.4959305,0.2072133,0.5161294,0.7158765,0.1589825,0.5776132,0.652673,0.03170216,0.6002975,0.6539887,0.03464479,0.6196623,0.7025924,0.08519103,0.2118953,0.6473998,0.1354912,0.01860625,0.5965959,0.1830055,-0.1612796,0.5627252,0.1502936,0.2147148,0.6671557,0.1120731,0.04273999,0.6030603,0.0713899,-0.1581873,0.5457745,0.1086309,0.4717052,0.6941381
72057594037973989,0,1.796274,18994.13,0.1204024,0.2092931,0.6753158,0.1417161,0.5765765,0.6987259,0.0617408,0.465699,0.6263452,0.037185,0.3538272,0.5555844,0.05958951,0.2334369,0.5099748,0.07420252,0.1801968,0.4959305,0.2072133,0.5161294,0.7158765,0.1589825,0.5776132,0.652673,0.03170216,0.6002975,0.6539887,0.03464479,0.6196623,0.7025924,0.08519103,0.2118953,0.6473998,0.1354912,0.01860625,0.5965959,0.1830055,-0.1612796,0.5627252,0.1502936,0.2147148,0.6671557,0.1120731,0.04273999,0.6030603,0.0713899,-0.1581873,0.5457745,0.1086309,0.4717052,0.6941381
72057594037973989,0,1.796274,18994.13,0.1204024,0.2092931,0.6753158,0.1417161,0.5765765,0.6987259,0.0617408,0.465699,0.6263452,0.037185,0.3538272,0.5555844,0.05958951,0.2334369,0.5099748,0.07420252,0.1801968,0.4959305,0.2072133,0.5161294,0.7158765,0.1589825,0.5776132,0.652673,0.03170216,0.6002975,0.6539887,0.03464479,0.6196623,0.7025924,0.08519103,0.2118953,0.6473998,0.1354912,0.01860625,0.5965959,0.1830055,-0.1612796,0.5627252,0.1502936,0.2147148,0.6671557,0.1120731,0.04273999,0.6030603,0.0713899,-0.1581873,0.5457745,0.1086309,0.4717052,0.6941381
72057594037973989,0,1.796274,18994.13,0.1204024,0.2092931,0.6753158,0.1417161,0.5765765,0.6987259,0.0617408,0.465699,0.6263452,0.037185,0.3538272,0.5555844,0.05958951,0.2334369,0.5099748,0.07420252,0.1801968,0.4959305,0.2072133,0.5161294,0.7158765,0.1589825,0.5776132,0.652673,0.03170216,0.6002975,0.6539887,0.03464479,0.6196623,0.7025924,0.08519103,0.2118953,0.6473998,0.1354912,0.01860625,0.5965959,0.1830055,-0.1612796,0.5627252,0.1502936,0.2147148,0.6671557,0.1120731,0.04273999,0.6030603,0.0713899,-0.1581873,0.5457745,0.1086309,0.4717052,0.6941381
72057594037973989,0,1.796274,18994.13,0.1204024,0.2092931,0.6753158,0.1417161,0.5765765,0.6987259,0.0617408,0.465699,0.6263452,0.037185,0.3538272,0.5555844,0.05958951,0.2334369,0.5099748,0.07420252,0.1801968,0.4959305,0.2072133,0.5161294,0.7158765,0.1589825,0.5776132,0.652673,0.03170216,0.6002975,0.6539887,0.03464479,0.6196623,0.7025924,0.08519103,0.2118953,0.6473998,0.1354912,0.01860625,0.5965959,0.1830055,-0.1612796,0.5627252,0.1502936,0.2147148,0.6671557,0.1120731,0.04273999,0.6030603,0.0713899,-0.1581873,0.5457745,0.1086309,0.4717052,0.6941381
72057594037973989,0,1.796274,18994.13,0.1204024,0.2092931,0.6753158,0.1417161,0.5765765,0.6987259,0.0617408,0.465699,0.6263452,0.037185,0.3538272,0.5555844,0.05958951,0.2334369,0.5099748,0.07420252,0.1801968,0.4959305,0.2072133,0.5161294,0.7158765,0.1589825,0.5776132,0.652673,0.03170216,0.6002975,0.6539887,0.03464479,0.6196623,0.7025924,0.08519103,0.2118953,0.6473998,0.1354912,0.01860625,0.5965959,0.1830055,-0.1612796,0.5627252,0.1502936,0.2147148,0.6671557,0.1120731,0.04273999,0.6030603,0.0713899,-0.1581873,0.5457745,0.1086309,0.4717052,0.6941381
72057594037973989,0,1.796274,18994.14,0.1204024,0.2092931,0.6753158,0.1417161,0.5765765,0.6987259,0.0617408,0.465699,0.6263452,0.037185,0.3538272,0.5555844,0.05958951,0.2334369,0.5099748,0.07420252,0.1801968,0.4959305,0.2072133,0.5161294,0.7158765,0.1589825,0.5776132,0.652673,0.03170216,0.6002975,0.6539887,0.03464479,0.6196623,0.7025924,0.08519103,0.2118953,0.6473998,0.1354912,0.01860625,0.5965959,0.1830055,-0.1612796,0.5627252,0.1502936,0.2147148,0.6671557,0.1120731,0.04273999,0.6030603,0.0713899,-0.1581873,0.5457745,0.1086309,0.4717052,0.6941381
72057594037973989,0,1.796274,18994.14,0.1204024,0.2092931,0.6753158,0.1417161,0.5765765,0.6987259,0.0617408,0.465699,0.6263452,0.037185,0.3538272,0.5555844,0.05958951,0.2334369,0.5099748,0.07420252,0.1801968,0.4959305,0.2072133,0.5161294,0.7158765,0.1589825,0.5776132,0.652673,0.03170216,0.6002975,0.6539887,0.03464479,0.6196623,0.7025924,0.08519103,0.2118953,0.6473998,0.1354912,0.01860625,0.5965959,0.1830055,-0.1612796,0.5627252,0.1502936,0.2147148,0.6671557,0.1120731,0.04273999,0.6030603,0.0713899,-0.1581873,0.5457745,0.1086309,0.4717052,0.6941381
72057594037973989,0,1.796274,18994.14,0.1204024,0.2092931,0.6753158,0.1417161,0.5765765,0.6987259,0.0617408,0.465699,0.6263452,0.037185,0.3538272,0.5555844,0.05958951,0.2334369,0.5099748,0.07420252,0.1801968,0.4959305,0.2072133,0.5161294,0.7158765,0.1589825,0.5776132,0.652673,0.03170216,0.6002975,0.6539887,0.03464479,0.6196623,0.7025924,0.08519103,0.2118953,0.6473998,0.1354912,0.01860625,0.5965959,0.1830055,-0.1612796,0.5627252,0.1502936,0.2147148,0.6671557,0.1120731,0.04273999,0.6030603,0.0713899,-0.1581873,0.5457745,0.1086309,0.4717052,0.6941381
72057594037973989,0,1.796274,18994.15,0.1204024,0.2092931,0.6753158,0.1417161,0.5765765,0.6987259,0.0617408,0.465699,0.6263452,0.037185,0.3538272,0.5555844,0.05958951,0.2334369,0.5099748,0.07420252,0.1801968,0.4959305,0.2072133,0.5161294,0.7158765,0.1589825,0.5776132,0.652673,0.03170216,0.6002975,0.6539887,0.03464479,0.6196623,0.7025924,0.08519103,0.2118953,0.6473998,0.1354912,0.01860625,0.5965959,0.1830055,-0.1612796,0.5627252,0.1502936,0.2147148,0.6671557,0.1120731,0.04273999,0.6030603,0.0713899,-0.1581873,0.5457745,0.1086309,0.4717052,0.6941381
72057594037973989,0,1.796274,18994.15,0.1204024,0.2092931,0.6753158,0.1417161,0.5765765,0.6987259,0.0617408,0.465699,0.6263452,0.037185,0.3538272,0.5555844,0.05958951,0.2334369,0.5099748,0.07420252,0.1801968,0.4959305,0.2072133,0.5161294,0.7158765,0.1589825,0.5776132,0.652673,0.03170216,0.6002975,0.6539887,0.03464479,0.6196623,0.7025924,0.08519103,0.2118953,0.6473998,0.1354912,0.01860625,0.5965959,0.1830055,-0.1612796,0.5627252,0.1502936,0.2147148,0.6671557,0.1120731,0.04273999,0.6030603,0.0713899,-0.1581873,0.5457745,0.1086309,0.4717052,0.6941381
72057594037973989,0,1.796274,18994.15,0.1204024,0.2092931,0.6753158,0.1417161,0.5765765,0.6987259,0.0617408,0.465699,0.6263452,0.037185,0.3538272,0.5555844,0.05958951,0.2334369,0.5099748,0.07420252,0.1801968,0.4959305,0.2072133,0.5161294,0.7158765,0.1589825,0.5776132,0.652673,0.03170216,0.6002975,0.6539887,0.03464479,0.6196623,0.7025924,0.08519103,0.2118953,0.6473998,0.1354912,0.01860625,0.5965959,0.1830055,-0.1612796,0.5627252,0.1502936,0.2147148,0.6671557,0.1120731,0.04273999,0.6030603,0.0713899,-0.1581873,0.5457745,0.1086309,0.4717052,0.6941381
72057594037973989,0,1.796274,18994.15,0.1204024,0.2092931,0.6753158,0.1417161,0.5765765,0.6987259,0.0617408,0.465699,0.6263452,0.037185,0.3538272,0.5555844,0.05958951,0.2334369,0.5099748,0.07420252,0.1801968,0.4959305,0.2072133,0.5161294,0.7158765,0.1589825,0.5776132,0.652673,0.03170216,0.6002975,0.6539887,0.03464479,0.6196623,0.7025924,0.08519103,0.2118953,0.6473998,0.1354912,0.01860625,0.5965959,0.1830055,-0.1612796,0.5627252,0.1502936,0.2147148,0.6671557,0.1120731,0.04273999,0.6030603,0.0713899,-0.1581873,0.5457745,0.1086309,0.4717052,0.6941381
72057594037973989,0,1.794184,18994.16,0.1375817,0.2093833,0.6790531,0.1542718,0.5768971,0.708057,0.07499271,0.4656211,0.634572,0.04933289,0.3466823,0.5714237,0.06121071,0.2247293,0.5179403,0.06437911,0.1680008,0.5158547,0.2127691,0.5190412,0.7179816,0.1570246,0.5770645,0.6541849,0.02692796,0.5994956,0.6570378,0.01054552,0.6323289,0.6311008,0.1023594,0.2103828,0.6510513,0.1306758,-0.002259314,0.6616368,0.1541413,-0.169704,0.6808431,0.1664565,0.2162384,0.6711195,0.1514934,0.04341233,0.6163758,0.13728,-0.1683117,0.5680701,0.1265605,0.4695582,0.7028012
72057594037973989,0,1.794184,18994.16,0.1375817,0.2093833,0.6790531,0.1542718,0.5768971,0.708057,0.07499271,0.4656211,0.634572,0.04933289,0.3466823,0.5714237,0.06121071,0.2247293,0.5179403,0.06437911,0.1680008,0.5158547,0.2127691,0.5190412,0.7179816,0.1570246,0.5770645,0.6541849,0.02692796,0.5994956,0.6570378,0.01054552,0.6323289,0.6311008,0.1023594,0.2103828,0.6510513,0.1306758,-0.002259314,0.6616368,0.1541413,-0.169704,0.6808431,0.1664565,0.2162384,0.6711195,0.1514934,0.04341233,0.6163758,0.13728,-0.1683117,0.5680701,0.1265605,0.4695582,0.7028012
72057594037973989,0,1.794184,18994.16,0.1375817,0.2093833,0.6790531,0.1542718,0.5768971,0.708057,0.07499271,0.4656211,0.634572,0.04933289,0.3466823,0.5714237,0.06121071,0.2247293,0.5179403,0.06437911,0.1680008,0.5158547,0.2127691,0.5190412,0.7179816,0.1570246,0.5770645,0.6541849,0.02692796,0.5994956,0.6570378,0.01054552,0.6323289,0.6311008,0.1023594,0.2103828,0.6510513,0.1306758,-0.002259314,0.6616368,0.1541413,-0.169704,0.6808431,0.1664565,0.2162384,0.6711195,0.1514934,0.04341233,0.6163758,0.13728,-0.1683117,0.5680701,0.1265605,0.4695582,0.7028012
72057594037973989,0,1.794184,18994.16,0.1375817,0.2093833,0.6790531,0.1542718,0.5768971,0.708057,0.07499271,0.4656211,0.634572,0.04933289,0.3466823,0.5714237,0.06121071,0.2247293,0.5179403,0.06437911,0.1680008,0.5158547,0.2127691,0.5190412,0.7179816,0.1570246,0.5770645,0.6541849,0.02692796,0.5994956,0.6570378,0.01054552,0.6323289,0.6311008,0.1023594,0.2103828,0.6510513,0.1306758,-0.002259314,0.6616368,0.1541413,-0.169704,0.6808431,0.1664565,0.2162384,0.6711195,0.1514934,0.04341233,0.6163758,0.13728,-0.1683117,0.5680701,0.1265605,0.4695582,0.7028012
72057594037973989,0,1.794184,18994.16,0.1375817,0.2093833,0.6790531,0.1542718,0.5768971,0.708057,0.07499271,0.4656211,0.634572,0.04933289,0.3466823,0.5714237,0.06121071,0.2247293,0.5179403,0.06437911,0.1680008,0.5158547,0.2127691,0.5190412,0.7179816,0.1570246,0.5770645,0.6541849,0.02692796,0.5994956,0.6570378,0.01054552,0.6323289,0.6311008,0.1023594,0.2103828,0.6510513,0.1306758,-0.002259314,0.6616368,0.1541413,-0.169704,0.6808431,0.1664565,0.2162384,0.6711195,0.1514934,0.04341233,0.6163758,0.13728,-0.1683117,0.5680701,0.1265605,0.4695582,0.7028012
72057594037973989,0,1.794184,18994.17,0.1375817,0.2093833,0.6790531,0.1542718,0.5768971,0.708057,0.07499271,0.4656211,0.634572,0.04933289,0.3466823,0.5714237,0.06121071,0.2247293,0.5179403,0.06437911,0.1680008,0.5158547,0.2127691,0.5190412,0.7179816,0.1570246,0.5770645,0.6541849,0.02692796,0.5994956,0.6570378,0.01054552,0.6323289,0.6311008,0.1023594,0.2103828,0.6510513,0.1306758,-0.002259314,0.6616368,0.1541413,-0.169704,0.6808431,0.1664565,0.2162384,0.6711195,0.1514934,0.04341233,0.6163758,0.13728,-0.1683117,0.5680701,0.1265605,0.4695582,0.7028012
72057594037973989,0,1.794184,18994.17,0.1375817,0.2093833,0.6790531,0.1542718,0.5768971,0.708057,0.07499271,0.4656211,0.634572,0.04933289,0.3466823,0.5714237,0.06121071,0.2247293,0.5179403,0.06437911,0.1680008,0.5158547,0.2127691,0.5190412,0.7179816,0.1570246,0.5770645,0.6541849,0.02692796,0.5994956,0.6570378,0.01054552,0.6323289,0.6311008,0.1023594,0.2103828,0.6510513,0.1306758,-0.002259314,0.6616368,0.1541413,-0.169704,0.6808431,0.1664565,0.2162384,0.6711195,0.1514934,0.04341233,0.6163758,0.13728,-0.1683117,0.5680701,0.1265605,0.4695582,0.7028012
72057594037973989,0,1.794184,18994.17,0.1375817,0.2093833,0.6790531,0.1542718,0.5768971,0.708057,0.07499271,0.4656211,0.634572,0.04933289,0.3466823,0.5714237,0.06121071,0.2247293,0.5179403,0.06437911,0.1680008,0.5158547,0.2127691,0.5190412,0.7179816,0.1570246,0.5770645,0.6541849,0.02692796,0.5994956,0.6570378,0.01054552,0.6323289,0.6311008,0.1023594,0.2103828,0.6510513,0.1306758,-0.002259314,0.6616368,0.1541413,-0.169704,0.6808431,0.1664565,0.2162384,0.6711195,0.1514934,0.04341233,0.6163758,0.13728,-0.1683117,0.5680701,0.1265605,0.4695582,0.7028012
72057594037973989,0,1.794184,18994.17,0.1375817,0.2093833,0.6790531,0.1542718,0.5768971,0.708057,0.07499271,0.4656211,0.634572,0.04933289,0.3466823,0.5714237,0.06121071,0.2247293,0.5179403,0.06437911,0.1680008,0.5158547,0.2127691,0.5190412,0.7179816,0.1570246,0.5770645,0.6541849,0.02692796,0.5994956,0.6570378,0.01054552,0.6323289,0.6311008,0.1023594,0.2103828,0.6510513,0.1306758,-0.002259314,0.6616368,0.1541413,-0.169704,0.6808431,0.1664565,0.2162384,0.6711195,0.1514934,0.04341233,0.6163758,0.13728,-0.1683117,0.5680701,0.1265605,0.4695582,0.7028012
72057594037973989,0,1.794184,18994.17,0.1375817,0.2093833,0.6790531,0.1542718,0.5768971,0.708057,0.07499271,0.4656211,0.634572,0.04933289,0.3466823,0.5714237,0.06121071,0.2247293,0.5179403,0.06437911,0.1680008,0.5158547,0.2127691,0.5190412,0.7179816,0.1570246,0.5770645,0.6541849,0.02692796,0.5994956,0.6570378,0.01054552,0.6323289,0.6311008,0.1023594,0.2103828,0.6510513,0.1306758,-0.002259314,0.6616368,0.1541413,-0.169704,0.6808431,0.1664565,0.2162384,0.6711195,0.1514934,0.04341233,0.6163758,0.13728,-0.1683117,0.5680701,0.1265605,0.4695582,0.7028012
72057594037973989,0,1.794184,18994.18,0.1375817,0.2093833,0.6790531,0.1542718,0.5768971,0.708057,0.07499271,0.4656211,0.634572,0.04933289,0.3466823,0.5714237,0.06121071,0.2247293,0.5179403,0.06437911,0.1680008,0.5158547,0.2127691,0.5190412,0.7179816,0.1570246,0.5770645,0.6541849,0.02692796,0.5994956,0.6570378,0.01054552,0.6323289,0.6311008,0.1023594,0.2103828,0.6510513,0.1306758,-0.002259314,0.6616368,0.1541413,-0.169704,0.6808431,0.1664565,0.2162384,0.6711195,0.1514934,0.04341233,0.6163758,0.13728,-0.1683117,0.5680701,0.1265605,0.4695582,0.7028012
72057594037973989,0,1.794184,18994.18,0.1375817,0.2093833,0.6790531,0.1542718,0.5768971,0.708057,0.07499271,0.4656211,0.634572,0.04933289,0.3466823,0.5714237,0.06121071,0.2247293,0.5179403,0.06437911,0.1680008,0.5158547,0.2127691,0.5190412,0.7179816,0.1570246,0.5770645,0.6541849,0.02692796,0.5994956,0.6570378,0.01054552,0.6323289,0.6311008,0.1023594,0.2103828,0.6510513,0.1306758,-0.002259314,0.6616368,0.1541413,-0.169704,0.6808431,0.1664565,0.2162384,0.6711195,0.1514934,0.04341233,0.6163758,0.13728,-0.1683117,0.5680701,0.1265605,0.4695582,0.7028012
72057594037973989,0,1.794184,18994.18,0.1375817,0.2093833,0.6790531,0.1542718,0.5768971,0.708057,0.07499271,0.4656211,0.634572,0.04933289,0.3466823,0.5714237,0.06121071,0.2247293,0.5179403,0.06437911,0.1680008,0.5158547,0.2127691,0.5190412,0.7179816,0.1570246,0.5770645,0.6541849,0.02692796,0.5994956,0.6570378,0.01054552,0.6323289,0.6311008,0.1023594,0.2103828,0.6510513,0.1306758,-0.002259314,0.6616368,0.1541413,-0.169704,0.6808431,0.1664565,0.2162384,0.6711195,0.1514934,0.04341233,0.6163758,0.13728,-0.1683117,0.5680701,0.1265605,0.4695582,0.7028012
72057594037973989,0,1.794184,18994.19,0.1375817,0.2093833,0.6790531,0.1542718,0.5768971,0.708057,0.07499271,0.4656211,0.634572,0.04933289,0.3466823,0.5714237,0.06121071,0.2247293,0.5179403,0.06437911,0.1680008,0.5158547,0.2127691,0.5190412,0.7179816,0.1570246,0.5770645,0.6541849,0.02692796,0.5994956,0.6570378,0.01054552,0.6323289,0.6311008,0.1023594,0.2103828,0.6510513,0.1306758,-0.002259314,0.6616368,0.1541413,-0.169704,0.6808431,0.1664565,0.2162384,0.6711195,0.1514934,0.04341233,0.6163758,0.13728,-0.1683117,0.5680701,0.1265605,0.4695582,0.7028012
72057594037973989,0,1.795068,18994.19,0.1527194,0.2037124,0.6818842,0.1641167,0.575917,0.7164987,0.09207234,0.4649284,0.644079,0.06183056,0.3466218,0.5812848,0.06160642,0.2225826,0.5310494,0.05762338,0.1661116,0.5294636,0.2290336,0.5281776,0.7245228,0.1554403,0.5973147,0.6598786,0.02564628,0.6233886,0.6581566,0.004408949,0.6575321,0.6320215,0.1198161,0.2040984,0.6543929,0.1375231,-0.01080322,0.670523,0.1528293,-0.1782067,0.6937342,0.1787958,0.2113407,0.6736754,0.1623159,0.006874353,0.6507739,0.1502853,-0.1810868,0.6425701,0.1393971,0.4703076,0.7087827
72057594037973989,0,1.795068,18994.19,0.1527194,0.2037124,0.6818842,0.1641167,0.575917,0.7164987,0.09207234,0.4649284,0.644079,0.06183056,0.3466218,0.5812848,0.06160642,0.2225826,0.5310494,0.05762338,0.1661116,0.5294636,0.2290336,0.5281776,0.7245228,0.1554403,0.5973147,0.6598786,0.02564628,0.6233886,0.6581566,0.004408949,0.6575321,0.6320215,0.1198161,0.2040984,0.6543929,0.1375231,-0.01080322,0.670523,0.1528293,-0.1782067,0.6937342,0.1787958,0.2113407,0.6736754,0.1623159,0.006874353,0.6507739,0.1502853,-0.1810868,0.6425701,0.1393971,0.4703076,0.7087827
72057594037973989,0,1.795068,18994.19,0.1527194,0.2037124,0.6818842,0.1641167,0.575917,0.7164987,0.09207234,0.4649284,0.644079,0.06183056,0.3466218,0.5812848,0.06160642,0.2225826,0.5310494,0.05762338,0.1661116,0.5294636,0.2290336,0.5281776,0.7245228,0.1554403,0.5973147,0.6598786,0.02564628,0.6233886,0.6581566,0.004408949,0.6575321,0.6320215,0.1198161,0.2040984,0.6543929,0.1375231,-0.01080322,0.670523,0.1528293,-0.1782067,0.6937342,0.1787958,0.2113407,0.6736754,0.1623159,0.006874353,0.6507739,0.1502853,-0.1810868,0.6425701,0.1393971,0.4703076,0.7087827
72057594037973989,0,1.795068,18994.2,0.1527194,0.2037124,0.6818842,0.1641167,0.575917,0.7164987,0.09207234,0.4649284,0.644079,0.06183056,0.3466218,0.5812848,0.06160642,0.2225826,0.5310494,0.05762338,0.1661116,0.5294636,0.2290336,0.5281776,0.7245228,0.1554403,0.5973147,0.6598786,0.02564628,0.6233886,0.6581566,0.004408949,0.6575321,0.6320215,0.1198161,0.2040984,0.6543929,0.1375231,-0.01080322,0.670523,0.1528293,-0.1782067,0.6937342,0.1787958,0.2113407,0.6736754,0.1623159,0.006874353,0.6507739,0.1502853,-0.1810868,0.6425701,0.1393971,0.4703076,0.7087827
72057594037973989,0,1.795068,18994.2,0.1527194,0.2037124,0.6818842,0.1641167,0.575917,0.7164987,0.09207234,0.4649284,0.644079,0.06183056,0.3466218,0.5812848,0.06160642,0.2225826,0.5310494,0.05762338,0.1661116,0.5294636,0.2290336,0.5281776,0.7245228,0.1554403,0.5973147,0.6598786,0.02564628,0.6233886,0.6581566,0.004408949,0.6575321,0.6320215,0.1198161,0.2040984,0.6543929,0.1375231,-0.01080322,0.670523,0.1528293,-0.1782067,0.6937342,0.1787958,0.2113407,0.6736754,0.1623159,0.006874353,0.6507739,0.1502853,-0.1810868,0.6425701,0.1393971,0.4703076,0.7087827
72057594037973989,0,1.795068,18994.2,0.1527194,0.2037124,0.6818842,0.1641167,0.575917,0.7164987,0.09207234,0.4649284,0.644079,0.06183056,0.3466218,0.5812848,0.06160642,0.2225826,0.5310494,0.05762338,0.1661116,0.5294636,0.2290336,0.5281776,0.7245228,0.1554403,0.5973147,0.6598786,0.02564628,0.6233886,0.6581566,0.004408949,0.6575321,0.6320215,0.1198161,0.2040984,0.6543929,0.1375231,-0.01080322,0.670523,0.1528293,-0.1782067,0.6937342,0.1787958,0.2113407,0.6736754,0.1623159,0.006874353,0.6507739,0.1502853,-0.1810868,0.6425701,0.1393971,0.4703076,0.7087827
72057594037973989,0,1.795068,18994.2,0.1527194,0.2037124,0.6818842,0.1641167,0.575917,0.7164987,0.09207234,0.4649284,0.644079,0.06183056,0.3466218,0.5812848,0.06160642,0.2225826,0.5310494,0.05762338,0.1661116,0.5294636,0.2290336,0.5281776,0.7245228,0.1554403,0.5973147,0.6598786,0.02564628,0.6233886,0.6581566,0.004408949,0.6575321,0.6320215,0.1198161,0.2040984,0.6543929,0.1375231,-0.01080322,0.670523,0.1528293,-0.1782067,0.6937342,0.1787958,0.2113407,0.6736754,0.1623159,0.006874353,0.6507739,0.1502853,-0.1810868,0.6425701,0.1393971,0.4703076,0.7087827
72057594037973989,0,1.795068,18994.2,0.1527194,0.2037124,0.6818842,0.1641167,0.575917,0.7164987,0.09207234,0.4649284,0.644079,0.06183056,0.3466218,0.5812848,0.06160642,0.2225826,0.5310494,0.05762338,0.1661116,0.5294636,0.2290336,0.5281776,0.7245228,0.1554403,0.5973147,0.6598786,0.02564628,0.6233886,0.6581566,0.004408949,0.6575321,0.6320215,0.1198161,0.2040984,0.6543929,0.1375231,-0.01080322,0.670523,0.1528293,-0.1782067,0.6937342,0.1787958,0.2113407,0.6736754,0.1623159,0.006874353,0.6507739,0.1502853,-0.1810868,0.6425701,0.1393971,0.4703076,0.7087827
72057594037973989,0,1.795068,18994.21,0.1527194,0.2037124,0.6818842,0.1641167,0.575917,0.7164987,0.09207234,0.4649284,0.644079,0.06183056,0.3466218,0.5812848,0.06160642,0.2225826,0.5310494,0.05762338,0.1661116,0.5294636,0.2290336,0.5281776,0.7245228,0.1554403,0.5973147,0.6598786,0.02564628,0.6233886,0.6581566,0.004408949,0.6575321,0.6320215,0.1198161,0.2040984,0.6543929,0.1375231,-0.01080322,0.670523,0.1528293,-0.1782067,0.6937342,0.1787958,0.2113407,0.6736754,0.1623159,0.006874353,0.6507739,0.1502853,-0.1810868,0.6425701,0.1393971,0.4703076,0.7087827
72057594037973989,0,1.795068,18994.21,0.1527194,0.2037124,0.6818842,0.1641167,0.575917,0.7164987,0.09207234,0.4649284,0.644079,0.06183056,0.3466218,0.5812848,0.06160642,0.2225826,0.5310494,0.05762338,0.1661116,0.5294636,0.2290336,0.5281776,0.7245228,0.1554403,0.5973147,0.6598786,0.02564628,0.6233886,0.6581566,0.004408949,0.6575321,0.6320215,0.1198161,0.2040984,0.6543929,0.1375231,-0.01080322,0.670523,0.1528293,-0.1782067,0.6937342,0.1787958,0.2113407,0.6736754,0.1623159,0.006874353,0.6507739,0.1502853,-0.1810868,0.6425701,0.1393971,0.4703076,0.7087827
72057594037973989,0,1.795068,18994.21,0.1527194,0.2037124,0.6818842,0.1641167,0.575917,0.7164987,0.09207234,0.4649284,0.644079,0.06183056,0.3466218,0.5812848,0.06160642,0.2225826,0.5310494,0.05762338,0.1661116,0.5294636,0.2290336,0.5281776,0.7245228,0.1554403,0.5973147,0.6598786,0.02564628,0.6233886,0.6581566,0.004408949,0.6575321,0.6320215,0.1198161,0.2040984,0.6543929,0.1375231,-0.01080322,0.670523,0.1528293,-0.1782067,0.6937342,0.1787958,0.2113407,0.6736754,0.1623159,0.006874353,0.6507739,0.1502853,-0.1810868,0.6425701,0.1393971,0.4703076,0.7087827
72057594037973989,0,1.795068,18994.21,0.1527194,0.2037124,0.6818842,0.1641167,0.575917,0.7164987,0.09207234,0.4649284,0.644079,0.06183056,0.3466218,0.5812848,0.06160642,0.2225826,0.5310494,0.05762338,0.1661116,0.5294636,0.2290336,0.5281776,0.7245228,0.1554403,0.5973147,0.6598786,0.02564628,0.6233886,0.6581566,0.004408949,0.6575321,0.6320215,0.1198161,0.2040984,0.6543929,0.1375231,-0.01080322,0.670523,0.1528293,-0.1782067,0.6937342,0.1787958,0.2113407,0.6736754,0.1623159,0.006874353,0.6507739,0.1502853,-0.1810868,0.6425701,0.1393971,0.4703076,0.7087827
72057594037973989,0,1.795068,18994.21,0.1527194,0.2037124,0.6818842,0.1641167,0.575917,0.7164987,0.09207234,0.4649284,0.644079,0.06183056,0.3466218,0.5812848,0.06160642,0.2225826,0.5310494,0.05762338,0.1661116,0.5294636,0.2290336,0.5281776,0.7245228,0.1554403,0.5973147,0.6598786,0.02564628,0.6233886,0.6581566,0.004408949,0.6575321,0.6320215,0.1198161,0.2040984,0.6543929,0.1375231,-0.01080322,0.670523,0.1528293,-0.1782067,0.6937342,0.1787958,0.2113407,0.6736754,0.1623159,0.006874353,0.6507739,0.1502853,-0.1810868,0.6425701,0.1393971,0.4703076,0.7087827
72057594037973989,0,1.795068,18994.22,0.1527194,0.2037124,0.6818842,0.1641167,0.575917,0.7164987,0.09207234,0.4649284,0.644079,0.06183056,0.3466218,0.5812848,0.06160642,0.2225826,0.5310494,0.05762338,0.1661116,0.5294636,0.2290336,0.5281776,0.7245228,0.1554403,0.5973147,0.6598786,0.02564628,0.6233886,0.6581566,0.004408949,0.6575321,0.6320215,0.1198161,0.2040984,0.6543929,0.1375231,-0.01080322,0.670523,0.1528293,-0.1782067,0.6937342,0.1787958,0.2113407,0.6736754,0.1623159,0.006874353,0.6507739,0.1502853,-0.1810868,0.6425701,0.1393971,0.4703076,0.7087827
72057594037973989,0,1.795068,18994.22,0.1527194,0.2037124,0.6818842,0.1641167,0.575917,0.7164987,0.09207234,0.4649284,0.644079,0.06183056,0.3466218,0.5812848,0.06160642,0.2225826,0.5310494,0.05762338,0.1661116,0.5294636,0.2290336,0.5281776,0.7245228,0.1554403,0.5973147,0.6598786,0.02564628,0.6233886,0.6581566,0.004408949,0.6575321,0.6320215,0.1198161,0.2040984,0.6543929,0.1375231,-0.01080322,0.670523,0.1528293,-0.1782067,0.6937342,0.1787958,0.2113407,0.6736754,0.1623159,0.006874353,0.6507739,0.1502853,-0.1810868,0.6425701,0.1393971,0.4703076,0.7087827
72057594037973989,0,1.794034,18994.22,0.163955,0.1994434,0.6859528,0.1877871,0.574199,0.7257051,0.1046264,0.4642562,0.6525828,0.07415015,0.3454887,0.590294,0.06682826,0.2164798,0.5573753,0.06062826,0.2027807,0.5426993,0.2436713,0.531859,0.7302619,0.1607167,0.6020807,0.6622406,0.03062663,0.6281888,0.6605538,0.009668869,0.6622701,0.6344103,0.1309616,0.1999932,0.6597984,0.1219119,-0.005650669,0.7188579,0.1169764,-0.1642695,0.7748378,0.1895802,0.2070502,0.6765885,0.1932065,0.02999127,0.6377047,0.2018803,-0.1855229,0.6090274,0.1550725,0.4709197,0.7154832
72057594037973989,0,1.794034,18994.23,0.163955,0.1994434,0.6859528,0.1877871,0.574199,0.7257051,0.1046264,0.4642562,0.6525828,0.07415015,0.3454887,0.590294,0.06682826,0.2164798,0.5573753,0.06062826,0.2027807,0.5426993,0.2436713,0.531859,0.7302619,0.1607167,0.6020807,0.6622406,0.03062663,0.6281888,0.6605538,0.009668869,0.6622701,0.6344103,0.1309616,0.1999932,0.6597984,0.1219119,-0.005650669,0.7188579,0.1169764,-0.1642695,0.7748378,0.1895802,0.2070502,0.6765885,0.1932065,0.02999127,0.6377047,0.2018803,-0.1855229,0.6090274,0.1550725,0.4709197,0.7154832
72057594037973989,0,1.794034,18994.23,0.163955,0.1994434,0.6859528,0.1877871,0.574199,0.7257051,0.1046264,0.4642562,0.6525828,0.07415015,0.3454887,0.590294,0.06682826,0.2164798,0.5573753,0.06062826,0.2027807,0.5426993,0.2436713,0.531859,0.7302619,0.1607167,0.6020807,0.6622406,0.03062663,0.6281888,0.6605538,0.009668869,0.6622701,0.6344103,0.1309616,0.1999932,0.6597984,0.1219119,-0.005650669,0.7188579,0.1169764,-0.1642695,0.7748378,0.1895802,0.2070502,0.6765885,0.1932065,0.02999127,0.6377047,0.2018803,-0.1855229,0.6090274,0.1550725,0.4709197,0.7154832
72057594037973989,0,1.794034,18994.23,0.163955,0.1994434,0.6859528,0.1877871,0.574199,0.7257051,0.1046264,0.4642562,0.6525828,0.07415015,0.3454887,0.590294,0.06682826,0.2164798,0.5573753,0.06062826,0.2027807,0.5426993,0.2436713,0.531859,0.7302619,0.1607167,0.6020807,0.6622406,0.03062663,0.6281888,0.6605538,0.009668869,0.6622701,0.6344103,0.1309616,0.1999932,0.6597984,0.1219119,-0.005650669,0.7188579,0.1169764,-0.1642695,0.7748378,0.1895802,0.2070502,0.6765885,0.1932065,0.02999127,0.6377047,0.2018803,-0.1855229,0.6090274,0.1550725,0.4709197,0.7154832
72057594037973989,0,1.794034,18994.23,0.163955,0.1994434,0.6859528,0.1877871,0.574199,0.7257051,0.1046264,0.4642562,0.6525828,0.07415015,0.3454887,0.590294,0.06682826,0.2164798,0.5573753,0.06062826,0.2027807,0.5426993,0.2436713,0.531859,0.7302619,0.1607167,0.6020807,0.6622406,0.03062663,0.6281888,0.6605538,0.009668869,0.6622701,0.6344103,0.1309616,0.1999932,0.6597984,0.1219119,-0.005650669,0.7188579,0.1169764,-0.1642695,0.7748378,0.1895802,0.2070502,0.6765885,0.1932065,0.02999127,0.6377047,0.2018803,-0.1855229,0.6090274,0.1550725,0.4709197,0.7154832
72057594037973989,0,1.794034,18994.24,0.163955,0.1994434,0.6859528,0.1877871,0.574199,0.7257051,0.1046264,0.4642562,0.6525828,0.07415015,0.3454887,0.590294,0.06682826,0.2164798,0.5573753,0.06062826,0.2027807,0.5426993,0.2436713,0.531859,0.7302619,0.1607167,0.6020807,0.6622406,0.03062663,0.6281888,0.6605538,0.009668869,0.6622701,0.6344103,0.1309616,0.1999932,0.6597984,0.1219119,-0.005650669,0.7188579,0.1169764,-0.1642695,0.7748378,0.1895802,0.2070502,0.6765885,0.1932065,0.02999127,0.6377047,0.2018803,-0.1855229,0.6090274,0.1550725,0.4709197,0.7154832
72057594037973989,0,1.794034,18994.24,0.163955,0.1994434,0.6859528,0.1877871,0.574199,0.7257051,0.1046264,0.4642562,0.6525828,0.07415015,0.3454887,0.590294,0.06682826,0.2164798,0.5573753,0.06062826,0.2027807,0.5426993,0.2436713,0.531859,0.7302619,0.1607167,0.6020807,0.6622406,0.03062663,0.6281888,0.6605538,0.009668869,0.6622701,0.6344103,0.1309616,0.1999932,0.6597984,0.1219119,-0.005650669,0.7188579,0.1169764,-0.1642695,0.7748378,0.1895802,0.2070502,0.6765885,0.1932065,0.02999127,0.6377047,0.2018803,-0.1855229,0.6090274,0.1550725,0.4709197,0.7154832
72057594037973989,0,1.794034,18994.24,0.163955,0.1994434,0.6859528,0.1877871,0.574199,0.7257051,0.1046264,0.4642562,0.6525828,0.07415015,0.3454887,0.590294,0.06682826,0.2164798,0.5573753,0.06062826,0.2027807,0.5426993,0.2436713,0.531859,0.7302619,0.1607167,0.6020807,0.6622406,0.03062663,0.6281888,0.6605538,0.009668869,0.6622701,0.6344103,0.1309616,0.1999932,0.6597984,0.1219119,-0.005650669,0.7188579,0.1169764,-0.1642695,0.7748378,0.1895802,0.2070502,0.6765885,0.1932065,0.02999127,0.6377047,0.2018803,-0.1855229,0.6090274,0.1550725,0.4709197,0.7154832
72057594037973989,0,1.794034,18994.24,0.163955,0.1994434,0.6859528,0.1877871,0.574199,0.7257051,0.1046264,0.4642562,0.6525828,0.07415015,0.3454887,0.590294,0.06682826,0.2164798,0.5573753,0.06062826,0.2027807,0.5426993,0.2436713,0.531859,0.7302619,0.1607167,0.6020807,0.6622406,0.03062663,0.6281888,0.6605538,0.009668869,0.6622701,0.6344103,0.1309616,0.1999932,0.6597984,0.1219119,-0.005650669,0.7188579,0.1169764,-0.1642695,0.7748378,0.1895802,0.2070502,0.6765885,0.1932065,0.02999127,0.6377047,0.2018803,-0.1855229,0.6090274,0.1550725,0.4709197,0.7154832
72057594037973989,0,1.794034,18994.25,0.163955,0.1994434,0.6859528,0.1877871,0.574199,0.7257051,0.1046264,0.4642562,0.6525828,0.07415015,0.3454887,0.590294,0.06682826,0.2164798,0.5573753,0.06062826,0.2027807,0.5426993,0.2436713,0.531859,0.7302619,0.1607167,0.6020807,0.6622406,0.03062663,0.6281888,0.6605538,0.009668869,0.6622701,0.6344103,0.1309616,0.1999932,0.6597984,0.1219119,-0.005650669,0.7188579,0.1169764,-0.1642695,0.7748378,0.1895802,0.2070502,0.6765885,0.1932065,0.02999127,0.6377047,0.2018803,-0.1855229,0.6090274,0.1550725,0.4709197,0.7154832
72057594037973989,0,1.794034,18994.25,0.163955,0.1994434,0.6859528,0.1877871,0.574199,0.7257051,0.1046264,0.4642562,0.6525828,0.07415015,0.3454887,0.590294,0.06682826,0.2164798,0.5573753,0.06062826,0.2027807,0.5426993,0.2436713,0.531859,0.7302619,0.1607167,0.6020807,0.6622406,0.03062663,0.6281888,0.6605538,0.009668869,0.6622701,0.6344103,0.1309616,0.1999932,0.6597984,0.1219119,-0.005650669,0.7188579,0.1169764,-0.1642695,0.7748378,0.1895802,0.2070502,0.6765885,0.1932065,0.02999127,0.6377047,0.2018803,-0.1855229,0.6090274,0.1550725,0.4709197,0.7154832
72057594037973989,0,1.794034,18994.25,0.163955,0.1994434,0.6859528,0.1877871,0.574199,0.7257051,0.1046264,0.4642562,0.6525828,0.07415015,0.3454887,0.590294,0.06682826,0.2164798,0.5573753,0.06062826,0.2027807,0.5426993,0.2436713,0.531859,0.7302619,0.1607167,0.6020807,0.6622406,0.03062663,0.6281888,0.6605538,0.009668869,0.6622701,0.6344103,0.1309616,0.1999932,0.6597984,0.1219119,-0.005650669,0.7188579,0.1169764,-0.1642695,0.7748378,0.1895802,0.2070502,0.6765885,0.1932065,0.02999127,0.6377047,0.2018803,-0.1855229,0.6090274,0.1550725,0.4709197,0.7154832
72057594037973989,0,1.794034,18994.25,0.163955,0.1994434,0.6859528,0.1877871,0.574199,0.7257051,0.1046264,0.4642562,0.6525828,0.07415015,0.3454887,0.590294,0.06682826,0.2164798,0.5573753,0.06062826,0.2027807,0.5426993,0.2436713,0.531859,0.7302619,0.1607167,0.6020807,0.6622406,0.03062663,0.6281888,0.6605538,0.009668869,0.6622701,0.6344103,0.1309616,0.1999932,0.6597984,0.1219119,-0.005650669,0.7188579,0.1169764,-0.1642695,0.7748378,0.1895802,0.2070502,0.6765885,0.1932065,0.02999127,0.6377047,0.2018803,-0.1855229,0.6090274,0.1550725,0.4709197,0.7154832
72057594037973989,0,1.79164,18994.26,0.1774011,0.1977384,0.6907948,0.2029745,0.5729533,0.7307797,0.1213328,0.4643508,0.6630015,0.09185584,0.3445545,0.6017714,0.07931325,0.2196381,0.554213,0.07123543,0.1749781,0.54617,0.2578695,0.532801,0.7347227,0.1725286,0.6059052,0.6671689,0.04209894,0.6320665,0.665535,0.02143241,0.666083,0.6393868,0.1447046,0.1980712,0.6678255,0.1255582,-0.01087204,0.7227638,0.113222,-0.170481,0.7749452,0.2025023,0.2055077,0.6787533,0.2130547,0.02949637,0.6396388,0.2304996,-0.187352,0.6103688,0.16941,0.4706998,0.7202973
72057594037973989,0,1.79164,18994.26,0.1774011,0.1977384,0.6907948,0.2029745,0.5729533,0.7307797,0.1213328,0.4643508,0.6630015,0.09185584,0.3445545,0.6017714,0.07931325,0.2196381,0.554213,0.07123543,0.1749781,0.54617,0.2578695,0.532801,0.7347227,0.1725286,0.6059052,0.6671689,0.04209894,0.6320665,0.665535,0.02143241,0.666083,0.6393868,0.1447046,0.1980712,0.6678255,0.1255582,-0.01087204,0.7227638,0.113222,-0.170481,0.7749452,0.2025023,0.2055077,0.6787533,0.2130547,0.02949637,0.6396388,0.2304996,-0.187352,0.6103688,0.16941,0.4706998,0.7202973
72057594037973989,0,1.79164,18994.26,0.1774011,0.1977384,0.6907948,0.2029745,0.5729533,0.7307797,0.1213328,0.4643508,0.6630015,0.09185584,0.3445545,0.6017714,0.07931325,0.2196381,0.554213,0.07123543,0.1749781,0.54617,0.2578695,0.532801,0.7347227,0.1725286,0.6059052,0.6671689,0.04209894,0.6320665,0.665535,0.02143241,0.666083,0.6393868,0.1447046,0.1980712,0.6678255,0.1255582,-0.01087204,0.7227638,0.113222,-0.170481,0.7749452,0.2025023,0.2055077,0.6787533,0.2130547,0.02949637,0.6396388,0.2304996,-0.187352,0.6103688,0.16941,0.4706998,0.7202973
72057594037973989,0,1.79164,18994.26,0.1774011,0.1977384,0.6907948,0.2029745,0.5729533,0.7307797,0.1213328,0.4643508,0.6630015,0.09185584,0.3445545,0.6017714,0.07931325,0.2196381,0.554213,0.07123543,0.1749781,0.54617,0.2578695,0.532801,0.7347227,0.1725286,0.6059052,0.6671689,0.04209894,0.6320665,0.665535,0.02143241,0.666083,0.6393868,0.1447046,0.1980712,0.6678255,0.1255582,-0.01087204,0.7227638,0.113222,-0.170481,0.7749452,0.2025023,0.2055077,0.6787533,0.2130547,0.02949637,0.6396388,0.2304996,-0.187352,0.6103688,0.16941,0.4706998,0.7202973
72057594037973989,0,1.79164,18994.27,0.1774011,0.1977384,0.6907948,0.2029745,0.5729533,0.7307797,0.1213328,0.4643508,0.6630015,0.09185584,0.3445545,0.6017714,0.07931325,0.2196381,0.554213,0.07123543,0.1749781,0.54617,0.2578695,0.532801,0.7347227,0.1725286,0.6059052,0.6671689,0.04209894,0.6320665,0.665535,0.02143241,0.666083,0.6393868,0.1447046,0.1980712,0.6678255,0.1255582,-0.01087204,0.7227638,0.113222,-0.170481,0.7749452,0.2025023,0.2055077,0.6787533,0.2130547,0.02949637,0.6396388,0.2304996,-0.187352,0.6103688,0.16941,0.4706998,0.7202973
72057594037973989,0,1.79164,18994.27,0.1774011,0.1977384,0.6907948,0.2029745,0.5729533,0.7307797,0.1213328,0.4643508,0.6630015,0.09185584,0.3445545,0.6017714,0.07931325,0.2196381,0.554213,0.07123543,0.1749781,0.54617,0.2578695,0.532801,0.7347227,0.1725286,0.6059052,0.6671689,0.04209894,0.6320665,0.665535,0.02143241,0.666083,0.6393868,0.1447046,0.1980712,0.6678255,0.1255582,-0.01087204,0.7227638,0.113222,-0.170481,0.7749452,0.2025023,0.2055077,0.6787533,0.2130547,0.02949637,0.6396388,0.2304996,-0.187352,0.6103688,0.16941,0.4706998,0.7202973
72057594037973989,0,1.79164,18994.27,0.1774011,0.1977384,0.6907948,0.2029745,0.5729533,0.7307797,0.1213328,0.4643508,0.6630015,0.09185584,0.3445545,0.6017714,0.07931325,0.2196381,0.554213,0.07123543,0.1749781,0.54617,0.2578695,0.532801,0.7347227,0.1725286,0.6059052,0.6671689,0.04209894,0.6320665,0.665535,0.02143241,0.666083,0.6393868,0.1447046,0.1980712,0.6678255,0.1255582,-0.01087204,0.7227638,0.113222,-0.170481,0.7749452,0.2025023,0.2055077,0.6787533,0.2130547,0.02949637,0.6396388,0.2304996,-0.187352,0.6103688,0.16941,0.4706998,0.7202973
72057594037973989,0,1.79164,18994.27,0.1774011,0.1977384,0.6907948,0.2029745,0.5729533,0.7307797,0.1213328,0.4643508,0.6630015,0.09185584,0.3445545,0.6017714,0.07931325,0.2196381,0.554213,0.07123543,0.1749781,0.54617,0.2578695,0.532801,0.7347227,0.1725286,0.6059052,0.6671689,0.04209894,0.6320665,0.665535,0.02143241,0.666083,0.6393868,0.1447046,0.1980712,0.6678255,0.1255582,-0.01087204,0.7227638,0.113222,-0.170481,0.7749452,0.2025023,0.2055077,0.6787533,0.2130547,0.02949637,0.6396388,0.2304996,-0.187352,0.6103688,0.16941,0.4706998,0.7202973
72057594037973989,0,1.79164,18994.28,0.1774011,0.1977384,0.6907948,0.2029745,0.5729533,0.7307797,0.1213328,0.4643508,0.6630015,0.09185584,0.3445545,0.6017714,0.07931325,0.2196381,0.554213,0.07123543,0.1749781,0.54617,0.2578695,0.532801,0.7347227,0.1725286,0.6059052,0.6671689,0.04209894,0.6320665,0.665535,0.02143241,0.666083,0.6393868,0.1447046,0.1980712,0.6678255,0.1255582,-0.01087204,0.7227638,0.113222,-0.170481,0.7749452,0.2025023,0.2055077,0.6787533,0.2130547,0.02949637,0.6396388,0.2304996,-0.187352,0.6103688,0.16941,0.4706998,0.7202973
72057594037973989,0,1.79164,18994.28,0.1774011,0.1977384,0.6907948,0.2029745,0.5729533,0.7307797,0.1213328,0.4643508,0.6630015,0.09185584,0.3445545,0.6017714,0.07931325,0.2196381,0.554213,0.07123543,0.1749781,0.54617,0.2578695,0.532801,0.7347227,0.1725286,0.6059052,0.6671689,0.04209894,0.6320665,0.665535,0.02143241,0.666083,0.6393868,0.1447046,0.1980712,0.6678255,0.1255582,-0.01087204,0.7227638,0.113222,-0.170481,0.7749452,0.2025023,0.2055077,0.6787533,0.2130547,0.02949637,0.6396388,0.2304996,-0.187352,0.6103688,0.16941,0.4706998,0.7202973
72057594037973989,0,1.79164,18994.28,0.1774011,0.1977384,0.6907948,0.2029745,0.5729533,0.7307797,0.1213328,0.4643508,0.6630015,0.09185584,0.3445545,0.6017714,0.07931325,0.2196381,0.554213,0.07123543,0.1749781,0.54617,0.2578695,0.532801,0.7347227,0.1725286,0.6059052,0.6671689,0.04209894,0.6320665,0.665535,0.02143241,0.666083,0.6393868,0.1447046,0.1980712,0.6678255,0.1255582,-0.01087204,0.7227638,0.113222,-0.170481,0.7749452,0.2025023,0.2055077,0.6787533,0.2130547,0.02949637,0.6396388,0.2304996,-0.187352,0.6103688,0.16941,0.4706998,0.7202973
72057594037973989,0,1.79164,18994.28,0.1774011,0.1977384,0.6907948,0.2029745,0.5729533,0.7307797,0.1213328,0.4643508,0.6630015,0.09185584,0.3445545,0.6017714,0.07931325,0.2196381,0.554213,0.07123543,0.1749781,0.54617,0.2578695,0.532801,0.7347227,0.1725286,0.6059052,0.6671689,0.04209894,0.6320665,0.665535,0.02143241,0.666083,0.6393868,0.1447046,0.1980712,0.6678255,0.1255582,-0.01087204,0.7227638,0.113222,-0.170481,0.7749452,0.2025023,0.2055077,0.6787533,0.2130547,0.02949637,0.6396388,0.2304996,-0.187352,0.6103688,0.16941,0.4706998,0.7202973
72057594037973989,0,1.79164,18994.29,0.1774011,0.1977384,0.6907948,0.2029745,0.5729533,0.7307797,0.1213328,0.4643508,0.6630015,0.09185584,0.3445545,0.6017714,0.07931325,0.2196381,0.554213,0.07123543,0.1749781,0.54617,0.2578695,0.532801,0.7347227,0.1725286,0.6059052,0.6671689,0.04209894,0.6320665,0.665535,0.02143241,0.666083,0.6393868,0.1447046,0.1980712,0.6678255,0.1255582,-0.01087204,0.7227638,0.113222,-0.170481,0.7749452,0.2025023,0.2055077,0.6787533,0.2130547,0.02949637,0.6396388,0.2304996,-0.187352,0.6103688,0.16941,0.4706998,0.7202973
72057594037973989,0,1.79164,18994.29,0.1774011,0.1977384,0.6907948,0.2029745,0.5729533,0.7307797,0.1213328,0.4643508,0.6630015,0.09185584,0.3445545,0.6017714,0.07931325,0.2196381,0.554213,0.07123543,0.1749781,0.54617,0.2578695,0.532801,0.7347227,0.1725286,0.6059052,0.6671689,0.04209894,0.6320665,0.665535,0.02143241,0.666083,0.6393868,0.1447046,0.1980712,0.6678255,0.1255582,-0.01087204,0.7227638,0.113222,-0.170481,0.7749452,0.2025023,0.2055077,0.6787533,0.2130547,0.02949637,0.6396388,0.2304996,-0.187352,0.6103688,0.16941,0.4706998,0.7202973
72057594037973989,0,1.797158,18994.29,0.1986621,0.1816187,0.6941926,0.2152588,0.5714513,0.7343104,0.1365351,0.4628467,0.6703198,0.1094089,0.34279,0.6078779,0.1083965,0.212911,0.5759732,0.08065614,0.1460505,0.5455282,0.2588423,0.5244691,0.7298904,0.1875671,0.6040198,0.6719922,0.05678035,0.6302719,0.6704002,0.03638926,0.6642299,0.6442522,0.1641456,0.1781947,0.6783101,0.1283316,-0.03031072,0.731095,0.1037755,-0.1891481,0.7812797,0.225792,0.192515,0.6756136,0.2498091,0.02677646,0.6421408,0.287383,-0.1967316,0.6182381,0.1854109,0.4688772,0.7228893
72057594037973989,0,1.797158,18994.29,0.1986621,0.1816187,0.6941926,0.2152588,0.5714513,0.7343104,0.1365351,0.4628467,0.6703198,0.1094089,0.34279,0.6078779,0.1083965,0.212911,0.5759732,0.08065614,0.1460505,0.5455282,0.2588423,0.5244691,0.7298904,0.1875671,0.6040198,0.6719922,0.05678035,0.6302719,0.6704002,0.03638926,0.6642299,0.6442522,0.1641456,0.1781947,0.6783101,0.1283316,-0.03031072,0.731095,0.1037755,-0.1891481,0.7812797,0.225792,0.192515,0.6756136,0.2498091,0.02677646,0.6421408,0.287383,-0.1967316,0.6182381,0.1854109,0.4688772,0.7228893
72057594037973989,0,1.797158,18994.29,0.1986621,0.1816187,0.6941926,0.2152588,0.5714513,0.7343104,0.1365351,0.4628467,0.6703198,0.1094089,0.34279,0.6078779,0.1083965,0.212911,0.5759732,0.08065614,0.1460505,0.5455282,0.2588423,0.5244691,0.7298904,0.1875671,0.6040198,0.6719922,0.05678035,0.6302719,0.6704002,0.03638926,0.6642299,0.6442522,0.1641456,0.1781947,0.6783101,0.1283316,-0.03031072,0.731095,0.1037755,-0.1891481,0.7812797,0.225792,0.192515,0.6756136,0.2498091,0.02677646,0.6421408,0.287383,-0.1967316,0.6182381,0.1854109,0.4688772,0.7228893
72057594037973989,0,1.797158,18994.29,0.1986621,0.1816187,0.6941926,0.2152588,0.5714513,0.7343104,0.1365351,0.4628467,0.6703198,0.1094089,0.34279,0.6078779,0.1083965,0.212911,0.5759732,0.08065614,0.1460505,0.5455282,0.2588423,0.5244691,0.7298904,0.1875671,0.6040198,0.6719922,0.05678035,0.6302719,0.6704002,0.03638926,0.6642299,0.6442522,0.1641456,0.1781947,0.6783101,0.1283316,-0.03031072,0.731095,0.1037755,-0.1891481,0.7812797,0.225792,0.192515,0.6756136,0.2498091,0.02677646,0.6421408,0.287383,-0.1967316,0.6182381,0.1854109,0.4688772,0.7228893
72057594037973989,0,1.797158,18994.3,0.1986621,0.1816187,0.6941926,0.2152588,0.5714513,0.7343104,0.1365351,0.4628467,0.6703198,0.1094089,0.34279,0.6078779,0.1083965,0.212911,0.5759732,0.08065614,0.1460505,0.5455282,0.2588423,0.5244691,0.7298904,0.1875671,0.6040198,0.6719922,0.05678035,0.6302719,0.6704002,0.03638926,0.6642299,0.6442522,0.1641456,0.1781947,0.6783101,0.1283316,-0.03031072,0.731095,0.1037755,-0.1891481,0.7812797,0.225792,0.192515,0.6756136,0.2498091,0.02677646,0.6421408,0.287383,-0.1967316,0.6182381,0.1854109,0.4688772,0.7228893
72057594037973989,0,1.797158,18994.3,0.1986621,0.1816187,0.6941926,0.2152588,0.5714513,0.7343104,0.1365351,0.4628467,0.6703198,0.1094089,0.34279,0.6078779,0.1083965,0.212911,0.5759732,0.08065614,0.1460505,0.5455282,0.2588423,0.5244691,0.7298904,0.1875671,0.6040198,0.6719922,0.05678035,0.6302719,0.6704002,0.03638926,0.6642299,0.6442522,0.1641456,0.1781947,0.6783101,0.1283316,-0.03031072,0.731095,0.1037755,-0.1891481,0.7812797,0.225792,0.192515,0.6756136,0.2498091,0.02677646,0.6421408,0.287383,-0.1967316,0.6182381,0.1854109,0.4688772,0.7228893
72057594037973989,0,1.797158,18994.3,0.1986621,0.1816187,0.6941926,0.2152588,0.5714513,0.7343104,0.1365351,0.4628467,0.6703198,0.1094089,0.34279,0.6078779,0.1083965,0.212911,0.5759732,0.08065614,0.1460505,0.5455282,0.2588423,0.5244691,0.7298904,0.1875671,0.6040198,0.6719922,0.05678035,0.6302719,0.6704002,0.03638926,0.6642299,0.6442522,0.1641456,0.1781947,0.6783101,0.1283316,-0.03031072,0.731095,0.1037755,-0.1891481,0.7812797,0.225792,0.192515,0.6756136,0.2498091,0.02677646,0.6421408,0.287383,-0.1967316,0.6182381,0.1854109,0.4688772,0.7228893
72057594037973989,0,1.797158,18994.3,0.1986621,0.1816187,0.6941926,0.2152588,0.5714513,0.7343104,0.1365351,0.4628467,0.6703198,0.1094089,0.34279,0.6078779,0.1083965,0.212911,0.5759732,0.08065614,0.1460505,0.5455282,0.2588423,0.5244691,0.7298904,0.1875671,0.6040198,0.6719922,0.05678035,0.6302719,0.6704002,0.03638926,0.6642299,0.6442522,0.1641456,0.1781947,0.6783101,0.1283316,-0.03031072,0.731095,0.1037755,-0.1891481,0.7812797,0.225792,0.192515,0.6756136,0.2498091,0.02677646,0.6421408,0.287383,-0.1967316,0.6182381,0.1854109,0.4688772,0.7228893
72057594037973989,0,1.797158,18994.31,0.1986621,0.1816187,0.6941926,0.2152588,0.5714513,0.7343104,0.1365351,0.4628467,0.6703198,0.1094089,0.34279,0.6078779,0.1083965,0.212911,0.5759732,0.08065614,0.1460505,0.5455282,0.2588423,0.5244691,0.7298904,0.1875671,0.6040198,0.6719922,0.05678035,0.6302719,0.6704002,0.03638926,0.6642299,0.6442522,0.1641456,0.1781947,0.6783101,0.1283316,-0.03031072,0.731095,0.1037755,-0.1891481,0.7812797,0.225792,0.192515,0.6756136,0.2498091,0.02677646,0.6421408,0.287383,-0.1967316,0.6182381,0.1854109,0.4688772,0.7228893
72057594037973989,0,1.797158,18994.31,0.1986621,0.1816187,0.6941926,0.2152588,0.5714513,0.7343104,0.1365351,0.4628467,0.6703198,0.1094089,0.34279,0.6078779,0.1083965,0.212911,0.5759732,0.08065614,0.1460505,0.5455282,0.2588423,0.5244691,0.7298904,0.1875671,0.6040198,0.6719922,0.05678035,0.6302719,0.6704002,0.03638926,0.6642299,0.6442522,0.1641456,0.1781947,0.6783101,0.1283316,-0.03031072,0.731095,0.1037755,-0.1891481,0.7812797,0.225792,0.192515,0.6756136,0.2498091,0.02677646,0.6421408,0.287383,-0.1967316,0.6182381,0.1854109,0.4688772,0.7228893
72057594037973989,0,1.797158,18994.31,0.1986621,0.1816187,0.6941926,0.2152588,0.5714513,0.7343104,0.1365351,0.4628467,0.6703198,0.1094089,0.34279,0.6078779,0.1083965,0.212911,0.5759732,0.08065614,0.1460505,0.5455282,0.2588423,0.5244691,0.7298904,0.1875671,0.6040198,0.6719922,0.05678035,0.6302719,0.6704002,0.03638926,0.6642299,0.6442522,0.1641456,0.1781947,0.6783101,0.1283316,-0.03031072,0.731095,0.1037755,-0.1891481,0.7812797,0.225792,0.192515,0.6756136,0.2498091,0.02677646,0.6421408,0.287383,-0.1967316,0.6182381,0.1854109,0.4688772,0.7228893
72057594037973989,0,1.797158,18994.31,0.1986621,0.1816187,0.6941926,0.2152588,0.5714513,0.7343104,0.1365351,0.4628467,0.6703198,0.1094089,0.34279,0.6078779,0.1083965,0.212911,0.5759732,0.08065614,0.1460505,0.5455282,0.2588423,0.5244691,0.7298904,0.1875671,0.6040198,0.6719922,0.05678035,0.6302719,0.6704002,0.03638926,0.6642299,0.6442522,0.1641456,0.1781947,0.6783101,0.1283316,-0.03031072,0.731095,0.1037755,-0.1891481,0.7812797,0.225792,0.192515,0.6756136,0.2498091,0.02677646,0.6421408,0.287383,-0.1967316,0.6182381,0.1854109,0.4688772,0.7228893
72057594037973989,0,1.797158,18994.32,0.1986621,0.1816187,0.6941926,0.2152588,0.5714513,0.7343104,0.1365351,0.4628467,0.6703198,0.1094089,0.34279,0.6078779,0.1083965,0.212911,0.5759732,0.08065614,0.1460505,0.5455282,0.2588423,0.5244691,0.7298904,0.1875671,0.6040198,0.6719922,0.05678035,0.6302719,0.6704002,0.03638926,0.6642299,0.6442522,0.1641456,0.1781947,0.6783101,0.1283316,-0.03031072,0.731095,0.1037755,-0.1891481,0.7812797,0.225792,0.192515,0.6756136,0.2498091,0.02677646,0.6421408,0.287383,-0.1967316,0.6182381,0.1854109,0.4688772,0.7228893
72057594037973989,0,1.797158,18994.32,0.1986621,0.1816187,0.6941926,0.2152588,0.5714513,0.7343104,0.1365351,0.4628467,0.6703198,0.1094089,0.34279,0.6078779,0.1083965,0.212911,0.5759732,0.08065614,0.1460505,0.5455282,0.2588423,0.5244691,0.7298904,0.1875671,0.6040198,0.6719922,0.05678035,0.6302719,0.6704002,0.03638926,0.6642299,0.6442522,0.1641456,0.1781947,0.6783101,0.1283316,-0.03031072,0.731095,0.1037755,-0.1891481,0.7812797,0.225792,0.192515,0.6756136,0.2498091,0.02677646,0.6421408,0.287383,-0.1967316,0.6182381,0.1854109,0.4688772,0.7228893
72057594037973989,0,1.797193,18994.32,0.2133804,0.1745619,0.6991783,0.22438,0.5692827,0.7375475,0.1437461,0.4614227,0.6732588,0.1269115,0.3408324,0.6084337,0.1287493,0.2170636,0.5558374,0.1218894,0.1717768,0.5443892,0.2587766,0.5244522,0.7299076,0.2033237,0.5917633,0.6755089,0.07233504,0.6170173,0.6748803,0.05317783,0.6506097,0.6487971,0.1786058,0.1705897,0.6882271,0.1336008,-0.03880134,0.7358748,0.1024627,-0.1974621,0.7817928,0.2393678,0.1868969,0.6759629,0.2575083,0.02154389,0.6520619,0.2881911,-0.2048658,0.6408666,0.1854514,0.4687998,0.7229292
72057594037973989,0,1.797193,18994.32,0.2133804,0.1745619,0.6991783,0.22438,0.5692827,0.7375475,0.1437461,0.4614227,0.6732588,0.1269115,0.3408324,0.6084337,0.1287493,0.2170636,0.5558374,0.1218894,0.1717768,0.5443892,0.2587766,0.5244522,0.7299076,0.2033237,0.5917633,0.6755089,0.07233504,0.6170173,0.6748803,0.05317783,0.6506097,0.6487971,0.1786058,0.1705897,0.6882271,0.1336008,-0.03880134,0.7358748,0.1024627,-0.1974621,0.7817928,0.2393678,0.1868969,0.6759629,0.2575083,0.02154389,0.6520619,0.2881911,-0.2048658,0.6408666,0.1854514,0.4687998,0.7229292
72057594037973989,0,1.797193,18994.33,0.2133804,0.1745619,0.6991783,0.22438,0.5692827,0.7375475,0.1437461,0.4614227,0.6732588,0.1269115,0.3408324,0.6084337,0.1287493,0.2170636,0.5558374,0.1218894,0.1717768,0.5443892,0.2587766,0.5244522,0.7299076,0.2033237,0.5917633,0.6755089,0.07233504,0.6170173,0.6748803,0.05317783,0.6506097,0.6487971,0.1786058,0.1705897,0.6882271,0.1336008,-0.03880134,0.7358748,0.1024627,-0.1974621,0.7817928,0.2393678,0.1868969,0.6759629,0.2575083,0.02154389,0.6520619,0.2881911,-0.2048658,0.6408666,0.1854514,0.4687998,0.7229292
72057594037973989,0,1.797193,18994.33,0.2133804,0.1745619,0.6991783,0.22438,0.5692827,0.7375475,0.1437461,0.4614227,0.6732588,0.1269115,0.3408324,0.6084337,0.1287493,0.2170636,0.5558374,0.1218894,0.1717768,0.5443892,0.2587766,0.5244522,0.7299076,0.2033237,0.5917633,0.6755089,0.07233504,0.6170173,0.6748803,0.05317783,0.6506097,0.6487971,0.1786058,0.1705897,0.6882271,0.1336008,-0.03880134,0.7358748,0.1024627,-0.1974621,0.7817928,0.2393678,0.1868969,0.6759629,0.2575083,0.02154389,0.6520619,0.2881911,-0.2048658,0.6408666,0.1854514,0.4687998,0.7229292
72057594037973989,0,1.797193,18994.33,0.2133804,0.1745619,0.6991783,0.22438,0.5692827,0.7375475,0.1437461,0.4614227,0.6732588,0.1269115,0.3408324,0.6084337,0.1287493,0.2170636,0.5558374,0.1218894,0.1717768,0.5443892,0.2587766,0.5244522,0.7299076,0.2033237,0.5917633,0.6755089,0.07233504,0.6170173,0.6748803,0.05317783,0.6506097,0.6487971,0.1786058,0.1705897,0.6882271,0.1336008,-0.03880134,0.7358748,0.1024627,-0.1974621,0.7817928,0.2393678,0.1868969,0.6759629,0.2575083,0.02154389,0.6520619,0.2881911,-0.2048658,0.6408666,0.1854514,0.4687998,0.7229292
72057594037973989,0,1.797193,18994.33,0.2133804,0.1745619,0.6991783,0.22438,0.5692827,0.7375475,0.1437461,0.4614227,0.6732588,0.1269115,0.3408324,0.6084337,0.1287493,0.2170636,0.5558374,0.1218894,0.1717768,0.5443892,0.2587766,0.5244522,0.7299076,0.2033237,0.5917633,0.6755089,0.07233504,0.6170173,0.6748803,0.05317783,0.6506097,0.6487971,0.1786058,0.1705897,0.6882271,0.1336008,-0.03880134,0.7358748,0.1024627,-0.1974621,0.7817928,0.2393678,0.1868969,0.6759629,0.2575083,0.02154389,0.6520619,0.2881911,-0.2048658,0.6408666,0.1854514,0.4687998,0.7229292
72057594037973989,0,1.797193,18994.34,0.2133804,0.1745619,0.6991783,0.22438,0.5692827,0.7375475,0.1437461,0.4614227,0.6732588,0.1269115,0.3408324,0.6084337,0.1287493,0.2170636,0.5558374,0.1218894,0.1717768,0.5443892,0.2587766,0.5244522,0.7299076,0.2033237,0.5917633,0.6755089,0.07233504,0.6170173,0.6748803,0.05317783,0.6506097,0.6487971,0.1786058,0.1705897,0.6882271,0.1336008,-0.03880134,0.7358748,0.1024627,-0.1974621,0.7817928,0.2393678,0.1868969,0.6759629,0.2575083,0.02154389,0.6520619,0.2881911,-0.2048658,0.6408666,0.1854514,0.4687998,0.7229292
72057594037973989,0,1.797193,18994.34,0.2133804,0.1745619,0.6991783,0.22438,0.5692827,0.7375475,0.1437461,0.4614227,0.6732588,0.1269115,0.3408324,0.6084337,0.1287493,0.2170636,0.5558374,0.1218894,0.1717768,0.5443892,0.2587766,0.5244522,0.7299076,0.2033237,0.5917633,0.6755089,0.07233504,0.6170173,0.6748803,0.05317783,0.6506097,0.6487971,0.1786058,0.1705897,0.6882271,0.1336008,-0.03880134,0.7358748,0.1024627,-0.1974621,0.7817928,0.2393678,0.1868969,0.6759629,0.2575083,0.02154389,0.6520619,0.2881911,-0.2048658,0.6408666,0.1854514,0.4687998,0.7229292
72057594037973989,0,1.797193,18994.34,0.2133804,0.1745619,0.6991783,0.22438,0.5692827,0.7375475,0.1437461,0.4614227,0.6732588,0.1269115,0.3408324,0.6084337,0.1287493,0.2170636,0.5558374,0.1218894,0.1717768,0.5443892,0.2587766,0.5244522,0.7299076,0.2033237,0.5917633,0.6755089,0.07233504,0.6170173,0.6748803,0.05317783,0.6506097,0.6487971,0.1786058,0.1705897,0.6882271,0.1336008,-0.03880134,0.7358748,0.1024627,-0.1974621,0.7817928,0.2393678,0.1868969,0.6759629,0.2575083,0.02154389,0.6520619,0.2881911,-0.2048658,0.6408666,0.1854514,0.4687998,0.7229292
72057594037973989,0,1.797193,18994.34,0.2133804,0.1745619,0.6991783,0.22438,0.5692827,0.7375475,0.1437461,0.4614227,0.6732588,0.1269115,0.3408324,0.6084337,0.1287493,0.2170636,0.5558374,0.1218894,0.1717768,0.5443892,0.2587766,0.5244522,0.7299076,0.2033237,0.5917633,0.6755089,0.07233504,0.6170173,0.6748803,0.05317783,0.6506097,0.6487971,0.1786058,0.1705897,0.6882271,0.1336008,-0.03880134,0.7358748,0.1024627,-0.1974621,0.7817928,0.2393678,0.1868969,0.6759629,0.2575083,0.02154389,0.6520619,0.2881911,-0.2048658,0.6408666,0.1854514,0.4687998,0.7229292
72057594037973989,0,1.797193,18994.35,0.2133804,0.1745619,0.6991783,0.22438,0.5692827,0.7375475,0.1437461,0.4614227,0.6732588,0.1269115,0.3408324,0.6084337,0.1287493,0.2170636,0.5558374,0.1218894,0.1717768,0.5443892,0.2587766,0.5244522,0.7299076,0.2033237,0.5917633,0.6755089,0.07233504,0.6170173,0.6748803,0.05317783,0.6506097,0.6487971,0.1786058,0.1705897,0.6882271,0.1336008,-0.03880134,0.7358748,0.1024627,-0.1974621,0.7817928,0.2393678,0.1868969,0.6759629,0.2575083,0.02154389,0.6520619,0.2881911,-0.2048658,0.6408666,0.1854514,0.4687998,0.7229292
72057594037973989,0,1.797193,18994.35,0.2133804,0.1745619,0.6991783,0.22438,0.5692827,0.7375475,0.1437461,0.4614227,0.6732588,0.1269115,0.3408324,0.6084337,0.1287493,0.2170636,0.5558374,0.1218894,0.1717768,0.5443892,0.2587766,0.5244522,0.7299076,0.2033237,0.5917633,0.6755089,0.07233504,0.6170173,0.6748803,0.05317783,0.6506097,0.6487971,0.1786058,0.1705897,0.6882271,0.1336008,-0.03880134,0.7358748,0.1024627,-0.1974621,0.7817928,0.2393678,0.1868969,0.6759629,0.2575083,0.02154389,0.6520619,0.2881911,-0.2048658,0.6408666,0.1854514,0.4687998,0.7229292
72057594037973989,0,1.797193,18994.35,0.2133804,0.1745619,0.6991783,0.22438,0.5692827,0.7375475,0.1437461,0.4614227,0.6732588,0.1269115,0.3408324,0.6084337,0.1287493,0.2170636,0.5558374,0.1218894,0.1717768,0.5443892,0.2587766,0.5244522,0.7299076,0.2033237,0.5917633,0.6755089,0.07233504,0.6170173,0.6748803,0.05317783,0.6506097,0.6487971,0.1786058,0.1705897,0.6882271,0.1336008,-0.03880134,0.7358748,0.1024627,-0.1974621,0.7817928,0.2393678,0.1868969,0.6759629,0.2575083,0.02154389,0.6520619,0.2881911,-0.2048658,0.6408666,0.1854514,0.4687998,0.7229292
72057594037973989,0,1.797193,18994.35,0.2133804,0.1745619,0.6991783,0.22438,0.5692827,0.7375475,0.1437461,0.4614227,0.6732588,0.1269115,0.3408324,0.6084337,0.1287493,0.2170636,0.5558374,0.1218894,0.1717768,0.5443892,0.2587766,0.5244522,0.7299076,0.2033237,0.5917633,0.6755089,0.07233504,0.6170173,0.6748803,0.05317783,0.6506097,0.6487971,0.1786058,0.1705897,0.6882271,0.1336008,-0.03880134,0.7358748,0.1024627,-0.1974621,0.7817928,0.2393678,0.1868969,0.6759629,0.2575083,0.02154389,0.6520619,0.2881911,-0.2048658,0.6408666,0.1854514,0.4687998,0.7229292
72057594037973989,0,1.786358,18994.36,0.227888,0.1806518,0.7105719,0.2393214,0.5668316,0.7405077,0.1735601,0.4596131,0.6855966,0.1591022,0.3421937,0.6145315,0.1680619,0.2155106,0.5721807,0.1530147,0.1604277,0.5348801,0.2988495,0.5185224,0.7374614,0.2508327,0.4071308,0.6712374,0.1610259,0.3355656,0.5985511,0.1483909,0.3166906,0.5758602,0.190463,0.181074,0.7001109,0.1454776,-0.03281701,0.7384166,0.1146441,-0.1934493,0.7768942,0.2561851,0.1887806,0.6866555,0.2706975,0.01705012,0.6622139,0.2953129,-0.2047135,0.6505715,0.2222399,0.4642929,0.7304944
72057594037973989,0,1.786358,18994.36,0.227888,0.1806518,0.7105719,0.2393214,0.5668316,0.7405077,0.1735601,0.4596131,0.6855966,0.1591022,0.3421937,0.6145315,0.1680619,0.2155106,0.5721807,0.1530147,0.1604277,0.5348801,0.2988495,0.5185224,0.7374614,0.2508327,0.4071308,0.6712374,0.1610259,0.3355656,0.5985511,0.1483909,0.3166906,0.5758602,0.190463,0.181074,0.7001109,0.1454776,-0.03281701,0.7384166,0.1146441,-0.1934493,0.7768942,0.2561851,0.1887806,0.6866555,0.2706975,0.01705012,0.6622139,0.2953129,-0.2047135,0.6505715,0.2222399,0.4642929,0.7304944
72057594037973989,0,1.786358,18994.36,0.227888,0.1806518,0.7105719,0.2393214,0.5668316,0.7405077,0.1735601,0.4596131,0.6855966,0.1591022,0.3421937,0.6145315,0.1680619,0.2155106,0.5721807,0.1530147,0.1604277,0.5348801,0.2988495,0.5185224,0.7374614,0.2508327,0.4071308,0.6712374,0.1610259,0.3355656,0.5985511,0.1483909,0.3166906,0.5758602,0.190463,0.181074,0.7001109,0.1454776,-0.03281701,0.7384166,0.1146441,-0.1934493,0.7768942,0.2561851,0.1887806,0.6866555,0.2706975,0.01705012,0.6622139,0.2953129,-0.2047135,0.6505715,0.2222399,0.4642929,0.7304944
72057594037973989,0,1.786358,18994.36,0.227888,0.1806518,0.7105719,0.2393214,0.5668316,0.7405077,0.1735601,0.4596131,0.6855966,0.1591022,0.3421937,0.6145315,0.1680619,0.2155106,0.5721807,0.1530147,0.1604277,0.5348801,0.2988495,0.5185224,0.7374614,0.2508327,0.4071308,0.6712374,0.1610259,0.3355656,0.5985511,0.1483909,0.3166906,0.5758602,0.190463,0.181074,0.7001109,0.1454776,-0.03281701,0.7384166,0.1146441,-0.1934493,0.7768942,0.2561851,0.1887806,0.6866555,0.2706975,0.01705012,0.6622139,0.2953129,-0.2047135,0.6505715,0.2222399,0.4642929,0.7304944
72057594037973989,0,1.786358,18994.37,0.227888,0.1806518,0.7105719,0.2393214,0.5668316,0.7405077,0.1735601,0.4596131,0.6855966,0.1591022,0.3421937,0.6145315,0.1680619,0.2155106,0.5721807,0.1530147,0.1604277,0.5348801,0.2988495,0.5185224,0.7374614,0.2508327,0.4071308,0.6712374,0.1610259,0.3355656,0.5985511,0.1483909,0.3166906,0.5758602,0.190463,0.181074,0.7001109,0.1454776,-0.03281701,0.7384166,0.1146441,-0.1934493,0.7768942,0.2561851,0.1887806,0.6866555,0.2706975,0.01705012,0.6622139,0.2953129,-0.2047135,0.6505715,0.2222399,0.4642929,0.7304944
72057594037973989,0,1.786358,18994.37,0.227888,0.1806518,0.7105719,0.2393214,0.5668316,0.7405077,0.1735601,0.4596131,0.6855966,0.1591022,0.3421937,0.6145315,0.1680619,0.2155106,0.5721807,0.1530147,0.1604277,0.5348801,0.2988495,0.5185224,0.7374614,0.2508327,0.4071308,0.6712374,0.1610259,0.3355656,0.5985511,0.1483909,0.3166906,0.5758602,0.190463,0.181074,0.7001109,0.1454776,-0.03281701,0.7384166,0.1146441,-0.1934493,0.7768942,0.2561851,0.1887806,0.6866555,0.2706975,0.01705012,0.6622139,0.2953129,-0.2047135,0.6505715,0.2222399,0.4642929,0.7304944
72057594037973989,0,1.786358,18994.37,0.227888,0.1806518,0.7105719,0.2393214,0.5668316,0.7405077,0.1735601,0.4596131,0.6855966,0.1591022,0.3421937,0.6145315,0.1680619,0.2155106,0.5721807,0.1530147,0.1604277,0.5348801,0.2988495,0.5185224,0.7374614,0.2508327,0.4071308,0.6712374,0.1610259,0.3355656,0.5985511,0.1483909,0.3166906,0.5758602,0.190463,0.181074,0.7001109,0.1454776,-0.03281701,0.7384166,0.1146441,-0.1934493,0.7768942,0.2561851,0.1887806,0.6866555,0.2706975,0.01705012,0.6622139,0.2953129,-0.2047135,0.6505715,0.2222399,0.4642929,0.7304944
72057594037973989,0,1.786358,18994.37,0.227888,0.1806518,0.7105719,0.2393214,0.5668316,0.7405077,0.1735601,0.4596131,0.6855966,0.1591022,0.3421937,0.6145315,0.1680619,0.2155106,0.5721807,0.1530147,0.1604277,0.5348801,0.2988495,0.5185224,0.7374614,0.2508327,0.4071308,0.6712374,0.1610259,0.3355656,0.5985511,0.1483909,0.3166906,0.5758602,0.190463,0.181074,0.7001109,0.1454776,-0.03281701,0.7384166,0.1146441,-0.1934493,0.7768942,0.2561851,0.1887806,0.6866555,0.2706975,0.01705012,0.6622139,0.2953129,-0.2047135,0.6505715,0.2222399,0.4642929,0.7304944
72057594037973989,0,1.786358,18994.38,0.227888,0.1806518,0.7105719,0.2393214,0.5668316,0.7405077,0.1735601,0.4596131,0.6855966,0.1591022,0.3421937,0.6145315,0.1680619,0.2155106,0.5721807,0.1530147,0.1604277,0.5348801,0.2988495,0.5185224,0.7374614,0.2508327,0.4071308,0.6712374,0.1610259,0.3355656,0.5985511,0.1483909,0.3166906,0.5758602,0.190463,0.181074,0.7001109,0.1454776,-0.03281701,0.7384166,0.1146441,-0.1934493,0.7768942,0.2561851,0.1887806,0.6866555,0.2706975,0.01705012,0.6622139,0.2953129,-0.2047135,0.6505715,0.2222399,0.4642929,0.7304944
72057594037973989,0,1.786358,18994.38,0.227888,0.1806518,0.7105719,0.2393214,0.5668316,0.7405077,0.1735601,0.4596131,0.6855966,0.1591022,0.3421937,0.6145315,0.1680619,0.2155106,0.5721807,0.1530147,0.1604277,0.5348801,0.2988495,0.5185224,0.7374614,0.2508327,0.4071308,0.6712374,0.1610259,0.3355656,0.5985511,0.1483909,0.3166906,0.5758602,0.190463,0.181074,0.7001109,0.1454776,-0.03281701,0.7384166,0.1146441,-0.1934493,0.7768942,0.2561851,0.1887806,0.6866555,0.2706975,0.01705012,0.6622139,0.2953129,-0.2047135,0.6505715,0.2222399,0.4642929,0.7304944
72057594037973989,0,1.786358,18994.38,0.227888,0.1806518,0.7105719,0.2393214,0.5668316,0.7405077,0.1735601,0.4596131,0.6855966,0.1591022,0.3421937,0.6145315,0.1680619,0.2155106,0.5721807,0.1530147,0.1604277,0.5348801,0.2988495,0.5185224,0.7374614,0.2508327,0.4071308,0.6712374,0.1610259,0.3355656,0.5985511,0.1483909,0.3166906,0.5758602,0.190463,0.181074,0.7001109,0.1454776,-0.03281701,0.7384166,0.1146441,-0.1934493,0.7768942,0.2561851,0.1887806,0.6866555,0.2706975,0.01705012,0.6622139,0.2953129,-0.2047135,0.6505715,0.2222399,0.4642929,0.7304944
72057594037973989,0,1.786358,18994.38,0.227888,0.1806518,0.7105719,0.2393214,0.5668316,0.7405077,0.1735601,0.4596131,0.6855966,0.1591022,0.3421937,0.6145315,0.1680619,0.2155106,0.5721807,0.1530147,0.1604277,0.5348801,0.2988495,0.5185224,0.7374614,0.2508327,0.4071308,0.6712374,0.1610259,0.3355656,0.5985511,0.1483909,0.3166906,0.5758602,0.190463,0.181074,0.7001109,0.1454776,-0.03281701,0.7384166,0.1146441,-0.1934493,0.7768942,0.2561851,0.1887806,0.6866555,0.2706975,0.01705012,0.6622139,0.2953129,-0.2047135,0.6505715,0.2222399,0.4642929,0.7304944
72057594037973989,0,1.786358,18994.38,0.227888,0.1806518,0.7105719,0.2393214,0.5668316,0.7405077,0.1735601,0.4596131,0.6855966,0.1591022,0.3421937,0.6145315,0.1680619,0.2155106,0.5721807,0.1530147,0.1604277,0.5348801,0.2988495,0.5185224,0.7374614,0.2508327,0.4071308,0.6712374,0.1610259,0.3355656,0.5985511,0.1483909,0.3166906,0.5758602,0.190463,0.181074,0.7001109,0.1454776,-0.03281701,0.7384166,0.1146441,-0.1934493,0.7768942,0.2561851,0.1887806,0.6866555,0.2706975,0.01705012,0.6622139,0.2953129,-0.2047135,0.6505715,0.2222399,0.4642929,0.7304944
72057594037973989,0,1.786358,18994.39,0.227888,0.1806518,0.7105719,0.2393214,0.5668316,0.7405077,0.1735601,0.4596131,0.6855966,0.1591022,0.3421937,0.6145315,0.1680619,0.2155106,0.5721807,0.1530147,0.1604277,0.5348801,0.2988495,0.5185224,0.7374614,0.2508327,0.4071308,0.6712374,0.1610259,0.3355656,0.5985511,0.1483909,0.3166906,0.5758602,0.190463,0.181074,0.7001109,0.1454776,-0.03281701,0.7384166,0.1146441,-0.1934493,0.7768942,0.2561851,0.1887806,0.6866555,0.2706975,0.01705012,0.6622139,0.2953129,-0.2047135,0.6505715,0.2222399,0.4642929,0.7304944
72057594037973989,0,1.780055,18994.39,0.2411572,0.1810192,0.7194062,0.2565006,0.5632589,0.7426133,0.189386,0.4551815,0.6878917,0.1819726,0.3380806,0.6152143,0.1965927,0.2113307,0.5752603,0.2005581,0.1835521,0.5475677,0.3101133,0.5152363,0.7378043,0.265522,0.4039624,0.6688337,0.177687,0.3298548,0.5961642,0.1718127,0.305132,0.5722816,0.2026138,0.183103,0.7090951,0.1602856,-0.03301707,0.7469641,0.1317313,-0.1940315,0.7847521,0.2694066,0.1873765,0.6947871,0.3090093,0.00238198,0.6738942,0.3564084,-0.1981378,0.6672543,0.2345926,0.4609762,0.7316017
72057594037973989,0,1.780055,18994.39,0.2411572,0.1810192,0.7194062,0.2565006,0.5632589,0.7426133,0.189386,0.4551815,0.6878917,0.1819726,0.3380806,0.6152143,0.1965927,0.2113307,0.5752603,0.2005581,0.1835521,0.5475677,0.3101133,0.5152363,0.7378043,0.265522,0.4039624,0.6688337,0.177687,0.3298548,0.5961642,0.1718127,0.305132,0.5722816,0.2026138,0.183103,0.7090951,0.1602856,-0.03301707,0.7469641,0.1317313,-0.1940315,0.7847521,0.2694066,0.1873765,0.6947871,0.3090093,0.00238198,0.6738942,0.3564084,-0.1981378,0.6672543,0.2345926,0.4609762,0.7316017
72057594037973989,0,1.780055,18994.39,0.2411572,0.1810192,0.7194062,0.2565006,0.5632589,0.7426133,0.189386,0.4551815,0.6878917,0.1819726,0.3380806,0.6152143,0.1965927,0.2113307,0.5752603,0.2005581,0.1835521,0.5475677,0.3101133,0.5152363,0.7378043,0.265522,0.4039624,0.6688337,0.177687,0.3298548,0.5961642,0.1718127,0.305132,0.5722816,0.2026138,0.183103,0.7090951,0.1602856,-0.03301707,0.7469641,0.1317313,-0.1940315,0.7847521,0.2694066,0.1873765,0.6947871,0.3090093,0.00238198,0.6738942,0.3564084,-0.1981378,0.6672543,0.2345926,0.4609762,0.7316017
72057594037973989,0,1.780055,18994.4,0.2411572,0.1810192,0.7194062,0.2565006,0.5632589,0.7426133,0.189386,0.4551815,0.6878917,0.1819726,0.3380806,0.6152143,0.1965927,0.2113307,0.5752603,0.2005581,0.1835521,0.5475677,0.3101133,0.5152363,0.7378043,0.265522,0.4039624,0.6688337,0.177687,0.3298548,0.5961642,0.1718127,0.305132,0.5722816,0.2026138,0.183103,0.7090951,0.1602856,-0.03301707,0.7469641,0.1317313,-0.1940315,0.7847521,0.2694066,0.1873765,0.6947871,0.3090093,0.00238198,0.6738942,0.3564084,-0.1981378,0.6672543,0.2345926,0.4609762,0.7316017
72057594037973989,0,1.780055,18994.4,0.2411572,0.1810192,0.7194062,0.2565006,0.5632589,0.7426133,0.189386,0.4551815,0.6878917,0.1819726,0.3380806,0.6152143,0.1965927,0.2113307,0.5752603,0.2005581,0.1835521,0.5475677,0.3101133,0.5152363,0.7378043,0.265522,0.4039624,0.6688337,0.177687,0.3298548,0.5961642,0.1718127,0.305132,0.5722816,0.2026138,0.183103,0.7090951,0.1602856,-0.03301707,0.7469641,0.1317313,-0.1940315,0.7847521,0.2694066,0.1873765,0.6947871,0.3090093,0.00238198,0.6738942,0.3564084,-0.1981378,0.6672543,0.2345926,0.4609762,0.7316017
72057594037973989,0,1.780055,18994.4,0.2411572,0.1810192,0.7194062,0.2565006,0.5632589,0.7426133,0.189386,0.4551815,0.6878917,0.1819726,0.3380806,0.6152143,0.1965927,0.2113307,0.5752603,0.2005581,0.1835521,0.5475677,0.3101133,0.5152363,0.7378043,0.265522,0.4039624,0.6688337,0.177687,0.3298548,0.5961642,0.1718127,0.305132,0.5722816,0.2026138,0.183103,0.7090951,0.1602856,-0.03301707,0.7469641,0.1317313,-0.1940315,0.7847521,0.2694066,0.1873765,0.6947871,0.3090093,0.00238198,0.6738942,0.3564084,-0.1981378,0.6672543,0.2345926,0.4609762,0.7316017
72057594037973989,0,1.780055,18994.4,0.2411572,0.1810192,0.7194062,0.2565006,0.5632589,0.7426133,0.189386,0.4551815,0.6878917,0.1819726,0.3380806,0.6152143,0.1965927,0.2113307,0.5752603,0.2005581,0.1835521,0.5475677,0.3101133,0.5152363,0.7378043,0.265522,0.4039624,0.6688337,0.177687,0.3298548,0.5961642,0.1718127,0.305132,0.5722816,0.2026138,0.183103,0.7090951,0.1602856,-0.03301707,0.7469641,0.1317313,-0.1940315,0.7847521,0.2694066,0.1873765,0.6947871,0.3090093,0.00238198,0.6738942,0.3564084,-0.1981378,0.6672543,0.2345926,0.4609762,0.7316017
72057594037973989,0,1.780055,18994.4,0.2411572,0.1810192,0.7194062,0.2565006,0.5632589,0.7426133,0.189386,0.4551815,0.6878917,0.1819726,0.3380806,0.6152143,0.1965927,0.2113307,0.5752603,0.2005581,0.1835521,0.5475677,0.3101133,0.5152363,0.7378043,0.265522,0.4039624,0.6688337,0.177687,0.3298548,0.5961642,0.1718127,0.305132,0.5722816,0.2026138,0.183103,0.7090951,0.1602856,-0.03301707,0.7469641,0.1317313,-0.1940315,0.7847521,0.2694066,0.1873765,0.6947871,0.3090093,0.00238198,0.6738942,0.3564084,-0.1981378,0.6672543,0.2345926,0.4609762,0.7316017
72057594037973989,0,1.780055,18994.41,0.2411572,0.1810192,0.7194062,0.2565006,0.5632589,0.7426133,0.189386,0.4551815,0.6878917,0.1819726,0.3380806,0.6152143,0.1965927,0.2113307,0.5752603,0.2005581,0.1835521,0.5475677,0.3101133,0.5152363,0.7378043,0.265522,0.4039624,0.6688337,0.177687,0.3298548,0.5961642,0.1718127,0.305132,0.5722816,0.2026138,0.183103,0.7090951,0.1602856,-0.03301707,0.7469641,0.1317313,-0.1940315,0.7847521,0.2694066,0.1873765,0.6947871,0.3090093,0.00238198,0.6738942,0.3564084,-0.1981378,0.6672543,0.2345926,0.4609762,0.7316017
72057594037973989,0,1.780055,18994.41,0.2411572,0.1810192,0.7194062,0.2565006,0.5632589,0.7426133,0.189386,0.4551815,0.6878917,0.1819726,0.3380806,0.6152143,0.1965927,0.2113307,0.5752603,0.2005581,0.1835521,0.5475677,0.3101133,0.5152363,0.7378043,0.265522,0.4039624,0.6688337,0.177687,0.3298548,0.5961642,0.1718127,0.305132,0.5722816,0.2026138,0.183103,0.7090951,0.1602856,-0.03301707,0.7469641,0.1317313,-0.1940315,0.7847521,0.2694066,0.1873765,0.6947871,0.3090093,0.00238198,0.6738942,0.3564084,-0.1981378,0.6672543,0.2345926,0.4609762,0.7316017
72057594037973989,0,1.780055,18994.41,0.2411572,0.1810192,0.7194062,0.2565006,0.5632589,0.7426133,0.189386,0.4551815,0.6878917,0.1819726,0.3380806,0.6152143,0.1965927,0.2113307,0.5752603,0.2005581,0.1835521,0.5475677,0.3101133,0.5152363,0.7378043,0.265522,0.4039624,0.6688337,0.177687,0.3298548,0.5961642,0.1718127,0.305132,0.5722816,0.2026138,0.183103,0.7090951,0.1602856,-0.03301707,0.7469641,0.1317313,-0.1940315,0.7847521,0.2694066,0.1873765,0.6947871,0.3090093,0.00238198,0.6738942,0.3564084,-0.1981378,0.6672543,0.2345926,0.4609762,0.7316017
72057594037973989,0,1.780055,18994.42,0.2411572,0.1810192,0.7194062,0.2565006,0.5632589,0.7426133,0.189386,0.4551815,0.6878917,0.1819726,0.3380806,0.6152143,0.1965927,0.2113307,0.5752603,0.2005581,0.1835521,0.5475677,0.3101133,0.5152363,0.7378043,0.265522,0.4039624,0.6688337,0.177687,0.3298548,0.5961642,0.1718127,0.305132,0.5722816,0.2026138,0.183103,0.7090951,0.1602856,-0.03301707,0.7469641,0.1317313,-0.1940315,0.7847521,0.2694066,0.1873765,0.6947871,0.3090093,0.00238198,0.6738942,0.3564084,-0.1981378,0.6672543,0.2345926,0.4609762,0.7316017
72057594037973989,0,1.780055,18994.42,0.2411572,0.1810192,0.7194062,0.2565006,0.5632589,0.7426133,0.189386,0.4551815,0.6878917,0.1819726,0.3380806,0.6152143,0.1965927,0.2113307,0.5752603,0.2005581,0.1835521,0.5475677,0.3101133,0.5152363,0.7378043,0.265522,0.4039624,0.6688337,0.177687,0.3298548,0.5961642,0.1718127,0.305132,0.5722816,0.2026138,0.183103,0.7090951,0.1602856,-0.03301707,0.7469641,0.1317313,-0.1940315,0.7847521,0.2694066,0.1873765,0.6947871,0.3090093,0.00238198,0.6738942,0.3564084,-0.1981378,0.6672543,0.2345926,0.4609762,0.7316017
72057594037973989,0,1.775526,18994.42,0.2622864,0.1864727,0.7255615,0.2779143,0.5586876,0.7418358,0.213919,0.453811,0.6923367,0.2082324,0.3396704,0.6160277,0.2234497,0.2200627,0.5581642,0.2304041,0.1873296,0.5369203,0.3321006,0.5068502,0.738891,0.2970288,0.393698,0.6690791,0.2114871,0.3188813,0.5956193,0.2000518,0.2941685,0.5691468,0.2223894,0.1885728,0.7132288,0.1912169,-0.02759901,0.7613111,0.1713235,-0.1866423,0.8060612,0.2912505,0.1925162,0.7032915,0.3256368,0.001277447,0.6763297,0.3656621,-0.1957586,0.6633597,0.2565719,0.4541877,0.7332273
72057594037973989,0,1.775526,18994.43,0.2622864,0.1864727,0.7255615,0.2779143,0.5586876,0.7418358,0.213919,0.453811,0.6923367,0.2082324,0.3396704,0.6160277,0.2234497,0.2200627,0.5581642,0.2304041,0.1873296,0.5369203,0.3321006,0.5068502,0.738891,0.2970288,0.393698,0.6690791,0.2114871,0.3188813,0.5956193,0.2000518,0.2941685,0.5691468,0.2223894,0.1885728,0.7132288,0.1912169,-0.02759901,0.7613111,0.1713235,-0.1866423,0.8060612,0.2912505,0.1925162,0.7032915,0.3256368,0.001277447,0.6763297,0.3656621,-0.1957586,0.6633597,0.2565719,0.4541877,0.7332273
72057594037973989,0,1.775526,18994.43,0.2622864,0.1864727,0.7255615,0.2779143,0.5586876,0.7418358,0.213919,0.453811,0.6923367,0.2082324,0.3396704,0.6160277,0.2234497,0.2200627,0.5581642,0.2304041,0.1873296,0.5369203,0.3321006,0.5068502,0.738891,0.2970288,0.393698,0.6690791,0.2114871,0.3188813,0.5956193,0.2000518,0.2941685,0.5691468,0.2223894,0.1885728,0.7132288,0.1912169,-0.02759901,0.7613111,0.1713235,-0.1866423,0.8060612,0.2912505,0.1925162,0.7032915,0.3256368,0.001277447,0.6763297,0.3656621,-0.1957586,0.6633597,0.2565719,0.4541877,0.7332273
72057594037973989,0,1.775526,18994.43,0.2622864,0.1864727,0.7255615,0.2779143,0.5586876,0.7418358,0.213919,0.453811,0.6923367,0.2082324,0.3396704,0.6160277,0.2234497,0.2200627,0.5581642,0.2304041,0.1873296,0.5369203,0.3321006,0.5068502,0.738891,0.2970288,0.393698,0.6690791,0.2114871,0.3188813,0.5956193,0.2000518,0.2941685,0.5691468,0.2223894,0.1885728,0.7132288,0.1912169,-0.02759901,0.7613111,0.1713235,-0.1866423,0.8060612,0.2912505,0.1925162,0.7032915,0.3256368,0.001277447,0.6763297,0.3656621,-0.1957586,0.6633597,0.2565719,0.4541877,0.7332273
72057594037973989,0,1.775526,18994.43,0.2622864,0.1864727,0.7255615,0.2779143,0.5586876,0.7418358,0.213919,0.453811,0.6923367,0.2082324,0.3396704,0.6160277,0.2234497,0.2200627,0.5581642,0.2304041,0.1873296,0.5369203,0.3321006,0.5068502,0.738891,0.2970288,0.393698,0.6690791,0.2114871,0.3188813,0.5956193,0.2000518,0.2941685,0.5691468,0.2223894,0.1885728,0.7132288,0.1912169,-0.02759901,0.7613111,0.1713235,-0.1866423,0.8060612,0.2912505,0.1925162,0.7032915,0.3256368,0.001277447,0.6763297,0.3656621,-0.1957586,0.6633597,0.2565719,0.4541877,0.7332273
72057594037973989,0,1.775526,18994.43,0.2622864,0.1864727,0.7255615,0.2779143,0.5586876,0.7418358,0.213919,0.453811,0.6923367,0.2082324,0.3396704,0.6160277,0.2234497,0.2200627,0.5581642,0.2304041,0.1873296,0.5369203,0.3321006,0.5068502,0.738891,0.2970288,0.393698,0.6690791,0.2114871,0.3188813,0.5956193,0.2000518,0.2941685,0.5691468,0.2223894,0.1885728,0.7132288,0.1912169,-0.02759901,0.7613111,0.1713235,-0.1866423,0.8060612,0.2912505,0.1925162,0.7032915,0.3256368,0.001277447,0.6763297,0.3656621,-0.1957586,0.6633597,0.2565719,0.4541877,0.7332273
72057594037973989,0,1.775526,18994.44,0.2622864,0.1864727,0.7255615,0.2779143,0.5586876,0.7418358,0.213919,0.453811,0.6923367,0.2082324,0.3396704,0.6160277,0.2234497,0.2200627,0.5581642,0.2304041,0.1873296,0.5369203,0.3321006,0.5068502,0.738891,0.2970288,0.393698,0.6690791,0.2114871,0.3188813,0.5956193,0.2000518,0.2941685,0.5691468,0.2223894,0.1885728,0.7132288,0.1912169,-0.02759901,0.7613111,0.1713235,-0.1866423,0.8060612,0.2912505,0.1925162,0.7032915,0.3256368,0.001277447,0.6763297,0.3656621,-0.1957586,0.6633597,0.2565719,0.4541877,0.7332273
72057594037973989,0,1.775526,18994.44,0.2622864,0.1864727,0.7255615,0.2779143,0.5586876,0.7418358,0.213919,0.453811,0.6923367,0.2082324,0.3396704,0.6160277,0.2234497,0.2200627,0.5581642,0.2304041,0.1873296,0.5369203,0.3321006,0.5068502,0.738891,0.2970288,0.393698,0.6690791,0.2114871,0.3188813,0.5956193,0.2000518,0.2941685,0.5691468,0.2223894,0.1885728,0.7132288,0.1912169,-0.02759901,0.7613111,0.1713235,-0.1866423,0.8060612,0.2912505,0.1925162,0.7032915,0.3256368,0.001277447,0.6763297,0.3656621,-0.1957586,0.6633597,0.2565719,0.4541877,0.7332273
72057594037973989,0,1.775526,18994.44,0.2622864,0.1864727,0.7255615,0.2779143,0.5586876,0.7418358,0.213919,0.453811,0.6923367,0.2082324,0.3396704,0.6160277,0.2234497,0.2200627,0.5581642,0.2304041,0.1873296,0.5369203,0.3321006,0.5068502,0.738891,0.2970288,0.393698,0.6690791,0.2114871,0.3188813,0.5956193,0.2000518,0.2941685,0.5691468,0.2223894,0.1885728,0.7132288,0.1912169,-0.02759901,0.7613111,0.1713235,-0.1866423,0.8060612,0.2912505,0.1925162,0.7032915,0.3256368,0.001277447,0.6763297,0.3656621,-0.1957586,0.6633597,0.2565719,0.4541877,0.7332273
72057594037973989,0,1.775526,18994.44,0.2622864,0.1864727,0.7255615,0.2779143,0.5586876,0.7418358,0.213919,0.453811,0.6923367,0.2082324,0.3396704,0.6160277,0.2234497,0.2200627,0.5581642,0.2304041,0.1873296,0.5369203,0.3321006,0.5068502,0.738891,0.2970288,0.393698,0.6690791,0.2114871,0.3188813,0.5956193,0.2000518,0.2941685,0.5691468,0.2223894,0.1885728,0.7132288,0.1912169,-0.02759901,0.7613111,0.1713235,-0.1866423,0.8060612,0.2912505,0.1925162,0.7032915,0.3256368,0.001277447,0.6763297,0.3656621,-0.1957586,0.6633597,0.2565719,0.4541877,0.7332273
72057594037973989,0,1.775526,18994.45,0.2622864,0.1864727,0.7255615,0.2779143,0.5586876,0.7418358,0.213919,0.453811,0.6923367,0.2082324,0.3396704,0.6160277,0.2234497,0.2200627,0.5581642,0.2304041,0.1873296,0.5369203,0.3321006,0.5068502,0.738891,0.2970288,0.393698,0.6690791,0.2114871,0.3188813,0.5956193,0.2000518,0.2941685,0.5691468,0.2223894,0.1885728,0.7132288,0.1912169,-0.02759901,0.7613111,0.1713235,-0.1866423,0.8060612,0.2912505,0.1925162,0.7032915,0.3256368,0.001277447,0.6763297,0.3656621,-0.1957586,0.6633597,0.2565719,0.4541877,0.7332273
72057594037973989,0,1.775526,18994.45,0.2622864,0.1864727,0.7255615,0.2779143,0.5586876,0.7418358,0.213919,0.453811,0.6923367,0.2082324,0.3396704,0.6160277,0.2234497,0.2200627,0.5581642,0.2304041,0.1873296,0.5369203,0.3321006,0.5068502,0.738891,0.2970288,0.393698,0.6690791,0.2114871,0.3188813,0.5956193,0.2000518,0.2941685,0.5691468,0.2223894,0.1885728,0.7132288,0.1912169,-0.02759901,0.7613111,0.1713235,-0.1866423,0.8060612,0.2912505,0.1925162,0.7032915,0.3256368,0.001277447,0.6763297,0.3656621,-0.1957586,0.6633597,0.2565719,0.4541877,0.7332273
72057594037973989,0,1.775526,18994.45,0.2622864,0.1864727,0.7255615,0.2779143,0.5586876,0.7418358,0.213919,0.453811,0.6923367,0.2082324,0.3396704,0.6160277,0.2234497,0.2200627,0.5581642,0.2304041,0.1873296,0.5369203,0.3321006,0.5068502,0.738891,0.2970288,0.393698,0.6690791,0.2114871,0.3188813,0.5956193,0.2000518,0.2941685,0.5691468,0.2223894,0.1885728,0.7132288,0.1912169,-0.02759901,0.7613111,0.1713235,-0.1866423,0.8060612,0.2912505,0.1925162,0.7032915,0.3256368,0.001277447,0.6763297,0.3656621,-0.1957586,0.6633597,0.2565719,0.4541877,0.7332273
72057594037973989,0,1.775526,18994.45,0.2622864,0.1864727,0.7255615,0.2779143,0.5586876,0.7418358,0.213919,0.453811,0.6923367,0.2082324,0.3396704,0.6160277,0.2234497,0.2200627,0.5581642,0.2304041,0.1873296,0.5369203,0.3321006,0.5068502,0.738891,0.2970288,0.393698,0.6690791,0.2114871,0.3188813,0.5956193,0.2000518,0.2941685,0.5691468,0.2223894,0.1885728,0.7132288,0.1912169,-0.02759901,0.7613111,0.1713235,-0.1866423,0.8060612,0.2912505,0.1925162,0.7032915,0.3256368,0.001277447,0.6763297,0.3656621,-0.1957586,0.6633597,0.2565719,0.4541877,0.7332273
72057594037973989,0,1.775526,18994.45,0.2622864,0.1864727,0.7255615,0.2779143,0.5586876,0.7418358,0.213919,0.453811,0.6923367,0.2082324,0.3396704,0.6160277,0.2234497,0.2200627,0.5581642,0.2304041,0.1873296,0.5369203,0.3321006,0.5068502,0.738891,0.2970288,0.393698,0.6690791,0.2114871,0.3188813,0.5956193,0.2000518,0.2941685,0.5691468,0.2223894,0.1885728,0.7132288,0.1912169,-0.02759901,0.7613111,0.1713235,-0.1866423,0.8060612,0.2912505,0.1925162,0.7032915,0.3256368,0.001277447,0.6763297,0.3656621,-0.1957586,0.6633597,0.2565719,0.4541877,0.7332273
72057594037973989,0,1.775171,18994.46,0.2712552,0.1818976,0.7295149,0.2975544,0.5559162,0.7409797,0.2335352,0.453464,0.6945981,0.2377307,0.3389927,0.6190057,0.2544159,0.2214286,0.5573176,0.2666592,0.1861207,0.5364738,0.35495,0.5013502,0.7393874,0.3179264,0.3899782,0.6676202,0.2345893,0.3284276,0.5891216,0.2344592,0.3314302,0.5918778,0.2341594,0.1840247,0.7164644,0.2375418,-0.03323942,0.7706856,0.2428032,-0.1915046,0.8194741,0.2976159,0.1879877,0.7079686,0.3471078,-0.01918179,0.6919923,0.3929924,-0.1964771,0.6898555,0.2778674,0.448561,0.734312
72057594037973989,0,1.775171,18994.46,0.2712552,0.1818976,0.7295149,0.2975544,0.5559162,0.7409797,0.2335352,0.453464,0.6945981,0.2377307,0.3389927,0.6190057,0.2544159,0.2214286,0.5573176,0.2666592,0.1861207,0.5364738,0.35495,0.5013502,0.7393874,0.3179264,0.3899782,0.6676202,0.2345893,0.3284276,0.5891216,0.2344592,0.3314302,0.5918778,0.2341594,0.1840247,0.7164644,0.2375418,-0.03323942,0.7706856,0.2428032,-0.1915046,0.8194741,0.2976159,0.1879877,0.7079686,0.3471078,-0.01918179,0.6919923,0.3929924,-0.1964771,0.6898555,0.2778674,0.448561,0.734312
72057594037973989,0,1.775171,18994.46,0.2712552,0.1818976,0.7295149,0.2975544,0.5559162,0.7409797,0.2335352,0.453464,0.6945981,0.2377307,0.3389927,0.6190057,0.2544159,0.2214286,0.5573176,0.2666592,0.1861207,0.5364738,0.35495,0.5013502,0.7393874,0.3179264,0.3899782,0.6676202,0.2345893,0.3284276,0.5891216,0.2344592,0.3314302,0.5918778,0.2341594,0.1840247,0.7164644,0.2375418,-0.03323942,0.7706856,0.2428032,-0.1915046,0.8194741,0.2976159,0.1879877,0.7079686,0.3471078,-0.01918179,0.6919923,0.3929924,-0.1964771,0.6898555,0.2778674,0.448561,0.734312
72057594037973989,0,1.775171,18994.46,0.2712552,0.1818976,0.7295149,0.2975544,0.5559162,0.7409797,0.2335352,0.453464,0.6945981,0.2377307,0.3389927,0.6190057,0.2544159,0.2214286,0.5573176,0.2666592,0.1861207,0.5364738,0.35495,0.5013502,0.7393874,0.3179264,0.3899782,0.6676202,0.2345893,0.3284276,0.5891216,0.2344592,0.3314302,0.5918778,0.2341594,0.1840247,0.7164644,0.2375418,-0.03323942,0.7706856,0.2428032,-0.1915046,0.8194741,0.2976159,0.1879877,0.7079686,0.3471078,-0.01918179,0.6919923,0.3929924,-0.1964771,0.6898555,0.2778674,0.448561,0.734312
72057594037973989,0,1.775171,18994.46,0.2712552,0.1818976,0.7295149,0.2975544,0.5559162,0.7409797,0.2335352,0.453464,0.6945981,0.2377307,0.3389927,0.6190057,0.2544159,0.2214286,0.5573176,0.2666592,0.1861207,0.5364738,0.35495,0.5013502,0.7393874,0.3179264,0.3899782,0.6676202,0.2345893,0.3284276,0.5891216,0.2344592,0.3314302,0.5918778,0.2341594,0.1840247,0.7164644,0.2375418,-0.03323942,0.7706856,0.2428032,-0.1915046,0.8194741,0.2976159,0.1879877,0.7079686,0.3471078,-0.01918179,0.6919923,0.3929924,-0.1964771,0.6898555,0.2778674,0.448561,0.734312
72057594037973989,0,1.775171,18994.47,0.2712552,0.1818976,0.7295149,0.2975544,0.5559162,0.7409797,0.2335352,0.453464,0.6945981,0.2377307,0.3389927,0.6190057,0.2544159,0.2214286,0.5573176,0.2666592,0.1861207,0.5364738,0.35495,0.5013502,0.7393874,0.3179264,0.3899782,0.6676202,0.2345893,0.3284276,0.5891216,0.2344592,0.3314302,0.5918778,0.2341594,0.1840247,0.7164644,0.2375418,-0.03323942,0.7706856,0.2428032,-0.1915046,0.8194741,0.2976159,0.1879877,0.7079686,0.3471078,-0.01918179,0.6919923,0.3929924,-0.1964771,0.6898555,0.2778674,0.448561,0.734312
72057594037973989,0,1.775171,18994.47,0.2712552,0.1818976,0.7295149,0.2975544,0.5559162,0.7409797,0.2335352,0.453464,0.6945981,0.2377307,0.3389927,0.6190057,0.2544159,0.2214286,0.5573176,0.2666592,0.1861207,0.5364738,0.35495,0.5013502,0.7393874,0.3179264,0.3899782,0.6676202,0.2345893,0.3284276,0.5891216,0.2344592,0.3314302,0.5918778,0.2341594,0.1840247,0.7164644,0.2375418,-0.03323942,0.7706856,0.2428032,-0.1915046,0.8194741,0.2976159,0.1879877,0.7079686,0.3471078,-0.01918179,0.6919923,0.3929924,-0.1964771,0.6898555,0.2778674,0.448561,0.734312
72057594037973989,0,1.775171,18994.47,0.2712552,0.1818976,0.7295149,0.2975544,0.5559162,0.7409797,0.2335352,0.453464,0.6945981,0.2377307,0.3389927,0.6190057,0.2544159,0.2214286,0.5573176,0.2666592,0.1861207,0.5364738,0.35495,0.5013502,0.7393874,0.3179264,0.3899782,0.6676202,0.2345893,0.3284276,0.5891216,0.2344592,0.3314302,0.5918778,0.2341594,0.1840247,0.7164644,0.2375418,-0.03323942,0.7706856,0.2428032,-0.1915046,0.8194741,0.2976159,0.1879877,0.7079686,0.3471078,-0.01918179,0.6919923,0.3929924,-0.1964771,0.6898555,0.2778674,0.448561,0.734312
72057594037973989,0,1.775171,18994.47,0.2712552,0.1818976,0.7295149,0.2975544,0.5559162,0.7409797,0.2335352,0.453464,0.6945981,0.2377307,0.3389927,0.6190057,0.2544159,0.2214286,0.5573176,0.2666592,0.1861207,0.5364738,0.35495,0.5013502,0.7393874,0.3179264,0.3899782,0.6676202,0.2345893,0.3284276,0.5891216,0.2344592,0.3314302,0.5918778,0.2341594,0.1840247,0.7164644,0.2375418,-0.03323942,0.7706856,0.2428032,-0.1915046,0.8194741,0.2976159,0.1879877,0.7079686,0.3471078,-0.01918179,0.6919923,0.3929924,-0.1964771,0.6898555,0.2778674,0.448561,0.734312
72057594037973989,0,1.775171,18994.48,0.2712552,0.1818976,0.7295149,0.2975544,0.5559162,0.7409797,0.2335352,0.453464,0.6945981,0.2377307,0.3389927,0.6190057,0.2544159,0.2214286,0.5573176,0.2666592,0.1861207,0.5364738,0.35495,0.5013502,0.7393874,0.3179264,0.3899782,0.6676202,0.2345893,0.3284276,0.5891216,0.2344592,0.3314302,0.5918778,0.2341594,0.1840247,0.7164644,0.2375418,-0.03323942,0.7706856,0.2428032,-0.1915046,0.8194741,0.2976159,0.1879877,0.7079686,0.3471078,-0.01918179,0.6919923,0.3929924,-0.1964771,0.6898555,0.2778674,0.448561,0.734312
72057594037973989,0,1.775171,18994.48,0.2712552,0.1818976,0.7295149,0.2975544,0.5559162,0.7409797,0.2335352,0.453464,0.6945981,0.2377307,0.3389927,0.6190057,0.2544159,0.2214286,0.5573176,0.2666592,0.1861207,0.5364738,0.35495,0.5013502,0.7393874,0.3179264,0.3899782,0.6676202,0.2345893,0.3284276,0.5891216,0.2344592,0.3314302,0.5918778,0.2341594,0.1840247,0.7164644,0.2375418,-0.03323942,0.7706856,0.2428032,-0.1915046,0.8194741,0.2976159,0.1879877,0.7079686,0.3471078,-0.01918179,0.6919923,0.3929924,-0.1964771,0.6898555,0.2778674,0.448561,0.734312
72057594037973989,0,1.775171,18994.48,0.2712552,0.1818976,0.7295149,0.2975544,0.5559162,0.7409797,0.2335352,0.453464,0.6945981,0.2377307,0.3389927,0.6190057,0.2544159,0.2214286,0.5573176,0.2666592,0.1861207,0.5364738,0.35495,0.5013502,0.7393874,0.3179264,0.3899782,0.6676202,0.2345893,0.3284276,0.5891216,0.2344592,0.3314302,0.5918778,0.2341594,0.1840247,0.7164644,0.2375418,-0.03323942,0.7706856,0.2428032,-0.1915046,0.8194741,0.2976159,0.1879877,0.7079686,0.3471078,-0.01918179,0.6919923,0.3929924,-0.1964771,0.6898555,0.2778674,0.448561,0.734312
72057594037973989,0,1.775171,18994.48,0.2712552,0.1818976,0.7295149,0.2975544,0.5559162,0.7409797,0.2335352,0.453464,0.6945981,0.2377307,0.3389927,0.6190057,0.2544159,0.2214286,0.5573176,0.2666592,0.1861207,0.5364738,0.35495,0.5013502,0.7393874,0.3179264,0.3899782,0.6676202,0.2345893,0.3284276,0.5891216,0.2344592,0.3314302,0.5918778,0.2341594,0.1840247,0.7164644,0.2375418,-0.03323942,0.7706856,0.2428032,-0.1915046,0.8194741,0.2976159,0.1879877,0.7079686,0.3471078,-0.01918179,0.6919923,0.3929924,-0.1964771,0.6898555,0.2778674,0.448561,0.734312
72057594037973989,0,1.775171,18994.49,0.2712552,0.1818976,0.7295149,0.2975544,0.5559162,0.7409797,0.2335352,0.453464,0.6945981,0.2377307,0.3389927,0.6190057,0.2544159,0.2214286,0.5573176,0.2666592,0.1861207,0.5364738,0.35495,0.5013502,0.7393874,0.3179264,0.3899782,0.6676202,0.2345893,0.3284276,0.5891216,0.2344592,0.3314302,0.5918778,0.2341594,0.1840247,0.7164644,0.2375418,-0.03323942,0.7706856,0.2428032,-0.1915046,0.8194741,0.2976159,0.1879877,0.7079686,0.3471078,-0.01918179,0.6919923,0.3929924,-0.1964771,0.6898555,0.2778674,0.448561,0.734312
72057594037973989,0,1.780583,18994.49,0.2875704,0.1735465,0.7301865,0.3163987,0.556054,0.7408527,0.2569618,0.4539107,0.6927451,0.2630107,0.3386974,0.6183532,0.2891545,0.2196207,0.5640009,0.2963306,0.198894,0.5417423,0.3798706,0.5002301,0.7410759,0.3441471,0.3892007,0.6678385,0.2475384,0.3295689,0.5936398,0.2564748,0.3215428,0.590705,0.2511711,0.1763354,0.7169372,0.2795211,-0.04074895,0.7695909,0.302691,-0.1976273,0.8168098,0.312103,0.1794318,0.7090783,0.3485585,-0.02202049,0.6979879,0.3870927,-0.2109108,0.7005297,0.3021436,0.446394,0.7357028
72057594037973989,0,1.780583,18994.49,0.2875704,0.1735465,0.7301865,0.3163987,0.556054,0.7408527,0.2569618,0.4539107,0.6927451,0.2630107,0.3386974,0.6183532,0.2891545,0.2196207,0.5640009,0.2963306,0.198894,0.5417423,0.3798706,0.5002301,0.7410759,0.3441471,0.3892007,0.6678385,0.2475384,0.3295689,0.5936398,0.2564748,0.3215428,0.590705,0.2511711,0.1763354,0.7169372,0.2795211,-0.04074895,0.7695909,0.302691,-0.1976273,0.8168098,0.312103,0.1794318,0.7090783,0.3485585,-0.02202049,0.6979879,0.3870927,-0.2109108,0.7005297,0.3021436,0.446394,0.7357028
72057594037973989,0,1.780583,18994.49,0.2875704,0.1735465,0.7301865,0.3163987,0.556054,0.7408527,0.2569618,0.4539107,0.6927451,0.2630107,0.3386974,0.6183532,0.2891545,0.2196207,0.5640009,0.2963306,0.198894,0.5417423,0.3798706,0.5002301,0.7410759,0.3441471,0.3892007,0.6678385,0.2475384,0.3295689,0.5936398,0.2564748,0.3215428,0.590705,0.2511711,0.1763354,0.7169372,0.2795211,-0.04074895,0.7695909,0.302691,-0.1976273,0.8168098,0.312103,0.1794318,0.7090783,0.3485585,-0.02202049,0.6979879,0.3870927,-0.2109108,0.7005297,0.3021436,0.446394,0.7357028
72057594037973989,0,1.780583,18994.49,0.2875704,0.1735465,0.7301865,0.3163987,0.556054,0.7408527,0.2569618,0.4539107,0.6927451,0.2630107,0.3386974,0.6183532,0.2891545,0.2196207,0.5640009,0.2963306,0.198894,0.5417423,0.3798706,0.5002301,0.7410759,0.3441471,0.3892007,0.6678385,0.2475384,0.3295689,0.5936398,0.2564748,0.3215428,0.590705,0.2511711,0.1763354,0.7169372,0.2795211,-0.04074895,0.7695909,0.302691,-0.1976273,0.8168098,0.312103,0.1794318,0.7090783,0.3485585,-0.02202049,0.6979879,0.3870927,-0.2109108,0.7005297,0.3021436,0.446394,0.7357028
72057594037973989,0,1.780583,18994.5,0.2875704,0.1735465,0.7301865,0.3163987,0.556054,0.7408527,0.2569618,0.4539107,0.6927451,0.2630107,0.3386974,0.6183532,0.2891545,0.2196207,0.5640009,0.2963306,0.198894,0.5417423,0.3798706,0.5002301,0.7410759,0.3441471,0.3892007,0.6678385,0.2475384,0.3295689,0.5936398,0.2564748,0.3215428,0.590705,0.2511711,0.1763354,0.7169372,0.2795211,-0.04074895,0.7695909,0.302691,-0.1976273,0.8168098,0.312103,0.1794318,0.7090783,0.3485585,-0.02202049,0.6979879,0.3870927,-0.2109108,0.7005297,0.3021436,0.446394,0.7357028
72057594037973989,0,1.780583,18994.5,0.2875704,0.1735465,0.7301865,0.3163987,0.556054,0.7408527,0.2569618,0.4539107,0.6927451,0.2630107,0.3386974,0.6183532,0.2891545,0.2196207,0.5640009,0.2963306,0.198894,0.5417423,0.3798706,0.5002301,0.7410759,0.3441471,0.3892007,0.6678385,0.2475384,0.3295689,0.5936398,0.2564748,0.3215428,0.590705,0.2511711,0.1763354,0.7169372,0.2795211,-0.04074895,0.7695909,0.302691,-0.1976273,0.8168098,0.312103,0.1794318,0.7090783,0.3485585,-0.02202049,0.6979879,0.3870927,-0.2109108,0.7005297,0.3021436,0.446394,0.7357028
72057594037973989,0,1.780583,18994.5,0.2875704,0.1735465,0.7301865,0.3163987,0.556054,0.7408527,0.2569618,0.4539107,0.6927451,0.2630107,0.3386974,0.6183532,0.2891545,0.2196207,0.5640009,0.2963306,0.198894,0.5417423,0.3798706,0.5002301,0.7410759,0.3441471,0.3892007,0.6678385,0.2475384,0.3295689,0.5936398,0.2564748,0.3215428,0.590705,0.2511711,0.1763354,0.7169372,0.2795211,-0.04074895,0.7695909,0.302691,-0.1976273,0.8168098,0.312103,0.1794318,0.7090783,0.3485585,-0.02202049,0.6979879,0.3870927,-0.2109108,0.7005297,0.3021436,0.446394,0.7357028
72057594037973989,0,1.780583,18994.5,0.2875704,0.1735465,0.7301865,0.3163987,0.556054,0.7408527,0.2569618,0.4539107,0.6927451,0.2630107,0.3386974,0.6183532,0.2891545,0.2196207,0.5640009,0.2963306,0.198894,0.5417423,0.3798706,0.5002301,0.7410759,0.3441471,0.3892007,0.6678385,0.2475384,0.3295689,0.5936398,0.2564748,0.3215428,0.590705,0.2511711,0.1763354,0.7169372,0.2795211,-0.04074895,0.7695909,0.302691,-0.1976273,0.8168098,0.312103,0.1794318,0.7090783,0.3485585,-0.02202049,0.6979879,0.3870927,-0.2109108,0.7005297,0.3021436,0.446394,0.7357028
72057594037973989,0,1.780583,18994.51,0.2875704,0.1735465,0.7301865,0.3163987,0.556054,0.7408527,0.2569618,0.4539107,0.6927451,0.2630107,0.3386974,0.6183532,0.2891545,0.2196207,0.5640009,0.2963306,0.198894,0.5417423,0.3798706,0.5002301,0.7410759,0.3441471,0.3892007,0.6678385,0.2475384,0.3295689,0.5936398,0.2564748,0.3215428,0.590705,0.2511711,0.1763354,0.7169372,0.2795211,-0.04074895,0.7695909,0.302691,-0.1976273,0.8168098,0.312103,0.1794318,0.7090783,0.3485585,-0.02202049,0.6979879,0.3870927,-0.2109108,0.7005297,0.3021436,0.446394,0.7357028
72057594037973989,0,1.780583,18994.51,0.2875704,0.1735465,0.7301865,0.3163987,0.556054,0.7408527,0.2569618,0.4539107,0.6927451,0.2630107,0.3386974,0.6183532,0.2891545,0.2196207,0.5640009,0.2963306,0.198894,0.5417423,0.3798706,0.5002301,0.7410759,0.3441471,0.3892007,0.6678385,0.2475384,0.3295689,0.5936398,0.2564748,0.3215428,0.590705,0.2511711,0.1763354,0.7169372,0.2795211,-0.04074895,0.7695909,0.302691,-0.1976273,0.8168098,0.312103,0.1794318,0.7090783,0.3485585,-0.02202049,0.6979879,0.3870927,-0.2109108,0.7005297,0.3021436,0.446394,0.7357028
72057594037973989,0,1.780583,18994.51,0.2875704,0.1735465,0.7301865,0.3163987,0.556054,0.7408527,0.2569618,0.4539107,0.6927451,0.2630107,0.3386974,0.6183532,0.2891545,0.2196207,0.5640009,0.2963306,0.198894,0.5417423,0.3798706,0.5002301,0.7410759,0.3441471,0.3892007,0.6678385,0.2475384,0.3295689,0.5936398,0.2564748,0.3215428,0.590705,0.2511711,0.1763354,0.7169372,0.2795211,-0.04074895,0.7695909,0.302691,-0.1976273,0.8168098,0.312103,0.1794318,0.7090783,0.3485585,-0.02202049,0.6979879,0.3870927,-0.2109108,0.7005297,0.3021436,0.446394,0.7357028
72057594037973989,0,1.780583,18994.51,0.2875704,0.1735465,0.7301865,0.3163987,0.556054,0.7408527,0.2569618,0.4539107,0.6927451,0.2630107,0.3386974,0.6183532,0.2891545,0.2196207,0.5640009,0.2963306,0.198894,0.5417423,0.3798706,0.5002301,0.7410759,0.3441471,0.3892007,0.6678385,0.2475384,0.3295689,0.5936398,0.2564748,0.3215428,0.590705,0.2511711,0.1763354,0.7169372,0.2795211,-0.04074895,0.7695909,0.302691,-0.1976273,0.8168098,0.312103,0.1794318,0.7090783,0.3485585,-0.02202049,0.6979879,0.3870927,-0.2109108,0.7005297,0.3021436,0.446394,0.7357028
72057594037973989,0,1.780583,18994.52,0.2875704,0.1735465,0.7301865,0.3163987,0.556054,0.7408527,0.2569618,0.4539107,0.6927451,0.2630107,0.3386974,0.6183532,0.2891545,0.2196207,0.5640009,0.2963306,0.198894,0.5417423,0.3798706,0.5002301,0.7410759,0.3441471,0.3892007,0.6678385,0.2475384,0.3295689,0.5936398,0.2564748,0.3215428,0.590705,0.2511711,0.1763354,0.7169372,0.2795211,-0.04074895,0.7695909,0.302691,-0.1976273,0.8168098,0.312103,0.1794318,0.7090783,0.3485585,-0.02202049,0.6979879,0.3870927,-0.2109108,0.7005297,0.3021436,0.446394,0.7357028
72057594037973989,0,1.780583,18994.52,0.2875704,0.1735465,0.7301865,0.3163987,0.556054,0.7408527,0.2569618,0.4539107,0.6927451,0.2630107,0.3386974,0.6183532,0.2891545,0.2196207,0.5640009,0.2963306,0.198894,0.5417423,0.3798706,0.5002301,0.7410759,0.3441471,0.3892007,0.6678385,0.2475384,0.3295689,0.5936398,0.2564748,0.3215428,0.590705,0.2511711,0.1763354,0.7169372,0.2795211,-0.04074895,0.7695909,0.302691,-0.1976273,0.8168098,0.312103,0.1794318,0.7090783,0.3485585,-0.02202049,0.6979879,0.3870927,-0.2109108,0.7005297,0.3021436,0.446394,0.7357028
72057594037973989,0,1.780583,18994.52,0.2875704,0.1735465,0.7301865,0.3163987,0.556054,0.7408527,0.2569618,0.4539107,0.6927451,0.2630107,0.3386974,0.6183532,0.2891545,0.2196207,0.5640009,0.2963306,0.198894,0.5417423,0.3798706,0.5002301,0.7410759,0.3441471,0.3892007,0.6678385,0.2475384,0.3295689,0.5936398,0.2564748,0.3215428,0.590705,0.2511711,0.1763354,0.7169372,0.2795211,-0.04074895,0.7695909,0.302691,-0.1976273,0.8168098,0.312103,0.1794318,0.7090783,0.3485585,-0.02202049,0.6979879,0.3870927,-0.2109108,0.7005297,0.3021436,0.446394,0.7357028
72057594037973989,0,1.793292,18994.52,0.3128687,0.1560076,0.7288548,0.3330599,0.5583158,0.7412515,0.2766232,0.4574738,0.6899598,0.2871776,0.339808,0.6195626,0.3203258,0.2234818,0.5620551,0.3481571,0.142003,0.5283455,0.3972509,0.5038941,0.7414183,0.365593,0.3913155,0.6678336,0.2602006,0.3338139,0.6070372,0.274985,0.3392369,0.6036795,0.2805557,0.1561042,0.7175338,0.3054785,-0.06262577,0.7735833,0.3263325,-0.2194823,0.8226635,0.3328598,0.1648066,0.7065235,0.3723602,-0.06224811,0.7215288,0.4039096,-0.2247487,0.7410627,0.3200234,0.4480727,0.7358657
72057594037973989,0,1.793292,18994.53,0.3128687,0.1560076,0.7288548,0.3330599,0.5583158,0.7412515,0.2766232,0.4574738,0.6899598,0.2871776,0.339808,0.6195626,0.3203258,0.2234818,0.5620551,0.3481571,0.142003,0.5283455,0.3972509,0.5038941,0.7414183,0.365593,0.3913155,0.6678336,0.2602006,0.3338139,0.6070372,0.274985,0.3392369,0.6036795,0.2805557,0.1561042,0.7175338,0.3054785,-0.06262577,0.7735833,0.3263325,-0.2194823,0.8226635,0.3328598,0.1648066,0.7065235,0.3723602,-0.06224811,0.7215288,0.4039096,-0.2247487,0.7410627,0.3200234,0.4480727,0.7358657
72057594037973989,0,1.793292,18994.53,0.3128687,0.1560076,0.7288548,0.3330599,0.5583158,0.7412515,0.2766232,0.4574738,0.6899598,0.2871776,0.339808,0.6195626,0.3203258,0.2234818,0.5620551,0.3481571,0.142003,0.5283455,0.3972509,0.5038941,0.7414183,0.365593,0.3913155,0.6678336,0.2602006,0.3338139,0.6070372,0.274985,0.3392369,0.6036795,0.2805557,0.1561042,0.7175338,0.3054785,-0.06262577,0.7735833,0.3263325,-0.2194823,0.8226635,0.3328598,0.1648066,0.7065235,0.3723602,-0.06224811,0.7215288,0.4039096,-0.2247487,0.7410627,0.3200234,0.4480727,0.7358657
72057594037973989,0,1.793292,18994.53,0.3128687,0.1560076,0.7288548,0.3330599,0.5583158,0.7412515,0.2766232,0.4574738,0.6899598,0.2871776,0.339808,0.6195626,0.3203258,0.2234818,0.5620551,0.3481571,0.142003,0.5283455,0.3972509,0.5038941,0.7414183,0.365593,0.3913155,0.6678336,0.2602006,0.3338139,0.6070372,0.274985,0.3392369,0.6036795,0.2805557,0.1561042,0.7175338,0.3054785,-0.06262577,0.7735833,0.3263325,-0.2194823,0.8226635,0.3328598,0.1648066,0.7065235,0.3723602,-0.06224811,0.7215288,0.4039096,-0.2247487,0.7410627,0.3200234,0.4480727,0.7358657
72057594037973989,0,1.793292,18994.53,0.3128687,0.1560076,0.7288548,0.3330599,0.5583158,0.7412515,0.2766232,0.4574738,0.6899598,0.2871776,0.339808,0.6195626,0.3203258,0.2234818,0.5620551,0.3481571,0.142003,0.5283455,0.3972509,0.5038941,0.7414183,0.365593,0.3913155,0.6678336,0.2602006,0.3338139,0.6070372,0.274985,0.3392369,0.6036795,0.2805557,0.1561042,0.7175338,0.3054785,-0.06262577,0.7735833,0.3263325,-0.2194823,0.8226635,0.3328598,0.1648066,0.7065235,0.3723602,-0.06224811,0.7215288,0.4039096,-0.2247487,0.7410627,0.3200234,0.4480727,0.7358657
72057594037973989,0,1.793292,18994.53,0.3128687,0.1560076,0.7288548,0.3330599,0.5583158,0.7412515,0.2766232,0.4574738,0.6899598,0.2871776,0.339808,0.6195626,0.3203258,0.2234818,0.5620551,0.3481571,0.142003,0.5283455,0.3972509,0.5038941,0.7414183,0.365593,0.3913155,0.6678336,0.2602006,0.3338139,0.6070372,0.274985,0.3392369,0.6036795,0.2805557,0.1561042,0.7175338,0.3054785,-0.06262577,0.7735833,0.3263325,-0.2194823,0.8226635,0.3328598,0.1648066,0.7065235,0.3723602,-0.06224811,0.7215288,0.4039096,-0.2247487,0.7410627,0.3200234,0.4480727,0.7358657
72057594037973989,0,1.793292,18994.54,0.3128687,0.1560076,0.7288548,0.3330599,0.5583158,0.7412515,0.2766232,0.4574738,0.6899598,0.2871776,0.339808,0.6195626,0.3203258,0.2234818,0.5620551,0.3481571,0.142003,0.5283455,0.3972509,0.5038941,0.7414183,0.365593,0.3913155,0.6678336,0.2602006,0.3338139,0.6070372,0.274985,0.3392369,0.6036795,0.2805557,0.1561042,0.7175338,0.3054785,-0.06262577,0.7735833,0.3263325,-0.2194823,0.8226635,0.3328598,0.1648066,0.7065235,0.3723602,-0.06224811,0.7215288,0.4039096,-0.2247487,0.7410627,0.3200234,0.4480727,0.7358657
72057594037973989,0,1.793292,18994.54,0.3128687,0.1560076,0.7288548,0.3330599,0.5583158,0.7412515,0.2766232,0.4574738,0.6899598,0.2871776,0.339808,0.6195626,0.3203258,0.2234818,0.5620551,0.3481571,0.142003,0.5283455,0.3972509,0.5038941,0.7414183,0.365593,0.3913155,0.6678336,0.2602006,0.3338139,0.6070372,0.274985,0.3392369,0.6036795,0.2805557,0.1561042,0.7175338,0.3054785,-0.06262577,0.7735833,0.3263325,-0.2194823,0.8226635,0.3328598,0.1648066,0.7065235,0.3723602,-0.06224811,0.7215288,0.4039096,-0.2247487,0.7410627,0.3200234,0.4480727,0.7358657
72057594037973989,0,1.793292,18994.54,0.3128687,0.1560076,0.7288548,0.3330599,0.5583158,0.7412515,0.2766232,0.4574738,0.6899598,0.2871776,0.339808,0.6195626,0.3203258,0.2234818,0.5620551,0.3481571,0.142003,0.5283455,0.3972509,0.5038941,0.7414183,0.365593,0.3913155,0.6678336,0.2602006,0.3338139,0.6070372,0.274985,0.3392369,0.6036795,0.2805557,0.1561042,0.7175338,0.3054785,-0.06262577,0.7735833,0.3263325,-0.2194823,0.8226635,0.3328598,0.1648066,0.7065235,0.3723602,-0.06224811,0.7215288,0.4039096,-0.2247487,0.7410627,0.3200234,0.4480727,0.7358657
72057594037973989,0,1.793292,18994.54,0.3128687,0.1560076,0.7288548,0.3330599,0.5583158,0.7412515,0.2766232,0.4574738,0.6899598,0.2871776,0.339808,0.6195626,0.3203258,0.2234818,0.5620551,0.3481571,0.142003,0.5283455,0.3972509,0.5038941,0.7414183,0.365593,0.3913155,0.6678336,0.2602006,0.3338139,0.6070372,0.274985,0.3392369,0.6036795,0.2805557,0.1561042,0.7175338,0.3054785,-0.06262577,0.7735833,0.3263325,-0.2194823,0.8226635,0.3328598,0.1648066,0.7065235,0.3723602,-0.06224811,0.7215288,0.4039096,-0.2247487,0.7410627,0.3200234,0.4480727,0.7358657
72057594037973989,0,1.793292,18994.55,0.3128687,0.1560076,0.7288548,0.3330599,0.5583158,0.7412515,0.2766232,0.4574738,0.6899598,0.2871776,0.339808,0.6195626,0.3203258,0.2234818,0.5620551,0.3481571,0.142003,0.5283455,0.3972509,0.5038941,0.7414183,0.365593,0.3913155,0.6678336,0.2602006,0.3338139,0.6070372,0.274985,0.3392369,0.6036795,0.2805557,0.1561042,0.7175338,0.3054785,-0.06262577,0.7735833,0.3263325,-0.2194823,0.8226635,0.3328598,0.1648066,0.7065235,0.3723602,-0.06224811,0.7215288,0.4039096,-0.2247487,0.7410627,0.3200234,0.4480727,0.7358657
72057594037973989,0,1.793292,18994.55,0.3128687,0.1560076,0.7288548,0.3330599,0.5583158,0.7412515,0.2766232,0.4574738,0.6899598,0.2871776,0.339808,0.6195626,0.3203258,0.2234818,0.5620551,0.3481571,0.142003,0.5283455,0.3972509,0.5038941,0.7414183,0.365593,0.3913155,0.6678336,0.2602006,0.3338139,0.6070372,0.274985,0.3392369,0.6036795,0.2805557,0.1561042,0.7175338,0.3054785,-0.06262577,0.7735833,0.3263325,-0.2194823,0.8226635,0.3328598,0.1648066,0.7065235,0.3723602,-0.06224811,0.7215288,0.4039096,-0.2247487,0.7410627,0.3200234,0.4480727,0.7358657
72057594037973989,0,1.793292,18994.55,0.3128687,0.1560076,0.7288548,0.3330599,0.5583158,0.7412515,0.2766232,0.4574738,0.6899598,0.2871776,0.339808,0.6195626,0.3203258,0.2234818,0.5620551,0.3481571,0.142003,0.5283455,0.3972509,0.5038941,0.7414183,0.365593,0.3913155,0.6678336,0.2602006,0.3338139,0.6070372,0.274985,0.3392369,0.6036795,0.2805557,0.1561042,0.7175338,0.3054785,-0.06262577,0.7735833,0.3263325,-0.2194823,0.8226635,0.3328598,0.1648066,0.7065235,0.3723602,-0.06224811,0.7215288,0.4039096,-0.2247487,0.7410627,0.3200234,0.4480727,0.7358657
72057594037973989,0,1.799134,18994.55,0.3267236,0.1581265,0.7242815,0.3482486,0.5622509,0.741832,0.2952434,0.4617096,0.6870508,0.3063267,0.3424506,0.619968,0.3446526,0.2266102,0.5655773,0.3785289,0.1533354,0.5425196,0.4152392,0.5104805,0.7405639,0.3870373,0.3960064,0.6688598,0.294919,0.3236971,0.5997959,0.2955399,0.3178551,0.5907309,0.2913992,0.1581716,0.7119381,0.3531057,-0.05964944,0.7524965,0.3994524,-0.2139699,0.7900959,0.3492505,0.1670584,0.7031283,0.3510452,-0.05927604,0.7521768,0.3561848,-0.2193782,0.7953008,0.3383197,0.4539369,0.7344118
72057594037973989,0,1.799134,18994.56,0.3267236,0.1581265,0.7242815,0.3482486,0.5622509,0.741832,0.2952434,0.4617096,0.6870508,0.3063267,0.3424506,0.619968,0.3446526,0.2266102,0.5655773,0.3785289,0.1533354,0.5425196,0.4152392,0.5104805,0.7405639,0.3870373,0.3960064,0.6688598,0.294919,0.3236971,0.5997959,0.2955399,0.3178551,0.5907309,0.2913992,0.1581716,0.7119381,0.3531057,-0.05964944,0.7524965,0.3994524,-0.2139699,0.7900959,0.3492505,0.1670584,0.7031283,0.3510452,-0.05927604,0.7521768,0.3561848,-0.2193782,0.7953008,0.3383197,0.4539369,0.7344118
72057594037973989,0,1.799134,18994.56,0.3267236,0.1581265,0.7242815,0.3482486,0.5622509,0.741832,0.2952434,0.4617096,0.6870508,0.3063267,0.3424506,0.619968,0.3446526,0.2266102,0.5655773,0.3785289,0.1533354,0.5425196,0.4152392,0.5104805,0.7405639,0.3870373,0.3960064,0.6688598,0.294919,0.3236971,0.5997959,0.2955399,0.3178551,0.5907309,0.2913992,0.1581716,0.7119381,0.3531057,-0.05964944,0.7524965,0.3994524,-0.2139699,0.7900959,0.3492505,0.1670584,0.7031283,0.3510452,-0.05927604,0.7521768,0.3561848,-0.2193782,0.7953008,0.3383197,0.4539369,0.7344118
72057594037973989,0,1.799134,18994.56,0.3267236,0.1581265,0.7242815,0.3482486,0.5622509,0.741832,0.2952434,0.4617096,0.6870508,0.3063267,0.3424506,0.619968,0.3446526,0.2266102,0.5655773,0.3785289,0.1533354,0.5425196,0.4152392,0.5104805,0.7405639,0.3870373,0.3960064,0.6688598,0.294919,0.3236971,0.5997959,0.2955399,0.3178551,0.5907309,0.2913992,0.1581716,0.7119381,0.3531057,-0.05964944,0.7524965,0.3994524,-0.2139699,0.7900959,0.3492505,0.1670584,0.7031283,0.3510452,-0.05927604,0.7521768,0.3561848,-0.2193782,0.7953008,0.3383197,0.4539369,0.7344118
72057594037973989,0,1.799134,18994.57,0.3267236,0.1581265,0.7242815,0.3482486,0.5622509,0.741832,0.2952434,0.4617096,0.6870508,0.3063267,0.3424506,0.619968,0.3446526,0.2266102,0.5655773,0.3785289,0.1533354,0.5425196,0.4152392,0.5104805,0.7405639,0.3870373,0.3960064,0.6688598,0.294919,0.3236971,0.5997959,0.2955399,0.3178551,0.5907309,0.2913992,0.1581716,0.7119381,0.3531057,-0.05964944,0.7524965,0.3994524,-0.2139699,0.7900959,0.3492505,0.1670584,0.7031283,0.3510452,-0.05927604,0.7521768,0.3561848,-0.2193782,0.7953008,0.3383197,0.4539369,0.7344118
72057594037973989,0,1.799134,18994.57,0.3267236,0.1581265,0.7242815,0.3482486,0.5622509,0.741832,0.2952434,0.4617096,0.6870508,0.3063267,0.3424506,0.619968,0.3446526,0.2266102,0.5655773,0.3785289,0.1533354,0.5425196,0.4152392,0.5104805,0.7405639,0.3870373,0.3960064,0.6688598,0.294919,0.3236971,0.5997959,0.2955399,0.3178551,0.5907309,0.2913992,0.1581716,0.7119381,0.3531057,-0.05964944,0.7524965,0.3994524,-0.2139699,0.7900959,0.3492505,0.1670584,0.7031283,0.3510452,-0.05927604,0.7521768,0.3561848,-0.2193782,0.7953008,0.3383197,0.4539369,0.7344118
72057594037973989,0,1.799134,18994.57,0.3267236,0.1581265,0.7242815,0.3482486,0.5622509,0.741832,0.2952434,0.4617096,0.6870508,0.3063267,0.3424506,0.619968,0.3446526,0.2266102,0.5655773,0.3785289,0.1533354,0.5425196,0.4152392,0.5104805,0.7405639,0.3870373,0.3960064,0.6688598,0.294919,0.3236971,0.5997959,0.2955399,0.3178551,0.5907309,0.2913992,0.1581716,0.7119381,0.3531057,-0.05964944,0.7524965,0.3994524,-0.2139699,0.7900959,0.3492505,0.1670584,0.7031283,0.3510452,-0.05927604,0.7521768,0.3561848,-0.2193782,0.7953008,0.3383197,0.4539369,0.7344118
72057594037973989,0,1.799134,18994.57,0.3267236,0.1581265,0.7242815,0.3482486,0.5622509,0.741832,0.2952434,0.4617096,0.6870508,0.3063267,0.3424506,0.619968,0.3446526,0.2266102,0.5655773,0.3785289,0.1533354,0.5425196,0.4152392,0.5104805,0.7405639,0.3870373,0.3960064,0.6688598,0.294919,0.3236971,0.5997959,0.2955399,0.3178551,0.5907309,0.2913992,0.1581716,0.7119381,0.3531057,-0.05964944,0.7524965,0.3994524,-0.2139699,0.7900959,0.3492505,0.1670584,0.7031283,0.3510452,-0.05927604,0.7521768,0.3561848,-0.2193782,0.7953008,0.3383197,0.4539369,0.7344118
72057594037973989,0,1.799134,18994.57,0.3267236,0.1581265,0.7242815,0.3482486,0.5622509,0.741832,0.2952434,0.4617096,0.6870508,0.3063267,0.3424506,0.619968,0.3446526,0.2266102,0.5655773,0.3785289,0.1533354,0.5425196,0.4152392,0.5104805,0.7405639,0.3870373,0.3960064,0.6688598,0.294919,0.3236971,0.5997959,0.2955399,0.3178551,0.5907309,0.2913992,0.1581716,0.7119381,0.3531057,-0.05964944,0.7524965,0.3994524,-0.2139699,0.7900959,0.3492505,0.1670584,0.7031283,0.3510452,-0.05927604,0.7521768,0.3561848,-0.2193782,0.7953008,0.3383197,0.4539369,0.7344118
72057594037973989,0,1.799134,18994.58,0.3267236,0.1581265,0.7242815,0.3482486,0.5622509,0.741832,0.2952434,0.4617096,0.6870508,0.3063267,0.3424506,0.619968,0.3446526,0.2266102,0.5655773,0.3785289,0.1533354,0.5425196,0.4152392,0.5104805,0.7405639,0.3870373,0.3960064,0.6688598,0.294919,0.3236971,0.5997959,0.2955399,0.3178551,0.5907309,0.2913992,0.1581716,0.7119381,0.3531057,-0.05964944,0.7524965,0.3994524,-0.2139699,0.7900959,0.3492505,0.1670584,0.7031283,0.3510452,-0.05927604,0.7521768,0.3561848,-0.2193782,0.7953008,0.3383197,0.4539369,0.7344118
72057594037973989,0,1.799134,18994.58,0.3267236,0.1581265,0.7242815,0.3482486,0.5622509,0.741832,0.2952434,0.4617096,0.6870508,0.3063267,0.3424506,0.619968,0.3446526,0.2266102,0.5655773,0.3785289,0.1533354,0.5425196,0.4152392,0.5104805,0.7405639,0.3870373,0.3960064,0.6688598,0.294919,0.3236971,0.5997959,0.2955399,0.3178551,0.5907309,0.2913992,0.1581716,0.7119381,0.3531057,-0.05964944,0.7524965,0.3994524,-0.2139699,0.7900959,0.3492505,0.1670584,0.7031283,0.3510452,-0.05927604,0.7521768,0.3561848,-0.2193782,0.7953008,0.3383197,0.4539369,0.7344118
72057594037973989,0,1.799134,18994.58,0.3267236,0.1581265,0.7242815,0.3482486,0.5622509,0.741832,0.2952434,0.4617096,0.6870508,0.3063267,0.3424506,0.619968,0.3446526,0.2266102,0.5655773,0.3785289,0.1533354,0.5425196,0.4152392,0.5104805,0.7405639,0.3870373,0.3960064,0.6688598,0.294919,0.3236971,0.5997959,0.2955399,0.3178551,0.5907309,0.2913992,0.1581716,0.7119381,0.3531057,-0.05964944,0.7524965,0.3994524,-0.2139699,0.7900959,0.3492505,0.1670584,0.7031283,0.3510452,-0.05927604,0.7521768,0.3561848,-0.2193782,0.7953008,0.3383197,0.4539369,0.7344118
72057594037973989,0,1.799134,18994.58,0.3267236,0.1581265,0.7242815,0.3482486,0.5622509,0.741832,0.2952434,0.4617096,0.6870508,0.3063267,0.3424506,0.619968,0.3446526,0.2266102,0.5655773,0.3785289,0.1533354,0.5425196,0.4152392,0.5104805,0.7405639,0.3870373,0.3960064,0.6688598,0.294919,0.3236971,0.5997959,0.2955399,0.3178551,0.5907309,0.2913992,0.1581716,0.7119381,0.3531057,-0.05964944,0.7524965,0.3994524,-0.2139699,0.7900959,0.3492505,0.1670584,0.7031283,0.3510452,-0.05927604,0.7521768,0.3561848,-0.2193782,0.7953008,0.3383197,0.4539369,0.7344118
72057594037973989,0,1.803147,18994.59,0.3400808,0.1583647,0.7225949,0.3626863,0.566407,0.7433096,0.3132243,0.4613212,0.6814241,0.3230555,0.3408219,0.6170544,0.3704354,0.2259194,0.5701407,0.4036512,0.1713561,0.5572832,0.4264955,0.4908422,0.770858,0.3992712,0.3839611,0.6878777,0.3075359,0.3268279,0.6053377,0.3056453,0.3190324,0.5876929,0.3067817,0.1588398,0.7087684,0.3582372,-0.06189227,0.7513129,0.397416,-0.2174659,0.7900413,0.3597743,0.1669735,0.7026635,0.3654581,-0.02375615,0.7265361,0.3780882,-0.2252417,0.7663028,0.3529898,0.4583884,0.7339059
72057594037973989,0,1.803147,18994.59,0.3400808,0.1583647,0.7225949,0.3626863,0.566407,0.7433096,0.3132243,0.4613212,0.6814241,0.3230555,0.3408219,0.6170544,0.3704354,0.2259194,0.5701407,0.4036512,0.1713561,0.5572832,0.4264955,0.4908422,0.770858,0.3992712,0.3839611,0.6878777,0.3075359,0.3268279,0.6053377,0.3056453,0.3190324,0.5876929,0.3067817,0.1588398,0.7087684,0.3582372,-0.06189227,0.7513129,0.397416,-0.2174659,0.7900413,0.3597743,0.1669735,0.7026635,0.3654581,-0.02375615,0.7265361,0.3780882,-0.2252417,0.7663028,0.3529898,0.4583884,0.7339059
72057594037973989,0,1.803147,18994.59,0.3400808,0.1583647,0.7225949,0.3626863,0.566407,0.7433096,0.3132243,0.4613212,0.6814241,0.3230555,0.3408219,0.6170544,0.3704354,0.2259194,0.5701407,0.4036512,0.1713561,0.5572832,0.4264955,0.4908422,0.770858,0.3992712,0.3839611,0.6878777,0.3075359,0.3268279,0.6053377,0.3056453,0.3190324,0.5876929,0.3067817,0.1588398,0.7087684,0.3582372,-0.06189227,0.7513129,0.397416,-0.2174659,0.7900413,0.3597743,0.1669735,0.7026635,0.3654581,-0.02375615,0.7265361,0.3780882,-0.2252417,0.7663028,0.3529898,0.4583884,0.7339059
72057594037973989,0,1.803147,18994.6,0.3400808,0.1583647,0.7225949,0.3626863,0.566407,0.7433096,0.3132243,0.4613212,0.6814241,0.3230555,0.3408219,0.6170544,0.3704354,0.2259194,0.5701407,0.4036512,0.1713561,0.5572832,0.4264955,0.4908422,0.770858,0.3992712,0.3839611,0.6878777,0.3075359,0.3268279,0.6053377,0.3056453,0.3190324,0.5876929,0.3067817,0.1588398,0.7087684,0.3582372,-0.06189227,0.7513129,0.397416,-0.2174659,0.7900413,0.3597743,0.1669735,0.7026635,0.3654581,-0.02375615,0.7265361,0.3780882,-0.2252417,0.7663028,0.3529898,0.4583884,0.7339059
72057594037973989,0,1.803147,18994.6,0.3400808,0.1583647,0.7225949,0.3626863,0.566407,0.7433096,0.3132243,0.4613212,0.6814241,0.3230555,0.3408219,0.6170544,0.3704354,0.2259194,0.5701407,0.4036512,0.1713561,0.5572832,0.4264955,0.4908422,0.770858,0.3992712,0.3839611,0.6878777,0.3075359,0.3268279,0.6053377,0.3056453,0.3190324,0.5876929,0.3067817,0.1588398,0.7087684,0.3582372,-0.06189227,0.7513129,0.397416,-0.2174659,0.7900413,0.3597743,0.1669735,0.7026635,0.3654581,-0.02375615,0.7265361,0.3780882,-0.2252417,0.7663028,0.3529898,0.4583884,0.7339059
72057594037973989,0,1.803147,18994.6,0.3400808,0.1583647,0.7225949,0.3626863,0.566407,0.7433096,0.3132243,0.4613212,0.6814241,0.3230555,0.3408219,0.6170544,0.3704354,0.2259194,0.5701407,0.4036512,0.1713561,0.5572832,0.4264955,0.4908422,0.770858,0.3992712,0.3839611,0.6878777,0.3075359,0.3268279,0.6053377,0.3056453,0.3190324,0.5876929,0.3067817,0.1588398,0.7087684,0.3582372,-0.06189227,0.7513129,0.397416,-0.2174659,0.7900413,0.3597743,0.1669735,0.7026635,0.3654581,-0.02375615,0.7265361,0.3780882,-0.2252417,0.7663028,0.3529898,0.4583884,0.7339059
72057594037973989,0,1.803147,18994.6,0.3400808,0.1583647,0.7225949,0.3626863,0.566407,0.7433096,0.3132243,0.4613212,0.6814241,0.3230555,0.3408219,0.6170544,0.3704354,0.2259194,0.5701407,0.4036512,0.1713561,0.5572832,0.4264955,0.4908422,0.770858,0.3992712,0.3839611,0.6878777,0.3075359,0.3268279,0.6053377,0.3056453,0.3190324,0.5876929,0.3067817,0.1588398,0.7087684,0.3582372,-0.06189227,0.7513129,0.397416,-0.2174659,0.7900413,0.3597743,0.1669735,0.7026635,0.3654581,-0.02375615,0.7265361,0.3780882,-0.2252417,0.7663028,0.3529898,0.4583884,0.7339059
72057594037973989,0,1.803147,18994.6,0.3400808,0.1583647,0.7225949,0.3626863,0.566407,0.7433096,0.3132243,0.4613212,0.6814241,0.3230555,0.3408219,0.6170544,0.3704354,0.2259194,0.5701407,0.4036512,0.1713561,0.5572832,0.4264955,0.4908422,0.770858,0.3992712,0.3839611,0.6878777,0.3075359,0.3268279,0.6053377,0.3056453,0.3190324,0.5876929,0.3067817,0.1588398,0.7087684,0.3582372,-0.06189227,0.7513129,0.397416,-0.2174659,0.7900413,0.3597743,0.1669735,0.7026635,0.3654581,-0.02375615,0.7265361,0.3780882,-0.2252417,0.7663028,0.3529898,0.4583884,0.7339059
72057594037973989,0,1.803147,18994.61,0.3400808,0.1583647,0.7225949,0.3626863,0.566407,0.7433096,0.3132243,0.4613212,0.6814241,0.3230555,0.3408219,0.6170544,0.3704354,0.2259194,0.5701407,0.4036512,0.1713561,0.5572832,0.4264955,0.4908422,0.770858,0.3992712,0.3839611,0.6878777,0.3075359,0.3268279,0.6053377,0.3056453,0.3190324,0.5876929,0.3067817,0.1588398,0.7087684,0.3582372,-0.06189227,0.7513129,0.397416,-0.2174659,0.7900413,0.3597743,0.1669735,0.7026635,0.3654581,-0.02375615,0.7265361,0.3780882,-0.2252417,0.7663028,0.3529898,0.4583884,0.7339059
72057594037973989,0,1.803147,18994.61,0.3400808,0.1583647,0.7225949,0.3626863,0.566407,0.7433096,0.3132243,0.4613212,0.6814241,0.3230555,0.3408219,0.6170544,0.3704354,0.2259194,0.5701407,0.4036512,0.1713561,0.5572832,0.4264955,0.4908422,0.770858,0.3992712,0.3839611,0.6878777,0.3075359,0.3268279,0.6053377,0.3056453,0.3190324,0.5876929,0.3067817,0.1588398,0.7087684,0.3582372,-0.06189227,0.7513129,0.397416,-0.2174659,0.7900413,0.3597743,0.1669735,0.7026635,0.3654581,-0.02375615,0.7265361,0.3780882,-0.2252417,0.7663028,0.3529898,0.4583884,0.7339059
72057594037973989,0,1.803147,18994.61,0.3400808,0.1583647,0.7225949,0.3626863,0.566407,0.7433096,0.3132243,0.4613212,0.6814241,0.3230555,0.3408219,0.6170544,0.3704354,0.2259194,0.5701407,0.4036512,0.1713561,0.5572832,0.4264955,0.4908422,0.770858,0.3992712,0.3839611,0.6878777,0.3075359,0.3268279,0.6053377,0.3056453,0.3190324,0.5876929,0.3067817,0.1588398,0.7087684,0.3582372,-0.06189227,0.7513129,0.397416,-0.2174659,0.7900413,0.3597743,0.1669735,0.7026635,0.3654581,-0.02375615,0.7265361,0.3780882,-0.2252417,0.7663028,0.3529898,0.4583884,0.7339059
72057594037973989,0,1.803147,18994.61,0.3400808,0.1583647,0.7225949,0.3626863,0.566407,0.7433096,0.3132243,0.4613212,0.6814241,0.3230555,0.3408219,0.6170544,0.3704354,0.2259194,0.5701407,0.4036512,0.1713561,0.5572832,0.4264955,0.4908422,0.770858,0.3992712,0.3839611,0.6878777,0.3075359,0.3268279,0.6053377,0.3056453,0.3190324,0.5876929,0.3067817,0.1588398,0.7087684,0.3582372,-0.06189227,0.7513129,0.397416,-0.2174659,0.7900413,0.3597743,0.1669735,0.7026635,0.3654581,-0.02375615,0.7265361,0.3780882,-0.2252417,0.7663028,0.3529898,0.4583884,0.7339059
72057594037973989,0,1.803147,18994.62,0.3400808,0.1583647,0.7225949,0.3626863,0.566407,0.7433096,0.3132243,0.4613212,0.6814241,0.3230555,0.3408219,0.6170544,0.3704354,0.2259194,0.5701407,0.4036512,0.1713561,0.5572832,0.4264955,0.4908422,0.770858,0.3992712,0.3839611,0.6878777,0.3075359,0.3268279,0.6053377,0.3056453,0.3190324,0.5876929,0.3067817,0.1588398,0.7087684,0.3582372,-0.06189227,0.7513129,0.397416,-0.2174659,0.7900413,0.3597743,0.1669735,0.7026635,0.3654581,-0.02375615,0.7265361,0.3780882,-0.2252417,0.7663028,0.3529898,0.4583884,0.7339059
72057594037973989,0,1.803147,18994.62,0.3400808,0.1583647,0.7225949,0.3626863,0.566407,0.7433096,0.3132243,0.4613212,0.6814241,0.3230555,0.3408219,0.6170544,0.3704354,0.2259194,0.5701407,0.4036512,0.1713561,0.5572832,0.4264955,0.4908422,0.770858,0.3992712,0.3839611,0.6878777,0.3075359,0.3268279,0.6053377,0.3056453,0.3190324,0.5876929,0.3067817,0.1588398,0.7087684,0.3582372,-0.06189227,0.7513129,0.397416,-0.2174659,0.7900413,0.3597743,0.1669735,0.7026635,0.3654581,-0.02375615,0.7265361,0.3780882,-0.2252417,0.7663028,0.3529898,0.4583884,0.7339059
72057594037973989,0,1.806381,18994.62,0.3543926,0.1601949,0.7213919,0.3783185,0.5695393,0.744295,0.3234447,0.4589631,0.6790693,0.3327107,0.3382719,0.6146371,0.3924759,0.2277822,0.5724665,0.4245682,0.1900977,0.5681614,0.4315778,0.4909021,0.7722403,0.4057496,0.3835795,0.6891162,0.3041102,0.3529772,0.6060477,0.3129045,0.3633553,0.60571,0.3203833,0.1610425,0.7051019,0.377192,-0.04495081,0.7307829,0.4277923,-0.2151614,0.7629511,0.3743792,0.168373,0.7040747,0.3667671,-0.02067292,0.7253016,0.3658327,-0.2262747,0.7633544,0.36696,0.4620914,0.7333593
72057594037973989,0,1.806381,18994.63,0.3543926,0.1601949,0.7213919,0.3783185,0.5695393,0.744295,0.3234447,0.4589631,0.6790693,0.3327107,0.3382719,0.6146371,0.3924759,0.2277822,0.5724665,0.4245682,0.1900977,0.5681614,0.4315778,0.4909021,0.7722403,0.4057496,0.3835795,0.6891162,0.3041102,0.3529772,0.6060477,0.3129045,0.3633553,0.60571,0.3203833,0.1610425,0.7051019,0.377192,-0.04495081,0.7307829,0.4277923,-0.2151614,0.7629511,0.3743792,0.168373,0.7040747,0.3667671,-0.02067292,0.7253016,0.3658327,-0.2262747,0.7633544,0.36696,0.4620914,0.7333593
72057594037973989,0,1.806381,18994.63,0.3543926,0.1601949,0.7213919,0.3783185,0.5695393,0.744295,0.3234447,0.4589631,0.6790693,0.3327107,0.3382719,0.6146371,0.3924759,0.2277822,0.5724665,0.4245682,0.1900977,0.5681614,0.4315778,0.4909021,0.7722403,0.4057496,0.3835795,0.6891162,0.3041102,0.3529772,0.6060477,0.3129045,0.3633553,0.60571,0.3203833,0.1610425,0.7051019,0.377192,-0.04495081,0.7307829,0.4277923,-0.2151614,0.7629511,0.3743792,0.168373,0.7040747,0.3667671,-0.02067292,0.7253016,0.3658327,-0.2262747,0.7633544,0.36696,0.4620914,0.7333593
72057594037973989,0,1.806381,18994.63,0.3543926,0.1601949,0.7213919,0.3783185,0.5695393,0.744295,0.3234447,0.4589631,0.6790693,0.3327107,0.3382719,0.6146371,0.3924759,0.2277822,0.5724665,0.4245682,0.1900977,0.5681614,0.4315778,0.4909021,0.7722403,0.4057496,0.3835795,0.6891162,0.3041102,0.3529772,0.6060477,0.3129045,0.3633553,0.60571,0.3203833,0.1610425,0.7051019,0.377192,-0.04495081,0.7307829,0.4277923,-0.2151614,0.7629511,0.3743792,0.168373,0.7040747,0.3667671,-0.02067292,0.7253016,0.3658327,-0.2262747,0.7633544,0.36696,0.4620914,0.7333593
72057594037973989,0,1.806381,18994.63,0.3543926,0.1601949,0.7213919,0.3783185,0.5695393,0.744295,0.3234447,0.4589631,0.6790693,0.3327107,0.3382719,0.6146371,0.3924759,0.2277822,0.5724665,0.4245682,0.1900977,0.5681614,0.4315778,0.4909021,0.7722403,0.4057496,0.3835795,0.6891162,0.3041102,0.3529772,0.6060477,0.3129045,0.3633553,0.60571,0.3203833,0.1610425,0.7051019,0.377192,-0.04495081,0.7307829,0.4277923,-0.2151614,0.7629511,0.3743792,0.168373,0.7040747,0.3667671,-0.02067292,0.7253016,0.3658327,-0.2262747,0.7633544,0.36696,0.4620914,0.7333593
72057594037973989,0,1.806381,18994.64,0.3543926,0.1601949,0.7213919,0.3783185,0.5695393,0.744295,0.3234447,0.4589631,0.6790693,0.3327107,0.3382719,0.6146371,0.3924759,0.2277822,0.5724665,0.4245682,0.1900977,0.5681614,0.4315778,0.4909021,0.7722403,0.4057496,0.3835795,0.6891162,0.3041102,0.3529772,0.6060477,0.3129045,0.3633553,0.60571,0.3203833,0.1610425,0.7051019,0.377192,-0.04495081,0.7307829,0.4277923,-0.2151614,0.7629511,0.3743792,0.168373,0.7040747,0.3667671,-0.02067292,0.7253016,0.3658327,-0.2262747,0.7633544,0.36696,0.4620914,0.7333593
72057594037973989,0,1.806381,18994.64,0.3543926,0.1601949,0.7213919,0.3783185,0.5695393,0.744295,0.3234447,0.4589631,0.6790693,0.3327107,0.3382719,0.6146371,0.3924759,0.2277822,0.5724665,0.4245682,0.1900977,0.5681614,0.4315778,0.4909021,0.7722403,0.4057496,0.3835795,0.6891162,0.3041102,0.3529772,0.6060477,0.3129045,0.3633553,0.60571,0.3203833,0.1610425,0.7051019,0.377192,-0.04495081,0.7307829,0.4277923,-0.2151614,0.7629511,0.3743792,0.168373,0.7040747,0.3667671,-0.02067292,0.7253016,0.3658327,-0.2262747,0.7633544,0.36696,0.4620914,0.7333593
72057594037973989,0,1.806381,18994.64,0.3543926,0.1601949,0.7213919,0.3783185,0.5695393,0.744295,0.3234447,0.4589631,0.6790693,0.3327107,0.3382719,0.6146371,0.3924759,0.2277822,0.5724665,0.4245682,0.1900977,0.5681614,0.4315778,0.4909021,0.7722403,0.4057496,0.3835795,0.6891162,0.3041102,0.3529772,0.6060477,0.3129045,0.3633553,0.60571,0.3203833,0.1610425,0.7051019,0.377192,-0.04495081,0.7307829,0.4277923,-0.2151614,0.7629511,0.3743792,0.168373,0.7040747,0.3667671,-0.02067292,0.7253016,0.3658327,-0.2262747,0.7633544,0.36696,0.4620914,0.7333593
72057594037973989,0,1.806381,18994.64,0.3543926,0.1601949,0.7213919,0.3783185,0.5695393,0.744295,0.3234447,0.4589631,0.6790693,0.3327107,0.3382719,0.6146371,0.3924759,0.2277822,0.5724665,0.4245682,0.1900977,0.5681614,0.4315778,0.4909021,0.7722403,0.4057496,0.3835795,0.6891162,0.3041102,0.3529772,0.6060477,0.3129045,0.3633553,0.60571,0.3203833,0.1610425,0.7051019,0.377192,-0.04495081,0.7307829,0.4277923,-0.2151614,0.7629511,0.3743792,0.168373,0.7040747,0.3667671,-0.02067292,0.7253016,0.3658327,-0.2262747,0.7633544,0.36696,0.4620914,0.7333593
72057594037973989,0,1.806381,18994.65,0.3543926,0.1601949,0.7213919,0.3783185,0.5695393,0.744295,0.3234447,0.4589631,0.6790693,0.3327107,0.3382719,0.6146371,0.3924759,0.2277822,0.5724665,0.4245682,0.1900977,0.5681614,0.4315778,0.4909021,0.7722403,0.4057496,0.3835795,0.6891162,0.3041102,0.3529772,0.6060477,0.3129045,0.3633553,0.60571,0.3203833,0.1610425,0.7051019,0.377192,-0.04495081,0.7307829,0.4277923,-0.2151614,0.7629511,0.3743792,0.168373,0.7040747,0.3667671,-0.02067292,0.7253016,0.3658327,-0.2262747,0.7633544,0.36696,0.4620914,0.7333593
72057594037973989,0,1.806381,18994.65,0.3543926,0.1601949,0.7213919,0.3783185,0.5695393,0.744295,0.3234447,0.4589631,0.6790693,0.3327107,0.3382719,0.6146371,0.3924759,0.2277822,0.5724665,0.4245682,0.1900977,0.5681614,0.4315778,0.4909021,0.7722403,0.4057496,0.3835795,0.6891162,0.3041102,0.3529772,0.6060477,0.3129045,0.3633553,0.60571,0.3203833,0.1610425,0.7051019,0.377192,-0.04495081,0.7307829,0.4277923,-0.2151614,0.7629511,0.3743792,0.168373,0.7040747,0.3667671,-0.02067292,0.7253016,0.3658327,-0.2262747,0.7633544,0.36696,0.4620914,0.7333593
72057594037973989,0,1.806381,18994.65,0.3543926,0.1601949,0.7213919,0.3783185,0.5695393,0.744295,0.3234447,0.4589631,0.6790693,0.3327107,0.3382719,0.6146371,0.3924759,0.2277822,0.5724665,0.4245682,0.1900977,0.5681614,0.4315778,0.4909021,0.7722403,0.4057496,0.3835795,0.6891162,0.3041102,0.3529772,0.6060477,0.3129045,0.3633553,0.60571,0.3203833,0.1610425,0.7051019,0.377192,-0.04495081,0.7307829,0.4277923,-0.2151614,0.7629511,0.3743792,0.168373,0.7040747,0.3667671,-0.02067292,0.7253016,0.3658327,-0.2262747,0.7633544,0.36696,0.4620914,0.7333593
72057594037973989,0,1.806381,18994.65,0.3543926,0.1601949,0.7213919,0.3783185,0.5695393,0.744295,0.3234447,0.4589631,0.6790693,0.3327107,0.3382719,0.6146371,0.3924759,0.2277822,0.5724665,0.4245682,0.1900977,0.5681614,0.4315778,0.4909021,0.7722403,0.4057496,0.3835795,0.6891162,0.3041102,0.3529772,0.6060477,0.3129045,0.3633553,0.60571,0.3203833,0.1610425,0.7051019,0.377192,-0.04495081,0.7307829,0.4277923,-0.2151614,0.7629511,0.3743792,0.168373,0.7040747,0.3667671,-0.02067292,0.7253016,0.3658327,-0.2262747,0.7633544,0.36696,0.4620914,0.7333593
72057594037973989,0,1.809739,18994.66,0.3666224,0.159619,0.7207475,0.3956567,0.5721868,0.7436042,0.3337785,0.4531955,0.6762694,0.3430986,0.3323435,0.6125178,0.4071476,0.2256256,0.5721911,0.4395064,0.2069497,0.5741298,0.4411717,0.4914432,0.7736831,0.4131096,0.3852883,0.689826,0.3103833,0.3507405,0.607356,0.3186605,0.3531782,0.6022404,0.3332096,0.1602529,0.7024446,0.3851947,-0.01555353,0.7084454,0.4502727,-0.2165464,0.7320369,0.3854213,0.1679804,0.7053753,0.3712388,-0.005290657,0.7003744,0.5522525,-0.1059332,0.6669956,0.3781895,0.463942,0.7333025
72057594037973989,0,1.809739,18994.66,0.3666224,0.159619,0.7207475,0.3956567,0.5721868,0.7436042,0.3337785,0.4531955,0.6762694,0.3430986,0.3323435,0.6125178,0.4071476,0.2256256,0.5721911,0.4395064,0.2069497,0.5741298,0.4411717,0.4914432,0.7736831,0.4131096,0.3852883,0.689826,0.3103833,0.3507405,0.607356,0.3186605,0.3531782,0.6022404,0.3332096,0.1602529,0.7024446,0.3851947,-0.01555353,0.7084454,0.4502727,-0.2165464,0.7320369,0.3854213,0.1679804,0.7053753,0.3712388,-0.005290657,0.7003744,0.5522525,-0.1059332,0.6669956,0.3781895,0.463942,0.7333025
72057594037973989,0,1.809739,18994.66,0.3666224,0.159619,0.7207475,0.3956567,0.5721868,0.7436042,0.3337785,0.4531955,0.6762694,0.3430986,0.3323435,0.6125178,0.4071476,0.2256256,0.5721911,0.4395064,0.2069497,0.5741298,0.4411717,0.4914432,0.7736831,0.4131096,0.3852883,0.689826,0.3103833,0.3507405,0.607356,0.3186605,0.3531782,0.6022404,0.3332096,0.1602529,0.7024446,0.3851947,-0.01555353,0.7084454,0.4502727,-0.2165464,0.7320369,0.3854213,0.1679804,0.7053753,0.3712388,-0.005290657,0.7003744,0.5522525,-0.1059332,0.6669956,0.3781895,0.463942,0.7333025
72057594037973989,0,1.809739,18994.66,0.3666224,0.159619,0.7207475,0.3956567,0.5721868,0.7436042,0.3337785,0.4531955,0.6762694,0.3430986,0.3323435,0.6125178,0.4071476,0.2256256,0.5721911,0.4395064,0.2069497,0.5741298,0.4411717,0.4914432,0.7736831,0.4131096,0.3852883,0.689826,0.3103833,0.3507405,0.607356,0.3186605,0.3531782,0.6022404,0.3332096,0.1602529,0.7024446,0.3851947,-0.01555353,0.7084454,0.4502727,-0.2165464,0.7320369,0.3854213,0.1679804,0.7053753,0.3712388,-0.005290657,0.7003744,0.5522525,-0.1059332,0.6669956,0.3781895,0.463942,0.7333025
72057594037973989,0,1.809739,18994.67,0.3666224,0.159619,0.7207475,0.3956567,0.5721868,0.7436042,0.3337785,0.4531955,0.6762694,0.3430986,0.3323435,0.6125178,0.4071476,0.2256256,0.5721911,0.4395064,0.2069497,0.5741298,0.4411717,0.4914432,0.7736831,0.4131096,0.3852883,0.689826,0.3103833,0.3507405,0.607356,0.3186605,0.3531782,0.6022404,0.3332096,0.1602529,0.7024446,0.3851947,-0.01555353,0.7084454,0.4502727,-0.2165464,0.7320369,0.3854213,0.1679804,0.7053753,0.3712388,-0.005290657,0.7003744,0.5522525,-0.1059332,0.6669956,0.3781895,0.463942,0.7333025
72057594037973989,0,1.809739,18994.67,0.3666224,0.159619,0.7207475,0.3956567,0.5721868,0.7436042,0.3337785,0.4531955,0.6762694,0.3430986,0.3323435,0.6125178,0.4071476,0.2256256,0.5721911,0.4395064,0.2069497,0.5741298,0.4411717,0.4914432,0.7736831,0.4131096,0.3852883,0.689826,0.3103833,0.3507405,0.607356,0.3186605,0.3531782,0.6022404,0.3332096,0.1602529,0.7024446,0.3851947,-0.01555353,0.7084454,0.4502727,-0.2165464,0.7320369,0.3854213,0.1679804,0.7053753,0.3712388,-0.005290657,0.7003744,0.5522525,-0.1059332,0.6669956,0.3781895,0.463942,0.7333025
72057594037973989,0,1.809739,18994.67,0.3666224,0.159619,0.7207475,0.3956567,0.5721868,0.7436042,0.3337785,0.4531955,0.6762694,0.3430986,0.3323435,0.6125178,0.4071476,0.2256256,0.5721911,0.4395064,0.2069497,0.5741298,0.4411717,0.4914432,0.7736831,0.4131096,0.3852883,0.689826,0.3103833,0.3507405,0.607356,0.3186605,0.3531782,0.6022404,0.3332096,0.1602529,0.7024446,0.3851947,-0.01555353,0.7084454,0.4502727,-0.2165464,0.7320369,0.3854213,0.1679804,0.7053753,0.3712388,-0.005290657,0.7003744,0.5522525,-0.1059332,0.6669956,0.3781895,0.463942,0.7333025
72057594037973989,0,1.809739,18994.67,0.3666224,0.159619,0.7207475,0.3956567,0.5721868,0.7436042,0.3337785,0.4531955,0.6762694,0.3430986,0.3323435,0.6125178,0.4071476,0.2256256,0.5721911,0.4395064,0.2069497,0.5741298,0.4411717,0.4914432,0.7736831,0.4131096,0.3852883,0.689826,0.3103833,0.3507405,0.607356,0.3186605,0.3531782,0.6022404,0.3332096,0.1602529,0.7024446,0.3851947,-0.01555353,0.7084454,0.4502727,-0.2165464,0.7320369,0.3854213,0.1679804,0.7053753,0.3712388,-0.005290657,0.7003744,0.5522525,-0.1059332,0.6669956,0.3781895,0.463942,0.7333025
72057594037973989,0,1.809739,18994.68,0.3666224,0.159619,0.7207475,0.3956567,0.5721868,0.7436042,0.3337785,0.4531955,0.6762694,0.3430986,0.3323435,0.6125178,0.4071476,0.2256256,0.5721911,0.4395064,0.2069497,0.5741298,0.4411717,0.4914432,0.7736831,0.4131096,0.3852883,0.689826,0.3103833,0.3507405,0.607356,0.3186605,0.3531782,0.6022404,0.3332096,0.1602529,0.7024446,0.3851947,-0.01555353,0.7084454,0.4502727,-0.2165464,0.7320369,0.3854213,0.1679804,0.7053753,0.3712388,-0.005290657,0.7003744,0.5522525,-0.1059332,0.6669956,0.3781895,0.463942,0.7333025
72057594037973989,0,1.809739,18994.68,0.3666224,0.159619,0.7207475,0.3956567,0.5721868,0.7436042,0.3337785,0.4531955,0.6762694,0.3430986,0.3323435,0.6125178,0.4071476,0.2256256,0.5721911,0.4395064,0.2069497,0.5741298,0.4411717,0.4914432,0.7736831,0.4131096,0.3852883,0.689826,0.3103833,0.3507405,0.607356,0.3186605,0.3531782,0.6022404,0.3332096,0.1602529,0.7024446,0.3851947,-0.01555353,0.7084454,0.4502727,-0.2165464,0.7320369,0.3854213,0.1679804,0.7053753,0.3712388,-0.005290657,0.7003744,0.5522525,-0.1059332,0.6669956,0.3781895,0.463942,0.7333025
72057594037973989,0,1.809739,18994.68,0.3666224,0.159619,0.7207475,0.3956567,0.5721868,0.7436042,0.3337785,0.4531955,0.6762694,0.3430986,0.3323435,0.6125178,0.4071476,0.2256256,0.5721911,0.4395064,0.2069497,0.5741298,0.4411717,0.4914432,0.7736831,0.4131096,0.3852883,0.689826,0.3103833,0.3507405,0.607356,0.3186605,0.3531782,0.6022404,0.3332096,0.1602529,0.7024446,0.3851947,-0.01555353,0.7084454,0.4502727,-0.2165464,0.7320369,0.3854213,0.1679804,0.7053753,0.3712388,-0.005290657,0.7003744,0.5522525,-0.1059332,0.6669956,0.3781895,0.463942,0.7333025
72057594037973989,0,1.809739,18994.69,0.3666224,0.159619,0.7207475,0.3956567,0.5721868,0.7436042,0.3337785,0.4531955,0.6762694,0.3430986,0.3323435,0.6125178,0.4071476,0.2256256,0.5721911,0.4395064,0.2069497,0.5741298,0.4411717,0.4914432,0.7736831,0.4131096,0.3852883,0.689826,0.3103833,0.3507405,0.607356,0.3186605,0.3531782,0.6022404,0.3332096,0.1602529,0.7024446,0.3851947,-0.01555353,0.7084454,0.4502727,-0.2165464,0.7320369,0.3854213,0.1679804,0.7053753,0.3712388,-0.005290657,0.7003744,0.5522525,-0.1059332,0.6669956,0.3781895,0.463942,0.7333025
72057594037973989,0,1.809739,18994.69,0.3666224,0.159619,0.7207475,0.3956567,0.5721868,0.7436042,0.3337785,0.4531955,0.6762694,0.3430986,0.3323435,0.6125178,0.4071476,0.2256256,0.5721911,0.4395064,0.2069497,0.5741298,0.4411717,0.4914432,0.7736831,0.4131096,0.3852883,0.689826,0.3103833,0.3507405,0.607356,0.3186605,0.3531782,0.6022404,0.3332096,0.1602529,0.7024446,0.3851947,-0.01555353,0.7084454,0.4502727,-0.2165464,0.7320369,0.3854213,0.1679804,0.7053753,0.3712388,-0.005290657,0.7003744,0.5522525,-0.1059332,0.6669956,0.3781895,0.463942,0.7333025
72057594037973989,0,1.811223,18994.69,0.3756223,0.1594327,0.7213306,0.4122379,0.5725896,0.7437366,0.342213,0.4489712,0.6757609,0.3516803,0.3282089,0.6126081,0.4143686,0.2316931,0.574597,0.4471188,0.2166241,0.5751225,0.4562072,0.4919752,0.7753594,0.4253492,0.3865654,0.6919482,0.3226623,0.3469483,0.6122378,0.3238053,0.3405543,0.6016903,0.3415564,0.1600469,0.7021833,0.3889031,-0.008200705,0.7037671,0.4545995,-0.2185102,0.7243802,0.3945756,0.1677807,0.7070503,0.3716078,-0.005284697,0.7000659,0.5585916,-0.08231828,0.6693872,0.392594,0.4651832,0.7339391
72057594037973989,0,1.811223,18994.69,0.3756223,0.1594327,0.7213306,0.4122379,0.5725896,0.7437366,0.342213,0.4489712,0.6757609,0.3516803,0.3282089,0.6126081,0.4143686,0.2316931,0.574597,0.4471188,0.2166241,0.5751225,0.4562072,0.4919752,0.7753594,0.4253492,0.3865654,0.6919482,0.3226623,0.3469483,0.6122378,0.3238053,0.3405543,0.6016903,0.3415564,0.1600469,0.7021833,0.3889031,-0.008200705,0.7037671,0.4545995,-0.2185102,0.7243802,0.3945756,0.1677807,0.7070503,0.3716078,-0.005284697,0.7000659,0.5585916,-0.08231828,0.6693872,0.392594,0.4651832,0.7339391
72057594037973989,0,1.811223,18994.7,0.3756223,0.1594327,0.7213306,0.4122379,0.5725896,0.7437366,0.342213,0.4489712,0.6757609,0.3516803,0.3282089,0.6126081,0.4143686,0.2316931,0.574597,0.4471188,0.2166241,0.5751225,0.4562072,0.4919752,0.7753594,0.4253492,0.3865654,0.6919482,0.3226623,0.3469483,0.6122378,0.3238053,0.3405543,0.6016903,0.3415564,0.1600469,0.7021833,0.3889031,-0.008200705,0.7037671,0.4545995,-0.2185102,0.7243802,0.3945756,0.1677807,0.7070503,0.3716078,-0.005284697,0.7000659,0.5585916,-0.08231828,0.6693872,0.392594,0.4651832,0.7339391
72057594037973989,0,1.811223,18994.7,0.3756223,0.1594327,0.7213306,0.4122379,0.5725896,0.7437366,0.342213,0.4489712,0.6757609,0.3516803,0.3282089,0.6126081,0.4143686,0.2316931,0.574597,0.4471188,0.2166241,0.5751225,0.4562072,0.4919752,0.7753594,0.4253492,0.3865654,0.6919482,0.3226623,0.3469483,0.6122378,0.3238053,0.3405543,0.6016903,0.3415564,0.1600469,0.7021833,0.3889031,-0.008200705,0.7037671,0.4545995,-0.2185102,0.7243802,0.3945756,0.1677807,0.7070503,0.3716078,-0.005284697,0.7000659,0.5585916,-0.08231828,0.6693872,0.392594,0.4651832,0.7339391
72057594037973989,0,1.811223,18994.7,0.3756223,0.1594327,0.7213306,0.4122379,0.5725896,0.7437366,0.342213,0.4489712,0.6757609,0.3516803,0.3282089,0.6126081,0.4143686,0.2316931,0.574597,0.4471188,0.2166241,0.5751225,0.4562072,0.4919752,0.7753594,0.4253492,0.3865654,0.6919482,0.3226623,0.3469483,0.6122378,0.3238053,0.3405543,0.6016903,0.3415564,0.1600469,0.7021833,0.3889031,-0.008200705,0.7037671,0.4545995,-0.2185102,0.7243802,0.3945756,0.1677807,0.7070503,0.3716078,-0.005284697,0.7000659,0.5585916,-0.08231828,0.6693872,0.392594,0.4651832,0.7339391
72057594037973989,0,1.811223,18994.7,0.3756223,0.1594327,0.7213306,0.4122379,0.5725896,0.7437366,0.342213,0.4489712,0.6757609,0.3516803,0.3282089,0.6126081,0.4143686,0.2316931,0.574597,0.4471188,0.2166241,0.5751225,0.4562072,0.4919752,0.7753594,0.4253492,0.3865654,0.6919482,0.3226623,0.3469483,0.6122378,0.3238053,0.3405543,0.6016903,0.3415564,0.1600469,0.7021833,0.3889031,-0.008200705,0.7037671,0.4545995,-0.2185102,0.7243802,0.3945756,0.1677807,0.7070503,0.3716078,-0.005284697,0.7000659,0.5585916,-0.08231828,0.6693872,0.392594,0.4651832,0.7339391
72057594037973989,0,1.811223,18994.71,0.3756223,0.1594327,0.7213306,0.4122379,0.5725896,0.7437366,0.342213,0.4489712,0.6757609,0.3516803,0.3282089,0.6126081,0.4143686,0.2316931,0.574597,0.4471188,0.2166241,0.5751225,0.4562072,0.4919752,0.7753594,0.4253492,0.3865654,0.6919482,0.3226623,0.3469483,0.6122378,0.3238053,0.3405543,0.6016903,0.3415564,0.1600469,0.7021833,0.3889031,-0.008200705,0.7037671,0.4545995,-0.2185102,0.7243802,0.3945756,0.1677807,0.7070503,0.3716078,-0.005284697,0.7000659,0.5585916,-0.08231828,0.6693872,0.392594,0.4651832,0.7339391
72057594037973989,0,1.811223,18994.71,0.3756223,0.1594327,0.7213306,0.4122379,0.5725896,0.7437366,0.342213,0.4489712,0.6757609,0.3516803,0.3282089,0.6126081,0.4143686,0.2316931,0.574597,0.4471188,0.2166241,0.5751225,0.4562072,0.4919752,0.7753594,0.4253492,0.3865654,0.6919482,0.3226623,0.3469483,0.6122378,0.3238053,0.3405543,0.6016903,0.3415564,0.1600469,0.7021833,0.3889031,-0.008200705,0.7037671,0.4545995,-0.2185102,0.7243802,0.3945756,0.1677807,0.7070503,0.3716078,-0.005284697,0.7000659,0.5585916,-0.08231828,0.6693872,0.392594,0.4651832,0.7339391
72057594037973989,0,1.811223,18994.71,0.3756223,0.1594327,0.7213306,0.4122379,0.5725896,0.7437366,0.342213,0.4489712,0.6757609,0.3516803,0.3282089,0.6126081,0.4143686,0.2316931,0.574597,0.4471188,0.2166241,0.5751225,0.4562072,0.4919752,0.7753594,0.4253492,0.3865654,0.6919482,0.3226623,0.3469483,0.6122378,0.3238053,0.3405543,0.6016903,0.3415564,0.1600469,0.7021833,0.3889031,-0.008200705,0.7037671,0.4545995,-0.2185102,0.7243802,0.3945756,0.1677807,0.7070503,0.3716078,-0.005284697,0.7000659,0.5585916,-0.08231828,0.6693872,0.392594,0.4651832,0.7339391
72057594037973989,0,1.811223,18994.71,0.3756223,0.1594327,0.7213306,0.4122379,0.5725896,0.7437366,0.342213,0.4489712,0.6757609,0.3516803,0.3282089,0.6126081,0.4143686,0.2316931,0.574597,0.4471188,0.2166241,0.5751225,0.4562072,0.4919752,0.7753594,0.4253492,0.3865654,0.6919482,0.3226623,0.3469483,0.6122378,0.3238053,0.3405543,0.6016903,0.3415564,0.1600469,0.7021833,0.3889031,-0.008200705,0.7037671,0.4545995,-0.2185102,0.7243802,0.3945756,0.1677807,0.7070503,0.3716078,-0.005284697,0.7000659,0.5585916,-0.08231828,0.6693872,0.392594,0.4651832,0.7339391
72057594037973989,0,1.811223,18994.71,0.3756223,0.1594327,0.7213306,0.4122379,0.5725896,0.7437366,0.342213,0.4489712,0.6757609,0.3516803,0.3282089,0.6126081,0.4143686,0.2316931,0.574597,0.4471188,0.2166241,0.5751225,0.4562072,0.4919752,0.7753594,0.4253492,0.3865654,0.6919482,0.3226623,0.3469483,0.6122378,0.3238053,0.3405543,0.6016903,0.3415564,0.1600469,0.7021833,0.3889031,-0.008200705,0.7037671,0.4545995,-0.2185102,0.7243802,0.3945756,0.1677807,0.7070503,0.3716078,-0.005284697,0.7000659,0.5585916,-0.08231828,0.6693872,0.392594,0.4651832,0.7339391
72057594037973989,0,1.811223,18994.72,0.3756223,0.1594327,0.7213306,0.4122379,0.5725896,0.7437366,0.342213,0.4489712,0.6757609,0.3516803,0.3282089,0.6126081,0.4143686,0.2316931,0.574597,0.4471188,0.2166241,0.5751225,0.4562072,0.4919752,0.7753594,0.4253492,0.3865654,0.6919482,0.3226623,0.3469483,0.6122378,0.3238053,0.3405543,0.6016903,0.3415564,0.1600469,0.7021833,0.3889031,-0.008200705,0.7037671,0.4545995,-0.2185102,0.7243802,0.3945756,0.1677807,0.7070503,0.3716078,-0.005284697,0.7000659,0.5585916,-0.08231828,0.6693872,0.392594,0.4651832,0.7339391
72057594037973989,0,1.811223,18994.72,0.3756223,0.1594327,0.7213306,0.4122379,0.5725896,0.7437366,0.342213,0.4489712,0.6757609,0.3516803,0.3282089,0.6126081,0.4143686,0.2316931,0.574597,0.4471188,0.2166241,0.5751225,0.4562072,0.4919752,0.7753594,0.4253492,0.3865654,0.6919482,0.3226623,0.3469483,0.6122378,0.3238053,0.3405543,0.6016903,0.3415564,0.1600469,0.7021833,0.3889031,-0.008200705,0.7037671,0.4545995,-0.2185102,0.7243802,0.3945756,0.1677807,0.7070503,0.3716078,-0.005284697,0.7000659,0.5585916,-0.08231828,0.6693872,0.392594,0.4651832,0.7339391
72057594037973989,0,1.811966,18994.72,0.3810167,0.1593617,0.7218494,0.4235377,0.5720769,0.7435507,0.3536725,0.4459044,0.674652,0.361764,0.3241288,0.614481,0.4211821,0.2333605,0.5759142,0.4514667,0.2180733,0.5745888,0.4707357,0.4919952,0.7778764,0.4422182,0.3870745,0.6936862,0.3435806,0.3414371,0.6127205,0.3309231,0.3351358,0.6053835,0.3465321,0.1606518,0.7020059,0.3930585,-0.006622881,0.7024728,0.4585021,-0.2177902,0.7218921,0.4003019,0.16694,0.7084411,0.3714039,-0.005736351,0.6997909,0.5567686,-0.08708784,0.6835562,0.4059072,0.46556,0.7357204
72057594037973989,0,1.811966,18994.72,0.3810167,0.1593617,0.7218494,0.4235377,0.5720769,0.7435507,0.3536725,0.4459044,0.674652,0.361764,0.3241288,0.614481,0.4211821,0.2333605,0.5759142,0.4514667,0.2180733,0.5745888,0.4707357,0.4919952,0.7778764,0.4422182,0.3870745,0.6936862,0.3435806,0.3414371,0.6127205,0.3309231,0.3351358,0.6053835,0.3465321,0.1606518,0.7020059,0.3930585,-0.006622881,0.7024728,0.4585021,-0.2177902,0.7218921,0.4003019,0.16694,0.7084411,0.3714039,-0.005736351,0.6997909,0.5567686,-0.08708784,0.6835562,0.4059072,0.46556,0.7357204
72057594037973989,0,1.811966,18994.73,0.3810167,0.1593617,0.7218494,0.4235377,0.5720769,0.7435507,0.3536725,0.4459044,0.674652,0.361764,0.3241288,0.614481,0.4211821,0.2333605,0.5759142,0.4514667,0.2180733,0.5745888,0.4707357,0.4919952,0.7778764,0.4422182,0.3870745,0.6936862,0.3435806,0.3414371,0.6127205,0.3309231,0.3351358,0.6053835,0.3465321,0.1606518,0.7020059,0.3930585,-0.006622881,0.7024728,0.4585021,-0.2177902,0.7218921,0.4003019,0.16694,0.7084411,0.3714039,-0.005736351,0.6997909,0.5567686,-0.08708784,0.6835562,0.4059072,0.46556,0.7357204
72057594037973989,0,1.811966,18994.73,0.3810167,0.1593617,0.7218494,0.4235377,0.5720769,0.7435507,0.3536725,0.4459044,0.674652,0.361764,0.3241288,0.614481,0.4211821,0.2333605,0.5759142,0.4514667,0.2180733,0.5745888,0.4707357,0.4919952,0.7778764,0.4422182,0.3870745,0.6936862,0.3435806,0.3414371,0.6127205,0.3309231,0.3351358,0.6053835,0.3465321,0.1606518,0.7020059,0.3930585,-0.006622881,0.7024728,0.4585021,-0.2177902,0.7218921,0.4003019,0.16694,0.7084411,0.3714039,-0.005736351,0.6997909,0.5567686,-0.08708784,0.6835562,0.4059072,0.46556,0.7357204
72057594037973989,0,1.811966,18994.73,0.3810167,0.1593617,0.7218494,0.4235377,0.5720769,0.7435507,0.3536725,0.4459044,0.674652,0.361764,0.3241288,0.614481,0.4211821,0.2333605,0.5759142,0.4514667,0.2180733,0.5745888,0.4707357,0.4919952,0.7778764,0.4422182,0.3870745,0.6936862,0.3435806,0.3414371,0.6127205,0.3309231,0.3351358,0.6053835,0.3465321,0.1606518,0.7020059,0.3930585,-0.006622881,0.7024728,0.4585021,-0.2177902,0.7218921,0.4003019,0.16694,0.7084411,0.3714039,-0.005736351,0.6997909,0.5567686,-0.08708784,0.6835562,0.4059072,0.46556,0.7357204
72057594037973989,0,1.811966,18994.73,0.3810167,0.1593617,0.7218494,0.4235377,0.5720769,0.7435507,0.3536725,0.4459044,0.674652,0.361764,0.3241288,0.614481,0.4211821,0.2333605,0.5759142,0.4514667,0.2180733,0.5745888,0.4707357,0.4919952,0.7778764,0.4422182,0.3870745,0.6936862,0.3435806,0.3414371,0.6127205,0.3309231,0.3351358,0.6053835,0.3465321,0.1606518,0.7020059,0.3930585,-0.006622881,0.7024728,0.4585021,-0.2177902,0.7218921,0.4003019,0.16694,0.7084411,0.3714039,-0.005736351,0.6997909,0.5567686,-0.08708784,0.6835562,0.4059072,0.46556,0.7357204
72057594037973989,0,1.811966,18994.73,0.3810167,0.1593617,0.7218494,0.4235377,0.5720769,0.7435507,0.3536725,0.4459044,0.674652,0.361764,0.3241288,0.614481,0.4211821,0.2333605,0.5759142,0.4514667,0.2180733,0.5745888,0.4707357,0.4919952,0.7778764,0.4422182,0.3870745,0.6936862,0.3435806,0.3414371,0.6127205,0.3309231,0.3351358,0.6053835,0.3465321,0.1606518,0.7020059,0.3930585,-0.006622881,0.7024728,0.4585021,-0.2177902,0.7218921,0.4003019,0.16694,0.7084411,0.3714039,-0.005736351,0.6997909,0.5567686,-0.08708784,0.6835562,0.4059072,0.46556,0.7357204
72057594037973989,0,1.811966,18994.74,0.3810167,0.1593617,0.7218494,0.4235377,0.5720769,0.7435507,0.3536725,0.4459044,0.674652,0.361764,0.3241288,0.614481,0.4211821,0.2333605,0.5759142,0.4514667,0.2180733,0.5745888,0.4707357,0.4919952,0.7778764,0.4422182,0.3870745,0.6936862,0.3435806,0.3414371,0.6127205,0.3309231,0.3351358,0.6053835,0.3465321,0.1606518,0.7020059,0.3930585,-0.006622881,0.7024728,0.4585021,-0.2177902,0.7218921,0.4003019,0.16694,0.7084411,0.3714039,-0.005736351,0.6997909,0.5567686,-0.08708784,0.6835562,0.4059072,0.46556,0.7357204
72057594037973989,0,1.811966,18994.74,0.3810167,0.1593617,0.7218494,0.4235377,0.5720769,0.7435507,0.3536725,0.4459044,0.674652,0.361764,0.3241288,0.614481,0.4211821,0.2333605,0.5759142,0.4514667,0.2180733,0.5745888,0.4707357,0.4919952,0.7778764,0.4422182,0.3870745,0.6936862,0.3435806,0.3414371,0.6127205,0.3309231,0.3351358,0.6053835,0.3465321,0.1606518,0.7020059,0.3930585,-0.006622881,0.7024728,0.4585021,-0.2177902,0.7218921,0.4003019,0.16694,0.7084411,0.3714039,-0.005736351,0.6997909,0.5567686,-0.08708784,0.6835562,0.4059072,0.46556,0.7357204
72057594037973989,0,1.811966,18994.74,0.3810167,0.1593617,0.7218494,0.4235377,0.5720769,0.7435507,0.3536725,0.4459044,0.674652,0.361764,0.3241288,0.614481,0.4211821,0.2333605,0.5759142,0.4514667,0.2180733,0.5745888,0.4707357,0.4919952,0.7778764,0.4422182,0.3870745,0.6936862,0.3435806,0.3414371,0.6127205,0.3309231,0.3351358,0.6053835,0.3465321,0.1606518,0.7020059,0.3930585,-0.006622881,0.7024728,0.4585021,-0.2177902,0.7218921,0.4003019,0.16694,0.7084411,0.3714039,-0.005736351,0.6997909,0.5567686,-0.08708784,0.6835562,0.4059072,0.46556,0.7357204
72057594037973989,0,1.811966,18994.75,0.3810167,0.1593617,0.7218494,0.4235377,0.5720769,0.7435507,0.3536725,0.4459044,0.674652,0.361764,0.3241288,0.614481,0.4211821,0.2333605,0.5759142,0.4514667,0.2180733,0.5745888,0.4707357,0.4919952,0.7778764,0.4422182,0.3870745,0.6936862,0.3435806,0.3414371,0.6127205,0.3309231,0.3351358,0.6053835,0.3465321,0.1606518,0.7020059,0.3930585,-0.006622881,0.7024728,0.4585021,-0.2177902,0.7218921,0.4003019,0.16694,0.7084411,0.3714039,-0.005736351,0.6997909,0.5567686,-0.08708784,0.6835562,0.4059072,0.46556,0.7357204
72057594037973989,0,1.811966,18994.75,0.3810167,0.1593617,0.7218494,0.4235377,0.5720769,0.7435507,0.3536725,0.4459044,0.674652,0.361764,0.3241288,0.614481,0.4211821,0.2333605,0.5759142,0.4514667,0.2180733,0.5745888,0.4707357,0.4919952,0.7778764,0.4422182,0.3870745,0.6936862,0.3435806,0.3414371,0.6127205,0.3309231,0.3351358,0.6053835,0.3465321,0.1606518,0.7020059,0.3930585,-0.006622881,0.7024728,0.4585021,-0.2177902,0.7218921,0.4003019,0.16694,0.7084411,0.3714039,-0.005736351,0.6997909,0.5567686,-0.08708784,0.6835562,0.4059072,0.46556,0.7357204
72057594037973989,0,1.811966,18994.75,0.3810167,0.1593617,0.7218494,0.4235377,0.5720769,0.7435507,0.3536725,0.4459044,0.674652,0.361764,0.3241288,0.614481,0.4211821,0.2333605,0.5759142,0.4514667,0.2180733,0.5745888,0.4707357,0.4919952,0.7778764,0.4422182,0.3870745,0.6936862,0.3435806,0.3414371,0.6127205,0.3309231,0.3351358,0.6053835,0.3465321,0.1606518,0.7020059,0.3930585,-0.006622881,0.7024728,0.4585021,-0.2177902,0.7218921,0.4003019,0.16694,0.7084411,0.3714039,-0.005736351,0.6997909,0.5567686,-0.08708784,0.6835562,0.4059072,0.46556,0.7357204
72057594037973989,0,1.811966,18994.75,0.3810167,0.1593617,0.7218494,0.4235377,0.5720769,0.7435507,0.3536725,0.4459044,0.674652,0.361764,0.3241288,0.614481,0.4211821,0.2333605,0.5759142,0.4514667,0.2180733,0.5745888,0.4707357,0.4919952,0.7778764,0.4422182,0.3870745,0.6936862,0.3435806,0.3414371,0.6127205,0.3309231,0.3351358,0.6053835,0.3465321,0.1606518,0.7020059,0.3930585,-0.006622881,0.7024728,0.4585021,-0.2177902,0.7218921,0.4003019,0.16694,0.7084411,0.3714039,-0.005736351,0.6997909,0.5567686,-0.08708784,0.6835562,0.4059072,0.46556,0.7357204
72057594037973989,0,1.815558,18994.76,0.3920942,0.1545018,0.7227597,0.434848,0.5716882,0.7428662,0.3625976,0.4433043,0.6759887,0.3687828,0.3210658,0.6174614,0.4257736,0.2346964,0.5780371,0.4537974,0.2179011,0.5778143,0.4802361,0.491399,0.7787657,0.455221,0.3845954,0.6966073,0.3604355,0.3319336,0.6158886,0.3366289,0.3356152,0.6130053,0.3589836,0.1556037,0.701213,0.4090514,-0.01086423,0.7031382,0.4785983,-0.2195903,0.7240982,0.4097707,0.1623689,0.7110635,0.3852246,-0.01066512,0.7016917,0.5198371,-0.1846848,0.7377039,0.4158363,0.4646338,0.736474
72057594037973989,0,1.815558,18994.76,0.3920942,0.1545018,0.7227597,0.434848,0.5716882,0.7428662,0.3625976,0.4433043,0.6759887,0.3687828,0.3210658,0.6174614,0.4257736,0.2346964,0.5780371,0.4537974,0.2179011,0.5778143,0.4802361,0.491399,0.7787657,0.455221,0.3845954,0.6966073,0.3604355,0.3319336,0.6158886,0.3366289,0.3356152,0.6130053,0.3589836,0.1556037,0.701213,0.4090514,-0.01086423,0.7031382,0.4785983,-0.2195903,0.7240982,0.4097707,0.1623689,0.7110635,0.3852246,-0.01066512,0.7016917,0.5198371,-0.1846848,0.7377039,0.4158363,0.4646338,0.736474
72057594037973989,0,1.815558,18994.76,0.3920942,0.1545018,0.7227597,0.434848,0.5716882,0.7428662,0.3625976,0.4433043,0.6759887,0.3687828,0.3210658,0.6174614,0.4257736,0.2346964,0.5780371,0.4537974,0.2179011,0.5778143,0.4802361,0.491399,0.7787657,0.455221,0.3845954,0.6966073,0.3604355,0.3319336,0.6158886,0.3366289,0.3356152,0.6130053,0.3589836,0.1556037,0.701213,0.4090514,-0.01086423,0.7031382,0.4785983,-0.2195903,0.7240982,0.4097707,0.1623689,0.7110635,0.3852246,-0.01066512,0.7016917,0.5198371,-0.1846848,0.7377039,0.4158363,0.4646338,0.736474
72057594037973989,0,1.815558,18994.76,0.3920942,0.1545018,0.7227597,0.434848,0.5716882,0.7428662,0.3625976,0.4433043,0.6759887,0.3687828,0.3210658,0.6174614,0.4257736,0.2346964,0.5780371,0.4537974,0.2179011,0.5778143,0.4802361,0.491399,0.7787657,0.455221,0.3845954,0.6966073,0.3604355,0.3319336,0.6158886,0.3366289,0.3356152,0.6130053,0.3589836,0.1556037,0.701213,0.4090514,-0.01086423,0.7031382,0.4785983,-0.2195903,0.7240982,0.4097707,0.1623689,0.7110635,0.3852246,-0.01066512,0.7016917,0.5198371,-0.1846848,0.7377039,0.4158363,0.4646338,0.736474
72057594037973989,0,1.815558,18994.77,0.3920942,0.1545018,0.7227597,0.434848,0.5716882,0.7428662,0.3625976,0.4433043,0.6759887,0.3687828,0.3210658,0.6174614,0.4257736,0.2346964,0.5780371,0.4537974,0.2179011,0.5778143,0.4802361,0.491399,0.7787657,0.455221,0.3845954,0.6966073,0.3604355,0.3319336,0.6158886,0.3366289,0.3356152,0.6130053,0.3589836,0.1556037,0.701213,0.4090514,-0.01086423,0.7031382,0.4785983,-0.2195903,0.7240982,0.4097707,0.1623689,0.7110635,0.3852246,-0.01066512,0.7016917,0.5198371,-0.1846848,0.7377039,0.4158363,0.4646338,0.736474
72057594037973989,0,1.815558,18994.77,0.3920942,0.1545018,0.7227597,0.434848,0.5716882,0.7428662,0.3625976,0.4433043,0.6759887,0.3687828,0.3210658,0.6174614,0.4257736,0.2346964,0.5780371,0.4537974,0.2179011,0.5778143,0.4802361,0.491399,0.7787657,0.455221,0.3845954,0.6966073,0.3604355,0.3319336,0.6158886,0.3366289,0.3356152,0.6130053,0.3589836,0.1556037,0.701213,0.4090514,-0.01086423,0.7031382,0.4785983,-0.2195903,0.7240982,0.4097707,0.1623689,0.7110635,0.3852246,-0.01066512,0.7016917,0.5198371,-0.1846848,0.7377039,0.4158363,0.4646338,0.736474
72057594037973989,0,1.815558,18994.77,0.3920942,0.1545018,0.7227597,0.434848,0.5716882,0.7428662,0.3625976,0.4433043,0.6759887,0.3687828,0.3210658,0.6174614,0.4257736,0.2346964,0.5780371,0.4537974,0.2179011,0.5778143,0.4802361,0.491399,0.7787657,0.455221,0.3845954,0.6966073,0.3604355,0.3319336,0.6158886,0.3366289,0.3356152,0.6130053,0.3589836,0.1556037,0.701213,0.4090514,-0.01086423,0.7031382,0.4785983,-0.2195903,0.7240982,0.4097707,0.1623689,0.7110635,0.3852246,-0.01066512,0.7016917,0.5198371,-0.1846848,0.7377039,0.4158363,0.4646338,0.736474
72057594037973989,0,1.815558,18994.77,0.3920942,0.1545018,0.7227597,0.434848,0.5716882,0.7428662,0.3625976,0.4433043,0.6759887,0.3687828,0.3210658,0.6174614,0.4257736,0.2346964,0.5780371,0.4537974,0.2179011,0.5778143,0.4802361,0.491399,0.7787657,0.455221,0.3845954,0.6966073,0.3604355,0.3319336,0.6158886,0.3366289,0.3356152,0.6130053,0.3589836,0.1556037,0.701213,0.4090514,-0.01086423,0.7031382,0.4785983,-0.2195903,0.7240982,0.4097707,0.1623689,0.7110635,0.3852246,-0.01066512,0.7016917,0.5198371,-0.1846848,0.7377039,0.4158363,0.4646338,0.736474
72057594037973989,0,1.815558,18994.77,0.3920942,0.1545018,0.7227597,0.434848,0.5716882,0.7428662,0.3625976,0.4433043,0.6759887,0.3687828,0.3210658,0.6174614,0.4257736,0.2346964,0.5780371,0.4537974,0.2179011,0.5778143,0.4802361,0.491399,0.7787657,0.455221,0.3845954,0.6966073,0.3604355,0.3319336,0.6158886,0.3366289,0.3356152,0.6130053,0.3589836,0.1556037,0.701213,0.4090514,-0.01086423,0.7031382,0.4785983,-0.2195903,0.7240982,0.4097707,0.1623689,0.7110635,0.3852246,-0.01066512,0.7016917,0.5198371,-0.1846848,0.7377039,0.4158363,0.4646338,0.736474
72057594037973989,0,1.815558,18994.78,0.3920942,0.1545018,0.7227597,0.434848,0.5716882,0.7428662,0.3625976,0.4433043,0.6759887,0.3687828,0.3210658,0.6174614,0.4257736,0.2346964,0.5780371,0.4537974,0.2179011,0.5778143,0.4802361,0.491399,0.7787657,0.455221,0.3845954,0.6966073,0.3604355,0.3319336,0.6158886,0.3366289,0.3356152,0.6130053,0.3589836,0.1556037,0.701213,0.4090514,-0.01086423,0.7031382,0.4785983,-0.2195903,0.7240982,0.4097707,0.1623689,0.7110635,0.3852246,-0.01066512,0.7016917,0.5198371,-0.1846848,0.7377039,0.4158363,0.4646338,0.736474
72057594037973989,0,1.815558,18994.78,0.3920942,0.1545018,0.7227597,0.434848,0.5716882,0.7428662,0.3625976,0.4433043,0.6759887,0.3687828,0.3210658,0.6174614,0.4257736,0.2346964,0.5780371,0.4537974,0.2179011,0.5778143,0.4802361,0.491399,0.7787657,0.455221,0.3845954,0.6966073,0.3604355,0.3319336,0.6158886,0.3366289,0.3356152,0.6130053,0.3589836,0.1556037,0.701213,0.4090514,-0.01086423,0.7031382,0.4785983,-0.2195903,0.7240982,0.4097707,0.1623689,0.7110635,0.3852246,-0.01066512,0.7016917,0.5198371,-0.1846848,0.7377039,0.4158363,0.4646338,0.736474
72057594037973989,0,1.815558,18994.78,0.3920942,0.1545018,0.7227597,0.434848,0.5716882,0.7428662,0.3625976,0.4433043,0.6759887,0.3687828,0.3210658,0.6174614,0.4257736,0.2346964,0.5780371,0.4537974,0.2179011,0.5778143,0.4802361,0.491399,0.7787657,0.455221,0.3845954,0.6966073,0.3604355,0.3319336,0.6158886,0.3366289,0.3356152,0.6130053,0.3589836,0.1556037,0.701213,0.4090514,-0.01086423,0.7031382,0.4785983,-0.2195903,0.7240982,0.4097707,0.1623689,0.7110635,0.3852246,-0.01066512,0.7016917,0.5198371,-0.1846848,0.7377039,0.4158363,0.4646338,0.736474
72057594037973989,0,1.815558,18994.79,0.3920942,0.1545018,0.7227597,0.434848,0.5716882,0.7428662,0.3625976,0.4433043,0.6759887,0.3687828,0.3210658,0.6174614,0.4257736,0.2346964,0.5780371,0.4537974,0.2179011,0.5778143,0.4802361,0.491399,0.7787657,0.455221,0.3845954,0.6966073,0.3604355,0.3319336,0.6158886,0.3366289,0.3356152,0.6130053,0.3589836,0.1556037,0.701213,0.4090514,-0.01086423,0.7031382,0.4785983,-0.2195903,0.7240982,0.4097707,0.1623689,0.7110635,0.3852246,-0.01066512,0.7016917,0.5198371,-0.1846848,0.7377039,0.4158363,0.4646338,0.736474
72057594037973989,0,1.819047,18994.79,0.402187,0.1499917,0.7234551,0.4436777,0.5701711,0.7427766,0.3696591,0.439442,0.6784872,0.3716243,0.3174144,0.6197298,0.4315664,0.2349711,0.5823172,0.4570733,0.2173652,0.5836864,0.486389,0.4898798,0.7793333,0.462327,0.382786,0.6978099,0.3652671,0.3317279,0.6192626,0.3386379,0.3235896,0.6142373,0.3691022,0.1510335,0.7008383,0.4179132,-0.01123613,0.7003276,0.4888656,-0.2229813,0.7190416,0.4193323,0.1580967,0.7130529,0.3968153,-0.01521063,0.6998661,0.5268213,-0.1921383,0.7377685,0.4225319,0.462848,0.7369936
72057594037973989,0,1.819047,18994.79,0.402187,0.1499917,0.7234551,0.4436777,0.5701711,0.7427766,0.3696591,0.439442,0.6784872,0.3716243,0.3174144,0.6197298,0.4315664,0.2349711,0.5823172,0.4570733,0.2173652,0.5836864,0.486389,0.4898798,0.7793333,0.462327,0.382786,0.6978099,0.3652671,0.3317279,0.6192626,0.3386379,0.3235896,0.6142373,0.3691022,0.1510335,0.7008383,0.4179132,-0.01123613,0.7003276,0.4888656,-0.2229813,0.7190416,0.4193323,0.1580967,0.7130529,0.3968153,-0.01521063,0.6998661,0.5268213,-0.1921383,0.7377685,0.4225319,0.462848,0.7369936
72057594037973989,0,1.819047,18994.79,0.402187,0.1499917,0.7234551,0.4436777,0.5701711,0.7427766,0.3696591,0.439442,0.6784872,0.3716243,0.3174144,0.6197298,0.4315664,0.2349711,0.5823172,0.4570733,0.2173652,0.5836864,0.486389,0.4898798,0.7793333,0.462327,0.382786,0.6978099,0.3652671,0.3317279,0.6192626,0.3386379,0.3235896,0.6142373,0.3691022,0.1510335,0.7008383,0.4179132,-0.01123613,0.7003276,0.4888656,-0.2229813,0.7190416,0.4193323,0.1580967,0.7130529,0.3968153,-0.01521063,0.6998661,0.5268213,-0.1921383,0.7377685,0.4225319,0.462848,0.7369936
72057594037973989,0,1.819047,18994.79,0.402187,0.1499917,0.7234551,0.4436777,0.5701711,0.7427766,0.3696591,0.439442,0.6784872,0.3716243,0.3174144,0.6197298,0.4315664,0.2349711,0.5823172,0.4570733,0.2173652,0.5836864,0.486389,0.4898798,0.7793333,0.462327,0.382786,0.6978099,0.3652671,0.3317279,0.6192626,0.3386379,0.3235896,0.6142373,0.3691022,0.1510335,0.7008383,0.4179132,-0.01123613,0.7003276,0.4888656,-0.2229813,0.7190416,0.4193323,0.1580967,0.7130529,0.3968153,-0.01521063,0.6998661,0.5268213,-0.1921383,0.7377685,0.4225319,0.462848,0.7369936
72057594037973989,0,1.819047,18994.8,0.402187,0.1499917,0.7234551,0.4436777,0.5701711,0.7427766,0.3696591,0.439442,0.6784872,0.3716243,0.3174144,0.6197298,0.4315664,0.2349711,0.5823172,0.4570733,0.2173652,0.5836864,0.486389,0.4898798,0.7793333,0.462327,0.382786,0.6978099,0.3652671,0.3317279,0.6192626,0.3386379,0.3235896,0.6142373,0.3691022,0.1510335,0.7008383,0.4179132,-0.01123613,0.7003276,0.4888656,-0.2229813,0.7190416,0.4193323,0.1580967,0.7130529,0.3968153,-0.01521063,0.6998661,0.5268213,-0.1921383,0.7377685,0.4225319,0.462848,0.7369936
72057594037973989,0,1.819047,18994.8,0.402187,0.1499917,0.7234551,0.4436777,0.5701711,0.7427766,0.3696591,0.439442,0.6784872,0.3716243,0.3174144,0.6197298,0.4315664,0.2349711,0.5823172,0.4570733,0.2173652,0.5836864,0.486389,0.4898798,0.7793333,0.462327,0.382786,0.6978099,0.3652671,0.3317279,0.6192626,0.3386379,0.3235896,0.6142373,0.3691022,0.1510335,0.7008383,0.4179132,-0.01123613,0.7003276,0.4888656,-0.2229813,0.7190416,0.4193323,0.1580967,0.7130529,0.3968153,-0.01521063,0.6998661,0.5268213,-0.1921383,0.7377685,0.4225319,0.462848,0.7369936
72057594037973989,0,1.819047,18994.8,0.402187,0.1499917,0.7234551,0.4436777,0.5701711,0.7427766,0.3696591,0.439442,0.6784872,0.3716243,0.3174144,0.6197298,0.4315664,0.2349711,0.5823172,0.4570733,0.2173652,0.5836864,0.486389,0.4898798,0.7793333,0.462327,0.382786,0.6978099,0.3652671,0.3317279,0.6192626,0.3386379,0.3235896,0.6142373,0.3691022,0.1510335,0.7008383,0.4179132,-0.01123613,0.7003276,0.4888656,-0.2229813,0.7190416,0.4193323,0.1580967,0.7130529,0.3968153,-0.01521063,0.6998661,0.5268213,-0.1921383,0.7377685,0.4225319,0.462848,0.7369936
72057594037973989,0,1.819047,18994.8,0.402187,0.1499917,0.7234551,0.4436777,0.5701711,0.7427766,0.3696591,0.439442,0.6784872,0.3716243,0.3174144,0.6197298,0.4315664,0.2349711,0.5823172,0.4570733,0.2173652,0.5836864,0.486389,0.4898798,0.7793333,0.462327,0.382786,0.6978099,0.3652671,0.3317279,0.6192626,0.3386379,0.3235896,0.6142373,0.3691022,0.1510335,0.7008383,0.4179132,-0.01123613,0.7003276,0.4888656,-0.2229813,0.7190416,0.4193323,0.1580967,0.7130529,0.3968153,-0.01521063,0.6998661,0.5268213,-0.1921383,0.7377685,0.4225319,0.462848,0.7369936
72057594037973989,0,1.819047,18994.81,0.402187,0.1499917,0.7234551,0.4436777,0.5701711,0.7427766,0.3696591,0.439442,0.6784872,0.3716243,0.3174144,0.6197298,0.4315664,0.2349711,0.5823172,0.4570733,0.2173652,0.5836864,0.486389,0.4898798,0.7793333,0.462327,0.382786,0.6978099,0.3652671,0.3317279,0.6192626,0.3386379,0.3235896,0.6142373,0.3691022,0.1510335,0.7008383,0.4179132,-0.01123613,0.7003276,0.4888656,-0.2229813,0.7190416,0.4193323,0.1580967,0.7130529,0.3968153,-0.01521063,0.6998661,0.5268213,-0.1921383,0.7377685,0.4225319,0.462848,0.7369936
72057594037973989,0,1.819047,18994.81,0.402187,0.1499917,0.7234551,0.4436777,0.5701711,0.7427766,0.3696591,0.439442,0.6784872,0.3716243,0.3174144,0.6197298,0.4315664,0.2349711,0.5823172,0.4570733,0.2173652,0.5836864,0.486389,0.4898798,0.7793333,0.462327,0.382786,0.6978099,0.3652671,0.3317279,0.6192626,0.3386379,0.3235896,0.6142373,0.3691022,0.1510335,0.7008383,0.4179132,-0.01123613,0.7003276,0.4888656,-0.2229813,0.7190416,0.4193323,0.1580967,0.7130529,0.3968153,-0.01521063,0.6998661,0.5268213,-0.1921383,0.7377685,0.4225319,0.462848,0.7369936
72057594037973989,0,1.819047,18994.81,0.402187,0.1499917,0.7234551,0.4436777,0.5701711,0.7427766,0.3696591,0.439442,0.6784872,0.3716243,0.3174144,0.6197298,0.4315664,0.2349711,0.5823172,0.4570733,0.2173652,0.5836864,0.486389,0.4898798,0.7793333,0.462327,0.382786,0.6978099,0.3652671,0.3317279,0.6192626,0.3386379,0.3235896,0.6142373,0.3691022,0.1510335,0.7008383,0.4179132,-0.01123613,0.7003276,0.4888656,-0.2229813,0.7190416,0.4193323,0.1580967,0.7130529,0.3968153,-0.01521063,0.6998661,0.5268213,-0.1921383,0.7377685,0.4225319,0.462848,0.7369936
72057594037973989,0,1.819047,18994.81,0.402187,0.1499917,0.7234551,0.4436777,0.5701711,0.7427766,0.3696591,0.439442,0.6784872,0.3716243,0.3174144,0.6197298,0.4315664,0.2349711,0.5823172,0.4570733,0.2173652,0.5836864,0.486389,0.4898798,0.7793333,0.462327,0.382786,0.6978099,0.3652671,0.3317279,0.6192626,0.3386379,0.3235896,0.6142373,0.3691022,0.1510335,0.7008383,0.4179132,-0.01123613,0.7003276,0.4888656,-0.2229813,0.7190416,0.4193323,0.1580967,0.7130529,0.3968153,-0.01521063,0.6998661,0.5268213,-0.1921383,0.7377685,0.4225319,0.462848,0.7369936
72057594037973989,0,1.819047,18994.81,0.402187,0.1499917,0.7234551,0.4436777,0.5701711,0.7427766,0.3696591,0.439442,0.6784872,0.3716243,0.3174144,0.6197298,0.4315664,0.2349711,0.5823172,0.4570733,0.2173652,0.5836864,0.486389,0.4898798,0.7793333,0.462327,0.382786,0.6978099,0.3652671,0.3317279,0.6192626,0.3386379,0.3235896,0.6142373,0.3691022,0.1510335,0.7008383,0.4179132,-0.01123613,0.7003276,0.4888656,-0.2229813,0.7190416,0.4193323,0.1580967,0.7130529,0.3968153,-0.01521063,0.6998661,0.5268213,-0.1921383,0.7377685,0.4225319,0.462848,0.7369936
72057594037973989,0,1.819047,18994.82,0.402187,0.1499917,0.7234551,0.4436777,0.5701711,0.7427766,0.3696591,0.439442,0.6784872,0.3716243,0.3174144,0.6197298,0.4315664,0.2349711,0.5823172,0.4570733,0.2173652,0.5836864,0.486389,0.4898798,0.7793333,0.462327,0.382786,0.6978099,0.3652671,0.3317279,0.6192626,0.3386379,0.3235896,0.6142373,0.3691022,0.1510335,0.7008383,0.4179132,-0.01123613,0.7003276,0.4888656,-0.2229813,0.7190416,0.4193323,0.1580967,0.7130529,0.3968153,-0.01521063,0.6998661,0.5268213,-0.1921383,0.7377685,0.4225319,0.462848,0.7369936
72057594037973989,0,1.822016,18994.82,0.4101669,0.1477236,0.7232255,0.4524891,0.5674058,0.7425511,0.3758269,0.4324705,0.6818061,0.3778738,0.3095051,0.6260297,0.4337326,0.2372842,0.5874931,0.4582389,0.2181408,0.5896047,0.4933789,0.4863306,0.7804945,0.4701336,0.378498,0.7001675,0.371847,0.3268762,0.6239142,0.3409625,0.3154251,0.6215325,0.3743959,0.1500278,0.700292,0.4266447,-0.01143372,0.6956056,0.5020562,-0.2221615,0.708912,0.4301722,0.1542578,0.7135177,0.3981998,-0.01826841,0.692139,0.5383108,-0.1887949,0.7236418,0.4297359,0.4594353,0.7379337
72057594037973989,0,1.822016,18994.83,0.4101669,0.1477236,0.7232255,0.4524891,0.5674058,0.7425511,0.3758269,0.4324705,0.6818061,0.3778738,0.3095051,0.6260297,0.4337326,0.2372842,0.5874931,0.4582389,0.2181408,0.5896047,0.4933789,0.4863306,0.7804945,0.4701336,0.378498,0.7001675,0.371847,0.3268762,0.6239142,0.3409625,0.3154251,0.6215325,0.3743959,0.1500278,0.700292,0.4266447,-0.01143372,0.6956056,0.5020562,-0.2221615,0.708912,0.4301722,0.1542578,0.7135177,0.3981998,-0.01826841,0.692139,0.5383108,-0.1887949,0.7236418,0.4297359,0.4594353,0.7379337
72057594037973989,0,1.822016,18994.83,0.4101669,0.1477236,0.7232255,0.4524891,0.5674058,0.7425511,0.3758269,0.4324705,0.6818061,0.3778738,0.3095051,0.6260297,0.4337326,0.2372842,0.5874931,0.4582389,0.2181408,0.5896047,0.4933789,0.4863306,0.7804945,0.4701336,0.378498,0.7001675,0.371847,0.3268762,0.6239142,0.3409625,0.3154251,0.6215325,0.3743959,0.1500278,0.700292,0.4266447,-0.01143372,0.6956056,0.5020562,-0.2221615,0.708912,0.4301722,0.1542578,0.7135177,0.3981998,-0.01826841,0.692139,0.5383108,-0.1887949,0.7236418,0.4297359,0.4594353,0.7379337
72057594037973989,0,1.822016,18994.83,0.4101669,0.1477236,0.7232255,0.4524891,0.5674058,0.7425511,0.3758269,0.4324705,0.6818061,0.3778738,0.3095051,0.6260297,0.4337326,0.2372842,0.5874931,0.4582389,0.2181408,0.5896047,0.4933789,0.4863306,0.7804945,0.4701336,0.378498,0.7001675,0.371847,0.3268762,0.6239142,0.3409625,0.3154251,0.6215325,0.3743959,0.1500278,0.700292,0.4266447,-0.01143372,0.6956056,0.5020562,-0.2221615,0.708912,0.4301722,0.1542578,0.7135177,0.3981998,-0.01826841,0.692139,0.5383108,-0.1887949,0.7236418,0.4297359,0.4594353,0.7379337
72057594037973989,0,1.822016,18994.83,0.4101669,0.1477236,0.7232255,0.4524891,0.5674058,0.7425511,0.3758269,0.4324705,0.6818061,0.3778738,0.3095051,0.6260297,0.4337326,0.2372842,0.5874931,0.4582389,0.2181408,0.5896047,0.4933789,0.4863306,0.7804945,0.4701336,0.378498,0.7001675,0.371847,0.3268762,0.6239142,0.3409625,0.3154251,0.6215325,0.3743959,0.1500278,0.700292,0.4266447,-0.01143372,0.6956056,0.5020562,-0.2221615,0.708912,0.4301722,0.1542578,0.7135177,0.3981998,-0.01826841,0.692139,0.5383108,-0.1887949,0.7236418,0.4297359,0.4594353,0.7379337
72057594037973989,0,1.822016,18994.84,0.4101669,0.1477236,0.7232255,0.4524891,0.5674058,0.7425511,0.3758269,0.4324705,0.6818061,0.3778738,0.3095051,0.6260297,0.4337326,0.2372842,0.5874931,0.4582389,0.2181408,0.5896047,0.4933789,0.4863306,0.7804945,0.4701336,0.378498,0.7001675,0.371847,0.3268762,0.6239142,0.3409625,0.3154251,0.6215325,0.3743959,0.1500278,0.700292,0.4266447,-0.01143372,0.6956056,0.5020562,-0.2221615,0.708912,0.4301722,0.1542578,0.7135177,0.3981998,-0.01826841,0.692139,0.5383108,-0.1887949,0.7236418,0.4297359,0.4594353,0.7379337
72057594037973989,0,1.822016,18994.84,0.4101669,0.1477236,0.7232255,0.4524891,0.5674058,0.7425511,0.3758269,0.4324705,0.6818061,0.3778738,0.3095051,0.6260297,0.4337326,0.2372842,0.5874931,0.4582389,0.2181408,0.5896047,0.4933789,0.4863306,0.7804945,0.4701336,0.378498,0.7001675,0.371847,0.3268762,0.6239142,0.3409625,0.3154251,0.6215325,0.3743959,0.1500278,0.700292,0.4266447,-0.01143372,0.6956056,0.5020562,-0.2221615,0.708912,0.4301722,0.1542578,0.7135177,0.3981998,-0.01826841,0.692139,0.5383108,-0.1887949,0.7236418,0.4297359,0.4594353,0.7379337
72057594037973989,0,1.822016,18994.84,0.4101669,0.1477236,0.7232255,0.4524891,0.5674058,0.7425511,0.3758269,0.4324705,0.6818061,0.3778738,0.3095051,0.6260297,0.4337326,0.2372842,0.5874931,0.4582389,0.2181408,0.5896047,0.4933789,0.4863306,0.7804945,0.4701336,0.378498,0.7001675,0.371847,0.3268762,0.6239142,0.3409625,0.3154251,0.6215325,0.3743959,0.1500278,0.700292,0.4266447,-0.01143372,0.6956056,0.5020562,-0.2221615,0.708912,0.4301722,0.1542578,0.7135177,0.3981998,-0.01826841,0.692139,0.5383108,-0.1887949,0.7236418,0.4297359,0.4594353,0.7379337
72057594037973989,0,1.822016,18994.84,0.4101669,0.1477236,0.7232255,0.4524891,0.5674058,0.7425511,0.3758269,0.4324705,0.6818061,0.3778738,0.3095051,0.6260297,0.4337326,0.2372842,0.5874931,0.4582389,0.2181408,0.5896047,0.4933789,0.4863306,0.7804945,0.4701336,0.378498,0.7001675,0.371847,0.3268762,0.6239142,0.3409625,0.3154251,0.6215325,0.3743959,0.1500278,0.700292,0.4266447,-0.01143372,0.6956056,0.5020562,-0.2221615,0.708912,0.4301722,0.1542578,0.7135177,0.3981998,-0.01826841,0.692139,0.5383108,-0.1887949,0.7236418,0.4297359,0.4594353,0.7379337
72057594037973989,0,1.822016,18994.85,0.4101669,0.1477236,0.7232255,0.4524891,0.5674058,0.7425511,0.3758269,0.4324705,0.6818061,0.3778738,0.3095051,0.6260297,0.4337326,0.2372842,0.5874931,0.4582389,0.2181408,0.5896047,0.4933789,0.4863306,0.7804945,0.4701336,0.378498,0.7001675,0.371847,0.3268762,0.6239142,0.3409625,0.3154251,0.6215325,0.3743959,0.1500278,0.700292,0.4266447,-0.01143372,0.6956056,0.5020562,-0.2221615,0.708912,0.4301722,0.1542578,0.7135177,0.3981998,-0.01826841,0.692139,0.5383108,-0.1887949,0.7236418,0.4297359,0.4594353,0.7379337
72057594037973989,0,1.822016,18994.85,0.4101669,0.1477236,0.7232255,0.4524891,0.5674058,0.7425511,0.3758269,0.4324705,0.6818061,0.3778738,0.3095051,0.6260297,0.4337326,0.2372842,0.5874931,0.4582389,0.2181408,0.5896047,0.4933789,0.4863306,0.7804945,0.4701336,0.378498,0.7001675,0.371847,0.3268762,0.6239142,0.3409625,0.3154251,0.6215325,0.3743959,0.1500278,0.700292,0.4266447,-0.01143372,0.6956056,0.5020562,-0.2221615,0.708912,0.4301722,0.1542578,0.7135177,0.3981998,-0.01826841,0.692139,0.5383108,-0.1887949,0.7236418,0.4297359,0.4594353,0.7379337
72057594037973989,0,1.822016,18994.85,0.4101669,0.1477236,0.7232255,0.4524891,0.5674058,0.7425511,0.3758269,0.4324705,0.6818061,0.3778738,0.3095051,0.6260297,0.4337326,0.2372842,0.5874931,0.4582389,0.2181408,0.5896047,0.4933789,0.4863306,0.7804945,0.4701336,0.378498,0.7001675,0.371847,0.3268762,0.6239142,0.3409625,0.3154251,0.6215325,0.3743959,0.1500278,0.700292,0.4266447,-0.01143372,0.6956056,0.5020562,-0.2221615,0.708912,0.4301722,0.1542578,0.7135177,0.3981998,-0.01826841,0.692139,0.5383108,-0.1887949,0.7236418,0.4297359,0.4594353,0.7379337
72057594037973989,0,1.822016,18994.85,0.4101669,0.1477236,0.7232255,0.4524891,0.5674058,0.7425511,0.3758269,0.4324705,0.6818061,0.3778738,0.3095051,0.6260297,0.4337326,0.2372842,0.5874931,0.4582389,0.2181408,0.5896047,0.4933789,0.4863306,0.7804945,0.4701336,0.378498,0.7001675,0.371847,0.3268762,0.6239142,0.3409625,0.3154251,0.6215325,0.3743959,0.1500278,0.700292,0.4266447,-0.01143372,0.6956056,0.5020562,-0.2221615,0.708912,0.4301722,0.1542578,0.7135177,0.3981998,-0.01826841,0.692139,0.5383108,-0.1887949,0.7236418,0.4297359,0.4594353,0.7379337
72057594037973989,0,1.824982,18994.85,0.4173714,0.1453357,0.7228823,0.4612398,0.5653495,0.7414107,0.3791259,0.4274493,0.6864873,0.3806755,0.3044726,0.6309131,0.4384642,0.2357639,0.5912347,0.4606,0.217042,0.5932845,0.5008795,0.4823698,0.7822112,0.4757603,0.3750995,0.70171,0.4126242,0.2863277,0.6232023,0.3986417,0.2660103,0.6110155,0.3791052,0.1486448,0.6995335,0.4286404,-0.01460904,0.6815482,0.5005,-0.2273337,0.6776467,0.4396319,0.1509385,0.7138946,0.4103046,-0.02119443,0.6787434,0.5454104,-0.1952018,0.7104214,0.4372554,0.4556616,0.7393371
72057594037973989,0,1.824982,18994.86,0.4173714,0.1453357,0.7228823,0.4612398,0.5653495,0.7414107,0.3791259,0.4274493,0.6864873,0.3806755,0.3044726,0.6309131,0.4384642,0.2357639,0.5912347,0.4606,0.217042,0.5932845,0.5008795,0.4823698,0.7822112,0.4757603,0.3750995,0.70171,0.4126242,0.2863277,0.6232023,0.3986417,0.2660103,0.6110155,0.3791052,0.1486448,0.6995335,0.4286404,-0.01460904,0.6815482,0.5005,-0.2273337,0.6776467,0.4396319,0.1509385,0.7138946,0.4103046,-0.02119443,0.6787434,0.5454104,-0.1952018,0.7104214,0.4372554,0.4556616,0.7393371
72057594037973989,0,1.824982,18994.86,0.4173714,0.1453357,0.7228823,0.4612398,0.5653495,0.7414107,0.3791259,0.4274493,0.6864873,0.3806755,0.3044726,0.6309131,0.4384642,0.2357639,0.5912347,0.4606,0.217042,0.5932845,0.5008795,0.4823698,0.7822112,0.4757603,0.3750995,0.70171,0.4126242,0.2863277,0.6232023,0.3986417,0.2660103,0.6110155,0.3791052,0.1486448,0.6995335,0.4286404,-0.01460904,0.6815482,0.5005,-0.2273337,0.6776467,0.4396319,0.1509385,0.7138946,0.4103046,-0.02119443,0.6787434,0.5454104,-0.1952018,0.7104214,0.4372554,0.4556616,0.7393371
72057594037973989,0,1.824982,18994.86,0.4173714,0.1453357,0.7228823,0.4612398,0.5653495,0.7414107,0.3791259,0.4274493,0.6864873,0.3806755,0.3044726,0.6309131,0.4384642,0.2357639,0.5912347,0.4606,0.217042,0.5932845,0.5008795,0.4823698,0.7822112,0.4757603,0.3750995,0.70171,0.4126242,0.2863277,0.6232023,0.3986417,0.2660103,0.6110155,0.3791052,0.1486448,0.6995335,0.4286404,-0.01460904,0.6815482,0.5005,-0.2273337,0.6776467,0.4396319,0.1509385,0.7138946,0.4103046,-0.02119443,0.6787434,0.5454104,-0.1952018,0.7104214,0.4372554,0.4556616,0.7393371
72057594037973989,0,1.824982,18994.87,0.4173714,0.1453357,0.7228823,0.4612398,0.5653495,0.7414107,0.3791259,0.4274493,0.6864873,0.3806755,0.3044726,0.6309131,0.4384642,0.2357639,0.5912347,0.4606,0.217042,0.5932845,0.5008795,0.4823698,0.7822112,0.4757603,0.3750995,0.70171,0.4126242,0.2863277,0.6232023,0.3986417,0.2660103,0.6110155,0.3791052,0.1486448,0.6995335,0.4286404,-0.01460904,0.6815482,0.5005,-0.2273337,0.6776467,0.4396319,0.1509385,0.7138946,0.4103046,-0.02119443,0.6787434,0.5454104,-0.1952018,0.7104214,0.4372554,0.4556616,0.7393371
72057594037973989,0,1.824982,18994.87,0.4173714,0.1453357,0.7228823,0.4612398,0.5653495,0.7414107,0.3791259,0.4274493,0.6864873,0.3806755,0.3044726,0.6309131,0.4384642,0.2357639,0.5912347,0.4606,0.217042,0.5932845,0.5008795,0.4823698,0.7822112,0.4757603,0.3750995,0.70171,0.4126242,0.2863277,0.6232023,0.3986417,0.2660103,0.6110155,0.3791052,0.1486448,0.6995335,0.4286404,-0.01460904,0.6815482,0.5005,-0.2273337,0.6776467,0.4396319,0.1509385,0.7138946,0.4103046,-0.02119443,0.6787434,0.5454104,-0.1952018,0.7104214,0.4372554,0.4556616,0.7393371
72057594037973989,0,1.824982,18994.87,0.4173714,0.1453357,0.7228823,0.4612398,0.5653495,0.7414107,0.3791259,0.4274493,0.6864873,0.3806755,0.3044726,0.6309131,0.4384642,0.2357639,0.5912347,0.4606,0.217042,0.5932845,0.5008795,0.4823698,0.7822112,0.4757603,0.3750995,0.70171,0.4126242,0.2863277,0.6232023,0.3986417,0.2660103,0.6110155,0.3791052,0.1486448,0.6995335,0.4286404,-0.01460904,0.6815482,0.5005,-0.2273337,0.6776467,0.4396319,0.1509385,0.7138946,0.4103046,-0.02119443,0.6787434,0.5454104,-0.1952018,0.7104214,0.4372554,0.4556616,0.7393371
72057594037973989,0,1.824982,18994.87,0.4173714,0.1453357,0.7228823,0.4612398,0.5653495,0.7414107,0.3791259,0.4274493,0.6864873,0.3806755,0.3044726,0.6309131,0.4384642,0.2357639,0.5912347,0.4606,0.217042,0.5932845,0.5008795,0.4823698,0.7822112,0.4757603,0.3750995,0.70171,0.4126242,0.2863277,0.6232023,0.3986417,0.2660103,0.6110155,0.3791052,0.1486448,0.6995335,0.4286404,-0.01460904,0.6815482,0.5005,-0.2273337,0.6776467,0.4396319,0.1509385,0.7138946,0.4103046,-0.02119443,0.6787434,0.5454104,-0.1952018,0.7104214,0.4372554,0.4556616,0.7393371
72057594037973989,0,1.824982,18994.88,0.4173714,0.1453357,0.7228823,0.4612398,0.5653495,0.7414107,0.3791259,0.4274493,0.6864873,0.3806755,0.3044726,0.6309131,0.4384642,0.2357639,0.5912347,0.4606,0.217042,0.5932845,0.5008795,0.4823698,0.7822112,0.4757603,0.3750995,0.70171,0.4126242,0.2863277,0.6232023,0.3986417,0.2660103,0.6110155,0.3791052,0.1486448,0.6995335,0.4286404,-0.01460904,0.6815482,0.5005,-0.2273337,0.6776467,0.4396319,0.1509385,0.7138946,0.4103046,-0.02119443,0.6787434,0.5454104,-0.1952018,0.7104214,0.4372554,0.4556616,0.7393371
72057594037973989,0,1.824982,18994.88,0.4173714,0.1453357,0.7228823,0.4612398,0.5653495,0.7414107,0.3791259,0.4274493,0.6864873,0.3806755,0.3044726,0.6309131,0.4384642,0.2357639,0.5912347,0.4606,0.217042,0.5932845,0.5008795,0.4823698,0.7822112,0.4757603,0.3750995,0.70171,0.4126242,0.2863277,0.6232023,0.3986417,0.2660103,0.6110155,0.3791052,0.1486448,0.6995335,0.4286404,-0.01460904,0.6815482,0.5005,-0.2273337,0.6776467,0.4396319,0.1509385,0.7138946,0.4103046,-0.02119443,0.6787434,0.5454104,-0.1952018,0.7104214,0.4372554,0.4556616,0.7393371
72057594037973989,0,1.824982,18994.88,0.4173714,0.1453357,0.7228823,0.4612398,0.5653495,0.7414107,0.3791259,0.4274493,0.6864873,0.3806755,0.3044726,0.6309131,0.4384642,0.2357639,0.5912347,0.4606,0.217042,0.5932845,0.5008795,0.4823698,0.7822112,0.4757603,0.3750995,0.70171,0.4126242,0.2863277,0.6232023,0.3986417,0.2660103,0.6110155,0.3791052,0.1486448,0.6995335,0.4286404,-0.01460904,0.6815482,0.5005,-0.2273337,0.6776467,0.4396319,0.1509385,0.7138946,0.4103046,-0.02119443,0.6787434,0.5454104,-0.1952018,0.7104214,0.4372554,0.4556616,0.7393371
72057594037973989,0,1.824982,18994.88,0.4173714,0.1453357,0.7228823,0.4612398,0.5653495,0.7414107,0.3791259,0.4274493,0.6864873,0.3806755,0.3044726,0.6309131,0.4384642,0.2357639,0.5912347,0.4606,0.217042,0.5932845,0.5008795,0.4823698,0.7822112,0.4757603,0.3750995,0.70171,0.4126242,0.2863277,0.6232023,0.3986417,0.2660103,0.6110155,0.3791052,0.1486448,0.6995335,0.4286404,-0.01460904,0.6815482,0.5005,-0.2273337,0.6776467,0.4396319,0.1509385,0.7138946,0.4103046,-0.02119443,0.6787434,0.5454104,-0.1952018,0.7104214,0.4372554,0.4556616,0.7393371
72057594037973989,0,1.824982,18994.88,0.4173714,0.1453357,0.7228823,0.4612398,0.5653495,0.7414107,0.3791259,0.4274493,0.6864873,0.3806755,0.3044726,0.6309131,0.4384642,0.2357639,0.5912347,0.4606,0.217042,0.5932845,0.5008795,0.4823698,0.7822112,0.4757603,0.3750995,0.70171,0.4126242,0.2863277,0.6232023,0.3986417,0.2660103,0.6110155,0.3791052,0.1486448,0.6995335,0.4286404,-0.01460904,0.6815482,0.5005,-0.2273337,0.6776467,0.4396319,0.1509385,0.7138946,0.4103046,-0.02119443,0.6787434,0.5454104,-0.1952018,0.7104214,0.4372554,0.4556616,0.7393371
72057594037973989,0,1.824982,18994.89,0.4173714,0.1453357,0.7228823,0.4612398,0.5653495,0.7414107,0.3791259,0.4274493,0.6864873,0.3806755,0.3044726,0.6309131,0.4384642,0.2357639,0.5912347,0.4606,0.217042,0.5932845,0.5008795,0.4823698,0.7822112,0.4757603,0.3750995,0.70171,0.4126242,0.2863277,0.6232023,0.3986417,0.2660103,0.6110155,0.3791052,0.1486448,0.6995335,0.4286404,-0.01460904,0.6815482,0.5005,-0.2273337,0.6776467,0.4396319,0.1509385,0.7138946,0.4103046,-0.02119443,0.6787434,0.5454104,-0.1952018,0.7104214,0.4372554,0.4556616,0.7393371
72057594037973989,0,1.826463,18994.89,0.4222522,0.144709,0.7228134,0.4686132,0.5643878,0.7395009,0.3822902,0.4265094,0.6911127,0.3837262,0.3021858,0.6398374,0.4523593,0.2242808,0.5950177,0.4635196,0.2105045,0.5948604,0.507923,0.4796639,0.7835094,0.4820056,0.3723536,0.7037538,0.4165291,0.2851885,0.6257274,0.4026601,0.2596951,0.6168023,0.3829364,0.1483527,0.6998317,0.4307913,-0.01518065,0.6674073,0.5004656,-0.2282043,0.6448608,0.4451383,0.1500769,0.7133683,0.4064648,-0.01947322,0.6670952,0.5402107,-0.1960954,0.6910816,0.4440635,0.4532287,0.74041
72057594037973989,0,1.826463,18994.89,0.4222522,0.144709,0.7228134,0.4686132,0.5643878,0.7395009,0.3822902,0.4265094,0.6911127,0.3837262,0.3021858,0.6398374,0.4523593,0.2242808,0.5950177,0.4635196,0.2105045,0.5948604,0.507923,0.4796639,0.7835094,0.4820056,0.3723536,0.7037538,0.4165291,0.2851885,0.6257274,0.4026601,0.2596951,0.6168023,0.3829364,0.1483527,0.6998317,0.4307913,-0.01518065,0.6674073,0.5004656,-0.2282043,0.6448608,0.4451383,0.1500769,0.7133683,0.4064648,-0.01947322,0.6670952,0.5402107,-0.1960954,0.6910816,0.4440635,0.4532287,0.74041
72057594037973989,0,1.826463,18994.89,0.4222522,0.144709,0.7228134,0.4686132,0.5643878,0.7395009,0.3822902,0.4265094,0.6911127,0.3837262,0.3021858,0.6398374,0.4523593,0.2242808,0.5950177,0.4635196,0.2105045,0.5948604,0.507923,0.4796639,0.7835094,0.4820056,0.3723536,0.7037538,0.4165291,0.2851885,0.6257274,0.4026601,0.2596951,0.6168023,0.3829364,0.1483527,0.6998317,0.4307913,-0.01518065,0.6674073,0.5004656,-0.2282043,0.6448608,0.4451383,0.1500769,0.7133683,0.4064648,-0.01947322,0.6670952,0.5402107,-0.1960954,0.6910816,0.4440635,0.4532287,0.74041
72057594037973989,0,1.826463,18994.9,0.4222522,0.144709,0.7228134,0.4686132,0.5643878,0.7395009,0.3822902,0.4265094,0.6911127,0.3837262,0.3021858,0.6398374,0.4523593,0.2242808,0.5950177,0.4635196,0.2105045,0.5948604,0.507923,0.4796639,0.7835094,0.4820056,0.3723536,0.7037538,0.4165291,0.2851885,0.6257274,0.4026601,0.2596951,0.6168023,0.3829364,0.1483527,0.6998317,0.4307913,-0.01518065,0.6674073,0.5004656,-0.2282043,0.6448608,0.4451383,0.1500769,0.7133683,0.4064648,-0.01947322,0.6670952,0.5402107,-0.1960954,0.6910816,0.4440635,0.4532287,0.74041
72057594037973989,0,1.826463,18994.9,0.4222522,0.144709,0.7228134,0.4686132,0.5643878,0.7395009,0.3822902,0.4265094,0.6911127,0.3837262,0.3021858,0.6398374,0.4523593,0.2242808,0.5950177,0.4635196,0.2105045,0.5948604,0.507923,0.4796639,0.7835094,0.4820056,0.3723536,0.7037538,0.4165291,0.2851885,0.6257274,0.4026601,0.2596951,0.6168023,0.3829364,0.1483527,0.6998317,0.4307913,-0.01518065,0.6674073,0.5004656,-0.2282043,0.6448608,0.4451383,0.1500769,0.7133683,0.4064648,-0.01947322,0.6670952,0.5402107,-0.1960954,0.6910816,0.4440635,0.4532287,0.74041
72057594037973989,0,1.826463,18994.9,0.4222522,0.144709,0.7228134,0.4686132,0.5643878,0.7395009,0.3822902,0.4265094,0.6911127,0.3837262,0.3021858,0.6398374,0.4523593,0.2242808,0.5950177,0.4635196,0.2105045,0.5948604,0.507923,0.4796639,0.7835094,0.4820056,0.3723536,0.7037538,0.4165291,0.2851885,0.6257274,0.4026601,0.2596951,0.6168023,0.3829364,0.1483527,0.6998317,0.4307913,-0.01518065,0.6674073,0.5004656,-0.2282043,0.6448608,0.4451383,0.1500769,0.7133683,0.4064648,-0.01947322,0.6670952,0.5402107,-0.1960954,0.6910816,0.4440635,0.4532287,0.74041
72057594037973989,0,1.826463,18994.9,0.4222522,0.144709,0.7228134,0.4686132,0.5643878,0.7395009,0.3822902,0.4265094,0.6911127,0.3837262,0.3021858,0.6398374,0.4523593,0.2242808,0.5950177,0.4635196,0.2105045,0.5948604,0.507923,0.4796639,0.7835094,0.4820056,0.3723536,0.7037538,0.4165291,0.2851885,0.6257274,0.4026601,0.2596951,0.6168023,0.3829364,0.1483527,0.6998317,0.4307913,-0.01518065,0.6674073,0.5004656,-0.2282043,0.6448608,0.4451383,0.1500769,0.7133683,0.4064648,-0.01947322,0.6670952,0.5402107,-0.1960954,0.6910816,0.4440635,0.4532287,0.74041
72057594037973989,0,1.826463,18994.91,0.4222522,0.144709,0.7228134,0.4686132,0.5643878,0.7395009,0.3822902,0.4265094,0.6911127,0.3837262,0.3021858,0.6398374,0.4523593,0.2242808,0.5950177,0.4635196,0.2105045,0.5948604,0.507923,0.4796639,0.7835094,0.4820056,0.3723536,0.7037538,0.4165291,0.2851885,0.6257274,0.4026601,0.2596951,0.6168023,0.3829364,0.1483527,0.6998317,0.4307913,-0.01518065,0.6674073,0.5004656,-0.2282043,0.6448608,0.4451383,0.1500769,0.7133683,0.4064648,-0.01947322,0.6670952,0.5402107,-0.1960954,0.6910816,0.4440635,0.4532287,0.74041
72057594037973989,0,1.826463,18994.91,0.4222522,0.144709,0.7228134,0.4686132,0.5643878,0.7395009,0.3822902,0.4265094,0.6911127,0.3837262,0.3021858,0.6398374,0.4523593,0.2242808,0.5950177,0.4635196,0.2105045,0.5948604,0.507923,0.4796639,0.7835094,0.4820056,0.3723536,0.7037538,0.4165291,0.2851885,0.6257274,0.4026601,0.2596951,0.6168023,0.3829364,0.1483527,0.6998317,0.4307913,-0.01518065,0.6674073,0.5004656,-0.2282043,0.6448608,0.4451383,0.1500769,0.7133683,0.4064648,-0.01947322,0.6670952,0.5402107,-0.1960954,0.6910816,0.4440635,0.4532287,0.74041
72057594037973989,0,1.826463,18994.91,0.4222522,0.144709,0.7228134,0.4686132,0.5643878,0.7395009,0.3822902,0.4265094,0.6911127,0.3837262,0.3021858,0.6398374,0.4523593,0.2242808,0.5950177,0.4635196,0.2105045,0.5948604,0.507923,0.4796639,0.7835094,0.4820056,0.3723536,0.7037538,0.4165291,0.2851885,0.6257274,0.4026601,0.2596951,0.6168023,0.3829364,0.1483527,0.6998317,0.4307913,-0.01518065,0.6674073,0.5004656,-0.2282043,0.6448608,0.4451383,0.1500769,0.7133683,0.4064648,-0.01947322,0.6670952,0.5402107,-0.1960954,0.6910816,0.4440635,0.4532287,0.74041
72057594037973989,0,1.826463,18994.91,0.4222522,0.144709,0.7228134,0.4686132,0.5643878,0.7395009,0.3822902,0.4265094,0.6911127,0.3837262,0.3021858,0.6398374,0.4523593,0.2242808,0.5950177,0.4635196,0.2105045,0.5948604,0.507923,0.4796639,0.7835094,0.4820056,0.3723536,0.7037538,0.4165291,0.2851885,0.6257274,0.4026601,0.2596951,0.6168023,0.3829364,0.1483527,0.6998317,0.4307913,-0.01518065,0.6674073,0.5004656,-0.2282043,0.6448608,0.4451383,0.1500769,0.7133683,0.4064648,-0.01947322,0.6670952,0.5402107,-0.1960954,0.6910816,0.4440635,0.4532287,0.74041
72057594037973989,0,1.826463,18994.92,0.4222522,0.144709,0.7228134,0.4686132,0.5643878,0.7395009,0.3822902,0.4265094,0.6911127,0.3837262,0.3021858,0.6398374,0.4523593,0.2242808,0.5950177,0.4635196,0.2105045,0.5948604,0.507923,0.4796639,0.7835094,0.4820056,0.3723536,0.7037538,0.4165291,0.2851885,0.6257274,0.4026601,0.2596951,0.6168023,0.3829364,0.1483527,0.6998317,0.4307913,-0.01518065,0.6674073,0.5004656,-0.2282043,0.6448608,0.4451383,0.1500769,0.7133683,0.4064648,-0.01947322,0.6670952,0.5402107,-0.1960954,0.6910816,0.4440635,0.4532287,0.74041
72057594037973989,0,1.826463,18994.92,0.4222522,0.144709,0.7228134,0.4686132,0.5643878,0.7395009,0.3822902,0.4265094,0.6911127,0.3837262,0.3021858,0.6398374,0.4523593,0.2242808,0.5950177,0.4635196,0.2105045,0.5948604,0.507923,0.4796639,0.7835094,0.4820056,0.3723536,0.7037538,0.4165291,0.2851885,0.6257274,0.4026601,0.2596951,0.6168023,0.3829364,0.1483527,0.6998317,0.4307913,-0.01518065,0.6674073,0.5004656,-0.2282043,0.6448608,0.4451383,0.1500769,0.7133683,0.4064648,-0.01947322,0.6670952,0.5402107,-0.1960954,0.6910816,0.4440635,0.4532287,0.74041
72057594037973989,0,1.827482,18994.92,0.4241936,0.1449366,0.7220858,0.4742123,0.5651174,0.7377469,0.3843099,0.4272806,0.694762,0.3801501,0.300584,0.6506563,0.4399882,0.2242237,0.6003271,0.4532986,0.2106259,0.6015668,0.5103677,0.4795124,0.7833102,0.485427,0.3698909,0.7067426,0.423133,0.2806189,0.628637,0.4080024,0.2530815,0.6203242,0.3845286,0.1490071,0.6998926,0.4303629,-0.01452407,0.6595584,0.4974292,-0.2274963,0.6267905,0.4476242,0.1498214,0.7114925,0.4060639,-0.0184058,0.6603298,0.5371476,-0.1972401,0.6830211,0.4464729,0.4531155,0.7401355
72057594037973989,0,1.827482,18994.93,0.4241936,0.1449366,0.7220858,0.4742123,0.5651174,0.7377469,0.3843099,0.4272806,0.694762,0.3801501,0.300584,0.6506563,0.4399882,0.2242237,0.6003271,0.4532986,0.2106259,0.6015668,0.5103677,0.4795124,0.7833102,0.485427,0.3698909,0.7067426,0.423133,0.2806189,0.628637,0.4080024,0.2530815,0.6203242,0.3845286,0.1490071,0.6998926,0.4303629,-0.01452407,0.6595584,0.4974292,-0.2274963,0.6267905,0.4476242,0.1498214,0.7114925,0.4060639,-0.0184058,0.6603298,0.5371476,-0.1972401,0.6830211,0.4464729,0.4531155,0.7401355
72057594037973989,0,1.827482,18994.93,0.4241936,0.1449366,0.7220858,0.4742123,0.5651174,0.7377469,0.3843099,0.4272806,0.694762,0.3801501,0.300584,0.6506563,0.4399882,0.2242237,0.6003271,0.4532986,0.2106259,0.6015668,0.5103677,0.4795124,0.7833102,0.485427,0.3698909,0.7067426,0.423133,0.2806189,0.628637,0.4080024,0.2530815,0.6203242,0.3845286,0.1490071,0.6998926,0.4303629,-0.01452407,0.6595584,0.4974292,-0.2274963,0.6267905,0.4476242,0.1498214,0.7114925,0.4060639,-0.0184058,0.6603298,0.5371476,-0.1972401,0.6830211,0.4464729,0.4531155,0.7401355
72057594037973989,0,1.827482,18994.93,0.4241936,0.1449366,0.7220858,0.4742123,0.5651174,0.7377469,0.3843099,0.4272806,0.694762,0.3801501,0.300584,0.6506563,0.4399882,0.2242237,0.6003271,0.4532986,0.2106259,0.6015668,0.5103677,0.4795124,0.7833102,0.485427,0.3698909,0.7067426,0.423133,0.2806189,0.628637,0.4080024,0.2530815,0.6203242,0.3845286,0.1490071,0.6998926,0.4303629,-0.01452407,0.6595584,0.4974292,-0.2274963,0.6267905,0.4476242,0.1498214,0.7114925,0.4060639,-0.0184058,0.6603298,0.5371476,-0.1972401,0.6830211,0.4464729,0.4531155,0.7401355
72057594037973989,0,1.827482,18994.93,0.4241936,0.1449366,0.7220858,0.4742123,0.5651174,0.7377469,0.3843099,0.4272806,0.694762,0.3801501,0.300584,0.6506563,0.4399882,0.2242237,0.6003271,0.4532986,0.2106259,0.6015668,0.5103677,0.4795124,0.7833102,0.485427,0.3698909,0.7067426,0.423133,0.2806189,0.628637,0.4080024,0.2530815,0.6203242,0.3845286,0.1490071,0.6998926,0.4303629,-0.01452407,0.6595584,0.4974292,-0.2274963,0.6267905,0.4476242,0.1498214,0.7114925,0.4060639,-0.0184058,0.6603298,0.5371476,-0.1972401,0.6830211,0.4464729,0.4531155,0.7401355
72057594037973989,0,1.827482,18994.93,0.4241936,0.1449366,0.7220858,0.4742123,0.5651174,0.7377469,0.3843099,0.4272806,0.694762,0.3801501,0.300584,0.6506563,0.4399882,0.2242237,0.6003271,0.4532986,0.2106259,0.6015668,0.5103677,0.4795124,0.7833102,0.485427,0.3698909,0.7067426,0.423133,0.2806189,0.628637,0.4080024,0.2530815,0.6203242,0.3845286,0.1490071,0.6998926,0.4303629,-0.01452407,0.6595584,0.4974292,-0.2274963,0.6267905,0.4476242,0.1498214,0.7114925,0.4060639,-0.0184058,0.6603298,0.5371476,-0.1972401,0.6830211,0.4464729,0.4531155,0.7401355
72057594037973989,0,1.827482,18994.94,0.4241936,0.1449366,0.7220858,0.4742123,0.5651174,0.7377469,0.3843099,0.4272806,0.694762,0.3801501,0.300584,0.6506563,0.4399882,0.2242237,0.6003271,0.4532986,0.2106259,0.6015668,0.5103677,0.4795124,0.7833102,0.485427,0.3698909,0.7067426,0.423133,0.2806189,0.628637,0.4080024,0.2530815,0.6203242,0.3845286,0.1490071,0.6998926,0.4303629,-0.01452407,0.6595584,0.4974292,-0.2274963,0.6267905,0.4476242,0.1498214,0.7114925,0.4060639,-0.0184058,0.6603298,0.5371476,-0.1972401,0.6830211,0.4464729,0.4531155,0.7401355
72057594037973989,0,1.827482,18994.94,0.4241936,0.1449366,0.7220858,0.4742123,0.5651174,0.7377469,0.3843099,0.4272806,0.694762,0.3801501,0.300584,0.6506563,0.4399882,0.2242237,0.6003271,0.4532986,0.2106259,0.6015668,0.5103677,0.4795124,0.7833102,0.485427,0.3698909,0.7067426,0.423133,0.2806189,0.628637,0.4080024,0.2530815,0.6203242,0.3845286,0.1490071,0.6998926,0.4303629,-0.01452407,0.6595584,0.4974292,-0.2274963,0.6267905,0.4476242,0.1498214,0.7114925,0.4060639,-0.0184058,0.6603298,0.5371476,-0.1972401,0.6830211,0.4464729,0.4531155,0.7401355
72057594037973989,0,1.827482,18994.94,0.4241936,0.1449366,0.7220858,0.4742123,0.5651174,0.7377469,0.3843099,0.4272806,0.694762,0.3801501,0.300584,0.6506563,0.4399882,0.2242237,0.6003271,0.4532986,0.2106259,0.6015668,0.5103677,0.4795124,0.7833102,0.485427,0.3698909,0.7067426,0.423133,0.2806189,0.628637,0.4080024,0.2530815,0.6203242,0.3845286,0.1490071,0.6998926,0.4303629,-0.01452407,0.6595584,0.4974292,-0.2274963,0.6267905,0.4476242,0.1498214,0.7114925,0.4060639,-0.0184058,0.6603298,0.5371476,-0.1972401,0.6830211,0.4464729,0.4531155,0.7401355
72057594037973989,0,1.827482,18994.94,0.4241936,0.1449366,0.7220858,0.4742123,0.5651174,0.7377469,0.3843099,0.4272806,0.694762,0.3801501,0.300584,0.6506563,0.4399882,0.2242237,0.6003271,0.4532986,0.2106259,0.6015668,0.5103677,0.4795124,0.7833102,0.485427,0.3698909,0.7067426,0.423133,0.2806189,0.628637,0.4080024,0.2530815,0.6203242,0.3845286,0.1490071,0.6998926,0.4303629,-0.01452407,0.6595584,0.4974292,-0.2274963,0.6267905,0.4476242,0.1498214,0.7114925,0.4060639,-0.0184058,0.6603298,0.5371476,-0.1972401,0.6830211,0.4464729,0.4531155,0.7401355
72057594037973989,0,1.827482,18994.95,0.4241936,0.1449366,0.7220858,0.4742123,0.5651174,0.7377469,0.3843099,0.4272806,0.694762,0.3801501,0.300584,0.6506563,0.4399882,0.2242237,0.6003271,0.4532986,0.2106259,0.6015668,0.5103677,0.4795124,0.7833102,0.485427,0.3698909,0.7067426,0.423133,0.2806189,0.628637,0.4080024,0.2530815,0.6203242,0.3845286,0.1490071,0.6998926,0.4303629,-0.01452407,0.6595584,0.4974292,-0.2274963,0.6267905,0.4476242,0.1498214,0.7114925,0.4060639,-0.0184058,0.6603298,0.5371476,-0.1972401,0.6830211,0.4464729,0.4531155,0.7401355
72057594037973989,0,1.827482,18994.95,0.4241936,0.1449366,0.7220858,0.4742123,0.5651174,0.7377469,0.3843099,0.4272806,0.694762,0.3801501,0.300584,0.6506563,0.4399882,0.2242237,0.6003271,0.4532986,0.2106259,0.6015668,0.5103677,0.4795124,0.7833102,0.485427,0.3698909,0.7067426,0.423133,0.2806189,0.628637,0.4080024,0.2530815,0.6203242,0.3845286,0.1490071,0.6998926,0.4303629,-0.01452407,0.6595584,0.4974292,-0.2274963,0.6267905,0.4476242,0.1498214,0.7114925,0.4060639,-0.0184058,0.6603298,0.5371476,-0.1972401,0.6830211,0.4464729,0.4531155,0.7401355
72057594037973989,0,1.827482,18994.95,0.4241936,0.1449366,0.7220858,0.4742123,0.5651174,0.7377469,0.3843099,0.4272806,0.694762,0.3801501,0.300584,0.6506563,0.4399882,0.2242237,0.6003271,0.4532986,0.2106259,0.6015668,0.5103677,0.4795124,0.7833102,0.485427,0.3698909,0.7067426,0.423133,0.2806189,0.628637,0.4080024,0.2530815,0.6203242,0.3845286,0.1490071,0.6998926,0.4303629,-0.01452407,0.6595584,0.4974292,-0.2274963,0.6267905,0.4476242,0.1498214,0.7114925,0.4060639,-0.0184058,0.6603298,0.5371476,-0.1972401,0.6830211,0.4464729,0.4531155,0.7401355
72057594037973989,0,1.827482,18994.96,0.4241936,0.1449366,0.7220858,0.4742123,0.5651174,0.7377469,0.3843099,0.4272806,0.694762,0.3801501,0.300584,0.6506563,0.4399882,0.2242237,0.6003271,0.4532986,0.2106259,0.6015668,0.5103677,0.4795124,0.7833102,0.485427,0.3698909,0.7067426,0.423133,0.2806189,0.628637,0.4080024,0.2530815,0.6203242,0.3845286,0.1490071,0.6998926,0.4303629,-0.01452407,0.6595584,0.4974292,-0.2274963,0.6267905,0.4476242,0.1498214,0.7114925,0.4060639,-0.0184058,0.6603298,0.5371476,-0.1972401,0.6830211,0.4464729,0.4531155,0.7401355
72057594037973989,0,1.828135,18994.96,0.4260044,0.1466736,0.7210519,0.4764417,0.5667363,0.7351634,0.384814,0.4288867,0.6969647,0.3751864,0.3001284,0.6604753,0.4243352,0.2315192,0.6120048,0.4427295,0.2110488,0.6082779,0.5120077,0.4799182,0.7824136,0.4930533,0.3637735,0.7147332,0.4363649,0.2720236,0.635001,0.4145051,0.2491731,0.6192806,0.3861092,0.1519455,0.699967,0.4257572,-0.01259488,0.6513058,0.4849102,-0.2267506,0.6077462,0.4498663,0.1507941,0.7091734,0.4032006,-0.01621673,0.6559218,0.5360397,-0.1937737,0.6798547,0.4481379,0.4536531,0.7392282
72057594037973989,0,1.828135,18994.96,0.4260044,0.1466736,0.7210519,0.4764417,0.5667363,0.7351634,0.384814,0.4288867,0.6969647,0.3751864,0.3001284,0.6604753,0.4243352,0.2315192,0.6120048,0.4427295,0.2110488,0.6082779,0.5120077,0.4799182,0.7824136,0.4930533,0.3637735,0.7147332,0.4363649,0.2720236,0.635001,0.4145051,0.2491731,0.6192806,0.3861092,0.1519455,0.699967,0.4257572,-0.01259488,0.6513058,0.4849102,-0.2267506,0.6077462,0.4498663,0.1507941,0.7091734,0.4032006,-0.01621673,0.6559218,0.5360397,-0.1937737,0.6798547,0.4481379,0.4536531,0.7392282
72057594037973989,0,1.828135,18994.96,0.4260044,0.1466736,0.7210519,0.4764417,0.5667363,0.7351634,0.384814,0.4288867,0.6969647,0.3751864,0.3001284,0.6604753,0.4243352,0.2315192,0.6120048,0.4427295,0.2110488,0.6082779,0.5120077,0.4799182,0.7824136,0.4930533,0.3637735,0.7147332,0.4363649,0.2720236,0.635001,0.4145051,0.2491731,0.6192806,0.3861092,0.1519455,0.699967,0.4257572,-0.01259488,0.6513058,0.4849102,-0.2267506,0.6077462,0.4498663,0.1507941,0.7091734,0.4032006,-0.01621673,0.6559218,0.5360397,-0.1937737,0.6798547,0.4481379,0.4536531,0.7392282
72057594037973989,0,1.828135,18994.96,0.4260044,0.1466736,0.7210519,0.4764417,0.5667363,0.7351634,0.384814,0.4288867,0.6969647,0.3751864,0.3001284,0.6604753,0.4243352,0.2315192,0.6120048,0.4427295,0.2110488,0.6082779,0.5120077,0.4799182,0.7824136,0.4930533,0.3637735,0.7147332,0.4363649,0.2720236,0.635001,0.4145051,0.2491731,0.6192806,0.3861092,0.1519455,0.699967,0.4257572,-0.01259488,0.6513058,0.4849102,-0.2267506,0.6077462,0.4498663,0.1507941,0.7091734,0.4032006,-0.01621673,0.6559218,0.5360397,-0.1937737,0.6798547,0.4481379,0.4536531,0.7392282
72057594037973989,0,1.828135,18994.96,0.4260044,0.1466736,0.7210519,0.4764417,0.5667363,0.7351634,0.384814,0.4288867,0.6969647,0.3751864,0.3001284,0.6604753,0.4243352,0.2315192,0.6120048,0.4427295,0.2110488,0.6082779,0.5120077,0.4799182,0.7824136,0.4930533,0.3637735,0.7147332,0.4363649,0.2720236,0.635001,0.4145051,0.2491731,0.6192806,0.3861092,0.1519455,0.699967,0.4257572,-0.01259488,0.6513058,0.4849102,-0.2267506,0.6077462,0.4498663,0.1507941,0.7091734,0.4032006,-0.01621673,0.6559218,0.5360397,-0.1937737,0.6798547,0.4481379,0.4536531,0.7392282
72057594037973989,0,1.828135,18994.97,0.4260044,0.1466736,0.7210519,0.4764417,0.5667363,0.7351634,0.384814,0.4288867,0.6969647,0.3751864,0.3001284,0.6604753,0.4243352,0.2315192,0.6120048,0.4427295,0.2110488,0.6082779,0.5120077,0.4799182,0.7824136,0.4930533,0.3637735,0.7147332,0.4363649,0.2720236,0.635001,0.4145051,0.2491731,0.6192806,0.3861092,0.1519455,0.699967,0.4257572,-0.01259488,0.6513058,0.4849102,-0.2267506,0.6077462,0.4498663,0.1507941,0.7091734,0.4032006,-0.01621673,0.6559218,0.5360397,-0.1937737,0.6798547,0.4481379,0.4536531,0.7392282
72057594037973989,0,1.828135,18994.97,0.4260044,0.1466736,0.7210519,0.4764417,0.5667363,0.7351634,0.384814,0.4288867,0.6969647,0.3751864,0.3001284,0.6604753,0.4243352,0.2315192,0.6120048,0.4427295,0.2110488,0.6082779,0.5120077,0.4799182,0.7824136,0.4930533,0.3637735,0.7147332,0.4363649,0.2720236,0.635001,0.4145051,0.2491731,0.6192806,0.3861092,0.1519455,0.699967,0.4257572,-0.01259488,0.6513058,0.4849102,-0.2267506,0.6077462,0.4498663,0.1507941,0.7091734,0.4032006,-0.01621673,0.6559218,0.5360397,-0.1937737,0.6798547,0.4481379,0.4536531,0.7392282
72057594037973989,0,1.828135,18994.97,0.4260044,0.1466736,0.7210519,0.4764417,0.5667363,0.7351634,0.384814,0.4288867,0.6969647,0.3751864,0.3001284,0.6604753,0.4243352,0.2315192,0.6120048,0.4427295,0.2110488,0.6082779,0.5120077,0.4799182,0.7824136,0.4930533,0.3637735,0.7147332,0.4363649,0.2720236,0.635001,0.4145051,0.2491731,0.6192806,0.3861092,0.1519455,0.699967,0.4257572,-0.01259488,0.6513058,0.4849102,-0.2267506,0.6077462,0.4498663,0.1507941,0.7091734,0.4032006,-0.01621673,0.6559218,0.5360397,-0.1937737,0.6798547,0.4481379,0.4536531,0.7392282
72057594037973989,0,1.828135,18994.97,0.4260044,0.1466736,0.7210519,0.4764417,0.5667363,0.7351634,0.384814,0.4288867,0.6969647,0.3751864,0.3001284,0.6604753,0.4243352,0.2315192,0.6120048,0.4427295,0.2110488,0.6082779,0.5120077,0.4799182,0.7824136,0.4930533,0.3637735,0.7147332,0.4363649,0.2720236,0.635001,0.4145051,0.2491731,0.6192806,0.3861092,0.1519455,0.699967,0.4257572,-0.01259488,0.6513058,0.4849102,-0.2267506,0.6077462,0.4498663,0.1507941,0.7091734,0.4032006,-0.01621673,0.6559218,0.5360397,-0.1937737,0.6798547,0.4481379,0.4536531,0.7392282
72057594037973989,0,1.828135,18994.98,0.4260044,0.1466736,0.7210519,0.4764417,0.5667363,0.7351634,0.384814,0.4288867,0.6969647,0.3751864,0.3001284,0.6604753,0.4243352,0.2315192,0.6120048,0.4427295,0.2110488,0.6082779,0.5120077,0.4799182,0.7824136,0.4930533,0.3637735,0.7147332,0.4363649,0.2720236,0.635001,0.4145051,0.2491731,0.6192806,0.3861092,0.1519455,0.699967,0.4257572,-0.01259488,0.6513058,0.4849102,-0.2267506,0.6077462,0.4498663,0.1507941,0.7091734,0.4032006,-0.01621673,0.6559218,0.5360397,-0.1937737,0.6798547,0.4481379,0.4536531,0.7392282
72057594037973989,0,1.828135,18994.98,0.4260044,0.1466736,0.7210519,0.4764417,0.5667363,0.7351634,0.384814,0.4288867,0.6969647,0.3751864,0.3001284,0.6604753,0.4243352,0.2315192,0.6120048,0.4427295,0.2110488,0.6082779,0.5120077,0.4799182,0.7824136,0.4930533,0.3637735,0.7147332,0.4363649,0.2720236,0.635001,0.4145051,0.2491731,0.6192806,0.3861092,0.1519455,0.699967,0.4257572,-0.01259488,0.6513058,0.4849102,-0.2267506,0.6077462,0.4498663,0.1507941,0.7091734,0.4032006,-0.01621673,0.6559218,0.5360397,-0.1937737,0.6798547,0.4481379,0.4536531,0.7392282
72057594037973989,0,1.828135,18994.98,0.4260044,0.1466736,0.7210519,0.4764417,0.5667363,0.7351634,0.384814,0.4288867,0.6969647,0.3751864,0.3001284,0.6604753,0.4243352,0.2315192,0.6120048,0.4427295,0.2110488,0.6082779,0.5120077,0.4799182,0.7824136,0.4930533,0.3637735,0.7147332,0.4363649,0.2720236,0.635001,0.4145051,0.2491731,0.6192806,0.3861092,0.1519455,0.699967,0.4257572,-0.01259488,0.6513058,0.4849102,-0.2267506,0.6077462,0.4498663,0.1507941,0.7091734,0.4032006,-0.01621673,0.6559218,0.5360397,-0.1937737,0.6798547,0.4481379,0.4536531,0.7392282
72057594037973989,0,1.828606,18994.99,0.4290978,0.149829,0.7199408,0.477504,0.5684251,0.7319188,0.3838131,0.4316846,0.698718,0.3502755,0.30338,0.6787674,0.4163273,0.2391073,0.6179484,0.4329527,0.2137649,0.6144344,0.5135093,0.4805318,0.7810504,0.5015165,0.3579973,0.7249864,0.4354406,0.2708535,0.6468871,0.4048268,0.2457089,0.6228079,0.3882783,0.1553383,0.6999869,0.4173435,-0.01060534,0.6430235,0.4629916,-0.2264367,0.5886555,0.4536617,0.1535752,0.706921,0.3932866,-0.008477807,0.6462836,0.5224268,-0.1905731,0.6601706,0.4497961,0.4544893,0.7378874
72057594037973989,0,1.828606,18994.99,0.4290978,0.149829,0.7199408,0.477504,0.5684251,0.7319188,0.3838131,0.4316846,0.698718,0.3502755,0.30338,0.6787674,0.4163273,0.2391073,0.6179484,0.4329527,0.2137649,0.6144344,0.5135093,0.4805318,0.7810504,0.5015165,0.3579973,0.7249864,0.4354406,0.2708535,0.6468871,0.4048268,0.2457089,0.6228079,0.3882783,0.1553383,0.6999869,0.4173435,-0.01060534,0.6430235,0.4629916,-0.2264367,0.5886555,0.4536617,0.1535752,0.706921,0.3932866,-0.008477807,0.6462836,0.5224268,-0.1905731,0.6601706,0.4497961,0.4544893,0.7378874
72057594037973989,0,1.828606,18994.99,0.4290978,0.149829,0.7199408,0.477504,0.5684251,0.7319188,0.3838131,0.4316846,0.698718,0.3502755,0.30338,0.6787674,0.4163273,0.2391073,0.6179484,0.4329527,0.2137649,0.6144344,0.5135093,0.4805318,0.7810504,0.5015165,0.3579973,0.7249864,0.4354406,0.2708535,0.6468871,0.4048268,0.2457089,0.6228079,0.3882783,0.1553383,0.6999869,0.4173435,-0.01060534,0.6430235,0.4629916,-0.2264367,0.5886555,0.4536617,0.1535752,0.706921,0.3932866,-0.008477807,0.6462836,0.5224268,-0.1905731,0.6601706,0.4497961,0.4544893,0.7378874
72057594037973989,0,1.828606,18994.99,0.4290978,0.149829,0.7199408,0.477504,0.5684251,0.7319188,0.3838131,0.4316846,0.698718,0.3502755,0.30338,0.6787674,0.4163273,0.2391073,0.6179484,0.4329527,0.2137649,0.6144344,0.5135093,0.4805318,0.7810504,0.5015165,0.3579973,0.7249864,0.4354406,0.2708535,0.6468871,0.4048268,0.2457089,0.6228079,0.3882783,0.1553383,0.6999869,0.4173435,-0.01060534,0.6430235,0.4629916,-0.2264367,0.5886555,0.4536617,0.1535752,0.706921,0.3932866,-0.008477807,0.6462836,0.5224268,-0.1905731,0.6601706,0.4497961,0.4544893,0.7378874
72057594037973989,0,1.828606,18995,0.4290978,0.149829,0.7199408,0.477504,0.5684251,0.7319188,0.3838131,0.4316846,0.698718,0.3502755,0.30338,0.6787674,0.4163273,0.2391073,0.6179484,0.4329527,0.2137649,0.6144344,0.5135093,0.4805318,0.7810504,0.5015165,0.3579973,0.7249864,0.4354406,0.2708535,0.6468871,0.4048268,0.2457089,0.6228079,0.3882783,0.1553383,0.6999869,0.4173435,-0.01060534,0.6430235,0.4629916,-0.2264367,0.5886555,0.4536617,0.1535752,0.706921,0.3932866,-0.008477807,0.6462836,0.5224268,-0.1905731,0.6601706,0.4497961,0.4544893,0.7378874
72057594037973989,0,1.828606,18995,0.4290978,0.149829,0.7199408,0.477504,0.5684251,0.7319188,0.3838131,0.4316846,0.698718,0.3502755,0.30338,0.6787674,0.4163273,0.2391073,0.6179484,0.4329527,0.2137649,0.6144344,0.5135093,0.4805318,0.7810504,0.5015165,0.3579973,0.7249864,0.4354406,0.2708535,0.6468871,0.4048268,0.2457089,0.6228079,0.3882783,0.1553383,0.6999869,0.4173435,-0.01060534,0.6430235,0.4629916,-0.2264367,0.5886555,0.4536617,0.1535752,0.706921,0.3932866,-0.008477807,0.6462836,0.5224268,-0.1905731,0.6601706,0.4497961,0.4544893,0.7378874
72057594037973989,0,1.828606,18995,0.4290978,0.149829,0.7199408,0.477504,0.5684251,0.7319188,0.3838131,0.4316846,0.698718,0.3502755,0.30338,0.6787674,0.4163273,0.2391073,0.6179484,0.4329527,0.2137649,0.6144344,0.5135093,0.4805318,0.7810504,0.5015165,0.3579973,0.7249864,0.4354406,0.2708535,0.6468871,0.4048268,0.2457089,0.6228079,0.3882783,0.1553383,0.6999869,0.4173435,-0.01060534,0.6430235,0.4629916,-0.2264367,0.5886555,0.4536617,0.1535752,0.706921,0.3932866,-0.008477807,0.6462836,0.5224268,-0.1905731,0.6601706,0.4497961,0.4544893,0.7378874
72057594037973989,0,1.828606,18995,0.4290978,0.149829,0.7199408,0.477504,0.5684251,0.7319188,0.3838131,0.4316846,0.698718,0.3502755,0.30338,0.6787674,0.4163273,0.2391073,0.6179484,0.4329527,0.2137649,0.6144344,0.5135093,0.4805318,0.7810504,0.5015165,0.3579973,0.7249864,0.4354406,0.2708535,0.6468871,0.4048268,0.2457089,0.6228079,0.3882783,0.1553383,0.6999869,0.4173435,-0.01060534,0.6430235,0.4629916,-0.2264367,0.5886555,0.4536617,0.1535752,0.706921,0.3932866,-0.008477807,0.6462836,0.5224268,-0.1905731,0.6601706,0.4497961,0.4544893,0.7378874
72057594037973989,0,1.828606,18995.01,0.4290978,0.149829,0.7199408,0.477504,0.5684251,0.7319188,0.3838131,0.4316846,0.698718,0.3502755,0.30338,0.6787674,0.4163273,0.2391073,0.6179484,0.4329527,0.2137649,0.6144344,0.5135093,0.4805318,0.7810504,0.5015165,0.3579973,0.7249864,0.4354406,0.2708535,0.6468871,0.4048268,0.2457089,0.6228079,0.3882783,0.1553383,0.6999869,0.4173435,-0.01060534,0.6430235,0.4629916,-0.2264367,0.5886555,0.4536617,0.1535752,0.706921,0.3932866,-0.008477807,0.6462836,0.5224268,-0.1905731,0.6601706,0.4497961,0.4544893,0.7378874
72057594037973989,0,1.828606,18995.01,0.4290978,0.149829,0.7199408,0.477504,0.5684251,0.7319188,0.3838131,0.4316846,0.698718,0.3502755,0.30338,0.6787674,0.4163273,0.2391073,0.6179484,0.4329527,0.2137649,0.6144344,0.5135093,0.4805318,0.7810504,0.5015165,0.3579973,0.7249864,0.4354406,0.2708535,0.6468871,0.4048268,0.2457089,0.6228079,0.3882783,0.1553383,0.6999869,0.4173435,-0.01060534,0.6430235,0.4629916,-0.2264367,0.5886555,0.4536617,0.1535752,0.706921,0.3932866,-0.008477807,0.6462836,0.5224268,-0.1905731,0.6601706,0.4497961,0.4544893,0.7378874
72057594037973989,0,1.828606,18995.01,0.4290978,0.149829,0.7199408,0.477504,0.5684251,0.7319188,0.3838131,0.4316846,0.698718,0.3502755,0.30338,0.6787674,0.4163273,0.2391073,0.6179484,0.4329527,0.2137649,0.6144344,0.5135093,0.4805318,0.7810504,0.5015165,0.3579973,0.7249864,0.4354406,0.2708535,0.6468871,0.4048268,0.2457089,0.6228079,0.3882783,0.1553383,0.6999869,0.4173435,-0.01060534,0.6430235,0.4629916,-0.2264367,0.5886555,0.4536617,0.1535752,0.706921,0.3932866,-0.008477807,0.6462836,0.5224268,-0.1905731,0.6601706,0.4497961,0.4544893,0.7378874
72057594037973989,0,1.828606,18995.01,0.4290978,0.149829,0.7199408,0.477504,0.5684251,0.7319188,0.3838131,0.4316846,0.698718,0.3502755,0.30338,0.6787674,0.4163273,0.2391073,0.6179484,0.4329527,0.2137649,0.6144344,0.5135093,0.4805318,0.7810504,0.5015165,0.3579973,0.7249864,0.4354406,0.2708535,0.6468871,0.4048268,0.2457089,0.6228079,0.3882783,0.1553383,0.6999869,0.4173435,-0.01060534,0.6430235,0.4629916,-0.2264367,0.5886555,0.4536617,0.1535752,0.706921,0.3932866,-0.008477807,0.6462836,0.5224268,-0.1905731,0.6601706,0.4497961,0.4544893,0.7378874
72057594037973989,0,1.828606,18995.02,0.4290978,0.149829,0.7199408,0.477504,0.5684251,0.7319188,0.3838131,0.4316846,0.698718,0.3502755,0.30338,0.6787674,0.4163273,0.2391073,0.6179484,0.4329527,0.2137649,0.6144344,0.5135093,0.4805318,0.7810504,0.5015165,0.3579973,0.7249864,0.4354406,0.2708535,0.6468871,0.4048268,0.2457089,0.6228079,0.3882783,0.1553383,0.6999869,0.4173435,-0.01060534,0.6430235,0.4629916,-0.2264367,0.5886555,0.4536617,0.1535752,0.706921,0.3932866,-0.008477807,0.6462836,0.5224268,-0.1905731,0.6601706,0.4497961,0.4544893,0.7378874
72057594037973989,0,1.828606,18995.02,0.4290978,0.149829,0.7199408,0.477504,0.5684251,0.7319188,0.3838131,0.4316846,0.698718,0.3502755,0.30338,0.6787674,0.4163273,0.2391073,0.6179484,0.4329527,0.2137649,0.6144344,0.5135093,0.4805318,0.7810504,0.5015165,0.3579973,0.7249864,0.4354406,0.2708535,0.6468871,0.4048268,0.2457089,0.6228079,0.3882783,0.1553383,0.6999869,0.4173435,-0.01060534,0.6430235,0.4629916,-0.2264367,0.5886555,0.4536617,0.1535752,0.706921,0.3932866,-0.008477807,0.6462836,0.5224268,-0.1905731,0.6601706,0.4497961,0.4544893,0.7378874
72057594037973989,0,1.832677,18995.02,0.4347352,0.1449324,0.7191161,0.4763839,0.5697876,0.7264141,0.3813946,0.4332603,0.6998472,0.3318273,0.3091825,0.6913838,0.4109453,0.2385118,0.6182953,0.4255055,0.2124185,0.6152842,0.5426236,0.4065816,0.7174525,0.5163482,0.2807575,0.6777991,0.4080235,0.2304125,0.6157988,0.4001557,0.2330332,0.6165187,0.389771,0.1528492,0.7005323,0.4127882,-0.04361472,0.6255581,0.4400723,-0.2310699,0.5670247,0.4655741,0.1454521,0.7038231,0.3783019,-0.004681289,0.6371598,0.2765736,-0.200501,0.5684651,0.4514393,0.4541183,0.7356295
72057594037973989,0,1.832677,18995.02,0.4347352,0.1449324,0.7191161,0.4763839,0.5697876,0.7264141,0.3813946,0.4332603,0.6998472,0.3318273,0.3091825,0.6913838,0.4109453,0.2385118,0.6182953,0.4255055,0.2124185,0.6152842,0.5426236,0.4065816,0.7174525,0.5163482,0.2807575,0.6777991,0.4080235,0.2304125,0.6157988,0.4001557,0.2330332,0.6165187,0.389771,0.1528492,0.7005323,0.4127882,-0.04361472,0.6255581,0.4400723,-0.2310699,0.5670247,0.4655741,0.1454521,0.7038231,0.3783019,-0.004681289,0.6371598,0.2765736,-0.200501,0.5684651,0.4514393,0.4541183,0.7356295
72057594037973989,0,1.832677,18995.03,0.4347352,0.1449324,0.7191161,0.4763839,0.5697876,0.7264141,0.3813946,0.4332603,0.6998472,0.3318273,0.3091825,0.6913838,0.4109453,0.2385118,0.6182953,0.4255055,0.2124185,0.6152842,0.5426236,0.4065816,0.7174525,0.5163482,0.2807575,0.6777991,0.4080235,0.2304125,0.6157988,0.4001557,0.2330332,0.6165187,0.389771,0.1528492,0.7005323,0.4127882,-0.04361472,0.6255581,0.4400723,-0.2310699,0.5670247,0.4655741,0.1454521,0.7038231,0.3783019,-0.004681289,0.6371598,0.2765736,-0.200501,0.5684651,0.4514393,0.4541183,0.7356295
72057594037973989,0,1.832677,18995.03,0.4347352,0.1449324,0.7191161,0.4763839,0.5697876,0.7264141,0.3813946,0.4332603,0.6998472,0.3318273,0.3091825,0.6913838,0.4109453,0.2385118,0.6182953,0.4255055,0.2124185,0.6152842,0.5426236,0.4065816,0.7174525,0.5163482,0.2807575,0.6777991,0.4080235,0.2304125,0.6157988,0.4001557,0.2330332,0.6165187,0.389771,0.1528492,0.7005323,0.4127882,-0.04361472,0.6255581,0.4400723,-0.2310699,0.5670247,0.4655741,0.1454521,0.7038231,0.3783019,-0.004681289,0.6371598,0.2765736,-0.200501,0.5684651,0.4514393,0.4541183,0.7356295
72057594037973989,0,1.832677,18995.03,0.4347352,0.1449324,0.7191161,0.4763839,0.5697876,0.7264141,0.3813946,0.4332603,0.6998472,0.3318273,0.3091825,0.6913838,0.4109453,0.2385118,0.6182953,0.4255055,0.2124185,0.6152842,0.5426236,0.4065816,0.7174525,0.5163482,0.2807575,0.6777991,0.4080235,0.2304125,0.6157988,0.4001557,0.2330332,0.6165187,0.389771,0.1528492,0.7005323,0.4127882,-0.04361472,0.6255581,0.4400723,-0.2310699,0.5670247,0.4655741,0.1454521,0.7038231,0.3783019,-0.004681289,0.6371598,0.2765736,-0.200501,0.5684651,0.4514393,0.4541183,0.7356295
72057594037973989,0,1.832677,18995.04,0.4347352,0.1449324,0.7191161,0.4763839,0.5697876,0.7264141,0.3813946,0.4332603,0.6998472,0.3318273,0.3091825,0.6913838,0.4109453,0.2385118,0.6182953,0.4255055,0.2124185,0.6152842,0.5426236,0.4065816,0.7174525,0.5163482,0.2807575,0.6777991,0.4080235,0.2304125,0.6157988,0.4001557,0.2330332,0.6165187,0.389771,0.1528492,0.7005323,0.4127882,-0.04361472,0.6255581,0.4400723,-0.2310699,0.5670247,0.4655741,0.1454521,0.7038231,0.3783019,-0.004681289,0.6371598,0.2765736,-0.200501,0.5684651,0.4514393,0.4541183,0.7356295
72057594037973989,0,1.832677,18995.04,0.4347352,0.1449324,0.7191161,0.4763839,0.5697876,0.7264141,0.3813946,0.4332603,0.6998472,0.3318273,0.3091825,0.6913838,0.4109453,0.2385118,0.6182953,0.4255055,0.2124185,0.6152842,0.5426236,0.4065816,0.7174525,0.5163482,0.2807575,0.6777991,0.4080235,0.2304125,0.6157988,0.4001557,0.2330332,0.6165187,0.389771,0.1528492,0.7005323,0.4127882,-0.04361472,0.6255581,0.4400723,-0.2310699,0.5670247,0.4655741,0.1454521,0.7038231,0.3783019,-0.004681289,0.6371598,0.2765736,-0.200501,0.5684651,0.4514393,0.4541183,0.7356295
72057594037973989,0,1.832677,18995.04,0.4347352,0.1449324,0.7191161,0.4763839,0.5697876,0.7264141,0.3813946,0.4332603,0.6998472,0.3318273,0.3091825,0.6913838,0.4109453,0.2385118,0.6182953,0.4255055,0.2124185,0.6152842,0.5426236,0.4065816,0.7174525,0.5163482,0.2807575,0.6777991,0.4080235,0.2304125,0.6157988,0.4001557,0.2330332,0.6165187,0.389771,0.1528492,0.7005323,0.4127882,-0.04361472,0.6255581,0.4400723,-0.2310699,0.5670247,0.4655741,0.1454521,0.7038231,0.3783019,-0.004681289,0.6371598,0.2765736,-0.200501,0.5684651,0.4514393,0.4541183,0.7356295
72057594037973989,0,1.832677,18995.04,0.4347352,0.1449324,0.7191161,0.4763839,0.5697876,0.7264141,0.3813946,0.4332603,0.6998472,0.3318273,0.3091825,0.6913838,0.4109453,0.2385118,0.6182953,0.4255055,0.2124185,0.6152842,0.5426236,0.4065816,0.7174525,0.5163482,0.2807575,0.6777991,0.4080235,0.2304125,0.6157988,0.4001557,0.2330332,0.6165187,0.389771,0.1528492,0.7005323,0.4127882,-0.04361472,0.6255581,0.4400723,-0.2310699,0.5670247,0.4655741,0.1454521,0.7038231,0.3783019,-0.004681289,0.6371598,0.2765736,-0.200501,0.5684651,0.4514393,0.4541183,0.7356295
72057594037973989,0,1.832677,18995.04,0.4347352,0.1449324,0.7191161,0.4763839,0.5697876,0.7264141,0.3813946,0.4332603,0.6998472,0.3318273,0.3091825,0.6913838,0.4109453,0.2385118,0.6182953,0.4255055,0.2124185,0.6152842,0.5426236,0.4065816,0.7174525,0.5163482,0.2807575,0.6777991,0.4080235,0.2304125,0.6157988,0.4001557,0.2330332,0.6165187,0.389771,0.1528492,0.7005323,0.4127882,-0.04361472,0.6255581,0.4400723,-0.2310699,0.5670247,0.4655741,0.1454521,0.7038231,0.3783019,-0.004681289,0.6371598,0.2765736,-0.200501,0.5684651,0.4514393,0.4541183,0.7356295
72057594037973989,0,1.832677,18995.05,0.4347352,0.1449324,0.7191161,0.4763839,0.5697876,0.7264141,0.3813946,0.4332603,0.6998472,0.3318273,0.3091825,0.6913838,0.4109453,0.2385118,0.6182953,0.4255055,0.2124185,0.6152842,0.5426236,0.4065816,0.7174525,0.5163482,0.2807575,0.6777991,0.4080235,0.2304125,0.6157988,0.4001557,0.2330332,0.6165187,0.389771,0.1528492,0.7005323,0.4127882,-0.04361472,0.6255581,0.4400723,-0.2310699,0.5670247,0.4655741,0.1454521,0.7038231,0.3783019,-0.004681289,0.6371598,0.2765736,-0.200501,0.5684651,0.4514393,0.4541183,0.7356295
72057594037973989,0,1.832677,18995.05,0.4347352,0.1449324,0.7191161,0.4763839,0.5697876,0.7264141,0.3813946,0.4332603,0.6998472,0.3318273,0.3091825,0.6913838,0.4109453,0.2385118,0.6182953,0.4255055,0.2124185,0.6152842,0.5426236,0.4065816,0.7174525,0.5163482,0.2807575,0.6777991,0.4080235,0.2304125,0.6157988,0.4001557,0.2330332,0.6165187,0.389771,0.1528492,0.7005323,0.4127882,-0.04361472,0.6255581,0.4400723,-0.2310699,0.5670247,0.4655741,0.1454521,0.7038231,0.3783019,-0.004681289,0.6371598,0.2765736,-0.200501,0.5684651,0.4514393,0.4541183,0.7356295
72057594037973989,0,1.832677,18995.05,0.4347352,0.1449324,0.7191161,0.4763839,0.5697876,0.7264141,0.3813946,0.4332603,0.6998472,0.3318273,0.3091825,0.6913838,0.4109453,0.2385118,0.6182953,0.4255055,0.2124185,0.6152842,0.5426236,0.4065816,0.7174525,0.5163482,0.2807575,0.6777991,0.4080235,0.2304125,0.6157988,0.4001557,0.2330332,0.6165187,0.389771,0.1528492,0.7005323,0.4127882,-0.04361472,0.6255581,0.4400723,-0.2310699,0.5670247,0.4655741,0.1454521,0.7038231,0.3783019,-0.004681289,0.6371598,0.2765736,-0.200501,0.5684651,0.4514393,0.4541183,0.7356295
72057594037973989,0,1.834835,18995.05,0.4340861,0.1428822,0.7174211,0.4726151,0.5701359,0.71786,0.3785874,0.4350862,0.6968633,0.3289338,0.3111026,0.6937521,0.3673634,0.2473745,0.628554,0.3929354,0.2231874,0.6132807,0.542491,0.4063985,0.7170917,0.5163254,0.2807683,0.6766391,0.4071456,0.2295433,0.6169837,0.3913217,0.2296602,0.6120245,0.3887842,0.1513925,0.7005339,0.4006854,-0.04480544,0.6194538,0.4174591,-0.232004,0.5550275,0.4644924,0.1426737,0.6996143,0.3846885,-0.03943157,0.6112614,0.3158096,-0.2134849,0.5387168,0.4470378,0.4549435,0.7334995
72057594037973989,0,1.834835,18995.06,0.4340861,0.1428822,0.7174211,0.4726151,0.5701359,0.71786,0.3785874,0.4350862,0.6968633,0.3289338,0.3111026,0.6937521,0.3673634,0.2473745,0.628554,0.3929354,0.2231874,0.6132807,0.542491,0.4063985,0.7170917,0.5163254,0.2807683,0.6766391,0.4071456,0.2295433,0.6169837,0.3913217,0.2296602,0.6120245,0.3887842,0.1513925,0.7005339,0.4006854,-0.04480544,0.6194538,0.4174591,-0.232004,0.5550275,0.4644924,0.1426737,0.6996143,0.3846885,-0.03943157,0.6112614,0.3158096,-0.2134849,0.5387168,0.4470378,0.4549435,0.7334995
72057594037973989,0,1.834835,18995.06,0.4340861,0.1428822,0.7174211,0.4726151,0.5701359,0.71786,0.3785874,0.4350862,0.6968633,0.3289338,0.3111026,0.6937521,0.3673634,0.2473745,0.628554,0.3929354,0.2231874,0.6132807,0.542491,0.4063985,0.7170917,0.5163254,0.2807683,0.6766391,0.4071456,0.2295433,0.6169837,0.3913217,0.2296602,0.6120245,0.3887842,0.1513925,0.7005339,0.4006854,-0.04480544,0.6194538,0.4174591,-0.232004,0.5550275,0.4644924,0.1426737,0.6996143,0.3846885,-0.03943157,0.6112614,0.3158096,-0.2134849,0.5387168,0.4470378,0.4549435,0.7334995
72057594037973989,0,1.834835,18995.06,0.4340861,0.1428822,0.7174211,0.4726151,0.5701359,0.71786,0.3785874,0.4350862,0.6968633,0.3289338,0.3111026,0.6937521,0.3673634,0.2473745,0.628554,0.3929354,0.2231874,0.6132807,0.542491,0.4063985,0.7170917,0.5163254,0.2807683,0.6766391,0.4071456,0.2295433,0.6169837,0.3913217,0.2296602,0.6120245,0.3887842,0.1513925,0.7005339,0.4006854,-0.04480544,0.6194538,0.4174591,-0.232004,0.5550275,0.4644924,0.1426737,0.6996143,0.3846885,-0.03943157,0.6112614,0.3158096,-0.2134849,0.5387168,0.4470378,0.4549435,0.7334995
72057594037973989,0,1.834835,18995.06,0.4340861,0.1428822,0.7174211,0.4726151,0.5701359,0.71786,0.3785874,0.4350862,0.6968633,0.3289338,0.3111026,0.6937521,0.3673634,0.2473745,0.628554,0.3929354,0.2231874,0.6132807,0.542491,0.4063985,0.7170917,0.5163254,0.2807683,0.6766391,0.4071456,0.2295433,0.6169837,0.3913217,0.2296602,0.6120245,0.3887842,0.1513925,0.7005339,0.4006854,-0.04480544,0.6194538,0.4174591,-0.232004,0.5550275,0.4644924,0.1426737,0.6996143,0.3846885,-0.03943157,0.6112614,0.3158096,-0.2134849,0.5387168,0.4470378,0.4549435,0.7334995
72057594037973989,0,1.834835,18995.06,0.4340861,0.1428822,0.7174211,0.4726151,0.5701359,0.71786,0.3785874,0.4350862,0.6968633,0.3289338,0.3111026,0.6937521,0.3673634,0.2473745,0.628554,0.3929354,0.2231874,0.6132807,0.542491,0.4063985,0.7170917,0.5163254,0.2807683,0.6766391,0.4071456,0.2295433,0.6169837,0.3913217,0.2296602,0.6120245,0.3887842,0.1513925,0.7005339,0.4006854,-0.04480544,0.6194538,0.4174591,-0.232004,0.5550275,0.4644924,0.1426737,0.6996143,0.3846885,-0.03943157,0.6112614,0.3158096,-0.2134849,0.5387168,0.4470378,0.4549435,0.7334995
72057594037973989,0,1.834835,18995.07,0.4340861,0.1428822,0.7174211,0.4726151,0.5701359,0.71786,0.3785874,0.4350862,0.6968633,0.3289338,0.3111026,0.6937521,0.3673634,0.2473745,0.628554,0.3929354,0.2231874,0.6132807,0.542491,0.4063985,0.7170917,0.5163254,0.2807683,0.6766391,0.4071456,0.2295433,0.6169837,0.3913217,0.2296602,0.6120245,0.3887842,0.1513925,0.7005339,0.4006854,-0.04480544,0.6194538,0.4174591,-0.232004,0.5550275,0.4644924,0.1426737,0.6996143,0.3846885,-0.03943157,0.6112614,0.3158096,-0.2134849,0.5387168,0.4470378,0.4549435,0.7334995
72057594037973989,0,1.834835,18995.07,0.4340861,0.1428822,0.7174211,0.4726151,0.5701359,0.71786,0.3785874,0.4350862,0.6968633,0.3289338,0.3111026,0.6937521,0.3673634,0.2473745,0.628554,0.3929354,0.2231874,0.6132807,0.542491,0.4063985,0.7170917,0.5163254,0.2807683,0.6766391,0.4071456,0.2295433,0.6169837,0.3913217,0.2296602,0.6120245,0.3887842,0.1513925,0.7005339,0.4006854,-0.04480544,0.6194538,0.4174591,-0.232004,0.5550275,0.4644924,0.1426737,0.6996143,0.3846885,-0.03943157,0.6112614,0.3158096,-0.2134849,0.5387168,0.4470378,0.4549435,0.7334995
72057594037973989,0,1.834835,18995.07,0.4340861,0.1428822,0.7174211,0.4726151,0.5701359,0.71786,0.3785874,0.4350862,0.6968633,0.3289338,0.3111026,0.6937521,0.3673634,0.2473745,0.628554,0.3929354,0.2231874,0.6132807,0.542491,0.4063985,0.7170917,0.5163254,0.2807683,0.6766391,0.4071456,0.2295433,0.6169837,0.3913217,0.2296602,0.6120245,0.3887842,0.1513925,0.7005339,0.4006854,-0.04480544,0.6194538,0.4174591,-0.232004,0.5550275,0.4644924,0.1426737,0.6996143,0.3846885,-0.03943157,0.6112614,0.3158096,-0.2134849,0.5387168,0.4470378,0.4549435,0.7334995
72057594037973989,0,1.834835,18995.07,0.4340861,0.1428822,0.7174211,0.4726151,0.5701359,0.71786,0.3785874,0.4350862,0.6968633,0.3289338,0.3111026,0.6937521,0.3673634,0.2473745,0.628554,0.3929354,0.2231874,0.6132807,0.542491,0.4063985,0.7170917,0.5163254,0.2807683,0.6766391,0.4071456,0.2295433,0.6169837,0.3913217,0.2296602,0.6120245,0.3887842,0.1513925,0.7005339,0.4006854,-0.04480544,0.6194538,0.4174591,-0.232004,0.5550275,0.4644924,0.1426737,0.6996143,0.3846885,-0.03943157,0.6112614,0.3158096,-0.2134849,0.5387168,0.4470378,0.4549435,0.7334995
72057594037973989,0,1.834835,18995.08,0.4340861,0.1428822,0.7174211,0.4726151,0.5701359,0.71786,0.3785874,0.4350862,0.6968633,0.3289338,0.3111026,0.6937521,0.3673634,0.2473745,0.628554,0.3929354,0.2231874,0.6132807,0.542491,0.4063985,0.7170917,0.5163254,0.2807683,0.6766391,0.4071456,0.2295433,0.6169837,0.3913217,0.2296602,0.6120245,0.3887842,0.1513925,0.7005339,0.4006854,-0.04480544,0.6194538,0.4174591,-0.232004,0.5550275,0.4644924,0.1426737,0.6996143,0.3846885,-0.03943157,0.6112614,0.3158096,-0.2134849,0.5387168,0.4470378,0.4549435,0.7334995
72057594037973989,0,1.834835,18995.08,0.4340861,0.1428822,0.7174211,0.4726151,0.5701359,0.71786,0.3785874,0.4350862,0.6968633,0.3289338,0.3111026,0.6937521,0.3673634,0.2473745,0.628554,0.3929354,0.2231874,0.6132807,0.542491,0.4063985,0.7170917,0.5163254,0.2807683,0.6766391,0.4071456,0.2295433,0.6169837,0.3913217,0.2296602,0.6120245,0.3887842,0.1513925,0.7005339,0.4006854,-0.04480544,0.6194538,0.4174591,-0.232004,0.5550275,0.4644924,0.1426737,0.6996143,0.3846885,-0.03943157,0.6112614,0.3158096,-0.2134849,0.5387168,0.4470378,0.4549435,0.7334995
72057594037973989,0,1.834835,18995.08,0.4340861,0.1428822,0.7174211,0.4726151,0.5701359,0.71786,0.3785874,0.4350862,0.6968633,0.3289338,0.3111026,0.6937521,0.3673634,0.2473745,0.628554,0.3929354,0.2231874,0.6132807,0.542491,0.4063985,0.7170917,0.5163254,0.2807683,0.6766391,0.4071456,0.2295433,0.6169837,0.3913217,0.2296602,0.6120245,0.3887842,0.1513925,0.7005339,0.4006854,-0.04480544,0.6194538,0.4174591,-0.232004,0.5550275,0.4644924,0.1426737,0.6996143,0.3846885,-0.03943157,0.6112614,0.3158096,-0.2134849,0.5387168,0.4470378,0.4549435,0.7334995
72057594037973989,0,1.834835,18995.08,0.4340861,0.1428822,0.7174211,0.4726151,0.5701359,0.71786,0.3785874,0.4350862,0.6968633,0.3289338,0.3111026,0.6937521,0.3673634,0.2473745,0.628554,0.3929354,0.2231874,0.6132807,0.542491,0.4063985,0.7170917,0.5163254,0.2807683,0.6766391,0.4071456,0.2295433,0.6169837,0.3913217,0.2296602,0.6120245,0.3887842,0.1513925,0.7005339,0.4006854,-0.04480544,0.6194538,0.4174591,-0.232004,0.5550275,0.4644924,0.1426737,0.6996143,0.3846885,-0.03943157,0.6112614,0.3158096,-0.2134849,0.5387168,0.4470378,0.4549435,0.7334995
72057594037973989,0,1.834835,18995.09,0.4340861,0.1428822,0.7174211,0.4726151,0.5701359,0.71786,0.3785874,0.4350862,0.6968633,0.3289338,0.3111026,0.6937521,0.3673634,0.2473745,0.628554,0.3929354,0.2231874,0.6132807,0.542491,0.4063985,0.7170917,0.5163254,0.2807683,0.6766391,0.4071456,0.2295433,0.6169837,0.3913217,0.2296602,0.6120245,0.3887842,0.1513925,0.7005339,0.4006854,-0.04480544,0.6194538,0.4174591,-0.232004,0.5550275,0.4644924,0.1426737,0.6996143,0.3846885,-0.03943157,0.6112614,0.3158096,-0.2134849,0.5387168,0.4470378,0.4549435,0.7334995
72057594037973989,0,1.837509,18995.09,0.4316061,0.1406254,0.7147298,0.4664098,0.5679518,0.7078252,0.3758732,0.4359384,0.6945912,0.3257992,0.3123292,0.6955856,0.3638758,0.2471264,0.6288289,0.3878531,0.2260021,0.6111277,0.5412304,0.4057139,0.7151259,0.5150819,0.2802889,0.6739054,0.4076551,0.2253093,0.6144933,0.3845474,0.2233336,0.6031858,0.3859018,0.149553,0.7000095,0.393515,-0.04678011,0.6181284,0.4061905,-0.2337826,0.5530328,0.4615971,0.1401964,0.6945795,0.3819266,-0.04356322,0.610764,0.313339,-0.2188773,0.5426623,0.4430591,0.4548539,0.7308742
72057594037973989,0,1.837509,18995.09,0.4316061,0.1406254,0.7147298,0.4664098,0.5679518,0.7078252,0.3758732,0.4359384,0.6945912,0.3257992,0.3123292,0.6955856,0.3638758,0.2471264,0.6288289,0.3878531,0.2260021,0.6111277,0.5412304,0.4057139,0.7151259,0.5150819,0.2802889,0.6739054,0.4076551,0.2253093,0.6144933,0.3845474,0.2233336,0.6031858,0.3859018,0.149553,0.7000095,0.393515,-0.04678011,0.6181284,0.4061905,-0.2337826,0.5530328,0.4615971,0.1401964,0.6945795,0.3819266,-0.04356322,0.610764,0.313339,-0.2188773,0.5426623,0.4430591,0.4548539,0.7308742
72057594037973989,0,1.837509,18995.09,0.4316061,0.1406254,0.7147298,0.4664098,0.5679518,0.7078252,0.3758732,0.4359384,0.6945912,0.3257992,0.3123292,0.6955856,0.3638758,0.2471264,0.6288289,0.3878531,0.2260021,0.6111277,0.5412304,0.4057139,0.7151259,0.5150819,0.2802889,0.6739054,0.4076551,0.2253093,0.6144933,0.3845474,0.2233336,0.6031858,0.3859018,0.149553,0.7000095,0.393515,-0.04678011,0.6181284,0.4061905,-0.2337826,0.5530328,0.4615971,0.1401964,0.6945795,0.3819266,-0.04356322,0.610764,0.313339,-0.2188773,0.5426623,0.4430591,0.4548539,0.7308742
72057594037973989,0,1.837509,18995.1,0.4316061,0.1406254,0.7147298,0.4664098,0.5679518,0.7078252,0.3758732,0.4359384,0.6945912,0.3257992,0.3123292,0.6955856,0.3638758,0.2471264,0.6288289,0.3878531,0.2260021,0.6111277,0.5412304,0.4057139,0.7151259,0.5150819,0.2802889,0.6739054,0.4076551,0.2253093,0.6144933,0.3845474,0.2233336,0.6031858,0.3859018,0.149553,0.7000095,0.393515,-0.04678011,0.6181284,0.4061905,-0.2337826,0.5530328,0.4615971,0.1401964,0.6945795,0.3819266,-0.04356322,0.610764,0.313339,-0.2188773,0.5426623,0.4430591,0.4548539,0.7308742
72057594037973989,0,1.837509,18995.1,0.4316061,0.1406254,0.7147298,0.4664098,0.5679518,0.7078252,0.3758732,0.4359384,0.6945912,0.3257992,0.3123292,0.6955856,0.3638758,0.2471264,0.6288289,0.3878531,0.2260021,0.6111277,0.5412304,0.4057139,0.7151259,0.5150819,0.2802889,0.6739054,0.4076551,0.2253093,0.6144933,0.3845474,0.2233336,0.6031858,0.3859018,0.149553,0.7000095,0.393515,-0.04678011,0.6181284,0.4061905,-0.2337826,0.5530328,0.4615971,0.1401964,0.6945795,0.3819266,-0.04356322,0.610764,0.313339,-0.2188773,0.5426623,0.4430591,0.4548539,0.7308742
72057594037973989,0,1.837509,18995.1,0.4316061,0.1406254,0.7147298,0.4664098,0.5679518,0.7078252,0.3758732,0.4359384,0.6945912,0.3257992,0.3123292,0.6955856,0.3638758,0.2471264,0.6288289,0.3878531,0.2260021,0.6111277,0.5412304,0.4057139,0.7151259,0.5150819,0.2802889,0.6739054,0.4076551,0.2253093,0.6144933,0.3845474,0.2233336,0.6031858,0.3859018,0.149553,0.7000095,0.393515,-0.04678011,0.6181284,0.4061905,-0.2337826,0.5530328,0.4615971,0.1401964,0.6945795,0.3819266,-0.04356322,0.610764,0.313339,-0.2188773,0.5426623,0.4430591,0.4548539,0.7308742
72057594037973989,0,1.837509,18995.11,0.4316061,0.1406254,0.7147298,0.4664098,0.5679518,0.7078252,0.3758732,0.4359384,0.6945912,0.3257992,0.3123292,0.6955856,0.3638758,0.2471264,0.6288289,0.3878531,0.2260021,0.6111277,0.5412304,0.4057139,0.7151259,0.5150819,0.2802889,0.6739054,0.4076551,0.2253093,0.6144933,0.3845474,0.2233336,0.6031858,0.3859018,0.149553,0.7000095,0.393515,-0.04678011,0.6181284,0.4061905,-0.2337826,0.5530328,0.4615971,0.1401964,0.6945795,0.3819266,-0.04356322,0.610764,0.313339,-0.2188773,0.5426623,0.4430591,0.4548539,0.7308742
72057594037973989,0,1.837509,18995.11,0.4316061,0.1406254,0.7147298,0.4664098,0.5679518,0.7078252,0.3758732,0.4359384,0.6945912,0.3257992,0.3123292,0.6955856,0.3638758,0.2471264,0.6288289,0.3878531,0.2260021,0.6111277,0.5412304,0.4057139,0.7151259,0.5150819,0.2802889,0.6739054,0.4076551,0.2253093,0.6144933,0.3845474,0.2233336,0.6031858,0.3859018,0.149553,0.7000095,0.393515,-0.04678011,0.6181284,0.4061905,-0.2337826,0.5530328,0.4615971,0.1401964,0.6945795,0.3819266,-0.04356322,0.610764,0.313339,-0.2188773,0.5426623,0.4430591,0.4548539,0.7308742
72057594037973989,0,1.837509,18995.11,0.4316061,0.1406254,0.7147298,0.4664098,0.5679518,0.7078252,0.3758732,0.4359384,0.6945912,0.3257992,0.3123292,0.6955856,0.3638758,0.2471264,0.6288289,0.3878531,0.2260021,0.6111277,0.5412304,0.4057139,0.7151259,0.5150819,0.2802889,0.6739054,0.4076551,0.2253093,0.6144933,0.3845474,0.2233336,0.6031858,0.3859018,0.149553,0.7000095,0.393515,-0.04678011,0.6181284,0.4061905,-0.2337826,0.5530328,0.4615971,0.1401964,0.6945795,0.3819266,-0.04356322,0.610764,0.313339,-0.2188773,0.5426623,0.4430591,0.4548539,0.7308742
72057594037973989,0,1.837509,18995.11,0.4316061,0.1406254,0.7147298,0.4664098,0.5679518,0.7078252,0.3758732,0.4359384,0.6945912,0.3257992,0.3123292,0.6955856,0.3638758,0.2471264,0.6288289,0.3878531,0.2260021,0.6111277,0.5412304,0.4057139,0.7151259,0.5150819,0.2802889,0.6739054,0.4076551,0.2253093,0.6144933,0.3845474,0.2233336,0.6031858,0.3859018,0.149553,0.7000095,0.393515,-0.04678011,0.6181284,0.4061905,-0.2337826,0.5530328,0.4615971,0.1401964,0.6945795,0.3819266,-0.04356322,0.610764,0.313339,-0.2188773,0.5426623,0.4430591,0.4548539,0.7308742
72057594037973989,0,1.837509,18995.12,0.4316061,0.1406254,0.7147298,0.4664098,0.5679518,0.7078252,0.3758732,0.4359384,0.6945912,0.3257992,0.3123292,0.6955856,0.3638758,0.2471264,0.6288289,0.3878531,0.2260021,0.6111277,0.5412304,0.4057139,0.7151259,0.5150819,0.2802889,0.6739054,0.4076551,0.2253093,0.6144933,0.3845474,0.2233336,0.6031858,0.3859018,0.149553,0.7000095,0.393515,-0.04678011,0.6181284,0.4061905,-0.2337826,0.5530328,0.4615971,0.1401964,0.6945795,0.3819266,-0.04356322,0.610764,0.313339,-0.2188773,0.5426623,0.4430591,0.4548539,0.7308742
72057594037973989,0,1.837509,18995.12,0.4316061,0.1406254,0.7147298,0.4664098,0.5679518,0.7078252,0.3758732,0.4359384,0.6945912,0.3257992,0.3123292,0.6955856,0.3638758,0.2471264,0.6288289,0.3878531,0.2260021,0.6111277,0.5412304,0.4057139,0.7151259,0.5150819,0.2802889,0.6739054,0.4076551,0.2253093,0.6144933,0.3845474,0.2233336,0.6031858,0.3859018,0.149553,0.7000095,0.393515,-0.04678011,0.6181284,0.4061905,-0.2337826,0.5530328,0.4615971,0.1401964,0.6945795,0.3819266,-0.04356322,0.610764,0.313339,-0.2188773,0.5426623,0.4430591,0.4548539,0.7308742
72057594037973989,0,1.837509,18995.12,0.4316061,0.1406254,0.7147298,0.4664098,0.5679518,0.7078252,0.3758732,0.4359384,0.6945912,0.3257992,0.3123292,0.6955856,0.3638758,0.2471264,0.6288289,0.3878531,0.2260021,0.6111277,0.5412304,0.4057139,0.7151259,0.5150819,0.2802889,0.6739054,0.4076551,0.2253093,0.6144933,0.3845474,0.2233336,0.6031858,0.3859018,0.149553,0.7000095,0.393515,-0.04678011,0.6181284,0.4061905,-0.2337826,0.5530328,0.4615971,0.1401964,0.6945795,0.3819266,-0.04356322,0.610764,0.313339,-0.2188773,0.5426623,0.4430591,0.4548539,0.7308742
72057594037973989,0,1.84184,18995.12,0.4281032,0.1362279,0.710866,0.4585249,0.5642501,0.6965482,0.3677852,0.4361392,0.6948333,0.321164,0.3114035,0.6971369,0.3543627,0.2333839,0.6189658,0.3757798,0.2150291,0.5986016,0.5315286,0.4003291,0.6978286,0.5080419,0.2729585,0.6626347,0.3983952,0.2187686,0.606753,0.3745199,0.2184774,0.5945576,0.3822375,0.1450747,0.6989005,0.3965497,-0.0535121,0.6281058,0.4155203,-0.2423945,0.5737161,0.4576536,0.1363941,0.688311,0.372321,-0.04884505,0.6162136,0.2986317,-0.225284,0.5593025,0.4404219,0.4477396,0.7166034
72057594037973989,0,1.84184,18995.13,0.4281032,0.1362279,0.710866,0.4585249,0.5642501,0.6965482,0.3677852,0.4361392,0.6948333,0.321164,0.3114035,0.6971369,0.3543627,0.2333839,0.6189658,0.3757798,0.2150291,0.5986016,0.5315286,0.4003291,0.6978286,0.5080419,0.2729585,0.6626347,0.3983952,0.2187686,0.606753,0.3745199,0.2184774,0.5945576,0.3822375,0.1450747,0.6989005,0.3965497,-0.0535121,0.6281058,0.4155203,-0.2423945,0.5737161,0.4576536,0.1363941,0.688311,0.372321,-0.04884505,0.6162136,0.2986317,-0.225284,0.5593025,0.4404219,0.4477396,0.7166034
72057594037973989,0,1.84184,18995.13,0.4281032,0.1362279,0.710866,0.4585249,0.5642501,0.6965482,0.3677852,0.4361392,0.6948333,0.321164,0.3114035,0.6971369,0.3543627,0.2333839,0.6189658,0.3757798,0.2150291,0.5986016,0.5315286,0.4003291,0.6978286,0.5080419,0.2729585,0.6626347,0.3983952,0.2187686,0.606753,0.3745199,0.2184774,0.5945576,0.3822375,0.1450747,0.6989005,0.3965497,-0.0535121,0.6281058,0.4155203,-0.2423945,0.5737161,0.4576536,0.1363941,0.688311,0.372321,-0.04884505,0.6162136,0.2986317,-0.225284,0.5593025,0.4404219,0.4477396,0.7166034
72057594037973989,0,1.84184,18995.13,0.4281032,0.1362279,0.710866,0.4585249,0.5642501,0.6965482,0.3677852,0.4361392,0.6948333,0.321164,0.3114035,0.6971369,0.3543627,0.2333839,0.6189658,0.3757798,0.2150291,0.5986016,0.5315286,0.4003291,0.6978286,0.5080419,0.2729585,0.6626347,0.3983952,0.2187686,0.606753,0.3745199,0.2184774,0.5945576,0.3822375,0.1450747,0.6989005,0.3965497,-0.0535121,0.6281058,0.4155203,-0.2423945,0.5737161,0.4576536,0.1363941,0.688311,0.372321,-0.04884505,0.6162136,0.2986317,-0.225284,0.5593025,0.4404219,0.4477396,0.7166034
72057594037973989,0,1.84184,18995.13,0.4281032,0.1362279,0.710866,0.4585249,0.5642501,0.6965482,0.3677852,0.4361392,0.6948333,0.321164,0.3114035,0.6971369,0.3543627,0.2333839,0.6189658,0.3757798,0.2150291,0.5986016,0.5315286,0.4003291,0.6978286,0.5080419,0.2729585,0.6626347,0.3983952,0.2187686,0.606753,0.3745199,0.2184774,0.5945576,0.3822375,0.1450747,0.6989005,0.3965497,-0.0535121,0.6281058,0.4155203,-0.2423945,0.5737161,0.4576536,0.1363941,0.688311,0.372321,-0.04884505,0.6162136,0.2986317,-0.225284,0.5593025,0.4404219,0.4477396,0.7166034
72057594037973989,0,1.84184,18995.13,0.4281032,0.1362279,0.710866,0.4585249,0.5642501,0.6965482,0.3677852,0.4361392,0.6948333,0.321164,0.3114035,0.6971369,0.3543627,0.2333839,0.6189658,0.3757798,0.2150291,0.5986016,0.5315286,0.4003291,0.6978286,0.5080419,0.2729585,0.6626347,0.3983952,0.2187686,0.606753,0.3745199,0.2184774,0.5945576,0.3822375,0.1450747,0.6989005,0.3965497,-0.0535121,0.6281058,0.4155203,-0.2423945,0.5737161,0.4576536,0.1363941,0.688311,0.372321,-0.04884505,0.6162136,0.2986317,-0.225284,0.5593025,0.4404219,0.4477396,0.7166034
72057594037973989,0,1.84184,18995.13,0.4281032,0.1362279,0.710866,0.4585249,0.5642501,0.6965482,0.3677852,0.4361392,0.6948333,0.321164,0.3114035,0.6971369,0.3543627,0.2333839,0.6189658,0.3757798,0.2150291,0.5986016,0.5315286,0.4003291,0.6978286,0.5080419,0.2729585,0.6626347,0.3983952,0.2187686,0.606753,0.3745199,0.2184774,0.5945576,0.3822375,0.1450747,0.6989005,0.3965497,-0.0535121,0.6281058,0.4155203,-0.2423945,0.5737161,0.4576536,0.1363941,0.688311,0.372321,-0.04884505,0.6162136,0.2986317,-0.225284,0.5593025,0.4404219,0.4477396,0.7166034
72057594037973989,0,1.84184,18995.14,0.4281032,0.1362279,0.710866,0.4585249,0.5642501,0.6965482,0.3677852,0.4361392,0.6948333,0.321164,0.3114035,0.6971369,0.3543627,0.2333839,0.6189658,0.3757798,0.2150291,0.5986016,0.5315286,0.4003291,0.6978286,0.5080419,0.2729585,0.6626347,0.3983952,0.2187686,0.606753,0.3745199,0.2184774,0.5945576,0.3822375,0.1450747,0.6989005,0.3965497,-0.0535121,0.6281058,0.4155203,-0.2423945,0.5737161,0.4576536,0.1363941,0.688311,0.372321,-0.04884505,0.6162136,0.2986317,-0.225284,0.5593025,0.4404219,0.4477396,0.7166034
72057594037973989,0,1.84184,18995.14,0.4281032,0.1362279,0.710866,0.4585249,0.5642501,0.6965482,0.3677852,0.4361392,0.6948333,0.321164,0.3114035,0.6971369,0.3543627,0.2333839,0.6189658,0.3757798,0.2150291,0.5986016,0.5315286,0.4003291,0.6978286,0.5080419,0.2729585,0.6626347,0.3983952,0.2187686,0.606753,0.3745199,0.2184774,0.5945576,0.3822375,0.1450747,0.6989005,0.3965497,-0.0535121,0.6281058,0.4155203,-0.2423945,0.5737161,0.4576536,0.1363941,0.688311,0.372321,-0.04884505,0.6162136,0.2986317,-0.225284,0.5593025,0.4404219,0.4477396,0.7166034
72057594037973989,0,1.84184,18995.14,0.4281032,0.1362279,0.710866,0.4585249,0.5642501,0.6965482,0.3677852,0.4361392,0.6948333,0.321164,0.3114035,0.6971369,0.3543627,0.2333839,0.6189658,0.3757798,0.2150291,0.5986016,0.5315286,0.4003291,0.6978286,0.5080419,0.2729585,0.6626347,0.3983952,0.2187686,0.606753,0.3745199,0.2184774,0.5945576,0.3822375,0.1450747,0.6989005,0.3965497,-0.0535121,0.6281058,0.4155203,-0.2423945,0.5737161,0.4576536,0.1363941,0.688311,0.372321,-0.04884505,0.6162136,0.2986317,-0.225284,0.5593025,0.4404219,0.4477396,0.7166034
72057594037973989,0,1.84184,18995.15,0.4281032,0.1362279,0.710866,0.4585249,0.5642501,0.6965482,0.3677852,0.4361392,0.6948333,0.321164,0.3114035,0.6971369,0.3543627,0.2333839,0.6189658,0.3757798,0.2150291,0.5986016,0.5315286,0.4003291,0.6978286,0.5080419,0.2729585,0.6626347,0.3983952,0.2187686,0.606753,0.3745199,0.2184774,0.5945576,0.3822375,0.1450747,0.6989005,0.3965497,-0.0535121,0.6281058,0.4155203,-0.2423945,0.5737161,0.4576536,0.1363941,0.688311,0.372321,-0.04884505,0.6162136,0.2986317,-0.225284,0.5593025,0.4404219,0.4477396,0.7166034
72057594037973989,0,1.84184,18995.15,0.4281032,0.1362279,0.710866,0.4585249,0.5642501,0.6965482,0.3677852,0.4361392,0.6948333,0.321164,0.3114035,0.6971369,0.3543627,0.2333839,0.6189658,0.3757798,0.2150291,0.5986016,0.5315286,0.4003291,0.6978286,0.5080419,0.2729585,0.6626347,0.3983952,0.2187686,0.606753,0.3745199,0.2184774,0.5945576,0.3822375,0.1450747,0.6989005,0.3965497,-0.0535121,0.6281058,0.4155203,-0.2423945,0.5737161,0.4576536,0.1363941,0.688311,0.372321,-0.04884505,0.6162136,0.2986317,-0.225284,0.5593025,0.4404219,0.4477396,0.7166034
72057594037973989,0,1.84184,18995.15,0.4281032,0.1362279,0.710866,0.4585249,0.5642501,0.6965482,0.3677852,0.4361392,0.6948333,0.321164,0.3114035,0.6971369,0.3543627,0.2333839,0.6189658,0.3757798,0.2150291,0.5986016,0.5315286,0.4003291,0.6978286,0.5080419,0.2729585,0.6626347,0.3983952,0.2187686,0.606753,0.3745199,0.2184774,0.5945576,0.3822375,0.1450747,0.6989005,0.3965497,-0.0535121,0.6281058,0.4155203,-0.2423945,0.5737161,0.4576536,0.1363941,0.688311,0.372321,-0.04884505,0.6162136,0.2986317,-0.225284,0.5593025,0.4404219,0.4477396,0.7166034
72057594037973989,0,1.84184,18995.15,0.4281032,0.1362279,0.710866,0.4585249,0.5642501,0.6965482,0.3677852,0.4361392,0.6948333,0.321164,0.3114035,0.6971369,0.3543627,0.2333839,0.6189658,0.3757798,0.2150291,0.5986016,0.5315286,0.4003291,0.6978286,0.5080419,0.2729585,0.6626347,0.3983952,0.2187686,0.606753,0.3745199,0.2184774,0.5945576,0.3822375,0.1450747,0.6989005,0.3965497,-0.0535121,0.6281058,0.4155203,-0.2423945,0.5737161,0.4576536,0.1363941,0.688311,0.372321,-0.04884505,0.6162136,0.2986317,-0.225284,0.5593025,0.4404219,0.4477396,0.7166034
72057594037973989,0,1.851661,18995.16,0.4198465,0.1261756,0.7021205,0.4482755,0.5598058,0.6855645,0.3413464,0.4134485,0.6969767,0.3091053,0.3006611,0.7002198,0.3455264,0.2172524,0.6057256,0.3650973,0.2062086,0.5899313,0.5190471,0.3955562,0.6813766,0.4963177,0.267596,0.6483284,0.3838993,0.2133372,0.5985683,0.3635451,0.2154275,0.5888996,0.3728721,0.1342164,0.693493,0.3992507,-0.06564981,0.633509,0.4293062,-0.254721,0.589761,0.4502753,0.1280693,0.6774541,0.3555182,-0.05852112,0.6243079,0.2736506,-0.2352012,0.5855235,0.4340127,0.4431751,0.7064372
72057594037973989,0,1.851661,18995.16,0.4198465,0.1261756,0.7021205,0.4482755,0.5598058,0.6855645,0.3413464,0.4134485,0.6969767,0.3091053,0.3006611,0.7002198,0.3455264,0.2172524,0.6057256,0.3650973,0.2062086,0.5899313,0.5190471,0.3955562,0.6813766,0.4963177,0.267596,0.6483284,0.3838993,0.2133372,0.5985683,0.3635451,0.2154275,0.5888996,0.3728721,0.1342164,0.693493,0.3992507,-0.06564981,0.633509,0.4293062,-0.254721,0.589761,0.4502753,0.1280693,0.6774541,0.3555182,-0.05852112,0.6243079,0.2736506,-0.2352012,0.5855235,0.4340127,0.4431751,0.7064372
72057594037973989,0,1.851661,18995.16,0.4198465,0.1261756,0.7021205,0.4482755,0.5598058,0.6855645,0.3413464,0.4134485,0.6969767,0.3091053,0.3006611,0.7002198,0.3455264,0.2172524,0.6057256,0.3650973,0.2062086,0.5899313,0.5190471,0.3955562,0.6813766,0.4963177,0.267596,0.6483284,0.3838993,0.2133372,0.5985683,0.3635451,0.2154275,0.5888996,0.3728721,0.1342164,0.693493,0.3992507,-0.06564981,0.633509,0.4293062,-0.254721,0.589761,0.4502753,0.1280693,0.6774541,0.3555182,-0.05852112,0.6243079,0.2736506,-0.2352012,0.5855235,0.4340127,0.4431751,0.7064372
72057594037973989,0,1.851661,18995.16,0.4198465,0.1261756,0.7021205,0.4482755,0.5598058,0.6855645,0.3413464,0.4134485,0.6969767,0.3091053,0.3006611,0.7002198,0.3455264,0.2172524,0.6057256,0.3650973,0.2062086,0.5899313,0.5190471,0.3955562,0.6813766,0.4963177,0.267596,0.6483284,0.3838993,0.2133372,0.5985683,0.3635451,0.2154275,0.5888996,0.3728721,0.1342164,0.693493,0.3992507,-0.06564981,0.633509,0.4293062,-0.254721,0.589761,0.4502753,0.1280693,0.6774541,0.3555182,-0.05852112,0.6243079,0.2736506,-0.2352012,0.5855235,0.4340127,0.4431751,0.7064372
72057594037973989,0,1.851661,18995.17,0.4198465,0.1261756,0.7021205,0.4482755,0.5598058,0.6855645,0.3413464,0.4134485,0.6969767,0.3091053,0.3006611,0.7002198,0.3455264,0.2172524,0.6057256,0.3650973,0.2062086,0.5899313,0.5190471,0.3955562,0.6813766,0.4963177,0.267596,0.6483284,0.3838993,0.2133372,0.5985683,0.3635451,0.2154275,0.5888996,0.3728721,0.1342164,0.693493,0.3992507,-0.06564981,0.633509,0.4293062,-0.254721,0.589761,0.4502753,0.1280693,0.6774541,0.3555182,-0.05852112,0.6243079,0.2736506,-0.2352012,0.5855235,0.4340127,0.4431751,0.7064372
72057594037973989,0,1.851661,18995.17,0.4198465,0.1261756,0.7021205,0.4482755,0.5598058,0.6855645,0.3413464,0.4134485,0.6969767,0.3091053,0.3006611,0.7002198,0.3455264,0.2172524,0.6057256,0.3650973,0.2062086,0.5899313,0.5190471,0.3955562,0.6813766,0.4963177,0.267596,0.6483284,0.3838993,0.2133372,0.5985683,0.3635451,0.2154275,0.5888996,0.3728721,0.1342164,0.693493,0.3992507,-0.06564981,0.633509,0.4293062,-0.254721,0.589761,0.4502753,0.1280693,0.6774541,0.3555182,-0.05852112,0.6243079,0.2736506,-0.2352012,0.5855235,0.4340127,0.4431751,0.7064372
72057594037973989,0,1.851661,18995.17,0.4198465,0.1261756,0.7021205,0.4482755,0.5598058,0.6855645,0.3413464,0.4134485,0.6969767,0.3091053,0.3006611,0.7002198,0.3455264,0.2172524,0.6057256,0.3650973,0.2062086,0.5899313,0.5190471,0.3955562,0.6813766,0.4963177,0.267596,0.6483284,0.3838993,0.2133372,0.5985683,0.3635451,0.2154275,0.5888996,0.3728721,0.1342164,0.693493,0.3992507,-0.06564981,0.633509,0.4293062,-0.254721,0.589761,0.4502753,0.1280693,0.6774541,0.3555182,-0.05852112,0.6243079,0.2736506,-0.2352012,0.5855235,0.4340127,0.4431751,0.7064372
72057594037973989,0,1.851661,18995.17,0.4198465,0.1261756,0.7021205,0.4482755,0.5598058,0.6855645,0.3413464,0.4134485,0.6969767,0.3091053,0.3006611,0.7002198,0.3455264,0.2172524,0.6057256,0.3650973,0.2062086,0.5899313,0.5190471,0.3955562,0.6813766,0.4963177,0.267596,0.6483284,0.3838993,0.2133372,0.5985683,0.3635451,0.2154275,0.5888996,0.3728721,0.1342164,0.693493,0.3992507,-0.06564981,0.633509,0.4293062,-0.254721,0.589761,0.4502753,0.1280693,0.6774541,0.3555182,-0.05852112,0.6243079,0.2736506,-0.2352012,0.5855235,0.4340127,0.4431751,0.7064372
72057594037973989,0,1.851661,18995.17,0.4198465,0.1261756,0.7021205,0.4482755,0.5598058,0.6855645,0.3413464,0.4134485,0.6969767,0.3091053,0.3006611,0.7002198,0.3455264,0.2172524,0.6057256,0.3650973,0.2062086,0.5899313,0.5190471,0.3955562,0.6813766,0.4963177,0.267596,0.6483284,0.3838993,0.2133372,0.5985683,0.3635451,0.2154275,0.5888996,0.3728721,0.1342164,0.693493,0.3992507,-0.06564981,0.633509,0.4293062,-0.254721,0.589761,0.4502753,0.1280693,0.6774541,0.3555182,-0.05852112,0.6243079,0.2736506,-0.2352012,0.5855235,0.4340127,0.4431751,0.7064372
72057594037973989,0,1.851661,18995.18,0.4198465,0.1261756,0.7021205,0.4482755,0.5598058,0.6855645,0.3413464,0.4134485,0.6969767,0.3091053,0.3006611,0.7002198,0.3455264,0.2172524,0.6057256,0.3650973,0.2062086,0.5899313,0.5190471,0.3955562,0.6813766,0.4963177,0.267596,0.6483284,0.3838993,0.2133372,0.5985683,0.3635451,0.2154275,0.5888996,0.3728721,0.1342164,0.693493,0.3992507,-0.06564981,0.633509,0.4293062,-0.254721,0.589761,0.4502753,0.1280693,0.6774541,0.3555182,-0.05852112,0.6243079,0.2736506,-0.2352012,0.5855235,0.4340127,0.4431751,0.7064372
72057594037973989,0,1.851661,18995.18,0.4198465,0.1261756,0.7021205,0.4482755,0.5598058,0.6855645,0.3413464,0.4134485,0.6969767,0.3091053,0.3006611,0.7002198,0.3455264,0.2172524,0.6057256,0.3650973,0.2062086,0.5899313,0.5190471,0.3955562,0.6813766,0.4963177,0.267596,0.6483284,0.3838993,0.2133372,0.5985683,0.3635451,0.2154275,0.5888996,0.3728721,0.1342164,0.693493,0.3992507,-0.06564981,0.633509,0.4293062,-0.254721,0.589761,0.4502753,0.1280693,0.6774541,0.3555182,-0.05852112,0.6243079,0.2736506,-0.2352012,0.5855235,0.4340127,0.4431751,0.7064372
72057594037973989,0,1.851661,18995.18,0.4198465,0.1261756,0.7021205,0.4482755,0.5598058,0.6855645,0.3413464,0.4134485,0.6969767,0.3091053,0.3006611,0.7002198,0.3455264,0.2172524,0.6057256,0.3650973,0.2062086,0.5899313,0.5190471,0.3955562,0.6813766,0.4963177,0.267596,0.6483284,0.3838993,0.2133372,0.5985683,0.3635451,0.2154275,0.5888996,0.3728721,0.1342164,0.693493,0.3992507,-0.06564981,0.633509,0.4293062,-0.254721,0.589761,0.4502753,0.1280693,0.6774541,0.3555182,-0.05852112,0.6243079,0.2736506,-0.2352012,0.5855235,0.4340127,0.4431751,0.7064372
72057594037973989,0,1.851661,18995.18,0.4198465,0.1261756,0.7021205,0.4482755,0.5598058,0.6855645,0.3413464,0.4134485,0.6969767,0.3091053,0.3006611,0.7002198,0.3455264,0.2172524,0.6057256,0.3650973,0.2062086,0.5899313,0.5190471,0.3955562,0.6813766,0.4963177,0.267596,0.6483284,0.3838993,0.2133372,0.5985683,0.3635451,0.2154275,0.5888996,0.3728721,0.1342164,0.693493,0.3992507,-0.06564981,0.633509,0.4293062,-0.254721,0.589761,0.4502753,0.1280693,0.6774541,0.3555182,-0.05852112,0.6243079,0.2736506,-0.2352012,0.5855235,0.4340127,0.4431751,0.7064372
72057594037973989,0,1.851661,18995.19,0.4198465,0.1261756,0.7021205,0.4482755,0.5598058,0.6855645,0.3413464,0.4134485,0.6969767,0.3091053,0.3006611,0.7002198,0.3455264,0.2172524,0.6057256,0.3650973,0.2062086,0.5899313,0.5190471,0.3955562,0.6813766,0.4963177,0.267596,0.6483284,0.3838993,0.2133372,0.5985683,0.3635451,0.2154275,0.5888996,0.3728721,0.1342164,0.693493,0.3992507,-0.06564981,0.633509,0.4293062,-0.254721,0.589761,0.4502753,0.1280693,0.6774541,0.3555182,-0.05852112,0.6243079,0.2736506,-0.2352012,0.5855235,0.4340127,0.4431751,0.7064372
72057594037973989,0,1.857522,18995.19,0.4081265,0.125891,0.6925357,0.4363262,0.5563984,0.6731526,0.3359125,0.426258,0.6896154,0.299825,0.2996095,0.7009485,0.3396142,0.2155536,0.6050506,0.3601297,0.2052635,0.5899581,0.509414,0.3953844,0.6690866,0.4823938,0.2700102,0.6279196,0.3686714,0.2092149,0.5910822,0.350682,0.2127748,0.5858607,0.3613311,0.1335284,0.6864334,0.4014057,-0.06652853,0.6510469,0.4442557,-0.2559079,0.6306245,0.4384417,0.1285706,0.6656026,0.4476276,-0.04836139,0.700175,0.4672169,-0.2530272,0.7552637,0.4223077,0.439837,0.693796
72057594037973989,0,1.857522,18995.19,0.4081265,0.125891,0.6925357,0.4363262,0.5563984,0.6731526,0.3359125,0.426258,0.6896154,0.299825,0.2996095,0.7009485,0.3396142,0.2155536,0.6050506,0.3601297,0.2052635,0.5899581,0.509414,0.3953844,0.6690866,0.4823938,0.2700102,0.6279196,0.3686714,0.2092149,0.5910822,0.350682,0.2127748,0.5858607,0.3613311,0.1335284,0.6864334,0.4014057,-0.06652853,0.6510469,0.4442557,-0.2559079,0.6306245,0.4384417,0.1285706,0.6656026,0.4476276,-0.04836139,0.700175,0.4672169,-0.2530272,0.7552637,0.4223077,0.439837,0.693796
72057594037973989,0,1.857522,18995.2,0.4081265,0.125891,0.6925357,0.4363262,0.5563984,0.6731526,0.3359125,0.426258,0.6896154,0.299825,0.2996095,0.7009485,0.3396142,0.2155536,0.6050506,0.3601297,0.2052635,0.5899581,0.509414,0.3953844,0.6690866,0.4823938,0.2700102,0.6279196,0.3686714,0.2092149,0.5910822,0.350682,0.2127748,0.5858607,0.3613311,0.1335284,0.6864334,0.4014057,-0.06652853,0.6510469,0.4442557,-0.2559079,0.6306245,0.4384417,0.1285706,0.6656026,0.4476276,-0.04836139,0.700175,0.4672169,-0.2530272,0.7552637,0.4223077,0.439837,0.693796
72057594037973989,0,1.857522,18995.2,0.4081265,0.125891,0.6925357,0.4363262,0.5563984,0.6731526,0.3359125,0.426258,0.6896154,0.299825,0.2996095,0.7009485,0.3396142,0.2155536,0.6050506,0.3601297,0.2052635,0.5899581,0.509414,0.3953844,0.6690866,0.4823938,0.2700102,0.6279196,0.3686714,0.2092149,0.5910822,0.350682,0.2127748,0.5858607,0.3613311,0.1335284,0.6864334,0.4014057,-0.06652853,0.6510469,0.4442557,-0.2559079,0.6306245,0.4384417,0.1285706,0.6656026,0.4476276,-0.04836139,0.700175,0.4672169,-0.2530272,0.7552637,0.4223077,0.439837,0.693796
72057594037973989,0,1.857522,18995.2,0.4081265,0.125891,0.6925357,0.4363262,0.5563984,0.6731526,0.3359125,0.426258,0.6896154,0.299825,0.2996095,0.7009485,0.3396142,0.2155536,0.6050506,0.3601297,0.2052635,0.5899581,0.509414,0.3953844,0.6690866,0.4823938,0.2700102,0.6279196,0.3686714,0.2092149,0.5910822,0.350682,0.2127748,0.5858607,0.3613311,0.1335284,0.6864334,0.4014057,-0.06652853,0.6510469,0.4442557,-0.2559079,0.6306245,0.4384417,0.1285706,0.6656026,0.4476276,-0.04836139,0.700175,0.4672169,-0.2530272,0.7552637,0.4223077,0.439837,0.693796
72057594037973989,0,1.857522,18995.2,0.4081265,0.125891,0.6925357,0.4363262,0.5563984,0.6731526,0.3359125,0.426258,0.6896154,0.299825,0.2996095,0.7009485,0.3396142,0.2155536,0.6050506,0.3601297,0.2052635,0.5899581,0.509414,0.3953844,0.6690866,0.4823938,0.2700102,0.6279196,0.3686714,0.2092149,0.5910822,0.350682,0.2127748,0.5858607,0.3613311,0.1335284,0.6864334,0.4014057,-0.06652853,0.6510469,0.4442557,-0.2559079,0.6306245,0.4384417,0.1285706,0.6656026,0.4476276,-0.04836139,0.700175,0.4672169,-0.2530272,0.7552637,0.4223077,0.439837,0.693796
72057594037973989,0,1.857522,18995.21,0.4081265,0.125891,0.6925357,0.4363262,0.5563984,0.6731526,0.3359125,0.426258,0.6896154,0.299825,0.2996095,0.7009485,0.3396142,0.2155536,0.6050506,0.3601297,0.2052635,0.5899581,0.509414,0.3953844,0.6690866,0.4823938,0.2700102,0.6279196,0.3686714,0.2092149,0.5910822,0.350682,0.2127748,0.5858607,0.3613311,0.1335284,0.6864334,0.4014057,-0.06652853,0.6510469,0.4442557,-0.2559079,0.6306245,0.4384417,0.1285706,0.6656026,0.4476276,-0.04836139,0.700175,0.4672169,-0.2530272,0.7552637,0.4223077,0.439837,0.693796
72057594037973989,0,1.857522,18995.21,0.4081265,0.125891,0.6925357,0.4363262,0.5563984,0.6731526,0.3359125,0.426258,0.6896154,0.299825,0.2996095,0.7009485,0.3396142,0.2155536,0.6050506,0.3601297,0.2052635,0.5899581,0.509414,0.3953844,0.6690866,0.4823938,0.2700102,0.6279196,0.3686714,0.2092149,0.5910822,0.350682,0.2127748,0.5858607,0.3613311,0.1335284,0.6864334,0.4014057,-0.06652853,0.6510469,0.4442557,-0.2559079,0.6306245,0.4384417,0.1285706,0.6656026,0.4476276,-0.04836139,0.700175,0.4672169,-0.2530272,0.7552637,0.4223077,0.439837,0.693796
72057594037973989,0,1.857522,18995.21,0.4081265,0.125891,0.6925357,0.4363262,0.5563984,0.6731526,0.3359125,0.426258,0.6896154,0.299825,0.2996095,0.7009485,0.3396142,0.2155536,0.6050506,0.3601297,0.2052635,0.5899581,0.509414,0.3953844,0.6690866,0.4823938,0.2700102,0.6279196,0.3686714,0.2092149,0.5910822,0.350682,0.2127748,0.5858607,0.3613311,0.1335284,0.6864334,0.4014057,-0.06652853,0.6510469,0.4442557,-0.2559079,0.6306245,0.4384417,0.1285706,0.6656026,0.4476276,-0.04836139,0.700175,0.4672169,-0.2530272,0.7552637,0.4223077,0.439837,0.693796
72057594037973989,0,1.857522,18995.21,0.4081265,0.125891,0.6925357,0.4363262,0.5563984,0.6731526,0.3359125,0.426258,0.6896154,0.299825,0.2996095,0.7009485,0.3396142,0.2155536,0.6050506,0.3601297,0.2052635,0.5899581,0.509414,0.3953844,0.6690866,0.4823938,0.2700102,0.6279196,0.3686714,0.2092149,0.5910822,0.350682,0.2127748,0.5858607,0.3613311,0.1335284,0.6864334,0.4014057,-0.06652853,0.6510469,0.4442557,-0.2559079,0.6306245,0.4384417,0.1285706,0.6656026,0.4476276,-0.04836139,0.700175,0.4672169,-0.2530272,0.7552637,0.4223077,0.439837,0.693796
72057594037973989,0,1.857522,18995.21,0.4081265,0.125891,0.6925357,0.4363262,0.5563984,0.6731526,0.3359125,0.426258,0.6896154,0.299825,0.2996095,0.7009485,0.3396142,0.2155536,0.6050506,0.3601297,0.2052635,0.5899581,0.509414,0.3953844,0.6690866,0.4823938,0.2700102,0.6279196,0.3686714,0.2092149,0.5910822,0.350682,0.2127748,0.5858607,0.3613311,0.1335284,0.6864334,0.4014057,-0.06652853,0.6510469,0.4442557,-0.2559079,0.6306245,0.4384417,0.1285706,0.6656026,0.4476276,-0.04836139,0.700175,0.4672169,-0.2530272,0.7552637,0.4223077,0.439837,0.693796
72057594037973989,0,1.857522,18995.22,0.4081265,0.125891,0.6925357,0.4363262,0.5563984,0.6731526,0.3359125,0.426258,0.6896154,0.299825,0.2996095,0.7009485,0.3396142,0.2155536,0.6050506,0.3601297,0.2052635,0.5899581,0.509414,0.3953844,0.6690866,0.4823938,0.2700102,0.6279196,0.3686714,0.2092149,0.5910822,0.350682,0.2127748,0.5858607,0.3613311,0.1335284,0.6864334,0.4014057,-0.06652853,0.6510469,0.4442557,-0.2559079,0.6306245,0.4384417,0.1285706,0.6656026,0.4476276,-0.04836139,0.700175,0.4672169,-0.2530272,0.7552637,0.4223077,0.439837,0.693796
72057594037973989,0,1.857522,18995.22,0.4081265,0.125891,0.6925357,0.4363262,0.5563984,0.6731526,0.3359125,0.426258,0.6896154,0.299825,0.2996095,0.7009485,0.3396142,0.2155536,0.6050506,0.3601297,0.2052635,0.5899581,0.509414,0.3953844,0.6690866,0.4823938,0.2700102,0.6279196,0.3686714,0.2092149,0.5910822,0.350682,0.2127748,0.5858607,0.3613311,0.1335284,0.6864334,0.4014057,-0.06652853,0.6510469,0.4442557,-0.2559079,0.6306245,0.4384417,0.1285706,0.6656026,0.4476276,-0.04836139,0.700175,0.4672169,-0.2530272,0.7552637,0.4223077,0.439837,0.693796
72057594037973989,0,1.86628,18995.22,0.3950436,0.1258614,0.679348,0.422812,0.5505556,0.6622866,0.3345336,0.4258416,0.6889248,0.2895493,0.3015727,0.6987188,0.3280427,0.2149883,0.6045673,0.3561509,0.2030121,0.5905726,0.5003287,0.4034981,0.6617965,0.4691947,0.2785306,0.6217391,0.3538699,0.2162826,0.5941904,0.327971,0.2136281,0.5859256,0.3484291,0.1319925,0.6761288,0.3931358,-0.06618026,0.6565797,0.440508,-0.2548224,0.6511523,0.4252722,0.1304903,0.6495408,0.4448627,-0.04839528,0.6976428,0.4736529,-0.2392444,0.7624918,0.4153331,0.4380296,0.6868742
72057594037973989,0,1.86628,18995.22,0.3950436,0.1258614,0.679348,0.422812,0.5505556,0.6622866,0.3345336,0.4258416,0.6889248,0.2895493,0.3015727,0.6987188,0.3280427,0.2149883,0.6045673,0.3561509,0.2030121,0.5905726,0.5003287,0.4034981,0.6617965,0.4691947,0.2785306,0.6217391,0.3538699,0.2162826,0.5941904,0.327971,0.2136281,0.5859256,0.3484291,0.1319925,0.6761288,0.3931358,-0.06618026,0.6565797,0.440508,-0.2548224,0.6511523,0.4252722,0.1304903,0.6495408,0.4448627,-0.04839528,0.6976428,0.4736529,-0.2392444,0.7624918,0.4153331,0.4380296,0.6868742
72057594037973989,0,1.86628,18995.23,0.3950436,0.1258614,0.679348,0.422812,0.5505556,0.6622866,0.3345336,0.4258416,0.6889248,0.2895493,0.3015727,0.6987188,0.3280427,0.2149883,0.6045673,0.3561509,0.2030121,0.5905726,0.5003287,0.4034981,0.6617965,0.4691947,0.2785306,0.6217391,0.3538699,0.2162826,0.5941904,0.327971,0.2136281,0.5859256,0.3484291,0.1319925,0.6761288,0.3931358,-0.06618026,0.6565797,0.440508,-0.2548224,0.6511523,0.4252722,0.1304903,0.6495408,0.4448627,-0.04839528,0.6976428,0.4736529,-0.2392444,0.7624918,0.4153331,0.4380296,0.6868742
72057594037973989,0,1.86628,18995.23,0.3950436,0.1258614,0.679348,0.422812,0.5505556,0.6622866,0.3345336,0.4258416,0.6889248,0.2895493,0.3015727,0.6987188,0.3280427,0.2149883,0.6045673,0.3561509,0.2030121,0.5905726,0.5003287,0.4034981,0.6617965,0.4691947,0.2785306,0.6217391,0.3538699,0.2162826,0.5941904,0.327971,0.2136281,0.5859256,0.3484291,0.1319925,0.6761288,0.3931358,-0.06618026,0.6565797,0.440508,-0.2548224,0.6511523,0.4252722,0.1304903,0.6495408,0.4448627,-0.04839528,0.6976428,0.4736529,-0.2392444,0.7624918,0.4153331,0.4380296,0.6868742
72057594037973989,0,1.86628,18995.23,0.3950436,0.1258614,0.679348,0.422812,0.5505556,0.6622866,0.3345336,0.4258416,0.6889248,0.2895493,0.3015727,0.6987188,0.3280427,0.2149883,0.6045673,0.3561509,0.2030121,0.5905726,0.5003287,0.4034981,0.6617965,0.4691947,0.2785306,0.6217391,0.3538699,0.2162826,0.5941904,0.327971,0.2136281,0.5859256,0.3484291,0.1319925,0.6761288,0.3931358,-0.06618026,0.6565797,0.440508,-0.2548224,0.6511523,0.4252722,0.1304903,0.6495408,0.4448627,-0.04839528,0.6976428,0.4736529,-0.2392444,0.7624918,0.4153331,0.4380296,0.6868742
72057594037973989,0,1.86628,18995.23,0.3950436,0.1258614,0.679348,0.422812,0.5505556,0.6622866,0.3345336,0.4258416,0.6889248,0.2895493,0.3015727,0.6987188,0.3280427,0.2149883,0.6045673,0.3561509,0.2030121,0.5905726,0.5003287,0.4034981,0.6617965,0.4691947,0.2785306,0.6217391,0.3538699,0.2162826,0.5941904,0.327971,0.2136281,0.5859256,0.3484291,0.1319925,0.6761288,0.3931358,-0.06618026,0.6565797,0.440508,-0.2548224,0.6511523,0.4252722,0.1304903,0.6495408,0.4448627,-0.04839528,0.6976428,0.4736529,-0.2392444,0.7624918,0.4153331,0.4380296,0.6868742
72057594037973989,0,1.86628,18995.24,0.3950436,0.1258614,0.679348,0.422812,0.5505556,0.6622866,0.3345336,0.4258416,0.6889248,0.2895493,0.3015727,0.6987188,0.3280427,0.2149883,0.6045673,0.3561509,0.2030121,0.5905726,0.5003287,0.4034981,0.6617965,0.4691947,0.2785306,0.6217391,0.3538699,0.2162826,0.5941904,0.327971,0.2136281,0.5859256,0.3484291,0.1319925,0.6761288,0.3931358,-0.06618026,0.6565797,0.440508,-0.2548224,0.6511523,0.4252722,0.1304903,0.6495408,0.4448627,-0.04839528,0.6976428,0.4736529,-0.2392444,0.7624918,0.4153331,0.4380296,0.6868742
72057594037973989,0,1.86628,18995.24,0.3950436,0.1258614,0.679348,0.422812,0.5505556,0.6622866,0.3345336,0.4258416,0.6889248,0.2895493,0.3015727,0.6987188,0.3280427,0.2149883,0.6045673,0.3561509,0.2030121,0.5905726,0.5003287,0.4034981,0.6617965,0.4691947,0.2785306,0.6217391,0.3538699,0.2162826,0.5941904,0.327971,0.2136281,0.5859256,0.3484291,0.1319925,0.6761288,0.3931358,-0.06618026,0.6565797,0.440508,-0.2548224,0.6511523,0.4252722,0.1304903,0.6495408,0.4448627,-0.04839528,0.6976428,0.4736529,-0.2392444,0.7624918,0.4153331,0.4380296,0.6868742
72057594037973989,0,1.86628,18995.24,0.3950436,0.1258614,0.679348,0.422812,0.5505556,0.6622866,0.3345336,0.4258416,0.6889248,0.2895493,0.3015727,0.6987188,0.3280427,0.2149883,0.6045673,0.3561509,0.2030121,0.5905726,0.5003287,0.4034981,0.6617965,0.4691947,0.2785306,0.6217391,0.3538699,0.2162826,0.5941904,0.327971,0.2136281,0.5859256,0.3484291,0.1319925,0.6761288,0.3931358,-0.06618026,0.6565797,0.440508,-0.2548224,0.6511523,0.4252722,0.1304903,0.6495408,0.4448627,-0.04839528,0.6976428,0.4736529,-0.2392444,0.7624918,0.4153331,0.4380296,0.6868742
72057594037973989,0,1.86628,18995.24,0.3950436,0.1258614,0.679348,0.422812,0.5505556,0.6622866,0.3345336,0.4258416,0.6889248,0.2895493,0.3015727,0.6987188,0.3280427,0.2149883,0.6045673,0.3561509,0.2030121,0.5905726,0.5003287,0.4034981,0.6617965,0.4691947,0.2785306,0.6217391,0.3538699,0.2162826,0.5941904,0.327971,0.2136281,0.5859256,0.3484291,0.1319925,0.6761288,0.3931358,-0.06618026,0.6565797,0.440508,-0.2548224,0.6511523,0.4252722,0.1304903,0.6495408,0.4448627,-0.04839528,0.6976428,0.4736529,-0.2392444,0.7624918,0.4153331,0.4380296,0.6868742
72057594037973989,0,1.86628,18995.24,0.3950436,0.1258614,0.679348,0.422812,0.5505556,0.6622866,0.3345336,0.4258416,0.6889248,0.2895493,0.3015727,0.6987188,0.3280427,0.2149883,0.6045673,0.3561509,0.2030121,0.5905726,0.5003287,0.4034981,0.6617965,0.4691947,0.2785306,0.6217391,0.3538699,0.2162826,0.5941904,0.327971,0.2136281,0.5859256,0.3484291,0.1319925,0.6761288,0.3931358,-0.06618026,0.6565797,0.440508,-0.2548224,0.6511523,0.4252722,0.1304903,0.6495408,0.4448627,-0.04839528,0.6976428,0.4736529,-0.2392444,0.7624918,0.4153331,0.4380296,0.6868742
72057594037973989,0,1.86628,18995.25,0.3950436,0.1258614,0.679348,0.422812,0.5505556,0.6622866,0.3345336,0.4258416,0.6889248,0.2895493,0.3015727,0.6987188,0.3280427,0.2149883,0.6045673,0.3561509,0.2030121,0.5905726,0.5003287,0.4034981,0.6617965,0.4691947,0.2785306,0.6217391,0.3538699,0.2162826,0.5941904,0.327971,0.2136281,0.5859256,0.3484291,0.1319925,0.6761288,0.3931358,-0.06618026,0.6565797,0.440508,-0.2548224,0.6511523,0.4252722,0.1304903,0.6495408,0.4448627,-0.04839528,0.6976428,0.4736529,-0.2392444,0.7624918,0.4153331,0.4380296,0.6868742
72057594037973989,0,1.86628,18995.25,0.3950436,0.1258614,0.679348,0.422812,0.5505556,0.6622866,0.3345336,0.4258416,0.6889248,0.2895493,0.3015727,0.6987188,0.3280427,0.2149883,0.6045673,0.3561509,0.2030121,0.5905726,0.5003287,0.4034981,0.6617965,0.4691947,0.2785306,0.6217391,0.3538699,0.2162826,0.5941904,0.327971,0.2136281,0.5859256,0.3484291,0.1319925,0.6761288,0.3931358,-0.06618026,0.6565797,0.440508,-0.2548224,0.6511523,0.4252722,0.1304903,0.6495408,0.4448627,-0.04839528,0.6976428,0.4736529,-0.2392444,0.7624918,0.4153331,0.4380296,0.6868742
72057594037973989,0,1.86628,18995.25,0.3950436,0.1258614,0.679348,0.422812,0.5505556,0.6622866,0.3345336,0.4258416,0.6889248,0.2895493,0.3015727,0.6987188,0.3280427,0.2149883,0.6045673,0.3561509,0.2030121,0.5905726,0.5003287,0.4034981,0.6617965,0.4691947,0.2785306,0.6217391,0.3538699,0.2162826,0.5941904,0.327971,0.2136281,0.5859256,0.3484291,0.1319925,0.6761288,0.3931358,-0.06618026,0.6565797,0.440508,-0.2548224,0.6511523,0.4252722,0.1304903,0.6495408,0.4448627,-0.04839528,0.6976428,0.4736529,-0.2392444,0.7624918,0.4153331,0.4380296,0.6868742
72057594037973989,0,1.86628,18995.25,0.3950436,0.1258614,0.679348,0.422812,0.5505556,0.6622866,0.3345336,0.4258416,0.6889248,0.2895493,0.3015727,0.6987188,0.3280427,0.2149883,0.6045673,0.3561509,0.2030121,0.5905726,0.5003287,0.4034981,0.6617965,0.4691947,0.2785306,0.6217391,0.3538699,0.2162826,0.5941904,0.327971,0.2136281,0.5859256,0.3484291,0.1319925,0.6761288,0.3931358,-0.06618026,0.6565797,0.440508,-0.2548224,0.6511523,0.4252722,0.1304903,0.6495408,0.4448627,-0.04839528,0.6976428,0.4736529,-0.2392444,0.7624918,0.4153331,0.4380296,0.6868742
72057594037973989,0,1.87476,18995.26,0.3768411,0.1308338,0.6631686,0.4063504,0.5482665,0.6467828,0.313699,0.4420066,0.6671106,0.2794678,0.3170653,0.6895879,0.2544728,0.2309281,0.6477938,0.274052,0.2160322,0.633531,0.4561703,0.4252575,0.622606,0.4475853,0.2948263,0.5937849,0.3389765,0.2181699,0.585722,0.3151007,0.2117141,0.5809553,0.3310385,0.1352563,0.6619486,0.3847272,-0.05934265,0.6513047,0.4404651,-0.2449605,0.6544719,0.4066642,0.1372238,0.631568,0.4351555,-0.04788134,0.6866033,0.4692892,-0.226006,0.7515559,0.3920886,0.4324346,0.6653864
72057594037973989,0,1.87476,18995.26,0.3768411,0.1308338,0.6631686,0.4063504,0.5482665,0.6467828,0.313699,0.4420066,0.6671106,0.2794678,0.3170653,0.6895879,0.2544728,0.2309281,0.6477938,0.274052,0.2160322,0.633531,0.4561703,0.4252575,0.622606,0.4475853,0.2948263,0.5937849,0.3389765,0.2181699,0.585722,0.3151007,0.2117141,0.5809553,0.3310385,0.1352563,0.6619486,0.3847272,-0.05934265,0.6513047,0.4404651,-0.2449605,0.6544719,0.4066642,0.1372238,0.631568,0.4351555,-0.04788134,0.6866033,0.4692892,-0.226006,0.7515559,0.3920886,0.4324346,0.6653864
72057594037973989,0,1.87476,18995.26,0.3768411,0.1308338,0.6631686,0.4063504,0.5482665,0.6467828,0.313699,0.4420066,0.6671106,0.2794678,0.3170653,0.6895879,0.2544728,0.2309281,0.6477938,0.274052,0.2160322,0.633531,0.4561703,0.4252575,0.622606,0.4475853,0.2948263,0.5937849,0.3389765,0.2181699,0.585722,0.3151007,0.2117141,0.5809553,0.3310385,0.1352563,0.6619486,0.3847272,-0.05934265,0.6513047,0.4404651,-0.2449605,0.6544719,0.4066642,0.1372238,0.631568,0.4351555,-0.04788134,0.6866033,0.4692892,-0.226006,0.7515559,0.3920886,0.4324346,0.6653864
72057594037973989,0,1.87476,18995.26,0.3768411,0.1308338,0.6631686,0.4063504,0.5482665,0.6467828,0.313699,0.4420066,0.6671106,0.2794678,0.3170653,0.6895879,0.2544728,0.2309281,0.6477938,0.274052,0.2160322,0.633531,0.4561703,0.4252575,0.622606,0.4475853,0.2948263,0.5937849,0.3389765,0.2181699,0.585722,0.3151007,0.2117141,0.5809553,0.3310385,0.1352563,0.6619486,0.3847272,-0.05934265,0.6513047,0.4404651,-0.2449605,0.6544719,0.4066642,0.1372238,0.631568,0.4351555,-0.04788134,0.6866033,0.4692892,-0.226006,0.7515559,0.3920886,0.4324346,0.6653864
72057594037973989,0,1.87476,18995.27,0.3768411,0.1308338,0.6631686,0.4063504,0.5482665,0.6467828,0.313699,0.4420066,0.6671106,0.2794678,0.3170653,0.6895879,0.2544728,0.2309281,0.6477938,0.274052,0.2160322,0.633531,0.4561703,0.4252575,0.622606,0.4475853,0.2948263,0.5937849,0.3389765,0.2181699,0.585722,0.3151007,0.2117141,0.5809553,0.3310385,0.1352563,0.6619486,0.3847272,-0.05934265,0.6513047,0.4404651,-0.2449605,0.6544719,0.4066642,0.1372238,0.631568,0.4351555,-0.04788134,0.6866033,0.4692892,-0.226006,0.7515559,0.3920886,0.4324346,0.6653864
72057594037973989,0,1.87476,18995.27,0.3768411,0.1308338,0.6631686,0.4063504,0.5482665,0.6467828,0.313699,0.4420066,0.6671106,0.2794678,0.3170653,0.6895879,0.2544728,0.2309281,0.6477938,0.274052,0.2160322,0.633531,0.4561703,0.4252575,0.622606,0.4475853,0.2948263,0.5937849,0.3389765,0.2181699,0.585722,0.3151007,0.2117141,0.5809553,0.3310385,0.1352563,0.6619486,0.3847272,-0.05934265,0.6513047,0.4404651,-0.2449605,0.6544719,0.4066642,0.1372238,0.631568,0.4351555,-0.04788134,0.6866033,0.4692892,-0.226006,0.7515559,0.3920886,0.4324346,0.6653864
72057594037973989,0,1.87476,18995.27,0.3768411,0.1308338,0.6631686,0.4063504,0.5482665,0.6467828,0.313699,0.4420066,0.6671106,0.2794678,0.3170653,0.6895879,0.2544728,0.2309281,0.6477938,0.274052,0.2160322,0.633531,0.4561703,0.4252575,0.622606,0.4475853,0.2948263,0.5937849,0.3389765,0.2181699,0.585722,0.3151007,0.2117141,0.5809553,0.3310385,0.1352563,0.6619486,0.3847272,-0.05934265,0.6513047,0.4404651,-0.2449605,0.6544719,0.4066642,0.1372238,0.631568,0.4351555,-0.04788134,0.6866033,0.4692892,-0.226006,0.7515559,0.3920886,0.4324346,0.6653864
72057594037973989,0,1.87476,18995.27,0.3768411,0.1308338,0.6631686,0.4063504,0.5482665,0.6467828,0.313699,0.4420066,0.6671106,0.2794678,0.3170653,0.6895879,0.2544728,0.2309281,0.6477938,0.274052,0.2160322,0.633531,0.4561703,0.4252575,0.622606,0.4475853,0.2948263,0.5937849,0.3389765,0.2181699,0.585722,0.3151007,0.2117141,0.5809553,0.3310385,0.1352563,0.6619486,0.3847272,-0.05934265,0.6513047,0.4404651,-0.2449605,0.6544719,0.4066642,0.1372238,0.631568,0.4351555,-0.04788134,0.6866033,0.4692892,-0.226006,0.7515559,0.3920886,0.4324346,0.6653864
72057594037973989,0,1.87476,18995.28,0.3768411,0.1308338,0.6631686,0.4063504,0.5482665,0.6467828,0.313699,0.4420066,0.6671106,0.2794678,0.3170653,0.6895879,0.2544728,0.2309281,0.6477938,0.274052,0.2160322,0.633531,0.4561703,0.4252575,0.622606,0.4475853,0.2948263,0.5937849,0.3389765,0.2181699,0.585722,0.3151007,0.2117141,0.5809553,0.3310385,0.1352563,0.6619486,0.3847272,-0.05934265,0.6513047,0.4404651,-0.2449605,0.6544719,0.4066642,0.1372238,0.631568,0.4351555,-0.04788134,0.6866033,0.4692892,-0.226006,0.7515559,0.3920886,0.4324346,0.6653864
72057594037973989,0,1.87476,18995.28,0.3768411,0.1308338,0.6631686,0.4063504,0.5482665,0.6467828,0.313699,0.4420066,0.6671106,0.2794678,0.3170653,0.6895879,0.2544728,0.2309281,0.6477938,0.274052,0.2160322,0.633531,0.4561703,0.4252575,0.622606,0.4475853,0.2948263,0.5937849,0.3389765,0.2181699,0.585722,0.3151007,0.2117141,0.5809553,0.3310385,0.1352563,0.6619486,0.3847272,-0.05934265,0.6513047,0.4404651,-0.2449605,0.6544719,0.4066642,0.1372238,0.631568,0.4351555,-0.04788134,0.6866033,0.4692892,-0.226006,0.7515559,0.3920886,0.4324346,0.6653864
72057594037973989,0,1.87476,18995.28,0.3768411,0.1308338,0.6631686,0.4063504,0.5482665,0.6467828,0.313699,0.4420066,0.6671106,0.2794678,0.3170653,0.6895879,0.2544728,0.2309281,0.6477938,0.274052,0.2160322,0.633531,0.4561703,0.4252575,0.622606,0.4475853,0.2948263,0.5937849,0.3389765,0.2181699,0.585722,0.3151007,0.2117141,0.5809553,0.3310385,0.1352563,0.6619486,0.3847272,-0.05934265,0.6513047,0.4404651,-0.2449605,0.6544719,0.4066642,0.1372238,0.631568,0.4351555,-0.04788134,0.6866033,0.4692892,-0.226006,0.7515559,0.3920886,0.4324346,0.6653864
72057594037973989,0,1.87476,18995.28,0.3768411,0.1308338,0.6631686,0.4063504,0.5482665,0.6467828,0.313699,0.4420066,0.6671106,0.2794678,0.3170653,0.6895879,0.2544728,0.2309281,0.6477938,0.274052,0.2160322,0.633531,0.4561703,0.4252575,0.622606,0.4475853,0.2948263,0.5937849,0.3389765,0.2181699,0.585722,0.3151007,0.2117141,0.5809553,0.3310385,0.1352563,0.6619486,0.3847272,-0.05934265,0.6513047,0.4404651,-0.2449605,0.6544719,0.4066642,0.1372238,0.631568,0.4351555,-0.04788134,0.6866033,0.4692892,-0.226006,0.7515559,0.3920886,0.4324346,0.6653864
72057594037973989,0,1.87476,18995.29,0.3768411,0.1308338,0.6631686,0.4063504,0.5482665,0.6467828,0.313699,0.4420066,0.6671106,0.2794678,0.3170653,0.6895879,0.2544728,0.2309281,0.6477938,0.274052,0.2160322,0.633531,0.4561703,0.4252575,0.622606,0.4475853,0.2948263,0.5937849,0.3389765,0.2181699,0.585722,0.3151007,0.2117141,0.5809553,0.3310385,0.1352563,0.6619486,0.3847272,-0.05934265,0.6513047,0.4404651,-0.2449605,0.6544719,0.4066642,0.1372238,0.631568,0.4351555,-0.04788134,0.6866033,0.4692892,-0.226006,0.7515559,0.3920886,0.4324346,0.6653864
72057594037973989,0,1.886318,18995.29,0.3610933,0.1328584,0.6457282,0.3910085,0.5432781,0.633736,0.3056859,0.4462263,0.6597545,0.2671034,0.3217404,0.681493,0.2552072,0.2144014,0.6020514,0.2744942,0.2009066,0.5827655,0.4484156,0.4241462,0.6142585,0.4408385,0.2929381,0.587401,0.3267582,0.2238023,0.5773601,0.2856277,0.2070103,0.5737078,0.3156124,0.1386446,0.6457527,0.3716449,-0.05435467,0.640789,0.4297337,-0.2392871,0.6495031,0.390696,0.1379312,0.6127762,0.4274898,-0.05543381,0.6730582,0.4647274,-0.2214968,0.735256,0.3811501,0.4300681,0.6545207
72057594037973989,0,1.886318,18995.29,0.3610933,0.1328584,0.6457282,0.3910085,0.5432781,0.633736,0.3056859,0.4462263,0.6597545,0.2671034,0.3217404,0.681493,0.2552072,0.2144014,0.6020514,0.2744942,0.2009066,0.5827655,0.4484156,0.4241462,0.6142585,0.4408385,0.2929381,0.587401,0.3267582,0.2238023,0.5773601,0.2856277,0.2070103,0.5737078,0.3156124,0.1386446,0.6457527,0.3716449,-0.05435467,0.640789,0.4297337,-0.2392871,0.6495031,0.390696,0.1379312,0.6127762,0.4274898,-0.05543381,0.6730582,0.4647274,-0.2214968,0.735256,0.3811501,0.4300681,0.6545207
72057594037973989,0,1.886318,18995.29,0.3610933,0.1328584,0.6457282,0.3910085,0.5432781,0.633736,0.3056859,0.4462263,0.6597545,0.2671034,0.3217404,0.681493,0.2552072,0.2144014,0.6020514,0.2744942,0.2009066,0.5827655,0.4484156,0.4241462,0.6142585,0.4408385,0.2929381,0.587401,0.3267582,0.2238023,0.5773601,0.2856277,0.2070103,0.5737078,0.3156124,0.1386446,0.6457527,0.3716449,-0.05435467,0.640789,0.4297337,-0.2392871,0.6495031,0.390696,0.1379312,0.6127762,0.4274898,-0.05543381,0.6730582,0.4647274,-0.2214968,0.735256,0.3811501,0.4300681,0.6545207
72057594037973989,0,1.886318,18995.29,0.3610933,0.1328584,0.6457282,0.3910085,0.5432781,0.633736,0.3056859,0.4462263,0.6597545,0.2671034,0.3217404,0.681493,0.2552072,0.2144014,0.6020514,0.2744942,0.2009066,0.5827655,0.4484156,0.4241462,0.6142585,0.4408385,0.2929381,0.587401,0.3267582,0.2238023,0.5773601,0.2856277,0.2070103,0.5737078,0.3156124,0.1386446,0.6457527,0.3716449,-0.05435467,0.640789,0.4297337,-0.2392871,0.6495031,0.390696,0.1379312,0.6127762,0.4274898,-0.05543381,0.6730582,0.4647274,-0.2214968,0.735256,0.3811501,0.4300681,0.6545207
72057594037973989,0,1.886318,18995.3,0.3610933,0.1328584,0.6457282,0.3910085,0.5432781,0.633736,0.3056859,0.4462263,0.6597545,0.2671034,0.3217404,0.681493,0.2552072,0.2144014,0.6020514,0.2744942,0.2009066,0.5827655,0.4484156,0.4241462,0.6142585,0.4408385,0.2929381,0.587401,0.3267582,0.2238023,0.5773601,0.2856277,0.2070103,0.5737078,0.3156124,0.1386446,0.6457527,0.3716449,-0.05435467,0.640789,0.4297337,-0.2392871,0.6495031,0.390696,0.1379312,0.6127762,0.4274898,-0.05543381,0.6730582,0.4647274,-0.2214968,0.735256,0.3811501,0.4300681,0.6545207
72057594037973989,0,1.886318,18995.3,0.3610933,0.1328584,0.6457282,0.3910085,0.5432781,0.633736,0.3056859,0.4462263,0.6597545,0.2671034,0.3217404,0.681493,0.2552072,0.2144014,0.6020514,0.2744942,0.2009066,0.5827655,0.4484156,0.4241462,0.6142585,0.4408385,0.2929381,0.587401,0.3267582,0.2238023,0.5773601,0.2856277,0.2070103,0.5737078,0.3156124,0.1386446,0.6457527,0.3716449,-0.05435467,0.640789,0.4297337,-0.2392871,0.6495031,0.390696,0.1379312,0.6127762,0.4274898,-0.05543381,0.6730582,0.4647274,-0.2214968,0.735256,0.3811501,0.4300681,0.6545207
72057594037973989,0,1.886318,18995.3,0.3610933,0.1328584,0.6457282,0.3910085,0.5432781,0.633736,0.3056859,0.4462263,0.6597545,0.2671034,0.3217404,0.681493,0.2552072,0.2144014,0.6020514,0.2744942,0.2009066,0.5827655,0.4484156,0.4241462,0.6142585,0.4408385,0.2929381,0.587401,0.3267582,0.2238023,0.5773601,0.2856277,0.2070103,0.5737078,0.3156124,0.1386446,0.6457527,0.3716449,-0.05435467,0.640789,0.4297337,-0.2392871,0.6495031,0.390696,0.1379312,0.6127762,0.4274898,-0.05543381,0.6730582,0.4647274,-0.2214968,0.735256,0.3811501,0.4300681,0.6545207
72057594037973989,0,1.886318,18995.3,0.3610933,0.1328584,0.6457282,0.3910085,0.5432781,0.633736,0.3056859,0.4462263,0.6597545,0.2671034,0.3217404,0.681493,0.2552072,0.2144014,0.6020514,0.2744942,0.2009066,0.5827655,0.4484156,0.4241462,0.6142585,0.4408385,0.2929381,0.587401,0.3267582,0.2238023,0.5773601,0.2856277,0.2070103,0.5737078,0.3156124,0.1386446,0.6457527,0.3716449,-0.05435467,0.640789,0.4297337,-0.2392871,0.6495031,0.390696,0.1379312,0.6127762,0.4274898,-0.05543381,0.6730582,0.4647274,-0.2214968,0.735256,0.3811501,0.4300681,0.6545207
72057594037973989,0,1.886318,18995.31,0.3610933,0.1328584,0.6457282,0.3910085,0.5432781,0.633736,0.3056859,0.4462263,0.6597545,0.2671034,0.3217404,0.681493,0.2552072,0.2144014,0.6020514,0.2744942,0.2009066,0.5827655,0.4484156,0.4241462,0.6142585,0.4408385,0.2929381,0.587401,0.3267582,0.2238023,0.5773601,0.2856277,0.2070103,0.5737078,0.3156124,0.1386446,0.6457527,0.3716449,-0.05435467,0.640789,0.4297337,-0.2392871,0.6495031,0.390696,0.1379312,0.6127762,0.4274898,-0.05543381,0.6730582,0.4647274,-0.2214968,0.735256,0.3811501,0.4300681,0.6545207
72057594037973989,0,1.886318,18995.31,0.3610933,0.1328584,0.6457282,0.3910085,0.5432781,0.633736,0.3056859,0.4462263,0.6597545,0.2671034,0.3217404,0.681493,0.2552072,0.2144014,0.6020514,0.2744942,0.2009066,0.5827655,0.4484156,0.4241462,0.6142585,0.4408385,0.2929381,0.587401,0.3267582,0.2238023,0.5773601,0.2856277,0.2070103,0.5737078,0.3156124,0.1386446,0.6457527,0.3716449,-0.05435467,0.640789,0.4297337,-0.2392871,0.6495031,0.390696,0.1379312,0.6127762,0.4274898,-0.05543381,0.6730582,0.4647274,-0.2214968,0.735256,0.3811501,0.4300681,0.6545207
72057594037973989,0,1.886318,18995.31,0.3610933,0.1328584,0.6457282,0.3910085,0.5432781,0.633736,0.3056859,0.4462263,0.6597545,0.2671034,0.3217404,0.681493,0.2552072,0.2144014,0.6020514,0.2744942,0.2009066,0.5827655,0.4484156,0.4241462,0.6142585,0.4408385,0.2929381,0.587401,0.3267582,0.2238023,0.5773601,0.2856277,0.2070103,0.5737078,0.3156124,0.1386446,0.6457527,0.3716449,-0.05435467,0.640789,0.4297337,-0.2392871,0.6495031,0.390696,0.1379312,0.6127762,0.4274898,-0.05543381,0.6730582,0.4647274,-0.2214968,0.735256,0.3811501,0.4300681,0.6545207
72057594037973989,0,1.886318,18995.32,0.3610933,0.1328584,0.6457282,0.3910085,0.5432781,0.633736,0.3056859,0.4462263,0.6597545,0.2671034,0.3217404,0.681493,0.2552072,0.2144014,0.6020514,0.2744942,0.2009066,0.5827655,0.4484156,0.4241462,0.6142585,0.4408385,0.2929381,0.587401,0.3267582,0.2238023,0.5773601,0.2856277,0.2070103,0.5737078,0.3156124,0.1386446,0.6457527,0.3716449,-0.05435467,0.640789,0.4297337,-0.2392871,0.6495031,0.390696,0.1379312,0.6127762,0.4274898,-0.05543381,0.6730582,0.4647274,-0.2214968,0.735256,0.3811501,0.4300681,0.6545207
72057594037973989,0,1.886318,18995.32,0.3610933,0.1328584,0.6457282,0.3910085,0.5432781,0.633736,0.3056859,0.4462263,0.6597545,0.2671034,0.3217404,0.681493,0.2552072,0.2144014,0.6020514,0.2744942,0.2009066,0.5827655,0.4484156,0.4241462,0.6142585,0.4408385,0.2929381,0.587401,0.3267582,0.2238023,0.5773601,0.2856277,0.2070103,0.5737078,0.3156124,0.1386446,0.6457527,0.3716449,-0.05435467,0.640789,0.4297337,-0.2392871,0.6495031,0.390696,0.1379312,0.6127762,0.4274898,-0.05543381,0.6730582,0.4647274,-0.2214968,0.735256,0.3811501,0.4300681,0.6545207
72057594037973989,0,1.895956,18995.32,0.3482641,0.1328864,0.6321651,0.3744446,0.5415898,0.6192002,0.2926786,0.4539536,0.6456368,0.2555729,0.3296562,0.6702223,0.2435297,0.2172366,0.5985175,0.2727556,0.1992899,0.57778,0.4262876,0.422258,0.5936217,0.4730829,0.3384336,0.5920241,0.3626695,0.2639278,0.5770858,0.2637626,0.2072824,0.5639776,0.3037304,0.1397632,0.6332493,0.3356569,-0.0599333,0.6102225,0.3710788,-0.2518544,0.6016819,0.3771335,0.1370312,0.5981089,0.4237075,-0.06358734,0.6590453,0.4648684,-0.2203049,0.7159486,0.3673593,0.4282135,0.6390771
72057594037973989,0,1.895956,18995.32,0.3482641,0.1328864,0.6321651,0.3744446,0.5415898,0.6192002,0.2926786,0.4539536,0.6456368,0.2555729,0.3296562,0.6702223,0.2435297,0.2172366,0.5985175,0.2727556,0.1992899,0.57778,0.4262876,0.422258,0.5936217,0.4730829,0.3384336,0.5920241,0.3626695,0.2639278,0.5770858,0.2637626,0.2072824,0.5639776,0.3037304,0.1397632,0.6332493,0.3356569,-0.0599333,0.6102225,0.3710788,-0.2518544,0.6016819,0.3771335,0.1370312,0.5981089,0.4237075,-0.06358734,0.6590453,0.4648684,-0.2203049,0.7159486,0.3673593,0.4282135,0.6390771
72057594037973989,0,1.895956,18995.33,0.3482641,0.1328864,0.6321651,0.3744446,0.5415898,0.6192002,0.2926786,0.4539536,0.6456368,0.2555729,0.3296562,0.6702223,0.2435297,0.2172366,0.5985175,0.2727556,0.1992899,0.57778,0.4262876,0.422258,0.5936217,0.4730829,0.3384336,0.5920241,0.3626695,0.2639278,0.5770858,0.2637626,0.2072824,0.5639776,0.3037304,0.1397632,0.6332493,0.3356569,-0.0599333,0.6102225,0.3710788,-0.2518544,0.6016819,0.3771335,0.1370312,0.5981089,0.4237075,-0.06358734,0.6590453,0.4648684,-0.2203049,0.7159486,0.3673593,0.4282135,0.6390771
72057594037973989,0,1.895956,18995.33,0.3482641,0.1328864,0.6321651,0.3744446,0.5415898,0.6192002,0.2926786,0.4539536,0.6456368,0.2555729,0.3296562,0.6702223,0.2435297,0.2172366,0.5985175,0.2727556,0.1992899,0.57778,0.4262876,0.422258,0.5936217,0.4730829,0.3384336,0.5920241,0.3626695,0.2639278,0.5770858,0.2637626,0.2072824,0.5639776,0.3037304,0.1397632,0.6332493,0.3356569,-0.0599333,0.6102225,0.3710788,-0.2518544,0.6016819,0.3771335,0.1370312,0.5981089,0.4237075,-0.06358734,0.6590453,0.4648684,-0.2203049,0.7159486,0.3673593,0.4282135,0.6390771
72057594037973989,0,1.895956,18995.33,0.3482641,0.1328864,0.6321651,0.3744446,0.5415898,0.6192002,0.2926786,0.4539536,0.6456368,0.2555729,0.3296562,0.6702223,0.2435297,0.2172366,0.5985175,0.2727556,0.1992899,0.57778,0.4262876,0.422258,0.5936217,0.4730829,0.3384336,0.5920241,0.3626695,0.2639278,0.5770858,0.2637626,0.2072824,0.5639776,0.3037304,0.1397632,0.6332493,0.3356569,-0.0599333,0.6102225,0.3710788,-0.2518544,0.6016819,0.3771335,0.1370312,0.5981089,0.4237075,-0.06358734,0.6590453,0.4648684,-0.2203049,0.7159486,0.3673593,0.4282135,0.6390771
72057594037973989,0,1.895956,18995.33,0.3482641,0.1328864,0.6321651,0.3744446,0.5415898,0.6192002,0.2926786,0.4539536,0.6456368,0.2555729,0.3296562,0.6702223,0.2435297,0.2172366,0.5985175,0.2727556,0.1992899,0.57778,0.4262876,0.422258,0.5936217,0.4730829,0.3384336,0.5920241,0.3626695,0.2639278,0.5770858,0.2637626,0.2072824,0.5639776,0.3037304,0.1397632,0.6332493,0.3356569,-0.0599333,0.6102225,0.3710788,-0.2518544,0.6016819,0.3771335,0.1370312,0.5981089,0.4237075,-0.06358734,0.6590453,0.4648684,-0.2203049,0.7159486,0.3673593,0.4282135,0.6390771
72057594037973989,0,1.895956,18995.33,0.3482641,0.1328864,0.6321651,0.3744446,0.5415898,0.6192002,0.2926786,0.4539536,0.6456368,0.2555729,0.3296562,0.6702223,0.2435297,0.2172366,0.5985175,0.2727556,0.1992899,0.57778,0.4262876,0.422258,0.5936217,0.4730829,0.3384336,0.5920241,0.3626695,0.2639278,0.5770858,0.2637626,0.2072824,0.5639776,0.3037304,0.1397632,0.6332493,0.3356569,-0.0599333,0.6102225,0.3710788,-0.2518544,0.6016819,0.3771335,0.1370312,0.5981089,0.4237075,-0.06358734,0.6590453,0.4648684,-0.2203049,0.7159486,0.3673593,0.4282135,0.6390771
72057594037973989,0,1.895956,18995.34,0.3482641,0.1328864,0.6321651,0.3744446,0.5415898,0.6192002,0.2926786,0.4539536,0.6456368,0.2555729,0.3296562,0.6702223,0.2435297,0.2172366,0.5985175,0.2727556,0.1992899,0.57778,0.4262876,0.422258,0.5936217,0.4730829,0.3384336,0.5920241,0.3626695,0.2639278,0.5770858,0.2637626,0.2072824,0.5639776,0.3037304,0.1397632,0.6332493,0.3356569,-0.0599333,0.6102225,0.3710788,-0.2518544,0.6016819,0.3771335,0.1370312,0.5981089,0.4237075,-0.06358734,0.6590453,0.4648684,-0.2203049,0.7159486,0.3673593,0.4282135,0.6390771
72057594037973989,0,1.895956,18995.34,0.3482641,0.1328864,0.6321651,0.3744446,0.5415898,0.6192002,0.2926786,0.4539536,0.6456368,0.2555729,0.3296562,0.6702223,0.2435297,0.2172366,0.5985175,0.2727556,0.1992899,0.57778,0.4262876,0.422258,0.5936217,0.4730829,0.3384336,0.5920241,0.3626695,0.2639278,0.5770858,0.2637626,0.2072824,0.5639776,0.3037304,0.1397632,0.6332493,0.3356569,-0.0599333,0.6102225,0.3710788,-0.2518544,0.6016819,0.3771335,0.1370312,0.5981089,0.4237075,-0.06358734,0.6590453,0.4648684,-0.2203049,0.7159486,0.3673593,0.4282135,0.6390771
72057594037973989,0,1.895956,18995.34,0.3482641,0.1328864,0.6321651,0.3744446,0.5415898,0.6192002,0.2926786,0.4539536,0.6456368,0.2555729,0.3296562,0.6702223,0.2435297,0.2172366,0.5985175,0.2727556,0.1992899,0.57778,0.4262876,0.422258,0.5936217,0.4730829,0.3384336,0.5920241,0.3626695,0.2639278,0.5770858,0.2637626,0.2072824,0.5639776,0.3037304,0.1397632,0.6332493,0.3356569,-0.0599333,0.6102225,0.3710788,-0.2518544,0.6016819,0.3771335,0.1370312,0.5981089,0.4237075,-0.06358734,0.6590453,0.4648684,-0.2203049,0.7159486,0.3673593,0.4282135,0.6390771
72057594037973989,0,1.895956,18995.34,0.3482641,0.1328864,0.6321651,0.3744446,0.5415898,0.6192002,0.2926786,0.4539536,0.6456368,0.2555729,0.3296562,0.6702223,0.2435297,0.2172366,0.5985175,0.2727556,0.1992899,0.57778,0.4262876,0.422258,0.5936217,0.4730829,0.3384336,0.5920241,0.3626695,0.2639278,0.5770858,0.2637626,0.2072824,0.5639776,0.3037304,0.1397632,0.6332493,0.3356569,-0.0599333,0.6102225,0.3710788,-0.2518544,0.6016819,0.3771335,0.1370312,0.5981089,0.4237075,-0.06358734,0.6590453,0.4648684,-0.2203049,0.7159486,0.3673593,0.4282135,0.6390771
72057594037973989,0,1.895956,18995.35,0.3482641,0.1328864,0.6321651,0.3744446,0.5415898,0.6192002,0.2926786,0.4539536,0.6456368,0.2555729,0.3296562,0.6702223,0.2435297,0.2172366,0.5985175,0.2727556,0.1992899,0.57778,0.4262876,0.422258,0.5936217,0.4730829,0.3384336,0.5920241,0.3626695,0.2639278,0.5770858,0.2637626,0.2072824,0.5639776,0.3037304,0.1397632,0.6332493,0.3356569,-0.0599333,0.6102225,0.3710788,-0.2518544,0.6016819,0.3771335,0.1370312,0.5981089,0.4237075,-0.06358734,0.6590453,0.4648684,-0.2203049,0.7159486,0.3673593,0.4282135,0.6390771
72057594037973989,0,1.895956,18995.35,0.3482641,0.1328864,0.6321651,0.3744446,0.5415898,0.6192002,0.2926786,0.4539536,0.6456368,0.2555729,0.3296562,0.6702223,0.2435297,0.2172366,0.5985175,0.2727556,0.1992899,0.57778,0.4262876,0.422258,0.5936217,0.4730829,0.3384336,0.5920241,0.3626695,0.2639278,0.5770858,0.2637626,0.2072824,0.5639776,0.3037304,0.1397632,0.6332493,0.3356569,-0.0599333,0.6102225,0.3710788,-0.2518544,0.6016819,0.3771335,0.1370312,0.5981089,0.4237075,-0.06358734,0.6590453,0.4648684,-0.2203049,0.7159486,0.3673593,0.4282135,0.6390771
72057594037973989,0,1.895956,18995.35,0.3482641,0.1328864,0.6321651,0.3744446,0.5415898,0.6192002,0.2926786,0.4539536,0.6456368,0.2555729,0.3296562,0.6702223,0.2435297,0.2172366,0.5985175,0.2727556,0.1992899,0.57778,0.4262876,0.422258,0.5936217,0.4730829,0.3384336,0.5920241,0.3626695,0.2639278,0.5770858,0.2637626,0.2072824,0.5639776,0.3037304,0.1397632,0.6332493,0.3356569,-0.0599333,0.6102225,0.3710788,-0.2518544,0.6016819,0.3771335,0.1370312,0.5981089,0.4237075,-0.06358734,0.6590453,0.4648684,-0.2203049,0.7159486,0.3673593,0.4282135,0.6390771
72057594037973989,0,1.901827,18995.35,0.3382401,0.135509,0.6223826,0.3601173,0.5407172,0.6065173,0.2801586,0.4648539,0.630235,0.2435927,0.3405408,0.656035,0.2163468,0.2220474,0.6007252,0.2130204,0.2101791,0.579248,0.4132852,0.4261338,0.5808795,0.4611415,0.3382459,0.5790037,0.352483,0.2610691,0.5651355,0.2533406,0.2052393,0.5537929,0.2940419,0.1430585,0.6232497,0.3313191,-0.05497509,0.6085216,0.3717515,-0.2453625,0.6080082,0.3669836,0.1390916,0.5884861,0.4199082,-0.06778631,0.6471882,0.4625997,-0.2181967,0.6984228,0.3568925,0.428339,0.6268049
72057594037973989,0,1.901827,18995.36,0.3382401,0.135509,0.6223826,0.3601173,0.5407172,0.6065173,0.2801586,0.4648539,0.630235,0.2435927,0.3405408,0.656035,0.2163468,0.2220474,0.6007252,0.2130204,0.2101791,0.579248,0.4132852,0.4261338,0.5808795,0.4611415,0.3382459,0.5790037,0.352483,0.2610691,0.5651355,0.2533406,0.2052393,0.5537929,0.2940419,0.1430585,0.6232497,0.3313191,-0.05497509,0.6085216,0.3717515,-0.2453625,0.6080082,0.3669836,0.1390916,0.5884861,0.4199082,-0.06778631,0.6471882,0.4625997,-0.2181967,0.6984228,0.3568925,0.428339,0.6268049
72057594037973989,0,1.901827,18995.36,0.3382401,0.135509,0.6223826,0.3601173,0.5407172,0.6065173,0.2801586,0.4648539,0.630235,0.2435927,0.3405408,0.656035,0.2163468,0.2220474,0.6007252,0.2130204,0.2101791,0.579248,0.4132852,0.4261338,0.5808795,0.4611415,0.3382459,0.5790037,0.352483,0.2610691,0.5651355,0.2533406,0.2052393,0.5537929,0.2940419,0.1430585,0.6232497,0.3313191,-0.05497509,0.6085216,0.3717515,-0.2453625,0.6080082,0.3669836,0.1390916,0.5884861,0.4199082,-0.06778631,0.6471882,0.4625997,-0.2181967,0.6984228,0.3568925,0.428339,0.6268049
72057594037973989,0,1.901827,18995.36,0.3382401,0.135509,0.6223826,0.3601173,0.5407172,0.6065173,0.2801586,0.4648539,0.630235,0.2435927,0.3405408,0.656035,0.2163468,0.2220474,0.6007252,0.2130204,0.2101791,0.579248,0.4132852,0.4261338,0.5808795,0.4611415,0.3382459,0.5790037,0.352483,0.2610691,0.5651355,0.2533406,0.2052393,0.5537929,0.2940419,0.1430585,0.6232497,0.3313191,-0.05497509,0.6085216,0.3717515,-0.2453625,0.6080082,0.3669836,0.1390916,0.5884861,0.4199082,-0.06778631,0.6471882,0.4625997,-0.2181967,0.6984228,0.3568925,0.428339,0.6268049
72057594037973989,0,1.901827,18995.36,0.3382401,0.135509,0.6223826,0.3601173,0.5407172,0.6065173,0.2801586,0.4648539,0.630235,0.2435927,0.3405408,0.656035,0.2163468,0.2220474,0.6007252,0.2130204,0.2101791,0.579248,0.4132852,0.4261338,0.5808795,0.4611415,0.3382459,0.5790037,0.352483,0.2610691,0.5651355,0.2533406,0.2052393,0.5537929,0.2940419,0.1430585,0.6232497,0.3313191,-0.05497509,0.6085216,0.3717515,-0.2453625,0.6080082,0.3669836,0.1390916,0.5884861,0.4199082,-0.06778631,0.6471882,0.4625997,-0.2181967,0.6984228,0.3568925,0.428339,0.6268049
72057594037973989,0,1.901827,18995.37,0.3382401,0.135509,0.6223826,0.3601173,0.5407172,0.6065173,0.2801586,0.4648539,0.630235,0.2435927,0.3405408,0.656035,0.2163468,0.2220474,0.6007252,0.2130204,0.2101791,0.579248,0.4132852,0.4261338,0.5808795,0.4611415,0.3382459,0.5790037,0.352483,0.2610691,0.5651355,0.2533406,0.2052393,0.5537929,0.2940419,0.1430585,0.6232497,0.3313191,-0.05497509,0.6085216,0.3717515,-0.2453625,0.6080082,0.3669836,0.1390916,0.5884861,0.4199082,-0.06778631,0.6471882,0.4625997,-0.2181967,0.6984228,0.3568925,0.428339,0.6268049
72057594037973989,0,1.901827,18995.37,0.3382401,0.135509,0.6223826,0.3601173,0.5407172,0.6065173,0.2801586,0.4648539,0.630235,0.2435927,0.3405408,0.656035,0.2163468,0.2220474,0.6007252,0.2130204,0.2101791,0.579248,0.4132852,0.4261338,0.5808795,0.4611415,0.3382459,0.5790037,0.352483,0.2610691,0.5651355,0.2533406,0.2052393,0.5537929,0.2940419,0.1430585,0.6232497,0.3313191,-0.05497509,0.6085216,0.3717515,-0.2453625,0.6080082,0.3669836,0.1390916,0.5884861,0.4199082,-0.06778631,0.6471882,0.4625997,-0.2181967,0.6984228,0.3568925,0.428339,0.6268049
72057594037973989,0,1.901827,18995.37,0.3382401,0.135509,0.6223826,0.3601173,0.5407172,0.6065173,0.2801586,0.4648539,0.630235,0.2435927,0.3405408,0.656035,0.2163468,0.2220474,0.6007252,0.2130204,0.2101791,0.579248,0.4132852,0.4261338,0.5808795,0.4611415,0.3382459,0.5790037,0.352483,0.2610691,0.5651355,0.2533406,0.2052393,0.5537929,0.2940419,0.1430585,0.6232497,0.3313191,-0.05497509,0.6085216,0.3717515,-0.2453625,0.6080082,0.3669836,0.1390916,0.5884861,0.4199082,-0.06778631,0.6471882,0.4625997,-0.2181967,0.6984228,0.3568925,0.428339,0.6268049
72057594037973989,0,1.901827,18995.37,0.3382401,0.135509,0.6223826,0.3601173,0.5407172,0.6065173,0.2801586,0.4648539,0.630235,0.2435927,0.3405408,0.656035,0.2163468,0.2220474,0.6007252,0.2130204,0.2101791,0.579248,0.4132852,0.4261338,0.5808795,0.4611415,0.3382459,0.5790037,0.352483,0.2610691,0.5651355,0.2533406,0.2052393,0.5537929,0.2940419,0.1430585,0.6232497,0.3313191,-0.05497509,0.6085216,0.3717515,-0.2453625,0.6080082,0.3669836,0.1390916,0.5884861,0.4199082,-0.06778631,0.6471882,0.4625997,-0.2181967,0.6984228,0.3568925,0.428339,0.6268049
72057594037973989,0,1.901827,18995.38,0.3382401,0.135509,0.6223826,0.3601173,0.5407172,0.6065173,0.2801586,0.4648539,0.630235,0.2435927,0.3405408,0.656035,0.2163468,0.2220474,0.6007252,0.2130204,0.2101791,0.579248,0.4132852,0.4261338,0.5808795,0.4611415,0.3382459,0.5790037,0.352483,0.2610691,0.5651355,0.2533406,0.2052393,0.5537929,0.2940419,0.1430585,0.6232497,0.3313191,-0.05497509,0.6085216,0.3717515,-0.2453625,0.6080082,0.3669836,0.1390916,0.5884861,0.4199082,-0.06778631,0.6471882,0.4625997,-0.2181967,0.6984228,0.3568925,0.428339,0.6268049
72057594037973989,0,1.901827,18995.38,0.3382401,0.135509,0.6223826,0.3601173,0.5407172,0.6065173,0.2801586,0.4648539,0.630235,0.2435927,0.3405408,0.656035,0.2163468,0.2220474,0.6007252,0.2130204,0.2101791,0.579248,0.4132852,0.4261338,0.5808795,0.4611415,0.3382459,0.5790037,0.352483,0.2610691,0.5651355,0.2533406,0.2052393,0.5537929,0.2940419,0.1430585,0.6232497,0.3313191,-0.05497509,0.6085216,0.3717515,-0.2453625,0.6080082,0.3669836,0.1390916,0.5884861,0.4199082,-0.06778631,0.6471882,0.4625997,-0.2181967,0.6984228,0.3568925,0.428339,0.6268049
72057594037973989,0,1.901827,18995.38,0.3382401,0.135509,0.6223826,0.3601173,0.5407172,0.6065173,0.2801586,0.4648539,0.630235,0.2435927,0.3405408,0.656035,0.2163468,0.2220474,0.6007252,0.2130204,0.2101791,0.579248,0.4132852,0.4261338,0.5808795,0.4611415,0.3382459,0.5790037,0.352483,0.2610691,0.5651355,0.2533406,0.2052393,0.5537929,0.2940419,0.1430585,0.6232497,0.3313191,-0.05497509,0.6085216,0.3717515,-0.2453625,0.6080082,0.3669836,0.1390916,0.5884861,0.4199082,-0.06778631,0.6471882,0.4625997,-0.2181967,0.6984228,0.3568925,0.428339,0.6268049
72057594037973989,0,1.901827,18995.38,0.3382401,0.135509,0.6223826,0.3601173,0.5407172,0.6065173,0.2801586,0.4648539,0.630235,0.2435927,0.3405408,0.656035,0.2163468,0.2220474,0.6007252,0.2130204,0.2101791,0.579248,0.4132852,0.4261338,0.5808795,0.4611415,0.3382459,0.5790037,0.352483,0.2610691,0.5651355,0.2533406,0.2052393,0.5537929,0.2940419,0.1430585,0.6232497,0.3313191,-0.05497509,0.6085216,0.3717515,-0.2453625,0.6080082,0.3669836,0.1390916,0.5884861,0.4199082,-0.06778631,0.6471882,0.4625997,-0.2181967,0.6984228,0.3568925,0.428339,0.6268049
72057594037973989,0,1.901827,18995.38,0.3382401,0.135509,0.6223826,0.3601173,0.5407172,0.6065173,0.2801586,0.4648539,0.630235,0.2435927,0.3405408,0.656035,0.2163468,0.2220474,0.6007252,0.2130204,0.2101791,0.579248,0.4132852,0.4261338,0.5808795,0.4611415,0.3382459,0.5790037,0.352483,0.2610691,0.5651355,0.2533406,0.2052393,0.5537929,0.2940419,0.1430585,0.6232497,0.3313191,-0.05497509,0.6085216,0.3717515,-0.2453625,0.6080082,0.3669836,0.1390916,0.5884861,0.4199082,-0.06778631,0.6471882,0.4625997,-0.2181967,0.6984228,0.3568925,0.428339,0.6268049
72057594037973989,0,1.901827,18995.39,0.3382401,0.135509,0.6223826,0.3601173,0.5407172,0.6065173,0.2801586,0.4648539,0.630235,0.2435927,0.3405408,0.656035,0.2163468,0.2220474,0.6007252,0.2130204,0.2101791,0.579248,0.4132852,0.4261338,0.5808795,0.4611415,0.3382459,0.5790037,0.352483,0.2610691,0.5651355,0.2533406,0.2052393,0.5537929,0.2940419,0.1430585,0.6232497,0.3313191,-0.05497509,0.6085216,0.3717515,-0.2453625,0.6080082,0.3669836,0.1390916,0.5884861,0.4199082,-0.06778631,0.6471882,0.4625997,-0.2181967,0.6984228,0.3568925,0.428339,0.6268049
72057594037973989,0,1.909011,18995.39,0.3290073,0.1384379,0.6112716,0.3462791,0.5410309,0.5924287,0.2695172,0.4696373,0.6186882,0.231617,0.3464396,0.64653,0.2072586,0.2264307,0.5939533,0.205206,0.2153009,0.5691495,0.3980974,0.4312536,0.56496,0.4445168,0.338358,0.5583151,0.4591424,0.2437197,0.5488877,0.4552744,0.2494074,0.5463138,0.285432,0.1453393,0.613117,0.3277252,-0.0510858,0.5990139,0.372783,-0.2398533,0.5991753,0.3572757,0.1428014,0.5762949,0.4031473,-0.04011405,0.6214464,0.4534287,-0.2166048,0.6775023,0.344923,0.4293217,0.6131223
72057594037973989,0,1.909011,18995.39,0.3290073,0.1384379,0.6112716,0.3462791,0.5410309,0.5924287,0.2695172,0.4696373,0.6186882,0.231617,0.3464396,0.64653,0.2072586,0.2264307,0.5939533,0.205206,0.2153009,0.5691495,0.3980974,0.4312536,0.56496,0.4445168,0.338358,0.5583151,0.4591424,0.2437197,0.5488877,0.4552744,0.2494074,0.5463138,0.285432,0.1453393,0.613117,0.3277252,-0.0510858,0.5990139,0.372783,-0.2398533,0.5991753,0.3572757,0.1428014,0.5762949,0.4031473,-0.04011405,0.6214464,0.4534287,-0.2166048,0.6775023,0.344923,0.4293217,0.6131223
72057594037973989,0,1.909011,18995.39,0.3290073,0.1384379,0.6112716,0.3462791,0.5410309,0.5924287,0.2695172,0.4696373,0.6186882,0.231617,0.3464396,0.64653,0.2072586,0.2264307,0.5939533,0.205206,0.2153009,0.5691495,0.3980974,0.4312536,0.56496,0.4445168,0.338358,0.5583151,0.4591424,0.2437197,0.5488877,0.4552744,0.2494074,0.5463138,0.285432,0.1453393,0.613117,0.3277252,-0.0510858,0.5990139,0.372783,-0.2398533,0.5991753,0.3572757,0.1428014,0.5762949,0.4031473,-0.04011405,0.6214464,0.4534287,-0.2166048,0.6775023,0.344923,0.4293217,0.6131223
72057594037973989,0,1.909011,18995.4,0.3290073,0.1384379,0.6112716,0.3462791,0.5410309,0.5924287,0.2695172,0.4696373,0.6186882,0.231617,0.3464396,0.64653,0.2072586,0.2264307,0.5939533,0.205206,0.2153009,0.5691495,0.3980974,0.4312536,0.56496,0.4445168,0.338358,0.5583151,0.4591424,0.2437197,0.5488877,0.4552744,0.2494074,0.5463138,0.285432,0.1453393,0.613117,0.3277252,-0.0510858,0.5990139,0.372783,-0.2398533,0.5991753,0.3572757,0.1428014,0.5762949,0.4031473,-0.04011405,0.6214464,0.4534287,-0.2166048,0.6775023,0.344923,0.4293217,0.6131223
72057594037973989,0,1.909011,18995.4,0.3290073,0.1384379,0.6112716,0.3462791,0.5410309,0.5924287,0.2695172,0.4696373,0.6186882,0.231617,0.3464396,0.64653,0.2072586,0.2264307,0.5939533,0.205206,0.2153009,0.5691495,0.3980974,0.4312536,0.56496,0.4445168,0.338358,0.5583151,0.4591424,0.2437197,0.5488877,0.4552744,0.2494074,0.5463138,0.285432,0.1453393,0.613117,0.3277252,-0.0510858,0.5990139,0.372783,-0.2398533,0.5991753,0.3572757,0.1428014,0.5762949,0.4031473,-0.04011405,0.6214464,0.4534287,-0.2166048,0.6775023,0.344923,0.4293217,0.6131223
72057594037973989,0,1.909011,18995.4,0.3290073,0.1384379,0.6112716,0.3462791,0.5410309,0.5924287,0.2695172,0.4696373,0.6186882,0.231617,0.3464396,0.64653,0.2072586,0.2264307,0.5939533,0.205206,0.2153009,0.5691495,0.3980974,0.4312536,0.56496,0.4445168,0.338358,0.5583151,0.4591424,0.2437197,0.5488877,0.4552744,0.2494074,0.5463138,0.285432,0.1453393,0.613117,0.3277252,-0.0510858,0.5990139,0.372783,-0.2398533,0.5991753,0.3572757,0.1428014,0.5762949,0.4031473,-0.04011405,0.6214464,0.4534287,-0.2166048,0.6775023,0.344923,0.4293217,0.6131223
72057594037973989,0,1.909011,18995.4,0.3290073,0.1384379,0.6112716,0.3462791,0.5410309,0.5924287,0.2695172,0.4696373,0.6186882,0.231617,0.3464396,0.64653,0.2072586,0.2264307,0.5939533,0.205206,0.2153009,0.5691495,0.3980974,0.4312536,0.56496,0.4445168,0.338358,0.5583151,0.4591424,0.2437197,0.5488877,0.4552744,0.2494074,0.5463138,0.285432,0.1453393,0.613117,0.3277252,-0.0510858,0.5990139,0.372783,-0.2398533,0.5991753,0.3572757,0.1428014,0.5762949,0.4031473,-0.04011405,0.6214464,0.4534287,-0.2166048,0.6775023,0.344923,0.4293217,0.6131223
72057594037973989,0,1.909011,18995.41,0.3290073,0.1384379,0.6112716,0.3462791,0.5410309,0.5924287,0.2695172,0.4696373,0.6186882,0.231617,0.3464396,0.64653,0.2072586,0.2264307,0.5939533,0.205206,0.2153009,0.5691495,0.3980974,0.4312536,0.56496,0.4445168,0.338358,0.5583151,0.4591424,0.2437197,0.5488877,0.4552744,0.2494074,0.5463138,0.285432,0.1453393,0.613117,0.3277252,-0.0510858,0.5990139,0.372783,-0.2398533,0.5991753,0.3572757,0.1428014,0.5762949,0.4031473,-0.04011405,0.6214464,0.4534287,-0.2166048,0.6775023,0.344923,0.4293217,0.6131223
72057594037973989,0,1.909011,18995.41,0.3290073,0.1384379,0.6112716,0.3462791,0.5410309,0.5924287,0.2695172,0.4696373,0.6186882,0.231617,0.3464396,0.64653,0.2072586,0.2264307,0.5939533,0.205206,0.2153009,0.5691495,0.3980974,0.4312536,0.56496,0.4445168,0.338358,0.5583151,0.4591424,0.2437197,0.5488877,0.4552744,0.2494074,0.5463138,0.285432,0.1453393,0.613117,0.3277252,-0.0510858,0.5990139,0.372783,-0.2398533,0.5991753,0.3572757,0.1428014,0.5762949,0.4031473,-0.04011405,0.6214464,0.4534287,-0.2166048,0.6775023,0.344923,0.4293217,0.6131223
72057594037973989,0,1.909011,18995.41,0.3290073,0.1384379,0.6112716,0.3462791,0.5410309,0.5924287,0.2695172,0.4696373,0.6186882,0.231617,0.3464396,0.64653,0.2072586,0.2264307,0.5939533,0.205206,0.2153009,0.5691495,0.3980974,0.4312536,0.56496,0.4445168,0.338358,0.5583151,0.4591424,0.2437197,0.5488877,0.4552744,0.2494074,0.5463138,0.285432,0.1453393,0.613117,0.3277252,-0.0510858,0.5990139,0.372783,-0.2398533,0.5991753,0.3572757,0.1428014,0.5762949,0.4031473,-0.04011405,0.6214464,0.4534287,-0.2166048,0.6775023,0.344923,0.4293217,0.6131223
72057594037973989,0,1.909011,18995.41,0.3290073,0.1384379,0.6112716,0.3462791,0.5410309,0.5924287,0.2695172,0.4696373,0.6186882,0.231617,0.3464396,0.64653,0.2072586,0.2264307,0.5939533,0.205206,0.2153009,0.5691495,0.3980974,0.4312536,0.56496,0.4445168,0.338358,0.5583151,0.4591424,0.2437197,0.5488877,0.4552744,0.2494074,0.5463138,0.285432,0.1453393,0.613117,0.3277252,-0.0510858,0.5990139,0.372783,-0.2398533,0.5991753,0.3572757,0.1428014,0.5762949,0.4031473,-0.04011405,0.6214464,0.4534287,-0.2166048,0.6775023,0.344923,0.4293217,0.6131223
72057594037973989,0,1.909011,18995.42,0.3290073,0.1384379,0.6112716,0.3462791,0.5410309,0.5924287,0.2695172,0.4696373,0.6186882,0.231617,0.3464396,0.64653,0.2072586,0.2264307,0.5939533,0.205206,0.2153009,0.5691495,0.3980974,0.4312536,0.56496,0.4445168,0.338358,0.5583151,0.4591424,0.2437197,0.5488877,0.4552744,0.2494074,0.5463138,0.285432,0.1453393,0.613117,0.3277252,-0.0510858,0.5990139,0.372783,-0.2398533,0.5991753,0.3572757,0.1428014,0.5762949,0.4031473,-0.04011405,0.6214464,0.4534287,-0.2166048,0.6775023,0.344923,0.4293217,0.6131223
72057594037973989,0,1.909011,18995.42,0.3290073,0.1384379,0.6112716,0.3462791,0.5410309,0.5924287,0.2695172,0.4696373,0.6186882,0.231617,0.3464396,0.64653,0.2072586,0.2264307,0.5939533,0.205206,0.2153009,0.5691495,0.3980974,0.4312536,0.56496,0.4445168,0.338358,0.5583151,0.4591424,0.2437197,0.5488877,0.4552744,0.2494074,0.5463138,0.285432,0.1453393,0.613117,0.3277252,-0.0510858,0.5990139,0.372783,-0.2398533,0.5991753,0.3572757,0.1428014,0.5762949,0.4031473,-0.04011405,0.6214464,0.4534287,-0.2166048,0.6775023,0.344923,0.4293217,0.6131223
72057594037973989,0,1.917037,18995.42,0.3175821,0.1447842,0.5974537,0.3323792,0.5424885,0.5775501,0.2567403,0.4736765,0.6053267,0.2177836,0.3512622,0.6344692,0.1928615,0.2315958,0.5816002,0.189782,0.2092001,0.5480707,0.3835218,0.4396877,0.5491177,0.4279327,0.3387572,0.5362828,0.4476689,0.2453089,0.5328937,0.4378688,0.2509181,0.5211462,0.2736498,0.1517962,0.5992736,0.3172873,-0.04391286,0.5871205,0.3635132,-0.2319353,0.5892235,0.3464278,0.1489612,0.5624642,0.3909198,-0.03503644,0.6047019,0.4398359,-0.2124633,0.6580427,0.3331876,0.4314888,0.5980913
72057594037973989,0,1.917037,18995.42,0.3175821,0.1447842,0.5974537,0.3323792,0.5424885,0.5775501,0.2567403,0.4736765,0.6053267,0.2177836,0.3512622,0.6344692,0.1928615,0.2315958,0.5816002,0.189782,0.2092001,0.5480707,0.3835218,0.4396877,0.5491177,0.4279327,0.3387572,0.5362828,0.4476689,0.2453089,0.5328937,0.4378688,0.2509181,0.5211462,0.2736498,0.1517962,0.5992736,0.3172873,-0.04391286,0.5871205,0.3635132,-0.2319353,0.5892235,0.3464278,0.1489612,0.5624642,0.3909198,-0.03503644,0.6047019,0.4398359,-0.2124633,0.6580427,0.3331876,0.4314888,0.5980913
72057594037973989,0,1.917037,18995.43,0.3175821,0.1447842,0.5974537,0.3323792,0.5424885,0.5775501,0.2567403,0.4736765,0.6053267,0.2177836,0.3512622,0.6344692,0.1928615,0.2315958,0.5816002,0.189782,0.2092001,0.5480707,0.3835218,0.4396877,0.5491177,0.4279327,0.3387572,0.5362828,0.4476689,0.2453089,0.5328937,0.4378688,0.2509181,0.5211462,0.2736498,0.1517962,0.5992736,0.3172873,-0.04391286,0.5871205,0.3635132,-0.2319353,0.5892235,0.3464278,0.1489612,0.5624642,0.3909198,-0.03503644,0.6047019,0.4398359,-0.2124633,0.6580427,0.3331876,0.4314888,0.5980913
72057594037973989,0,1.917037,18995.43,0.3175821,0.1447842,0.5974537,0.3323792,0.5424885,0.5775501,0.2567403,0.4736765,0.6053267,0.2177836,0.3512622,0.6344692,0.1928615,0.2315958,0.5816002,0.189782,0.2092001,0.5480707,0.3835218,0.4396877,0.5491177,0.4279327,0.3387572,0.5362828,0.4476689,0.2453089,0.5328937,0.4378688,0.2509181,0.5211462,0.2736498,0.1517962,0.5992736,0.3172873,-0.04391286,0.5871205,0.3635132,-0.2319353,0.5892235,0.3464278,0.1489612,0.5624642,0.3909198,-0.03503644,0.6047019,0.4398359,-0.2124633,0.6580427,0.3331876,0.4314888,0.5980913
72057594037973989,0,1.917037,18995.43,0.3175821,0.1447842,0.5974537,0.3323792,0.5424885,0.5775501,0.2567403,0.4736765,0.6053267,0.2177836,0.3512622,0.6344692,0.1928615,0.2315958,0.5816002,0.189782,0.2092001,0.5480707,0.3835218,0.4396877,0.5491177,0.4279327,0.3387572,0.5362828,0.4476689,0.2453089,0.5328937,0.4378688,0.2509181,0.5211462,0.2736498,0.1517962,0.5992736,0.3172873,-0.04391286,0.5871205,0.3635132,-0.2319353,0.5892235,0.3464278,0.1489612,0.5624642,0.3909198,-0.03503644,0.6047019,0.4398359,-0.2124633,0.6580427,0.3331876,0.4314888,0.5980913
72057594037973989,0,1.917037,18995.43,0.3175821,0.1447842,0.5974537,0.3323792,0.5424885,0.5775501,0.2567403,0.4736765,0.6053267,0.2177836,0.3512622,0.6344692,0.1928615,0.2315958,0.5816002,0.189782,0.2092001,0.5480707,0.3835218,0.4396877,0.5491177,0.4279327,0.3387572,0.5362828,0.4476689,0.2453089,0.5328937,0.4378688,0.2509181,0.5211462,0.2736498,0.1517962,0.5992736,0.3172873,-0.04391286,0.5871205,0.3635132,-0.2319353,0.5892235,0.3464278,0.1489612,0.5624642,0.3909198,-0.03503644,0.6047019,0.4398359,-0.2124633,0.6580427,0.3331876,0.4314888,0.5980913
72057594037973989,0,1.917037,18995.44,0.3175821,0.1447842,0.5974537,0.3323792,0.5424885,0.5775501,0.2567403,0.4736765,0.6053267,0.2177836,0.3512622,0.6344692,0.1928615,0.2315958,0.5816002,0.189782,0.2092001,0.5480707,0.3835218,0.4396877,0.5491177,0.4279327,0.3387572,0.5362828,0.4476689,0.2453089,0.5328937,0.4378688,0.2509181,0.5211462,0.2736498,0.1517962,0.5992736,0.3172873,-0.04391286,0.5871205,0.3635132,-0.2319353,0.5892235,0.3464278,0.1489612,0.5624642,0.3909198,-0.03503644,0.6047019,0.4398359,-0.2124633,0.6580427,0.3331876,0.4314888,0.5980913
72057594037973989,0,1.917037,18995.44,0.3175821,0.1447842,0.5974537,0.3323792,0.5424885,0.5775501,0.2567403,0.4736765,0.6053267,0.2177836,0.3512622,0.6344692,0.1928615,0.2315958,0.5816002,0.189782,0.2092001,0.5480707,0.3835218,0.4396877,0.5491177,0.4279327,0.3387572,0.5362828,0.4476689,0.2453089,0.5328937,0.4378688,0.2509181,0.5211462,0.2736498,0.1517962,0.5992736,0.3172873,-0.04391286,0.5871205,0.3635132,-0.2319353,0.5892235,0.3464278,0.1489612,0.5624642,0.3909198,-0.03503644,0.6047019,0.4398359,-0.2124633,0.6580427,0.3331876,0.4314888,0.5980913
72057594037973989,0,1.917037,18995.44,0.3175821,0.1447842,0.5974537,0.3323792,0.5424885,0.5775501,0.2567403,0.4736765,0.6053267,0.2177836,0.3512622,0.6344692,0.1928615,0.2315958,0.5816002,0.189782,0.2092001,0.5480707,0.3835218,0.4396877,0.5491177,0.4279327,0.3387572,0.5362828,0.4476689,0.2453089,0.5328937,0.4378688,0.2509181,0.5211462,0.2736498,0.1517962,0.5992736,0.3172873,-0.04391286,0.5871205,0.3635132,-0.2319353,0.5892235,0.3464278,0.1489612,0.5624642,0.3909198,-0.03503644,0.6047019,0.4398359,-0.2124633,0.6580427,0.3331876,0.4314888,0.5980913
72057594037973989,0,1.917037,18995.44,0.3175821,0.1447842,0.5974537,0.3323792,0.5424885,0.5775501,0.2567403,0.4736765,0.6053267,0.2177836,0.3512622,0.6344692,0.1928615,0.2315958,0.5816002,0.189782,0.2092001,0.5480707,0.3835218,0.4396877,0.5491177,0.4279327,0.3387572,0.5362828,0.4476689,0.2453089,0.5328937,0.4378688,0.2509181,0.5211462,0.2736498,0.1517962,0.5992736,0.3172873,-0.04391286,0.5871205,0.3635132,-0.2319353,0.5892235,0.3464278,0.1489612,0.5624642,0.3909198,-0.03503644,0.6047019,0.4398359,-0.2124633,0.6580427,0.3331876,0.4314888,0.5980913
72057594037973989,0,1.917037,18995.45,0.3175821,0.1447842,0.5974537,0.3323792,0.5424885,0.5775501,0.2567403,0.4736765,0.6053267,0.2177836,0.3512622,0.6344692,0.1928615,0.2315958,0.5816002,0.189782,0.2092001,0.5480707,0.3835218,0.4396877,0.5491177,0.4279327,0.3387572,0.5362828,0.4476689,0.2453089,0.5328937,0.4378688,0.2509181,0.5211462,0.2736498,0.1517962,0.5992736,0.3172873,-0.04391286,0.5871205,0.3635132,-0.2319353,0.5892235,0.3464278,0.1489612,0.5624642,0.3909198,-0.03503644,0.6047019,0.4398359,-0.2124633,0.6580427,0.3331876,0.4314888,0.5980913
72057594037973989,0,1.917037,18995.45,0.3175821,0.1447842,0.5974537,0.3323792,0.5424885,0.5775501,0.2567403,0.4736765,0.6053267,0.2177836,0.3512622,0.6344692,0.1928615,0.2315958,0.5816002,0.189782,0.2092001,0.5480707,0.3835218,0.4396877,0.5491177,0.4279327,0.3387572,0.5362828,0.4476689,0.2453089,0.5328937,0.4378688,0.2509181,0.5211462,0.2736498,0.1517962,0.5992736,0.3172873,-0.04391286,0.5871205,0.3635132,-0.2319353,0.5892235,0.3464278,0.1489612,0.5624642,0.3909198,-0.03503644,0.6047019,0.4398359,-0.2124633,0.6580427,0.3331876,0.4314888,0.5980913
72057594037973989,0,1.917037,18995.45,0.3175821,0.1447842,0.5974537,0.3323792,0.5424885,0.5775501,0.2567403,0.4736765,0.6053267,0.2177836,0.3512622,0.6344692,0.1928615,0.2315958,0.5816002,0.189782,0.2092001,0.5480707,0.3835218,0.4396877,0.5491177,0.4279327,0.3387572,0.5362828,0.4476689,0.2453089,0.5328937,0.4378688,0.2509181,0.5211462,0.2736498,0.1517962,0.5992736,0.3172873,-0.04391286,0.5871205,0.3635132,-0.2319353,0.5892235,0.3464278,0.1489612,0.5624642,0.3909198,-0.03503644,0.6047019,0.4398359,-0.2124633,0.6580427,0.3331876,0.4314888,0.5980913
72057594037973989,0,1.917037,18995.45,0.3175821,0.1447842,0.5974537,0.3323792,0.5424885,0.5775501,0.2567403,0.4736765,0.6053267,0.2177836,0.3512622,0.6344692,0.1928615,0.2315958,0.5816002,0.189782,0.2092001,0.5480707,0.3835218,0.4396877,0.5491177,0.4279327,0.3387572,0.5362828,0.4476689,0.2453089,0.5328937,0.4378688,0.2509181,0.5211462,0.2736498,0.1517962,0.5992736,0.3172873,-0.04391286,0.5871205,0.3635132,-0.2319353,0.5892235,0.3464278,0.1489612,0.5624642,0.3909198,-0.03503644,0.6047019,0.4398359,-0.2124633,0.6580427,0.3331876,0.4314888,0.5980913
72057594037973989,0,1.917037,18995.46,0.3175821,0.1447842,0.5974537,0.3323792,0.5424885,0.5775501,0.2567403,0.4736765,0.6053267,0.2177836,0.3512622,0.6344692,0.1928615,0.2315958,0.5816002,0.189782,0.2092001,0.5480707,0.3835218,0.4396877,0.5491177,0.4279327,0.3387572,0.5362828,0.4476689,0.2453089,0.5328937,0.4378688,0.2509181,0.5211462,0.2736498,0.1517962,0.5992736,0.3172873,-0.04391286,0.5871205,0.3635132,-0.2319353,0.5892235,0.3464278,0.1489612,0.5624642,0.3909198,-0.03503644,0.6047019,0.4398359,-0.2124633,0.6580427,0.3331876,0.4314888,0.5980913
72057594037973989,0,1.924422,18995.46,0.3066923,0.1497345,0.5851898,0.3234592,0.5360611,0.5708716,0.2567022,0.4736645,0.6052921,0.2085072,0.3519581,0.6251524,0.1795105,0.2341798,0.5703641,0.1761791,0.2041196,0.5342676,0.3776882,0.4418013,0.5424932,0.4123549,0.3407221,0.5156946,0.4258996,0.2465802,0.4995926,0.4182366,0.2553158,0.4918823,0.2651947,0.1561504,0.5888972,0.3062355,-0.03976667,0.5773826,0.349947,-0.2279384,0.5801298,0.3330318,0.1545316,0.5480311,0.3773906,-0.02905199,0.5901956,0.4260922,-0.2060452,0.6435509,0.3311181,0.4318313,0.5956009
72057594037973989,0,1.924422,18995.46,0.3066923,0.1497345,0.5851898,0.3234592,0.5360611,0.5708716,0.2567022,0.4736645,0.6052921,0.2085072,0.3519581,0.6251524,0.1795105,0.2341798,0.5703641,0.1761791,0.2041196,0.5342676,0.3776882,0.4418013,0.5424932,0.4123549,0.3407221,0.5156946,0.4258996,0.2465802,0.4995926,0.4182366,0.2553158,0.4918823,0.2651947,0.1561504,0.5888972,0.3062355,-0.03976667,0.5773826,0.349947,-0.2279384,0.5801298,0.3330318,0.1545316,0.5480311,0.3773906,-0.02905199,0.5901956,0.4260922,-0.2060452,0.6435509,0.3311181,0.4318313,0.5956009
72057594037973989,0,1.924422,18995.46,0.3066923,0.1497345,0.5851898,0.3234592,0.5360611,0.5708716,0.2567022,0.4736645,0.6052921,0.2085072,0.3519581,0.6251524,0.1795105,0.2341798,0.5703641,0.1761791,0.2041196,0.5342676,0.3776882,0.4418013,0.5424932,0.4123549,0.3407221,0.5156946,0.4258996,0.2465802,0.4995926,0.4182366,0.2553158,0.4918823,0.2651947,0.1561504,0.5888972,0.3062355,-0.03976667,0.5773826,0.349947,-0.2279384,0.5801298,0.3330318,0.1545316,0.5480311,0.3773906,-0.02905199,0.5901956,0.4260922,-0.2060452,0.6435509,0.3311181,0.4318313,0.5956009
72057594037973989,0,1.924422,18995.46,0.3066923,0.1497345,0.5851898,0.3234592,0.5360611,0.5708716,0.2567022,0.4736645,0.6052921,0.2085072,0.3519581,0.6251524,0.1795105,0.2341798,0.5703641,0.1761791,0.2041196,0.5342676,0.3776882,0.4418013,0.5424932,0.4123549,0.3407221,0.5156946,0.4258996,0.2465802,0.4995926,0.4182366,0.2553158,0.4918823,0.2651947,0.1561504,0.5888972,0.3062355,-0.03976667,0.5773826,0.349947,-0.2279384,0.5801298,0.3330318,0.1545316,0.5480311,0.3773906,-0.02905199,0.5901956,0.4260922,-0.2060452,0.6435509,0.3311181,0.4318313,0.5956009
72057594037973989,0,1.924422,18995.47,0.3066923,0.1497345,0.5851898,0.3234592,0.5360611,0.5708716,0.2567022,0.4736645,0.6052921,0.2085072,0.3519581,0.6251524,0.1795105,0.2341798,0.5703641,0.1761791,0.2041196,0.5342676,0.3776882,0.4418013,0.5424932,0.4123549,0.3407221,0.5156946,0.4258996,0.2465802,0.4995926,0.4182366,0.2553158,0.4918823,0.2651947,0.1561504,0.5888972,0.3062355,-0.03976667,0.5773826,0.349947,-0.2279384,0.5801298,0.3330318,0.1545316,0.5480311,0.3773906,-0.02905199,0.5901956,0.4260922,-0.2060452,0.6435509,0.3311181,0.4318313,0.5956009
72057594037973989,0,1.924422,18995.47,0.3066923,0.1497345,0.5851898,0.3234592,0.5360611,0.5708716,0.2567022,0.4736645,0.6052921,0.2085072,0.3519581,0.6251524,0.1795105,0.2341798,0.5703641,0.1761791,0.2041196,0.5342676,0.3776882,0.4418013,0.5424932,0.4123549,0.3407221,0.5156946,0.4258996,0.2465802,0.4995926,0.4182366,0.2553158,0.4918823,0.2651947,0.1561504,0.5888972,0.3062355,-0.03976667,0.5773826,0.349947,-0.2279384,0.5801298,0.3330318,0.1545316,0.5480311,0.3773906,-0.02905199,0.5901956,0.4260922,-0.2060452,0.6435509,0.3311181,0.4318313,0.5956009
72057594037973989,0,1.924422,18995.47,0.3066923,0.1497345,0.5851898,0.3234592,0.5360611,0.5708716,0.2567022,0.4736645,0.6052921,0.2085072,0.3519581,0.6251524,0.1795105,0.2341798,0.5703641,0.1761791,0.2041196,0.5342676,0.3776882,0.4418013,0.5424932,0.4123549,0.3407221,0.5156946,0.4258996,0.2465802,0.4995926,0.4182366,0.2553158,0.4918823,0.2651947,0.1561504,0.5888972,0.3062355,-0.03976667,0.5773826,0.349947,-0.2279384,0.5801298,0.3330318,0.1545316,0.5480311,0.3773906,-0.02905199,0.5901956,0.4260922,-0.2060452,0.6435509,0.3311181,0.4318313,0.5956009
72057594037973989,0,1.924422,18995.47,0.3066923,0.1497345,0.5851898,0.3234592,0.5360611,0.5708716,0.2567022,0.4736645,0.6052921,0.2085072,0.3519581,0.6251524,0.1795105,0.2341798,0.5703641,0.1761791,0.2041196,0.5342676,0.3776882,0.4418013,0.5424932,0.4123549,0.3407221,0.5156946,0.4258996,0.2465802,0.4995926,0.4182366,0.2553158,0.4918823,0.2651947,0.1561504,0.5888972,0.3062355,-0.03976667,0.5773826,0.349947,-0.2279384,0.5801298,0.3330318,0.1545316,0.5480311,0.3773906,-0.02905199,0.5901956,0.4260922,-0.2060452,0.6435509,0.3311181,0.4318313,0.5956009
72057594037973989,0,1.924422,18995.48,0.3066923,0.1497345,0.5851898,0.3234592,0.5360611,0.5708716,0.2567022,0.4736645,0.6052921,0.2085072,0.3519581,0.6251524,0.1795105,0.2341798,0.5703641,0.1761791,0.2041196,0.5342676,0.3776882,0.4418013,0.5424932,0.4123549,0.3407221,0.5156946,0.4258996,0.2465802,0.4995926,0.4182366,0.2553158,0.4918823,0.2651947,0.1561504,0.5888972,0.3062355,-0.03976667,0.5773826,0.349947,-0.2279384,0.5801298,0.3330318,0.1545316,0.5480311,0.3773906,-0.02905199,0.5901956,0.4260922,-0.2060452,0.6435509,0.3311181,0.4318313,0.5956009
72057594037973989,0,1.924422,18995.48,0.3066923,0.1497345,0.5851898,0.3234592,0.5360611,0.5708716,0.2567022,0.4736645,0.6052921,0.2085072,0.3519581,0.6251524,0.1795105,0.2341798,0.5703641,0.1761791,0.2041196,0.5342676,0.3776882,0.4418013,0.5424932,0.4123549,0.3407221,0.5156946,0.4258996,0.2465802,0.4995926,0.4182366,0.2553158,0.4918823,0.2651947,0.1561504,0.5888972,0.3062355,-0.03976667,0.5773826,0.349947,-0.2279384,0.5801298,0.3330318,0.1545316,0.5480311,0.3773906,-0.02905199,0.5901956,0.4260922,-0.2060452,0.6435509,0.3311181,0.4318313,0.5956009
72057594037973989,0,1.924422,18995.48,0.3066923,0.1497345,0.5851898,0.3234592,0.5360611,0.5708716,0.2567022,0.4736645,0.6052921,0.2085072,0.3519581,0.6251524,0.1795105,0.2341798,0.5703641,0.1761791,0.2041196,0.5342676,0.3776882,0.4418013,0.5424932,0.4123549,0.3407221,0.5156946,0.4258996,0.2465802,0.4995926,0.4182366,0.2553158,0.4918823,0.2651947,0.1561504,0.5888972,0.3062355,-0.03976667,0.5773826,0.349947,-0.2279384,0.5801298,0.3330318,0.1545316,0.5480311,0.3773906,-0.02905199,0.5901956,0.4260922,-0.2060452,0.6435509,0.3311181,0.4318313,0.5956009
72057594037973989,0,1.924422,18995.48,0.3066923,0.1497345,0.5851898,0.3234592,0.5360611,0.5708716,0.2567022,0.4736645,0.6052921,0.2085072,0.3519581,0.6251524,0.1795105,0.2341798,0.5703641,0.1761791,0.2041196,0.5342676,0.3776882,0.4418013,0.5424932,0.4123549,0.3407221,0.5156946,0.4258996,0.2465802,0.4995926,0.4182366,0.2553158,0.4918823,0.2651947,0.1561504,0.5888972,0.3062355,-0.03976667,0.5773826,0.349947,-0.2279384,0.5801298,0.3330318,0.1545316,0.5480311,0.3773906,-0.02905199,0.5901956,0.4260922,-0.2060452,0.6435509,0.3311181,0.4318313,0.5956009
72057594037973989,0,1.924422,18995.49,0.3066923,0.1497345,0.5851898,0.3234592,0.5360611,0.5708716,0.2567022,0.4736645,0.6052921,0.2085072,0.3519581,0.6251524,0.1795105,0.2341798,0.5703641,0.1761791,0.2041196,0.5342676,0.3776882,0.4418013,0.5424932,0.4123549,0.3407221,0.5156946,0.4258996,0.2465802,0.4995926,0.4182366,0.2553158,0.4918823,0.2651947,0.1561504,0.5888972,0.3062355,-0.03976667,0.5773826,0.349947,-0.2279384,0.5801298,0.3330318,0.1545316,0.5480311,0.3773906,-0.02905199,0.5901956,0.4260922,-0.2060452,0.6435509,0.3311181,0.4318313,0.5956009
72057594037973989,0,1.931125,18995.49,0.2955869,0.153479,0.5742683,0.3062585,0.5497317,0.5461886,0.2303462,0.4761846,0.5782096,0.1921308,0.3531294,0.6051896,0.1643124,0.2340678,0.5531136,0.1613708,0.2053153,0.5190876,0.3592121,0.4410281,0.51396,0.3941177,0.3468299,0.4940245,0.40837,0.2545263,0.467755,0.4142421,0.2236757,0.4606947,0.2536978,0.1597165,0.5783538,0.2848991,-0.03752288,0.5717478,0.3192942,-0.2270942,0.5792069,0.3228576,0.1584227,0.5368481,0.3668055,-0.02514976,0.577732,0.415089,-0.202271,0.6299824,0.3060449,0.4368657,0.5655665
72057594037973989,0,1.931125,18995.49,0.2955869,0.153479,0.5742683,0.3062585,0.5497317,0.5461886,0.2303462,0.4761846,0.5782096,0.1921308,0.3531294,0.6051896,0.1643124,0.2340678,0.5531136,0.1613708,0.2053153,0.5190876,0.3592121,0.4410281,0.51396,0.3941177,0.3468299,0.4940245,0.40837,0.2545263,0.467755,0.4142421,0.2236757,0.4606947,0.2536978,0.1597165,0.5783538,0.2848991,-0.03752288,0.5717478,0.3192942,-0.2270942,0.5792069,0.3228576,0.1584227,0.5368481,0.3668055,-0.02514976,0.577732,0.415089,-0.202271,0.6299824,0.3060449,0.4368657,0.5655665
72057594037973989,0,1.931125,18995.49,0.2955869,0.153479,0.5742683,0.3062585,0.5497317,0.5461886,0.2303462,0.4761846,0.5782096,0.1921308,0.3531294,0.6051896,0.1643124,0.2340678,0.5531136,0.1613708,0.2053153,0.5190876,0.3592121,0.4410281,0.51396,0.3941177,0.3468299,0.4940245,0.40837,0.2545263,0.467755,0.4142421,0.2236757,0.4606947,0.2536978,0.1597165,0.5783538,0.2848991,-0.03752288,0.5717478,0.3192942,-0.2270942,0.5792069,0.3228576,0.1584227,0.5368481,0.3668055,-0.02514976,0.577732,0.415089,-0.202271,0.6299824,0.3060449,0.4368657,0.5655665
72057594037973989,0,1.931125,18995.5,0.2955869,0.153479,0.5742683,0.3062585,0.5497317,0.5461886,0.2303462,0.4761846,0.5782096,0.1921308,0.3531294,0.6051896,0.1643124,0.2340678,0.5531136,0.1613708,0.2053153,0.5190876,0.3592121,0.4410281,0.51396,0.3941177,0.3468299,0.4940245,0.40837,0.2545263,0.467755,0.4142421,0.2236757,0.4606947,0.2536978,0.1597165,0.5783538,0.2848991,-0.03752288,0.5717478,0.3192942,-0.2270942,0.5792069,0.3228576,0.1584227,0.5368481,0.3668055,-0.02514976,0.577732,0.415089,-0.202271,0.6299824,0.3060449,0.4368657,0.5655665
72057594037973989,0,1.931125,18995.5,0.2955869,0.153479,0.5742683,0.3062585,0.5497317,0.5461886,0.2303462,0.4761846,0.5782096,0.1921308,0.3531294,0.6051896,0.1643124,0.2340678,0.5531136,0.1613708,0.2053153,0.5190876,0.3592121,0.4410281,0.51396,0.3941177,0.3468299,0.4940245,0.40837,0.2545263,0.467755,0.4142421,0.2236757,0.4606947,0.2536978,0.1597165,0.5783538,0.2848991,-0.03752288,0.5717478,0.3192942,-0.2270942,0.5792069,0.3228576,0.1584227,0.5368481,0.3668055,-0.02514976,0.577732,0.415089,-0.202271,0.6299824,0.3060449,0.4368657,0.5655665
72057594037973989,0,1.931125,18995.5,0.2955869,0.153479,0.5742683,0.3062585,0.5497317,0.5461886,0.2303462,0.4761846,0.5782096,0.1921308,0.3531294,0.6051896,0.1643124,0.2340678,0.5531136,0.1613708,0.2053153,0.5190876,0.3592121,0.4410281,0.51396,0.3941177,0.3468299,0.4940245,0.40837,0.2545263,0.467755,0.4142421,0.2236757,0.4606947,0.2536978,0.1597165,0.5783538,0.2848991,-0.03752288,0.5717478,0.3192942,-0.2270942,0.5792069,0.3228576,0.1584227,0.5368481,0.3668055,-0.02514976,0.577732,0.415089,-0.202271,0.6299824,0.3060449,0.4368657,0.5655665
72057594037973989,0,1.931125,18995.5,0.2955869,0.153479,0.5742683,0.3062585,0.5497317,0.5461886,0.2303462,0.4761846,0.5782096,0.1921308,0.3531294,0.6051896,0.1643124,0.2340678,0.5531136,0.1613708,0.2053153,0.5190876,0.3592121,0.4410281,0.51396,0.3941177,0.3468299,0.4940245,0.40837,0.2545263,0.467755,0.4142421,0.2236757,0.4606947,0.2536978,0.1597165,0.5783538,0.2848991,-0.03752288,0.5717478,0.3192942,-0.2270942,0.5792069,0.3228576,0.1584227,0.5368481,0.3668055,-0.02514976,0.577732,0.415089,-0.202271,0.6299824,0.3060449,0.4368657,0.5655665
72057594037973989,0,1.931125,18995.51,0.2955869,0.153479,0.5742683,0.3062585,0.5497317,0.5461886,0.2303462,0.4761846,0.5782096,0.1921308,0.3531294,0.6051896,0.1643124,0.2340678,0.5531136,0.1613708,0.2053153,0.5190876,0.3592121,0.4410281,0.51396,0.3941177,0.3468299,0.4940245,0.40837,0.2545263,0.467755,0.4142421,0.2236757,0.4606947,0.2536978,0.1597165,0.5783538,0.2848991,-0.03752288,0.5717478,0.3192942,-0.2270942,0.5792069,0.3228576,0.1584227,0.5368481,0.3668055,-0.02514976,0.577732,0.415089,-0.202271,0.6299824,0.3060449,0.4368657,0.5655665
72057594037973989,0,1.931125,18995.51,0.2955869,0.153479,0.5742683,0.3062585,0.5497317,0.5461886,0.2303462,0.4761846,0.5782096,0.1921308,0.3531294,0.6051896,0.1643124,0.2340678,0.5531136,0.1613708,0.2053153,0.5190876,0.3592121,0.4410281,0.51396,0.3941177,0.3468299,0.4940245,0.40837,0.2545263,0.467755,0.4142421,0.2236757,0.4606947,0.2536978,0.1597165,0.5783538,0.2848991,-0.03752288,0.5717478,0.3192942,-0.2270942,0.5792069,0.3228576,0.1584227,0.5368481,0.3668055,-0.02514976,0.577732,0.415089,-0.202271,0.6299824,0.3060449,0.4368657,0.5655665
72057594037973989,0,1.931125,18995.51,0.2955869,0.153479,0.5742683,0.3062585,0.5497317,0.5461886,0.2303462,0.4761846,0.5782096,0.1921308,0.3531294,0.6051896,0.1643124,0.2340678,0.5531136,0.1613708,0.2053153,0.5190876,0.3592121,0.4410281,0.51396,0.3941177,0.3468299,0.4940245,0.40837,0.2545263,0.467755,0.4142421,0.2236757,0.4606947,0.2536978,0.1597165,0.5783538,0.2848991,-0.03752288,0.5717478,0.3192942,-0.2270942,0.5792069,0.3228576,0.1584227,0.5368481,0.3668055,-0.02514976,0.577732,0.415089,-0.202271,0.6299824,0.3060449,0.4368657,0.5655665
72057594037973989,0,1.931125,18995.51,0.2955869,0.153479,0.5742683,0.3062585,0.5497317,0.5461886,0.2303462,0.4761846,0.5782096,0.1921308,0.3531294,0.6051896,0.1643124,0.2340678,0.5531136,0.1613708,0.2053153,0.5190876,0.3592121,0.4410281,0.51396,0.3941177,0.3468299,0.4940245,0.40837,0.2545263,0.467755,0.4142421,0.2236757,0.4606947,0.2536978,0.1597165,0.5783538,0.2848991,-0.03752288,0.5717478,0.3192942,-0.2270942,0.5792069,0.3228576,0.1584227,0.5368481,0.3668055,-0.02514976,0.577732,0.415089,-0.202271,0.6299824,0.3060449,0.4368657,0.5655665
72057594037973989,0,1.931125,18995.52,0.2955869,0.153479,0.5742683,0.3062585,0.5497317,0.5461886,0.2303462,0.4761846,0.5782096,0.1921308,0.3531294,0.6051896,0.1643124,0.2340678,0.5531136,0.1613708,0.2053153,0.5190876,0.3592121,0.4410281,0.51396,0.3941177,0.3468299,0.4940245,0.40837,0.2545263,0.467755,0.4142421,0.2236757,0.4606947,0.2536978,0.1597165,0.5783538,0.2848991,-0.03752288,0.5717478,0.3192942,-0.2270942,0.5792069,0.3228576,0.1584227,0.5368481,0.3668055,-0.02514976,0.577732,0.415089,-0.202271,0.6299824,0.3060449,0.4368657,0.5655665
72057594037973989,0,1.931125,18995.52,0.2955869,0.153479,0.5742683,0.3062585,0.5497317,0.5461886,0.2303462,0.4761846,0.5782096,0.1921308,0.3531294,0.6051896,0.1643124,0.2340678,0.5531136,0.1613708,0.2053153,0.5190876,0.3592121,0.4410281,0.51396,0.3941177,0.3468299,0.4940245,0.40837,0.2545263,0.467755,0.4142421,0.2236757,0.4606947,0.2536978,0.1597165,0.5783538,0.2848991,-0.03752288,0.5717478,0.3192942,-0.2270942,0.5792069,0.3228576,0.1584227,0.5368481,0.3668055,-0.02514976,0.577732,0.415089,-0.202271,0.6299824,0.3060449,0.4368657,0.5655665
72057594037973989,0,1.939766,18995.52,0.2842166,0.1570853,0.5613582,0.2950105,0.5464053,0.5344335,0.224587,0.4772235,0.5678512,0.1801212,0.354082,0.5876072,0.1527923,0.2338071,0.5382639,0.1489512,0.207662,0.5027335,0.349263,0.4399487,0.5006033,0.3786039,0.349608,0.4741041,0.3903159,0.255634,0.4537893,0.3953342,0.2242366,0.4487142,0.2430545,0.1629699,0.5670456,0.2660089,-0.03451934,0.5663148,0.2926012,-0.2245455,0.5794247,0.3110228,0.1624833,0.5221126,0.3540232,-0.02064967,0.5631068,0.4014002,-0.1975478,0.6155891,0.2983214,0.437449,0.557012
72057594037973989,0,1.939766,18995.52,0.2842166,0.1570853,0.5613582,0.2950105,0.5464053,0.5344335,0.224587,0.4772235,0.5678512,0.1801212,0.354082,0.5876072,0.1527923,0.2338071,0.5382639,0.1489512,0.207662,0.5027335,0.349263,0.4399487,0.5006033,0.3786039,0.349608,0.4741041,0.3903159,0.255634,0.4537893,0.3953342,0.2242366,0.4487142,0.2430545,0.1629699,0.5670456,0.2660089,-0.03451934,0.5663148,0.2926012,-0.2245455,0.5794247,0.3110228,0.1624833,0.5221126,0.3540232,-0.02064967,0.5631068,0.4014002,-0.1975478,0.6155891,0.2983214,0.437449,0.557012
72057594037973989,0,1.939766,18995.53,0.2842166,0.1570853,0.5613582,0.2950105,0.5464053,0.5344335,0.224587,0.4772235,0.5678512,0.1801212,0.354082,0.5876072,0.1527923,0.2338071,0.5382639,0.1489512,0.207662,0.5027335,0.349263,0.4399487,0.5006033,0.3786039,0.349608,0.4741041,0.3903159,0.255634,0.4537893,0.3953342,0.2242366,0.4487142,0.2430545,0.1629699,0.5670456,0.2660089,-0.03451934,0.5663148,0.2926012,-0.2245455,0.5794247,0.3110228,0.1624833,0.5221126,0.3540232,-0.02064967,0.5631068,0.4014002,-0.1975478,0.6155891,0.2983214,0.437449,0.557012
72057594037973989,0,1.939766,18995.53,0.2842166,0.1570853,0.5613582,0.2950105,0.5464053,0.5344335,0.224587,0.4772235,0.5678512,0.1801212,0.354082,0.5876072,0.1527923,0.2338071,0.5382639,0.1489512,0.207662,0.5027335,0.349263,0.4399487,0.5006033,0.3786039,0.349608,0.4741041,0.3903159,0.255634,0.4537893,0.3953342,0.2242366,0.4487142,0.2430545,0.1629699,0.5670456,0.2660089,-0.03451934,0.5663148,0.2926012,-0.2245455,0.5794247,0.3110228,0.1624833,0.5221126,0.3540232,-0.02064967,0.5631068,0.4014002,-0.1975478,0.6155891,0.2983214,0.437449,0.557012
72057594037973989,0,1.939766,18995.53,0.2842166,0.1570853,0.5613582,0.2950105,0.5464053,0.5344335,0.224587,0.4772235,0.5678512,0.1801212,0.354082,0.5876072,0.1527923,0.2338071,0.5382639,0.1489512,0.207662,0.5027335,0.349263,0.4399487,0.5006033,0.3786039,0.349608,0.4741041,0.3903159,0.255634,0.4537893,0.3953342,0.2242366,0.4487142,0.2430545,0.1629699,0.5670456,0.2660089,-0.03451934,0.5663148,0.2926012,-0.2245455,0.5794247,0.3110228,0.1624833,0.5221126,0.3540232,-0.02064967,0.5631068,0.4014002,-0.1975478,0.6155891,0.2983214,0.437449,0.557012
72057594037973989,0,1.939766,18995.53,0.2842166,0.1570853,0.5613582,0.2950105,0.5464053,0.5344335,0.224587,0.4772235,0.5678512,0.1801212,0.354082,0.5876072,0.1527923,0.2338071,0.5382639,0.1489512,0.207662,0.5027335,0.349263,0.4399487,0.5006033,0.3786039,0.349608,0.4741041,0.3903159,0.255634,0.4537893,0.3953342,0.2242366,0.4487142,0.2430545,0.1629699,0.5670456,0.2660089,-0.03451934,0.5663148,0.2926012,-0.2245455,0.5794247,0.3110228,0.1624833,0.5221126,0.3540232,-0.02064967,0.5631068,0.4014002,-0.1975478,0.6155891,0.2983214,0.437449,0.557012
72057594037973989,0,1.939766,18995.54,0.2842166,0.1570853,0.5613582,0.2950105,0.5464053,0.5344335,0.224587,0.4772235,0.5678512,0.1801212,0.354082,0.5876072,0.1527923,0.2338071,0.5382639,0.1489512,0.207662,0.5027335,0.349263,0.4399487,0.5006033,0.3786039,0.349608,0.4741041,0.3903159,0.255634,0.4537893,0.3953342,0.2242366,0.4487142,0.2430545,0.1629699,0.5670456,0.2660089,-0.03451934,0.5663148,0.2926012,-0.2245455,0.5794247,0.3110228,0.1624833,0.5221126,0.3540232,-0.02064967,0.5631068,0.4014002,-0.1975478,0.6155891,0.2983214,0.437449,0.557012
72057594037973989,0,1.939766,18995.54,0.2842166,0.1570853,0.5613582,0.2950105,0.5464053,0.5344335,0.224587,0.4772235,0.5678512,0.1801212,0.354082,0.5876072,0.1527923,0.2338071,0.5382639,0.1489512,0.207662,0.5027335,0.349263,0.4399487,0.5006033,0.3786039,0.349608,0.4741041,0.3903159,0.255634,0.4537893,0.3953342,0.2242366,0.4487142,0.2430545,0.1629699,0.5670456,0.2660089,-0.03451934,0.5663148,0.2926012,-0.2245455,0.5794247,0.3110228,0.1624833,0.5221126,0.3540232,-0.02064967,0.5631068,0.4014002,-0.1975478,0.6155891,0.2983214,0.437449,0.557012
72057594037973989,0,1.939766,18995.54,0.2842166,0.1570853,0.5613582,0.2950105,0.5464053,0.5344335,0.224587,0.4772235,0.5678512,0.1801212,0.354082,0.5876072,0.1527923,0.2338071,0.5382639,0.1489512,0.207662,0.5027335,0.349263,0.4399487,0.5006033,0.3786039,0.349608,0.4741041,0.3903159,0.255634,0.4537893,0.3953342,0.2242366,0.4487142,0.2430545,0.1629699,0.5670456,0.2660089,-0.03451934,0.5663148,0.2926012,-0.2245455,0.5794247,0.3110228,0.1624833,0.5221126,0.3540232,-0.02064967,0.5631068,0.4014002,-0.1975478,0.6155891,0.2983214,0.437449,0.557012
72057594037973989,0,1.939766,18995.54,0.2842166,0.1570853,0.5613582,0.2950105,0.5464053,0.5344335,0.224587,0.4772235,0.5678512,0.1801212,0.354082,0.5876072,0.1527923,0.2338071,0.5382639,0.1489512,0.207662,0.5027335,0.349263,0.4399487,0.5006033,0.3786039,0.349608,0.4741041,0.3903159,0.255634,0.4537893,0.3953342,0.2242366,0.4487142,0.2430545,0.1629699,0.5670456,0.2660089,-0.03451934,0.5663148,0.2926012,-0.2245455,0.5794247,0.3110228,0.1624833,0.5221126,0.3540232,-0.02064967,0.5631068,0.4014002,-0.1975478,0.6155891,0.2983214,0.437449,0.557012
72057594037973989,0,1.939766,18995.54,0.2842166,0.1570853,0.5613582,0.2950105,0.5464053,0.5344335,0.224587,0.4772235,0.5678512,0.1801212,0.354082,0.5876072,0.1527923,0.2338071,0.5382639,0.1489512,0.207662,0.5027335,0.349263,0.4399487,0.5006033,0.3786039,0.349608,0.4741041,0.3903159,0.255634,0.4537893,0.3953342,0.2242366,0.4487142,0.2430545,0.1629699,0.5670456,0.2660089,-0.03451934,0.5663148,0.2926012,-0.2245455,0.5794247,0.3110228,0.1624833,0.5221126,0.3540232,-0.02064967,0.5631068,0.4014002,-0.1975478,0.6155891,0.2983214,0.437449,0.557012
72057594037973989,0,1.939766,18995.55,0.2842166,0.1570853,0.5613582,0.2950105,0.5464053,0.5344335,0.224587,0.4772235,0.5678512,0.1801212,0.354082,0.5876072,0.1527923,0.2338071,0.5382639,0.1489512,0.207662,0.5027335,0.349263,0.4399487,0.5006033,0.3786039,0.349608,0.4741041,0.3903159,0.255634,0.4537893,0.3953342,0.2242366,0.4487142,0.2430545,0.1629699,0.5670456,0.2660089,-0.03451934,0.5663148,0.2926012,-0.2245455,0.5794247,0.3110228,0.1624833,0.5221126,0.3540232,-0.02064967,0.5631068,0.4014002,-0.1975478,0.6155891,0.2983214,0.437449,0.557012
72057594037973989,0,1.939766,18995.55,0.2842166,0.1570853,0.5613582,0.2950105,0.5464053,0.5344335,0.224587,0.4772235,0.5678512,0.1801212,0.354082,0.5876072,0.1527923,0.2338071,0.5382639,0.1489512,0.207662,0.5027335,0.349263,0.4399487,0.5006033,0.3786039,0.349608,0.4741041,0.3903159,0.255634,0.4537893,0.3953342,0.2242366,0.4487142,0.2430545,0.1629699,0.5670456,0.2660089,-0.03451934,0.5663148,0.2926012,-0.2245455,0.5794247,0.3110228,0.1624833,0.5221126,0.3540232,-0.02064967,0.5631068,0.4014002,-0.1975478,0.6155891,0.2983214,0.437449,0.557012
72057594037973989,0,1.939766,18995.55,0.2842166,0.1570853,0.5613582,0.2950105,0.5464053,0.5344335,0.224587,0.4772235,0.5678512,0.1801212,0.354082,0.5876072,0.1527923,0.2338071,0.5382639,0.1489512,0.207662,0.5027335,0.349263,0.4399487,0.5006033,0.3786039,0.349608,0.4741041,0.3903159,0.255634,0.4537893,0.3953342,0.2242366,0.4487142,0.2430545,0.1629699,0.5670456,0.2660089,-0.03451934,0.5663148,0.2926012,-0.2245455,0.5794247,0.3110228,0.1624833,0.5221126,0.3540232,-0.02064967,0.5631068,0.4014002,-0.1975478,0.6155891,0.2983214,0.437449,0.557012
72057594037973989,0,1.949828,18995.56,0.2732726,0.1587571,0.547878,0.2811915,0.5479975,0.5179409,0.2160706,0.4772976,0.5509341,0.1751613,0.3546138,0.5771431,0.1442359,0.2339152,0.5312489,0.136981,0.2119462,0.4876526,0.3330256,0.440626,0.4826875,0.3627366,0.3511991,0.4520918,0.3711109,0.2563452,0.4339955,0.3530779,0.2585373,0.4762835,0.232192,0.1648411,0.5545191,0.2501399,-0.03255463,0.5547923,0.2719825,-0.2231082,0.5689536,0.3003214,0.1640899,0.5077226,0.3408572,-0.01797307,0.5514795,0.3860204,-0.1944822,0.6068228,0.2843804,0.4385016,0.5405942
72057594037973989,0,1.949828,18995.56,0.2732726,0.1587571,0.547878,0.2811915,0.5479975,0.5179409,0.2160706,0.4772976,0.5509341,0.1751613,0.3546138,0.5771431,0.1442359,0.2339152,0.5312489,0.136981,0.2119462,0.4876526,0.3330256,0.440626,0.4826875,0.3627366,0.3511991,0.4520918,0.3711109,0.2563452,0.4339955,0.3530779,0.2585373,0.4762835,0.232192,0.1648411,0.5545191,0.2501399,-0.03255463,0.5547923,0.2719825,-0.2231082,0.5689536,0.3003214,0.1640899,0.5077226,0.3408572,-0.01797307,0.5514795,0.3860204,-0.1944822,0.6068228,0.2843804,0.4385016,0.5405942
72057594037973989,0,1.949828,18995.56,0.2732726,0.1587571,0.547878,0.2811915,0.5479975,0.5179409,0.2160706,0.4772976,0.5509341,0.1751613,0.3546138,0.5771431,0.1442359,0.2339152,0.5312489,0.136981,0.2119462,0.4876526,0.3330256,0.440626,0.4826875,0.3627366,0.3511991,0.4520918,0.3711109,0.2563452,0.4339955,0.3530779,0.2585373,0.4762835,0.232192,0.1648411,0.5545191,0.2501399,-0.03255463,0.5547923,0.2719825,-0.2231082,0.5689536,0.3003214,0.1640899,0.5077226,0.3408572,-0.01797307,0.5514795,0.3860204,-0.1944822,0.6068228,0.2843804,0.4385016,0.5405942
72057594037973989,0,1.949828,18995.56,0.2732726,0.1587571,0.547878,0.2811915,0.5479975,0.5179409,0.2160706,0.4772976,0.5509341,0.1751613,0.3546138,0.5771431,0.1442359,0.2339152,0.5312489,0.136981,0.2119462,0.4876526,0.3330256,0.440626,0.4826875,0.3627366,0.3511991,0.4520918,0.3711109,0.2563452,0.4339955,0.3530779,0.2585373,0.4762835,0.232192,0.1648411,0.5545191,0.2501399,-0.03255463,0.5547923,0.2719825,-0.2231082,0.5689536,0.3003214,0.1640899,0.5077226,0.3408572,-0.01797307,0.5514795,0.3860204,-0.1944822,0.6068228,0.2843804,0.4385016,0.5405942
72057594037973989,0,1.949828,18995.56,0.2732726,0.1587571,0.547878,0.2811915,0.5479975,0.5179409,0.2160706,0.4772976,0.5509341,0.1751613,0.3546138,0.5771431,0.1442359,0.2339152,0.5312489,0.136981,0.2119462,0.4876526,0.3330256,0.440626,0.4826875,0.3627366,0.3511991,0.4520918,0.3711109,0.2563452,0.4339955,0.3530779,0.2585373,0.4762835,0.232192,0.1648411,0.5545191,0.2501399,-0.03255463,0.5547923,0.2719825,-0.2231082,0.5689536,0.3003214,0.1640899,0.5077226,0.3408572,-0.01797307,0.5514795,0.3860204,-0.1944822,0.6068228,0.2843804,0.4385016,0.5405942
72057594037973989,0,1.949828,18995.57,0.2732726,0.1587571,0.547878,0.2811915,0.5479975,0.5179409,0.2160706,0.4772976,0.5509341,0.1751613,0.3546138,0.5771431,0.1442359,0.2339152,0.5312489,0.136981,0.2119462,0.4876526,0.3330256,0.440626,0.4826875,0.3627366,0.3511991,0.4520918,0.3711109,0.2563452,0.4339955,0.3530779,0.2585373,0.4762835,0.232192,0.1648411,0.5545191,0.2501399,-0.03255463,0.5547923,0.2719825,-0.2231082,0.5689536,0.3003214,0.1640899,0.5077226,0.3408572,-0.01797307,0.5514795,0.3860204,-0.1944822,0.6068228,0.2843804,0.4385016,0.5405942
72057594037973989,0,1.949828,18995.57,0.2732726,0.1587571,0.547878,0.2811915,0.5479975,0.5179409,0.2160706,0.4772976,0.5509341,0.1751613,0.3546138,0.5771431,0.1442359,0.2339152,0.5312489,0.136981,0.2119462,0.4876526,0.3330256,0.440626,0.4826875,0.3627366,0.3511991,0.4520918,0.3711109,0.2563452,0.4339955,0.3530779,0.2585373,0.4762835,0.232192,0.1648411,0.5545191,0.2501399,-0.03255463,0.5547923,0.2719825,-0.2231082,0.5689536,0.3003214,0.1640899,0.5077226,0.3408572,-0.01797307,0.5514795,0.3860204,-0.1944822,0.6068228,0.2843804,0.4385016,0.5405942
72057594037973989,0,1.949828,18995.57,0.2732726,0.1587571,0.547878,0.2811915,0.5479975,0.5179409,0.2160706,0.4772976,0.5509341,0.1751613,0.3546138,0.5771431,0.1442359,0.2339152,0.5312489,0.136981,0.2119462,0.4876526,0.3330256,0.440626,0.4826875,0.3627366,0.3511991,0.4520918,0.3711109,0.2563452,0.4339955,0.3530779,0.2585373,0.4762835,0.232192,0.1648411,0.5545191,0.2501399,-0.03255463,0.5547923,0.2719825,-0.2231082,0.5689536,0.3003214,0.1640899,0.5077226,0.3408572,-0.01797307,0.5514795,0.3860204,-0.1944822,0.6068228,0.2843804,0.4385016,0.5405942
72057594037973989,0,1.949828,18995.57,0.2732726,0.1587571,0.547878,0.2811915,0.5479975,0.5179409,0.2160706,0.4772976,0.5509341,0.1751613,0.3546138,0.5771431,0.1442359,0.2339152,0.5312489,0.136981,0.2119462,0.4876526,0.3330256,0.440626,0.4826875,0.3627366,0.3511991,0.4520918,0.3711109,0.2563452,0.4339955,0.3530779,0.2585373,0.4762835,0.232192,0.1648411,0.5545191,0.2501399,-0.03255463,0.5547923,0.2719825,-0.2231082,0.5689536,0.3003214,0.1640899,0.5077226,0.3408572,-0.01797307,0.5514795,0.3860204,-0.1944822,0.6068228,0.2843804,0.4385016,0.5405942
72057594037973989,0,1.949828,18995.58,0.2732726,0.1587571,0.547878,0.2811915,0.5479975,0.5179409,0.2160706,0.4772976,0.5509341,0.1751613,0.3546138,0.5771431,0.1442359,0.2339152,0.5312489,0.136981,0.2119462,0.4876526,0.3330256,0.440626,0.4826875,0.3627366,0.3511991,0.4520918,0.3711109,0.2563452,0.4339955,0.3530779,0.2585373,0.4762835,0.232192,0.1648411,0.5545191,0.2501399,-0.03255463,0.5547923,0.2719825,-0.2231082,0.5689536,0.3003214,0.1640899,0.5077226,0.3408572,-0.01797307,0.5514795,0.3860204,-0.1944822,0.6068228,0.2843804,0.4385016,0.5405942
72057594037973989,0,1.949828,18995.58,0.2732726,0.1587571,0.547878,0.2811915,0.5479975,0.5179409,0.2160706,0.4772976,0.5509341,0.1751613,0.3546138,0.5771431,0.1442359,0.2339152,0.5312489,0.136981,0.2119462,0.4876526,0.3330256,0.440626,0.4826875,0.3627366,0.3511991,0.4520918,0.3711109,0.2563452,0.4339955,0.3530779,0.2585373,0.4762835,0.232192,0.1648411,0.5545191,0.2501399,-0.03255463,0.5547923,0.2719825,-0.2231082,0.5689536,0.3003214,0.1640899,0.5077226,0.3408572,-0.01797307,0.5514795,0.3860204,-0.1944822,0.6068228,0.2843804,0.4385016,0.5405942
72057594037973989,0,1.949828,18995.58,0.2732726,0.1587571,0.547878,0.2811915,0.5479975,0.5179409,0.2160706,0.4772976,0.5509341,0.1751613,0.3546138,0.5771431,0.1442359,0.2339152,0.5312489,0.136981,0.2119462,0.4876526,0.3330256,0.440626,0.4826875,0.3627366,0.3511991,0.4520918,0.3711109,0.2563452,0.4339955,0.3530779,0.2585373,0.4762835,0.232192,0.1648411,0.5545191,0.2501399,-0.03255463,0.5547923,0.2719825,-0.2231082,0.5689536,0.3003214,0.1640899,0.5077226,0.3408572,-0.01797307,0.5514795,0.3860204,-0.1944822,0.6068228,0.2843804,0.4385016,0.5405942
72057594037973989,0,1.949828,18995.58,0.2732726,0.1587571,0.547878,0.2811915,0.5479975,0.5179409,0.2160706,0.4772976,0.5509341,0.1751613,0.3546138,0.5771431,0.1442359,0.2339152,0.5312489,0.136981,0.2119462,0.4876526,0.3330256,0.440626,0.4826875,0.3627366,0.3511991,0.4520918,0.3711109,0.2563452,0.4339955,0.3530779,0.2585373,0.4762835,0.232192,0.1648411,0.5545191,0.2501399,-0.03255463,0.5547923,0.2719825,-0.2231082,0.5689536,0.3003214,0.1640899,0.5077226,0.3408572,-0.01797307,0.5514795,0.3860204,-0.1944822,0.6068228,0.2843804,0.4385016,0.5405942
72057594037973989,0,1.961253,18995.59,0.2625806,0.1604723,0.5330505,0.2662449,0.5466827,0.5034328,0.2076363,0.4745712,0.534722,0.1668796,0.351689,0.5606822,0.1322643,0.2377924,0.5172117,0.1263696,0.215693,0.4715958,0.3155608,0.4443043,0.4673894,0.345585,0.3539609,0.4402666,0.3571742,0.2596626,0.4208474,0.3439534,0.2487015,0.4668649,0.2213189,0.1662874,0.5386482,0.225597,-0.03079167,0.5496335,0.2345036,-0.2210723,0.5740545,0.2900269,0.1662324,0.4939239,0.331626,-0.01649064,0.5349262,0.3777016,-0.1935968,0.5876864,0.2708718,0.4372168,0.5255817
72057594037973989,0,1.961253,18995.59,0.2625806,0.1604723,0.5330505,0.2662449,0.5466827,0.5034328,0.2076363,0.4745712,0.534722,0.1668796,0.351689,0.5606822,0.1322643,0.2377924,0.5172117,0.1263696,0.215693,0.4715958,0.3155608,0.4443043,0.4673894,0.345585,0.3539609,0.4402666,0.3571742,0.2596626,0.4208474,0.3439534,0.2487015,0.4668649,0.2213189,0.1662874,0.5386482,0.225597,-0.03079167,0.5496335,0.2345036,-0.2210723,0.5740545,0.2900269,0.1662324,0.4939239,0.331626,-0.01649064,0.5349262,0.3777016,-0.1935968,0.5876864,0.2708718,0.4372168,0.5255817
72057594037973989,0,1.961253,18995.59,0.2625806,0.1604723,0.5330505,0.2662449,0.5466827,0.5034328,0.2076363,0.4745712,0.534722,0.1668796,0.351689,0.5606822,0.1322643,0.2377924,0.5172117,0.1263696,0.215693,0.4715958,0.3155608,0.4443043,0.4673894,0.345585,0.3539609,0.4402666,0.3571742,0.2596626,0.4208474,0.3439534,0.2487015,0.4668649,0.2213189,0.1662874,0.5386482,0.225597,-0.03079167,0.5496335,0.2345036,-0.2210723,0.5740545,0.2900269,0.1662324,0.4939239,0.331626,-0.01649064,0.5349262,0.3777016,-0.1935968,0.5876864,0.2708718,0.4372168,0.5255817
72057594037973989,0,1.961253,18995.59,0.2625806,0.1604723,0.5330505,0.2662449,0.5466827,0.5034328,0.2076363,0.4745712,0.534722,0.1668796,0.351689,0.5606822,0.1322643,0.2377924,0.5172117,0.1263696,0.215693,0.4715958,0.3155608,0.4443043,0.4673894,0.345585,0.3539609,0.4402666,0.3571742,0.2596626,0.4208474,0.3439534,0.2487015,0.4668649,0.2213189,0.1662874,0.5386482,0.225597,-0.03079167,0.5496335,0.2345036,-0.2210723,0.5740545,0.2900269,0.1662324,0.4939239,0.331626,-0.01649064,0.5349262,0.3777016,-0.1935968,0.5876864,0.2708718,0.4372168,0.5255817
72057594037973989,0,1.961253,18995.6,0.2625806,0.1604723,0.5330505,0.2662449,0.5466827,0.5034328,0.2076363,0.4745712,0.534722,0.1668796,0.351689,0.5606822,0.1322643,0.2377924,0.5172117,0.1263696,0.215693,0.4715958,0.3155608,0.4443043,0.4673894,0.345585,0.3539609,0.4402666,0.3571742,0.2596626,0.4208474,0.3439534,0.2487015,0.4668649,0.2213189,0.1662874,0.5386482,0.225597,-0.03079167,0.5496335,0.2345036,-0.2210723,0.5740545,0.2900269,0.1662324,0.4939239,0.331626,-0.01649064,0.5349262,0.3777016,-0.1935968,0.5876864,0.2708718,0.4372168,0.5255817
72057594037973989,0,1.961253,18995.6,0.2625806,0.1604723,0.5330505,0.2662449,0.5466827,0.5034328,0.2076363,0.4745712,0.534722,0.1668796,0.351689,0.5606822,0.1322643,0.2377924,0.5172117,0.1263696,0.215693,0.4715958,0.3155608,0.4443043,0.4673894,0.345585,0.3539609,0.4402666,0.3571742,0.2596626,0.4208474,0.3439534,0.2487015,0.4668649,0.2213189,0.1662874,0.5386482,0.225597,-0.03079167,0.5496335,0.2345036,-0.2210723,0.5740545,0.2900269,0.1662324,0.4939239,0.331626,-0.01649064,0.5349262,0.3777016,-0.1935968,0.5876864,0.2708718,0.4372168,0.5255817
72057594037973989,0,1.961253,18995.6,0.2625806,0.1604723,0.5330505,0.2662449,0.5466827,0.5034328,0.2076363,0.4745712,0.534722,0.1668796,0.351689,0.5606822,0.1322643,0.2377924,0.5172117,0.1263696,0.215693,0.4715958,0.3155608,0.4443043,0.4673894,0.345585,0.3539609,0.4402666,0.3571742,0.2596626,0.4208474,0.3439534,0.2487015,0.4668649,0.2213189,0.1662874,0.5386482,0.225597,-0.03079167,0.5496335,0.2345036,-0.2210723,0.5740545,0.2900269,0.1662324,0.4939239,0.331626,-0.01649064,0.5349262,0.3777016,-0.1935968,0.5876864,0.2708718,0.4372168,0.5255817
72057594037973989,0,1.961253,18995.6,0.2625806,0.1604723,0.5330505,0.2662449,0.5466827,0.5034328,0.2076363,0.4745712,0.534722,0.1668796,0.351689,0.5606822,0.1322643,0.2377924,0.5172117,0.1263696,0.215693,0.4715958,0.3155608,0.4443043,0.4673894,0.345585,0.3539609,0.4402666,0.3571742,0.2596626,0.4208474,0.3439534,0.2487015,0.4668649,0.2213189,0.1662874,0.5386482,0.225597,-0.03079167,0.5496335,0.2345036,-0.2210723,0.5740545,0.2900269,0.1662324,0.4939239,0.331626,-0.01649064,0.5349262,0.3777016,-0.1935968,0.5876864,0.2708718,0.4372168,0.5255817
72057594037973989,0,1.961253,18995.61,0.2625806,0.1604723,0.5330505,0.2662449,0.5466827,0.5034328,0.2076363,0.4745712,0.534722,0.1668796,0.351689,0.5606822,0.1322643,0.2377924,0.5172117,0.1263696,0.215693,0.4715958,0.3155608,0.4443043,0.4673894,0.345585,0.3539609,0.4402666,0.3571742,0.2596626,0.4208474,0.3439534,0.2487015,0.4668649,0.2213189,0.1662874,0.5386482,0.225597,-0.03079167,0.5496335,0.2345036,-0.2210723,0.5740545,0.2900269,0.1662324,0.4939239,0.331626,-0.01649064,0.5349262,0.3777016,-0.1935968,0.5876864,0.2708718,0.4372168,0.5255817
72057594037973989,0,1.961253,18995.61,0.2625806,0.1604723,0.5330505,0.2662449,0.5466827,0.5034328,0.2076363,0.4745712,0.534722,0.1668796,0.351689,0.5606822,0.1322643,0.2377924,0.5172117,0.1263696,0.215693,0.4715958,0.3155608,0.4443043,0.4673894,0.345585,0.3539609,0.4402666,0.3571742,0.2596626,0.4208474,0.3439534,0.2487015,0.4668649,0.2213189,0.1662874,0.5386482,0.225597,-0.03079167,0.5496335,0.2345036,-0.2210723,0.5740545,0.2900269,0.1662324,0.4939239,0.331626,-0.01649064,0.5349262,0.3777016,-0.1935968,0.5876864,0.2708718,0.4372168,0.5255817
72057594037973989,0,1.961253,18995.61,0.2625806,0.1604723,0.5330505,0.2662449,0.5466827,0.5034328,0.2076363,0.4745712,0.534722,0.1668796,0.351689,0.5606822,0.1322643,0.2377924,0.5172117,0.1263696,0.215693,0.4715958,0.3155608,0.4443043,0.4673894,0.345585,0.3539609,0.4402666,0.3571742,0.2596626,0.4208474,0.3439534,0.2487015,0.4668649,0.2213189,0.1662874,0.5386482,0.225597,-0.03079167,0.5496335,0.2345036,-0.2210723,0.5740545,0.2900269,0.1662324,0.4939239,0.331626,-0.01649064,0.5349262,0.3777016,-0.1935968,0.5876864,0.2708718,0.4372168,0.5255817
72057594037973989,0,1.961253,18995.61,0.2625806,0.1604723,0.5330505,0.2662449,0.5466827,0.5034328,0.2076363,0.4745712,0.534722,0.1668796,0.351689,0.5606822,0.1322643,0.2377924,0.5172117,0.1263696,0.215693,0.4715958,0.3155608,0.4443043,0.4673894,0.345585,0.3539609,0.4402666,0.3571742,0.2596626,0.4208474,0.3439534,0.2487015,0.4668649,0.2213189,0.1662874,0.5386482,0.225597,-0.03079167,0.5496335,0.2345036,-0.2210723,0.5740545,0.2900269,0.1662324,0.4939239,0.331626,-0.01649064,0.5349262,0.3777016,-0.1935968,0.5876864,0.2708718,0.4372168,0.5255817
72057594037973989,0,1.961253,18995.61,0.2625806,0.1604723,0.5330505,0.2662449,0.5466827,0.5034328,0.2076363,0.4745712,0.534722,0.1668796,0.351689,0.5606822,0.1322643,0.2377924,0.5172117,0.1263696,0.215693,0.4715958,0.3155608,0.4443043,0.4673894,0.345585,0.3539609,0.4402666,0.3571742,0.2596626,0.4208474,0.3439534,0.2487015,0.4668649,0.2213189,0.1662874,0.5386482,0.225597,-0.03079167,0.5496335,0.2345036,-0.2210723,0.5740545,0.2900269,0.1662324,0.4939239,0.331626,-0.01649064,0.5349262,0.3777016,-0.1935968,0.5876864,0.2708718,0.4372168,0.5255817
72057594037973989,0,1.961253,18995.62,0.2625806,0.1604723,0.5330505,0.2662449,0.5466827,0.5034328,0.2076363,0.4745712,0.534722,0.1668796,0.351689,0.5606822,0.1322643,0.2377924,0.5172117,0.1263696,0.215693,0.4715958,0.3155608,0.4443043,0.4673894,0.345585,0.3539609,0.4402666,0.3571742,0.2596626,0.4208474,0.3439534,0.2487015,0.4668649,0.2213189,0.1662874,0.5386482,0.225597,-0.03079167,0.5496335,0.2345036,-0.2210723,0.5740545,0.2900269,0.1662324,0.4939239,0.331626,-0.01649064,0.5349262,0.3777016,-0.1935968,0.5876864,0.2708718,0.4372168,0.5255817
72057594037973989,0,1.961253,18995.62,0.2625806,0.1604723,0.5330505,0.2662449,0.5466827,0.5034328,0.2076363,0.4745712,0.534722,0.1668796,0.351689,0.5606822,0.1322643,0.2377924,0.5172117,0.1263696,0.215693,0.4715958,0.3155608,0.4443043,0.4673894,0.345585,0.3539609,0.4402666,0.3571742,0.2596626,0.4208474,0.3439534,0.2487015,0.4668649,0.2213189,0.1662874,0.5386482,0.225597,-0.03079167,0.5496335,0.2345036,-0.2210723,0.5740545,0.2900269,0.1662324,0.4939239,0.331626,-0.01649064,0.5349262,0.3777016,-0.1935968,0.5876864,0.2708718,0.4372168,0.5255817
72057594037973989,0,1.980915,18995.62,0.2469396,0.1474925,0.5145188,0.241941,0.5372248,0.4935995,0.1852469,0.4558238,0.528529,0.1452935,0.3292126,0.5392935,0.1208808,0.2393642,0.4978761,0.1171129,0.2174703,0.4563387,0.3026181,0.4324257,0.4585569,0.3069683,0.3367207,0.4279236,0.2691603,0.2261051,0.4133984,0.2578883,0.2037131,0.423742,0.2069064,0.1536578,0.5205003,0.2234887,-0.041978,0.5298873,0.2437915,-0.2309704,0.5528671,0.2736509,0.1539152,0.475235,0.3208303,-0.0231066,0.5254734,0.3719853,-0.1950496,0.5870337,0.2357856,0.428005,0.5148661
72057594037973989,0,1.980915,18995.63,0.2469396,0.1474925,0.5145188,0.241941,0.5372248,0.4935995,0.1852469,0.4558238,0.528529,0.1452935,0.3292126,0.5392935,0.1208808,0.2393642,0.4978761,0.1171129,0.2174703,0.4563387,0.3026181,0.4324257,0.4585569,0.3069683,0.3367207,0.4279236,0.2691603,0.2261051,0.4133984,0.2578883,0.2037131,0.423742,0.2069064,0.1536578,0.5205003,0.2234887,-0.041978,0.5298873,0.2437915,-0.2309704,0.5528671,0.2736509,0.1539152,0.475235,0.3208303,-0.0231066,0.5254734,0.3719853,-0.1950496,0.5870337,0.2357856,0.428005,0.5148661
72057594037973989,0,1.980915,18995.63,0.2469396,0.1474925,0.5145188,0.241941,0.5372248,0.4935995,0.1852469,0.4558238,0.528529,0.1452935,0.3292126,0.5392935,0.1208808,0.2393642,0.4978761,0.1171129,0.2174703,0.4563387,0.3026181,0.4324257,0.4585569,0.3069683,0.3367207,0.4279236,0.2691603,0.2261051,0.4133984,0.2578883,0.2037131,0.423742,0.2069064,0.1536578,0.5205003,0.2234887,-0.041978,0.5298873,0.2437915,-0.2309704,0.5528671,0.2736509,0.1539152,0.475235,0.3208303,-0.0231066,0.5254734,0.3719853,-0.1950496,0.5870337,0.2357856,0.428005,0.5148661
72057594037973989,0,1.980915,18995.63,0.2469396,0.1474925,0.5145188,0.241941,0.5372248,0.4935995,0.1852469,0.4558238,0.528529,0.1452935,0.3292126,0.5392935,0.1208808,0.2393642,0.4978761,0.1171129,0.2174703,0.4563387,0.3026181,0.4324257,0.4585569,0.3069683,0.3367207,0.4279236,0.2691603,0.2261051,0.4133984,0.2578883,0.2037131,0.423742,0.2069064,0.1536578,0.5205003,0.2234887,-0.041978,0.5298873,0.2437915,-0.2309704,0.5528671,0.2736509,0.1539152,0.475235,0.3208303,-0.0231066,0.5254734,0.3719853,-0.1950496,0.5870337,0.2357856,0.428005,0.5148661
72057594037973989,0,1.980915,18995.64,0.2469396,0.1474925,0.5145188,0.241941,0.5372248,0.4935995,0.1852469,0.4558238,0.528529,0.1452935,0.3292126,0.5392935,0.1208808,0.2393642,0.4978761,0.1171129,0.2174703,0.4563387,0.3026181,0.4324257,0.4585569,0.3069683,0.3367207,0.4279236,0.2691603,0.2261051,0.4133984,0.2578883,0.2037131,0.423742,0.2069064,0.1536578,0.5205003,0.2234887,-0.041978,0.5298873,0.2437915,-0.2309704,0.5528671,0.2736509,0.1539152,0.475235,0.3208303,-0.0231066,0.5254734,0.3719853,-0.1950496,0.5870337,0.2357856,0.428005,0.5148661
72057594037973989,0,1.980915,18995.64,0.2469396,0.1474925,0.5145188,0.241941,0.5372248,0.4935995,0.1852469,0.4558238,0.528529,0.1452935,0.3292126,0.5392935,0.1208808,0.2393642,0.4978761,0.1171129,0.2174703,0.4563387,0.3026181,0.4324257,0.4585569,0.3069683,0.3367207,0.4279236,0.2691603,0.2261051,0.4133984,0.2578883,0.2037131,0.423742,0.2069064,0.1536578,0.5205003,0.2234887,-0.041978,0.5298873,0.2437915,-0.2309704,0.5528671,0.2736509,0.1539152,0.475235,0.3208303,-0.0231066,0.5254734,0.3719853,-0.1950496,0.5870337,0.2357856,0.428005,0.5148661
72057594037973989,0,1.980915,18995.64,0.2469396,0.1474925,0.5145188,0.241941,0.5372248,0.4935995,0.1852469,0.4558238,0.528529,0.1452935,0.3292126,0.5392935,0.1208808,0.2393642,0.4978761,0.1171129,0.2174703,0.4563387,0.3026181,0.4324257,0.4585569,0.3069683,0.3367207,0.4279236,0.2691603,0.2261051,0.4133984,0.2578883,0.2037131,0.423742,0.2069064,0.1536578,0.5205003,0.2234887,-0.041978,0.5298873,0.2437915,-0.2309704,0.5528671,0.2736509,0.1539152,0.475235,0.3208303,-0.0231066,0.5254734,0.3719853,-0.1950496,0.5870337,0.2357856,0.428005,0.5148661
72057594037973989,0,1.980915,18995.64,0.2469396,0.1474925,0.5145188,0.241941,0.5372248,0.4935995,0.1852469,0.4558238,0.528529,0.1452935,0.3292126,0.5392935,0.1208808,0.2393642,0.4978761,0.1171129,0.2174703,0.4563387,0.3026181,0.4324257,0.4585569,0.3069683,0.3367207,0.4279236,0.2691603,0.2261051,0.4133984,0.2578883,0.2037131,0.423742,0.2069064,0.1536578,0.5205003,0.2234887,-0.041978,0.5298873,0.2437915,-0.2309704,0.5528671,0.2736509,0.1539152,0.475235,0.3208303,-0.0231066,0.5254734,0.3719853,-0.1950496,0.5870337,0.2357856,0.428005,0.5148661
72057594037973989,0,1.980915,18995.65,0.2469396,0.1474925,0.5145188,0.241941,0.5372248,0.4935995,0.1852469,0.4558238,0.528529,0.1452935,0.3292126,0.5392935,0.1208808,0.2393642,0.4978761,0.1171129,0.2174703,0.4563387,0.3026181,0.4324257,0.4585569,0.3069683,0.3367207,0.4279236,0.2691603,0.2261051,0.4133984,0.2578883,0.2037131,0.423742,0.2069064,0.1536578,0.5205003,0.2234887,-0.041978,0.5298873,0.2437915,-0.2309704,0.5528671,0.2736509,0.1539152,0.475235,0.3208303,-0.0231066,0.5254734,0.3719853,-0.1950496,0.5870337,0.2357856,0.428005,0.5148661
72057594037973989,0,1.980915,18995.65,0.2469396,0.1474925,0.5145188,0.241941,0.5372248,0.4935995,0.1852469,0.4558238,0.528529,0.1452935,0.3292126,0.5392935,0.1208808,0.2393642,0.4978761,0.1171129,0.2174703,0.4563387,0.3026181,0.4324257,0.4585569,0.3069683,0.3367207,0.4279236,0.2691603,0.2261051,0.4133984,0.2578883,0.2037131,0.423742,0.2069064,0.1536578,0.5205003,0.2234887,-0.041978,0.5298873,0.2437915,-0.2309704,0.5528671,0.2736509,0.1539152,0.475235,0.3208303,-0.0231066,0.5254734,0.3719853,-0.1950496,0.5870337,0.2357856,0.428005,0.5148661
72057594037973989,0,1.980915,18995.65,0.2469396,0.1474925,0.5145188,0.241941,0.5372248,0.4935995,0.1852469,0.4558238,0.528529,0.1452935,0.3292126,0.5392935,0.1208808,0.2393642,0.4978761,0.1171129,0.2174703,0.4563387,0.3026181,0.4324257,0.4585569,0.3069683,0.3367207,0.4279236,0.2691603,0.2261051,0.4133984,0.2578883,0.2037131,0.423742,0.2069064,0.1536578,0.5205003,0.2234887,-0.041978,0.5298873,0.2437915,-0.2309704,0.5528671,0.2736509,0.1539152,0.475235,0.3208303,-0.0231066,0.5254734,0.3719853,-0.1950496,0.5870337,0.2357856,0.428005,0.5148661
72057594037973989,0,1.996453,18995.65,0.2045909,0.112934,0.5061552,0.2289866,0.5091529,0.4905305,0.1649759,0.4463114,0.5200278,0.1425321,0.3143359,0.5089113,0.1059738,0.2249195,0.4945135,0.1005874,0.2196384,0.4415633,0.260251,0.4146451,0.4550676,0.3068937,0.3332984,0.4235148,0.2413588,0.4493411,0.4184299,0.2175806,0.4920688,0.4286831,0.1615061,0.1188649,0.505138,0.2495913,-0.05300975,0.5175043,0.336219,-0.2207401,0.5436928,0.2395224,0.124276,0.4740461,0.2630316,-0.0611012,0.5144992,0.2910675,-0.2415686,0.566767,0.2156982,0.4198833,0.5075876
72057594037973989,0,1.996453,18995.66,0.2045909,0.112934,0.5061552,0.2289866,0.5091529,0.4905305,0.1649759,0.4463114,0.5200278,0.1425321,0.3143359,0.5089113,0.1059738,0.2249195,0.4945135,0.1005874,0.2196384,0.4415633,0.260251,0.4146451,0.4550676,0.3068937,0.3332984,0.4235148,0.2413588,0.4493411,0.4184299,0.2175806,0.4920688,0.4286831,0.1615061,0.1188649,0.505138,0.2495913,-0.05300975,0.5175043,0.336219,-0.2207401,0.5436928,0.2395224,0.124276,0.4740461,0.2630316,-0.0611012,0.5144992,0.2910675,-0.2415686,0.566767,0.2156982,0.4198833,0.5075876
72057594037973989,0,1.996453,18995.66,0.2045909,0.112934,0.5061552,0.2289866,0.5091529,0.4905305,0.1649759,0.4463114,0.5200278,0.1425321,0.3143359,0.5089113,0.1059738,0.2249195,0.4945135,0.1005874,0.2196384,0.4415633,0.260251,0.4146451,0.4550676,0.3068937,0.3332984,0.4235148,0.2413588,0.4493411,0.4184299,0.2175806,0.4920688,0.4286831,0.1615061,0.1188649,0.505138,0.2495913,-0.05300975,0.5175043,0.336219,-0.2207401,0.5436928,0.2395224,0.124276,0.4740461,0.2630316,-0.0611012,0.5144992,0.2910675,-0.2415686,0.566767,0.2156982,0.4198833,0.5075876
72057594037973989,0,1.996453,18995.66,0.2045909,0.112934,0.5061552,0.2289866,0.5091529,0.4905305,0.1649759,0.4463114,0.5200278,0.1425321,0.3143359,0.5089113,0.1059738,0.2249195,0.4945135,0.1005874,0.2196384,0.4415633,0.260251,0.4146451,0.4550676,0.3068937,0.3332984,0.4235148,0.2413588,0.4493411,0.4184299,0.2175806,0.4920688,0.4286831,0.1615061,0.1188649,0.505138,0.2495913,-0.05300975,0.5175043,0.336219,-0.2207401,0.5436928,0.2395224,0.124276,0.4740461,0.2630316,-0.0611012,0.5144992,0.2910675,-0.2415686,0.566767,0.2156982,0.4198833,0.5075876
72057594037973989,0,1.996453,18995.67,0.2045909,0.112934,0.5061552,0.2289866,0.5091529,0.4905305,0.1649759,0.4463114,0.5200278,0.1425321,0.3143359,0.5089113,0.1059738,0.2249195,0.4945135,0.1005874,0.2196384,0.4415633,0.260251,0.4146451,0.4550676,0.3068937,0.3332984,0.4235148,0.2413588,0.4493411,0.4184299,0.2175806,0.4920688,0.4286831,0.1615061,0.1188649,0.505138,0.2495913,-0.05300975,0.5175043,0.336219,-0.2207401,0.5436928,0.2395224,0.124276,0.4740461,0.2630316,-0.0611012,0.5144992,0.2910675,-0.2415686,0.566767,0.2156982,0.4198833,0.5075876
72057594037973989,0,1.996453,18995.67,0.2045909,0.112934,0.5061552,0.2289866,0.5091529,0.4905305,0.1649759,0.4463114,0.5200278,0.1425321,0.3143359,0.5089113,0.1059738,0.2249195,0.4945135,0.1005874,0.2196384,0.4415633,0.260251,0.4146451,0.4550676,0.3068937,0.3332984,0.4235148,0.2413588,0.4493411,0.4184299,0.2175806,0.4920688,0.4286831,0.1615061,0.1188649,0.505138,0.2495913,-0.05300975,0.5175043,0.336219,-0.2207401,0.5436928,0.2395224,0.124276,0.4740461,0.2630316,-0.0611012,0.5144992,0.2910675,-0.2415686,0.566767,0.2156982,0.4198833,0.5075876
72057594037973989,0,1.996453,18995.67,0.2045909,0.112934,0.5061552,0.2289866,0.5091529,0.4905305,0.1649759,0.4463114,0.5200278,0.1425321,0.3143359,0.5089113,0.1059738,0.2249195,0.4945135,0.1005874,0.2196384,0.4415633,0.260251,0.4146451,0.4550676,0.3068937,0.3332984,0.4235148,0.2413588,0.4493411,0.4184299,0.2175806,0.4920688,0.4286831,0.1615061,0.1188649,0.505138,0.2495913,-0.05300975,0.5175043,0.336219,-0.2207401,0.5436928,0.2395224,0.124276,0.4740461,0.2630316,-0.0611012,0.5144992,0.2910675,-0.2415686,0.566767,0.2156982,0.4198833,0.5075876
72057594037973989,0,1.996453,18995.67,0.2045909,0.112934,0.5061552,0.2289866,0.5091529,0.4905305,0.1649759,0.4463114,0.5200278,0.1425321,0.3143359,0.5089113,0.1059738,0.2249195,0.4945135,0.1005874,0.2196384,0.4415633,0.260251,0.4146451,0.4550676,0.3068937,0.3332984,0.4235148,0.2413588,0.4493411,0.4184299,0.2175806,0.4920688,0.4286831,0.1615061,0.1188649,0.505138,0.2495913,-0.05300975,0.5175043,0.336219,-0.2207401,0.5436928,0.2395224,0.124276,0.4740461,0.2630316,-0.0611012,0.5144992,0.2910675,-0.2415686,0.566767,0.2156982,0.4198833,0.5075876
72057594037973989,0,1.996453,18995.68,0.2045909,0.112934,0.5061552,0.2289866,0.5091529,0.4905305,0.1649759,0.4463114,0.5200278,0.1425321,0.3143359,0.5089113,0.1059738,0.2249195,0.4945135,0.1005874,0.2196384,0.4415633,0.260251,0.4146451,0.4550676,0.3068937,0.3332984,0.4235148,0.2413588,0.4493411,0.4184299,0.2175806,0.4920688,0.4286831,0.1615061,0.1188649,0.505138,0.2495913,-0.05300975,0.5175043,0.336219,-0.2207401,0.5436928,0.2395224,0.124276,0.4740461,0.2630316,-0.0611012,0.5144992,0.2910675,-0.2415686,0.566767,0.2156982,0.4198833,0.5075876
72057594037973989,0,1.996453,18995.68,0.2045909,0.112934,0.5061552,0.2289866,0.5091529,0.4905305,0.1649759,0.4463114,0.5200278,0.1425321,0.3143359,0.5089113,0.1059738,0.2249195,0.4945135,0.1005874,0.2196384,0.4415633,0.260251,0.4146451,0.4550676,0.3068937,0.3332984,0.4235148,0.2413588,0.4493411,0.4184299,0.2175806,0.4920688,0.4286831,0.1615061,0.1188649,0.505138,0.2495913,-0.05300975,0.5175043,0.336219,-0.2207401,0.5436928,0.2395224,0.124276,0.4740461,0.2630316,-0.0611012,0.5144992,0.2910675,-0.2415686,0.566767,0.2156982,0.4198833,0.5075876
72057594037973989,0,1.996453,18995.68,0.2045909,0.112934,0.5061552,0.2289866,0.5091529,0.4905305,0.1649759,0.4463114,0.5200278,0.1425321,0.3143359,0.5089113,0.1059738,0.2249195,0.4945135,0.1005874,0.2196384,0.4415633,0.260251,0.4146451,0.4550676,0.3068937,0.3332984,0.4235148,0.2413588,0.4493411,0.4184299,0.2175806,0.4920688,0.4286831,0.1615061,0.1188649,0.505138,0.2495913,-0.05300975,0.5175043,0.336219,-0.2207401,0.5436928,0.2395224,0.124276,0.4740461,0.2630316,-0.0611012,0.5144992,0.2910675,-0.2415686,0.566767,0.2156982,0.4198833,0.5075876
72057594037973989,0,1.996453,18995.68,0.2045909,0.112934,0.5061552,0.2289866,0.5091529,0.4905305,0.1649759,0.4463114,0.5200278,0.1425321,0.3143359,0.5089113,0.1059738,0.2249195,0.4945135,0.1005874,0.2196384,0.4415633,0.260251,0.4146451,0.4550676,0.3068937,0.3332984,0.4235148,0.2413588,0.4493411,0.4184299,0.2175806,0.4920688,0.4286831,0.1615061,0.1188649,0.505138,0.2495913,-0.05300975,0.5175043,0.336219,-0.2207401,0.5436928,0.2395224,0.124276,0.4740461,0.2630316,-0.0611012,0.5144992,0.2910675,-0.2415686,0.566767,0.2156982,0.4198833,0.5075876
72057594037973989,0,1.996453,18995.69,0.2045909,0.112934,0.5061552,0.2289866,0.5091529,0.4905305,0.1649759,0.4463114,0.5200278,0.1425321,0.3143359,0.5089113,0.1059738,0.2249195,0.4945135,0.1005874,0.2196384,0.4415633,0.260251,0.4146451,0.4550676,0.3068937,0.3332984,0.4235148,0.2413588,0.4493411,0.4184299,0.2175806,0.4920688,0.4286831,0.1615061,0.1188649,0.505138,0.2495913,-0.05300975,0.5175043,0.336219,-0.2207401,0.5436928,0.2395224,0.124276,0.4740461,0.2630316,-0.0611012,0.5144992,0.2910675,-0.2415686,0.566767,0.2156982,0.4198833,0.5075876
72057594037973989,0,2.010039,18995.69,0.1693896,0.08960283,0.4973084,0.2153549,0.4520259,0.488713,0.1261509,0.391284,0.516454,0.1284501,0.2600498,0.4879282,0.07107019,0.248616,0.5588157,0.0524321,0.2444035,0.5843987,0.2284141,0.3628689,0.4553598,0.2303711,0.4493126,0.4009509,0.1590095,0.5536009,0.4262902,0.1564567,0.5614941,0.4251348,0.1242467,0.09660834,0.4737091,0.187419,-0.06739992,0.5376806,0.2499666,-0.2287418,0.6129611,0.1962058,0.09282243,0.4856054,0.2329546,-0.09740046,0.4917498,0.2968264,-0.2084848,0.3834228,0.1747205,0.3676749,0.5032215
72057594037973989,0,2.010039,18995.69,0.1693896,0.08960283,0.4973084,0.2153549,0.4520259,0.488713,0.1261509,0.391284,0.516454,0.1284501,0.2600498,0.4879282,0.07107019,0.248616,0.5588157,0.0524321,0.2444035,0.5843987,0.2284141,0.3628689,0.4553598,0.2303711,0.4493126,0.4009509,0.1590095,0.5536009,0.4262902,0.1564567,0.5614941,0.4251348,0.1242467,0.09660834,0.4737091,0.187419,-0.06739992,0.5376806,0.2499666,-0.2287418,0.6129611,0.1962058,0.09282243,0.4856054,0.2329546,-0.09740046,0.4917498,0.2968264,-0.2084848,0.3834228,0.1747205,0.3676749,0.5032215
72057594037973989,0,2.010039,18995.69,0.1693896,0.08960283,0.4973084,0.2153549,0.4520259,0.488713,0.1261509,0.391284,0.516454,0.1284501,0.2600498,0.4879282,0.07107019,0.248616,0.5588157,0.0524321,0.2444035,0.5843987,0.2284141,0.3628689,0.4553598,0.2303711,0.4493126,0.4009509,0.1590095,0.5536009,0.4262902,0.1564567,0.5614941,0.4251348,0.1242467,0.09660834,0.4737091,0.187419,-0.06739992,0.5376806,0.2499666,-0.2287418,0.6129611,0.1962058,0.09282243,0.4856054,0.2329546,-0.09740046,0.4917498,0.2968264,-0.2084848,0.3834228,0.1747205,0.3676749,0.5032215
72057594037973989,0,2.010039,18995.7,0.1693896,0.08960283,0.4973084,0.2153549,0.4520259,0.488713,0.1261509,0.391284,0.516454,0.1284501,0.2600498,0.4879282,0.07107019,0.248616,0.5588157,0.0524321,0.2444035,0.5843987,0.2284141,0.3628689,0.4553598,0.2303711,0.4493126,0.4009509,0.1590095,0.5536009,0.4262902,0.1564567,0.5614941,0.4251348,0.1242467,0.09660834,0.4737091,0.187419,-0.06739992,0.5376806,0.2499666,-0.2287418,0.6129611,0.1962058,0.09282243,0.4856054,0.2329546,-0.09740046,0.4917498,0.2968264,-0.2084848,0.3834228,0.1747205,0.3676749,0.5032215
72057594037973989,0,2.010039,18995.7,0.1693896,0.08960283,0.4973084,0.2153549,0.4520259,0.488713,0.1261509,0.391284,0.516454,0.1284501,0.2600498,0.4879282,0.07107019,0.248616,0.5588157,0.0524321,0.2444035,0.5843987,0.2284141,0.3628689,0.4553598,0.2303711,0.4493126,0.4009509,0.1590095,0.5536009,0.4262902,0.1564567,0.5614941,0.4251348,0.1242467,0.09660834,0.4737091,0.187419,-0.06739992,0.5376806,0.2499666,-0.2287418,0.6129611,0.1962058,0.09282243,0.4856054,0.2329546,-0.09740046,0.4917498,0.2968264,-0.2084848,0.3834228,0.1747205,0.3676749,0.5032215
72057594037973989,0,2.010039,18995.7,0.1693896,0.08960283,0.4973084,0.2153549,0.4520259,0.488713,0.1261509,0.391284,0.516454,0.1284501,0.2600498,0.4879282,0.07107019,0.248616,0.5588157,0.0524321,0.2444035,0.5843987,0.2284141,0.3628689,0.4553598,0.2303711,0.4493126,0.4009509,0.1590095,0.5536009,0.4262902,0.1564567,0.5614941,0.4251348,0.1242467,0.09660834,0.4737091,0.187419,-0.06739992,0.5376806,0.2499666,-0.2287418,0.6129611,0.1962058,0.09282243,0.4856054,0.2329546,-0.09740046,0.4917498,0.2968264,-0.2084848,0.3834228,0.1747205,0.3676749,0.5032215
72057594037973989,0,2.010039,18995.71,0.1693896,0.08960283,0.4973084,0.2153549,0.4520259,0.488713,0.1261509,0.391284,0.516454,0.1284501,0.2600498,0.4879282,0.07107019,0.248616,0.5588157,0.0524321,0.2444035,0.5843987,0.2284141,0.3628689,0.4553598,0.2303711,0.4493126,0.4009509,0.1590095,0.5536009,0.4262902,0.1564567,0.5614941,0.4251348,0.1242467,0.09660834,0.4737091,0.187419,-0.06739992,0.5376806,0.2499666,-0.2287418,0.6129611,0.1962058,0.09282243,0.4856054,0.2329546,-0.09740046,0.4917498,0.2968264,-0.2084848,0.3834228,0.1747205,0.3676749,0.5032215
72057594037973989,0,2.010039,18995.71,0.1693896,0.08960283,0.4973084,0.2153549,0.4520259,0.488713,0.1261509,0.391284,0.516454,0.1284501,0.2600498,0.4879282,0.07107019,0.248616,0.5588157,0.0524321,0.2444035,0.5843987,0.2284141,0.3628689,0.4553598,0.2303711,0.4493126,0.4009509,0.1590095,0.5536009,0.4262902,0.1564567,0.5614941,0.4251348,0.1242467,0.09660834,0.4737091,0.187419,-0.06739992,0.5376806,0.2499666,-0.2287418,0.6129611,0.1962058,0.09282243,0.4856054,0.2329546,-0.09740046,0.4917498,0.2968264,-0.2084848,0.3834228,0.1747205,0.3676749,0.5032215
72057594037973989,0,2.010039,18995.71,0.1693896,0.08960283,0.4973084,0.2153549,0.4520259,0.488713,0.1261509,0.391284,0.516454,0.1284501,0.2600498,0.4879282,0.07107019,0.248616,0.5588157,0.0524321,0.2444035,0.5843987,0.2284141,0.3628689,0.4553598,0.2303711,0.4493126,0.4009509,0.1590095,0.5536009,0.4262902,0.1564567,0.5614941,0.4251348,0.1242467,0.09660834,0.4737091,0.187419,-0.06739992,0.5376806,0.2499666,-0.2287418,0.6129611,0.1962058,0.09282243,0.4856054,0.2329546,-0.09740046,0.4917498,0.2968264,-0.2084848,0.3834228,0.1747205,0.3676749,0.5032215
72057594037973989,0,2.010039,18995.71,0.1693896,0.08960283,0.4973084,0.2153549,0.4520259,0.488713,0.1261509,0.391284,0.516454,0.1284501,0.2600498,0.4879282,0.07107019,0.248616,0.5588157,0.0524321,0.2444035,0.5843987,0.2284141,0.3628689,0.4553598,0.2303711,0.4493126,0.4009509,0.1590095,0.5536009,0.4262902,0.1564567,0.5614941,0.4251348,0.1242467,0.09660834,0.4737091,0.187419,-0.06739992,0.5376806,0.2499666,-0.2287418,0.6129611,0.1962058,0.09282243,0.4856054,0.2329546,-0.09740046,0.4917498,0.2968264,-0.2084848,0.3834228,0.1747205,0.3676749,0.5032215
72057594037973989,0,2.010039,18995.71,0.1693896,0.08960283,0.4973084,0.2153549,0.4520259,0.488713,0.1261509,0.391284,0.516454,0.1284501,0.2600498,0.4879282,0.07107019,0.248616,0.5588157,0.0524321,0.2444035,0.5843987,0.2284141,0.3628689,0.4553598,0.2303711,0.4493126,0.4009509,0.1590095,0.5536009,0.4262902,0.1564567,0.5614941,0.4251348,0.1242467,0.09660834,0.4737091,0.187419,-0.06739992,0.5376806,0.2499666,-0.2287418,0.6129611,0.1962058,0.09282243,0.4856054,0.2329546,-0.09740046,0.4917498,0.2968264,-0.2084848,0.3834228,0.1747205,0.3676749,0.5032215
72057594037973989,0,2.010039,18995.72,0.1693896,0.08960283,0.4973084,0.2153549,0.4520259,0.488713,0.1261509,0.391284,0.516454,0.1284501,0.2600498,0.4879282,0.07107019,0.248616,0.5588157,0.0524321,0.2444035,0.5843987,0.2284141,0.3628689,0.4553598,0.2303711,0.4493126,0.4009509,0.1590095,0.5536009,0.4262902,0.1564567,0.5614941,0.4251348,0.1242467,0.09660834,0.4737091,0.187419,-0.06739992,0.5376806,0.2499666,-0.2287418,0.6129611,0.1962058,0.09282243,0.4856054,0.2329546,-0.09740046,0.4917498,0.2968264,-0.2084848,0.3834228,0.1747205,0.3676749,0.5032215
72057594037973989,0,2.020647,18995.72,0.1377495,0.04995918,0.5002173,0.1859263,0.4212088,0.4988446,0.1376008,0.2974523,0.4872331,0.07575795,0.2248882,0.4541093,0.1393446,0.3231654,0.4738306,0.1381093,0.3466158,0.4753774,0.2014651,0.3085944,0.458061,0.1501801,0.3927029,0.4699564,0.1656991,0.4979733,0.4260447,0.153636,0.5086488,0.4229973,0.09954984,0.06046012,0.4734872,0.1510723,-0.1100312,0.5307236,0.1391143,0.1065056,0.4547621,0.1726999,0.06330392,0.493311,0.1992067,-0.128846,0.4893094,0.2165458,-0.1716048,0.4654667,0.1474226,0.3148815,0.5062023
72057594037973989,0,2.020647,18995.72,0.1377495,0.04995918,0.5002173,0.1859263,0.4212088,0.4988446,0.1376008,0.2974523,0.4872331,0.07575795,0.2248882,0.4541093,0.1393446,0.3231654,0.4738306,0.1381093,0.3466158,0.4753774,0.2014651,0.3085944,0.458061,0.1501801,0.3927029,0.4699564,0.1656991,0.4979733,0.4260447,0.153636,0.5086488,0.4229973,0.09954984,0.06046012,0.4734872,0.1510723,-0.1100312,0.5307236,0.1391143,0.1065056,0.4547621,0.1726999,0.06330392,0.493311,0.1992067,-0.128846,0.4893094,0.2165458,-0.1716048,0.4654667,0.1474226,0.3148815,0.5062023
72057594037973989,0,2.020647,18995.72,0.1377495,0.04995918,0.5002173,0.1859263,0.4212088,0.4988446,0.1376008,0.2974523,0.4872331,0.07575795,0.2248882,0.4541093,0.1393446,0.3231654,0.4738306,0.1381093,0.3466158,0.4753774,0.2014651,0.3085944,0.458061,0.1501801,0.3927029,0.4699564,0.1656991,0.4979733,0.4260447,0.153636,0.5086488,0.4229973,0.09954984,0.06046012,0.4734872,0.1510723,-0.1100312,0.5307236,0.1391143,0.1065056,0.4547621,0.1726999,0.06330392,0.493311,0.1992067,-0.128846,0.4893094,0.2165458,-0.1716048,0.4654667,0.1474226,0.3148815,0.5062023
72057594037973989,0,2.020647,18995.73,0.1377495,0.04995918,0.5002173,0.1859263,0.4212088,0.4988446,0.1376008,0.2974523,0.4872331,0.07575795,0.2248882,0.4541093,0.1393446,0.3231654,0.4738306,0.1381093,0.3466158,0.4753774,0.2014651,0.3085944,0.458061,0.1501801,0.3927029,0.4699564,0.1656991,0.4979733,0.4260447,0.153636,0.5086488,0.4229973,0.09954984,0.06046012,0.4734872,0.1510723,-0.1100312,0.5307236,0.1391143,0.1065056,0.4547621,0.1726999,0.06330392,0.493311,0.1992067,-0.128846,0.4893094,0.2165458,-0.1716048,0.4654667,0.1474226,0.3148815,0.5062023
72057594037973989,0,2.020647,18995.73,0.1377495,0.04995918,0.5002173,0.1859263,0.4212088,0.4988446,0.1376008,0.2974523,0.4872331,0.07575795,0.2248882,0.4541093,0.1393446,0.3231654,0.4738306,0.1381093,0.3466158,0.4753774,0.2014651,0.3085944,0.458061,0.1501801,0.3927029,0.4699564,0.1656991,0.4979733,0.4260447,0.153636,0.5086488,0.4229973,0.09954984,0.06046012,0.4734872,0.1510723,-0.1100312,0.5307236,0.1391143,0.1065056,0.4547621,0.1726999,0.06330392,0.493311,0.1992067,-0.128846,0.4893094,0.2165458,-0.1716048,0.4654667,0.1474226,0.3148815,0.5062023
72057594037973989,0,2.020647,18995.73,0.1377495,0.04995918,0.5002173,0.1859263,0.4212088,0.4988446,0.1376008,0.2974523,0.4872331,0.07575795,0.2248882,0.4541093,0.1393446,0.3231654,0.4738306,0.1381093,0.3466158,0.4753774,0.2014651,0.3085944,0.458061,0.1501801,0.3927029,0.4699564,0.1656991,0.4979733,0.4260447,0.153636,0.5086488,0.4229973,0.09954984,0.06046012,0.4734872,0.1510723,-0.1100312,0.5307236,0.1391143,0.1065056,0.4547621,0.1726999,0.06330392,0.493311,0.1992067,-0.128846,0.4893094,0.2165458,-0.1716048,0.4654667,0.1474226,0.3148815,0.5062023
72057594037973989,0,2.020647,18995.73,0.1377495,0.04995918,0.5002173,0.1859263,0.4212088,0.4988446,0.1376008,0.2974523,0.4872331,0.07575795,0.2248882,0.4541093,0.1393446,0.3231654,0.4738306,0.1381093,0.3466158,0.4753774,0.2014651,0.3085944,0.458061,0.1501801,0.3927029,0.4699564,0.1656991,0.4979733,0.4260447,0.153636,0.5086488,0.4229973,0.09954984,0.06046012,0.4734872,0.1510723,-0.1100312,0.5307236,0.1391143,0.1065056,0.4547621,0.1726999,0.06330392,0.493311,0.1992067,-0.128846,0.4893094,0.2165458,-0.1716048,0.4654667,0.1474226,0.3148815,0.5062023
72057594037973989,0,2.020647,18995.73,0.1377495,0.04995918,0.5002173,0.1859263,0.4212088,0.4988446,0.1376008,0.2974523,0.4872331,0.07575795,0.2248882,0.4541093,0.1393446,0.3231654,0.4738306,0.1381093,0.3466158,0.4753774,0.2014651,0.3085944,0.458061,0.1501801,0.3927029,0.4699564,0.1656991,0.4979733,0.4260447,0.153636,0.5086488,0.4229973,0.09954984,0.06046012,0.4734872,0.1510723,-0.1100312,0.5307236,0.1391143,0.1065056,0.4547621,0.1726999,0.06330392,0.493311,0.1992067,-0.128846,0.4893094,0.2165458,-0.1716048,0.4654667,0.1474226,0.3148815,0.5062023
72057594037973989,0,2.020647,18995.74,0.1377495,0.04995918,0.5002173,0.1859263,0.4212088,0.4988446,0.1376008,0.2974523,0.4872331,0.07575795,0.2248882,0.4541093,0.1393446,0.3231654,0.4738306,0.1381093,0.3466158,0.4753774,0.2014651,0.3085944,0.458061,0.1501801,0.3927029,0.4699564,0.1656991,0.4979733,0.4260447,0.153636,0.5086488,0.4229973,0.09954984,0.06046012,0.4734872,0.1510723,-0.1100312,0.5307236,0.1391143,0.1065056,0.4547621,0.1726999,0.06330392,0.493311,0.1992067,-0.128846,0.4893094,0.2165458,-0.1716048,0.4654667,0.1474226,0.3148815,0.5062023
72057594037973989,0,2.020647,18995.74,0.1377495,0.04995918,0.5002173,0.1859263,0.4212088,0.4988446,0.1376008,0.2974523,0.4872331,0.07575795,0.2248882,0.4541093,0.1393446,0.3231654,0.4738306,0.1381093,0.3466158,0.4753774,0.2014651,0.3085944,0.458061,0.1501801,0.3927029,0.4699564,0.1656991,0.4979733,0.4260447,0.153636,0.5086488,0.4229973,0.09954984,0.06046012,0.4734872,0.1510723,-0.1100312,0.5307236,0.1391143,0.1065056,0.4547621,0.1726999,0.06330392,0.493311,0.1992067,-0.128846,0.4893094,0.2165458,-0.1716048,0.4654667,0.1474226,0.3148815,0.5062023
72057594037973989,0,2.020647,18995.74,0.1377495,0.04995918,0.5002173,0.1859263,0.4212088,0.4988446,0.1376008,0.2974523,0.4872331,0.07575795,0.2248882,0.4541093,0.1393446,0.3231654,0.4738306,0.1381093,0.3466158,0.4753774,0.2014651,0.3085944,0.458061,0.1501801,0.3927029,0.4699564,0.1656991,0.4979733,0.4260447,0.153636,0.5086488,0.4229973,0.09954984,0.06046012,0.4734872,0.1510723,-0.1100312,0.5307236,0.1391143,0.1065056,0.4547621,0.1726999,0.06330392,0.493311,0.1992067,-0.128846,0.4893094,0.2165458,-0.1716048,0.4654667,0.1474226,0.3148815,0.5062023
72057594037973989,0,2.020647,18995.75,0.1377495,0.04995918,0.5002173,0.1859263,0.4212088,0.4988446,0.1376008,0.2974523,0.4872331,0.07575795,0.2248882,0.4541093,0.1393446,0.3231654,0.4738306,0.1381093,0.3466158,0.4753774,0.2014651,0.3085944,0.458061,0.1501801,0.3927029,0.4699564,0.1656991,0.4979733,0.4260447,0.153636,0.5086488,0.4229973,0.09954984,0.06046012,0.4734872,0.1510723,-0.1100312,0.5307236,0.1391143,0.1065056,0.4547621,0.1726999,0.06330392,0.493311,0.1992067,-0.128846,0.4893094,0.2165458,-0.1716048,0.4654667,0.1474226,0.3148815,0.5062023
72057594037973989,0,2.020647,18995.75,0.1377495,0.04995918,0.5002173,0.1859263,0.4212088,0.4988446,0.1376008,0.2974523,0.4872331,0.07575795,0.2248882,0.4541093,0.1393446,0.3231654,0.4738306,0.1381093,0.3466158,0.4753774,0.2014651,0.3085944,0.458061,0.1501801,0.3927029,0.4699564,0.1656991,0.4979733,0.4260447,0.153636,0.5086488,0.4229973,0.09954984,0.06046012,0.4734872,0.1510723,-0.1100312,0.5307236,0.1391143,0.1065056,0.4547621,0.1726999,0.06330392,0.493311,0.1992067,-0.128846,0.4893094,0.2165458,-0.1716048,0.4654667,0.1474226,0.3148815,0.5062023
72057594037973989,0,2.020647,18995.75,0.1377495,0.04995918,0.5002173,0.1859263,0.4212088,0.4988446,0.1376008,0.2974523,0.4872331,0.07575795,0.2248882,0.4541093,0.1393446,0.3231654,0.4738306,0.1381093,0.3466158,0.4753774,0.2014651,0.3085944,0.458061,0.1501801,0.3927029,0.4699564,0.1656991,0.4979733,0.4260447,0.153636,0.5086488,0.4229973,0.09954984,0.06046012,0.4734872,0.1510723,-0.1100312,0.5307236,0.1391143,0.1065056,0.4547621,0.1726999,0.06330392,0.493311,0.1992067,-0.128846,0.4893094,0.2165458,-0.1716048,0.4654667,0.1474226,0.3148815,0.5062023
72057594037973989,0,2.020647,18995.75,0.1377495,0.04995918,0.5002173,0.1859263,0.4212088,0.4988446,0.1376008,0.2974523,0.4872331,0.07575795,0.2248882,0.4541093,0.1393446,0.3231654,0.4738306,0.1381093,0.3466158,0.4753774,0.2014651,0.3085944,0.458061,0.1501801,0.3927029,0.4699564,0.1656991,0.4979733,0.4260447,0.153636,0.5086488,0.4229973,0.09954984,0.06046012,0.4734872,0.1510723,-0.1100312,0.5307236,0.1391143,0.1065056,0.4547621,0.1726999,0.06330392,0.493311,0.1992067,-0.128846,0.4893094,0.2165458,-0.1716048,0.4654667,0.1474226,0.3148815,0.5062023
72057594037973989,0,2.020647,18995.76,0.1377495,0.04995918,0.5002173,0.1859263,0.4212088,0.4988446,0.1376008,0.2974523,0.4872331,0.07575795,0.2248882,0.4541093,0.1393446,0.3231654,0.4738306,0.1381093,0.3466158,0.4753774,0.2014651,0.3085944,0.458061,0.1501801,0.3927029,0.4699564,0.1656991,0.4979733,0.4260447,0.153636,0.5086488,0.4229973,0.09954984,0.06046012,0.4734872,0.1510723,-0.1100312,0.5307236,0.1391143,0.1065056,0.4547621,0.1726999,0.06330392,0.493311,0.1992067,-0.128846,0.4893094,0.2165458,-0.1716048,0.4654667,0.1474226,0.3148815,0.5062023
