72057594037984832,0,2.486842,10744.69,0,0.38,-0.1,0,0.38,-0.1,0,0.38,-0.1,0,0.38,-0.1,0,0.38,-0.1,0,0.38,-0.1,0,0.38,-0.1,0,0.38,-0.1,0,0.38,-0.1,0,0.38,-0.1,0,0.38,-0.1,0,0.38,-0.1,0,0.38,-0.1,0,0.38,-0.1,0,0.38,-0.1,0,0.38,-0.1,0,0.38,-0.1
72057594037984832,0,1.655365,10744.69,-0.3673207,-0.1384162,1.078886,-0.36594,0.4527491,1.051407,-0.4322829,0.2190302,0.9938372,-0.4319317,0.02152726,0.9965699,-0.2981926,0.1733928,0.9918929,-0.2711298,0.2203046,1.003476,-0.2852286,0.2181852,1.021714,-0.3498694,0.03191829,1.008434,-0.277065,-0.1325331,0.9973655,-0.2662479,-0.1656204,1.014045,-0.3935881,-0.1277733,1.048401,-0.487961,-0.2747831,1.114525,-0.2686562,-0.2837974,1.040357,-0.3262979,-0.128246,1.062043,-0.2263404,-0.1587028,1.079729,-0.2675681,-0.2064576,1.038036,-0.3630793,0.2704044,1.035467
72057594037984832,0,1.655365,10744.69,-0.3673207,-0.1384162,1.078886,-0.36594,0.4527491,1.051407,-0.4322829,0.2190302,0.9938372,-0.4319317,0.02152726,0.9965699,-0.2981926,0.1733928,0.9918929,-0.2711298,0.2203046,1.003476,-0.2852286,0.2181852,1.021714,-0.3498694,0.03191829,1.008434,-0.277065,-0.1325331,0.9973655,-0.2662479,-0.1656204,1.014045,-0.3935881,-0.1277733,1.048401,-0.487961,-0.2747831,1.114525,-0.2686562,-0.2837974,1.040357,-0.3262979,-0.128246,1.062043,-0.2263404,-0.1587028,1.079729,-0.2675681,-0.2064576,1.038036,-0.3630793,0.2704044,1.035467
72057594037984832,0,1.655365,10744.7,-0.3673207,-0.1384162,1.078886,-0.36594,0.4527491,1.051407,-0.4322829,0.2190302,0.9938372,-0.4319317,0.02152726,0.9965699,-0.2981926,0.1733928,0.9918929,-0.2711298,0.2203046,1.003476,-0.2852286,0.2181852,1.021714,-0.3498694,0.03191829,1.008434,-0.277065,-0.1325331,0.9973655,-0.2662479,-0.1656204,1.014045,-0.3935881,-0.1277733,1.048401,-0.487961,-0.2747831,1.114525,-0.2686562,-0.2837974,1.040357,-0.3262979,-0.128246,1.062043,-0.2263404,-0.1587028,1.079729,-0.2675681,-0.2064576,1.038036,-0.3630793,0.2704044,1.035467
72057594037984832,0,1.655365,10744.7,-0.3673207,-0.1384162,1.078886,-0.36594,0.4527491,1.051407,-0.4322829,0.2190302,0.9938372,-0.4319317,0.02152726,0.9965699,-0.2981926,0.1733928,0.9918929,-0.2711298,0.2203046,1.003476,-0.2852286,0.2181852,1.021714,-0.3498694,0.03191829,1.008434,-0.277065,-0.1325331,0.9973655,-0.2662479,-0.1656204,1.014045,-0.3935881,-0.1277733,1.048401,-0.487961,-0.2747831,1.114525,-0.2686562,-0.2837974,1.040357,-0.3262979,-0.128246,1.062043,-0.2263404,-0.1587028,1.079729,-0.2675681,-0.2064576,1.038036,-0.3630793,0.2704044,1.035467
72057594037984832,0,1.655365,10744.7,-0.3673207,-0.1384162,1.078886,-0.36594,0.4527491,1.051407,-0.4322829,0.2190302,0.9938372,-0.4319317,0.02152726,0.9965699,-0.2981926,0.1733928,0.9918929,-0.2711298,0.2203046,1.003476,-0.2852286,0.2181852,1.021714,-0.3498694,0.03191829,1.008434,-0.277065,-0.1325331,0.9973655,-0.2662479,-0.1656204,1.014045,-0.3935881,-0.1277733,1.048401,-0.487961,-0.2747831,1.114525,-0.2686562,-0.2837974,1.040357,-0.3262979,-0.128246,1.062043,-0.2263404,-0.1587028,1.079729,-0.2675681,-0.2064576,1.038036,-0.3630793,0.2704044,1.035467
72057594037984832,0,1.655365,10744.71,-0.3673207,-0.1384162,1.078886,-0.36594,0.4527491,1.051407,-0.4322829,0.2190302,0.9938372,-0.4319317,0.02152726,0.9965699,-0.2981926,0.1733928,0.9918929,-0.2711298,0.2203046,1.003476,-0.2852286,0.2181852,1.021714,-0.3498694,0.03191829,1.008434,-0.277065,-0.1325331,0.9973655,-0.2662479,-0.1656204,1.014045,-0.3935881,-0.1277733,1.048401,-0.487961,-0.2747831,1.114525,-0.2686562,-0.2837974,1.040357,-0.3262979,-0.128246,1.062043,-0.2263404,-0.1587028,1.079729,-0.2675681,-0.2064576,1.038036,-0.3630793,0.2704044,1.035467
72057594037984832,0,1.655365,10744.71,-0.3673207,-0.1384162,1.078886,-0.36594,0.4527491,1.051407,-0.4322829,0.2190302,0.9938372,-0.4319317,0.02152726,0.9965699,-0.2981926,0.1733928,0.9918929,-0.2711298,0.2203046,1.003476,-0.2852286,0.2181852,1.021714,-0.3498694,0.03191829,1.008434,-0.277065,-0.1325331,0.9973655,-0.2662479,-0.1656204,1.014045,-0.3935881,-0.1277733,1.048401,-0.487961,-0.2747831,1.114525,-0.2686562,-0.2837974,1.040357,-0.3262979,-0.128246,1.062043,-0.2263404,-0.1587028,1.079729,-0.2675681,-0.2064576,1.038036,-0.3630793,0.2704044,1.035467
72057594037984832,0,1.655365,10744.71,-0.3673207,-0.1384162,1.078886,-0.36594,0.4527491,1.051407,-0.4322829,0.2190302,0.9938372,-0.4319317,0.02152726,0.9965699,-0.2981926,0.1733928,0.9918929,-0.2711298,0.2203046,1.003476,-0.2852286,0.2181852,1.021714,-0.3498694,0.03191829,1.008434,-0.277065,-0.1325331,0.9973655,-0.2662479,-0.1656204,1.014045,-0.3935881,-0.1277733,1.048401,-0.487961,-0.2747831,1.114525,-0.2686562,-0.2837974,1.040357,-0.3262979,-0.128246,1.062043,-0.2263404,-0.1587028,1.079729,-0.2675681,-0.2064576,1.038036,-0.3630793,0.2704044,1.035467
72057594037984832,0,1.655365,10744.71,-0.3673207,-0.1384162,1.078886,-0.36594,0.4527491,1.051407,-0.4322829,0.2190302,0.9938372,-0.4319317,0.02152726,0.9965699,-0.2981926,0.1733928,0.9918929,-0.2711298,0.2203046,1.003476,-0.2852286,0.2181852,1.021714,-0.3498694,0.03191829,1.008434,-0.277065,-0.1325331,0.9973655,-0.2662479,-0.1656204,1.014045,-0.3935881,-0.1277733,1.048401,-0.487961,-0.2747831,1.114525,-0.2686562,-0.2837974,1.040357,-0.3262979,-0.128246,1.062043,-0.2263404,-0.1587028,1.079729,-0.2675681,-0.2064576,1.038036,-0.3630793,0.2704044,1.035467
72057594037984832,0,1.655365,10744.71,-0.3673207,-0.1384162,1.078886,-0.36594,0.4527491,1.051407,-0.4322829,0.2190302,0.9938372,-0.4319317,0.02152726,0.9965699,-0.2981926,0.1733928,0.9918929,-0.2711298,0.2203046,1.003476,-0.2852286,0.2181852,1.021714,-0.3498694,0.03191829,1.008434,-0.277065,-0.1325331,0.9973655,-0.2662479,-0.1656204,1.014045,-0.3935881,-0.1277733,1.048401,-0.487961,-0.2747831,1.114525,-0.2686562,-0.2837974,1.040357,-0.3262979,-0.128246,1.062043,-0.2263404,-0.1587028,1.079729,-0.2675681,-0.2064576,1.038036,-0.3630793,0.2704044,1.035467
72057594037984832,0,1.655365,10744.72,-0.3673207,-0.1384162,1.078886,-0.36594,0.4527491,1.051407,-0.4322829,0.2190302,0.9938372,-0.4319317,0.02152726,0.9965699,-0.2981926,0.1733928,0.9918929,-0.2711298,0.2203046,1.003476,-0.2852286,0.2181852,1.021714,-0.3498694,0.03191829,1.008434,-0.277065,-0.1325331,0.9973655,-0.2662479,-0.1656204,1.014045,-0.3935881,-0.1277733,1.048401,-0.487961,-0.2747831,1.114525,-0.2686562,-0.2837974,1.040357,-0.3262979,-0.128246,1.062043,-0.2263404,-0.1587028,1.079729,-0.2675681,-0.2064576,1.038036,-0.3630793,0.2704044,1.035467
72057594037984832,0,1.655365,10744.72,-0.3673207,-0.1384162,1.078886,-0.36594,0.4527491,1.051407,-0.4322829,0.2190302,0.9938372,-0.4319317,0.02152726,0.9965699,-0.2981926,0.1733928,0.9918929,-0.2711298,0.2203046,1.003476,-0.2852286,0.2181852,1.021714,-0.3498694,0.03191829,1.008434,-0.277065,-0.1325331,0.9973655,-0.2662479,-0.1656204,1.014045,-0.3935881,-0.1277733,1.048401,-0.487961,-0.2747831,1.114525,-0.2686562,-0.2837974,1.040357,-0.3262979,-0.128246,1.062043,-0.2263404,-0.1587028,1.079729,-0.2675681,-0.2064576,1.038036,-0.3630793,0.2704044,1.035467
72057594037984832,0,1.655365,10744.72,-0.3673207,-0.1384162,1.078886,-0.36594,0.4527491,1.051407,-0.4322829,0.2190302,0.9938372,-0.4319317,0.02152726,0.9965699,-0.2981926,0.1733928,0.9918929,-0.2711298,0.2203046,1.003476,-0.2852286,0.2181852,1.021714,-0.3498694,0.03191829,1.008434,-0.277065,-0.1325331,0.9973655,-0.2662479,-0.1656204,1.014045,-0.3935881,-0.1277733,1.048401,-0.487961,-0.2747831,1.114525,-0.2686562,-0.2837974,1.040357,-0.3262979,-0.128246,1.062043,-0.2263404,-0.1587028,1.079729,-0.2675681,-0.2064576,1.038036,-0.3630793,0.2704044,1.035467
72057594037984832,0,1.655365,10744.73,-0.3673207,-0.1384162,1.078886,-0.36594,0.4527491,1.051407,-0.4322829,0.2190302,0.9938372,-0.4319317,0.02152726,0.9965699,-0.2981926,0.1733928,0.9918929,-0.2711298,0.2203046,1.003476,-0.2852286,0.2181852,1.021714,-0.3498694,0.03191829,1.008434,-0.277065,-0.1325331,0.9973655,-0.2662479,-0.1656204,1.014045,-0.3935881,-0.1277733,1.048401,-0.487961,-0.2747831,1.114525,-0.2686562,-0.2837974,1.040357,-0.3262979,-0.128246,1.062043,-0.2263404,-0.1587028,1.079729,-0.2675681,-0.2064576,1.038036,-0.3630793,0.2704044,1.035467
72057594037984832,0,1.655365,10744.73,-0.3673207,-0.1384162,1.078886,-0.36594,0.4527491,1.051407,-0.4322829,0.2190302,0.9938372,-0.4319317,0.02152726,0.9965699,-0.2981926,0.1733928,0.9918929,-0.2711298,0.2203046,1.003476,-0.2852286,0.2181852,1.021714,-0.3498694,0.03191829,1.008434,-0.277065,-0.1325331,0.9973655,-0.2662479,-0.1656204,1.014045,-0.3935881,-0.1277733,1.048401,-0.487961,-0.2747831,1.114525,-0.2686562,-0.2837974,1.040357,-0.3262979,-0.128246,1.062043,-0.2263404,-0.1587028,1.079729,-0.2675681,-0.2064576,1.038036,-0.3630793,0.2704044,1.035467
72057594037984832,0,1.655747,10744.73,-0.3851672,-0.1403558,1.08507,-0.3705255,0.4533802,1.054438,-0.4359851,0.2195676,0.9958967,-0.4541749,0.02404603,1.009922,-0.3116543,0.1686047,0.9974943,-0.2837121,0.213999,1.0119,-0.2881322,0.2181462,1.024565,-0.37078,0.0386993,1.013406,-0.3045142,-0.1468201,1.021389,-0.2799529,-0.2042976,1.032688,-0.4397096,-0.1299387,1.056863,-0.5104277,-0.3354349,1.147131,-0.2716756,-0.2833729,1.043618,-0.3293163,-0.1295534,1.065649,-0.2300261,-0.3563341,1.096754,-0.4248132,-0.06276309,1.011894,-0.3672774,0.2712176,1.037528
72057594037984832,0,1.655747,10744.73,-0.3851672,-0.1403558,1.08507,-0.3705255,0.4533802,1.054438,-0.4359851,0.2195676,0.9958967,-0.4541749,0.02404603,1.009922,-0.3116543,0.1686047,0.9974943,-0.2837121,0.213999,1.0119,-0.2881322,0.2181462,1.024565,-0.37078,0.0386993,1.013406,-0.3045142,-0.1468201,1.021389,-0.2799529,-0.2042976,1.032688,-0.4397096,-0.1299387,1.056863,-0.5104277,-0.3354349,1.147131,-0.2716756,-0.2833729,1.043618,-0.3293163,-0.1295534,1.065649,-0.2300261,-0.3563341,1.096754,-0.4248132,-0.06276309,1.011894,-0.3672774,0.2712176,1.037528
72057594037984832,0,1.655747,10744.73,-0.3851672,-0.1403558,1.08507,-0.3705255,0.4533802,1.054438,-0.4359851,0.2195676,0.9958967,-0.4541749,0.02404603,1.009922,-0.3116543,0.1686047,0.9974943,-0.2837121,0.213999,1.0119,-0.2881322,0.2181462,1.024565,-0.37078,0.0386993,1.013406,-0.3045142,-0.1468201,1.021389,-0.2799529,-0.2042976,1.032688,-0.4397096,-0.1299387,1.056863,-0.5104277,-0.3354349,1.147131,-0.2716756,-0.2833729,1.043618,-0.3293163,-0.1295534,1.065649,-0.2300261,-0.3563341,1.096754,-0.4248132,-0.06276309,1.011894,-0.3672774,0.2712176,1.037528
72057594037984832,0,1.655747,10744.74,-0.3851672,-0.1403558,1.08507,-0.3705255,0.4533802,1.054438,-0.4359851,0.2195676,0.9958967,-0.4541749,0.02404603,1.009922,-0.3116543,0.1686047,0.9974943,-0.2837121,0.213999,1.0119,-0.2881322,0.2181462,1.024565,-0.37078,0.0386993,1.013406,-0.3045142,-0.1468201,1.021389,-0.2799529,-0.2042976,1.032688,-0.4397096,-0.1299387,1.056863,-0.5104277,-0.3354349,1.147131,-0.2716756,-0.2833729,1.043618,-0.3293163,-0.1295534,1.065649,-0.2300261,-0.3563341,1.096754,-0.4248132,-0.06276309,1.011894,-0.3672774,0.2712176,1.037528
72057594037984832,0,1.655747,10744.74,-0.3851672,-0.1403558,1.08507,-0.3705255,0.4533802,1.054438,-0.4359851,0.2195676,0.9958967,-0.4541749,0.02404603,1.009922,-0.3116543,0.1686047,0.9974943,-0.2837121,0.213999,1.0119,-0.2881322,0.2181462,1.024565,-0.37078,0.0386993,1.013406,-0.3045142,-0.1468201,1.021389,-0.2799529,-0.2042976,1.032688,-0.4397096,-0.1299387,1.056863,-0.5104277,-0.3354349,1.147131,-0.2716756,-0.2833729,1.043618,-0.3293163,-0.1295534,1.065649,-0.2300261,-0.3563341,1.096754,-0.4248132,-0.06276309,1.011894,-0.3672774,0.2712176,1.037528
72057594037984832,0,1.655747,10744.74,-0.3851672,-0.1403558,1.08507,-0.3705255,0.4533802,1.054438,-0.4359851,0.2195676,0.9958967,-0.4541749,0.02404603,1.009922,-0.3116543,0.1686047,0.9974943,-0.2837121,0.213999,1.0119,-0.2881322,0.2181462,1.024565,-0.37078,0.0386993,1.013406,-0.3045142,-0.1468201,1.021389,-0.2799529,-0.2042976,1.032688,-0.4397096,-0.1299387,1.056863,-0.5104277,-0.3354349,1.147131,-0.2716756,-0.2833729,1.043618,-0.3293163,-0.1295534,1.065649,-0.2300261,-0.3563341,1.096754,-0.4248132,-0.06276309,1.011894,-0.3672774,0.2712176,1.037528
72057594037984832,0,1.655747,10744.74,-0.3851672,-0.1403558,1.08507,-0.3705255,0.4533802,1.054438,-0.4359851,0.2195676,0.9958967,-0.4541749,0.02404603,1.009922,-0.3116543,0.1686047,0.9974943,-0.2837121,0.213999,1.0119,-0.2881322,0.2181462,1.024565,-0.37078,0.0386993,1.013406,-0.3045142,-0.1468201,1.021389,-0.2799529,-0.2042976,1.032688,-0.4397096,-0.1299387,1.056863,-0.5104277,-0.3354349,1.147131,-0.2716756,-0.2833729,1.043618,-0.3293163,-0.1295534,1.065649,-0.2300261,-0.3563341,1.096754,-0.4248132,-0.06276309,1.011894,-0.3672774,0.2712176,1.037528
72057594037984832,0,1.655747,10744.75,-0.3851672,-0.1403558,1.08507,-0.3705255,0.4533802,1.054438,-0.4359851,0.2195676,0.9958967,-0.4541749,0.02404603,1.009922,-0.3116543,0.1686047,0.9974943,-0.2837121,0.213999,1.0119,-0.2881322,0.2181462,1.024565,-0.37078,0.0386993,1.013406,-0.3045142,-0.1468201,1.021389,-0.2799529,-0.2042976,1.032688,-0.4397096,-0.1299387,1.056863,-0.5104277,-0.3354349,1.147131,-0.2716756,-0.2833729,1.043618,-0.3293163,-0.1295534,1.065649,-0.2300261,-0.3563341,1.096754,-0.4248132,-0.06276309,1.011894,-0.3672774,0.2712176,1.037528
72057594037984832,0,1.655747,10744.75,-0.3851672,-0.1403558,1.08507,-0.3705255,0.4533802,1.054438,-0.4359851,0.2195676,0.9958967,-0.4541749,0.02404603,1.009922,-0.3116543,0.1686047,0.9974943,-0.2837121,0.213999,1.0119,-0.2881322,0.2181462,1.024565,-0.37078,0.0386993,1.013406,-0.3045142,-0.1468201,1.021389,-0.2799529,-0.2042976,1.032688,-0.4397096,-0.1299387,1.056863,-0.5104277,-0.3354349,1.147131,-0.2716756,-0.2833729,1.043618,-0.3293163,-0.1295534,1.065649,-0.2300261,-0.3563341,1.096754,-0.4248132,-0.06276309,1.011894,-0.3672774,0.2712176,1.037528
72057594037984832,0,1.655747,10744.75,-0.3851672,-0.1403558,1.08507,-0.3705255,0.4533802,1.054438,-0.4359851,0.2195676,0.9958967,-0.4541749,0.02404603,1.009922,-0.3116543,0.1686047,0.9974943,-0.2837121,0.213999,1.0119,-0.2881322,0.2181462,1.024565,-0.37078,0.0386993,1.013406,-0.3045142,-0.1468201,1.021389,-0.2799529,-0.2042976,1.032688,-0.4397096,-0.1299387,1.056863,-0.5104277,-0.3354349,1.147131,-0.2716756,-0.2833729,1.043618,-0.3293163,-0.1295534,1.065649,-0.2300261,-0.3563341,1.096754,-0.4248132,-0.06276309,1.011894,-0.3672774,0.2712176,1.037528
72057594037984832,0,1.655747,10744.75,-0.3851672,-0.1403558,1.08507,-0.3705255,0.4533802,1.054438,-0.4359851,0.2195676,0.9958967,-0.4541749,0.02404603,1.009922,-0.3116543,0.1686047,0.9974943,-0.2837121,0.213999,1.0119,-0.2881322,0.2181462,1.024565,-0.37078,0.0386993,1.013406,-0.3045142,-0.1468201,1.021389,-0.2799529,-0.2042976,1.032688,-0.4397096,-0.1299387,1.056863,-0.5104277,-0.3354349,1.147131,-0.2716756,-0.2833729,1.043618,-0.3293163,-0.1295534,1.065649,-0.2300261,-0.3563341,1.096754,-0.4248132,-0.06276309,1.011894,-0.3672774,0.2712176,1.037528
72057594037984832,0,1.655747,10744.76,-0.3851672,-0.1403558,1.08507,-0.3705255,0.4533802,1.054438,-0.4359851,0.2195676,0.9958967,-0.4541749,0.02404603,1.009922,-0.3116543,0.1686047,0.9974943,-0.2837121,0.213999,1.0119,-0.2881322,0.2181462,1.024565,-0.37078,0.0386993,1.013406,-0.3045142,-0.1468201,1.021389,-0.2799529,-0.2042976,1.032688,-0.4397096,-0.1299387,1.056863,-0.5104277,-0.3354349,1.147131,-0.2716756,-0.2833729,1.043618,-0.3293163,-0.1295534,1.065649,-0.2300261,-0.3563341,1.096754,-0.4248132,-0.06276309,1.011894,-0.3672774,0.2712176,1.037528
72057594037984832,0,1.657257,10744.76,-0.3928815,-0.154385,1.096944,-0.3818485,0.4554999,1.06158,-0.4455416,0.2192318,1.002192,-0.4606061,0.02041268,1.012523,-0.317854,0.1683296,1.002777,-0.295275,0.2132809,1.022891,-0.2973799,0.2191032,1.033923,-0.374887,0.03467864,1.022605,-0.3174878,-0.1554701,1.036032,-0.2889385,-0.2136407,1.044967,-0.4413901,-0.141851,1.064781,-0.517005,-0.3490229,1.154514,-0.3754988,-0.1690416,1.217751,-0.3340941,-0.1440117,1.080574,-0.2081454,-0.3660055,1.096523,-0.429713,-0.05934826,1.013177,-0.3763629,0.2712203,1.04404
72057594037984832,0,1.657257,10744.76,-0.3928815,-0.154385,1.096944,-0.3818485,0.4554999,1.06158,-0.4455416,0.2192318,1.002192,-0.4606061,0.02041268,1.012523,-0.317854,0.1683296,1.002777,-0.295275,0.2132809,1.022891,-0.2973799,0.2191032,1.033923,-0.374887,0.03467864,1.022605,-0.3174878,-0.1554701,1.036032,-0.2889385,-0.2136407,1.044967,-0.4413901,-0.141851,1.064781,-0.517005,-0.3490229,1.154514,-0.3754988,-0.1690416,1.217751,-0.3340941,-0.1440117,1.080574,-0.2081454,-0.3660055,1.096523,-0.429713,-0.05934826,1.013177,-0.3763629,0.2712203,1.04404
72057594037984832,0,1.657257,10744.76,-0.3928815,-0.154385,1.096944,-0.3818485,0.4554999,1.06158,-0.4455416,0.2192318,1.002192,-0.4606061,0.02041268,1.012523,-0.317854,0.1683296,1.002777,-0.295275,0.2132809,1.022891,-0.2973799,0.2191032,1.033923,-0.374887,0.03467864,1.022605,-0.3174878,-0.1554701,1.036032,-0.2889385,-0.2136407,1.044967,-0.4413901,-0.141851,1.064781,-0.517005,-0.3490229,1.154514,-0.3754988,-0.1690416,1.217751,-0.3340941,-0.1440117,1.080574,-0.2081454,-0.3660055,1.096523,-0.429713,-0.05934826,1.013177,-0.3763629,0.2712203,1.04404
72057594037984832,0,1.657257,10744.77,-0.3928815,-0.154385,1.096944,-0.3818485,0.4554999,1.06158,-0.4455416,0.2192318,1.002192,-0.4606061,0.02041268,1.012523,-0.317854,0.1683296,1.002777,-0.295275,0.2132809,1.022891,-0.2973799,0.2191032,1.033923,-0.374887,0.03467864,1.022605,-0.3174878,-0.1554701,1.036032,-0.2889385,-0.2136407,1.044967,-0.4413901,-0.141851,1.064781,-0.517005,-0.3490229,1.154514,-0.3754988,-0.1690416,1.217751,-0.3340941,-0.1440117,1.080574,-0.2081454,-0.3660055,1.096523,-0.429713,-0.05934826,1.013177,-0.3763629,0.2712203,1.04404
72057594037984832,0,1.657257,10744.77,-0.3928815,-0.154385,1.096944,-0.3818485,0.4554999,1.06158,-0.4455416,0.2192318,1.002192,-0.4606061,0.02041268,1.012523,-0.317854,0.1683296,1.002777,-0.295275,0.2132809,1.022891,-0.2973799,0.2191032,1.033923,-0.374887,0.03467864,1.022605,-0.3174878,-0.1554701,1.036032,-0.2889385,-0.2136407,1.044967,-0.4413901,-0.141851,1.064781,-0.517005,-0.3490229,1.154514,-0.3754988,-0.1690416,1.217751,-0.3340941,-0.1440117,1.080574,-0.2081454,-0.3660055,1.096523,-0.429713,-0.05934826,1.013177,-0.3763629,0.2712203,1.04404
72057594037984832,0,1.657257,10744.77,-0.3928815,-0.154385,1.096944,-0.3818485,0.4554999,1.06158,-0.4455416,0.2192318,1.002192,-0.4606061,0.02041268,1.012523,-0.317854,0.1683296,1.002777,-0.295275,0.2132809,1.022891,-0.2973799,0.2191032,1.033923,-0.374887,0.03467864,1.022605,-0.3174878,-0.1554701,1.036032,-0.2889385,-0.2136407,1.044967,-0.4413901,-0.141851,1.064781,-0.517005,-0.3490229,1.154514,-0.3754988,-0.1690416,1.217751,-0.3340941,-0.1440117,1.080574,-0.2081454,-0.3660055,1.096523,-0.429713,-0.05934826,1.013177,-0.3763629,0.2712203,1.04404
72057594037984832,0,1.657257,10744.77,-0.3928815,-0.154385,1.096944,-0.3818485,0.4554999,1.06158,-0.4455416,0.2192318,1.002192,-0.4606061,0.02041268,1.012523,-0.317854,0.1683296,1.002777,-0.295275,0.2132809,1.022891,-0.2973799,0.2191032,1.033923,-0.374887,0.03467864,1.022605,-0.3174878,-0.1554701,1.036032,-0.2889385,-0.2136407,1.044967,-0.4413901,-0.141851,1.064781,-0.517005,-0.3490229,1.154514,-0.3754988,-0.1690416,1.217751,-0.3340941,-0.1440117,1.080574,-0.2081454,-0.3660055,1.096523,-0.429713,-0.05934826,1.013177,-0.3763629,0.2712203,1.04404
72057594037984832,0,1.657257,10744.78,-0.3928815,-0.154385,1.096944,-0.3818485,0.4554999,1.06158,-0.4455416,0.2192318,1.002192,-0.4606061,0.02041268,1.012523,-0.317854,0.1683296,1.002777,-0.295275,0.2132809,1.022891,-0.2973799,0.2191032,1.033923,-0.374887,0.03467864,1.022605,-0.3174878,-0.1554701,1.036032,-0.2889385,-0.2136407,1.044967,-0.4413901,-0.141851,1.064781,-0.517005,-0.3490229,1.154514,-0.3754988,-0.1690416,1.217751,-0.3340941,-0.1440117,1.080574,-0.2081454,-0.3660055,1.096523,-0.429713,-0.05934826,1.013177,-0.3763629,0.2712203,1.04404
72057594037984832,0,1.657257,10744.78,-0.3928815,-0.154385,1.096944,-0.3818485,0.4554999,1.06158,-0.4455416,0.2192318,1.002192,-0.4606061,0.02041268,1.012523,-0.317854,0.1683296,1.002777,-0.295275,0.2132809,1.022891,-0.2973799,0.2191032,1.033923,-0.374887,0.03467864,1.022605,-0.3174878,-0.1554701,1.036032,-0.2889385,-0.2136407,1.044967,-0.4413901,-0.141851,1.064781,-0.517005,-0.3490229,1.154514,-0.3754988,-0.1690416,1.217751,-0.3340941,-0.1440117,1.080574,-0.2081454,-0.3660055,1.096523,-0.429713,-0.05934826,1.013177,-0.3763629,0.2712203,1.04404
72057594037984832,0,1.657257,10744.78,-0.3928815,-0.154385,1.096944,-0.3818485,0.4554999,1.06158,-0.4455416,0.2192318,1.002192,-0.4606061,0.02041268,1.012523,-0.317854,0.1683296,1.002777,-0.295275,0.2132809,1.022891,-0.2973799,0.2191032,1.033923,-0.374887,0.03467864,1.022605,-0.3174878,-0.1554701,1.036032,-0.2889385,-0.2136407,1.044967,-0.4413901,-0.141851,1.064781,-0.517005,-0.3490229,1.154514,-0.3754988,-0.1690416,1.217751,-0.3340941,-0.1440117,1.080574,-0.2081454,-0.3660055,1.096523,-0.429713,-0.05934826,1.013177,-0.3763629,0.2712203,1.04404
72057594037984832,0,1.657257,10744.78,-0.3928815,-0.154385,1.096944,-0.3818485,0.4554999,1.06158,-0.4455416,0.2192318,1.002192,-0.4606061,0.02041268,1.012523,-0.317854,0.1683296,1.002777,-0.295275,0.2132809,1.022891,-0.2973799,0.2191032,1.033923,-0.374887,0.03467864,1.022605,-0.3174878,-0.1554701,1.036032,-0.2889385,-0.2136407,1.044967,-0.4413901,-0.141851,1.064781,-0.517005,-0.3490229,1.154514,-0.3754988,-0.1690416,1.217751,-0.3340941,-0.1440117,1.080574,-0.2081454,-0.3660055,1.096523,-0.429713,-0.05934826,1.013177,-0.3763629,0.2712203,1.04404
72057594037984832,0,1.657257,10744.78,-0.3928815,-0.154385,1.096944,-0.3818485,0.4554999,1.06158,-0.4455416,0.2192318,1.002192,-0.4606061,0.02041268,1.012523,-0.317854,0.1683296,1.002777,-0.295275,0.2132809,1.022891,-0.2973799,0.2191032,1.033923,-0.374887,0.03467864,1.022605,-0.3174878,-0.1554701,1.036032,-0.2889385,-0.2136407,1.044967,-0.4413901,-0.141851,1.064781,-0.517005,-0.3490229,1.154514,-0.3754988,-0.1690416,1.217751,-0.3340941,-0.1440117,1.080574,-0.2081454,-0.3660055,1.096523,-0.429713,-0.05934826,1.013177,-0.3763629,0.2712203,1.04404
72057594037984832,0,1.657257,10744.79,-0.3928815,-0.154385,1.096944,-0.3818485,0.4554999,1.06158,-0.4455416,0.2192318,1.002192,-0.4606061,0.02041268,1.012523,-0.317854,0.1683296,1.002777,-0.295275,0.2132809,1.022891,-0.2973799,0.2191032,1.033923,-0.374887,0.03467864,1.022605,-0.3174878,-0.1554701,1.036032,-0.2889385,-0.2136407,1.044967,-0.4413901,-0.141851,1.064781,-0.517005,-0.3490229,1.154514,-0.3754988,-0.1690416,1.217751,-0.3340941,-0.1440117,1.080574,-0.2081454,-0.3660055,1.096523,-0.429713,-0.05934826,1.013177,-0.3763629,0.2712203,1.04404
72057594037984832,0,1.657257,10744.79,-0.3928815,-0.154385,1.096944,-0.3818485,0.4554999,1.06158,-0.4455416,0.2192318,1.002192,-0.4606061,0.02041268,1.012523,-0.317854,0.1683296,1.002777,-0.295275,0.2132809,1.022891,-0.2973799,0.2191032,1.033923,-0.374887,0.03467864,1.022605,-0.3174878,-0.1554701,1.036032,-0.2889385,-0.2136407,1.044967,-0.4413901,-0.141851,1.064781,-0.517005,-0.3490229,1.154514,-0.3754988,-0.1690416,1.217751,-0.3340941,-0.1440117,1.080574,-0.2081454,-0.3660055,1.096523,-0.429713,-0.05934826,1.013177,-0.3763629,0.2712203,1.04404
72057594037984832,0,1.657041,10744.79,-0.3982714,-0.1600704,1.103657,-0.3930231,0.4575442,1.068788,-0.4559649,0.2198469,1.008591,-0.4652585,0.01279518,1.013717,-0.3802211,0.1202446,0.9299463,-0.3694514,0.151976,0.9820287,-0.3085473,0.221738,1.045911,-0.4258986,0.1140633,0.9437515,-0.4525258,-0.07996485,0.9976594,-0.4620649,-0.1254011,1.022344,-0.445234,-0.1485674,1.070878,-0.5205402,-0.3592786,1.159345,-0.3824333,-0.1661511,1.219094,-0.3382455,-0.1488409,1.087555,-0.1997409,-0.367158,1.103271,-0.3627501,-0.1942552,1.03982,-0.3883518,0.2713729,1.053302
72057594037984832,0,1.657041,10744.79,-0.3982714,-0.1600704,1.103657,-0.3930231,0.4575442,1.068788,-0.4559649,0.2198469,1.008591,-0.4652585,0.01279518,1.013717,-0.3802211,0.1202446,0.9299463,-0.3694514,0.151976,0.9820287,-0.3085473,0.221738,1.045911,-0.4258986,0.1140633,0.9437515,-0.4525258,-0.07996485,0.9976594,-0.4620649,-0.1254011,1.022344,-0.445234,-0.1485674,1.070878,-0.5205402,-0.3592786,1.159345,-0.3824333,-0.1661511,1.219094,-0.3382455,-0.1488409,1.087555,-0.1997409,-0.367158,1.103271,-0.3627501,-0.1942552,1.03982,-0.3883518,0.2713729,1.053302
72057594037984832,0,1.657041,10744.8,-0.3982714,-0.1600704,1.103657,-0.3930231,0.4575442,1.068788,-0.4559649,0.2198469,1.008591,-0.4652585,0.01279518,1.013717,-0.3802211,0.1202446,0.9299463,-0.3694514,0.151976,0.9820287,-0.3085473,0.221738,1.045911,-0.4258986,0.1140633,0.9437515,-0.4525258,-0.07996485,0.9976594,-0.4620649,-0.1254011,1.022344,-0.445234,-0.1485674,1.070878,-0.5205402,-0.3592786,1.159345,-0.3824333,-0.1661511,1.219094,-0.3382455,-0.1488409,1.087555,-0.1997409,-0.367158,1.103271,-0.3627501,-0.1942552,1.03982,-0.3883518,0.2713729,1.053302
72057594037984832,0,1.657041,10744.8,-0.3982714,-0.1600704,1.103657,-0.3930231,0.4575442,1.068788,-0.4559649,0.2198469,1.008591,-0.4652585,0.01279518,1.013717,-0.3802211,0.1202446,0.9299463,-0.3694514,0.151976,0.9820287,-0.3085473,0.221738,1.045911,-0.4258986,0.1140633,0.9437515,-0.4525258,-0.07996485,0.9976594,-0.4620649,-0.1254011,1.022344,-0.445234,-0.1485674,1.070878,-0.5205402,-0.3592786,1.159345,-0.3824333,-0.1661511,1.219094,-0.3382455,-0.1488409,1.087555,-0.1997409,-0.367158,1.103271,-0.3627501,-0.1942552,1.03982,-0.3883518,0.2713729,1.053302
72057594037984832,0,1.657041,10744.8,-0.3982714,-0.1600704,1.103657,-0.3930231,0.4575442,1.068788,-0.4559649,0.2198469,1.008591,-0.4652585,0.01279518,1.013717,-0.3802211,0.1202446,0.9299463,-0.3694514,0.151976,0.9820287,-0.3085473,0.221738,1.045911,-0.4258986,0.1140633,0.9437515,-0.4525258,-0.07996485,0.9976594,-0.4620649,-0.1254011,1.022344,-0.445234,-0.1485674,1.070878,-0.5205402,-0.3592786,1.159345,-0.3824333,-0.1661511,1.219094,-0.3382455,-0.1488409,1.087555,-0.1997409,-0.367158,1.103271,-0.3627501,-0.1942552,1.03982,-0.3883518,0.2713729,1.053302
72057594037984832,0,1.657041,10744.81,-0.3982714,-0.1600704,1.103657,-0.3930231,0.4575442,1.068788,-0.4559649,0.2198469,1.008591,-0.4652585,0.01279518,1.013717,-0.3802211,0.1202446,0.9299463,-0.3694514,0.151976,0.9820287,-0.3085473,0.221738,1.045911,-0.4258986,0.1140633,0.9437515,-0.4525258,-0.07996485,0.9976594,-0.4620649,-0.1254011,1.022344,-0.445234,-0.1485674,1.070878,-0.5205402,-0.3592786,1.159345,-0.3824333,-0.1661511,1.219094,-0.3382455,-0.1488409,1.087555,-0.1997409,-0.367158,1.103271,-0.3627501,-0.1942552,1.03982,-0.3883518,0.2713729,1.053302
72057594037984832,0,1.657041,10744.81,-0.3982714,-0.1600704,1.103657,-0.3930231,0.4575442,1.068788,-0.4559649,0.2198469,1.008591,-0.4652585,0.01279518,1.013717,-0.3802211,0.1202446,0.9299463,-0.3694514,0.151976,0.9820287,-0.3085473,0.221738,1.045911,-0.4258986,0.1140633,0.9437515,-0.4525258,-0.07996485,0.9976594,-0.4620649,-0.1254011,1.022344,-0.445234,-0.1485674,1.070878,-0.5205402,-0.3592786,1.159345,-0.3824333,-0.1661511,1.219094,-0.3382455,-0.1488409,1.087555,-0.1997409,-0.367158,1.103271,-0.3627501,-0.1942552,1.03982,-0.3883518,0.2713729,1.053302
72057594037984832,0,1.657041,10744.81,-0.3982714,-0.1600704,1.103657,-0.3930231,0.4575442,1.068788,-0.4559649,0.2198469,1.008591,-0.4652585,0.01279518,1.013717,-0.3802211,0.1202446,0.9299463,-0.3694514,0.151976,0.9820287,-0.3085473,0.221738,1.045911,-0.4258986,0.1140633,0.9437515,-0.4525258,-0.07996485,0.9976594,-0.4620649,-0.1254011,1.022344,-0.445234,-0.1485674,1.070878,-0.5205402,-0.3592786,1.159345,-0.3824333,-0.1661511,1.219094,-0.3382455,-0.1488409,1.087555,-0.1997409,-0.367158,1.103271,-0.3627501,-0.1942552,1.03982,-0.3883518,0.2713729,1.053302
72057594037984832,0,1.657041,10744.83,-0.3982714,-0.1600704,1.103657,-0.3930231,0.4575442,1.068788,-0.4559649,0.2198469,1.008591,-0.4652585,0.01279518,1.013717,-0.3802211,0.1202446,0.9299463,-0.3694514,0.151976,0.9820287,-0.3085473,0.221738,1.045911,-0.4258986,0.1140633,0.9437515,-0.4525258,-0.07996485,0.9976594,-0.4620649,-0.1254011,1.022344,-0.445234,-0.1485674,1.070878,-0.5205402,-0.3592786,1.159345,-0.3824333,-0.1661511,1.219094,-0.3382455,-0.1488409,1.087555,-0.1997409,-0.367158,1.103271,-0.3627501,-0.1942552,1.03982,-0.3883518,0.2713729,1.053302
72057594037984832,0,1.653926,10744.83,-0.4026894,-0.1588494,1.108194,-0.4033204,0.4585707,1.076469,-0.4654672,0.2210919,1.01398,-0.469288,0.01420262,1.014683,-0.3827935,0.1210853,0.9328954,-0.3741306,0.1511112,0.9916061,-0.316949,0.2220327,1.058343,-0.4460414,0.1674125,0.9882143,-0.4224919,-0.03336158,1.021478,-0.3820216,-0.03403246,1.035004,-0.4483075,-0.1476994,1.074081,-0.5198507,-0.3617499,1.159139,-0.3907481,-0.1574162,1.214455,-0.3425141,-0.1477536,1.093167,-0.2034096,-0.3679296,1.098539,-0.3691717,-0.1940855,1.033111,-0.397173,0.272507,1.061053
72057594037984832,0,1.653926,10744.83,-0.4026894,-0.1588494,1.108194,-0.4033204,0.4585707,1.076469,-0.4654672,0.2210919,1.01398,-0.469288,0.01420262,1.014683,-0.3827935,0.1210853,0.9328954,-0.3741306,0.1511112,0.9916061,-0.316949,0.2220327,1.058343,-0.4460414,0.1674125,0.9882143,-0.4224919,-0.03336158,1.021478,-0.3820216,-0.03403246,1.035004,-0.4483075,-0.1476994,1.074081,-0.5198507,-0.3617499,1.159139,-0.3907481,-0.1574162,1.214455,-0.3425141,-0.1477536,1.093167,-0.2034096,-0.3679296,1.098539,-0.3691717,-0.1940855,1.033111,-0.397173,0.272507,1.061053
72057594037984832,0,1.653926,10744.83,-0.4026894,-0.1588494,1.108194,-0.4033204,0.4585707,1.076469,-0.4654672,0.2210919,1.01398,-0.469288,0.01420262,1.014683,-0.3827935,0.1210853,0.9328954,-0.3741306,0.1511112,0.9916061,-0.316949,0.2220327,1.058343,-0.4460414,0.1674125,0.9882143,-0.4224919,-0.03336158,1.021478,-0.3820216,-0.03403246,1.035004,-0.4483075,-0.1476994,1.074081,-0.5198507,-0.3617499,1.159139,-0.3907481,-0.1574162,1.214455,-0.3425141,-0.1477536,1.093167,-0.2034096,-0.3679296,1.098539,-0.3691717,-0.1940855,1.033111,-0.397173,0.272507,1.061053
72057594037984832,0,1.653926,10744.83,-0.4026894,-0.1588494,1.108194,-0.4033204,0.4585707,1.076469,-0.4654672,0.2210919,1.01398,-0.469288,0.01420262,1.014683,-0.3827935,0.1210853,0.9328954,-0.3741306,0.1511112,0.9916061,-0.316949,0.2220327,1.058343,-0.4460414,0.1674125,0.9882143,-0.4224919,-0.03336158,1.021478,-0.3820216,-0.03403246,1.035004,-0.4483075,-0.1476994,1.074081,-0.5198507,-0.3617499,1.159139,-0.3907481,-0.1574162,1.214455,-0.3425141,-0.1477536,1.093167,-0.2034096,-0.3679296,1.098539,-0.3691717,-0.1940855,1.033111,-0.397173,0.272507,1.061053
72057594037984832,0,1.653926,10744.84,-0.4026894,-0.1588494,1.108194,-0.4033204,0.4585707,1.076469,-0.4654672,0.2210919,1.01398,-0.469288,0.01420262,1.014683,-0.3827935,0.1210853,0.9328954,-0.3741306,0.1511112,0.9916061,-0.316949,0.2220327,1.058343,-0.4460414,0.1674125,0.9882143,-0.4224919,-0.03336158,1.021478,-0.3820216,-0.03403246,1.035004,-0.4483075,-0.1476994,1.074081,-0.5198507,-0.3617499,1.159139,-0.3907481,-0.1574162,1.214455,-0.3425141,-0.1477536,1.093167,-0.2034096,-0.3679296,1.098539,-0.3691717,-0.1940855,1.033111,-0.397173,0.272507,1.061053
72057594037984832,0,1.653926,10744.84,-0.4026894,-0.1588494,1.108194,-0.4033204,0.4585707,1.076469,-0.4654672,0.2210919,1.01398,-0.469288,0.01420262,1.014683,-0.3827935,0.1210853,0.9328954,-0.3741306,0.1511112,0.9916061,-0.316949,0.2220327,1.058343,-0.4460414,0.1674125,0.9882143,-0.4224919,-0.03336158,1.021478,-0.3820216,-0.03403246,1.035004,-0.4483075,-0.1476994,1.074081,-0.5198507,-0.3617499,1.159139,-0.3907481,-0.1574162,1.214455,-0.3425141,-0.1477536,1.093167,-0.2034096,-0.3679296,1.098539,-0.3691717,-0.1940855,1.033111,-0.397173,0.272507,1.061053
72057594037984832,0,1.653926,10744.84,-0.4026894,-0.1588494,1.108194,-0.4033204,0.4585707,1.076469,-0.4654672,0.2210919,1.01398,-0.469288,0.01420262,1.014683,-0.3827935,0.1210853,0.9328954,-0.3741306,0.1511112,0.9916061,-0.316949,0.2220327,1.058343,-0.4460414,0.1674125,0.9882143,-0.4224919,-0.03336158,1.021478,-0.3820216,-0.03403246,1.035004,-0.4483075,-0.1476994,1.074081,-0.5198507,-0.3617499,1.159139,-0.3907481,-0.1574162,1.214455,-0.3425141,-0.1477536,1.093167,-0.2034096,-0.3679296,1.098539,-0.3691717,-0.1940855,1.033111,-0.397173,0.272507,1.061053
72057594037984832,0,1.653926,10744.84,-0.4026894,-0.1588494,1.108194,-0.4033204,0.4585707,1.076469,-0.4654672,0.2210919,1.01398,-0.469288,0.01420262,1.014683,-0.3827935,0.1210853,0.9328954,-0.3741306,0.1511112,0.9916061,-0.316949,0.2220327,1.058343,-0.4460414,0.1674125,0.9882143,-0.4224919,-0.03336158,1.021478,-0.3820216,-0.03403246,1.035004,-0.4483075,-0.1476994,1.074081,-0.5198507,-0.3617499,1.159139,-0.3907481,-0.1574162,1.214455,-0.3425141,-0.1477536,1.093167,-0.2034096,-0.3679296,1.098539,-0.3691717,-0.1940855,1.033111,-0.397173,0.272507,1.061053
72057594037984832,0,1.653926,10744.85,-0.4026894,-0.1588494,1.108194,-0.4033204,0.4585707,1.076469,-0.4654672,0.2210919,1.01398,-0.469288,0.01420262,1.014683,-0.3827935,0.1210853,0.9328954,-0.3741306,0.1511112,0.9916061,-0.316949,0.2220327,1.058343,-0.4460414,0.1674125,0.9882143,-0.4224919,-0.03336158,1.021478,-0.3820216,-0.03403246,1.035004,-0.4483075,-0.1476994,1.074081,-0.5198507,-0.3617499,1.159139,-0.3907481,-0.1574162,1.214455,-0.3425141,-0.1477536,1.093167,-0.2034096,-0.3679296,1.098539,-0.3691717,-0.1940855,1.033111,-0.397173,0.272507,1.061053
72057594037984832,0,1.653926,10744.85,-0.4026894,-0.1588494,1.108194,-0.4033204,0.4585707,1.076469,-0.4654672,0.2210919,1.01398,-0.469288,0.01420262,1.014683,-0.3827935,0.1210853,0.9328954,-0.3741306,0.1511112,0.9916061,-0.316949,0.2220327,1.058343,-0.4460414,0.1674125,0.9882143,-0.4224919,-0.03336158,1.021478,-0.3820216,-0.03403246,1.035004,-0.4483075,-0.1476994,1.074081,-0.5198507,-0.3617499,1.159139,-0.3907481,-0.1574162,1.214455,-0.3425141,-0.1477536,1.093167,-0.2034096,-0.3679296,1.098539,-0.3691717,-0.1940855,1.033111,-0.397173,0.272507,1.061053
72057594037984832,0,1.653926,10744.85,-0.4026894,-0.1588494,1.108194,-0.4033204,0.4585707,1.076469,-0.4654672,0.2210919,1.01398,-0.469288,0.01420262,1.014683,-0.3827935,0.1210853,0.9328954,-0.3741306,0.1511112,0.9916061,-0.316949,0.2220327,1.058343,-0.4460414,0.1674125,0.9882143,-0.4224919,-0.03336158,1.021478,-0.3820216,-0.03403246,1.035004,-0.4483075,-0.1476994,1.074081,-0.5198507,-0.3617499,1.159139,-0.3907481,-0.1574162,1.214455,-0.3425141,-0.1477536,1.093167,-0.2034096,-0.3679296,1.098539,-0.3691717,-0.1940855,1.033111,-0.397173,0.272507,1.061053
72057594037984832,0,1.653926,10744.85,-0.4026894,-0.1588494,1.108194,-0.4033204,0.4585707,1.076469,-0.4654672,0.2210919,1.01398,-0.469288,0.01420262,1.014683,-0.3827935,0.1210853,0.9328954,-0.3741306,0.1511112,0.9916061,-0.316949,0.2220327,1.058343,-0.4460414,0.1674125,0.9882143,-0.4224919,-0.03336158,1.021478,-0.3820216,-0.03403246,1.035004,-0.4483075,-0.1476994,1.074081,-0.5198507,-0.3617499,1.159139,-0.3907481,-0.1574162,1.214455,-0.3425141,-0.1477536,1.093167,-0.2034096,-0.3679296,1.098539,-0.3691717,-0.1940855,1.033111,-0.397173,0.272507,1.061053
72057594037984832,0,1.65648,10744.86,-0.4207388,-0.1674776,1.117923,-0.4134902,0.4592431,1.083893,-0.4637423,0.2210954,1.013337,-0.4717752,0.009621799,1.016516,-0.3541794,-0.1629998,1.046742,-0.3051052,-0.2160395,1.065811,-0.3210007,0.2224486,1.064805,-0.443646,0.1130626,0.9527532,-0.4213973,-0.05223563,1.026774,-0.375395,-0.04698583,1.046323,-0.4617047,-0.1558507,1.081774,-0.518002,-0.3782117,1.164778,-0.3989217,-0.1628212,1.218808,-0.3636535,-0.1567916,1.105299,-0.184765,-0.3553846,1.093414,-0.3523819,-0.1795027,1.022477,-0.4038194,0.2725191,1.066399
72057594037984832,0,1.65648,10744.86,-0.4207388,-0.1674776,1.117923,-0.4134902,0.4592431,1.083893,-0.4637423,0.2210954,1.013337,-0.4717752,0.009621799,1.016516,-0.3541794,-0.1629998,1.046742,-0.3051052,-0.2160395,1.065811,-0.3210007,0.2224486,1.064805,-0.443646,0.1130626,0.9527532,-0.4213973,-0.05223563,1.026774,-0.375395,-0.04698583,1.046323,-0.4617047,-0.1558507,1.081774,-0.518002,-0.3782117,1.164778,-0.3989217,-0.1628212,1.218808,-0.3636535,-0.1567916,1.105299,-0.184765,-0.3553846,1.093414,-0.3523819,-0.1795027,1.022477,-0.4038194,0.2725191,1.066399
72057594037984832,0,1.65648,10744.86,-0.4207388,-0.1674776,1.117923,-0.4134902,0.4592431,1.083893,-0.4637423,0.2210954,1.013337,-0.4717752,0.009621799,1.016516,-0.3541794,-0.1629998,1.046742,-0.3051052,-0.2160395,1.065811,-0.3210007,0.2224486,1.064805,-0.443646,0.1130626,0.9527532,-0.4213973,-0.05223563,1.026774,-0.375395,-0.04698583,1.046323,-0.4617047,-0.1558507,1.081774,-0.518002,-0.3782117,1.164778,-0.3989217,-0.1628212,1.218808,-0.3636535,-0.1567916,1.105299,-0.184765,-0.3553846,1.093414,-0.3523819,-0.1795027,1.022477,-0.4038194,0.2725191,1.066399
72057594037984832,0,1.65648,10744.86,-0.4207388,-0.1674776,1.117923,-0.4134902,0.4592431,1.083893,-0.4637423,0.2210954,1.013337,-0.4717752,0.009621799,1.016516,-0.3541794,-0.1629998,1.046742,-0.3051052,-0.2160395,1.065811,-0.3210007,0.2224486,1.064805,-0.443646,0.1130626,0.9527532,-0.4213973,-0.05223563,1.026774,-0.375395,-0.04698583,1.046323,-0.4617047,-0.1558507,1.081774,-0.518002,-0.3782117,1.164778,-0.3989217,-0.1628212,1.218808,-0.3636535,-0.1567916,1.105299,-0.184765,-0.3553846,1.093414,-0.3523819,-0.1795027,1.022477,-0.4038194,0.2725191,1.066399
72057594037984832,0,1.65648,10744.87,-0.4207388,-0.1674776,1.117923,-0.4134902,0.4592431,1.083893,-0.4637423,0.2210954,1.013337,-0.4717752,0.009621799,1.016516,-0.3541794,-0.1629998,1.046742,-0.3051052,-0.2160395,1.065811,-0.3210007,0.2224486,1.064805,-0.443646,0.1130626,0.9527532,-0.4213973,-0.05223563,1.026774,-0.375395,-0.04698583,1.046323,-0.4617047,-0.1558507,1.081774,-0.518002,-0.3782117,1.164778,-0.3989217,-0.1628212,1.218808,-0.3636535,-0.1567916,1.105299,-0.184765,-0.3553846,1.093414,-0.3523819,-0.1795027,1.022477,-0.4038194,0.2725191,1.066399
72057594037984832,0,1.65648,10744.87,-0.4207388,-0.1674776,1.117923,-0.4134902,0.4592431,1.083893,-0.4637423,0.2210954,1.013337,-0.4717752,0.009621799,1.016516,-0.3541794,-0.1629998,1.046742,-0.3051052,-0.2160395,1.065811,-0.3210007,0.2224486,1.064805,-0.443646,0.1130626,0.9527532,-0.4213973,-0.05223563,1.026774,-0.375395,-0.04698583,1.046323,-0.4617047,-0.1558507,1.081774,-0.518002,-0.3782117,1.164778,-0.3989217,-0.1628212,1.218808,-0.3636535,-0.1567916,1.105299,-0.184765,-0.3553846,1.093414,-0.3523819,-0.1795027,1.022477,-0.4038194,0.2725191,1.066399
72057594037984832,0,1.65648,10744.87,-0.4207388,-0.1674776,1.117923,-0.4134902,0.4592431,1.083893,-0.4637423,0.2210954,1.013337,-0.4717752,0.009621799,1.016516,-0.3541794,-0.1629998,1.046742,-0.3051052,-0.2160395,1.065811,-0.3210007,0.2224486,1.064805,-0.443646,0.1130626,0.9527532,-0.4213973,-0.05223563,1.026774,-0.375395,-0.04698583,1.046323,-0.4617047,-0.1558507,1.081774,-0.518002,-0.3782117,1.164778,-0.3989217,-0.1628212,1.218808,-0.3636535,-0.1567916,1.105299,-0.184765,-0.3553846,1.093414,-0.3523819,-0.1795027,1.022477,-0.4038194,0.2725191,1.066399
72057594037984832,0,1.65648,10744.87,-0.4207388,-0.1674776,1.117923,-0.4134902,0.4592431,1.083893,-0.4637423,0.2210954,1.013337,-0.4717752,0.009621799,1.016516,-0.3541794,-0.1629998,1.046742,-0.3051052,-0.2160395,1.065811,-0.3210007,0.2224486,1.064805,-0.443646,0.1130626,0.9527532,-0.4213973,-0.05223563,1.026774,-0.375395,-0.04698583,1.046323,-0.4617047,-0.1558507,1.081774,-0.518002,-0.3782117,1.164778,-0.3989217,-0.1628212,1.218808,-0.3636535,-0.1567916,1.105299,-0.184765,-0.3553846,1.093414,-0.3523819,-0.1795027,1.022477,-0.4038194,0.2725191,1.066399
72057594037984832,0,1.65648,10744.88,-0.4207388,-0.1674776,1.117923,-0.4134902,0.4592431,1.083893,-0.4637423,0.2210954,1.013337,-0.4717752,0.009621799,1.016516,-0.3541794,-0.1629998,1.046742,-0.3051052,-0.2160395,1.065811,-0.3210007,0.2224486,1.064805,-0.443646,0.1130626,0.9527532,-0.4213973,-0.05223563,1.026774,-0.375395,-0.04698583,1.046323,-0.4617047,-0.1558507,1.081774,-0.518002,-0.3782117,1.164778,-0.3989217,-0.1628212,1.218808,-0.3636535,-0.1567916,1.105299,-0.184765,-0.3553846,1.093414,-0.3523819,-0.1795027,1.022477,-0.4038194,0.2725191,1.066399
72057594037984832,0,1.65648,10744.88,-0.4207388,-0.1674776,1.117923,-0.4134902,0.4592431,1.083893,-0.4637423,0.2210954,1.013337,-0.4717752,0.009621799,1.016516,-0.3541794,-0.1629998,1.046742,-0.3051052,-0.2160395,1.065811,-0.3210007,0.2224486,1.064805,-0.443646,0.1130626,0.9527532,-0.4213973,-0.05223563,1.026774,-0.375395,-0.04698583,1.046323,-0.4617047,-0.1558507,1.081774,-0.518002,-0.3782117,1.164778,-0.3989217,-0.1628212,1.218808,-0.3636535,-0.1567916,1.105299,-0.184765,-0.3553846,1.093414,-0.3523819,-0.1795027,1.022477,-0.4038194,0.2725191,1.066399
72057594037984832,0,1.65648,10744.88,-0.4207388,-0.1674776,1.117923,-0.4134902,0.4592431,1.083893,-0.4637423,0.2210954,1.013337,-0.4717752,0.009621799,1.016516,-0.3541794,-0.1629998,1.046742,-0.3051052,-0.2160395,1.065811,-0.3210007,0.2224486,1.064805,-0.443646,0.1130626,0.9527532,-0.4213973,-0.05223563,1.026774,-0.375395,-0.04698583,1.046323,-0.4617047,-0.1558507,1.081774,-0.518002,-0.3782117,1.164778,-0.3989217,-0.1628212,1.218808,-0.3636535,-0.1567916,1.105299,-0.184765,-0.3553846,1.093414,-0.3523819,-0.1795027,1.022477,-0.4038194,0.2725191,1.066399
72057594037984832,0,1.65648,10744.88,-0.4207388,-0.1674776,1.117923,-0.4134902,0.4592431,1.083893,-0.4637423,0.2210954,1.013337,-0.4717752,0.009621799,1.016516,-0.3541794,-0.1629998,1.046742,-0.3051052,-0.2160395,1.065811,-0.3210007,0.2224486,1.064805,-0.443646,0.1130626,0.9527532,-0.4213973,-0.05223563,1.026774,-0.375395,-0.04698583,1.046323,-0.4617047,-0.1558507,1.081774,-0.518002,-0.3782117,1.164778,-0.3989217,-0.1628212,1.218808,-0.3636535,-0.1567916,1.105299,-0.184765,-0.3553846,1.093414,-0.3523819,-0.1795027,1.022477,-0.4038194,0.2725191,1.066399
72057594037984832,0,1.65648,10744.88,-0.4207388,-0.1674776,1.117923,-0.4134902,0.4592431,1.083893,-0.4637423,0.2210954,1.013337,-0.4717752,0.009621799,1.016516,-0.3541794,-0.1629998,1.046742,-0.3051052,-0.2160395,1.065811,-0.3210007,0.2224486,1.064805,-0.443646,0.1130626,0.9527532,-0.4213973,-0.05223563,1.026774,-0.375395,-0.04698583,1.046323,-0.4617047,-0.1558507,1.081774,-0.518002,-0.3782117,1.164778,-0.3989217,-0.1628212,1.218808,-0.3636535,-0.1567916,1.105299,-0.184765,-0.3553846,1.093414,-0.3523819,-0.1795027,1.022477,-0.4038194,0.2725191,1.066399
72057594037984832,0,1.65648,10744.89,-0.4207388,-0.1674776,1.117923,-0.4134902,0.4592431,1.083893,-0.4637423,0.2210954,1.013337,-0.4717752,0.009621799,1.016516,-0.3541794,-0.1629998,1.046742,-0.3051052,-0.2160395,1.065811,-0.3210007,0.2224486,1.064805,-0.443646,0.1130626,0.9527532,-0.4213973,-0.05223563,1.026774,-0.375395,-0.04698583,1.046323,-0.4617047,-0.1558507,1.081774,-0.518002,-0.3782117,1.164778,-0.3989217,-0.1628212,1.218808,-0.3636535,-0.1567916,1.105299,-0.184765,-0.3553846,1.093414,-0.3523819,-0.1795027,1.022477,-0.4038194,0.2725191,1.066399
72057594037984832,0,1.657165,10744.89,-0.4257663,-0.1692391,1.120187,-0.4213646,0.4606281,1.090606,-0.4735695,0.2228842,1.020262,-0.4900376,0.008461446,1.024063,-0.3385685,-0.1438572,1.047309,-0.3083889,-0.2030243,1.068339,-0.330081,0.2257747,1.077809,-0.4431207,0.1126412,0.9536029,-0.422756,-0.05322498,1.028704,-0.3801188,-0.04765278,1.050668,-0.4682209,-0.1584417,1.083888,-0.5154482,-0.3848795,1.167813,-0.4094588,-0.1577045,1.216475,-0.3669246,-0.1578588,1.107381,-0.1839472,-0.355481,1.098422,-0.3548347,-0.179189,1.02457,-0.4158054,0.2751937,1.075351
72057594037984832,0,1.657165,10744.89,-0.4257663,-0.1692391,1.120187,-0.4213646,0.4606281,1.090606,-0.4735695,0.2228842,1.020262,-0.4900376,0.008461446,1.024063,-0.3385685,-0.1438572,1.047309,-0.3083889,-0.2030243,1.068339,-0.330081,0.2257747,1.077809,-0.4431207,0.1126412,0.9536029,-0.422756,-0.05322498,1.028704,-0.3801188,-0.04765278,1.050668,-0.4682209,-0.1584417,1.083888,-0.5154482,-0.3848795,1.167813,-0.4094588,-0.1577045,1.216475,-0.3669246,-0.1578588,1.107381,-0.1839472,-0.355481,1.098422,-0.3548347,-0.179189,1.02457,-0.4158054,0.2751937,1.075351
72057594037984832,0,1.657165,10744.9,-0.4257663,-0.1692391,1.120187,-0.4213646,0.4606281,1.090606,-0.4735695,0.2228842,1.020262,-0.4900376,0.008461446,1.024063,-0.3385685,-0.1438572,1.047309,-0.3083889,-0.2030243,1.068339,-0.330081,0.2257747,1.077809,-0.4431207,0.1126412,0.9536029,-0.422756,-0.05322498,1.028704,-0.3801188,-0.04765278,1.050668,-0.4682209,-0.1584417,1.083888,-0.5154482,-0.3848795,1.167813,-0.4094588,-0.1577045,1.216475,-0.3669246,-0.1578588,1.107381,-0.1839472,-0.355481,1.098422,-0.3548347,-0.179189,1.02457,-0.4158054,0.2751937,1.075351
72057594037984832,0,1.657165,10744.9,-0.4257663,-0.1692391,1.120187,-0.4213646,0.4606281,1.090606,-0.4735695,0.2228842,1.020262,-0.4900376,0.008461446,1.024063,-0.3385685,-0.1438572,1.047309,-0.3083889,-0.2030243,1.068339,-0.330081,0.2257747,1.077809,-0.4431207,0.1126412,0.9536029,-0.422756,-0.05322498,1.028704,-0.3801188,-0.04765278,1.050668,-0.4682209,-0.1584417,1.083888,-0.5154482,-0.3848795,1.167813,-0.4094588,-0.1577045,1.216475,-0.3669246,-0.1578588,1.107381,-0.1839472,-0.355481,1.098422,-0.3548347,-0.179189,1.02457,-0.4158054,0.2751937,1.075351
72057594037984832,0,1.657165,10744.91,-0.4257663,-0.1692391,1.120187,-0.4213646,0.4606281,1.090606,-0.4735695,0.2228842,1.020262,-0.4900376,0.008461446,1.024063,-0.3385685,-0.1438572,1.047309,-0.3083889,-0.2030243,1.068339,-0.330081,0.2257747,1.077809,-0.4431207,0.1126412,0.9536029,-0.422756,-0.05322498,1.028704,-0.3801188,-0.04765278,1.050668,-0.4682209,-0.1584417,1.083888,-0.5154482,-0.3848795,1.167813,-0.4094588,-0.1577045,1.216475,-0.3669246,-0.1578588,1.107381,-0.1839472,-0.355481,1.098422,-0.3548347,-0.179189,1.02457,-0.4158054,0.2751937,1.075351
72057594037984832,0,1.657165,10744.91,-0.4257663,-0.1692391,1.120187,-0.4213646,0.4606281,1.090606,-0.4735695,0.2228842,1.020262,-0.4900376,0.008461446,1.024063,-0.3385685,-0.1438572,1.047309,-0.3083889,-0.2030243,1.068339,-0.330081,0.2257747,1.077809,-0.4431207,0.1126412,0.9536029,-0.422756,-0.05322498,1.028704,-0.3801188,-0.04765278,1.050668,-0.4682209,-0.1584417,1.083888,-0.5154482,-0.3848795,1.167813,-0.4094588,-0.1577045,1.216475,-0.3669246,-0.1578588,1.107381,-0.1839472,-0.355481,1.098422,-0.3548347,-0.179189,1.02457,-0.4158054,0.2751937,1.075351
72057594037984832,0,1.657165,10744.91,-0.4257663,-0.1692391,1.120187,-0.4213646,0.4606281,1.090606,-0.4735695,0.2228842,1.020262,-0.4900376,0.008461446,1.024063,-0.3385685,-0.1438572,1.047309,-0.3083889,-0.2030243,1.068339,-0.330081,0.2257747,1.077809,-0.4431207,0.1126412,0.9536029,-0.422756,-0.05322498,1.028704,-0.3801188,-0.04765278,1.050668,-0.4682209,-0.1584417,1.083888,-0.5154482,-0.3848795,1.167813,-0.4094588,-0.1577045,1.216475,-0.3669246,-0.1578588,1.107381,-0.1839472,-0.355481,1.098422,-0.3548347,-0.179189,1.02457,-0.4158054,0.2751937,1.075351
72057594037984832,0,1.657165,10744.91,-0.4257663,-0.1692391,1.120187,-0.4213646,0.4606281,1.090606,-0.4735695,0.2228842,1.020262,-0.4900376,0.008461446,1.024063,-0.3385685,-0.1438572,1.047309,-0.3083889,-0.2030243,1.068339,-0.330081,0.2257747,1.077809,-0.4431207,0.1126412,0.9536029,-0.422756,-0.05322498,1.028704,-0.3801188,-0.04765278,1.050668,-0.4682209,-0.1584417,1.083888,-0.5154482,-0.3848795,1.167813,-0.4094588,-0.1577045,1.216475,-0.3669246,-0.1578588,1.107381,-0.1839472,-0.355481,1.098422,-0.3548347,-0.179189,1.02457,-0.4158054,0.2751937,1.075351
72057594037984832,0,1.657165,10744.91,-0.4257663,-0.1692391,1.120187,-0.4213646,0.4606281,1.090606,-0.4735695,0.2228842,1.020262,-0.4900376,0.008461446,1.024063,-0.3385685,-0.1438572,1.047309,-0.3083889,-0.2030243,1.068339,-0.330081,0.2257747,1.077809,-0.4431207,0.1126412,0.9536029,-0.422756,-0.05322498,1.028704,-0.3801188,-0.04765278,1.050668,-0.4682209,-0.1584417,1.083888,-0.5154482,-0.3848795,1.167813,-0.4094588,-0.1577045,1.216475,-0.3669246,-0.1578588,1.107381,-0.1839472,-0.355481,1.098422,-0.3548347,-0.179189,1.02457,-0.4158054,0.2751937,1.075351
72057594037984832,0,1.657165,10744.92,-0.4257663,-0.1692391,1.120187,-0.4213646,0.4606281,1.090606,-0.4735695,0.2228842,1.020262,-0.4900376,0.008461446,1.024063,-0.3385685,-0.1438572,1.047309,-0.3083889,-0.2030243,1.068339,-0.330081,0.2257747,1.077809,-0.4431207,0.1126412,0.9536029,-0.422756,-0.05322498,1.028704,-0.3801188,-0.04765278,1.050668,-0.4682209,-0.1584417,1.083888,-0.5154482,-0.3848795,1.167813,-0.4094588,-0.1577045,1.216475,-0.3669246,-0.1578588,1.107381,-0.1839472,-0.355481,1.098422,-0.3548347,-0.179189,1.02457,-0.4158054,0.2751937,1.075351
72057594037984832,0,1.657165,10744.92,-0.4257663,-0.1692391,1.120187,-0.4213646,0.4606281,1.090606,-0.4735695,0.2228842,1.020262,-0.4900376,0.008461446,1.024063,-0.3385685,-0.1438572,1.047309,-0.3083889,-0.2030243,1.068339,-0.330081,0.2257747,1.077809,-0.4431207,0.1126412,0.9536029,-0.422756,-0.05322498,1.028704,-0.3801188,-0.04765278,1.050668,-0.4682209,-0.1584417,1.083888,-0.5154482,-0.3848795,1.167813,-0.4094588,-0.1577045,1.216475,-0.3669246,-0.1578588,1.107381,-0.1839472,-0.355481,1.098422,-0.3548347,-0.179189,1.02457,-0.4158054,0.2751937,1.075351
72057594037984832,0,1.651806,10744.92,-0.4230872,-0.1648622,1.122815,-0.429347,0.4630046,1.098454,-0.479384,0.2249099,1.024618,-0.4861829,0.006343693,1.025917,-0.3309121,-0.1417922,1.066946,-0.3086977,-0.2028958,1.073187,-0.3338053,0.2276286,1.087294,-0.4427888,0.1117829,0.9559118,-0.4241826,-0.05378783,1.030916,-0.3835567,-0.04782709,1.053908,-0.4658917,-0.1544522,1.085694,-0.5167895,-0.3831342,1.166139,-0.4145988,-0.1501014,1.20784,-0.3635793,-0.1530961,1.110698,-0.1942907,-0.3628225,1.102987,-0.3664772,-0.1856302,1.026285,-0.4198212,0.2780412,1.081107
72057594037984832,0,1.651806,10744.92,-0.4230872,-0.1648622,1.122815,-0.429347,0.4630046,1.098454,-0.479384,0.2249099,1.024618,-0.4861829,0.006343693,1.025917,-0.3309121,-0.1417922,1.066946,-0.3086977,-0.2028958,1.073187,-0.3338053,0.2276286,1.087294,-0.4427888,0.1117829,0.9559118,-0.4241826,-0.05378783,1.030916,-0.3835567,-0.04782709,1.053908,-0.4658917,-0.1544522,1.085694,-0.5167895,-0.3831342,1.166139,-0.4145988,-0.1501014,1.20784,-0.3635793,-0.1530961,1.110698,-0.1942907,-0.3628225,1.102987,-0.3664772,-0.1856302,1.026285,-0.4198212,0.2780412,1.081107
72057594037984832,0,1.651806,10744.93,-0.4230872,-0.1648622,1.122815,-0.429347,0.4630046,1.098454,-0.479384,0.2249099,1.024618,-0.4861829,0.006343693,1.025917,-0.3309121,-0.1417922,1.066946,-0.3086977,-0.2028958,1.073187,-0.3338053,0.2276286,1.087294,-0.4427888,0.1117829,0.9559118,-0.4241826,-0.05378783,1.030916,-0.3835567,-0.04782709,1.053908,-0.4658917,-0.1544522,1.085694,-0.5167895,-0.3831342,1.166139,-0.4145988,-0.1501014,1.20784,-0.3635793,-0.1530961,1.110698,-0.1942907,-0.3628225,1.102987,-0.3664772,-0.1856302,1.026285,-0.4198212,0.2780412,1.081107
72057594037984832,0,1.651806,10744.93,-0.4230872,-0.1648622,1.122815,-0.429347,0.4630046,1.098454,-0.479384,0.2249099,1.024618,-0.4861829,0.006343693,1.025917,-0.3309121,-0.1417922,1.066946,-0.3086977,-0.2028958,1.073187,-0.3338053,0.2276286,1.087294,-0.4427888,0.1117829,0.9559118,-0.4241826,-0.05378783,1.030916,-0.3835567,-0.04782709,1.053908,-0.4658917,-0.1544522,1.085694,-0.5167895,-0.3831342,1.166139,-0.4145988,-0.1501014,1.20784,-0.3635793,-0.1530961,1.110698,-0.1942907,-0.3628225,1.102987,-0.3664772,-0.1856302,1.026285,-0.4198212,0.2780412,1.081107
72057594037984832,0,1.651806,10744.93,-0.4230872,-0.1648622,1.122815,-0.429347,0.4630046,1.098454,-0.479384,0.2249099,1.024618,-0.4861829,0.006343693,1.025917,-0.3309121,-0.1417922,1.066946,-0.3086977,-0.2028958,1.073187,-0.3338053,0.2276286,1.087294,-0.4427888,0.1117829,0.9559118,-0.4241826,-0.05378783,1.030916,-0.3835567,-0.04782709,1.053908,-0.4658917,-0.1544522,1.085694,-0.5167895,-0.3831342,1.166139,-0.4145988,-0.1501014,1.20784,-0.3635793,-0.1530961,1.110698,-0.1942907,-0.3628225,1.102987,-0.3664772,-0.1856302,1.026285,-0.4198212,0.2780412,1.081107
72057594037984832,0,1.651806,10744.93,-0.4230872,-0.1648622,1.122815,-0.429347,0.4630046,1.098454,-0.479384,0.2249099,1.024618,-0.4861829,0.006343693,1.025917,-0.3309121,-0.1417922,1.066946,-0.3086977,-0.2028958,1.073187,-0.3338053,0.2276286,1.087294,-0.4427888,0.1117829,0.9559118,-0.4241826,-0.05378783,1.030916,-0.3835567,-0.04782709,1.053908,-0.4658917,-0.1544522,1.085694,-0.5167895,-0.3831342,1.166139,-0.4145988,-0.1501014,1.20784,-0.3635793,-0.1530961,1.110698,-0.1942907,-0.3628225,1.102987,-0.3664772,-0.1856302,1.026285,-0.4198212,0.2780412,1.081107
72057594037984832,0,1.651806,10744.94,-0.4230872,-0.1648622,1.122815,-0.429347,0.4630046,1.098454,-0.479384,0.2249099,1.024618,-0.4861829,0.006343693,1.025917,-0.3309121,-0.1417922,1.066946,-0.3086977,-0.2028958,1.073187,-0.3338053,0.2276286,1.087294,-0.4427888,0.1117829,0.9559118,-0.4241826,-0.05378783,1.030916,-0.3835567,-0.04782709,1.053908,-0.4658917,-0.1544522,1.085694,-0.5167895,-0.3831342,1.166139,-0.4145988,-0.1501014,1.20784,-0.3635793,-0.1530961,1.110698,-0.1942907,-0.3628225,1.102987,-0.3664772,-0.1856302,1.026285,-0.4198212,0.2780412,1.081107
72057594037984832,0,1.651806,10744.94,-0.4230872,-0.1648622,1.122815,-0.429347,0.4630046,1.098454,-0.479384,0.2249099,1.024618,-0.4861829,0.006343693,1.025917,-0.3309121,-0.1417922,1.066946,-0.3086977,-0.2028958,1.073187,-0.3338053,0.2276286,1.087294,-0.4427888,0.1117829,0.9559118,-0.4241826,-0.05378783,1.030916,-0.3835567,-0.04782709,1.053908,-0.4658917,-0.1544522,1.085694,-0.5167895,-0.3831342,1.166139,-0.4145988,-0.1501014,1.20784,-0.3635793,-0.1530961,1.110698,-0.1942907,-0.3628225,1.102987,-0.3664772,-0.1856302,1.026285,-0.4198212,0.2780412,1.081107
72057594037984832,0,1.651806,10744.94,-0.4230872,-0.1648622,1.122815,-0.429347,0.4630046,1.098454,-0.479384,0.2249099,1.024618,-0.4861829,0.006343693,1.025917,-0.3309121,-0.1417922,1.066946,-0.3086977,-0.2028958,1.073187,-0.3338053,0.2276286,1.087294,-0.4427888,0.1117829,0.9559118,-0.4241826,-0.05378783,1.030916,-0.3835567,-0.04782709,1.053908,-0.4658917,-0.1544522,1.085694,-0.5167895,-0.3831342,1.166139,-0.4145988,-0.1501014,1.20784,-0.3635793,-0.1530961,1.110698,-0.1942907,-0.3628225,1.102987,-0.3664772,-0.1856302,1.026285,-0.4198212,0.2780412,1.081107
72057594037984832,0,1.651806,10744.94,-0.4230872,-0.1648622,1.122815,-0.429347,0.4630046,1.098454,-0.479384,0.2249099,1.024618,-0.4861829,0.006343693,1.025917,-0.3309121,-0.1417922,1.066946,-0.3086977,-0.2028958,1.073187,-0.3338053,0.2276286,1.087294,-0.4427888,0.1117829,0.9559118,-0.4241826,-0.05378783,1.030916,-0.3835567,-0.04782709,1.053908,-0.4658917,-0.1544522,1.085694,-0.5167895,-0.3831342,1.166139,-0.4145988,-0.1501014,1.20784,-0.3635793,-0.1530961,1.110698,-0.1942907,-0.3628225,1.102987,-0.3664772,-0.1856302,1.026285,-0.4198212,0.2780412,1.081107
72057594037984832,0,1.651806,10744.95,-0.4230872,-0.1648622,1.122815,-0.429347,0.4630046,1.098454,-0.479384,0.2249099,1.024618,-0.4861829,0.006343693,1.025917,-0.3309121,-0.1417922,1.066946,-0.3086977,-0.2028958,1.073187,-0.3338053,0.2276286,1.087294,-0.4427888,0.1117829,0.9559118,-0.4241826,-0.05378783,1.030916,-0.3835567,-0.04782709,1.053908,-0.4658917,-0.1544522,1.085694,-0.5167895,-0.3831342,1.166139,-0.4145988,-0.1501014,1.20784,-0.3635793,-0.1530961,1.110698,-0.1942907,-0.3628225,1.102987,-0.3664772,-0.1856302,1.026285,-0.4198212,0.2780412,1.081107
72057594037984832,0,1.651806,10744.95,-0.4230872,-0.1648622,1.122815,-0.429347,0.4630046,1.098454,-0.479384,0.2249099,1.024618,-0.4861829,0.006343693,1.025917,-0.3309121,-0.1417922,1.066946,-0.3086977,-0.2028958,1.073187,-0.3338053,0.2276286,1.087294,-0.4427888,0.1117829,0.9559118,-0.4241826,-0.05378783,1.030916,-0.3835567,-0.04782709,1.053908,-0.4658917,-0.1544522,1.085694,-0.5167895,-0.3831342,1.166139,-0.4145988,-0.1501014,1.20784,-0.3635793,-0.1530961,1.110698,-0.1942907,-0.3628225,1.102987,-0.3664772,-0.1856302,1.026285,-0.4198212,0.2780412,1.081107
72057594037984832,0,1.651806,10744.95,-0.4230872,-0.1648622,1.122815,-0.429347,0.4630046,1.098454,-0.479384,0.2249099,1.024618,-0.4861829,0.006343693,1.025917,-0.3309121,-0.1417922,1.066946,-0.3086977,-0.2028958,1.073187,-0.3338053,0.2276286,1.087294,-0.4427888,0.1117829,0.9559118,-0.4241826,-0.05378783,1.030916,-0.3835567,-0.04782709,1.053908,-0.4658917,-0.1544522,1.085694,-0.5167895,-0.3831342,1.166139,-0.4145988,-0.1501014,1.20784,-0.3635793,-0.1530961,1.110698,-0.1942907,-0.3628225,1.102987,-0.3664772,-0.1856302,1.026285,-0.4198212,0.2780412,1.081107
72057594037984832,0,1.651806,10744.95,-0.4230872,-0.1648622,1.122815,-0.429347,0.4630046,1.098454,-0.479384,0.2249099,1.024618,-0.4861829,0.006343693,1.025917,-0.3309121,-0.1417922,1.066946,-0.3086977,-0.2028958,1.073187,-0.3338053,0.2276286,1.087294,-0.4427888,0.1117829,0.9559118,-0.4241826,-0.05378783,1.030916,-0.3835567,-0.04782709,1.053908,-0.4658917,-0.1544522,1.085694,-0.5167895,-0.3831342,1.166139,-0.4145988,-0.1501014,1.20784,-0.3635793,-0.1530961,1.110698,-0.1942907,-0.3628225,1.102987,-0.3664772,-0.1856302,1.026285,-0.4198212,0.2780412,1.081107
72057594037984832,0,1.635665,10744.96,-0.3977484,-0.1580287,1.130626,-0.4355923,0.4660601,1.104752,-0.4836916,0.2287465,1.028686,-0.4817258,0.01223627,1.028701,-0.3301962,-0.1423397,1.067686,-0.3094187,-0.2044861,1.079018,-0.3419269,0.2354728,1.089501,-0.4300404,0.1126201,0.9660994,-0.4735106,-0.09234565,1.016134,-0.4704712,-0.1383539,1.033891,-0.4435967,-0.1500168,1.090369,-0.5304754,-0.3725914,1.159707,-0.4303919,-0.1351509,1.191993,-0.3353086,-0.1437827,1.121569,-0.2328979,-0.3903657,1.097348,-0.4635701,-0.01983669,1.025016,-0.4242544,0.280076,1.084477
72057594037984832,0,1.635665,10744.96,-0.3977484,-0.1580287,1.130626,-0.4355923,0.4660601,1.104752,-0.4836916,0.2287465,1.028686,-0.4817258,0.01223627,1.028701,-0.3301962,-0.1423397,1.067686,-0.3094187,-0.2044861,1.079018,-0.3419269,0.2354728,1.089501,-0.4300404,0.1126201,0.9660994,-0.4735106,-0.09234565,1.016134,-0.4704712,-0.1383539,1.033891,-0.4435967,-0.1500168,1.090369,-0.5304754,-0.3725914,1.159707,-0.4303919,-0.1351509,1.191993,-0.3353086,-0.1437827,1.121569,-0.2328979,-0.3903657,1.097348,-0.4635701,-0.01983669,1.025016,-0.4242544,0.280076,1.084477
72057594037984832,0,1.635665,10744.97,-0.3977484,-0.1580287,1.130626,-0.4355923,0.4660601,1.104752,-0.4836916,0.2287465,1.028686,-0.4817258,0.01223627,1.028701,-0.3301962,-0.1423397,1.067686,-0.3094187,-0.2044861,1.079018,-0.3419269,0.2354728,1.089501,-0.4300404,0.1126201,0.9660994,-0.4735106,-0.09234565,1.016134,-0.4704712,-0.1383539,1.033891,-0.4435967,-0.1500168,1.090369,-0.5304754,-0.3725914,1.159707,-0.4303919,-0.1351509,1.191993,-0.3353086,-0.1437827,1.121569,-0.2328979,-0.3903657,1.097348,-0.4635701,-0.01983669,1.025016,-0.4242544,0.280076,1.084477
72057594037984832,0,1.635665,10744.97,-0.3977484,-0.1580287,1.130626,-0.4355923,0.4660601,1.104752,-0.4836916,0.2287465,1.028686,-0.4817258,0.01223627,1.028701,-0.3301962,-0.1423397,1.067686,-0.3094187,-0.2044861,1.079018,-0.3419269,0.2354728,1.089501,-0.4300404,0.1126201,0.9660994,-0.4735106,-0.09234565,1.016134,-0.4704712,-0.1383539,1.033891,-0.4435967,-0.1500168,1.090369,-0.5304754,-0.3725914,1.159707,-0.4303919,-0.1351509,1.191993,-0.3353086,-0.1437827,1.121569,-0.2328979,-0.3903657,1.097348,-0.4635701,-0.01983669,1.025016,-0.4242544,0.280076,1.084477
72057594037984832,0,1.635665,10744.97,-0.3977484,-0.1580287,1.130626,-0.4355923,0.4660601,1.104752,-0.4836916,0.2287465,1.028686,-0.4817258,0.01223627,1.028701,-0.3301962,-0.1423397,1.067686,-0.3094187,-0.2044861,1.079018,-0.3419269,0.2354728,1.089501,-0.4300404,0.1126201,0.9660994,-0.4735106,-0.09234565,1.016134,-0.4704712,-0.1383539,1.033891,-0.4435967,-0.1500168,1.090369,-0.5304754,-0.3725914,1.159707,-0.4303919,-0.1351509,1.191993,-0.3353086,-0.1437827,1.121569,-0.2328979,-0.3903657,1.097348,-0.4635701,-0.01983669,1.025016,-0.4242544,0.280076,1.084477
72057594037984832,0,1.635665,10744.98,-0.3977484,-0.1580287,1.130626,-0.4355923,0.4660601,1.104752,-0.4836916,0.2287465,1.028686,-0.4817258,0.01223627,1.028701,-0.3301962,-0.1423397,1.067686,-0.3094187,-0.2044861,1.079018,-0.3419269,0.2354728,1.089501,-0.4300404,0.1126201,0.9660994,-0.4735106,-0.09234565,1.016134,-0.4704712,-0.1383539,1.033891,-0.4435967,-0.1500168,1.090369,-0.5304754,-0.3725914,1.159707,-0.4303919,-0.1351509,1.191993,-0.3353086,-0.1437827,1.121569,-0.2328979,-0.3903657,1.097348,-0.4635701,-0.01983669,1.025016,-0.4242544,0.280076,1.084477
72057594037984832,0,1.635665,10744.99,-0.3977484,-0.1580287,1.130626,-0.4355923,0.4660601,1.104752,-0.4836916,0.2287465,1.028686,-0.4817258,0.01223627,1.028701,-0.3301962,-0.1423397,1.067686,-0.3094187,-0.2044861,1.079018,-0.3419269,0.2354728,1.089501,-0.4300404,0.1126201,0.9660994,-0.4735106,-0.09234565,1.016134,-0.4704712,-0.1383539,1.033891,-0.4435967,-0.1500168,1.090369,-0.5304754,-0.3725914,1.159707,-0.4303919,-0.1351509,1.191993,-0.3353086,-0.1437827,1.121569,-0.2328979,-0.3903657,1.097348,-0.4635701,-0.01983669,1.025016,-0.4242544,0.280076,1.084477
72057594037984832,0,1.622434,10744.99,-0.3899564,-0.1417001,1.132122,-0.4353389,0.4585869,1.107875,-0.4855789,0.2288577,1.031347,-0.4830835,0.01447013,1.029116,-0.2873614,-0.06693029,1.08538,-0.3083131,-0.1164841,1.06897,-0.3264974,0.2496079,1.096925,-0.1989833,0.3133658,0.9163193,-0.2509961,0.2752014,1.07305,-0.2798657,0.2621075,1.083203,-0.4397354,-0.14019,1.091422,-0.5280176,-0.3637343,1.156135,-0.4251679,-0.03693026,1.097306,-0.3231398,-0.1207135,1.122914,-0.2804276,-0.3810869,1.103705,-0.5003457,-0.2716874,1.029462,-0.4243757,0.2766158,1.086068
72057594037984832,0,1.622434,10744.99,-0.3899564,-0.1417001,1.132122,-0.4353389,0.4585869,1.107875,-0.4855789,0.2288577,1.031347,-0.4830835,0.01447013,1.029116,-0.2873614,-0.06693029,1.08538,-0.3083131,-0.1164841,1.06897,-0.3264974,0.2496079,1.096925,-0.1989833,0.3133658,0.9163193,-0.2509961,0.2752014,1.07305,-0.2798657,0.2621075,1.083203,-0.4397354,-0.14019,1.091422,-0.5280176,-0.3637343,1.156135,-0.4251679,-0.03693026,1.097306,-0.3231398,-0.1207135,1.122914,-0.2804276,-0.3810869,1.103705,-0.5003457,-0.2716874,1.029462,-0.4243757,0.2766158,1.086068
72057594037984832,0,1.622434,10744.99,-0.3899564,-0.1417001,1.132122,-0.4353389,0.4585869,1.107875,-0.4855789,0.2288577,1.031347,-0.4830835,0.01447013,1.029116,-0.2873614,-0.06693029,1.08538,-0.3083131,-0.1164841,1.06897,-0.3264974,0.2496079,1.096925,-0.1989833,0.3133658,0.9163193,-0.2509961,0.2752014,1.07305,-0.2798657,0.2621075,1.083203,-0.4397354,-0.14019,1.091422,-0.5280176,-0.3637343,1.156135,-0.4251679,-0.03693026,1.097306,-0.3231398,-0.1207135,1.122914,-0.2804276,-0.3810869,1.103705,-0.5003457,-0.2716874,1.029462,-0.4243757,0.2766158,1.086068
72057594037984832,0,1.622434,10745,-0.3899564,-0.1417001,1.132122,-0.4353389,0.4585869,1.107875,-0.4855789,0.2288577,1.031347,-0.4830835,0.01447013,1.029116,-0.2873614,-0.06693029,1.08538,-0.3083131,-0.1164841,1.06897,-0.3264974,0.2496079,1.096925,-0.1989833,0.3133658,0.9163193,-0.2509961,0.2752014,1.07305,-0.2798657,0.2621075,1.083203,-0.4397354,-0.14019,1.091422,-0.5280176,-0.3637343,1.156135,-0.4251679,-0.03693026,1.097306,-0.3231398,-0.1207135,1.122914,-0.2804276,-0.3810869,1.103705,-0.5003457,-0.2716874,1.029462,-0.4243757,0.2766158,1.086068
72057594037984832,0,1.622434,10745,-0.3899564,-0.1417001,1.132122,-0.4353389,0.4585869,1.107875,-0.4855789,0.2288577,1.031347,-0.4830835,0.01447013,1.029116,-0.2873614,-0.06693029,1.08538,-0.3083131,-0.1164841,1.06897,-0.3264974,0.2496079,1.096925,-0.1989833,0.3133658,0.9163193,-0.2509961,0.2752014,1.07305,-0.2798657,0.2621075,1.083203,-0.4397354,-0.14019,1.091422,-0.5280176,-0.3637343,1.156135,-0.4251679,-0.03693026,1.097306,-0.3231398,-0.1207135,1.122914,-0.2804276,-0.3810869,1.103705,-0.5003457,-0.2716874,1.029462,-0.4243757,0.2766158,1.086068
72057594037984832,0,1.622434,10745,-0.3899564,-0.1417001,1.132122,-0.4353389,0.4585869,1.107875,-0.4855789,0.2288577,1.031347,-0.4830835,0.01447013,1.029116,-0.2873614,-0.06693029,1.08538,-0.3083131,-0.1164841,1.06897,-0.3264974,0.2496079,1.096925,-0.1989833,0.3133658,0.9163193,-0.2509961,0.2752014,1.07305,-0.2798657,0.2621075,1.083203,-0.4397354,-0.14019,1.091422,-0.5280176,-0.3637343,1.156135,-0.4251679,-0.03693026,1.097306,-0.3231398,-0.1207135,1.122914,-0.2804276,-0.3810869,1.103705,-0.5003457,-0.2716874,1.029462,-0.4243757,0.2766158,1.086068
72057594037984832,0,1.622434,10745,-0.3899564,-0.1417001,1.132122,-0.4353389,0.4585869,1.107875,-0.4855789,0.2288577,1.031347,-0.4830835,0.01447013,1.029116,-0.2873614,-0.06693029,1.08538,-0.3083131,-0.1164841,1.06897,-0.3264974,0.2496079,1.096925,-0.1989833,0.3133658,0.9163193,-0.2509961,0.2752014,1.07305,-0.2798657,0.2621075,1.083203,-0.4397354,-0.14019,1.091422,-0.5280176,-0.3637343,1.156135,-0.4251679,-0.03693026,1.097306,-0.3231398,-0.1207135,1.122914,-0.2804276,-0.3810869,1.103705,-0.5003457,-0.2716874,1.029462,-0.4243757,0.2766158,1.086068
72057594037984832,0,1.622434,10745,-0.3899564,-0.1417001,1.132122,-0.4353389,0.4585869,1.107875,-0.4855789,0.2288577,1.031347,-0.4830835,0.01447013,1.029116,-0.2873614,-0.06693029,1.08538,-0.3083131,-0.1164841,1.06897,-0.3264974,0.2496079,1.096925,-0.1989833,0.3133658,0.9163193,-0.2509961,0.2752014,1.07305,-0.2798657,0.2621075,1.083203,-0.4397354,-0.14019,1.091422,-0.5280176,-0.3637343,1.156135,-0.4251679,-0.03693026,1.097306,-0.3231398,-0.1207135,1.122914,-0.2804276,-0.3810869,1.103705,-0.5003457,-0.2716874,1.029462,-0.4243757,0.2766158,1.086068
72057594037984832,0,1.622434,10745.01,-0.3899564,-0.1417001,1.132122,-0.4353389,0.4585869,1.107875,-0.4855789,0.2288577,1.031347,-0.4830835,0.01447013,1.029116,-0.2873614,-0.06693029,1.08538,-0.3083131,-0.1164841,1.06897,-0.3264974,0.2496079,1.096925,-0.1989833,0.3133658,0.9163193,-0.2509961,0.2752014,1.07305,-0.2798657,0.2621075,1.083203,-0.4397354,-0.14019,1.091422,-0.5280176,-0.3637343,1.156135,-0.4251679,-0.03693026,1.097306,-0.3231398,-0.1207135,1.122914,-0.2804276,-0.3810869,1.103705,-0.5003457,-0.2716874,1.029462,-0.4243757,0.2766158,1.086068
72057594037984832,0,1.622434,10745.01,-0.3899564,-0.1417001,1.132122,-0.4353389,0.4585869,1.107875,-0.4855789,0.2288577,1.031347,-0.4830835,0.01447013,1.029116,-0.2873614,-0.06693029,1.08538,-0.3083131,-0.1164841,1.06897,-0.3264974,0.2496079,1.096925,-0.1989833,0.3133658,0.9163193,-0.2509961,0.2752014,1.07305,-0.2798657,0.2621075,1.083203,-0.4397354,-0.14019,1.091422,-0.5280176,-0.3637343,1.156135,-0.4251679,-0.03693026,1.097306,-0.3231398,-0.1207135,1.122914,-0.2804276,-0.3810869,1.103705,-0.5003457,-0.2716874,1.029462,-0.4243757,0.2766158,1.086068
72057594037984832,0,1.622434,10745.01,-0.3899564,-0.1417001,1.132122,-0.4353389,0.4585869,1.107875,-0.4855789,0.2288577,1.031347,-0.4830835,0.01447013,1.029116,-0.2873614,-0.06693029,1.08538,-0.3083131,-0.1164841,1.06897,-0.3264974,0.2496079,1.096925,-0.1989833,0.3133658,0.9163193,-0.2509961,0.2752014,1.07305,-0.2798657,0.2621075,1.083203,-0.4397354,-0.14019,1.091422,-0.5280176,-0.3637343,1.156135,-0.4251679,-0.03693026,1.097306,-0.3231398,-0.1207135,1.122914,-0.2804276,-0.3810869,1.103705,-0.5003457,-0.2716874,1.029462,-0.4243757,0.2766158,1.086068
72057594037984832,0,1.622434,10745.01,-0.3899564,-0.1417001,1.132122,-0.4353389,0.4585869,1.107875,-0.4855789,0.2288577,1.031347,-0.4830835,0.01447013,1.029116,-0.2873614,-0.06693029,1.08538,-0.3083131,-0.1164841,1.06897,-0.3264974,0.2496079,1.096925,-0.1989833,0.3133658,0.9163193,-0.2509961,0.2752014,1.07305,-0.2798657,0.2621075,1.083203,-0.4397354,-0.14019,1.091422,-0.5280176,-0.3637343,1.156135,-0.4251679,-0.03693026,1.097306,-0.3231398,-0.1207135,1.122914,-0.2804276,-0.3810869,1.103705,-0.5003457,-0.2716874,1.029462,-0.4243757,0.2766158,1.086068
72057594037984832,0,1.622434,10745.02,-0.3899564,-0.1417001,1.132122,-0.4353389,0.4585869,1.107875,-0.4855789,0.2288577,1.031347,-0.4830835,0.01447013,1.029116,-0.2873614,-0.06693029,1.08538,-0.3083131,-0.1164841,1.06897,-0.3264974,0.2496079,1.096925,-0.1989833,0.3133658,0.9163193,-0.2509961,0.2752014,1.07305,-0.2798657,0.2621075,1.083203,-0.4397354,-0.14019,1.091422,-0.5280176,-0.3637343,1.156135,-0.4251679,-0.03693026,1.097306,-0.3231398,-0.1207135,1.122914,-0.2804276,-0.3810869,1.103705,-0.5003457,-0.2716874,1.029462,-0.4243757,0.2766158,1.086068
72057594037984832,0,1.553019,10745.03,-0.409698,0.0189431,1.104644,-0.4338414,0.4604363,1.094143,-0.5049142,0.2786413,1.032611,-0.4195336,0.1447953,0.9715956,-0.3831134,0.2991781,0.9151109,-0.339842,0.3253958,0.8891106,-0.3200946,0.2513739,1.090675,-0.2269579,0.2966474,0.9517989,-0.277295,0.3305908,0.8405783,-0.2995723,0.3247654,0.8664322,-0.4545289,0.03170833,1.068943,-0.4794053,-0.2055079,1.104799,-0.3786795,-0.01877984,1.098076,-0.3513086,0.01812744,1.100477,-0.330967,-0.1619725,1.088111,-0.5197226,-0.09174794,1.124407,-0.4261177,0.3446201,1.084494
72057594037984832,0,1.553019,10745.03,-0.409698,0.0189431,1.104644,-0.4338414,0.4604363,1.094143,-0.5049142,0.2786413,1.032611,-0.4195336,0.1447953,0.9715956,-0.3831134,0.2991781,0.9151109,-0.339842,0.3253958,0.8891106,-0.3200946,0.2513739,1.090675,-0.2269579,0.2966474,0.9517989,-0.277295,0.3305908,0.8405783,-0.2995723,0.3247654,0.8664322,-0.4545289,0.03170833,1.068943,-0.4794053,-0.2055079,1.104799,-0.3786795,-0.01877984,1.098076,-0.3513086,0.01812744,1.100477,-0.330967,-0.1619725,1.088111,-0.5197226,-0.09174794,1.124407,-0.4261177,0.3446201,1.084494
72057594037984832,0,1.553019,10745.03,-0.409698,0.0189431,1.104644,-0.4338414,0.4604363,1.094143,-0.5049142,0.2786413,1.032611,-0.4195336,0.1447953,0.9715956,-0.3831134,0.2991781,0.9151109,-0.339842,0.3253958,0.8891106,-0.3200946,0.2513739,1.090675,-0.2269579,0.2966474,0.9517989,-0.277295,0.3305908,0.8405783,-0.2995723,0.3247654,0.8664322,-0.4545289,0.03170833,1.068943,-0.4794053,-0.2055079,1.104799,-0.3786795,-0.01877984,1.098076,-0.3513086,0.01812744,1.100477,-0.330967,-0.1619725,1.088111,-0.5197226,-0.09174794,1.124407,-0.4261177,0.3446201,1.084494
72057594037984832,0,1.553019,10745.03,-0.409698,0.0189431,1.104644,-0.4338414,0.4604363,1.094143,-0.5049142,0.2786413,1.032611,-0.4195336,0.1447953,0.9715956,-0.3831134,0.2991781,0.9151109,-0.339842,0.3253958,0.8891106,-0.3200946,0.2513739,1.090675,-0.2269579,0.2966474,0.9517989,-0.277295,0.3305908,0.8405783,-0.2995723,0.3247654,0.8664322,-0.4545289,0.03170833,1.068943,-0.4794053,-0.2055079,1.104799,-0.3786795,-0.01877984,1.098076,-0.3513086,0.01812744,1.100477,-0.330967,-0.1619725,1.088111,-0.5197226,-0.09174794,1.124407,-0.4261177,0.3446201,1.084494
72057594037984832,0,1.553019,10745.03,-0.409698,0.0189431,1.104644,-0.4338414,0.4604363,1.094143,-0.5049142,0.2786413,1.032611,-0.4195336,0.1447953,0.9715956,-0.3831134,0.2991781,0.9151109,-0.339842,0.3253958,0.8891106,-0.3200946,0.2513739,1.090675,-0.2269579,0.2966474,0.9517989,-0.277295,0.3305908,0.8405783,-0.2995723,0.3247654,0.8664322,-0.4545289,0.03170833,1.068943,-0.4794053,-0.2055079,1.104799,-0.3786795,-0.01877984,1.098076,-0.3513086,0.01812744,1.100477,-0.330967,-0.1619725,1.088111,-0.5197226,-0.09174794,1.124407,-0.4261177,0.3446201,1.084494
72057594037984832,0,1.553019,10745.04,-0.409698,0.0189431,1.104644,-0.4338414,0.4604363,1.094143,-0.5049142,0.2786413,1.032611,-0.4195336,0.1447953,0.9715956,-0.3831134,0.2991781,0.9151109,-0.339842,0.3253958,0.8891106,-0.3200946,0.2513739,1.090675,-0.2269579,0.2966474,0.9517989,-0.277295,0.3305908,0.8405783,-0.2995723,0.3247654,0.8664322,-0.4545289,0.03170833,1.068943,-0.4794053,-0.2055079,1.104799,-0.3786795,-0.01877984,1.098076,-0.3513086,0.01812744,1.100477,-0.330967,-0.1619725,1.088111,-0.5197226,-0.09174794,1.124407,-0.4261177,0.3446201,1.084494
72057594037984832,0,1.553019,10745.04,-0.409698,0.0189431,1.104644,-0.4338414,0.4604363,1.094143,-0.5049142,0.2786413,1.032611,-0.4195336,0.1447953,0.9715956,-0.3831134,0.2991781,0.9151109,-0.339842,0.3253958,0.8891106,-0.3200946,0.2513739,1.090675,-0.2269579,0.2966474,0.9517989,-0.277295,0.3305908,0.8405783,-0.2995723,0.3247654,0.8664322,-0.4545289,0.03170833,1.068943,-0.4794053,-0.2055079,1.104799,-0.3786795,-0.01877984,1.098076,-0.3513086,0.01812744,1.100477,-0.330967,-0.1619725,1.088111,-0.5197226,-0.09174794,1.124407,-0.4261177,0.3446201,1.084494
72057594037984832,0,1.553019,10745.04,-0.409698,0.0189431,1.104644,-0.4338414,0.4604363,1.094143,-0.5049142,0.2786413,1.032611,-0.4195336,0.1447953,0.9715956,-0.3831134,0.2991781,0.9151109,-0.339842,0.3253958,0.8891106,-0.3200946,0.2513739,1.090675,-0.2269579,0.2966474,0.9517989,-0.277295,0.3305908,0.8405783,-0.2995723,0.3247654,0.8664322,-0.4545289,0.03170833,1.068943,-0.4794053,-0.2055079,1.104799,-0.3786795,-0.01877984,1.098076,-0.3513086,0.01812744,1.100477,-0.330967,-0.1619725,1.088111,-0.5197226,-0.09174794,1.124407,-0.4261177,0.3446201,1.084494
72057594037984832,0,1.553019,10745.04,-0.409698,0.0189431,1.104644,-0.4338414,0.4604363,1.094143,-0.5049142,0.2786413,1.032611,-0.4195336,0.1447953,0.9715956,-0.3831134,0.2991781,0.9151109,-0.339842,0.3253958,0.8891106,-0.3200946,0.2513739,1.090675,-0.2269579,0.2966474,0.9517989,-0.277295,0.3305908,0.8405783,-0.2995723,0.3247654,0.8664322,-0.4545289,0.03170833,1.068943,-0.4794053,-0.2055079,1.104799,-0.3786795,-0.01877984,1.098076,-0.3513086,0.01812744,1.100477,-0.330967,-0.1619725,1.088111,-0.5197226,-0.09174794,1.124407,-0.4261177,0.3446201,1.084494
72057594037984832,0,1.553019,10745.05,-0.409698,0.0189431,1.104644,-0.4338414,0.4604363,1.094143,-0.5049142,0.2786413,1.032611,-0.4195336,0.1447953,0.9715956,-0.3831134,0.2991781,0.9151109,-0.339842,0.3253958,0.8891106,-0.3200946,0.2513739,1.090675,-0.2269579,0.2966474,0.9517989,-0.277295,0.3305908,0.8405783,-0.2995723,0.3247654,0.8664322,-0.4545289,0.03170833,1.068943,-0.4794053,-0.2055079,1.104799,-0.3786795,-0.01877984,1.098076,-0.3513086,0.01812744,1.100477,-0.330967,-0.1619725,1.088111,-0.5197226,-0.09174794,1.124407,-0.4261177,0.3446201,1.084494
72057594037984832,0,1.553019,10745.05,-0.409698,0.0189431,1.104644,-0.4338414,0.4604363,1.094143,-0.5049142,0.2786413,1.032611,-0.4195336,0.1447953,0.9715956,-0.3831134,0.2991781,0.9151109,-0.339842,0.3253958,0.8891106,-0.3200946,0.2513739,1.090675,-0.2269579,0.2966474,0.9517989,-0.277295,0.3305908,0.8405783,-0.2995723,0.3247654,0.8664322,-0.4545289,0.03170833,1.068943,-0.4794053,-0.2055079,1.104799,-0.3786795,-0.01877984,1.098076,-0.3513086,0.01812744,1.100477,-0.330967,-0.1619725,1.088111,-0.5197226,-0.09174794,1.124407,-0.4261177,0.3446201,1.084494
72057594037984832,0,1.553019,10745.05,-0.409698,0.0189431,1.104644,-0.4338414,0.4604363,1.094143,-0.5049142,0.2786413,1.032611,-0.4195336,0.1447953,0.9715956,-0.3831134,0.2991781,0.9151109,-0.339842,0.3253958,0.8891106,-0.3200946,0.2513739,1.090675,-0.2269579,0.2966474,0.9517989,-0.277295,0.3305908,0.8405783,-0.2995723,0.3247654,0.8664322,-0.4545289,0.03170833,1.068943,-0.4794053,-0.2055079,1.104799,-0.3786795,-0.01877984,1.098076,-0.3513086,0.01812744,1.100477,-0.330967,-0.1619725,1.088111,-0.5197226,-0.09174794,1.124407,-0.4261177,0.3446201,1.084494
72057594037984832,0,1.553019,10745.05,-0.409698,0.0189431,1.104644,-0.4338414,0.4604363,1.094143,-0.5049142,0.2786413,1.032611,-0.4195336,0.1447953,0.9715956,-0.3831134,0.2991781,0.9151109,-0.339842,0.3253958,0.8891106,-0.3200946,0.2513739,1.090675,-0.2269579,0.2966474,0.9517989,-0.277295,0.3305908,0.8405783,-0.2995723,0.3247654,0.8664322,-0.4545289,0.03170833,1.068943,-0.4794053,-0.2055079,1.104799,-0.3786795,-0.01877984,1.098076,-0.3513086,0.01812744,1.100477,-0.330967,-0.1619725,1.088111,-0.5197226,-0.09174794,1.124407,-0.4261177,0.3446201,1.084494
72057594037984832,0,1.550278,10745.06,-0.4108697,0.01650381,1.110193,-0.3158347,0.4902081,1.075899,-0.5035031,0.2778216,1.032174,-0.4419426,0.1672213,0.9804298,-0.4154049,0.3036759,0.9149559,-0.3329173,0.3150572,0.8766091,-0.05063288,0.3560435,0.8781222,-0.155093,0.3225813,0.8488635,-0.2931929,0.3044611,0.8721421,-0.3358684,0.3116223,0.8776519,-0.4492971,0.02074751,1.075796,-0.4567318,-0.1149594,1.051324,-0.4799558,-0.2644058,1.1144,-0.3536736,0.01867959,1.104083,-0.3286087,-0.1889583,1.09154,-0.5285647,-0.1120888,1.129585,-0.2776091,0.3662426,1.050879
72057594037984832,0,1.550278,10745.06,-0.4108697,0.01650381,1.110193,-0.3158347,0.4902081,1.075899,-0.5035031,0.2778216,1.032174,-0.4419426,0.1672213,0.9804298,-0.4154049,0.3036759,0.9149559,-0.3329173,0.3150572,0.8766091,-0.05063288,0.3560435,0.8781222,-0.155093,0.3225813,0.8488635,-0.2931929,0.3044611,0.8721421,-0.3358684,0.3116223,0.8776519,-0.4492971,0.02074751,1.075796,-0.4567318,-0.1149594,1.051324,-0.4799558,-0.2644058,1.1144,-0.3536736,0.01867959,1.104083,-0.3286087,-0.1889583,1.09154,-0.5285647,-0.1120888,1.129585,-0.2776091,0.3662426,1.050879
72057594037984832,0,1.550278,10745.07,-0.4108697,0.01650381,1.110193,-0.3158347,0.4902081,1.075899,-0.5035031,0.2778216,1.032174,-0.4419426,0.1672213,0.9804298,-0.4154049,0.3036759,0.9149559,-0.3329173,0.3150572,0.8766091,-0.05063288,0.3560435,0.8781222,-0.155093,0.3225813,0.8488635,-0.2931929,0.3044611,0.8721421,-0.3358684,0.3116223,0.8776519,-0.4492971,0.02074751,1.075796,-0.4567318,-0.1149594,1.051324,-0.4799558,-0.2644058,1.1144,-0.3536736,0.01867959,1.104083,-0.3286087,-0.1889583,1.09154,-0.5285647,-0.1120888,1.129585,-0.2776091,0.3662426,1.050879
72057594037984832,0,1.550278,10745.07,-0.4108697,0.01650381,1.110193,-0.3158347,0.4902081,1.075899,-0.5035031,0.2778216,1.032174,-0.4419426,0.1672213,0.9804298,-0.4154049,0.3036759,0.9149559,-0.3329173,0.3150572,0.8766091,-0.05063288,0.3560435,0.8781222,-0.155093,0.3225813,0.8488635,-0.2931929,0.3044611,0.8721421,-0.3358684,0.3116223,0.8776519,-0.4492971,0.02074751,1.075796,-0.4567318,-0.1149594,1.051324,-0.4799558,-0.2644058,1.1144,-0.3536736,0.01867959,1.104083,-0.3286087,-0.1889583,1.09154,-0.5285647,-0.1120888,1.129585,-0.2776091,0.3662426,1.050879
72057594037984832,0,1.550278,10745.07,-0.4108697,0.01650381,1.110193,-0.3158347,0.4902081,1.075899,-0.5035031,0.2778216,1.032174,-0.4419426,0.1672213,0.9804298,-0.4154049,0.3036759,0.9149559,-0.3329173,0.3150572,0.8766091,-0.05063288,0.3560435,0.8781222,-0.155093,0.3225813,0.8488635,-0.2931929,0.3044611,0.8721421,-0.3358684,0.3116223,0.8776519,-0.4492971,0.02074751,1.075796,-0.4567318,-0.1149594,1.051324,-0.4799558,-0.2644058,1.1144,-0.3536736,0.01867959,1.104083,-0.3286087,-0.1889583,1.09154,-0.5285647,-0.1120888,1.129585,-0.2776091,0.3662426,1.050879
72057594037984832,0,1.550278,10745.07,-0.4108697,0.01650381,1.110193,-0.3158347,0.4902081,1.075899,-0.5035031,0.2778216,1.032174,-0.4419426,0.1672213,0.9804298,-0.4154049,0.3036759,0.9149559,-0.3329173,0.3150572,0.8766091,-0.05063288,0.3560435,0.8781222,-0.155093,0.3225813,0.8488635,-0.2931929,0.3044611,0.8721421,-0.3358684,0.3116223,0.8776519,-0.4492971,0.02074751,1.075796,-0.4567318,-0.1149594,1.051324,-0.4799558,-0.2644058,1.1144,-0.3536736,0.01867959,1.104083,-0.3286087,-0.1889583,1.09154,-0.5285647,-0.1120888,1.129585,-0.2776091,0.3662426,1.050879
72057594037984832,0,1.550278,10745.07,-0.4108697,0.01650381,1.110193,-0.3158347,0.4902081,1.075899,-0.5035031,0.2778216,1.032174,-0.4419426,0.1672213,0.9804298,-0.4154049,0.3036759,0.9149559,-0.3329173,0.3150572,0.8766091,-0.05063288,0.3560435,0.8781222,-0.155093,0.3225813,0.8488635,-0.2931929,0.3044611,0.8721421,-0.3358684,0.3116223,0.8776519,-0.4492971,0.02074751,1.075796,-0.4567318,-0.1149594,1.051324,-0.4799558,-0.2644058,1.1144,-0.3536736,0.01867959,1.104083,-0.3286087,-0.1889583,1.09154,-0.5285647,-0.1120888,1.129585,-0.2776091,0.3662426,1.050879
72057594037984832,0,1.550278,10745.08,-0.4108697,0.01650381,1.110193,-0.3158347,0.4902081,1.075899,-0.5035031,0.2778216,1.032174,-0.4419426,0.1672213,0.9804298,-0.4154049,0.3036759,0.9149559,-0.3329173,0.3150572,0.8766091,-0.05063288,0.3560435,0.8781222,-0.155093,0.3225813,0.8488635,-0.2931929,0.3044611,0.8721421,-0.3358684,0.3116223,0.8776519,-0.4492971,0.02074751,1.075796,-0.4567318,-0.1149594,1.051324,-0.4799558,-0.2644058,1.1144,-0.3536736,0.01867959,1.104083,-0.3286087,-0.1889583,1.09154,-0.5285647,-0.1120888,1.129585,-0.2776091,0.3662426,1.050879
72057594037984832,0,1.550278,10745.08,-0.4108697,0.01650381,1.110193,-0.3158347,0.4902081,1.075899,-0.5035031,0.2778216,1.032174,-0.4419426,0.1672213,0.9804298,-0.4154049,0.3036759,0.9149559,-0.3329173,0.3150572,0.8766091,-0.05063288,0.3560435,0.8781222,-0.155093,0.3225813,0.8488635,-0.2931929,0.3044611,0.8721421,-0.3358684,0.3116223,0.8776519,-0.4492971,0.02074751,1.075796,-0.4567318,-0.1149594,1.051324,-0.4799558,-0.2644058,1.1144,-0.3536736,0.01867959,1.104083,-0.3286087,-0.1889583,1.09154,-0.5285647,-0.1120888,1.129585,-0.2776091,0.3662426,1.050879
72057594037984832,0,1.550278,10745.08,-0.4108697,0.01650381,1.110193,-0.3158347,0.4902081,1.075899,-0.5035031,0.2778216,1.032174,-0.4419426,0.1672213,0.9804298,-0.4154049,0.3036759,0.9149559,-0.3329173,0.3150572,0.8766091,-0.05063288,0.3560435,0.8781222,-0.155093,0.3225813,0.8488635,-0.2931929,0.3044611,0.8721421,-0.3358684,0.3116223,0.8776519,-0.4492971,0.02074751,1.075796,-0.4567318,-0.1149594,1.051324,-0.4799558,-0.2644058,1.1144,-0.3536736,0.01867959,1.104083,-0.3286087,-0.1889583,1.09154,-0.5285647,-0.1120888,1.129585,-0.2776091,0.3662426,1.050879
72057594037984832,0,1.550278,10745.08,-0.4108697,0.01650381,1.110193,-0.3158347,0.4902081,1.075899,-0.5035031,0.2778216,1.032174,-0.4419426,0.1672213,0.9804298,-0.4154049,0.3036759,0.9149559,-0.3329173,0.3150572,0.8766091,-0.05063288,0.3560435,0.8781222,-0.155093,0.3225813,0.8488635,-0.2931929,0.3044611,0.8721421,-0.3358684,0.3116223,0.8776519,-0.4492971,0.02074751,1.075796,-0.4567318,-0.1149594,1.051324,-0.4799558,-0.2644058,1.1144,-0.3536736,0.01867959,1.104083,-0.3286087,-0.1889583,1.09154,-0.5285647,-0.1120888,1.129585,-0.2776091,0.3662426,1.050879
72057594037984832,0,1.550278,10745.09,-0.4108697,0.01650381,1.110193,-0.3158347,0.4902081,1.075899,-0.5035031,0.2778216,1.032174,-0.4419426,0.1672213,0.9804298,-0.4154049,0.3036759,0.9149559,-0.3329173,0.3150572,0.8766091,-0.05063288,0.3560435,0.8781222,-0.155093,0.3225813,0.8488635,-0.2931929,0.3044611,0.8721421,-0.3358684,0.3116223,0.8776519,-0.4492971,0.02074751,1.075796,-0.4567318,-0.1149594,1.051324,-0.4799558,-0.2644058,1.1144,-0.3536736,0.01867959,1.104083,-0.3286087,-0.1889583,1.09154,-0.5285647,-0.1120888,1.129585,-0.2776091,0.3662426,1.050879
72057594037984832,0,1.549447,10745.09,-0.4100272,0.01251754,1.113793,-0.3283044,0.4906735,1.075732,-0.5040932,0.2777261,1.033484,-0.3952172,0.1780287,0.9729224,-0.3379218,0.2605875,0.9022933,-0.3033722,0.3146562,0.8670729,-0.1021322,0.3610204,0.8725674,-0.2521568,0.3196174,0.8636217,-0.3982762,0.2915802,0.9038403,-0.4528758,0.2937494,0.9402338,-0.4437429,0.004773468,1.047993,-0.4560302,-0.1144643,1.050984,-0.4801948,-0.2638545,1.115051,-0.3551736,0.01965842,1.146168,-0.3277102,-0.1924917,1.07018,-0.5062953,-0.05737469,1.082835,-0.2812381,0.3659378,1.051499
72057594037984832,0,1.549447,10745.09,-0.4100272,0.01251754,1.113793,-0.3283044,0.4906735,1.075732,-0.5040932,0.2777261,1.033484,-0.3952172,0.1780287,0.9729224,-0.3379218,0.2605875,0.9022933,-0.3033722,0.3146562,0.8670729,-0.1021322,0.3610204,0.8725674,-0.2521568,0.3196174,0.8636217,-0.3982762,0.2915802,0.9038403,-0.4528758,0.2937494,0.9402338,-0.4437429,0.004773468,1.047993,-0.4560302,-0.1144643,1.050984,-0.4801948,-0.2638545,1.115051,-0.3551736,0.01965842,1.146168,-0.3277102,-0.1924917,1.07018,-0.5062953,-0.05737469,1.082835,-0.2812381,0.3659378,1.051499
72057594037984832,0,1.549447,10745.1,-0.4100272,0.01251754,1.113793,-0.3283044,0.4906735,1.075732,-0.5040932,0.2777261,1.033484,-0.3952172,0.1780287,0.9729224,-0.3379218,0.2605875,0.9022933,-0.3033722,0.3146562,0.8670729,-0.1021322,0.3610204,0.8725674,-0.2521568,0.3196174,0.8636217,-0.3982762,0.2915802,0.9038403,-0.4528758,0.2937494,0.9402338,-0.4437429,0.004773468,1.047993,-0.4560302,-0.1144643,1.050984,-0.4801948,-0.2638545,1.115051,-0.3551736,0.01965842,1.146168,-0.3277102,-0.1924917,1.07018,-0.5062953,-0.05737469,1.082835,-0.2812381,0.3659378,1.051499
72057594037984832,0,1.549447,10745.1,-0.4100272,0.01251754,1.113793,-0.3283044,0.4906735,1.075732,-0.5040932,0.2777261,1.033484,-0.3952172,0.1780287,0.9729224,-0.3379218,0.2605875,0.9022933,-0.3033722,0.3146562,0.8670729,-0.1021322,0.3610204,0.8725674,-0.2521568,0.3196174,0.8636217,-0.3982762,0.2915802,0.9038403,-0.4528758,0.2937494,0.9402338,-0.4437429,0.004773468,1.047993,-0.4560302,-0.1144643,1.050984,-0.4801948,-0.2638545,1.115051,-0.3551736,0.01965842,1.146168,-0.3277102,-0.1924917,1.07018,-0.5062953,-0.05737469,1.082835,-0.2812381,0.3659378,1.051499
72057594037984832,0,1.549447,10745.11,-0.4100272,0.01251754,1.113793,-0.3283044,0.4906735,1.075732,-0.5040932,0.2777261,1.033484,-0.3952172,0.1780287,0.9729224,-0.3379218,0.2605875,0.9022933,-0.3033722,0.3146562,0.8670729,-0.1021322,0.3610204,0.8725674,-0.2521568,0.3196174,0.8636217,-0.3982762,0.2915802,0.9038403,-0.4528758,0.2937494,0.9402338,-0.4437429,0.004773468,1.047993,-0.4560302,-0.1144643,1.050984,-0.4801948,-0.2638545,1.115051,-0.3551736,0.01965842,1.146168,-0.3277102,-0.1924917,1.07018,-0.5062953,-0.05737469,1.082835,-0.2812381,0.3659378,1.051499
72057594037984832,0,1.549447,10745.11,-0.4100272,0.01251754,1.113793,-0.3283044,0.4906735,1.075732,-0.5040932,0.2777261,1.033484,-0.3952172,0.1780287,0.9729224,-0.3379218,0.2605875,0.9022933,-0.3033722,0.3146562,0.8670729,-0.1021322,0.3610204,0.8725674,-0.2521568,0.3196174,0.8636217,-0.3982762,0.2915802,0.9038403,-0.4528758,0.2937494,0.9402338,-0.4437429,0.004773468,1.047993,-0.4560302,-0.1144643,1.050984,-0.4801948,-0.2638545,1.115051,-0.3551736,0.01965842,1.146168,-0.3277102,-0.1924917,1.07018,-0.5062953,-0.05737469,1.082835,-0.2812381,0.3659378,1.051499
72057594037984832,0,1.549447,10745.12,-0.4100272,0.01251754,1.113793,-0.3283044,0.4906735,1.075732,-0.5040932,0.2777261,1.033484,-0.3952172,0.1780287,0.9729224,-0.3379218,0.2605875,0.9022933,-0.3033722,0.3146562,0.8670729,-0.1021322,0.3610204,0.8725674,-0.2521568,0.3196174,0.8636217,-0.3982762,0.2915802,0.9038403,-0.4528758,0.2937494,0.9402338,-0.4437429,0.004773468,1.047993,-0.4560302,-0.1144643,1.050984,-0.4801948,-0.2638545,1.115051,-0.3551736,0.01965842,1.146168,-0.3277102,-0.1924917,1.07018,-0.5062953,-0.05737469,1.082835,-0.2812381,0.3659378,1.051499
72057594037984832,0,1.549447,10745.12,-0.4100272,0.01251754,1.113793,-0.3283044,0.4906735,1.075732,-0.5040932,0.2777261,1.033484,-0.3952172,0.1780287,0.9729224,-0.3379218,0.2605875,0.9022933,-0.3033722,0.3146562,0.8670729,-0.1021322,0.3610204,0.8725674,-0.2521568,0.3196174,0.8636217,-0.3982762,0.2915802,0.9038403,-0.4528758,0.2937494,0.9402338,-0.4437429,0.004773468,1.047993,-0.4560302,-0.1144643,1.050984,-0.4801948,-0.2638545,1.115051,-0.3551736,0.01965842,1.146168,-0.3277102,-0.1924917,1.07018,-0.5062953,-0.05737469,1.082835,-0.2812381,0.3659378,1.051499
72057594037984832,0,1.549447,10745.12,-0.4100272,0.01251754,1.113793,-0.3283044,0.4906735,1.075732,-0.5040932,0.2777261,1.033484,-0.3952172,0.1780287,0.9729224,-0.3379218,0.2605875,0.9022933,-0.3033722,0.3146562,0.8670729,-0.1021322,0.3610204,0.8725674,-0.2521568,0.3196174,0.8636217,-0.3982762,0.2915802,0.9038403,-0.4528758,0.2937494,0.9402338,-0.4437429,0.004773468,1.047993,-0.4560302,-0.1144643,1.050984,-0.4801948,-0.2638545,1.115051,-0.3551736,0.01965842,1.146168,-0.3277102,-0.1924917,1.07018,-0.5062953,-0.05737469,1.082835,-0.2812381,0.3659378,1.051499
72057594037984832,0,1.545305,10745.12,-0.4026047,0.006204605,1.121192,-0.3608745,0.4909821,1.073821,-0.5087562,0.279441,1.044955,-0.3564068,0.2123255,1.090454,-0.3584194,0.2768185,0.926159,-0.3105654,0.3134988,0.8679274,-0.1199106,0.3614472,0.8756748,-0.2711189,0.3203729,0.863704,-0.4203429,0.2848651,0.9100477,-0.4442815,0.2904198,0.9493722,-0.4396951,0.002195358,1.050047,-0.448613,-0.1088134,1.050927,-0.4791448,-0.2616819,1.114767,-0.3514196,0.01827446,1.150845,-0.3676327,-0.2005249,1.054409,-0.2251359,-0.1333272,0.7974219,-0.3045844,0.3654569,1.054266
72057594037984832,0,1.545305,10745.13,-0.4026047,0.006204605,1.121192,-0.3608745,0.4909821,1.073821,-0.5087562,0.279441,1.044955,-0.3564068,0.2123255,1.090454,-0.3584194,0.2768185,0.926159,-0.3105654,0.3134988,0.8679274,-0.1199106,0.3614472,0.8756748,-0.2711189,0.3203729,0.863704,-0.4203429,0.2848651,0.9100477,-0.4442815,0.2904198,0.9493722,-0.4396951,0.002195358,1.050047,-0.448613,-0.1088134,1.050927,-0.4791448,-0.2616819,1.114767,-0.3514196,0.01827446,1.150845,-0.3676327,-0.2005249,1.054409,-0.2251359,-0.1333272,0.7974219,-0.3045844,0.3654569,1.054266
72057594037984832,0,1.545305,10745.13,-0.4026047,0.006204605,1.121192,-0.3608745,0.4909821,1.073821,-0.5087562,0.279441,1.044955,-0.3564068,0.2123255,1.090454,-0.3584194,0.2768185,0.926159,-0.3105654,0.3134988,0.8679274,-0.1199106,0.3614472,0.8756748,-0.2711189,0.3203729,0.863704,-0.4203429,0.2848651,0.9100477,-0.4442815,0.2904198,0.9493722,-0.4396951,0.002195358,1.050047,-0.448613,-0.1088134,1.050927,-0.4791448,-0.2616819,1.114767,-0.3514196,0.01827446,1.150845,-0.3676327,-0.2005249,1.054409,-0.2251359,-0.1333272,0.7974219,-0.3045844,0.3654569,1.054266
72057594037984832,0,1.545305,10745.13,-0.4026047,0.006204605,1.121192,-0.3608745,0.4909821,1.073821,-0.5087562,0.279441,1.044955,-0.3564068,0.2123255,1.090454,-0.3584194,0.2768185,0.926159,-0.3105654,0.3134988,0.8679274,-0.1199106,0.3614472,0.8756748,-0.2711189,0.3203729,0.863704,-0.4203429,0.2848651,0.9100477,-0.4442815,0.2904198,0.9493722,-0.4396951,0.002195358,1.050047,-0.448613,-0.1088134,1.050927,-0.4791448,-0.2616819,1.114767,-0.3514196,0.01827446,1.150845,-0.3676327,-0.2005249,1.054409,-0.2251359,-0.1333272,0.7974219,-0.3045844,0.3654569,1.054266
72057594037984832,0,1.545305,10745.13,-0.4026047,0.006204605,1.121192,-0.3608745,0.4909821,1.073821,-0.5087562,0.279441,1.044955,-0.3564068,0.2123255,1.090454,-0.3584194,0.2768185,0.926159,-0.3105654,0.3134988,0.8679274,-0.1199106,0.3614472,0.8756748,-0.2711189,0.3203729,0.863704,-0.4203429,0.2848651,0.9100477,-0.4442815,0.2904198,0.9493722,-0.4396951,0.002195358,1.050047,-0.448613,-0.1088134,1.050927,-0.4791448,-0.2616819,1.114767,-0.3514196,0.01827446,1.150845,-0.3676327,-0.2005249,1.054409,-0.2251359,-0.1333272,0.7974219,-0.3045844,0.3654569,1.054266
72057594037984832,0,1.545305,10745.13,-0.4026047,0.006204605,1.121192,-0.3608745,0.4909821,1.073821,-0.5087562,0.279441,1.044955,-0.3564068,0.2123255,1.090454,-0.3584194,0.2768185,0.926159,-0.3105654,0.3134988,0.8679274,-0.1199106,0.3614472,0.8756748,-0.2711189,0.3203729,0.863704,-0.4203429,0.2848651,0.9100477,-0.4442815,0.2904198,0.9493722,-0.4396951,0.002195358,1.050047,-0.448613,-0.1088134,1.050927,-0.4791448,-0.2616819,1.114767,-0.3514196,0.01827446,1.150845,-0.3676327,-0.2005249,1.054409,-0.2251359,-0.1333272,0.7974219,-0.3045844,0.3654569,1.054266
72057594037984832,0,1.545305,10745.14,-0.4026047,0.006204605,1.121192,-0.3608745,0.4909821,1.073821,-0.5087562,0.279441,1.044955,-0.3564068,0.2123255,1.090454,-0.3584194,0.2768185,0.926159,-0.3105654,0.3134988,0.8679274,-0.1199106,0.3614472,0.8756748,-0.2711189,0.3203729,0.863704,-0.4203429,0.2848651,0.9100477,-0.4442815,0.2904198,0.9493722,-0.4396951,0.002195358,1.050047,-0.448613,-0.1088134,1.050927,-0.4791448,-0.2616819,1.114767,-0.3514196,0.01827446,1.150845,-0.3676327,-0.2005249,1.054409,-0.2251359,-0.1333272,0.7974219,-0.3045844,0.3654569,1.054266
72057594037984832,0,1.545305,10745.15,-0.4026047,0.006204605,1.121192,-0.3608745,0.4909821,1.073821,-0.5087562,0.279441,1.044955,-0.3564068,0.2123255,1.090454,-0.3584194,0.2768185,0.926159,-0.3105654,0.3134988,0.8679274,-0.1199106,0.3614472,0.8756748,-0.2711189,0.3203729,0.863704,-0.4203429,0.2848651,0.9100477,-0.4442815,0.2904198,0.9493722,-0.4396951,0.002195358,1.050047,-0.448613,-0.1088134,1.050927,-0.4791448,-0.2616819,1.114767,-0.3514196,0.01827446,1.150845,-0.3676327,-0.2005249,1.054409,-0.2251359,-0.1333272,0.7974219,-0.3045844,0.3654569,1.054266
72057594037984832,0,1.545305,10745.15,-0.4026047,0.006204605,1.121192,-0.3608745,0.4909821,1.073821,-0.5087562,0.279441,1.044955,-0.3564068,0.2123255,1.090454,-0.3584194,0.2768185,0.926159,-0.3105654,0.3134988,0.8679274,-0.1199106,0.3614472,0.8756748,-0.2711189,0.3203729,0.863704,-0.4203429,0.2848651,0.9100477,-0.4442815,0.2904198,0.9493722,-0.4396951,0.002195358,1.050047,-0.448613,-0.1088134,1.050927,-0.4791448,-0.2616819,1.114767,-0.3514196,0.01827446,1.150845,-0.3676327,-0.2005249,1.054409,-0.2251359,-0.1333272,0.7974219,-0.3045844,0.3654569,1.054266
72057594037984832,0,1.545305,10745.15,-0.4026047,0.006204605,1.121192,-0.3608745,0.4909821,1.073821,-0.5087562,0.279441,1.044955,-0.3564068,0.2123255,1.090454,-0.3584194,0.2768185,0.926159,-0.3105654,0.3134988,0.8679274,-0.1199106,0.3614472,0.8756748,-0.2711189,0.3203729,0.863704,-0.4203429,0.2848651,0.9100477,-0.4442815,0.2904198,0.9493722,-0.4396951,0.002195358,1.050047,-0.448613,-0.1088134,1.050927,-0.4791448,-0.2616819,1.114767,-0.3514196,0.01827446,1.150845,-0.3676327,-0.2005249,1.054409,-0.2251359,-0.1333272,0.7974219,-0.3045844,0.3654569,1.054266
72057594037984832,0,1.532633,10745.16,-0.3986418,0.01856491,1.127182,-0.3692323,0.4921554,1.067073,-0.5148036,0.2835603,1.064203,-0.3579813,0.1942792,1.037102,-0.4131393,0.2696562,0.9085749,-0.3298723,0.3093841,0.8573284,-0.1560724,0.3393947,0.9358075,-0.2922142,0.3123098,0.8540229,-0.4475383,0.273626,0.9137609,-0.4686482,0.2790158,0.9611819,-0.4371727,0.01619956,1.050923,-0.4592197,-0.1987686,1.076474,-0.3277082,-0.2709478,1.124437,-0.3447561,0.0344044,1.162422,-0.1347723,-0.09366649,0.9424903,-0.2817231,0.006380558,0.8219408,-0.3102498,0.3673672,1.050689
72057594037984832,0,1.532633,10745.16,-0.3986418,0.01856491,1.127182,-0.3692323,0.4921554,1.067073,-0.5148036,0.2835603,1.064203,-0.3579813,0.1942792,1.037102,-0.4131393,0.2696562,0.9085749,-0.3298723,0.3093841,0.8573284,-0.1560724,0.3393947,0.9358075,-0.2922142,0.3123098,0.8540229,-0.4475383,0.273626,0.9137609,-0.4686482,0.2790158,0.9611819,-0.4371727,0.01619956,1.050923,-0.4592197,-0.1987686,1.076474,-0.3277082,-0.2709478,1.124437,-0.3447561,0.0344044,1.162422,-0.1347723,-0.09366649,0.9424903,-0.2817231,0.006380558,0.8219408,-0.3102498,0.3673672,1.050689
72057594037984832,0,1.532633,10745.16,-0.3986418,0.01856491,1.127182,-0.3692323,0.4921554,1.067073,-0.5148036,0.2835603,1.064203,-0.3579813,0.1942792,1.037102,-0.4131393,0.2696562,0.9085749,-0.3298723,0.3093841,0.8573284,-0.1560724,0.3393947,0.9358075,-0.2922142,0.3123098,0.8540229,-0.4475383,0.273626,0.9137609,-0.4686482,0.2790158,0.9611819,-0.4371727,0.01619956,1.050923,-0.4592197,-0.1987686,1.076474,-0.3277082,-0.2709478,1.124437,-0.3447561,0.0344044,1.162422,-0.1347723,-0.09366649,0.9424903,-0.2817231,0.006380558,0.8219408,-0.3102498,0.3673672,1.050689
72057594037984832,0,1.532633,10745.16,-0.3986418,0.01856491,1.127182,-0.3692323,0.4921554,1.067073,-0.5148036,0.2835603,1.064203,-0.3579813,0.1942792,1.037102,-0.4131393,0.2696562,0.9085749,-0.3298723,0.3093841,0.8573284,-0.1560724,0.3393947,0.9358075,-0.2922142,0.3123098,0.8540229,-0.4475383,0.273626,0.9137609,-0.4686482,0.2790158,0.9611819,-0.4371727,0.01619956,1.050923,-0.4592197,-0.1987686,1.076474,-0.3277082,-0.2709478,1.124437,-0.3447561,0.0344044,1.162422,-0.1347723,-0.09366649,0.9424903,-0.2817231,0.006380558,0.8219408,-0.3102498,0.3673672,1.050689
72057594037984832,0,1.532633,10745.16,-0.3986418,0.01856491,1.127182,-0.3692323,0.4921554,1.067073,-0.5148036,0.2835603,1.064203,-0.3579813,0.1942792,1.037102,-0.4131393,0.2696562,0.9085749,-0.3298723,0.3093841,0.8573284,-0.1560724,0.3393947,0.9358075,-0.2922142,0.3123098,0.8540229,-0.4475383,0.273626,0.9137609,-0.4686482,0.2790158,0.9611819,-0.4371727,0.01619956,1.050923,-0.4592197,-0.1987686,1.076474,-0.3277082,-0.2709478,1.124437,-0.3447561,0.0344044,1.162422,-0.1347723,-0.09366649,0.9424903,-0.2817231,0.006380558,0.8219408,-0.3102498,0.3673672,1.050689
72057594037984832,0,1.532633,10745.17,-0.3986418,0.01856491,1.127182,-0.3692323,0.4921554,1.067073,-0.5148036,0.2835603,1.064203,-0.3579813,0.1942792,1.037102,-0.4131393,0.2696562,0.9085749,-0.3298723,0.3093841,0.8573284,-0.1560724,0.3393947,0.9358075,-0.2922142,0.3123098,0.8540229,-0.4475383,0.273626,0.9137609,-0.4686482,0.2790158,0.9611819,-0.4371727,0.01619956,1.050923,-0.4592197,-0.1987686,1.076474,-0.3277082,-0.2709478,1.124437,-0.3447561,0.0344044,1.162422,-0.1347723,-0.09366649,0.9424903,-0.2817231,0.006380558,0.8219408,-0.3102498,0.3673672,1.050689
72057594037984832,0,1.532633,10745.17,-0.3986418,0.01856491,1.127182,-0.3692323,0.4921554,1.067073,-0.5148036,0.2835603,1.064203,-0.3579813,0.1942792,1.037102,-0.4131393,0.2696562,0.9085749,-0.3298723,0.3093841,0.8573284,-0.1560724,0.3393947,0.9358075,-0.2922142,0.3123098,0.8540229,-0.4475383,0.273626,0.9137609,-0.4686482,0.2790158,0.9611819,-0.4371727,0.01619956,1.050923,-0.4592197,-0.1987686,1.076474,-0.3277082,-0.2709478,1.124437,-0.3447561,0.0344044,1.162422,-0.1347723,-0.09366649,0.9424903,-0.2817231,0.006380558,0.8219408,-0.3102498,0.3673672,1.050689
72057594037984832,0,1.532633,10745.17,-0.3986418,0.01856491,1.127182,-0.3692323,0.4921554,1.067073,-0.5148036,0.2835603,1.064203,-0.3579813,0.1942792,1.037102,-0.4131393,0.2696562,0.9085749,-0.3298723,0.3093841,0.8573284,-0.1560724,0.3393947,0.9358075,-0.2922142,0.3123098,0.8540229,-0.4475383,0.273626,0.9137609,-0.4686482,0.2790158,0.9611819,-0.4371727,0.01619956,1.050923,-0.4592197,-0.1987686,1.076474,-0.3277082,-0.2709478,1.124437,-0.3447561,0.0344044,1.162422,-0.1347723,-0.09366649,0.9424903,-0.2817231,0.006380558,0.8219408,-0.3102498,0.3673672,1.050689
72057594037984832,0,1.532633,10745.17,-0.3986418,0.01856491,1.127182,-0.3692323,0.4921554,1.067073,-0.5148036,0.2835603,1.064203,-0.3579813,0.1942792,1.037102,-0.4131393,0.2696562,0.9085749,-0.3298723,0.3093841,0.8573284,-0.1560724,0.3393947,0.9358075,-0.2922142,0.3123098,0.8540229,-0.4475383,0.273626,0.9137609,-0.4686482,0.2790158,0.9611819,-0.4371727,0.01619956,1.050923,-0.4592197,-0.1987686,1.076474,-0.3277082,-0.2709478,1.124437,-0.3447561,0.0344044,1.162422,-0.1347723,-0.09366649,0.9424903,-0.2817231,0.006380558,0.8219408,-0.3102498,0.3673672,1.050689
72057594037984832,0,1.532633,10745.18,-0.3986418,0.01856491,1.127182,-0.3692323,0.4921554,1.067073,-0.5148036,0.2835603,1.064203,-0.3579813,0.1942792,1.037102,-0.4131393,0.2696562,0.9085749,-0.3298723,0.3093841,0.8573284,-0.1560724,0.3393947,0.9358075,-0.2922142,0.3123098,0.8540229,-0.4475383,0.273626,0.9137609,-0.4686482,0.2790158,0.9611819,-0.4371727,0.01619956,1.050923,-0.4592197,-0.1987686,1.076474,-0.3277082,-0.2709478,1.124437,-0.3447561,0.0344044,1.162422,-0.1347723,-0.09366649,0.9424903,-0.2817231,0.006380558,0.8219408,-0.3102498,0.3673672,1.050689
72057594037984832,0,1.532633,10745.18,-0.3986418,0.01856491,1.127182,-0.3692323,0.4921554,1.067073,-0.5148036,0.2835603,1.064203,-0.3579813,0.1942792,1.037102,-0.4131393,0.2696562,0.9085749,-0.3298723,0.3093841,0.8573284,-0.1560724,0.3393947,0.9358075,-0.2922142,0.3123098,0.8540229,-0.4475383,0.273626,0.9137609,-0.4686482,0.2790158,0.9611819,-0.4371727,0.01619956,1.050923,-0.4592197,-0.1987686,1.076474,-0.3277082,-0.2709478,1.124437,-0.3447561,0.0344044,1.162422,-0.1347723,-0.09366649,0.9424903,-0.2817231,0.006380558,0.8219408,-0.3102498,0.3673672,1.050689
72057594037984832,0,1.532633,10745.18,-0.3986418,0.01856491,1.127182,-0.3692323,0.4921554,1.067073,-0.5148036,0.2835603,1.064203,-0.3579813,0.1942792,1.037102,-0.4131393,0.2696562,0.9085749,-0.3298723,0.3093841,0.8573284,-0.1560724,0.3393947,0.9358075,-0.2922142,0.3123098,0.8540229,-0.4475383,0.273626,0.9137609,-0.4686482,0.2790158,0.9611819,-0.4371727,0.01619956,1.050923,-0.4592197,-0.1987686,1.076474,-0.3277082,-0.2709478,1.124437,-0.3447561,0.0344044,1.162422,-0.1347723,-0.09366649,0.9424903,-0.2817231,0.006380558,0.8219408,-0.3102498,0.3673672,1.050689
72057594037984832,0,1.532633,10745.19,-0.3986418,0.01856491,1.127182,-0.3692323,0.4921554,1.067073,-0.5148036,0.2835603,1.064203,-0.3579813,0.1942792,1.037102,-0.4131393,0.2696562,0.9085749,-0.3298723,0.3093841,0.8573284,-0.1560724,0.3393947,0.9358075,-0.2922142,0.3123098,0.8540229,-0.4475383,0.273626,0.9137609,-0.4686482,0.2790158,0.9611819,-0.4371727,0.01619956,1.050923,-0.4592197,-0.1987686,1.076474,-0.3277082,-0.2709478,1.124437,-0.3447561,0.0344044,1.162422,-0.1347723,-0.09366649,0.9424903,-0.2817231,0.006380558,0.8219408,-0.3102498,0.3673672,1.050689
72057594037984832,0,1.575199,10745.19,-0.3128472,0.07612872,1.014064,-0.1950392,0.5468864,0.9582789,-0.3357161,0.4029513,0.9676377,-0.3711452,0.2852781,0.8660764,-0.3032213,0.3895352,0.8127109,-0.2546947,0.3775373,0.8478199,-0.1338734,0.3420881,1.000233,-0.2797729,0.3074472,0.8945386,-0.4481738,0.2661935,0.9081441,-0.4705859,0.2748033,0.9251794,-0.3551885,0.09711003,0.996201,-0.4711463,-0.05411321,1.062465,-0.3278377,-0.2710428,1.123654,-0.2578897,0.06732941,0.9871955,-0.13815,-0.11309,0.9172282,-0.3448945,-0.03552055,0.831365,-0.2319211,0.4063193,0.9521029
72057594037984832,0,1.575199,10745.19,-0.3128472,0.07612872,1.014064,-0.1950392,0.5468864,0.9582789,-0.3357161,0.4029513,0.9676377,-0.3711452,0.2852781,0.8660764,-0.3032213,0.3895352,0.8127109,-0.2546947,0.3775373,0.8478199,-0.1338734,0.3420881,1.000233,-0.2797729,0.3074472,0.8945386,-0.4481738,0.2661935,0.9081441,-0.4705859,0.2748033,0.9251794,-0.3551885,0.09711003,0.996201,-0.4711463,-0.05411321,1.062465,-0.3278377,-0.2710428,1.123654,-0.2578897,0.06732941,0.9871955,-0.13815,-0.11309,0.9172282,-0.3448945,-0.03552055,0.831365,-0.2319211,0.4063193,0.9521029
72057594037984832,0,1.575199,10745.19,-0.3128472,0.07612872,1.014064,-0.1950392,0.5468864,0.9582789,-0.3357161,0.4029513,0.9676377,-0.3711452,0.2852781,0.8660764,-0.3032213,0.3895352,0.8127109,-0.2546947,0.3775373,0.8478199,-0.1338734,0.3420881,1.000233,-0.2797729,0.3074472,0.8945386,-0.4481738,0.2661935,0.9081441,-0.4705859,0.2748033,0.9251794,-0.3551885,0.09711003,0.996201,-0.4711463,-0.05411321,1.062465,-0.3278377,-0.2710428,1.123654,-0.2578897,0.06732941,0.9871955,-0.13815,-0.11309,0.9172282,-0.3448945,-0.03552055,0.831365,-0.2319211,0.4063193,0.9521029
72057594037984832,0,1.575199,10745.2,-0.3128472,0.07612872,1.014064,-0.1950392,0.5468864,0.9582789,-0.3357161,0.4029513,0.9676377,-0.3711452,0.2852781,0.8660764,-0.3032213,0.3895352,0.8127109,-0.2546947,0.3775373,0.8478199,-0.1338734,0.3420881,1.000233,-0.2797729,0.3074472,0.8945386,-0.4481738,0.2661935,0.9081441,-0.4705859,0.2748033,0.9251794,-0.3551885,0.09711003,0.996201,-0.4711463,-0.05411321,1.062465,-0.3278377,-0.2710428,1.123654,-0.2578897,0.06732941,0.9871955,-0.13815,-0.11309,0.9172282,-0.3448945,-0.03552055,0.831365,-0.2319211,0.4063193,0.9521029
72057594037984832,0,1.575199,10745.2,-0.3128472,0.07612872,1.014064,-0.1950392,0.5468864,0.9582789,-0.3357161,0.4029513,0.9676377,-0.3711452,0.2852781,0.8660764,-0.3032213,0.3895352,0.8127109,-0.2546947,0.3775373,0.8478199,-0.1338734,0.3420881,1.000233,-0.2797729,0.3074472,0.8945386,-0.4481738,0.2661935,0.9081441,-0.4705859,0.2748033,0.9251794,-0.3551885,0.09711003,0.996201,-0.4711463,-0.05411321,1.062465,-0.3278377,-0.2710428,1.123654,-0.2578897,0.06732941,0.9871955,-0.13815,-0.11309,0.9172282,-0.3448945,-0.03552055,0.831365,-0.2319211,0.4063193,0.9521029
72057594037984832,0,1.575199,10745.2,-0.3128472,0.07612872,1.014064,-0.1950392,0.5468864,0.9582789,-0.3357161,0.4029513,0.9676377,-0.3711452,0.2852781,0.8660764,-0.3032213,0.3895352,0.8127109,-0.2546947,0.3775373,0.8478199,-0.1338734,0.3420881,1.000233,-0.2797729,0.3074472,0.8945386,-0.4481738,0.2661935,0.9081441,-0.4705859,0.2748033,0.9251794,-0.3551885,0.09711003,0.996201,-0.4711463,-0.05411321,1.062465,-0.3278377,-0.2710428,1.123654,-0.2578897,0.06732941,0.9871955,-0.13815,-0.11309,0.9172282,-0.3448945,-0.03552055,0.831365,-0.2319211,0.4063193,0.9521029
72057594037984832,0,1.575199,10745.2,-0.3128472,0.07612872,1.014064,-0.1950392,0.5468864,0.9582789,-0.3357161,0.4029513,0.9676377,-0.3711452,0.2852781,0.8660764,-0.3032213,0.3895352,0.8127109,-0.2546947,0.3775373,0.8478199,-0.1338734,0.3420881,1.000233,-0.2797729,0.3074472,0.8945386,-0.4481738,0.2661935,0.9081441,-0.4705859,0.2748033,0.9251794,-0.3551885,0.09711003,0.996201,-0.4711463,-0.05411321,1.062465,-0.3278377,-0.2710428,1.123654,-0.2578897,0.06732941,0.9871955,-0.13815,-0.11309,0.9172282,-0.3448945,-0.03552055,0.831365,-0.2319211,0.4063193,0.9521029
72057594037984832,0,1.575199,10745.21,-0.3128472,0.07612872,1.014064,-0.1950392,0.5468864,0.9582789,-0.3357161,0.4029513,0.9676377,-0.3711452,0.2852781,0.8660764,-0.3032213,0.3895352,0.8127109,-0.2546947,0.3775373,0.8478199,-0.1338734,0.3420881,1.000233,-0.2797729,0.3074472,0.8945386,-0.4481738,0.2661935,0.9081441,-0.4705859,0.2748033,0.9251794,-0.3551885,0.09711003,0.996201,-0.4711463,-0.05411321,1.062465,-0.3278377,-0.2710428,1.123654,-0.2578897,0.06732941,0.9871955,-0.13815,-0.11309,0.9172282,-0.3448945,-0.03552055,0.831365,-0.2319211,0.4063193,0.9521029
72057594037984832,0,1.575199,10745.21,-0.3128472,0.07612872,1.014064,-0.1950392,0.5468864,0.9582789,-0.3357161,0.4029513,0.9676377,-0.3711452,0.2852781,0.8660764,-0.3032213,0.3895352,0.8127109,-0.2546947,0.3775373,0.8478199,-0.1338734,0.3420881,1.000233,-0.2797729,0.3074472,0.8945386,-0.4481738,0.2661935,0.9081441,-0.4705859,0.2748033,0.9251794,-0.3551885,0.09711003,0.996201,-0.4711463,-0.05411321,1.062465,-0.3278377,-0.2710428,1.123654,-0.2578897,0.06732941,0.9871955,-0.13815,-0.11309,0.9172282,-0.3448945,-0.03552055,0.831365,-0.2319211,0.4063193,0.9521029
72057594037984832,0,1.575199,10745.21,-0.3128472,0.07612872,1.014064,-0.1950392,0.5468864,0.9582789,-0.3357161,0.4029513,0.9676377,-0.3711452,0.2852781,0.8660764,-0.3032213,0.3895352,0.8127109,-0.2546947,0.3775373,0.8478199,-0.1338734,0.3420881,1.000233,-0.2797729,0.3074472,0.8945386,-0.4481738,0.2661935,0.9081441,-0.4705859,0.2748033,0.9251794,-0.3551885,0.09711003,0.996201,-0.4711463,-0.05411321,1.062465,-0.3278377,-0.2710428,1.123654,-0.2578897,0.06732941,0.9871955,-0.13815,-0.11309,0.9172282,-0.3448945,-0.03552055,0.831365,-0.2319211,0.4063193,0.9521029
72057594037984832,0,1.575199,10745.21,-0.3128472,0.07612872,1.014064,-0.1950392,0.5468864,0.9582789,-0.3357161,0.4029513,0.9676377,-0.3711452,0.2852781,0.8660764,-0.3032213,0.3895352,0.8127109,-0.2546947,0.3775373,0.8478199,-0.1338734,0.3420881,1.000233,-0.2797729,0.3074472,0.8945386,-0.4481738,0.2661935,0.9081441,-0.4705859,0.2748033,0.9251794,-0.3551885,0.09711003,0.996201,-0.4711463,-0.05411321,1.062465,-0.3278377,-0.2710428,1.123654,-0.2578897,0.06732941,0.9871955,-0.13815,-0.11309,0.9172282,-0.3448945,-0.03552055,0.831365,-0.2319211,0.4063193,0.9521029
72057594037984832,0,1.575199,10745.22,-0.3128472,0.07612872,1.014064,-0.1950392,0.5468864,0.9582789,-0.3357161,0.4029513,0.9676377,-0.3711452,0.2852781,0.8660764,-0.3032213,0.3895352,0.8127109,-0.2546947,0.3775373,0.8478199,-0.1338734,0.3420881,1.000233,-0.2797729,0.3074472,0.8945386,-0.4481738,0.2661935,0.9081441,-0.4705859,0.2748033,0.9251794,-0.3551885,0.09711003,0.996201,-0.4711463,-0.05411321,1.062465,-0.3278377,-0.2710428,1.123654,-0.2578897,0.06732941,0.9871955,-0.13815,-0.11309,0.9172282,-0.3448945,-0.03552055,0.831365,-0.2319211,0.4063193,0.9521029
72057594037984832,0,1.575199,10745.22,-0.3128472,0.07612872,1.014064,-0.1950392,0.5468864,0.9582789,-0.3357161,0.4029513,0.9676377,-0.3711452,0.2852781,0.8660764,-0.3032213,0.3895352,0.8127109,-0.2546947,0.3775373,0.8478199,-0.1338734,0.3420881,1.000233,-0.2797729,0.3074472,0.8945386,-0.4481738,0.2661935,0.9081441,-0.4705859,0.2748033,0.9251794,-0.3551885,0.09711003,0.996201,-0.4711463,-0.05411321,1.062465,-0.3278377,-0.2710428,1.123654,-0.2578897,0.06732941,0.9871955,-0.13815,-0.11309,0.9172282,-0.3448945,-0.03552055,0.831365,-0.2319211,0.4063193,0.9521029
