72057594037999830,0,2.486842,95831.18,0,0.38,-0.1,0,0.38,-0.1,0,0.38,-0.1,0,0.38,-0.1,0,0.38,-0.1,0,0.38,-0.1,0,0.38,-0.1,0,0.38,-0.1,0,0.38,-0.1,0,0.38,-0.1,0,0.38,-0.1,0,0.38,-0.1,0,0.38,-0.1,0,0.38,-0.1,0,0.38,-0.1,0,0.38,-0.1,0,0.38,-0.1
72057594037999830,0,1.047402,95831.19,-0.143541,0.1308931,1.614975,-0.06597517,0.7513584,1.536197,-0.1541495,0.5283845,1.55529,-0.1551396,0.3244141,1.543175,-0.09551302,0.1339739,1.505731,-0.08371788,0.08762619,1.488262,-0.01358153,0.5195614,1.530097,0.1242912,0.4594037,1.519548,0.0316528,0.2805601,1.490857,0.05632672,0.2366956,1.487638,-0.1731544,0.1373046,1.605212,-0.1845155,-0.09041116,1.698721,-0.1393976,-0.3112483,1.795971,-0.1090028,0.1329649,1.566297,-0.06552077,-0.04558468,1.472302,-0.01995135,-0.2296486,1.545257,-0.08409866,0.5653442,1.564052
72057594037999830,0,1.047402,95831.19,-0.143541,0.1308931,1.614975,-0.06597517,0.7513584,1.536197,-0.1541495,0.5283845,1.55529,-0.1551396,0.3244141,1.543175,-0.09551302,0.1339739,1.505731,-0.08371788,0.08762619,1.488262,-0.01358153,0.5195614,1.530097,0.1242912,0.4594037,1.519548,0.0316528,0.2805601,1.490857,0.05632672,0.2366956,1.487638,-0.1731544,0.1373046,1.605212,-0.1845155,-0.09041116,1.698721,-0.1393976,-0.3112483,1.795971,-0.1090028,0.1329649,1.566297,-0.06552077,-0.04558468,1.472302,-0.01995135,-0.2296486,1.545257,-0.08409866,0.5653442,1.564052
72057594037999830,0,1.047402,95831.2,-0.143541,0.1308931,1.614975,-0.06597517,0.7513584,1.536197,-0.1541495,0.5283845,1.55529,-0.1551396,0.3244141,1.543175,-0.09551302,0.1339739,1.505731,-0.08371788,0.08762619,1.488262,-0.01358153,0.5195614,1.530097,0.1242912,0.4594037,1.519548,0.0316528,0.2805601,1.490857,0.05632672,0.2366956,1.487638,-0.1731544,0.1373046,1.605212,-0.1845155,-0.09041116,1.698721,-0.1393976,-0.3112483,1.795971,-0.1090028,0.1329649,1.566297,-0.06552077,-0.04558468,1.472302,-0.01995135,-0.2296486,1.545257,-0.08409866,0.5653442,1.564052
72057594037999830,0,1.047402,95831.2,-0.143541,0.1308931,1.614975,-0.06597517,0.7513584,1.536197,-0.1541495,0.5283845,1.55529,-0.1551396,0.3244141,1.543175,-0.09551302,0.1339739,1.505731,-0.08371788,0.08762619,1.488262,-0.01358153,0.5195614,1.530097,0.1242912,0.4594037,1.519548,0.0316528,0.2805601,1.490857,0.05632672,0.2366956,1.487638,-0.1731544,0.1373046,1.605212,-0.1845155,-0.09041116,1.698721,-0.1393976,-0.3112483,1.795971,-0.1090028,0.1329649,1.566297,-0.06552077,-0.04558468,1.472302,-0.01995135,-0.2296486,1.545257,-0.08409866,0.5653442,1.564052
72057594037999830,0,1.047402,95831.2,-0.143541,0.1308931,1.614975,-0.06597517,0.7513584,1.536197,-0.1541495,0.5283845,1.55529,-0.1551396,0.3244141,1.543175,-0.09551302,0.1339739,1.505731,-0.08371788,0.08762619,1.488262,-0.01358153,0.5195614,1.530097,0.1242912,0.4594037,1.519548,0.0316528,0.2805601,1.490857,0.05632672,0.2366956,1.487638,-0.1731544,0.1373046,1.605212,-0.1845155,-0.09041116,1.698721,-0.1393976,-0.3112483,1.795971,-0.1090028,0.1329649,1.566297,-0.06552077,-0.04558468,1.472302,-0.01995135,-0.2296486,1.545257,-0.08409866,0.5653442,1.564052
72057594037999830,0,1.047402,95831.2,-0.143541,0.1308931,1.614975,-0.06597517,0.7513584,1.536197,-0.1541495,0.5283845,1.55529,-0.1551396,0.3244141,1.543175,-0.09551302,0.1339739,1.505731,-0.08371788,0.08762619,1.488262,-0.01358153,0.5195614,1.530097,0.1242912,0.4594037,1.519548,0.0316528,0.2805601,1.490857,0.05632672,0.2366956,1.487638,-0.1731544,0.1373046,1.605212,-0.1845155,-0.09041116,1.698721,-0.1393976,-0.3112483,1.795971,-0.1090028,0.1329649,1.566297,-0.06552077,-0.04558468,1.472302,-0.01995135,-0.2296486,1.545257,-0.08409866,0.5653442,1.564052
72057594037999830,0,1.047402,95831.2,-0.143541,0.1308931,1.614975,-0.06597517,0.7513584,1.536197,-0.1541495,0.5283845,1.55529,-0.1551396,0.3244141,1.543175,-0.09551302,0.1339739,1.505731,-0.08371788,0.08762619,1.488262,-0.01358153,0.5195614,1.530097,0.1242912,0.4594037,1.519548,0.0316528,0.2805601,1.490857,0.05632672,0.2366956,1.487638,-0.1731544,0.1373046,1.605212,-0.1845155,-0.09041116,1.698721,-0.1393976,-0.3112483,1.795971,-0.1090028,0.1329649,1.566297,-0.06552077,-0.04558468,1.472302,-0.01995135,-0.2296486,1.545257,-0.08409866,0.5653442,1.564052
72057594037999830,0,1.047402,95831.2,-0.143541,0.1308931,1.614975,-0.06597517,0.7513584,1.536197,-0.1541495,0.5283845,1.55529,-0.1551396,0.3244141,1.543175,-0.09551302,0.1339739,1.505731,-0.08371788,0.08762619,1.488262,-0.01358153,0.5195614,1.530097,0.1242912,0.4594037,1.519548,0.0316528,0.2805601,1.490857,0.05632672,0.2366956,1.487638,-0.1731544,0.1373046,1.605212,-0.1845155,-0.09041116,1.698721,-0.1393976,-0.3112483,1.795971,-0.1090028,0.1329649,1.566297,-0.06552077,-0.04558468,1.472302,-0.01995135,-0.2296486,1.545257,-0.08409866,0.5653442,1.564052
72057594037999830,0,1.047402,95831.21,-0.143541,0.1308931,1.614975,-0.06597517,0.7513584,1.536197,-0.1541495,0.5283845,1.55529,-0.1551396,0.3244141,1.543175,-0.09551302,0.1339739,1.505731,-0.08371788,0.08762619,1.488262,-0.01358153,0.5195614,1.530097,0.1242912,0.4594037,1.519548,0.0316528,0.2805601,1.490857,0.05632672,0.2366956,1.487638,-0.1731544,0.1373046,1.605212,-0.1845155,-0.09041116,1.698721,-0.1393976,-0.3112483,1.795971,-0.1090028,0.1329649,1.566297,-0.06552077,-0.04558468,1.472302,-0.01995135,-0.2296486,1.545257,-0.08409866,0.5653442,1.564052
72057594037999830,0,1.047402,95831.21,-0.143541,0.1308931,1.614975,-0.06597517,0.7513584,1.536197,-0.1541495,0.5283845,1.55529,-0.1551396,0.3244141,1.543175,-0.09551302,0.1339739,1.505731,-0.08371788,0.08762619,1.488262,-0.01358153,0.5195614,1.530097,0.1242912,0.4594037,1.519548,0.0316528,0.2805601,1.490857,0.05632672,0.2366956,1.487638,-0.1731544,0.1373046,1.605212,-0.1845155,-0.09041116,1.698721,-0.1393976,-0.3112483,1.795971,-0.1090028,0.1329649,1.566297,-0.06552077,-0.04558468,1.472302,-0.01995135,-0.2296486,1.545257,-0.08409866,0.5653442,1.564052
72057594037999830,0,1.045606,95831.21,-0.146991,0.1302289,1.618897,-0.07023118,0.7648276,1.540713,-0.1728235,0.5595523,1.560773,-0.1891005,0.371891,1.583569,-0.09665155,0.2204348,1.499464,-0.0744452,0.1560104,1.500345,-0.004922822,0.5391312,1.537157,0.1216291,0.5202072,1.585469,0.04385255,0.3481542,1.535406,-0.02661929,0.32605,1.535611,-0.1952725,0.138055,1.610534,-0.1923455,-0.1522127,1.730857,-0.2095698,-0.229252,1.743124,-0.1059445,0.1314469,1.570547,-0.04054684,-0.0718255,1.533369,-0.009521574,-0.3051782,1.560714,-0.08949471,0.5766414,1.566241
72057594037999830,0,1.045606,95831.22,-0.146991,0.1302289,1.618897,-0.07023118,0.7648276,1.540713,-0.1728235,0.5595523,1.560773,-0.1891005,0.371891,1.583569,-0.09665155,0.2204348,1.499464,-0.0744452,0.1560104,1.500345,-0.004922822,0.5391312,1.537157,0.1216291,0.5202072,1.585469,0.04385255,0.3481542,1.535406,-0.02661929,0.32605,1.535611,-0.1952725,0.138055,1.610534,-0.1923455,-0.1522127,1.730857,-0.2095698,-0.229252,1.743124,-0.1059445,0.1314469,1.570547,-0.04054684,-0.0718255,1.533369,-0.009521574,-0.3051782,1.560714,-0.08949471,0.5766414,1.566241
72057594037999830,0,1.045606,95831.22,-0.146991,0.1302289,1.618897,-0.07023118,0.7648276,1.540713,-0.1728235,0.5595523,1.560773,-0.1891005,0.371891,1.583569,-0.09665155,0.2204348,1.499464,-0.0744452,0.1560104,1.500345,-0.004922822,0.5391312,1.537157,0.1216291,0.5202072,1.585469,0.04385255,0.3481542,1.535406,-0.02661929,0.32605,1.535611,-0.1952725,0.138055,1.610534,-0.1923455,-0.1522127,1.730857,-0.2095698,-0.229252,1.743124,-0.1059445,0.1314469,1.570547,-0.04054684,-0.0718255,1.533369,-0.009521574,-0.3051782,1.560714,-0.08949471,0.5766414,1.566241
72057594037999830,0,1.045606,95831.22,-0.146991,0.1302289,1.618897,-0.07023118,0.7648276,1.540713,-0.1728235,0.5595523,1.560773,-0.1891005,0.371891,1.583569,-0.09665155,0.2204348,1.499464,-0.0744452,0.1560104,1.500345,-0.004922822,0.5391312,1.537157,0.1216291,0.5202072,1.585469,0.04385255,0.3481542,1.535406,-0.02661929,0.32605,1.535611,-0.1952725,0.138055,1.610534,-0.1923455,-0.1522127,1.730857,-0.2095698,-0.229252,1.743124,-0.1059445,0.1314469,1.570547,-0.04054684,-0.0718255,1.533369,-0.009521574,-0.3051782,1.560714,-0.08949471,0.5766414,1.566241
72057594037999830,0,1.045606,95831.23,-0.146991,0.1302289,1.618897,-0.07023118,0.7648276,1.540713,-0.1728235,0.5595523,1.560773,-0.1891005,0.371891,1.583569,-0.09665155,0.2204348,1.499464,-0.0744452,0.1560104,1.500345,-0.004922822,0.5391312,1.537157,0.1216291,0.5202072,1.585469,0.04385255,0.3481542,1.535406,-0.02661929,0.32605,1.535611,-0.1952725,0.138055,1.610534,-0.1923455,-0.1522127,1.730857,-0.2095698,-0.229252,1.743124,-0.1059445,0.1314469,1.570547,-0.04054684,-0.0718255,1.533369,-0.009521574,-0.3051782,1.560714,-0.08949471,0.5766414,1.566241
72057594037999830,0,1.045606,95831.23,-0.146991,0.1302289,1.618897,-0.07023118,0.7648276,1.540713,-0.1728235,0.5595523,1.560773,-0.1891005,0.371891,1.583569,-0.09665155,0.2204348,1.499464,-0.0744452,0.1560104,1.500345,-0.004922822,0.5391312,1.537157,0.1216291,0.5202072,1.585469,0.04385255,0.3481542,1.535406,-0.02661929,0.32605,1.535611,-0.1952725,0.138055,1.610534,-0.1923455,-0.1522127,1.730857,-0.2095698,-0.229252,1.743124,-0.1059445,0.1314469,1.570547,-0.04054684,-0.0718255,1.533369,-0.009521574,-0.3051782,1.560714,-0.08949471,0.5766414,1.566241
72057594037999830,0,1.045606,95831.23,-0.146991,0.1302289,1.618897,-0.07023118,0.7648276,1.540713,-0.1728235,0.5595523,1.560773,-0.1891005,0.371891,1.583569,-0.09665155,0.2204348,1.499464,-0.0744452,0.1560104,1.500345,-0.004922822,0.5391312,1.537157,0.1216291,0.5202072,1.585469,0.04385255,0.3481542,1.535406,-0.02661929,0.32605,1.535611,-0.1952725,0.138055,1.610534,-0.1923455,-0.1522127,1.730857,-0.2095698,-0.229252,1.743124,-0.1059445,0.1314469,1.570547,-0.04054684,-0.0718255,1.533369,-0.009521574,-0.3051782,1.560714,-0.08949471,0.5766414,1.566241
72057594037999830,0,1.045606,95831.23,-0.146991,0.1302289,1.618897,-0.07023118,0.7648276,1.540713,-0.1728235,0.5595523,1.560773,-0.1891005,0.371891,1.583569,-0.09665155,0.2204348,1.499464,-0.0744452,0.1560104,1.500345,-0.004922822,0.5391312,1.537157,0.1216291,0.5202072,1.585469,0.04385255,0.3481542,1.535406,-0.02661929,0.32605,1.535611,-0.1952725,0.138055,1.610534,-0.1923455,-0.1522127,1.730857,-0.2095698,-0.229252,1.743124,-0.1059445,0.1314469,1.570547,-0.04054684,-0.0718255,1.533369,-0.009521574,-0.3051782,1.560714,-0.08949471,0.5766414,1.566241
72057594037999830,0,1.045606,95831.23,-0.146991,0.1302289,1.618897,-0.07023118,0.7648276,1.540713,-0.1728235,0.5595523,1.560773,-0.1891005,0.371891,1.583569,-0.09665155,0.2204348,1.499464,-0.0744452,0.1560104,1.500345,-0.004922822,0.5391312,1.537157,0.1216291,0.5202072,1.585469,0.04385255,0.3481542,1.535406,-0.02661929,0.32605,1.535611,-0.1952725,0.138055,1.610534,-0.1923455,-0.1522127,1.730857,-0.2095698,-0.229252,1.743124,-0.1059445,0.1314469,1.570547,-0.04054684,-0.0718255,1.533369,-0.009521574,-0.3051782,1.560714,-0.08949471,0.5766414,1.566241
72057594037999830,0,1.045606,95831.23,-0.146991,0.1302289,1.618897,-0.07023118,0.7648276,1.540713,-0.1728235,0.5595523,1.560773,-0.1891005,0.371891,1.583569,-0.09665155,0.2204348,1.499464,-0.0744452,0.1560104,1.500345,-0.004922822,0.5391312,1.537157,0.1216291,0.5202072,1.585469,0.04385255,0.3481542,1.535406,-0.02661929,0.32605,1.535611,-0.1952725,0.138055,1.610534,-0.1923455,-0.1522127,1.730857,-0.2095698,-0.229252,1.743124,-0.1059445,0.1314469,1.570547,-0.04054684,-0.0718255,1.533369,-0.009521574,-0.3051782,1.560714,-0.08949471,0.5766414,1.566241
72057594037999830,0,1.045606,95831.24,-0.146991,0.1302289,1.618897,-0.07023118,0.7648276,1.540713,-0.1728235,0.5595523,1.560773,-0.1891005,0.371891,1.583569,-0.09665155,0.2204348,1.499464,-0.0744452,0.1560104,1.500345,-0.004922822,0.5391312,1.537157,0.1216291,0.5202072,1.585469,0.04385255,0.3481542,1.535406,-0.02661929,0.32605,1.535611,-0.1952725,0.138055,1.610534,-0.1923455,-0.1522127,1.730857,-0.2095698,-0.229252,1.743124,-0.1059445,0.1314469,1.570547,-0.04054684,-0.0718255,1.533369,-0.009521574,-0.3051782,1.560714,-0.08949471,0.5766414,1.566241
72057594037999830,0,1.045606,95831.24,-0.146991,0.1302289,1.618897,-0.07023118,0.7648276,1.540713,-0.1728235,0.5595523,1.560773,-0.1891005,0.371891,1.583569,-0.09665155,0.2204348,1.499464,-0.0744452,0.1560104,1.500345,-0.004922822,0.5391312,1.537157,0.1216291,0.5202072,1.585469,0.04385255,0.3481542,1.535406,-0.02661929,0.32605,1.535611,-0.1952725,0.138055,1.610534,-0.1923455,-0.1522127,1.730857,-0.2095698,-0.229252,1.743124,-0.1059445,0.1314469,1.570547,-0.04054684,-0.0718255,1.533369,-0.009521574,-0.3051782,1.560714,-0.08949471,0.5766414,1.566241
72057594037999830,0,1.045606,95831.24,-0.146991,0.1302289,1.618897,-0.07023118,0.7648276,1.540713,-0.1728235,0.5595523,1.560773,-0.1891005,0.371891,1.583569,-0.09665155,0.2204348,1.499464,-0.0744452,0.1560104,1.500345,-0.004922822,0.5391312,1.537157,0.1216291,0.5202072,1.585469,0.04385255,0.3481542,1.535406,-0.02661929,0.32605,1.535611,-0.1952725,0.138055,1.610534,-0.1923455,-0.1522127,1.730857,-0.2095698,-0.229252,1.743124,-0.1059445,0.1314469,1.570547,-0.04054684,-0.0718255,1.533369,-0.009521574,-0.3051782,1.560714,-0.08949471,0.5766414,1.566241
72057594037999830,0,1.01736,95831.25,-0.1413094,0.1709627,1.617088,-0.07823116,0.7858058,1.541033,-0.2094604,0.581199,1.571972,-0.2032977,0.3817579,1.589203,-0.09187331,0.2308887,1.508635,-0.06641102,0.1620372,1.502451,-0.004372058,0.5497609,1.541111,-0.08199898,0.3624452,1.526126,-0.07216411,0.1641174,1.49151,-0.05579758,0.1637051,1.497457,-0.1849355,0.1822412,1.60056,-0.2155358,-0.101393,1.672832,-0.2611051,-0.3225198,1.763759,-0.09352481,0.1700887,1.57428,-0.04262618,-0.06820756,1.54383,-0.01114883,-0.3123301,1.567277,-0.09839866,0.6026549,1.565322
72057594037999830,0,1.01736,95831.25,-0.1413094,0.1709627,1.617088,-0.07823116,0.7858058,1.541033,-0.2094604,0.581199,1.571972,-0.2032977,0.3817579,1.589203,-0.09187331,0.2308887,1.508635,-0.06641102,0.1620372,1.502451,-0.004372058,0.5497609,1.541111,-0.08199898,0.3624452,1.526126,-0.07216411,0.1641174,1.49151,-0.05579758,0.1637051,1.497457,-0.1849355,0.1822412,1.60056,-0.2155358,-0.101393,1.672832,-0.2611051,-0.3225198,1.763759,-0.09352481,0.1700887,1.57428,-0.04262618,-0.06820756,1.54383,-0.01114883,-0.3123301,1.567277,-0.09839866,0.6026549,1.565322
72057594037999830,0,1.01736,95831.26,-0.1413094,0.1709627,1.617088,-0.07823116,0.7858058,1.541033,-0.2094604,0.581199,1.571972,-0.2032977,0.3817579,1.589203,-0.09187331,0.2308887,1.508635,-0.06641102,0.1620372,1.502451,-0.004372058,0.5497609,1.541111,-0.08199898,0.3624452,1.526126,-0.07216411,0.1641174,1.49151,-0.05579758,0.1637051,1.497457,-0.1849355,0.1822412,1.60056,-0.2155358,-0.101393,1.672832,-0.2611051,-0.3225198,1.763759,-0.09352481,0.1700887,1.57428,-0.04262618,-0.06820756,1.54383,-0.01114883,-0.3123301,1.567277,-0.09839866,0.6026549,1.565322
72057594037999830,0,1.01736,95831.26,-0.1413094,0.1709627,1.617088,-0.07823116,0.7858058,1.541033,-0.2094604,0.581199,1.571972,-0.2032977,0.3817579,1.589203,-0.09187331,0.2308887,1.508635,-0.06641102,0.1620372,1.502451,-0.004372058,0.5497609,1.541111,-0.08199898,0.3624452,1.526126,-0.07216411,0.1641174,1.49151,-0.05579758,0.1637051,1.497457,-0.1849355,0.1822412,1.60056,-0.2155358,-0.101393,1.672832,-0.2611051,-0.3225198,1.763759,-0.09352481,0.1700887,1.57428,-0.04262618,-0.06820756,1.54383,-0.01114883,-0.3123301,1.567277,-0.09839866,0.6026549,1.565322
72057594037999830,0,1.01736,95831.26,-0.1413094,0.1709627,1.617088,-0.07823116,0.7858058,1.541033,-0.2094604,0.581199,1.571972,-0.2032977,0.3817579,1.589203,-0.09187331,0.2308887,1.508635,-0.06641102,0.1620372,1.502451,-0.004372058,0.5497609,1.541111,-0.08199898,0.3624452,1.526126,-0.07216411,0.1641174,1.49151,-0.05579758,0.1637051,1.497457,-0.1849355,0.1822412,1.60056,-0.2155358,-0.101393,1.672832,-0.2611051,-0.3225198,1.763759,-0.09352481,0.1700887,1.57428,-0.04262618,-0.06820756,1.54383,-0.01114883,-0.3123301,1.567277,-0.09839866,0.6026549,1.565322
72057594037999830,0,1.01736,95831.27,-0.1413094,0.1709627,1.617088,-0.07823116,0.7858058,1.541033,-0.2094604,0.581199,1.571972,-0.2032977,0.3817579,1.589203,-0.09187331,0.2308887,1.508635,-0.06641102,0.1620372,1.502451,-0.004372058,0.5497609,1.541111,-0.08199898,0.3624452,1.526126,-0.07216411,0.1641174,1.49151,-0.05579758,0.1637051,1.497457,-0.1849355,0.1822412,1.60056,-0.2155358,-0.101393,1.672832,-0.2611051,-0.3225198,1.763759,-0.09352481,0.1700887,1.57428,-0.04262618,-0.06820756,1.54383,-0.01114883,-0.3123301,1.567277,-0.09839866,0.6026549,1.565322
72057594037999830,0,1.01736,95831.27,-0.1413094,0.1709627,1.617088,-0.07823116,0.7858058,1.541033,-0.2094604,0.581199,1.571972,-0.2032977,0.3817579,1.589203,-0.09187331,0.2308887,1.508635,-0.06641102,0.1620372,1.502451,-0.004372058,0.5497609,1.541111,-0.08199898,0.3624452,1.526126,-0.07216411,0.1641174,1.49151,-0.05579758,0.1637051,1.497457,-0.1849355,0.1822412,1.60056,-0.2155358,-0.101393,1.672832,-0.2611051,-0.3225198,1.763759,-0.09352481,0.1700887,1.57428,-0.04262618,-0.06820756,1.54383,-0.01114883,-0.3123301,1.567277,-0.09839866,0.6026549,1.565322
72057594037999830,0,1.01736,95831.27,-0.1413094,0.1709627,1.617088,-0.07823116,0.7858058,1.541033,-0.2094604,0.581199,1.571972,-0.2032977,0.3817579,1.589203,-0.09187331,0.2308887,1.508635,-0.06641102,0.1620372,1.502451,-0.004372058,0.5497609,1.541111,-0.08199898,0.3624452,1.526126,-0.07216411,0.1641174,1.49151,-0.05579758,0.1637051,1.497457,-0.1849355,0.1822412,1.60056,-0.2155358,-0.101393,1.672832,-0.2611051,-0.3225198,1.763759,-0.09352481,0.1700887,1.57428,-0.04262618,-0.06820756,1.54383,-0.01114883,-0.3123301,1.567277,-0.09839866,0.6026549,1.565322
72057594037999830,0,1.01736,95831.27,-0.1413094,0.1709627,1.617088,-0.07823116,0.7858058,1.541033,-0.2094604,0.581199,1.571972,-0.2032977,0.3817579,1.589203,-0.09187331,0.2308887,1.508635,-0.06641102,0.1620372,1.502451,-0.004372058,0.5497609,1.541111,-0.08199898,0.3624452,1.526126,-0.07216411,0.1641174,1.49151,-0.05579758,0.1637051,1.497457,-0.1849355,0.1822412,1.60056,-0.2155358,-0.101393,1.672832,-0.2611051,-0.3225198,1.763759,-0.09352481,0.1700887,1.57428,-0.04262618,-0.06820756,1.54383,-0.01114883,-0.3123301,1.567277,-0.09839866,0.6026549,1.565322
72057594037999830,0,1.01736,95831.27,-0.1413094,0.1709627,1.617088,-0.07823116,0.7858058,1.541033,-0.2094604,0.581199,1.571972,-0.2032977,0.3817579,1.589203,-0.09187331,0.2308887,1.508635,-0.06641102,0.1620372,1.502451,-0.004372058,0.5497609,1.541111,-0.08199898,0.3624452,1.526126,-0.07216411,0.1641174,1.49151,-0.05579758,0.1637051,1.497457,-0.1849355,0.1822412,1.60056,-0.2155358,-0.101393,1.672832,-0.2611051,-0.3225198,1.763759,-0.09352481,0.1700887,1.57428,-0.04262618,-0.06820756,1.54383,-0.01114883,-0.3123301,1.567277,-0.09839866,0.6026549,1.565322
72057594037999830,0,1.01736,95831.27,-0.1413094,0.1709627,1.617088,-0.07823116,0.7858058,1.541033,-0.2094604,0.581199,1.571972,-0.2032977,0.3817579,1.589203,-0.09187331,0.2308887,1.508635,-0.06641102,0.1620372,1.502451,-0.004372058,0.5497609,1.541111,-0.08199898,0.3624452,1.526126,-0.07216411,0.1641174,1.49151,-0.05579758,0.1637051,1.497457,-0.1849355,0.1822412,1.60056,-0.2155358,-0.101393,1.672832,-0.2611051,-0.3225198,1.763759,-0.09352481,0.1700887,1.57428,-0.04262618,-0.06820756,1.54383,-0.01114883,-0.3123301,1.567277,-0.09839866,0.6026549,1.565322
72057594037999830,0,1.01736,95831.28,-0.1413094,0.1709627,1.617088,-0.07823116,0.7858058,1.541033,-0.2094604,0.581199,1.571972,-0.2032977,0.3817579,1.589203,-0.09187331,0.2308887,1.508635,-0.06641102,0.1620372,1.502451,-0.004372058,0.5497609,1.541111,-0.08199898,0.3624452,1.526126,-0.07216411,0.1641174,1.49151,-0.05579758,0.1637051,1.497457,-0.1849355,0.1822412,1.60056,-0.2155358,-0.101393,1.672832,-0.2611051,-0.3225198,1.763759,-0.09352481,0.1700887,1.57428,-0.04262618,-0.06820756,1.54383,-0.01114883,-0.3123301,1.567277,-0.09839866,0.6026549,1.565322
72057594037999830,0,1.018092,95831.28,-0.145676,0.1693614,1.618402,-0.08451479,0.7924821,1.543147,-0.2127226,0.5846882,1.571656,-0.2091292,0.3901534,1.591563,-0.09083257,0.2358024,1.51482,-0.06631131,0.1628943,1.51487,-0.004944985,0.5535123,1.544927,-0.08404318,0.3612517,1.527444,-0.06986864,0.1575621,1.49699,-0.05350524,0.160127,1.509605,-0.1894268,0.1804154,1.601002,-0.2353303,-0.06894934,1.613943,-0.2629129,-0.2873307,1.730046,-0.09773781,0.1675983,1.576704,-0.04170952,-0.06629899,1.558119,-0.01984531,-0.3163932,1.591031,-0.1023721,0.6086585,1.564854
72057594037999830,0,1.018092,95831.29,-0.145676,0.1693614,1.618402,-0.08451479,0.7924821,1.543147,-0.2127226,0.5846882,1.571656,-0.2091292,0.3901534,1.591563,-0.09083257,0.2358024,1.51482,-0.06631131,0.1628943,1.51487,-0.004944985,0.5535123,1.544927,-0.08404318,0.3612517,1.527444,-0.06986864,0.1575621,1.49699,-0.05350524,0.160127,1.509605,-0.1894268,0.1804154,1.601002,-0.2353303,-0.06894934,1.613943,-0.2629129,-0.2873307,1.730046,-0.09773781,0.1675983,1.576704,-0.04170952,-0.06629899,1.558119,-0.01984531,-0.3163932,1.591031,-0.1023721,0.6086585,1.564854
72057594037999830,0,1.018092,95831.29,-0.145676,0.1693614,1.618402,-0.08451479,0.7924821,1.543147,-0.2127226,0.5846882,1.571656,-0.2091292,0.3901534,1.591563,-0.09083257,0.2358024,1.51482,-0.06631131,0.1628943,1.51487,-0.004944985,0.5535123,1.544927,-0.08404318,0.3612517,1.527444,-0.06986864,0.1575621,1.49699,-0.05350524,0.160127,1.509605,-0.1894268,0.1804154,1.601002,-0.2353303,-0.06894934,1.613943,-0.2629129,-0.2873307,1.730046,-0.09773781,0.1675983,1.576704,-0.04170952,-0.06629899,1.558119,-0.01984531,-0.3163932,1.591031,-0.1023721,0.6086585,1.564854
72057594037999830,0,1.018092,95831.29,-0.145676,0.1693614,1.618402,-0.08451479,0.7924821,1.543147,-0.2127226,0.5846882,1.571656,-0.2091292,0.3901534,1.591563,-0.09083257,0.2358024,1.51482,-0.06631131,0.1628943,1.51487,-0.004944985,0.5535123,1.544927,-0.08404318,0.3612517,1.527444,-0.06986864,0.1575621,1.49699,-0.05350524,0.160127,1.509605,-0.1894268,0.1804154,1.601002,-0.2353303,-0.06894934,1.613943,-0.2629129,-0.2873307,1.730046,-0.09773781,0.1675983,1.576704,-0.04170952,-0.06629899,1.558119,-0.01984531,-0.3163932,1.591031,-0.1023721,0.6086585,1.564854
72057594037999830,0,1.018092,95831.3,-0.145676,0.1693614,1.618402,-0.08451479,0.7924821,1.543147,-0.2127226,0.5846882,1.571656,-0.2091292,0.3901534,1.591563,-0.09083257,0.2358024,1.51482,-0.06631131,0.1628943,1.51487,-0.004944985,0.5535123,1.544927,-0.08404318,0.3612517,1.527444,-0.06986864,0.1575621,1.49699,-0.05350524,0.160127,1.509605,-0.1894268,0.1804154,1.601002,-0.2353303,-0.06894934,1.613943,-0.2629129,-0.2873307,1.730046,-0.09773781,0.1675983,1.576704,-0.04170952,-0.06629899,1.558119,-0.01984531,-0.3163932,1.591031,-0.1023721,0.6086585,1.564854
72057594037999830,0,1.018092,95831.3,-0.145676,0.1693614,1.618402,-0.08451479,0.7924821,1.543147,-0.2127226,0.5846882,1.571656,-0.2091292,0.3901534,1.591563,-0.09083257,0.2358024,1.51482,-0.06631131,0.1628943,1.51487,-0.004944985,0.5535123,1.544927,-0.08404318,0.3612517,1.527444,-0.06986864,0.1575621,1.49699,-0.05350524,0.160127,1.509605,-0.1894268,0.1804154,1.601002,-0.2353303,-0.06894934,1.613943,-0.2629129,-0.2873307,1.730046,-0.09773781,0.1675983,1.576704,-0.04170952,-0.06629899,1.558119,-0.01984531,-0.3163932,1.591031,-0.1023721,0.6086585,1.564854
72057594037999830,0,1.018092,95831.3,-0.145676,0.1693614,1.618402,-0.08451479,0.7924821,1.543147,-0.2127226,0.5846882,1.571656,-0.2091292,0.3901534,1.591563,-0.09083257,0.2358024,1.51482,-0.06631131,0.1628943,1.51487,-0.004944985,0.5535123,1.544927,-0.08404318,0.3612517,1.527444,-0.06986864,0.1575621,1.49699,-0.05350524,0.160127,1.509605,-0.1894268,0.1804154,1.601002,-0.2353303,-0.06894934,1.613943,-0.2629129,-0.2873307,1.730046,-0.09773781,0.1675983,1.576704,-0.04170952,-0.06629899,1.558119,-0.01984531,-0.3163932,1.591031,-0.1023721,0.6086585,1.564854
72057594037999830,0,1.018092,95831.3,-0.145676,0.1693614,1.618402,-0.08451479,0.7924821,1.543147,-0.2127226,0.5846882,1.571656,-0.2091292,0.3901534,1.591563,-0.09083257,0.2358024,1.51482,-0.06631131,0.1628943,1.51487,-0.004944985,0.5535123,1.544927,-0.08404318,0.3612517,1.527444,-0.06986864,0.1575621,1.49699,-0.05350524,0.160127,1.509605,-0.1894268,0.1804154,1.601002,-0.2353303,-0.06894934,1.613943,-0.2629129,-0.2873307,1.730046,-0.09773781,0.1675983,1.576704,-0.04170952,-0.06629899,1.558119,-0.01984531,-0.3163932,1.591031,-0.1023721,0.6086585,1.564854
72057594037999830,0,1.018092,95831.3,-0.145676,0.1693614,1.618402,-0.08451479,0.7924821,1.543147,-0.2127226,0.5846882,1.571656,-0.2091292,0.3901534,1.591563,-0.09083257,0.2358024,1.51482,-0.06631131,0.1628943,1.51487,-0.004944985,0.5535123,1.544927,-0.08404318,0.3612517,1.527444,-0.06986864,0.1575621,1.49699,-0.05350524,0.160127,1.509605,-0.1894268,0.1804154,1.601002,-0.2353303,-0.06894934,1.613943,-0.2629129,-0.2873307,1.730046,-0.09773781,0.1675983,1.576704,-0.04170952,-0.06629899,1.558119,-0.01984531,-0.3163932,1.591031,-0.1023721,0.6086585,1.564854
72057594037999830,0,1.018092,95831.3,-0.145676,0.1693614,1.618402,-0.08451479,0.7924821,1.543147,-0.2127226,0.5846882,1.571656,-0.2091292,0.3901534,1.591563,-0.09083257,0.2358024,1.51482,-0.06631131,0.1628943,1.51487,-0.004944985,0.5535123,1.544927,-0.08404318,0.3612517,1.527444,-0.06986864,0.1575621,1.49699,-0.05350524,0.160127,1.509605,-0.1894268,0.1804154,1.601002,-0.2353303,-0.06894934,1.613943,-0.2629129,-0.2873307,1.730046,-0.09773781,0.1675983,1.576704,-0.04170952,-0.06629899,1.558119,-0.01984531,-0.3163932,1.591031,-0.1023721,0.6086585,1.564854
72057594037999830,0,1.018092,95831.31,-0.145676,0.1693614,1.618402,-0.08451479,0.7924821,1.543147,-0.2127226,0.5846882,1.571656,-0.2091292,0.3901534,1.591563,-0.09083257,0.2358024,1.51482,-0.06631131,0.1628943,1.51487,-0.004944985,0.5535123,1.544927,-0.08404318,0.3612517,1.527444,-0.06986864,0.1575621,1.49699,-0.05350524,0.160127,1.509605,-0.1894268,0.1804154,1.601002,-0.2353303,-0.06894934,1.613943,-0.2629129,-0.2873307,1.730046,-0.09773781,0.1675983,1.576704,-0.04170952,-0.06629899,1.558119,-0.01984531,-0.3163932,1.591031,-0.1023721,0.6086585,1.564854
72057594037999830,0,1.018092,95831.31,-0.145676,0.1693614,1.618402,-0.08451479,0.7924821,1.543147,-0.2127226,0.5846882,1.571656,-0.2091292,0.3901534,1.591563,-0.09083257,0.2358024,1.51482,-0.06631131,0.1628943,1.51487,-0.004944985,0.5535123,1.544927,-0.08404318,0.3612517,1.527444,-0.06986864,0.1575621,1.49699,-0.05350524,0.160127,1.509605,-0.1894268,0.1804154,1.601002,-0.2353303,-0.06894934,1.613943,-0.2629129,-0.2873307,1.730046,-0.09773781,0.1675983,1.576704,-0.04170952,-0.06629899,1.558119,-0.01984531,-0.3163932,1.591031,-0.1023721,0.6086585,1.564854
72057594037999830,0,1.023958,95831.31,-0.1508144,0.1619103,1.618413,-0.0926029,0.7939873,1.544893,-0.2138887,0.5842433,1.571897,-0.2135621,0.388146,1.594892,-0.0857292,0.2336422,1.523397,-0.06550737,0.165798,1.521824,-0.00783396,0.5472614,1.54427,-0.02273149,0.3358116,1.53608,-0.07657573,0.1342818,1.512775,-0.05619722,0.1024219,1.514768,-0.1939184,0.1747706,1.599825,-0.2402656,-0.07274777,1.611989,-0.2962319,-0.3140091,1.67786,-0.1033963,0.156675,1.577972,-0.05818511,-0.01364902,1.557199,-0.05599023,-0.209787,1.598624,-0.1089076,0.6106861,1.56433
72057594037999830,0,1.023958,95831.32,-0.1508144,0.1619103,1.618413,-0.0926029,0.7939873,1.544893,-0.2138887,0.5842433,1.571897,-0.2135621,0.388146,1.594892,-0.0857292,0.2336422,1.523397,-0.06550737,0.165798,1.521824,-0.00783396,0.5472614,1.54427,-0.02273149,0.3358116,1.53608,-0.07657573,0.1342818,1.512775,-0.05619722,0.1024219,1.514768,-0.1939184,0.1747706,1.599825,-0.2402656,-0.07274777,1.611989,-0.2962319,-0.3140091,1.67786,-0.1033963,0.156675,1.577972,-0.05818511,-0.01364902,1.557199,-0.05599023,-0.209787,1.598624,-0.1089076,0.6106861,1.56433
72057594037999830,0,1.023958,95831.32,-0.1508144,0.1619103,1.618413,-0.0926029,0.7939873,1.544893,-0.2138887,0.5842433,1.571897,-0.2135621,0.388146,1.594892,-0.0857292,0.2336422,1.523397,-0.06550737,0.165798,1.521824,-0.00783396,0.5472614,1.54427,-0.02273149,0.3358116,1.53608,-0.07657573,0.1342818,1.512775,-0.05619722,0.1024219,1.514768,-0.1939184,0.1747706,1.599825,-0.2402656,-0.07274777,1.611989,-0.2962319,-0.3140091,1.67786,-0.1033963,0.156675,1.577972,-0.05818511,-0.01364902,1.557199,-0.05599023,-0.209787,1.598624,-0.1089076,0.6106861,1.56433
72057594037999830,0,1.023958,95831.32,-0.1508144,0.1619103,1.618413,-0.0926029,0.7939873,1.544893,-0.2138887,0.5842433,1.571897,-0.2135621,0.388146,1.594892,-0.0857292,0.2336422,1.523397,-0.06550737,0.165798,1.521824,-0.00783396,0.5472614,1.54427,-0.02273149,0.3358116,1.53608,-0.07657573,0.1342818,1.512775,-0.05619722,0.1024219,1.514768,-0.1939184,0.1747706,1.599825,-0.2402656,-0.07274777,1.611989,-0.2962319,-0.3140091,1.67786,-0.1033963,0.156675,1.577972,-0.05818511,-0.01364902,1.557199,-0.05599023,-0.209787,1.598624,-0.1089076,0.6106861,1.56433
72057594037999830,0,1.023958,95831.33,-0.1508144,0.1619103,1.618413,-0.0926029,0.7939873,1.544893,-0.2138887,0.5842433,1.571897,-0.2135621,0.388146,1.594892,-0.0857292,0.2336422,1.523397,-0.06550737,0.165798,1.521824,-0.00783396,0.5472614,1.54427,-0.02273149,0.3358116,1.53608,-0.07657573,0.1342818,1.512775,-0.05619722,0.1024219,1.514768,-0.1939184,0.1747706,1.599825,-0.2402656,-0.07274777,1.611989,-0.2962319,-0.3140091,1.67786,-0.1033963,0.156675,1.577972,-0.05818511,-0.01364902,1.557199,-0.05599023,-0.209787,1.598624,-0.1089076,0.6106861,1.56433
72057594037999830,0,1.023958,95831.33,-0.1508144,0.1619103,1.618413,-0.0926029,0.7939873,1.544893,-0.2138887,0.5842433,1.571897,-0.2135621,0.388146,1.594892,-0.0857292,0.2336422,1.523397,-0.06550737,0.165798,1.521824,-0.00783396,0.5472614,1.54427,-0.02273149,0.3358116,1.53608,-0.07657573,0.1342818,1.512775,-0.05619722,0.1024219,1.514768,-0.1939184,0.1747706,1.599825,-0.2402656,-0.07274777,1.611989,-0.2962319,-0.3140091,1.67786,-0.1033963,0.156675,1.577972,-0.05818511,-0.01364902,1.557199,-0.05599023,-0.209787,1.598624,-0.1089076,0.6106861,1.56433
72057594037999830,0,1.023958,95831.33,-0.1508144,0.1619103,1.618413,-0.0926029,0.7939873,1.544893,-0.2138887,0.5842433,1.571897,-0.2135621,0.388146,1.594892,-0.0857292,0.2336422,1.523397,-0.06550737,0.165798,1.521824,-0.00783396,0.5472614,1.54427,-0.02273149,0.3358116,1.53608,-0.07657573,0.1342818,1.512775,-0.05619722,0.1024219,1.514768,-0.1939184,0.1747706,1.599825,-0.2402656,-0.07274777,1.611989,-0.2962319,-0.3140091,1.67786,-0.1033963,0.156675,1.577972,-0.05818511,-0.01364902,1.557199,-0.05599023,-0.209787,1.598624,-0.1089076,0.6106861,1.56433
72057594037999830,0,1.023958,95831.34,-0.1508144,0.1619103,1.618413,-0.0926029,0.7939873,1.544893,-0.2138887,0.5842433,1.571897,-0.2135621,0.388146,1.594892,-0.0857292,0.2336422,1.523397,-0.06550737,0.165798,1.521824,-0.00783396,0.5472614,1.54427,-0.02273149,0.3358116,1.53608,-0.07657573,0.1342818,1.512775,-0.05619722,0.1024219,1.514768,-0.1939184,0.1747706,1.599825,-0.2402656,-0.07274777,1.611989,-0.2962319,-0.3140091,1.67786,-0.1033963,0.156675,1.577972,-0.05818511,-0.01364902,1.557199,-0.05599023,-0.209787,1.598624,-0.1089076,0.6106861,1.56433
72057594037999830,0,1.023958,95831.34,-0.1508144,0.1619103,1.618413,-0.0926029,0.7939873,1.544893,-0.2138887,0.5842433,1.571897,-0.2135621,0.388146,1.594892,-0.0857292,0.2336422,1.523397,-0.06550737,0.165798,1.521824,-0.00783396,0.5472614,1.54427,-0.02273149,0.3358116,1.53608,-0.07657573,0.1342818,1.512775,-0.05619722,0.1024219,1.514768,-0.1939184,0.1747706,1.599825,-0.2402656,-0.07274777,1.611989,-0.2962319,-0.3140091,1.67786,-0.1033963,0.156675,1.577972,-0.05818511,-0.01364902,1.557199,-0.05599023,-0.209787,1.598624,-0.1089076,0.6106861,1.56433
72057594037999830,0,1.023958,95831.34,-0.1508144,0.1619103,1.618413,-0.0926029,0.7939873,1.544893,-0.2138887,0.5842433,1.571897,-0.2135621,0.388146,1.594892,-0.0857292,0.2336422,1.523397,-0.06550737,0.165798,1.521824,-0.00783396,0.5472614,1.54427,-0.02273149,0.3358116,1.53608,-0.07657573,0.1342818,1.512775,-0.05619722,0.1024219,1.514768,-0.1939184,0.1747706,1.599825,-0.2402656,-0.07274777,1.611989,-0.2962319,-0.3140091,1.67786,-0.1033963,0.156675,1.577972,-0.05818511,-0.01364902,1.557199,-0.05599023,-0.209787,1.598624,-0.1089076,0.6106861,1.56433
72057594037999830,0,1.023958,95831.34,-0.1508144,0.1619103,1.618413,-0.0926029,0.7939873,1.544893,-0.2138887,0.5842433,1.571897,-0.2135621,0.388146,1.594892,-0.0857292,0.2336422,1.523397,-0.06550737,0.165798,1.521824,-0.00783396,0.5472614,1.54427,-0.02273149,0.3358116,1.53608,-0.07657573,0.1342818,1.512775,-0.05619722,0.1024219,1.514768,-0.1939184,0.1747706,1.599825,-0.2402656,-0.07274777,1.611989,-0.2962319,-0.3140091,1.67786,-0.1033963,0.156675,1.577972,-0.05818511,-0.01364902,1.557199,-0.05599023,-0.209787,1.598624,-0.1089076,0.6106861,1.56433
72057594037999830,0,1.023958,95831.34,-0.1508144,0.1619103,1.618413,-0.0926029,0.7939873,1.544893,-0.2138887,0.5842433,1.571897,-0.2135621,0.388146,1.594892,-0.0857292,0.2336422,1.523397,-0.06550737,0.165798,1.521824,-0.00783396,0.5472614,1.54427,-0.02273149,0.3358116,1.53608,-0.07657573,0.1342818,1.512775,-0.05619722,0.1024219,1.514768,-0.1939184,0.1747706,1.599825,-0.2402656,-0.07274777,1.611989,-0.2962319,-0.3140091,1.67786,-0.1033963,0.156675,1.577972,-0.05818511,-0.01364902,1.557199,-0.05599023,-0.209787,1.598624,-0.1089076,0.6106861,1.56433
72057594037999830,0,1.033873,95831.35,-0.1545045,0.1480662,1.618882,-0.1045082,0.7880519,1.548284,-0.23532,0.5727964,1.573613,-0.2929744,0.3690834,1.626922,-0.3402383,0.2234079,1.563633,-0.3507716,0.2202273,1.573603,-0.01385715,0.5450228,1.550128,-0.002256388,0.3368993,1.613914,-0.1536606,0.1864236,1.550113,-0.2086896,0.1366132,1.539497,-0.1990435,0.1569199,1.59692,-0.2527336,-0.03356418,1.581228,-0.2823032,-0.2234984,1.630805,-0.105442,0.1462928,1.580614,-0.06503487,-0.01977906,1.558155,-0.07016117,-0.2164809,1.603118,-0.1183313,0.6060224,1.565649
72057594037999830,0,1.033873,95831.35,-0.1545045,0.1480662,1.618882,-0.1045082,0.7880519,1.548284,-0.23532,0.5727964,1.573613,-0.2929744,0.3690834,1.626922,-0.3402383,0.2234079,1.563633,-0.3507716,0.2202273,1.573603,-0.01385715,0.5450228,1.550128,-0.002256388,0.3368993,1.613914,-0.1536606,0.1864236,1.550113,-0.2086896,0.1366132,1.539497,-0.1990435,0.1569199,1.59692,-0.2527336,-0.03356418,1.581228,-0.2823032,-0.2234984,1.630805,-0.105442,0.1462928,1.580614,-0.06503487,-0.01977906,1.558155,-0.07016117,-0.2164809,1.603118,-0.1183313,0.6060224,1.565649
72057594037999830,0,1.033873,95831.35,-0.1545045,0.1480662,1.618882,-0.1045082,0.7880519,1.548284,-0.23532,0.5727964,1.573613,-0.2929744,0.3690834,1.626922,-0.3402383,0.2234079,1.563633,-0.3507716,0.2202273,1.573603,-0.01385715,0.5450228,1.550128,-0.002256388,0.3368993,1.613914,-0.1536606,0.1864236,1.550113,-0.2086896,0.1366132,1.539497,-0.1990435,0.1569199,1.59692,-0.2527336,-0.03356418,1.581228,-0.2823032,-0.2234984,1.630805,-0.105442,0.1462928,1.580614,-0.06503487,-0.01977906,1.558155,-0.07016117,-0.2164809,1.603118,-0.1183313,0.6060224,1.565649
72057594037999830,0,1.033873,95831.35,-0.1545045,0.1480662,1.618882,-0.1045082,0.7880519,1.548284,-0.23532,0.5727964,1.573613,-0.2929744,0.3690834,1.626922,-0.3402383,0.2234079,1.563633,-0.3507716,0.2202273,1.573603,-0.01385715,0.5450228,1.550128,-0.002256388,0.3368993,1.613914,-0.1536606,0.1864236,1.550113,-0.2086896,0.1366132,1.539497,-0.1990435,0.1569199,1.59692,-0.2527336,-0.03356418,1.581228,-0.2823032,-0.2234984,1.630805,-0.105442,0.1462928,1.580614,-0.06503487,-0.01977906,1.558155,-0.07016117,-0.2164809,1.603118,-0.1183313,0.6060224,1.565649
72057594037999830,0,1.033873,95831.36,-0.1545045,0.1480662,1.618882,-0.1045082,0.7880519,1.548284,-0.23532,0.5727964,1.573613,-0.2929744,0.3690834,1.626922,-0.3402383,0.2234079,1.563633,-0.3507716,0.2202273,1.573603,-0.01385715,0.5450228,1.550128,-0.002256388,0.3368993,1.613914,-0.1536606,0.1864236,1.550113,-0.2086896,0.1366132,1.539497,-0.1990435,0.1569199,1.59692,-0.2527336,-0.03356418,1.581228,-0.2823032,-0.2234984,1.630805,-0.105442,0.1462928,1.580614,-0.06503487,-0.01977906,1.558155,-0.07016117,-0.2164809,1.603118,-0.1183313,0.6060224,1.565649
72057594037999830,0,1.033873,95831.36,-0.1545045,0.1480662,1.618882,-0.1045082,0.7880519,1.548284,-0.23532,0.5727964,1.573613,-0.2929744,0.3690834,1.626922,-0.3402383,0.2234079,1.563633,-0.3507716,0.2202273,1.573603,-0.01385715,0.5450228,1.550128,-0.002256388,0.3368993,1.613914,-0.1536606,0.1864236,1.550113,-0.2086896,0.1366132,1.539497,-0.1990435,0.1569199,1.59692,-0.2527336,-0.03356418,1.581228,-0.2823032,-0.2234984,1.630805,-0.105442,0.1462928,1.580614,-0.06503487,-0.01977906,1.558155,-0.07016117,-0.2164809,1.603118,-0.1183313,0.6060224,1.565649
72057594037999830,0,1.033873,95831.37,-0.1545045,0.1480662,1.618882,-0.1045082,0.7880519,1.548284,-0.23532,0.5727964,1.573613,-0.2929744,0.3690834,1.626922,-0.3402383,0.2234079,1.563633,-0.3507716,0.2202273,1.573603,-0.01385715,0.5450228,1.550128,-0.002256388,0.3368993,1.613914,-0.1536606,0.1864236,1.550113,-0.2086896,0.1366132,1.539497,-0.1990435,0.1569199,1.59692,-0.2527336,-0.03356418,1.581228,-0.2823032,-0.2234984,1.630805,-0.105442,0.1462928,1.580614,-0.06503487,-0.01977906,1.558155,-0.07016117,-0.2164809,1.603118,-0.1183313,0.6060224,1.565649
72057594037999830,0,1.033873,95831.37,-0.1545045,0.1480662,1.618882,-0.1045082,0.7880519,1.548284,-0.23532,0.5727964,1.573613,-0.2929744,0.3690834,1.626922,-0.3402383,0.2234079,1.563633,-0.3507716,0.2202273,1.573603,-0.01385715,0.5450228,1.550128,-0.002256388,0.3368993,1.613914,-0.1536606,0.1864236,1.550113,-0.2086896,0.1366132,1.539497,-0.1990435,0.1569199,1.59692,-0.2527336,-0.03356418,1.581228,-0.2823032,-0.2234984,1.630805,-0.105442,0.1462928,1.580614,-0.06503487,-0.01977906,1.558155,-0.07016117,-0.2164809,1.603118,-0.1183313,0.6060224,1.565649
72057594037999830,0,1.033873,95831.37,-0.1545045,0.1480662,1.618882,-0.1045082,0.7880519,1.548284,-0.23532,0.5727964,1.573613,-0.2929744,0.3690834,1.626922,-0.3402383,0.2234079,1.563633,-0.3507716,0.2202273,1.573603,-0.01385715,0.5450228,1.550128,-0.002256388,0.3368993,1.613914,-0.1536606,0.1864236,1.550113,-0.2086896,0.1366132,1.539497,-0.1990435,0.1569199,1.59692,-0.2527336,-0.03356418,1.581228,-0.2823032,-0.2234984,1.630805,-0.105442,0.1462928,1.580614,-0.06503487,-0.01977906,1.558155,-0.07016117,-0.2164809,1.603118,-0.1183313,0.6060224,1.565649
72057594037999830,0,1.033873,95831.38,-0.1545045,0.1480662,1.618882,-0.1045082,0.7880519,1.548284,-0.23532,0.5727964,1.573613,-0.2929744,0.3690834,1.626922,-0.3402383,0.2234079,1.563633,-0.3507716,0.2202273,1.573603,-0.01385715,0.5450228,1.550128,-0.002256388,0.3368993,1.613914,-0.1536606,0.1864236,1.550113,-0.2086896,0.1366132,1.539497,-0.1990435,0.1569199,1.59692,-0.2527336,-0.03356418,1.581228,-0.2823032,-0.2234984,1.630805,-0.105442,0.1462928,1.580614,-0.06503487,-0.01977906,1.558155,-0.07016117,-0.2164809,1.603118,-0.1183313,0.6060224,1.565649
72057594037999830,0,1.033873,95831.38,-0.1545045,0.1480662,1.618882,-0.1045082,0.7880519,1.548284,-0.23532,0.5727964,1.573613,-0.2929744,0.3690834,1.626922,-0.3402383,0.2234079,1.563633,-0.3507716,0.2202273,1.573603,-0.01385715,0.5450228,1.550128,-0.002256388,0.3368993,1.613914,-0.1536606,0.1864236,1.550113,-0.2086896,0.1366132,1.539497,-0.1990435,0.1569199,1.59692,-0.2527336,-0.03356418,1.581228,-0.2823032,-0.2234984,1.630805,-0.105442,0.1462928,1.580614,-0.06503487,-0.01977906,1.558155,-0.07016117,-0.2164809,1.603118,-0.1183313,0.6060224,1.565649
72057594037999830,0,1.033873,95831.38,-0.1545045,0.1480662,1.618882,-0.1045082,0.7880519,1.548284,-0.23532,0.5727964,1.573613,-0.2929744,0.3690834,1.626922,-0.3402383,0.2234079,1.563633,-0.3507716,0.2202273,1.573603,-0.01385715,0.5450228,1.550128,-0.002256388,0.3368993,1.613914,-0.1536606,0.1864236,1.550113,-0.2086896,0.1366132,1.539497,-0.1990435,0.1569199,1.59692,-0.2527336,-0.03356418,1.581228,-0.2823032,-0.2234984,1.630805,-0.105442,0.1462928,1.580614,-0.06503487,-0.01977906,1.558155,-0.07016117,-0.2164809,1.603118,-0.1183313,0.6060224,1.565649
72057594037999830,0,1.033873,95831.38,-0.1545045,0.1480662,1.618882,-0.1045082,0.7880519,1.548284,-0.23532,0.5727964,1.573613,-0.2929744,0.3690834,1.626922,-0.3402383,0.2234079,1.563633,-0.3507716,0.2202273,1.573603,-0.01385715,0.5450228,1.550128,-0.002256388,0.3368993,1.613914,-0.1536606,0.1864236,1.550113,-0.2086896,0.1366132,1.539497,-0.1990435,0.1569199,1.59692,-0.2527336,-0.03356418,1.581228,-0.2823032,-0.2234984,1.630805,-0.105442,0.1462928,1.580614,-0.06503487,-0.01977906,1.558155,-0.07016117,-0.2164809,1.603118,-0.1183313,0.6060224,1.565649
72057594037999830,0,1.04714,95831.38,-0.1574835,0.1308478,1.617991,-0.1180111,0.7733342,1.552591,-0.2429502,0.5565222,1.572465,-0.3032973,0.3513686,1.636602,-0.3657635,0.2003289,1.558655,-0.372245,0.1994558,1.558205,-0.01858015,0.534799,1.559949,-0.001920527,0.3255507,1.620074,-0.04861876,0.1240315,1.519764,-0.07362666,0.05422941,1.508122,-0.2026663,0.1388439,1.593449,-0.2561684,-0.04326946,1.578645,-0.2897878,-0.228295,1.628707,-0.1072165,0.1312536,1.582268,-0.06905293,-0.02674973,1.553714,-0.07271762,-0.2202778,1.603626,-0.1320619,0.5890363,1.567076
72057594037999830,0,1.04714,95831.38,-0.1574835,0.1308478,1.617991,-0.1180111,0.7733342,1.552591,-0.2429502,0.5565222,1.572465,-0.3032973,0.3513686,1.636602,-0.3657635,0.2003289,1.558655,-0.372245,0.1994558,1.558205,-0.01858015,0.534799,1.559949,-0.001920527,0.3255507,1.620074,-0.04861876,0.1240315,1.519764,-0.07362666,0.05422941,1.508122,-0.2026663,0.1388439,1.593449,-0.2561684,-0.04326946,1.578645,-0.2897878,-0.228295,1.628707,-0.1072165,0.1312536,1.582268,-0.06905293,-0.02674973,1.553714,-0.07271762,-0.2202778,1.603626,-0.1320619,0.5890363,1.567076
72057594037999830,0,1.04714,95831.39,-0.1574835,0.1308478,1.617991,-0.1180111,0.7733342,1.552591,-0.2429502,0.5565222,1.572465,-0.3032973,0.3513686,1.636602,-0.3657635,0.2003289,1.558655,-0.372245,0.1994558,1.558205,-0.01858015,0.534799,1.559949,-0.001920527,0.3255507,1.620074,-0.04861876,0.1240315,1.519764,-0.07362666,0.05422941,1.508122,-0.2026663,0.1388439,1.593449,-0.2561684,-0.04326946,1.578645,-0.2897878,-0.228295,1.628707,-0.1072165,0.1312536,1.582268,-0.06905293,-0.02674973,1.553714,-0.07271762,-0.2202778,1.603626,-0.1320619,0.5890363,1.567076
72057594037999830,0,1.04714,95831.39,-0.1574835,0.1308478,1.617991,-0.1180111,0.7733342,1.552591,-0.2429502,0.5565222,1.572465,-0.3032973,0.3513686,1.636602,-0.3657635,0.2003289,1.558655,-0.372245,0.1994558,1.558205,-0.01858015,0.534799,1.559949,-0.001920527,0.3255507,1.620074,-0.04861876,0.1240315,1.519764,-0.07362666,0.05422941,1.508122,-0.2026663,0.1388439,1.593449,-0.2561684,-0.04326946,1.578645,-0.2897878,-0.228295,1.628707,-0.1072165,0.1312536,1.582268,-0.06905293,-0.02674973,1.553714,-0.07271762,-0.2202778,1.603626,-0.1320619,0.5890363,1.567076
72057594037999830,0,1.04714,95831.39,-0.1574835,0.1308478,1.617991,-0.1180111,0.7733342,1.552591,-0.2429502,0.5565222,1.572465,-0.3032973,0.3513686,1.636602,-0.3657635,0.2003289,1.558655,-0.372245,0.1994558,1.558205,-0.01858015,0.534799,1.559949,-0.001920527,0.3255507,1.620074,-0.04861876,0.1240315,1.519764,-0.07362666,0.05422941,1.508122,-0.2026663,0.1388439,1.593449,-0.2561684,-0.04326946,1.578645,-0.2897878,-0.228295,1.628707,-0.1072165,0.1312536,1.582268,-0.06905293,-0.02674973,1.553714,-0.07271762,-0.2202778,1.603626,-0.1320619,0.5890363,1.567076
72057594037999830,0,1.04714,95831.4,-0.1574835,0.1308478,1.617991,-0.1180111,0.7733342,1.552591,-0.2429502,0.5565222,1.572465,-0.3032973,0.3513686,1.636602,-0.3657635,0.2003289,1.558655,-0.372245,0.1994558,1.558205,-0.01858015,0.534799,1.559949,-0.001920527,0.3255507,1.620074,-0.04861876,0.1240315,1.519764,-0.07362666,0.05422941,1.508122,-0.2026663,0.1388439,1.593449,-0.2561684,-0.04326946,1.578645,-0.2897878,-0.228295,1.628707,-0.1072165,0.1312536,1.582268,-0.06905293,-0.02674973,1.553714,-0.07271762,-0.2202778,1.603626,-0.1320619,0.5890363,1.567076
72057594037999830,0,1.04714,95831.4,-0.1574835,0.1308478,1.617991,-0.1180111,0.7733342,1.552591,-0.2429502,0.5565222,1.572465,-0.3032973,0.3513686,1.636602,-0.3657635,0.2003289,1.558655,-0.372245,0.1994558,1.558205,-0.01858015,0.534799,1.559949,-0.001920527,0.3255507,1.620074,-0.04861876,0.1240315,1.519764,-0.07362666,0.05422941,1.508122,-0.2026663,0.1388439,1.593449,-0.2561684,-0.04326946,1.578645,-0.2897878,-0.228295,1.628707,-0.1072165,0.1312536,1.582268,-0.06905293,-0.02674973,1.553714,-0.07271762,-0.2202778,1.603626,-0.1320619,0.5890363,1.567076
72057594037999830,0,1.04714,95831.4,-0.1574835,0.1308478,1.617991,-0.1180111,0.7733342,1.552591,-0.2429502,0.5565222,1.572465,-0.3032973,0.3513686,1.636602,-0.3657635,0.2003289,1.558655,-0.372245,0.1994558,1.558205,-0.01858015,0.534799,1.559949,-0.001920527,0.3255507,1.620074,-0.04861876,0.1240315,1.519764,-0.07362666,0.05422941,1.508122,-0.2026663,0.1388439,1.593449,-0.2561684,-0.04326946,1.578645,-0.2897878,-0.228295,1.628707,-0.1072165,0.1312536,1.582268,-0.06905293,-0.02674973,1.553714,-0.07271762,-0.2202778,1.603626,-0.1320619,0.5890363,1.567076
72057594037999830,0,1.04714,95831.41,-0.1574835,0.1308478,1.617991,-0.1180111,0.7733342,1.552591,-0.2429502,0.5565222,1.572465,-0.3032973,0.3513686,1.636602,-0.3657635,0.2003289,1.558655,-0.372245,0.1994558,1.558205,-0.01858015,0.534799,1.559949,-0.001920527,0.3255507,1.620074,-0.04861876,0.1240315,1.519764,-0.07362666,0.05422941,1.508122,-0.2026663,0.1388439,1.593449,-0.2561684,-0.04326946,1.578645,-0.2897878,-0.228295,1.628707,-0.1072165,0.1312536,1.582268,-0.06905293,-0.02674973,1.553714,-0.07271762,-0.2202778,1.603626,-0.1320619,0.5890363,1.567076
72057594037999830,0,1.04714,95831.41,-0.1574835,0.1308478,1.617991,-0.1180111,0.7733342,1.552591,-0.2429502,0.5565222,1.572465,-0.3032973,0.3513686,1.636602,-0.3657635,0.2003289,1.558655,-0.372245,0.1994558,1.558205,-0.01858015,0.534799,1.559949,-0.001920527,0.3255507,1.620074,-0.04861876,0.1240315,1.519764,-0.07362666,0.05422941,1.508122,-0.2026663,0.1388439,1.593449,-0.2561684,-0.04326946,1.578645,-0.2897878,-0.228295,1.628707,-0.1072165,0.1312536,1.582268,-0.06905293,-0.02674973,1.553714,-0.07271762,-0.2202778,1.603626,-0.1320619,0.5890363,1.567076
72057594037999830,0,1.04714,95831.41,-0.1574835,0.1308478,1.617991,-0.1180111,0.7733342,1.552591,-0.2429502,0.5565222,1.572465,-0.3032973,0.3513686,1.636602,-0.3657635,0.2003289,1.558655,-0.372245,0.1994558,1.558205,-0.01858015,0.534799,1.559949,-0.001920527,0.3255507,1.620074,-0.04861876,0.1240315,1.519764,-0.07362666,0.05422941,1.508122,-0.2026663,0.1388439,1.593449,-0.2561684,-0.04326946,1.578645,-0.2897878,-0.228295,1.628707,-0.1072165,0.1312536,1.582268,-0.06905293,-0.02674973,1.553714,-0.07271762,-0.2202778,1.603626,-0.1320619,0.5890363,1.567076
72057594037999830,0,1.057055,95831.41,-0.160672,0.1197456,1.615766,-0.1253919,0.7653004,1.556083,-0.2456855,0.5500917,1.572204,-0.326489,0.3437857,1.631205,-0.378768,0.1944898,1.55746,-0.391822,0.190548,1.557968,-0.01895223,0.528953,1.558492,-0.001824827,0.3179619,1.624206,-0.03112053,0.105788,1.526283,-0.06857613,0.09044701,1.507534,-0.2061348,0.128148,1.589324,-0.2605676,-0.05098766,1.569264,-0.2919782,-0.229085,1.626958,-0.1098258,0.1202327,1.581827,-0.07144434,-0.0326643,1.547074,-0.07325483,-0.2228211,1.602871,-0.1318404,0.5891442,1.567323
72057594037999830,0,1.057055,95831.42,-0.160672,0.1197456,1.615766,-0.1253919,0.7653004,1.556083,-0.2456855,0.5500917,1.572204,-0.326489,0.3437857,1.631205,-0.378768,0.1944898,1.55746,-0.391822,0.190548,1.557968,-0.01895223,0.528953,1.558492,-0.001824827,0.3179619,1.624206,-0.03112053,0.105788,1.526283,-0.06857613,0.09044701,1.507534,-0.2061348,0.128148,1.589324,-0.2605676,-0.05098766,1.569264,-0.2919782,-0.229085,1.626958,-0.1098258,0.1202327,1.581827,-0.07144434,-0.0326643,1.547074,-0.07325483,-0.2228211,1.602871,-0.1318404,0.5891442,1.567323
72057594037999830,0,1.057055,95831.42,-0.160672,0.1197456,1.615766,-0.1253919,0.7653004,1.556083,-0.2456855,0.5500917,1.572204,-0.326489,0.3437857,1.631205,-0.378768,0.1944898,1.55746,-0.391822,0.190548,1.557968,-0.01895223,0.528953,1.558492,-0.001824827,0.3179619,1.624206,-0.03112053,0.105788,1.526283,-0.06857613,0.09044701,1.507534,-0.2061348,0.128148,1.589324,-0.2605676,-0.05098766,1.569264,-0.2919782,-0.229085,1.626958,-0.1098258,0.1202327,1.581827,-0.07144434,-0.0326643,1.547074,-0.07325483,-0.2228211,1.602871,-0.1318404,0.5891442,1.567323
72057594037999830,0,1.057055,95831.42,-0.160672,0.1197456,1.615766,-0.1253919,0.7653004,1.556083,-0.2456855,0.5500917,1.572204,-0.326489,0.3437857,1.631205,-0.378768,0.1944898,1.55746,-0.391822,0.190548,1.557968,-0.01895223,0.528953,1.558492,-0.001824827,0.3179619,1.624206,-0.03112053,0.105788,1.526283,-0.06857613,0.09044701,1.507534,-0.2061348,0.128148,1.589324,-0.2605676,-0.05098766,1.569264,-0.2919782,-0.229085,1.626958,-0.1098258,0.1202327,1.581827,-0.07144434,-0.0326643,1.547074,-0.07325483,-0.2228211,1.602871,-0.1318404,0.5891442,1.567323
72057594037999830,0,1.057055,95831.43,-0.160672,0.1197456,1.615766,-0.1253919,0.7653004,1.556083,-0.2456855,0.5500917,1.572204,-0.326489,0.3437857,1.631205,-0.378768,0.1944898,1.55746,-0.391822,0.190548,1.557968,-0.01895223,0.528953,1.558492,-0.001824827,0.3179619,1.624206,-0.03112053,0.105788,1.526283,-0.06857613,0.09044701,1.507534,-0.2061348,0.128148,1.589324,-0.2605676,-0.05098766,1.569264,-0.2919782,-0.229085,1.626958,-0.1098258,0.1202327,1.581827,-0.07144434,-0.0326643,1.547074,-0.07325483,-0.2228211,1.602871,-0.1318404,0.5891442,1.567323
72057594037999830,0,1.057055,95831.43,-0.160672,0.1197456,1.615766,-0.1253919,0.7653004,1.556083,-0.2456855,0.5500917,1.572204,-0.326489,0.3437857,1.631205,-0.378768,0.1944898,1.55746,-0.391822,0.190548,1.557968,-0.01895223,0.528953,1.558492,-0.001824827,0.3179619,1.624206,-0.03112053,0.105788,1.526283,-0.06857613,0.09044701,1.507534,-0.2061348,0.128148,1.589324,-0.2605676,-0.05098766,1.569264,-0.2919782,-0.229085,1.626958,-0.1098258,0.1202327,1.581827,-0.07144434,-0.0326643,1.547074,-0.07325483,-0.2228211,1.602871,-0.1318404,0.5891442,1.567323
72057594037999830,0,1.057055,95831.43,-0.160672,0.1197456,1.615766,-0.1253919,0.7653004,1.556083,-0.2456855,0.5500917,1.572204,-0.326489,0.3437857,1.631205,-0.378768,0.1944898,1.55746,-0.391822,0.190548,1.557968,-0.01895223,0.528953,1.558492,-0.001824827,0.3179619,1.624206,-0.03112053,0.105788,1.526283,-0.06857613,0.09044701,1.507534,-0.2061348,0.128148,1.589324,-0.2605676,-0.05098766,1.569264,-0.2919782,-0.229085,1.626958,-0.1098258,0.1202327,1.581827,-0.07144434,-0.0326643,1.547074,-0.07325483,-0.2228211,1.602871,-0.1318404,0.5891442,1.567323
72057594037999830,0,1.057055,95831.44,-0.160672,0.1197456,1.615766,-0.1253919,0.7653004,1.556083,-0.2456855,0.5500917,1.572204,-0.326489,0.3437857,1.631205,-0.378768,0.1944898,1.55746,-0.391822,0.190548,1.557968,-0.01895223,0.528953,1.558492,-0.001824827,0.3179619,1.624206,-0.03112053,0.105788,1.526283,-0.06857613,0.09044701,1.507534,-0.2061348,0.128148,1.589324,-0.2605676,-0.05098766,1.569264,-0.2919782,-0.229085,1.626958,-0.1098258,0.1202327,1.581827,-0.07144434,-0.0326643,1.547074,-0.07325483,-0.2228211,1.602871,-0.1318404,0.5891442,1.567323
72057594037999830,0,1.057055,95831.44,-0.160672,0.1197456,1.615766,-0.1253919,0.7653004,1.556083,-0.2456855,0.5500917,1.572204,-0.326489,0.3437857,1.631205,-0.378768,0.1944898,1.55746,-0.391822,0.190548,1.557968,-0.01895223,0.528953,1.558492,-0.001824827,0.3179619,1.624206,-0.03112053,0.105788,1.526283,-0.06857613,0.09044701,1.507534,-0.2061348,0.128148,1.589324,-0.2605676,-0.05098766,1.569264,-0.2919782,-0.229085,1.626958,-0.1098258,0.1202327,1.581827,-0.07144434,-0.0326643,1.547074,-0.07325483,-0.2228211,1.602871,-0.1318404,0.5891442,1.567323
72057594037999830,0,1.057055,95831.44,-0.160672,0.1197456,1.615766,-0.1253919,0.7653004,1.556083,-0.2456855,0.5500917,1.572204,-0.326489,0.3437857,1.631205,-0.378768,0.1944898,1.55746,-0.391822,0.190548,1.557968,-0.01895223,0.528953,1.558492,-0.001824827,0.3179619,1.624206,-0.03112053,0.105788,1.526283,-0.06857613,0.09044701,1.507534,-0.2061348,0.128148,1.589324,-0.2605676,-0.05098766,1.569264,-0.2919782,-0.229085,1.626958,-0.1098258,0.1202327,1.581827,-0.07144434,-0.0326643,1.547074,-0.07325483,-0.2228211,1.602871,-0.1318404,0.5891442,1.567323
72057594037999830,0,1.057055,95831.45,-0.160672,0.1197456,1.615766,-0.1253919,0.7653004,1.556083,-0.2456855,0.5500917,1.572204,-0.326489,0.3437857,1.631205,-0.378768,0.1944898,1.55746,-0.391822,0.190548,1.557968,-0.01895223,0.528953,1.558492,-0.001824827,0.3179619,1.624206,-0.03112053,0.105788,1.526283,-0.06857613,0.09044701,1.507534,-0.2061348,0.128148,1.589324,-0.2605676,-0.05098766,1.569264,-0.2919782,-0.229085,1.626958,-0.1098258,0.1202327,1.581827,-0.07144434,-0.0326643,1.547074,-0.07325483,-0.2228211,1.602871,-0.1318404,0.5891442,1.567323
72057594037999830,0,1.057055,95831.45,-0.160672,0.1197456,1.615766,-0.1253919,0.7653004,1.556083,-0.2456855,0.5500917,1.572204,-0.326489,0.3437857,1.631205,-0.378768,0.1944898,1.55746,-0.391822,0.190548,1.557968,-0.01895223,0.528953,1.558492,-0.001824827,0.3179619,1.624206,-0.03112053,0.105788,1.526283,-0.06857613,0.09044701,1.507534,-0.2061348,0.128148,1.589324,-0.2605676,-0.05098766,1.569264,-0.2919782,-0.229085,1.626958,-0.1098258,0.1202327,1.581827,-0.07144434,-0.0326643,1.547074,-0.07325483,-0.2228211,1.602871,-0.1318404,0.5891442,1.567323
72057594037999830,0,1.057437,95831.45,-0.1616971,0.1191308,1.61606,-0.1297166,0.762832,1.558159,-0.2475003,0.5475731,1.57197,-0.3302777,0.3436367,1.624943,-0.3862229,0.1919371,1.562364,-0.4016824,0.1802333,1.563734,-0.01939465,0.528198,1.558427,-0.002205346,0.3153521,1.626874,-0.04054537,0.1114938,1.521626,-0.0727903,0.08438134,1.501839,-0.207492,0.1273839,1.588798,-0.2617709,-0.05219519,1.563911,-0.2945066,-0.2290642,1.62503,-0.1107445,0.1196654,1.582794,-0.07191698,-0.03361717,1.545592,-0.07405248,-0.2241169,1.602577,-0.1425562,0.5805006,1.570425
72057594037999830,0,1.057437,95831.45,-0.1616971,0.1191308,1.61606,-0.1297166,0.762832,1.558159,-0.2475003,0.5475731,1.57197,-0.3302777,0.3436367,1.624943,-0.3862229,0.1919371,1.562364,-0.4016824,0.1802333,1.563734,-0.01939465,0.528198,1.558427,-0.002205346,0.3153521,1.626874,-0.04054537,0.1114938,1.521626,-0.0727903,0.08438134,1.501839,-0.207492,0.1273839,1.588798,-0.2617709,-0.05219519,1.563911,-0.2945066,-0.2290642,1.62503,-0.1107445,0.1196654,1.582794,-0.07191698,-0.03361717,1.545592,-0.07405248,-0.2241169,1.602577,-0.1425562,0.5805006,1.570425
72057594037999830,0,1.057437,95831.45,-0.1616971,0.1191308,1.61606,-0.1297166,0.762832,1.558159,-0.2475003,0.5475731,1.57197,-0.3302777,0.3436367,1.624943,-0.3862229,0.1919371,1.562364,-0.4016824,0.1802333,1.563734,-0.01939465,0.528198,1.558427,-0.002205346,0.3153521,1.626874,-0.04054537,0.1114938,1.521626,-0.0727903,0.08438134,1.501839,-0.207492,0.1273839,1.588798,-0.2617709,-0.05219519,1.563911,-0.2945066,-0.2290642,1.62503,-0.1107445,0.1196654,1.582794,-0.07191698,-0.03361717,1.545592,-0.07405248,-0.2241169,1.602577,-0.1425562,0.5805006,1.570425
72057594037999830,0,1.057437,95831.46,-0.1616971,0.1191308,1.61606,-0.1297166,0.762832,1.558159,-0.2475003,0.5475731,1.57197,-0.3302777,0.3436367,1.624943,-0.3862229,0.1919371,1.562364,-0.4016824,0.1802333,1.563734,-0.01939465,0.528198,1.558427,-0.002205346,0.3153521,1.626874,-0.04054537,0.1114938,1.521626,-0.0727903,0.08438134,1.501839,-0.207492,0.1273839,1.588798,-0.2617709,-0.05219519,1.563911,-0.2945066,-0.2290642,1.62503,-0.1107445,0.1196654,1.582794,-0.07191698,-0.03361717,1.545592,-0.07405248,-0.2241169,1.602577,-0.1425562,0.5805006,1.570425
72057594037999830,0,1.057437,95831.46,-0.1616971,0.1191308,1.61606,-0.1297166,0.762832,1.558159,-0.2475003,0.5475731,1.57197,-0.3302777,0.3436367,1.624943,-0.3862229,0.1919371,1.562364,-0.4016824,0.1802333,1.563734,-0.01939465,0.528198,1.558427,-0.002205346,0.3153521,1.626874,-0.04054537,0.1114938,1.521626,-0.0727903,0.08438134,1.501839,-0.207492,0.1273839,1.588798,-0.2617709,-0.05219519,1.563911,-0.2945066,-0.2290642,1.62503,-0.1107445,0.1196654,1.582794,-0.07191698,-0.03361717,1.545592,-0.07405248,-0.2241169,1.602577,-0.1425562,0.5805006,1.570425
72057594037999830,0,1.057437,95831.46,-0.1616971,0.1191308,1.61606,-0.1297166,0.762832,1.558159,-0.2475003,0.5475731,1.57197,-0.3302777,0.3436367,1.624943,-0.3862229,0.1919371,1.562364,-0.4016824,0.1802333,1.563734,-0.01939465,0.528198,1.558427,-0.002205346,0.3153521,1.626874,-0.04054537,0.1114938,1.521626,-0.0727903,0.08438134,1.501839,-0.207492,0.1273839,1.588798,-0.2617709,-0.05219519,1.563911,-0.2945066,-0.2290642,1.62503,-0.1107445,0.1196654,1.582794,-0.07191698,-0.03361717,1.545592,-0.07405248,-0.2241169,1.602577,-0.1425562,0.5805006,1.570425
72057594037999830,0,1.057437,95831.46,-0.1616971,0.1191308,1.61606,-0.1297166,0.762832,1.558159,-0.2475003,0.5475731,1.57197,-0.3302777,0.3436367,1.624943,-0.3862229,0.1919371,1.562364,-0.4016824,0.1802333,1.563734,-0.01939465,0.528198,1.558427,-0.002205346,0.3153521,1.626874,-0.04054537,0.1114938,1.521626,-0.0727903,0.08438134,1.501839,-0.207492,0.1273839,1.588798,-0.2617709,-0.05219519,1.563911,-0.2945066,-0.2290642,1.62503,-0.1107445,0.1196654,1.582794,-0.07191698,-0.03361717,1.545592,-0.07405248,-0.2241169,1.602577,-0.1425562,0.5805006,1.570425
72057594037999830,0,1.057437,95831.47,-0.1616971,0.1191308,1.61606,-0.1297166,0.762832,1.558159,-0.2475003,0.5475731,1.57197,-0.3302777,0.3436367,1.624943,-0.3862229,0.1919371,1.562364,-0.4016824,0.1802333,1.563734,-0.01939465,0.528198,1.558427,-0.002205346,0.3153521,1.626874,-0.04054537,0.1114938,1.521626,-0.0727903,0.08438134,1.501839,-0.207492,0.1273839,1.588798,-0.2617709,-0.05219519,1.563911,-0.2945066,-0.2290642,1.62503,-0.1107445,0.1196654,1.582794,-0.07191698,-0.03361717,1.545592,-0.07405248,-0.2241169,1.602577,-0.1425562,0.5805006,1.570425
72057594037999830,0,1.057437,95831.47,-0.1616971,0.1191308,1.61606,-0.1297166,0.762832,1.558159,-0.2475003,0.5475731,1.57197,-0.3302777,0.3436367,1.624943,-0.3862229,0.1919371,1.562364,-0.4016824,0.1802333,1.563734,-0.01939465,0.528198,1.558427,-0.002205346,0.3153521,1.626874,-0.04054537,0.1114938,1.521626,-0.0727903,0.08438134,1.501839,-0.207492,0.1273839,1.588798,-0.2617709,-0.05219519,1.563911,-0.2945066,-0.2290642,1.62503,-0.1107445,0.1196654,1.582794,-0.07191698,-0.03361717,1.545592,-0.07405248,-0.2241169,1.602577,-0.1425562,0.5805006,1.570425
72057594037999830,0,1.057437,95831.47,-0.1616971,0.1191308,1.61606,-0.1297166,0.762832,1.558159,-0.2475003,0.5475731,1.57197,-0.3302777,0.3436367,1.624943,-0.3862229,0.1919371,1.562364,-0.4016824,0.1802333,1.563734,-0.01939465,0.528198,1.558427,-0.002205346,0.3153521,1.626874,-0.04054537,0.1114938,1.521626,-0.0727903,0.08438134,1.501839,-0.207492,0.1273839,1.588798,-0.2617709,-0.05219519,1.563911,-0.2945066,-0.2290642,1.62503,-0.1107445,0.1196654,1.582794,-0.07191698,-0.03361717,1.545592,-0.07405248,-0.2241169,1.602577,-0.1425562,0.5805006,1.570425
72057594037999830,0,1.057437,95831.48,-0.1616971,0.1191308,1.61606,-0.1297166,0.762832,1.558159,-0.2475003,0.5475731,1.57197,-0.3302777,0.3436367,1.624943,-0.3862229,0.1919371,1.562364,-0.4016824,0.1802333,1.563734,-0.01939465,0.528198,1.558427,-0.002205346,0.3153521,1.626874,-0.04054537,0.1114938,1.521626,-0.0727903,0.08438134,1.501839,-0.207492,0.1273839,1.588798,-0.2617709,-0.05219519,1.563911,-0.2945066,-0.2290642,1.62503,-0.1107445,0.1196654,1.582794,-0.07191698,-0.03361717,1.545592,-0.07405248,-0.2241169,1.602577,-0.1425562,0.5805006,1.570425
72057594037999830,0,1.057437,95831.48,-0.1616971,0.1191308,1.61606,-0.1297166,0.762832,1.558159,-0.2475003,0.5475731,1.57197,-0.3302777,0.3436367,1.624943,-0.3862229,0.1919371,1.562364,-0.4016824,0.1802333,1.563734,-0.01939465,0.528198,1.558427,-0.002205346,0.3153521,1.626874,-0.04054537,0.1114938,1.521626,-0.0727903,0.08438134,1.501839,-0.207492,0.1273839,1.588798,-0.2617709,-0.05219519,1.563911,-0.2945066,-0.2290642,1.62503,-0.1107445,0.1196654,1.582794,-0.07191698,-0.03361717,1.545592,-0.07405248,-0.2241169,1.602577,-0.1425562,0.5805006,1.570425
72057594037999830,0,1.056752,95831.48,-0.1633355,0.1198654,1.616621,-0.1344186,0.7648985,1.561287,-0.2490403,0.5470616,1.571692,-0.3323354,0.3450388,1.620985,-0.3928612,0.1952018,1.571849,-0.3979187,0.1764814,1.570426,-0.02253613,0.529036,1.562634,-0.009354508,0.3175808,1.633051,-0.04181163,0.1166913,1.525486,-0.0755795,0.09544653,1.511208,-0.2090855,0.1277885,1.58838,-0.2817107,-0.09900814,1.583272,-0.2950788,-0.2287136,1.62485,-0.1126764,0.1211162,1.584697,-0.07339038,-0.03543082,1.546141,-0.07453152,-0.225086,1.602811,-0.1476487,0.5816456,1.573243
72057594037999830,0,1.056752,95831.48,-0.1633355,0.1198654,1.616621,-0.1344186,0.7648985,1.561287,-0.2490403,0.5470616,1.571692,-0.3323354,0.3450388,1.620985,-0.3928612,0.1952018,1.571849,-0.3979187,0.1764814,1.570426,-0.02253613,0.529036,1.562634,-0.009354508,0.3175808,1.633051,-0.04181163,0.1166913,1.525486,-0.0755795,0.09544653,1.511208,-0.2090855,0.1277885,1.58838,-0.2817107,-0.09900814,1.583272,-0.2950788,-0.2287136,1.62485,-0.1126764,0.1211162,1.584697,-0.07339038,-0.03543082,1.546141,-0.07453152,-0.225086,1.602811,-0.1476487,0.5816456,1.573243
72057594037999830,0,1.056752,95831.48,-0.1633355,0.1198654,1.616621,-0.1344186,0.7648985,1.561287,-0.2490403,0.5470616,1.571692,-0.3323354,0.3450388,1.620985,-0.3928612,0.1952018,1.571849,-0.3979187,0.1764814,1.570426,-0.02253613,0.529036,1.562634,-0.009354508,0.3175808,1.633051,-0.04181163,0.1166913,1.525486,-0.0755795,0.09544653,1.511208,-0.2090855,0.1277885,1.58838,-0.2817107,-0.09900814,1.583272,-0.2950788,-0.2287136,1.62485,-0.1126764,0.1211162,1.584697,-0.07339038,-0.03543082,1.546141,-0.07453152,-0.225086,1.602811,-0.1476487,0.5816456,1.573243
72057594037999830,0,1.056752,95831.48,-0.1633355,0.1198654,1.616621,-0.1344186,0.7648985,1.561287,-0.2490403,0.5470616,1.571692,-0.3323354,0.3450388,1.620985,-0.3928612,0.1952018,1.571849,-0.3979187,0.1764814,1.570426,-0.02253613,0.529036,1.562634,-0.009354508,0.3175808,1.633051,-0.04181163,0.1166913,1.525486,-0.0755795,0.09544653,1.511208,-0.2090855,0.1277885,1.58838,-0.2817107,-0.09900814,1.583272,-0.2950788,-0.2287136,1.62485,-0.1126764,0.1211162,1.584697,-0.07339038,-0.03543082,1.546141,-0.07453152,-0.225086,1.602811,-0.1476487,0.5816456,1.573243
72057594037999830,0,1.056752,95831.49,-0.1633355,0.1198654,1.616621,-0.1344186,0.7648985,1.561287,-0.2490403,0.5470616,1.571692,-0.3323354,0.3450388,1.620985,-0.3928612,0.1952018,1.571849,-0.3979187,0.1764814,1.570426,-0.02253613,0.529036,1.562634,-0.009354508,0.3175808,1.633051,-0.04181163,0.1166913,1.525486,-0.0755795,0.09544653,1.511208,-0.2090855,0.1277885,1.58838,-0.2817107,-0.09900814,1.583272,-0.2950788,-0.2287136,1.62485,-0.1126764,0.1211162,1.584697,-0.07339038,-0.03543082,1.546141,-0.07453152,-0.225086,1.602811,-0.1476487,0.5816456,1.573243
72057594037999830,0,1.056752,95831.49,-0.1633355,0.1198654,1.616621,-0.1344186,0.7648985,1.561287,-0.2490403,0.5470616,1.571692,-0.3323354,0.3450388,1.620985,-0.3928612,0.1952018,1.571849,-0.3979187,0.1764814,1.570426,-0.02253613,0.529036,1.562634,-0.009354508,0.3175808,1.633051,-0.04181163,0.1166913,1.525486,-0.0755795,0.09544653,1.511208,-0.2090855,0.1277885,1.58838,-0.2817107,-0.09900814,1.583272,-0.2950788,-0.2287136,1.62485,-0.1126764,0.1211162,1.584697,-0.07339038,-0.03543082,1.546141,-0.07453152,-0.225086,1.602811,-0.1476487,0.5816456,1.573243
72057594037999830,0,1.056752,95831.49,-0.1633355,0.1198654,1.616621,-0.1344186,0.7648985,1.561287,-0.2490403,0.5470616,1.571692,-0.3323354,0.3450388,1.620985,-0.3928612,0.1952018,1.571849,-0.3979187,0.1764814,1.570426,-0.02253613,0.529036,1.562634,-0.009354508,0.3175808,1.633051,-0.04181163,0.1166913,1.525486,-0.0755795,0.09544653,1.511208,-0.2090855,0.1277885,1.58838,-0.2817107,-0.09900814,1.583272,-0.2950788,-0.2287136,1.62485,-0.1126764,0.1211162,1.584697,-0.07339038,-0.03543082,1.546141,-0.07453152,-0.225086,1.602811,-0.1476487,0.5816456,1.573243
72057594037999830,0,1.056752,95831.5,-0.1633355,0.1198654,1.616621,-0.1344186,0.7648985,1.561287,-0.2490403,0.5470616,1.571692,-0.3323354,0.3450388,1.620985,-0.3928612,0.1952018,1.571849,-0.3979187,0.1764814,1.570426,-0.02253613,0.529036,1.562634,-0.009354508,0.3175808,1.633051,-0.04181163,0.1166913,1.525486,-0.0755795,0.09544653,1.511208,-0.2090855,0.1277885,1.58838,-0.2817107,-0.09900814,1.583272,-0.2950788,-0.2287136,1.62485,-0.1126764,0.1211162,1.584697,-0.07339038,-0.03543082,1.546141,-0.07453152,-0.225086,1.602811,-0.1476487,0.5816456,1.573243
72057594037999830,0,1.056752,95831.5,-0.1633355,0.1198654,1.616621,-0.1344186,0.7648985,1.561287,-0.2490403,0.5470616,1.571692,-0.3323354,0.3450388,1.620985,-0.3928612,0.1952018,1.571849,-0.3979187,0.1764814,1.570426,-0.02253613,0.529036,1.562634,-0.009354508,0.3175808,1.633051,-0.04181163,0.1166913,1.525486,-0.0755795,0.09544653,1.511208,-0.2090855,0.1277885,1.58838,-0.2817107,-0.09900814,1.583272,-0.2950788,-0.2287136,1.62485,-0.1126764,0.1211162,1.584697,-0.07339038,-0.03543082,1.546141,-0.07453152,-0.225086,1.602811,-0.1476487,0.5816456,1.573243
72057594037999830,0,1.056752,95831.5,-0.1633355,0.1198654,1.616621,-0.1344186,0.7648985,1.561287,-0.2490403,0.5470616,1.571692,-0.3323354,0.3450388,1.620985,-0.3928612,0.1952018,1.571849,-0.3979187,0.1764814,1.570426,-0.02253613,0.529036,1.562634,-0.009354508,0.3175808,1.633051,-0.04181163,0.1166913,1.525486,-0.0755795,0.09544653,1.511208,-0.2090855,0.1277885,1.58838,-0.2817107,-0.09900814,1.583272,-0.2950788,-0.2287136,1.62485,-0.1126764,0.1211162,1.584697,-0.07339038,-0.03543082,1.546141,-0.07453152,-0.225086,1.602811,-0.1476487,0.5816456,1.573243
72057594037999830,0,1.056752,95831.51,-0.1633355,0.1198654,1.616621,-0.1344186,0.7648985,1.561287,-0.2490403,0.5470616,1.571692,-0.3323354,0.3450388,1.620985,-0.3928612,0.1952018,1.571849,-0.3979187,0.1764814,1.570426,-0.02253613,0.529036,1.562634,-0.009354508,0.3175808,1.633051,-0.04181163,0.1166913,1.525486,-0.0755795,0.09544653,1.511208,-0.2090855,0.1277885,1.58838,-0.2817107,-0.09900814,1.583272,-0.2950788,-0.2287136,1.62485,-0.1126764,0.1211162,1.584697,-0.07339038,-0.03543082,1.546141,-0.07453152,-0.225086,1.602811,-0.1476487,0.5816456,1.573243
72057594037999830,0,1.056752,95831.51,-0.1633355,0.1198654,1.616621,-0.1344186,0.7648985,1.561287,-0.2490403,0.5470616,1.571692,-0.3323354,0.3450388,1.620985,-0.3928612,0.1952018,1.571849,-0.3979187,0.1764814,1.570426,-0.02253613,0.529036,1.562634,-0.009354508,0.3175808,1.633051,-0.04181163,0.1166913,1.525486,-0.0755795,0.09544653,1.511208,-0.2090855,0.1277885,1.58838,-0.2817107,-0.09900814,1.583272,-0.2950788,-0.2287136,1.62485,-0.1126764,0.1211162,1.584697,-0.07339038,-0.03543082,1.546141,-0.07453152,-0.225086,1.602811,-0.1476487,0.5816456,1.573243
72057594037999830,0,1.056752,95831.51,-0.1633355,0.1198654,1.616621,-0.1344186,0.7648985,1.561287,-0.2490403,0.5470616,1.571692,-0.3323354,0.3450388,1.620985,-0.3928612,0.1952018,1.571849,-0.3979187,0.1764814,1.570426,-0.02253613,0.529036,1.562634,-0.009354508,0.3175808,1.633051,-0.04181163,0.1166913,1.525486,-0.0755795,0.09544653,1.511208,-0.2090855,0.1277885,1.58838,-0.2817107,-0.09900814,1.583272,-0.2950788,-0.2287136,1.62485,-0.1126764,0.1211162,1.584697,-0.07339038,-0.03543082,1.546141,-0.07453152,-0.225086,1.602811,-0.1476487,0.5816456,1.573243
72057594037999830,0,1.021085,95831.52,-0.1885487,0.1779096,1.614714,-0.1369081,0.7682723,1.557661,-0.2646413,0.5648893,1.56451,-0.3405729,0.3938676,1.621468,-0.3766719,0.2322886,1.586111,-0.3858234,0.1961937,1.569997,-0.03768497,0.5654594,1.587067,-0.02486982,0.3797114,1.6425,-0.01408009,0.2141645,1.606922,-0.02539407,0.1918819,1.595576,-0.2349001,0.1826223,1.583069,-0.2672235,-0.05995926,1.550265,-0.29597,-0.2308012,1.623842,-0.1360319,0.179801,1.590324,-0.07011579,-0.05690983,1.542907,-0.07400094,-0.2293244,1.602334,-0.1555531,0.5929112,1.573377
72057594037999830,0,1.021085,95831.52,-0.1885487,0.1779096,1.614714,-0.1369081,0.7682723,1.557661,-0.2646413,0.5648893,1.56451,-0.3405729,0.3938676,1.621468,-0.3766719,0.2322886,1.586111,-0.3858234,0.1961937,1.569997,-0.03768497,0.5654594,1.587067,-0.02486982,0.3797114,1.6425,-0.01408009,0.2141645,1.606922,-0.02539407,0.1918819,1.595576,-0.2349001,0.1826223,1.583069,-0.2672235,-0.05995926,1.550265,-0.29597,-0.2308012,1.623842,-0.1360319,0.179801,1.590324,-0.07011579,-0.05690983,1.542907,-0.07400094,-0.2293244,1.602334,-0.1555531,0.5929112,1.573377
72057594037999830,0,1.021085,95831.52,-0.1885487,0.1779096,1.614714,-0.1369081,0.7682723,1.557661,-0.2646413,0.5648893,1.56451,-0.3405729,0.3938676,1.621468,-0.3766719,0.2322886,1.586111,-0.3858234,0.1961937,1.569997,-0.03768497,0.5654594,1.587067,-0.02486982,0.3797114,1.6425,-0.01408009,0.2141645,1.606922,-0.02539407,0.1918819,1.595576,-0.2349001,0.1826223,1.583069,-0.2672235,-0.05995926,1.550265,-0.29597,-0.2308012,1.623842,-0.1360319,0.179801,1.590324,-0.07011579,-0.05690983,1.542907,-0.07400094,-0.2293244,1.602334,-0.1555531,0.5929112,1.573377
72057594037999830,0,1.021085,95831.52,-0.1885487,0.1779096,1.614714,-0.1369081,0.7682723,1.557661,-0.2646413,0.5648893,1.56451,-0.3405729,0.3938676,1.621468,-0.3766719,0.2322886,1.586111,-0.3858234,0.1961937,1.569997,-0.03768497,0.5654594,1.587067,-0.02486982,0.3797114,1.6425,-0.01408009,0.2141645,1.606922,-0.02539407,0.1918819,1.595576,-0.2349001,0.1826223,1.583069,-0.2672235,-0.05995926,1.550265,-0.29597,-0.2308012,1.623842,-0.1360319,0.179801,1.590324,-0.07011579,-0.05690983,1.542907,-0.07400094,-0.2293244,1.602334,-0.1555531,0.5929112,1.573377
72057594037999830,0,1.021085,95831.52,-0.1885487,0.1779096,1.614714,-0.1369081,0.7682723,1.557661,-0.2646413,0.5648893,1.56451,-0.3405729,0.3938676,1.621468,-0.3766719,0.2322886,1.586111,-0.3858234,0.1961937,1.569997,-0.03768497,0.5654594,1.587067,-0.02486982,0.3797114,1.6425,-0.01408009,0.2141645,1.606922,-0.02539407,0.1918819,1.595576,-0.2349001,0.1826223,1.583069,-0.2672235,-0.05995926,1.550265,-0.29597,-0.2308012,1.623842,-0.1360319,0.179801,1.590324,-0.07011579,-0.05690983,1.542907,-0.07400094,-0.2293244,1.602334,-0.1555531,0.5929112,1.573377
72057594037999830,0,1.021085,95831.53,-0.1885487,0.1779096,1.614714,-0.1369081,0.7682723,1.557661,-0.2646413,0.5648893,1.56451,-0.3405729,0.3938676,1.621468,-0.3766719,0.2322886,1.586111,-0.3858234,0.1961937,1.569997,-0.03768497,0.5654594,1.587067,-0.02486982,0.3797114,1.6425,-0.01408009,0.2141645,1.606922,-0.02539407,0.1918819,1.595576,-0.2349001,0.1826223,1.583069,-0.2672235,-0.05995926,1.550265,-0.29597,-0.2308012,1.623842,-0.1360319,0.179801,1.590324,-0.07011579,-0.05690983,1.542907,-0.07400094,-0.2293244,1.602334,-0.1555531,0.5929112,1.573377
72057594037999830,0,1.021085,95831.53,-0.1885487,0.1779096,1.614714,-0.1369081,0.7682723,1.557661,-0.2646413,0.5648893,1.56451,-0.3405729,0.3938676,1.621468,-0.3766719,0.2322886,1.586111,-0.3858234,0.1961937,1.569997,-0.03768497,0.5654594,1.587067,-0.02486982,0.3797114,1.6425,-0.01408009,0.2141645,1.606922,-0.02539407,0.1918819,1.595576,-0.2349001,0.1826223,1.583069,-0.2672235,-0.05995926,1.550265,-0.29597,-0.2308012,1.623842,-0.1360319,0.179801,1.590324,-0.07011579,-0.05690983,1.542907,-0.07400094,-0.2293244,1.602334,-0.1555531,0.5929112,1.573377
72057594037999830,0,1.021085,95831.53,-0.1885487,0.1779096,1.614714,-0.1369081,0.7682723,1.557661,-0.2646413,0.5648893,1.56451,-0.3405729,0.3938676,1.621468,-0.3766719,0.2322886,1.586111,-0.3858234,0.1961937,1.569997,-0.03768497,0.5654594,1.587067,-0.02486982,0.3797114,1.6425,-0.01408009,0.2141645,1.606922,-0.02539407,0.1918819,1.595576,-0.2349001,0.1826223,1.583069,-0.2672235,-0.05995926,1.550265,-0.29597,-0.2308012,1.623842,-0.1360319,0.179801,1.590324,-0.07011579,-0.05690983,1.542907,-0.07400094,-0.2293244,1.602334,-0.1555531,0.5929112,1.573377
72057594037999830,0,1.021085,95831.54,-0.1885487,0.1779096,1.614714,-0.1369081,0.7682723,1.557661,-0.2646413,0.5648893,1.56451,-0.3405729,0.3938676,1.621468,-0.3766719,0.2322886,1.586111,-0.3858234,0.1961937,1.569997,-0.03768497,0.5654594,1.587067,-0.02486982,0.3797114,1.6425,-0.01408009,0.2141645,1.606922,-0.02539407,0.1918819,1.595576,-0.2349001,0.1826223,1.583069,-0.2672235,-0.05995926,1.550265,-0.29597,-0.2308012,1.623842,-0.1360319,0.179801,1.590324,-0.07011579,-0.05690983,1.542907,-0.07400094,-0.2293244,1.602334,-0.1555531,0.5929112,1.573377
72057594037999830,0,1.021085,95831.54,-0.1885487,0.1779096,1.614714,-0.1369081,0.7682723,1.557661,-0.2646413,0.5648893,1.56451,-0.3405729,0.3938676,1.621468,-0.3766719,0.2322886,1.586111,-0.3858234,0.1961937,1.569997,-0.03768497,0.5654594,1.587067,-0.02486982,0.3797114,1.6425,-0.01408009,0.2141645,1.606922,-0.02539407,0.1918819,1.595576,-0.2349001,0.1826223,1.583069,-0.2672235,-0.05995926,1.550265,-0.29597,-0.2308012,1.623842,-0.1360319,0.179801,1.590324,-0.07011579,-0.05690983,1.542907,-0.07400094,-0.2293244,1.602334,-0.1555531,0.5929112,1.573377
72057594037999830,0,1.021085,95831.55,-0.1885487,0.1779096,1.614714,-0.1369081,0.7682723,1.557661,-0.2646413,0.5648893,1.56451,-0.3405729,0.3938676,1.621468,-0.3766719,0.2322886,1.586111,-0.3858234,0.1961937,1.569997,-0.03768497,0.5654594,1.587067,-0.02486982,0.3797114,1.6425,-0.01408009,0.2141645,1.606922,-0.02539407,0.1918819,1.595576,-0.2349001,0.1826223,1.583069,-0.2672235,-0.05995926,1.550265,-0.29597,-0.2308012,1.623842,-0.1360319,0.179801,1.590324,-0.07011579,-0.05690983,1.542907,-0.07400094,-0.2293244,1.602334,-0.1555531,0.5929112,1.573377
72057594037999830,0,1.006489,95831.55,-0.176968,0.1968597,1.61437,-0.1393413,0.7738955,1.559553,-0.2675845,0.5702323,1.563052,-0.3403201,0.3955584,1.621692,-0.3742937,0.2328463,1.585439,-0.3685949,0.1990696,1.570197,-0.03821288,0.566738,1.587193,-0.02525713,0.3803239,1.644574,-0.0146203,0.2141417,1.608117,-0.02586453,0.1938124,1.60087,-0.2252731,0.2008339,1.582383,-0.2589618,-0.006000251,1.551903,-0.2965752,-0.2334962,1.62597,-0.1227921,0.198888,1.590931,-0.08286189,-0.007870883,1.550833,-0.07458718,-0.2308583,1.604195,-0.1588601,0.6023988,1.57522
72057594037999830,0,1.006489,95831.55,-0.176968,0.1968597,1.61437,-0.1393413,0.7738955,1.559553,-0.2675845,0.5702323,1.563052,-0.3403201,0.3955584,1.621692,-0.3742937,0.2328463,1.585439,-0.3685949,0.1990696,1.570197,-0.03821288,0.566738,1.587193,-0.02525713,0.3803239,1.644574,-0.0146203,0.2141417,1.608117,-0.02586453,0.1938124,1.60087,-0.2252731,0.2008339,1.582383,-0.2589618,-0.006000251,1.551903,-0.2965752,-0.2334962,1.62597,-0.1227921,0.198888,1.590931,-0.08286189,-0.007870883,1.550833,-0.07458718,-0.2308583,1.604195,-0.1588601,0.6023988,1.57522
72057594037999830,0,1.006489,95831.55,-0.176968,0.1968597,1.61437,-0.1393413,0.7738955,1.559553,-0.2675845,0.5702323,1.563052,-0.3403201,0.3955584,1.621692,-0.3742937,0.2328463,1.585439,-0.3685949,0.1990696,1.570197,-0.03821288,0.566738,1.587193,-0.02525713,0.3803239,1.644574,-0.0146203,0.2141417,1.608117,-0.02586453,0.1938124,1.60087,-0.2252731,0.2008339,1.582383,-0.2589618,-0.006000251,1.551903,-0.2965752,-0.2334962,1.62597,-0.1227921,0.198888,1.590931,-0.08286189,-0.007870883,1.550833,-0.07458718,-0.2308583,1.604195,-0.1588601,0.6023988,1.57522
72057594037999830,0,1.006489,95831.55,-0.176968,0.1968597,1.61437,-0.1393413,0.7738955,1.559553,-0.2675845,0.5702323,1.563052,-0.3403201,0.3955584,1.621692,-0.3742937,0.2328463,1.585439,-0.3685949,0.1990696,1.570197,-0.03821288,0.566738,1.587193,-0.02525713,0.3803239,1.644574,-0.0146203,0.2141417,1.608117,-0.02586453,0.1938124,1.60087,-0.2252731,0.2008339,1.582383,-0.2589618,-0.006000251,1.551903,-0.2965752,-0.2334962,1.62597,-0.1227921,0.198888,1.590931,-0.08286189,-0.007870883,1.550833,-0.07458718,-0.2308583,1.604195,-0.1588601,0.6023988,1.57522
72057594037999830,0,1.006489,95831.55,-0.176968,0.1968597,1.61437,-0.1393413,0.7738955,1.559553,-0.2675845,0.5702323,1.563052,-0.3403201,0.3955584,1.621692,-0.3742937,0.2328463,1.585439,-0.3685949,0.1990696,1.570197,-0.03821288,0.566738,1.587193,-0.02525713,0.3803239,1.644574,-0.0146203,0.2141417,1.608117,-0.02586453,0.1938124,1.60087,-0.2252731,0.2008339,1.582383,-0.2589618,-0.006000251,1.551903,-0.2965752,-0.2334962,1.62597,-0.1227921,0.198888,1.590931,-0.08286189,-0.007870883,1.550833,-0.07458718,-0.2308583,1.604195,-0.1588601,0.6023988,1.57522
72057594037999830,0,1.006489,95831.56,-0.176968,0.1968597,1.61437,-0.1393413,0.7738955,1.559553,-0.2675845,0.5702323,1.563052,-0.3403201,0.3955584,1.621692,-0.3742937,0.2328463,1.585439,-0.3685949,0.1990696,1.570197,-0.03821288,0.566738,1.587193,-0.02525713,0.3803239,1.644574,-0.0146203,0.2141417,1.608117,-0.02586453,0.1938124,1.60087,-0.2252731,0.2008339,1.582383,-0.2589618,-0.006000251,1.551903,-0.2965752,-0.2334962,1.62597,-0.1227921,0.198888,1.590931,-0.08286189,-0.007870883,1.550833,-0.07458718,-0.2308583,1.604195,-0.1588601,0.6023988,1.57522
72057594037999830,0,1.006489,95831.56,-0.176968,0.1968597,1.61437,-0.1393413,0.7738955,1.559553,-0.2675845,0.5702323,1.563052,-0.3403201,0.3955584,1.621692,-0.3742937,0.2328463,1.585439,-0.3685949,0.1990696,1.570197,-0.03821288,0.566738,1.587193,-0.02525713,0.3803239,1.644574,-0.0146203,0.2141417,1.608117,-0.02586453,0.1938124,1.60087,-0.2252731,0.2008339,1.582383,-0.2589618,-0.006000251,1.551903,-0.2965752,-0.2334962,1.62597,-0.1227921,0.198888,1.590931,-0.08286189,-0.007870883,1.550833,-0.07458718,-0.2308583,1.604195,-0.1588601,0.6023988,1.57522
72057594037999830,0,1.006489,95831.56,-0.176968,0.1968597,1.61437,-0.1393413,0.7738955,1.559553,-0.2675845,0.5702323,1.563052,-0.3403201,0.3955584,1.621692,-0.3742937,0.2328463,1.585439,-0.3685949,0.1990696,1.570197,-0.03821288,0.566738,1.587193,-0.02525713,0.3803239,1.644574,-0.0146203,0.2141417,1.608117,-0.02586453,0.1938124,1.60087,-0.2252731,0.2008339,1.582383,-0.2589618,-0.006000251,1.551903,-0.2965752,-0.2334962,1.62597,-0.1227921,0.198888,1.590931,-0.08286189,-0.007870883,1.550833,-0.07458718,-0.2308583,1.604195,-0.1588601,0.6023988,1.57522
72057594037999830,0,1.006489,95831.57,-0.176968,0.1968597,1.61437,-0.1393413,0.7738955,1.559553,-0.2675845,0.5702323,1.563052,-0.3403201,0.3955584,1.621692,-0.3742937,0.2328463,1.585439,-0.3685949,0.1990696,1.570197,-0.03821288,0.566738,1.587193,-0.02525713,0.3803239,1.644574,-0.0146203,0.2141417,1.608117,-0.02586453,0.1938124,1.60087,-0.2252731,0.2008339,1.582383,-0.2589618,-0.006000251,1.551903,-0.2965752,-0.2334962,1.62597,-0.1227921,0.198888,1.590931,-0.08286189,-0.007870883,1.550833,-0.07458718,-0.2308583,1.604195,-0.1588601,0.6023988,1.57522
72057594037999830,0,1.006489,95831.57,-0.176968,0.1968597,1.61437,-0.1393413,0.7738955,1.559553,-0.2675845,0.5702323,1.563052,-0.3403201,0.3955584,1.621692,-0.3742937,0.2328463,1.585439,-0.3685949,0.1990696,1.570197,-0.03821288,0.566738,1.587193,-0.02525713,0.3803239,1.644574,-0.0146203,0.2141417,1.608117,-0.02586453,0.1938124,1.60087,-0.2252731,0.2008339,1.582383,-0.2589618,-0.006000251,1.551903,-0.2965752,-0.2334962,1.62597,-0.1227921,0.198888,1.590931,-0.08286189,-0.007870883,1.550833,-0.07458718,-0.2308583,1.604195,-0.1588601,0.6023988,1.57522
72057594037999830,0,1.006489,95831.57,-0.176968,0.1968597,1.61437,-0.1393413,0.7738955,1.559553,-0.2675845,0.5702323,1.563052,-0.3403201,0.3955584,1.621692,-0.3742937,0.2328463,1.585439,-0.3685949,0.1990696,1.570197,-0.03821288,0.566738,1.587193,-0.02525713,0.3803239,1.644574,-0.0146203,0.2141417,1.608117,-0.02586453,0.1938124,1.60087,-0.2252731,0.2008339,1.582383,-0.2589618,-0.006000251,1.551903,-0.2965752,-0.2334962,1.62597,-0.1227921,0.198888,1.590931,-0.08286189,-0.007870883,1.550833,-0.07458718,-0.2308583,1.604195,-0.1588601,0.6023988,1.57522
72057594037999830,0,1.006489,95831.57,-0.176968,0.1968597,1.61437,-0.1393413,0.7738955,1.559553,-0.2675845,0.5702323,1.563052,-0.3403201,0.3955584,1.621692,-0.3742937,0.2328463,1.585439,-0.3685949,0.1990696,1.570197,-0.03821288,0.566738,1.587193,-0.02525713,0.3803239,1.644574,-0.0146203,0.2141417,1.608117,-0.02586453,0.1938124,1.60087,-0.2252731,0.2008339,1.582383,-0.2589618,-0.006000251,1.551903,-0.2965752,-0.2334962,1.62597,-0.1227921,0.198888,1.590931,-0.08286189,-0.007870883,1.550833,-0.07458718,-0.2308583,1.604195,-0.1588601,0.6023988,1.57522
72057594037999830,0,1.006489,95831.58,-0.176968,0.1968597,1.61437,-0.1393413,0.7738955,1.559553,-0.2675845,0.5702323,1.563052,-0.3403201,0.3955584,1.621692,-0.3742937,0.2328463,1.585439,-0.3685949,0.1990696,1.570197,-0.03821288,0.566738,1.587193,-0.02525713,0.3803239,1.644574,-0.0146203,0.2141417,1.608117,-0.02586453,0.1938124,1.60087,-0.2252731,0.2008339,1.582383,-0.2589618,-0.006000251,1.551903,-0.2965752,-0.2334962,1.62597,-0.1227921,0.198888,1.590931,-0.08286189,-0.007870883,1.550833,-0.07458718,-0.2308583,1.604195,-0.1588601,0.6023988,1.57522
72057594037999830,0,1.004488,95831.58,-0.1754688,0.1990697,1.614739,-0.14078,0.7771921,1.561271,-0.2692505,0.5739245,1.561854,-0.3406478,0.3964034,1.62209,-0.3664874,0.232071,1.582006,-0.3543026,0.2185443,1.568759,-0.03912201,0.5682051,1.588267,-0.02563109,0.3826662,1.64956,-0.01509989,0.2147906,1.619771,-0.02645736,0.1874814,1.605509,-0.2239112,0.2033069,1.582657,-0.2573009,-0.00104484,1.556367,-0.2974364,-0.2362077,1.627266,-0.1212579,0.2007484,1.591531,-0.08425435,-9.75728E-05,1.557467,-0.07495765,-0.2315935,1.605911,-0.1600481,0.6063356,1.57602
72057594037999830,0,1.004488,95831.58,-0.1754688,0.1990697,1.614739,-0.14078,0.7771921,1.561271,-0.2692505,0.5739245,1.561854,-0.3406478,0.3964034,1.62209,-0.3664874,0.232071,1.582006,-0.3543026,0.2185443,1.568759,-0.03912201,0.5682051,1.588267,-0.02563109,0.3826662,1.64956,-0.01509989,0.2147906,1.619771,-0.02645736,0.1874814,1.605509,-0.2239112,0.2033069,1.582657,-0.2573009,-0.00104484,1.556367,-0.2974364,-0.2362077,1.627266,-0.1212579,0.2007484,1.591531,-0.08425435,-9.75728E-05,1.557467,-0.07495765,-0.2315935,1.605911,-0.1600481,0.6063356,1.57602
72057594037999830,0,1.004488,95831.59,-0.1754688,0.1990697,1.614739,-0.14078,0.7771921,1.561271,-0.2692505,0.5739245,1.561854,-0.3406478,0.3964034,1.62209,-0.3664874,0.232071,1.582006,-0.3543026,0.2185443,1.568759,-0.03912201,0.5682051,1.588267,-0.02563109,0.3826662,1.64956,-0.01509989,0.2147906,1.619771,-0.02645736,0.1874814,1.605509,-0.2239112,0.2033069,1.582657,-0.2573009,-0.00104484,1.556367,-0.2974364,-0.2362077,1.627266,-0.1212579,0.2007484,1.591531,-0.08425435,-9.75728E-05,1.557467,-0.07495765,-0.2315935,1.605911,-0.1600481,0.6063356,1.57602
72057594037999830,0,1.004488,95831.59,-0.1754688,0.1990697,1.614739,-0.14078,0.7771921,1.561271,-0.2692505,0.5739245,1.561854,-0.3406478,0.3964034,1.62209,-0.3664874,0.232071,1.582006,-0.3543026,0.2185443,1.568759,-0.03912201,0.5682051,1.588267,-0.02563109,0.3826662,1.64956,-0.01509989,0.2147906,1.619771,-0.02645736,0.1874814,1.605509,-0.2239112,0.2033069,1.582657,-0.2573009,-0.00104484,1.556367,-0.2974364,-0.2362077,1.627266,-0.1212579,0.2007484,1.591531,-0.08425435,-9.75728E-05,1.557467,-0.07495765,-0.2315935,1.605911,-0.1600481,0.6063356,1.57602
72057594037999830,0,1.004488,95831.59,-0.1754688,0.1990697,1.614739,-0.14078,0.7771921,1.561271,-0.2692505,0.5739245,1.561854,-0.3406478,0.3964034,1.62209,-0.3664874,0.232071,1.582006,-0.3543026,0.2185443,1.568759,-0.03912201,0.5682051,1.588267,-0.02563109,0.3826662,1.64956,-0.01509989,0.2147906,1.619771,-0.02645736,0.1874814,1.605509,-0.2239112,0.2033069,1.582657,-0.2573009,-0.00104484,1.556367,-0.2974364,-0.2362077,1.627266,-0.1212579,0.2007484,1.591531,-0.08425435,-9.75728E-05,1.557467,-0.07495765,-0.2315935,1.605911,-0.1600481,0.6063356,1.57602
72057594037999830,0,1.004488,95831.59,-0.1754688,0.1990697,1.614739,-0.14078,0.7771921,1.561271,-0.2692505,0.5739245,1.561854,-0.3406478,0.3964034,1.62209,-0.3664874,0.232071,1.582006,-0.3543026,0.2185443,1.568759,-0.03912201,0.5682051,1.588267,-0.02563109,0.3826662,1.64956,-0.01509989,0.2147906,1.619771,-0.02645736,0.1874814,1.605509,-0.2239112,0.2033069,1.582657,-0.2573009,-0.00104484,1.556367,-0.2974364,-0.2362077,1.627266,-0.1212579,0.2007484,1.591531,-0.08425435,-9.75728E-05,1.557467,-0.07495765,-0.2315935,1.605911,-0.1600481,0.6063356,1.57602
72057594037999830,0,1.004488,95831.59,-0.1754688,0.1990697,1.614739,-0.14078,0.7771921,1.561271,-0.2692505,0.5739245,1.561854,-0.3406478,0.3964034,1.62209,-0.3664874,0.232071,1.582006,-0.3543026,0.2185443,1.568759,-0.03912201,0.5682051,1.588267,-0.02563109,0.3826662,1.64956,-0.01509989,0.2147906,1.619771,-0.02645736,0.1874814,1.605509,-0.2239112,0.2033069,1.582657,-0.2573009,-0.00104484,1.556367,-0.2974364,-0.2362077,1.627266,-0.1212579,0.2007484,1.591531,-0.08425435,-9.75728E-05,1.557467,-0.07495765,-0.2315935,1.605911,-0.1600481,0.6063356,1.57602
72057594037999830,0,1.004488,95831.6,-0.1754688,0.1990697,1.614739,-0.14078,0.7771921,1.561271,-0.2692505,0.5739245,1.561854,-0.3406478,0.3964034,1.62209,-0.3664874,0.232071,1.582006,-0.3543026,0.2185443,1.568759,-0.03912201,0.5682051,1.588267,-0.02563109,0.3826662,1.64956,-0.01509989,0.2147906,1.619771,-0.02645736,0.1874814,1.605509,-0.2239112,0.2033069,1.582657,-0.2573009,-0.00104484,1.556367,-0.2974364,-0.2362077,1.627266,-0.1212579,0.2007484,1.591531,-0.08425435,-9.75728E-05,1.557467,-0.07495765,-0.2315935,1.605911,-0.1600481,0.6063356,1.57602
72057594037999830,0,1.004488,95831.6,-0.1754688,0.1990697,1.614739,-0.14078,0.7771921,1.561271,-0.2692505,0.5739245,1.561854,-0.3406478,0.3964034,1.62209,-0.3664874,0.232071,1.582006,-0.3543026,0.2185443,1.568759,-0.03912201,0.5682051,1.588267,-0.02563109,0.3826662,1.64956,-0.01509989,0.2147906,1.619771,-0.02645736,0.1874814,1.605509,-0.2239112,0.2033069,1.582657,-0.2573009,-0.00104484,1.556367,-0.2974364,-0.2362077,1.627266,-0.1212579,0.2007484,1.591531,-0.08425435,-9.75728E-05,1.557467,-0.07495765,-0.2315935,1.605911,-0.1600481,0.6063356,1.57602
72057594037999830,0,1.004488,95831.6,-0.1754688,0.1990697,1.614739,-0.14078,0.7771921,1.561271,-0.2692505,0.5739245,1.561854,-0.3406478,0.3964034,1.62209,-0.3664874,0.232071,1.582006,-0.3543026,0.2185443,1.568759,-0.03912201,0.5682051,1.588267,-0.02563109,0.3826662,1.64956,-0.01509989,0.2147906,1.619771,-0.02645736,0.1874814,1.605509,-0.2239112,0.2033069,1.582657,-0.2573009,-0.00104484,1.556367,-0.2974364,-0.2362077,1.627266,-0.1212579,0.2007484,1.591531,-0.08425435,-9.75728E-05,1.557467,-0.07495765,-0.2315935,1.605911,-0.1600481,0.6063356,1.57602
72057594037999830,0,1.004488,95831.61,-0.1754688,0.1990697,1.614739,-0.14078,0.7771921,1.561271,-0.2692505,0.5739245,1.561854,-0.3406478,0.3964034,1.62209,-0.3664874,0.232071,1.582006,-0.3543026,0.2185443,1.568759,-0.03912201,0.5682051,1.588267,-0.02563109,0.3826662,1.64956,-0.01509989,0.2147906,1.619771,-0.02645736,0.1874814,1.605509,-0.2239112,0.2033069,1.582657,-0.2573009,-0.00104484,1.556367,-0.2974364,-0.2362077,1.627266,-0.1212579,0.2007484,1.591531,-0.08425435,-9.75728E-05,1.557467,-0.07495765,-0.2315935,1.605911,-0.1600481,0.6063356,1.57602
72057594037999830,0,1.004488,95831.61,-0.1754688,0.1990697,1.614739,-0.14078,0.7771921,1.561271,-0.2692505,0.5739245,1.561854,-0.3406478,0.3964034,1.62209,-0.3664874,0.232071,1.582006,-0.3543026,0.2185443,1.568759,-0.03912201,0.5682051,1.588267,-0.02563109,0.3826662,1.64956,-0.01509989,0.2147906,1.619771,-0.02645736,0.1874814,1.605509,-0.2239112,0.2033069,1.582657,-0.2573009,-0.00104484,1.556367,-0.2974364,-0.2362077,1.627266,-0.1212579,0.2007484,1.591531,-0.08425435,-9.75728E-05,1.557467,-0.07495765,-0.2315935,1.605911,-0.1600481,0.6063356,1.57602
72057594037999830,0,1.004488,95831.61,-0.1754688,0.1990697,1.614739,-0.14078,0.7771921,1.561271,-0.2692505,0.5739245,1.561854,-0.3406478,0.3964034,1.62209,-0.3664874,0.232071,1.582006,-0.3543026,0.2185443,1.568759,-0.03912201,0.5682051,1.588267,-0.02563109,0.3826662,1.64956,-0.01509989,0.2147906,1.619771,-0.02645736,0.1874814,1.605509,-0.2239112,0.2033069,1.582657,-0.2573009,-0.00104484,1.556367,-0.2974364,-0.2362077,1.627266,-0.1212579,0.2007484,1.591531,-0.08425435,-9.75728E-05,1.557467,-0.07495765,-0.2315935,1.605911,-0.1600481,0.6063356,1.57602
72057594037999830,0,1.002155,95831.62,-0.1743253,0.2008115,1.616093,-0.1418802,0.7793059,1.563123,-0.2706965,0.5755345,1.561246,-0.3411489,0.3967637,1.622161,-0.3552547,0.2313674,1.576919,-0.3451644,0.2189802,1.56635,-0.04023371,0.5696126,1.590192,-0.02607596,0.3847552,1.655602,-0.01362948,0.216749,1.62339,-0.02778317,0.2176614,1.604813,-0.2229855,0.2049711,1.58371,-0.2568748,-0.0006710291,1.56049,-0.2979979,-0.2367806,1.628706,-0.1199518,0.2024751,1.593263,-0.08438513,0.0008442104,1.56434,-0.07494909,-0.2323917,1.606878,-0.1611992,0.6088346,1.576442
72057594037999830,0,1.002155,95831.62,-0.1743253,0.2008115,1.616093,-0.1418802,0.7793059,1.563123,-0.2706965,0.5755345,1.561246,-0.3411489,0.3967637,1.622161,-0.3552547,0.2313674,1.576919,-0.3451644,0.2189802,1.56635,-0.04023371,0.5696126,1.590192,-0.02607596,0.3847552,1.655602,-0.01362948,0.216749,1.62339,-0.02778317,0.2176614,1.604813,-0.2229855,0.2049711,1.58371,-0.2568748,-0.0006710291,1.56049,-0.2979979,-0.2367806,1.628706,-0.1199518,0.2024751,1.593263,-0.08438513,0.0008442104,1.56434,-0.07494909,-0.2323917,1.606878,-0.1611992,0.6088346,1.576442
72057594037999830,0,1.002155,95831.63,-0.1743253,0.2008115,1.616093,-0.1418802,0.7793059,1.563123,-0.2706965,0.5755345,1.561246,-0.3411489,0.3967637,1.622161,-0.3552547,0.2313674,1.576919,-0.3451644,0.2189802,1.56635,-0.04023371,0.5696126,1.590192,-0.02607596,0.3847552,1.655602,-0.01362948,0.216749,1.62339,-0.02778317,0.2176614,1.604813,-0.2229855,0.2049711,1.58371,-0.2568748,-0.0006710291,1.56049,-0.2979979,-0.2367806,1.628706,-0.1199518,0.2024751,1.593263,-0.08438513,0.0008442104,1.56434,-0.07494909,-0.2323917,1.606878,-0.1611992,0.6088346,1.576442
72057594037999830,0,1.002155,95831.63,-0.1743253,0.2008115,1.616093,-0.1418802,0.7793059,1.563123,-0.2706965,0.5755345,1.561246,-0.3411489,0.3967637,1.622161,-0.3552547,0.2313674,1.576919,-0.3451644,0.2189802,1.56635,-0.04023371,0.5696126,1.590192,-0.02607596,0.3847552,1.655602,-0.01362948,0.216749,1.62339,-0.02778317,0.2176614,1.604813,-0.2229855,0.2049711,1.58371,-0.2568748,-0.0006710291,1.56049,-0.2979979,-0.2367806,1.628706,-0.1199518,0.2024751,1.593263,-0.08438513,0.0008442104,1.56434,-0.07494909,-0.2323917,1.606878,-0.1611992,0.6088346,1.576442
72057594037999830,0,1.002155,95831.63,-0.1743253,0.2008115,1.616093,-0.1418802,0.7793059,1.563123,-0.2706965,0.5755345,1.561246,-0.3411489,0.3967637,1.622161,-0.3552547,0.2313674,1.576919,-0.3451644,0.2189802,1.56635,-0.04023371,0.5696126,1.590192,-0.02607596,0.3847552,1.655602,-0.01362948,0.216749,1.62339,-0.02778317,0.2176614,1.604813,-0.2229855,0.2049711,1.58371,-0.2568748,-0.0006710291,1.56049,-0.2979979,-0.2367806,1.628706,-0.1199518,0.2024751,1.593263,-0.08438513,0.0008442104,1.56434,-0.07494909,-0.2323917,1.606878,-0.1611992,0.6088346,1.576442
72057594037999830,0,1.002155,95831.63,-0.1743253,0.2008115,1.616093,-0.1418802,0.7793059,1.563123,-0.2706965,0.5755345,1.561246,-0.3411489,0.3967637,1.622161,-0.3552547,0.2313674,1.576919,-0.3451644,0.2189802,1.56635,-0.04023371,0.5696126,1.590192,-0.02607596,0.3847552,1.655602,-0.01362948,0.216749,1.62339,-0.02778317,0.2176614,1.604813,-0.2229855,0.2049711,1.58371,-0.2568748,-0.0006710291,1.56049,-0.2979979,-0.2367806,1.628706,-0.1199518,0.2024751,1.593263,-0.08438513,0.0008442104,1.56434,-0.07494909,-0.2323917,1.606878,-0.1611992,0.6088346,1.576442
72057594037999830,0,1.002155,95831.63,-0.1743253,0.2008115,1.616093,-0.1418802,0.7793059,1.563123,-0.2706965,0.5755345,1.561246,-0.3411489,0.3967637,1.622161,-0.3552547,0.2313674,1.576919,-0.3451644,0.2189802,1.56635,-0.04023371,0.5696126,1.590192,-0.02607596,0.3847552,1.655602,-0.01362948,0.216749,1.62339,-0.02778317,0.2176614,1.604813,-0.2229855,0.2049711,1.58371,-0.2568748,-0.0006710291,1.56049,-0.2979979,-0.2367806,1.628706,-0.1199518,0.2024751,1.593263,-0.08438513,0.0008442104,1.56434,-0.07494909,-0.2323917,1.606878,-0.1611992,0.6088346,1.576442
72057594037999830,0,1.002155,95831.63,-0.1743253,0.2008115,1.616093,-0.1418802,0.7793059,1.563123,-0.2706965,0.5755345,1.561246,-0.3411489,0.3967637,1.622161,-0.3552547,0.2313674,1.576919,-0.3451644,0.2189802,1.56635,-0.04023371,0.5696126,1.590192,-0.02607596,0.3847552,1.655602,-0.01362948,0.216749,1.62339,-0.02778317,0.2176614,1.604813,-0.2229855,0.2049711,1.58371,-0.2568748,-0.0006710291,1.56049,-0.2979979,-0.2367806,1.628706,-0.1199518,0.2024751,1.593263,-0.08438513,0.0008442104,1.56434,-0.07494909,-0.2323917,1.606878,-0.1611992,0.6088346,1.576442
72057594037999830,0,1.002155,95831.64,-0.1743253,0.2008115,1.616093,-0.1418802,0.7793059,1.563123,-0.2706965,0.5755345,1.561246,-0.3411489,0.3967637,1.622161,-0.3552547,0.2313674,1.576919,-0.3451644,0.2189802,1.56635,-0.04023371,0.5696126,1.590192,-0.02607596,0.3847552,1.655602,-0.01362948,0.216749,1.62339,-0.02778317,0.2176614,1.604813,-0.2229855,0.2049711,1.58371,-0.2568748,-0.0006710291,1.56049,-0.2979979,-0.2367806,1.628706,-0.1199518,0.2024751,1.593263,-0.08438513,0.0008442104,1.56434,-0.07494909,-0.2323917,1.606878,-0.1611992,0.6088346,1.576442
72057594037999830,0,1.002155,95831.64,-0.1743253,0.2008115,1.616093,-0.1418802,0.7793059,1.563123,-0.2706965,0.5755345,1.561246,-0.3411489,0.3967637,1.622161,-0.3552547,0.2313674,1.576919,-0.3451644,0.2189802,1.56635,-0.04023371,0.5696126,1.590192,-0.02607596,0.3847552,1.655602,-0.01362948,0.216749,1.62339,-0.02778317,0.2176614,1.604813,-0.2229855,0.2049711,1.58371,-0.2568748,-0.0006710291,1.56049,-0.2979979,-0.2367806,1.628706,-0.1199518,0.2024751,1.593263,-0.08438513,0.0008442104,1.56434,-0.07494909,-0.2323917,1.606878,-0.1611992,0.6088346,1.576442
72057594037999830,0,1.002155,95831.64,-0.1743253,0.2008115,1.616093,-0.1418802,0.7793059,1.563123,-0.2706965,0.5755345,1.561246,-0.3411489,0.3967637,1.622161,-0.3552547,0.2313674,1.576919,-0.3451644,0.2189802,1.56635,-0.04023371,0.5696126,1.590192,-0.02607596,0.3847552,1.655602,-0.01362948,0.216749,1.62339,-0.02778317,0.2176614,1.604813,-0.2229855,0.2049711,1.58371,-0.2568748,-0.0006710291,1.56049,-0.2979979,-0.2367806,1.628706,-0.1199518,0.2024751,1.593263,-0.08438513,0.0008442104,1.56434,-0.07494909,-0.2323917,1.606878,-0.1611992,0.6088346,1.576442
72057594037999830,0,1.002155,95831.65,-0.1743253,0.2008115,1.616093,-0.1418802,0.7793059,1.563123,-0.2706965,0.5755345,1.561246,-0.3411489,0.3967637,1.622161,-0.3552547,0.2313674,1.576919,-0.3451644,0.2189802,1.56635,-0.04023371,0.5696126,1.590192,-0.02607596,0.3847552,1.655602,-0.01362948,0.216749,1.62339,-0.02778317,0.2176614,1.604813,-0.2229855,0.2049711,1.58371,-0.2568748,-0.0006710291,1.56049,-0.2979979,-0.2367806,1.628706,-0.1199518,0.2024751,1.593263,-0.08438513,0.0008442104,1.56434,-0.07494909,-0.2323917,1.606878,-0.1611992,0.6088346,1.576442
72057594037999830,0,1.000387,95831.65,-0.173324,0.2012592,1.617913,-0.1428249,0.7806479,1.564519,-0.2712401,0.576259,1.560633,-0.3414258,0.3965114,1.621955,-0.3434087,0.2310071,1.572186,-0.3364837,0.2073286,1.562346,-0.04079174,0.5702447,1.592518,-0.02642051,0.3856522,1.659505,-0.01269946,0.2174783,1.625944,-0.02561537,0.2217593,1.611685,-0.222168,0.2054524,1.585095,-0.2572158,-0.003160208,1.566722,-0.2983187,-0.2378764,1.62988,-0.118819,0.2028305,1.59558,-0.0843937,0.001486152,1.568051,-0.0748852,-0.2328113,1.607974,-0.1616743,0.6097385,1.576993
72057594037999830,0,1.000387,95831.65,-0.173324,0.2012592,1.617913,-0.1428249,0.7806479,1.564519,-0.2712401,0.576259,1.560633,-0.3414258,0.3965114,1.621955,-0.3434087,0.2310071,1.572186,-0.3364837,0.2073286,1.562346,-0.04079174,0.5702447,1.592518,-0.02642051,0.3856522,1.659505,-0.01269946,0.2174783,1.625944,-0.02561537,0.2217593,1.611685,-0.222168,0.2054524,1.585095,-0.2572158,-0.003160208,1.566722,-0.2983187,-0.2378764,1.62988,-0.118819,0.2028305,1.59558,-0.0843937,0.001486152,1.568051,-0.0748852,-0.2328113,1.607974,-0.1616743,0.6097385,1.576993
72057594037999830,0,1.000387,95831.66,-0.173324,0.2012592,1.617913,-0.1428249,0.7806479,1.564519,-0.2712401,0.576259,1.560633,-0.3414258,0.3965114,1.621955,-0.3434087,0.2310071,1.572186,-0.3364837,0.2073286,1.562346,-0.04079174,0.5702447,1.592518,-0.02642051,0.3856522,1.659505,-0.01269946,0.2174783,1.625944,-0.02561537,0.2217593,1.611685,-0.222168,0.2054524,1.585095,-0.2572158,-0.003160208,1.566722,-0.2983187,-0.2378764,1.62988,-0.118819,0.2028305,1.59558,-0.0843937,0.001486152,1.568051,-0.0748852,-0.2328113,1.607974,-0.1616743,0.6097385,1.576993
72057594037999830,0,1.000387,95831.66,-0.173324,0.2012592,1.617913,-0.1428249,0.7806479,1.564519,-0.2712401,0.576259,1.560633,-0.3414258,0.3965114,1.621955,-0.3434087,0.2310071,1.572186,-0.3364837,0.2073286,1.562346,-0.04079174,0.5702447,1.592518,-0.02642051,0.3856522,1.659505,-0.01269946,0.2174783,1.625944,-0.02561537,0.2217593,1.611685,-0.222168,0.2054524,1.585095,-0.2572158,-0.003160208,1.566722,-0.2983187,-0.2378764,1.62988,-0.118819,0.2028305,1.59558,-0.0843937,0.001486152,1.568051,-0.0748852,-0.2328113,1.607974,-0.1616743,0.6097385,1.576993
72057594037999830,0,1.000387,95831.66,-0.173324,0.2012592,1.617913,-0.1428249,0.7806479,1.564519,-0.2712401,0.576259,1.560633,-0.3414258,0.3965114,1.621955,-0.3434087,0.2310071,1.572186,-0.3364837,0.2073286,1.562346,-0.04079174,0.5702447,1.592518,-0.02642051,0.3856522,1.659505,-0.01269946,0.2174783,1.625944,-0.02561537,0.2217593,1.611685,-0.222168,0.2054524,1.585095,-0.2572158,-0.003160208,1.566722,-0.2983187,-0.2378764,1.62988,-0.118819,0.2028305,1.59558,-0.0843937,0.001486152,1.568051,-0.0748852,-0.2328113,1.607974,-0.1616743,0.6097385,1.576993
72057594037999830,0,1.000387,95831.66,-0.173324,0.2012592,1.617913,-0.1428249,0.7806479,1.564519,-0.2712401,0.576259,1.560633,-0.3414258,0.3965114,1.621955,-0.3434087,0.2310071,1.572186,-0.3364837,0.2073286,1.562346,-0.04079174,0.5702447,1.592518,-0.02642051,0.3856522,1.659505,-0.01269946,0.2174783,1.625944,-0.02561537,0.2217593,1.611685,-0.222168,0.2054524,1.585095,-0.2572158,-0.003160208,1.566722,-0.2983187,-0.2378764,1.62988,-0.118819,0.2028305,1.59558,-0.0843937,0.001486152,1.568051,-0.0748852,-0.2328113,1.607974,-0.1616743,0.6097385,1.576993
72057594037999830,0,1.000387,95831.66,-0.173324,0.2012592,1.617913,-0.1428249,0.7806479,1.564519,-0.2712401,0.576259,1.560633,-0.3414258,0.3965114,1.621955,-0.3434087,0.2310071,1.572186,-0.3364837,0.2073286,1.562346,-0.04079174,0.5702447,1.592518,-0.02642051,0.3856522,1.659505,-0.01269946,0.2174783,1.625944,-0.02561537,0.2217593,1.611685,-0.222168,0.2054524,1.585095,-0.2572158,-0.003160208,1.566722,-0.2983187,-0.2378764,1.62988,-0.118819,0.2028305,1.59558,-0.0843937,0.001486152,1.568051,-0.0748852,-0.2328113,1.607974,-0.1616743,0.6097385,1.576993
72057594037999830,0,1.000387,95831.66,-0.173324,0.2012592,1.617913,-0.1428249,0.7806479,1.564519,-0.2712401,0.576259,1.560633,-0.3414258,0.3965114,1.621955,-0.3434087,0.2310071,1.572186,-0.3364837,0.2073286,1.562346,-0.04079174,0.5702447,1.592518,-0.02642051,0.3856522,1.659505,-0.01269946,0.2174783,1.625944,-0.02561537,0.2217593,1.611685,-0.222168,0.2054524,1.585095,-0.2572158,-0.003160208,1.566722,-0.2983187,-0.2378764,1.62988,-0.118819,0.2028305,1.59558,-0.0843937,0.001486152,1.568051,-0.0748852,-0.2328113,1.607974,-0.1616743,0.6097385,1.576993
72057594037999830,0,1.000387,95831.67,-0.173324,0.2012592,1.617913,-0.1428249,0.7806479,1.564519,-0.2712401,0.576259,1.560633,-0.3414258,0.3965114,1.621955,-0.3434087,0.2310071,1.572186,-0.3364837,0.2073286,1.562346,-0.04079174,0.5702447,1.592518,-0.02642051,0.3856522,1.659505,-0.01269946,0.2174783,1.625944,-0.02561537,0.2217593,1.611685,-0.222168,0.2054524,1.585095,-0.2572158,-0.003160208,1.566722,-0.2983187,-0.2378764,1.62988,-0.118819,0.2028305,1.59558,-0.0843937,0.001486152,1.568051,-0.0748852,-0.2328113,1.607974,-0.1616743,0.6097385,1.576993
72057594037999830,0,1.000387,95831.67,-0.173324,0.2012592,1.617913,-0.1428249,0.7806479,1.564519,-0.2712401,0.576259,1.560633,-0.3414258,0.3965114,1.621955,-0.3434087,0.2310071,1.572186,-0.3364837,0.2073286,1.562346,-0.04079174,0.5702447,1.592518,-0.02642051,0.3856522,1.659505,-0.01269946,0.2174783,1.625944,-0.02561537,0.2217593,1.611685,-0.222168,0.2054524,1.585095,-0.2572158,-0.003160208,1.566722,-0.2983187,-0.2378764,1.62988,-0.118819,0.2028305,1.59558,-0.0843937,0.001486152,1.568051,-0.0748852,-0.2328113,1.607974,-0.1616743,0.6097385,1.576993
72057594037999830,0,1.000387,95831.67,-0.173324,0.2012592,1.617913,-0.1428249,0.7806479,1.564519,-0.2712401,0.576259,1.560633,-0.3414258,0.3965114,1.621955,-0.3434087,0.2310071,1.572186,-0.3364837,0.2073286,1.562346,-0.04079174,0.5702447,1.592518,-0.02642051,0.3856522,1.659505,-0.01269946,0.2174783,1.625944,-0.02561537,0.2217593,1.611685,-0.222168,0.2054524,1.585095,-0.2572158,-0.003160208,1.566722,-0.2983187,-0.2378764,1.62988,-0.118819,0.2028305,1.59558,-0.0843937,0.001486152,1.568051,-0.0748852,-0.2328113,1.607974,-0.1616743,0.6097385,1.576993
72057594037999830,0,1.000387,95831.68,-0.173324,0.2012592,1.617913,-0.1428249,0.7806479,1.564519,-0.2712401,0.576259,1.560633,-0.3414258,0.3965114,1.621955,-0.3434087,0.2310071,1.572186,-0.3364837,0.2073286,1.562346,-0.04079174,0.5702447,1.592518,-0.02642051,0.3856522,1.659505,-0.01269946,0.2174783,1.625944,-0.02561537,0.2217593,1.611685,-0.222168,0.2054524,1.585095,-0.2572158,-0.003160208,1.566722,-0.2983187,-0.2378764,1.62988,-0.118819,0.2028305,1.59558,-0.0843937,0.001486152,1.568051,-0.0748852,-0.2328113,1.607974,-0.1616743,0.6097385,1.576993
72057594037999830,0,0.9991147,95831.68,-0.1725953,0.2016842,1.619126,-0.1434469,0.7815877,1.56566,-0.2714599,0.5765292,1.560402,-0.3412236,0.396571,1.621444,-0.341403,0.2306114,1.57182,-0.3337702,0.2043677,1.563021,-0.04098311,0.5708119,1.594638,-0.02682896,0.3857264,1.663323,-0.01200192,0.2175892,1.627654,-0.02652973,0.2237993,1.614523,-0.2215508,0.2058413,1.586064,-0.2569524,-0.00396964,1.569177,-0.2983444,-0.2375859,1.630509,-0.1180258,0.2032632,1.597035,-0.08386327,0.00147599,1.571858,-0.07487237,-0.2330425,1.608743,-0.162099,0.6106123,1.577756
72057594037999830,0,0.9991147,95831.69,-0.1725953,0.2016842,1.619126,-0.1434469,0.7815877,1.56566,-0.2714599,0.5765292,1.560402,-0.3412236,0.396571,1.621444,-0.341403,0.2306114,1.57182,-0.3337702,0.2043677,1.563021,-0.04098311,0.5708119,1.594638,-0.02682896,0.3857264,1.663323,-0.01200192,0.2175892,1.627654,-0.02652973,0.2237993,1.614523,-0.2215508,0.2058413,1.586064,-0.2569524,-0.00396964,1.569177,-0.2983444,-0.2375859,1.630509,-0.1180258,0.2032632,1.597035,-0.08386327,0.00147599,1.571858,-0.07487237,-0.2330425,1.608743,-0.162099,0.6106123,1.577756
72057594037999830,0,0.9991147,95831.69,-0.1725953,0.2016842,1.619126,-0.1434469,0.7815877,1.56566,-0.2714599,0.5765292,1.560402,-0.3412236,0.396571,1.621444,-0.341403,0.2306114,1.57182,-0.3337702,0.2043677,1.563021,-0.04098311,0.5708119,1.594638,-0.02682896,0.3857264,1.663323,-0.01200192,0.2175892,1.627654,-0.02652973,0.2237993,1.614523,-0.2215508,0.2058413,1.586064,-0.2569524,-0.00396964,1.569177,-0.2983444,-0.2375859,1.630509,-0.1180258,0.2032632,1.597035,-0.08386327,0.00147599,1.571858,-0.07487237,-0.2330425,1.608743,-0.162099,0.6106123,1.577756
72057594037999830,0,0.9991147,95831.69,-0.1725953,0.2016842,1.619126,-0.1434469,0.7815877,1.56566,-0.2714599,0.5765292,1.560402,-0.3412236,0.396571,1.621444,-0.341403,0.2306114,1.57182,-0.3337702,0.2043677,1.563021,-0.04098311,0.5708119,1.594638,-0.02682896,0.3857264,1.663323,-0.01200192,0.2175892,1.627654,-0.02652973,0.2237993,1.614523,-0.2215508,0.2058413,1.586064,-0.2569524,-0.00396964,1.569177,-0.2983444,-0.2375859,1.630509,-0.1180258,0.2032632,1.597035,-0.08386327,0.00147599,1.571858,-0.07487237,-0.2330425,1.608743,-0.162099,0.6106123,1.577756
72057594037999830,0,0.9991147,95831.7,-0.1725953,0.2016842,1.619126,-0.1434469,0.7815877,1.56566,-0.2714599,0.5765292,1.560402,-0.3412236,0.396571,1.621444,-0.341403,0.2306114,1.57182,-0.3337702,0.2043677,1.563021,-0.04098311,0.5708119,1.594638,-0.02682896,0.3857264,1.663323,-0.01200192,0.2175892,1.627654,-0.02652973,0.2237993,1.614523,-0.2215508,0.2058413,1.586064,-0.2569524,-0.00396964,1.569177,-0.2983444,-0.2375859,1.630509,-0.1180258,0.2032632,1.597035,-0.08386327,0.00147599,1.571858,-0.07487237,-0.2330425,1.608743,-0.162099,0.6106123,1.577756
72057594037999830,0,0.9991147,95831.7,-0.1725953,0.2016842,1.619126,-0.1434469,0.7815877,1.56566,-0.2714599,0.5765292,1.560402,-0.3412236,0.396571,1.621444,-0.341403,0.2306114,1.57182,-0.3337702,0.2043677,1.563021,-0.04098311,0.5708119,1.594638,-0.02682896,0.3857264,1.663323,-0.01200192,0.2175892,1.627654,-0.02652973,0.2237993,1.614523,-0.2215508,0.2058413,1.586064,-0.2569524,-0.00396964,1.569177,-0.2983444,-0.2375859,1.630509,-0.1180258,0.2032632,1.597035,-0.08386327,0.00147599,1.571858,-0.07487237,-0.2330425,1.608743,-0.162099,0.6106123,1.577756
72057594037999830,0,0.9991147,95831.7,-0.1725953,0.2016842,1.619126,-0.1434469,0.7815877,1.56566,-0.2714599,0.5765292,1.560402,-0.3412236,0.396571,1.621444,-0.341403,0.2306114,1.57182,-0.3337702,0.2043677,1.563021,-0.04098311,0.5708119,1.594638,-0.02682896,0.3857264,1.663323,-0.01200192,0.2175892,1.627654,-0.02652973,0.2237993,1.614523,-0.2215508,0.2058413,1.586064,-0.2569524,-0.00396964,1.569177,-0.2983444,-0.2375859,1.630509,-0.1180258,0.2032632,1.597035,-0.08386327,0.00147599,1.571858,-0.07487237,-0.2330425,1.608743,-0.162099,0.6106123,1.577756
72057594037999830,0,0.9991147,95831.7,-0.1725953,0.2016842,1.619126,-0.1434469,0.7815877,1.56566,-0.2714599,0.5765292,1.560402,-0.3412236,0.396571,1.621444,-0.341403,0.2306114,1.57182,-0.3337702,0.2043677,1.563021,-0.04098311,0.5708119,1.594638,-0.02682896,0.3857264,1.663323,-0.01200192,0.2175892,1.627654,-0.02652973,0.2237993,1.614523,-0.2215508,0.2058413,1.586064,-0.2569524,-0.00396964,1.569177,-0.2983444,-0.2375859,1.630509,-0.1180258,0.2032632,1.597035,-0.08386327,0.00147599,1.571858,-0.07487237,-0.2330425,1.608743,-0.162099,0.6106123,1.577756
72057594037999830,0,0.9991147,95831.7,-0.1725953,0.2016842,1.619126,-0.1434469,0.7815877,1.56566,-0.2714599,0.5765292,1.560402,-0.3412236,0.396571,1.621444,-0.341403,0.2306114,1.57182,-0.3337702,0.2043677,1.563021,-0.04098311,0.5708119,1.594638,-0.02682896,0.3857264,1.663323,-0.01200192,0.2175892,1.627654,-0.02652973,0.2237993,1.614523,-0.2215508,0.2058413,1.586064,-0.2569524,-0.00396964,1.569177,-0.2983444,-0.2375859,1.630509,-0.1180258,0.2032632,1.597035,-0.08386327,0.00147599,1.571858,-0.07487237,-0.2330425,1.608743,-0.162099,0.6106123,1.577756
72057594037999830,0,0.9991147,95831.7,-0.1725953,0.2016842,1.619126,-0.1434469,0.7815877,1.56566,-0.2714599,0.5765292,1.560402,-0.3412236,0.396571,1.621444,-0.341403,0.2306114,1.57182,-0.3337702,0.2043677,1.563021,-0.04098311,0.5708119,1.594638,-0.02682896,0.3857264,1.663323,-0.01200192,0.2175892,1.627654,-0.02652973,0.2237993,1.614523,-0.2215508,0.2058413,1.586064,-0.2569524,-0.00396964,1.569177,-0.2983444,-0.2375859,1.630509,-0.1180258,0.2032632,1.597035,-0.08386327,0.00147599,1.571858,-0.07487237,-0.2330425,1.608743,-0.162099,0.6106123,1.577756
72057594037999830,0,0.9991147,95831.7,-0.1725953,0.2016842,1.619126,-0.1434469,0.7815877,1.56566,-0.2714599,0.5765292,1.560402,-0.3412236,0.396571,1.621444,-0.341403,0.2306114,1.57182,-0.3337702,0.2043677,1.563021,-0.04098311,0.5708119,1.594638,-0.02682896,0.3857264,1.663323,-0.01200192,0.2175892,1.627654,-0.02652973,0.2237993,1.614523,-0.2215508,0.2058413,1.586064,-0.2569524,-0.00396964,1.569177,-0.2983444,-0.2375859,1.630509,-0.1180258,0.2032632,1.597035,-0.08386327,0.00147599,1.571858,-0.07487237,-0.2330425,1.608743,-0.162099,0.6106123,1.577756
72057594037999830,0,0.9991147,95831.71,-0.1725953,0.2016842,1.619126,-0.1434469,0.7815877,1.56566,-0.2714599,0.5765292,1.560402,-0.3412236,0.396571,1.621444,-0.341403,0.2306114,1.57182,-0.3337702,0.2043677,1.563021,-0.04098311,0.5708119,1.594638,-0.02682896,0.3857264,1.663323,-0.01200192,0.2175892,1.627654,-0.02652973,0.2237993,1.614523,-0.2215508,0.2058413,1.586064,-0.2569524,-0.00396964,1.569177,-0.2983444,-0.2375859,1.630509,-0.1180258,0.2032632,1.597035,-0.08386327,0.00147599,1.571858,-0.07487237,-0.2330425,1.608743,-0.162099,0.6106123,1.577756
72057594037999830,0,0.9991147,95831.71,-0.1725953,0.2016842,1.619126,-0.1434469,0.7815877,1.56566,-0.2714599,0.5765292,1.560402,-0.3412236,0.396571,1.621444,-0.341403,0.2306114,1.57182,-0.3337702,0.2043677,1.563021,-0.04098311,0.5708119,1.594638,-0.02682896,0.3857264,1.663323,-0.01200192,0.2175892,1.627654,-0.02652973,0.2237993,1.614523,-0.2215508,0.2058413,1.586064,-0.2569524,-0.00396964,1.569177,-0.2983444,-0.2375859,1.630509,-0.1180258,0.2032632,1.597035,-0.08386327,0.00147599,1.571858,-0.07487237,-0.2330425,1.608743,-0.162099,0.6106123,1.577756
72057594037999830,0,0.9991147,95831.71,-0.1725953,0.2016842,1.619126,-0.1434469,0.7815877,1.56566,-0.2714599,0.5765292,1.560402,-0.3412236,0.396571,1.621444,-0.341403,0.2306114,1.57182,-0.3337702,0.2043677,1.563021,-0.04098311,0.5708119,1.594638,-0.02682896,0.3857264,1.663323,-0.01200192,0.2175892,1.627654,-0.02652973,0.2237993,1.614523,-0.2215508,0.2058413,1.586064,-0.2569524,-0.00396964,1.569177,-0.2983444,-0.2375859,1.630509,-0.1180258,0.2032632,1.597035,-0.08386327,0.00147599,1.571858,-0.07487237,-0.2330425,1.608743,-0.162099,0.6106123,1.577756
72057594037999830,0,0.9970263,95831.72,-0.1719536,0.2030339,1.620621,-0.143935,0.7825651,1.566741,-0.2715041,0.5767076,1.560313,-0.3399966,0.396688,1.619447,-0.3402973,0.2300235,1.571704,-0.3320628,0.2029228,1.563361,-0.04128662,0.5722646,1.596315,-0.02711699,0.386711,1.665504,-0.01162775,0.2185224,1.62899,-0.02611462,0.2271233,1.616142,-0.2210055,0.2069018,1.587433,-0.2567868,-0.004706383,1.57071,-0.2987332,-0.2388263,1.630474,-0.1173254,0.2048704,1.598635,-0.08317982,0.002420366,1.574873,-0.07514852,-0.2323749,1.610565,-0.1623986,0.6117953,1.578831
72057594037999830,0,0.9970263,95831.72,-0.1719536,0.2030339,1.620621,-0.143935,0.7825651,1.566741,-0.2715041,0.5767076,1.560313,-0.3399966,0.396688,1.619447,-0.3402973,0.2300235,1.571704,-0.3320628,0.2029228,1.563361,-0.04128662,0.5722646,1.596315,-0.02711699,0.386711,1.665504,-0.01162775,0.2185224,1.62899,-0.02611462,0.2271233,1.616142,-0.2210055,0.2069018,1.587433,-0.2567868,-0.004706383,1.57071,-0.2987332,-0.2388263,1.630474,-0.1173254,0.2048704,1.598635,-0.08317982,0.002420366,1.574873,-0.07514852,-0.2323749,1.610565,-0.1623986,0.6117953,1.578831
72057594037999830,0,0.9970263,95831.73,-0.1719536,0.2030339,1.620621,-0.143935,0.7825651,1.566741,-0.2715041,0.5767076,1.560313,-0.3399966,0.396688,1.619447,-0.3402973,0.2300235,1.571704,-0.3320628,0.2029228,1.563361,-0.04128662,0.5722646,1.596315,-0.02711699,0.386711,1.665504,-0.01162775,0.2185224,1.62899,-0.02611462,0.2271233,1.616142,-0.2210055,0.2069018,1.587433,-0.2567868,-0.004706383,1.57071,-0.2987332,-0.2388263,1.630474,-0.1173254,0.2048704,1.598635,-0.08317982,0.002420366,1.574873,-0.07514852,-0.2323749,1.610565,-0.1623986,0.6117953,1.578831
72057594037999830,0,0.9970263,95831.73,-0.1719536,0.2030339,1.620621,-0.143935,0.7825651,1.566741,-0.2715041,0.5767076,1.560313,-0.3399966,0.396688,1.619447,-0.3402973,0.2300235,1.571704,-0.3320628,0.2029228,1.563361,-0.04128662,0.5722646,1.596315,-0.02711699,0.386711,1.665504,-0.01162775,0.2185224,1.62899,-0.02611462,0.2271233,1.616142,-0.2210055,0.2069018,1.587433,-0.2567868,-0.004706383,1.57071,-0.2987332,-0.2388263,1.630474,-0.1173254,0.2048704,1.598635,-0.08317982,0.002420366,1.574873,-0.07514852,-0.2323749,1.610565,-0.1623986,0.6117953,1.578831
72057594037999830,0,0.9970263,95831.73,-0.1719536,0.2030339,1.620621,-0.143935,0.7825651,1.566741,-0.2715041,0.5767076,1.560313,-0.3399966,0.396688,1.619447,-0.3402973,0.2300235,1.571704,-0.3320628,0.2029228,1.563361,-0.04128662,0.5722646,1.596315,-0.02711699,0.386711,1.665504,-0.01162775,0.2185224,1.62899,-0.02611462,0.2271233,1.616142,-0.2210055,0.2069018,1.587433,-0.2567868,-0.004706383,1.57071,-0.2987332,-0.2388263,1.630474,-0.1173254,0.2048704,1.598635,-0.08317982,0.002420366,1.574873,-0.07514852,-0.2323749,1.610565,-0.1623986,0.6117953,1.578831
72057594037999830,0,0.9970263,95831.73,-0.1719536,0.2030339,1.620621,-0.143935,0.7825651,1.566741,-0.2715041,0.5767076,1.560313,-0.3399966,0.396688,1.619447,-0.3402973,0.2300235,1.571704,-0.3320628,0.2029228,1.563361,-0.04128662,0.5722646,1.596315,-0.02711699,0.386711,1.665504,-0.01162775,0.2185224,1.62899,-0.02611462,0.2271233,1.616142,-0.2210055,0.2069018,1.587433,-0.2567868,-0.004706383,1.57071,-0.2987332,-0.2388263,1.630474,-0.1173254,0.2048704,1.598635,-0.08317982,0.002420366,1.574873,-0.07514852,-0.2323749,1.610565,-0.1623986,0.6117953,1.578831
72057594037999830,0,0.9970263,95831.73,-0.1719536,0.2030339,1.620621,-0.143935,0.7825651,1.566741,-0.2715041,0.5767076,1.560313,-0.3399966,0.396688,1.619447,-0.3402973,0.2300235,1.571704,-0.3320628,0.2029228,1.563361,-0.04128662,0.5722646,1.596315,-0.02711699,0.386711,1.665504,-0.01162775,0.2185224,1.62899,-0.02611462,0.2271233,1.616142,-0.2210055,0.2069018,1.587433,-0.2567868,-0.004706383,1.57071,-0.2987332,-0.2388263,1.630474,-0.1173254,0.2048704,1.598635,-0.08317982,0.002420366,1.574873,-0.07514852,-0.2323749,1.610565,-0.1623986,0.6117953,1.578831
72057594037999830,0,0.9970263,95831.73,-0.1719536,0.2030339,1.620621,-0.143935,0.7825651,1.566741,-0.2715041,0.5767076,1.560313,-0.3399966,0.396688,1.619447,-0.3402973,0.2300235,1.571704,-0.3320628,0.2029228,1.563361,-0.04128662,0.5722646,1.596315,-0.02711699,0.386711,1.665504,-0.01162775,0.2185224,1.62899,-0.02611462,0.2271233,1.616142,-0.2210055,0.2069018,1.587433,-0.2567868,-0.004706383,1.57071,-0.2987332,-0.2388263,1.630474,-0.1173254,0.2048704,1.598635,-0.08317982,0.002420366,1.574873,-0.07514852,-0.2323749,1.610565,-0.1623986,0.6117953,1.578831
72057594037999830,0,0.9970263,95831.73,-0.1719536,0.2030339,1.620621,-0.143935,0.7825651,1.566741,-0.2715041,0.5767076,1.560313,-0.3399966,0.396688,1.619447,-0.3402973,0.2300235,1.571704,-0.3320628,0.2029228,1.563361,-0.04128662,0.5722646,1.596315,-0.02711699,0.386711,1.665504,-0.01162775,0.2185224,1.62899,-0.02611462,0.2271233,1.616142,-0.2210055,0.2069018,1.587433,-0.2567868,-0.004706383,1.57071,-0.2987332,-0.2388263,1.630474,-0.1173254,0.2048704,1.598635,-0.08317982,0.002420366,1.574873,-0.07514852,-0.2323749,1.610565,-0.1623986,0.6117953,1.578831
72057594037999830,0,0.9970263,95831.74,-0.1719536,0.2030339,1.620621,-0.143935,0.7825651,1.566741,-0.2715041,0.5767076,1.560313,-0.3399966,0.396688,1.619447,-0.3402973,0.2300235,1.571704,-0.3320628,0.2029228,1.563361,-0.04128662,0.5722646,1.596315,-0.02711699,0.386711,1.665504,-0.01162775,0.2185224,1.62899,-0.02611462,0.2271233,1.616142,-0.2210055,0.2069018,1.587433,-0.2567868,-0.004706383,1.57071,-0.2987332,-0.2388263,1.630474,-0.1173254,0.2048704,1.598635,-0.08317982,0.002420366,1.574873,-0.07514852,-0.2323749,1.610565,-0.1623986,0.6117953,1.578831
72057594037999830,0,0.9970263,95831.74,-0.1719536,0.2030339,1.620621,-0.143935,0.7825651,1.566741,-0.2715041,0.5767076,1.560313,-0.3399966,0.396688,1.619447,-0.3402973,0.2300235,1.571704,-0.3320628,0.2029228,1.563361,-0.04128662,0.5722646,1.596315,-0.02711699,0.386711,1.665504,-0.01162775,0.2185224,1.62899,-0.02611462,0.2271233,1.616142,-0.2210055,0.2069018,1.587433,-0.2567868,-0.004706383,1.57071,-0.2987332,-0.2388263,1.630474,-0.1173254,0.2048704,1.598635,-0.08317982,0.002420366,1.574873,-0.07514852,-0.2323749,1.610565,-0.1623986,0.6117953,1.578831
72057594037999830,0,0.9970263,95831.74,-0.1719536,0.2030339,1.620621,-0.143935,0.7825651,1.566741,-0.2715041,0.5767076,1.560313,-0.3399966,0.396688,1.619447,-0.3402973,0.2300235,1.571704,-0.3320628,0.2029228,1.563361,-0.04128662,0.5722646,1.596315,-0.02711699,0.386711,1.665504,-0.01162775,0.2185224,1.62899,-0.02611462,0.2271233,1.616142,-0.2210055,0.2069018,1.587433,-0.2567868,-0.004706383,1.57071,-0.2987332,-0.2388263,1.630474,-0.1173254,0.2048704,1.598635,-0.08317982,0.002420366,1.574873,-0.07514852,-0.2323749,1.610565,-0.1623986,0.6117953,1.578831
72057594037999830,0,0.9952742,95831.75,-0.1709673,0.2034849,1.622423,-0.144353,0.7836649,1.568507,-0.2714273,0.5771412,1.560292,-0.338564,0.3967998,1.618244,-0.3392913,0.2297163,1.571515,-0.3321839,0.2120139,1.562531,-0.04105119,0.5736975,1.598733,-0.02721975,0.3876302,1.668368,-0.01047797,0.2196244,1.630375,-0.02379333,0.1949551,1.619623,-0.2200992,0.2072516,1.589047,-0.2567889,-0.005055785,1.573458,-0.2988352,-0.2387831,1.63094,-0.1163145,0.2054013,1.600603,-0.08222996,0.002741396,1.577811,-0.07527734,-0.2323301,1.612321,-0.1625914,0.6127679,1.580083
72057594037999830,0,0.9952742,95831.75,-0.1709673,0.2034849,1.622423,-0.144353,0.7836649,1.568507,-0.2714273,0.5771412,1.560292,-0.338564,0.3967998,1.618244,-0.3392913,0.2297163,1.571515,-0.3321839,0.2120139,1.562531,-0.04105119,0.5736975,1.598733,-0.02721975,0.3876302,1.668368,-0.01047797,0.2196244,1.630375,-0.02379333,0.1949551,1.619623,-0.2200992,0.2072516,1.589047,-0.2567889,-0.005055785,1.573458,-0.2988352,-0.2387831,1.63094,-0.1163145,0.2054013,1.600603,-0.08222996,0.002741396,1.577811,-0.07527734,-0.2323301,1.612321,-0.1625914,0.6127679,1.580083
72057594037999830,0,0.9952742,95831.75,-0.1709673,0.2034849,1.622423,-0.144353,0.7836649,1.568507,-0.2714273,0.5771412,1.560292,-0.338564,0.3967998,1.618244,-0.3392913,0.2297163,1.571515,-0.3321839,0.2120139,1.562531,-0.04105119,0.5736975,1.598733,-0.02721975,0.3876302,1.668368,-0.01047797,0.2196244,1.630375,-0.02379333,0.1949551,1.619623,-0.2200992,0.2072516,1.589047,-0.2567889,-0.005055785,1.573458,-0.2988352,-0.2387831,1.63094,-0.1163145,0.2054013,1.600603,-0.08222996,0.002741396,1.577811,-0.07527734,-0.2323301,1.612321,-0.1625914,0.6127679,1.580083
72057594037999830,0,0.9952742,95831.76,-0.1709673,0.2034849,1.622423,-0.144353,0.7836649,1.568507,-0.2714273,0.5771412,1.560292,-0.338564,0.3967998,1.618244,-0.3392913,0.2297163,1.571515,-0.3321839,0.2120139,1.562531,-0.04105119,0.5736975,1.598733,-0.02721975,0.3876302,1.668368,-0.01047797,0.2196244,1.630375,-0.02379333,0.1949551,1.619623,-0.2200992,0.2072516,1.589047,-0.2567889,-0.005055785,1.573458,-0.2988352,-0.2387831,1.63094,-0.1163145,0.2054013,1.600603,-0.08222996,0.002741396,1.577811,-0.07527734,-0.2323301,1.612321,-0.1625914,0.6127679,1.580083
72057594037999830,1,1.311185,95831.76,-0.1709673,0.2034849,1.622423,-0.144353,0.7836649,1.568507,-0.2714273,0.5771412,1.560292,-0.338564,0.3967998,1.618244,-0.3392913,0.2297163,1.571515,-0.3321839,0.2120139,1.562531,-0.04105119,0.5736975,1.598733,-0.02721975,0.3876302,1.668368,-0.01047797,0.2196244,1.630375,-0.02379333,0.1949551,1.619623,-0.2200992,0.2072516,1.589047,-0.2567889,-0.005055785,1.573458,-0.2988352,-0.2387831,1.63094,-0.1163145,0.2054013,1.600603,-0.08222996,0.002741396,1.577811,-0.07527734,-0.2323301,1.612321,-0.1625914,0.6127679,1.580083
72057594037999830,1,1.311185,95831.77,-0.1709673,0.2034849,1.622423,-0.144353,0.7836649,1.568507,-0.2714273,0.5771412,1.560292,-0.338564,0.3967998,1.618244,-0.3392913,0.2297163,1.571515,-0.3321839,0.2120139,1.562531,-0.04105119,0.5736975,1.598733,-0.02721975,0.3876302,1.668368,-0.01047797,0.2196244,1.630375,-0.02379333,0.1949551,1.619623,-0.2200992,0.2072516,1.589047,-0.2567889,-0.005055785,1.573458,-0.2988352,-0.2387831,1.63094,-0.1163145,0.2054013,1.600603,-0.08222996,0.002741396,1.577811,-0.07527734,-0.2323301,1.612321,-0.1625914,0.6127679,1.580083
72057594037999830,1,1.311185,95831.77,-0.1709673,0.2034849,1.622423,-0.144353,0.7836649,1.568507,-0.2714273,0.5771412,1.560292,-0.338564,0.3967998,1.618244,-0.3392913,0.2297163,1.571515,-0.3321839,0.2120139,1.562531,-0.04105119,0.5736975,1.598733,-0.02721975,0.3876302,1.668368,-0.01047797,0.2196244,1.630375,-0.02379333,0.1949551,1.619623,-0.2200992,0.2072516,1.589047,-0.2567889,-0.005055785,1.573458,-0.2988352,-0.2387831,1.63094,-0.1163145,0.2054013,1.600603,-0.08222996,0.002741396,1.577811,-0.07527734,-0.2323301,1.612321,-0.1625914,0.6127679,1.580083
72057594037999830,1,1.311185,95831.77,-0.1709673,0.2034849,1.622423,-0.144353,0.7836649,1.568507,-0.2714273,0.5771412,1.560292,-0.338564,0.3967998,1.618244,-0.3392913,0.2297163,1.571515,-0.3321839,0.2120139,1.562531,-0.04105119,0.5736975,1.598733,-0.02721975,0.3876302,1.668368,-0.01047797,0.2196244,1.630375,-0.02379333,0.1949551,1.619623,-0.2200992,0.2072516,1.589047,-0.2567889,-0.005055785,1.573458,-0.2988352,-0.2387831,1.63094,-0.1163145,0.2054013,1.600603,-0.08222996,0.002741396,1.577811,-0.07527734,-0.2323301,1.612321,-0.1625914,0.6127679,1.580083
72057594037999830,1,1.311185,95831.77,-0.1709673,0.2034849,1.622423,-0.144353,0.7836649,1.568507,-0.2714273,0.5771412,1.560292,-0.338564,0.3967998,1.618244,-0.3392913,0.2297163,1.571515,-0.3321839,0.2120139,1.562531,-0.04105119,0.5736975,1.598733,-0.02721975,0.3876302,1.668368,-0.01047797,0.2196244,1.630375,-0.02379333,0.1949551,1.619623,-0.2200992,0.2072516,1.589047,-0.2567889,-0.005055785,1.573458,-0.2988352,-0.2387831,1.63094,-0.1163145,0.2054013,1.600603,-0.08222996,0.002741396,1.577811,-0.07527734,-0.2323301,1.612321,-0.1625914,0.6127679,1.580083
72057594037999830,1,1.311185,95831.77,-0.1709673,0.2034849,1.622423,-0.144353,0.7836649,1.568507,-0.2714273,0.5771412,1.560292,-0.338564,0.3967998,1.618244,-0.3392913,0.2297163,1.571515,-0.3321839,0.2120139,1.562531,-0.04105119,0.5736975,1.598733,-0.02721975,0.3876302,1.668368,-0.01047797,0.2196244,1.630375,-0.02379333,0.1949551,1.619623,-0.2200992,0.2072516,1.589047,-0.2567889,-0.005055785,1.573458,-0.2988352,-0.2387831,1.63094,-0.1163145,0.2054013,1.600603,-0.08222996,0.002741396,1.577811,-0.07527734,-0.2323301,1.612321,-0.1625914,0.6127679,1.580083
72057594037999830,1,1.311185,95831.78,-0.1709673,0.2034849,1.622423,-0.144353,0.7836649,1.568507,-0.2714273,0.5771412,1.560292,-0.338564,0.3967998,1.618244,-0.3392913,0.2297163,1.571515,-0.3321839,0.2120139,1.562531,-0.04105119,0.5736975,1.598733,-0.02721975,0.3876302,1.668368,-0.01047797,0.2196244,1.630375,-0.02379333,0.1949551,1.619623,-0.2200992,0.2072516,1.589047,-0.2567889,-0.005055785,1.573458,-0.2988352,-0.2387831,1.63094,-0.1163145,0.2054013,1.600603,-0.08222996,0.002741396,1.577811,-0.07527734,-0.2323301,1.612321,-0.1625914,0.6127679,1.580083
72057594037999830,1,1.309906,95831.78,-0.1701975,0.2037918,1.623638,-0.1443505,0.784525,1.569807,-0.2713225,0.5776676,1.560485,-0.3371893,0.3970799,1.618064,-0.3373741,0.229974,1.570615,-0.3317007,0.2021663,1.562039,-0.04089455,0.575286,1.601037,-0.02668753,0.3885885,1.671772,-0.009539085,0.221087,1.630295,-0.0217135,0.1958411,1.615426,-0.2194227,0.2074364,1.590022,-0.2556773,-0.006276488,1.577569,-0.2988769,-0.2376496,1.632895,-0.1154865,0.2058309,1.602053,-0.08127157,0.004266202,1.5806,-0.07528795,-0.2318137,1.613577,-0.1625496,0.613966,1.582066
72057594037999830,1,1.309906,95831.78,-0.1701975,0.2037918,1.623638,-0.1443505,0.784525,1.569807,-0.2713225,0.5776676,1.560485,-0.3371893,0.3970799,1.618064,-0.3373741,0.229974,1.570615,-0.3317007,0.2021663,1.562039,-0.04089455,0.575286,1.601037,-0.02668753,0.3885885,1.671772,-0.009539085,0.221087,1.630295,-0.0217135,0.1958411,1.615426,-0.2194227,0.2074364,1.590022,-0.2556773,-0.006276488,1.577569,-0.2988769,-0.2376496,1.632895,-0.1154865,0.2058309,1.602053,-0.08127157,0.004266202,1.5806,-0.07528795,-0.2318137,1.613577,-0.1625496,0.613966,1.582066
72057594037999830,1,1.309906,95831.79,-0.1701975,0.2037918,1.623638,-0.1443505,0.784525,1.569807,-0.2713225,0.5776676,1.560485,-0.3371893,0.3970799,1.618064,-0.3373741,0.229974,1.570615,-0.3317007,0.2021663,1.562039,-0.04089455,0.575286,1.601037,-0.02668753,0.3885885,1.671772,-0.009539085,0.221087,1.630295,-0.0217135,0.1958411,1.615426,-0.2194227,0.2074364,1.590022,-0.2556773,-0.006276488,1.577569,-0.2988769,-0.2376496,1.632895,-0.1154865,0.2058309,1.602053,-0.08127157,0.004266202,1.5806,-0.07528795,-0.2318137,1.613577,-0.1625496,0.613966,1.582066
72057594037999830,1,1.309906,95831.79,-0.1701975,0.2037918,1.623638,-0.1443505,0.784525,1.569807,-0.2713225,0.5776676,1.560485,-0.3371893,0.3970799,1.618064,-0.3373741,0.229974,1.570615,-0.3317007,0.2021663,1.562039,-0.04089455,0.575286,1.601037,-0.02668753,0.3885885,1.671772,-0.009539085,0.221087,1.630295,-0.0217135,0.1958411,1.615426,-0.2194227,0.2074364,1.590022,-0.2556773,-0.006276488,1.577569,-0.2988769,-0.2376496,1.632895,-0.1154865,0.2058309,1.602053,-0.08127157,0.004266202,1.5806,-0.07528795,-0.2318137,1.613577,-0.1625496,0.613966,1.582066
72057594037999830,1,1.309906,95831.79,-0.1701975,0.2037918,1.623638,-0.1443505,0.784525,1.569807,-0.2713225,0.5776676,1.560485,-0.3371893,0.3970799,1.618064,-0.3373741,0.229974,1.570615,-0.3317007,0.2021663,1.562039,-0.04089455,0.575286,1.601037,-0.02668753,0.3885885,1.671772,-0.009539085,0.221087,1.630295,-0.0217135,0.1958411,1.615426,-0.2194227,0.2074364,1.590022,-0.2556773,-0.006276488,1.577569,-0.2988769,-0.2376496,1.632895,-0.1154865,0.2058309,1.602053,-0.08127157,0.004266202,1.5806,-0.07528795,-0.2318137,1.613577,-0.1625496,0.613966,1.582066
72057594037999830,1,1.309906,95831.8,-0.1701975,0.2037918,1.623638,-0.1443505,0.784525,1.569807,-0.2713225,0.5776676,1.560485,-0.3371893,0.3970799,1.618064,-0.3373741,0.229974,1.570615,-0.3317007,0.2021663,1.562039,-0.04089455,0.575286,1.601037,-0.02668753,0.3885885,1.671772,-0.009539085,0.221087,1.630295,-0.0217135,0.1958411,1.615426,-0.2194227,0.2074364,1.590022,-0.2556773,-0.006276488,1.577569,-0.2988769,-0.2376496,1.632895,-0.1154865,0.2058309,1.602053,-0.08127157,0.004266202,1.5806,-0.07528795,-0.2318137,1.613577,-0.1625496,0.613966,1.582066
72057594037999830,1,1.309906,95831.8,-0.1701975,0.2037918,1.623638,-0.1443505,0.784525,1.569807,-0.2713225,0.5776676,1.560485,-0.3371893,0.3970799,1.618064,-0.3373741,0.229974,1.570615,-0.3317007,0.2021663,1.562039,-0.04089455,0.575286,1.601037,-0.02668753,0.3885885,1.671772,-0.009539085,0.221087,1.630295,-0.0217135,0.1958411,1.615426,-0.2194227,0.2074364,1.590022,-0.2556773,-0.006276488,1.577569,-0.2988769,-0.2376496,1.632895,-0.1154865,0.2058309,1.602053,-0.08127157,0.004266202,1.5806,-0.07528795,-0.2318137,1.613577,-0.1625496,0.613966,1.582066
72057594037999830,1,1.309906,95831.8,-0.1701975,0.2037918,1.623638,-0.1443505,0.784525,1.569807,-0.2713225,0.5776676,1.560485,-0.3371893,0.3970799,1.618064,-0.3373741,0.229974,1.570615,-0.3317007,0.2021663,1.562039,-0.04089455,0.575286,1.601037,-0.02668753,0.3885885,1.671772,-0.009539085,0.221087,1.630295,-0.0217135,0.1958411,1.615426,-0.2194227,0.2074364,1.590022,-0.2556773,-0.006276488,1.577569,-0.2988769,-0.2376496,1.632895,-0.1154865,0.2058309,1.602053,-0.08127157,0.004266202,1.5806,-0.07528795,-0.2318137,1.613577,-0.1625496,0.613966,1.582066
72057594037999830,1,1.309906,95831.8,-0.1701975,0.2037918,1.623638,-0.1443505,0.784525,1.569807,-0.2713225,0.5776676,1.560485,-0.3371893,0.3970799,1.618064,-0.3373741,0.229974,1.570615,-0.3317007,0.2021663,1.562039,-0.04089455,0.575286,1.601037,-0.02668753,0.3885885,1.671772,-0.009539085,0.221087,1.630295,-0.0217135,0.1958411,1.615426,-0.2194227,0.2074364,1.590022,-0.2556773,-0.006276488,1.577569,-0.2988769,-0.2376496,1.632895,-0.1154865,0.2058309,1.602053,-0.08127157,0.004266202,1.5806,-0.07528795,-0.2318137,1.613577,-0.1625496,0.613966,1.582066
72057594037999830,1,1.309906,95831.8,-0.1701975,0.2037918,1.623638,-0.1443505,0.784525,1.569807,-0.2713225,0.5776676,1.560485,-0.3371893,0.3970799,1.618064,-0.3373741,0.229974,1.570615,-0.3317007,0.2021663,1.562039,-0.04089455,0.575286,1.601037,-0.02668753,0.3885885,1.671772,-0.009539085,0.221087,1.630295,-0.0217135,0.1958411,1.615426,-0.2194227,0.2074364,1.590022,-0.2556773,-0.006276488,1.577569,-0.2988769,-0.2376496,1.632895,-0.1154865,0.2058309,1.602053,-0.08127157,0.004266202,1.5806,-0.07528795,-0.2318137,1.613577,-0.1625496,0.613966,1.582066
72057594037999830,1,1.309906,95831.81,-0.1701975,0.2037918,1.623638,-0.1443505,0.784525,1.569807,-0.2713225,0.5776676,1.560485,-0.3371893,0.3970799,1.618064,-0.3373741,0.229974,1.570615,-0.3317007,0.2021663,1.562039,-0.04089455,0.575286,1.601037,-0.02668753,0.3885885,1.671772,-0.009539085,0.221087,1.630295,-0.0217135,0.1958411,1.615426,-0.2194227,0.2074364,1.590022,-0.2556773,-0.006276488,1.577569,-0.2988769,-0.2376496,1.632895,-0.1154865,0.2058309,1.602053,-0.08127157,0.004266202,1.5806,-0.07528795,-0.2318137,1.613577,-0.1625496,0.613966,1.582066
72057594037999830,1,1.308843,95831.81,-0.1690933,0.2041489,1.624521,-0.1442573,0.7854069,1.571629,-0.2710195,0.578282,1.560947,-0.3363747,0.397074,1.617688,-0.336734,0.2297565,1.570474,-0.330132,0.2069994,1.560956,-0.04055446,0.5767327,1.603544,-0.02571467,0.3902442,1.675214,-0.006591098,0.2233768,1.630885,-0.01646646,0.200574,1.619049,-0.2183825,0.2077311,1.590867,-0.2545966,-0.007795304,1.580729,-0.2993369,-0.2383831,1.634168,-0.1143664,0.2062324,1.602932,-0.08035949,0.004920036,1.582848,-0.07524568,-0.2315296,1.61444,-0.1624672,0.6151839,1.583943
72057594037999830,1,1.308843,95831.82,-0.1690933,0.2041489,1.624521,-0.1442573,0.7854069,1.571629,-0.2710195,0.578282,1.560947,-0.3363747,0.397074,1.617688,-0.336734,0.2297565,1.570474,-0.330132,0.2069994,1.560956,-0.04055446,0.5767327,1.603544,-0.02571467,0.3902442,1.675214,-0.006591098,0.2233768,1.630885,-0.01646646,0.200574,1.619049,-0.2183825,0.2077311,1.590867,-0.2545966,-0.007795304,1.580729,-0.2993369,-0.2383831,1.634168,-0.1143664,0.2062324,1.602932,-0.08035949,0.004920036,1.582848,-0.07524568,-0.2315296,1.61444,-0.1624672,0.6151839,1.583943
72057594037999830,1,1.308843,95831.82,-0.1690933,0.2041489,1.624521,-0.1442573,0.7854069,1.571629,-0.2710195,0.578282,1.560947,-0.3363747,0.397074,1.617688,-0.336734,0.2297565,1.570474,-0.330132,0.2069994,1.560956,-0.04055446,0.5767327,1.603544,-0.02571467,0.3902442,1.675214,-0.006591098,0.2233768,1.630885,-0.01646646,0.200574,1.619049,-0.2183825,0.2077311,1.590867,-0.2545966,-0.007795304,1.580729,-0.2993369,-0.2383831,1.634168,-0.1143664,0.2062324,1.602932,-0.08035949,0.004920036,1.582848,-0.07524568,-0.2315296,1.61444,-0.1624672,0.6151839,1.583943
72057594037999830,1,1.308843,95831.82,-0.1690933,0.2041489,1.624521,-0.1442573,0.7854069,1.571629,-0.2710195,0.578282,1.560947,-0.3363747,0.397074,1.617688,-0.336734,0.2297565,1.570474,-0.330132,0.2069994,1.560956,-0.04055446,0.5767327,1.603544,-0.02571467,0.3902442,1.675214,-0.006591098,0.2233768,1.630885,-0.01646646,0.200574,1.619049,-0.2183825,0.2077311,1.590867,-0.2545966,-0.007795304,1.580729,-0.2993369,-0.2383831,1.634168,-0.1143664,0.2062324,1.602932,-0.08035949,0.004920036,1.582848,-0.07524568,-0.2315296,1.61444,-0.1624672,0.6151839,1.583943
72057594037999830,1,1.308843,95831.83,-0.1690933,0.2041489,1.624521,-0.1442573,0.7854069,1.571629,-0.2710195,0.578282,1.560947,-0.3363747,0.397074,1.617688,-0.336734,0.2297565,1.570474,-0.330132,0.2069994,1.560956,-0.04055446,0.5767327,1.603544,-0.02571467,0.3902442,1.675214,-0.006591098,0.2233768,1.630885,-0.01646646,0.200574,1.619049,-0.2183825,0.2077311,1.590867,-0.2545966,-0.007795304,1.580729,-0.2993369,-0.2383831,1.634168,-0.1143664,0.2062324,1.602932,-0.08035949,0.004920036,1.582848,-0.07524568,-0.2315296,1.61444,-0.1624672,0.6151839,1.583943
72057594037999830,1,1.308843,95831.83,-0.1690933,0.2041489,1.624521,-0.1442573,0.7854069,1.571629,-0.2710195,0.578282,1.560947,-0.3363747,0.397074,1.617688,-0.336734,0.2297565,1.570474,-0.330132,0.2069994,1.560956,-0.04055446,0.5767327,1.603544,-0.02571467,0.3902442,1.675214,-0.006591098,0.2233768,1.630885,-0.01646646,0.200574,1.619049,-0.2183825,0.2077311,1.590867,-0.2545966,-0.007795304,1.580729,-0.2993369,-0.2383831,1.634168,-0.1143664,0.2062324,1.602932,-0.08035949,0.004920036,1.582848,-0.07524568,-0.2315296,1.61444,-0.1624672,0.6151839,1.583943
72057594037999830,1,1.308843,95831.83,-0.1690933,0.2041489,1.624521,-0.1442573,0.7854069,1.571629,-0.2710195,0.578282,1.560947,-0.3363747,0.397074,1.617688,-0.336734,0.2297565,1.570474,-0.330132,0.2069994,1.560956,-0.04055446,0.5767327,1.603544,-0.02571467,0.3902442,1.675214,-0.006591098,0.2233768,1.630885,-0.01646646,0.200574,1.619049,-0.2183825,0.2077311,1.590867,-0.2545966,-0.007795304,1.580729,-0.2993369,-0.2383831,1.634168,-0.1143664,0.2062324,1.602932,-0.08035949,0.004920036,1.582848,-0.07524568,-0.2315296,1.61444,-0.1624672,0.6151839,1.583943
72057594037999830,1,1.308843,95831.84,-0.1690933,0.2041489,1.624521,-0.1442573,0.7854069,1.571629,-0.2710195,0.578282,1.560947,-0.3363747,0.397074,1.617688,-0.336734,0.2297565,1.570474,-0.330132,0.2069994,1.560956,-0.04055446,0.5767327,1.603544,-0.02571467,0.3902442,1.675214,-0.006591098,0.2233768,1.630885,-0.01646646,0.200574,1.619049,-0.2183825,0.2077311,1.590867,-0.2545966,-0.007795304,1.580729,-0.2993369,-0.2383831,1.634168,-0.1143664,0.2062324,1.602932,-0.08035949,0.004920036,1.582848,-0.07524568,-0.2315296,1.61444,-0.1624672,0.6151839,1.583943
72057594037999830,1,1.308843,95831.84,-0.1690933,0.2041489,1.624521,-0.1442573,0.7854069,1.571629,-0.2710195,0.578282,1.560947,-0.3363747,0.397074,1.617688,-0.336734,0.2297565,1.570474,-0.330132,0.2069994,1.560956,-0.04055446,0.5767327,1.603544,-0.02571467,0.3902442,1.675214,-0.006591098,0.2233768,1.630885,-0.01646646,0.200574,1.619049,-0.2183825,0.2077311,1.590867,-0.2545966,-0.007795304,1.580729,-0.2993369,-0.2383831,1.634168,-0.1143664,0.2062324,1.602932,-0.08035949,0.004920036,1.582848,-0.07524568,-0.2315296,1.61444,-0.1624672,0.6151839,1.583943
72057594037999830,1,1.308843,95831.84,-0.1690933,0.2041489,1.624521,-0.1442573,0.7854069,1.571629,-0.2710195,0.578282,1.560947,-0.3363747,0.397074,1.617688,-0.336734,0.2297565,1.570474,-0.330132,0.2069994,1.560956,-0.04055446,0.5767327,1.603544,-0.02571467,0.3902442,1.675214,-0.006591098,0.2233768,1.630885,-0.01646646,0.200574,1.619049,-0.2183825,0.2077311,1.590867,-0.2545966,-0.007795304,1.580729,-0.2993369,-0.2383831,1.634168,-0.1143664,0.2062324,1.602932,-0.08035949,0.004920036,1.582848,-0.07524568,-0.2315296,1.61444,-0.1624672,0.6151839,1.583943
72057594037999830,1,1.308843,95831.84,-0.1690933,0.2041489,1.624521,-0.1442573,0.7854069,1.571629,-0.2710195,0.578282,1.560947,-0.3363747,0.397074,1.617688,-0.336734,0.2297565,1.570474,-0.330132,0.2069994,1.560956,-0.04055446,0.5767327,1.603544,-0.02571467,0.3902442,1.675214,-0.006591098,0.2233768,1.630885,-0.01646646,0.200574,1.619049,-0.2183825,0.2077311,1.590867,-0.2545966,-0.007795304,1.580729,-0.2993369,-0.2383831,1.634168,-0.1143664,0.2062324,1.602932,-0.08035949,0.004920036,1.582848,-0.07524568,-0.2315296,1.61444,-0.1624672,0.6151839,1.583943
72057594037999830,1,1.308843,95831.84,-0.1690933,0.2041489,1.624521,-0.1442573,0.7854069,1.571629,-0.2710195,0.578282,1.560947,-0.3363747,0.397074,1.617688,-0.336734,0.2297565,1.570474,-0.330132,0.2069994,1.560956,-0.04055446,0.5767327,1.603544,-0.02571467,0.3902442,1.675214,-0.006591098,0.2233768,1.630885,-0.01646646,0.200574,1.619049,-0.2183825,0.2077311,1.590867,-0.2545966,-0.007795304,1.580729,-0.2993369,-0.2383831,1.634168,-0.1143664,0.2062324,1.602932,-0.08035949,0.004920036,1.582848,-0.07524568,-0.2315296,1.61444,-0.1624672,0.6151839,1.583943
72057594037999830,1,1.307913,95831.85,-0.1680041,0.2042442,1.625411,-0.1438076,0.7861426,1.573506,-0.2707563,0.5784722,1.561381,-0.3356926,0.3972532,1.617392,-0.3360451,0.2297255,1.570543,-0.3299174,0.2014049,1.562243,-0.04019742,0.5774813,1.605296,-0.02455033,0.3914532,1.678353,-0.007975536,0.2279301,1.619642,-0.01359346,0.2115918,1.615854,-0.2173246,0.2077567,1.591637,-0.2533828,-0.008604735,1.583269,-0.2994395,-0.238921,1.6344,-0.1132852,0.2063939,1.603909,-0.07886531,0.007002771,1.584838,-0.07487278,-0.2310613,1.615688,-0.1622121,0.6159681,1.585982
72057594037999830,1,1.307913,95831.85,-0.1680041,0.2042442,1.625411,-0.1438076,0.7861426,1.573506,-0.2707563,0.5784722,1.561381,-0.3356926,0.3972532,1.617392,-0.3360451,0.2297255,1.570543,-0.3299174,0.2014049,1.562243,-0.04019742,0.5774813,1.605296,-0.02455033,0.3914532,1.678353,-0.007975536,0.2279301,1.619642,-0.01359346,0.2115918,1.615854,-0.2173246,0.2077567,1.591637,-0.2533828,-0.008604735,1.583269,-0.2994395,-0.238921,1.6344,-0.1132852,0.2063939,1.603909,-0.07886531,0.007002771,1.584838,-0.07487278,-0.2310613,1.615688,-0.1622121,0.6159681,1.585982
72057594037999830,1,1.307913,95831.86,-0.1680041,0.2042442,1.625411,-0.1438076,0.7861426,1.573506,-0.2707563,0.5784722,1.561381,-0.3356926,0.3972532,1.617392,-0.3360451,0.2297255,1.570543,-0.3299174,0.2014049,1.562243,-0.04019742,0.5774813,1.605296,-0.02455033,0.3914532,1.678353,-0.007975536,0.2279301,1.619642,-0.01359346,0.2115918,1.615854,-0.2173246,0.2077567,1.591637,-0.2533828,-0.008604735,1.583269,-0.2994395,-0.238921,1.6344,-0.1132852,0.2063939,1.603909,-0.07886531,0.007002771,1.584838,-0.07487278,-0.2310613,1.615688,-0.1622121,0.6159681,1.585982
72057594037999830,1,1.307913,95831.86,-0.1680041,0.2042442,1.625411,-0.1438076,0.7861426,1.573506,-0.2707563,0.5784722,1.561381,-0.3356926,0.3972532,1.617392,-0.3360451,0.2297255,1.570543,-0.3299174,0.2014049,1.562243,-0.04019742,0.5774813,1.605296,-0.02455033,0.3914532,1.678353,-0.007975536,0.2279301,1.619642,-0.01359346,0.2115918,1.615854,-0.2173246,0.2077567,1.591637,-0.2533828,-0.008604735,1.583269,-0.2994395,-0.238921,1.6344,-0.1132852,0.2063939,1.603909,-0.07886531,0.007002771,1.584838,-0.07487278,-0.2310613,1.615688,-0.1622121,0.6159681,1.585982
72057594037999830,1,1.307913,95831.86,-0.1680041,0.2042442,1.625411,-0.1438076,0.7861426,1.573506,-0.2707563,0.5784722,1.561381,-0.3356926,0.3972532,1.617392,-0.3360451,0.2297255,1.570543,-0.3299174,0.2014049,1.562243,-0.04019742,0.5774813,1.605296,-0.02455033,0.3914532,1.678353,-0.007975536,0.2279301,1.619642,-0.01359346,0.2115918,1.615854,-0.2173246,0.2077567,1.591637,-0.2533828,-0.008604735,1.583269,-0.2994395,-0.238921,1.6344,-0.1132852,0.2063939,1.603909,-0.07886531,0.007002771,1.584838,-0.07487278,-0.2310613,1.615688,-0.1622121,0.6159681,1.585982
72057594037999830,1,1.307913,95831.87,-0.1680041,0.2042442,1.625411,-0.1438076,0.7861426,1.573506,-0.2707563,0.5784722,1.561381,-0.3356926,0.3972532,1.617392,-0.3360451,0.2297255,1.570543,-0.3299174,0.2014049,1.562243,-0.04019742,0.5774813,1.605296,-0.02455033,0.3914532,1.678353,-0.007975536,0.2279301,1.619642,-0.01359346,0.2115918,1.615854,-0.2173246,0.2077567,1.591637,-0.2533828,-0.008604735,1.583269,-0.2994395,-0.238921,1.6344,-0.1132852,0.2063939,1.603909,-0.07886531,0.007002771,1.584838,-0.07487278,-0.2310613,1.615688,-0.1622121,0.6159681,1.585982
72057594037999830,1,1.307913,95831.87,-0.1680041,0.2042442,1.625411,-0.1438076,0.7861426,1.573506,-0.2707563,0.5784722,1.561381,-0.3356926,0.3972532,1.617392,-0.3360451,0.2297255,1.570543,-0.3299174,0.2014049,1.562243,-0.04019742,0.5774813,1.605296,-0.02455033,0.3914532,1.678353,-0.007975536,0.2279301,1.619642,-0.01359346,0.2115918,1.615854,-0.2173246,0.2077567,1.591637,-0.2533828,-0.008604735,1.583269,-0.2994395,-0.238921,1.6344,-0.1132852,0.2063939,1.603909,-0.07886531,0.007002771,1.584838,-0.07487278,-0.2310613,1.615688,-0.1622121,0.6159681,1.585982
72057594037999830,1,1.307913,95831.87,-0.1680041,0.2042442,1.625411,-0.1438076,0.7861426,1.573506,-0.2707563,0.5784722,1.561381,-0.3356926,0.3972532,1.617392,-0.3360451,0.2297255,1.570543,-0.3299174,0.2014049,1.562243,-0.04019742,0.5774813,1.605296,-0.02455033,0.3914532,1.678353,-0.007975536,0.2279301,1.619642,-0.01359346,0.2115918,1.615854,-0.2173246,0.2077567,1.591637,-0.2533828,-0.008604735,1.583269,-0.2994395,-0.238921,1.6344,-0.1132852,0.2063939,1.603909,-0.07886531,0.007002771,1.584838,-0.07487278,-0.2310613,1.615688,-0.1622121,0.6159681,1.585982
72057594037999830,1,1.307913,95831.88,-0.1680041,0.2042442,1.625411,-0.1438076,0.7861426,1.573506,-0.2707563,0.5784722,1.561381,-0.3356926,0.3972532,1.617392,-0.3360451,0.2297255,1.570543,-0.3299174,0.2014049,1.562243,-0.04019742,0.5774813,1.605296,-0.02455033,0.3914532,1.678353,-0.007975536,0.2279301,1.619642,-0.01359346,0.2115918,1.615854,-0.2173246,0.2077567,1.591637,-0.2533828,-0.008604735,1.583269,-0.2994395,-0.238921,1.6344,-0.1132852,0.2063939,1.603909,-0.07886531,0.007002771,1.584838,-0.07487278,-0.2310613,1.615688,-0.1622121,0.6159681,1.585982
72057594037999830,1,1.307913,95831.88,-0.1680041,0.2042442,1.625411,-0.1438076,0.7861426,1.573506,-0.2707563,0.5784722,1.561381,-0.3356926,0.3972532,1.617392,-0.3360451,0.2297255,1.570543,-0.3299174,0.2014049,1.562243,-0.04019742,0.5774813,1.605296,-0.02455033,0.3914532,1.678353,-0.007975536,0.2279301,1.619642,-0.01359346,0.2115918,1.615854,-0.2173246,0.2077567,1.591637,-0.2533828,-0.008604735,1.583269,-0.2994395,-0.238921,1.6344,-0.1132852,0.2063939,1.603909,-0.07886531,0.007002771,1.584838,-0.07487278,-0.2310613,1.615688,-0.1622121,0.6159681,1.585982
72057594037999830,1,1.307913,95831.88,-0.1680041,0.2042442,1.625411,-0.1438076,0.7861426,1.573506,-0.2707563,0.5784722,1.561381,-0.3356926,0.3972532,1.617392,-0.3360451,0.2297255,1.570543,-0.3299174,0.2014049,1.562243,-0.04019742,0.5774813,1.605296,-0.02455033,0.3914532,1.678353,-0.007975536,0.2279301,1.619642,-0.01359346,0.2115918,1.615854,-0.2173246,0.2077567,1.591637,-0.2533828,-0.008604735,1.583269,-0.2994395,-0.238921,1.6344,-0.1132852,0.2063939,1.603909,-0.07886531,0.007002771,1.584838,-0.07487278,-0.2310613,1.615688,-0.1622121,0.6159681,1.585982
72057594037999830,1,1.307095,95831.88,-0.1664672,0.2041329,1.626235,-0.1433174,0.7865829,1.574891,-0.2703817,0.5784488,1.561923,-0.3346376,0.3969269,1.616916,-0.3353245,0.2292158,1.570505,-0.3288349,0.2012671,1.563203,-0.03962932,0.5778923,1.60744,-0.02354364,0.3918459,1.68011,0.004258984,0.226615,1.632956,-0.007515554,0.2040579,1.621373,-0.2157356,0.20758,1.592288,-0.252297,-0.009480447,1.585572,-0.2996312,-0.2386498,1.635955,-0.1118393,0.2063462,1.604876,-0.07712598,0.007100433,1.586563,-0.07455152,-0.2311947,1.616327,-0.1617999,0.6162406,1.587525
72057594037999830,1,1.307095,95831.88,-0.1664672,0.2041329,1.626235,-0.1433174,0.7865829,1.574891,-0.2703817,0.5784488,1.561923,-0.3346376,0.3969269,1.616916,-0.3353245,0.2292158,1.570505,-0.3288349,0.2012671,1.563203,-0.03962932,0.5778923,1.60744,-0.02354364,0.3918459,1.68011,0.004258984,0.226615,1.632956,-0.007515554,0.2040579,1.621373,-0.2157356,0.20758,1.592288,-0.252297,-0.009480447,1.585572,-0.2996312,-0.2386498,1.635955,-0.1118393,0.2063462,1.604876,-0.07712598,0.007100433,1.586563,-0.07455152,-0.2311947,1.616327,-0.1617999,0.6162406,1.587525
72057594037999830,1,1.307095,95831.89,-0.1664672,0.2041329,1.626235,-0.1433174,0.7865829,1.574891,-0.2703817,0.5784488,1.561923,-0.3346376,0.3969269,1.616916,-0.3353245,0.2292158,1.570505,-0.3288349,0.2012671,1.563203,-0.03962932,0.5778923,1.60744,-0.02354364,0.3918459,1.68011,0.004258984,0.226615,1.632956,-0.007515554,0.2040579,1.621373,-0.2157356,0.20758,1.592288,-0.252297,-0.009480447,1.585572,-0.2996312,-0.2386498,1.635955,-0.1118393,0.2063462,1.604876,-0.07712598,0.007100433,1.586563,-0.07455152,-0.2311947,1.616327,-0.1617999,0.6162406,1.587525
72057594037999830,1,1.307095,95831.89,-0.1664672,0.2041329,1.626235,-0.1433174,0.7865829,1.574891,-0.2703817,0.5784488,1.561923,-0.3346376,0.3969269,1.616916,-0.3353245,0.2292158,1.570505,-0.3288349,0.2012671,1.563203,-0.03962932,0.5778923,1.60744,-0.02354364,0.3918459,1.68011,0.004258984,0.226615,1.632956,-0.007515554,0.2040579,1.621373,-0.2157356,0.20758,1.592288,-0.252297,-0.009480447,1.585572,-0.2996312,-0.2386498,1.635955,-0.1118393,0.2063462,1.604876,-0.07712598,0.007100433,1.586563,-0.07455152,-0.2311947,1.616327,-0.1617999,0.6162406,1.587525
72057594037999830,1,1.307095,95831.89,-0.1664672,0.2041329,1.626235,-0.1433174,0.7865829,1.574891,-0.2703817,0.5784488,1.561923,-0.3346376,0.3969269,1.616916,-0.3353245,0.2292158,1.570505,-0.3288349,0.2012671,1.563203,-0.03962932,0.5778923,1.60744,-0.02354364,0.3918459,1.68011,0.004258984,0.226615,1.632956,-0.007515554,0.2040579,1.621373,-0.2157356,0.20758,1.592288,-0.252297,-0.009480447,1.585572,-0.2996312,-0.2386498,1.635955,-0.1118393,0.2063462,1.604876,-0.07712598,0.007100433,1.586563,-0.07455152,-0.2311947,1.616327,-0.1617999,0.6162406,1.587525
72057594037999830,1,1.307095,95831.9,-0.1664672,0.2041329,1.626235,-0.1433174,0.7865829,1.574891,-0.2703817,0.5784488,1.561923,-0.3346376,0.3969269,1.616916,-0.3353245,0.2292158,1.570505,-0.3288349,0.2012671,1.563203,-0.03962932,0.5778923,1.60744,-0.02354364,0.3918459,1.68011,0.004258984,0.226615,1.632956,-0.007515554,0.2040579,1.621373,-0.2157356,0.20758,1.592288,-0.252297,-0.009480447,1.585572,-0.2996312,-0.2386498,1.635955,-0.1118393,0.2063462,1.604876,-0.07712598,0.007100433,1.586563,-0.07455152,-0.2311947,1.616327,-0.1617999,0.6162406,1.587525
72057594037999830,1,1.307095,95831.9,-0.1664672,0.2041329,1.626235,-0.1433174,0.7865829,1.574891,-0.2703817,0.5784488,1.561923,-0.3346376,0.3969269,1.616916,-0.3353245,0.2292158,1.570505,-0.3288349,0.2012671,1.563203,-0.03962932,0.5778923,1.60744,-0.02354364,0.3918459,1.68011,0.004258984,0.226615,1.632956,-0.007515554,0.2040579,1.621373,-0.2157356,0.20758,1.592288,-0.252297,-0.009480447,1.585572,-0.2996312,-0.2386498,1.635955,-0.1118393,0.2063462,1.604876,-0.07712598,0.007100433,1.586563,-0.07455152,-0.2311947,1.616327,-0.1617999,0.6162406,1.587525
72057594037999830,1,1.307095,95831.9,-0.1664672,0.2041329,1.626235,-0.1433174,0.7865829,1.574891,-0.2703817,0.5784488,1.561923,-0.3346376,0.3969269,1.616916,-0.3353245,0.2292158,1.570505,-0.3288349,0.2012671,1.563203,-0.03962932,0.5778923,1.60744,-0.02354364,0.3918459,1.68011,0.004258984,0.226615,1.632956,-0.007515554,0.2040579,1.621373,-0.2157356,0.20758,1.592288,-0.252297,-0.009480447,1.585572,-0.2996312,-0.2386498,1.635955,-0.1118393,0.2063462,1.604876,-0.07712598,0.007100433,1.586563,-0.07455152,-0.2311947,1.616327,-0.1617999,0.6162406,1.587525
72057594037999830,1,1.307095,95831.91,-0.1664672,0.2041329,1.626235,-0.1433174,0.7865829,1.574891,-0.2703817,0.5784488,1.561923,-0.3346376,0.3969269,1.616916,-0.3353245,0.2292158,1.570505,-0.3288349,0.2012671,1.563203,-0.03962932,0.5778923,1.60744,-0.02354364,0.3918459,1.68011,0.004258984,0.226615,1.632956,-0.007515554,0.2040579,1.621373,-0.2157356,0.20758,1.592288,-0.252297,-0.009480447,1.585572,-0.2996312,-0.2386498,1.635955,-0.1118393,0.2063462,1.604876,-0.07712598,0.007100433,1.586563,-0.07455152,-0.2311947,1.616327,-0.1617999,0.6162406,1.587525
72057594037999830,1,1.307095,95831.91,-0.1664672,0.2041329,1.626235,-0.1433174,0.7865829,1.574891,-0.2703817,0.5784488,1.561923,-0.3346376,0.3969269,1.616916,-0.3353245,0.2292158,1.570505,-0.3288349,0.2012671,1.563203,-0.03962932,0.5778923,1.60744,-0.02354364,0.3918459,1.68011,0.004258984,0.226615,1.632956,-0.007515554,0.2040579,1.621373,-0.2157356,0.20758,1.592288,-0.252297,-0.009480447,1.585572,-0.2996312,-0.2386498,1.635955,-0.1118393,0.2063462,1.604876,-0.07712598,0.007100433,1.586563,-0.07455152,-0.2311947,1.616327,-0.1617999,0.6162406,1.587525
72057594037999830,1,1.307095,95831.91,-0.1664672,0.2041329,1.626235,-0.1433174,0.7865829,1.574891,-0.2703817,0.5784488,1.561923,-0.3346376,0.3969269,1.616916,-0.3353245,0.2292158,1.570505,-0.3288349,0.2012671,1.563203,-0.03962932,0.5778923,1.60744,-0.02354364,0.3918459,1.68011,0.004258984,0.226615,1.632956,-0.007515554,0.2040579,1.621373,-0.2157356,0.20758,1.592288,-0.252297,-0.009480447,1.585572,-0.2996312,-0.2386498,1.635955,-0.1118393,0.2063462,1.604876,-0.07712598,0.007100433,1.586563,-0.07455152,-0.2311947,1.616327,-0.1617999,0.6162406,1.587525
72057594037999830,1,1.307095,95831.91,-0.1664672,0.2041329,1.626235,-0.1433174,0.7865829,1.574891,-0.2703817,0.5784488,1.561923,-0.3346376,0.3969269,1.616916,-0.3353245,0.2292158,1.570505,-0.3288349,0.2012671,1.563203,-0.03962932,0.5778923,1.60744,-0.02354364,0.3918459,1.68011,0.004258984,0.226615,1.632956,-0.007515554,0.2040579,1.621373,-0.2157356,0.20758,1.592288,-0.252297,-0.009480447,1.585572,-0.2996312,-0.2386498,1.635955,-0.1118393,0.2063462,1.604876,-0.07712598,0.007100433,1.586563,-0.07455152,-0.2311947,1.616327,-0.1617999,0.6162406,1.587525
72057594037999830,1,1.306522,95831.91,-0.1650963,0.2038594,1.626894,-0.1426828,0.7868023,1.576469,-0.2696853,0.5780669,1.562893,-0.3335859,0.3957036,1.616045,-0.3348378,0.227703,1.57056,-0.3286698,0.1955152,1.565982,-0.0386299,0.5778233,1.609265,-0.02199434,0.3912258,1.682139,0.004660156,0.2263014,1.632551,-0.004525392,0.2035057,1.62141,-0.2144513,0.2072038,1.59297,-0.2506544,-0.01027048,1.587579,-0.2994837,-0.2382789,1.63681,-0.110424,0.2061821,1.605474,-0.07613064,0.007115334,1.587599,-0.07419527,-0.2313648,1.616869,-0.1607765,0.6164307,1.589594
72057594037999830,1,1.306522,95831.92,-0.1650963,0.2038594,1.626894,-0.1426828,0.7868023,1.576469,-0.2696853,0.5780669,1.562893,-0.3335859,0.3957036,1.616045,-0.3348378,0.227703,1.57056,-0.3286698,0.1955152,1.565982,-0.0386299,0.5778233,1.609265,-0.02199434,0.3912258,1.682139,0.004660156,0.2263014,1.632551,-0.004525392,0.2035057,1.62141,-0.2144513,0.2072038,1.59297,-0.2506544,-0.01027048,1.587579,-0.2994837,-0.2382789,1.63681,-0.110424,0.2061821,1.605474,-0.07613064,0.007115334,1.587599,-0.07419527,-0.2313648,1.616869,-0.1607765,0.6164307,1.589594
72057594037999830,1,1.306522,95831.92,-0.1650963,0.2038594,1.626894,-0.1426828,0.7868023,1.576469,-0.2696853,0.5780669,1.562893,-0.3335859,0.3957036,1.616045,-0.3348378,0.227703,1.57056,-0.3286698,0.1955152,1.565982,-0.0386299,0.5778233,1.609265,-0.02199434,0.3912258,1.682139,0.004660156,0.2263014,1.632551,-0.004525392,0.2035057,1.62141,-0.2144513,0.2072038,1.59297,-0.2506544,-0.01027048,1.587579,-0.2994837,-0.2382789,1.63681,-0.110424,0.2061821,1.605474,-0.07613064,0.007115334,1.587599,-0.07419527,-0.2313648,1.616869,-0.1607765,0.6164307,1.589594
72057594037999830,1,1.306522,95831.93,-0.1650963,0.2038594,1.626894,-0.1426828,0.7868023,1.576469,-0.2696853,0.5780669,1.562893,-0.3335859,0.3957036,1.616045,-0.3348378,0.227703,1.57056,-0.3286698,0.1955152,1.565982,-0.0386299,0.5778233,1.609265,-0.02199434,0.3912258,1.682139,0.004660156,0.2263014,1.632551,-0.004525392,0.2035057,1.62141,-0.2144513,0.2072038,1.59297,-0.2506544,-0.01027048,1.587579,-0.2994837,-0.2382789,1.63681,-0.110424,0.2061821,1.605474,-0.07613064,0.007115334,1.587599,-0.07419527,-0.2313648,1.616869,-0.1607765,0.6164307,1.589594
72057594037999830,1,1.306522,95831.93,-0.1650963,0.2038594,1.626894,-0.1426828,0.7868023,1.576469,-0.2696853,0.5780669,1.562893,-0.3335859,0.3957036,1.616045,-0.3348378,0.227703,1.57056,-0.3286698,0.1955152,1.565982,-0.0386299,0.5778233,1.609265,-0.02199434,0.3912258,1.682139,0.004660156,0.2263014,1.632551,-0.004525392,0.2035057,1.62141,-0.2144513,0.2072038,1.59297,-0.2506544,-0.01027048,1.587579,-0.2994837,-0.2382789,1.63681,-0.110424,0.2061821,1.605474,-0.07613064,0.007115334,1.587599,-0.07419527,-0.2313648,1.616869,-0.1607765,0.6164307,1.589594
72057594037999830,1,1.306522,95831.93,-0.1650963,0.2038594,1.626894,-0.1426828,0.7868023,1.576469,-0.2696853,0.5780669,1.562893,-0.3335859,0.3957036,1.616045,-0.3348378,0.227703,1.57056,-0.3286698,0.1955152,1.565982,-0.0386299,0.5778233,1.609265,-0.02199434,0.3912258,1.682139,0.004660156,0.2263014,1.632551,-0.004525392,0.2035057,1.62141,-0.2144513,0.2072038,1.59297,-0.2506544,-0.01027048,1.587579,-0.2994837,-0.2382789,1.63681,-0.110424,0.2061821,1.605474,-0.07613064,0.007115334,1.587599,-0.07419527,-0.2313648,1.616869,-0.1607765,0.6164307,1.589594
72057594037999830,1,1.306522,95831.94,-0.1650963,0.2038594,1.626894,-0.1426828,0.7868023,1.576469,-0.2696853,0.5780669,1.562893,-0.3335859,0.3957036,1.616045,-0.3348378,0.227703,1.57056,-0.3286698,0.1955152,1.565982,-0.0386299,0.5778233,1.609265,-0.02199434,0.3912258,1.682139,0.004660156,0.2263014,1.632551,-0.004525392,0.2035057,1.62141,-0.2144513,0.2072038,1.59297,-0.2506544,-0.01027048,1.587579,-0.2994837,-0.2382789,1.63681,-0.110424,0.2061821,1.605474,-0.07613064,0.007115334,1.587599,-0.07419527,-0.2313648,1.616869,-0.1607765,0.6164307,1.589594
72057594037999830,1,1.306522,95831.94,-0.1650963,0.2038594,1.626894,-0.1426828,0.7868023,1.576469,-0.2696853,0.5780669,1.562893,-0.3335859,0.3957036,1.616045,-0.3348378,0.227703,1.57056,-0.3286698,0.1955152,1.565982,-0.0386299,0.5778233,1.609265,-0.02199434,0.3912258,1.682139,0.004660156,0.2263014,1.632551,-0.004525392,0.2035057,1.62141,-0.2144513,0.2072038,1.59297,-0.2506544,-0.01027048,1.587579,-0.2994837,-0.2382789,1.63681,-0.110424,0.2061821,1.605474,-0.07613064,0.007115334,1.587599,-0.07419527,-0.2313648,1.616869,-0.1607765,0.6164307,1.589594
72057594037999830,1,1.306522,95831.94,-0.1650963,0.2038594,1.626894,-0.1426828,0.7868023,1.576469,-0.2696853,0.5780669,1.562893,-0.3335859,0.3957036,1.616045,-0.3348378,0.227703,1.57056,-0.3286698,0.1955152,1.565982,-0.0386299,0.5778233,1.609265,-0.02199434,0.3912258,1.682139,0.004660156,0.2263014,1.632551,-0.004525392,0.2035057,1.62141,-0.2144513,0.2072038,1.59297,-0.2506544,-0.01027048,1.587579,-0.2994837,-0.2382789,1.63681,-0.110424,0.2061821,1.605474,-0.07613064,0.007115334,1.587599,-0.07419527,-0.2313648,1.616869,-0.1607765,0.6164307,1.589594
72057594037999830,1,1.306522,95831.95,-0.1650963,0.2038594,1.626894,-0.1426828,0.7868023,1.576469,-0.2696853,0.5780669,1.562893,-0.3335859,0.3957036,1.616045,-0.3348378,0.227703,1.57056,-0.3286698,0.1955152,1.565982,-0.0386299,0.5778233,1.609265,-0.02199434,0.3912258,1.682139,0.004660156,0.2263014,1.632551,-0.004525392,0.2035057,1.62141,-0.2144513,0.2072038,1.59297,-0.2506544,-0.01027048,1.587579,-0.2994837,-0.2382789,1.63681,-0.110424,0.2061821,1.605474,-0.07613064,0.007115334,1.587599,-0.07419527,-0.2313648,1.616869,-0.1607765,0.6164307,1.589594
72057594037999830,1,1.306522,95831.95,-0.1650963,0.2038594,1.626894,-0.1426828,0.7868023,1.576469,-0.2696853,0.5780669,1.562893,-0.3335859,0.3957036,1.616045,-0.3348378,0.227703,1.57056,-0.3286698,0.1955152,1.565982,-0.0386299,0.5778233,1.609265,-0.02199434,0.3912258,1.682139,0.004660156,0.2263014,1.632551,-0.004525392,0.2035057,1.62141,-0.2144513,0.2072038,1.59297,-0.2506544,-0.01027048,1.587579,-0.2994837,-0.2382789,1.63681,-0.110424,0.2061821,1.605474,-0.07613064,0.007115334,1.587599,-0.07419527,-0.2313648,1.616869,-0.1607765,0.6164307,1.589594
72057594037999830,1,1.30582,95831.95,-0.1635993,0.2034905,1.627747,-0.1423,0.7870975,1.578132,-0.2694053,0.57754,1.564036,-0.332121,0.393074,1.614592,-0.3340011,0.224278,1.572475,-0.3291114,0.1945385,1.57004,-0.03783799,0.5780165,1.611078,-0.02062785,0.3909859,1.683751,0.005142638,0.2262254,1.632526,-0.005225319,0.2025198,1.619218,-0.212975,0.2067325,1.593762,-0.2497918,-0.01135617,1.588869,-0.2995341,-0.2383808,1.637214,-0.1089582,0.2059236,1.606356,-0.07550214,0.007121861,1.587987,-0.07398494,-0.2304299,1.61789,-0.160116,0.6163104,1.590944
72057594037999830,1,1.30582,95831.95,-0.1635993,0.2034905,1.627747,-0.1423,0.7870975,1.578132,-0.2694053,0.57754,1.564036,-0.332121,0.393074,1.614592,-0.3340011,0.224278,1.572475,-0.3291114,0.1945385,1.57004,-0.03783799,0.5780165,1.611078,-0.02062785,0.3909859,1.683751,0.005142638,0.2262254,1.632526,-0.005225319,0.2025198,1.619218,-0.212975,0.2067325,1.593762,-0.2497918,-0.01135617,1.588869,-0.2995341,-0.2383808,1.637214,-0.1089582,0.2059236,1.606356,-0.07550214,0.007121861,1.587987,-0.07398494,-0.2304299,1.61789,-0.160116,0.6163104,1.590944
72057594037999830,1,1.30582,95831.95,-0.1635993,0.2034905,1.627747,-0.1423,0.7870975,1.578132,-0.2694053,0.57754,1.564036,-0.332121,0.393074,1.614592,-0.3340011,0.224278,1.572475,-0.3291114,0.1945385,1.57004,-0.03783799,0.5780165,1.611078,-0.02062785,0.3909859,1.683751,0.005142638,0.2262254,1.632526,-0.005225319,0.2025198,1.619218,-0.212975,0.2067325,1.593762,-0.2497918,-0.01135617,1.588869,-0.2995341,-0.2383808,1.637214,-0.1089582,0.2059236,1.606356,-0.07550214,0.007121861,1.587987,-0.07398494,-0.2304299,1.61789,-0.160116,0.6163104,1.590944
72057594037999830,1,1.30582,95831.96,-0.1635993,0.2034905,1.627747,-0.1423,0.7870975,1.578132,-0.2694053,0.57754,1.564036,-0.332121,0.393074,1.614592,-0.3340011,0.224278,1.572475,-0.3291114,0.1945385,1.57004,-0.03783799,0.5780165,1.611078,-0.02062785,0.3909859,1.683751,0.005142638,0.2262254,1.632526,-0.005225319,0.2025198,1.619218,-0.212975,0.2067325,1.593762,-0.2497918,-0.01135617,1.588869,-0.2995341,-0.2383808,1.637214,-0.1089582,0.2059236,1.606356,-0.07550214,0.007121861,1.587987,-0.07398494,-0.2304299,1.61789,-0.160116,0.6163104,1.590944
72057594037999830,1,1.30582,95831.96,-0.1635993,0.2034905,1.627747,-0.1423,0.7870975,1.578132,-0.2694053,0.57754,1.564036,-0.332121,0.393074,1.614592,-0.3340011,0.224278,1.572475,-0.3291114,0.1945385,1.57004,-0.03783799,0.5780165,1.611078,-0.02062785,0.3909859,1.683751,0.005142638,0.2262254,1.632526,-0.005225319,0.2025198,1.619218,-0.212975,0.2067325,1.593762,-0.2497918,-0.01135617,1.588869,-0.2995341,-0.2383808,1.637214,-0.1089582,0.2059236,1.606356,-0.07550214,0.007121861,1.587987,-0.07398494,-0.2304299,1.61789,-0.160116,0.6163104,1.590944
72057594037999830,1,1.30582,95831.96,-0.1635993,0.2034905,1.627747,-0.1423,0.7870975,1.578132,-0.2694053,0.57754,1.564036,-0.332121,0.393074,1.614592,-0.3340011,0.224278,1.572475,-0.3291114,0.1945385,1.57004,-0.03783799,0.5780165,1.611078,-0.02062785,0.3909859,1.683751,0.005142638,0.2262254,1.632526,-0.005225319,0.2025198,1.619218,-0.212975,0.2067325,1.593762,-0.2497918,-0.01135617,1.588869,-0.2995341,-0.2383808,1.637214,-0.1089582,0.2059236,1.606356,-0.07550214,0.007121861,1.587987,-0.07398494,-0.2304299,1.61789,-0.160116,0.6163104,1.590944
72057594037999830,1,1.30582,95831.97,-0.1635993,0.2034905,1.627747,-0.1423,0.7870975,1.578132,-0.2694053,0.57754,1.564036,-0.332121,0.393074,1.614592,-0.3340011,0.224278,1.572475,-0.3291114,0.1945385,1.57004,-0.03783799,0.5780165,1.611078,-0.02062785,0.3909859,1.683751,0.005142638,0.2262254,1.632526,-0.005225319,0.2025198,1.619218,-0.212975,0.2067325,1.593762,-0.2497918,-0.01135617,1.588869,-0.2995341,-0.2383808,1.637214,-0.1089582,0.2059236,1.606356,-0.07550214,0.007121861,1.587987,-0.07398494,-0.2304299,1.61789,-0.160116,0.6163104,1.590944
72057594037999830,1,1.30582,95831.97,-0.1635993,0.2034905,1.627747,-0.1423,0.7870975,1.578132,-0.2694053,0.57754,1.564036,-0.332121,0.393074,1.614592,-0.3340011,0.224278,1.572475,-0.3291114,0.1945385,1.57004,-0.03783799,0.5780165,1.611078,-0.02062785,0.3909859,1.683751,0.005142638,0.2262254,1.632526,-0.005225319,0.2025198,1.619218,-0.212975,0.2067325,1.593762,-0.2497918,-0.01135617,1.588869,-0.2995341,-0.2383808,1.637214,-0.1089582,0.2059236,1.606356,-0.07550214,0.007121861,1.587987,-0.07398494,-0.2304299,1.61789,-0.160116,0.6163104,1.590944
72057594037999830,1,1.30582,95831.97,-0.1635993,0.2034905,1.627747,-0.1423,0.7870975,1.578132,-0.2694053,0.57754,1.564036,-0.332121,0.393074,1.614592,-0.3340011,0.224278,1.572475,-0.3291114,0.1945385,1.57004,-0.03783799,0.5780165,1.611078,-0.02062785,0.3909859,1.683751,0.005142638,0.2262254,1.632526,-0.005225319,0.2025198,1.619218,-0.212975,0.2067325,1.593762,-0.2497918,-0.01135617,1.588869,-0.2995341,-0.2383808,1.637214,-0.1089582,0.2059236,1.606356,-0.07550214,0.007121861,1.587987,-0.07398494,-0.2304299,1.61789,-0.160116,0.6163104,1.590944
72057594037999830,1,1.30582,95831.98,-0.1635993,0.2034905,1.627747,-0.1423,0.7870975,1.578132,-0.2694053,0.57754,1.564036,-0.332121,0.393074,1.614592,-0.3340011,0.224278,1.572475,-0.3291114,0.1945385,1.57004,-0.03783799,0.5780165,1.611078,-0.02062785,0.3909859,1.683751,0.005142638,0.2262254,1.632526,-0.005225319,0.2025198,1.619218,-0.212975,0.2067325,1.593762,-0.2497918,-0.01135617,1.588869,-0.2995341,-0.2383808,1.637214,-0.1089582,0.2059236,1.606356,-0.07550214,0.007121861,1.587987,-0.07398494,-0.2304299,1.61789,-0.160116,0.6163104,1.590944
72057594037999830,1,1.30582,95831.98,-0.1635993,0.2034905,1.627747,-0.1423,0.7870975,1.578132,-0.2694053,0.57754,1.564036,-0.332121,0.393074,1.614592,-0.3340011,0.224278,1.572475,-0.3291114,0.1945385,1.57004,-0.03783799,0.5780165,1.611078,-0.02062785,0.3909859,1.683751,0.005142638,0.2262254,1.632526,-0.005225319,0.2025198,1.619218,-0.212975,0.2067325,1.593762,-0.2497918,-0.01135617,1.588869,-0.2995341,-0.2383808,1.637214,-0.1089582,0.2059236,1.606356,-0.07550214,0.007121861,1.587987,-0.07398494,-0.2304299,1.61789,-0.160116,0.6163104,1.590944
72057594037999830,1,1.305368,95831.98,-0.1629775,0.2032975,1.628316,-0.1419417,0.7872103,1.579554,-0.2687189,0.5769813,1.565505,-0.3309219,0.3919608,1.613099,-0.3334133,0.2226275,1.573405,-0.3259852,0.187134,1.57197,-0.03726797,0.5783522,1.612293,-0.01976025,0.3906433,1.684397,0.00537505,0.2258882,1.632427,-0.003660707,0.2035133,1.619267,-0.2123691,0.2064911,1.594362,-0.2495828,-0.01166967,1.590002,-0.2995688,-0.2384844,1.637424,-0.1083438,0.205782,1.606867,-0.07509001,0.007598013,1.588325,-0.07367232,-0.2295861,1.618883,-0.15958,0.6162111,1.592389
72057594037999830,1,1.305368,95831.98,-0.1629775,0.2032975,1.628316,-0.1419417,0.7872103,1.579554,-0.2687189,0.5769813,1.565505,-0.3309219,0.3919608,1.613099,-0.3334133,0.2226275,1.573405,-0.3259852,0.187134,1.57197,-0.03726797,0.5783522,1.612293,-0.01976025,0.3906433,1.684397,0.00537505,0.2258882,1.632427,-0.003660707,0.2035133,1.619267,-0.2123691,0.2064911,1.594362,-0.2495828,-0.01166967,1.590002,-0.2995688,-0.2384844,1.637424,-0.1083438,0.205782,1.606867,-0.07509001,0.007598013,1.588325,-0.07367232,-0.2295861,1.618883,-0.15958,0.6162111,1.592389
72057594037999830,1,1.305368,95831.98,-0.1629775,0.2032975,1.628316,-0.1419417,0.7872103,1.579554,-0.2687189,0.5769813,1.565505,-0.3309219,0.3919608,1.613099,-0.3334133,0.2226275,1.573405,-0.3259852,0.187134,1.57197,-0.03726797,0.5783522,1.612293,-0.01976025,0.3906433,1.684397,0.00537505,0.2258882,1.632427,-0.003660707,0.2035133,1.619267,-0.2123691,0.2064911,1.594362,-0.2495828,-0.01166967,1.590002,-0.2995688,-0.2384844,1.637424,-0.1083438,0.205782,1.606867,-0.07509001,0.007598013,1.588325,-0.07367232,-0.2295861,1.618883,-0.15958,0.6162111,1.592389
72057594037999830,1,1.305368,95831.98,-0.1629775,0.2032975,1.628316,-0.1419417,0.7872103,1.579554,-0.2687189,0.5769813,1.565505,-0.3309219,0.3919608,1.613099,-0.3334133,0.2226275,1.573405,-0.3259852,0.187134,1.57197,-0.03726797,0.5783522,1.612293,-0.01976025,0.3906433,1.684397,0.00537505,0.2258882,1.632427,-0.003660707,0.2035133,1.619267,-0.2123691,0.2064911,1.594362,-0.2495828,-0.01166967,1.590002,-0.2995688,-0.2384844,1.637424,-0.1083438,0.205782,1.606867,-0.07509001,0.007598013,1.588325,-0.07367232,-0.2295861,1.618883,-0.15958,0.6162111,1.592389
72057594037999830,1,1.305368,95831.99,-0.1629775,0.2032975,1.628316,-0.1419417,0.7872103,1.579554,-0.2687189,0.5769813,1.565505,-0.3309219,0.3919608,1.613099,-0.3334133,0.2226275,1.573405,-0.3259852,0.187134,1.57197,-0.03726797,0.5783522,1.612293,-0.01976025,0.3906433,1.684397,0.00537505,0.2258882,1.632427,-0.003660707,0.2035133,1.619267,-0.2123691,0.2064911,1.594362,-0.2495828,-0.01166967,1.590002,-0.2995688,-0.2384844,1.637424,-0.1083438,0.205782,1.606867,-0.07509001,0.007598013,1.588325,-0.07367232,-0.2295861,1.618883,-0.15958,0.6162111,1.592389
72057594037999830,1,1.305368,95831.99,-0.1629775,0.2032975,1.628316,-0.1419417,0.7872103,1.579554,-0.2687189,0.5769813,1.565505,-0.3309219,0.3919608,1.613099,-0.3334133,0.2226275,1.573405,-0.3259852,0.187134,1.57197,-0.03726797,0.5783522,1.612293,-0.01976025,0.3906433,1.684397,0.00537505,0.2258882,1.632427,-0.003660707,0.2035133,1.619267,-0.2123691,0.2064911,1.594362,-0.2495828,-0.01166967,1.590002,-0.2995688,-0.2384844,1.637424,-0.1083438,0.205782,1.606867,-0.07509001,0.007598013,1.588325,-0.07367232,-0.2295861,1.618883,-0.15958,0.6162111,1.592389
72057594037999830,1,1.305368,95831.99,-0.1629775,0.2032975,1.628316,-0.1419417,0.7872103,1.579554,-0.2687189,0.5769813,1.565505,-0.3309219,0.3919608,1.613099,-0.3334133,0.2226275,1.573405,-0.3259852,0.187134,1.57197,-0.03726797,0.5783522,1.612293,-0.01976025,0.3906433,1.684397,0.00537505,0.2258882,1.632427,-0.003660707,0.2035133,1.619267,-0.2123691,0.2064911,1.594362,-0.2495828,-0.01166967,1.590002,-0.2995688,-0.2384844,1.637424,-0.1083438,0.205782,1.606867,-0.07509001,0.007598013,1.588325,-0.07367232,-0.2295861,1.618883,-0.15958,0.6162111,1.592389
72057594037999830,1,1.305368,95832,-0.1629775,0.2032975,1.628316,-0.1419417,0.7872103,1.579554,-0.2687189,0.5769813,1.565505,-0.3309219,0.3919608,1.613099,-0.3334133,0.2226275,1.573405,-0.3259852,0.187134,1.57197,-0.03726797,0.5783522,1.612293,-0.01976025,0.3906433,1.684397,0.00537505,0.2258882,1.632427,-0.003660707,0.2035133,1.619267,-0.2123691,0.2064911,1.594362,-0.2495828,-0.01166967,1.590002,-0.2995688,-0.2384844,1.637424,-0.1083438,0.205782,1.606867,-0.07509001,0.007598013,1.588325,-0.07367232,-0.2295861,1.618883,-0.15958,0.6162111,1.592389
72057594037999830,1,1.305368,95832,-0.1629775,0.2032975,1.628316,-0.1419417,0.7872103,1.579554,-0.2687189,0.5769813,1.565505,-0.3309219,0.3919608,1.613099,-0.3334133,0.2226275,1.573405,-0.3259852,0.187134,1.57197,-0.03726797,0.5783522,1.612293,-0.01976025,0.3906433,1.684397,0.00537505,0.2258882,1.632427,-0.003660707,0.2035133,1.619267,-0.2123691,0.2064911,1.594362,-0.2495828,-0.01166967,1.590002,-0.2995688,-0.2384844,1.637424,-0.1083438,0.205782,1.606867,-0.07509001,0.007598013,1.588325,-0.07367232,-0.2295861,1.618883,-0.15958,0.6162111,1.592389
72057594037999830,1,1.305368,95832.01,-0.1629775,0.2032975,1.628316,-0.1419417,0.7872103,1.579554,-0.2687189,0.5769813,1.565505,-0.3309219,0.3919608,1.613099,-0.3334133,0.2226275,1.573405,-0.3259852,0.187134,1.57197,-0.03726797,0.5783522,1.612293,-0.01976025,0.3906433,1.684397,0.00537505,0.2258882,1.632427,-0.003660707,0.2035133,1.619267,-0.2123691,0.2064911,1.594362,-0.2495828,-0.01166967,1.590002,-0.2995688,-0.2384844,1.637424,-0.1083438,0.205782,1.606867,-0.07509001,0.007598013,1.588325,-0.07367232,-0.2295861,1.618883,-0.15958,0.6162111,1.592389
72057594037999830,1,1.305368,95832.01,-0.1629775,0.2032975,1.628316,-0.1419417,0.7872103,1.579554,-0.2687189,0.5769813,1.565505,-0.3309219,0.3919608,1.613099,-0.3334133,0.2226275,1.573405,-0.3259852,0.187134,1.57197,-0.03726797,0.5783522,1.612293,-0.01976025,0.3906433,1.684397,0.00537505,0.2258882,1.632427,-0.003660707,0.2035133,1.619267,-0.2123691,0.2064911,1.594362,-0.2495828,-0.01166967,1.590002,-0.2995688,-0.2384844,1.637424,-0.1083438,0.205782,1.606867,-0.07509001,0.007598013,1.588325,-0.07367232,-0.2295861,1.618883,-0.15958,0.6162111,1.592389
72057594037999830,1,1.305368,95832.02,-0.1629775,0.2032975,1.628316,-0.1419417,0.7872103,1.579554,-0.2687189,0.5769813,1.565505,-0.3309219,0.3919608,1.613099,-0.3334133,0.2226275,1.573405,-0.3259852,0.187134,1.57197,-0.03726797,0.5783522,1.612293,-0.01976025,0.3906433,1.684397,0.00537505,0.2258882,1.632427,-0.003660707,0.2035133,1.619267,-0.2123691,0.2064911,1.594362,-0.2495828,-0.01166967,1.590002,-0.2995688,-0.2384844,1.637424,-0.1083438,0.205782,1.606867,-0.07509001,0.007598013,1.588325,-0.07367232,-0.2295861,1.618883,-0.15958,0.6162111,1.592389
72057594037999830,1,1.304902,95832.02,-0.1621986,0.2030288,1.628928,-0.1419663,0.7873681,1.580661,-0.2682904,0.5764594,1.566768,-0.3290621,0.3905104,1.612054,-0.3320603,0.2206336,1.575134,-0.3232039,0.1900499,1.57538,-0.03679183,0.5785221,1.612957,-0.01927945,0.3904648,1.684819,0.008214289,0.2256719,1.634139,-0.001295145,0.2056235,1.617809,-0.2116814,0.2061429,1.594907,-0.2490832,-0.01244923,1.591033,-0.2996147,-0.2383811,1.637895,-0.107491,0.2056052,1.607526,-0.07467749,0.00783506,1.588586,-0.07339203,-0.229973,1.619525,-0.1592198,0.6161007,1.593398
72057594037999830,1,1.304902,95832.02,-0.1621986,0.2030288,1.628928,-0.1419663,0.7873681,1.580661,-0.2682904,0.5764594,1.566768,-0.3290621,0.3905104,1.612054,-0.3320603,0.2206336,1.575134,-0.3232039,0.1900499,1.57538,-0.03679183,0.5785221,1.612957,-0.01927945,0.3904648,1.684819,0.008214289,0.2256719,1.634139,-0.001295145,0.2056235,1.617809,-0.2116814,0.2061429,1.594907,-0.2490832,-0.01244923,1.591033,-0.2996147,-0.2383811,1.637895,-0.107491,0.2056052,1.607526,-0.07467749,0.00783506,1.588586,-0.07339203,-0.229973,1.619525,-0.1592198,0.6161007,1.593398
72057594037999830,1,1.304902,95832.02,-0.1621986,0.2030288,1.628928,-0.1419663,0.7873681,1.580661,-0.2682904,0.5764594,1.566768,-0.3290621,0.3905104,1.612054,-0.3320603,0.2206336,1.575134,-0.3232039,0.1900499,1.57538,-0.03679183,0.5785221,1.612957,-0.01927945,0.3904648,1.684819,0.008214289,0.2256719,1.634139,-0.001295145,0.2056235,1.617809,-0.2116814,0.2061429,1.594907,-0.2490832,-0.01244923,1.591033,-0.2996147,-0.2383811,1.637895,-0.107491,0.2056052,1.607526,-0.07467749,0.00783506,1.588586,-0.07339203,-0.229973,1.619525,-0.1592198,0.6161007,1.593398
72057594037999830,1,1.304902,95832.02,-0.1621986,0.2030288,1.628928,-0.1419663,0.7873681,1.580661,-0.2682904,0.5764594,1.566768,-0.3290621,0.3905104,1.612054,-0.3320603,0.2206336,1.575134,-0.3232039,0.1900499,1.57538,-0.03679183,0.5785221,1.612957,-0.01927945,0.3904648,1.684819,0.008214289,0.2256719,1.634139,-0.001295145,0.2056235,1.617809,-0.2116814,0.2061429,1.594907,-0.2490832,-0.01244923,1.591033,-0.2996147,-0.2383811,1.637895,-0.107491,0.2056052,1.607526,-0.07467749,0.00783506,1.588586,-0.07339203,-0.229973,1.619525,-0.1592198,0.6161007,1.593398
72057594037999830,1,1.304902,95832.02,-0.1621986,0.2030288,1.628928,-0.1419663,0.7873681,1.580661,-0.2682904,0.5764594,1.566768,-0.3290621,0.3905104,1.612054,-0.3320603,0.2206336,1.575134,-0.3232039,0.1900499,1.57538,-0.03679183,0.5785221,1.612957,-0.01927945,0.3904648,1.684819,0.008214289,0.2256719,1.634139,-0.001295145,0.2056235,1.617809,-0.2116814,0.2061429,1.594907,-0.2490832,-0.01244923,1.591033,-0.2996147,-0.2383811,1.637895,-0.107491,0.2056052,1.607526,-0.07467749,0.00783506,1.588586,-0.07339203,-0.229973,1.619525,-0.1592198,0.6161007,1.593398
72057594037999830,1,1.304902,95832.03,-0.1621986,0.2030288,1.628928,-0.1419663,0.7873681,1.580661,-0.2682904,0.5764594,1.566768,-0.3290621,0.3905104,1.612054,-0.3320603,0.2206336,1.575134,-0.3232039,0.1900499,1.57538,-0.03679183,0.5785221,1.612957,-0.01927945,0.3904648,1.684819,0.008214289,0.2256719,1.634139,-0.001295145,0.2056235,1.617809,-0.2116814,0.2061429,1.594907,-0.2490832,-0.01244923,1.591033,-0.2996147,-0.2383811,1.637895,-0.107491,0.2056052,1.607526,-0.07467749,0.00783506,1.588586,-0.07339203,-0.229973,1.619525,-0.1592198,0.6161007,1.593398
72057594037999830,1,1.304902,95832.03,-0.1621986,0.2030288,1.628928,-0.1419663,0.7873681,1.580661,-0.2682904,0.5764594,1.566768,-0.3290621,0.3905104,1.612054,-0.3320603,0.2206336,1.575134,-0.3232039,0.1900499,1.57538,-0.03679183,0.5785221,1.612957,-0.01927945,0.3904648,1.684819,0.008214289,0.2256719,1.634139,-0.001295145,0.2056235,1.617809,-0.2116814,0.2061429,1.594907,-0.2490832,-0.01244923,1.591033,-0.2996147,-0.2383811,1.637895,-0.107491,0.2056052,1.607526,-0.07467749,0.00783506,1.588586,-0.07339203,-0.229973,1.619525,-0.1592198,0.6161007,1.593398
72057594037999830,1,1.304902,95832.03,-0.1621986,0.2030288,1.628928,-0.1419663,0.7873681,1.580661,-0.2682904,0.5764594,1.566768,-0.3290621,0.3905104,1.612054,-0.3320603,0.2206336,1.575134,-0.3232039,0.1900499,1.57538,-0.03679183,0.5785221,1.612957,-0.01927945,0.3904648,1.684819,0.008214289,0.2256719,1.634139,-0.001295145,0.2056235,1.617809,-0.2116814,0.2061429,1.594907,-0.2490832,-0.01244923,1.591033,-0.2996147,-0.2383811,1.637895,-0.107491,0.2056052,1.607526,-0.07467749,0.00783506,1.588586,-0.07339203,-0.229973,1.619525,-0.1592198,0.6161007,1.593398
72057594037999830,1,1.304902,95832.04,-0.1621986,0.2030288,1.628928,-0.1419663,0.7873681,1.580661,-0.2682904,0.5764594,1.566768,-0.3290621,0.3905104,1.612054,-0.3320603,0.2206336,1.575134,-0.3232039,0.1900499,1.57538,-0.03679183,0.5785221,1.612957,-0.01927945,0.3904648,1.684819,0.008214289,0.2256719,1.634139,-0.001295145,0.2056235,1.617809,-0.2116814,0.2061429,1.594907,-0.2490832,-0.01244923,1.591033,-0.2996147,-0.2383811,1.637895,-0.107491,0.2056052,1.607526,-0.07467749,0.00783506,1.588586,-0.07339203,-0.229973,1.619525,-0.1592198,0.6161007,1.593398
72057594037999830,1,1.304902,95832.04,-0.1621986,0.2030288,1.628928,-0.1419663,0.7873681,1.580661,-0.2682904,0.5764594,1.566768,-0.3290621,0.3905104,1.612054,-0.3320603,0.2206336,1.575134,-0.3232039,0.1900499,1.57538,-0.03679183,0.5785221,1.612957,-0.01927945,0.3904648,1.684819,0.008214289,0.2256719,1.634139,-0.001295145,0.2056235,1.617809,-0.2116814,0.2061429,1.594907,-0.2490832,-0.01244923,1.591033,-0.2996147,-0.2383811,1.637895,-0.107491,0.2056052,1.607526,-0.07467749,0.00783506,1.588586,-0.07339203,-0.229973,1.619525,-0.1592198,0.6161007,1.593398
72057594037999830,1,1.304902,95832.05,-0.1621986,0.2030288,1.628928,-0.1419663,0.7873681,1.580661,-0.2682904,0.5764594,1.566768,-0.3290621,0.3905104,1.612054,-0.3320603,0.2206336,1.575134,-0.3232039,0.1900499,1.57538,-0.03679183,0.5785221,1.612957,-0.01927945,0.3904648,1.684819,0.008214289,0.2256719,1.634139,-0.001295145,0.2056235,1.617809,-0.2116814,0.2061429,1.594907,-0.2490832,-0.01244923,1.591033,-0.2996147,-0.2383811,1.637895,-0.107491,0.2056052,1.607526,-0.07467749,0.00783506,1.588586,-0.07339203,-0.229973,1.619525,-0.1592198,0.6161007,1.593398
72057594037999830,1,1.304597,95832.05,-0.1614234,0.2028669,1.629285,-0.1420574,0.787468,1.581472,-0.2679961,0.5760337,1.567904,-0.3277214,0.3895419,1.611762,-0.330571,0.2192739,1.576889,-0.3200832,0.1892336,1.576416,-0.03646747,0.5786871,1.613198,-0.0186377,0.390798,1.685566,0.008479016,0.2263329,1.633136,0.0004036237,0.2082736,1.618013,-0.2109484,0.205894,1.595435,-0.2488035,-0.01254705,1.591468,-0.2995425,-0.2381194,1.6382,-0.1066694,0.2055231,1.607713,-0.07400453,0.007569343,1.588861,-0.07330888,-0.2301522,1.61963,-0.1587933,0.6158931,1.59401
72057594037999830,1,1.304597,95832.05,-0.1614234,0.2028669,1.629285,-0.1420574,0.787468,1.581472,-0.2679961,0.5760337,1.567904,-0.3277214,0.3895419,1.611762,-0.330571,0.2192739,1.576889,-0.3200832,0.1892336,1.576416,-0.03646747,0.5786871,1.613198,-0.0186377,0.390798,1.685566,0.008479016,0.2263329,1.633136,0.0004036237,0.2082736,1.618013,-0.2109484,0.205894,1.595435,-0.2488035,-0.01254705,1.591468,-0.2995425,-0.2381194,1.6382,-0.1066694,0.2055231,1.607713,-0.07400453,0.007569343,1.588861,-0.07330888,-0.2301522,1.61963,-0.1587933,0.6158931,1.59401
72057594037999830,1,1.304597,95832.05,-0.1614234,0.2028669,1.629285,-0.1420574,0.787468,1.581472,-0.2679961,0.5760337,1.567904,-0.3277214,0.3895419,1.611762,-0.330571,0.2192739,1.576889,-0.3200832,0.1892336,1.576416,-0.03646747,0.5786871,1.613198,-0.0186377,0.390798,1.685566,0.008479016,0.2263329,1.633136,0.0004036237,0.2082736,1.618013,-0.2109484,0.205894,1.595435,-0.2488035,-0.01254705,1.591468,-0.2995425,-0.2381194,1.6382,-0.1066694,0.2055231,1.607713,-0.07400453,0.007569343,1.588861,-0.07330888,-0.2301522,1.61963,-0.1587933,0.6158931,1.59401
72057594037999830,1,1.304597,95832.05,-0.1614234,0.2028669,1.629285,-0.1420574,0.787468,1.581472,-0.2679961,0.5760337,1.567904,-0.3277214,0.3895419,1.611762,-0.330571,0.2192739,1.576889,-0.3200832,0.1892336,1.576416,-0.03646747,0.5786871,1.613198,-0.0186377,0.390798,1.685566,0.008479016,0.2263329,1.633136,0.0004036237,0.2082736,1.618013,-0.2109484,0.205894,1.595435,-0.2488035,-0.01254705,1.591468,-0.2995425,-0.2381194,1.6382,-0.1066694,0.2055231,1.607713,-0.07400453,0.007569343,1.588861,-0.07330888,-0.2301522,1.61963,-0.1587933,0.6158931,1.59401
72057594037999830,1,1.304597,95832.06,-0.1614234,0.2028669,1.629285,-0.1420574,0.787468,1.581472,-0.2679961,0.5760337,1.567904,-0.3277214,0.3895419,1.611762,-0.330571,0.2192739,1.576889,-0.3200832,0.1892336,1.576416,-0.03646747,0.5786871,1.613198,-0.0186377,0.390798,1.685566,0.008479016,0.2263329,1.633136,0.0004036237,0.2082736,1.618013,-0.2109484,0.205894,1.595435,-0.2488035,-0.01254705,1.591468,-0.2995425,-0.2381194,1.6382,-0.1066694,0.2055231,1.607713,-0.07400453,0.007569343,1.588861,-0.07330888,-0.2301522,1.61963,-0.1587933,0.6158931,1.59401
72057594037999830,1,1.304597,95832.06,-0.1614234,0.2028669,1.629285,-0.1420574,0.787468,1.581472,-0.2679961,0.5760337,1.567904,-0.3277214,0.3895419,1.611762,-0.330571,0.2192739,1.576889,-0.3200832,0.1892336,1.576416,-0.03646747,0.5786871,1.613198,-0.0186377,0.390798,1.685566,0.008479016,0.2263329,1.633136,0.0004036237,0.2082736,1.618013,-0.2109484,0.205894,1.595435,-0.2488035,-0.01254705,1.591468,-0.2995425,-0.2381194,1.6382,-0.1066694,0.2055231,1.607713,-0.07400453,0.007569343,1.588861,-0.07330888,-0.2301522,1.61963,-0.1587933,0.6158931,1.59401
72057594037999830,1,1.304597,95832.06,-0.1614234,0.2028669,1.629285,-0.1420574,0.787468,1.581472,-0.2679961,0.5760337,1.567904,-0.3277214,0.3895419,1.611762,-0.330571,0.2192739,1.576889,-0.3200832,0.1892336,1.576416,-0.03646747,0.5786871,1.613198,-0.0186377,0.390798,1.685566,0.008479016,0.2263329,1.633136,0.0004036237,0.2082736,1.618013,-0.2109484,0.205894,1.595435,-0.2488035,-0.01254705,1.591468,-0.2995425,-0.2381194,1.6382,-0.1066694,0.2055231,1.607713,-0.07400453,0.007569343,1.588861,-0.07330888,-0.2301522,1.61963,-0.1587933,0.6158931,1.59401
72057594037999830,1,1.304597,95832.07,-0.1614234,0.2028669,1.629285,-0.1420574,0.787468,1.581472,-0.2679961,0.5760337,1.567904,-0.3277214,0.3895419,1.611762,-0.330571,0.2192739,1.576889,-0.3200832,0.1892336,1.576416,-0.03646747,0.5786871,1.613198,-0.0186377,0.390798,1.685566,0.008479016,0.2263329,1.633136,0.0004036237,0.2082736,1.618013,-0.2109484,0.205894,1.595435,-0.2488035,-0.01254705,1.591468,-0.2995425,-0.2381194,1.6382,-0.1066694,0.2055231,1.607713,-0.07400453,0.007569343,1.588861,-0.07330888,-0.2301522,1.61963,-0.1587933,0.6158931,1.59401
72057594037999830,1,1.304597,95832.07,-0.1614234,0.2028669,1.629285,-0.1420574,0.787468,1.581472,-0.2679961,0.5760337,1.567904,-0.3277214,0.3895419,1.611762,-0.330571,0.2192739,1.576889,-0.3200832,0.1892336,1.576416,-0.03646747,0.5786871,1.613198,-0.0186377,0.390798,1.685566,0.008479016,0.2263329,1.633136,0.0004036237,0.2082736,1.618013,-0.2109484,0.205894,1.595435,-0.2488035,-0.01254705,1.591468,-0.2995425,-0.2381194,1.6382,-0.1066694,0.2055231,1.607713,-0.07400453,0.007569343,1.588861,-0.07330888,-0.2301522,1.61963,-0.1587933,0.6158931,1.59401
72057594037999830,1,1.304597,95832.07,-0.1614234,0.2028669,1.629285,-0.1420574,0.787468,1.581472,-0.2679961,0.5760337,1.567904,-0.3277214,0.3895419,1.611762,-0.330571,0.2192739,1.576889,-0.3200832,0.1892336,1.576416,-0.03646747,0.5786871,1.613198,-0.0186377,0.390798,1.685566,0.008479016,0.2263329,1.633136,0.0004036237,0.2082736,1.618013,-0.2109484,0.205894,1.595435,-0.2488035,-0.01254705,1.591468,-0.2995425,-0.2381194,1.6382,-0.1066694,0.2055231,1.607713,-0.07400453,0.007569343,1.588861,-0.07330888,-0.2301522,1.61963,-0.1587933,0.6158931,1.59401
72057594037999830,1,1.304597,95832.07,-0.1614234,0.2028669,1.629285,-0.1420574,0.787468,1.581472,-0.2679961,0.5760337,1.567904,-0.3277214,0.3895419,1.611762,-0.330571,0.2192739,1.576889,-0.3200832,0.1892336,1.576416,-0.03646747,0.5786871,1.613198,-0.0186377,0.390798,1.685566,0.008479016,0.2263329,1.633136,0.0004036237,0.2082736,1.618013,-0.2109484,0.205894,1.595435,-0.2488035,-0.01254705,1.591468,-0.2995425,-0.2381194,1.6382,-0.1066694,0.2055231,1.607713,-0.07400453,0.007569343,1.588861,-0.07330888,-0.2301522,1.61963,-0.1587933,0.6158931,1.59401
72057594037999830,1,1.304597,95832.08,-0.1614234,0.2028669,1.629285,-0.1420574,0.787468,1.581472,-0.2679961,0.5760337,1.567904,-0.3277214,0.3895419,1.611762,-0.330571,0.2192739,1.576889,-0.3200832,0.1892336,1.576416,-0.03646747,0.5786871,1.613198,-0.0186377,0.390798,1.685566,0.008479016,0.2263329,1.633136,0.0004036237,0.2082736,1.618013,-0.2109484,0.205894,1.595435,-0.2488035,-0.01254705,1.591468,-0.2995425,-0.2381194,1.6382,-0.1066694,0.2055231,1.607713,-0.07400453,0.007569343,1.588861,-0.07330888,-0.2301522,1.61963,-0.1587933,0.6158931,1.59401
72057594037999830,1,1.304597,95832.08,-0.1614234,0.2028669,1.629285,-0.1420574,0.787468,1.581472,-0.2679961,0.5760337,1.567904,-0.3277214,0.3895419,1.611762,-0.330571,0.2192739,1.576889,-0.3200832,0.1892336,1.576416,-0.03646747,0.5786871,1.613198,-0.0186377,0.390798,1.685566,0.008479016,0.2263329,1.633136,0.0004036237,0.2082736,1.618013,-0.2109484,0.205894,1.595435,-0.2488035,-0.01254705,1.591468,-0.2995425,-0.2381194,1.6382,-0.1066694,0.2055231,1.607713,-0.07400453,0.007569343,1.588861,-0.07330888,-0.2301522,1.61963,-0.1587933,0.6158931,1.59401
72057594037999830,1,1.304356,95832.09,-0.1609176,0.2028122,1.629537,-0.1420507,0.7875131,1.581988,-0.2678989,0.5757179,1.569229,-0.3264468,0.3888959,1.61239,-0.3292413,0.2182966,1.579487,-0.3179676,0.1908088,1.580175,-0.0362654,0.5788631,1.613494,-0.01805163,0.3916789,1.686467,0.01186995,0.2277616,1.633629,0.002088333,0.2122632,1.611261,-0.210438,0.2057892,1.595811,-0.2484125,-0.01236936,1.591651,-0.2994126,-0.2379939,1.638727,-0.1061743,0.2055142,1.607839,-0.07324319,0.008212417,1.589003,-0.07326514,-0.230057,1.619707,-0.15851,0.6158166,1.594457
72057594037999830,1,1.304356,95832.09,-0.1609176,0.2028122,1.629537,-0.1420507,0.7875131,1.581988,-0.2678989,0.5757179,1.569229,-0.3264468,0.3888959,1.61239,-0.3292413,0.2182966,1.579487,-0.3179676,0.1908088,1.580175,-0.0362654,0.5788631,1.613494,-0.01805163,0.3916789,1.686467,0.01186995,0.2277616,1.633629,0.002088333,0.2122632,1.611261,-0.210438,0.2057892,1.595811,-0.2484125,-0.01236936,1.591651,-0.2994126,-0.2379939,1.638727,-0.1061743,0.2055142,1.607839,-0.07324319,0.008212417,1.589003,-0.07326514,-0.230057,1.619707,-0.15851,0.6158166,1.594457
72057594037999830,1,1.304356,95832.09,-0.1609176,0.2028122,1.629537,-0.1420507,0.7875131,1.581988,-0.2678989,0.5757179,1.569229,-0.3264468,0.3888959,1.61239,-0.3292413,0.2182966,1.579487,-0.3179676,0.1908088,1.580175,-0.0362654,0.5788631,1.613494,-0.01805163,0.3916789,1.686467,0.01186995,0.2277616,1.633629,0.002088333,0.2122632,1.611261,-0.210438,0.2057892,1.595811,-0.2484125,-0.01236936,1.591651,-0.2994126,-0.2379939,1.638727,-0.1061743,0.2055142,1.607839,-0.07324319,0.008212417,1.589003,-0.07326514,-0.230057,1.619707,-0.15851,0.6158166,1.594457
72057594037999830,1,1.304356,95832.09,-0.1609176,0.2028122,1.629537,-0.1420507,0.7875131,1.581988,-0.2678989,0.5757179,1.569229,-0.3264468,0.3888959,1.61239,-0.3292413,0.2182966,1.579487,-0.3179676,0.1908088,1.580175,-0.0362654,0.5788631,1.613494,-0.01805163,0.3916789,1.686467,0.01186995,0.2277616,1.633629,0.002088333,0.2122632,1.611261,-0.210438,0.2057892,1.595811,-0.2484125,-0.01236936,1.591651,-0.2994126,-0.2379939,1.638727,-0.1061743,0.2055142,1.607839,-0.07324319,0.008212417,1.589003,-0.07326514,-0.230057,1.619707,-0.15851,0.6158166,1.594457
72057594037999830,1,1.304356,95832.09,-0.1609176,0.2028122,1.629537,-0.1420507,0.7875131,1.581988,-0.2678989,0.5757179,1.569229,-0.3264468,0.3888959,1.61239,-0.3292413,0.2182966,1.579487,-0.3179676,0.1908088,1.580175,-0.0362654,0.5788631,1.613494,-0.01805163,0.3916789,1.686467,0.01186995,0.2277616,1.633629,0.002088333,0.2122632,1.611261,-0.210438,0.2057892,1.595811,-0.2484125,-0.01236936,1.591651,-0.2994126,-0.2379939,1.638727,-0.1061743,0.2055142,1.607839,-0.07324319,0.008212417,1.589003,-0.07326514,-0.230057,1.619707,-0.15851,0.6158166,1.594457
72057594037999830,1,1.304356,95832.1,-0.1609176,0.2028122,1.629537,-0.1420507,0.7875131,1.581988,-0.2678989,0.5757179,1.569229,-0.3264468,0.3888959,1.61239,-0.3292413,0.2182966,1.579487,-0.3179676,0.1908088,1.580175,-0.0362654,0.5788631,1.613494,-0.01805163,0.3916789,1.686467,0.01186995,0.2277616,1.633629,0.002088333,0.2122632,1.611261,-0.210438,0.2057892,1.595811,-0.2484125,-0.01236936,1.591651,-0.2994126,-0.2379939,1.638727,-0.1061743,0.2055142,1.607839,-0.07324319,0.008212417,1.589003,-0.07326514,-0.230057,1.619707,-0.15851,0.6158166,1.594457
72057594037999830,1,1.304356,95832.1,-0.1609176,0.2028122,1.629537,-0.1420507,0.7875131,1.581988,-0.2678989,0.5757179,1.569229,-0.3264468,0.3888959,1.61239,-0.3292413,0.2182966,1.579487,-0.3179676,0.1908088,1.580175,-0.0362654,0.5788631,1.613494,-0.01805163,0.3916789,1.686467,0.01186995,0.2277616,1.633629,0.002088333,0.2122632,1.611261,-0.210438,0.2057892,1.595811,-0.2484125,-0.01236936,1.591651,-0.2994126,-0.2379939,1.638727,-0.1061743,0.2055142,1.607839,-0.07324319,0.008212417,1.589003,-0.07326514,-0.230057,1.619707,-0.15851,0.6158166,1.594457
72057594037999830,1,1.304356,95832.1,-0.1609176,0.2028122,1.629537,-0.1420507,0.7875131,1.581988,-0.2678989,0.5757179,1.569229,-0.3264468,0.3888959,1.61239,-0.3292413,0.2182966,1.579487,-0.3179676,0.1908088,1.580175,-0.0362654,0.5788631,1.613494,-0.01805163,0.3916789,1.686467,0.01186995,0.2277616,1.633629,0.002088333,0.2122632,1.611261,-0.210438,0.2057892,1.595811,-0.2484125,-0.01236936,1.591651,-0.2994126,-0.2379939,1.638727,-0.1061743,0.2055142,1.607839,-0.07324319,0.008212417,1.589003,-0.07326514,-0.230057,1.619707,-0.15851,0.6158166,1.594457
72057594037999830,1,1.304356,95832.11,-0.1609176,0.2028122,1.629537,-0.1420507,0.7875131,1.581988,-0.2678989,0.5757179,1.569229,-0.3264468,0.3888959,1.61239,-0.3292413,0.2182966,1.579487,-0.3179676,0.1908088,1.580175,-0.0362654,0.5788631,1.613494,-0.01805163,0.3916789,1.686467,0.01186995,0.2277616,1.633629,0.002088333,0.2122632,1.611261,-0.210438,0.2057892,1.595811,-0.2484125,-0.01236936,1.591651,-0.2994126,-0.2379939,1.638727,-0.1061743,0.2055142,1.607839,-0.07324319,0.008212417,1.589003,-0.07326514,-0.230057,1.619707,-0.15851,0.6158166,1.594457
72057594037999830,1,1.304356,95832.11,-0.1609176,0.2028122,1.629537,-0.1420507,0.7875131,1.581988,-0.2678989,0.5757179,1.569229,-0.3264468,0.3888959,1.61239,-0.3292413,0.2182966,1.579487,-0.3179676,0.1908088,1.580175,-0.0362654,0.5788631,1.613494,-0.01805163,0.3916789,1.686467,0.01186995,0.2277616,1.633629,0.002088333,0.2122632,1.611261,-0.210438,0.2057892,1.595811,-0.2484125,-0.01236936,1.591651,-0.2994126,-0.2379939,1.638727,-0.1061743,0.2055142,1.607839,-0.07324319,0.008212417,1.589003,-0.07326514,-0.230057,1.619707,-0.15851,0.6158166,1.594457
72057594037999830,1,1.304356,95832.12,-0.1609176,0.2028122,1.629537,-0.1420507,0.7875131,1.581988,-0.2678989,0.5757179,1.569229,-0.3264468,0.3888959,1.61239,-0.3292413,0.2182966,1.579487,-0.3179676,0.1908088,1.580175,-0.0362654,0.5788631,1.613494,-0.01805163,0.3916789,1.686467,0.01186995,0.2277616,1.633629,0.002088333,0.2122632,1.611261,-0.210438,0.2057892,1.595811,-0.2484125,-0.01236936,1.591651,-0.2994126,-0.2379939,1.638727,-0.1061743,0.2055142,1.607839,-0.07324319,0.008212417,1.589003,-0.07326514,-0.230057,1.619707,-0.15851,0.6158166,1.594457
72057594037999830,1,1.304109,95832.12,-0.1601738,0.2026815,1.629812,-0.1421964,0.7875639,1.582429,-0.2676056,0.5753934,1.569988,-0.3254324,0.3880547,1.613255,-0.3280638,0.2171758,1.58217,-0.3188922,0.1878735,1.58254,-0.03601264,0.5791802,1.613926,-0.01751745,0.3928422,1.687452,0.01409764,0.2295304,1.633423,0.003354052,0.2130331,1.614217,-0.2097909,0.205642,1.596053,-0.2478756,-0.01177204,1.591872,-0.2982326,-0.2323641,1.641367,-0.1053684,0.2054097,1.608121,-0.07233398,0.009226799,1.588824,-0.07314394,-0.2299544,1.619965,-0.158394,0.6157168,1.594792
72057594037999830,1,1.304109,95832.12,-0.1601738,0.2026815,1.629812,-0.1421964,0.7875639,1.582429,-0.2676056,0.5753934,1.569988,-0.3254324,0.3880547,1.613255,-0.3280638,0.2171758,1.58217,-0.3188922,0.1878735,1.58254,-0.03601264,0.5791802,1.613926,-0.01751745,0.3928422,1.687452,0.01409764,0.2295304,1.633423,0.003354052,0.2130331,1.614217,-0.2097909,0.205642,1.596053,-0.2478756,-0.01177204,1.591872,-0.2982326,-0.2323641,1.641367,-0.1053684,0.2054097,1.608121,-0.07233398,0.009226799,1.588824,-0.07314394,-0.2299544,1.619965,-0.158394,0.6157168,1.594792
72057594037999830,1,1.304109,95832.13,-0.1601738,0.2026815,1.629812,-0.1421964,0.7875639,1.582429,-0.2676056,0.5753934,1.569988,-0.3254324,0.3880547,1.613255,-0.3280638,0.2171758,1.58217,-0.3188922,0.1878735,1.58254,-0.03601264,0.5791802,1.613926,-0.01751745,0.3928422,1.687452,0.01409764,0.2295304,1.633423,0.003354052,0.2130331,1.614217,-0.2097909,0.205642,1.596053,-0.2478756,-0.01177204,1.591872,-0.2982326,-0.2323641,1.641367,-0.1053684,0.2054097,1.608121,-0.07233398,0.009226799,1.588824,-0.07314394,-0.2299544,1.619965,-0.158394,0.6157168,1.594792
72057594037999830,1,1.304109,95832.13,-0.1601738,0.2026815,1.629812,-0.1421964,0.7875639,1.582429,-0.2676056,0.5753934,1.569988,-0.3254324,0.3880547,1.613255,-0.3280638,0.2171758,1.58217,-0.3188922,0.1878735,1.58254,-0.03601264,0.5791802,1.613926,-0.01751745,0.3928422,1.687452,0.01409764,0.2295304,1.633423,0.003354052,0.2130331,1.614217,-0.2097909,0.205642,1.596053,-0.2478756,-0.01177204,1.591872,-0.2982326,-0.2323641,1.641367,-0.1053684,0.2054097,1.608121,-0.07233398,0.009226799,1.588824,-0.07314394,-0.2299544,1.619965,-0.158394,0.6157168,1.594792
72057594037999830,1,1.304109,95832.13,-0.1601738,0.2026815,1.629812,-0.1421964,0.7875639,1.582429,-0.2676056,0.5753934,1.569988,-0.3254324,0.3880547,1.613255,-0.3280638,0.2171758,1.58217,-0.3188922,0.1878735,1.58254,-0.03601264,0.5791802,1.613926,-0.01751745,0.3928422,1.687452,0.01409764,0.2295304,1.633423,0.003354052,0.2130331,1.614217,-0.2097909,0.205642,1.596053,-0.2478756,-0.01177204,1.591872,-0.2982326,-0.2323641,1.641367,-0.1053684,0.2054097,1.608121,-0.07233398,0.009226799,1.588824,-0.07314394,-0.2299544,1.619965,-0.158394,0.6157168,1.594792
72057594037999830,1,1.304109,95832.13,-0.1601738,0.2026815,1.629812,-0.1421964,0.7875639,1.582429,-0.2676056,0.5753934,1.569988,-0.3254324,0.3880547,1.613255,-0.3280638,0.2171758,1.58217,-0.3188922,0.1878735,1.58254,-0.03601264,0.5791802,1.613926,-0.01751745,0.3928422,1.687452,0.01409764,0.2295304,1.633423,0.003354052,0.2130331,1.614217,-0.2097909,0.205642,1.596053,-0.2478756,-0.01177204,1.591872,-0.2982326,-0.2323641,1.641367,-0.1053684,0.2054097,1.608121,-0.07233398,0.009226799,1.588824,-0.07314394,-0.2299544,1.619965,-0.158394,0.6157168,1.594792
72057594037999830,1,1.304109,95832.13,-0.1601738,0.2026815,1.629812,-0.1421964,0.7875639,1.582429,-0.2676056,0.5753934,1.569988,-0.3254324,0.3880547,1.613255,-0.3280638,0.2171758,1.58217,-0.3188922,0.1878735,1.58254,-0.03601264,0.5791802,1.613926,-0.01751745,0.3928422,1.687452,0.01409764,0.2295304,1.633423,0.003354052,0.2130331,1.614217,-0.2097909,0.205642,1.596053,-0.2478756,-0.01177204,1.591872,-0.2982326,-0.2323641,1.641367,-0.1053684,0.2054097,1.608121,-0.07233398,0.009226799,1.588824,-0.07314394,-0.2299544,1.619965,-0.158394,0.6157168,1.594792
72057594037999830,1,1.304109,95832.13,-0.1601738,0.2026815,1.629812,-0.1421964,0.7875639,1.582429,-0.2676056,0.5753934,1.569988,-0.3254324,0.3880547,1.613255,-0.3280638,0.2171758,1.58217,-0.3188922,0.1878735,1.58254,-0.03601264,0.5791802,1.613926,-0.01751745,0.3928422,1.687452,0.01409764,0.2295304,1.633423,0.003354052,0.2130331,1.614217,-0.2097909,0.205642,1.596053,-0.2478756,-0.01177204,1.591872,-0.2982326,-0.2323641,1.641367,-0.1053684,0.2054097,1.608121,-0.07233398,0.009226799,1.588824,-0.07314394,-0.2299544,1.619965,-0.158394,0.6157168,1.594792
72057594037999830,1,1.304109,95832.14,-0.1601738,0.2026815,1.629812,-0.1421964,0.7875639,1.582429,-0.2676056,0.5753934,1.569988,-0.3254324,0.3880547,1.613255,-0.3280638,0.2171758,1.58217,-0.3188922,0.1878735,1.58254,-0.03601264,0.5791802,1.613926,-0.01751745,0.3928422,1.687452,0.01409764,0.2295304,1.633423,0.003354052,0.2130331,1.614217,-0.2097909,0.205642,1.596053,-0.2478756,-0.01177204,1.591872,-0.2982326,-0.2323641,1.641367,-0.1053684,0.2054097,1.608121,-0.07233398,0.009226799,1.588824,-0.07314394,-0.2299544,1.619965,-0.158394,0.6157168,1.594792
72057594037999830,1,1.304109,95832.14,-0.1601738,0.2026815,1.629812,-0.1421964,0.7875639,1.582429,-0.2676056,0.5753934,1.569988,-0.3254324,0.3880547,1.613255,-0.3280638,0.2171758,1.58217,-0.3188922,0.1878735,1.58254,-0.03601264,0.5791802,1.613926,-0.01751745,0.3928422,1.687452,0.01409764,0.2295304,1.633423,0.003354052,0.2130331,1.614217,-0.2097909,0.205642,1.596053,-0.2478756,-0.01177204,1.591872,-0.2982326,-0.2323641,1.641367,-0.1053684,0.2054097,1.608121,-0.07233398,0.009226799,1.588824,-0.07314394,-0.2299544,1.619965,-0.158394,0.6157168,1.594792
72057594037999830,1,1.304109,95832.14,-0.1601738,0.2026815,1.629812,-0.1421964,0.7875639,1.582429,-0.2676056,0.5753934,1.569988,-0.3254324,0.3880547,1.613255,-0.3280638,0.2171758,1.58217,-0.3188922,0.1878735,1.58254,-0.03601264,0.5791802,1.613926,-0.01751745,0.3928422,1.687452,0.01409764,0.2295304,1.633423,0.003354052,0.2130331,1.614217,-0.2097909,0.205642,1.596053,-0.2478756,-0.01177204,1.591872,-0.2982326,-0.2323641,1.641367,-0.1053684,0.2054097,1.608121,-0.07233398,0.009226799,1.588824,-0.07314394,-0.2299544,1.619965,-0.158394,0.6157168,1.594792
72057594037999830,1,1.304109,95832.15,-0.1601738,0.2026815,1.629812,-0.1421964,0.7875639,1.582429,-0.2676056,0.5753934,1.569988,-0.3254324,0.3880547,1.613255,-0.3280638,0.2171758,1.58217,-0.3188922,0.1878735,1.58254,-0.03601264,0.5791802,1.613926,-0.01751745,0.3928422,1.687452,0.01409764,0.2295304,1.633423,0.003354052,0.2130331,1.614217,-0.2097909,0.205642,1.596053,-0.2478756,-0.01177204,1.591872,-0.2982326,-0.2323641,1.641367,-0.1053684,0.2054097,1.608121,-0.07233398,0.009226799,1.588824,-0.07314394,-0.2299544,1.619965,-0.158394,0.6157168,1.594792
72057594037999830,1,1.303924,95832.15,-0.1598849,0.2025439,1.630077,-0.142334,0.7876346,1.58273,-0.2675385,0.5749803,1.571024,-0.324367,0.3867279,1.614474,-0.3269545,0.2156497,1.584776,-0.3185863,0.1865761,1.583294,-0.03591328,0.5793435,1.614117,-0.01682824,0.3938677,1.688035,0.01503856,0.2313854,1.631175,0.005663745,0.216754,1.611686,-0.2095858,0.2055062,1.596285,-0.2472734,-0.01196399,1.592161,-0.2982254,-0.2324582,1.64141,-0.1050001,0.2052784,1.608402,-0.07209246,0.008999735,1.588831,-0.07260574,-0.2308449,1.619838,-0.1582951,0.6155608,1.595239
72057594037999830,1,1.303924,95832.15,-0.1598849,0.2025439,1.630077,-0.142334,0.7876346,1.58273,-0.2675385,0.5749803,1.571024,-0.324367,0.3867279,1.614474,-0.3269545,0.2156497,1.584776,-0.3185863,0.1865761,1.583294,-0.03591328,0.5793435,1.614117,-0.01682824,0.3938677,1.688035,0.01503856,0.2313854,1.631175,0.005663745,0.216754,1.611686,-0.2095858,0.2055062,1.596285,-0.2472734,-0.01196399,1.592161,-0.2982254,-0.2324582,1.64141,-0.1050001,0.2052784,1.608402,-0.07209246,0.008999735,1.588831,-0.07260574,-0.2308449,1.619838,-0.1582951,0.6155608,1.595239
72057594037999830,1,1.303924,95832.16,-0.1598849,0.2025439,1.630077,-0.142334,0.7876346,1.58273,-0.2675385,0.5749803,1.571024,-0.324367,0.3867279,1.614474,-0.3269545,0.2156497,1.584776,-0.3185863,0.1865761,1.583294,-0.03591328,0.5793435,1.614117,-0.01682824,0.3938677,1.688035,0.01503856,0.2313854,1.631175,0.005663745,0.216754,1.611686,-0.2095858,0.2055062,1.596285,-0.2472734,-0.01196399,1.592161,-0.2982254,-0.2324582,1.64141,-0.1050001,0.2052784,1.608402,-0.07209246,0.008999735,1.588831,-0.07260574,-0.2308449,1.619838,-0.1582951,0.6155608,1.595239
72057594037999830,1,1.303924,95832.16,-0.1598849,0.2025439,1.630077,-0.142334,0.7876346,1.58273,-0.2675385,0.5749803,1.571024,-0.324367,0.3867279,1.614474,-0.3269545,0.2156497,1.584776,-0.3185863,0.1865761,1.583294,-0.03591328,0.5793435,1.614117,-0.01682824,0.3938677,1.688035,0.01503856,0.2313854,1.631175,0.005663745,0.216754,1.611686,-0.2095858,0.2055062,1.596285,-0.2472734,-0.01196399,1.592161,-0.2982254,-0.2324582,1.64141,-0.1050001,0.2052784,1.608402,-0.07209246,0.008999735,1.588831,-0.07260574,-0.2308449,1.619838,-0.1582951,0.6155608,1.595239
72057594037999830,1,1.303924,95832.16,-0.1598849,0.2025439,1.630077,-0.142334,0.7876346,1.58273,-0.2675385,0.5749803,1.571024,-0.324367,0.3867279,1.614474,-0.3269545,0.2156497,1.584776,-0.3185863,0.1865761,1.583294,-0.03591328,0.5793435,1.614117,-0.01682824,0.3938677,1.688035,0.01503856,0.2313854,1.631175,0.005663745,0.216754,1.611686,-0.2095858,0.2055062,1.596285,-0.2472734,-0.01196399,1.592161,-0.2982254,-0.2324582,1.64141,-0.1050001,0.2052784,1.608402,-0.07209246,0.008999735,1.588831,-0.07260574,-0.2308449,1.619838,-0.1582951,0.6155608,1.595239
72057594037999830,1,1.303924,95832.16,-0.1598849,0.2025439,1.630077,-0.142334,0.7876346,1.58273,-0.2675385,0.5749803,1.571024,-0.324367,0.3867279,1.614474,-0.3269545,0.2156497,1.584776,-0.3185863,0.1865761,1.583294,-0.03591328,0.5793435,1.614117,-0.01682824,0.3938677,1.688035,0.01503856,0.2313854,1.631175,0.005663745,0.216754,1.611686,-0.2095858,0.2055062,1.596285,-0.2472734,-0.01196399,1.592161,-0.2982254,-0.2324582,1.64141,-0.1050001,0.2052784,1.608402,-0.07209246,0.008999735,1.588831,-0.07260574,-0.2308449,1.619838,-0.1582951,0.6155608,1.595239
72057594037999830,1,1.303924,95832.16,-0.1598849,0.2025439,1.630077,-0.142334,0.7876346,1.58273,-0.2675385,0.5749803,1.571024,-0.324367,0.3867279,1.614474,-0.3269545,0.2156497,1.584776,-0.3185863,0.1865761,1.583294,-0.03591328,0.5793435,1.614117,-0.01682824,0.3938677,1.688035,0.01503856,0.2313854,1.631175,0.005663745,0.216754,1.611686,-0.2095858,0.2055062,1.596285,-0.2472734,-0.01196399,1.592161,-0.2982254,-0.2324582,1.64141,-0.1050001,0.2052784,1.608402,-0.07209246,0.008999735,1.588831,-0.07260574,-0.2308449,1.619838,-0.1582951,0.6155608,1.595239
72057594037999830,1,1.303924,95832.17,-0.1598849,0.2025439,1.630077,-0.142334,0.7876346,1.58273,-0.2675385,0.5749803,1.571024,-0.324367,0.3867279,1.614474,-0.3269545,0.2156497,1.584776,-0.3185863,0.1865761,1.583294,-0.03591328,0.5793435,1.614117,-0.01682824,0.3938677,1.688035,0.01503856,0.2313854,1.631175,0.005663745,0.216754,1.611686,-0.2095858,0.2055062,1.596285,-0.2472734,-0.01196399,1.592161,-0.2982254,-0.2324582,1.64141,-0.1050001,0.2052784,1.608402,-0.07209246,0.008999735,1.588831,-0.07260574,-0.2308449,1.619838,-0.1582951,0.6155608,1.595239
72057594037999830,1,1.303924,95832.17,-0.1598849,0.2025439,1.630077,-0.142334,0.7876346,1.58273,-0.2675385,0.5749803,1.571024,-0.324367,0.3867279,1.614474,-0.3269545,0.2156497,1.584776,-0.3185863,0.1865761,1.583294,-0.03591328,0.5793435,1.614117,-0.01682824,0.3938677,1.688035,0.01503856,0.2313854,1.631175,0.005663745,0.216754,1.611686,-0.2095858,0.2055062,1.596285,-0.2472734,-0.01196399,1.592161,-0.2982254,-0.2324582,1.64141,-0.1050001,0.2052784,1.608402,-0.07209246,0.008999735,1.588831,-0.07260574,-0.2308449,1.619838,-0.1582951,0.6155608,1.595239
72057594037999830,1,1.303924,95832.17,-0.1598849,0.2025439,1.630077,-0.142334,0.7876346,1.58273,-0.2675385,0.5749803,1.571024,-0.324367,0.3867279,1.614474,-0.3269545,0.2156497,1.584776,-0.3185863,0.1865761,1.583294,-0.03591328,0.5793435,1.614117,-0.01682824,0.3938677,1.688035,0.01503856,0.2313854,1.631175,0.005663745,0.216754,1.611686,-0.2095858,0.2055062,1.596285,-0.2472734,-0.01196399,1.592161,-0.2982254,-0.2324582,1.64141,-0.1050001,0.2052784,1.608402,-0.07209246,0.008999735,1.588831,-0.07260574,-0.2308449,1.619838,-0.1582951,0.6155608,1.595239
72057594037999830,1,1.303924,95832.18,-0.1598849,0.2025439,1.630077,-0.142334,0.7876346,1.58273,-0.2675385,0.5749803,1.571024,-0.324367,0.3867279,1.614474,-0.3269545,0.2156497,1.584776,-0.3185863,0.1865761,1.583294,-0.03591328,0.5793435,1.614117,-0.01682824,0.3938677,1.688035,0.01503856,0.2313854,1.631175,0.005663745,0.216754,1.611686,-0.2095858,0.2055062,1.596285,-0.2472734,-0.01196399,1.592161,-0.2982254,-0.2324582,1.64141,-0.1050001,0.2052784,1.608402,-0.07209246,0.008999735,1.588831,-0.07260574,-0.2308449,1.619838,-0.1582951,0.6155608,1.595239
72057594037999830,1,1.303802,95832.18,-0.159743,0.202433,1.630271,-0.1424864,0.7876481,1.583057,-0.2675206,0.5745474,1.571818,-0.3239488,0.3859569,1.615017,-0.326735,0.2147521,1.586445,-0.3192023,0.1871122,1.584362,-0.03573954,0.5794209,1.614289,-0.01568392,0.3955976,1.688241,0.01508263,0.2342759,1.626965,0.003716912,0.2170848,1.609321,-0.209455,0.20534,1.596532,-0.2468195,-0.01181513,1.592638,-0.2983996,-0.2326965,1.641775,-0.1048575,0.2052156,1.608539,-0.07171044,0.009618908,1.588469,-0.07246957,-0.2305247,1.620037,-0.158292,0.615342,1.595625
72057594037999830,1,1.303802,95832.19,-0.159743,0.202433,1.630271,-0.1424864,0.7876481,1.583057,-0.2675206,0.5745474,1.571818,-0.3239488,0.3859569,1.615017,-0.326735,0.2147521,1.586445,-0.3192023,0.1871122,1.584362,-0.03573954,0.5794209,1.614289,-0.01568392,0.3955976,1.688241,0.01508263,0.2342759,1.626965,0.003716912,0.2170848,1.609321,-0.209455,0.20534,1.596532,-0.2468195,-0.01181513,1.592638,-0.2983996,-0.2326965,1.641775,-0.1048575,0.2052156,1.608539,-0.07171044,0.009618908,1.588469,-0.07246957,-0.2305247,1.620037,-0.158292,0.615342,1.595625
72057594037999830,1,1.303802,95832.19,-0.159743,0.202433,1.630271,-0.1424864,0.7876481,1.583057,-0.2675206,0.5745474,1.571818,-0.3239488,0.3859569,1.615017,-0.326735,0.2147521,1.586445,-0.3192023,0.1871122,1.584362,-0.03573954,0.5794209,1.614289,-0.01568392,0.3955976,1.688241,0.01508263,0.2342759,1.626965,0.003716912,0.2170848,1.609321,-0.209455,0.20534,1.596532,-0.2468195,-0.01181513,1.592638,-0.2983996,-0.2326965,1.641775,-0.1048575,0.2052156,1.608539,-0.07171044,0.009618908,1.588469,-0.07246957,-0.2305247,1.620037,-0.158292,0.615342,1.595625
72057594037999830,1,1.303802,95832.19,-0.159743,0.202433,1.630271,-0.1424864,0.7876481,1.583057,-0.2675206,0.5745474,1.571818,-0.3239488,0.3859569,1.615017,-0.326735,0.2147521,1.586445,-0.3192023,0.1871122,1.584362,-0.03573954,0.5794209,1.614289,-0.01568392,0.3955976,1.688241,0.01508263,0.2342759,1.626965,0.003716912,0.2170848,1.609321,-0.209455,0.20534,1.596532,-0.2468195,-0.01181513,1.592638,-0.2983996,-0.2326965,1.641775,-0.1048575,0.2052156,1.608539,-0.07171044,0.009618908,1.588469,-0.07246957,-0.2305247,1.620037,-0.158292,0.615342,1.595625
72057594037999830,1,1.303802,95832.2,-0.159743,0.202433,1.630271,-0.1424864,0.7876481,1.583057,-0.2675206,0.5745474,1.571818,-0.3239488,0.3859569,1.615017,-0.326735,0.2147521,1.586445,-0.3192023,0.1871122,1.584362,-0.03573954,0.5794209,1.614289,-0.01568392,0.3955976,1.688241,0.01508263,0.2342759,1.626965,0.003716912,0.2170848,1.609321,-0.209455,0.20534,1.596532,-0.2468195,-0.01181513,1.592638,-0.2983996,-0.2326965,1.641775,-0.1048575,0.2052156,1.608539,-0.07171044,0.009618908,1.588469,-0.07246957,-0.2305247,1.620037,-0.158292,0.615342,1.595625
72057594037999830,1,1.303802,95832.2,-0.159743,0.202433,1.630271,-0.1424864,0.7876481,1.583057,-0.2675206,0.5745474,1.571818,-0.3239488,0.3859569,1.615017,-0.326735,0.2147521,1.586445,-0.3192023,0.1871122,1.584362,-0.03573954,0.5794209,1.614289,-0.01568392,0.3955976,1.688241,0.01508263,0.2342759,1.626965,0.003716912,0.2170848,1.609321,-0.209455,0.20534,1.596532,-0.2468195,-0.01181513,1.592638,-0.2983996,-0.2326965,1.641775,-0.1048575,0.2052156,1.608539,-0.07171044,0.009618908,1.588469,-0.07246957,-0.2305247,1.620037,-0.158292,0.615342,1.595625
72057594037999830,1,1.303802,95832.2,-0.159743,0.202433,1.630271,-0.1424864,0.7876481,1.583057,-0.2675206,0.5745474,1.571818,-0.3239488,0.3859569,1.615017,-0.326735,0.2147521,1.586445,-0.3192023,0.1871122,1.584362,-0.03573954,0.5794209,1.614289,-0.01568392,0.3955976,1.688241,0.01508263,0.2342759,1.626965,0.003716912,0.2170848,1.609321,-0.209455,0.20534,1.596532,-0.2468195,-0.01181513,1.592638,-0.2983996,-0.2326965,1.641775,-0.1048575,0.2052156,1.608539,-0.07171044,0.009618908,1.588469,-0.07246957,-0.2305247,1.620037,-0.158292,0.615342,1.595625
72057594037999830,1,1.303802,95832.2,-0.159743,0.202433,1.630271,-0.1424864,0.7876481,1.583057,-0.2675206,0.5745474,1.571818,-0.3239488,0.3859569,1.615017,-0.326735,0.2147521,1.586445,-0.3192023,0.1871122,1.584362,-0.03573954,0.5794209,1.614289,-0.01568392,0.3955976,1.688241,0.01508263,0.2342759,1.626965,0.003716912,0.2170848,1.609321,-0.209455,0.20534,1.596532,-0.2468195,-0.01181513,1.592638,-0.2983996,-0.2326965,1.641775,-0.1048575,0.2052156,1.608539,-0.07171044,0.009618908,1.588469,-0.07246957,-0.2305247,1.620037,-0.158292,0.615342,1.595625
72057594037999830,1,1.303802,95832.2,-0.159743,0.202433,1.630271,-0.1424864,0.7876481,1.583057,-0.2675206,0.5745474,1.571818,-0.3239488,0.3859569,1.615017,-0.326735,0.2147521,1.586445,-0.3192023,0.1871122,1.584362,-0.03573954,0.5794209,1.614289,-0.01568392,0.3955976,1.688241,0.01508263,0.2342759,1.626965,0.003716912,0.2170848,1.609321,-0.209455,0.20534,1.596532,-0.2468195,-0.01181513,1.592638,-0.2983996,-0.2326965,1.641775,-0.1048575,0.2052156,1.608539,-0.07171044,0.009618908,1.588469,-0.07246957,-0.2305247,1.620037,-0.158292,0.615342,1.595625
72057594037999830,1,1.303802,95832.21,-0.159743,0.202433,1.630271,-0.1424864,0.7876481,1.583057,-0.2675206,0.5745474,1.571818,-0.3239488,0.3859569,1.615017,-0.326735,0.2147521,1.586445,-0.3192023,0.1871122,1.584362,-0.03573954,0.5794209,1.614289,-0.01568392,0.3955976,1.688241,0.01508263,0.2342759,1.626965,0.003716912,0.2170848,1.609321,-0.209455,0.20534,1.596532,-0.2468195,-0.01181513,1.592638,-0.2983996,-0.2326965,1.641775,-0.1048575,0.2052156,1.608539,-0.07171044,0.009618908,1.588469,-0.07246957,-0.2305247,1.620037,-0.158292,0.615342,1.595625
72057594037999830,1,1.303802,95832.21,-0.159743,0.202433,1.630271,-0.1424864,0.7876481,1.583057,-0.2675206,0.5745474,1.571818,-0.3239488,0.3859569,1.615017,-0.326735,0.2147521,1.586445,-0.3192023,0.1871122,1.584362,-0.03573954,0.5794209,1.614289,-0.01568392,0.3955976,1.688241,0.01508263,0.2342759,1.626965,0.003716912,0.2170848,1.609321,-0.209455,0.20534,1.596532,-0.2468195,-0.01181513,1.592638,-0.2983996,-0.2326965,1.641775,-0.1048575,0.2052156,1.608539,-0.07171044,0.009618908,1.588469,-0.07246957,-0.2305247,1.620037,-0.158292,0.615342,1.595625
72057594037999830,1,1.303695,95832.22,-0.1596685,0.2023737,1.630424,-0.1428061,0.7876205,1.583537,-0.2675338,0.5743309,1.572211,-0.3237682,0.3857186,1.615451,-0.3268497,0.2144283,1.588144,-0.3206755,0.1877794,1.585988,-0.03554405,0.5798109,1.614622,-0.0142583,0.3983179,1.687466,0.01428199,0.2374956,1.623602,0.005235995,0.2176382,1.608517,-0.2094073,0.2052468,1.596724,-0.2465262,-0.01171583,1.592873,-0.2982415,-0.2326475,1.641944,-0.1047643,0.2051857,1.608651,-0.07077982,0.01114789,1.587359,-0.07241724,-0.2297832,1.620424,-0.1582663,0.6151186,1.59596
72057594037999830,1,1.303695,95832.22,-0.1596685,0.2023737,1.630424,-0.1428061,0.7876205,1.583537,-0.2675338,0.5743309,1.572211,-0.3237682,0.3857186,1.615451,-0.3268497,0.2144283,1.588144,-0.3206755,0.1877794,1.585988,-0.03554405,0.5798109,1.614622,-0.0142583,0.3983179,1.687466,0.01428199,0.2374956,1.623602,0.005235995,0.2176382,1.608517,-0.2094073,0.2052468,1.596724,-0.2465262,-0.01171583,1.592873,-0.2982415,-0.2326475,1.641944,-0.1047643,0.2051857,1.608651,-0.07077982,0.01114789,1.587359,-0.07241724,-0.2297832,1.620424,-0.1582663,0.6151186,1.59596
72057594037999830,1,1.303695,95832.22,-0.1596685,0.2023737,1.630424,-0.1428061,0.7876205,1.583537,-0.2675338,0.5743309,1.572211,-0.3237682,0.3857186,1.615451,-0.3268497,0.2144283,1.588144,-0.3206755,0.1877794,1.585988,-0.03554405,0.5798109,1.614622,-0.0142583,0.3983179,1.687466,0.01428199,0.2374956,1.623602,0.005235995,0.2176382,1.608517,-0.2094073,0.2052468,1.596724,-0.2465262,-0.01171583,1.592873,-0.2982415,-0.2326475,1.641944,-0.1047643,0.2051857,1.608651,-0.07077982,0.01114789,1.587359,-0.07241724,-0.2297832,1.620424,-0.1582663,0.6151186,1.59596
72057594037999830,1,1.303695,95832.23,-0.1596685,0.2023737,1.630424,-0.1428061,0.7876205,1.583537,-0.2675338,0.5743309,1.572211,-0.3237682,0.3857186,1.615451,-0.3268497,0.2144283,1.588144,-0.3206755,0.1877794,1.585988,-0.03554405,0.5798109,1.614622,-0.0142583,0.3983179,1.687466,0.01428199,0.2374956,1.623602,0.005235995,0.2176382,1.608517,-0.2094073,0.2052468,1.596724,-0.2465262,-0.01171583,1.592873,-0.2982415,-0.2326475,1.641944,-0.1047643,0.2051857,1.608651,-0.07077982,0.01114789,1.587359,-0.07241724,-0.2297832,1.620424,-0.1582663,0.6151186,1.59596
72057594037999830,1,1.303695,95832.23,-0.1596685,0.2023737,1.630424,-0.1428061,0.7876205,1.583537,-0.2675338,0.5743309,1.572211,-0.3237682,0.3857186,1.615451,-0.3268497,0.2144283,1.588144,-0.3206755,0.1877794,1.585988,-0.03554405,0.5798109,1.614622,-0.0142583,0.3983179,1.687466,0.01428199,0.2374956,1.623602,0.005235995,0.2176382,1.608517,-0.2094073,0.2052468,1.596724,-0.2465262,-0.01171583,1.592873,-0.2982415,-0.2326475,1.641944,-0.1047643,0.2051857,1.608651,-0.07077982,0.01114789,1.587359,-0.07241724,-0.2297832,1.620424,-0.1582663,0.6151186,1.59596
72057594037999830,1,1.303695,95832.23,-0.1596685,0.2023737,1.630424,-0.1428061,0.7876205,1.583537,-0.2675338,0.5743309,1.572211,-0.3237682,0.3857186,1.615451,-0.3268497,0.2144283,1.588144,-0.3206755,0.1877794,1.585988,-0.03554405,0.5798109,1.614622,-0.0142583,0.3983179,1.687466,0.01428199,0.2374956,1.623602,0.005235995,0.2176382,1.608517,-0.2094073,0.2052468,1.596724,-0.2465262,-0.01171583,1.592873,-0.2982415,-0.2326475,1.641944,-0.1047643,0.2051857,1.608651,-0.07077982,0.01114789,1.587359,-0.07241724,-0.2297832,1.620424,-0.1582663,0.6151186,1.59596
72057594037999830,1,1.303695,95832.23,-0.1596685,0.2023737,1.630424,-0.1428061,0.7876205,1.583537,-0.2675338,0.5743309,1.572211,-0.3237682,0.3857186,1.615451,-0.3268497,0.2144283,1.588144,-0.3206755,0.1877794,1.585988,-0.03554405,0.5798109,1.614622,-0.0142583,0.3983179,1.687466,0.01428199,0.2374956,1.623602,0.005235995,0.2176382,1.608517,-0.2094073,0.2052468,1.596724,-0.2465262,-0.01171583,1.592873,-0.2982415,-0.2326475,1.641944,-0.1047643,0.2051857,1.608651,-0.07077982,0.01114789,1.587359,-0.07241724,-0.2297832,1.620424,-0.1582663,0.6151186,1.59596
72057594037999830,1,1.303695,95832.23,-0.1596685,0.2023737,1.630424,-0.1428061,0.7876205,1.583537,-0.2675338,0.5743309,1.572211,-0.3237682,0.3857186,1.615451,-0.3268497,0.2144283,1.588144,-0.3206755,0.1877794,1.585988,-0.03554405,0.5798109,1.614622,-0.0142583,0.3983179,1.687466,0.01428199,0.2374956,1.623602,0.005235995,0.2176382,1.608517,-0.2094073,0.2052468,1.596724,-0.2465262,-0.01171583,1.592873,-0.2982415,-0.2326475,1.641944,-0.1047643,0.2051857,1.608651,-0.07077982,0.01114789,1.587359,-0.07241724,-0.2297832,1.620424,-0.1582663,0.6151186,1.59596
72057594037999830,1,1.303695,95832.24,-0.1596685,0.2023737,1.630424,-0.1428061,0.7876205,1.583537,-0.2675338,0.5743309,1.572211,-0.3237682,0.3857186,1.615451,-0.3268497,0.2144283,1.588144,-0.3206755,0.1877794,1.585988,-0.03554405,0.5798109,1.614622,-0.0142583,0.3983179,1.687466,0.01428199,0.2374956,1.623602,0.005235995,0.2176382,1.608517,-0.2094073,0.2052468,1.596724,-0.2465262,-0.01171583,1.592873,-0.2982415,-0.2326475,1.641944,-0.1047643,0.2051857,1.608651,-0.07077982,0.01114789,1.587359,-0.07241724,-0.2297832,1.620424,-0.1582663,0.6151186,1.59596
72057594037999830,1,1.303695,95832.24,-0.1596685,0.2023737,1.630424,-0.1428061,0.7876205,1.583537,-0.2675338,0.5743309,1.572211,-0.3237682,0.3857186,1.615451,-0.3268497,0.2144283,1.588144,-0.3206755,0.1877794,1.585988,-0.03554405,0.5798109,1.614622,-0.0142583,0.3983179,1.687466,0.01428199,0.2374956,1.623602,0.005235995,0.2176382,1.608517,-0.2094073,0.2052468,1.596724,-0.2465262,-0.01171583,1.592873,-0.2982415,-0.2326475,1.641944,-0.1047643,0.2051857,1.608651,-0.07077982,0.01114789,1.587359,-0.07241724,-0.2297832,1.620424,-0.1582663,0.6151186,1.59596
72057594037999830,1,1.303695,95832.24,-0.1596685,0.2023737,1.630424,-0.1428061,0.7876205,1.583537,-0.2675338,0.5743309,1.572211,-0.3237682,0.3857186,1.615451,-0.3268497,0.2144283,1.588144,-0.3206755,0.1877794,1.585988,-0.03554405,0.5798109,1.614622,-0.0142583,0.3983179,1.687466,0.01428199,0.2374956,1.623602,0.005235995,0.2176382,1.608517,-0.2094073,0.2052468,1.596724,-0.2465262,-0.01171583,1.592873,-0.2982415,-0.2326475,1.641944,-0.1047643,0.2051857,1.608651,-0.07077982,0.01114789,1.587359,-0.07241724,-0.2297832,1.620424,-0.1582663,0.6151186,1.59596
72057594037999830,1,1.303598,95832.25,-0.1597044,0.2022759,1.630602,-0.1429873,0.7875696,1.583724,-0.2676839,0.5739117,1.572624,-0.3238031,0.3855076,1.61579,-0.3268552,0.2142172,1.588929,-0.3208834,0.188928,1.585941,-0.03547918,0.5798581,1.614663,-0.01405944,0.3982667,1.687196,0.014841,0.2378266,1.622562,0.003965938,0.2155348,1.60684,-0.2094594,0.2051532,1.596933,-0.2465668,-0.01173928,1.593,-0.2978976,-0.23325,1.64268,-0.1047869,0.2050901,1.608791,-0.07065717,0.01130545,1.586541,-0.07237851,-0.2296903,1.620456,-0.1582532,0.6148987,1.596256
72057594037999830,1,1.303598,95832.25,-0.1597044,0.2022759,1.630602,-0.1429873,0.7875696,1.583724,-0.2676839,0.5739117,1.572624,-0.3238031,0.3855076,1.61579,-0.3268552,0.2142172,1.588929,-0.3208834,0.188928,1.585941,-0.03547918,0.5798581,1.614663,-0.01405944,0.3982667,1.687196,0.014841,0.2378266,1.622562,0.003965938,0.2155348,1.60684,-0.2094594,0.2051532,1.596933,-0.2465668,-0.01173928,1.593,-0.2978976,-0.23325,1.64268,-0.1047869,0.2050901,1.608791,-0.07065717,0.01130545,1.586541,-0.07237851,-0.2296903,1.620456,-0.1582532,0.6148987,1.596256
72057594037999830,1,1.303598,95832.25,-0.1597044,0.2022759,1.630602,-0.1429873,0.7875696,1.583724,-0.2676839,0.5739117,1.572624,-0.3238031,0.3855076,1.61579,-0.3268552,0.2142172,1.588929,-0.3208834,0.188928,1.585941,-0.03547918,0.5798581,1.614663,-0.01405944,0.3982667,1.687196,0.014841,0.2378266,1.622562,0.003965938,0.2155348,1.60684,-0.2094594,0.2051532,1.596933,-0.2465668,-0.01173928,1.593,-0.2978976,-0.23325,1.64268,-0.1047869,0.2050901,1.608791,-0.07065717,0.01130545,1.586541,-0.07237851,-0.2296903,1.620456,-0.1582532,0.6148987,1.596256
72057594037999830,1,1.303598,95832.26,-0.1597044,0.2022759,1.630602,-0.1429873,0.7875696,1.583724,-0.2676839,0.5739117,1.572624,-0.3238031,0.3855076,1.61579,-0.3268552,0.2142172,1.588929,-0.3208834,0.188928,1.585941,-0.03547918,0.5798581,1.614663,-0.01405944,0.3982667,1.687196,0.014841,0.2378266,1.622562,0.003965938,0.2155348,1.60684,-0.2094594,0.2051532,1.596933,-0.2465668,-0.01173928,1.593,-0.2978976,-0.23325,1.64268,-0.1047869,0.2050901,1.608791,-0.07065717,0.01130545,1.586541,-0.07237851,-0.2296903,1.620456,-0.1582532,0.6148987,1.596256
72057594037999830,1,1.303598,95832.26,-0.1597044,0.2022759,1.630602,-0.1429873,0.7875696,1.583724,-0.2676839,0.5739117,1.572624,-0.3238031,0.3855076,1.61579,-0.3268552,0.2142172,1.588929,-0.3208834,0.188928,1.585941,-0.03547918,0.5798581,1.614663,-0.01405944,0.3982667,1.687196,0.014841,0.2378266,1.622562,0.003965938,0.2155348,1.60684,-0.2094594,0.2051532,1.596933,-0.2465668,-0.01173928,1.593,-0.2978976,-0.23325,1.64268,-0.1047869,0.2050901,1.608791,-0.07065717,0.01130545,1.586541,-0.07237851,-0.2296903,1.620456,-0.1582532,0.6148987,1.596256
72057594037999830,1,1.303598,95832.27,-0.1597044,0.2022759,1.630602,-0.1429873,0.7875696,1.583724,-0.2676839,0.5739117,1.572624,-0.3238031,0.3855076,1.61579,-0.3268552,0.2142172,1.588929,-0.3208834,0.188928,1.585941,-0.03547918,0.5798581,1.614663,-0.01405944,0.3982667,1.687196,0.014841,0.2378266,1.622562,0.003965938,0.2155348,1.60684,-0.2094594,0.2051532,1.596933,-0.2465668,-0.01173928,1.593,-0.2978976,-0.23325,1.64268,-0.1047869,0.2050901,1.608791,-0.07065717,0.01130545,1.586541,-0.07237851,-0.2296903,1.620456,-0.1582532,0.6148987,1.596256
72057594037999830,1,1.303598,95832.27,-0.1597044,0.2022759,1.630602,-0.1429873,0.7875696,1.583724,-0.2676839,0.5739117,1.572624,-0.3238031,0.3855076,1.61579,-0.3268552,0.2142172,1.588929,-0.3208834,0.188928,1.585941,-0.03547918,0.5798581,1.614663,-0.01405944,0.3982667,1.687196,0.014841,0.2378266,1.622562,0.003965938,0.2155348,1.60684,-0.2094594,0.2051532,1.596933,-0.2465668,-0.01173928,1.593,-0.2978976,-0.23325,1.64268,-0.1047869,0.2050901,1.608791,-0.07065717,0.01130545,1.586541,-0.07237851,-0.2296903,1.620456,-0.1582532,0.6148987,1.596256
72057594037999830,1,1.303598,95832.27,-0.1597044,0.2022759,1.630602,-0.1429873,0.7875696,1.583724,-0.2676839,0.5739117,1.572624,-0.3238031,0.3855076,1.61579,-0.3268552,0.2142172,1.588929,-0.3208834,0.188928,1.585941,-0.03547918,0.5798581,1.614663,-0.01405944,0.3982667,1.687196,0.014841,0.2378266,1.622562,0.003965938,0.2155348,1.60684,-0.2094594,0.2051532,1.596933,-0.2465668,-0.01173928,1.593,-0.2978976,-0.23325,1.64268,-0.1047869,0.2050901,1.608791,-0.07065717,0.01130545,1.586541,-0.07237851,-0.2296903,1.620456,-0.1582532,0.6148987,1.596256
72057594037999830,1,1.303598,95832.27,-0.1597044,0.2022759,1.630602,-0.1429873,0.7875696,1.583724,-0.2676839,0.5739117,1.572624,-0.3238031,0.3855076,1.61579,-0.3268552,0.2142172,1.588929,-0.3208834,0.188928,1.585941,-0.03547918,0.5798581,1.614663,-0.01405944,0.3982667,1.687196,0.014841,0.2378266,1.622562,0.003965938,0.2155348,1.60684,-0.2094594,0.2051532,1.596933,-0.2465668,-0.01173928,1.593,-0.2978976,-0.23325,1.64268,-0.1047869,0.2050901,1.608791,-0.07065717,0.01130545,1.586541,-0.07237851,-0.2296903,1.620456,-0.1582532,0.6148987,1.596256
72057594037999830,1,1.303598,95832.27,-0.1597044,0.2022759,1.630602,-0.1429873,0.7875696,1.583724,-0.2676839,0.5739117,1.572624,-0.3238031,0.3855076,1.61579,-0.3268552,0.2142172,1.588929,-0.3208834,0.188928,1.585941,-0.03547918,0.5798581,1.614663,-0.01405944,0.3982667,1.687196,0.014841,0.2378266,1.622562,0.003965938,0.2155348,1.60684,-0.2094594,0.2051532,1.596933,-0.2465668,-0.01173928,1.593,-0.2978976,-0.23325,1.64268,-0.1047869,0.2050901,1.608791,-0.07065717,0.01130545,1.586541,-0.07237851,-0.2296903,1.620456,-0.1582532,0.6148987,1.596256
72057594037999830,1,1.303598,95832.27,-0.1597044,0.2022759,1.630602,-0.1429873,0.7875696,1.583724,-0.2676839,0.5739117,1.572624,-0.3238031,0.3855076,1.61579,-0.3268552,0.2142172,1.588929,-0.3208834,0.188928,1.585941,-0.03547918,0.5798581,1.614663,-0.01405944,0.3982667,1.687196,0.014841,0.2378266,1.622562,0.003965938,0.2155348,1.60684,-0.2094594,0.2051532,1.596933,-0.2465668,-0.01173928,1.593,-0.2978976,-0.23325,1.64268,-0.1047869,0.2050901,1.608791,-0.07065717,0.01130545,1.586541,-0.07237851,-0.2296903,1.620456,-0.1582532,0.6148987,1.596256
72057594037999830,1,1.30343,95832.28,-0.1597664,0.2021644,1.630878,-0.1430401,0.7875133,1.583904,-0.2677231,0.5737129,1.572901,-0.3238799,0.3853008,1.615896,-0.3269192,0.2140404,1.589375,-0.3208495,0.18837,1.585849,-0.03525678,0.5797842,1.614891,-0.01267004,0.3987426,1.685535,0.01331434,0.238088,1.620285,0.0007022218,0.2148203,1.603517,-0.2095202,0.2050539,1.59718,-0.2466198,-0.01159596,1.593565,-0.2982817,-0.2335646,1.642734,-0.1048505,0.2049717,1.609082,-0.07043698,0.01144716,1.585671,-0.07232591,-0.2295426,1.620554,-0.1581946,0.614751,1.596509
72057594037999830,1,1.30343,95832.28,-0.1597664,0.2021644,1.630878,-0.1430401,0.7875133,1.583904,-0.2677231,0.5737129,1.572901,-0.3238799,0.3853008,1.615896,-0.3269192,0.2140404,1.589375,-0.3208495,0.18837,1.585849,-0.03525678,0.5797842,1.614891,-0.01267004,0.3987426,1.685535,0.01331434,0.238088,1.620285,0.0007022218,0.2148203,1.603517,-0.2095202,0.2050539,1.59718,-0.2466198,-0.01159596,1.593565,-0.2982817,-0.2335646,1.642734,-0.1048505,0.2049717,1.609082,-0.07043698,0.01144716,1.585671,-0.07232591,-0.2295426,1.620554,-0.1581946,0.614751,1.596509
72057594037999830,1,1.30343,95832.29,-0.1597664,0.2021644,1.630878,-0.1430401,0.7875133,1.583904,-0.2677231,0.5737129,1.572901,-0.3238799,0.3853008,1.615896,-0.3269192,0.2140404,1.589375,-0.3208495,0.18837,1.585849,-0.03525678,0.5797842,1.614891,-0.01267004,0.3987426,1.685535,0.01331434,0.238088,1.620285,0.0007022218,0.2148203,1.603517,-0.2095202,0.2050539,1.59718,-0.2466198,-0.01159596,1.593565,-0.2982817,-0.2335646,1.642734,-0.1048505,0.2049717,1.609082,-0.07043698,0.01144716,1.585671,-0.07232591,-0.2295426,1.620554,-0.1581946,0.614751,1.596509
72057594037999830,1,1.30343,95832.29,-0.1597664,0.2021644,1.630878,-0.1430401,0.7875133,1.583904,-0.2677231,0.5737129,1.572901,-0.3238799,0.3853008,1.615896,-0.3269192,0.2140404,1.589375,-0.3208495,0.18837,1.585849,-0.03525678,0.5797842,1.614891,-0.01267004,0.3987426,1.685535,0.01331434,0.238088,1.620285,0.0007022218,0.2148203,1.603517,-0.2095202,0.2050539,1.59718,-0.2466198,-0.01159596,1.593565,-0.2982817,-0.2335646,1.642734,-0.1048505,0.2049717,1.609082,-0.07043698,0.01144716,1.585671,-0.07232591,-0.2295426,1.620554,-0.1581946,0.614751,1.596509
72057594037999830,1,1.30343,95832.3,-0.1597664,0.2021644,1.630878,-0.1430401,0.7875133,1.583904,-0.2677231,0.5737129,1.572901,-0.3238799,0.3853008,1.615896,-0.3269192,0.2140404,1.589375,-0.3208495,0.18837,1.585849,-0.03525678,0.5797842,1.614891,-0.01267004,0.3987426,1.685535,0.01331434,0.238088,1.620285,0.0007022218,0.2148203,1.603517,-0.2095202,0.2050539,1.59718,-0.2466198,-0.01159596,1.593565,-0.2982817,-0.2335646,1.642734,-0.1048505,0.2049717,1.609082,-0.07043698,0.01144716,1.585671,-0.07232591,-0.2295426,1.620554,-0.1581946,0.614751,1.596509
72057594037999830,1,1.30343,95832.3,-0.1597664,0.2021644,1.630878,-0.1430401,0.7875133,1.583904,-0.2677231,0.5737129,1.572901,-0.3238799,0.3853008,1.615896,-0.3269192,0.2140404,1.589375,-0.3208495,0.18837,1.585849,-0.03525678,0.5797842,1.614891,-0.01267004,0.3987426,1.685535,0.01331434,0.238088,1.620285,0.0007022218,0.2148203,1.603517,-0.2095202,0.2050539,1.59718,-0.2466198,-0.01159596,1.593565,-0.2982817,-0.2335646,1.642734,-0.1048505,0.2049717,1.609082,-0.07043698,0.01144716,1.585671,-0.07232591,-0.2295426,1.620554,-0.1581946,0.614751,1.596509
72057594037999830,1,1.30343,95832.3,-0.1597664,0.2021644,1.630878,-0.1430401,0.7875133,1.583904,-0.2677231,0.5737129,1.572901,-0.3238799,0.3853008,1.615896,-0.3269192,0.2140404,1.589375,-0.3208495,0.18837,1.585849,-0.03525678,0.5797842,1.614891,-0.01267004,0.3987426,1.685535,0.01331434,0.238088,1.620285,0.0007022218,0.2148203,1.603517,-0.2095202,0.2050539,1.59718,-0.2466198,-0.01159596,1.593565,-0.2982817,-0.2335646,1.642734,-0.1048505,0.2049717,1.609082,-0.07043698,0.01144716,1.585671,-0.07232591,-0.2295426,1.620554,-0.1581946,0.614751,1.596509
72057594037999830,1,1.30343,95832.3,-0.1597664,0.2021644,1.630878,-0.1430401,0.7875133,1.583904,-0.2677231,0.5737129,1.572901,-0.3238799,0.3853008,1.615896,-0.3269192,0.2140404,1.589375,-0.3208495,0.18837,1.585849,-0.03525678,0.5797842,1.614891,-0.01267004,0.3987426,1.685535,0.01331434,0.238088,1.620285,0.0007022218,0.2148203,1.603517,-0.2095202,0.2050539,1.59718,-0.2466198,-0.01159596,1.593565,-0.2982817,-0.2335646,1.642734,-0.1048505,0.2049717,1.609082,-0.07043698,0.01144716,1.585671,-0.07232591,-0.2295426,1.620554,-0.1581946,0.614751,1.596509
72057594037999830,1,1.30343,95832.3,-0.1597664,0.2021644,1.630878,-0.1430401,0.7875133,1.583904,-0.2677231,0.5737129,1.572901,-0.3238799,0.3853008,1.615896,-0.3269192,0.2140404,1.589375,-0.3208495,0.18837,1.585849,-0.03525678,0.5797842,1.614891,-0.01267004,0.3987426,1.685535,0.01331434,0.238088,1.620285,0.0007022218,0.2148203,1.603517,-0.2095202,0.2050539,1.59718,-0.2466198,-0.01159596,1.593565,-0.2982817,-0.2335646,1.642734,-0.1048505,0.2049717,1.609082,-0.07043698,0.01144716,1.585671,-0.07232591,-0.2295426,1.620554,-0.1581946,0.614751,1.596509
72057594037999830,1,1.30343,95832.3,-0.1597664,0.2021644,1.630878,-0.1430401,0.7875133,1.583904,-0.2677231,0.5737129,1.572901,-0.3238799,0.3853008,1.615896,-0.3269192,0.2140404,1.589375,-0.3208495,0.18837,1.585849,-0.03525678,0.5797842,1.614891,-0.01267004,0.3987426,1.685535,0.01331434,0.238088,1.620285,0.0007022218,0.2148203,1.603517,-0.2095202,0.2050539,1.59718,-0.2466198,-0.01159596,1.593565,-0.2982817,-0.2335646,1.642734,-0.1048505,0.2049717,1.609082,-0.07043698,0.01144716,1.585671,-0.07232591,-0.2295426,1.620554,-0.1581946,0.614751,1.596509
72057594037999830,1,1.30343,95832.31,-0.1597664,0.2021644,1.630878,-0.1430401,0.7875133,1.583904,-0.2677231,0.5737129,1.572901,-0.3238799,0.3853008,1.615896,-0.3269192,0.2140404,1.589375,-0.3208495,0.18837,1.585849,-0.03525678,0.5797842,1.614891,-0.01267004,0.3987426,1.685535,0.01331434,0.238088,1.620285,0.0007022218,0.2148203,1.603517,-0.2095202,0.2050539,1.59718,-0.2466198,-0.01159596,1.593565,-0.2982817,-0.2335646,1.642734,-0.1048505,0.2049717,1.609082,-0.07043698,0.01144716,1.585671,-0.07232591,-0.2295426,1.620554,-0.1581946,0.614751,1.596509
72057594037999830,1,1.30343,95832.31,-0.1597664,0.2021644,1.630878,-0.1430401,0.7875133,1.583904,-0.2677231,0.5737129,1.572901,-0.3238799,0.3853008,1.615896,-0.3269192,0.2140404,1.589375,-0.3208495,0.18837,1.585849,-0.03525678,0.5797842,1.614891,-0.01267004,0.3987426,1.685535,0.01331434,0.238088,1.620285,0.0007022218,0.2148203,1.603517,-0.2095202,0.2050539,1.59718,-0.2466198,-0.01159596,1.593565,-0.2982817,-0.2335646,1.642734,-0.1048505,0.2049717,1.609082,-0.07043698,0.01144716,1.585671,-0.07232591,-0.2295426,1.620554,-0.1581946,0.614751,1.596509
72057594037999830,1,1.30343,95832.31,-0.1598232,0.2019752,1.631002,-0.1429155,0.787202,1.584011,-0.2677193,0.5734245,1.572915,-0.3238483,0.3852044,1.615873,-0.3270769,0.2139995,1.58953,-0.3210355,0.1914228,1.584316,-0.03479177,0.5795177,1.614959,-0.01154808,0.3977504,1.683117,0.01201851,0.2364626,1.618825,-0.002752797,0.2104243,1.603496,-0.2095686,0.2049266,1.597243,-0.2466259,-0.01169631,1.59401,-0.2983022,-0.2336386,1.642755,-0.1049157,0.2047155,1.609274,-0.06913743,0.009786963,1.582919,-0.07204238,-0.2299478,1.620175,-0.1581501,0.6144661,1.596599
72057594037999830,1,1.30343,95832.32,-0.1598232,0.2019752,1.631002,-0.1429155,0.787202,1.584011,-0.2677193,0.5734245,1.572915,-0.3238483,0.3852044,1.615873,-0.3270769,0.2139995,1.58953,-0.3210355,0.1914228,1.584316,-0.03479177,0.5795177,1.614959,-0.01154808,0.3977504,1.683117,0.01201851,0.2364626,1.618825,-0.002752797,0.2104243,1.603496,-0.2095686,0.2049266,1.597243,-0.2466259,-0.01169631,1.59401,-0.2983022,-0.2336386,1.642755,-0.1049157,0.2047155,1.609274,-0.06913743,0.009786963,1.582919,-0.07204238,-0.2299478,1.620175,-0.1581501,0.6144661,1.596599
72057594037999830,1,1.30343,95832.32,-0.1598232,0.2019752,1.631002,-0.1429155,0.787202,1.584011,-0.2677193,0.5734245,1.572915,-0.3238483,0.3852044,1.615873,-0.3270769,0.2139995,1.58953,-0.3210355,0.1914228,1.584316,-0.03479177,0.5795177,1.614959,-0.01154808,0.3977504,1.683117,0.01201851,0.2364626,1.618825,-0.002752797,0.2104243,1.603496,-0.2095686,0.2049266,1.597243,-0.2466259,-0.01169631,1.59401,-0.2983022,-0.2336386,1.642755,-0.1049157,0.2047155,1.609274,-0.06913743,0.009786963,1.582919,-0.07204238,-0.2299478,1.620175,-0.1581501,0.6144661,1.596599
72057594037999830,1,1.30343,95832.33,-0.1598232,0.2019752,1.631002,-0.1429155,0.787202,1.584011,-0.2677193,0.5734245,1.572915,-0.3238483,0.3852044,1.615873,-0.3270769,0.2139995,1.58953,-0.3210355,0.1914228,1.584316,-0.03479177,0.5795177,1.614959,-0.01154808,0.3977504,1.683117,0.01201851,0.2364626,1.618825,-0.002752797,0.2104243,1.603496,-0.2095686,0.2049266,1.597243,-0.2466259,-0.01169631,1.59401,-0.2983022,-0.2336386,1.642755,-0.1049157,0.2047155,1.609274,-0.06913743,0.009786963,1.582919,-0.07204238,-0.2299478,1.620175,-0.1581501,0.6144661,1.596599
72057594037999830,1,1.30343,95832.33,-0.1598232,0.2019752,1.631002,-0.1429155,0.787202,1.584011,-0.2677193,0.5734245,1.572915,-0.3238483,0.3852044,1.615873,-0.3270769,0.2139995,1.58953,-0.3210355,0.1914228,1.584316,-0.03479177,0.5795177,1.614959,-0.01154808,0.3977504,1.683117,0.01201851,0.2364626,1.618825,-0.002752797,0.2104243,1.603496,-0.2095686,0.2049266,1.597243,-0.2466259,-0.01169631,1.59401,-0.2983022,-0.2336386,1.642755,-0.1049157,0.2047155,1.609274,-0.06913743,0.009786963,1.582919,-0.07204238,-0.2299478,1.620175,-0.1581501,0.6144661,1.596599
72057594037999830,1,1.30343,95832.33,-0.1598232,0.2019752,1.631002,-0.1429155,0.787202,1.584011,-0.2677193,0.5734245,1.572915,-0.3238483,0.3852044,1.615873,-0.3270769,0.2139995,1.58953,-0.3210355,0.1914228,1.584316,-0.03479177,0.5795177,1.614959,-0.01154808,0.3977504,1.683117,0.01201851,0.2364626,1.618825,-0.002752797,0.2104243,1.603496,-0.2095686,0.2049266,1.597243,-0.2466259,-0.01169631,1.59401,-0.2983022,-0.2336386,1.642755,-0.1049157,0.2047155,1.609274,-0.06913743,0.009786963,1.582919,-0.07204238,-0.2299478,1.620175,-0.1581501,0.6144661,1.596599
72057594037999830,1,1.30343,95832.34,-0.1598232,0.2019752,1.631002,-0.1429155,0.787202,1.584011,-0.2677193,0.5734245,1.572915,-0.3238483,0.3852044,1.615873,-0.3270769,0.2139995,1.58953,-0.3210355,0.1914228,1.584316,-0.03479177,0.5795177,1.614959,-0.01154808,0.3977504,1.683117,0.01201851,0.2364626,1.618825,-0.002752797,0.2104243,1.603496,-0.2095686,0.2049266,1.597243,-0.2466259,-0.01169631,1.59401,-0.2983022,-0.2336386,1.642755,-0.1049157,0.2047155,1.609274,-0.06913743,0.009786963,1.582919,-0.07204238,-0.2299478,1.620175,-0.1581501,0.6144661,1.596599
72057594037999830,1,1.30343,95832.34,-0.1598232,0.2019752,1.631002,-0.1429155,0.787202,1.584011,-0.2677193,0.5734245,1.572915,-0.3238483,0.3852044,1.615873,-0.3270769,0.2139995,1.58953,-0.3210355,0.1914228,1.584316,-0.03479177,0.5795177,1.614959,-0.01154808,0.3977504,1.683117,0.01201851,0.2364626,1.618825,-0.002752797,0.2104243,1.603496,-0.2095686,0.2049266,1.597243,-0.2466259,-0.01169631,1.59401,-0.2983022,-0.2336386,1.642755,-0.1049157,0.2047155,1.609274,-0.06913743,0.009786963,1.582919,-0.07204238,-0.2299478,1.620175,-0.1581501,0.6144661,1.596599
72057594037999830,1,1.30343,95832.34,-0.1598232,0.2019752,1.631002,-0.1429155,0.787202,1.584011,-0.2677193,0.5734245,1.572915,-0.3238483,0.3852044,1.615873,-0.3270769,0.2139995,1.58953,-0.3210355,0.1914228,1.584316,-0.03479177,0.5795177,1.614959,-0.01154808,0.3977504,1.683117,0.01201851,0.2364626,1.618825,-0.002752797,0.2104243,1.603496,-0.2095686,0.2049266,1.597243,-0.2466259,-0.01169631,1.59401,-0.2983022,-0.2336386,1.642755,-0.1049157,0.2047155,1.609274,-0.06913743,0.009786963,1.582919,-0.07204238,-0.2299478,1.620175,-0.1581501,0.6144661,1.596599
72057594037999830,1,1.30343,95832.34,-0.1598232,0.2019752,1.631002,-0.1429155,0.787202,1.584011,-0.2677193,0.5734245,1.572915,-0.3238483,0.3852044,1.615873,-0.3270769,0.2139995,1.58953,-0.3210355,0.1914228,1.584316,-0.03479177,0.5795177,1.614959,-0.01154808,0.3977504,1.683117,0.01201851,0.2364626,1.618825,-0.002752797,0.2104243,1.603496,-0.2095686,0.2049266,1.597243,-0.2466259,-0.01169631,1.59401,-0.2983022,-0.2336386,1.642755,-0.1049157,0.2047155,1.609274,-0.06913743,0.009786963,1.582919,-0.07204238,-0.2299478,1.620175,-0.1581501,0.6144661,1.596599
72057594037999830,1,1.30343,95832.34,-0.1598232,0.2019752,1.631002,-0.1429155,0.787202,1.584011,-0.2677193,0.5734245,1.572915,-0.3238483,0.3852044,1.615873,-0.3270769,0.2139995,1.58953,-0.3210355,0.1914228,1.584316,-0.03479177,0.5795177,1.614959,-0.01154808,0.3977504,1.683117,0.01201851,0.2364626,1.618825,-0.002752797,0.2104243,1.603496,-0.2095686,0.2049266,1.597243,-0.2466259,-0.01169631,1.59401,-0.2983022,-0.2336386,1.642755,-0.1049157,0.2047155,1.609274,-0.06913743,0.009786963,1.582919,-0.07204238,-0.2299478,1.620175,-0.1581501,0.6144661,1.596599
72057594037999830,1,1.30343,95832.34,-0.1598232,0.2019752,1.631002,-0.1429155,0.787202,1.584011,-0.2677193,0.5734245,1.572915,-0.3238483,0.3852044,1.615873,-0.3270769,0.2139995,1.58953,-0.3210355,0.1914228,1.584316,-0.03479177,0.5795177,1.614959,-0.01154808,0.3977504,1.683117,0.01201851,0.2364626,1.618825,-0.002752797,0.2104243,1.603496,-0.2095686,0.2049266,1.597243,-0.2466259,-0.01169631,1.59401,-0.2983022,-0.2336386,1.642755,-0.1049157,0.2047155,1.609274,-0.06913743,0.009786963,1.582919,-0.07204238,-0.2299478,1.620175,-0.1581501,0.6144661,1.596599
72057594037999830,1,1.303473,95832.35,-0.1598895,0.2016948,1.631132,-0.1424405,0.7865899,1.583975,-0.2671248,0.572535,1.57265,-0.3237964,0.3851646,1.615854,-0.3270095,0.2139573,1.589647,-0.3214532,0.1922904,1.584383,-0.03351012,0.5781874,1.615257,-0.01091402,0.3901978,1.678669,0.01019445,0.2288411,1.613724,-0.005410182,0.2041482,1.599026,-0.2096595,0.2047473,1.597278,-0.2464562,-0.01215988,1.594505,-0.2986983,-0.2348776,1.642824,-0.1049424,0.2043027,1.609538,-0.06880025,0.01133615,1.577858,-0.07156627,-0.2298309,1.618841,-0.1574434,0.6137524,1.596509
72057594037999830,1,1.303473,95832.35,-0.1598895,0.2016948,1.631132,-0.1424405,0.7865899,1.583975,-0.2671248,0.572535,1.57265,-0.3237964,0.3851646,1.615854,-0.3270095,0.2139573,1.589647,-0.3214532,0.1922904,1.584383,-0.03351012,0.5781874,1.615257,-0.01091402,0.3901978,1.678669,0.01019445,0.2288411,1.613724,-0.005410182,0.2041482,1.599026,-0.2096595,0.2047473,1.597278,-0.2464562,-0.01215988,1.594505,-0.2986983,-0.2348776,1.642824,-0.1049424,0.2043027,1.609538,-0.06880025,0.01133615,1.577858,-0.07156627,-0.2298309,1.618841,-0.1574434,0.6137524,1.596509
72057594037999830,1,1.303473,95832.35,-0.1598895,0.2016948,1.631132,-0.1424405,0.7865899,1.583975,-0.2671248,0.572535,1.57265,-0.3237964,0.3851646,1.615854,-0.3270095,0.2139573,1.589647,-0.3214532,0.1922904,1.584383,-0.03351012,0.5781874,1.615257,-0.01091402,0.3901978,1.678669,0.01019445,0.2288411,1.613724,-0.005410182,0.2041482,1.599026,-0.2096595,0.2047473,1.597278,-0.2464562,-0.01215988,1.594505,-0.2986983,-0.2348776,1.642824,-0.1049424,0.2043027,1.609538,-0.06880025,0.01133615,1.577858,-0.07156627,-0.2298309,1.618841,-0.1574434,0.6137524,1.596509
72057594037999830,1,1.303473,95832.36,-0.1598895,0.2016948,1.631132,-0.1424405,0.7865899,1.583975,-0.2671248,0.572535,1.57265,-0.3237964,0.3851646,1.615854,-0.3270095,0.2139573,1.589647,-0.3214532,0.1922904,1.584383,-0.03351012,0.5781874,1.615257,-0.01091402,0.3901978,1.678669,0.01019445,0.2288411,1.613724,-0.005410182,0.2041482,1.599026,-0.2096595,0.2047473,1.597278,-0.2464562,-0.01215988,1.594505,-0.2986983,-0.2348776,1.642824,-0.1049424,0.2043027,1.609538,-0.06880025,0.01133615,1.577858,-0.07156627,-0.2298309,1.618841,-0.1574434,0.6137524,1.596509
72057594037999830,1,1.303473,95832.36,-0.1598895,0.2016948,1.631132,-0.1424405,0.7865899,1.583975,-0.2671248,0.572535,1.57265,-0.3237964,0.3851646,1.615854,-0.3270095,0.2139573,1.589647,-0.3214532,0.1922904,1.584383,-0.03351012,0.5781874,1.615257,-0.01091402,0.3901978,1.678669,0.01019445,0.2288411,1.613724,-0.005410182,0.2041482,1.599026,-0.2096595,0.2047473,1.597278,-0.2464562,-0.01215988,1.594505,-0.2986983,-0.2348776,1.642824,-0.1049424,0.2043027,1.609538,-0.06880025,0.01133615,1.577858,-0.07156627,-0.2298309,1.618841,-0.1574434,0.6137524,1.596509
72057594037999830,1,1.303473,95832.37,-0.1598895,0.2016948,1.631132,-0.1424405,0.7865899,1.583975,-0.2671248,0.572535,1.57265,-0.3237964,0.3851646,1.615854,-0.3270095,0.2139573,1.589647,-0.3214532,0.1922904,1.584383,-0.03351012,0.5781874,1.615257,-0.01091402,0.3901978,1.678669,0.01019445,0.2288411,1.613724,-0.005410182,0.2041482,1.599026,-0.2096595,0.2047473,1.597278,-0.2464562,-0.01215988,1.594505,-0.2986983,-0.2348776,1.642824,-0.1049424,0.2043027,1.609538,-0.06880025,0.01133615,1.577858,-0.07156627,-0.2298309,1.618841,-0.1574434,0.6137524,1.596509
72057594037999830,1,1.303473,95832.37,-0.1598895,0.2016948,1.631132,-0.1424405,0.7865899,1.583975,-0.2671248,0.572535,1.57265,-0.3237964,0.3851646,1.615854,-0.3270095,0.2139573,1.589647,-0.3214532,0.1922904,1.584383,-0.03351012,0.5781874,1.615257,-0.01091402,0.3901978,1.678669,0.01019445,0.2288411,1.613724,-0.005410182,0.2041482,1.599026,-0.2096595,0.2047473,1.597278,-0.2464562,-0.01215988,1.594505,-0.2986983,-0.2348776,1.642824,-0.1049424,0.2043027,1.609538,-0.06880025,0.01133615,1.577858,-0.07156627,-0.2298309,1.618841,-0.1574434,0.6137524,1.596509
72057594037999830,1,1.303473,95832.37,-0.1598895,0.2016948,1.631132,-0.1424405,0.7865899,1.583975,-0.2671248,0.572535,1.57265,-0.3237964,0.3851646,1.615854,-0.3270095,0.2139573,1.589647,-0.3214532,0.1922904,1.584383,-0.03351012,0.5781874,1.615257,-0.01091402,0.3901978,1.678669,0.01019445,0.2288411,1.613724,-0.005410182,0.2041482,1.599026,-0.2096595,0.2047473,1.597278,-0.2464562,-0.01215988,1.594505,-0.2986983,-0.2348776,1.642824,-0.1049424,0.2043027,1.609538,-0.06880025,0.01133615,1.577858,-0.07156627,-0.2298309,1.618841,-0.1574434,0.6137524,1.596509
72057594037999830,1,1.303473,95832.38,-0.1598895,0.2016948,1.631132,-0.1424405,0.7865899,1.583975,-0.2671248,0.572535,1.57265,-0.3237964,0.3851646,1.615854,-0.3270095,0.2139573,1.589647,-0.3214532,0.1922904,1.584383,-0.03351012,0.5781874,1.615257,-0.01091402,0.3901978,1.678669,0.01019445,0.2288411,1.613724,-0.005410182,0.2041482,1.599026,-0.2096595,0.2047473,1.597278,-0.2464562,-0.01215988,1.594505,-0.2986983,-0.2348776,1.642824,-0.1049424,0.2043027,1.609538,-0.06880025,0.01133615,1.577858,-0.07156627,-0.2298309,1.618841,-0.1574434,0.6137524,1.596509
72057594037999830,1,1.303473,95832.38,-0.1598895,0.2016948,1.631132,-0.1424405,0.7865899,1.583975,-0.2671248,0.572535,1.57265,-0.3237964,0.3851646,1.615854,-0.3270095,0.2139573,1.589647,-0.3214532,0.1922904,1.584383,-0.03351012,0.5781874,1.615257,-0.01091402,0.3901978,1.678669,0.01019445,0.2288411,1.613724,-0.005410182,0.2041482,1.599026,-0.2096595,0.2047473,1.597278,-0.2464562,-0.01215988,1.594505,-0.2986983,-0.2348776,1.642824,-0.1049424,0.2043027,1.609538,-0.06880025,0.01133615,1.577858,-0.07156627,-0.2298309,1.618841,-0.1574434,0.6137524,1.596509
72057594037999830,1,1.303473,95832.38,-0.1598895,0.2016948,1.631132,-0.1424405,0.7865899,1.583975,-0.2671248,0.572535,1.57265,-0.3237964,0.3851646,1.615854,-0.3270095,0.2139573,1.589647,-0.3214532,0.1922904,1.584383,-0.03351012,0.5781874,1.615257,-0.01091402,0.3901978,1.678669,0.01019445,0.2288411,1.613724,-0.005410182,0.2041482,1.599026,-0.2096595,0.2047473,1.597278,-0.2464562,-0.01215988,1.594505,-0.2986983,-0.2348776,1.642824,-0.1049424,0.2043027,1.609538,-0.06880025,0.01133615,1.577858,-0.07156627,-0.2298309,1.618841,-0.1574434,0.6137524,1.596509
72057594037999830,1,1.30361,95832.38,-0.1596813,0.2009907,1.631376,-0.1403756,0.7850953,1.58348,-0.2651833,0.5711063,1.571126,-0.323011,0.385056,1.615389,-0.326977,0.2138252,1.589396,-0.3208772,0.1945926,1.583357,-0.03168285,0.5763292,1.61465,-0.008790777,0.3844648,1.676059,0.00358032,0.2251775,1.603243,-0.005706542,0.2069675,1.593154,-0.2095359,0.204248,1.59737,-0.2461627,-0.01258969,1.594581,-0.2988222,-0.2359107,1.642442,-0.1046456,0.2033934,1.609971,-0.06796721,0.01065356,1.572408,-0.06991794,-0.2283632,1.616049,-0.1556831,0.6120847,1.595422
72057594037999830,1,1.30361,95832.38,-0.1596813,0.2009907,1.631376,-0.1403756,0.7850953,1.58348,-0.2651833,0.5711063,1.571126,-0.323011,0.385056,1.615389,-0.326977,0.2138252,1.589396,-0.3208772,0.1945926,1.583357,-0.03168285,0.5763292,1.61465,-0.008790777,0.3844648,1.676059,0.00358032,0.2251775,1.603243,-0.005706542,0.2069675,1.593154,-0.2095359,0.204248,1.59737,-0.2461627,-0.01258969,1.594581,-0.2988222,-0.2359107,1.642442,-0.1046456,0.2033934,1.609971,-0.06796721,0.01065356,1.572408,-0.06991794,-0.2283632,1.616049,-0.1556831,0.6120847,1.595422
72057594037999830,1,1.30361,95832.39,-0.1596813,0.2009907,1.631376,-0.1403756,0.7850953,1.58348,-0.2651833,0.5711063,1.571126,-0.323011,0.385056,1.615389,-0.326977,0.2138252,1.589396,-0.3208772,0.1945926,1.583357,-0.03168285,0.5763292,1.61465,-0.008790777,0.3844648,1.676059,0.00358032,0.2251775,1.603243,-0.005706542,0.2069675,1.593154,-0.2095359,0.204248,1.59737,-0.2461627,-0.01258969,1.594581,-0.2988222,-0.2359107,1.642442,-0.1046456,0.2033934,1.609971,-0.06796721,0.01065356,1.572408,-0.06991794,-0.2283632,1.616049,-0.1556831,0.6120847,1.595422
72057594037999830,1,1.30361,95832.39,-0.1596813,0.2009907,1.631376,-0.1403756,0.7850953,1.58348,-0.2651833,0.5711063,1.571126,-0.323011,0.385056,1.615389,-0.326977,0.2138252,1.589396,-0.3208772,0.1945926,1.583357,-0.03168285,0.5763292,1.61465,-0.008790777,0.3844648,1.676059,0.00358032,0.2251775,1.603243,-0.005706542,0.2069675,1.593154,-0.2095359,0.204248,1.59737,-0.2461627,-0.01258969,1.594581,-0.2988222,-0.2359107,1.642442,-0.1046456,0.2033934,1.609971,-0.06796721,0.01065356,1.572408,-0.06991794,-0.2283632,1.616049,-0.1556831,0.6120847,1.595422
72057594037999830,1,1.30361,95832.39,-0.1596813,0.2009907,1.631376,-0.1403756,0.7850953,1.58348,-0.2651833,0.5711063,1.571126,-0.323011,0.385056,1.615389,-0.326977,0.2138252,1.589396,-0.3208772,0.1945926,1.583357,-0.03168285,0.5763292,1.61465,-0.008790777,0.3844648,1.676059,0.00358032,0.2251775,1.603243,-0.005706542,0.2069675,1.593154,-0.2095359,0.204248,1.59737,-0.2461627,-0.01258969,1.594581,-0.2988222,-0.2359107,1.642442,-0.1046456,0.2033934,1.609971,-0.06796721,0.01065356,1.572408,-0.06991794,-0.2283632,1.616049,-0.1556831,0.6120847,1.595422
72057594037999830,1,1.30361,95832.4,-0.1596813,0.2009907,1.631376,-0.1403756,0.7850953,1.58348,-0.2651833,0.5711063,1.571126,-0.323011,0.385056,1.615389,-0.326977,0.2138252,1.589396,-0.3208772,0.1945926,1.583357,-0.03168285,0.5763292,1.61465,-0.008790777,0.3844648,1.676059,0.00358032,0.2251775,1.603243,-0.005706542,0.2069675,1.593154,-0.2095359,0.204248,1.59737,-0.2461627,-0.01258969,1.594581,-0.2988222,-0.2359107,1.642442,-0.1046456,0.2033934,1.609971,-0.06796721,0.01065356,1.572408,-0.06991794,-0.2283632,1.616049,-0.1556831,0.6120847,1.595422
72057594037999830,1,1.30361,95832.4,-0.1596813,0.2009907,1.631376,-0.1403756,0.7850953,1.58348,-0.2651833,0.5711063,1.571126,-0.323011,0.385056,1.615389,-0.326977,0.2138252,1.589396,-0.3208772,0.1945926,1.583357,-0.03168285,0.5763292,1.61465,-0.008790777,0.3844648,1.676059,0.00358032,0.2251775,1.603243,-0.005706542,0.2069675,1.593154,-0.2095359,0.204248,1.59737,-0.2461627,-0.01258969,1.594581,-0.2988222,-0.2359107,1.642442,-0.1046456,0.2033934,1.609971,-0.06796721,0.01065356,1.572408,-0.06991794,-0.2283632,1.616049,-0.1556831,0.6120847,1.595422
72057594037999830,1,1.30361,95832.41,-0.1596813,0.2009907,1.631376,-0.1403756,0.7850953,1.58348,-0.2651833,0.5711063,1.571126,-0.323011,0.385056,1.615389,-0.326977,0.2138252,1.589396,-0.3208772,0.1945926,1.583357,-0.03168285,0.5763292,1.61465,-0.008790777,0.3844648,1.676059,0.00358032,0.2251775,1.603243,-0.005706542,0.2069675,1.593154,-0.2095359,0.204248,1.59737,-0.2461627,-0.01258969,1.594581,-0.2988222,-0.2359107,1.642442,-0.1046456,0.2033934,1.609971,-0.06796721,0.01065356,1.572408,-0.06991794,-0.2283632,1.616049,-0.1556831,0.6120847,1.595422
72057594037999830,1,1.30361,95832.41,-0.1596813,0.2009907,1.631376,-0.1403756,0.7850953,1.58348,-0.2651833,0.5711063,1.571126,-0.323011,0.385056,1.615389,-0.326977,0.2138252,1.589396,-0.3208772,0.1945926,1.583357,-0.03168285,0.5763292,1.61465,-0.008790777,0.3844648,1.676059,0.00358032,0.2251775,1.603243,-0.005706542,0.2069675,1.593154,-0.2095359,0.204248,1.59737,-0.2461627,-0.01258969,1.594581,-0.2988222,-0.2359107,1.642442,-0.1046456,0.2033934,1.609971,-0.06796721,0.01065356,1.572408,-0.06991794,-0.2283632,1.616049,-0.1556831,0.6120847,1.595422
72057594037999830,1,1.30361,95832.41,-0.1596813,0.2009907,1.631376,-0.1403756,0.7850953,1.58348,-0.2651833,0.5711063,1.571126,-0.323011,0.385056,1.615389,-0.326977,0.2138252,1.589396,-0.3208772,0.1945926,1.583357,-0.03168285,0.5763292,1.61465,-0.008790777,0.3844648,1.676059,0.00358032,0.2251775,1.603243,-0.005706542,0.2069675,1.593154,-0.2095359,0.204248,1.59737,-0.2461627,-0.01258969,1.594581,-0.2988222,-0.2359107,1.642442,-0.1046456,0.2033934,1.609971,-0.06796721,0.01065356,1.572408,-0.06991794,-0.2283632,1.616049,-0.1556831,0.6120847,1.595422
72057594037999830,1,1.30361,95832.41,-0.1596813,0.2009907,1.631376,-0.1403756,0.7850953,1.58348,-0.2651833,0.5711063,1.571126,-0.323011,0.385056,1.615389,-0.326977,0.2138252,1.589396,-0.3208772,0.1945926,1.583357,-0.03168285,0.5763292,1.61465,-0.008790777,0.3844648,1.676059,0.00358032,0.2251775,1.603243,-0.005706542,0.2069675,1.593154,-0.2095359,0.204248,1.59737,-0.2461627,-0.01258969,1.594581,-0.2988222,-0.2359107,1.642442,-0.1046456,0.2033934,1.609971,-0.06796721,0.01065356,1.572408,-0.06991794,-0.2283632,1.616049,-0.1556831,0.6120847,1.595422
72057594037999830,1,1.304383,95832.41,-0.1589499,0.1994126,1.631339,-0.1365248,0.7824972,1.582064,-0.2606326,0.5685793,1.5677,-0.3217741,0.3834775,1.613842,-0.327042,0.2122308,1.588754,-0.3213757,0.1943558,1.581036,-0.02757208,0.572557,1.613309,-0.006663618,0.383552,1.673242,0.002716201,0.2241763,1.600195,-0.003826705,0.2059024,1.588752,-0.20893,0.2029657,1.597345,-0.2461226,-0.01279065,1.594491,-0.2992195,-0.2368621,1.642836,-0.1038238,0.2015772,1.609908,-0.06548028,0.008135229,1.564705,-0.06528588,-0.2317607,1.607096,-0.1510467,0.609127,1.592576
72057594037999830,1,1.304383,95832.41,-0.1589499,0.1994126,1.631339,-0.1365248,0.7824972,1.582064,-0.2606326,0.5685793,1.5677,-0.3217741,0.3834775,1.613842,-0.327042,0.2122308,1.588754,-0.3213757,0.1943558,1.581036,-0.02757208,0.572557,1.613309,-0.006663618,0.383552,1.673242,0.002716201,0.2241763,1.600195,-0.003826705,0.2059024,1.588752,-0.20893,0.2029657,1.597345,-0.2461226,-0.01279065,1.594491,-0.2992195,-0.2368621,1.642836,-0.1038238,0.2015772,1.609908,-0.06548028,0.008135229,1.564705,-0.06528588,-0.2317607,1.607096,-0.1510467,0.609127,1.592576
72057594037999830,1,1.304383,95832.42,-0.1589499,0.1994126,1.631339,-0.1365248,0.7824972,1.582064,-0.2606326,0.5685793,1.5677,-0.3217741,0.3834775,1.613842,-0.327042,0.2122308,1.588754,-0.3213757,0.1943558,1.581036,-0.02757208,0.572557,1.613309,-0.006663618,0.383552,1.673242,0.002716201,0.2241763,1.600195,-0.003826705,0.2059024,1.588752,-0.20893,0.2029657,1.597345,-0.2461226,-0.01279065,1.594491,-0.2992195,-0.2368621,1.642836,-0.1038238,0.2015772,1.609908,-0.06548028,0.008135229,1.564705,-0.06528588,-0.2317607,1.607096,-0.1510467,0.609127,1.592576
72057594037999830,1,1.304383,95832.42,-0.1589499,0.1994126,1.631339,-0.1365248,0.7824972,1.582064,-0.2606326,0.5685793,1.5677,-0.3217741,0.3834775,1.613842,-0.327042,0.2122308,1.588754,-0.3213757,0.1943558,1.581036,-0.02757208,0.572557,1.613309,-0.006663618,0.383552,1.673242,0.002716201,0.2241763,1.600195,-0.003826705,0.2059024,1.588752,-0.20893,0.2029657,1.597345,-0.2461226,-0.01279065,1.594491,-0.2992195,-0.2368621,1.642836,-0.1038238,0.2015772,1.609908,-0.06548028,0.008135229,1.564705,-0.06528588,-0.2317607,1.607096,-0.1510467,0.609127,1.592576
72057594037999830,1,1.304383,95832.42,-0.1589499,0.1994126,1.631339,-0.1365248,0.7824972,1.582064,-0.2606326,0.5685793,1.5677,-0.3217741,0.3834775,1.613842,-0.327042,0.2122308,1.588754,-0.3213757,0.1943558,1.581036,-0.02757208,0.572557,1.613309,-0.006663618,0.383552,1.673242,0.002716201,0.2241763,1.600195,-0.003826705,0.2059024,1.588752,-0.20893,0.2029657,1.597345,-0.2461226,-0.01279065,1.594491,-0.2992195,-0.2368621,1.642836,-0.1038238,0.2015772,1.609908,-0.06548028,0.008135229,1.564705,-0.06528588,-0.2317607,1.607096,-0.1510467,0.609127,1.592576
72057594037999830,1,1.304383,95832.43,-0.1589499,0.1994126,1.631339,-0.1365248,0.7824972,1.582064,-0.2606326,0.5685793,1.5677,-0.3217741,0.3834775,1.613842,-0.327042,0.2122308,1.588754,-0.3213757,0.1943558,1.581036,-0.02757208,0.572557,1.613309,-0.006663618,0.383552,1.673242,0.002716201,0.2241763,1.600195,-0.003826705,0.2059024,1.588752,-0.20893,0.2029657,1.597345,-0.2461226,-0.01279065,1.594491,-0.2992195,-0.2368621,1.642836,-0.1038238,0.2015772,1.609908,-0.06548028,0.008135229,1.564705,-0.06528588,-0.2317607,1.607096,-0.1510467,0.609127,1.592576
72057594037999830,1,1.304383,95832.43,-0.1589499,0.1994126,1.631339,-0.1365248,0.7824972,1.582064,-0.2606326,0.5685793,1.5677,-0.3217741,0.3834775,1.613842,-0.327042,0.2122308,1.588754,-0.3213757,0.1943558,1.581036,-0.02757208,0.572557,1.613309,-0.006663618,0.383552,1.673242,0.002716201,0.2241763,1.600195,-0.003826705,0.2059024,1.588752,-0.20893,0.2029657,1.597345,-0.2461226,-0.01279065,1.594491,-0.2992195,-0.2368621,1.642836,-0.1038238,0.2015772,1.609908,-0.06548028,0.008135229,1.564705,-0.06528588,-0.2317607,1.607096,-0.1510467,0.609127,1.592576
72057594037999830,1,1.304383,95832.43,-0.1589499,0.1994126,1.631339,-0.1365248,0.7824972,1.582064,-0.2606326,0.5685793,1.5677,-0.3217741,0.3834775,1.613842,-0.327042,0.2122308,1.588754,-0.3213757,0.1943558,1.581036,-0.02757208,0.572557,1.613309,-0.006663618,0.383552,1.673242,0.002716201,0.2241763,1.600195,-0.003826705,0.2059024,1.588752,-0.20893,0.2029657,1.597345,-0.2461226,-0.01279065,1.594491,-0.2992195,-0.2368621,1.642836,-0.1038238,0.2015772,1.609908,-0.06548028,0.008135229,1.564705,-0.06528588,-0.2317607,1.607096,-0.1510467,0.609127,1.592576
72057594037999830,1,1.304383,95832.44,-0.1589499,0.1994126,1.631339,-0.1365248,0.7824972,1.582064,-0.2606326,0.5685793,1.5677,-0.3217741,0.3834775,1.613842,-0.327042,0.2122308,1.588754,-0.3213757,0.1943558,1.581036,-0.02757208,0.572557,1.613309,-0.006663618,0.383552,1.673242,0.002716201,0.2241763,1.600195,-0.003826705,0.2059024,1.588752,-0.20893,0.2029657,1.597345,-0.2461226,-0.01279065,1.594491,-0.2992195,-0.2368621,1.642836,-0.1038238,0.2015772,1.609908,-0.06548028,0.008135229,1.564705,-0.06528588,-0.2317607,1.607096,-0.1510467,0.609127,1.592576
72057594037999830,1,1.304383,95832.44,-0.1589499,0.1994126,1.631339,-0.1365248,0.7824972,1.582064,-0.2606326,0.5685793,1.5677,-0.3217741,0.3834775,1.613842,-0.327042,0.2122308,1.588754,-0.3213757,0.1943558,1.581036,-0.02757208,0.572557,1.613309,-0.006663618,0.383552,1.673242,0.002716201,0.2241763,1.600195,-0.003826705,0.2059024,1.588752,-0.20893,0.2029657,1.597345,-0.2461226,-0.01279065,1.594491,-0.2992195,-0.2368621,1.642836,-0.1038238,0.2015772,1.609908,-0.06548028,0.008135229,1.564705,-0.06528588,-0.2317607,1.607096,-0.1510467,0.609127,1.592576
72057594037999830,1,1.304383,95832.45,-0.1589499,0.1994126,1.631339,-0.1365248,0.7824972,1.582064,-0.2606326,0.5685793,1.5677,-0.3217741,0.3834775,1.613842,-0.327042,0.2122308,1.588754,-0.3213757,0.1943558,1.581036,-0.02757208,0.572557,1.613309,-0.006663618,0.383552,1.673242,0.002716201,0.2241763,1.600195,-0.003826705,0.2059024,1.588752,-0.20893,0.2029657,1.597345,-0.2461226,-0.01279065,1.594491,-0.2992195,-0.2368621,1.642836,-0.1038238,0.2015772,1.609908,-0.06548028,0.008135229,1.564705,-0.06528588,-0.2317607,1.607096,-0.1510467,0.609127,1.592576
72057594037999830,1,1.305948,95832.45,-0.1567917,0.1961933,1.631203,-0.1297125,0.7786018,1.579845,-0.2512426,0.5639348,1.561778,-0.3179333,0.380692,1.610744,-0.326721,0.2096427,1.586134,-0.3198338,0.1948628,1.576338,-0.01934149,0.5654543,1.612088,-0.000390139,0.378603,1.668253,0.005237708,0.2197369,1.593729,-0.007152294,0.1784421,1.574098,-0.2070546,0.2002837,1.59696,-0.2448525,-0.01442632,1.591561,-0.2997043,-0.2380743,1.642037,-0.1014537,0.197904,1.610046,-0.06151124,0.007735312,1.556059,-0.05982297,-0.2317806,1.601892,-0.1432328,0.6051506,1.589961
72057594037999830,1,1.305948,95832.45,-0.1567917,0.1961933,1.631203,-0.1297125,0.7786018,1.579845,-0.2512426,0.5639348,1.561778,-0.3179333,0.380692,1.610744,-0.326721,0.2096427,1.586134,-0.3198338,0.1948628,1.576338,-0.01934149,0.5654543,1.612088,-0.000390139,0.378603,1.668253,0.005237708,0.2197369,1.593729,-0.007152294,0.1784421,1.574098,-0.2070546,0.2002837,1.59696,-0.2448525,-0.01442632,1.591561,-0.2997043,-0.2380743,1.642037,-0.1014537,0.197904,1.610046,-0.06151124,0.007735312,1.556059,-0.05982297,-0.2317806,1.601892,-0.1432328,0.6051506,1.589961
72057594037999830,1,1.305948,95832.45,-0.1567917,0.1961933,1.631203,-0.1297125,0.7786018,1.579845,-0.2512426,0.5639348,1.561778,-0.3179333,0.380692,1.610744,-0.326721,0.2096427,1.586134,-0.3198338,0.1948628,1.576338,-0.01934149,0.5654543,1.612088,-0.000390139,0.378603,1.668253,0.005237708,0.2197369,1.593729,-0.007152294,0.1784421,1.574098,-0.2070546,0.2002837,1.59696,-0.2448525,-0.01442632,1.591561,-0.2997043,-0.2380743,1.642037,-0.1014537,0.197904,1.610046,-0.06151124,0.007735312,1.556059,-0.05982297,-0.2317806,1.601892,-0.1432328,0.6051506,1.589961
72057594037999830,1,1.305948,95832.45,-0.1567917,0.1961933,1.631203,-0.1297125,0.7786018,1.579845,-0.2512426,0.5639348,1.561778,-0.3179333,0.380692,1.610744,-0.326721,0.2096427,1.586134,-0.3198338,0.1948628,1.576338,-0.01934149,0.5654543,1.612088,-0.000390139,0.378603,1.668253,0.005237708,0.2197369,1.593729,-0.007152294,0.1784421,1.574098,-0.2070546,0.2002837,1.59696,-0.2448525,-0.01442632,1.591561,-0.2997043,-0.2380743,1.642037,-0.1014537,0.197904,1.610046,-0.06151124,0.007735312,1.556059,-0.05982297,-0.2317806,1.601892,-0.1432328,0.6051506,1.589961
72057594037999830,1,1.305948,95832.46,-0.1567917,0.1961933,1.631203,-0.1297125,0.7786018,1.579845,-0.2512426,0.5639348,1.561778,-0.3179333,0.380692,1.610744,-0.326721,0.2096427,1.586134,-0.3198338,0.1948628,1.576338,-0.01934149,0.5654543,1.612088,-0.000390139,0.378603,1.668253,0.005237708,0.2197369,1.593729,-0.007152294,0.1784421,1.574098,-0.2070546,0.2002837,1.59696,-0.2448525,-0.01442632,1.591561,-0.2997043,-0.2380743,1.642037,-0.1014537,0.197904,1.610046,-0.06151124,0.007735312,1.556059,-0.05982297,-0.2317806,1.601892,-0.1432328,0.6051506,1.589961
72057594037999830,1,1.305948,95832.46,-0.1567917,0.1961933,1.631203,-0.1297125,0.7786018,1.579845,-0.2512426,0.5639348,1.561778,-0.3179333,0.380692,1.610744,-0.326721,0.2096427,1.586134,-0.3198338,0.1948628,1.576338,-0.01934149,0.5654543,1.612088,-0.000390139,0.378603,1.668253,0.005237708,0.2197369,1.593729,-0.007152294,0.1784421,1.574098,-0.2070546,0.2002837,1.59696,-0.2448525,-0.01442632,1.591561,-0.2997043,-0.2380743,1.642037,-0.1014537,0.197904,1.610046,-0.06151124,0.007735312,1.556059,-0.05982297,-0.2317806,1.601892,-0.1432328,0.6051506,1.589961
72057594037999830,1,1.305948,95832.46,-0.1567917,0.1961933,1.631203,-0.1297125,0.7786018,1.579845,-0.2512426,0.5639348,1.561778,-0.3179333,0.380692,1.610744,-0.326721,0.2096427,1.586134,-0.3198338,0.1948628,1.576338,-0.01934149,0.5654543,1.612088,-0.000390139,0.378603,1.668253,0.005237708,0.2197369,1.593729,-0.007152294,0.1784421,1.574098,-0.2070546,0.2002837,1.59696,-0.2448525,-0.01442632,1.591561,-0.2997043,-0.2380743,1.642037,-0.1014537,0.197904,1.610046,-0.06151124,0.007735312,1.556059,-0.05982297,-0.2317806,1.601892,-0.1432328,0.6051506,1.589961
72057594037999830,1,1.305948,95832.47,-0.1567917,0.1961933,1.631203,-0.1297125,0.7786018,1.579845,-0.2512426,0.5639348,1.561778,-0.3179333,0.380692,1.610744,-0.326721,0.2096427,1.586134,-0.3198338,0.1948628,1.576338,-0.01934149,0.5654543,1.612088,-0.000390139,0.378603,1.668253,0.005237708,0.2197369,1.593729,-0.007152294,0.1784421,1.574098,-0.2070546,0.2002837,1.59696,-0.2448525,-0.01442632,1.591561,-0.2997043,-0.2380743,1.642037,-0.1014537,0.197904,1.610046,-0.06151124,0.007735312,1.556059,-0.05982297,-0.2317806,1.601892,-0.1432328,0.6051506,1.589961
72057594037999830,1,1.305948,95832.47,-0.1567917,0.1961933,1.631203,-0.1297125,0.7786018,1.579845,-0.2512426,0.5639348,1.561778,-0.3179333,0.380692,1.610744,-0.326721,0.2096427,1.586134,-0.3198338,0.1948628,1.576338,-0.01934149,0.5654543,1.612088,-0.000390139,0.378603,1.668253,0.005237708,0.2197369,1.593729,-0.007152294,0.1784421,1.574098,-0.2070546,0.2002837,1.59696,-0.2448525,-0.01442632,1.591561,-0.2997043,-0.2380743,1.642037,-0.1014537,0.197904,1.610046,-0.06151124,0.007735312,1.556059,-0.05982297,-0.2317806,1.601892,-0.1432328,0.6051506,1.589961
72057594037999830,1,1.305948,95832.47,-0.1567917,0.1961933,1.631203,-0.1297125,0.7786018,1.579845,-0.2512426,0.5639348,1.561778,-0.3179333,0.380692,1.610744,-0.326721,0.2096427,1.586134,-0.3198338,0.1948628,1.576338,-0.01934149,0.5654543,1.612088,-0.000390139,0.378603,1.668253,0.005237708,0.2197369,1.593729,-0.007152294,0.1784421,1.574098,-0.2070546,0.2002837,1.59696,-0.2448525,-0.01442632,1.591561,-0.2997043,-0.2380743,1.642037,-0.1014537,0.197904,1.610046,-0.06151124,0.007735312,1.556059,-0.05982297,-0.2317806,1.601892,-0.1432328,0.6051506,1.589961
72057594037999830,1,1.305948,95832.48,-0.1567917,0.1961933,1.631203,-0.1297125,0.7786018,1.579845,-0.2512426,0.5639348,1.561778,-0.3179333,0.380692,1.610744,-0.326721,0.2096427,1.586134,-0.3198338,0.1948628,1.576338,-0.01934149,0.5654543,1.612088,-0.000390139,0.378603,1.668253,0.005237708,0.2197369,1.593729,-0.007152294,0.1784421,1.574098,-0.2070546,0.2002837,1.59696,-0.2448525,-0.01442632,1.591561,-0.2997043,-0.2380743,1.642037,-0.1014537,0.197904,1.610046,-0.06151124,0.007735312,1.556059,-0.05982297,-0.2317806,1.601892,-0.1432328,0.6051506,1.589961
72057594037999830,1,1.305948,95832.48,-0.1567917,0.1961933,1.631203,-0.1297125,0.7786018,1.579845,-0.2512426,0.5639348,1.561778,-0.3179333,0.380692,1.610744,-0.326721,0.2096427,1.586134,-0.3198338,0.1948628,1.576338,-0.01934149,0.5654543,1.612088,-0.000390139,0.378603,1.668253,0.005237708,0.2197369,1.593729,-0.007152294,0.1784421,1.574098,-0.2070546,0.2002837,1.59696,-0.2448525,-0.01442632,1.591561,-0.2997043,-0.2380743,1.642037,-0.1014537,0.197904,1.610046,-0.06151124,0.007735312,1.556059,-0.05982297,-0.2317806,1.601892,-0.1432328,0.6051506,1.589961
72057594037999830,1,1.30938,95832.48,-0.1530353,0.1904413,1.630248,-0.1187266,0.7718748,1.576709,-0.2392517,0.5584708,1.555875,-0.3123609,0.3776683,1.605987,-0.3263636,0.2068753,1.583422,-0.3207616,0.19916,1.570955,-0.008088644,0.556148,1.609221,0.009481457,0.3663588,1.6616,0.006644306,0.2069516,1.588385,-0.00272912,0.1643147,1.564615,-0.2033348,0.1950104,1.59532,-0.2411918,-0.01435116,1.576981,-0.3000059,-0.2404953,1.636175,-0.0977719,0.1918344,1.609767,-0.05663766,0.007588267,1.546262,-0.0531349,-0.228001,1.598977,-0.1312865,0.598659,1.585223
72057594037999830,1,1.30938,95832.48,-0.1530353,0.1904413,1.630248,-0.1187266,0.7718748,1.576709,-0.2392517,0.5584708,1.555875,-0.3123609,0.3776683,1.605987,-0.3263636,0.2068753,1.583422,-0.3207616,0.19916,1.570955,-0.008088644,0.556148,1.609221,0.009481457,0.3663588,1.6616,0.006644306,0.2069516,1.588385,-0.00272912,0.1643147,1.564615,-0.2033348,0.1950104,1.59532,-0.2411918,-0.01435116,1.576981,-0.3000059,-0.2404953,1.636175,-0.0977719,0.1918344,1.609767,-0.05663766,0.007588267,1.546262,-0.0531349,-0.228001,1.598977,-0.1312865,0.598659,1.585223
72057594037999830,1,1.30938,95832.48,-0.1530353,0.1904413,1.630248,-0.1187266,0.7718748,1.576709,-0.2392517,0.5584708,1.555875,-0.3123609,0.3776683,1.605987,-0.3263636,0.2068753,1.583422,-0.3207616,0.19916,1.570955,-0.008088644,0.556148,1.609221,0.009481457,0.3663588,1.6616,0.006644306,0.2069516,1.588385,-0.00272912,0.1643147,1.564615,-0.2033348,0.1950104,1.59532,-0.2411918,-0.01435116,1.576981,-0.3000059,-0.2404953,1.636175,-0.0977719,0.1918344,1.609767,-0.05663766,0.007588267,1.546262,-0.0531349,-0.228001,1.598977,-0.1312865,0.598659,1.585223
72057594037999830,1,1.30938,95832.49,-0.1530353,0.1904413,1.630248,-0.1187266,0.7718748,1.576709,-0.2392517,0.5584708,1.555875,-0.3123609,0.3776683,1.605987,-0.3263636,0.2068753,1.583422,-0.3207616,0.19916,1.570955,-0.008088644,0.556148,1.609221,0.009481457,0.3663588,1.6616,0.006644306,0.2069516,1.588385,-0.00272912,0.1643147,1.564615,-0.2033348,0.1950104,1.59532,-0.2411918,-0.01435116,1.576981,-0.3000059,-0.2404953,1.636175,-0.0977719,0.1918344,1.609767,-0.05663766,0.007588267,1.546262,-0.0531349,-0.228001,1.598977,-0.1312865,0.598659,1.585223
72057594037999830,1,1.30938,95832.49,-0.1530353,0.1904413,1.630248,-0.1187266,0.7718748,1.576709,-0.2392517,0.5584708,1.555875,-0.3123609,0.3776683,1.605987,-0.3263636,0.2068753,1.583422,-0.3207616,0.19916,1.570955,-0.008088644,0.556148,1.609221,0.009481457,0.3663588,1.6616,0.006644306,0.2069516,1.588385,-0.00272912,0.1643147,1.564615,-0.2033348,0.1950104,1.59532,-0.2411918,-0.01435116,1.576981,-0.3000059,-0.2404953,1.636175,-0.0977719,0.1918344,1.609767,-0.05663766,0.007588267,1.546262,-0.0531349,-0.228001,1.598977,-0.1312865,0.598659,1.585223
72057594037999830,1,1.30938,95832.5,-0.1530353,0.1904413,1.630248,-0.1187266,0.7718748,1.576709,-0.2392517,0.5584708,1.555875,-0.3123609,0.3776683,1.605987,-0.3263636,0.2068753,1.583422,-0.3207616,0.19916,1.570955,-0.008088644,0.556148,1.609221,0.009481457,0.3663588,1.6616,0.006644306,0.2069516,1.588385,-0.00272912,0.1643147,1.564615,-0.2033348,0.1950104,1.59532,-0.2411918,-0.01435116,1.576981,-0.3000059,-0.2404953,1.636175,-0.0977719,0.1918344,1.609767,-0.05663766,0.007588267,1.546262,-0.0531349,-0.228001,1.598977,-0.1312865,0.598659,1.585223
72057594037999830,1,1.30938,95832.5,-0.1530353,0.1904413,1.630248,-0.1187266,0.7718748,1.576709,-0.2392517,0.5584708,1.555875,-0.3123609,0.3776683,1.605987,-0.3263636,0.2068753,1.583422,-0.3207616,0.19916,1.570955,-0.008088644,0.556148,1.609221,0.009481457,0.3663588,1.6616,0.006644306,0.2069516,1.588385,-0.00272912,0.1643147,1.564615,-0.2033348,0.1950104,1.59532,-0.2411918,-0.01435116,1.576981,-0.3000059,-0.2404953,1.636175,-0.0977719,0.1918344,1.609767,-0.05663766,0.007588267,1.546262,-0.0531349,-0.228001,1.598977,-0.1312865,0.598659,1.585223
72057594037999830,1,1.30938,95832.5,-0.1530353,0.1904413,1.630248,-0.1187266,0.7718748,1.576709,-0.2392517,0.5584708,1.555875,-0.3123609,0.3776683,1.605987,-0.3263636,0.2068753,1.583422,-0.3207616,0.19916,1.570955,-0.008088644,0.556148,1.609221,0.009481457,0.3663588,1.6616,0.006644306,0.2069516,1.588385,-0.00272912,0.1643147,1.564615,-0.2033348,0.1950104,1.59532,-0.2411918,-0.01435116,1.576981,-0.3000059,-0.2404953,1.636175,-0.0977719,0.1918344,1.609767,-0.05663766,0.007588267,1.546262,-0.0531349,-0.228001,1.598977,-0.1312865,0.598659,1.585223
72057594037999830,1,1.30938,95832.51,-0.1530353,0.1904413,1.630248,-0.1187266,0.7718748,1.576709,-0.2392517,0.5584708,1.555875,-0.3123609,0.3776683,1.605987,-0.3263636,0.2068753,1.583422,-0.3207616,0.19916,1.570955,-0.008088644,0.556148,1.609221,0.009481457,0.3663588,1.6616,0.006644306,0.2069516,1.588385,-0.00272912,0.1643147,1.564615,-0.2033348,0.1950104,1.59532,-0.2411918,-0.01435116,1.576981,-0.3000059,-0.2404953,1.636175,-0.0977719,0.1918344,1.609767,-0.05663766,0.007588267,1.546262,-0.0531349,-0.228001,1.598977,-0.1312865,0.598659,1.585223
72057594037999830,1,1.30938,95832.51,-0.1530353,0.1904413,1.630248,-0.1187266,0.7718748,1.576709,-0.2392517,0.5584708,1.555875,-0.3123609,0.3776683,1.605987,-0.3263636,0.2068753,1.583422,-0.3207616,0.19916,1.570955,-0.008088644,0.556148,1.609221,0.009481457,0.3663588,1.6616,0.006644306,0.2069516,1.588385,-0.00272912,0.1643147,1.564615,-0.2033348,0.1950104,1.59532,-0.2411918,-0.01435116,1.576981,-0.3000059,-0.2404953,1.636175,-0.0977719,0.1918344,1.609767,-0.05663766,0.007588267,1.546262,-0.0531349,-0.228001,1.598977,-0.1312865,0.598659,1.585223
72057594037999830,1,1.30938,95832.51,-0.1530353,0.1904413,1.630248,-0.1187266,0.7718748,1.576709,-0.2392517,0.5584708,1.555875,-0.3123609,0.3776683,1.605987,-0.3263636,0.2068753,1.583422,-0.3207616,0.19916,1.570955,-0.008088644,0.556148,1.609221,0.009481457,0.3663588,1.6616,0.006644306,0.2069516,1.588385,-0.00272912,0.1643147,1.564615,-0.2033348,0.1950104,1.59532,-0.2411918,-0.01435116,1.576981,-0.3000059,-0.2404953,1.636175,-0.0977719,0.1918344,1.609767,-0.05663766,0.007588267,1.546262,-0.0531349,-0.228001,1.598977,-0.1312865,0.598659,1.585223
72057594037999830,1,1.30938,95832.52,-0.1530353,0.1904413,1.630248,-0.1187266,0.7718748,1.576709,-0.2392517,0.5584708,1.555875,-0.3123609,0.3776683,1.605987,-0.3263636,0.2068753,1.583422,-0.3207616,0.19916,1.570955,-0.008088644,0.556148,1.609221,0.009481457,0.3663588,1.6616,0.006644306,0.2069516,1.588385,-0.00272912,0.1643147,1.564615,-0.2033348,0.1950104,1.59532,-0.2411918,-0.01435116,1.576981,-0.3000059,-0.2404953,1.636175,-0.0977719,0.1918344,1.609767,-0.05663766,0.007588267,1.546262,-0.0531349,-0.228001,1.598977,-0.1312865,0.598659,1.585223
72057594037999830,1,1.316687,95832.52,-0.1451373,0.1795611,1.627467,-0.1050509,0.7589161,1.573776,-0.2268294,0.5477716,1.550633,-0.307067,0.3719036,1.601245,-0.3239363,0.2017397,1.575114,-0.3192109,0.1967916,1.560991,0.004487922,0.5427422,1.605988,0.01863989,0.3538119,1.656655,0.01260537,0.1945725,1.583375,0.003523096,0.1524882,1.555885,-0.1958985,0.1852847,1.591947,-0.2375734,-0.01336402,1.5542,-0.2992983,-0.2408559,1.629332,-0.0896874,0.1801745,1.607602,-0.05002584,0.00450629,1.534883,-0.04553356,-0.2295306,1.596443,-0.1192948,0.5880339,1.581653
72057594037999830,1,1.316687,95832.52,-0.1451373,0.1795611,1.627467,-0.1050509,0.7589161,1.573776,-0.2268294,0.5477716,1.550633,-0.307067,0.3719036,1.601245,-0.3239363,0.2017397,1.575114,-0.3192109,0.1967916,1.560991,0.004487922,0.5427422,1.605988,0.01863989,0.3538119,1.656655,0.01260537,0.1945725,1.583375,0.003523096,0.1524882,1.555885,-0.1958985,0.1852847,1.591947,-0.2375734,-0.01336402,1.5542,-0.2992983,-0.2408559,1.629332,-0.0896874,0.1801745,1.607602,-0.05002584,0.00450629,1.534883,-0.04553356,-0.2295306,1.596443,-0.1192948,0.5880339,1.581653
72057594037999830,1,1.316687,95832.52,-0.1451373,0.1795611,1.627467,-0.1050509,0.7589161,1.573776,-0.2268294,0.5477716,1.550633,-0.307067,0.3719036,1.601245,-0.3239363,0.2017397,1.575114,-0.3192109,0.1967916,1.560991,0.004487922,0.5427422,1.605988,0.01863989,0.3538119,1.656655,0.01260537,0.1945725,1.583375,0.003523096,0.1524882,1.555885,-0.1958985,0.1852847,1.591947,-0.2375734,-0.01336402,1.5542,-0.2992983,-0.2408559,1.629332,-0.0896874,0.1801745,1.607602,-0.05002584,0.00450629,1.534883,-0.04553356,-0.2295306,1.596443,-0.1192948,0.5880339,1.581653
72057594037999830,1,1.316687,95832.52,-0.1451373,0.1795611,1.627467,-0.1050509,0.7589161,1.573776,-0.2268294,0.5477716,1.550633,-0.307067,0.3719036,1.601245,-0.3239363,0.2017397,1.575114,-0.3192109,0.1967916,1.560991,0.004487922,0.5427422,1.605988,0.01863989,0.3538119,1.656655,0.01260537,0.1945725,1.583375,0.003523096,0.1524882,1.555885,-0.1958985,0.1852847,1.591947,-0.2375734,-0.01336402,1.5542,-0.2992983,-0.2408559,1.629332,-0.0896874,0.1801745,1.607602,-0.05002584,0.00450629,1.534883,-0.04553356,-0.2295306,1.596443,-0.1192948,0.5880339,1.581653
72057594037999830,1,1.316687,95832.53,-0.1451373,0.1795611,1.627467,-0.1050509,0.7589161,1.573776,-0.2268294,0.5477716,1.550633,-0.307067,0.3719036,1.601245,-0.3239363,0.2017397,1.575114,-0.3192109,0.1967916,1.560991,0.004487922,0.5427422,1.605988,0.01863989,0.3538119,1.656655,0.01260537,0.1945725,1.583375,0.003523096,0.1524882,1.555885,-0.1958985,0.1852847,1.591947,-0.2375734,-0.01336402,1.5542,-0.2992983,-0.2408559,1.629332,-0.0896874,0.1801745,1.607602,-0.05002584,0.00450629,1.534883,-0.04553356,-0.2295306,1.596443,-0.1192948,0.5880339,1.581653
72057594037999830,1,1.316687,95832.53,-0.1451373,0.1795611,1.627467,-0.1050509,0.7589161,1.573776,-0.2268294,0.5477716,1.550633,-0.307067,0.3719036,1.601245,-0.3239363,0.2017397,1.575114,-0.3192109,0.1967916,1.560991,0.004487922,0.5427422,1.605988,0.01863989,0.3538119,1.656655,0.01260537,0.1945725,1.583375,0.003523096,0.1524882,1.555885,-0.1958985,0.1852847,1.591947,-0.2375734,-0.01336402,1.5542,-0.2992983,-0.2408559,1.629332,-0.0896874,0.1801745,1.607602,-0.05002584,0.00450629,1.534883,-0.04553356,-0.2295306,1.596443,-0.1192948,0.5880339,1.581653
72057594037999830,1,1.316687,95832.53,-0.1451373,0.1795611,1.627467,-0.1050509,0.7589161,1.573776,-0.2268294,0.5477716,1.550633,-0.307067,0.3719036,1.601245,-0.3239363,0.2017397,1.575114,-0.3192109,0.1967916,1.560991,0.004487922,0.5427422,1.605988,0.01863989,0.3538119,1.656655,0.01260537,0.1945725,1.583375,0.003523096,0.1524882,1.555885,-0.1958985,0.1852847,1.591947,-0.2375734,-0.01336402,1.5542,-0.2992983,-0.2408559,1.629332,-0.0896874,0.1801745,1.607602,-0.05002584,0.00450629,1.534883,-0.04553356,-0.2295306,1.596443,-0.1192948,0.5880339,1.581653
72057594037999830,1,1.316687,95832.54,-0.1451373,0.1795611,1.627467,-0.1050509,0.7589161,1.573776,-0.2268294,0.5477716,1.550633,-0.307067,0.3719036,1.601245,-0.3239363,0.2017397,1.575114,-0.3192109,0.1967916,1.560991,0.004487922,0.5427422,1.605988,0.01863989,0.3538119,1.656655,0.01260537,0.1945725,1.583375,0.003523096,0.1524882,1.555885,-0.1958985,0.1852847,1.591947,-0.2375734,-0.01336402,1.5542,-0.2992983,-0.2408559,1.629332,-0.0896874,0.1801745,1.607602,-0.05002584,0.00450629,1.534883,-0.04553356,-0.2295306,1.596443,-0.1192948,0.5880339,1.581653
72057594037999830,1,1.316687,95832.54,-0.1451373,0.1795611,1.627467,-0.1050509,0.7589161,1.573776,-0.2268294,0.5477716,1.550633,-0.307067,0.3719036,1.601245,-0.3239363,0.2017397,1.575114,-0.3192109,0.1967916,1.560991,0.004487922,0.5427422,1.605988,0.01863989,0.3538119,1.656655,0.01260537,0.1945725,1.583375,0.003523096,0.1524882,1.555885,-0.1958985,0.1852847,1.591947,-0.2375734,-0.01336402,1.5542,-0.2992983,-0.2408559,1.629332,-0.0896874,0.1801745,1.607602,-0.05002584,0.00450629,1.534883,-0.04553356,-0.2295306,1.596443,-0.1192948,0.5880339,1.581653
72057594037999830,1,1.316687,95832.54,-0.1451373,0.1795611,1.627467,-0.1050509,0.7589161,1.573776,-0.2268294,0.5477716,1.550633,-0.307067,0.3719036,1.601245,-0.3239363,0.2017397,1.575114,-0.3192109,0.1967916,1.560991,0.004487922,0.5427422,1.605988,0.01863989,0.3538119,1.656655,0.01260537,0.1945725,1.583375,0.003523096,0.1524882,1.555885,-0.1958985,0.1852847,1.591947,-0.2375734,-0.01336402,1.5542,-0.2992983,-0.2408559,1.629332,-0.0896874,0.1801745,1.607602,-0.05002584,0.00450629,1.534883,-0.04553356,-0.2295306,1.596443,-0.1192948,0.5880339,1.581653
72057594037999830,1,1.316687,95832.55,-0.1451373,0.1795611,1.627467,-0.1050509,0.7589161,1.573776,-0.2268294,0.5477716,1.550633,-0.307067,0.3719036,1.601245,-0.3239363,0.2017397,1.575114,-0.3192109,0.1967916,1.560991,0.004487922,0.5427422,1.605988,0.01863989,0.3538119,1.656655,0.01260537,0.1945725,1.583375,0.003523096,0.1524882,1.555885,-0.1958985,0.1852847,1.591947,-0.2375734,-0.01336402,1.5542,-0.2992983,-0.2408559,1.629332,-0.0896874,0.1801745,1.607602,-0.05002584,0.00450629,1.534883,-0.04553356,-0.2295306,1.596443,-0.1192948,0.5880339,1.581653
72057594037999830,1,1.316687,95832.55,-0.1451373,0.1795611,1.627467,-0.1050509,0.7589161,1.573776,-0.2268294,0.5477716,1.550633,-0.307067,0.3719036,1.601245,-0.3239363,0.2017397,1.575114,-0.3192109,0.1967916,1.560991,0.004487922,0.5427422,1.605988,0.01863989,0.3538119,1.656655,0.01260537,0.1945725,1.583375,0.003523096,0.1524882,1.555885,-0.1958985,0.1852847,1.591947,-0.2375734,-0.01336402,1.5542,-0.2992983,-0.2408559,1.629332,-0.0896874,0.1801745,1.607602,-0.05002584,0.00450629,1.534883,-0.04553356,-0.2295306,1.596443,-0.1192948,0.5880339,1.581653
72057594037999830,1,1.328993,95832.55,-0.1361949,0.1644154,1.621468,-0.08911444,0.7388811,1.571579,-0.2123529,0.5324004,1.548251,-0.3024115,0.366817,1.597586,-0.3211478,0.1974782,1.566341,-0.3081886,0.1863335,1.54968,0.02045454,0.5215639,1.605197,0.02741106,0.3310872,1.649846,0.02839718,0.1729747,1.573858,0.01505882,0.1309631,1.54776,-0.1873191,0.1714182,1.585541,-0.2357544,-0.0144859,1.540114,-0.2987337,-0.2417327,1.623802,-0.0806822,0.1642884,1.602021,-0.04087787,-0.007276922,1.520586,-0.0417771,-0.2306097,1.595082,-0.1046888,0.5697817,1.577487
72057594037999830,1,1.328993,95832.55,-0.1361949,0.1644154,1.621468,-0.08911444,0.7388811,1.571579,-0.2123529,0.5324004,1.548251,-0.3024115,0.366817,1.597586,-0.3211478,0.1974782,1.566341,-0.3081886,0.1863335,1.54968,0.02045454,0.5215639,1.605197,0.02741106,0.3310872,1.649846,0.02839718,0.1729747,1.573858,0.01505882,0.1309631,1.54776,-0.1873191,0.1714182,1.585541,-0.2357544,-0.0144859,1.540114,-0.2987337,-0.2417327,1.623802,-0.0806822,0.1642884,1.602021,-0.04087787,-0.007276922,1.520586,-0.0417771,-0.2306097,1.595082,-0.1046888,0.5697817,1.577487
72057594037999830,1,1.328993,95832.55,-0.1361949,0.1644154,1.621468,-0.08911444,0.7388811,1.571579,-0.2123529,0.5324004,1.548251,-0.3024115,0.366817,1.597586,-0.3211478,0.1974782,1.566341,-0.3081886,0.1863335,1.54968,0.02045454,0.5215639,1.605197,0.02741106,0.3310872,1.649846,0.02839718,0.1729747,1.573858,0.01505882,0.1309631,1.54776,-0.1873191,0.1714182,1.585541,-0.2357544,-0.0144859,1.540114,-0.2987337,-0.2417327,1.623802,-0.0806822,0.1642884,1.602021,-0.04087787,-0.007276922,1.520586,-0.0417771,-0.2306097,1.595082,-0.1046888,0.5697817,1.577487
72057594037999830,1,1.328993,95832.55,-0.1361949,0.1644154,1.621468,-0.08911444,0.7388811,1.571579,-0.2123529,0.5324004,1.548251,-0.3024115,0.366817,1.597586,-0.3211478,0.1974782,1.566341,-0.3081886,0.1863335,1.54968,0.02045454,0.5215639,1.605197,0.02741106,0.3310872,1.649846,0.02839718,0.1729747,1.573858,0.01505882,0.1309631,1.54776,-0.1873191,0.1714182,1.585541,-0.2357544,-0.0144859,1.540114,-0.2987337,-0.2417327,1.623802,-0.0806822,0.1642884,1.602021,-0.04087787,-0.007276922,1.520586,-0.0417771,-0.2306097,1.595082,-0.1046888,0.5697817,1.577487
72057594037999830,1,1.328993,95832.56,-0.1361949,0.1644154,1.621468,-0.08911444,0.7388811,1.571579,-0.2123529,0.5324004,1.548251,-0.3024115,0.366817,1.597586,-0.3211478,0.1974782,1.566341,-0.3081886,0.1863335,1.54968,0.02045454,0.5215639,1.605197,0.02741106,0.3310872,1.649846,0.02839718,0.1729747,1.573858,0.01505882,0.1309631,1.54776,-0.1873191,0.1714182,1.585541,-0.2357544,-0.0144859,1.540114,-0.2987337,-0.2417327,1.623802,-0.0806822,0.1642884,1.602021,-0.04087787,-0.007276922,1.520586,-0.0417771,-0.2306097,1.595082,-0.1046888,0.5697817,1.577487
72057594037999830,1,1.328993,95832.56,-0.1361949,0.1644154,1.621468,-0.08911444,0.7388811,1.571579,-0.2123529,0.5324004,1.548251,-0.3024115,0.366817,1.597586,-0.3211478,0.1974782,1.566341,-0.3081886,0.1863335,1.54968,0.02045454,0.5215639,1.605197,0.02741106,0.3310872,1.649846,0.02839718,0.1729747,1.573858,0.01505882,0.1309631,1.54776,-0.1873191,0.1714182,1.585541,-0.2357544,-0.0144859,1.540114,-0.2987337,-0.2417327,1.623802,-0.0806822,0.1642884,1.602021,-0.04087787,-0.007276922,1.520586,-0.0417771,-0.2306097,1.595082,-0.1046888,0.5697817,1.577487
72057594037999830,1,1.328993,95832.57,-0.1361949,0.1644154,1.621468,-0.08911444,0.7388811,1.571579,-0.2123529,0.5324004,1.548251,-0.3024115,0.366817,1.597586,-0.3211478,0.1974782,1.566341,-0.3081886,0.1863335,1.54968,0.02045454,0.5215639,1.605197,0.02741106,0.3310872,1.649846,0.02839718,0.1729747,1.573858,0.01505882,0.1309631,1.54776,-0.1873191,0.1714182,1.585541,-0.2357544,-0.0144859,1.540114,-0.2987337,-0.2417327,1.623802,-0.0806822,0.1642884,1.602021,-0.04087787,-0.007276922,1.520586,-0.0417771,-0.2306097,1.595082,-0.1046888,0.5697817,1.577487
72057594037999830,1,1.328993,95832.57,-0.1361949,0.1644154,1.621468,-0.08911444,0.7388811,1.571579,-0.2123529,0.5324004,1.548251,-0.3024115,0.366817,1.597586,-0.3211478,0.1974782,1.566341,-0.3081886,0.1863335,1.54968,0.02045454,0.5215639,1.605197,0.02741106,0.3310872,1.649846,0.02839718,0.1729747,1.573858,0.01505882,0.1309631,1.54776,-0.1873191,0.1714182,1.585541,-0.2357544,-0.0144859,1.540114,-0.2987337,-0.2417327,1.623802,-0.0806822,0.1642884,1.602021,-0.04087787,-0.007276922,1.520586,-0.0417771,-0.2306097,1.595082,-0.1046888,0.5697817,1.577487
72057594037999830,1,1.328993,95832.57,-0.1361949,0.1644154,1.621468,-0.08911444,0.7388811,1.571579,-0.2123529,0.5324004,1.548251,-0.3024115,0.366817,1.597586,-0.3211478,0.1974782,1.566341,-0.3081886,0.1863335,1.54968,0.02045454,0.5215639,1.605197,0.02741106,0.3310872,1.649846,0.02839718,0.1729747,1.573858,0.01505882,0.1309631,1.54776,-0.1873191,0.1714182,1.585541,-0.2357544,-0.0144859,1.540114,-0.2987337,-0.2417327,1.623802,-0.0806822,0.1642884,1.602021,-0.04087787,-0.007276922,1.520586,-0.0417771,-0.2306097,1.595082,-0.1046888,0.5697817,1.577487
72057594037999830,1,1.328993,95832.58,-0.1361949,0.1644154,1.621468,-0.08911444,0.7388811,1.571579,-0.2123529,0.5324004,1.548251,-0.3024115,0.366817,1.597586,-0.3211478,0.1974782,1.566341,-0.3081886,0.1863335,1.54968,0.02045454,0.5215639,1.605197,0.02741106,0.3310872,1.649846,0.02839718,0.1729747,1.573858,0.01505882,0.1309631,1.54776,-0.1873191,0.1714182,1.585541,-0.2357544,-0.0144859,1.540114,-0.2987337,-0.2417327,1.623802,-0.0806822,0.1642884,1.602021,-0.04087787,-0.007276922,1.520586,-0.0417771,-0.2306097,1.595082,-0.1046888,0.5697817,1.577487
72057594037999830,1,1.328993,95832.58,-0.1361949,0.1644154,1.621468,-0.08911444,0.7388811,1.571579,-0.2123529,0.5324004,1.548251,-0.3024115,0.366817,1.597586,-0.3211478,0.1974782,1.566341,-0.3081886,0.1863335,1.54968,0.02045454,0.5215639,1.605197,0.02741106,0.3310872,1.649846,0.02839718,0.1729747,1.573858,0.01505882,0.1309631,1.54776,-0.1873191,0.1714182,1.585541,-0.2357544,-0.0144859,1.540114,-0.2987337,-0.2417327,1.623802,-0.0806822,0.1642884,1.602021,-0.04087787,-0.007276922,1.520586,-0.0417771,-0.2306097,1.595082,-0.1046888,0.5697817,1.577487
72057594037999830,1,1.342593,95832.58,-0.1251761,0.1471905,1.615248,-0.07843033,0.7231236,1.570541,-0.1983186,0.5136299,1.548735,-0.2937953,0.3570438,1.595209,-0.2965264,0.1728757,1.541199,-0.2837075,0.1291317,1.536763,0.03120865,0.5051622,1.605627,0.03266253,0.3156577,1.645966,0.03212051,0.1571876,1.570975,0.02552084,0.1209945,1.543865,-0.17667,0.15461,1.580291,-0.2332116,-0.0200294,1.528196,-0.2986967,-0.2425624,1.619303,-0.06963757,0.1472572,1.594818,-0.02810227,-0.02072775,1.504552,-0.04073647,-0.2347192,1.592467,-0.09018475,0.5511938,1.575159
72057594037999830,1,1.342593,95832.59,-0.1251761,0.1471905,1.615248,-0.07843033,0.7231236,1.570541,-0.1983186,0.5136299,1.548735,-0.2937953,0.3570438,1.595209,-0.2965264,0.1728757,1.541199,-0.2837075,0.1291317,1.536763,0.03120865,0.5051622,1.605627,0.03266253,0.3156577,1.645966,0.03212051,0.1571876,1.570975,0.02552084,0.1209945,1.543865,-0.17667,0.15461,1.580291,-0.2332116,-0.0200294,1.528196,-0.2986967,-0.2425624,1.619303,-0.06963757,0.1472572,1.594818,-0.02810227,-0.02072775,1.504552,-0.04073647,-0.2347192,1.592467,-0.09018475,0.5511938,1.575159
72057594037999830,1,1.342593,95832.59,-0.1251761,0.1471905,1.615248,-0.07843033,0.7231236,1.570541,-0.1983186,0.5136299,1.548735,-0.2937953,0.3570438,1.595209,-0.2965264,0.1728757,1.541199,-0.2837075,0.1291317,1.536763,0.03120865,0.5051622,1.605627,0.03266253,0.3156577,1.645966,0.03212051,0.1571876,1.570975,0.02552084,0.1209945,1.543865,-0.17667,0.15461,1.580291,-0.2332116,-0.0200294,1.528196,-0.2986967,-0.2425624,1.619303,-0.06963757,0.1472572,1.594818,-0.02810227,-0.02072775,1.504552,-0.04073647,-0.2347192,1.592467,-0.09018475,0.5511938,1.575159
72057594037999830,1,1.342593,95832.59,-0.1251761,0.1471905,1.615248,-0.07843033,0.7231236,1.570541,-0.1983186,0.5136299,1.548735,-0.2937953,0.3570438,1.595209,-0.2965264,0.1728757,1.541199,-0.2837075,0.1291317,1.536763,0.03120865,0.5051622,1.605627,0.03266253,0.3156577,1.645966,0.03212051,0.1571876,1.570975,0.02552084,0.1209945,1.543865,-0.17667,0.15461,1.580291,-0.2332116,-0.0200294,1.528196,-0.2986967,-0.2425624,1.619303,-0.06963757,0.1472572,1.594818,-0.02810227,-0.02072775,1.504552,-0.04073647,-0.2347192,1.592467,-0.09018475,0.5511938,1.575159
72057594037999830,1,1.342593,95832.59,-0.1251761,0.1471905,1.615248,-0.07843033,0.7231236,1.570541,-0.1983186,0.5136299,1.548735,-0.2937953,0.3570438,1.595209,-0.2965264,0.1728757,1.541199,-0.2837075,0.1291317,1.536763,0.03120865,0.5051622,1.605627,0.03266253,0.3156577,1.645966,0.03212051,0.1571876,1.570975,0.02552084,0.1209945,1.543865,-0.17667,0.15461,1.580291,-0.2332116,-0.0200294,1.528196,-0.2986967,-0.2425624,1.619303,-0.06963757,0.1472572,1.594818,-0.02810227,-0.02072775,1.504552,-0.04073647,-0.2347192,1.592467,-0.09018475,0.5511938,1.575159
72057594037999830,1,1.342593,95832.59,-0.1251761,0.1471905,1.615248,-0.07843033,0.7231236,1.570541,-0.1983186,0.5136299,1.548735,-0.2937953,0.3570438,1.595209,-0.2965264,0.1728757,1.541199,-0.2837075,0.1291317,1.536763,0.03120865,0.5051622,1.605627,0.03266253,0.3156577,1.645966,0.03212051,0.1571876,1.570975,0.02552084,0.1209945,1.543865,-0.17667,0.15461,1.580291,-0.2332116,-0.0200294,1.528196,-0.2986967,-0.2425624,1.619303,-0.06963757,0.1472572,1.594818,-0.02810227,-0.02072775,1.504552,-0.04073647,-0.2347192,1.592467,-0.09018475,0.5511938,1.575159
72057594037999830,1,1.342593,95832.6,-0.1251761,0.1471905,1.615248,-0.07843033,0.7231236,1.570541,-0.1983186,0.5136299,1.548735,-0.2937953,0.3570438,1.595209,-0.2965264,0.1728757,1.541199,-0.2837075,0.1291317,1.536763,0.03120865,0.5051622,1.605627,0.03266253,0.3156577,1.645966,0.03212051,0.1571876,1.570975,0.02552084,0.1209945,1.543865,-0.17667,0.15461,1.580291,-0.2332116,-0.0200294,1.528196,-0.2986967,-0.2425624,1.619303,-0.06963757,0.1472572,1.594818,-0.02810227,-0.02072775,1.504552,-0.04073647,-0.2347192,1.592467,-0.09018475,0.5511938,1.575159
72057594037999830,1,1.342593,95832.6,-0.1251761,0.1471905,1.615248,-0.07843033,0.7231236,1.570541,-0.1983186,0.5136299,1.548735,-0.2937953,0.3570438,1.595209,-0.2965264,0.1728757,1.541199,-0.2837075,0.1291317,1.536763,0.03120865,0.5051622,1.605627,0.03266253,0.3156577,1.645966,0.03212051,0.1571876,1.570975,0.02552084,0.1209945,1.543865,-0.17667,0.15461,1.580291,-0.2332116,-0.0200294,1.528196,-0.2986967,-0.2425624,1.619303,-0.06963757,0.1472572,1.594818,-0.02810227,-0.02072775,1.504552,-0.04073647,-0.2347192,1.592467,-0.09018475,0.5511938,1.575159
72057594037999830,1,1.342593,95832.6,-0.1251761,0.1471905,1.615248,-0.07843033,0.7231236,1.570541,-0.1983186,0.5136299,1.548735,-0.2937953,0.3570438,1.595209,-0.2965264,0.1728757,1.541199,-0.2837075,0.1291317,1.536763,0.03120865,0.5051622,1.605627,0.03266253,0.3156577,1.645966,0.03212051,0.1571876,1.570975,0.02552084,0.1209945,1.543865,-0.17667,0.15461,1.580291,-0.2332116,-0.0200294,1.528196,-0.2986967,-0.2425624,1.619303,-0.06963757,0.1472572,1.594818,-0.02810227,-0.02072775,1.504552,-0.04073647,-0.2347192,1.592467,-0.09018475,0.5511938,1.575159
72057594037999830,1,1.342593,95832.61,-0.1251761,0.1471905,1.615248,-0.07843033,0.7231236,1.570541,-0.1983186,0.5136299,1.548735,-0.2937953,0.3570438,1.595209,-0.2965264,0.1728757,1.541199,-0.2837075,0.1291317,1.536763,0.03120865,0.5051622,1.605627,0.03266253,0.3156577,1.645966,0.03212051,0.1571876,1.570975,0.02552084,0.1209945,1.543865,-0.17667,0.15461,1.580291,-0.2332116,-0.0200294,1.528196,-0.2986967,-0.2425624,1.619303,-0.06963757,0.1472572,1.594818,-0.02810227,-0.02072775,1.504552,-0.04073647,-0.2347192,1.592467,-0.09018475,0.5511938,1.575159
72057594037999830,1,1.342593,95832.61,-0.1251761,0.1471905,1.615248,-0.07843033,0.7231236,1.570541,-0.1983186,0.5136299,1.548735,-0.2937953,0.3570438,1.595209,-0.2965264,0.1728757,1.541199,-0.2837075,0.1291317,1.536763,0.03120865,0.5051622,1.605627,0.03266253,0.3156577,1.645966,0.03212051,0.1571876,1.570975,0.02552084,0.1209945,1.543865,-0.17667,0.15461,1.580291,-0.2332116,-0.0200294,1.528196,-0.2986967,-0.2425624,1.619303,-0.06963757,0.1472572,1.594818,-0.02810227,-0.02072775,1.504552,-0.04073647,-0.2347192,1.592467,-0.09018475,0.5511938,1.575159
72057594037999830,1,1.342593,95832.61,-0.1251761,0.1471905,1.615248,-0.07843033,0.7231236,1.570541,-0.1983186,0.5136299,1.548735,-0.2937953,0.3570438,1.595209,-0.2965264,0.1728757,1.541199,-0.2837075,0.1291317,1.536763,0.03120865,0.5051622,1.605627,0.03266253,0.3156577,1.645966,0.03212051,0.1571876,1.570975,0.02552084,0.1209945,1.543865,-0.17667,0.15461,1.580291,-0.2332116,-0.0200294,1.528196,-0.2986967,-0.2425624,1.619303,-0.06963757,0.1472572,1.594818,-0.02810227,-0.02072775,1.504552,-0.04073647,-0.2347192,1.592467,-0.09018475,0.5511938,1.575159
72057594037999830,1,1.351458,95832.62,-0.1147406,0.1374664,1.610043,-0.0714857,0.715387,1.571801,-0.1886736,0.5067315,1.551733,-0.2769199,0.3396001,1.59704,-0.2926146,0.1752849,1.540773,-0.2848904,0.1574385,1.531796,0.04020303,0.4960872,1.605274,0.04641712,0.3017568,1.637094,0.05080929,0.1401257,1.570536,0.04339251,0.1034357,1.544546,-0.1659601,0.1451098,1.576024,-0.2308531,-0.0237872,1.520014,-0.2997611,-0.2450369,1.615096,-0.05977308,0.1376239,1.588676,-0.0216822,-0.03147265,1.500022,-0.04170553,-0.2377511,1.591753,-0.08005568,0.542971,1.575528
72057594037999830,1,1.351458,95832.62,-0.1147406,0.1374664,1.610043,-0.0714857,0.715387,1.571801,-0.1886736,0.5067315,1.551733,-0.2769199,0.3396001,1.59704,-0.2926146,0.1752849,1.540773,-0.2848904,0.1574385,1.531796,0.04020303,0.4960872,1.605274,0.04641712,0.3017568,1.637094,0.05080929,0.1401257,1.570536,0.04339251,0.1034357,1.544546,-0.1659601,0.1451098,1.576024,-0.2308531,-0.0237872,1.520014,-0.2997611,-0.2450369,1.615096,-0.05977308,0.1376239,1.588676,-0.0216822,-0.03147265,1.500022,-0.04170553,-0.2377511,1.591753,-0.08005568,0.542971,1.575528
72057594037999830,1,1.351458,95832.63,-0.1147406,0.1374664,1.610043,-0.0714857,0.715387,1.571801,-0.1886736,0.5067315,1.551733,-0.2769199,0.3396001,1.59704,-0.2926146,0.1752849,1.540773,-0.2848904,0.1574385,1.531796,0.04020303,0.4960872,1.605274,0.04641712,0.3017568,1.637094,0.05080929,0.1401257,1.570536,0.04339251,0.1034357,1.544546,-0.1659601,0.1451098,1.576024,-0.2308531,-0.0237872,1.520014,-0.2997611,-0.2450369,1.615096,-0.05977308,0.1376239,1.588676,-0.0216822,-0.03147265,1.500022,-0.04170553,-0.2377511,1.591753,-0.08005568,0.542971,1.575528
72057594037999830,1,1.351458,95832.63,-0.1147406,0.1374664,1.610043,-0.0714857,0.715387,1.571801,-0.1886736,0.5067315,1.551733,-0.2769199,0.3396001,1.59704,-0.2926146,0.1752849,1.540773,-0.2848904,0.1574385,1.531796,0.04020303,0.4960872,1.605274,0.04641712,0.3017568,1.637094,0.05080929,0.1401257,1.570536,0.04339251,0.1034357,1.544546,-0.1659601,0.1451098,1.576024,-0.2308531,-0.0237872,1.520014,-0.2997611,-0.2450369,1.615096,-0.05977308,0.1376239,1.588676,-0.0216822,-0.03147265,1.500022,-0.04170553,-0.2377511,1.591753,-0.08005568,0.542971,1.575528
72057594037999830,1,1.351458,95832.63,-0.1147406,0.1374664,1.610043,-0.0714857,0.715387,1.571801,-0.1886736,0.5067315,1.551733,-0.2769199,0.3396001,1.59704,-0.2926146,0.1752849,1.540773,-0.2848904,0.1574385,1.531796,0.04020303,0.4960872,1.605274,0.04641712,0.3017568,1.637094,0.05080929,0.1401257,1.570536,0.04339251,0.1034357,1.544546,-0.1659601,0.1451098,1.576024,-0.2308531,-0.0237872,1.520014,-0.2997611,-0.2450369,1.615096,-0.05977308,0.1376239,1.588676,-0.0216822,-0.03147265,1.500022,-0.04170553,-0.2377511,1.591753,-0.08005568,0.542971,1.575528
72057594037999830,1,1.351458,95832.63,-0.1147406,0.1374664,1.610043,-0.0714857,0.715387,1.571801,-0.1886736,0.5067315,1.551733,-0.2769199,0.3396001,1.59704,-0.2926146,0.1752849,1.540773,-0.2848904,0.1574385,1.531796,0.04020303,0.4960872,1.605274,0.04641712,0.3017568,1.637094,0.05080929,0.1401257,1.570536,0.04339251,0.1034357,1.544546,-0.1659601,0.1451098,1.576024,-0.2308531,-0.0237872,1.520014,-0.2997611,-0.2450369,1.615096,-0.05977308,0.1376239,1.588676,-0.0216822,-0.03147265,1.500022,-0.04170553,-0.2377511,1.591753,-0.08005568,0.542971,1.575528
72057594037999830,1,1.351458,95832.63,-0.1147406,0.1374664,1.610043,-0.0714857,0.715387,1.571801,-0.1886736,0.5067315,1.551733,-0.2769199,0.3396001,1.59704,-0.2926146,0.1752849,1.540773,-0.2848904,0.1574385,1.531796,0.04020303,0.4960872,1.605274,0.04641712,0.3017568,1.637094,0.05080929,0.1401257,1.570536,0.04339251,0.1034357,1.544546,-0.1659601,0.1451098,1.576024,-0.2308531,-0.0237872,1.520014,-0.2997611,-0.2450369,1.615096,-0.05977308,0.1376239,1.588676,-0.0216822,-0.03147265,1.500022,-0.04170553,-0.2377511,1.591753,-0.08005568,0.542971,1.575528
72057594037999830,1,1.351458,95832.63,-0.1147406,0.1374664,1.610043,-0.0714857,0.715387,1.571801,-0.1886736,0.5067315,1.551733,-0.2769199,0.3396001,1.59704,-0.2926146,0.1752849,1.540773,-0.2848904,0.1574385,1.531796,0.04020303,0.4960872,1.605274,0.04641712,0.3017568,1.637094,0.05080929,0.1401257,1.570536,0.04339251,0.1034357,1.544546,-0.1659601,0.1451098,1.576024,-0.2308531,-0.0237872,1.520014,-0.2997611,-0.2450369,1.615096,-0.05977308,0.1376239,1.588676,-0.0216822,-0.03147265,1.500022,-0.04170553,-0.2377511,1.591753,-0.08005568,0.542971,1.575528
72057594037999830,1,1.351458,95832.64,-0.1147406,0.1374664,1.610043,-0.0714857,0.715387,1.571801,-0.1886736,0.5067315,1.551733,-0.2769199,0.3396001,1.59704,-0.2926146,0.1752849,1.540773,-0.2848904,0.1574385,1.531796,0.04020303,0.4960872,1.605274,0.04641712,0.3017568,1.637094,0.05080929,0.1401257,1.570536,0.04339251,0.1034357,1.544546,-0.1659601,0.1451098,1.576024,-0.2308531,-0.0237872,1.520014,-0.2997611,-0.2450369,1.615096,-0.05977308,0.1376239,1.588676,-0.0216822,-0.03147265,1.500022,-0.04170553,-0.2377511,1.591753,-0.08005568,0.542971,1.575528
72057594037999830,1,1.351458,95832.64,-0.1147406,0.1374664,1.610043,-0.0714857,0.715387,1.571801,-0.1886736,0.5067315,1.551733,-0.2769199,0.3396001,1.59704,-0.2926146,0.1752849,1.540773,-0.2848904,0.1574385,1.531796,0.04020303,0.4960872,1.605274,0.04641712,0.3017568,1.637094,0.05080929,0.1401257,1.570536,0.04339251,0.1034357,1.544546,-0.1659601,0.1451098,1.576024,-0.2308531,-0.0237872,1.520014,-0.2997611,-0.2450369,1.615096,-0.05977308,0.1376239,1.588676,-0.0216822,-0.03147265,1.500022,-0.04170553,-0.2377511,1.591753,-0.08005568,0.542971,1.575528
72057594037999830,1,1.351458,95832.65,-0.1147406,0.1374664,1.610043,-0.0714857,0.715387,1.571801,-0.1886736,0.5067315,1.551733,-0.2769199,0.3396001,1.59704,-0.2926146,0.1752849,1.540773,-0.2848904,0.1574385,1.531796,0.04020303,0.4960872,1.605274,0.04641712,0.3017568,1.637094,0.05080929,0.1401257,1.570536,0.04339251,0.1034357,1.544546,-0.1659601,0.1451098,1.576024,-0.2308531,-0.0237872,1.520014,-0.2997611,-0.2450369,1.615096,-0.05977308,0.1376239,1.588676,-0.0216822,-0.03147265,1.500022,-0.04170553,-0.2377511,1.591753,-0.08005568,0.542971,1.575528
72057594037999830,1,1.354308,95832.65,-0.09775142,0.1376777,1.605138,-0.06586717,0.7156804,1.57361,-0.1766208,0.5058342,1.556266,-0.2595493,0.3375928,1.598124,-0.2722103,0.174212,1.538008,-0.2700429,0.1693296,1.531833,0.05245426,0.4994054,1.60108,0.06046018,0.2971636,1.6361,0.06750696,0.115896,1.539913,0.05511433,0.06234682,1.519023,-0.1497989,0.1450711,1.57396,-0.222506,-0.02427819,1.519604,-0.2992412,-0.2440481,1.613488,-0.04212804,0.1381656,1.580545,-0.01494074,-0.03471294,1.497738,-0.04148275,-0.2383744,1.591739,-0.06735137,0.5432972,1.576726
72057594037999830,1,1.354308,95832.66,-0.09775142,0.1376777,1.605138,-0.06586717,0.7156804,1.57361,-0.1766208,0.5058342,1.556266,-0.2595493,0.3375928,1.598124,-0.2722103,0.174212,1.538008,-0.2700429,0.1693296,1.531833,0.05245426,0.4994054,1.60108,0.06046018,0.2971636,1.6361,0.06750696,0.115896,1.539913,0.05511433,0.06234682,1.519023,-0.1497989,0.1450711,1.57396,-0.222506,-0.02427819,1.519604,-0.2992412,-0.2440481,1.613488,-0.04212804,0.1381656,1.580545,-0.01494074,-0.03471294,1.497738,-0.04148275,-0.2383744,1.591739,-0.06735137,0.5432972,1.576726
72057594037999830,1,1.354308,95832.66,-0.09775142,0.1376777,1.605138,-0.06586717,0.7156804,1.57361,-0.1766208,0.5058342,1.556266,-0.2595493,0.3375928,1.598124,-0.2722103,0.174212,1.538008,-0.2700429,0.1693296,1.531833,0.05245426,0.4994054,1.60108,0.06046018,0.2971636,1.6361,0.06750696,0.115896,1.539913,0.05511433,0.06234682,1.519023,-0.1497989,0.1450711,1.57396,-0.222506,-0.02427819,1.519604,-0.2992412,-0.2440481,1.613488,-0.04212804,0.1381656,1.580545,-0.01494074,-0.03471294,1.497738,-0.04148275,-0.2383744,1.591739,-0.06735137,0.5432972,1.576726
72057594037999830,1,1.354308,95832.66,-0.09775142,0.1376777,1.605138,-0.06586717,0.7156804,1.57361,-0.1766208,0.5058342,1.556266,-0.2595493,0.3375928,1.598124,-0.2722103,0.174212,1.538008,-0.2700429,0.1693296,1.531833,0.05245426,0.4994054,1.60108,0.06046018,0.2971636,1.6361,0.06750696,0.115896,1.539913,0.05511433,0.06234682,1.519023,-0.1497989,0.1450711,1.57396,-0.222506,-0.02427819,1.519604,-0.2992412,-0.2440481,1.613488,-0.04212804,0.1381656,1.580545,-0.01494074,-0.03471294,1.497738,-0.04148275,-0.2383744,1.591739,-0.06735137,0.5432972,1.576726
72057594037999830,1,1.354308,95832.66,-0.09775142,0.1376777,1.605138,-0.06586717,0.7156804,1.57361,-0.1766208,0.5058342,1.556266,-0.2595493,0.3375928,1.598124,-0.2722103,0.174212,1.538008,-0.2700429,0.1693296,1.531833,0.05245426,0.4994054,1.60108,0.06046018,0.2971636,1.6361,0.06750696,0.115896,1.539913,0.05511433,0.06234682,1.519023,-0.1497989,0.1450711,1.57396,-0.222506,-0.02427819,1.519604,-0.2992412,-0.2440481,1.613488,-0.04212804,0.1381656,1.580545,-0.01494074,-0.03471294,1.497738,-0.04148275,-0.2383744,1.591739,-0.06735137,0.5432972,1.576726
72057594037999830,1,1.354308,95832.66,-0.09775142,0.1376777,1.605138,-0.06586717,0.7156804,1.57361,-0.1766208,0.5058342,1.556266,-0.2595493,0.3375928,1.598124,-0.2722103,0.174212,1.538008,-0.2700429,0.1693296,1.531833,0.05245426,0.4994054,1.60108,0.06046018,0.2971636,1.6361,0.06750696,0.115896,1.539913,0.05511433,0.06234682,1.519023,-0.1497989,0.1450711,1.57396,-0.222506,-0.02427819,1.519604,-0.2992412,-0.2440481,1.613488,-0.04212804,0.1381656,1.580545,-0.01494074,-0.03471294,1.497738,-0.04148275,-0.2383744,1.591739,-0.06735137,0.5432972,1.576726
72057594037999830,1,1.354308,95832.66,-0.09775142,0.1376777,1.605138,-0.06586717,0.7156804,1.57361,-0.1766208,0.5058342,1.556266,-0.2595493,0.3375928,1.598124,-0.2722103,0.174212,1.538008,-0.2700429,0.1693296,1.531833,0.05245426,0.4994054,1.60108,0.06046018,0.2971636,1.6361,0.06750696,0.115896,1.539913,0.05511433,0.06234682,1.519023,-0.1497989,0.1450711,1.57396,-0.222506,-0.02427819,1.519604,-0.2992412,-0.2440481,1.613488,-0.04212804,0.1381656,1.580545,-0.01494074,-0.03471294,1.497738,-0.04148275,-0.2383744,1.591739,-0.06735137,0.5432972,1.576726
72057594037999830,1,1.354308,95832.67,-0.09775142,0.1376777,1.605138,-0.06586717,0.7156804,1.57361,-0.1766208,0.5058342,1.556266,-0.2595493,0.3375928,1.598124,-0.2722103,0.174212,1.538008,-0.2700429,0.1693296,1.531833,0.05245426,0.4994054,1.60108,0.06046018,0.2971636,1.6361,0.06750696,0.115896,1.539913,0.05511433,0.06234682,1.519023,-0.1497989,0.1450711,1.57396,-0.222506,-0.02427819,1.519604,-0.2992412,-0.2440481,1.613488,-0.04212804,0.1381656,1.580545,-0.01494074,-0.03471294,1.497738,-0.04148275,-0.2383744,1.591739,-0.06735137,0.5432972,1.576726
72057594037999830,1,1.354308,95832.67,-0.09775142,0.1376777,1.605138,-0.06586717,0.7156804,1.57361,-0.1766208,0.5058342,1.556266,-0.2595493,0.3375928,1.598124,-0.2722103,0.174212,1.538008,-0.2700429,0.1693296,1.531833,0.05245426,0.4994054,1.60108,0.06046018,0.2971636,1.6361,0.06750696,0.115896,1.539913,0.05511433,0.06234682,1.519023,-0.1497989,0.1450711,1.57396,-0.222506,-0.02427819,1.519604,-0.2992412,-0.2440481,1.613488,-0.04212804,0.1381656,1.580545,-0.01494074,-0.03471294,1.497738,-0.04148275,-0.2383744,1.591739,-0.06735137,0.5432972,1.576726
72057594037999830,1,1.354308,95832.67,-0.09775142,0.1376777,1.605138,-0.06586717,0.7156804,1.57361,-0.1766208,0.5058342,1.556266,-0.2595493,0.3375928,1.598124,-0.2722103,0.174212,1.538008,-0.2700429,0.1693296,1.531833,0.05245426,0.4994054,1.60108,0.06046018,0.2971636,1.6361,0.06750696,0.115896,1.539913,0.05511433,0.06234682,1.519023,-0.1497989,0.1450711,1.57396,-0.222506,-0.02427819,1.519604,-0.2992412,-0.2440481,1.613488,-0.04212804,0.1381656,1.580545,-0.01494074,-0.03471294,1.497738,-0.04148275,-0.2383744,1.591739,-0.06735137,0.5432972,1.576726
72057594037999830,1,1.354308,95832.68,-0.09775142,0.1376777,1.605138,-0.06586717,0.7156804,1.57361,-0.1766208,0.5058342,1.556266,-0.2595493,0.3375928,1.598124,-0.2722103,0.174212,1.538008,-0.2700429,0.1693296,1.531833,0.05245426,0.4994054,1.60108,0.06046018,0.2971636,1.6361,0.06750696,0.115896,1.539913,0.05511433,0.06234682,1.519023,-0.1497989,0.1450711,1.57396,-0.222506,-0.02427819,1.519604,-0.2992412,-0.2440481,1.613488,-0.04212804,0.1381656,1.580545,-0.01494074,-0.03471294,1.497738,-0.04148275,-0.2383744,1.591739,-0.06735137,0.5432972,1.576726
72057594037999830,1,1.340337,95832.68,-0.05923794,0.1618265,1.604095,-0.05588699,0.7331716,1.579437,-0.1552045,0.5224863,1.563946,-0.2232519,0.353831,1.603198,-0.2437647,0.1900765,1.546755,-0.2306106,0.1717642,1.540441,0.07448218,0.5299935,1.592436,0.105971,0.3400981,1.637205,0.09013706,0.1794281,1.569496,0.08275494,0.1344166,1.545996,-0.1125438,0.1667768,1.577945,-0.1944688,-0.01405519,1.542779,-0.2953233,-0.2434755,1.613311,-0.00370742,0.164222,1.574459,0.01290944,-0.01443762,1.508608,-0.03997898,-0.2382691,1.591383,-0.04405203,0.5653085,1.581909
72057594037999830,1,1.340337,95832.69,-0.05923794,0.1618265,1.604095,-0.05588699,0.7331716,1.579437,-0.1552045,0.5224863,1.563946,-0.2232519,0.353831,1.603198,-0.2437647,0.1900765,1.546755,-0.2306106,0.1717642,1.540441,0.07448218,0.5299935,1.592436,0.105971,0.3400981,1.637205,0.09013706,0.1794281,1.569496,0.08275494,0.1344166,1.545996,-0.1125438,0.1667768,1.577945,-0.1944688,-0.01405519,1.542779,-0.2953233,-0.2434755,1.613311,-0.00370742,0.164222,1.574459,0.01290944,-0.01443762,1.508608,-0.03997898,-0.2382691,1.591383,-0.04405203,0.5653085,1.581909
72057594037999830,1,1.340337,95832.69,-0.05923794,0.1618265,1.604095,-0.05588699,0.7331716,1.579437,-0.1552045,0.5224863,1.563946,-0.2232519,0.353831,1.603198,-0.2437647,0.1900765,1.546755,-0.2306106,0.1717642,1.540441,0.07448218,0.5299935,1.592436,0.105971,0.3400981,1.637205,0.09013706,0.1794281,1.569496,0.08275494,0.1344166,1.545996,-0.1125438,0.1667768,1.577945,-0.1944688,-0.01405519,1.542779,-0.2953233,-0.2434755,1.613311,-0.00370742,0.164222,1.574459,0.01290944,-0.01443762,1.508608,-0.03997898,-0.2382691,1.591383,-0.04405203,0.5653085,1.581909
72057594037999830,1,1.340337,95832.69,-0.05923794,0.1618265,1.604095,-0.05588699,0.7331716,1.579437,-0.1552045,0.5224863,1.563946,-0.2232519,0.353831,1.603198,-0.2437647,0.1900765,1.546755,-0.2306106,0.1717642,1.540441,0.07448218,0.5299935,1.592436,0.105971,0.3400981,1.637205,0.09013706,0.1794281,1.569496,0.08275494,0.1344166,1.545996,-0.1125438,0.1667768,1.577945,-0.1944688,-0.01405519,1.542779,-0.2953233,-0.2434755,1.613311,-0.00370742,0.164222,1.574459,0.01290944,-0.01443762,1.508608,-0.03997898,-0.2382691,1.591383,-0.04405203,0.5653085,1.581909
72057594037999830,1,1.340337,95832.7,-0.05923794,0.1618265,1.604095,-0.05588699,0.7331716,1.579437,-0.1552045,0.5224863,1.563946,-0.2232519,0.353831,1.603198,-0.2437647,0.1900765,1.546755,-0.2306106,0.1717642,1.540441,0.07448218,0.5299935,1.592436,0.105971,0.3400981,1.637205,0.09013706,0.1794281,1.569496,0.08275494,0.1344166,1.545996,-0.1125438,0.1667768,1.577945,-0.1944688,-0.01405519,1.542779,-0.2953233,-0.2434755,1.613311,-0.00370742,0.164222,1.574459,0.01290944,-0.01443762,1.508608,-0.03997898,-0.2382691,1.591383,-0.04405203,0.5653085,1.581909
72057594037999830,1,1.340337,95832.7,-0.05923794,0.1618265,1.604095,-0.05588699,0.7331716,1.579437,-0.1552045,0.5224863,1.563946,-0.2232519,0.353831,1.603198,-0.2437647,0.1900765,1.546755,-0.2306106,0.1717642,1.540441,0.07448218,0.5299935,1.592436,0.105971,0.3400981,1.637205,0.09013706,0.1794281,1.569496,0.08275494,0.1344166,1.545996,-0.1125438,0.1667768,1.577945,-0.1944688,-0.01405519,1.542779,-0.2953233,-0.2434755,1.613311,-0.00370742,0.164222,1.574459,0.01290944,-0.01443762,1.508608,-0.03997898,-0.2382691,1.591383,-0.04405203,0.5653085,1.581909
72057594037999830,1,1.340337,95832.7,-0.05923794,0.1618265,1.604095,-0.05588699,0.7331716,1.579437,-0.1552045,0.5224863,1.563946,-0.2232519,0.353831,1.603198,-0.2437647,0.1900765,1.546755,-0.2306106,0.1717642,1.540441,0.07448218,0.5299935,1.592436,0.105971,0.3400981,1.637205,0.09013706,0.1794281,1.569496,0.08275494,0.1344166,1.545996,-0.1125438,0.1667768,1.577945,-0.1944688,-0.01405519,1.542779,-0.2953233,-0.2434755,1.613311,-0.00370742,0.164222,1.574459,0.01290944,-0.01443762,1.508608,-0.03997898,-0.2382691,1.591383,-0.04405203,0.5653085,1.581909
72057594037999830,1,1.340337,95832.7,-0.05923794,0.1618265,1.604095,-0.05588699,0.7331716,1.579437,-0.1552045,0.5224863,1.563946,-0.2232519,0.353831,1.603198,-0.2437647,0.1900765,1.546755,-0.2306106,0.1717642,1.540441,0.07448218,0.5299935,1.592436,0.105971,0.3400981,1.637205,0.09013706,0.1794281,1.569496,0.08275494,0.1344166,1.545996,-0.1125438,0.1667768,1.577945,-0.1944688,-0.01405519,1.542779,-0.2953233,-0.2434755,1.613311,-0.00370742,0.164222,1.574459,0.01290944,-0.01443762,1.508608,-0.03997898,-0.2382691,1.591383,-0.04405203,0.5653085,1.581909
72057594037999830,1,1.340337,95832.7,-0.05923794,0.1618265,1.604095,-0.05588699,0.7331716,1.579437,-0.1552045,0.5224863,1.563946,-0.2232519,0.353831,1.603198,-0.2437647,0.1900765,1.546755,-0.2306106,0.1717642,1.540441,0.07448218,0.5299935,1.592436,0.105971,0.3400981,1.637205,0.09013706,0.1794281,1.569496,0.08275494,0.1344166,1.545996,-0.1125438,0.1667768,1.577945,-0.1944688,-0.01405519,1.542779,-0.2953233,-0.2434755,1.613311,-0.00370742,0.164222,1.574459,0.01290944,-0.01443762,1.508608,-0.03997898,-0.2382691,1.591383,-0.04405203,0.5653085,1.581909
72057594037999830,1,1.340337,95832.71,-0.05923794,0.1618265,1.604095,-0.05588699,0.7331716,1.579437,-0.1552045,0.5224863,1.563946,-0.2232519,0.353831,1.603198,-0.2437647,0.1900765,1.546755,-0.2306106,0.1717642,1.540441,0.07448218,0.5299935,1.592436,0.105971,0.3400981,1.637205,0.09013706,0.1794281,1.569496,0.08275494,0.1344166,1.545996,-0.1125438,0.1667768,1.577945,-0.1944688,-0.01405519,1.542779,-0.2953233,-0.2434755,1.613311,-0.00370742,0.164222,1.574459,0.01290944,-0.01443762,1.508608,-0.03997898,-0.2382691,1.591383,-0.04405203,0.5653085,1.581909
72057594037999830,1,1.340337,95832.71,-0.05923794,0.1618265,1.604095,-0.05588699,0.7331716,1.579437,-0.1552045,0.5224863,1.563946,-0.2232519,0.353831,1.603198,-0.2437647,0.1900765,1.546755,-0.2306106,0.1717642,1.540441,0.07448218,0.5299935,1.592436,0.105971,0.3400981,1.637205,0.09013706,0.1794281,1.569496,0.08275494,0.1344166,1.545996,-0.1125438,0.1667768,1.577945,-0.1944688,-0.01405519,1.542779,-0.2953233,-0.2434755,1.613311,-0.00370742,0.164222,1.574459,0.01290944,-0.01443762,1.508608,-0.03997898,-0.2382691,1.591383,-0.04405203,0.5653085,1.581909
72057594037999830,1,1.340337,95832.71,-0.05923794,0.1618265,1.604095,-0.05588699,0.7331716,1.579437,-0.1552045,0.5224863,1.563946,-0.2232519,0.353831,1.603198,-0.2437647,0.1900765,1.546755,-0.2306106,0.1717642,1.540441,0.07448218,0.5299935,1.592436,0.105971,0.3400981,1.637205,0.09013706,0.1794281,1.569496,0.08275494,0.1344166,1.545996,-0.1125438,0.1667768,1.577945,-0.1944688,-0.01405519,1.542779,-0.2953233,-0.2434755,1.613311,-0.00370742,0.164222,1.574459,0.01290944,-0.01443762,1.508608,-0.03997898,-0.2382691,1.591383,-0.04405203,0.5653085,1.581909
72057594037999830,1,1.31716,95832.72,-0.02478987,0.1951538,1.609907,-0.04548134,0.7743053,1.58569,-0.1365974,0.5572742,1.569701,-0.1851943,0.3900939,1.607807,-0.19717,0.2222491,1.563197,-0.1873723,0.2012841,1.551741,0.09166019,0.5627203,1.586221,0.1262303,0.3596261,1.63719,0.1195269,0.1466233,1.539931,0.1097681,0.08747825,1.522457,-0.07852016,0.1971105,1.586233,-0.1515114,-0.00632304,1.573983,-0.2768103,-0.2416426,1.604969,0.02969437,0.1992117,1.577795,0.05298711,0.01777941,1.536027,-0.02898784,-0.2366434,1.59152,-0.02776909,0.6016418,1.585135
72057594037999830,1,1.31716,95832.72,-0.02478987,0.1951538,1.609907,-0.04548134,0.7743053,1.58569,-0.1365974,0.5572742,1.569701,-0.1851943,0.3900939,1.607807,-0.19717,0.2222491,1.563197,-0.1873723,0.2012841,1.551741,0.09166019,0.5627203,1.586221,0.1262303,0.3596261,1.63719,0.1195269,0.1466233,1.539931,0.1097681,0.08747825,1.522457,-0.07852016,0.1971105,1.586233,-0.1515114,-0.00632304,1.573983,-0.2768103,-0.2416426,1.604969,0.02969437,0.1992117,1.577795,0.05298711,0.01777941,1.536027,-0.02898784,-0.2366434,1.59152,-0.02776909,0.6016418,1.585135
72057594037999830,1,1.31716,95832.72,-0.02478987,0.1951538,1.609907,-0.04548134,0.7743053,1.58569,-0.1365974,0.5572742,1.569701,-0.1851943,0.3900939,1.607807,-0.19717,0.2222491,1.563197,-0.1873723,0.2012841,1.551741,0.09166019,0.5627203,1.586221,0.1262303,0.3596261,1.63719,0.1195269,0.1466233,1.539931,0.1097681,0.08747825,1.522457,-0.07852016,0.1971105,1.586233,-0.1515114,-0.00632304,1.573983,-0.2768103,-0.2416426,1.604969,0.02969437,0.1992117,1.577795,0.05298711,0.01777941,1.536027,-0.02898784,-0.2366434,1.59152,-0.02776909,0.6016418,1.585135
72057594037999830,1,1.31716,95832.73,-0.02478987,0.1951538,1.609907,-0.04548134,0.7743053,1.58569,-0.1365974,0.5572742,1.569701,-0.1851943,0.3900939,1.607807,-0.19717,0.2222491,1.563197,-0.1873723,0.2012841,1.551741,0.09166019,0.5627203,1.586221,0.1262303,0.3596261,1.63719,0.1195269,0.1466233,1.539931,0.1097681,0.08747825,1.522457,-0.07852016,0.1971105,1.586233,-0.1515114,-0.00632304,1.573983,-0.2768103,-0.2416426,1.604969,0.02969437,0.1992117,1.577795,0.05298711,0.01777941,1.536027,-0.02898784,-0.2366434,1.59152,-0.02776909,0.6016418,1.585135
72057594037999830,1,1.31716,95832.73,-0.02478987,0.1951538,1.609907,-0.04548134,0.7743053,1.58569,-0.1365974,0.5572742,1.569701,-0.1851943,0.3900939,1.607807,-0.19717,0.2222491,1.563197,-0.1873723,0.2012841,1.551741,0.09166019,0.5627203,1.586221,0.1262303,0.3596261,1.63719,0.1195269,0.1466233,1.539931,0.1097681,0.08747825,1.522457,-0.07852016,0.1971105,1.586233,-0.1515114,-0.00632304,1.573983,-0.2768103,-0.2416426,1.604969,0.02969437,0.1992117,1.577795,0.05298711,0.01777941,1.536027,-0.02898784,-0.2366434,1.59152,-0.02776909,0.6016418,1.585135
72057594037999830,1,1.31716,95832.73,-0.02478987,0.1951538,1.609907,-0.04548134,0.7743053,1.58569,-0.1365974,0.5572742,1.569701,-0.1851943,0.3900939,1.607807,-0.19717,0.2222491,1.563197,-0.1873723,0.2012841,1.551741,0.09166019,0.5627203,1.586221,0.1262303,0.3596261,1.63719,0.1195269,0.1466233,1.539931,0.1097681,0.08747825,1.522457,-0.07852016,0.1971105,1.586233,-0.1515114,-0.00632304,1.573983,-0.2768103,-0.2416426,1.604969,0.02969437,0.1992117,1.577795,0.05298711,0.01777941,1.536027,-0.02898784,-0.2366434,1.59152,-0.02776909,0.6016418,1.585135
72057594037999830,1,1.31716,95832.73,-0.02478987,0.1951538,1.609907,-0.04548134,0.7743053,1.58569,-0.1365974,0.5572742,1.569701,-0.1851943,0.3900939,1.607807,-0.19717,0.2222491,1.563197,-0.1873723,0.2012841,1.551741,0.09166019,0.5627203,1.586221,0.1262303,0.3596261,1.63719,0.1195269,0.1466233,1.539931,0.1097681,0.08747825,1.522457,-0.07852016,0.1971105,1.586233,-0.1515114,-0.00632304,1.573983,-0.2768103,-0.2416426,1.604969,0.02969437,0.1992117,1.577795,0.05298711,0.01777941,1.536027,-0.02898784,-0.2366434,1.59152,-0.02776909,0.6016418,1.585135
72057594037999830,1,1.31716,95832.73,-0.02478987,0.1951538,1.609907,-0.04548134,0.7743053,1.58569,-0.1365974,0.5572742,1.569701,-0.1851943,0.3900939,1.607807,-0.19717,0.2222491,1.563197,-0.1873723,0.2012841,1.551741,0.09166019,0.5627203,1.586221,0.1262303,0.3596261,1.63719,0.1195269,0.1466233,1.539931,0.1097681,0.08747825,1.522457,-0.07852016,0.1971105,1.586233,-0.1515114,-0.00632304,1.573983,-0.2768103,-0.2416426,1.604969,0.02969437,0.1992117,1.577795,0.05298711,0.01777941,1.536027,-0.02898784,-0.2366434,1.59152,-0.02776909,0.6016418,1.585135
72057594037999830,1,1.31716,95832.73,-0.02478987,0.1951538,1.609907,-0.04548134,0.7743053,1.58569,-0.1365974,0.5572742,1.569701,-0.1851943,0.3900939,1.607807,-0.19717,0.2222491,1.563197,-0.1873723,0.2012841,1.551741,0.09166019,0.5627203,1.586221,0.1262303,0.3596261,1.63719,0.1195269,0.1466233,1.539931,0.1097681,0.08747825,1.522457,-0.07852016,0.1971105,1.586233,-0.1515114,-0.00632304,1.573983,-0.2768103,-0.2416426,1.604969,0.02969437,0.1992117,1.577795,0.05298711,0.01777941,1.536027,-0.02898784,-0.2366434,1.59152,-0.02776909,0.6016418,1.585135
72057594037999830,1,1.31716,95832.74,-0.02478987,0.1951538,1.609907,-0.04548134,0.7743053,1.58569,-0.1365974,0.5572742,1.569701,-0.1851943,0.3900939,1.607807,-0.19717,0.2222491,1.563197,-0.1873723,0.2012841,1.551741,0.09166019,0.5627203,1.586221,0.1262303,0.3596261,1.63719,0.1195269,0.1466233,1.539931,0.1097681,0.08747825,1.522457,-0.07852016,0.1971105,1.586233,-0.1515114,-0.00632304,1.573983,-0.2768103,-0.2416426,1.604969,0.02969437,0.1992117,1.577795,0.05298711,0.01777941,1.536027,-0.02898784,-0.2366434,1.59152,-0.02776909,0.6016418,1.585135
72057594037999830,1,1.31716,95832.74,-0.02478987,0.1951538,1.609907,-0.04548134,0.7743053,1.58569,-0.1365974,0.5572742,1.569701,-0.1851943,0.3900939,1.607807,-0.19717,0.2222491,1.563197,-0.1873723,0.2012841,1.551741,0.09166019,0.5627203,1.586221,0.1262303,0.3596261,1.63719,0.1195269,0.1466233,1.539931,0.1097681,0.08747825,1.522457,-0.07852016,0.1971105,1.586233,-0.1515114,-0.00632304,1.573983,-0.2768103,-0.2416426,1.604969,0.02969437,0.1992117,1.577795,0.05298711,0.01777941,1.536027,-0.02898784,-0.2366434,1.59152,-0.02776909,0.6016418,1.585135
72057594037999830,1,1.31716,95832.75,-0.02478987,0.1951538,1.609907,-0.04548134,0.7743053,1.58569,-0.1365974,0.5572742,1.569701,-0.1851943,0.3900939,1.607807,-0.19717,0.2222491,1.563197,-0.1873723,0.2012841,1.551741,0.09166019,0.5627203,1.586221,0.1262303,0.3596261,1.63719,0.1195269,0.1466233,1.539931,0.1097681,0.08747825,1.522457,-0.07852016,0.1971105,1.586233,-0.1515114,-0.00632304,1.573983,-0.2768103,-0.2416426,1.604969,0.02969437,0.1992117,1.577795,0.05298711,0.01777941,1.536027,-0.02898784,-0.2366434,1.59152,-0.02776909,0.6016418,1.585135
72057594037999830,1,1.297225,95832.75,0.006713972,0.2219836,1.617305,-0.04053894,0.7950125,1.587138,-0.1267813,0.5785261,1.574182,-0.1563772,0.4150652,1.617292,-0.161637,0.2473388,1.569876,-0.1464775,0.2264147,1.558204,0.1039175,0.5921072,1.579049,0.1627172,0.4102769,1.62639,0.1660322,0.1894733,1.561433,0.1514736,0.1613789,1.544117,-0.04766394,0.2213567,1.595348,-0.1235373,0.0001146793,1.579977,-0.2178658,-0.2282395,1.602278,0.0610399,0.2279406,1.583446,0.07712779,0.03755531,1.560109,0.005210152,-0.2232336,1.595041,-0.01552141,0.6292018,1.587422
72057594037999830,1,1.297225,95832.75,0.006713972,0.2219836,1.617305,-0.04053894,0.7950125,1.587138,-0.1267813,0.5785261,1.574182,-0.1563772,0.4150652,1.617292,-0.161637,0.2473388,1.569876,-0.1464775,0.2264147,1.558204,0.1039175,0.5921072,1.579049,0.1627172,0.4102769,1.62639,0.1660322,0.1894733,1.561433,0.1514736,0.1613789,1.544117,-0.04766394,0.2213567,1.595348,-0.1235373,0.0001146793,1.579977,-0.2178658,-0.2282395,1.602278,0.0610399,0.2279406,1.583446,0.07712779,0.03755531,1.560109,0.005210152,-0.2232336,1.595041,-0.01552141,0.6292018,1.587422
72057594037999830,1,1.297225,95832.76,0.006713972,0.2219836,1.617305,-0.04053894,0.7950125,1.587138,-0.1267813,0.5785261,1.574182,-0.1563772,0.4150652,1.617292,-0.161637,0.2473388,1.569876,-0.1464775,0.2264147,1.558204,0.1039175,0.5921072,1.579049,0.1627172,0.4102769,1.62639,0.1660322,0.1894733,1.561433,0.1514736,0.1613789,1.544117,-0.04766394,0.2213567,1.595348,-0.1235373,0.0001146793,1.579977,-0.2178658,-0.2282395,1.602278,0.0610399,0.2279406,1.583446,0.07712779,0.03755531,1.560109,0.005210152,-0.2232336,1.595041,-0.01552141,0.6292018,1.587422
72057594037999830,1,1.297225,95832.76,0.006713972,0.2219836,1.617305,-0.04053894,0.7950125,1.587138,-0.1267813,0.5785261,1.574182,-0.1563772,0.4150652,1.617292,-0.161637,0.2473388,1.569876,-0.1464775,0.2264147,1.558204,0.1039175,0.5921072,1.579049,0.1627172,0.4102769,1.62639,0.1660322,0.1894733,1.561433,0.1514736,0.1613789,1.544117,-0.04766394,0.2213567,1.595348,-0.1235373,0.0001146793,1.579977,-0.2178658,-0.2282395,1.602278,0.0610399,0.2279406,1.583446,0.07712779,0.03755531,1.560109,0.005210152,-0.2232336,1.595041,-0.01552141,0.6292018,1.587422
72057594037999830,1,1.297225,95832.76,0.006713972,0.2219836,1.617305,-0.04053894,0.7950125,1.587138,-0.1267813,0.5785261,1.574182,-0.1563772,0.4150652,1.617292,-0.161637,0.2473388,1.569876,-0.1464775,0.2264147,1.558204,0.1039175,0.5921072,1.579049,0.1627172,0.4102769,1.62639,0.1660322,0.1894733,1.561433,0.1514736,0.1613789,1.544117,-0.04766394,0.2213567,1.595348,-0.1235373,0.0001146793,1.579977,-0.2178658,-0.2282395,1.602278,0.0610399,0.2279406,1.583446,0.07712779,0.03755531,1.560109,0.005210152,-0.2232336,1.595041,-0.01552141,0.6292018,1.587422
72057594037999830,1,1.297225,95832.77,0.006713972,0.2219836,1.617305,-0.04053894,0.7950125,1.587138,-0.1267813,0.5785261,1.574182,-0.1563772,0.4150652,1.617292,-0.161637,0.2473388,1.569876,-0.1464775,0.2264147,1.558204,0.1039175,0.5921072,1.579049,0.1627172,0.4102769,1.62639,0.1660322,0.1894733,1.561433,0.1514736,0.1613789,1.544117,-0.04766394,0.2213567,1.595348,-0.1235373,0.0001146793,1.579977,-0.2178658,-0.2282395,1.602278,0.0610399,0.2279406,1.583446,0.07712779,0.03755531,1.560109,0.005210152,-0.2232336,1.595041,-0.01552141,0.6292018,1.587422
72057594037999830,1,1.297225,95832.77,0.006713972,0.2219836,1.617305,-0.04053894,0.7950125,1.587138,-0.1267813,0.5785261,1.574182,-0.1563772,0.4150652,1.617292,-0.161637,0.2473388,1.569876,-0.1464775,0.2264147,1.558204,0.1039175,0.5921072,1.579049,0.1627172,0.4102769,1.62639,0.1660322,0.1894733,1.561433,0.1514736,0.1613789,1.544117,-0.04766394,0.2213567,1.595348,-0.1235373,0.0001146793,1.579977,-0.2178658,-0.2282395,1.602278,0.0610399,0.2279406,1.583446,0.07712779,0.03755531,1.560109,0.005210152,-0.2232336,1.595041,-0.01552141,0.6292018,1.587422
72057594037999830,1,1.297225,95832.77,0.006713972,0.2219836,1.617305,-0.04053894,0.7950125,1.587138,-0.1267813,0.5785261,1.574182,-0.1563772,0.4150652,1.617292,-0.161637,0.2473388,1.569876,-0.1464775,0.2264147,1.558204,0.1039175,0.5921072,1.579049,0.1627172,0.4102769,1.62639,0.1660322,0.1894733,1.561433,0.1514736,0.1613789,1.544117,-0.04766394,0.2213567,1.595348,-0.1235373,0.0001146793,1.579977,-0.2178658,-0.2282395,1.602278,0.0610399,0.2279406,1.583446,0.07712779,0.03755531,1.560109,0.005210152,-0.2232336,1.595041,-0.01552141,0.6292018,1.587422
72057594037999830,1,1.297225,95832.77,0.006713972,0.2219836,1.617305,-0.04053894,0.7950125,1.587138,-0.1267813,0.5785261,1.574182,-0.1563772,0.4150652,1.617292,-0.161637,0.2473388,1.569876,-0.1464775,0.2264147,1.558204,0.1039175,0.5921072,1.579049,0.1627172,0.4102769,1.62639,0.1660322,0.1894733,1.561433,0.1514736,0.1613789,1.544117,-0.04766394,0.2213567,1.595348,-0.1235373,0.0001146793,1.579977,-0.2178658,-0.2282395,1.602278,0.0610399,0.2279406,1.583446,0.07712779,0.03755531,1.560109,0.005210152,-0.2232336,1.595041,-0.01552141,0.6292018,1.587422
72057594037999830,1,1.297225,95832.77,0.006713972,0.2219836,1.617305,-0.04053894,0.7950125,1.587138,-0.1267813,0.5785261,1.574182,-0.1563772,0.4150652,1.617292,-0.161637,0.2473388,1.569876,-0.1464775,0.2264147,1.558204,0.1039175,0.5921072,1.579049,0.1627172,0.4102769,1.62639,0.1660322,0.1894733,1.561433,0.1514736,0.1613789,1.544117,-0.04766394,0.2213567,1.595348,-0.1235373,0.0001146793,1.579977,-0.2178658,-0.2282395,1.602278,0.0610399,0.2279406,1.583446,0.07712779,0.03755531,1.560109,0.005210152,-0.2232336,1.595041,-0.01552141,0.6292018,1.587422
72057594037999830,1,1.297225,95832.78,0.006713972,0.2219836,1.617305,-0.04053894,0.7950125,1.587138,-0.1267813,0.5785261,1.574182,-0.1563772,0.4150652,1.617292,-0.161637,0.2473388,1.569876,-0.1464775,0.2264147,1.558204,0.1039175,0.5921072,1.579049,0.1627172,0.4102769,1.62639,0.1660322,0.1894733,1.561433,0.1514736,0.1613789,1.544117,-0.04766394,0.2213567,1.595348,-0.1235373,0.0001146793,1.579977,-0.2178658,-0.2282395,1.602278,0.0610399,0.2279406,1.583446,0.07712779,0.03755531,1.560109,0.005210152,-0.2232336,1.595041,-0.01552141,0.6292018,1.587422
72057594037999830,1,1.285094,95832.78,0.03031771,0.2396447,1.621819,-0.028944,0.8135958,1.587227,-0.1090048,0.601507,1.57945,-0.1318575,0.435528,1.625437,-0.1348534,0.268889,1.572985,-0.1134182,0.2601615,1.56399,0.117533,0.6099577,1.574507,0.1765041,0.4133996,1.618655,0.1733914,0.2093874,1.561762,0.1812189,0.1781793,1.562054,-0.02291014,0.23924,1.600565,-0.07083623,0.01833615,1.577123,-0.1547739,-0.226208,1.619985,0.08254547,0.2445622,1.587252,0.1025118,0.04420656,1.580226,0.03015681,-0.224161,1.591946,-0.002000608,0.6476009,1.588242
72057594037999830,1,1.285094,95832.79,0.03031771,0.2396447,1.621819,-0.028944,0.8135958,1.587227,-0.1090048,0.601507,1.57945,-0.1318575,0.435528,1.625437,-0.1348534,0.268889,1.572985,-0.1134182,0.2601615,1.56399,0.117533,0.6099577,1.574507,0.1765041,0.4133996,1.618655,0.1733914,0.2093874,1.561762,0.1812189,0.1781793,1.562054,-0.02291014,0.23924,1.600565,-0.07083623,0.01833615,1.577123,-0.1547739,-0.226208,1.619985,0.08254547,0.2445622,1.587252,0.1025118,0.04420656,1.580226,0.03015681,-0.224161,1.591946,-0.002000608,0.6476009,1.588242
72057594037999830,1,1.285094,95832.79,0.03031771,0.2396447,1.621819,-0.028944,0.8135958,1.587227,-0.1090048,0.601507,1.57945,-0.1318575,0.435528,1.625437,-0.1348534,0.268889,1.572985,-0.1134182,0.2601615,1.56399,0.117533,0.6099577,1.574507,0.1765041,0.4133996,1.618655,0.1733914,0.2093874,1.561762,0.1812189,0.1781793,1.562054,-0.02291014,0.23924,1.600565,-0.07083623,0.01833615,1.577123,-0.1547739,-0.226208,1.619985,0.08254547,0.2445622,1.587252,0.1025118,0.04420656,1.580226,0.03015681,-0.224161,1.591946,-0.002000608,0.6476009,1.588242
72057594037999830,1,1.285094,95832.79,0.03031771,0.2396447,1.621819,-0.028944,0.8135958,1.587227,-0.1090048,0.601507,1.57945,-0.1318575,0.435528,1.625437,-0.1348534,0.268889,1.572985,-0.1134182,0.2601615,1.56399,0.117533,0.6099577,1.574507,0.1765041,0.4133996,1.618655,0.1733914,0.2093874,1.561762,0.1812189,0.1781793,1.562054,-0.02291014,0.23924,1.600565,-0.07083623,0.01833615,1.577123,-0.1547739,-0.226208,1.619985,0.08254547,0.2445622,1.587252,0.1025118,0.04420656,1.580226,0.03015681,-0.224161,1.591946,-0.002000608,0.6476009,1.588242
72057594037999830,1,1.285094,95832.8,0.03031771,0.2396447,1.621819,-0.028944,0.8135958,1.587227,-0.1090048,0.601507,1.57945,-0.1318575,0.435528,1.625437,-0.1348534,0.268889,1.572985,-0.1134182,0.2601615,1.56399,0.117533,0.6099577,1.574507,0.1765041,0.4133996,1.618655,0.1733914,0.2093874,1.561762,0.1812189,0.1781793,1.562054,-0.02291014,0.23924,1.600565,-0.07083623,0.01833615,1.577123,-0.1547739,-0.226208,1.619985,0.08254547,0.2445622,1.587252,0.1025118,0.04420656,1.580226,0.03015681,-0.224161,1.591946,-0.002000608,0.6476009,1.588242
72057594037999830,1,1.285094,95832.8,0.03031771,0.2396447,1.621819,-0.028944,0.8135958,1.587227,-0.1090048,0.601507,1.57945,-0.1318575,0.435528,1.625437,-0.1348534,0.268889,1.572985,-0.1134182,0.2601615,1.56399,0.117533,0.6099577,1.574507,0.1765041,0.4133996,1.618655,0.1733914,0.2093874,1.561762,0.1812189,0.1781793,1.562054,-0.02291014,0.23924,1.600565,-0.07083623,0.01833615,1.577123,-0.1547739,-0.226208,1.619985,0.08254547,0.2445622,1.587252,0.1025118,0.04420656,1.580226,0.03015681,-0.224161,1.591946,-0.002000608,0.6476009,1.588242
72057594037999830,1,1.285094,95832.8,0.03031771,0.2396447,1.621819,-0.028944,0.8135958,1.587227,-0.1090048,0.601507,1.57945,-0.1318575,0.435528,1.625437,-0.1348534,0.268889,1.572985,-0.1134182,0.2601615,1.56399,0.117533,0.6099577,1.574507,0.1765041,0.4133996,1.618655,0.1733914,0.2093874,1.561762,0.1812189,0.1781793,1.562054,-0.02291014,0.23924,1.600565,-0.07083623,0.01833615,1.577123,-0.1547739,-0.226208,1.619985,0.08254547,0.2445622,1.587252,0.1025118,0.04420656,1.580226,0.03015681,-0.224161,1.591946,-0.002000608,0.6476009,1.588242
72057594037999830,1,1.285094,95832.8,0.03031771,0.2396447,1.621819,-0.028944,0.8135958,1.587227,-0.1090048,0.601507,1.57945,-0.1318575,0.435528,1.625437,-0.1348534,0.268889,1.572985,-0.1134182,0.2601615,1.56399,0.117533,0.6099577,1.574507,0.1765041,0.4133996,1.618655,0.1733914,0.2093874,1.561762,0.1812189,0.1781793,1.562054,-0.02291014,0.23924,1.600565,-0.07083623,0.01833615,1.577123,-0.1547739,-0.226208,1.619985,0.08254547,0.2445622,1.587252,0.1025118,0.04420656,1.580226,0.03015681,-0.224161,1.591946,-0.002000608,0.6476009,1.588242
72057594037999830,1,1.285094,95832.8,0.03031771,0.2396447,1.621819,-0.028944,0.8135958,1.587227,-0.1090048,0.601507,1.57945,-0.1318575,0.435528,1.625437,-0.1348534,0.268889,1.572985,-0.1134182,0.2601615,1.56399,0.117533,0.6099577,1.574507,0.1765041,0.4133996,1.618655,0.1733914,0.2093874,1.561762,0.1812189,0.1781793,1.562054,-0.02291014,0.23924,1.600565,-0.07083623,0.01833615,1.577123,-0.1547739,-0.226208,1.619985,0.08254547,0.2445622,1.587252,0.1025118,0.04420656,1.580226,0.03015681,-0.224161,1.591946,-0.002000608,0.6476009,1.588242
72057594037999830,1,1.285094,95832.81,0.03031771,0.2396447,1.621819,-0.028944,0.8135958,1.587227,-0.1090048,0.601507,1.57945,-0.1318575,0.435528,1.625437,-0.1348534,0.268889,1.572985,-0.1134182,0.2601615,1.56399,0.117533,0.6099577,1.574507,0.1765041,0.4133996,1.618655,0.1733914,0.2093874,1.561762,0.1812189,0.1781793,1.562054,-0.02291014,0.23924,1.600565,-0.07083623,0.01833615,1.577123,-0.1547739,-0.226208,1.619985,0.08254547,0.2445622,1.587252,0.1025118,0.04420656,1.580226,0.03015681,-0.224161,1.591946,-0.002000608,0.6476009,1.588242
72057594037999830,1,1.285094,95832.81,0.03031771,0.2396447,1.621819,-0.028944,0.8135958,1.587227,-0.1090048,0.601507,1.57945,-0.1318575,0.435528,1.625437,-0.1348534,0.268889,1.572985,-0.1134182,0.2601615,1.56399,0.117533,0.6099577,1.574507,0.1765041,0.4133996,1.618655,0.1733914,0.2093874,1.561762,0.1812189,0.1781793,1.562054,-0.02291014,0.23924,1.600565,-0.07083623,0.01833615,1.577123,-0.1547739,-0.226208,1.619985,0.08254547,0.2445622,1.587252,0.1025118,0.04420656,1.580226,0.03015681,-0.224161,1.591946,-0.002000608,0.6476009,1.588242
72057594037999830,1,1.276723,95832.82,0.05706179,0.2498815,1.62708,-0.01291849,0.8231827,1.586629,-0.09419376,0.6110079,1.583335,-0.1153557,0.4411037,1.631959,-0.1125073,0.2754564,1.575768,-0.09170274,0.2555016,1.561923,0.1327367,0.6178886,1.571453,0.2014968,0.4155887,1.606191,0.2231894,0.2460841,1.577007,0.2132749,0.1945392,1.569428,0.002744789,0.2486154,1.607823,-0.03302794,0.04716319,1.558695,-0.07117084,-0.215086,1.632886,0.1097429,0.2554296,1.590509,0.1295552,0.05051795,1.589005,0.08529654,-0.2226032,1.612214,0.01621852,0.6571084,1.587841
72057594037999830,1,1.276723,95832.82,0.05706179,0.2498815,1.62708,-0.01291849,0.8231827,1.586629,-0.09419376,0.6110079,1.583335,-0.1153557,0.4411037,1.631959,-0.1125073,0.2754564,1.575768,-0.09170274,0.2555016,1.561923,0.1327367,0.6178886,1.571453,0.2014968,0.4155887,1.606191,0.2231894,0.2460841,1.577007,0.2132749,0.1945392,1.569428,0.002744789,0.2486154,1.607823,-0.03302794,0.04716319,1.558695,-0.07117084,-0.215086,1.632886,0.1097429,0.2554296,1.590509,0.1295552,0.05051795,1.589005,0.08529654,-0.2226032,1.612214,0.01621852,0.6571084,1.587841
72057594037999830,1,1.276723,95832.82,0.05706179,0.2498815,1.62708,-0.01291849,0.8231827,1.586629,-0.09419376,0.6110079,1.583335,-0.1153557,0.4411037,1.631959,-0.1125073,0.2754564,1.575768,-0.09170274,0.2555016,1.561923,0.1327367,0.6178886,1.571453,0.2014968,0.4155887,1.606191,0.2231894,0.2460841,1.577007,0.2132749,0.1945392,1.569428,0.002744789,0.2486154,1.607823,-0.03302794,0.04716319,1.558695,-0.07117084,-0.215086,1.632886,0.1097429,0.2554296,1.590509,0.1295552,0.05051795,1.589005,0.08529654,-0.2226032,1.612214,0.01621852,0.6571084,1.587841
72057594037999830,1,1.276723,95832.83,0.05706179,0.2498815,1.62708,-0.01291849,0.8231827,1.586629,-0.09419376,0.6110079,1.583335,-0.1153557,0.4411037,1.631959,-0.1125073,0.2754564,1.575768,-0.09170274,0.2555016,1.561923,0.1327367,0.6178886,1.571453,0.2014968,0.4155887,1.606191,0.2231894,0.2460841,1.577007,0.2132749,0.1945392,1.569428,0.002744789,0.2486154,1.607823,-0.03302794,0.04716319,1.558695,-0.07117084,-0.215086,1.632886,0.1097429,0.2554296,1.590509,0.1295552,0.05051795,1.589005,0.08529654,-0.2226032,1.612214,0.01621852,0.6571084,1.587841
72057594037999830,1,1.276723,95832.83,0.05706179,0.2498815,1.62708,-0.01291849,0.8231827,1.586629,-0.09419376,0.6110079,1.583335,-0.1153557,0.4411037,1.631959,-0.1125073,0.2754564,1.575768,-0.09170274,0.2555016,1.561923,0.1327367,0.6178886,1.571453,0.2014968,0.4155887,1.606191,0.2231894,0.2460841,1.577007,0.2132749,0.1945392,1.569428,0.002744789,0.2486154,1.607823,-0.03302794,0.04716319,1.558695,-0.07117084,-0.215086,1.632886,0.1097429,0.2554296,1.590509,0.1295552,0.05051795,1.589005,0.08529654,-0.2226032,1.612214,0.01621852,0.6571084,1.587841
72057594037999830,1,1.276723,95832.83,0.05706179,0.2498815,1.62708,-0.01291849,0.8231827,1.586629,-0.09419376,0.6110079,1.583335,-0.1153557,0.4411037,1.631959,-0.1125073,0.2754564,1.575768,-0.09170274,0.2555016,1.561923,0.1327367,0.6178886,1.571453,0.2014968,0.4155887,1.606191,0.2231894,0.2460841,1.577007,0.2132749,0.1945392,1.569428,0.002744789,0.2486154,1.607823,-0.03302794,0.04716319,1.558695,-0.07117084,-0.215086,1.632886,0.1097429,0.2554296,1.590509,0.1295552,0.05051795,1.589005,0.08529654,-0.2226032,1.612214,0.01621852,0.6571084,1.587841
72057594037999830,1,1.276723,95832.84,0.05706179,0.2498815,1.62708,-0.01291849,0.8231827,1.586629,-0.09419376,0.6110079,1.583335,-0.1153557,0.4411037,1.631959,-0.1125073,0.2754564,1.575768,-0.09170274,0.2555016,1.561923,0.1327367,0.6178886,1.571453,0.2014968,0.4155887,1.606191,0.2231894,0.2460841,1.577007,0.2132749,0.1945392,1.569428,0.002744789,0.2486154,1.607823,-0.03302794,0.04716319,1.558695,-0.07117084,-0.215086,1.632886,0.1097429,0.2554296,1.590509,0.1295552,0.05051795,1.589005,0.08529654,-0.2226032,1.612214,0.01621852,0.6571084,1.587841
72057594037999830,1,1.276723,95832.84,0.05706179,0.2498815,1.62708,-0.01291849,0.8231827,1.586629,-0.09419376,0.6110079,1.583335,-0.1153557,0.4411037,1.631959,-0.1125073,0.2754564,1.575768,-0.09170274,0.2555016,1.561923,0.1327367,0.6178886,1.571453,0.2014968,0.4155887,1.606191,0.2231894,0.2460841,1.577007,0.2132749,0.1945392,1.569428,0.002744789,0.2486154,1.607823,-0.03302794,0.04716319,1.558695,-0.07117084,-0.215086,1.632886,0.1097429,0.2554296,1.590509,0.1295552,0.05051795,1.589005,0.08529654,-0.2226032,1.612214,0.01621852,0.6571084,1.587841
72057594037999830,1,1.276723,95832.84,0.05706179,0.2498815,1.62708,-0.01291849,0.8231827,1.586629,-0.09419376,0.6110079,1.583335,-0.1153557,0.4411037,1.631959,-0.1125073,0.2754564,1.575768,-0.09170274,0.2555016,1.561923,0.1327367,0.6178886,1.571453,0.2014968,0.4155887,1.606191,0.2231894,0.2460841,1.577007,0.2132749,0.1945392,1.569428,0.002744789,0.2486154,1.607823,-0.03302794,0.04716319,1.558695,-0.07117084,-0.215086,1.632886,0.1097429,0.2554296,1.590509,0.1295552,0.05051795,1.589005,0.08529654,-0.2226032,1.612214,0.01621852,0.6571084,1.587841
72057594037999830,1,1.276723,95832.84,0.05706179,0.2498815,1.62708,-0.01291849,0.8231827,1.586629,-0.09419376,0.6110079,1.583335,-0.1153557,0.4411037,1.631959,-0.1125073,0.2754564,1.575768,-0.09170274,0.2555016,1.561923,0.1327367,0.6178886,1.571453,0.2014968,0.4155887,1.606191,0.2231894,0.2460841,1.577007,0.2132749,0.1945392,1.569428,0.002744789,0.2486154,1.607823,-0.03302794,0.04716319,1.558695,-0.07117084,-0.215086,1.632886,0.1097429,0.2554296,1.590509,0.1295552,0.05051795,1.589005,0.08529654,-0.2226032,1.612214,0.01621852,0.6571084,1.587841
72057594037999830,1,1.276723,95832.84,0.05706179,0.2498815,1.62708,-0.01291849,0.8231827,1.586629,-0.09419376,0.6110079,1.583335,-0.1153557,0.4411037,1.631959,-0.1125073,0.2754564,1.575768,-0.09170274,0.2555016,1.561923,0.1327367,0.6178886,1.571453,0.2014968,0.4155887,1.606191,0.2231894,0.2460841,1.577007,0.2132749,0.1945392,1.569428,0.002744789,0.2486154,1.607823,-0.03302794,0.04716319,1.558695,-0.07117084,-0.215086,1.632886,0.1097429,0.2554296,1.590509,0.1295552,0.05051795,1.589005,0.08529654,-0.2226032,1.612214,0.01621852,0.6571084,1.587841
72057594037999830,1,1.275374,95832.85,0.07705966,0.2489935,1.630662,0.01282653,0.8232594,1.585362,-0.07352662,0.6115677,1.586938,-0.09416738,0.4385939,1.640768,-0.08856486,0.2737907,1.58203,-0.06606038,0.2584657,1.57552,0.1567181,0.6164556,1.570606,0.2129811,0.4121971,1.603086,0.2337051,0.1997238,1.561355,0.2263158,0.1672617,1.559261,0.02098894,0.2477645,1.611052,-0.004627546,0.05209753,1.550476,0.008751446,-0.2043069,1.646817,0.1306706,0.2544792,1.594471,0.1705572,0.04853058,1.585325,0.1392747,-0.2213845,1.636124,0.03889138,0.6561419,1.589164
72057594037999830,1,1.275374,95832.85,0.07705966,0.2489935,1.630662,0.01282653,0.8232594,1.585362,-0.07352662,0.6115677,1.586938,-0.09416738,0.4385939,1.640768,-0.08856486,0.2737907,1.58203,-0.06606038,0.2584657,1.57552,0.1567181,0.6164556,1.570606,0.2129811,0.4121971,1.603086,0.2337051,0.1997238,1.561355,0.2263158,0.1672617,1.559261,0.02098894,0.2477645,1.611052,-0.004627546,0.05209753,1.550476,0.008751446,-0.2043069,1.646817,0.1306706,0.2544792,1.594471,0.1705572,0.04853058,1.585325,0.1392747,-0.2213845,1.636124,0.03889138,0.6561419,1.589164
72057594037999830,1,1.275374,95832.86,0.07705966,0.2489935,1.630662,0.01282653,0.8232594,1.585362,-0.07352662,0.6115677,1.586938,-0.09416738,0.4385939,1.640768,-0.08856486,0.2737907,1.58203,-0.06606038,0.2584657,1.57552,0.1567181,0.6164556,1.570606,0.2129811,0.4121971,1.603086,0.2337051,0.1997238,1.561355,0.2263158,0.1672617,1.559261,0.02098894,0.2477645,1.611052,-0.004627546,0.05209753,1.550476,0.008751446,-0.2043069,1.646817,0.1306706,0.2544792,1.594471,0.1705572,0.04853058,1.585325,0.1392747,-0.2213845,1.636124,0.03889138,0.6561419,1.589164
72057594037999830,1,1.275374,95832.86,0.07705966,0.2489935,1.630662,0.01282653,0.8232594,1.585362,-0.07352662,0.6115677,1.586938,-0.09416738,0.4385939,1.640768,-0.08856486,0.2737907,1.58203,-0.06606038,0.2584657,1.57552,0.1567181,0.6164556,1.570606,0.2129811,0.4121971,1.603086,0.2337051,0.1997238,1.561355,0.2263158,0.1672617,1.559261,0.02098894,0.2477645,1.611052,-0.004627546,0.05209753,1.550476,0.008751446,-0.2043069,1.646817,0.1306706,0.2544792,1.594471,0.1705572,0.04853058,1.585325,0.1392747,-0.2213845,1.636124,0.03889138,0.6561419,1.589164
72057594037999830,1,1.275374,95832.86,0.07705966,0.2489935,1.630662,0.01282653,0.8232594,1.585362,-0.07352662,0.6115677,1.586938,-0.09416738,0.4385939,1.640768,-0.08856486,0.2737907,1.58203,-0.06606038,0.2584657,1.57552,0.1567181,0.6164556,1.570606,0.2129811,0.4121971,1.603086,0.2337051,0.1997238,1.561355,0.2263158,0.1672617,1.559261,0.02098894,0.2477645,1.611052,-0.004627546,0.05209753,1.550476,0.008751446,-0.2043069,1.646817,0.1306706,0.2544792,1.594471,0.1705572,0.04853058,1.585325,0.1392747,-0.2213845,1.636124,0.03889138,0.6561419,1.589164
72057594037999830,1,1.275374,95832.87,0.07705966,0.2489935,1.630662,0.01282653,0.8232594,1.585362,-0.07352662,0.6115677,1.586938,-0.09416738,0.4385939,1.640768,-0.08856486,0.2737907,1.58203,-0.06606038,0.2584657,1.57552,0.1567181,0.6164556,1.570606,0.2129811,0.4121971,1.603086,0.2337051,0.1997238,1.561355,0.2263158,0.1672617,1.559261,0.02098894,0.2477645,1.611052,-0.004627546,0.05209753,1.550476,0.008751446,-0.2043069,1.646817,0.1306706,0.2544792,1.594471,0.1705572,0.04853058,1.585325,0.1392747,-0.2213845,1.636124,0.03889138,0.6561419,1.589164
72057594037999830,1,1.275374,95832.87,0.07705966,0.2489935,1.630662,0.01282653,0.8232594,1.585362,-0.07352662,0.6115677,1.586938,-0.09416738,0.4385939,1.640768,-0.08856486,0.2737907,1.58203,-0.06606038,0.2584657,1.57552,0.1567181,0.6164556,1.570606,0.2129811,0.4121971,1.603086,0.2337051,0.1997238,1.561355,0.2263158,0.1672617,1.559261,0.02098894,0.2477645,1.611052,-0.004627546,0.05209753,1.550476,0.008751446,-0.2043069,1.646817,0.1306706,0.2544792,1.594471,0.1705572,0.04853058,1.585325,0.1392747,-0.2213845,1.636124,0.03889138,0.6561419,1.589164
72057594037999830,1,1.275374,95832.87,0.07705966,0.2489935,1.630662,0.01282653,0.8232594,1.585362,-0.07352662,0.6115677,1.586938,-0.09416738,0.4385939,1.640768,-0.08856486,0.2737907,1.58203,-0.06606038,0.2584657,1.57552,0.1567181,0.6164556,1.570606,0.2129811,0.4121971,1.603086,0.2337051,0.1997238,1.561355,0.2263158,0.1672617,1.559261,0.02098894,0.2477645,1.611052,-0.004627546,0.05209753,1.550476,0.008751446,-0.2043069,1.646817,0.1306706,0.2544792,1.594471,0.1705572,0.04853058,1.585325,0.1392747,-0.2213845,1.636124,0.03889138,0.6561419,1.589164
72057594037999830,1,1.275374,95832.88,0.07705966,0.2489935,1.630662,0.01282653,0.8232594,1.585362,-0.07352662,0.6115677,1.586938,-0.09416738,0.4385939,1.640768,-0.08856486,0.2737907,1.58203,-0.06606038,0.2584657,1.57552,0.1567181,0.6164556,1.570606,0.2129811,0.4121971,1.603086,0.2337051,0.1997238,1.561355,0.2263158,0.1672617,1.559261,0.02098894,0.2477645,1.611052,-0.004627546,0.05209753,1.550476,0.008751446,-0.2043069,1.646817,0.1306706,0.2544792,1.594471,0.1705572,0.04853058,1.585325,0.1392747,-0.2213845,1.636124,0.03889138,0.6561419,1.589164
72057594037999830,1,1.275374,95832.88,0.07705966,0.2489935,1.630662,0.01282653,0.8232594,1.585362,-0.07352662,0.6115677,1.586938,-0.09416738,0.4385939,1.640768,-0.08856486,0.2737907,1.58203,-0.06606038,0.2584657,1.57552,0.1567181,0.6164556,1.570606,0.2129811,0.4121971,1.603086,0.2337051,0.1997238,1.561355,0.2263158,0.1672617,1.559261,0.02098894,0.2477645,1.611052,-0.004627546,0.05209753,1.550476,0.008751446,-0.2043069,1.646817,0.1306706,0.2544792,1.594471,0.1705572,0.04853058,1.585325,0.1392747,-0.2213845,1.636124,0.03889138,0.6561419,1.589164
72057594037999830,1,1.275374,95832.88,0.07705966,0.2489935,1.630662,0.01282653,0.8232594,1.585362,-0.07352662,0.6115677,1.586938,-0.09416738,0.4385939,1.640768,-0.08856486,0.2737907,1.58203,-0.06606038,0.2584657,1.57552,0.1567181,0.6164556,1.570606,0.2129811,0.4121971,1.603086,0.2337051,0.1997238,1.561355,0.2263158,0.1672617,1.559261,0.02098894,0.2477645,1.611052,-0.004627546,0.05209753,1.550476,0.008751446,-0.2043069,1.646817,0.1306706,0.2544792,1.594471,0.1705572,0.04853058,1.585325,0.1392747,-0.2213845,1.636124,0.03889138,0.6561419,1.589164
72057594037999830,1,1.278952,95832.88,0.1005043,0.2366845,1.635884,0.04574406,0.8087749,1.58222,-0.04967496,0.5992174,1.587042,-0.07214962,0.4211439,1.648442,-0.06314544,0.2558633,1.592087,-0.04765935,0.2102026,1.579059,0.1840602,0.5975837,1.568729,0.2272048,0.3995124,1.60172,0.2394853,0.2070359,1.55879,0.2315589,0.1697593,1.550628,0.04390856,0.2358669,1.615054,0.02362048,0.04332337,1.546276,0.08551982,-0.2022246,1.65049,0.1539426,0.24208,1.601022,0.1998051,0.04852712,1.576631,0.2055108,-0.214536,1.656407,0.06285807,0.6408483,1.587666
72057594037999830,1,1.278952,95832.88,0.1005043,0.2366845,1.635884,0.04574406,0.8087749,1.58222,-0.04967496,0.5992174,1.587042,-0.07214962,0.4211439,1.648442,-0.06314544,0.2558633,1.592087,-0.04765935,0.2102026,1.579059,0.1840602,0.5975837,1.568729,0.2272048,0.3995124,1.60172,0.2394853,0.2070359,1.55879,0.2315589,0.1697593,1.550628,0.04390856,0.2358669,1.615054,0.02362048,0.04332337,1.546276,0.08551982,-0.2022246,1.65049,0.1539426,0.24208,1.601022,0.1998051,0.04852712,1.576631,0.2055108,-0.214536,1.656407,0.06285807,0.6408483,1.587666
72057594037999830,1,1.278952,95832.89,0.1005043,0.2366845,1.635884,0.04574406,0.8087749,1.58222,-0.04967496,0.5992174,1.587042,-0.07214962,0.4211439,1.648442,-0.06314544,0.2558633,1.592087,-0.04765935,0.2102026,1.579059,0.1840602,0.5975837,1.568729,0.2272048,0.3995124,1.60172,0.2394853,0.2070359,1.55879,0.2315589,0.1697593,1.550628,0.04390856,0.2358669,1.615054,0.02362048,0.04332337,1.546276,0.08551982,-0.2022246,1.65049,0.1539426,0.24208,1.601022,0.1998051,0.04852712,1.576631,0.2055108,-0.214536,1.656407,0.06285807,0.6408483,1.587666
72057594037999830,1,1.278952,95832.89,0.1005043,0.2366845,1.635884,0.04574406,0.8087749,1.58222,-0.04967496,0.5992174,1.587042,-0.07214962,0.4211439,1.648442,-0.06314544,0.2558633,1.592087,-0.04765935,0.2102026,1.579059,0.1840602,0.5975837,1.568729,0.2272048,0.3995124,1.60172,0.2394853,0.2070359,1.55879,0.2315589,0.1697593,1.550628,0.04390856,0.2358669,1.615054,0.02362048,0.04332337,1.546276,0.08551982,-0.2022246,1.65049,0.1539426,0.24208,1.601022,0.1998051,0.04852712,1.576631,0.2055108,-0.214536,1.656407,0.06285807,0.6408483,1.587666
72057594037999830,1,1.278952,95832.9,0.1005043,0.2366845,1.635884,0.04574406,0.8087749,1.58222,-0.04967496,0.5992174,1.587042,-0.07214962,0.4211439,1.648442,-0.06314544,0.2558633,1.592087,-0.04765935,0.2102026,1.579059,0.1840602,0.5975837,1.568729,0.2272048,0.3995124,1.60172,0.2394853,0.2070359,1.55879,0.2315589,0.1697593,1.550628,0.04390856,0.2358669,1.615054,0.02362048,0.04332337,1.546276,0.08551982,-0.2022246,1.65049,0.1539426,0.24208,1.601022,0.1998051,0.04852712,1.576631,0.2055108,-0.214536,1.656407,0.06285807,0.6408483,1.587666
72057594037999830,1,1.278952,95832.9,0.1005043,0.2366845,1.635884,0.04574406,0.8087749,1.58222,-0.04967496,0.5992174,1.587042,-0.07214962,0.4211439,1.648442,-0.06314544,0.2558633,1.592087,-0.04765935,0.2102026,1.579059,0.1840602,0.5975837,1.568729,0.2272048,0.3995124,1.60172,0.2394853,0.2070359,1.55879,0.2315589,0.1697593,1.550628,0.04390856,0.2358669,1.615054,0.02362048,0.04332337,1.546276,0.08551982,-0.2022246,1.65049,0.1539426,0.24208,1.601022,0.1998051,0.04852712,1.576631,0.2055108,-0.214536,1.656407,0.06285807,0.6408483,1.587666
72057594037999830,1,1.278952,95832.9,0.1005043,0.2366845,1.635884,0.04574406,0.8087749,1.58222,-0.04967496,0.5992174,1.587042,-0.07214962,0.4211439,1.648442,-0.06314544,0.2558633,1.592087,-0.04765935,0.2102026,1.579059,0.1840602,0.5975837,1.568729,0.2272048,0.3995124,1.60172,0.2394853,0.2070359,1.55879,0.2315589,0.1697593,1.550628,0.04390856,0.2358669,1.615054,0.02362048,0.04332337,1.546276,0.08551982,-0.2022246,1.65049,0.1539426,0.24208,1.601022,0.1998051,0.04852712,1.576631,0.2055108,-0.214536,1.656407,0.06285807,0.6408483,1.587666
72057594037999830,1,1.278952,95832.91,0.1005043,0.2366845,1.635884,0.04574406,0.8087749,1.58222,-0.04967496,0.5992174,1.587042,-0.07214962,0.4211439,1.648442,-0.06314544,0.2558633,1.592087,-0.04765935,0.2102026,1.579059,0.1840602,0.5975837,1.568729,0.2272048,0.3995124,1.60172,0.2394853,0.2070359,1.55879,0.2315589,0.1697593,1.550628,0.04390856,0.2358669,1.615054,0.02362048,0.04332337,1.546276,0.08551982,-0.2022246,1.65049,0.1539426,0.24208,1.601022,0.1998051,0.04852712,1.576631,0.2055108,-0.214536,1.656407,0.06285807,0.6408483,1.587666
72057594037999830,1,1.278952,95832.91,0.1005043,0.2366845,1.635884,0.04574406,0.8087749,1.58222,-0.04967496,0.5992174,1.587042,-0.07214962,0.4211439,1.648442,-0.06314544,0.2558633,1.592087,-0.04765935,0.2102026,1.579059,0.1840602,0.5975837,1.568729,0.2272048,0.3995124,1.60172,0.2394853,0.2070359,1.55879,0.2315589,0.1697593,1.550628,0.04390856,0.2358669,1.615054,0.02362048,0.04332337,1.546276,0.08551982,-0.2022246,1.65049,0.1539426,0.24208,1.601022,0.1998051,0.04852712,1.576631,0.2055108,-0.214536,1.656407,0.06285807,0.6408483,1.587666
72057594037999830,1,1.278952,95832.91,0.1005043,0.2366845,1.635884,0.04574406,0.8087749,1.58222,-0.04967496,0.5992174,1.587042,-0.07214962,0.4211439,1.648442,-0.06314544,0.2558633,1.592087,-0.04765935,0.2102026,1.579059,0.1840602,0.5975837,1.568729,0.2272048,0.3995124,1.60172,0.2394853,0.2070359,1.55879,0.2315589,0.1697593,1.550628,0.04390856,0.2358669,1.615054,0.02362048,0.04332337,1.546276,0.08551982,-0.2022246,1.65049,0.1539426,0.24208,1.601022,0.1998051,0.04852712,1.576631,0.2055108,-0.214536,1.656407,0.06285807,0.6408483,1.587666
72057594037999830,1,1.278952,95832.91,0.1005043,0.2366845,1.635884,0.04574406,0.8087749,1.58222,-0.04967496,0.5992174,1.587042,-0.07214962,0.4211439,1.648442,-0.06314544,0.2558633,1.592087,-0.04765935,0.2102026,1.579059,0.1840602,0.5975837,1.568729,0.2272048,0.3995124,1.60172,0.2394853,0.2070359,1.55879,0.2315589,0.1697593,1.550628,0.04390856,0.2358669,1.615054,0.02362048,0.04332337,1.546276,0.08551982,-0.2022246,1.65049,0.1539426,0.24208,1.601022,0.1998051,0.04852712,1.576631,0.2055108,-0.214536,1.656407,0.06285807,0.6408483,1.587666
72057594037999830,1,1.290055,95832.91,0.12474,0.206578,1.643829,0.07633989,0.7800594,1.57794,-0.02561344,0.5703323,1.586315,-0.05048048,0.3912623,1.653908,-0.03899496,0.2249004,1.602604,-0.02645112,0.1829676,1.589316,0.2039129,0.5660304,1.565875,0.2430682,0.3736088,1.600278,0.2494503,0.2032665,1.568791,0.2396161,0.1523753,1.554391,0.06769366,0.207386,1.62239,0.05650904,0.02395132,1.549298,0.1531244,-0.2113294,1.650756,0.1777947,0.2113028,1.609685,0.2264761,0.02477512,1.577621,0.2566436,-0.2185047,1.66975,0.08842912,0.6108494,1.585854
72057594037999830,1,1.290055,95832.92,0.12474,0.206578,1.643829,0.07633989,0.7800594,1.57794,-0.02561344,0.5703323,1.586315,-0.05048048,0.3912623,1.653908,-0.03899496,0.2249004,1.602604,-0.02645112,0.1829676,1.589316,0.2039129,0.5660304,1.565875,0.2430682,0.3736088,1.600278,0.2494503,0.2032665,1.568791,0.2396161,0.1523753,1.554391,0.06769366,0.207386,1.62239,0.05650904,0.02395132,1.549298,0.1531244,-0.2113294,1.650756,0.1777947,0.2113028,1.609685,0.2264761,0.02477512,1.577621,0.2566436,-0.2185047,1.66975,0.08842912,0.6108494,1.585854
72057594037999830,1,1.290055,95832.92,0.12474,0.206578,1.643829,0.07633989,0.7800594,1.57794,-0.02561344,0.5703323,1.586315,-0.05048048,0.3912623,1.653908,-0.03899496,0.2249004,1.602604,-0.02645112,0.1829676,1.589316,0.2039129,0.5660304,1.565875,0.2430682,0.3736088,1.600278,0.2494503,0.2032665,1.568791,0.2396161,0.1523753,1.554391,0.06769366,0.207386,1.62239,0.05650904,0.02395132,1.549298,0.1531244,-0.2113294,1.650756,0.1777947,0.2113028,1.609685,0.2264761,0.02477512,1.577621,0.2566436,-0.2185047,1.66975,0.08842912,0.6108494,1.585854
72057594037999830,1,1.290055,95832.92,0.12474,0.206578,1.643829,0.07633989,0.7800594,1.57794,-0.02561344,0.5703323,1.586315,-0.05048048,0.3912623,1.653908,-0.03899496,0.2249004,1.602604,-0.02645112,0.1829676,1.589316,0.2039129,0.5660304,1.565875,0.2430682,0.3736088,1.600278,0.2494503,0.2032665,1.568791,0.2396161,0.1523753,1.554391,0.06769366,0.207386,1.62239,0.05650904,0.02395132,1.549298,0.1531244,-0.2113294,1.650756,0.1777947,0.2113028,1.609685,0.2264761,0.02477512,1.577621,0.2566436,-0.2185047,1.66975,0.08842912,0.6108494,1.585854
72057594037999830,1,1.290055,95832.93,0.12474,0.206578,1.643829,0.07633989,0.7800594,1.57794,-0.02561344,0.5703323,1.586315,-0.05048048,0.3912623,1.653908,-0.03899496,0.2249004,1.602604,-0.02645112,0.1829676,1.589316,0.2039129,0.5660304,1.565875,0.2430682,0.3736088,1.600278,0.2494503,0.2032665,1.568791,0.2396161,0.1523753,1.554391,0.06769366,0.207386,1.62239,0.05650904,0.02395132,1.549298,0.1531244,-0.2113294,1.650756,0.1777947,0.2113028,1.609685,0.2264761,0.02477512,1.577621,0.2566436,-0.2185047,1.66975,0.08842912,0.6108494,1.585854
72057594037999830,1,1.290055,95832.93,0.12474,0.206578,1.643829,0.07633989,0.7800594,1.57794,-0.02561344,0.5703323,1.586315,-0.05048048,0.3912623,1.653908,-0.03899496,0.2249004,1.602604,-0.02645112,0.1829676,1.589316,0.2039129,0.5660304,1.565875,0.2430682,0.3736088,1.600278,0.2494503,0.2032665,1.568791,0.2396161,0.1523753,1.554391,0.06769366,0.207386,1.62239,0.05650904,0.02395132,1.549298,0.1531244,-0.2113294,1.650756,0.1777947,0.2113028,1.609685,0.2264761,0.02477512,1.577621,0.2566436,-0.2185047,1.66975,0.08842912,0.6108494,1.585854
72057594037999830,1,1.290055,95832.93,0.12474,0.206578,1.643829,0.07633989,0.7800594,1.57794,-0.02561344,0.5703323,1.586315,-0.05048048,0.3912623,1.653908,-0.03899496,0.2249004,1.602604,-0.02645112,0.1829676,1.589316,0.2039129,0.5660304,1.565875,0.2430682,0.3736088,1.600278,0.2494503,0.2032665,1.568791,0.2396161,0.1523753,1.554391,0.06769366,0.207386,1.62239,0.05650904,0.02395132,1.549298,0.1531244,-0.2113294,1.650756,0.1777947,0.2113028,1.609685,0.2264761,0.02477512,1.577621,0.2566436,-0.2185047,1.66975,0.08842912,0.6108494,1.585854
72057594037999830,1,1.290055,95832.94,0.12474,0.206578,1.643829,0.07633989,0.7800594,1.57794,-0.02561344,0.5703323,1.586315,-0.05048048,0.3912623,1.653908,-0.03899496,0.2249004,1.602604,-0.02645112,0.1829676,1.589316,0.2039129,0.5660304,1.565875,0.2430682,0.3736088,1.600278,0.2494503,0.2032665,1.568791,0.2396161,0.1523753,1.554391,0.06769366,0.207386,1.62239,0.05650904,0.02395132,1.549298,0.1531244,-0.2113294,1.650756,0.1777947,0.2113028,1.609685,0.2264761,0.02477512,1.577621,0.2566436,-0.2185047,1.66975,0.08842912,0.6108494,1.585854
72057594037999830,1,1.290055,95832.94,0.12474,0.206578,1.643829,0.07633989,0.7800594,1.57794,-0.02561344,0.5703323,1.586315,-0.05048048,0.3912623,1.653908,-0.03899496,0.2249004,1.602604,-0.02645112,0.1829676,1.589316,0.2039129,0.5660304,1.565875,0.2430682,0.3736088,1.600278,0.2494503,0.2032665,1.568791,0.2396161,0.1523753,1.554391,0.06769366,0.207386,1.62239,0.05650904,0.02395132,1.549298,0.1531244,-0.2113294,1.650756,0.1777947,0.2113028,1.609685,0.2264761,0.02477512,1.577621,0.2566436,-0.2185047,1.66975,0.08842912,0.6108494,1.585854
72057594037999830,1,1.290055,95832.94,0.12474,0.206578,1.643829,0.07633989,0.7800594,1.57794,-0.02561344,0.5703323,1.586315,-0.05048048,0.3912623,1.653908,-0.03899496,0.2249004,1.602604,-0.02645112,0.1829676,1.589316,0.2039129,0.5660304,1.565875,0.2430682,0.3736088,1.600278,0.2494503,0.2032665,1.568791,0.2396161,0.1523753,1.554391,0.06769366,0.207386,1.62239,0.05650904,0.02395132,1.549298,0.1531244,-0.2113294,1.650756,0.1777947,0.2113028,1.609685,0.2264761,0.02477512,1.577621,0.2566436,-0.2185047,1.66975,0.08842912,0.6108494,1.585854
72057594037999830,1,1.290055,95832.95,0.12474,0.206578,1.643829,0.07633989,0.7800594,1.57794,-0.02561344,0.5703323,1.586315,-0.05048048,0.3912623,1.653908,-0.03899496,0.2249004,1.602604,-0.02645112,0.1829676,1.589316,0.2039129,0.5660304,1.565875,0.2430682,0.3736088,1.600278,0.2494503,0.2032665,1.568791,0.2396161,0.1523753,1.554391,0.06769366,0.207386,1.62239,0.05650904,0.02395132,1.549298,0.1531244,-0.2113294,1.650756,0.1777947,0.2113028,1.609685,0.2264761,0.02477512,1.577621,0.2566436,-0.2185047,1.66975,0.08842912,0.6108494,1.585854
72057594037999830,1,1.290055,95832.95,0.12474,0.206578,1.643829,0.07633989,0.7800594,1.57794,-0.02561344,0.5703323,1.586315,-0.05048048,0.3912623,1.653908,-0.03899496,0.2249004,1.602604,-0.02645112,0.1829676,1.589316,0.2039129,0.5660304,1.565875,0.2430682,0.3736088,1.600278,0.2494503,0.2032665,1.568791,0.2396161,0.1523753,1.554391,0.06769366,0.207386,1.62239,0.05650904,0.02395132,1.549298,0.1531244,-0.2113294,1.650756,0.1777947,0.2113028,1.609685,0.2264761,0.02477512,1.577621,0.2566436,-0.2185047,1.66975,0.08842912,0.6108494,1.585854
72057594037999830,1,1.304858,95832.95,0.1408271,0.17074,1.651167,0.1028842,0.7390817,1.573072,-0.00360773,0.5302622,1.582589,-0.03515422,0.3504972,1.658381,-0.02176124,0.1841012,1.60856,-0.008124065,0.1573861,1.601595,0.2216808,0.5246766,1.561784,0.2579897,0.3301364,1.603561,0.2472601,0.164046,1.55188,0.2477687,0.1215702,1.559506,0.0836825,0.170789,1.630422,0.07228649,-0.002979338,1.544506,0.1718162,-0.1940606,1.641248,0.1935194,0.1772791,1.616493,0.2386493,0.001590878,1.576265,0.2505981,-0.2025384,1.653807,0.109542,0.5697894,1.584172
72057594037999830,1,1.304858,95832.95,0.1408271,0.17074,1.651167,0.1028842,0.7390817,1.573072,-0.00360773,0.5302622,1.582589,-0.03515422,0.3504972,1.658381,-0.02176124,0.1841012,1.60856,-0.008124065,0.1573861,1.601595,0.2216808,0.5246766,1.561784,0.2579897,0.3301364,1.603561,0.2472601,0.164046,1.55188,0.2477687,0.1215702,1.559506,0.0836825,0.170789,1.630422,0.07228649,-0.002979338,1.544506,0.1718162,-0.1940606,1.641248,0.1935194,0.1772791,1.616493,0.2386493,0.001590878,1.576265,0.2505981,-0.2025384,1.653807,0.109542,0.5697894,1.584172
72057594037999830,1,1.304858,95832.95,0.1408271,0.17074,1.651167,0.1028842,0.7390817,1.573072,-0.00360773,0.5302622,1.582589,-0.03515422,0.3504972,1.658381,-0.02176124,0.1841012,1.60856,-0.008124065,0.1573861,1.601595,0.2216808,0.5246766,1.561784,0.2579897,0.3301364,1.603561,0.2472601,0.164046,1.55188,0.2477687,0.1215702,1.559506,0.0836825,0.170789,1.630422,0.07228649,-0.002979338,1.544506,0.1718162,-0.1940606,1.641248,0.1935194,0.1772791,1.616493,0.2386493,0.001590878,1.576265,0.2505981,-0.2025384,1.653807,0.109542,0.5697894,1.584172
72057594037999830,1,1.304858,95832.95,0.1408271,0.17074,1.651167,0.1028842,0.7390817,1.573072,-0.00360773,0.5302622,1.582589,-0.03515422,0.3504972,1.658381,-0.02176124,0.1841012,1.60856,-0.008124065,0.1573861,1.601595,0.2216808,0.5246766,1.561784,0.2579897,0.3301364,1.603561,0.2472601,0.164046,1.55188,0.2477687,0.1215702,1.559506,0.0836825,0.170789,1.630422,0.07228649,-0.002979338,1.544506,0.1718162,-0.1940606,1.641248,0.1935194,0.1772791,1.616493,0.2386493,0.001590878,1.576265,0.2505981,-0.2025384,1.653807,0.109542,0.5697894,1.584172
72057594037999830,1,1.304858,95832.96,0.1408271,0.17074,1.651167,0.1028842,0.7390817,1.573072,-0.00360773,0.5302622,1.582589,-0.03515422,0.3504972,1.658381,-0.02176124,0.1841012,1.60856,-0.008124065,0.1573861,1.601595,0.2216808,0.5246766,1.561784,0.2579897,0.3301364,1.603561,0.2472601,0.164046,1.55188,0.2477687,0.1215702,1.559506,0.0836825,0.170789,1.630422,0.07228649,-0.002979338,1.544506,0.1718162,-0.1940606,1.641248,0.1935194,0.1772791,1.616493,0.2386493,0.001590878,1.576265,0.2505981,-0.2025384,1.653807,0.109542,0.5697894,1.584172
72057594037999830,1,1.304858,95832.96,0.1408271,0.17074,1.651167,0.1028842,0.7390817,1.573072,-0.00360773,0.5302622,1.582589,-0.03515422,0.3504972,1.658381,-0.02176124,0.1841012,1.60856,-0.008124065,0.1573861,1.601595,0.2216808,0.5246766,1.561784,0.2579897,0.3301364,1.603561,0.2472601,0.164046,1.55188,0.2477687,0.1215702,1.559506,0.0836825,0.170789,1.630422,0.07228649,-0.002979338,1.544506,0.1718162,-0.1940606,1.641248,0.1935194,0.1772791,1.616493,0.2386493,0.001590878,1.576265,0.2505981,-0.2025384,1.653807,0.109542,0.5697894,1.584172
72057594037999830,1,1.304858,95832.97,0.1408271,0.17074,1.651167,0.1028842,0.7390817,1.573072,-0.00360773,0.5302622,1.582589,-0.03515422,0.3504972,1.658381,-0.02176124,0.1841012,1.60856,-0.008124065,0.1573861,1.601595,0.2216808,0.5246766,1.561784,0.2579897,0.3301364,1.603561,0.2472601,0.164046,1.55188,0.2477687,0.1215702,1.559506,0.0836825,0.170789,1.630422,0.07228649,-0.002979338,1.544506,0.1718162,-0.1940606,1.641248,0.1935194,0.1772791,1.616493,0.2386493,0.001590878,1.576265,0.2505981,-0.2025384,1.653807,0.109542,0.5697894,1.584172
72057594037999830,1,1.304858,95832.97,0.1408271,0.17074,1.651167,0.1028842,0.7390817,1.573072,-0.00360773,0.5302622,1.582589,-0.03515422,0.3504972,1.658381,-0.02176124,0.1841012,1.60856,-0.008124065,0.1573861,1.601595,0.2216808,0.5246766,1.561784,0.2579897,0.3301364,1.603561,0.2472601,0.164046,1.55188,0.2477687,0.1215702,1.559506,0.0836825,0.170789,1.630422,0.07228649,-0.002979338,1.544506,0.1718162,-0.1940606,1.641248,0.1935194,0.1772791,1.616493,0.2386493,0.001590878,1.576265,0.2505981,-0.2025384,1.653807,0.109542,0.5697894,1.584172
72057594037999830,1,1.304858,95832.97,0.1408271,0.17074,1.651167,0.1028842,0.7390817,1.573072,-0.00360773,0.5302622,1.582589,-0.03515422,0.3504972,1.658381,-0.02176124,0.1841012,1.60856,-0.008124065,0.1573861,1.601595,0.2216808,0.5246766,1.561784,0.2579897,0.3301364,1.603561,0.2472601,0.164046,1.55188,0.2477687,0.1215702,1.559506,0.0836825,0.170789,1.630422,0.07228649,-0.002979338,1.544506,0.1718162,-0.1940606,1.641248,0.1935194,0.1772791,1.616493,0.2386493,0.001590878,1.576265,0.2505981,-0.2025384,1.653807,0.109542,0.5697894,1.584172
72057594037999830,1,1.304858,95832.98,0.1408271,0.17074,1.651167,0.1028842,0.7390817,1.573072,-0.00360773,0.5302622,1.582589,-0.03515422,0.3504972,1.658381,-0.02176124,0.1841012,1.60856,-0.008124065,0.1573861,1.601595,0.2216808,0.5246766,1.561784,0.2579897,0.3301364,1.603561,0.2472601,0.164046,1.55188,0.2477687,0.1215702,1.559506,0.0836825,0.170789,1.630422,0.07228649,-0.002979338,1.544506,0.1718162,-0.1940606,1.641248,0.1935194,0.1772791,1.616493,0.2386493,0.001590878,1.576265,0.2505981,-0.2025384,1.653807,0.109542,0.5697894,1.584172
72057594037999830,1,1.304858,95832.98,0.1408271,0.17074,1.651167,0.1028842,0.7390817,1.573072,-0.00360773,0.5302622,1.582589,-0.03515422,0.3504972,1.658381,-0.02176124,0.1841012,1.60856,-0.008124065,0.1573861,1.601595,0.2216808,0.5246766,1.561784,0.2579897,0.3301364,1.603561,0.2472601,0.164046,1.55188,0.2477687,0.1215702,1.559506,0.0836825,0.170789,1.630422,0.07228649,-0.002979338,1.544506,0.1718162,-0.1940606,1.641248,0.1935194,0.1772791,1.616493,0.2386493,0.001590878,1.576265,0.2505981,-0.2025384,1.653807,0.109542,0.5697894,1.584172
72057594037999830,1,1.304858,95832.98,0.1408271,0.17074,1.651167,0.1028842,0.7390817,1.573072,-0.00360773,0.5302622,1.582589,-0.03515422,0.3504972,1.658381,-0.02176124,0.1841012,1.60856,-0.008124065,0.1573861,1.601595,0.2216808,0.5246766,1.561784,0.2579897,0.3301364,1.603561,0.2472601,0.164046,1.55188,0.2477687,0.1215702,1.559506,0.0836825,0.170789,1.630422,0.07228649,-0.002979338,1.544506,0.1718162,-0.1940606,1.641248,0.1935194,0.1772791,1.616493,0.2386493,0.001590878,1.576265,0.2505981,-0.2025384,1.653807,0.109542,0.5697894,1.584172
72057594037999830,1,1.326818,95832.98,0.155332,0.1209652,1.66047,0.1257543,0.694706,1.571346,0.01473975,0.4824667,1.580504,-0.02126995,0.314164,1.662097,-0.001637818,0.145893,1.625331,0.009722279,0.1281073,1.613716,0.238555,0.4765949,1.56057,0.2713678,0.277927,1.606591,0.274186,0.1117504,1.555507,0.2674624,0.09459037,1.561281,0.09693582,0.1249438,1.639039,0.1084014,-0.04802236,1.553898,0.2096909,-0.1996601,1.636567,0.2084185,0.1266429,1.626409,0.2452714,-0.04995719,1.583633,0.2453274,-0.2120969,1.656725,0.1265486,0.5223935,1.586931
72057594037999830,1,1.326818,95832.98,0.155332,0.1209652,1.66047,0.1257543,0.694706,1.571346,0.01473975,0.4824667,1.580504,-0.02126995,0.314164,1.662097,-0.001637818,0.145893,1.625331,0.009722279,0.1281073,1.613716,0.238555,0.4765949,1.56057,0.2713678,0.277927,1.606591,0.274186,0.1117504,1.555507,0.2674624,0.09459037,1.561281,0.09693582,0.1249438,1.639039,0.1084014,-0.04802236,1.553898,0.2096909,-0.1996601,1.636567,0.2084185,0.1266429,1.626409,0.2452714,-0.04995719,1.583633,0.2453274,-0.2120969,1.656725,0.1265486,0.5223935,1.586931
72057594037999830,1,1.326818,95832.98,0.155332,0.1209652,1.66047,0.1257543,0.694706,1.571346,0.01473975,0.4824667,1.580504,-0.02126995,0.314164,1.662097,-0.001637818,0.145893,1.625331,0.009722279,0.1281073,1.613716,0.238555,0.4765949,1.56057,0.2713678,0.277927,1.606591,0.274186,0.1117504,1.555507,0.2674624,0.09459037,1.561281,0.09693582,0.1249438,1.639039,0.1084014,-0.04802236,1.553898,0.2096909,-0.1996601,1.636567,0.2084185,0.1266429,1.626409,0.2452714,-0.04995719,1.583633,0.2453274,-0.2120969,1.656725,0.1265486,0.5223935,1.586931
72057594037999830,1,1.326818,95832.99,0.155332,0.1209652,1.66047,0.1257543,0.694706,1.571346,0.01473975,0.4824667,1.580504,-0.02126995,0.314164,1.662097,-0.001637818,0.145893,1.625331,0.009722279,0.1281073,1.613716,0.238555,0.4765949,1.56057,0.2713678,0.277927,1.606591,0.274186,0.1117504,1.555507,0.2674624,0.09459037,1.561281,0.09693582,0.1249438,1.639039,0.1084014,-0.04802236,1.553898,0.2096909,-0.1996601,1.636567,0.2084185,0.1266429,1.626409,0.2452714,-0.04995719,1.583633,0.2453274,-0.2120969,1.656725,0.1265486,0.5223935,1.586931
72057594037999830,1,1.326818,95832.99,0.155332,0.1209652,1.66047,0.1257543,0.694706,1.571346,0.01473975,0.4824667,1.580504,-0.02126995,0.314164,1.662097,-0.001637818,0.145893,1.625331,0.009722279,0.1281073,1.613716,0.238555,0.4765949,1.56057,0.2713678,0.277927,1.606591,0.274186,0.1117504,1.555507,0.2674624,0.09459037,1.561281,0.09693582,0.1249438,1.639039,0.1084014,-0.04802236,1.553898,0.2096909,-0.1996601,1.636567,0.2084185,0.1266429,1.626409,0.2452714,-0.04995719,1.583633,0.2453274,-0.2120969,1.656725,0.1265486,0.5223935,1.586931
72057594037999830,1,1.326818,95832.99,0.155332,0.1209652,1.66047,0.1257543,0.694706,1.571346,0.01473975,0.4824667,1.580504,-0.02126995,0.314164,1.662097,-0.001637818,0.145893,1.625331,0.009722279,0.1281073,1.613716,0.238555,0.4765949,1.56057,0.2713678,0.277927,1.606591,0.274186,0.1117504,1.555507,0.2674624,0.09459037,1.561281,0.09693582,0.1249438,1.639039,0.1084014,-0.04802236,1.553898,0.2096909,-0.1996601,1.636567,0.2084185,0.1266429,1.626409,0.2452714,-0.04995719,1.583633,0.2453274,-0.2120969,1.656725,0.1265486,0.5223935,1.586931
72057594037999830,1,1.326818,95833,0.155332,0.1209652,1.66047,0.1257543,0.694706,1.571346,0.01473975,0.4824667,1.580504,-0.02126995,0.314164,1.662097,-0.001637818,0.145893,1.625331,0.009722279,0.1281073,1.613716,0.238555,0.4765949,1.56057,0.2713678,0.277927,1.606591,0.274186,0.1117504,1.555507,0.2674624,0.09459037,1.561281,0.09693582,0.1249438,1.639039,0.1084014,-0.04802236,1.553898,0.2096909,-0.1996601,1.636567,0.2084185,0.1266429,1.626409,0.2452714,-0.04995719,1.583633,0.2453274,-0.2120969,1.656725,0.1265486,0.5223935,1.586931
72057594037999830,1,1.326818,95833,0.155332,0.1209652,1.66047,0.1257543,0.694706,1.571346,0.01473975,0.4824667,1.580504,-0.02126995,0.314164,1.662097,-0.001637818,0.145893,1.625331,0.009722279,0.1281073,1.613716,0.238555,0.4765949,1.56057,0.2713678,0.277927,1.606591,0.274186,0.1117504,1.555507,0.2674624,0.09459037,1.561281,0.09693582,0.1249438,1.639039,0.1084014,-0.04802236,1.553898,0.2096909,-0.1996601,1.636567,0.2084185,0.1266429,1.626409,0.2452714,-0.04995719,1.583633,0.2453274,-0.2120969,1.656725,0.1265486,0.5223935,1.586931
72057594037999830,1,1.326818,95833.01,0.155332,0.1209652,1.66047,0.1257543,0.694706,1.571346,0.01473975,0.4824667,1.580504,-0.02126995,0.314164,1.662097,-0.001637818,0.145893,1.625331,0.009722279,0.1281073,1.613716,0.238555,0.4765949,1.56057,0.2713678,0.277927,1.606591,0.274186,0.1117504,1.555507,0.2674624,0.09459037,1.561281,0.09693582,0.1249438,1.639039,0.1084014,-0.04802236,1.553898,0.2096909,-0.1996601,1.636567,0.2084185,0.1266429,1.626409,0.2452714,-0.04995719,1.583633,0.2453274,-0.2120969,1.656725,0.1265486,0.5223935,1.586931
72057594037999830,1,1.326818,95833.01,0.155332,0.1209652,1.66047,0.1257543,0.694706,1.571346,0.01473975,0.4824667,1.580504,-0.02126995,0.314164,1.662097,-0.001637818,0.145893,1.625331,0.009722279,0.1281073,1.613716,0.238555,0.4765949,1.56057,0.2713678,0.277927,1.606591,0.274186,0.1117504,1.555507,0.2674624,0.09459037,1.561281,0.09693582,0.1249438,1.639039,0.1084014,-0.04802236,1.553898,0.2096909,-0.1996601,1.636567,0.2084185,0.1266429,1.626409,0.2452714,-0.04995719,1.583633,0.2453274,-0.2120969,1.656725,0.1265486,0.5223935,1.586931
72057594037999830,1,1.326818,95833.01,0.155332,0.1209652,1.66047,0.1257543,0.694706,1.571346,0.01473975,0.4824667,1.580504,-0.02126995,0.314164,1.662097,-0.001637818,0.145893,1.625331,0.009722279,0.1281073,1.613716,0.238555,0.4765949,1.56057,0.2713678,0.277927,1.606591,0.274186,0.1117504,1.555507,0.2674624,0.09459037,1.561281,0.09693582,0.1249438,1.639039,0.1084014,-0.04802236,1.553898,0.2096909,-0.1996601,1.636567,0.2084185,0.1266429,1.626409,0.2452714,-0.04995719,1.583633,0.2453274,-0.2120969,1.656725,0.1265486,0.5223935,1.586931
72057594037999830,1,1.326818,95833.02,0.155332,0.1209652,1.66047,0.1257543,0.694706,1.571346,0.01473975,0.4824667,1.580504,-0.02126995,0.314164,1.662097,-0.001637818,0.145893,1.625331,0.009722279,0.1281073,1.613716,0.238555,0.4765949,1.56057,0.2713678,0.277927,1.606591,0.274186,0.1117504,1.555507,0.2674624,0.09459037,1.561281,0.09693582,0.1249438,1.639039,0.1084014,-0.04802236,1.553898,0.2096909,-0.1996601,1.636567,0.2084185,0.1266429,1.626409,0.2452714,-0.04995719,1.583633,0.2453274,-0.2120969,1.656725,0.1265486,0.5223935,1.586931
72057594037999830,1,1.332668,95833.02,0.1582986,0.1085616,1.662546,0.1372565,0.6743608,1.568498,0.02249472,0.4648179,1.578725,0.0009295294,0.2756489,1.662559,0.03054135,0.1081402,1.631801,0.03622951,0.09939486,1.623484,0.2447542,0.4595367,1.564693,0.2723995,0.2743891,1.607945,0.2725628,0.09152022,1.546482,0.2665249,0.04574829,1.547879,0.09951251,0.1099873,1.640355,0.1314085,-0.06055006,1.557046,0.2610895,-0.2482002,1.665698,0.2120675,0.1153246,1.629509,0.3129525,-0.02168465,1.538896,0.2937777,-0.2780721,1.633763,0.1301558,0.5052252,1.586807
72057594037999830,1,1.332668,95833.02,0.1582986,0.1085616,1.662546,0.1372565,0.6743608,1.568498,0.02249472,0.4648179,1.578725,0.0009295294,0.2756489,1.662559,0.03054135,0.1081402,1.631801,0.03622951,0.09939486,1.623484,0.2447542,0.4595367,1.564693,0.2723995,0.2743891,1.607945,0.2725628,0.09152022,1.546482,0.2665249,0.04574829,1.547879,0.09951251,0.1099873,1.640355,0.1314085,-0.06055006,1.557046,0.2610895,-0.2482002,1.665698,0.2120675,0.1153246,1.629509,0.3129525,-0.02168465,1.538896,0.2937777,-0.2780721,1.633763,0.1301558,0.5052252,1.586807
72057594037999830,1,1.332668,95833.02,0.1582986,0.1085616,1.662546,0.1372565,0.6743608,1.568498,0.02249472,0.4648179,1.578725,0.0009295294,0.2756489,1.662559,0.03054135,0.1081402,1.631801,0.03622951,0.09939486,1.623484,0.2447542,0.4595367,1.564693,0.2723995,0.2743891,1.607945,0.2725628,0.09152022,1.546482,0.2665249,0.04574829,1.547879,0.09951251,0.1099873,1.640355,0.1314085,-0.06055006,1.557046,0.2610895,-0.2482002,1.665698,0.2120675,0.1153246,1.629509,0.3129525,-0.02168465,1.538896,0.2937777,-0.2780721,1.633763,0.1301558,0.5052252,1.586807
72057594037999830,1,1.332668,95833.02,0.1582986,0.1085616,1.662546,0.1372565,0.6743608,1.568498,0.02249472,0.4648179,1.578725,0.0009295294,0.2756489,1.662559,0.03054135,0.1081402,1.631801,0.03622951,0.09939486,1.623484,0.2447542,0.4595367,1.564693,0.2723995,0.2743891,1.607945,0.2725628,0.09152022,1.546482,0.2665249,0.04574829,1.547879,0.09951251,0.1099873,1.640355,0.1314085,-0.06055006,1.557046,0.2610895,-0.2482002,1.665698,0.2120675,0.1153246,1.629509,0.3129525,-0.02168465,1.538896,0.2937777,-0.2780721,1.633763,0.1301558,0.5052252,1.586807
72057594037999830,1,1.332668,95833.03,0.1582986,0.1085616,1.662546,0.1372565,0.6743608,1.568498,0.02249472,0.4648179,1.578725,0.0009295294,0.2756489,1.662559,0.03054135,0.1081402,1.631801,0.03622951,0.09939486,1.623484,0.2447542,0.4595367,1.564693,0.2723995,0.2743891,1.607945,0.2725628,0.09152022,1.546482,0.2665249,0.04574829,1.547879,0.09951251,0.1099873,1.640355,0.1314085,-0.06055006,1.557046,0.2610895,-0.2482002,1.665698,0.2120675,0.1153246,1.629509,0.3129525,-0.02168465,1.538896,0.2937777,-0.2780721,1.633763,0.1301558,0.5052252,1.586807
72057594037999830,1,1.332668,95833.03,0.1582986,0.1085616,1.662546,0.1372565,0.6743608,1.568498,0.02249472,0.4648179,1.578725,0.0009295294,0.2756489,1.662559,0.03054135,0.1081402,1.631801,0.03622951,0.09939486,1.623484,0.2447542,0.4595367,1.564693,0.2723995,0.2743891,1.607945,0.2725628,0.09152022,1.546482,0.2665249,0.04574829,1.547879,0.09951251,0.1099873,1.640355,0.1314085,-0.06055006,1.557046,0.2610895,-0.2482002,1.665698,0.2120675,0.1153246,1.629509,0.3129525,-0.02168465,1.538896,0.2937777,-0.2780721,1.633763,0.1301558,0.5052252,1.586807
72057594037999830,1,1.332668,95833.03,0.1582986,0.1085616,1.662546,0.1372565,0.6743608,1.568498,0.02249472,0.4648179,1.578725,0.0009295294,0.2756489,1.662559,0.03054135,0.1081402,1.631801,0.03622951,0.09939486,1.623484,0.2447542,0.4595367,1.564693,0.2723995,0.2743891,1.607945,0.2725628,0.09152022,1.546482,0.2665249,0.04574829,1.547879,0.09951251,0.1099873,1.640355,0.1314085,-0.06055006,1.557046,0.2610895,-0.2482002,1.665698,0.2120675,0.1153246,1.629509,0.3129525,-0.02168465,1.538896,0.2937777,-0.2780721,1.633763,0.1301558,0.5052252,1.586807
72057594037999830,1,1.332668,95833.04,0.1582986,0.1085616,1.662546,0.1372565,0.6743608,1.568498,0.02249472,0.4648179,1.578725,0.0009295294,0.2756489,1.662559,0.03054135,0.1081402,1.631801,0.03622951,0.09939486,1.623484,0.2447542,0.4595367,1.564693,0.2723995,0.2743891,1.607945,0.2725628,0.09152022,1.546482,0.2665249,0.04574829,1.547879,0.09951251,0.1099873,1.640355,0.1314085,-0.06055006,1.557046,0.2610895,-0.2482002,1.665698,0.2120675,0.1153246,1.629509,0.3129525,-0.02168465,1.538896,0.2937777,-0.2780721,1.633763,0.1301558,0.5052252,1.586807
72057594037999830,1,1.332668,95833.04,0.1582986,0.1085616,1.662546,0.1372565,0.6743608,1.568498,0.02249472,0.4648179,1.578725,0.0009295294,0.2756489,1.662559,0.03054135,0.1081402,1.631801,0.03622951,0.09939486,1.623484,0.2447542,0.4595367,1.564693,0.2723995,0.2743891,1.607945,0.2725628,0.09152022,1.546482,0.2665249,0.04574829,1.547879,0.09951251,0.1099873,1.640355,0.1314085,-0.06055006,1.557046,0.2610895,-0.2482002,1.665698,0.2120675,0.1153246,1.629509,0.3129525,-0.02168465,1.538896,0.2937777,-0.2780721,1.633763,0.1301558,0.5052252,1.586807
72057594037999830,1,1.332668,95833.05,0.1582986,0.1085616,1.662546,0.1372565,0.6743608,1.568498,0.02249472,0.4648179,1.578725,0.0009295294,0.2756489,1.662559,0.03054135,0.1081402,1.631801,0.03622951,0.09939486,1.623484,0.2447542,0.4595367,1.564693,0.2723995,0.2743891,1.607945,0.2725628,0.09152022,1.546482,0.2665249,0.04574829,1.547879,0.09951251,0.1099873,1.640355,0.1314085,-0.06055006,1.557046,0.2610895,-0.2482002,1.665698,0.2120675,0.1153246,1.629509,0.3129525,-0.02168465,1.538896,0.2937777,-0.2780721,1.633763,0.1301558,0.5052252,1.586807
72057594037999830,1,1.336842,95833.05,0.1618877,0.104196,1.661095,0.1412116,0.6693472,1.566419,0.02484007,0.4635475,1.578467,0.008955466,0.2714956,1.662157,0.03554505,0.1038694,1.628819,0.04422121,0.09691933,1.616801,0.2477941,0.4549912,1.567689,0.2744204,0.2743905,1.608059,0.2665373,0.07525635,1.544162,0.2624313,0.02801424,1.540374,0.1028324,0.1049709,1.637858,0.1334559,-0.06592694,1.555303,0.2148683,-0.2356619,1.624799,0.2158744,0.1116945,1.62903,0.3130992,-0.02496871,1.532017,0.3122696,-0.2926725,1.595861,0.132753,0.4985848,1.584849
72057594037999830,1,1.336842,95833.05,0.1618877,0.104196,1.661095,0.1412116,0.6693472,1.566419,0.02484007,0.4635475,1.578467,0.008955466,0.2714956,1.662157,0.03554505,0.1038694,1.628819,0.04422121,0.09691933,1.616801,0.2477941,0.4549912,1.567689,0.2744204,0.2743905,1.608059,0.2665373,0.07525635,1.544162,0.2624313,0.02801424,1.540374,0.1028324,0.1049709,1.637858,0.1334559,-0.06592694,1.555303,0.2148683,-0.2356619,1.624799,0.2158744,0.1116945,1.62903,0.3130992,-0.02496871,1.532017,0.3122696,-0.2926725,1.595861,0.132753,0.4985848,1.584849
72057594037999830,1,1.336842,95833.05,0.1618877,0.104196,1.661095,0.1412116,0.6693472,1.566419,0.02484007,0.4635475,1.578467,0.008955466,0.2714956,1.662157,0.03554505,0.1038694,1.628819,0.04422121,0.09691933,1.616801,0.2477941,0.4549912,1.567689,0.2744204,0.2743905,1.608059,0.2665373,0.07525635,1.544162,0.2624313,0.02801424,1.540374,0.1028324,0.1049709,1.637858,0.1334559,-0.06592694,1.555303,0.2148683,-0.2356619,1.624799,0.2158744,0.1116945,1.62903,0.3130992,-0.02496871,1.532017,0.3122696,-0.2926725,1.595861,0.132753,0.4985848,1.584849
72057594037999830,1,1.336842,95833.05,0.1618877,0.104196,1.661095,0.1412116,0.6693472,1.566419,0.02484007,0.4635475,1.578467,0.008955466,0.2714956,1.662157,0.03554505,0.1038694,1.628819,0.04422121,0.09691933,1.616801,0.2477941,0.4549912,1.567689,0.2744204,0.2743905,1.608059,0.2665373,0.07525635,1.544162,0.2624313,0.02801424,1.540374,0.1028324,0.1049709,1.637858,0.1334559,-0.06592694,1.555303,0.2148683,-0.2356619,1.624799,0.2158744,0.1116945,1.62903,0.3130992,-0.02496871,1.532017,0.3122696,-0.2926725,1.595861,0.132753,0.4985848,1.584849
72057594037999830,1,1.336842,95833.05,0.1618877,0.104196,1.661095,0.1412116,0.6693472,1.566419,0.02484007,0.4635475,1.578467,0.008955466,0.2714956,1.662157,0.03554505,0.1038694,1.628819,0.04422121,0.09691933,1.616801,0.2477941,0.4549912,1.567689,0.2744204,0.2743905,1.608059,0.2665373,0.07525635,1.544162,0.2624313,0.02801424,1.540374,0.1028324,0.1049709,1.637858,0.1334559,-0.06592694,1.555303,0.2148683,-0.2356619,1.624799,0.2158744,0.1116945,1.62903,0.3130992,-0.02496871,1.532017,0.3122696,-0.2926725,1.595861,0.132753,0.4985848,1.584849
72057594037999830,1,1.336842,95833.06,0.1618877,0.104196,1.661095,0.1412116,0.6693472,1.566419,0.02484007,0.4635475,1.578467,0.008955466,0.2714956,1.662157,0.03554505,0.1038694,1.628819,0.04422121,0.09691933,1.616801,0.2477941,0.4549912,1.567689,0.2744204,0.2743905,1.608059,0.2665373,0.07525635,1.544162,0.2624313,0.02801424,1.540374,0.1028324,0.1049709,1.637858,0.1334559,-0.06592694,1.555303,0.2148683,-0.2356619,1.624799,0.2158744,0.1116945,1.62903,0.3130992,-0.02496871,1.532017,0.3122696,-0.2926725,1.595861,0.132753,0.4985848,1.584849
72057594037999830,1,1.336842,95833.06,0.1618877,0.104196,1.661095,0.1412116,0.6693472,1.566419,0.02484007,0.4635475,1.578467,0.008955466,0.2714956,1.662157,0.03554505,0.1038694,1.628819,0.04422121,0.09691933,1.616801,0.2477941,0.4549912,1.567689,0.2744204,0.2743905,1.608059,0.2665373,0.07525635,1.544162,0.2624313,0.02801424,1.540374,0.1028324,0.1049709,1.637858,0.1334559,-0.06592694,1.555303,0.2148683,-0.2356619,1.624799,0.2158744,0.1116945,1.62903,0.3130992,-0.02496871,1.532017,0.3122696,-0.2926725,1.595861,0.132753,0.4985848,1.584849
72057594037999830,1,1.336842,95833.06,0.1618877,0.104196,1.661095,0.1412116,0.6693472,1.566419,0.02484007,0.4635475,1.578467,0.008955466,0.2714956,1.662157,0.03554505,0.1038694,1.628819,0.04422121,0.09691933,1.616801,0.2477941,0.4549912,1.567689,0.2744204,0.2743905,1.608059,0.2665373,0.07525635,1.544162,0.2624313,0.02801424,1.540374,0.1028324,0.1049709,1.637858,0.1334559,-0.06592694,1.555303,0.2148683,-0.2356619,1.624799,0.2158744,0.1116945,1.62903,0.3130992,-0.02496871,1.532017,0.3122696,-0.2926725,1.595861,0.132753,0.4985848,1.584849
72057594037999830,1,1.336842,95833.07,0.1618877,0.104196,1.661095,0.1412116,0.6693472,1.566419,0.02484007,0.4635475,1.578467,0.008955466,0.2714956,1.662157,0.03554505,0.1038694,1.628819,0.04422121,0.09691933,1.616801,0.2477941,0.4549912,1.567689,0.2744204,0.2743905,1.608059,0.2665373,0.07525635,1.544162,0.2624313,0.02801424,1.540374,0.1028324,0.1049709,1.637858,0.1334559,-0.06592694,1.555303,0.2148683,-0.2356619,1.624799,0.2158744,0.1116945,1.62903,0.3130992,-0.02496871,1.532017,0.3122696,-0.2926725,1.595861,0.132753,0.4985848,1.584849
72057594037999830,1,1.336842,95833.07,0.1618877,0.104196,1.661095,0.1412116,0.6693472,1.566419,0.02484007,0.4635475,1.578467,0.008955466,0.2714956,1.662157,0.03554505,0.1038694,1.628819,0.04422121,0.09691933,1.616801,0.2477941,0.4549912,1.567689,0.2744204,0.2743905,1.608059,0.2665373,0.07525635,1.544162,0.2624313,0.02801424,1.540374,0.1028324,0.1049709,1.637858,0.1334559,-0.06592694,1.555303,0.2148683,-0.2356619,1.624799,0.2158744,0.1116945,1.62903,0.3130992,-0.02496871,1.532017,0.3122696,-0.2926725,1.595861,0.132753,0.4985848,1.584849
72057594037999830,1,1.336842,95833.08,0.1618877,0.104196,1.661095,0.1412116,0.6693472,1.566419,0.02484007,0.4635475,1.578467,0.008955466,0.2714956,1.662157,0.03554505,0.1038694,1.628819,0.04422121,0.09691933,1.616801,0.2477941,0.4549912,1.567689,0.2744204,0.2743905,1.608059,0.2665373,0.07525635,1.544162,0.2624313,0.02801424,1.540374,0.1028324,0.1049709,1.637858,0.1334559,-0.06592694,1.555303,0.2148683,-0.2356619,1.624799,0.2158744,0.1116945,1.62903,0.3130992,-0.02496871,1.532017,0.3122696,-0.2926725,1.595861,0.132753,0.4985848,1.584849
72057594037999830,1,1.338894,95833.08,0.1634611,0.1087584,1.655529,0.1458257,0.6757599,1.564079,0.02685481,0.4737394,1.580728,0.01105327,0.280446,1.671972,0.02564114,0.1110187,1.640972,0.03029541,0.08322051,1.616918,0.2490453,0.4596407,1.568805,0.266239,0.2711664,1.584963,0.2593561,0.09706989,1.547621,0.2577951,0.04873779,1.543566,0.1047866,0.1099248,1.63129,0.130517,-0.0636968,1.555335,0.2100803,-0.2335462,1.626459,0.2170489,0.1159199,1.624412,0.2719615,-0.05326426,1.563197,0.2832575,-0.2482411,1.667853,0.1340796,0.503822,1.582981
72057594037999830,1,1.338894,95833.09,0.1634611,0.1087584,1.655529,0.1458257,0.6757599,1.564079,0.02685481,0.4737394,1.580728,0.01105327,0.280446,1.671972,0.02564114,0.1110187,1.640972,0.03029541,0.08322051,1.616918,0.2490453,0.4596407,1.568805,0.266239,0.2711664,1.584963,0.2593561,0.09706989,1.547621,0.2577951,0.04873779,1.543566,0.1047866,0.1099248,1.63129,0.130517,-0.0636968,1.555335,0.2100803,-0.2335462,1.626459,0.2170489,0.1159199,1.624412,0.2719615,-0.05326426,1.563197,0.2832575,-0.2482411,1.667853,0.1340796,0.503822,1.582981
72057594037999830,1,1.338894,95833.09,0.1634611,0.1087584,1.655529,0.1458257,0.6757599,1.564079,0.02685481,0.4737394,1.580728,0.01105327,0.280446,1.671972,0.02564114,0.1110187,1.640972,0.03029541,0.08322051,1.616918,0.2490453,0.4596407,1.568805,0.266239,0.2711664,1.584963,0.2593561,0.09706989,1.547621,0.2577951,0.04873779,1.543566,0.1047866,0.1099248,1.63129,0.130517,-0.0636968,1.555335,0.2100803,-0.2335462,1.626459,0.2170489,0.1159199,1.624412,0.2719615,-0.05326426,1.563197,0.2832575,-0.2482411,1.667853,0.1340796,0.503822,1.582981
72057594037999830,1,1.338894,95833.09,0.1634611,0.1087584,1.655529,0.1458257,0.6757599,1.564079,0.02685481,0.4737394,1.580728,0.01105327,0.280446,1.671972,0.02564114,0.1110187,1.640972,0.03029541,0.08322051,1.616918,0.2490453,0.4596407,1.568805,0.266239,0.2711664,1.584963,0.2593561,0.09706989,1.547621,0.2577951,0.04873779,1.543566,0.1047866,0.1099248,1.63129,0.130517,-0.0636968,1.555335,0.2100803,-0.2335462,1.626459,0.2170489,0.1159199,1.624412,0.2719615,-0.05326426,1.563197,0.2832575,-0.2482411,1.667853,0.1340796,0.503822,1.582981
72057594037999830,1,1.338894,95833.09,0.1634611,0.1087584,1.655529,0.1458257,0.6757599,1.564079,0.02685481,0.4737394,1.580728,0.01105327,0.280446,1.671972,0.02564114,0.1110187,1.640972,0.03029541,0.08322051,1.616918,0.2490453,0.4596407,1.568805,0.266239,0.2711664,1.584963,0.2593561,0.09706989,1.547621,0.2577951,0.04873779,1.543566,0.1047866,0.1099248,1.63129,0.130517,-0.0636968,1.555335,0.2100803,-0.2335462,1.626459,0.2170489,0.1159199,1.624412,0.2719615,-0.05326426,1.563197,0.2832575,-0.2482411,1.667853,0.1340796,0.503822,1.582981
72057594037999830,1,1.338894,95833.09,0.1634611,0.1087584,1.655529,0.1458257,0.6757599,1.564079,0.02685481,0.4737394,1.580728,0.01105327,0.280446,1.671972,0.02564114,0.1110187,1.640972,0.03029541,0.08322051,1.616918,0.2490453,0.4596407,1.568805,0.266239,0.2711664,1.584963,0.2593561,0.09706989,1.547621,0.2577951,0.04873779,1.543566,0.1047866,0.1099248,1.63129,0.130517,-0.0636968,1.555335,0.2100803,-0.2335462,1.626459,0.2170489,0.1159199,1.624412,0.2719615,-0.05326426,1.563197,0.2832575,-0.2482411,1.667853,0.1340796,0.503822,1.582981
72057594037999830,1,1.338894,95833.1,0.1634611,0.1087584,1.655529,0.1458257,0.6757599,1.564079,0.02685481,0.4737394,1.580728,0.01105327,0.280446,1.671972,0.02564114,0.1110187,1.640972,0.03029541,0.08322051,1.616918,0.2490453,0.4596407,1.568805,0.266239,0.2711664,1.584963,0.2593561,0.09706989,1.547621,0.2577951,0.04873779,1.543566,0.1047866,0.1099248,1.63129,0.130517,-0.0636968,1.555335,0.2100803,-0.2335462,1.626459,0.2170489,0.1159199,1.624412,0.2719615,-0.05326426,1.563197,0.2832575,-0.2482411,1.667853,0.1340796,0.503822,1.582981
72057594037999830,1,1.338894,95833.1,0.1634611,0.1087584,1.655529,0.1458257,0.6757599,1.564079,0.02685481,0.4737394,1.580728,0.01105327,0.280446,1.671972,0.02564114,0.1110187,1.640972,0.03029541,0.08322051,1.616918,0.2490453,0.4596407,1.568805,0.266239,0.2711664,1.584963,0.2593561,0.09706989,1.547621,0.2577951,0.04873779,1.543566,0.1047866,0.1099248,1.63129,0.130517,-0.0636968,1.555335,0.2100803,-0.2335462,1.626459,0.2170489,0.1159199,1.624412,0.2719615,-0.05326426,1.563197,0.2832575,-0.2482411,1.667853,0.1340796,0.503822,1.582981
72057594037999830,1,1.338894,95833.11,0.1634611,0.1087584,1.655529,0.1458257,0.6757599,1.564079,0.02685481,0.4737394,1.580728,0.01105327,0.280446,1.671972,0.02564114,0.1110187,1.640972,0.03029541,0.08322051,1.616918,0.2490453,0.4596407,1.568805,0.266239,0.2711664,1.584963,0.2593561,0.09706989,1.547621,0.2577951,0.04873779,1.543566,0.1047866,0.1099248,1.63129,0.130517,-0.0636968,1.555335,0.2100803,-0.2335462,1.626459,0.2170489,0.1159199,1.624412,0.2719615,-0.05326426,1.563197,0.2832575,-0.2482411,1.667853,0.1340796,0.503822,1.582981
72057594037999830,1,1.338894,95833.11,0.1634611,0.1087584,1.655529,0.1458257,0.6757599,1.564079,0.02685481,0.4737394,1.580728,0.01105327,0.280446,1.671972,0.02564114,0.1110187,1.640972,0.03029541,0.08322051,1.616918,0.2490453,0.4596407,1.568805,0.266239,0.2711664,1.584963,0.2593561,0.09706989,1.547621,0.2577951,0.04873779,1.543566,0.1047866,0.1099248,1.63129,0.130517,-0.0636968,1.555335,0.2100803,-0.2335462,1.626459,0.2170489,0.1159199,1.624412,0.2719615,-0.05326426,1.563197,0.2832575,-0.2482411,1.667853,0.1340796,0.503822,1.582981
72057594037999830,1,1.338894,95833.11,0.1634611,0.1087584,1.655529,0.1458257,0.6757599,1.564079,0.02685481,0.4737394,1.580728,0.01105327,0.280446,1.671972,0.02564114,0.1110187,1.640972,0.03029541,0.08322051,1.616918,0.2490453,0.4596407,1.568805,0.266239,0.2711664,1.584963,0.2593561,0.09706989,1.547621,0.2577951,0.04873779,1.543566,0.1047866,0.1099248,1.63129,0.130517,-0.0636968,1.555335,0.2100803,-0.2335462,1.626459,0.2170489,0.1159199,1.624412,0.2719615,-0.05326426,1.563197,0.2832575,-0.2482411,1.667853,0.1340796,0.503822,1.582981
72057594037999830,1,1.323469,95833.12,0.153398,0.1539288,1.641678,0.1564025,0.7294469,1.560065,0.02336167,0.5328673,1.585293,-0.009599304,0.3524494,1.688027,-0.002367354,0.1694591,1.622797,0.01012464,0.1219759,1.601259,0.2506581,0.4961702,1.566728,0.2761325,0.3043892,1.609919,0.2845104,0.1351207,1.574374,0.2762452,0.09185854,1.55253,0.09647056,0.1589302,1.617102,0.09477443,-0.02379537,1.568281,0.1989267,-0.1845896,1.630758,0.2055575,0.1564888,1.610868,0.2645176,-0.01842171,1.579489,0.2862198,-0.2469848,1.669943,0.1343495,0.5605306,1.580959
72057594037999830,1,1.323469,95833.12,0.153398,0.1539288,1.641678,0.1564025,0.7294469,1.560065,0.02336167,0.5328673,1.585293,-0.009599304,0.3524494,1.688027,-0.002367354,0.1694591,1.622797,0.01012464,0.1219759,1.601259,0.2506581,0.4961702,1.566728,0.2761325,0.3043892,1.609919,0.2845104,0.1351207,1.574374,0.2762452,0.09185854,1.55253,0.09647056,0.1589302,1.617102,0.09477443,-0.02379537,1.568281,0.1989267,-0.1845896,1.630758,0.2055575,0.1564888,1.610868,0.2645176,-0.01842171,1.579489,0.2862198,-0.2469848,1.669943,0.1343495,0.5605306,1.580959
72057594037999830,1,1.323469,95833.13,0.153398,0.1539288,1.641678,0.1564025,0.7294469,1.560065,0.02336167,0.5328673,1.585293,-0.009599304,0.3524494,1.688027,-0.002367354,0.1694591,1.622797,0.01012464,0.1219759,1.601259,0.2506581,0.4961702,1.566728,0.2761325,0.3043892,1.609919,0.2845104,0.1351207,1.574374,0.2762452,0.09185854,1.55253,0.09647056,0.1589302,1.617102,0.09477443,-0.02379537,1.568281,0.1989267,-0.1845896,1.630758,0.2055575,0.1564888,1.610868,0.2645176,-0.01842171,1.579489,0.2862198,-0.2469848,1.669943,0.1343495,0.5605306,1.580959
72057594037999830,1,1.323469,95833.13,0.153398,0.1539288,1.641678,0.1564025,0.7294469,1.560065,0.02336167,0.5328673,1.585293,-0.009599304,0.3524494,1.688027,-0.002367354,0.1694591,1.622797,0.01012464,0.1219759,1.601259,0.2506581,0.4961702,1.566728,0.2761325,0.3043892,1.609919,0.2845104,0.1351207,1.574374,0.2762452,0.09185854,1.55253,0.09647056,0.1589302,1.617102,0.09477443,-0.02379537,1.568281,0.1989267,-0.1845896,1.630758,0.2055575,0.1564888,1.610868,0.2645176,-0.01842171,1.579489,0.2862198,-0.2469848,1.669943,0.1343495,0.5605306,1.580959
72057594037999830,1,1.323469,95833.13,0.153398,0.1539288,1.641678,0.1564025,0.7294469,1.560065,0.02336167,0.5328673,1.585293,-0.009599304,0.3524494,1.688027,-0.002367354,0.1694591,1.622797,0.01012464,0.1219759,1.601259,0.2506581,0.4961702,1.566728,0.2761325,0.3043892,1.609919,0.2845104,0.1351207,1.574374,0.2762452,0.09185854,1.55253,0.09647056,0.1589302,1.617102,0.09477443,-0.02379537,1.568281,0.1989267,-0.1845896,1.630758,0.2055575,0.1564888,1.610868,0.2645176,-0.01842171,1.579489,0.2862198,-0.2469848,1.669943,0.1343495,0.5605306,1.580959
72057594037999830,1,1.323469,95833.13,0.153398,0.1539288,1.641678,0.1564025,0.7294469,1.560065,0.02336167,0.5328673,1.585293,-0.009599304,0.3524494,1.688027,-0.002367354,0.1694591,1.622797,0.01012464,0.1219759,1.601259,0.2506581,0.4961702,1.566728,0.2761325,0.3043892,1.609919,0.2845104,0.1351207,1.574374,0.2762452,0.09185854,1.55253,0.09647056,0.1589302,1.617102,0.09477443,-0.02379537,1.568281,0.1989267,-0.1845896,1.630758,0.2055575,0.1564888,1.610868,0.2645176,-0.01842171,1.579489,0.2862198,-0.2469848,1.669943,0.1343495,0.5605306,1.580959
72057594037999830,1,1.323469,95833.13,0.153398,0.1539288,1.641678,0.1564025,0.7294469,1.560065,0.02336167,0.5328673,1.585293,-0.009599304,0.3524494,1.688027,-0.002367354,0.1694591,1.622797,0.01012464,0.1219759,1.601259,0.2506581,0.4961702,1.566728,0.2761325,0.3043892,1.609919,0.2845104,0.1351207,1.574374,0.2762452,0.09185854,1.55253,0.09647056,0.1589302,1.617102,0.09477443,-0.02379537,1.568281,0.1989267,-0.1845896,1.630758,0.2055575,0.1564888,1.610868,0.2645176,-0.01842171,1.579489,0.2862198,-0.2469848,1.669943,0.1343495,0.5605306,1.580959
72057594037999830,1,1.323469,95833.14,0.153398,0.1539288,1.641678,0.1564025,0.7294469,1.560065,0.02336167,0.5328673,1.585293,-0.009599304,0.3524494,1.688027,-0.002367354,0.1694591,1.622797,0.01012464,0.1219759,1.601259,0.2506581,0.4961702,1.566728,0.2761325,0.3043892,1.609919,0.2845104,0.1351207,1.574374,0.2762452,0.09185854,1.55253,0.09647056,0.1589302,1.617102,0.09477443,-0.02379537,1.568281,0.1989267,-0.1845896,1.630758,0.2055575,0.1564888,1.610868,0.2645176,-0.01842171,1.579489,0.2862198,-0.2469848,1.669943,0.1343495,0.5605306,1.580959
72057594037999830,1,1.323469,95833.14,0.153398,0.1539288,1.641678,0.1564025,0.7294469,1.560065,0.02336167,0.5328673,1.585293,-0.009599304,0.3524494,1.688027,-0.002367354,0.1694591,1.622797,0.01012464,0.1219759,1.601259,0.2506581,0.4961702,1.566728,0.2761325,0.3043892,1.609919,0.2845104,0.1351207,1.574374,0.2762452,0.09185854,1.55253,0.09647056,0.1589302,1.617102,0.09477443,-0.02379537,1.568281,0.1989267,-0.1845896,1.630758,0.2055575,0.1564888,1.610868,0.2645176,-0.01842171,1.579489,0.2862198,-0.2469848,1.669943,0.1343495,0.5605306,1.580959
72057594037999830,1,1.323469,95833.14,0.153398,0.1539288,1.641678,0.1564025,0.7294469,1.560065,0.02336167,0.5328673,1.585293,-0.009599304,0.3524494,1.688027,-0.002367354,0.1694591,1.622797,0.01012464,0.1219759,1.601259,0.2506581,0.4961702,1.566728,0.2761325,0.3043892,1.609919,0.2845104,0.1351207,1.574374,0.2762452,0.09185854,1.55253,0.09647056,0.1589302,1.617102,0.09477443,-0.02379537,1.568281,0.1989267,-0.1845896,1.630758,0.2055575,0.1564888,1.610868,0.2645176,-0.01842171,1.579489,0.2862198,-0.2469848,1.669943,0.1343495,0.5605306,1.580959
72057594037999830,1,1.302936,95833.15,0.1269122,0.1927672,1.637438,0.1592664,0.7604927,1.556321,0.01379815,0.5796353,1.582347,-0.0136978,0.3781056,1.635764,0.002903055,0.1954665,1.576815,0.005022729,0.1440676,1.572073,0.2464105,0.5347223,1.556837,0.2565504,0.3548164,1.584201,0.2724704,0.1838743,1.579399,0.2587327,0.1353861,1.560529,0.07161154,0.1992362,1.613119,0.06191019,0.01639456,1.588845,0.1903212,-0.1806344,1.641822,0.1782665,0.192247,1.606237,0.2382722,-0.01441422,1.61279,0.2851125,-0.2397031,1.66753,0.1275983,0.5957938,1.576099
72057594037999830,1,1.302936,95833.15,0.1269122,0.1927672,1.637438,0.1592664,0.7604927,1.556321,0.01379815,0.5796353,1.582347,-0.0136978,0.3781056,1.635764,0.002903055,0.1954665,1.576815,0.005022729,0.1440676,1.572073,0.2464105,0.5347223,1.556837,0.2565504,0.3548164,1.584201,0.2724704,0.1838743,1.579399,0.2587327,0.1353861,1.560529,0.07161154,0.1992362,1.613119,0.06191019,0.01639456,1.588845,0.1903212,-0.1806344,1.641822,0.1782665,0.192247,1.606237,0.2382722,-0.01441422,1.61279,0.2851125,-0.2397031,1.66753,0.1275983,0.5957938,1.576099
72057594037999830,1,1.302936,95833.16,0.1269122,0.1927672,1.637438,0.1592664,0.7604927,1.556321,0.01379815,0.5796353,1.582347,-0.0136978,0.3781056,1.635764,0.002903055,0.1954665,1.576815,0.005022729,0.1440676,1.572073,0.2464105,0.5347223,1.556837,0.2565504,0.3548164,1.584201,0.2724704,0.1838743,1.579399,0.2587327,0.1353861,1.560529,0.07161154,0.1992362,1.613119,0.06191019,0.01639456,1.588845,0.1903212,-0.1806344,1.641822,0.1782665,0.192247,1.606237,0.2382722,-0.01441422,1.61279,0.2851125,-0.2397031,1.66753,0.1275983,0.5957938,1.576099
72057594037999830,1,1.302936,95833.16,0.1269122,0.1927672,1.637438,0.1592664,0.7604927,1.556321,0.01379815,0.5796353,1.582347,-0.0136978,0.3781056,1.635764,0.002903055,0.1954665,1.576815,0.005022729,0.1440676,1.572073,0.2464105,0.5347223,1.556837,0.2565504,0.3548164,1.584201,0.2724704,0.1838743,1.579399,0.2587327,0.1353861,1.560529,0.07161154,0.1992362,1.613119,0.06191019,0.01639456,1.588845,0.1903212,-0.1806344,1.641822,0.1782665,0.192247,1.606237,0.2382722,-0.01441422,1.61279,0.2851125,-0.2397031,1.66753,0.1275983,0.5957938,1.576099
72057594037999830,1,1.302936,95833.16,0.1269122,0.1927672,1.637438,0.1592664,0.7604927,1.556321,0.01379815,0.5796353,1.582347,-0.0136978,0.3781056,1.635764,0.002903055,0.1954665,1.576815,0.005022729,0.1440676,1.572073,0.2464105,0.5347223,1.556837,0.2565504,0.3548164,1.584201,0.2724704,0.1838743,1.579399,0.2587327,0.1353861,1.560529,0.07161154,0.1992362,1.613119,0.06191019,0.01639456,1.588845,0.1903212,-0.1806344,1.641822,0.1782665,0.192247,1.606237,0.2382722,-0.01441422,1.61279,0.2851125,-0.2397031,1.66753,0.1275983,0.5957938,1.576099
72057594037999830,1,1.302936,95833.16,0.1269122,0.1927672,1.637438,0.1592664,0.7604927,1.556321,0.01379815,0.5796353,1.582347,-0.0136978,0.3781056,1.635764,0.002903055,0.1954665,1.576815,0.005022729,0.1440676,1.572073,0.2464105,0.5347223,1.556837,0.2565504,0.3548164,1.584201,0.2724704,0.1838743,1.579399,0.2587327,0.1353861,1.560529,0.07161154,0.1992362,1.613119,0.06191019,0.01639456,1.588845,0.1903212,-0.1806344,1.641822,0.1782665,0.192247,1.606237,0.2382722,-0.01441422,1.61279,0.2851125,-0.2397031,1.66753,0.1275983,0.5957938,1.576099
72057594037999830,1,1.302936,95833.18,0.1269122,0.1927672,1.637438,0.1592664,0.7604927,1.556321,0.01379815,0.5796353,1.582347,-0.0136978,0.3781056,1.635764,0.002903055,0.1954665,1.576815,0.005022729,0.1440676,1.572073,0.2464105,0.5347223,1.556837,0.2565504,0.3548164,1.584201,0.2724704,0.1838743,1.579399,0.2587327,0.1353861,1.560529,0.07161154,0.1992362,1.613119,0.06191019,0.01639456,1.588845,0.1903212,-0.1806344,1.641822,0.1782665,0.192247,1.606237,0.2382722,-0.01441422,1.61279,0.2851125,-0.2397031,1.66753,0.1275983,0.5957938,1.576099
72057594037999830,1,1.302936,95833.18,0.1269122,0.1927672,1.637438,0.1592664,0.7604927,1.556321,0.01379815,0.5796353,1.582347,-0.0136978,0.3781056,1.635764,0.002903055,0.1954665,1.576815,0.005022729,0.1440676,1.572073,0.2464105,0.5347223,1.556837,0.2565504,0.3548164,1.584201,0.2724704,0.1838743,1.579399,0.2587327,0.1353861,1.560529,0.07161154,0.1992362,1.613119,0.06191019,0.01639456,1.588845,0.1903212,-0.1806344,1.641822,0.1782665,0.192247,1.606237,0.2382722,-0.01441422,1.61279,0.2851125,-0.2397031,1.66753,0.1275983,0.5957938,1.576099
72057594037999830,1,1.28299,95833.18,0.09656738,0.2292848,1.63512,0.1587844,0.7901745,1.550019,0.008078694,0.610143,1.572841,-0.03425482,0.4235442,1.631204,-0.02084588,0.2135852,1.576292,-0.02013643,0.1632268,1.576562,0.2350962,0.5608649,1.54601,0.2352764,0.3886715,1.560501,0.2427558,0.2184339,1.574547,0.225307,0.1722854,1.554883,0.04141553,0.2374576,1.609572,0.05535098,0.03658694,1.598158,0.1784731,-0.1834596,1.654413,0.1485412,0.2261221,1.604908,0.1839739,-0.01519978,1.620678,0.264246,-0.2359076,1.652146,0.1194527,0.6305933,1.569916
72057594037999830,1,1.28299,95833.19,0.09656738,0.2292848,1.63512,0.1587844,0.7901745,1.550019,0.008078694,0.610143,1.572841,-0.03425482,0.4235442,1.631204,-0.02084588,0.2135852,1.576292,-0.02013643,0.1632268,1.576562,0.2350962,0.5608649,1.54601,0.2352764,0.3886715,1.560501,0.2427558,0.2184339,1.574547,0.225307,0.1722854,1.554883,0.04141553,0.2374576,1.609572,0.05535098,0.03658694,1.598158,0.1784731,-0.1834596,1.654413,0.1485412,0.2261221,1.604908,0.1839739,-0.01519978,1.620678,0.264246,-0.2359076,1.652146,0.1194527,0.6305933,1.569916
72057594037999830,1,1.28299,95833.19,0.09656738,0.2292848,1.63512,0.1587844,0.7901745,1.550019,0.008078694,0.610143,1.572841,-0.03425482,0.4235442,1.631204,-0.02084588,0.2135852,1.576292,-0.02013643,0.1632268,1.576562,0.2350962,0.5608649,1.54601,0.2352764,0.3886715,1.560501,0.2427558,0.2184339,1.574547,0.225307,0.1722854,1.554883,0.04141553,0.2374576,1.609572,0.05535098,0.03658694,1.598158,0.1784731,-0.1834596,1.654413,0.1485412,0.2261221,1.604908,0.1839739,-0.01519978,1.620678,0.264246,-0.2359076,1.652146,0.1194527,0.6305933,1.569916
72057594037999830,1,1.28299,95833.19,0.09656738,0.2292848,1.63512,0.1587844,0.7901745,1.550019,0.008078694,0.610143,1.572841,-0.03425482,0.4235442,1.631204,-0.02084588,0.2135852,1.576292,-0.02013643,0.1632268,1.576562,0.2350962,0.5608649,1.54601,0.2352764,0.3886715,1.560501,0.2427558,0.2184339,1.574547,0.225307,0.1722854,1.554883,0.04141553,0.2374576,1.609572,0.05535098,0.03658694,1.598158,0.1784731,-0.1834596,1.654413,0.1485412,0.2261221,1.604908,0.1839739,-0.01519978,1.620678,0.264246,-0.2359076,1.652146,0.1194527,0.6305933,1.569916
72057594037999830,1,1.28299,95833.2,0.09656738,0.2292848,1.63512,0.1587844,0.7901745,1.550019,0.008078694,0.610143,1.572841,-0.03425482,0.4235442,1.631204,-0.02084588,0.2135852,1.576292,-0.02013643,0.1632268,1.576562,0.2350962,0.5608649,1.54601,0.2352764,0.3886715,1.560501,0.2427558,0.2184339,1.574547,0.225307,0.1722854,1.554883,0.04141553,0.2374576,1.609572,0.05535098,0.03658694,1.598158,0.1784731,-0.1834596,1.654413,0.1485412,0.2261221,1.604908,0.1839739,-0.01519978,1.620678,0.264246,-0.2359076,1.652146,0.1194527,0.6305933,1.569916
72057594037999830,1,1.28299,95833.2,0.09656738,0.2292848,1.63512,0.1587844,0.7901745,1.550019,0.008078694,0.610143,1.572841,-0.03425482,0.4235442,1.631204,-0.02084588,0.2135852,1.576292,-0.02013643,0.1632268,1.576562,0.2350962,0.5608649,1.54601,0.2352764,0.3886715,1.560501,0.2427558,0.2184339,1.574547,0.225307,0.1722854,1.554883,0.04141553,0.2374576,1.609572,0.05535098,0.03658694,1.598158,0.1784731,-0.1834596,1.654413,0.1485412,0.2261221,1.604908,0.1839739,-0.01519978,1.620678,0.264246,-0.2359076,1.652146,0.1194527,0.6305933,1.569916
72057594037999830,1,1.28299,95833.2,0.09656738,0.2292848,1.63512,0.1587844,0.7901745,1.550019,0.008078694,0.610143,1.572841,-0.03425482,0.4235442,1.631204,-0.02084588,0.2135852,1.576292,-0.02013643,0.1632268,1.576562,0.2350962,0.5608649,1.54601,0.2352764,0.3886715,1.560501,0.2427558,0.2184339,1.574547,0.225307,0.1722854,1.554883,0.04141553,0.2374576,1.609572,0.05535098,0.03658694,1.598158,0.1784731,-0.1834596,1.654413,0.1485412,0.2261221,1.604908,0.1839739,-0.01519978,1.620678,0.264246,-0.2359076,1.652146,0.1194527,0.6305933,1.569916
72057594037999830,1,1.28299,95833.2,0.09656738,0.2292848,1.63512,0.1587844,0.7901745,1.550019,0.008078694,0.610143,1.572841,-0.03425482,0.4235442,1.631204,-0.02084588,0.2135852,1.576292,-0.02013643,0.1632268,1.576562,0.2350962,0.5608649,1.54601,0.2352764,0.3886715,1.560501,0.2427558,0.2184339,1.574547,0.225307,0.1722854,1.554883,0.04141553,0.2374576,1.609572,0.05535098,0.03658694,1.598158,0.1784731,-0.1834596,1.654413,0.1485412,0.2261221,1.604908,0.1839739,-0.01519978,1.620678,0.264246,-0.2359076,1.652146,0.1194527,0.6305933,1.569916
72057594037999830,1,1.28299,95833.2,0.09656738,0.2292848,1.63512,0.1587844,0.7901745,1.550019,0.008078694,0.610143,1.572841,-0.03425482,0.4235442,1.631204,-0.02084588,0.2135852,1.576292,-0.02013643,0.1632268,1.576562,0.2350962,0.5608649,1.54601,0.2352764,0.3886715,1.560501,0.2427558,0.2184339,1.574547,0.225307,0.1722854,1.554883,0.04141553,0.2374576,1.609572,0.05535098,0.03658694,1.598158,0.1784731,-0.1834596,1.654413,0.1485412,0.2261221,1.604908,0.1839739,-0.01519978,1.620678,0.264246,-0.2359076,1.652146,0.1194527,0.6305933,1.569916
72057594037999830,1,1.28299,95833.21,0.09656738,0.2292848,1.63512,0.1587844,0.7901745,1.550019,0.008078694,0.610143,1.572841,-0.03425482,0.4235442,1.631204,-0.02084588,0.2135852,1.576292,-0.02013643,0.1632268,1.576562,0.2350962,0.5608649,1.54601,0.2352764,0.3886715,1.560501,0.2427558,0.2184339,1.574547,0.225307,0.1722854,1.554883,0.04141553,0.2374576,1.609572,0.05535098,0.03658694,1.598158,0.1784731,-0.1834596,1.654413,0.1485412,0.2261221,1.604908,0.1839739,-0.01519978,1.620678,0.264246,-0.2359076,1.652146,0.1194527,0.6305933,1.569916
72057594037999830,1,1.28299,95833.21,0.09656738,0.2292848,1.63512,0.1587844,0.7901745,1.550019,0.008078694,0.610143,1.572841,-0.03425482,0.4235442,1.631204,-0.02084588,0.2135852,1.576292,-0.02013643,0.1632268,1.576562,0.2350962,0.5608649,1.54601,0.2352764,0.3886715,1.560501,0.2427558,0.2184339,1.574547,0.225307,0.1722854,1.554883,0.04141553,0.2374576,1.609572,0.05535098,0.03658694,1.598158,0.1784731,-0.1834596,1.654413,0.1485412,0.2261221,1.604908,0.1839739,-0.01519978,1.620678,0.264246,-0.2359076,1.652146,0.1194527,0.6305933,1.569916
72057594037999830,1,1.271684,95833.21,0.07161634,0.2513267,1.633139,0.1520452,0.808288,1.541821,-0.0004355135,0.6305878,1.559995,-0.04494626,0.4418128,1.622781,-0.03472887,0.2262557,1.570956,-0.03311678,0.1756938,1.570927,0.2139315,0.590153,1.532166,0.214891,0.4128829,1.550489,0.2093574,0.2408859,1.549459,0.1915163,0.1931708,1.534025,0.0172916,0.2589513,1.608652,0.04838709,0.04023203,1.603997,0.1271545,-0.195509,1.681278,0.1236904,0.2478168,1.601801,0.1510259,0.002162784,1.607317,0.2116041,-0.240441,1.638424,0.1087012,0.6487058,1.560869
72057594037999830,1,1.271684,95833.22,0.07161634,0.2513267,1.633139,0.1520452,0.808288,1.541821,-0.0004355135,0.6305878,1.559995,-0.04494626,0.4418128,1.622781,-0.03472887,0.2262557,1.570956,-0.03311678,0.1756938,1.570927,0.2139315,0.590153,1.532166,0.214891,0.4128829,1.550489,0.2093574,0.2408859,1.549459,0.1915163,0.1931708,1.534025,0.0172916,0.2589513,1.608652,0.04838709,0.04023203,1.603997,0.1271545,-0.195509,1.681278,0.1236904,0.2478168,1.601801,0.1510259,0.002162784,1.607317,0.2116041,-0.240441,1.638424,0.1087012,0.6487058,1.560869
72057594037999830,1,1.271684,95833.22,0.07161634,0.2513267,1.633139,0.1520452,0.808288,1.541821,-0.0004355135,0.6305878,1.559995,-0.04494626,0.4418128,1.622781,-0.03472887,0.2262557,1.570956,-0.03311678,0.1756938,1.570927,0.2139315,0.590153,1.532166,0.214891,0.4128829,1.550489,0.2093574,0.2408859,1.549459,0.1915163,0.1931708,1.534025,0.0172916,0.2589513,1.608652,0.04838709,0.04023203,1.603997,0.1271545,-0.195509,1.681278,0.1236904,0.2478168,1.601801,0.1510259,0.002162784,1.607317,0.2116041,-0.240441,1.638424,0.1087012,0.6487058,1.560869
72057594037999830,1,1.271684,95833.23,0.07161634,0.2513267,1.633139,0.1520452,0.808288,1.541821,-0.0004355135,0.6305878,1.559995,-0.04494626,0.4418128,1.622781,-0.03472887,0.2262557,1.570956,-0.03311678,0.1756938,1.570927,0.2139315,0.590153,1.532166,0.214891,0.4128829,1.550489,0.2093574,0.2408859,1.549459,0.1915163,0.1931708,1.534025,0.0172916,0.2589513,1.608652,0.04838709,0.04023203,1.603997,0.1271545,-0.195509,1.681278,0.1236904,0.2478168,1.601801,0.1510259,0.002162784,1.607317,0.2116041,-0.240441,1.638424,0.1087012,0.6487058,1.560869
72057594037999830,1,1.271684,95833.23,0.07161634,0.2513267,1.633139,0.1520452,0.808288,1.541821,-0.0004355135,0.6305878,1.559995,-0.04494626,0.4418128,1.622781,-0.03472887,0.2262557,1.570956,-0.03311678,0.1756938,1.570927,0.2139315,0.590153,1.532166,0.214891,0.4128829,1.550489,0.2093574,0.2408859,1.549459,0.1915163,0.1931708,1.534025,0.0172916,0.2589513,1.608652,0.04838709,0.04023203,1.603997,0.1271545,-0.195509,1.681278,0.1236904,0.2478168,1.601801,0.1510259,0.002162784,1.607317,0.2116041,-0.240441,1.638424,0.1087012,0.6487058,1.560869
72057594037999830,1,1.271684,95833.23,0.07161634,0.2513267,1.633139,0.1520452,0.808288,1.541821,-0.0004355135,0.6305878,1.559995,-0.04494626,0.4418128,1.622781,-0.03472887,0.2262557,1.570956,-0.03311678,0.1756938,1.570927,0.2139315,0.590153,1.532166,0.214891,0.4128829,1.550489,0.2093574,0.2408859,1.549459,0.1915163,0.1931708,1.534025,0.0172916,0.2589513,1.608652,0.04838709,0.04023203,1.603997,0.1271545,-0.195509,1.681278,0.1236904,0.2478168,1.601801,0.1510259,0.002162784,1.607317,0.2116041,-0.240441,1.638424,0.1087012,0.6487058,1.560869
72057594037999830,1,1.271684,95833.23,0.07161634,0.2513267,1.633139,0.1520452,0.808288,1.541821,-0.0004355135,0.6305878,1.559995,-0.04494626,0.4418128,1.622781,-0.03472887,0.2262557,1.570956,-0.03311678,0.1756938,1.570927,0.2139315,0.590153,1.532166,0.214891,0.4128829,1.550489,0.2093574,0.2408859,1.549459,0.1915163,0.1931708,1.534025,0.0172916,0.2589513,1.608652,0.04838709,0.04023203,1.603997,0.1271545,-0.195509,1.681278,0.1236904,0.2478168,1.601801,0.1510259,0.002162784,1.607317,0.2116041,-0.240441,1.638424,0.1087012,0.6487058,1.560869
72057594037999830,1,1.271684,95833.23,0.07161634,0.2513267,1.633139,0.1520452,0.808288,1.541821,-0.0004355135,0.6305878,1.559995,-0.04494626,0.4418128,1.622781,-0.03472887,0.2262557,1.570956,-0.03311678,0.1756938,1.570927,0.2139315,0.590153,1.532166,0.214891,0.4128829,1.550489,0.2093574,0.2408859,1.549459,0.1915163,0.1931708,1.534025,0.0172916,0.2589513,1.608652,0.04838709,0.04023203,1.603997,0.1271545,-0.195509,1.681278,0.1236904,0.2478168,1.601801,0.1510259,0.002162784,1.607317,0.2116041,-0.240441,1.638424,0.1087012,0.6487058,1.560869
72057594037999830,1,1.271684,95833.23,0.07161634,0.2513267,1.633139,0.1520452,0.808288,1.541821,-0.0004355135,0.6305878,1.559995,-0.04494626,0.4418128,1.622781,-0.03472887,0.2262557,1.570956,-0.03311678,0.1756938,1.570927,0.2139315,0.590153,1.532166,0.214891,0.4128829,1.550489,0.2093574,0.2408859,1.549459,0.1915163,0.1931708,1.534025,0.0172916,0.2589513,1.608652,0.04838709,0.04023203,1.603997,0.1271545,-0.195509,1.681278,0.1236904,0.2478168,1.601801,0.1510259,0.002162784,1.607317,0.2116041,-0.240441,1.638424,0.1087012,0.6487058,1.560869
72057594037999830,1,1.271684,95833.24,0.07161634,0.2513267,1.633139,0.1520452,0.808288,1.541821,-0.0004355135,0.6305878,1.559995,-0.04494626,0.4418128,1.622781,-0.03472887,0.2262557,1.570956,-0.03311678,0.1756938,1.570927,0.2139315,0.590153,1.532166,0.214891,0.4128829,1.550489,0.2093574,0.2408859,1.549459,0.1915163,0.1931708,1.534025,0.0172916,0.2589513,1.608652,0.04838709,0.04023203,1.603997,0.1271545,-0.195509,1.681278,0.1236904,0.2478168,1.601801,0.1510259,0.002162784,1.607317,0.2116041,-0.240441,1.638424,0.1087012,0.6487058,1.560869
72057594037999830,1,1.271684,95833.24,0.07161634,0.2513267,1.633139,0.1520452,0.808288,1.541821,-0.0004355135,0.6305878,1.559995,-0.04494626,0.4418128,1.622781,-0.03472887,0.2262557,1.570956,-0.03311678,0.1756938,1.570927,0.2139315,0.590153,1.532166,0.214891,0.4128829,1.550489,0.2093574,0.2408859,1.549459,0.1915163,0.1931708,1.534025,0.0172916,0.2589513,1.608652,0.04838709,0.04023203,1.603997,0.1271545,-0.195509,1.681278,0.1236904,0.2478168,1.601801,0.1510259,0.002162784,1.607317,0.2116041,-0.240441,1.638424,0.1087012,0.6487058,1.560869
72057594037999830,1,1.271684,95833.24,0.07161634,0.2513267,1.633139,0.1520452,0.808288,1.541821,-0.0004355135,0.6305878,1.559995,-0.04494626,0.4418128,1.622781,-0.03472887,0.2262557,1.570956,-0.03311678,0.1756938,1.570927,0.2139315,0.590153,1.532166,0.214891,0.4128829,1.550489,0.2093574,0.2408859,1.549459,0.1915163,0.1931708,1.534025,0.0172916,0.2589513,1.608652,0.04838709,0.04023203,1.603997,0.1271545,-0.195509,1.681278,0.1236904,0.2478168,1.601801,0.1510259,0.002162784,1.607317,0.2116041,-0.240441,1.638424,0.1087012,0.6487058,1.560869
72057594037999830,1,1.26126,95833.25,0.0457992,0.2669518,1.634544,0.1412575,0.8175423,1.533005,-0.01298497,0.6420755,1.549993,-0.09686211,0.4689554,1.670714,-0.1230873,0.3025965,1.625275,-0.1150979,0.2661663,1.625905,0.199326,0.6007575,1.524867,0.1942253,0.4175609,1.552173,0.1813862,0.2476599,1.517128,0.1636017,0.1973169,1.515364,-0.009520495,0.2756375,1.611811,-0.005002166,0.0473949,1.615385,0.09695564,-0.2029009,1.672153,0.09950233,0.2620254,1.601511,0.1136103,0.02856877,1.57809,0.1735821,-0.2221979,1.628608,0.09540246,0.6594933,1.550773
72057594037999830,1,1.26126,95833.25,0.0457992,0.2669518,1.634544,0.1412575,0.8175423,1.533005,-0.01298497,0.6420755,1.549993,-0.09686211,0.4689554,1.670714,-0.1230873,0.3025965,1.625275,-0.1150979,0.2661663,1.625905,0.199326,0.6007575,1.524867,0.1942253,0.4175609,1.552173,0.1813862,0.2476599,1.517128,0.1636017,0.1973169,1.515364,-0.009520495,0.2756375,1.611811,-0.005002166,0.0473949,1.615385,0.09695564,-0.2029009,1.672153,0.09950233,0.2620254,1.601511,0.1136103,0.02856877,1.57809,0.1735821,-0.2221979,1.628608,0.09540246,0.6594933,1.550773
72057594037999830,1,1.26126,95833.25,0.0457992,0.2669518,1.634544,0.1412575,0.8175423,1.533005,-0.01298497,0.6420755,1.549993,-0.09686211,0.4689554,1.670714,-0.1230873,0.3025965,1.625275,-0.1150979,0.2661663,1.625905,0.199326,0.6007575,1.524867,0.1942253,0.4175609,1.552173,0.1813862,0.2476599,1.517128,0.1636017,0.1973169,1.515364,-0.009520495,0.2756375,1.611811,-0.005002166,0.0473949,1.615385,0.09695564,-0.2029009,1.672153,0.09950233,0.2620254,1.601511,0.1136103,0.02856877,1.57809,0.1735821,-0.2221979,1.628608,0.09540246,0.6594933,1.550773
72057594037999830,1,1.26126,95833.26,0.0457992,0.2669518,1.634544,0.1412575,0.8175423,1.533005,-0.01298497,0.6420755,1.549993,-0.09686211,0.4689554,1.670714,-0.1230873,0.3025965,1.625275,-0.1150979,0.2661663,1.625905,0.199326,0.6007575,1.524867,0.1942253,0.4175609,1.552173,0.1813862,0.2476599,1.517128,0.1636017,0.1973169,1.515364,-0.009520495,0.2756375,1.611811,-0.005002166,0.0473949,1.615385,0.09695564,-0.2029009,1.672153,0.09950233,0.2620254,1.601511,0.1136103,0.02856877,1.57809,0.1735821,-0.2221979,1.628608,0.09540246,0.6594933,1.550773
72057594037999830,1,1.26126,95833.26,0.0457992,0.2669518,1.634544,0.1412575,0.8175423,1.533005,-0.01298497,0.6420755,1.549993,-0.09686211,0.4689554,1.670714,-0.1230873,0.3025965,1.625275,-0.1150979,0.2661663,1.625905,0.199326,0.6007575,1.524867,0.1942253,0.4175609,1.552173,0.1813862,0.2476599,1.517128,0.1636017,0.1973169,1.515364,-0.009520495,0.2756375,1.611811,-0.005002166,0.0473949,1.615385,0.09695564,-0.2029009,1.672153,0.09950233,0.2620254,1.601511,0.1136103,0.02856877,1.57809,0.1735821,-0.2221979,1.628608,0.09540246,0.6594933,1.550773
72057594037999830,1,1.26126,95833.27,0.0457992,0.2669518,1.634544,0.1412575,0.8175423,1.533005,-0.01298497,0.6420755,1.549993,-0.09686211,0.4689554,1.670714,-0.1230873,0.3025965,1.625275,-0.1150979,0.2661663,1.625905,0.199326,0.6007575,1.524867,0.1942253,0.4175609,1.552173,0.1813862,0.2476599,1.517128,0.1636017,0.1973169,1.515364,-0.009520495,0.2756375,1.611811,-0.005002166,0.0473949,1.615385,0.09695564,-0.2029009,1.672153,0.09950233,0.2620254,1.601511,0.1136103,0.02856877,1.57809,0.1735821,-0.2221979,1.628608,0.09540246,0.6594933,1.550773
72057594037999830,1,1.26126,95833.27,0.0457992,0.2669518,1.634544,0.1412575,0.8175423,1.533005,-0.01298497,0.6420755,1.549993,-0.09686211,0.4689554,1.670714,-0.1230873,0.3025965,1.625275,-0.1150979,0.2661663,1.625905,0.199326,0.6007575,1.524867,0.1942253,0.4175609,1.552173,0.1813862,0.2476599,1.517128,0.1636017,0.1973169,1.515364,-0.009520495,0.2756375,1.611811,-0.005002166,0.0473949,1.615385,0.09695564,-0.2029009,1.672153,0.09950233,0.2620254,1.601511,0.1136103,0.02856877,1.57809,0.1735821,-0.2221979,1.628608,0.09540246,0.6594933,1.550773
72057594037999830,1,1.26126,95833.27,0.0457992,0.2669518,1.634544,0.1412575,0.8175423,1.533005,-0.01298497,0.6420755,1.549993,-0.09686211,0.4689554,1.670714,-0.1230873,0.3025965,1.625275,-0.1150979,0.2661663,1.625905,0.199326,0.6007575,1.524867,0.1942253,0.4175609,1.552173,0.1813862,0.2476599,1.517128,0.1636017,0.1973169,1.515364,-0.009520495,0.2756375,1.611811,-0.005002166,0.0473949,1.615385,0.09695564,-0.2029009,1.672153,0.09950233,0.2620254,1.601511,0.1136103,0.02856877,1.57809,0.1735821,-0.2221979,1.628608,0.09540246,0.6594933,1.550773
72057594037999830,1,1.26126,95833.27,0.0457992,0.2669518,1.634544,0.1412575,0.8175423,1.533005,-0.01298497,0.6420755,1.549993,-0.09686211,0.4689554,1.670714,-0.1230873,0.3025965,1.625275,-0.1150979,0.2661663,1.625905,0.199326,0.6007575,1.524867,0.1942253,0.4175609,1.552173,0.1813862,0.2476599,1.517128,0.1636017,0.1973169,1.515364,-0.009520495,0.2756375,1.611811,-0.005002166,0.0473949,1.615385,0.09695564,-0.2029009,1.672153,0.09950233,0.2620254,1.601511,0.1136103,0.02856877,1.57809,0.1735821,-0.2221979,1.628608,0.09540246,0.6594933,1.550773
72057594037999830,1,1.26126,95833.27,0.0457992,0.2669518,1.634544,0.1412575,0.8175423,1.533005,-0.01298497,0.6420755,1.549993,-0.09686211,0.4689554,1.670714,-0.1230873,0.3025965,1.625275,-0.1150979,0.2661663,1.625905,0.199326,0.6007575,1.524867,0.1942253,0.4175609,1.552173,0.1813862,0.2476599,1.517128,0.1636017,0.1973169,1.515364,-0.009520495,0.2756375,1.611811,-0.005002166,0.0473949,1.615385,0.09695564,-0.2029009,1.672153,0.09950233,0.2620254,1.601511,0.1136103,0.02856877,1.57809,0.1735821,-0.2221979,1.628608,0.09540246,0.6594933,1.550773
72057594037999830,1,1.26126,95833.27,0.0457992,0.2669518,1.634544,0.1412575,0.8175423,1.533005,-0.01298497,0.6420755,1.549993,-0.09686211,0.4689554,1.670714,-0.1230873,0.3025965,1.625275,-0.1150979,0.2661663,1.625905,0.199326,0.6007575,1.524867,0.1942253,0.4175609,1.552173,0.1813862,0.2476599,1.517128,0.1636017,0.1973169,1.515364,-0.009520495,0.2756375,1.611811,-0.005002166,0.0473949,1.615385,0.09695564,-0.2029009,1.672153,0.09950233,0.2620254,1.601511,0.1136103,0.02856877,1.57809,0.1735821,-0.2221979,1.628608,0.09540246,0.6594933,1.550773
72057594037999830,1,1.26126,95833.28,0.0457992,0.2669518,1.634544,0.1412575,0.8175423,1.533005,-0.01298497,0.6420755,1.549993,-0.09686211,0.4689554,1.670714,-0.1230873,0.3025965,1.625275,-0.1150979,0.2661663,1.625905,0.199326,0.6007575,1.524867,0.1942253,0.4175609,1.552173,0.1813862,0.2476599,1.517128,0.1636017,0.1973169,1.515364,-0.009520495,0.2756375,1.611811,-0.005002166,0.0473949,1.615385,0.09695564,-0.2029009,1.672153,0.09950233,0.2620254,1.601511,0.1136103,0.02856877,1.57809,0.1735821,-0.2221979,1.628608,0.09540246,0.6594933,1.550773
72057594037999830,1,1.258143,95833.28,0.03083516,0.2685381,1.636478,0.1207485,0.8199602,1.518428,-0.02595742,0.6402549,1.540517,-0.1140353,0.4673211,1.658756,-0.1446421,0.2993123,1.62675,-0.1426722,0.2627838,1.614922,0.1864186,0.6004763,1.518895,0.179549,0.4175318,1.557577,0.1659598,0.2473489,1.524868,0.146215,0.2025056,1.506947,-0.02420445,0.2779704,1.613378,-0.04134268,0.05353516,1.61207,0.02693694,-0.2052,1.678592,0.08486386,0.2627462,1.603734,0.09440956,0.07249811,1.532356,0.1053804,-0.1955811,1.596379,0.08027741,0.6602671,1.540147
72057594037999830,1,1.258143,95833.28,0.03083516,0.2685381,1.636478,0.1207485,0.8199602,1.518428,-0.02595742,0.6402549,1.540517,-0.1140353,0.4673211,1.658756,-0.1446421,0.2993123,1.62675,-0.1426722,0.2627838,1.614922,0.1864186,0.6004763,1.518895,0.179549,0.4175318,1.557577,0.1659598,0.2473489,1.524868,0.146215,0.2025056,1.506947,-0.02420445,0.2779704,1.613378,-0.04134268,0.05353516,1.61207,0.02693694,-0.2052,1.678592,0.08486386,0.2627462,1.603734,0.09440956,0.07249811,1.532356,0.1053804,-0.1955811,1.596379,0.08027741,0.6602671,1.540147
72057594037999830,1,1.258143,95833.29,0.03083516,0.2685381,1.636478,0.1207485,0.8199602,1.518428,-0.02595742,0.6402549,1.540517,-0.1140353,0.4673211,1.658756,-0.1446421,0.2993123,1.62675,-0.1426722,0.2627838,1.614922,0.1864186,0.6004763,1.518895,0.179549,0.4175318,1.557577,0.1659598,0.2473489,1.524868,0.146215,0.2025056,1.506947,-0.02420445,0.2779704,1.613378,-0.04134268,0.05353516,1.61207,0.02693694,-0.2052,1.678592,0.08486386,0.2627462,1.603734,0.09440956,0.07249811,1.532356,0.1053804,-0.1955811,1.596379,0.08027741,0.6602671,1.540147
72057594037999830,1,1.258143,95833.29,0.03083516,0.2685381,1.636478,0.1207485,0.8199602,1.518428,-0.02595742,0.6402549,1.540517,-0.1140353,0.4673211,1.658756,-0.1446421,0.2993123,1.62675,-0.1426722,0.2627838,1.614922,0.1864186,0.6004763,1.518895,0.179549,0.4175318,1.557577,0.1659598,0.2473489,1.524868,0.146215,0.2025056,1.506947,-0.02420445,0.2779704,1.613378,-0.04134268,0.05353516,1.61207,0.02693694,-0.2052,1.678592,0.08486386,0.2627462,1.603734,0.09440956,0.07249811,1.532356,0.1053804,-0.1955811,1.596379,0.08027741,0.6602671,1.540147
72057594037999830,1,1.258143,95833.29,0.03083516,0.2685381,1.636478,0.1207485,0.8199602,1.518428,-0.02595742,0.6402549,1.540517,-0.1140353,0.4673211,1.658756,-0.1446421,0.2993123,1.62675,-0.1426722,0.2627838,1.614922,0.1864186,0.6004763,1.518895,0.179549,0.4175318,1.557577,0.1659598,0.2473489,1.524868,0.146215,0.2025056,1.506947,-0.02420445,0.2779704,1.613378,-0.04134268,0.05353516,1.61207,0.02693694,-0.2052,1.678592,0.08486386,0.2627462,1.603734,0.09440956,0.07249811,1.532356,0.1053804,-0.1955811,1.596379,0.08027741,0.6602671,1.540147
72057594037999830,1,1.258143,95833.3,0.03083516,0.2685381,1.636478,0.1207485,0.8199602,1.518428,-0.02595742,0.6402549,1.540517,-0.1140353,0.4673211,1.658756,-0.1446421,0.2993123,1.62675,-0.1426722,0.2627838,1.614922,0.1864186,0.6004763,1.518895,0.179549,0.4175318,1.557577,0.1659598,0.2473489,1.524868,0.146215,0.2025056,1.506947,-0.02420445,0.2779704,1.613378,-0.04134268,0.05353516,1.61207,0.02693694,-0.2052,1.678592,0.08486386,0.2627462,1.603734,0.09440956,0.07249811,1.532356,0.1053804,-0.1955811,1.596379,0.08027741,0.6602671,1.540147
72057594037999830,1,1.258143,95833.3,0.03083516,0.2685381,1.636478,0.1207485,0.8199602,1.518428,-0.02595742,0.6402549,1.540517,-0.1140353,0.4673211,1.658756,-0.1446421,0.2993123,1.62675,-0.1426722,0.2627838,1.614922,0.1864186,0.6004763,1.518895,0.179549,0.4175318,1.557577,0.1659598,0.2473489,1.524868,0.146215,0.2025056,1.506947,-0.02420445,0.2779704,1.613378,-0.04134268,0.05353516,1.61207,0.02693694,-0.2052,1.678592,0.08486386,0.2627462,1.603734,0.09440956,0.07249811,1.532356,0.1053804,-0.1955811,1.596379,0.08027741,0.6602671,1.540147
72057594037999830,1,1.258143,95833.3,0.03083516,0.2685381,1.636478,0.1207485,0.8199602,1.518428,-0.02595742,0.6402549,1.540517,-0.1140353,0.4673211,1.658756,-0.1446421,0.2993123,1.62675,-0.1426722,0.2627838,1.614922,0.1864186,0.6004763,1.518895,0.179549,0.4175318,1.557577,0.1659598,0.2473489,1.524868,0.146215,0.2025056,1.506947,-0.02420445,0.2779704,1.613378,-0.04134268,0.05353516,1.61207,0.02693694,-0.2052,1.678592,0.08486386,0.2627462,1.603734,0.09440956,0.07249811,1.532356,0.1053804,-0.1955811,1.596379,0.08027741,0.6602671,1.540147
72057594037999830,1,1.258143,95833.3,0.03083516,0.2685381,1.636478,0.1207485,0.8199602,1.518428,-0.02595742,0.6402549,1.540517,-0.1140353,0.4673211,1.658756,-0.1446421,0.2993123,1.62675,-0.1426722,0.2627838,1.614922,0.1864186,0.6004763,1.518895,0.179549,0.4175318,1.557577,0.1659598,0.2473489,1.524868,0.146215,0.2025056,1.506947,-0.02420445,0.2779704,1.613378,-0.04134268,0.05353516,1.61207,0.02693694,-0.2052,1.678592,0.08486386,0.2627462,1.603734,0.09440956,0.07249811,1.532356,0.1053804,-0.1955811,1.596379,0.08027741,0.6602671,1.540147
72057594037999830,1,1.258143,95833.3,0.03083516,0.2685381,1.636478,0.1207485,0.8199602,1.518428,-0.02595742,0.6402549,1.540517,-0.1140353,0.4673211,1.658756,-0.1446421,0.2993123,1.62675,-0.1426722,0.2627838,1.614922,0.1864186,0.6004763,1.518895,0.179549,0.4175318,1.557577,0.1659598,0.2473489,1.524868,0.146215,0.2025056,1.506947,-0.02420445,0.2779704,1.613378,-0.04134268,0.05353516,1.61207,0.02693694,-0.2052,1.678592,0.08486386,0.2627462,1.603734,0.09440956,0.07249811,1.532356,0.1053804,-0.1955811,1.596379,0.08027741,0.6602671,1.540147
72057594037999830,1,1.258143,95833.3,0.03083516,0.2685381,1.636478,0.1207485,0.8199602,1.518428,-0.02595742,0.6402549,1.540517,-0.1140353,0.4673211,1.658756,-0.1446421,0.2993123,1.62675,-0.1426722,0.2627838,1.614922,0.1864186,0.6004763,1.518895,0.179549,0.4175318,1.557577,0.1659598,0.2473489,1.524868,0.146215,0.2025056,1.506947,-0.02420445,0.2779704,1.613378,-0.04134268,0.05353516,1.61207,0.02693694,-0.2052,1.678592,0.08486386,0.2627462,1.603734,0.09440956,0.07249811,1.532356,0.1053804,-0.1955811,1.596379,0.08027741,0.6602671,1.540147
72057594037999830,1,1.258143,95833.31,0.03083516,0.2685381,1.636478,0.1207485,0.8199602,1.518428,-0.02595742,0.6402549,1.540517,-0.1140353,0.4673211,1.658756,-0.1446421,0.2993123,1.62675,-0.1426722,0.2627838,1.614922,0.1864186,0.6004763,1.518895,0.179549,0.4175318,1.557577,0.1659598,0.2473489,1.524868,0.146215,0.2025056,1.506947,-0.02420445,0.2779704,1.613378,-0.04134268,0.05353516,1.61207,0.02693694,-0.2052,1.678592,0.08486386,0.2627462,1.603734,0.09440956,0.07249811,1.532356,0.1053804,-0.1955811,1.596379,0.08027741,0.6602671,1.540147
72057594037999830,1,1.260476,95833.31,0.01116535,0.2614735,1.637079,0.09548959,0.8101428,1.50266,-0.04451802,0.6236642,1.522741,-0.133231,0.4545331,1.644953,-0.1627028,0.2852036,1.624443,-0.1661935,0.2491722,1.609658,0.170403,0.5916455,1.509322,0.1710736,0.4142826,1.563682,0.1463267,0.2400351,1.524447,0.1281049,0.1957717,1.504572,-0.04442433,0.2717425,1.612988,-0.08853301,0.07150608,1.597839,-0.06290396,-0.1856336,1.690714,0.06629461,0.255026,1.605283,0.08170201,0.07740119,1.518414,0.04924623,-0.1935065,1.564962,0.06140905,0.6481946,1.526551
72057594037999830,1,1.260476,95833.32,0.01116535,0.2614735,1.637079,0.09548959,0.8101428,1.50266,-0.04451802,0.6236642,1.522741,-0.133231,0.4545331,1.644953,-0.1627028,0.2852036,1.624443,-0.1661935,0.2491722,1.609658,0.170403,0.5916455,1.509322,0.1710736,0.4142826,1.563682,0.1463267,0.2400351,1.524447,0.1281049,0.1957717,1.504572,-0.04442433,0.2717425,1.612988,-0.08853301,0.07150608,1.597839,-0.06290396,-0.1856336,1.690714,0.06629461,0.255026,1.605283,0.08170201,0.07740119,1.518414,0.04924623,-0.1935065,1.564962,0.06140905,0.6481946,1.526551
72057594037999830,1,1.260476,95833.32,0.01116535,0.2614735,1.637079,0.09548959,0.8101428,1.50266,-0.04451802,0.6236642,1.522741,-0.133231,0.4545331,1.644953,-0.1627028,0.2852036,1.624443,-0.1661935,0.2491722,1.609658,0.170403,0.5916455,1.509322,0.1710736,0.4142826,1.563682,0.1463267,0.2400351,1.524447,0.1281049,0.1957717,1.504572,-0.04442433,0.2717425,1.612988,-0.08853301,0.07150608,1.597839,-0.06290396,-0.1856336,1.690714,0.06629461,0.255026,1.605283,0.08170201,0.07740119,1.518414,0.04924623,-0.1935065,1.564962,0.06140905,0.6481946,1.526551
72057594037999830,1,1.260476,95833.32,0.01116535,0.2614735,1.637079,0.09548959,0.8101428,1.50266,-0.04451802,0.6236642,1.522741,-0.133231,0.4545331,1.644953,-0.1627028,0.2852036,1.624443,-0.1661935,0.2491722,1.609658,0.170403,0.5916455,1.509322,0.1710736,0.4142826,1.563682,0.1463267,0.2400351,1.524447,0.1281049,0.1957717,1.504572,-0.04442433,0.2717425,1.612988,-0.08853301,0.07150608,1.597839,-0.06290396,-0.1856336,1.690714,0.06629461,0.255026,1.605283,0.08170201,0.07740119,1.518414,0.04924623,-0.1935065,1.564962,0.06140905,0.6481946,1.526551
72057594037999830,1,1.260476,95833.33,0.01116535,0.2614735,1.637079,0.09548959,0.8101428,1.50266,-0.04451802,0.6236642,1.522741,-0.133231,0.4545331,1.644953,-0.1627028,0.2852036,1.624443,-0.1661935,0.2491722,1.609658,0.170403,0.5916455,1.509322,0.1710736,0.4142826,1.563682,0.1463267,0.2400351,1.524447,0.1281049,0.1957717,1.504572,-0.04442433,0.2717425,1.612988,-0.08853301,0.07150608,1.597839,-0.06290396,-0.1856336,1.690714,0.06629461,0.255026,1.605283,0.08170201,0.07740119,1.518414,0.04924623,-0.1935065,1.564962,0.06140905,0.6481946,1.526551
72057594037999830,1,1.260476,95833.33,0.01116535,0.2614735,1.637079,0.09548959,0.8101428,1.50266,-0.04451802,0.6236642,1.522741,-0.133231,0.4545331,1.644953,-0.1627028,0.2852036,1.624443,-0.1661935,0.2491722,1.609658,0.170403,0.5916455,1.509322,0.1710736,0.4142826,1.563682,0.1463267,0.2400351,1.524447,0.1281049,0.1957717,1.504572,-0.04442433,0.2717425,1.612988,-0.08853301,0.07150608,1.597839,-0.06290396,-0.1856336,1.690714,0.06629461,0.255026,1.605283,0.08170201,0.07740119,1.518414,0.04924623,-0.1935065,1.564962,0.06140905,0.6481946,1.526551
72057594037999830,1,1.260476,95833.33,0.01116535,0.2614735,1.637079,0.09548959,0.8101428,1.50266,-0.04451802,0.6236642,1.522741,-0.133231,0.4545331,1.644953,-0.1627028,0.2852036,1.624443,-0.1661935,0.2491722,1.609658,0.170403,0.5916455,1.509322,0.1710736,0.4142826,1.563682,0.1463267,0.2400351,1.524447,0.1281049,0.1957717,1.504572,-0.04442433,0.2717425,1.612988,-0.08853301,0.07150608,1.597839,-0.06290396,-0.1856336,1.690714,0.06629461,0.255026,1.605283,0.08170201,0.07740119,1.518414,0.04924623,-0.1935065,1.564962,0.06140905,0.6481946,1.526551
72057594037999830,1,1.260476,95833.34,0.01116535,0.2614735,1.637079,0.09548959,0.8101428,1.50266,-0.04451802,0.6236642,1.522741,-0.133231,0.4545331,1.644953,-0.1627028,0.2852036,1.624443,-0.1661935,0.2491722,1.609658,0.170403,0.5916455,1.509322,0.1710736,0.4142826,1.563682,0.1463267,0.2400351,1.524447,0.1281049,0.1957717,1.504572,-0.04442433,0.2717425,1.612988,-0.08853301,0.07150608,1.597839,-0.06290396,-0.1856336,1.690714,0.06629461,0.255026,1.605283,0.08170201,0.07740119,1.518414,0.04924623,-0.1935065,1.564962,0.06140905,0.6481946,1.526551
72057594037999830,1,1.260476,95833.34,0.01116535,0.2614735,1.637079,0.09548959,0.8101428,1.50266,-0.04451802,0.6236642,1.522741,-0.133231,0.4545331,1.644953,-0.1627028,0.2852036,1.624443,-0.1661935,0.2491722,1.609658,0.170403,0.5916455,1.509322,0.1710736,0.4142826,1.563682,0.1463267,0.2400351,1.524447,0.1281049,0.1957717,1.504572,-0.04442433,0.2717425,1.612988,-0.08853301,0.07150608,1.597839,-0.06290396,-0.1856336,1.690714,0.06629461,0.255026,1.605283,0.08170201,0.07740119,1.518414,0.04924623,-0.1935065,1.564962,0.06140905,0.6481946,1.526551
72057594037999830,1,1.260476,95833.34,0.01116535,0.2614735,1.637079,0.09548959,0.8101428,1.50266,-0.04451802,0.6236642,1.522741,-0.133231,0.4545331,1.644953,-0.1627028,0.2852036,1.624443,-0.1661935,0.2491722,1.609658,0.170403,0.5916455,1.509322,0.1710736,0.4142826,1.563682,0.1463267,0.2400351,1.524447,0.1281049,0.1957717,1.504572,-0.04442433,0.2717425,1.612988,-0.08853301,0.07150608,1.597839,-0.06290396,-0.1856336,1.690714,0.06629461,0.255026,1.605283,0.08170201,0.07740119,1.518414,0.04924623,-0.1935065,1.564962,0.06140905,0.6481946,1.526551
72057594037999830,1,1.260476,95833.34,0.01116535,0.2614735,1.637079,0.09548959,0.8101428,1.50266,-0.04451802,0.6236642,1.522741,-0.133231,0.4545331,1.644953,-0.1627028,0.2852036,1.624443,-0.1661935,0.2491722,1.609658,0.170403,0.5916455,1.509322,0.1710736,0.4142826,1.563682,0.1463267,0.2400351,1.524447,0.1281049,0.1957717,1.504572,-0.04442433,0.2717425,1.612988,-0.08853301,0.07150608,1.597839,-0.06290396,-0.1856336,1.690714,0.06629461,0.255026,1.605283,0.08170201,0.07740119,1.518414,0.04924623,-0.1935065,1.564962,0.06140905,0.6481946,1.526551
72057594037999830,1,1.260476,95833.34,0.01116535,0.2614735,1.637079,0.09548959,0.8101428,1.50266,-0.04451802,0.6236642,1.522741,-0.133231,0.4545331,1.644953,-0.1627028,0.2852036,1.624443,-0.1661935,0.2491722,1.609658,0.170403,0.5916455,1.509322,0.1710736,0.4142826,1.563682,0.1463267,0.2400351,1.524447,0.1281049,0.1957717,1.504572,-0.04442433,0.2717425,1.612988,-0.08853301,0.07150608,1.597839,-0.06290396,-0.1856336,1.690714,0.06629461,0.255026,1.605283,0.08170201,0.07740119,1.518414,0.04924623,-0.1935065,1.564962,0.06140905,0.6481946,1.526551
72057594037999830,1,1.270851,95833.35,-0.01173938,0.2395272,1.637354,0.06608544,0.7816447,1.484785,-0.06209175,0.5940187,1.508408,-0.1505801,0.4261567,1.631799,-0.1722247,0.2563602,1.604442,-0.1672127,0.2186039,1.595756,0.1527266,0.5676035,1.498147,0.1564284,0.3944825,1.577723,0.1370713,0.2275833,1.53093,0.1190629,0.1881551,1.515544,-0.06670824,0.2503756,1.613102,-0.111451,0.05760384,1.60423,-0.1399436,-0.1976433,1.700274,0.04362963,0.2332306,1.605775,0.05613245,0.06255886,1.505681,-0.00980786,-0.2048882,1.538308,0.03920631,0.6186111,1.511383
72057594037999830,1,1.270851,95833.35,-0.01173938,0.2395272,1.637354,0.06608544,0.7816447,1.484785,-0.06209175,0.5940187,1.508408,-0.1505801,0.4261567,1.631799,-0.1722247,0.2563602,1.604442,-0.1672127,0.2186039,1.595756,0.1527266,0.5676035,1.498147,0.1564284,0.3944825,1.577723,0.1370713,0.2275833,1.53093,0.1190629,0.1881551,1.515544,-0.06670824,0.2503756,1.613102,-0.111451,0.05760384,1.60423,-0.1399436,-0.1976433,1.700274,0.04362963,0.2332306,1.605775,0.05613245,0.06255886,1.505681,-0.00980786,-0.2048882,1.538308,0.03920631,0.6186111,1.511383
72057594037999830,1,1.270851,95833.35,-0.01173938,0.2395272,1.637354,0.06608544,0.7816447,1.484785,-0.06209175,0.5940187,1.508408,-0.1505801,0.4261567,1.631799,-0.1722247,0.2563602,1.604442,-0.1672127,0.2186039,1.595756,0.1527266,0.5676035,1.498147,0.1564284,0.3944825,1.577723,0.1370713,0.2275833,1.53093,0.1190629,0.1881551,1.515544,-0.06670824,0.2503756,1.613102,-0.111451,0.05760384,1.60423,-0.1399436,-0.1976433,1.700274,0.04362963,0.2332306,1.605775,0.05613245,0.06255886,1.505681,-0.00980786,-0.2048882,1.538308,0.03920631,0.6186111,1.511383
72057594037999830,1,1.270851,95833.36,-0.01173938,0.2395272,1.637354,0.06608544,0.7816447,1.484785,-0.06209175,0.5940187,1.508408,-0.1505801,0.4261567,1.631799,-0.1722247,0.2563602,1.604442,-0.1672127,0.2186039,1.595756,0.1527266,0.5676035,1.498147,0.1564284,0.3944825,1.577723,0.1370713,0.2275833,1.53093,0.1190629,0.1881551,1.515544,-0.06670824,0.2503756,1.613102,-0.111451,0.05760384,1.60423,-0.1399436,-0.1976433,1.700274,0.04362963,0.2332306,1.605775,0.05613245,0.06255886,1.505681,-0.00980786,-0.2048882,1.538308,0.03920631,0.6186111,1.511383
72057594037999830,1,1.270851,95833.36,-0.01173938,0.2395272,1.637354,0.06608544,0.7816447,1.484785,-0.06209175,0.5940187,1.508408,-0.1505801,0.4261567,1.631799,-0.1722247,0.2563602,1.604442,-0.1672127,0.2186039,1.595756,0.1527266,0.5676035,1.498147,0.1564284,0.3944825,1.577723,0.1370713,0.2275833,1.53093,0.1190629,0.1881551,1.515544,-0.06670824,0.2503756,1.613102,-0.111451,0.05760384,1.60423,-0.1399436,-0.1976433,1.700274,0.04362963,0.2332306,1.605775,0.05613245,0.06255886,1.505681,-0.00980786,-0.2048882,1.538308,0.03920631,0.6186111,1.511383
72057594037999830,1,1.270851,95833.36,-0.01173938,0.2395272,1.637354,0.06608544,0.7816447,1.484785,-0.06209175,0.5940187,1.508408,-0.1505801,0.4261567,1.631799,-0.1722247,0.2563602,1.604442,-0.1672127,0.2186039,1.595756,0.1527266,0.5676035,1.498147,0.1564284,0.3944825,1.577723,0.1370713,0.2275833,1.53093,0.1190629,0.1881551,1.515544,-0.06670824,0.2503756,1.613102,-0.111451,0.05760384,1.60423,-0.1399436,-0.1976433,1.700274,0.04362963,0.2332306,1.605775,0.05613245,0.06255886,1.505681,-0.00980786,-0.2048882,1.538308,0.03920631,0.6186111,1.511383
72057594037999830,1,1.270851,95833.37,-0.01173938,0.2395272,1.637354,0.06608544,0.7816447,1.484785,-0.06209175,0.5940187,1.508408,-0.1505801,0.4261567,1.631799,-0.1722247,0.2563602,1.604442,-0.1672127,0.2186039,1.595756,0.1527266,0.5676035,1.498147,0.1564284,0.3944825,1.577723,0.1370713,0.2275833,1.53093,0.1190629,0.1881551,1.515544,-0.06670824,0.2503756,1.613102,-0.111451,0.05760384,1.60423,-0.1399436,-0.1976433,1.700274,0.04362963,0.2332306,1.605775,0.05613245,0.06255886,1.505681,-0.00980786,-0.2048882,1.538308,0.03920631,0.6186111,1.511383
72057594037999830,1,1.270851,95833.37,-0.01173938,0.2395272,1.637354,0.06608544,0.7816447,1.484785,-0.06209175,0.5940187,1.508408,-0.1505801,0.4261567,1.631799,-0.1722247,0.2563602,1.604442,-0.1672127,0.2186039,1.595756,0.1527266,0.5676035,1.498147,0.1564284,0.3944825,1.577723,0.1370713,0.2275833,1.53093,0.1190629,0.1881551,1.515544,-0.06670824,0.2503756,1.613102,-0.111451,0.05760384,1.60423,-0.1399436,-0.1976433,1.700274,0.04362963,0.2332306,1.605775,0.05613245,0.06255886,1.505681,-0.00980786,-0.2048882,1.538308,0.03920631,0.6186111,1.511383
72057594037999830,1,1.270851,95833.37,-0.01173938,0.2395272,1.637354,0.06608544,0.7816447,1.484785,-0.06209175,0.5940187,1.508408,-0.1505801,0.4261567,1.631799,-0.1722247,0.2563602,1.604442,-0.1672127,0.2186039,1.595756,0.1527266,0.5676035,1.498147,0.1564284,0.3944825,1.577723,0.1370713,0.2275833,1.53093,0.1190629,0.1881551,1.515544,-0.06670824,0.2503756,1.613102,-0.111451,0.05760384,1.60423,-0.1399436,-0.1976433,1.700274,0.04362963,0.2332306,1.605775,0.05613245,0.06255886,1.505681,-0.00980786,-0.2048882,1.538308,0.03920631,0.6186111,1.511383
72057594037999830,1,1.270851,95833.38,-0.01173938,0.2395272,1.637354,0.06608544,0.7816447,1.484785,-0.06209175,0.5940187,1.508408,-0.1505801,0.4261567,1.631799,-0.1722247,0.2563602,1.604442,-0.1672127,0.2186039,1.595756,0.1527266,0.5676035,1.498147,0.1564284,0.3944825,1.577723,0.1370713,0.2275833,1.53093,0.1190629,0.1881551,1.515544,-0.06670824,0.2503756,1.613102,-0.111451,0.05760384,1.60423,-0.1399436,-0.1976433,1.700274,0.04362963,0.2332306,1.605775,0.05613245,0.06255886,1.505681,-0.00980786,-0.2048882,1.538308,0.03920631,0.6186111,1.511383
72057594037999830,1,1.270851,95833.38,-0.01173938,0.2395272,1.637354,0.06608544,0.7816447,1.484785,-0.06209175,0.5940187,1.508408,-0.1505801,0.4261567,1.631799,-0.1722247,0.2563602,1.604442,-0.1672127,0.2186039,1.595756,0.1527266,0.5676035,1.498147,0.1564284,0.3944825,1.577723,0.1370713,0.2275833,1.53093,0.1190629,0.1881551,1.515544,-0.06670824,0.2503756,1.613102,-0.111451,0.05760384,1.60423,-0.1399436,-0.1976433,1.700274,0.04362963,0.2332306,1.605775,0.05613245,0.06255886,1.505681,-0.00980786,-0.2048882,1.538308,0.03920631,0.6186111,1.511383
72057594037999830,1,1.270851,95833.38,-0.01173938,0.2395272,1.637354,0.06608544,0.7816447,1.484785,-0.06209175,0.5940187,1.508408,-0.1505801,0.4261567,1.631799,-0.1722247,0.2563602,1.604442,-0.1672127,0.2186039,1.595756,0.1527266,0.5676035,1.498147,0.1564284,0.3944825,1.577723,0.1370713,0.2275833,1.53093,0.1190629,0.1881551,1.515544,-0.06670824,0.2503756,1.613102,-0.111451,0.05760384,1.60423,-0.1399436,-0.1976433,1.700274,0.04362963,0.2332306,1.605775,0.05613245,0.06255886,1.505681,-0.00980786,-0.2048882,1.538308,0.03920631,0.6186111,1.511383
72057594037999830,1,1.298234,95833.38,-0.03612563,0.1941793,1.632868,0.03930792,0.7429579,1.473585,-0.08187778,0.5504042,1.50236,-0.1579823,0.3928278,1.631377,-0.1745711,0.2132013,1.596609,-0.1721392,0.1654351,1.583468,0.1368193,0.534783,1.487256,0.1415645,0.3449811,1.586367,0.1289119,0.178723,1.535486,0.1053491,0.1408099,1.516644,-0.08797655,0.2069794,1.607435,-0.1588924,-0.004831165,1.626755,-0.2154573,-0.2381396,1.709841,0.01705899,0.1877904,1.602717,0.02245788,0.02018064,1.4971,-0.05265094,-0.2381679,1.511404,0.02269924,0.5770243,1.501072
72057594037999830,1,1.298234,95833.38,-0.03612563,0.1941793,1.632868,0.03930792,0.7429579,1.473585,-0.08187778,0.5504042,1.50236,-0.1579823,0.3928278,1.631377,-0.1745711,0.2132013,1.596609,-0.1721392,0.1654351,1.583468,0.1368193,0.534783,1.487256,0.1415645,0.3449811,1.586367,0.1289119,0.178723,1.535486,0.1053491,0.1408099,1.516644,-0.08797655,0.2069794,1.607435,-0.1588924,-0.004831165,1.626755,-0.2154573,-0.2381396,1.709841,0.01705899,0.1877904,1.602717,0.02245788,0.02018064,1.4971,-0.05265094,-0.2381679,1.511404,0.02269924,0.5770243,1.501072
72057594037999830,1,1.298234,95833.38,-0.03612563,0.1941793,1.632868,0.03930792,0.7429579,1.473585,-0.08187778,0.5504042,1.50236,-0.1579823,0.3928278,1.631377,-0.1745711,0.2132013,1.596609,-0.1721392,0.1654351,1.583468,0.1368193,0.534783,1.487256,0.1415645,0.3449811,1.586367,0.1289119,0.178723,1.535486,0.1053491,0.1408099,1.516644,-0.08797655,0.2069794,1.607435,-0.1588924,-0.004831165,1.626755,-0.2154573,-0.2381396,1.709841,0.01705899,0.1877904,1.602717,0.02245788,0.02018064,1.4971,-0.05265094,-0.2381679,1.511404,0.02269924,0.5770243,1.501072
72057594037999830,1,1.298234,95833.39,-0.03612563,0.1941793,1.632868,0.03930792,0.7429579,1.473585,-0.08187778,0.5504042,1.50236,-0.1579823,0.3928278,1.631377,-0.1745711,0.2132013,1.596609,-0.1721392,0.1654351,1.583468,0.1368193,0.534783,1.487256,0.1415645,0.3449811,1.586367,0.1289119,0.178723,1.535486,0.1053491,0.1408099,1.516644,-0.08797655,0.2069794,1.607435,-0.1588924,-0.004831165,1.626755,-0.2154573,-0.2381396,1.709841,0.01705899,0.1877904,1.602717,0.02245788,0.02018064,1.4971,-0.05265094,-0.2381679,1.511404,0.02269924,0.5770243,1.501072
72057594037999830,1,1.298234,95833.39,-0.03612563,0.1941793,1.632868,0.03930792,0.7429579,1.473585,-0.08187778,0.5504042,1.50236,-0.1579823,0.3928278,1.631377,-0.1745711,0.2132013,1.596609,-0.1721392,0.1654351,1.583468,0.1368193,0.534783,1.487256,0.1415645,0.3449811,1.586367,0.1289119,0.178723,1.535486,0.1053491,0.1408099,1.516644,-0.08797655,0.2069794,1.607435,-0.1588924,-0.004831165,1.626755,-0.2154573,-0.2381396,1.709841,0.01705899,0.1877904,1.602717,0.02245788,0.02018064,1.4971,-0.05265094,-0.2381679,1.511404,0.02269924,0.5770243,1.501072
72057594037999830,1,1.298234,95833.39,-0.03612563,0.1941793,1.632868,0.03930792,0.7429579,1.473585,-0.08187778,0.5504042,1.50236,-0.1579823,0.3928278,1.631377,-0.1745711,0.2132013,1.596609,-0.1721392,0.1654351,1.583468,0.1368193,0.534783,1.487256,0.1415645,0.3449811,1.586367,0.1289119,0.178723,1.535486,0.1053491,0.1408099,1.516644,-0.08797655,0.2069794,1.607435,-0.1588924,-0.004831165,1.626755,-0.2154573,-0.2381396,1.709841,0.01705899,0.1877904,1.602717,0.02245788,0.02018064,1.4971,-0.05265094,-0.2381679,1.511404,0.02269924,0.5770243,1.501072
72057594037999830,1,1.298234,95833.4,-0.03612563,0.1941793,1.632868,0.03930792,0.7429579,1.473585,-0.08187778,0.5504042,1.50236,-0.1579823,0.3928278,1.631377,-0.1745711,0.2132013,1.596609,-0.1721392,0.1654351,1.583468,0.1368193,0.534783,1.487256,0.1415645,0.3449811,1.586367,0.1289119,0.178723,1.535486,0.1053491,0.1408099,1.516644,-0.08797655,0.2069794,1.607435,-0.1588924,-0.004831165,1.626755,-0.2154573,-0.2381396,1.709841,0.01705899,0.1877904,1.602717,0.02245788,0.02018064,1.4971,-0.05265094,-0.2381679,1.511404,0.02269924,0.5770243,1.501072
72057594037999830,1,1.298234,95833.4,-0.03612563,0.1941793,1.632868,0.03930792,0.7429579,1.473585,-0.08187778,0.5504042,1.50236,-0.1579823,0.3928278,1.631377,-0.1745711,0.2132013,1.596609,-0.1721392,0.1654351,1.583468,0.1368193,0.534783,1.487256,0.1415645,0.3449811,1.586367,0.1289119,0.178723,1.535486,0.1053491,0.1408099,1.516644,-0.08797655,0.2069794,1.607435,-0.1588924,-0.004831165,1.626755,-0.2154573,-0.2381396,1.709841,0.01705899,0.1877904,1.602717,0.02245788,0.02018064,1.4971,-0.05265094,-0.2381679,1.511404,0.02269924,0.5770243,1.501072
72057594037999830,1,1.298234,95833.41,-0.03612563,0.1941793,1.632868,0.03930792,0.7429579,1.473585,-0.08187778,0.5504042,1.50236,-0.1579823,0.3928278,1.631377,-0.1745711,0.2132013,1.596609,-0.1721392,0.1654351,1.583468,0.1368193,0.534783,1.487256,0.1415645,0.3449811,1.586367,0.1289119,0.178723,1.535486,0.1053491,0.1408099,1.516644,-0.08797655,0.2069794,1.607435,-0.1588924,-0.004831165,1.626755,-0.2154573,-0.2381396,1.709841,0.01705899,0.1877904,1.602717,0.02245788,0.02018064,1.4971,-0.05265094,-0.2381679,1.511404,0.02269924,0.5770243,1.501072
72057594037999830,1,1.298234,95833.41,-0.03612563,0.1941793,1.632868,0.03930792,0.7429579,1.473585,-0.08187778,0.5504042,1.50236,-0.1579823,0.3928278,1.631377,-0.1745711,0.2132013,1.596609,-0.1721392,0.1654351,1.583468,0.1368193,0.534783,1.487256,0.1415645,0.3449811,1.586367,0.1289119,0.178723,1.535486,0.1053491,0.1408099,1.516644,-0.08797655,0.2069794,1.607435,-0.1588924,-0.004831165,1.626755,-0.2154573,-0.2381396,1.709841,0.01705899,0.1877904,1.602717,0.02245788,0.02018064,1.4971,-0.05265094,-0.2381679,1.511404,0.02269924,0.5770243,1.501072
72057594037999830,1,1.298234,95833.41,-0.03612563,0.1941793,1.632868,0.03930792,0.7429579,1.473585,-0.08187778,0.5504042,1.50236,-0.1579823,0.3928278,1.631377,-0.1745711,0.2132013,1.596609,-0.1721392,0.1654351,1.583468,0.1368193,0.534783,1.487256,0.1415645,0.3449811,1.586367,0.1289119,0.178723,1.535486,0.1053491,0.1408099,1.516644,-0.08797655,0.2069794,1.607435,-0.1588924,-0.004831165,1.626755,-0.2154573,-0.2381396,1.709841,0.01705899,0.1877904,1.602717,0.02245788,0.02018064,1.4971,-0.05265094,-0.2381679,1.511404,0.02269924,0.5770243,1.501072
72057594037999830,1,1.298234,95833.41,-0.03612563,0.1941793,1.632868,0.03930792,0.7429579,1.473585,-0.08187778,0.5504042,1.50236,-0.1579823,0.3928278,1.631377,-0.1745711,0.2132013,1.596609,-0.1721392,0.1654351,1.583468,0.1368193,0.534783,1.487256,0.1415645,0.3449811,1.586367,0.1289119,0.178723,1.535486,0.1053491,0.1408099,1.516644,-0.08797655,0.2069794,1.607435,-0.1588924,-0.004831165,1.626755,-0.2154573,-0.2381396,1.709841,0.01705899,0.1877904,1.602717,0.02245788,0.02018064,1.4971,-0.05265094,-0.2381679,1.511404,0.02269924,0.5770243,1.501072
72057594037999830,1,1.329916,95833.41,-0.05730131,0.1490939,1.624671,0.01745671,0.699506,1.465093,-0.09658854,0.5120928,1.502264,-0.1682576,0.3436815,1.633123,-0.1975891,0.1782498,1.588849,-0.194677,0.1281339,1.576264,0.1214786,0.4846258,1.479786,0.1341355,0.31083,1.582296,0.1148199,0.1403935,1.581135,0.0967903,0.1092362,1.543897,-0.1091016,0.1597812,1.601446,-0.2044662,-0.03441477,1.631421,-0.2874651,-0.2360319,1.730269,-0.003887317,0.1452427,1.592399,0.005415614,-0.01849058,1.481409,-0.07363831,-0.2377338,1.526012,0.008919132,0.5307319,1.497191
72057594037999830,1,1.329916,95833.41,-0.05730131,0.1490939,1.624671,0.01745671,0.699506,1.465093,-0.09658854,0.5120928,1.502264,-0.1682576,0.3436815,1.633123,-0.1975891,0.1782498,1.588849,-0.194677,0.1281339,1.576264,0.1214786,0.4846258,1.479786,0.1341355,0.31083,1.582296,0.1148199,0.1403935,1.581135,0.0967903,0.1092362,1.543897,-0.1091016,0.1597812,1.601446,-0.2044662,-0.03441477,1.631421,-0.2874651,-0.2360319,1.730269,-0.003887317,0.1452427,1.592399,0.005415614,-0.01849058,1.481409,-0.07363831,-0.2377338,1.526012,0.008919132,0.5307319,1.497191
72057594037999830,1,1.329916,95833.42,-0.05730131,0.1490939,1.624671,0.01745671,0.699506,1.465093,-0.09658854,0.5120928,1.502264,-0.1682576,0.3436815,1.633123,-0.1975891,0.1782498,1.588849,-0.194677,0.1281339,1.576264,0.1214786,0.4846258,1.479786,0.1341355,0.31083,1.582296,0.1148199,0.1403935,1.581135,0.0967903,0.1092362,1.543897,-0.1091016,0.1597812,1.601446,-0.2044662,-0.03441477,1.631421,-0.2874651,-0.2360319,1.730269,-0.003887317,0.1452427,1.592399,0.005415614,-0.01849058,1.481409,-0.07363831,-0.2377338,1.526012,0.008919132,0.5307319,1.497191
72057594037999830,1,1.329916,95833.42,-0.05730131,0.1490939,1.624671,0.01745671,0.699506,1.465093,-0.09658854,0.5120928,1.502264,-0.1682576,0.3436815,1.633123,-0.1975891,0.1782498,1.588849,-0.194677,0.1281339,1.576264,0.1214786,0.4846258,1.479786,0.1341355,0.31083,1.582296,0.1148199,0.1403935,1.581135,0.0967903,0.1092362,1.543897,-0.1091016,0.1597812,1.601446,-0.2044662,-0.03441477,1.631421,-0.2874651,-0.2360319,1.730269,-0.003887317,0.1452427,1.592399,0.005415614,-0.01849058,1.481409,-0.07363831,-0.2377338,1.526012,0.008919132,0.5307319,1.497191
72057594037999830,1,1.329916,95833.42,-0.05730131,0.1490939,1.624671,0.01745671,0.699506,1.465093,-0.09658854,0.5120928,1.502264,-0.1682576,0.3436815,1.633123,-0.1975891,0.1782498,1.588849,-0.194677,0.1281339,1.576264,0.1214786,0.4846258,1.479786,0.1341355,0.31083,1.582296,0.1148199,0.1403935,1.581135,0.0967903,0.1092362,1.543897,-0.1091016,0.1597812,1.601446,-0.2044662,-0.03441477,1.631421,-0.2874651,-0.2360319,1.730269,-0.003887317,0.1452427,1.592399,0.005415614,-0.01849058,1.481409,-0.07363831,-0.2377338,1.526012,0.008919132,0.5307319,1.497191
72057594037999830,1,1.329916,95833.43,-0.05730131,0.1490939,1.624671,0.01745671,0.699506,1.465093,-0.09658854,0.5120928,1.502264,-0.1682576,0.3436815,1.633123,-0.1975891,0.1782498,1.588849,-0.194677,0.1281339,1.576264,0.1214786,0.4846258,1.479786,0.1341355,0.31083,1.582296,0.1148199,0.1403935,1.581135,0.0967903,0.1092362,1.543897,-0.1091016,0.1597812,1.601446,-0.2044662,-0.03441477,1.631421,-0.2874651,-0.2360319,1.730269,-0.003887317,0.1452427,1.592399,0.005415614,-0.01849058,1.481409,-0.07363831,-0.2377338,1.526012,0.008919132,0.5307319,1.497191
72057594037999830,1,1.329916,95833.43,-0.05730131,0.1490939,1.624671,0.01745671,0.699506,1.465093,-0.09658854,0.5120928,1.502264,-0.1682576,0.3436815,1.633123,-0.1975891,0.1782498,1.588849,-0.194677,0.1281339,1.576264,0.1214786,0.4846258,1.479786,0.1341355,0.31083,1.582296,0.1148199,0.1403935,1.581135,0.0967903,0.1092362,1.543897,-0.1091016,0.1597812,1.601446,-0.2044662,-0.03441477,1.631421,-0.2874651,-0.2360319,1.730269,-0.003887317,0.1452427,1.592399,0.005415614,-0.01849058,1.481409,-0.07363831,-0.2377338,1.526012,0.008919132,0.5307319,1.497191
72057594037999830,1,1.329916,95833.43,-0.05730131,0.1490939,1.624671,0.01745671,0.699506,1.465093,-0.09658854,0.5120928,1.502264,-0.1682576,0.3436815,1.633123,-0.1975891,0.1782498,1.588849,-0.194677,0.1281339,1.576264,0.1214786,0.4846258,1.479786,0.1341355,0.31083,1.582296,0.1148199,0.1403935,1.581135,0.0967903,0.1092362,1.543897,-0.1091016,0.1597812,1.601446,-0.2044662,-0.03441477,1.631421,-0.2874651,-0.2360319,1.730269,-0.003887317,0.1452427,1.592399,0.005415614,-0.01849058,1.481409,-0.07363831,-0.2377338,1.526012,0.008919132,0.5307319,1.497191
72057594037999830,1,1.329916,95833.44,-0.05730131,0.1490939,1.624671,0.01745671,0.699506,1.465093,-0.09658854,0.5120928,1.502264,-0.1682576,0.3436815,1.633123,-0.1975891,0.1782498,1.588849,-0.194677,0.1281339,1.576264,0.1214786,0.4846258,1.479786,0.1341355,0.31083,1.582296,0.1148199,0.1403935,1.581135,0.0967903,0.1092362,1.543897,-0.1091016,0.1597812,1.601446,-0.2044662,-0.03441477,1.631421,-0.2874651,-0.2360319,1.730269,-0.003887317,0.1452427,1.592399,0.005415614,-0.01849058,1.481409,-0.07363831,-0.2377338,1.526012,0.008919132,0.5307319,1.497191
72057594037999830,1,1.329916,95833.44,-0.05730131,0.1490939,1.624671,0.01745671,0.699506,1.465093,-0.09658854,0.5120928,1.502264,-0.1682576,0.3436815,1.633123,-0.1975891,0.1782498,1.588849,-0.194677,0.1281339,1.576264,0.1214786,0.4846258,1.479786,0.1341355,0.31083,1.582296,0.1148199,0.1403935,1.581135,0.0967903,0.1092362,1.543897,-0.1091016,0.1597812,1.601446,-0.2044662,-0.03441477,1.631421,-0.2874651,-0.2360319,1.730269,-0.003887317,0.1452427,1.592399,0.005415614,-0.01849058,1.481409,-0.07363831,-0.2377338,1.526012,0.008919132,0.5307319,1.497191
72057594037999830,1,1.329916,95833.45,-0.05730131,0.1490939,1.624671,0.01745671,0.699506,1.465093,-0.09658854,0.5120928,1.502264,-0.1682576,0.3436815,1.633123,-0.1975891,0.1782498,1.588849,-0.194677,0.1281339,1.576264,0.1214786,0.4846258,1.479786,0.1341355,0.31083,1.582296,0.1148199,0.1403935,1.581135,0.0967903,0.1092362,1.543897,-0.1091016,0.1597812,1.601446,-0.2044662,-0.03441477,1.631421,-0.2874651,-0.2360319,1.730269,-0.003887317,0.1452427,1.592399,0.005415614,-0.01849058,1.481409,-0.07363831,-0.2377338,1.526012,0.008919132,0.5307319,1.497191
72057594037999830,1,1.329916,95833.45,-0.05730131,0.1490939,1.624671,0.01745671,0.699506,1.465093,-0.09658854,0.5120928,1.502264,-0.1682576,0.3436815,1.633123,-0.1975891,0.1782498,1.588849,-0.194677,0.1281339,1.576264,0.1214786,0.4846258,1.479786,0.1341355,0.31083,1.582296,0.1148199,0.1403935,1.581135,0.0967903,0.1092362,1.543897,-0.1091016,0.1597812,1.601446,-0.2044662,-0.03441477,1.631421,-0.2874651,-0.2360319,1.730269,-0.003887317,0.1452427,1.592399,0.005415614,-0.01849058,1.481409,-0.07363831,-0.2377338,1.526012,0.008919132,0.5307319,1.497191
72057594037999830,1,1.356875,95833.45,-0.07284223,0.1146539,1.615967,0.002439654,0.6641208,1.46187,-0.1108502,0.46248,1.504259,-0.1742239,0.3095371,1.635352,-0.2240689,0.1501894,1.5876,-0.230537,0.1084961,1.585406,0.1119867,0.4510271,1.474993,0.124273,0.2724732,1.570062,0.09649915,0.1067517,1.594774,0.08747095,0.05134368,1.606034,-0.1231814,0.1299997,1.593814,-0.2181078,-0.04899263,1.628245,-0.2932707,-0.2388691,1.734013,-0.01999111,0.1080281,1.582883,-0.005272762,-0.04265249,1.451063,-0.07835124,-0.2406412,1.525365,-0.001231051,0.4950016,1.494709
72057594037999830,1,1.356875,95833.45,-0.07284223,0.1146539,1.615967,0.002439654,0.6641208,1.46187,-0.1108502,0.46248,1.504259,-0.1742239,0.3095371,1.635352,-0.2240689,0.1501894,1.5876,-0.230537,0.1084961,1.585406,0.1119867,0.4510271,1.474993,0.124273,0.2724732,1.570062,0.09649915,0.1067517,1.594774,0.08747095,0.05134368,1.606034,-0.1231814,0.1299997,1.593814,-0.2181078,-0.04899263,1.628245,-0.2932707,-0.2388691,1.734013,-0.01999111,0.1080281,1.582883,-0.005272762,-0.04265249,1.451063,-0.07835124,-0.2406412,1.525365,-0.001231051,0.4950016,1.494709
72057594037999830,1,1.356875,95833.45,-0.07284223,0.1146539,1.615967,0.002439654,0.6641208,1.46187,-0.1108502,0.46248,1.504259,-0.1742239,0.3095371,1.635352,-0.2240689,0.1501894,1.5876,-0.230537,0.1084961,1.585406,0.1119867,0.4510271,1.474993,0.124273,0.2724732,1.570062,0.09649915,0.1067517,1.594774,0.08747095,0.05134368,1.606034,-0.1231814,0.1299997,1.593814,-0.2181078,-0.04899263,1.628245,-0.2932707,-0.2388691,1.734013,-0.01999111,0.1080281,1.582883,-0.005272762,-0.04265249,1.451063,-0.07835124,-0.2406412,1.525365,-0.001231051,0.4950016,1.494709
72057594037999830,1,1.356875,95833.45,-0.07284223,0.1146539,1.615967,0.002439654,0.6641208,1.46187,-0.1108502,0.46248,1.504259,-0.1742239,0.3095371,1.635352,-0.2240689,0.1501894,1.5876,-0.230537,0.1084961,1.585406,0.1119867,0.4510271,1.474993,0.124273,0.2724732,1.570062,0.09649915,0.1067517,1.594774,0.08747095,0.05134368,1.606034,-0.1231814,0.1299997,1.593814,-0.2181078,-0.04899263,1.628245,-0.2932707,-0.2388691,1.734013,-0.01999111,0.1080281,1.582883,-0.005272762,-0.04265249,1.451063,-0.07835124,-0.2406412,1.525365,-0.001231051,0.4950016,1.494709
72057594037999830,1,1.356875,95833.46,-0.07284223,0.1146539,1.615967,0.002439654,0.6641208,1.46187,-0.1108502,0.46248,1.504259,-0.1742239,0.3095371,1.635352,-0.2240689,0.1501894,1.5876,-0.230537,0.1084961,1.585406,0.1119867,0.4510271,1.474993,0.124273,0.2724732,1.570062,0.09649915,0.1067517,1.594774,0.08747095,0.05134368,1.606034,-0.1231814,0.1299997,1.593814,-0.2181078,-0.04899263,1.628245,-0.2932707,-0.2388691,1.734013,-0.01999111,0.1080281,1.582883,-0.005272762,-0.04265249,1.451063,-0.07835124,-0.2406412,1.525365,-0.001231051,0.4950016,1.494709
72057594037999830,1,1.356875,95833.46,-0.07284223,0.1146539,1.615967,0.002439654,0.6641208,1.46187,-0.1108502,0.46248,1.504259,-0.1742239,0.3095371,1.635352,-0.2240689,0.1501894,1.5876,-0.230537,0.1084961,1.585406,0.1119867,0.4510271,1.474993,0.124273,0.2724732,1.570062,0.09649915,0.1067517,1.594774,0.08747095,0.05134368,1.606034,-0.1231814,0.1299997,1.593814,-0.2181078,-0.04899263,1.628245,-0.2932707,-0.2388691,1.734013,-0.01999111,0.1080281,1.582883,-0.005272762,-0.04265249,1.451063,-0.07835124,-0.2406412,1.525365,-0.001231051,0.4950016,1.494709
72057594037999830,1,1.356875,95833.46,-0.07284223,0.1146539,1.615967,0.002439654,0.6641208,1.46187,-0.1108502,0.46248,1.504259,-0.1742239,0.3095371,1.635352,-0.2240689,0.1501894,1.5876,-0.230537,0.1084961,1.585406,0.1119867,0.4510271,1.474993,0.124273,0.2724732,1.570062,0.09649915,0.1067517,1.594774,0.08747095,0.05134368,1.606034,-0.1231814,0.1299997,1.593814,-0.2181078,-0.04899263,1.628245,-0.2932707,-0.2388691,1.734013,-0.01999111,0.1080281,1.582883,-0.005272762,-0.04265249,1.451063,-0.07835124,-0.2406412,1.525365,-0.001231051,0.4950016,1.494709
72057594037999830,1,1.356875,95833.47,-0.07284223,0.1146539,1.615967,0.002439654,0.6641208,1.46187,-0.1108502,0.46248,1.504259,-0.1742239,0.3095371,1.635352,-0.2240689,0.1501894,1.5876,-0.230537,0.1084961,1.585406,0.1119867,0.4510271,1.474993,0.124273,0.2724732,1.570062,0.09649915,0.1067517,1.594774,0.08747095,0.05134368,1.606034,-0.1231814,0.1299997,1.593814,-0.2181078,-0.04899263,1.628245,-0.2932707,-0.2388691,1.734013,-0.01999111,0.1080281,1.582883,-0.005272762,-0.04265249,1.451063,-0.07835124,-0.2406412,1.525365,-0.001231051,0.4950016,1.494709
72057594037999830,1,1.356875,95833.47,-0.07284223,0.1146539,1.615967,0.002439654,0.6641208,1.46187,-0.1108502,0.46248,1.504259,-0.1742239,0.3095371,1.635352,-0.2240689,0.1501894,1.5876,-0.230537,0.1084961,1.585406,0.1119867,0.4510271,1.474993,0.124273,0.2724732,1.570062,0.09649915,0.1067517,1.594774,0.08747095,0.05134368,1.606034,-0.1231814,0.1299997,1.593814,-0.2181078,-0.04899263,1.628245,-0.2932707,-0.2388691,1.734013,-0.01999111,0.1080281,1.582883,-0.005272762,-0.04265249,1.451063,-0.07835124,-0.2406412,1.525365,-0.001231051,0.4950016,1.494709
72057594037999830,1,1.356875,95833.48,-0.07284223,0.1146539,1.615967,0.002439654,0.6641208,1.46187,-0.1108502,0.46248,1.504259,-0.1742239,0.3095371,1.635352,-0.2240689,0.1501894,1.5876,-0.230537,0.1084961,1.585406,0.1119867,0.4510271,1.474993,0.124273,0.2724732,1.570062,0.09649915,0.1067517,1.594774,0.08747095,0.05134368,1.606034,-0.1231814,0.1299997,1.593814,-0.2181078,-0.04899263,1.628245,-0.2932707,-0.2388691,1.734013,-0.01999111,0.1080281,1.582883,-0.005272762,-0.04265249,1.451063,-0.07835124,-0.2406412,1.525365,-0.001231051,0.4950016,1.494709
72057594037999830,1,1.356875,95833.48,-0.07284223,0.1146539,1.615967,0.002439654,0.6641208,1.46187,-0.1108502,0.46248,1.504259,-0.1742239,0.3095371,1.635352,-0.2240689,0.1501894,1.5876,-0.230537,0.1084961,1.585406,0.1119867,0.4510271,1.474993,0.124273,0.2724732,1.570062,0.09649915,0.1067517,1.594774,0.08747095,0.05134368,1.606034,-0.1231814,0.1299997,1.593814,-0.2181078,-0.04899263,1.628245,-0.2932707,-0.2388691,1.734013,-0.01999111,0.1080281,1.582883,-0.005272762,-0.04265249,1.451063,-0.07835124,-0.2406412,1.525365,-0.001231051,0.4950016,1.494709
72057594037999830,1,1.356875,95833.48,-0.07284223,0.1146539,1.615967,0.002439654,0.6641208,1.46187,-0.1108502,0.46248,1.504259,-0.1742239,0.3095371,1.635352,-0.2240689,0.1501894,1.5876,-0.230537,0.1084961,1.585406,0.1119867,0.4510271,1.474993,0.124273,0.2724732,1.570062,0.09649915,0.1067517,1.594774,0.08747095,0.05134368,1.606034,-0.1231814,0.1299997,1.593814,-0.2181078,-0.04899263,1.628245,-0.2932707,-0.2388691,1.734013,-0.01999111,0.1080281,1.582883,-0.005272762,-0.04265249,1.451063,-0.07835124,-0.2406412,1.525365,-0.001231051,0.4950016,1.494709
72057594037999830,1,1.370568,95833.48,-0.07626439,0.1027033,1.607723,-0.004065222,0.6514158,1.460654,-0.1125101,0.4551517,1.503515,-0.1737739,0.2973145,1.627354,-0.2337885,0.1103104,1.576862,-0.2326327,0.08051485,1.571693,0.1096238,0.4439219,1.473099,0.1143846,0.254333,1.551756,0.08876884,0.08511198,1.552182,0.07579371,0.06101367,1.515749,-0.1280296,0.1157469,1.584623,-0.214401,-0.05479026,1.615857,-0.2941075,-0.2424306,1.737867,-0.02216859,0.0983502,1.575496,-0.007540238,-0.0395644,1.427046,-0.08205169,-0.2432806,1.52198,-0.003592611,0.48231,1.491004
72057594037999830,1,1.370568,95833.48,-0.07626439,0.1027033,1.607723,-0.004065222,0.6514158,1.460654,-0.1125101,0.4551517,1.503515,-0.1737739,0.2973145,1.627354,-0.2337885,0.1103104,1.576862,-0.2326327,0.08051485,1.571693,0.1096238,0.4439219,1.473099,0.1143846,0.254333,1.551756,0.08876884,0.08511198,1.552182,0.07579371,0.06101367,1.515749,-0.1280296,0.1157469,1.584623,-0.214401,-0.05479026,1.615857,-0.2941075,-0.2424306,1.737867,-0.02216859,0.0983502,1.575496,-0.007540238,-0.0395644,1.427046,-0.08205169,-0.2432806,1.52198,-0.003592611,0.48231,1.491004
72057594037999830,1,1.370568,95833.49,-0.07626439,0.1027033,1.607723,-0.004065222,0.6514158,1.460654,-0.1125101,0.4551517,1.503515,-0.1737739,0.2973145,1.627354,-0.2337885,0.1103104,1.576862,-0.2326327,0.08051485,1.571693,0.1096238,0.4439219,1.473099,0.1143846,0.254333,1.551756,0.08876884,0.08511198,1.552182,0.07579371,0.06101367,1.515749,-0.1280296,0.1157469,1.584623,-0.214401,-0.05479026,1.615857,-0.2941075,-0.2424306,1.737867,-0.02216859,0.0983502,1.575496,-0.007540238,-0.0395644,1.427046,-0.08205169,-0.2432806,1.52198,-0.003592611,0.48231,1.491004
72057594037999830,1,1.370568,95833.49,-0.07626439,0.1027033,1.607723,-0.004065222,0.6514158,1.460654,-0.1125101,0.4551517,1.503515,-0.1737739,0.2973145,1.627354,-0.2337885,0.1103104,1.576862,-0.2326327,0.08051485,1.571693,0.1096238,0.4439219,1.473099,0.1143846,0.254333,1.551756,0.08876884,0.08511198,1.552182,0.07579371,0.06101367,1.515749,-0.1280296,0.1157469,1.584623,-0.214401,-0.05479026,1.615857,-0.2941075,-0.2424306,1.737867,-0.02216859,0.0983502,1.575496,-0.007540238,-0.0395644,1.427046,-0.08205169,-0.2432806,1.52198,-0.003592611,0.48231,1.491004
72057594037999830,1,1.370568,95833.49,-0.07626439,0.1027033,1.607723,-0.004065222,0.6514158,1.460654,-0.1125101,0.4551517,1.503515,-0.1737739,0.2973145,1.627354,-0.2337885,0.1103104,1.576862,-0.2326327,0.08051485,1.571693,0.1096238,0.4439219,1.473099,0.1143846,0.254333,1.551756,0.08876884,0.08511198,1.552182,0.07579371,0.06101367,1.515749,-0.1280296,0.1157469,1.584623,-0.214401,-0.05479026,1.615857,-0.2941075,-0.2424306,1.737867,-0.02216859,0.0983502,1.575496,-0.007540238,-0.0395644,1.427046,-0.08205169,-0.2432806,1.52198,-0.003592611,0.48231,1.491004
72057594037999830,1,1.370568,95833.5,-0.07626439,0.1027033,1.607723,-0.004065222,0.6514158,1.460654,-0.1125101,0.4551517,1.503515,-0.1737739,0.2973145,1.627354,-0.2337885,0.1103104,1.576862,-0.2326327,0.08051485,1.571693,0.1096238,0.4439219,1.473099,0.1143846,0.254333,1.551756,0.08876884,0.08511198,1.552182,0.07579371,0.06101367,1.515749,-0.1280296,0.1157469,1.584623,-0.214401,-0.05479026,1.615857,-0.2941075,-0.2424306,1.737867,-0.02216859,0.0983502,1.575496,-0.007540238,-0.0395644,1.427046,-0.08205169,-0.2432806,1.52198,-0.003592611,0.48231,1.491004
72057594037999830,1,1.370568,95833.5,-0.07626439,0.1027033,1.607723,-0.004065222,0.6514158,1.460654,-0.1125101,0.4551517,1.503515,-0.1737739,0.2973145,1.627354,-0.2337885,0.1103104,1.576862,-0.2326327,0.08051485,1.571693,0.1096238,0.4439219,1.473099,0.1143846,0.254333,1.551756,0.08876884,0.08511198,1.552182,0.07579371,0.06101367,1.515749,-0.1280296,0.1157469,1.584623,-0.214401,-0.05479026,1.615857,-0.2941075,-0.2424306,1.737867,-0.02216859,0.0983502,1.575496,-0.007540238,-0.0395644,1.427046,-0.08205169,-0.2432806,1.52198,-0.003592611,0.48231,1.491004
72057594037999830,1,1.370568,95833.5,-0.07626439,0.1027033,1.607723,-0.004065222,0.6514158,1.460654,-0.1125101,0.4551517,1.503515,-0.1737739,0.2973145,1.627354,-0.2337885,0.1103104,1.576862,-0.2326327,0.08051485,1.571693,0.1096238,0.4439219,1.473099,0.1143846,0.254333,1.551756,0.08876884,0.08511198,1.552182,0.07579371,0.06101367,1.515749,-0.1280296,0.1157469,1.584623,-0.214401,-0.05479026,1.615857,-0.2941075,-0.2424306,1.737867,-0.02216859,0.0983502,1.575496,-0.007540238,-0.0395644,1.427046,-0.08205169,-0.2432806,1.52198,-0.003592611,0.48231,1.491004
72057594037999830,1,1.370568,95833.51,-0.07626439,0.1027033,1.607723,-0.004065222,0.6514158,1.460654,-0.1125101,0.4551517,1.503515,-0.1737739,0.2973145,1.627354,-0.2337885,0.1103104,1.576862,-0.2326327,0.08051485,1.571693,0.1096238,0.4439219,1.473099,0.1143846,0.254333,1.551756,0.08876884,0.08511198,1.552182,0.07579371,0.06101367,1.515749,-0.1280296,0.1157469,1.584623,-0.214401,-0.05479026,1.615857,-0.2941075,-0.2424306,1.737867,-0.02216859,0.0983502,1.575496,-0.007540238,-0.0395644,1.427046,-0.08205169,-0.2432806,1.52198,-0.003592611,0.48231,1.491004
72057594037999830,1,1.370568,95833.51,-0.07626439,0.1027033,1.607723,-0.004065222,0.6514158,1.460654,-0.1125101,0.4551517,1.503515,-0.1737739,0.2973145,1.627354,-0.2337885,0.1103104,1.576862,-0.2326327,0.08051485,1.571693,0.1096238,0.4439219,1.473099,0.1143846,0.254333,1.551756,0.08876884,0.08511198,1.552182,0.07579371,0.06101367,1.515749,-0.1280296,0.1157469,1.584623,-0.214401,-0.05479026,1.615857,-0.2941075,-0.2424306,1.737867,-0.02216859,0.0983502,1.575496,-0.007540238,-0.0395644,1.427046,-0.08205169,-0.2432806,1.52198,-0.003592611,0.48231,1.491004
72057594037999830,1,1.370568,95833.52,-0.07626439,0.1027033,1.607723,-0.004065222,0.6514158,1.460654,-0.1125101,0.4551517,1.503515,-0.1737739,0.2973145,1.627354,-0.2337885,0.1103104,1.576862,-0.2326327,0.08051485,1.571693,0.1096238,0.4439219,1.473099,0.1143846,0.254333,1.551756,0.08876884,0.08511198,1.552182,0.07579371,0.06101367,1.515749,-0.1280296,0.1157469,1.584623,-0.214401,-0.05479026,1.615857,-0.2941075,-0.2424306,1.737867,-0.02216859,0.0983502,1.575496,-0.007540238,-0.0395644,1.427046,-0.08205169,-0.2432806,1.52198,-0.003592611,0.48231,1.491004
72057594037999830,1,1.382517,95833.52,-0.06992976,0.1015095,1.593727,-0.009394784,0.6518822,1.458456,-0.1127826,0.455051,1.501865,-0.1677754,0.2932742,1.619765,-0.2152989,0.1252494,1.552858,-0.2131678,0.08902934,1.547419,0.1094726,0.4474189,1.468421,0.1156546,0.2550213,1.54889,0.09063528,0.09130013,1.495248,0.08040466,0.04666924,1.468758,-0.1213884,0.1136353,1.570516,-0.2047726,-0.0539318,1.593053,-0.2952058,-0.244386,1.73631,-0.01622104,0.09831369,1.561638,-0.005291724,-0.04665059,1.421598,-0.08364549,-0.2442364,1.520254,-0.003958859,0.4825015,1.488914
72057594037999830,1,1.382517,95833.52,-0.06992976,0.1015095,1.593727,-0.009394784,0.6518822,1.458456,-0.1127826,0.455051,1.501865,-0.1677754,0.2932742,1.619765,-0.2152989,0.1252494,1.552858,-0.2131678,0.08902934,1.547419,0.1094726,0.4474189,1.468421,0.1156546,0.2550213,1.54889,0.09063528,0.09130013,1.495248,0.08040466,0.04666924,1.468758,-0.1213884,0.1136353,1.570516,-0.2047726,-0.0539318,1.593053,-0.2952058,-0.244386,1.73631,-0.01622104,0.09831369,1.561638,-0.005291724,-0.04665059,1.421598,-0.08364549,-0.2442364,1.520254,-0.003958859,0.4825015,1.488914
72057594037999830,1,1.382517,95833.52,-0.06992976,0.1015095,1.593727,-0.009394784,0.6518822,1.458456,-0.1127826,0.455051,1.501865,-0.1677754,0.2932742,1.619765,-0.2152989,0.1252494,1.552858,-0.2131678,0.08902934,1.547419,0.1094726,0.4474189,1.468421,0.1156546,0.2550213,1.54889,0.09063528,0.09130013,1.495248,0.08040466,0.04666924,1.468758,-0.1213884,0.1136353,1.570516,-0.2047726,-0.0539318,1.593053,-0.2952058,-0.244386,1.73631,-0.01622104,0.09831369,1.561638,-0.005291724,-0.04665059,1.421598,-0.08364549,-0.2442364,1.520254,-0.003958859,0.4825015,1.488914
72057594037999830,1,1.382517,95833.52,-0.06992976,0.1015095,1.593727,-0.009394784,0.6518822,1.458456,-0.1127826,0.455051,1.501865,-0.1677754,0.2932742,1.619765,-0.2152989,0.1252494,1.552858,-0.2131678,0.08902934,1.547419,0.1094726,0.4474189,1.468421,0.1156546,0.2550213,1.54889,0.09063528,0.09130013,1.495248,0.08040466,0.04666924,1.468758,-0.1213884,0.1136353,1.570516,-0.2047726,-0.0539318,1.593053,-0.2952058,-0.244386,1.73631,-0.01622104,0.09831369,1.561638,-0.005291724,-0.04665059,1.421598,-0.08364549,-0.2442364,1.520254,-0.003958859,0.4825015,1.488914
72057594037999830,1,1.382517,95833.53,-0.06992976,0.1015095,1.593727,-0.009394784,0.6518822,1.458456,-0.1127826,0.455051,1.501865,-0.1677754,0.2932742,1.619765,-0.2152989,0.1252494,1.552858,-0.2131678,0.08902934,1.547419,0.1094726,0.4474189,1.468421,0.1156546,0.2550213,1.54889,0.09063528,0.09130013,1.495248,0.08040466,0.04666924,1.468758,-0.1213884,0.1136353,1.570516,-0.2047726,-0.0539318,1.593053,-0.2952058,-0.244386,1.73631,-0.01622104,0.09831369,1.561638,-0.005291724,-0.04665059,1.421598,-0.08364549,-0.2442364,1.520254,-0.003958859,0.4825015,1.488914
72057594037999830,1,1.382517,95833.53,-0.06992976,0.1015095,1.593727,-0.009394784,0.6518822,1.458456,-0.1127826,0.455051,1.501865,-0.1677754,0.2932742,1.619765,-0.2152989,0.1252494,1.552858,-0.2131678,0.08902934,1.547419,0.1094726,0.4474189,1.468421,0.1156546,0.2550213,1.54889,0.09063528,0.09130013,1.495248,0.08040466,0.04666924,1.468758,-0.1213884,0.1136353,1.570516,-0.2047726,-0.0539318,1.593053,-0.2952058,-0.244386,1.73631,-0.01622104,0.09831369,1.561638,-0.005291724,-0.04665059,1.421598,-0.08364549,-0.2442364,1.520254,-0.003958859,0.4825015,1.488914
72057594037999830,1,1.382517,95833.53,-0.06992976,0.1015095,1.593727,-0.009394784,0.6518822,1.458456,-0.1127826,0.455051,1.501865,-0.1677754,0.2932742,1.619765,-0.2152989,0.1252494,1.552858,-0.2131678,0.08902934,1.547419,0.1094726,0.4474189,1.468421,0.1156546,0.2550213,1.54889,0.09063528,0.09130013,1.495248,0.08040466,0.04666924,1.468758,-0.1213884,0.1136353,1.570516,-0.2047726,-0.0539318,1.593053,-0.2952058,-0.244386,1.73631,-0.01622104,0.09831369,1.561638,-0.005291724,-0.04665059,1.421598,-0.08364549,-0.2442364,1.520254,-0.003958859,0.4825015,1.488914
72057594037999830,1,1.382517,95833.54,-0.06992976,0.1015095,1.593727,-0.009394784,0.6518822,1.458456,-0.1127826,0.455051,1.501865,-0.1677754,0.2932742,1.619765,-0.2152989,0.1252494,1.552858,-0.2131678,0.08902934,1.547419,0.1094726,0.4474189,1.468421,0.1156546,0.2550213,1.54889,0.09063528,0.09130013,1.495248,0.08040466,0.04666924,1.468758,-0.1213884,0.1136353,1.570516,-0.2047726,-0.0539318,1.593053,-0.2952058,-0.244386,1.73631,-0.01622104,0.09831369,1.561638,-0.005291724,-0.04665059,1.421598,-0.08364549,-0.2442364,1.520254,-0.003958859,0.4825015,1.488914
72057594037999830,1,1.382517,95833.54,-0.06992976,0.1015095,1.593727,-0.009394784,0.6518822,1.458456,-0.1127826,0.455051,1.501865,-0.1677754,0.2932742,1.619765,-0.2152989,0.1252494,1.552858,-0.2131678,0.08902934,1.547419,0.1094726,0.4474189,1.468421,0.1156546,0.2550213,1.54889,0.09063528,0.09130013,1.495248,0.08040466,0.04666924,1.468758,-0.1213884,0.1136353,1.570516,-0.2047726,-0.0539318,1.593053,-0.2952058,-0.244386,1.73631,-0.01622104,0.09831369,1.561638,-0.005291724,-0.04665059,1.421598,-0.08364549,-0.2442364,1.520254,-0.003958859,0.4825015,1.488914
72057594037999830,1,1.382517,95833.54,-0.06992976,0.1015095,1.593727,-0.009394784,0.6518822,1.458456,-0.1127826,0.455051,1.501865,-0.1677754,0.2932742,1.619765,-0.2152989,0.1252494,1.552858,-0.2131678,0.08902934,1.547419,0.1094726,0.4474189,1.468421,0.1156546,0.2550213,1.54889,0.09063528,0.09130013,1.495248,0.08040466,0.04666924,1.468758,-0.1213884,0.1136353,1.570516,-0.2047726,-0.0539318,1.593053,-0.2952058,-0.244386,1.73631,-0.01622104,0.09831369,1.561638,-0.005291724,-0.04665059,1.421598,-0.08364549,-0.2442364,1.520254,-0.003958859,0.4825015,1.488914
72057594037999830,1,1.382517,95833.55,-0.06992976,0.1015095,1.593727,-0.009394784,0.6518822,1.458456,-0.1127826,0.455051,1.501865,-0.1677754,0.2932742,1.619765,-0.2152989,0.1252494,1.552858,-0.2131678,0.08902934,1.547419,0.1094726,0.4474189,1.468421,0.1156546,0.2550213,1.54889,0.09063528,0.09130013,1.495248,0.08040466,0.04666924,1.468758,-0.1213884,0.1136353,1.570516,-0.2047726,-0.0539318,1.593053,-0.2952058,-0.244386,1.73631,-0.01622104,0.09831369,1.561638,-0.005291724,-0.04665059,1.421598,-0.08364549,-0.2442364,1.520254,-0.003958859,0.4825015,1.488914
72057594037999830,1,1.382517,95833.55,-0.06992976,0.1015095,1.593727,-0.009394784,0.6518822,1.458456,-0.1127826,0.455051,1.501865,-0.1677754,0.2932742,1.619765,-0.2152989,0.1252494,1.552858,-0.2131678,0.08902934,1.547419,0.1094726,0.4474189,1.468421,0.1156546,0.2550213,1.54889,0.09063528,0.09130013,1.495248,0.08040466,0.04666924,1.468758,-0.1213884,0.1136353,1.570516,-0.2047726,-0.0539318,1.593053,-0.2952058,-0.244386,1.73631,-0.01622104,0.09831369,1.561638,-0.005291724,-0.04665059,1.421598,-0.08364549,-0.2442364,1.520254,-0.003958859,0.4825015,1.488914
72057594037999830,1,1.392745,95833.55,-0.03774227,0.1277342,1.563076,-0.02433769,0.6755825,1.451339,-0.1114717,0.4693972,1.495003,-0.1488574,0.302134,1.596484,-0.1598523,0.1197925,1.50272,-0.1662652,0.07681441,1.498306,0.1120249,0.4884946,1.446644,0.1483561,0.2912967,1.521862,0.1099344,0.1308158,1.464968,0.09898432,0.0886614,1.438869,-0.09102674,0.1341271,1.543552,-0.1721336,-0.02538705,1.544499,-0.2832141,-0.2255501,1.689958,0.01501228,0.1285188,1.528842,0.01442795,-0.03714752,1.422063,-0.08236748,-0.2435132,1.518867,-0.003301755,0.5074605,1.477453
72057594037999830,1,1.392745,95833.55,-0.03774227,0.1277342,1.563076,-0.02433769,0.6755825,1.451339,-0.1114717,0.4693972,1.495003,-0.1488574,0.302134,1.596484,-0.1598523,0.1197925,1.50272,-0.1662652,0.07681441,1.498306,0.1120249,0.4884946,1.446644,0.1483561,0.2912967,1.521862,0.1099344,0.1308158,1.464968,0.09898432,0.0886614,1.438869,-0.09102674,0.1341271,1.543552,-0.1721336,-0.02538705,1.544499,-0.2832141,-0.2255501,1.689958,0.01501228,0.1285188,1.528842,0.01442795,-0.03714752,1.422063,-0.08236748,-0.2435132,1.518867,-0.003301755,0.5074605,1.477453
72057594037999830,1,1.392745,95833.55,-0.03774227,0.1277342,1.563076,-0.02433769,0.6755825,1.451339,-0.1114717,0.4693972,1.495003,-0.1488574,0.302134,1.596484,-0.1598523,0.1197925,1.50272,-0.1662652,0.07681441,1.498306,0.1120249,0.4884946,1.446644,0.1483561,0.2912967,1.521862,0.1099344,0.1308158,1.464968,0.09898432,0.0886614,1.438869,-0.09102674,0.1341271,1.543552,-0.1721336,-0.02538705,1.544499,-0.2832141,-0.2255501,1.689958,0.01501228,0.1285188,1.528842,0.01442795,-0.03714752,1.422063,-0.08236748,-0.2435132,1.518867,-0.003301755,0.5074605,1.477453
72057594037999830,1,1.392745,95833.55,-0.03774227,0.1277342,1.563076,-0.02433769,0.6755825,1.451339,-0.1114717,0.4693972,1.495003,-0.1488574,0.302134,1.596484,-0.1598523,0.1197925,1.50272,-0.1662652,0.07681441,1.498306,0.1120249,0.4884946,1.446644,0.1483561,0.2912967,1.521862,0.1099344,0.1308158,1.464968,0.09898432,0.0886614,1.438869,-0.09102674,0.1341271,1.543552,-0.1721336,-0.02538705,1.544499,-0.2832141,-0.2255501,1.689958,0.01501228,0.1285188,1.528842,0.01442795,-0.03714752,1.422063,-0.08236748,-0.2435132,1.518867,-0.003301755,0.5074605,1.477453
72057594037999830,1,1.392745,95833.56,-0.03774227,0.1277342,1.563076,-0.02433769,0.6755825,1.451339,-0.1114717,0.4693972,1.495003,-0.1488574,0.302134,1.596484,-0.1598523,0.1197925,1.50272,-0.1662652,0.07681441,1.498306,0.1120249,0.4884946,1.446644,0.1483561,0.2912967,1.521862,0.1099344,0.1308158,1.464968,0.09898432,0.0886614,1.438869,-0.09102674,0.1341271,1.543552,-0.1721336,-0.02538705,1.544499,-0.2832141,-0.2255501,1.689958,0.01501228,0.1285188,1.528842,0.01442795,-0.03714752,1.422063,-0.08236748,-0.2435132,1.518867,-0.003301755,0.5074605,1.477453
72057594037999830,1,1.392745,95833.56,-0.03774227,0.1277342,1.563076,-0.02433769,0.6755825,1.451339,-0.1114717,0.4693972,1.495003,-0.1488574,0.302134,1.596484,-0.1598523,0.1197925,1.50272,-0.1662652,0.07681441,1.498306,0.1120249,0.4884946,1.446644,0.1483561,0.2912967,1.521862,0.1099344,0.1308158,1.464968,0.09898432,0.0886614,1.438869,-0.09102674,0.1341271,1.543552,-0.1721336,-0.02538705,1.544499,-0.2832141,-0.2255501,1.689958,0.01501228,0.1285188,1.528842,0.01442795,-0.03714752,1.422063,-0.08236748,-0.2435132,1.518867,-0.003301755,0.5074605,1.477453
72057594037999830,1,1.392745,95833.57,-0.03774227,0.1277342,1.563076,-0.02433769,0.6755825,1.451339,-0.1114717,0.4693972,1.495003,-0.1488574,0.302134,1.596484,-0.1598523,0.1197925,1.50272,-0.1662652,0.07681441,1.498306,0.1120249,0.4884946,1.446644,0.1483561,0.2912967,1.521862,0.1099344,0.1308158,1.464968,0.09898432,0.0886614,1.438869,-0.09102674,0.1341271,1.543552,-0.1721336,-0.02538705,1.544499,-0.2832141,-0.2255501,1.689958,0.01501228,0.1285188,1.528842,0.01442795,-0.03714752,1.422063,-0.08236748,-0.2435132,1.518867,-0.003301755,0.5074605,1.477453
72057594037999830,1,1.392745,95833.57,-0.03774227,0.1277342,1.563076,-0.02433769,0.6755825,1.451339,-0.1114717,0.4693972,1.495003,-0.1488574,0.302134,1.596484,-0.1598523,0.1197925,1.50272,-0.1662652,0.07681441,1.498306,0.1120249,0.4884946,1.446644,0.1483561,0.2912967,1.521862,0.1099344,0.1308158,1.464968,0.09898432,0.0886614,1.438869,-0.09102674,0.1341271,1.543552,-0.1721336,-0.02538705,1.544499,-0.2832141,-0.2255501,1.689958,0.01501228,0.1285188,1.528842,0.01442795,-0.03714752,1.422063,-0.08236748,-0.2435132,1.518867,-0.003301755,0.5074605,1.477453
72057594037999830,1,1.392745,95833.57,-0.03774227,0.1277342,1.563076,-0.02433769,0.6755825,1.451339,-0.1114717,0.4693972,1.495003,-0.1488574,0.302134,1.596484,-0.1598523,0.1197925,1.50272,-0.1662652,0.07681441,1.498306,0.1120249,0.4884946,1.446644,0.1483561,0.2912967,1.521862,0.1099344,0.1308158,1.464968,0.09898432,0.0886614,1.438869,-0.09102674,0.1341271,1.543552,-0.1721336,-0.02538705,1.544499,-0.2832141,-0.2255501,1.689958,0.01501228,0.1285188,1.528842,0.01442795,-0.03714752,1.422063,-0.08236748,-0.2435132,1.518867,-0.003301755,0.5074605,1.477453
72057594037999830,1,1.392745,95833.58,-0.03774227,0.1277342,1.563076,-0.02433769,0.6755825,1.451339,-0.1114717,0.4693972,1.495003,-0.1488574,0.302134,1.596484,-0.1598523,0.1197925,1.50272,-0.1662652,0.07681441,1.498306,0.1120249,0.4884946,1.446644,0.1483561,0.2912967,1.521862,0.1099344,0.1308158,1.464968,0.09898432,0.0886614,1.438869,-0.09102674,0.1341271,1.543552,-0.1721336,-0.02538705,1.544499,-0.2832141,-0.2255501,1.689958,0.01501228,0.1285188,1.528842,0.01442795,-0.03714752,1.422063,-0.08236748,-0.2435132,1.518867,-0.003301755,0.5074605,1.477453
72057594037999830,1,1.392745,95833.58,-0.03774227,0.1277342,1.563076,-0.02433769,0.6755825,1.451339,-0.1114717,0.4693972,1.495003,-0.1488574,0.302134,1.596484,-0.1598523,0.1197925,1.50272,-0.1662652,0.07681441,1.498306,0.1120249,0.4884946,1.446644,0.1483561,0.2912967,1.521862,0.1099344,0.1308158,1.464968,0.09898432,0.0886614,1.438869,-0.09102674,0.1341271,1.543552,-0.1721336,-0.02538705,1.544499,-0.2832141,-0.2255501,1.689958,0.01501228,0.1285188,1.528842,0.01442795,-0.03714752,1.422063,-0.08236748,-0.2435132,1.518867,-0.003301755,0.5074605,1.477453
72057594037999830,1,1.396171,95833.59,0.001869546,0.1582744,1.53999,-0.03878317,0.7090656,1.444428,-0.1046631,0.4936469,1.488335,-0.1286113,0.3236084,1.582916,-0.1567316,0.1760311,1.491201,-0.1512528,0.160016,1.489641,0.1145265,0.5289099,1.435907,0.1527615,0.3354673,1.467174,0.1321956,0.1518221,1.423847,0.1281009,0.1017942,1.419237,-0.05023556,0.1611179,1.524002,-0.1366548,-0.00812459,1.511403,-0.2674977,-0.2117485,1.63632,0.05394385,0.1629348,1.500472,0.0454155,-0.01677954,1.437651,-0.07031969,-0.2354224,1.514262,0.0002409809,0.5464538,1.46724
72057594037999830,1,1.396171,95833.59,0.001869546,0.1582744,1.53999,-0.03878317,0.7090656,1.444428,-0.1046631,0.4936469,1.488335,-0.1286113,0.3236084,1.582916,-0.1567316,0.1760311,1.491201,-0.1512528,0.160016,1.489641,0.1145265,0.5289099,1.435907,0.1527615,0.3354673,1.467174,0.1321956,0.1518221,1.423847,0.1281009,0.1017942,1.419237,-0.05023556,0.1611179,1.524002,-0.1366548,-0.00812459,1.511403,-0.2674977,-0.2117485,1.63632,0.05394385,0.1629348,1.500472,0.0454155,-0.01677954,1.437651,-0.07031969,-0.2354224,1.514262,0.0002409809,0.5464538,1.46724
72057594037999830,1,1.396171,95833.59,0.001869546,0.1582744,1.53999,-0.03878317,0.7090656,1.444428,-0.1046631,0.4936469,1.488335,-0.1286113,0.3236084,1.582916,-0.1567316,0.1760311,1.491201,-0.1512528,0.160016,1.489641,0.1145265,0.5289099,1.435907,0.1527615,0.3354673,1.467174,0.1321956,0.1518221,1.423847,0.1281009,0.1017942,1.419237,-0.05023556,0.1611179,1.524002,-0.1366548,-0.00812459,1.511403,-0.2674977,-0.2117485,1.63632,0.05394385,0.1629348,1.500472,0.0454155,-0.01677954,1.437651,-0.07031969,-0.2354224,1.514262,0.0002409809,0.5464538,1.46724
72057594037999830,1,1.396171,95833.59,0.001869546,0.1582744,1.53999,-0.03878317,0.7090656,1.444428,-0.1046631,0.4936469,1.488335,-0.1286113,0.3236084,1.582916,-0.1567316,0.1760311,1.491201,-0.1512528,0.160016,1.489641,0.1145265,0.5289099,1.435907,0.1527615,0.3354673,1.467174,0.1321956,0.1518221,1.423847,0.1281009,0.1017942,1.419237,-0.05023556,0.1611179,1.524002,-0.1366548,-0.00812459,1.511403,-0.2674977,-0.2117485,1.63632,0.05394385,0.1629348,1.500472,0.0454155,-0.01677954,1.437651,-0.07031969,-0.2354224,1.514262,0.0002409809,0.5464538,1.46724
72057594037999830,1,1.396171,95833.59,0.001869546,0.1582744,1.53999,-0.03878317,0.7090656,1.444428,-0.1046631,0.4936469,1.488335,-0.1286113,0.3236084,1.582916,-0.1567316,0.1760311,1.491201,-0.1512528,0.160016,1.489641,0.1145265,0.5289099,1.435907,0.1527615,0.3354673,1.467174,0.1321956,0.1518221,1.423847,0.1281009,0.1017942,1.419237,-0.05023556,0.1611179,1.524002,-0.1366548,-0.00812459,1.511403,-0.2674977,-0.2117485,1.63632,0.05394385,0.1629348,1.500472,0.0454155,-0.01677954,1.437651,-0.07031969,-0.2354224,1.514262,0.0002409809,0.5464538,1.46724
72057594037999830,1,1.396171,95833.59,0.001869546,0.1582744,1.53999,-0.03878317,0.7090656,1.444428,-0.1046631,0.4936469,1.488335,-0.1286113,0.3236084,1.582916,-0.1567316,0.1760311,1.491201,-0.1512528,0.160016,1.489641,0.1145265,0.5289099,1.435907,0.1527615,0.3354673,1.467174,0.1321956,0.1518221,1.423847,0.1281009,0.1017942,1.419237,-0.05023556,0.1611179,1.524002,-0.1366548,-0.00812459,1.511403,-0.2674977,-0.2117485,1.63632,0.05394385,0.1629348,1.500472,0.0454155,-0.01677954,1.437651,-0.07031969,-0.2354224,1.514262,0.0002409809,0.5464538,1.46724
72057594037999830,1,1.396171,95833.6,0.001869546,0.1582744,1.53999,-0.03878317,0.7090656,1.444428,-0.1046631,0.4936469,1.488335,-0.1286113,0.3236084,1.582916,-0.1567316,0.1760311,1.491201,-0.1512528,0.160016,1.489641,0.1145265,0.5289099,1.435907,0.1527615,0.3354673,1.467174,0.1321956,0.1518221,1.423847,0.1281009,0.1017942,1.419237,-0.05023556,0.1611179,1.524002,-0.1366548,-0.00812459,1.511403,-0.2674977,-0.2117485,1.63632,0.05394385,0.1629348,1.500472,0.0454155,-0.01677954,1.437651,-0.07031969,-0.2354224,1.514262,0.0002409809,0.5464538,1.46724
72057594037999830,1,1.396171,95833.6,0.001869546,0.1582744,1.53999,-0.03878317,0.7090656,1.444428,-0.1046631,0.4936469,1.488335,-0.1286113,0.3236084,1.582916,-0.1567316,0.1760311,1.491201,-0.1512528,0.160016,1.489641,0.1145265,0.5289099,1.435907,0.1527615,0.3354673,1.467174,0.1321956,0.1518221,1.423847,0.1281009,0.1017942,1.419237,-0.05023556,0.1611179,1.524002,-0.1366548,-0.00812459,1.511403,-0.2674977,-0.2117485,1.63632,0.05394385,0.1629348,1.500472,0.0454155,-0.01677954,1.437651,-0.07031969,-0.2354224,1.514262,0.0002409809,0.5464538,1.46724
72057594037999830,1,1.396171,95833.61,0.001869546,0.1582744,1.53999,-0.03878317,0.7090656,1.444428,-0.1046631,0.4936469,1.488335,-0.1286113,0.3236084,1.582916,-0.1567316,0.1760311,1.491201,-0.1512528,0.160016,1.489641,0.1145265,0.5289099,1.435907,0.1527615,0.3354673,1.467174,0.1321956,0.1518221,1.423847,0.1281009,0.1017942,1.419237,-0.05023556,0.1611179,1.524002,-0.1366548,-0.00812459,1.511403,-0.2674977,-0.2117485,1.63632,0.05394385,0.1629348,1.500472,0.0454155,-0.01677954,1.437651,-0.07031969,-0.2354224,1.514262,0.0002409809,0.5464538,1.46724
72057594037999830,1,1.396171,95833.61,0.001869546,0.1582744,1.53999,-0.03878317,0.7090656,1.444428,-0.1046631,0.4936469,1.488335,-0.1286113,0.3236084,1.582916,-0.1567316,0.1760311,1.491201,-0.1512528,0.160016,1.489641,0.1145265,0.5289099,1.435907,0.1527615,0.3354673,1.467174,0.1321956,0.1518221,1.423847,0.1281009,0.1017942,1.419237,-0.05023556,0.1611179,1.524002,-0.1366548,-0.00812459,1.511403,-0.2674977,-0.2117485,1.63632,0.05394385,0.1629348,1.500472,0.0454155,-0.01677954,1.437651,-0.07031969,-0.2354224,1.514262,0.0002409809,0.5464538,1.46724
72057594037999830,1,1.396171,95833.61,0.001869546,0.1582744,1.53999,-0.03878317,0.7090656,1.444428,-0.1046631,0.4936469,1.488335,-0.1286113,0.3236084,1.582916,-0.1567316,0.1760311,1.491201,-0.1512528,0.160016,1.489641,0.1145265,0.5289099,1.435907,0.1527615,0.3354673,1.467174,0.1321956,0.1518221,1.423847,0.1281009,0.1017942,1.419237,-0.05023556,0.1611179,1.524002,-0.1366548,-0.00812459,1.511403,-0.2674977,-0.2117485,1.63632,0.05394385,0.1629348,1.500472,0.0454155,-0.01677954,1.437651,-0.07031969,-0.2354224,1.514262,0.0002409809,0.5464538,1.46724
72057594037999830,1,1.391569,95833.62,0.03004389,0.1905742,1.527133,-0.04392723,0.7326207,1.439274,-0.09729614,0.5190851,1.484246,-0.09923001,0.3585062,1.572208,-0.1195013,0.2123057,1.475574,-0.1110415,0.1961409,1.460151,0.1197435,0.5611515,1.426947,0.1734989,0.3783713,1.447366,0.1538403,0.1815862,1.404604,0.1559352,0.1265146,1.402399,-0.02449073,0.1906123,1.513878,-0.1133448,0.01022863,1.485633,-0.239685,-0.2019541,1.601852,0.08371153,0.1971574,1.484528,0.0621407,0.01531929,1.442895,-0.05529451,-0.2261476,1.50659,0.002985647,0.5718502,1.458742
72057594037999830,1,1.391569,95833.62,0.03004389,0.1905742,1.527133,-0.04392723,0.7326207,1.439274,-0.09729614,0.5190851,1.484246,-0.09923001,0.3585062,1.572208,-0.1195013,0.2123057,1.475574,-0.1110415,0.1961409,1.460151,0.1197435,0.5611515,1.426947,0.1734989,0.3783713,1.447366,0.1538403,0.1815862,1.404604,0.1559352,0.1265146,1.402399,-0.02449073,0.1906123,1.513878,-0.1133448,0.01022863,1.485633,-0.239685,-0.2019541,1.601852,0.08371153,0.1971574,1.484528,0.0621407,0.01531929,1.442895,-0.05529451,-0.2261476,1.50659,0.002985647,0.5718502,1.458742
72057594037999830,1,1.391569,95833.62,0.03004389,0.1905742,1.527133,-0.04392723,0.7326207,1.439274,-0.09729614,0.5190851,1.484246,-0.09923001,0.3585062,1.572208,-0.1195013,0.2123057,1.475574,-0.1110415,0.1961409,1.460151,0.1197435,0.5611515,1.426947,0.1734989,0.3783713,1.447366,0.1538403,0.1815862,1.404604,0.1559352,0.1265146,1.402399,-0.02449073,0.1906123,1.513878,-0.1133448,0.01022863,1.485633,-0.239685,-0.2019541,1.601852,0.08371153,0.1971574,1.484528,0.0621407,0.01531929,1.442895,-0.05529451,-0.2261476,1.50659,0.002985647,0.5718502,1.458742
72057594037999830,1,1.391569,95833.63,0.03004389,0.1905742,1.527133,-0.04392723,0.7326207,1.439274,-0.09729614,0.5190851,1.484246,-0.09923001,0.3585062,1.572208,-0.1195013,0.2123057,1.475574,-0.1110415,0.1961409,1.460151,0.1197435,0.5611515,1.426947,0.1734989,0.3783713,1.447366,0.1538403,0.1815862,1.404604,0.1559352,0.1265146,1.402399,-0.02449073,0.1906123,1.513878,-0.1133448,0.01022863,1.485633,-0.239685,-0.2019541,1.601852,0.08371153,0.1971574,1.484528,0.0621407,0.01531929,1.442895,-0.05529451,-0.2261476,1.50659,0.002985647,0.5718502,1.458742
72057594037999830,1,1.391569,95833.63,0.03004389,0.1905742,1.527133,-0.04392723,0.7326207,1.439274,-0.09729614,0.5190851,1.484246,-0.09923001,0.3585062,1.572208,-0.1195013,0.2123057,1.475574,-0.1110415,0.1961409,1.460151,0.1197435,0.5611515,1.426947,0.1734989,0.3783713,1.447366,0.1538403,0.1815862,1.404604,0.1559352,0.1265146,1.402399,-0.02449073,0.1906123,1.513878,-0.1133448,0.01022863,1.485633,-0.239685,-0.2019541,1.601852,0.08371153,0.1971574,1.484528,0.0621407,0.01531929,1.442895,-0.05529451,-0.2261476,1.50659,0.002985647,0.5718502,1.458742
72057594037999830,1,1.391569,95833.63,0.03004389,0.1905742,1.527133,-0.04392723,0.7326207,1.439274,-0.09729614,0.5190851,1.484246,-0.09923001,0.3585062,1.572208,-0.1195013,0.2123057,1.475574,-0.1110415,0.1961409,1.460151,0.1197435,0.5611515,1.426947,0.1734989,0.3783713,1.447366,0.1538403,0.1815862,1.404604,0.1559352,0.1265146,1.402399,-0.02449073,0.1906123,1.513878,-0.1133448,0.01022863,1.485633,-0.239685,-0.2019541,1.601852,0.08371153,0.1971574,1.484528,0.0621407,0.01531929,1.442895,-0.05529451,-0.2261476,1.50659,0.002985647,0.5718502,1.458742
72057594037999830,1,1.391569,95833.63,0.03004389,0.1905742,1.527133,-0.04392723,0.7326207,1.439274,-0.09729614,0.5190851,1.484246,-0.09923001,0.3585062,1.572208,-0.1195013,0.2123057,1.475574,-0.1110415,0.1961409,1.460151,0.1197435,0.5611515,1.426947,0.1734989,0.3783713,1.447366,0.1538403,0.1815862,1.404604,0.1559352,0.1265146,1.402399,-0.02449073,0.1906123,1.513878,-0.1133448,0.01022863,1.485633,-0.239685,-0.2019541,1.601852,0.08371153,0.1971574,1.484528,0.0621407,0.01531929,1.442895,-0.05529451,-0.2261476,1.50659,0.002985647,0.5718502,1.458742
72057594037999830,1,1.391569,95833.63,0.03004389,0.1905742,1.527133,-0.04392723,0.7326207,1.439274,-0.09729614,0.5190851,1.484246,-0.09923001,0.3585062,1.572208,-0.1195013,0.2123057,1.475574,-0.1110415,0.1961409,1.460151,0.1197435,0.5611515,1.426947,0.1734989,0.3783713,1.447366,0.1538403,0.1815862,1.404604,0.1559352,0.1265146,1.402399,-0.02449073,0.1906123,1.513878,-0.1133448,0.01022863,1.485633,-0.239685,-0.2019541,1.601852,0.08371153,0.1971574,1.484528,0.0621407,0.01531929,1.442895,-0.05529451,-0.2261476,1.50659,0.002985647,0.5718502,1.458742
72057594037999830,1,1.391569,95833.64,0.03004389,0.1905742,1.527133,-0.04392723,0.7326207,1.439274,-0.09729614,0.5190851,1.484246,-0.09923001,0.3585062,1.572208,-0.1195013,0.2123057,1.475574,-0.1110415,0.1961409,1.460151,0.1197435,0.5611515,1.426947,0.1734989,0.3783713,1.447366,0.1538403,0.1815862,1.404604,0.1559352,0.1265146,1.402399,-0.02449073,0.1906123,1.513878,-0.1133448,0.01022863,1.485633,-0.239685,-0.2019541,1.601852,0.08371153,0.1971574,1.484528,0.0621407,0.01531929,1.442895,-0.05529451,-0.2261476,1.50659,0.002985647,0.5718502,1.458742
72057594037999830,1,1.391569,95833.64,0.03004389,0.1905742,1.527133,-0.04392723,0.7326207,1.439274,-0.09729614,0.5190851,1.484246,-0.09923001,0.3585062,1.572208,-0.1195013,0.2123057,1.475574,-0.1110415,0.1961409,1.460151,0.1197435,0.5611515,1.426947,0.1734989,0.3783713,1.447366,0.1538403,0.1815862,1.404604,0.1559352,0.1265146,1.402399,-0.02449073,0.1906123,1.513878,-0.1133448,0.01022863,1.485633,-0.239685,-0.2019541,1.601852,0.08371153,0.1971574,1.484528,0.0621407,0.01531929,1.442895,-0.05529451,-0.2261476,1.50659,0.002985647,0.5718502,1.458742
72057594037999830,1,1.391569,95833.65,0.03004389,0.1905742,1.527133,-0.04392723,0.7326207,1.439274,-0.09729614,0.5190851,1.484246,-0.09923001,0.3585062,1.572208,-0.1195013,0.2123057,1.475574,-0.1110415,0.1961409,1.460151,0.1197435,0.5611515,1.426947,0.1734989,0.3783713,1.447366,0.1538403,0.1815862,1.404604,0.1559352,0.1265146,1.402399,-0.02449073,0.1906123,1.513878,-0.1133448,0.01022863,1.485633,-0.239685,-0.2019541,1.601852,0.08371153,0.1971574,1.484528,0.0621407,0.01531929,1.442895,-0.05529451,-0.2261476,1.50659,0.002985647,0.5718502,1.458742
72057594037999830,1,1.392865,95833.65,0.04758042,0.2081186,1.516609,-0.04592754,0.7483783,1.432459,-0.08727931,0.5326722,1.4781,-0.07523347,0.3899655,1.562371,-0.09605727,0.2496195,1.456666,-0.07927592,0.2242768,1.43422,0.1274146,0.585721,1.416728,0.1831919,0.3986396,1.440411,0.1698241,0.2068524,1.400559,0.1697939,0.1522855,1.398575,-0.007075932,0.207642,1.505159,-0.04291404,0.0264433,1.447154,-0.1419796,-0.2067662,1.546715,0.1006123,0.2145036,1.472305,0.08198895,0.02799582,1.44955,-0.01123372,-0.2124334,1.509593,0.008266831,0.5917949,1.449738
72057594037999830,1,1.392865,95833.65,0.04758042,0.2081186,1.516609,-0.04592754,0.7483783,1.432459,-0.08727931,0.5326722,1.4781,-0.07523347,0.3899655,1.562371,-0.09605727,0.2496195,1.456666,-0.07927592,0.2242768,1.43422,0.1274146,0.585721,1.416728,0.1831919,0.3986396,1.440411,0.1698241,0.2068524,1.400559,0.1697939,0.1522855,1.398575,-0.007075932,0.207642,1.505159,-0.04291404,0.0264433,1.447154,-0.1419796,-0.2067662,1.546715,0.1006123,0.2145036,1.472305,0.08198895,0.02799582,1.44955,-0.01123372,-0.2124334,1.509593,0.008266831,0.5917949,1.449738
72057594037999830,1,1.392865,95833.66,0.04758042,0.2081186,1.516609,-0.04592754,0.7483783,1.432459,-0.08727931,0.5326722,1.4781,-0.07523347,0.3899655,1.562371,-0.09605727,0.2496195,1.456666,-0.07927592,0.2242768,1.43422,0.1274146,0.585721,1.416728,0.1831919,0.3986396,1.440411,0.1698241,0.2068524,1.400559,0.1697939,0.1522855,1.398575,-0.007075932,0.207642,1.505159,-0.04291404,0.0264433,1.447154,-0.1419796,-0.2067662,1.546715,0.1006123,0.2145036,1.472305,0.08198895,0.02799582,1.44955,-0.01123372,-0.2124334,1.509593,0.008266831,0.5917949,1.449738
72057594037999830,1,1.392865,95833.66,0.04758042,0.2081186,1.516609,-0.04592754,0.7483783,1.432459,-0.08727931,0.5326722,1.4781,-0.07523347,0.3899655,1.562371,-0.09605727,0.2496195,1.456666,-0.07927592,0.2242768,1.43422,0.1274146,0.585721,1.416728,0.1831919,0.3986396,1.440411,0.1698241,0.2068524,1.400559,0.1697939,0.1522855,1.398575,-0.007075932,0.207642,1.505159,-0.04291404,0.0264433,1.447154,-0.1419796,-0.2067662,1.546715,0.1006123,0.2145036,1.472305,0.08198895,0.02799582,1.44955,-0.01123372,-0.2124334,1.509593,0.008266831,0.5917949,1.449738
72057594037999830,1,1.392865,95833.66,0.04758042,0.2081186,1.516609,-0.04592754,0.7483783,1.432459,-0.08727931,0.5326722,1.4781,-0.07523347,0.3899655,1.562371,-0.09605727,0.2496195,1.456666,-0.07927592,0.2242768,1.43422,0.1274146,0.585721,1.416728,0.1831919,0.3986396,1.440411,0.1698241,0.2068524,1.400559,0.1697939,0.1522855,1.398575,-0.007075932,0.207642,1.505159,-0.04291404,0.0264433,1.447154,-0.1419796,-0.2067662,1.546715,0.1006123,0.2145036,1.472305,0.08198895,0.02799582,1.44955,-0.01123372,-0.2124334,1.509593,0.008266831,0.5917949,1.449738
72057594037999830,1,1.392865,95833.66,0.04758042,0.2081186,1.516609,-0.04592754,0.7483783,1.432459,-0.08727931,0.5326722,1.4781,-0.07523347,0.3899655,1.562371,-0.09605727,0.2496195,1.456666,-0.07927592,0.2242768,1.43422,0.1274146,0.585721,1.416728,0.1831919,0.3986396,1.440411,0.1698241,0.2068524,1.400559,0.1697939,0.1522855,1.398575,-0.007075932,0.207642,1.505159,-0.04291404,0.0264433,1.447154,-0.1419796,-0.2067662,1.546715,0.1006123,0.2145036,1.472305,0.08198895,0.02799582,1.44955,-0.01123372,-0.2124334,1.509593,0.008266831,0.5917949,1.449738
72057594037999830,1,1.392865,95833.66,0.04758042,0.2081186,1.516609,-0.04592754,0.7483783,1.432459,-0.08727931,0.5326722,1.4781,-0.07523347,0.3899655,1.562371,-0.09605727,0.2496195,1.456666,-0.07927592,0.2242768,1.43422,0.1274146,0.585721,1.416728,0.1831919,0.3986396,1.440411,0.1698241,0.2068524,1.400559,0.1697939,0.1522855,1.398575,-0.007075932,0.207642,1.505159,-0.04291404,0.0264433,1.447154,-0.1419796,-0.2067662,1.546715,0.1006123,0.2145036,1.472305,0.08198895,0.02799582,1.44955,-0.01123372,-0.2124334,1.509593,0.008266831,0.5917949,1.449738
72057594037999830,1,1.392865,95833.67,0.04758042,0.2081186,1.516609,-0.04592754,0.7483783,1.432459,-0.08727931,0.5326722,1.4781,-0.07523347,0.3899655,1.562371,-0.09605727,0.2496195,1.456666,-0.07927592,0.2242768,1.43422,0.1274146,0.585721,1.416728,0.1831919,0.3986396,1.440411,0.1698241,0.2068524,1.400559,0.1697939,0.1522855,1.398575,-0.007075932,0.207642,1.505159,-0.04291404,0.0264433,1.447154,-0.1419796,-0.2067662,1.546715,0.1006123,0.2145036,1.472305,0.08198895,0.02799582,1.44955,-0.01123372,-0.2124334,1.509593,0.008266831,0.5917949,1.449738
72057594037999830,1,1.392865,95833.67,0.04758042,0.2081186,1.516609,-0.04592754,0.7483783,1.432459,-0.08727931,0.5326722,1.4781,-0.07523347,0.3899655,1.562371,-0.09605727,0.2496195,1.456666,-0.07927592,0.2242768,1.43422,0.1274146,0.585721,1.416728,0.1831919,0.3986396,1.440411,0.1698241,0.2068524,1.400559,0.1697939,0.1522855,1.398575,-0.007075932,0.207642,1.505159,-0.04291404,0.0264433,1.447154,-0.1419796,-0.2067662,1.546715,0.1006123,0.2145036,1.472305,0.08198895,0.02799582,1.44955,-0.01123372,-0.2124334,1.509593,0.008266831,0.5917949,1.449738
72057594037999830,1,1.392865,95833.67,0.04758042,0.2081186,1.516609,-0.04592754,0.7483783,1.432459,-0.08727931,0.5326722,1.4781,-0.07523347,0.3899655,1.562371,-0.09605727,0.2496195,1.456666,-0.07927592,0.2242768,1.43422,0.1274146,0.585721,1.416728,0.1831919,0.3986396,1.440411,0.1698241,0.2068524,1.400559,0.1697939,0.1522855,1.398575,-0.007075932,0.207642,1.505159,-0.04291404,0.0264433,1.447154,-0.1419796,-0.2067662,1.546715,0.1006123,0.2145036,1.472305,0.08198895,0.02799582,1.44955,-0.01123372,-0.2124334,1.509593,0.008266831,0.5917949,1.449738
72057594037999830,1,1.392865,95833.68,0.04758042,0.2081186,1.516609,-0.04592754,0.7483783,1.432459,-0.08727931,0.5326722,1.4781,-0.07523347,0.3899655,1.562371,-0.09605727,0.2496195,1.456666,-0.07927592,0.2242768,1.43422,0.1274146,0.585721,1.416728,0.1831919,0.3986396,1.440411,0.1698241,0.2068524,1.400559,0.1697939,0.1522855,1.398575,-0.007075932,0.207642,1.505159,-0.04291404,0.0264433,1.447154,-0.1419796,-0.2067662,1.546715,0.1006123,0.2145036,1.472305,0.08198895,0.02799582,1.44955,-0.01123372,-0.2124334,1.509593,0.008266831,0.5917949,1.449738
72057594037999830,1,1.392865,95833.68,0.04758042,0.2081186,1.516609,-0.04592754,0.7483783,1.432459,-0.08727931,0.5326722,1.4781,-0.07523347,0.3899655,1.562371,-0.09605727,0.2496195,1.456666,-0.07927592,0.2242768,1.43422,0.1274146,0.585721,1.416728,0.1831919,0.3986396,1.440411,0.1698241,0.2068524,1.400559,0.1697939,0.1522855,1.398575,-0.007075932,0.207642,1.505159,-0.04291404,0.0264433,1.447154,-0.1419796,-0.2067662,1.546715,0.1006123,0.2145036,1.472305,0.08198895,0.02799582,1.44955,-0.01123372,-0.2124334,1.509593,0.008266831,0.5917949,1.449738
72057594037999830,1,1.395272,95833.68,0.0836852,0.2295884,1.504711,-0.04261009,0.7584845,1.424698,-0.07548909,0.5398585,1.471513,-0.05902954,0.3978213,1.556245,-0.06595613,0.262971,1.44126,-0.04931697,0.2515407,1.42254,0.1372932,0.6004289,1.406283,0.1997498,0.411091,1.430111,0.1873757,0.2198988,1.396145,0.1882561,0.165335,1.392341,0.02795679,0.2269466,1.494542,-0.02219969,0.06031579,1.403121,-0.08604553,-0.174016,1.513668,0.1366017,0.2375432,1.45911,0.1221169,0.04043436,1.444683,0.02683886,-0.2115864,1.505866,0.01733406,0.6051364,1.438784
72057594037999830,1,1.395272,95833.69,0.0836852,0.2295884,1.504711,-0.04261009,0.7584845,1.424698,-0.07548909,0.5398585,1.471513,-0.05902954,0.3978213,1.556245,-0.06595613,0.262971,1.44126,-0.04931697,0.2515407,1.42254,0.1372932,0.6004289,1.406283,0.1997498,0.411091,1.430111,0.1873757,0.2198988,1.396145,0.1882561,0.165335,1.392341,0.02795679,0.2269466,1.494542,-0.02219969,0.06031579,1.403121,-0.08604553,-0.174016,1.513668,0.1366017,0.2375432,1.45911,0.1221169,0.04043436,1.444683,0.02683886,-0.2115864,1.505866,0.01733406,0.6051364,1.438784
72057594037999830,1,1.395272,95833.69,0.0836852,0.2295884,1.504711,-0.04261009,0.7584845,1.424698,-0.07548909,0.5398585,1.471513,-0.05902954,0.3978213,1.556245,-0.06595613,0.262971,1.44126,-0.04931697,0.2515407,1.42254,0.1372932,0.6004289,1.406283,0.1997498,0.411091,1.430111,0.1873757,0.2198988,1.396145,0.1882561,0.165335,1.392341,0.02795679,0.2269466,1.494542,-0.02219969,0.06031579,1.403121,-0.08604553,-0.174016,1.513668,0.1366017,0.2375432,1.45911,0.1221169,0.04043436,1.444683,0.02683886,-0.2115864,1.505866,0.01733406,0.6051364,1.438784
72057594037999830,1,1.395272,95833.7,0.0836852,0.2295884,1.504711,-0.04261009,0.7584845,1.424698,-0.07548909,0.5398585,1.471513,-0.05902954,0.3978213,1.556245,-0.06595613,0.262971,1.44126,-0.04931697,0.2515407,1.42254,0.1372932,0.6004289,1.406283,0.1997498,0.411091,1.430111,0.1873757,0.2198988,1.396145,0.1882561,0.165335,1.392341,0.02795679,0.2269466,1.494542,-0.02219969,0.06031579,1.403121,-0.08604553,-0.174016,1.513668,0.1366017,0.2375432,1.45911,0.1221169,0.04043436,1.444683,0.02683886,-0.2115864,1.505866,0.01733406,0.6051364,1.438784
72057594037999830,1,1.395272,95833.7,0.0836852,0.2295884,1.504711,-0.04261009,0.7584845,1.424698,-0.07548909,0.5398585,1.471513,-0.05902954,0.3978213,1.556245,-0.06595613,0.262971,1.44126,-0.04931697,0.2515407,1.42254,0.1372932,0.6004289,1.406283,0.1997498,0.411091,1.430111,0.1873757,0.2198988,1.396145,0.1882561,0.165335,1.392341,0.02795679,0.2269466,1.494542,-0.02219969,0.06031579,1.403121,-0.08604553,-0.174016,1.513668,0.1366017,0.2375432,1.45911,0.1221169,0.04043436,1.444683,0.02683886,-0.2115864,1.505866,0.01733406,0.6051364,1.438784
72057594037999830,1,1.395272,95833.7,0.0836852,0.2295884,1.504711,-0.04261009,0.7584845,1.424698,-0.07548909,0.5398585,1.471513,-0.05902954,0.3978213,1.556245,-0.06595613,0.262971,1.44126,-0.04931697,0.2515407,1.42254,0.1372932,0.6004289,1.406283,0.1997498,0.411091,1.430111,0.1873757,0.2198988,1.396145,0.1882561,0.165335,1.392341,0.02795679,0.2269466,1.494542,-0.02219969,0.06031579,1.403121,-0.08604553,-0.174016,1.513668,0.1366017,0.2375432,1.45911,0.1221169,0.04043436,1.444683,0.02683886,-0.2115864,1.505866,0.01733406,0.6051364,1.438784
72057594037999830,1,1.395272,95833.7,0.0836852,0.2295884,1.504711,-0.04261009,0.7584845,1.424698,-0.07548909,0.5398585,1.471513,-0.05902954,0.3978213,1.556245,-0.06595613,0.262971,1.44126,-0.04931697,0.2515407,1.42254,0.1372932,0.6004289,1.406283,0.1997498,0.411091,1.430111,0.1873757,0.2198988,1.396145,0.1882561,0.165335,1.392341,0.02795679,0.2269466,1.494542,-0.02219969,0.06031579,1.403121,-0.08604553,-0.174016,1.513668,0.1366017,0.2375432,1.45911,0.1221169,0.04043436,1.444683,0.02683886,-0.2115864,1.505866,0.01733406,0.6051364,1.438784
72057594037999830,1,1.395272,95833.7,0.0836852,0.2295884,1.504711,-0.04261009,0.7584845,1.424698,-0.07548909,0.5398585,1.471513,-0.05902954,0.3978213,1.556245,-0.06595613,0.262971,1.44126,-0.04931697,0.2515407,1.42254,0.1372932,0.6004289,1.406283,0.1997498,0.411091,1.430111,0.1873757,0.2198988,1.396145,0.1882561,0.165335,1.392341,0.02795679,0.2269466,1.494542,-0.02219969,0.06031579,1.403121,-0.08604553,-0.174016,1.513668,0.1366017,0.2375432,1.45911,0.1221169,0.04043436,1.444683,0.02683886,-0.2115864,1.505866,0.01733406,0.6051364,1.438784
72057594037999830,1,1.395272,95833.7,0.0836852,0.2295884,1.504711,-0.04261009,0.7584845,1.424698,-0.07548909,0.5398585,1.471513,-0.05902954,0.3978213,1.556245,-0.06595613,0.262971,1.44126,-0.04931697,0.2515407,1.42254,0.1372932,0.6004289,1.406283,0.1997498,0.411091,1.430111,0.1873757,0.2198988,1.396145,0.1882561,0.165335,1.392341,0.02795679,0.2269466,1.494542,-0.02219969,0.06031579,1.403121,-0.08604553,-0.174016,1.513668,0.1366017,0.2375432,1.45911,0.1221169,0.04043436,1.444683,0.02683886,-0.2115864,1.505866,0.01733406,0.6051364,1.438784
72057594037999830,1,1.395272,95833.71,0.0836852,0.2295884,1.504711,-0.04261009,0.7584845,1.424698,-0.07548909,0.5398585,1.471513,-0.05902954,0.3978213,1.556245,-0.06595613,0.262971,1.44126,-0.04931697,0.2515407,1.42254,0.1372932,0.6004289,1.406283,0.1997498,0.411091,1.430111,0.1873757,0.2198988,1.396145,0.1882561,0.165335,1.392341,0.02795679,0.2269466,1.494542,-0.02219969,0.06031579,1.403121,-0.08604553,-0.174016,1.513668,0.1366017,0.2375432,1.45911,0.1221169,0.04043436,1.444683,0.02683886,-0.2115864,1.505866,0.01733406,0.6051364,1.438784
72057594037999830,1,1.395272,95833.71,0.0836852,0.2295884,1.504711,-0.04261009,0.7584845,1.424698,-0.07548909,0.5398585,1.471513,-0.05902954,0.3978213,1.556245,-0.06595613,0.262971,1.44126,-0.04931697,0.2515407,1.42254,0.1372932,0.6004289,1.406283,0.1997498,0.411091,1.430111,0.1873757,0.2198988,1.396145,0.1882561,0.165335,1.392341,0.02795679,0.2269466,1.494542,-0.02219969,0.06031579,1.403121,-0.08604553,-0.174016,1.513668,0.1366017,0.2375432,1.45911,0.1221169,0.04043436,1.444683,0.02683886,-0.2115864,1.505866,0.01733406,0.6051364,1.438784
72057594037999830,1,1.405872,95833.71,0.1083077,0.2307996,1.494309,-0.03396196,0.7635913,1.410957,-0.0624084,0.5412769,1.463722,-0.03870085,0.3961339,1.542566,-0.04126348,0.2633133,1.411182,-0.03563021,0.249571,1.406176,0.1475855,0.6046065,1.394619,0.2280302,0.4296168,1.413823,0.2249926,0.2386923,1.389514,0.2244412,0.1858107,1.391446,0.05435251,0.2253729,1.482687,0.0183809,0.06349564,1.371698,0.007676763,-0.2004917,1.44875,0.1588439,0.2412344,1.45008,0.1653755,0.05046463,1.421911,0.09574837,-0.2070617,1.49223,0.02902207,0.6096799,1.424787
72057594037999830,1,1.405872,95833.72,0.1083077,0.2307996,1.494309,-0.03396196,0.7635913,1.410957,-0.0624084,0.5412769,1.463722,-0.03870085,0.3961339,1.542566,-0.04126348,0.2633133,1.411182,-0.03563021,0.249571,1.406176,0.1475855,0.6046065,1.394619,0.2280302,0.4296168,1.413823,0.2249926,0.2386923,1.389514,0.2244412,0.1858107,1.391446,0.05435251,0.2253729,1.482687,0.0183809,0.06349564,1.371698,0.007676763,-0.2004917,1.44875,0.1588439,0.2412344,1.45008,0.1653755,0.05046463,1.421911,0.09574837,-0.2070617,1.49223,0.02902207,0.6096799,1.424787
72057594037999830,1,1.405872,95833.72,0.1083077,0.2307996,1.494309,-0.03396196,0.7635913,1.410957,-0.0624084,0.5412769,1.463722,-0.03870085,0.3961339,1.542566,-0.04126348,0.2633133,1.411182,-0.03563021,0.249571,1.406176,0.1475855,0.6046065,1.394619,0.2280302,0.4296168,1.413823,0.2249926,0.2386923,1.389514,0.2244412,0.1858107,1.391446,0.05435251,0.2253729,1.482687,0.0183809,0.06349564,1.371698,0.007676763,-0.2004917,1.44875,0.1588439,0.2412344,1.45008,0.1653755,0.05046463,1.421911,0.09574837,-0.2070617,1.49223,0.02902207,0.6096799,1.424787
72057594037999830,1,1.405872,95833.73,0.1083077,0.2307996,1.494309,-0.03396196,0.7635913,1.410957,-0.0624084,0.5412769,1.463722,-0.03870085,0.3961339,1.542566,-0.04126348,0.2633133,1.411182,-0.03563021,0.249571,1.406176,0.1475855,0.6046065,1.394619,0.2280302,0.4296168,1.413823,0.2249926,0.2386923,1.389514,0.2244412,0.1858107,1.391446,0.05435251,0.2253729,1.482687,0.0183809,0.06349564,1.371698,0.007676763,-0.2004917,1.44875,0.1588439,0.2412344,1.45008,0.1653755,0.05046463,1.421911,0.09574837,-0.2070617,1.49223,0.02902207,0.6096799,1.424787
72057594037999830,1,1.405872,95833.73,0.1083077,0.2307996,1.494309,-0.03396196,0.7635913,1.410957,-0.0624084,0.5412769,1.463722,-0.03870085,0.3961339,1.542566,-0.04126348,0.2633133,1.411182,-0.03563021,0.249571,1.406176,0.1475855,0.6046065,1.394619,0.2280302,0.4296168,1.413823,0.2249926,0.2386923,1.389514,0.2244412,0.1858107,1.391446,0.05435251,0.2253729,1.482687,0.0183809,0.06349564,1.371698,0.007676763,-0.2004917,1.44875,0.1588439,0.2412344,1.45008,0.1653755,0.05046463,1.421911,0.09574837,-0.2070617,1.49223,0.02902207,0.6096799,1.424787
72057594037999830,1,1.405872,95833.73,0.1083077,0.2307996,1.494309,-0.03396196,0.7635913,1.410957,-0.0624084,0.5412769,1.463722,-0.03870085,0.3961339,1.542566,-0.04126348,0.2633133,1.411182,-0.03563021,0.249571,1.406176,0.1475855,0.6046065,1.394619,0.2280302,0.4296168,1.413823,0.2249926,0.2386923,1.389514,0.2244412,0.1858107,1.391446,0.05435251,0.2253729,1.482687,0.0183809,0.06349564,1.371698,0.007676763,-0.2004917,1.44875,0.1588439,0.2412344,1.45008,0.1653755,0.05046463,1.421911,0.09574837,-0.2070617,1.49223,0.02902207,0.6096799,1.424787
72057594037999830,1,1.405872,95833.73,0.1083077,0.2307996,1.494309,-0.03396196,0.7635913,1.410957,-0.0624084,0.5412769,1.463722,-0.03870085,0.3961339,1.542566,-0.04126348,0.2633133,1.411182,-0.03563021,0.249571,1.406176,0.1475855,0.6046065,1.394619,0.2280302,0.4296168,1.413823,0.2249926,0.2386923,1.389514,0.2244412,0.1858107,1.391446,0.05435251,0.2253729,1.482687,0.0183809,0.06349564,1.371698,0.007676763,-0.2004917,1.44875,0.1588439,0.2412344,1.45008,0.1653755,0.05046463,1.421911,0.09574837,-0.2070617,1.49223,0.02902207,0.6096799,1.424787
72057594037999830,1,1.405872,95833.73,0.1083077,0.2307996,1.494309,-0.03396196,0.7635913,1.410957,-0.0624084,0.5412769,1.463722,-0.03870085,0.3961339,1.542566,-0.04126348,0.2633133,1.411182,-0.03563021,0.249571,1.406176,0.1475855,0.6046065,1.394619,0.2280302,0.4296168,1.413823,0.2249926,0.2386923,1.389514,0.2244412,0.1858107,1.391446,0.05435251,0.2253729,1.482687,0.0183809,0.06349564,1.371698,0.007676763,-0.2004917,1.44875,0.1588439,0.2412344,1.45008,0.1653755,0.05046463,1.421911,0.09574837,-0.2070617,1.49223,0.02902207,0.6096799,1.424787
72057594037999830,1,1.405872,95833.74,0.1083077,0.2307996,1.494309,-0.03396196,0.7635913,1.410957,-0.0624084,0.5412769,1.463722,-0.03870085,0.3961339,1.542566,-0.04126348,0.2633133,1.411182,-0.03563021,0.249571,1.406176,0.1475855,0.6046065,1.394619,0.2280302,0.4296168,1.413823,0.2249926,0.2386923,1.389514,0.2244412,0.1858107,1.391446,0.05435251,0.2253729,1.482687,0.0183809,0.06349564,1.371698,0.007676763,-0.2004917,1.44875,0.1588439,0.2412344,1.45008,0.1653755,0.05046463,1.421911,0.09574837,-0.2070617,1.49223,0.02902207,0.6096799,1.424787
72057594037999830,1,1.405872,95833.74,0.1083077,0.2307996,1.494309,-0.03396196,0.7635913,1.410957,-0.0624084,0.5412769,1.463722,-0.03870085,0.3961339,1.542566,-0.04126348,0.2633133,1.411182,-0.03563021,0.249571,1.406176,0.1475855,0.6046065,1.394619,0.2280302,0.4296168,1.413823,0.2249926,0.2386923,1.389514,0.2244412,0.1858107,1.391446,0.05435251,0.2253729,1.482687,0.0183809,0.06349564,1.371698,0.007676763,-0.2004917,1.44875,0.1588439,0.2412344,1.45008,0.1653755,0.05046463,1.421911,0.09574837,-0.2070617,1.49223,0.02902207,0.6096799,1.424787
72057594037999830,1,1.405872,95833.74,0.1083077,0.2307996,1.494309,-0.03396196,0.7635913,1.410957,-0.0624084,0.5412769,1.463722,-0.03870085,0.3961339,1.542566,-0.04126348,0.2633133,1.411182,-0.03563021,0.249571,1.406176,0.1475855,0.6046065,1.394619,0.2280302,0.4296168,1.413823,0.2249926,0.2386923,1.389514,0.2244412,0.1858107,1.391446,0.05435251,0.2253729,1.482687,0.0183809,0.06349564,1.371698,0.007676763,-0.2004917,1.44875,0.1588439,0.2412344,1.45008,0.1653755,0.05046463,1.421911,0.09574837,-0.2070617,1.49223,0.02902207,0.6096799,1.424787
72057594037999830,1,1.423534,95833.75,0.1405466,0.2249114,1.481012,-0.01795236,0.7584079,1.395486,-0.04763889,0.5343386,1.448436,-0.01856632,0.3873596,1.522845,-0.03242796,0.2545943,1.405961,-0.02034689,0.2356335,1.395417,0.1615757,0.5975178,1.379805,0.2874223,0.468065,1.43464,0.3134399,0.3008727,1.392526,0.2927139,0.2742368,1.405705,0.08418452,0.2158017,1.469726,0.04733462,0.06054169,1.347146,0.06145004,-0.2096889,1.402433,0.1922613,0.2395319,1.436651,0.2074255,0.05681008,1.393503,0.1700683,-0.1990421,1.486357,0.0445824,0.6037463,1.408415
72057594037999830,1,1.423534,95833.75,0.1405466,0.2249114,1.481012,-0.01795236,0.7584079,1.395486,-0.04763889,0.5343386,1.448436,-0.01856632,0.3873596,1.522845,-0.03242796,0.2545943,1.405961,-0.02034689,0.2356335,1.395417,0.1615757,0.5975178,1.379805,0.2874223,0.468065,1.43464,0.3134399,0.3008727,1.392526,0.2927139,0.2742368,1.405705,0.08418452,0.2158017,1.469726,0.04733462,0.06054169,1.347146,0.06145004,-0.2096889,1.402433,0.1922613,0.2395319,1.436651,0.2074255,0.05681008,1.393503,0.1700683,-0.1990421,1.486357,0.0445824,0.6037463,1.408415
72057594037999830,1,1.423534,95833.75,0.1405466,0.2249114,1.481012,-0.01795236,0.7584079,1.395486,-0.04763889,0.5343386,1.448436,-0.01856632,0.3873596,1.522845,-0.03242796,0.2545943,1.405961,-0.02034689,0.2356335,1.395417,0.1615757,0.5975178,1.379805,0.2874223,0.468065,1.43464,0.3134399,0.3008727,1.392526,0.2927139,0.2742368,1.405705,0.08418452,0.2158017,1.469726,0.04733462,0.06054169,1.347146,0.06145004,-0.2096889,1.402433,0.1922613,0.2395319,1.436651,0.2074255,0.05681008,1.393503,0.1700683,-0.1990421,1.486357,0.0445824,0.6037463,1.408415
72057594037999830,1,1.423534,95833.76,0.1405466,0.2249114,1.481012,-0.01795236,0.7584079,1.395486,-0.04763889,0.5343386,1.448436,-0.01856632,0.3873596,1.522845,-0.03242796,0.2545943,1.405961,-0.02034689,0.2356335,1.395417,0.1615757,0.5975178,1.379805,0.2874223,0.468065,1.43464,0.3134399,0.3008727,1.392526,0.2927139,0.2742368,1.405705,0.08418452,0.2158017,1.469726,0.04733462,0.06054169,1.347146,0.06145004,-0.2096889,1.402433,0.1922613,0.2395319,1.436651,0.2074255,0.05681008,1.393503,0.1700683,-0.1990421,1.486357,0.0445824,0.6037463,1.408415
72057594037999830,1,1.423534,95833.76,0.1405466,0.2249114,1.481012,-0.01795236,0.7584079,1.395486,-0.04763889,0.5343386,1.448436,-0.01856632,0.3873596,1.522845,-0.03242796,0.2545943,1.405961,-0.02034689,0.2356335,1.395417,0.1615757,0.5975178,1.379805,0.2874223,0.468065,1.43464,0.3134399,0.3008727,1.392526,0.2927139,0.2742368,1.405705,0.08418452,0.2158017,1.469726,0.04733462,0.06054169,1.347146,0.06145004,-0.2096889,1.402433,0.1922613,0.2395319,1.436651,0.2074255,0.05681008,1.393503,0.1700683,-0.1990421,1.486357,0.0445824,0.6037463,1.408415
72057594037999830,1,1.423534,95833.77,0.1405466,0.2249114,1.481012,-0.01795236,0.7584079,1.395486,-0.04763889,0.5343386,1.448436,-0.01856632,0.3873596,1.522845,-0.03242796,0.2545943,1.405961,-0.02034689,0.2356335,1.395417,0.1615757,0.5975178,1.379805,0.2874223,0.468065,1.43464,0.3134399,0.3008727,1.392526,0.2927139,0.2742368,1.405705,0.08418452,0.2158017,1.469726,0.04733462,0.06054169,1.347146,0.06145004,-0.2096889,1.402433,0.1922613,0.2395319,1.436651,0.2074255,0.05681008,1.393503,0.1700683,-0.1990421,1.486357,0.0445824,0.6037463,1.408415
72057594037999830,1,1.423534,95833.77,0.1405466,0.2249114,1.481012,-0.01795236,0.7584079,1.395486,-0.04763889,0.5343386,1.448436,-0.01856632,0.3873596,1.522845,-0.03242796,0.2545943,1.405961,-0.02034689,0.2356335,1.395417,0.1615757,0.5975178,1.379805,0.2874223,0.468065,1.43464,0.3134399,0.3008727,1.392526,0.2927139,0.2742368,1.405705,0.08418452,0.2158017,1.469726,0.04733462,0.06054169,1.347146,0.06145004,-0.2096889,1.402433,0.1922613,0.2395319,1.436651,0.2074255,0.05681008,1.393503,0.1700683,-0.1990421,1.486357,0.0445824,0.6037463,1.408415
72057594037999830,1,1.423534,95833.77,0.1405466,0.2249114,1.481012,-0.01795236,0.7584079,1.395486,-0.04763889,0.5343386,1.448436,-0.01856632,0.3873596,1.522845,-0.03242796,0.2545943,1.405961,-0.02034689,0.2356335,1.395417,0.1615757,0.5975178,1.379805,0.2874223,0.468065,1.43464,0.3134399,0.3008727,1.392526,0.2927139,0.2742368,1.405705,0.08418452,0.2158017,1.469726,0.04733462,0.06054169,1.347146,0.06145004,-0.2096889,1.402433,0.1922613,0.2395319,1.436651,0.2074255,0.05681008,1.393503,0.1700683,-0.1990421,1.486357,0.0445824,0.6037463,1.408415
72057594037999830,1,1.423534,95833.77,0.1405466,0.2249114,1.481012,-0.01795236,0.7584079,1.395486,-0.04763889,0.5343386,1.448436,-0.01856632,0.3873596,1.522845,-0.03242796,0.2545943,1.405961,-0.02034689,0.2356335,1.395417,0.1615757,0.5975178,1.379805,0.2874223,0.468065,1.43464,0.3134399,0.3008727,1.392526,0.2927139,0.2742368,1.405705,0.08418452,0.2158017,1.469726,0.04733462,0.06054169,1.347146,0.06145004,-0.2096889,1.402433,0.1922613,0.2395319,1.436651,0.2074255,0.05681008,1.393503,0.1700683,-0.1990421,1.486357,0.0445824,0.6037463,1.408415
72057594037999830,1,1.423534,95833.77,0.1405466,0.2249114,1.481012,-0.01795236,0.7584079,1.395486,-0.04763889,0.5343386,1.448436,-0.01856632,0.3873596,1.522845,-0.03242796,0.2545943,1.405961,-0.02034689,0.2356335,1.395417,0.1615757,0.5975178,1.379805,0.2874223,0.468065,1.43464,0.3134399,0.3008727,1.392526,0.2927139,0.2742368,1.405705,0.08418452,0.2158017,1.469726,0.04733462,0.06054169,1.347146,0.06145004,-0.2096889,1.402433,0.1922613,0.2395319,1.436651,0.2074255,0.05681008,1.393503,0.1700683,-0.1990421,1.486357,0.0445824,0.6037463,1.408415
72057594037999830,1,1.423534,95833.77,0.1405466,0.2249114,1.481012,-0.01795236,0.7584079,1.395486,-0.04763889,0.5343386,1.448436,-0.01856632,0.3873596,1.522845,-0.03242796,0.2545943,1.405961,-0.02034689,0.2356335,1.395417,0.1615757,0.5975178,1.379805,0.2874223,0.468065,1.43464,0.3134399,0.3008727,1.392526,0.2927139,0.2742368,1.405705,0.08418452,0.2158017,1.469726,0.04733462,0.06054169,1.347146,0.06145004,-0.2096889,1.402433,0.1922613,0.2395319,1.436651,0.2074255,0.05681008,1.393503,0.1700683,-0.1990421,1.486357,0.0445824,0.6037463,1.408415
72057594037999830,1,1.423534,95833.78,0.1405466,0.2249114,1.481012,-0.01795236,0.7584079,1.395486,-0.04763889,0.5343386,1.448436,-0.01856632,0.3873596,1.522845,-0.03242796,0.2545943,1.405961,-0.02034689,0.2356335,1.395417,0.1615757,0.5975178,1.379805,0.2874223,0.468065,1.43464,0.3134399,0.3008727,1.392526,0.2927139,0.2742368,1.405705,0.08418452,0.2158017,1.469726,0.04733462,0.06054169,1.347146,0.06145004,-0.2096889,1.402433,0.1922613,0.2395319,1.436651,0.2074255,0.05681008,1.393503,0.1700683,-0.1990421,1.486357,0.0445824,0.6037463,1.408415
72057594037999830,1,1.442479,95833.78,0.1588586,0.2105625,1.469428,0.004309484,0.7393369,1.375488,-0.03147197,0.5147436,1.425206,-0.000724059,0.3738421,1.507907,-0.01473365,0.2348618,1.399046,-0.003296521,0.2144974,1.386287,0.1731743,0.5779974,1.363021,0.2961591,0.476478,1.424124,0.3400064,0.3117322,1.390161,0.3229383,0.2970199,1.376842,0.1021655,0.2002785,1.457539,0.07896788,0.04419145,1.329155,0.1242815,-0.1968746,1.362807,0.2099758,0.2268532,1.425876,0.2402046,0.04734543,1.371886,0.2362289,-0.2085441,1.470207,0.06317272,0.5840152,1.389118
72057594037999830,1,1.442479,95833.78,0.1588586,0.2105625,1.469428,0.004309484,0.7393369,1.375488,-0.03147197,0.5147436,1.425206,-0.000724059,0.3738421,1.507907,-0.01473365,0.2348618,1.399046,-0.003296521,0.2144974,1.386287,0.1731743,0.5779974,1.363021,0.2961591,0.476478,1.424124,0.3400064,0.3117322,1.390161,0.3229383,0.2970199,1.376842,0.1021655,0.2002785,1.457539,0.07896788,0.04419145,1.329155,0.1242815,-0.1968746,1.362807,0.2099758,0.2268532,1.425876,0.2402046,0.04734543,1.371886,0.2362289,-0.2085441,1.470207,0.06317272,0.5840152,1.389118
72057594037999830,1,1.442479,95833.79,0.1588586,0.2105625,1.469428,0.004309484,0.7393369,1.375488,-0.03147197,0.5147436,1.425206,-0.000724059,0.3738421,1.507907,-0.01473365,0.2348618,1.399046,-0.003296521,0.2144974,1.386287,0.1731743,0.5779974,1.363021,0.2961591,0.476478,1.424124,0.3400064,0.3117322,1.390161,0.3229383,0.2970199,1.376842,0.1021655,0.2002785,1.457539,0.07896788,0.04419145,1.329155,0.1242815,-0.1968746,1.362807,0.2099758,0.2268532,1.425876,0.2402046,0.04734543,1.371886,0.2362289,-0.2085441,1.470207,0.06317272,0.5840152,1.389118
72057594037999830,1,1.442479,95833.79,0.1588586,0.2105625,1.469428,0.004309484,0.7393369,1.375488,-0.03147197,0.5147436,1.425206,-0.000724059,0.3738421,1.507907,-0.01473365,0.2348618,1.399046,-0.003296521,0.2144974,1.386287,0.1731743,0.5779974,1.363021,0.2961591,0.476478,1.424124,0.3400064,0.3117322,1.390161,0.3229383,0.2970199,1.376842,0.1021655,0.2002785,1.457539,0.07896788,0.04419145,1.329155,0.1242815,-0.1968746,1.362807,0.2099758,0.2268532,1.425876,0.2402046,0.04734543,1.371886,0.2362289,-0.2085441,1.470207,0.06317272,0.5840152,1.389118
72057594037999830,1,1.442479,95833.79,0.1588586,0.2105625,1.469428,0.004309484,0.7393369,1.375488,-0.03147197,0.5147436,1.425206,-0.000724059,0.3738421,1.507907,-0.01473365,0.2348618,1.399046,-0.003296521,0.2144974,1.386287,0.1731743,0.5779974,1.363021,0.2961591,0.476478,1.424124,0.3400064,0.3117322,1.390161,0.3229383,0.2970199,1.376842,0.1021655,0.2002785,1.457539,0.07896788,0.04419145,1.329155,0.1242815,-0.1968746,1.362807,0.2099758,0.2268532,1.425876,0.2402046,0.04734543,1.371886,0.2362289,-0.2085441,1.470207,0.06317272,0.5840152,1.389118
72057594037999830,1,1.442479,95833.8,0.1588586,0.2105625,1.469428,0.004309484,0.7393369,1.375488,-0.03147197,0.5147436,1.425206,-0.000724059,0.3738421,1.507907,-0.01473365,0.2348618,1.399046,-0.003296521,0.2144974,1.386287,0.1731743,0.5779974,1.363021,0.2961591,0.476478,1.424124,0.3400064,0.3117322,1.390161,0.3229383,0.2970199,1.376842,0.1021655,0.2002785,1.457539,0.07896788,0.04419145,1.329155,0.1242815,-0.1968746,1.362807,0.2099758,0.2268532,1.425876,0.2402046,0.04734543,1.371886,0.2362289,-0.2085441,1.470207,0.06317272,0.5840152,1.389118
72057594037999830,1,1.442479,95833.8,0.1588586,0.2105625,1.469428,0.004309484,0.7393369,1.375488,-0.03147197,0.5147436,1.425206,-0.000724059,0.3738421,1.507907,-0.01473365,0.2348618,1.399046,-0.003296521,0.2144974,1.386287,0.1731743,0.5779974,1.363021,0.2961591,0.476478,1.424124,0.3400064,0.3117322,1.390161,0.3229383,0.2970199,1.376842,0.1021655,0.2002785,1.457539,0.07896788,0.04419145,1.329155,0.1242815,-0.1968746,1.362807,0.2099758,0.2268532,1.425876,0.2402046,0.04734543,1.371886,0.2362289,-0.2085441,1.470207,0.06317272,0.5840152,1.389118
72057594037999830,1,1.442479,95833.8,0.1588586,0.2105625,1.469428,0.004309484,0.7393369,1.375488,-0.03147197,0.5147436,1.425206,-0.000724059,0.3738421,1.507907,-0.01473365,0.2348618,1.399046,-0.003296521,0.2144974,1.386287,0.1731743,0.5779974,1.363021,0.2961591,0.476478,1.424124,0.3400064,0.3117322,1.390161,0.3229383,0.2970199,1.376842,0.1021655,0.2002785,1.457539,0.07896788,0.04419145,1.329155,0.1242815,-0.1968746,1.362807,0.2099758,0.2268532,1.425876,0.2402046,0.04734543,1.371886,0.2362289,-0.2085441,1.470207,0.06317272,0.5840152,1.389118
72057594037999830,1,1.442479,95833.8,0.1588586,0.2105625,1.469428,0.004309484,0.7393369,1.375488,-0.03147197,0.5147436,1.425206,-0.000724059,0.3738421,1.507907,-0.01473365,0.2348618,1.399046,-0.003296521,0.2144974,1.386287,0.1731743,0.5779974,1.363021,0.2961591,0.476478,1.424124,0.3400064,0.3117322,1.390161,0.3229383,0.2970199,1.376842,0.1021655,0.2002785,1.457539,0.07896788,0.04419145,1.329155,0.1242815,-0.1968746,1.362807,0.2099758,0.2268532,1.425876,0.2402046,0.04734543,1.371886,0.2362289,-0.2085441,1.470207,0.06317272,0.5840152,1.389118
72057594037999830,1,1.442479,95833.8,0.1588586,0.2105625,1.469428,0.004309484,0.7393369,1.375488,-0.03147197,0.5147436,1.425206,-0.000724059,0.3738421,1.507907,-0.01473365,0.2348618,1.399046,-0.003296521,0.2144974,1.386287,0.1731743,0.5779974,1.363021,0.2961591,0.476478,1.424124,0.3400064,0.3117322,1.390161,0.3229383,0.2970199,1.376842,0.1021655,0.2002785,1.457539,0.07896788,0.04419145,1.329155,0.1242815,-0.1968746,1.362807,0.2099758,0.2268532,1.425876,0.2402046,0.04734543,1.371886,0.2362289,-0.2085441,1.470207,0.06317272,0.5840152,1.389118
72057594037999830,1,1.442479,95833.81,0.1588586,0.2105625,1.469428,0.004309484,0.7393369,1.375488,-0.03147197,0.5147436,1.425206,-0.000724059,0.3738421,1.507907,-0.01473365,0.2348618,1.399046,-0.003296521,0.2144974,1.386287,0.1731743,0.5779974,1.363021,0.2961591,0.476478,1.424124,0.3400064,0.3117322,1.390161,0.3229383,0.2970199,1.376842,0.1021655,0.2002785,1.457539,0.07896788,0.04419145,1.329155,0.1242815,-0.1968746,1.362807,0.2099758,0.2268532,1.425876,0.2402046,0.04734543,1.371886,0.2362289,-0.2085441,1.470207,0.06317272,0.5840152,1.389118
72057594037999830,1,1.442479,95833.81,0.1588586,0.2105625,1.469428,0.004309484,0.7393369,1.375488,-0.03147197,0.5147436,1.425206,-0.000724059,0.3738421,1.507907,-0.01473365,0.2348618,1.399046,-0.003296521,0.2144974,1.386287,0.1731743,0.5779974,1.363021,0.2961591,0.476478,1.424124,0.3400064,0.3117322,1.390161,0.3229383,0.2970199,1.376842,0.1021655,0.2002785,1.457539,0.07896788,0.04419145,1.329155,0.1242815,-0.1968746,1.362807,0.2099758,0.2268532,1.425876,0.2402046,0.04734543,1.371886,0.2362289,-0.2085441,1.470207,0.06317272,0.5840152,1.389118
72057594037999830,1,1.47635,95833.82,0.1830679,0.1766976,1.452444,0.02235892,0.7162918,1.364196,-0.01263688,0.4803871,1.402152,0.0161613,0.3067831,1.46925,0.02755374,0.1622096,1.368576,0.04579807,0.1342508,1.34642,0.1885047,0.5469993,1.351638,0.3160105,0.4434397,1.414298,0.3578697,0.2769846,1.392406,0.3317637,0.2576676,1.364574,0.1251006,0.1653087,1.439573,0.1106073,0.01071244,1.311859,0.1667664,-0.1806929,1.328574,0.2345702,0.195229,1.410072,0.2748417,0.01937774,1.353343,0.3080655,-0.1954197,1.418234,0.07950142,0.5552332,1.3762
72057594037999830,1,1.47635,95833.82,0.1830679,0.1766976,1.452444,0.02235892,0.7162918,1.364196,-0.01263688,0.4803871,1.402152,0.0161613,0.3067831,1.46925,0.02755374,0.1622096,1.368576,0.04579807,0.1342508,1.34642,0.1885047,0.5469993,1.351638,0.3160105,0.4434397,1.414298,0.3578697,0.2769846,1.392406,0.3317637,0.2576676,1.364574,0.1251006,0.1653087,1.439573,0.1106073,0.01071244,1.311859,0.1667664,-0.1806929,1.328574,0.2345702,0.195229,1.410072,0.2748417,0.01937774,1.353343,0.3080655,-0.1954197,1.418234,0.07950142,0.5552332,1.3762
72057594037999830,1,1.47635,95833.82,0.1830679,0.1766976,1.452444,0.02235892,0.7162918,1.364196,-0.01263688,0.4803871,1.402152,0.0161613,0.3067831,1.46925,0.02755374,0.1622096,1.368576,0.04579807,0.1342508,1.34642,0.1885047,0.5469993,1.351638,0.3160105,0.4434397,1.414298,0.3578697,0.2769846,1.392406,0.3317637,0.2576676,1.364574,0.1251006,0.1653087,1.439573,0.1106073,0.01071244,1.311859,0.1667664,-0.1806929,1.328574,0.2345702,0.195229,1.410072,0.2748417,0.01937774,1.353343,0.3080655,-0.1954197,1.418234,0.07950142,0.5552332,1.3762
72057594037999830,1,1.47635,95833.83,0.1830679,0.1766976,1.452444,0.02235892,0.7162918,1.364196,-0.01263688,0.4803871,1.402152,0.0161613,0.3067831,1.46925,0.02755374,0.1622096,1.368576,0.04579807,0.1342508,1.34642,0.1885047,0.5469993,1.351638,0.3160105,0.4434397,1.414298,0.3578697,0.2769846,1.392406,0.3317637,0.2576676,1.364574,0.1251006,0.1653087,1.439573,0.1106073,0.01071244,1.311859,0.1667664,-0.1806929,1.328574,0.2345702,0.195229,1.410072,0.2748417,0.01937774,1.353343,0.3080655,-0.1954197,1.418234,0.07950142,0.5552332,1.3762
72057594037999830,1,1.47635,95833.83,0.1830679,0.1766976,1.452444,0.02235892,0.7162918,1.364196,-0.01263688,0.4803871,1.402152,0.0161613,0.3067831,1.46925,0.02755374,0.1622096,1.368576,0.04579807,0.1342508,1.34642,0.1885047,0.5469993,1.351638,0.3160105,0.4434397,1.414298,0.3578697,0.2769846,1.392406,0.3317637,0.2576676,1.364574,0.1251006,0.1653087,1.439573,0.1106073,0.01071244,1.311859,0.1667664,-0.1806929,1.328574,0.2345702,0.195229,1.410072,0.2748417,0.01937774,1.353343,0.3080655,-0.1954197,1.418234,0.07950142,0.5552332,1.3762
72057594037999830,1,1.47635,95833.83,0.1830679,0.1766976,1.452444,0.02235892,0.7162918,1.364196,-0.01263688,0.4803871,1.402152,0.0161613,0.3067831,1.46925,0.02755374,0.1622096,1.368576,0.04579807,0.1342508,1.34642,0.1885047,0.5469993,1.351638,0.3160105,0.4434397,1.414298,0.3578697,0.2769846,1.392406,0.3317637,0.2576676,1.364574,0.1251006,0.1653087,1.439573,0.1106073,0.01071244,1.311859,0.1667664,-0.1806929,1.328574,0.2345702,0.195229,1.410072,0.2748417,0.01937774,1.353343,0.3080655,-0.1954197,1.418234,0.07950142,0.5552332,1.3762
72057594037999830,1,1.47635,95833.84,0.1830679,0.1766976,1.452444,0.02235892,0.7162918,1.364196,-0.01263688,0.4803871,1.402152,0.0161613,0.3067831,1.46925,0.02755374,0.1622096,1.368576,0.04579807,0.1342508,1.34642,0.1885047,0.5469993,1.351638,0.3160105,0.4434397,1.414298,0.3578697,0.2769846,1.392406,0.3317637,0.2576676,1.364574,0.1251006,0.1653087,1.439573,0.1106073,0.01071244,1.311859,0.1667664,-0.1806929,1.328574,0.2345702,0.195229,1.410072,0.2748417,0.01937774,1.353343,0.3080655,-0.1954197,1.418234,0.07950142,0.5552332,1.3762
72057594037999830,1,1.47635,95833.84,0.1830679,0.1766976,1.452444,0.02235892,0.7162918,1.364196,-0.01263688,0.4803871,1.402152,0.0161613,0.3067831,1.46925,0.02755374,0.1622096,1.368576,0.04579807,0.1342508,1.34642,0.1885047,0.5469993,1.351638,0.3160105,0.4434397,1.414298,0.3578697,0.2769846,1.392406,0.3317637,0.2576676,1.364574,0.1251006,0.1653087,1.439573,0.1106073,0.01071244,1.311859,0.1667664,-0.1806929,1.328574,0.2345702,0.195229,1.410072,0.2748417,0.01937774,1.353343,0.3080655,-0.1954197,1.418234,0.07950142,0.5552332,1.3762
72057594037999830,1,1.47635,95833.84,0.1830679,0.1766976,1.452444,0.02235892,0.7162918,1.364196,-0.01263688,0.4803871,1.402152,0.0161613,0.3067831,1.46925,0.02755374,0.1622096,1.368576,0.04579807,0.1342508,1.34642,0.1885047,0.5469993,1.351638,0.3160105,0.4434397,1.414298,0.3578697,0.2769846,1.392406,0.3317637,0.2576676,1.364574,0.1251006,0.1653087,1.439573,0.1106073,0.01071244,1.311859,0.1667664,-0.1806929,1.328574,0.2345702,0.195229,1.410072,0.2748417,0.01937774,1.353343,0.3080655,-0.1954197,1.418234,0.07950142,0.5552332,1.3762
72057594037999830,1,1.47635,95833.84,0.1830679,0.1766976,1.452444,0.02235892,0.7162918,1.364196,-0.01263688,0.4803871,1.402152,0.0161613,0.3067831,1.46925,0.02755374,0.1622096,1.368576,0.04579807,0.1342508,1.34642,0.1885047,0.5469993,1.351638,0.3160105,0.4434397,1.414298,0.3578697,0.2769846,1.392406,0.3317637,0.2576676,1.364574,0.1251006,0.1653087,1.439573,0.1106073,0.01071244,1.311859,0.1667664,-0.1806929,1.328574,0.2345702,0.195229,1.410072,0.2748417,0.01937774,1.353343,0.3080655,-0.1954197,1.418234,0.07950142,0.5552332,1.3762
72057594037999830,1,1.47635,95833.84,0.1830679,0.1766976,1.452444,0.02235892,0.7162918,1.364196,-0.01263688,0.4803871,1.402152,0.0161613,0.3067831,1.46925,0.02755374,0.1622096,1.368576,0.04579807,0.1342508,1.34642,0.1885047,0.5469993,1.351638,0.3160105,0.4434397,1.414298,0.3578697,0.2769846,1.392406,0.3317637,0.2576676,1.364574,0.1251006,0.1653087,1.439573,0.1106073,0.01071244,1.311859,0.1667664,-0.1806929,1.328574,0.2345702,0.195229,1.410072,0.2748417,0.01937774,1.353343,0.3080655,-0.1954197,1.418234,0.07950142,0.5552332,1.3762
72057594037999830,1,1.509825,95833.85,0.194249,0.1432456,1.434178,0.04466087,0.6839362,1.355195,0.0002370494,0.4570367,1.383067,0.01678133,0.2957401,1.459812,0.02893846,0.1498845,1.361331,0.02875131,0.1466965,1.357835,0.2059403,0.5050721,1.345058,0.3253091,0.3720979,1.414961,0.4014974,0.2192597,1.392704,0.4275211,0.1683117,1.388241,0.1359785,0.1342178,1.421961,0.1392037,-0.01567355,1.28751,0.2125895,-0.2079448,1.325381,0.2455656,0.1607769,1.391467,0.240108,-0.01443785,1.308997,0.2720332,-0.2298708,1.377993,0.09507521,0.5193324,1.366557
72057594037999830,1,1.509825,95833.85,0.194249,0.1432456,1.434178,0.04466087,0.6839362,1.355195,0.0002370494,0.4570367,1.383067,0.01678133,0.2957401,1.459812,0.02893846,0.1498845,1.361331,0.02875131,0.1466965,1.357835,0.2059403,0.5050721,1.345058,0.3253091,0.3720979,1.414961,0.4014974,0.2192597,1.392704,0.4275211,0.1683117,1.388241,0.1359785,0.1342178,1.421961,0.1392037,-0.01567355,1.28751,0.2125895,-0.2079448,1.325381,0.2455656,0.1607769,1.391467,0.240108,-0.01443785,1.308997,0.2720332,-0.2298708,1.377993,0.09507521,0.5193324,1.366557
72057594037999830,1,1.509825,95833.85,0.194249,0.1432456,1.434178,0.04466087,0.6839362,1.355195,0.0002370494,0.4570367,1.383067,0.01678133,0.2957401,1.459812,0.02893846,0.1498845,1.361331,0.02875131,0.1466965,1.357835,0.2059403,0.5050721,1.345058,0.3253091,0.3720979,1.414961,0.4014974,0.2192597,1.392704,0.4275211,0.1683117,1.388241,0.1359785,0.1342178,1.421961,0.1392037,-0.01567355,1.28751,0.2125895,-0.2079448,1.325381,0.2455656,0.1607769,1.391467,0.240108,-0.01443785,1.308997,0.2720332,-0.2298708,1.377993,0.09507521,0.5193324,1.366557
72057594037999830,1,1.509825,95833.86,0.194249,0.1432456,1.434178,0.04466087,0.6839362,1.355195,0.0002370494,0.4570367,1.383067,0.01678133,0.2957401,1.459812,0.02893846,0.1498845,1.361331,0.02875131,0.1466965,1.357835,0.2059403,0.5050721,1.345058,0.3253091,0.3720979,1.414961,0.4014974,0.2192597,1.392704,0.4275211,0.1683117,1.388241,0.1359785,0.1342178,1.421961,0.1392037,-0.01567355,1.28751,0.2125895,-0.2079448,1.325381,0.2455656,0.1607769,1.391467,0.240108,-0.01443785,1.308997,0.2720332,-0.2298708,1.377993,0.09507521,0.5193324,1.366557
72057594037999830,1,1.509825,95833.86,0.194249,0.1432456,1.434178,0.04466087,0.6839362,1.355195,0.0002370494,0.4570367,1.383067,0.01678133,0.2957401,1.459812,0.02893846,0.1498845,1.361331,0.02875131,0.1466965,1.357835,0.2059403,0.5050721,1.345058,0.3253091,0.3720979,1.414961,0.4014974,0.2192597,1.392704,0.4275211,0.1683117,1.388241,0.1359785,0.1342178,1.421961,0.1392037,-0.01567355,1.28751,0.2125895,-0.2079448,1.325381,0.2455656,0.1607769,1.391467,0.240108,-0.01443785,1.308997,0.2720332,-0.2298708,1.377993,0.09507521,0.5193324,1.366557
72057594037999830,1,1.509825,95833.86,0.194249,0.1432456,1.434178,0.04466087,0.6839362,1.355195,0.0002370494,0.4570367,1.383067,0.01678133,0.2957401,1.459812,0.02893846,0.1498845,1.361331,0.02875131,0.1466965,1.357835,0.2059403,0.5050721,1.345058,0.3253091,0.3720979,1.414961,0.4014974,0.2192597,1.392704,0.4275211,0.1683117,1.388241,0.1359785,0.1342178,1.421961,0.1392037,-0.01567355,1.28751,0.2125895,-0.2079448,1.325381,0.2455656,0.1607769,1.391467,0.240108,-0.01443785,1.308997,0.2720332,-0.2298708,1.377993,0.09507521,0.5193324,1.366557
72057594037999830,1,1.509825,95833.87,0.194249,0.1432456,1.434178,0.04466087,0.6839362,1.355195,0.0002370494,0.4570367,1.383067,0.01678133,0.2957401,1.459812,0.02893846,0.1498845,1.361331,0.02875131,0.1466965,1.357835,0.2059403,0.5050721,1.345058,0.3253091,0.3720979,1.414961,0.4014974,0.2192597,1.392704,0.4275211,0.1683117,1.388241,0.1359785,0.1342178,1.421961,0.1392037,-0.01567355,1.28751,0.2125895,-0.2079448,1.325381,0.2455656,0.1607769,1.391467,0.240108,-0.01443785,1.308997,0.2720332,-0.2298708,1.377993,0.09507521,0.5193324,1.366557
72057594037999830,1,1.509825,95833.87,0.194249,0.1432456,1.434178,0.04466087,0.6839362,1.355195,0.0002370494,0.4570367,1.383067,0.01678133,0.2957401,1.459812,0.02893846,0.1498845,1.361331,0.02875131,0.1466965,1.357835,0.2059403,0.5050721,1.345058,0.3253091,0.3720979,1.414961,0.4014974,0.2192597,1.392704,0.4275211,0.1683117,1.388241,0.1359785,0.1342178,1.421961,0.1392037,-0.01567355,1.28751,0.2125895,-0.2079448,1.325381,0.2455656,0.1607769,1.391467,0.240108,-0.01443785,1.308997,0.2720332,-0.2298708,1.377993,0.09507521,0.5193324,1.366557
72057594037999830,1,1.509825,95833.87,0.194249,0.1432456,1.434178,0.04466087,0.6839362,1.355195,0.0002370494,0.4570367,1.383067,0.01678133,0.2957401,1.459812,0.02893846,0.1498845,1.361331,0.02875131,0.1466965,1.357835,0.2059403,0.5050721,1.345058,0.3253091,0.3720979,1.414961,0.4014974,0.2192597,1.392704,0.4275211,0.1683117,1.388241,0.1359785,0.1342178,1.421961,0.1392037,-0.01567355,1.28751,0.2125895,-0.2079448,1.325381,0.2455656,0.1607769,1.391467,0.240108,-0.01443785,1.308997,0.2720332,-0.2298708,1.377993,0.09507521,0.5193324,1.366557
72057594037999830,1,1.509825,95833.88,0.194249,0.1432456,1.434178,0.04466087,0.6839362,1.355195,0.0002370494,0.4570367,1.383067,0.01678133,0.2957401,1.459812,0.02893846,0.1498845,1.361331,0.02875131,0.1466965,1.357835,0.2059403,0.5050721,1.345058,0.3253091,0.3720979,1.414961,0.4014974,0.2192597,1.392704,0.4275211,0.1683117,1.388241,0.1359785,0.1342178,1.421961,0.1392037,-0.01567355,1.28751,0.2125895,-0.2079448,1.325381,0.2455656,0.1607769,1.391467,0.240108,-0.01443785,1.308997,0.2720332,-0.2298708,1.377993,0.09507521,0.5193324,1.366557
72057594037999830,1,1.509825,95833.88,0.194249,0.1432456,1.434178,0.04466087,0.6839362,1.355195,0.0002370494,0.4570367,1.383067,0.01678133,0.2957401,1.459812,0.02893846,0.1498845,1.361331,0.02875131,0.1466965,1.357835,0.2059403,0.5050721,1.345058,0.3253091,0.3720979,1.414961,0.4014974,0.2192597,1.392704,0.4275211,0.1683117,1.388241,0.1359785,0.1342178,1.421961,0.1392037,-0.01567355,1.28751,0.2125895,-0.2079448,1.325381,0.2455656,0.1607769,1.391467,0.240108,-0.01443785,1.308997,0.2720332,-0.2298708,1.377993,0.09507521,0.5193324,1.366557
72057594037999830,1,1.509825,95833.88,0.194249,0.1432456,1.434178,0.04466087,0.6839362,1.355195,0.0002370494,0.4570367,1.383067,0.01678133,0.2957401,1.459812,0.02893846,0.1498845,1.361331,0.02875131,0.1466965,1.357835,0.2059403,0.5050721,1.345058,0.3253091,0.3720979,1.414961,0.4014974,0.2192597,1.392704,0.4275211,0.1683117,1.388241,0.1359785,0.1342178,1.421961,0.1392037,-0.01567355,1.28751,0.2125895,-0.2079448,1.325381,0.2455656,0.1607769,1.391467,0.240108,-0.01443785,1.308997,0.2720332,-0.2298708,1.377993,0.09507521,0.5193324,1.366557
72057594037999830,1,1.537785,95833.88,0.2018188,0.1221966,1.414911,0.05354408,0.6716484,1.351941,0.003964064,0.4479881,1.378199,0.01590006,0.2661071,1.420975,0.03360957,0.1143968,1.333934,0.04159473,0.09190768,1.311117,0.2096521,0.4925576,1.342892,0.3290688,0.3133909,1.404172,0.3357145,0.09760699,1.308947,0.3342745,0.02892202,1.287461,0.1439909,0.1136147,1.401468,0.1589377,-0.04032689,1.261679,0.216924,-0.2201737,1.328938,0.2524054,0.140077,1.373512,0.3340488,-0.01637611,1.305726,0.3687517,-0.1985801,1.37004,0.1009094,0.5049425,1.362393
72057594037999830,1,1.537785,95833.88,0.2018188,0.1221966,1.414911,0.05354408,0.6716484,1.351941,0.003964064,0.4479881,1.378199,0.01590006,0.2661071,1.420975,0.03360957,0.1143968,1.333934,0.04159473,0.09190768,1.311117,0.2096521,0.4925576,1.342892,0.3290688,0.3133909,1.404172,0.3357145,0.09760699,1.308947,0.3342745,0.02892202,1.287461,0.1439909,0.1136147,1.401468,0.1589377,-0.04032689,1.261679,0.216924,-0.2201737,1.328938,0.2524054,0.140077,1.373512,0.3340488,-0.01637611,1.305726,0.3687517,-0.1985801,1.37004,0.1009094,0.5049425,1.362393
72057594037999830,1,1.537785,95833.89,0.2018188,0.1221966,1.414911,0.05354408,0.6716484,1.351941,0.003964064,0.4479881,1.378199,0.01590006,0.2661071,1.420975,0.03360957,0.1143968,1.333934,0.04159473,0.09190768,1.311117,0.2096521,0.4925576,1.342892,0.3290688,0.3133909,1.404172,0.3357145,0.09760699,1.308947,0.3342745,0.02892202,1.287461,0.1439909,0.1136147,1.401468,0.1589377,-0.04032689,1.261679,0.216924,-0.2201737,1.328938,0.2524054,0.140077,1.373512,0.3340488,-0.01637611,1.305726,0.3687517,-0.1985801,1.37004,0.1009094,0.5049425,1.362393
72057594037999830,1,1.537785,95833.89,0.2018188,0.1221966,1.414911,0.05354408,0.6716484,1.351941,0.003964064,0.4479881,1.378199,0.01590006,0.2661071,1.420975,0.03360957,0.1143968,1.333934,0.04159473,0.09190768,1.311117,0.2096521,0.4925576,1.342892,0.3290688,0.3133909,1.404172,0.3357145,0.09760699,1.308947,0.3342745,0.02892202,1.287461,0.1439909,0.1136147,1.401468,0.1589377,-0.04032689,1.261679,0.216924,-0.2201737,1.328938,0.2524054,0.140077,1.373512,0.3340488,-0.01637611,1.305726,0.3687517,-0.1985801,1.37004,0.1009094,0.5049425,1.362393
72057594037999830,1,1.537785,95833.89,0.2018188,0.1221966,1.414911,0.05354408,0.6716484,1.351941,0.003964064,0.4479881,1.378199,0.01590006,0.2661071,1.420975,0.03360957,0.1143968,1.333934,0.04159473,0.09190768,1.311117,0.2096521,0.4925576,1.342892,0.3290688,0.3133909,1.404172,0.3357145,0.09760699,1.308947,0.3342745,0.02892202,1.287461,0.1439909,0.1136147,1.401468,0.1589377,-0.04032689,1.261679,0.216924,-0.2201737,1.328938,0.2524054,0.140077,1.373512,0.3340488,-0.01637611,1.305726,0.3687517,-0.1985801,1.37004,0.1009094,0.5049425,1.362393
72057594037999830,1,1.537785,95833.9,0.2018188,0.1221966,1.414911,0.05354408,0.6716484,1.351941,0.003964064,0.4479881,1.378199,0.01590006,0.2661071,1.420975,0.03360957,0.1143968,1.333934,0.04159473,0.09190768,1.311117,0.2096521,0.4925576,1.342892,0.3290688,0.3133909,1.404172,0.3357145,0.09760699,1.308947,0.3342745,0.02892202,1.287461,0.1439909,0.1136147,1.401468,0.1589377,-0.04032689,1.261679,0.216924,-0.2201737,1.328938,0.2524054,0.140077,1.373512,0.3340488,-0.01637611,1.305726,0.3687517,-0.1985801,1.37004,0.1009094,0.5049425,1.362393
72057594037999830,1,1.537785,95833.9,0.2018188,0.1221966,1.414911,0.05354408,0.6716484,1.351941,0.003964064,0.4479881,1.378199,0.01590006,0.2661071,1.420975,0.03360957,0.1143968,1.333934,0.04159473,0.09190768,1.311117,0.2096521,0.4925576,1.342892,0.3290688,0.3133909,1.404172,0.3357145,0.09760699,1.308947,0.3342745,0.02892202,1.287461,0.1439909,0.1136147,1.401468,0.1589377,-0.04032689,1.261679,0.216924,-0.2201737,1.328938,0.2524054,0.140077,1.373512,0.3340488,-0.01637611,1.305726,0.3687517,-0.1985801,1.37004,0.1009094,0.5049425,1.362393
72057594037999830,1,1.537785,95833.9,0.2018188,0.1221966,1.414911,0.05354408,0.6716484,1.351941,0.003964064,0.4479881,1.378199,0.01590006,0.2661071,1.420975,0.03360957,0.1143968,1.333934,0.04159473,0.09190768,1.311117,0.2096521,0.4925576,1.342892,0.3290688,0.3133909,1.404172,0.3357145,0.09760699,1.308947,0.3342745,0.02892202,1.287461,0.1439909,0.1136147,1.401468,0.1589377,-0.04032689,1.261679,0.216924,-0.2201737,1.328938,0.2524054,0.140077,1.373512,0.3340488,-0.01637611,1.305726,0.3687517,-0.1985801,1.37004,0.1009094,0.5049425,1.362393
72057594037999830,1,1.537785,95833.91,0.2018188,0.1221966,1.414911,0.05354408,0.6716484,1.351941,0.003964064,0.4479881,1.378199,0.01590006,0.2661071,1.420975,0.03360957,0.1143968,1.333934,0.04159473,0.09190768,1.311117,0.2096521,0.4925576,1.342892,0.3290688,0.3133909,1.404172,0.3357145,0.09760699,1.308947,0.3342745,0.02892202,1.287461,0.1439909,0.1136147,1.401468,0.1589377,-0.04032689,1.261679,0.216924,-0.2201737,1.328938,0.2524054,0.140077,1.373512,0.3340488,-0.01637611,1.305726,0.3687517,-0.1985801,1.37004,0.1009094,0.5049425,1.362393
72057594037999830,1,1.537785,95833.91,0.2018188,0.1221966,1.414911,0.05354408,0.6716484,1.351941,0.003964064,0.4479881,1.378199,0.01590006,0.2661071,1.420975,0.03360957,0.1143968,1.333934,0.04159473,0.09190768,1.311117,0.2096521,0.4925576,1.342892,0.3290688,0.3133909,1.404172,0.3357145,0.09760699,1.308947,0.3342745,0.02892202,1.287461,0.1439909,0.1136147,1.401468,0.1589377,-0.04032689,1.261679,0.216924,-0.2201737,1.328938,0.2524054,0.140077,1.373512,0.3340488,-0.01637611,1.305726,0.3687517,-0.1985801,1.37004,0.1009094,0.5049425,1.362393
72057594037999830,1,1.537785,95833.91,0.2018188,0.1221966,1.414911,0.05354408,0.6716484,1.351941,0.003964064,0.4479881,1.378199,0.01590006,0.2661071,1.420975,0.03360957,0.1143968,1.333934,0.04159473,0.09190768,1.311117,0.2096521,0.4925576,1.342892,0.3290688,0.3133909,1.404172,0.3357145,0.09760699,1.308947,0.3342745,0.02892202,1.287461,0.1439909,0.1136147,1.401468,0.1589377,-0.04032689,1.261679,0.216924,-0.2201737,1.328938,0.2524054,0.140077,1.373512,0.3340488,-0.01637611,1.305726,0.3687517,-0.1985801,1.37004,0.1009094,0.5049425,1.362393
72057594037999830,1,1.537785,95833.91,0.2018188,0.1221966,1.414911,0.05354408,0.6716484,1.351941,0.003964064,0.4479881,1.378199,0.01590006,0.2661071,1.420975,0.03360957,0.1143968,1.333934,0.04159473,0.09190768,1.311117,0.2096521,0.4925576,1.342892,0.3290688,0.3133909,1.404172,0.3357145,0.09760699,1.308947,0.3342745,0.02892202,1.287461,0.1439909,0.1136147,1.401468,0.1589377,-0.04032689,1.261679,0.216924,-0.2201737,1.328938,0.2524054,0.140077,1.373512,0.3340488,-0.01637611,1.305726,0.3687517,-0.1985801,1.37004,0.1009094,0.5049425,1.362393
72057594037999830,1,1.548629,95833.91,0.2038102,0.1247406,1.401179,0.05744089,0.6723162,1.350276,0.003781095,0.4488801,1.377074,0.02358441,0.2633892,1.409956,0.04874149,0.1325011,1.293352,0.04630108,0.1177241,1.278132,0.2096395,0.4928244,1.342844,0.326954,0.3089691,1.399986,0.3396392,0.1333043,1.30404,0.3362581,0.0833323,1.290378,0.1466926,0.1164352,1.384807,0.1592058,-0.03699708,1.257092,0.2161268,-0.2174066,1.323889,0.2536388,0.1423469,1.362493,0.3327546,-0.01735607,1.304686,0.3676394,-0.1982864,1.36709,0.1015698,0.5048224,1.361997
72057594037999830,1,1.548629,95833.91,0.2038102,0.1247406,1.401179,0.05744089,0.6723162,1.350276,0.003781095,0.4488801,1.377074,0.02358441,0.2633892,1.409956,0.04874149,0.1325011,1.293352,0.04630108,0.1177241,1.278132,0.2096395,0.4928244,1.342844,0.326954,0.3089691,1.399986,0.3396392,0.1333043,1.30404,0.3362581,0.0833323,1.290378,0.1466926,0.1164352,1.384807,0.1592058,-0.03699708,1.257092,0.2161268,-0.2174066,1.323889,0.2536388,0.1423469,1.362493,0.3327546,-0.01735607,1.304686,0.3676394,-0.1982864,1.36709,0.1015698,0.5048224,1.361997
72057594037999830,1,1.548629,95833.92,0.2038102,0.1247406,1.401179,0.05744089,0.6723162,1.350276,0.003781095,0.4488801,1.377074,0.02358441,0.2633892,1.409956,0.04874149,0.1325011,1.293352,0.04630108,0.1177241,1.278132,0.2096395,0.4928244,1.342844,0.326954,0.3089691,1.399986,0.3396392,0.1333043,1.30404,0.3362581,0.0833323,1.290378,0.1466926,0.1164352,1.384807,0.1592058,-0.03699708,1.257092,0.2161268,-0.2174066,1.323889,0.2536388,0.1423469,1.362493,0.3327546,-0.01735607,1.304686,0.3676394,-0.1982864,1.36709,0.1015698,0.5048224,1.361997
72057594037999830,1,1.548629,95833.92,0.2038102,0.1247406,1.401179,0.05744089,0.6723162,1.350276,0.003781095,0.4488801,1.377074,0.02358441,0.2633892,1.409956,0.04874149,0.1325011,1.293352,0.04630108,0.1177241,1.278132,0.2096395,0.4928244,1.342844,0.326954,0.3089691,1.399986,0.3396392,0.1333043,1.30404,0.3362581,0.0833323,1.290378,0.1466926,0.1164352,1.384807,0.1592058,-0.03699708,1.257092,0.2161268,-0.2174066,1.323889,0.2536388,0.1423469,1.362493,0.3327546,-0.01735607,1.304686,0.3676394,-0.1982864,1.36709,0.1015698,0.5048224,1.361997
72057594037999830,1,1.548629,95833.93,0.2038102,0.1247406,1.401179,0.05744089,0.6723162,1.350276,0.003781095,0.4488801,1.377074,0.02358441,0.2633892,1.409956,0.04874149,0.1325011,1.293352,0.04630108,0.1177241,1.278132,0.2096395,0.4928244,1.342844,0.326954,0.3089691,1.399986,0.3396392,0.1333043,1.30404,0.3362581,0.0833323,1.290378,0.1466926,0.1164352,1.384807,0.1592058,-0.03699708,1.257092,0.2161268,-0.2174066,1.323889,0.2536388,0.1423469,1.362493,0.3327546,-0.01735607,1.304686,0.3676394,-0.1982864,1.36709,0.1015698,0.5048224,1.361997
72057594037999830,1,1.548629,95833.93,0.2038102,0.1247406,1.401179,0.05744089,0.6723162,1.350276,0.003781095,0.4488801,1.377074,0.02358441,0.2633892,1.409956,0.04874149,0.1325011,1.293352,0.04630108,0.1177241,1.278132,0.2096395,0.4928244,1.342844,0.326954,0.3089691,1.399986,0.3396392,0.1333043,1.30404,0.3362581,0.0833323,1.290378,0.1466926,0.1164352,1.384807,0.1592058,-0.03699708,1.257092,0.2161268,-0.2174066,1.323889,0.2536388,0.1423469,1.362493,0.3327546,-0.01735607,1.304686,0.3676394,-0.1982864,1.36709,0.1015698,0.5048224,1.361997
72057594037999830,1,1.548629,95833.93,0.2038102,0.1247406,1.401179,0.05744089,0.6723162,1.350276,0.003781095,0.4488801,1.377074,0.02358441,0.2633892,1.409956,0.04874149,0.1325011,1.293352,0.04630108,0.1177241,1.278132,0.2096395,0.4928244,1.342844,0.326954,0.3089691,1.399986,0.3396392,0.1333043,1.30404,0.3362581,0.0833323,1.290378,0.1466926,0.1164352,1.384807,0.1592058,-0.03699708,1.257092,0.2161268,-0.2174066,1.323889,0.2536388,0.1423469,1.362493,0.3327546,-0.01735607,1.304686,0.3676394,-0.1982864,1.36709,0.1015698,0.5048224,1.361997
72057594037999830,1,1.548629,95833.94,0.2038102,0.1247406,1.401179,0.05744089,0.6723162,1.350276,0.003781095,0.4488801,1.377074,0.02358441,0.2633892,1.409956,0.04874149,0.1325011,1.293352,0.04630108,0.1177241,1.278132,0.2096395,0.4928244,1.342844,0.326954,0.3089691,1.399986,0.3396392,0.1333043,1.30404,0.3362581,0.0833323,1.290378,0.1466926,0.1164352,1.384807,0.1592058,-0.03699708,1.257092,0.2161268,-0.2174066,1.323889,0.2536388,0.1423469,1.362493,0.3327546,-0.01735607,1.304686,0.3676394,-0.1982864,1.36709,0.1015698,0.5048224,1.361997
72057594037999830,1,1.548629,95833.94,0.2038102,0.1247406,1.401179,0.05744089,0.6723162,1.350276,0.003781095,0.4488801,1.377074,0.02358441,0.2633892,1.409956,0.04874149,0.1325011,1.293352,0.04630108,0.1177241,1.278132,0.2096395,0.4928244,1.342844,0.326954,0.3089691,1.399986,0.3396392,0.1333043,1.30404,0.3362581,0.0833323,1.290378,0.1466926,0.1164352,1.384807,0.1592058,-0.03699708,1.257092,0.2161268,-0.2174066,1.323889,0.2536388,0.1423469,1.362493,0.3327546,-0.01735607,1.304686,0.3676394,-0.1982864,1.36709,0.1015698,0.5048224,1.361997
72057594037999830,1,1.548629,95833.94,0.2038102,0.1247406,1.401179,0.05744089,0.6723162,1.350276,0.003781095,0.4488801,1.377074,0.02358441,0.2633892,1.409956,0.04874149,0.1325011,1.293352,0.04630108,0.1177241,1.278132,0.2096395,0.4928244,1.342844,0.326954,0.3089691,1.399986,0.3396392,0.1333043,1.30404,0.3362581,0.0833323,1.290378,0.1466926,0.1164352,1.384807,0.1592058,-0.03699708,1.257092,0.2161268,-0.2174066,1.323889,0.2536388,0.1423469,1.362493,0.3327546,-0.01735607,1.304686,0.3676394,-0.1982864,1.36709,0.1015698,0.5048224,1.361997
72057594037999830,1,1.548629,95833.95,0.2038102,0.1247406,1.401179,0.05744089,0.6723162,1.350276,0.003781095,0.4488801,1.377074,0.02358441,0.2633892,1.409956,0.04874149,0.1325011,1.293352,0.04630108,0.1177241,1.278132,0.2096395,0.4928244,1.342844,0.326954,0.3089691,1.399986,0.3396392,0.1333043,1.30404,0.3362581,0.0833323,1.290378,0.1466926,0.1164352,1.384807,0.1592058,-0.03699708,1.257092,0.2161268,-0.2174066,1.323889,0.2536388,0.1423469,1.362493,0.3327546,-0.01735607,1.304686,0.3676394,-0.1982864,1.36709,0.1015698,0.5048224,1.361997
72057594037999830,1,1.557934,95833.95,0.2013581,0.1593624,1.371123,0.06757993,0.7109845,1.344903,-0.001490886,0.4951488,1.369837,0.02292119,0.3092185,1.392397,0.04265561,0.1746702,1.278866,0.05408428,0.1806705,1.279993,0.209879,0.5176553,1.33998,0.3098975,0.3463436,1.401201,0.3685944,0.1922585,1.345382,0.3616415,0.1494028,1.334035,0.1465753,0.149911,1.352129,0.1564434,-0.02910423,1.250214,0.2139115,-0.2130431,1.320688,0.2487078,0.1770762,1.335081,0.3137838,0.00825122,1.304616,0.3548725,-0.2333055,1.423749,0.1034426,0.5370259,1.358358
72057594037999830,1,1.557934,95833.95,0.2013581,0.1593624,1.371123,0.06757993,0.7109845,1.344903,-0.001490886,0.4951488,1.369837,0.02292119,0.3092185,1.392397,0.04265561,0.1746702,1.278866,0.05408428,0.1806705,1.279993,0.209879,0.5176553,1.33998,0.3098975,0.3463436,1.401201,0.3685944,0.1922585,1.345382,0.3616415,0.1494028,1.334035,0.1465753,0.149911,1.352129,0.1564434,-0.02910423,1.250214,0.2139115,-0.2130431,1.320688,0.2487078,0.1770762,1.335081,0.3137838,0.00825122,1.304616,0.3548725,-0.2333055,1.423749,0.1034426,0.5370259,1.358358
72057594037999830,1,1.557934,95833.95,0.2013581,0.1593624,1.371123,0.06757993,0.7109845,1.344903,-0.001490886,0.4951488,1.369837,0.02292119,0.3092185,1.392397,0.04265561,0.1746702,1.278866,0.05408428,0.1806705,1.279993,0.209879,0.5176553,1.33998,0.3098975,0.3463436,1.401201,0.3685944,0.1922585,1.345382,0.3616415,0.1494028,1.334035,0.1465753,0.149911,1.352129,0.1564434,-0.02910423,1.250214,0.2139115,-0.2130431,1.320688,0.2487078,0.1770762,1.335081,0.3137838,0.00825122,1.304616,0.3548725,-0.2333055,1.423749,0.1034426,0.5370259,1.358358
72057594037999830,1,1.557934,95833.96,0.2013581,0.1593624,1.371123,0.06757993,0.7109845,1.344903,-0.001490886,0.4951488,1.369837,0.02292119,0.3092185,1.392397,0.04265561,0.1746702,1.278866,0.05408428,0.1806705,1.279993,0.209879,0.5176553,1.33998,0.3098975,0.3463436,1.401201,0.3685944,0.1922585,1.345382,0.3616415,0.1494028,1.334035,0.1465753,0.149911,1.352129,0.1564434,-0.02910423,1.250214,0.2139115,-0.2130431,1.320688,0.2487078,0.1770762,1.335081,0.3137838,0.00825122,1.304616,0.3548725,-0.2333055,1.423749,0.1034426,0.5370259,1.358358
72057594037999830,1,1.557934,95833.96,0.2013581,0.1593624,1.371123,0.06757993,0.7109845,1.344903,-0.001490886,0.4951488,1.369837,0.02292119,0.3092185,1.392397,0.04265561,0.1746702,1.278866,0.05408428,0.1806705,1.279993,0.209879,0.5176553,1.33998,0.3098975,0.3463436,1.401201,0.3685944,0.1922585,1.345382,0.3616415,0.1494028,1.334035,0.1465753,0.149911,1.352129,0.1564434,-0.02910423,1.250214,0.2139115,-0.2130431,1.320688,0.2487078,0.1770762,1.335081,0.3137838,0.00825122,1.304616,0.3548725,-0.2333055,1.423749,0.1034426,0.5370259,1.358358
72057594037999830,1,1.557934,95833.96,0.2013581,0.1593624,1.371123,0.06757993,0.7109845,1.344903,-0.001490886,0.4951488,1.369837,0.02292119,0.3092185,1.392397,0.04265561,0.1746702,1.278866,0.05408428,0.1806705,1.279993,0.209879,0.5176553,1.33998,0.3098975,0.3463436,1.401201,0.3685944,0.1922585,1.345382,0.3616415,0.1494028,1.334035,0.1465753,0.149911,1.352129,0.1564434,-0.02910423,1.250214,0.2139115,-0.2130431,1.320688,0.2487078,0.1770762,1.335081,0.3137838,0.00825122,1.304616,0.3548725,-0.2333055,1.423749,0.1034426,0.5370259,1.358358
72057594037999830,1,1.557934,95833.97,0.2013581,0.1593624,1.371123,0.06757993,0.7109845,1.344903,-0.001490886,0.4951488,1.369837,0.02292119,0.3092185,1.392397,0.04265561,0.1746702,1.278866,0.05408428,0.1806705,1.279993,0.209879,0.5176553,1.33998,0.3098975,0.3463436,1.401201,0.3685944,0.1922585,1.345382,0.3616415,0.1494028,1.334035,0.1465753,0.149911,1.352129,0.1564434,-0.02910423,1.250214,0.2139115,-0.2130431,1.320688,0.2487078,0.1770762,1.335081,0.3137838,0.00825122,1.304616,0.3548725,-0.2333055,1.423749,0.1034426,0.5370259,1.358358
72057594037999830,1,1.557934,95833.97,0.2013581,0.1593624,1.371123,0.06757993,0.7109845,1.344903,-0.001490886,0.4951488,1.369837,0.02292119,0.3092185,1.392397,0.04265561,0.1746702,1.278866,0.05408428,0.1806705,1.279993,0.209879,0.5176553,1.33998,0.3098975,0.3463436,1.401201,0.3685944,0.1922585,1.345382,0.3616415,0.1494028,1.334035,0.1465753,0.149911,1.352129,0.1564434,-0.02910423,1.250214,0.2139115,-0.2130431,1.320688,0.2487078,0.1770762,1.335081,0.3137838,0.00825122,1.304616,0.3548725,-0.2333055,1.423749,0.1034426,0.5370259,1.358358
72057594037999830,1,1.557934,95833.97,0.2013581,0.1593624,1.371123,0.06757993,0.7109845,1.344903,-0.001490886,0.4951488,1.369837,0.02292119,0.3092185,1.392397,0.04265561,0.1746702,1.278866,0.05408428,0.1806705,1.279993,0.209879,0.5176553,1.33998,0.3098975,0.3463436,1.401201,0.3685944,0.1922585,1.345382,0.3616415,0.1494028,1.334035,0.1465753,0.149911,1.352129,0.1564434,-0.02910423,1.250214,0.2139115,-0.2130431,1.320688,0.2487078,0.1770762,1.335081,0.3137838,0.00825122,1.304616,0.3548725,-0.2333055,1.423749,0.1034426,0.5370259,1.358358
72057594037999830,1,1.557934,95833.98,0.2013581,0.1593624,1.371123,0.06757993,0.7109845,1.344903,-0.001490886,0.4951488,1.369837,0.02292119,0.3092185,1.392397,0.04265561,0.1746702,1.278866,0.05408428,0.1806705,1.279993,0.209879,0.5176553,1.33998,0.3098975,0.3463436,1.401201,0.3685944,0.1922585,1.345382,0.3616415,0.1494028,1.334035,0.1465753,0.149911,1.352129,0.1564434,-0.02910423,1.250214,0.2139115,-0.2130431,1.320688,0.2487078,0.1770762,1.335081,0.3137838,0.00825122,1.304616,0.3548725,-0.2333055,1.423749,0.1034426,0.5370259,1.358358
72057594037999830,1,1.557934,95833.98,0.2013581,0.1593624,1.371123,0.06757993,0.7109845,1.344903,-0.001490886,0.4951488,1.369837,0.02292119,0.3092185,1.392397,0.04265561,0.1746702,1.278866,0.05408428,0.1806705,1.279993,0.209879,0.5176553,1.33998,0.3098975,0.3463436,1.401201,0.3685944,0.1922585,1.345382,0.3616415,0.1494028,1.334035,0.1465753,0.149911,1.352129,0.1564434,-0.02910423,1.250214,0.2139115,-0.2130431,1.320688,0.2487078,0.1770762,1.335081,0.3137838,0.00825122,1.304616,0.3548725,-0.2333055,1.423749,0.1034426,0.5370259,1.358358
72057594037999830,1,1.544658,95833.98,0.1856626,0.208662,1.358701,0.07238393,0.7690272,1.338481,-0.006662291,0.5523878,1.36448,0.008812471,0.3694079,1.396037,0.02305475,0.2418278,1.273147,0.0430836,0.2232718,1.272385,0.2039503,0.5776711,1.334685,0.288343,0.3982079,1.403361,0.3453454,0.2403494,1.357833,0.3709493,0.2053828,1.324993,0.1311986,0.2009601,1.339455,0.1461346,-0.005841672,1.252335,0.2064961,-0.2085935,1.317715,0.2337376,0.2210104,1.323233,0.2431312,0.03245512,1.293184,0.3326677,-0.1770942,1.411404,0.1001289,0.5987695,1.355744
72057594037999830,1,1.544658,95833.98,0.1856626,0.208662,1.358701,0.07238393,0.7690272,1.338481,-0.006662291,0.5523878,1.36448,0.008812471,0.3694079,1.396037,0.02305475,0.2418278,1.273147,0.0430836,0.2232718,1.272385,0.2039503,0.5776711,1.334685,0.288343,0.3982079,1.403361,0.3453454,0.2403494,1.357833,0.3709493,0.2053828,1.324993,0.1311986,0.2009601,1.339455,0.1461346,-0.005841672,1.252335,0.2064961,-0.2085935,1.317715,0.2337376,0.2210104,1.323233,0.2431312,0.03245512,1.293184,0.3326677,-0.1770942,1.411404,0.1001289,0.5987695,1.355744
72057594037999830,1,1.544658,95833.98,0.1856626,0.208662,1.358701,0.07238393,0.7690272,1.338481,-0.006662291,0.5523878,1.36448,0.008812471,0.3694079,1.396037,0.02305475,0.2418278,1.273147,0.0430836,0.2232718,1.272385,0.2039503,0.5776711,1.334685,0.288343,0.3982079,1.403361,0.3453454,0.2403494,1.357833,0.3709493,0.2053828,1.324993,0.1311986,0.2009601,1.339455,0.1461346,-0.005841672,1.252335,0.2064961,-0.2085935,1.317715,0.2337376,0.2210104,1.323233,0.2431312,0.03245512,1.293184,0.3326677,-0.1770942,1.411404,0.1001289,0.5987695,1.355744
72057594037999830,1,1.544658,95833.99,0.1856626,0.208662,1.358701,0.07238393,0.7690272,1.338481,-0.006662291,0.5523878,1.36448,0.008812471,0.3694079,1.396037,0.02305475,0.2418278,1.273147,0.0430836,0.2232718,1.272385,0.2039503,0.5776711,1.334685,0.288343,0.3982079,1.403361,0.3453454,0.2403494,1.357833,0.3709493,0.2053828,1.324993,0.1311986,0.2009601,1.339455,0.1461346,-0.005841672,1.252335,0.2064961,-0.2085935,1.317715,0.2337376,0.2210104,1.323233,0.2431312,0.03245512,1.293184,0.3326677,-0.1770942,1.411404,0.1001289,0.5987695,1.355744
72057594037999830,1,1.544658,95833.99,0.1856626,0.208662,1.358701,0.07238393,0.7690272,1.338481,-0.006662291,0.5523878,1.36448,0.008812471,0.3694079,1.396037,0.02305475,0.2418278,1.273147,0.0430836,0.2232718,1.272385,0.2039503,0.5776711,1.334685,0.288343,0.3982079,1.403361,0.3453454,0.2403494,1.357833,0.3709493,0.2053828,1.324993,0.1311986,0.2009601,1.339455,0.1461346,-0.005841672,1.252335,0.2064961,-0.2085935,1.317715,0.2337376,0.2210104,1.323233,0.2431312,0.03245512,1.293184,0.3326677,-0.1770942,1.411404,0.1001289,0.5987695,1.355744
72057594037999830,1,1.544658,95833.99,0.1856626,0.208662,1.358701,0.07238393,0.7690272,1.338481,-0.006662291,0.5523878,1.36448,0.008812471,0.3694079,1.396037,0.02305475,0.2418278,1.273147,0.0430836,0.2232718,1.272385,0.2039503,0.5776711,1.334685,0.288343,0.3982079,1.403361,0.3453454,0.2403494,1.357833,0.3709493,0.2053828,1.324993,0.1311986,0.2009601,1.339455,0.1461346,-0.005841672,1.252335,0.2064961,-0.2085935,1.317715,0.2337376,0.2210104,1.323233,0.2431312,0.03245512,1.293184,0.3326677,-0.1770942,1.411404,0.1001289,0.5987695,1.355744
72057594037999830,1,1.544658,95834,0.1856626,0.208662,1.358701,0.07238393,0.7690272,1.338481,-0.006662291,0.5523878,1.36448,0.008812471,0.3694079,1.396037,0.02305475,0.2418278,1.273147,0.0430836,0.2232718,1.272385,0.2039503,0.5776711,1.334685,0.288343,0.3982079,1.403361,0.3453454,0.2403494,1.357833,0.3709493,0.2053828,1.324993,0.1311986,0.2009601,1.339455,0.1461346,-0.005841672,1.252335,0.2064961,-0.2085935,1.317715,0.2337376,0.2210104,1.323233,0.2431312,0.03245512,1.293184,0.3326677,-0.1770942,1.411404,0.1001289,0.5987695,1.355744
72057594037999830,1,1.544658,95834,0.1856626,0.208662,1.358701,0.07238393,0.7690272,1.338481,-0.006662291,0.5523878,1.36448,0.008812471,0.3694079,1.396037,0.02305475,0.2418278,1.273147,0.0430836,0.2232718,1.272385,0.2039503,0.5776711,1.334685,0.288343,0.3982079,1.403361,0.3453454,0.2403494,1.357833,0.3709493,0.2053828,1.324993,0.1311986,0.2009601,1.339455,0.1461346,-0.005841672,1.252335,0.2064961,-0.2085935,1.317715,0.2337376,0.2210104,1.323233,0.2431312,0.03245512,1.293184,0.3326677,-0.1770942,1.411404,0.1001289,0.5987695,1.355744
72057594037999830,1,1.544658,95834.01,0.1856626,0.208662,1.358701,0.07238393,0.7690272,1.338481,-0.006662291,0.5523878,1.36448,0.008812471,0.3694079,1.396037,0.02305475,0.2418278,1.273147,0.0430836,0.2232718,1.272385,0.2039503,0.5776711,1.334685,0.288343,0.3982079,1.403361,0.3453454,0.2403494,1.357833,0.3709493,0.2053828,1.324993,0.1311986,0.2009601,1.339455,0.1461346,-0.005841672,1.252335,0.2064961,-0.2085935,1.317715,0.2337376,0.2210104,1.323233,0.2431312,0.03245512,1.293184,0.3326677,-0.1770942,1.411404,0.1001289,0.5987695,1.355744
72057594037999830,1,1.544658,95834.01,0.1856626,0.208662,1.358701,0.07238393,0.7690272,1.338481,-0.006662291,0.5523878,1.36448,0.008812471,0.3694079,1.396037,0.02305475,0.2418278,1.273147,0.0430836,0.2232718,1.272385,0.2039503,0.5776711,1.334685,0.288343,0.3982079,1.403361,0.3453454,0.2403494,1.357833,0.3709493,0.2053828,1.324993,0.1311986,0.2009601,1.339455,0.1461346,-0.005841672,1.252335,0.2064961,-0.2085935,1.317715,0.2337376,0.2210104,1.323233,0.2431312,0.03245512,1.293184,0.3326677,-0.1770942,1.411404,0.1001289,0.5987695,1.355744
72057594037999830,1,1.544658,95834.01,0.1856626,0.208662,1.358701,0.07238393,0.7690272,1.338481,-0.006662291,0.5523878,1.36448,0.008812471,0.3694079,1.396037,0.02305475,0.2418278,1.273147,0.0430836,0.2232718,1.272385,0.2039503,0.5776711,1.334685,0.288343,0.3982079,1.403361,0.3453454,0.2403494,1.357833,0.3709493,0.2053828,1.324993,0.1311986,0.2009601,1.339455,0.1461346,-0.005841672,1.252335,0.2064961,-0.2085935,1.317715,0.2337376,0.2210104,1.323233,0.2431312,0.03245512,1.293184,0.3326677,-0.1770942,1.411404,0.1001289,0.5987695,1.355744
72057594037999830,1,1.531733,95834.02,0.1625509,0.2481075,1.35128,0.07407664,0.8061886,1.332537,-0.01898913,0.6051074,1.360374,-0.008618425,0.4296123,1.393093,-0.001228467,0.2997303,1.271832,0.01890509,0.2778862,1.273733,0.203297,0.6139355,1.334541,0.2803412,0.42359,1.396924,0.3366208,0.2639115,1.357928,0.3807334,0.2356524,1.331342,0.1072092,0.2442482,1.328792,0.1252089,0.03575382,1.27498,0.1944636,-0.2068585,1.315744,0.2107529,0.2586874,1.317852,0.2466815,0.04713666,1.310307,0.3241862,-0.1777704,1.407183,0.09369422,0.6444155,1.348817
72057594037999830,1,1.531733,95834.02,0.1625509,0.2481075,1.35128,0.07407664,0.8061886,1.332537,-0.01898913,0.6051074,1.360374,-0.008618425,0.4296123,1.393093,-0.001228467,0.2997303,1.271832,0.01890509,0.2778862,1.273733,0.203297,0.6139355,1.334541,0.2803412,0.42359,1.396924,0.3366208,0.2639115,1.357928,0.3807334,0.2356524,1.331342,0.1072092,0.2442482,1.328792,0.1252089,0.03575382,1.27498,0.1944636,-0.2068585,1.315744,0.2107529,0.2586874,1.317852,0.2466815,0.04713666,1.310307,0.3241862,-0.1777704,1.407183,0.09369422,0.6444155,1.348817
72057594037999830,1,1.531733,95834.02,0.1625509,0.2481075,1.35128,0.07407664,0.8061886,1.332537,-0.01898913,0.6051074,1.360374,-0.008618425,0.4296123,1.393093,-0.001228467,0.2997303,1.271832,0.01890509,0.2778862,1.273733,0.203297,0.6139355,1.334541,0.2803412,0.42359,1.396924,0.3366208,0.2639115,1.357928,0.3807334,0.2356524,1.331342,0.1072092,0.2442482,1.328792,0.1252089,0.03575382,1.27498,0.1944636,-0.2068585,1.315744,0.2107529,0.2586874,1.317852,0.2466815,0.04713666,1.310307,0.3241862,-0.1777704,1.407183,0.09369422,0.6444155,1.348817
72057594037999830,1,1.531733,95834.02,0.1625509,0.2481075,1.35128,0.07407664,0.8061886,1.332537,-0.01898913,0.6051074,1.360374,-0.008618425,0.4296123,1.393093,-0.001228467,0.2997303,1.271832,0.01890509,0.2778862,1.273733,0.203297,0.6139355,1.334541,0.2803412,0.42359,1.396924,0.3366208,0.2639115,1.357928,0.3807334,0.2356524,1.331342,0.1072092,0.2442482,1.328792,0.1252089,0.03575382,1.27498,0.1944636,-0.2068585,1.315744,0.2107529,0.2586874,1.317852,0.2466815,0.04713666,1.310307,0.3241862,-0.1777704,1.407183,0.09369422,0.6444155,1.348817
72057594037999830,1,1.531733,95834.02,0.1625509,0.2481075,1.35128,0.07407664,0.8061886,1.332537,-0.01898913,0.6051074,1.360374,-0.008618425,0.4296123,1.393093,-0.001228467,0.2997303,1.271832,0.01890509,0.2778862,1.273733,0.203297,0.6139355,1.334541,0.2803412,0.42359,1.396924,0.3366208,0.2639115,1.357928,0.3807334,0.2356524,1.331342,0.1072092,0.2442482,1.328792,0.1252089,0.03575382,1.27498,0.1944636,-0.2068585,1.315744,0.2107529,0.2586874,1.317852,0.2466815,0.04713666,1.310307,0.3241862,-0.1777704,1.407183,0.09369422,0.6444155,1.348817
72057594037999830,1,1.531733,95834.02,0.1625509,0.2481075,1.35128,0.07407664,0.8061886,1.332537,-0.01898913,0.6051074,1.360374,-0.008618425,0.4296123,1.393093,-0.001228467,0.2997303,1.271832,0.01890509,0.2778862,1.273733,0.203297,0.6139355,1.334541,0.2803412,0.42359,1.396924,0.3366208,0.2639115,1.357928,0.3807334,0.2356524,1.331342,0.1072092,0.2442482,1.328792,0.1252089,0.03575382,1.27498,0.1944636,-0.2068585,1.315744,0.2107529,0.2586874,1.317852,0.2466815,0.04713666,1.310307,0.3241862,-0.1777704,1.407183,0.09369422,0.6444155,1.348817
72057594037999830,1,1.531733,95834.03,0.1625509,0.2481075,1.35128,0.07407664,0.8061886,1.332537,-0.01898913,0.6051074,1.360374,-0.008618425,0.4296123,1.393093,-0.001228467,0.2997303,1.271832,0.01890509,0.2778862,1.273733,0.203297,0.6139355,1.334541,0.2803412,0.42359,1.396924,0.3366208,0.2639115,1.357928,0.3807334,0.2356524,1.331342,0.1072092,0.2442482,1.328792,0.1252089,0.03575382,1.27498,0.1944636,-0.2068585,1.315744,0.2107529,0.2586874,1.317852,0.2466815,0.04713666,1.310307,0.3241862,-0.1777704,1.407183,0.09369422,0.6444155,1.348817
72057594037999830,1,1.531733,95834.03,0.1625509,0.2481075,1.35128,0.07407664,0.8061886,1.332537,-0.01898913,0.6051074,1.360374,-0.008618425,0.4296123,1.393093,-0.001228467,0.2997303,1.271832,0.01890509,0.2778862,1.273733,0.203297,0.6139355,1.334541,0.2803412,0.42359,1.396924,0.3366208,0.2639115,1.357928,0.3807334,0.2356524,1.331342,0.1072092,0.2442482,1.328792,0.1252089,0.03575382,1.27498,0.1944636,-0.2068585,1.315744,0.2107529,0.2586874,1.317852,0.2466815,0.04713666,1.310307,0.3241862,-0.1777704,1.407183,0.09369422,0.6444155,1.348817
72057594037999830,1,1.531733,95834.03,0.1625509,0.2481075,1.35128,0.07407664,0.8061886,1.332537,-0.01898913,0.6051074,1.360374,-0.008618425,0.4296123,1.393093,-0.001228467,0.2997303,1.271832,0.01890509,0.2778862,1.273733,0.203297,0.6139355,1.334541,0.2803412,0.42359,1.396924,0.3366208,0.2639115,1.357928,0.3807334,0.2356524,1.331342,0.1072092,0.2442482,1.328792,0.1252089,0.03575382,1.27498,0.1944636,-0.2068585,1.315744,0.2107529,0.2586874,1.317852,0.2466815,0.04713666,1.310307,0.3241862,-0.1777704,1.407183,0.09369422,0.6444155,1.348817
72057594037999830,1,1.531733,95834.04,0.1625509,0.2481075,1.35128,0.07407664,0.8061886,1.332537,-0.01898913,0.6051074,1.360374,-0.008618425,0.4296123,1.393093,-0.001228467,0.2997303,1.271832,0.01890509,0.2778862,1.273733,0.203297,0.6139355,1.334541,0.2803412,0.42359,1.396924,0.3366208,0.2639115,1.357928,0.3807334,0.2356524,1.331342,0.1072092,0.2442482,1.328792,0.1252089,0.03575382,1.27498,0.1944636,-0.2068585,1.315744,0.2107529,0.2586874,1.317852,0.2466815,0.04713666,1.310307,0.3241862,-0.1777704,1.407183,0.09369422,0.6444155,1.348817
72057594037999830,1,1.531733,95834.04,0.1625509,0.2481075,1.35128,0.07407664,0.8061886,1.332537,-0.01898913,0.6051074,1.360374,-0.008618425,0.4296123,1.393093,-0.001228467,0.2997303,1.271832,0.01890509,0.2778862,1.273733,0.203297,0.6139355,1.334541,0.2803412,0.42359,1.396924,0.3366208,0.2639115,1.357928,0.3807334,0.2356524,1.331342,0.1072092,0.2442482,1.328792,0.1252089,0.03575382,1.27498,0.1944636,-0.2068585,1.315744,0.2107529,0.2586874,1.317852,0.2466815,0.04713666,1.310307,0.3241862,-0.1777704,1.407183,0.09369422,0.6444155,1.348817
72057594037999830,1,1.531733,95834.05,0.1625509,0.2481075,1.35128,0.07407664,0.8061886,1.332537,-0.01898913,0.6051074,1.360374,-0.008618425,0.4296123,1.393093,-0.001228467,0.2997303,1.271832,0.01890509,0.2778862,1.273733,0.203297,0.6139355,1.334541,0.2803412,0.42359,1.396924,0.3366208,0.2639115,1.357928,0.3807334,0.2356524,1.331342,0.1072092,0.2442482,1.328792,0.1252089,0.03575382,1.27498,0.1944636,-0.2068585,1.315744,0.2107529,0.2586874,1.317852,0.2466815,0.04713666,1.310307,0.3241862,-0.1777704,1.407183,0.09369422,0.6444155,1.348817
72057594037999830,1,1.52202,95834.05,0.1391622,0.2815943,1.344292,0.07385925,0.8426437,1.324091,-0.02558825,0.6381288,1.349689,-0.03117767,0.4716443,1.391579,-0.0261682,0.3503039,1.261096,-0.00983486,0.3292954,1.264848,0.2025235,0.6436288,1.332919,0.2681969,0.4513732,1.390541,0.3021087,0.2839022,1.358911,0.2740635,0.2689702,1.352572,0.0826679,0.2812618,1.318611,0.109592,0.0596922,1.289029,0.1550694,-0.188677,1.310374,0.19095,0.2851199,1.314113,0.2267496,0.05489445,1.313971,0.2615313,-0.1589581,1.387226,0.08689619,0.6757027,1.339306
72057594037999830,1,1.52202,95834.05,0.1391622,0.2815943,1.344292,0.07385925,0.8426437,1.324091,-0.02558825,0.6381288,1.349689,-0.03117767,0.4716443,1.391579,-0.0261682,0.3503039,1.261096,-0.00983486,0.3292954,1.264848,0.2025235,0.6436288,1.332919,0.2681969,0.4513732,1.390541,0.3021087,0.2839022,1.358911,0.2740635,0.2689702,1.352572,0.0826679,0.2812618,1.318611,0.109592,0.0596922,1.289029,0.1550694,-0.188677,1.310374,0.19095,0.2851199,1.314113,0.2267496,0.05489445,1.313971,0.2615313,-0.1589581,1.387226,0.08689619,0.6757027,1.339306
72057594037999830,1,1.52202,95834.05,0.1391622,0.2815943,1.344292,0.07385925,0.8426437,1.324091,-0.02558825,0.6381288,1.349689,-0.03117767,0.4716443,1.391579,-0.0261682,0.3503039,1.261096,-0.00983486,0.3292954,1.264848,0.2025235,0.6436288,1.332919,0.2681969,0.4513732,1.390541,0.3021087,0.2839022,1.358911,0.2740635,0.2689702,1.352572,0.0826679,0.2812618,1.318611,0.109592,0.0596922,1.289029,0.1550694,-0.188677,1.310374,0.19095,0.2851199,1.314113,0.2267496,0.05489445,1.313971,0.2615313,-0.1589581,1.387226,0.08689619,0.6757027,1.339306
72057594037999830,1,1.52202,95834.05,0.1391622,0.2815943,1.344292,0.07385925,0.8426437,1.324091,-0.02558825,0.6381288,1.349689,-0.03117767,0.4716443,1.391579,-0.0261682,0.3503039,1.261096,-0.00983486,0.3292954,1.264848,0.2025235,0.6436288,1.332919,0.2681969,0.4513732,1.390541,0.3021087,0.2839022,1.358911,0.2740635,0.2689702,1.352572,0.0826679,0.2812618,1.318611,0.109592,0.0596922,1.289029,0.1550694,-0.188677,1.310374,0.19095,0.2851199,1.314113,0.2267496,0.05489445,1.313971,0.2615313,-0.1589581,1.387226,0.08689619,0.6757027,1.339306
72057594037999830,1,1.52202,95834.06,0.1391622,0.2815943,1.344292,0.07385925,0.8426437,1.324091,-0.02558825,0.6381288,1.349689,-0.03117767,0.4716443,1.391579,-0.0261682,0.3503039,1.261096,-0.00983486,0.3292954,1.264848,0.2025235,0.6436288,1.332919,0.2681969,0.4513732,1.390541,0.3021087,0.2839022,1.358911,0.2740635,0.2689702,1.352572,0.0826679,0.2812618,1.318611,0.109592,0.0596922,1.289029,0.1550694,-0.188677,1.310374,0.19095,0.2851199,1.314113,0.2267496,0.05489445,1.313971,0.2615313,-0.1589581,1.387226,0.08689619,0.6757027,1.339306
72057594037999830,1,1.52202,95834.06,0.1391622,0.2815943,1.344292,0.07385925,0.8426437,1.324091,-0.02558825,0.6381288,1.349689,-0.03117767,0.4716443,1.391579,-0.0261682,0.3503039,1.261096,-0.00983486,0.3292954,1.264848,0.2025235,0.6436288,1.332919,0.2681969,0.4513732,1.390541,0.3021087,0.2839022,1.358911,0.2740635,0.2689702,1.352572,0.0826679,0.2812618,1.318611,0.109592,0.0596922,1.289029,0.1550694,-0.188677,1.310374,0.19095,0.2851199,1.314113,0.2267496,0.05489445,1.313971,0.2615313,-0.1589581,1.387226,0.08689619,0.6757027,1.339306
72057594037999830,1,1.52202,95834.06,0.1391622,0.2815943,1.344292,0.07385925,0.8426437,1.324091,-0.02558825,0.6381288,1.349689,-0.03117767,0.4716443,1.391579,-0.0261682,0.3503039,1.261096,-0.00983486,0.3292954,1.264848,0.2025235,0.6436288,1.332919,0.2681969,0.4513732,1.390541,0.3021087,0.2839022,1.358911,0.2740635,0.2689702,1.352572,0.0826679,0.2812618,1.318611,0.109592,0.0596922,1.289029,0.1550694,-0.188677,1.310374,0.19095,0.2851199,1.314113,0.2267496,0.05489445,1.313971,0.2615313,-0.1589581,1.387226,0.08689619,0.6757027,1.339306
72057594037999830,1,1.52202,95834.07,0.1391622,0.2815943,1.344292,0.07385925,0.8426437,1.324091,-0.02558825,0.6381288,1.349689,-0.03117767,0.4716443,1.391579,-0.0261682,0.3503039,1.261096,-0.00983486,0.3292954,1.264848,0.2025235,0.6436288,1.332919,0.2681969,0.4513732,1.390541,0.3021087,0.2839022,1.358911,0.2740635,0.2689702,1.352572,0.0826679,0.2812618,1.318611,0.109592,0.0596922,1.289029,0.1550694,-0.188677,1.310374,0.19095,0.2851199,1.314113,0.2267496,0.05489445,1.313971,0.2615313,-0.1589581,1.387226,0.08689619,0.6757027,1.339306
72057594037999830,1,1.52202,95834.07,0.1391622,0.2815943,1.344292,0.07385925,0.8426437,1.324091,-0.02558825,0.6381288,1.349689,-0.03117767,0.4716443,1.391579,-0.0261682,0.3503039,1.261096,-0.00983486,0.3292954,1.264848,0.2025235,0.6436288,1.332919,0.2681969,0.4513732,1.390541,0.3021087,0.2839022,1.358911,0.2740635,0.2689702,1.352572,0.0826679,0.2812618,1.318611,0.109592,0.0596922,1.289029,0.1550694,-0.188677,1.310374,0.19095,0.2851199,1.314113,0.2267496,0.05489445,1.313971,0.2615313,-0.1589581,1.387226,0.08689619,0.6757027,1.339306
72057594037999830,1,1.52202,95834.07,0.1391622,0.2815943,1.344292,0.07385925,0.8426437,1.324091,-0.02558825,0.6381288,1.349689,-0.03117767,0.4716443,1.391579,-0.0261682,0.3503039,1.261096,-0.00983486,0.3292954,1.264848,0.2025235,0.6436288,1.332919,0.2681969,0.4513732,1.390541,0.3021087,0.2839022,1.358911,0.2740635,0.2689702,1.352572,0.0826679,0.2812618,1.318611,0.109592,0.0596922,1.289029,0.1550694,-0.188677,1.310374,0.19095,0.2851199,1.314113,0.2267496,0.05489445,1.313971,0.2615313,-0.1589581,1.387226,0.08689619,0.6757027,1.339306
72057594037999830,1,1.52202,95834.08,0.1391622,0.2815943,1.344292,0.07385925,0.8426437,1.324091,-0.02558825,0.6381288,1.349689,-0.03117767,0.4716443,1.391579,-0.0261682,0.3503039,1.261096,-0.00983486,0.3292954,1.264848,0.2025235,0.6436288,1.332919,0.2681969,0.4513732,1.390541,0.3021087,0.2839022,1.358911,0.2740635,0.2689702,1.352572,0.0826679,0.2812618,1.318611,0.109592,0.0596922,1.289029,0.1550694,-0.188677,1.310374,0.19095,0.2851199,1.314113,0.2267496,0.05489445,1.313971,0.2615313,-0.1589581,1.387226,0.08689619,0.6757027,1.339306
72057594037999830,1,1.52202,95834.08,0.1391622,0.2815943,1.344292,0.07385925,0.8426437,1.324091,-0.02558825,0.6381288,1.349689,-0.03117767,0.4716443,1.391579,-0.0261682,0.3503039,1.261096,-0.00983486,0.3292954,1.264848,0.2025235,0.6436288,1.332919,0.2681969,0.4513732,1.390541,0.3021087,0.2839022,1.358911,0.2740635,0.2689702,1.352572,0.0826679,0.2812618,1.318611,0.109592,0.0596922,1.289029,0.1550694,-0.188677,1.310374,0.19095,0.2851199,1.314113,0.2267496,0.05489445,1.313971,0.2615313,-0.1589581,1.387226,0.08689619,0.6757027,1.339306
72057594037999830,1,1.51649,95834.09,0.1153678,0.3046678,1.338142,0.07175652,0.8638068,1.316675,-0.03418019,0.6646686,1.336498,-0.04227912,0.4929131,1.391945,-0.03679292,0.3672902,1.265709,-0.03342802,0.3553933,1.258863,0.1995815,0.6648451,1.328043,0.2540343,0.4755782,1.380977,0.2849982,0.3062089,1.360268,0.2657942,0.2969274,1.351702,0.06038591,0.3045284,1.311375,0.1009105,0.0649718,1.295101,0.1529059,-0.1900091,1.311928,0.1654313,0.3081144,1.308975,0.1794469,0.07958618,1.300512,0.2296282,-0.1410931,1.373643,0.07758949,0.7010442,1.330447
72057594037999830,1,1.51649,95834.09,0.1153678,0.3046678,1.338142,0.07175652,0.8638068,1.316675,-0.03418019,0.6646686,1.336498,-0.04227912,0.4929131,1.391945,-0.03679292,0.3672902,1.265709,-0.03342802,0.3553933,1.258863,0.1995815,0.6648451,1.328043,0.2540343,0.4755782,1.380977,0.2849982,0.3062089,1.360268,0.2657942,0.2969274,1.351702,0.06038591,0.3045284,1.311375,0.1009105,0.0649718,1.295101,0.1529059,-0.1900091,1.311928,0.1654313,0.3081144,1.308975,0.1794469,0.07958618,1.300512,0.2296282,-0.1410931,1.373643,0.07758949,0.7010442,1.330447
72057594037999830,1,1.51649,95834.09,0.1153678,0.3046678,1.338142,0.07175652,0.8638068,1.316675,-0.03418019,0.6646686,1.336498,-0.04227912,0.4929131,1.391945,-0.03679292,0.3672902,1.265709,-0.03342802,0.3553933,1.258863,0.1995815,0.6648451,1.328043,0.2540343,0.4755782,1.380977,0.2849982,0.3062089,1.360268,0.2657942,0.2969274,1.351702,0.06038591,0.3045284,1.311375,0.1009105,0.0649718,1.295101,0.1529059,-0.1900091,1.311928,0.1654313,0.3081144,1.308975,0.1794469,0.07958618,1.300512,0.2296282,-0.1410931,1.373643,0.07758949,0.7010442,1.330447
72057594037999830,1,1.51649,95834.09,0.1153678,0.3046678,1.338142,0.07175652,0.8638068,1.316675,-0.03418019,0.6646686,1.336498,-0.04227912,0.4929131,1.391945,-0.03679292,0.3672902,1.265709,-0.03342802,0.3553933,1.258863,0.1995815,0.6648451,1.328043,0.2540343,0.4755782,1.380977,0.2849982,0.3062089,1.360268,0.2657942,0.2969274,1.351702,0.06038591,0.3045284,1.311375,0.1009105,0.0649718,1.295101,0.1529059,-0.1900091,1.311928,0.1654313,0.3081144,1.308975,0.1794469,0.07958618,1.300512,0.2296282,-0.1410931,1.373643,0.07758949,0.7010442,1.330447
72057594037999830,1,1.51649,95834.09,0.1153678,0.3046678,1.338142,0.07175652,0.8638068,1.316675,-0.03418019,0.6646686,1.336498,-0.04227912,0.4929131,1.391945,-0.03679292,0.3672902,1.265709,-0.03342802,0.3553933,1.258863,0.1995815,0.6648451,1.328043,0.2540343,0.4755782,1.380977,0.2849982,0.3062089,1.360268,0.2657942,0.2969274,1.351702,0.06038591,0.3045284,1.311375,0.1009105,0.0649718,1.295101,0.1529059,-0.1900091,1.311928,0.1654313,0.3081144,1.308975,0.1794469,0.07958618,1.300512,0.2296282,-0.1410931,1.373643,0.07758949,0.7010442,1.330447
72057594037999830,1,1.51649,95834.09,0.1153678,0.3046678,1.338142,0.07175652,0.8638068,1.316675,-0.03418019,0.6646686,1.336498,-0.04227912,0.4929131,1.391945,-0.03679292,0.3672902,1.265709,-0.03342802,0.3553933,1.258863,0.1995815,0.6648451,1.328043,0.2540343,0.4755782,1.380977,0.2849982,0.3062089,1.360268,0.2657942,0.2969274,1.351702,0.06038591,0.3045284,1.311375,0.1009105,0.0649718,1.295101,0.1529059,-0.1900091,1.311928,0.1654313,0.3081144,1.308975,0.1794469,0.07958618,1.300512,0.2296282,-0.1410931,1.373643,0.07758949,0.7010442,1.330447
72057594037999830,1,1.51649,95834.1,0.1153678,0.3046678,1.338142,0.07175652,0.8638068,1.316675,-0.03418019,0.6646686,1.336498,-0.04227912,0.4929131,1.391945,-0.03679292,0.3672902,1.265709,-0.03342802,0.3553933,1.258863,0.1995815,0.6648451,1.328043,0.2540343,0.4755782,1.380977,0.2849982,0.3062089,1.360268,0.2657942,0.2969274,1.351702,0.06038591,0.3045284,1.311375,0.1009105,0.0649718,1.295101,0.1529059,-0.1900091,1.311928,0.1654313,0.3081144,1.308975,0.1794469,0.07958618,1.300512,0.2296282,-0.1410931,1.373643,0.07758949,0.7010442,1.330447
72057594037999830,1,1.51649,95834.1,0.1153678,0.3046678,1.338142,0.07175652,0.8638068,1.316675,-0.03418019,0.6646686,1.336498,-0.04227912,0.4929131,1.391945,-0.03679292,0.3672902,1.265709,-0.03342802,0.3553933,1.258863,0.1995815,0.6648451,1.328043,0.2540343,0.4755782,1.380977,0.2849982,0.3062089,1.360268,0.2657942,0.2969274,1.351702,0.06038591,0.3045284,1.311375,0.1009105,0.0649718,1.295101,0.1529059,-0.1900091,1.311928,0.1654313,0.3081144,1.308975,0.1794469,0.07958618,1.300512,0.2296282,-0.1410931,1.373643,0.07758949,0.7010442,1.330447
72057594037999830,1,1.51649,95834.11,0.1153678,0.3046678,1.338142,0.07175652,0.8638068,1.316675,-0.03418019,0.6646686,1.336498,-0.04227912,0.4929131,1.391945,-0.03679292,0.3672902,1.265709,-0.03342802,0.3553933,1.258863,0.1995815,0.6648451,1.328043,0.2540343,0.4755782,1.380977,0.2849982,0.3062089,1.360268,0.2657942,0.2969274,1.351702,0.06038591,0.3045284,1.311375,0.1009105,0.0649718,1.295101,0.1529059,-0.1900091,1.311928,0.1654313,0.3081144,1.308975,0.1794469,0.07958618,1.300512,0.2296282,-0.1410931,1.373643,0.07758949,0.7010442,1.330447
72057594037999830,1,1.51649,95834.11,0.1153678,0.3046678,1.338142,0.07175652,0.8638068,1.316675,-0.03418019,0.6646686,1.336498,-0.04227912,0.4929131,1.391945,-0.03679292,0.3672902,1.265709,-0.03342802,0.3553933,1.258863,0.1995815,0.6648451,1.328043,0.2540343,0.4755782,1.380977,0.2849982,0.3062089,1.360268,0.2657942,0.2969274,1.351702,0.06038591,0.3045284,1.311375,0.1009105,0.0649718,1.295101,0.1529059,-0.1900091,1.311928,0.1654313,0.3081144,1.308975,0.1794469,0.07958618,1.300512,0.2296282,-0.1410931,1.373643,0.07758949,0.7010442,1.330447
72057594037999830,1,1.51649,95834.11,0.1153678,0.3046678,1.338142,0.07175652,0.8638068,1.316675,-0.03418019,0.6646686,1.336498,-0.04227912,0.4929131,1.391945,-0.03679292,0.3672902,1.265709,-0.03342802,0.3553933,1.258863,0.1995815,0.6648451,1.328043,0.2540343,0.4755782,1.380977,0.2849982,0.3062089,1.360268,0.2657942,0.2969274,1.351702,0.06038591,0.3045284,1.311375,0.1009105,0.0649718,1.295101,0.1529059,-0.1900091,1.311928,0.1654313,0.3081144,1.308975,0.1794469,0.07958618,1.300512,0.2296282,-0.1410931,1.373643,0.07758949,0.7010442,1.330447
72057594037999830,1,1.516631,95834.12,0.09657717,0.3150902,1.332093,0.06774687,0.8769638,1.308102,-0.0422398,0.6792284,1.326224,-0.0592875,0.5061058,1.386829,-0.07200085,0.3846906,1.256879,-0.06265767,0.3690706,1.249154,0.1938454,0.676443,1.320249,0.2448894,0.4898722,1.374541,0.2773324,0.3204853,1.357193,0.2600374,0.3028656,1.34423,0.04292296,0.3144097,1.305358,0.08006904,0.06695256,1.302534,0.1095539,-0.221521,1.306863,0.1466054,0.3182638,1.303033,0.1600671,0.08637968,1.290798,0.203953,-0.1313926,1.360922,0.0690529,0.7142479,1.322504
72057594037999830,1,1.516631,95834.12,0.09657717,0.3150902,1.332093,0.06774687,0.8769638,1.308102,-0.0422398,0.6792284,1.326224,-0.0592875,0.5061058,1.386829,-0.07200085,0.3846906,1.256879,-0.06265767,0.3690706,1.249154,0.1938454,0.676443,1.320249,0.2448894,0.4898722,1.374541,0.2773324,0.3204853,1.357193,0.2600374,0.3028656,1.34423,0.04292296,0.3144097,1.305358,0.08006904,0.06695256,1.302534,0.1095539,-0.221521,1.306863,0.1466054,0.3182638,1.303033,0.1600671,0.08637968,1.290798,0.203953,-0.1313926,1.360922,0.0690529,0.7142479,1.322504
72057594037999830,1,1.516631,95834.13,0.09657717,0.3150902,1.332093,0.06774687,0.8769638,1.308102,-0.0422398,0.6792284,1.326224,-0.0592875,0.5061058,1.386829,-0.07200085,0.3846906,1.256879,-0.06265767,0.3690706,1.249154,0.1938454,0.676443,1.320249,0.2448894,0.4898722,1.374541,0.2773324,0.3204853,1.357193,0.2600374,0.3028656,1.34423,0.04292296,0.3144097,1.305358,0.08006904,0.06695256,1.302534,0.1095539,-0.221521,1.306863,0.1466054,0.3182638,1.303033,0.1600671,0.08637968,1.290798,0.203953,-0.1313926,1.360922,0.0690529,0.7142479,1.322504
72057594037999830,1,1.516631,95834.13,0.09657717,0.3150902,1.332093,0.06774687,0.8769638,1.308102,-0.0422398,0.6792284,1.326224,-0.0592875,0.5061058,1.386829,-0.07200085,0.3846906,1.256879,-0.06265767,0.3690706,1.249154,0.1938454,0.676443,1.320249,0.2448894,0.4898722,1.374541,0.2773324,0.3204853,1.357193,0.2600374,0.3028656,1.34423,0.04292296,0.3144097,1.305358,0.08006904,0.06695256,1.302534,0.1095539,-0.221521,1.306863,0.1466054,0.3182638,1.303033,0.1600671,0.08637968,1.290798,0.203953,-0.1313926,1.360922,0.0690529,0.7142479,1.322504
72057594037999830,1,1.516631,95834.13,0.09657717,0.3150902,1.332093,0.06774687,0.8769638,1.308102,-0.0422398,0.6792284,1.326224,-0.0592875,0.5061058,1.386829,-0.07200085,0.3846906,1.256879,-0.06265767,0.3690706,1.249154,0.1938454,0.676443,1.320249,0.2448894,0.4898722,1.374541,0.2773324,0.3204853,1.357193,0.2600374,0.3028656,1.34423,0.04292296,0.3144097,1.305358,0.08006904,0.06695256,1.302534,0.1095539,-0.221521,1.306863,0.1466054,0.3182638,1.303033,0.1600671,0.08637968,1.290798,0.203953,-0.1313926,1.360922,0.0690529,0.7142479,1.322504
72057594037999830,1,1.516631,95834.13,0.09657717,0.3150902,1.332093,0.06774687,0.8769638,1.308102,-0.0422398,0.6792284,1.326224,-0.0592875,0.5061058,1.386829,-0.07200085,0.3846906,1.256879,-0.06265767,0.3690706,1.249154,0.1938454,0.676443,1.320249,0.2448894,0.4898722,1.374541,0.2773324,0.3204853,1.357193,0.2600374,0.3028656,1.34423,0.04292296,0.3144097,1.305358,0.08006904,0.06695256,1.302534,0.1095539,-0.221521,1.306863,0.1466054,0.3182638,1.303033,0.1600671,0.08637968,1.290798,0.203953,-0.1313926,1.360922,0.0690529,0.7142479,1.322504
72057594037999830,1,1.516631,95834.13,0.09657717,0.3150902,1.332093,0.06774687,0.8769638,1.308102,-0.0422398,0.6792284,1.326224,-0.0592875,0.5061058,1.386829,-0.07200085,0.3846906,1.256879,-0.06265767,0.3690706,1.249154,0.1938454,0.676443,1.320249,0.2448894,0.4898722,1.374541,0.2773324,0.3204853,1.357193,0.2600374,0.3028656,1.34423,0.04292296,0.3144097,1.305358,0.08006904,0.06695256,1.302534,0.1095539,-0.221521,1.306863,0.1466054,0.3182638,1.303033,0.1600671,0.08637968,1.290798,0.203953,-0.1313926,1.360922,0.0690529,0.7142479,1.322504
72057594037999830,1,1.516631,95834.13,0.09657717,0.3150902,1.332093,0.06774687,0.8769638,1.308102,-0.0422398,0.6792284,1.326224,-0.0592875,0.5061058,1.386829,-0.07200085,0.3846906,1.256879,-0.06265767,0.3690706,1.249154,0.1938454,0.676443,1.320249,0.2448894,0.4898722,1.374541,0.2773324,0.3204853,1.357193,0.2600374,0.3028656,1.34423,0.04292296,0.3144097,1.305358,0.08006904,0.06695256,1.302534,0.1095539,-0.221521,1.306863,0.1466054,0.3182638,1.303033,0.1600671,0.08637968,1.290798,0.203953,-0.1313926,1.360922,0.0690529,0.7142479,1.322504
72057594037999830,1,1.516631,95834.14,0.09657717,0.3150902,1.332093,0.06774687,0.8769638,1.308102,-0.0422398,0.6792284,1.326224,-0.0592875,0.5061058,1.386829,-0.07200085,0.3846906,1.256879,-0.06265767,0.3690706,1.249154,0.1938454,0.676443,1.320249,0.2448894,0.4898722,1.374541,0.2773324,0.3204853,1.357193,0.2600374,0.3028656,1.34423,0.04292296,0.3144097,1.305358,0.08006904,0.06695256,1.302534,0.1095539,-0.221521,1.306863,0.1466054,0.3182638,1.303033,0.1600671,0.08637968,1.290798,0.203953,-0.1313926,1.360922,0.0690529,0.7142479,1.322504
72057594037999830,1,1.516631,95834.14,0.09657717,0.3150902,1.332093,0.06774687,0.8769638,1.308102,-0.0422398,0.6792284,1.326224,-0.0592875,0.5061058,1.386829,-0.07200085,0.3846906,1.256879,-0.06265767,0.3690706,1.249154,0.1938454,0.676443,1.320249,0.2448894,0.4898722,1.374541,0.2773324,0.3204853,1.357193,0.2600374,0.3028656,1.34423,0.04292296,0.3144097,1.305358,0.08006904,0.06695256,1.302534,0.1095539,-0.221521,1.306863,0.1466054,0.3182638,1.303033,0.1600671,0.08637968,1.290798,0.203953,-0.1313926,1.360922,0.0690529,0.7142479,1.322504
72057594037999830,1,1.516631,95834.14,0.09657717,0.3150902,1.332093,0.06774687,0.8769638,1.308102,-0.0422398,0.6792284,1.326224,-0.0592875,0.5061058,1.386829,-0.07200085,0.3846906,1.256879,-0.06265767,0.3690706,1.249154,0.1938454,0.676443,1.320249,0.2448894,0.4898722,1.374541,0.2773324,0.3204853,1.357193,0.2600374,0.3028656,1.34423,0.04292296,0.3144097,1.305358,0.08006904,0.06695256,1.302534,0.1095539,-0.221521,1.306863,0.1466054,0.3182638,1.303033,0.1600671,0.08637968,1.290798,0.203953,-0.1313926,1.360922,0.0690529,0.7142479,1.322504
72057594037999830,1,1.519812,95834.15,0.07064697,0.3217904,1.324132,0.06262342,0.882214,1.300587,-0.05093889,0.6851547,1.317949,-0.08834657,0.5204914,1.369594,-0.08393201,0.3845077,1.254959,-0.08347627,0.3732867,1.239169,0.1869186,0.6815745,1.311177,0.2394702,0.4935939,1.369166,0.2684123,0.3241009,1.343687,0.2563284,0.3281031,1.328269,0.01597126,0.3228497,1.297421,0.04190065,0.07343668,1.293108,0.05900274,-0.2299746,1.305875,0.1223623,0.3231466,1.294895,0.1356931,0.09540728,1.275033,0.1826984,-0.1233554,1.346886,0.05993306,0.7204473,1.314169
72057594037999830,1,1.519812,95834.15,0.07064697,0.3217904,1.324132,0.06262342,0.882214,1.300587,-0.05093889,0.6851547,1.317949,-0.08834657,0.5204914,1.369594,-0.08393201,0.3845077,1.254959,-0.08347627,0.3732867,1.239169,0.1869186,0.6815745,1.311177,0.2394702,0.4935939,1.369166,0.2684123,0.3241009,1.343687,0.2563284,0.3281031,1.328269,0.01597126,0.3228497,1.297421,0.04190065,0.07343668,1.293108,0.05900274,-0.2299746,1.305875,0.1223623,0.3231466,1.294895,0.1356931,0.09540728,1.275033,0.1826984,-0.1233554,1.346886,0.05993306,0.7204473,1.314169
72057594037999830,1,1.519812,95834.15,0.07064697,0.3217904,1.324132,0.06262342,0.882214,1.300587,-0.05093889,0.6851547,1.317949,-0.08834657,0.5204914,1.369594,-0.08393201,0.3845077,1.254959,-0.08347627,0.3732867,1.239169,0.1869186,0.6815745,1.311177,0.2394702,0.4935939,1.369166,0.2684123,0.3241009,1.343687,0.2563284,0.3281031,1.328269,0.01597126,0.3228497,1.297421,0.04190065,0.07343668,1.293108,0.05900274,-0.2299746,1.305875,0.1223623,0.3231466,1.294895,0.1356931,0.09540728,1.275033,0.1826984,-0.1233554,1.346886,0.05993306,0.7204473,1.314169
72057594037999830,1,1.519812,95834.16,0.07064697,0.3217904,1.324132,0.06262342,0.882214,1.300587,-0.05093889,0.6851547,1.317949,-0.08834657,0.5204914,1.369594,-0.08393201,0.3845077,1.254959,-0.08347627,0.3732867,1.239169,0.1869186,0.6815745,1.311177,0.2394702,0.4935939,1.369166,0.2684123,0.3241009,1.343687,0.2563284,0.3281031,1.328269,0.01597126,0.3228497,1.297421,0.04190065,0.07343668,1.293108,0.05900274,-0.2299746,1.305875,0.1223623,0.3231466,1.294895,0.1356931,0.09540728,1.275033,0.1826984,-0.1233554,1.346886,0.05993306,0.7204473,1.314169
72057594037999830,1,1.519812,95834.16,0.07064697,0.3217904,1.324132,0.06262342,0.882214,1.300587,-0.05093889,0.6851547,1.317949,-0.08834657,0.5204914,1.369594,-0.08393201,0.3845077,1.254959,-0.08347627,0.3732867,1.239169,0.1869186,0.6815745,1.311177,0.2394702,0.4935939,1.369166,0.2684123,0.3241009,1.343687,0.2563284,0.3281031,1.328269,0.01597126,0.3228497,1.297421,0.04190065,0.07343668,1.293108,0.05900274,-0.2299746,1.305875,0.1223623,0.3231466,1.294895,0.1356931,0.09540728,1.275033,0.1826984,-0.1233554,1.346886,0.05993306,0.7204473,1.314169
72057594037999830,1,1.519812,95834.16,0.07064697,0.3217904,1.324132,0.06262342,0.882214,1.300587,-0.05093889,0.6851547,1.317949,-0.08834657,0.5204914,1.369594,-0.08393201,0.3845077,1.254959,-0.08347627,0.3732867,1.239169,0.1869186,0.6815745,1.311177,0.2394702,0.4935939,1.369166,0.2684123,0.3241009,1.343687,0.2563284,0.3281031,1.328269,0.01597126,0.3228497,1.297421,0.04190065,0.07343668,1.293108,0.05900274,-0.2299746,1.305875,0.1223623,0.3231466,1.294895,0.1356931,0.09540728,1.275033,0.1826984,-0.1233554,1.346886,0.05993306,0.7204473,1.314169
72057594037999830,1,1.519812,95834.16,0.07064697,0.3217904,1.324132,0.06262342,0.882214,1.300587,-0.05093889,0.6851547,1.317949,-0.08834657,0.5204914,1.369594,-0.08393201,0.3845077,1.254959,-0.08347627,0.3732867,1.239169,0.1869186,0.6815745,1.311177,0.2394702,0.4935939,1.369166,0.2684123,0.3241009,1.343687,0.2563284,0.3281031,1.328269,0.01597126,0.3228497,1.297421,0.04190065,0.07343668,1.293108,0.05900274,-0.2299746,1.305875,0.1223623,0.3231466,1.294895,0.1356931,0.09540728,1.275033,0.1826984,-0.1233554,1.346886,0.05993306,0.7204473,1.314169
72057594037999830,1,1.519812,95834.16,0.07064697,0.3217904,1.324132,0.06262342,0.882214,1.300587,-0.05093889,0.6851547,1.317949,-0.08834657,0.5204914,1.369594,-0.08393201,0.3845077,1.254959,-0.08347627,0.3732867,1.239169,0.1869186,0.6815745,1.311177,0.2394702,0.4935939,1.369166,0.2684123,0.3241009,1.343687,0.2563284,0.3281031,1.328269,0.01597126,0.3228497,1.297421,0.04190065,0.07343668,1.293108,0.05900274,-0.2299746,1.305875,0.1223623,0.3231466,1.294895,0.1356931,0.09540728,1.275033,0.1826984,-0.1233554,1.346886,0.05993306,0.7204473,1.314169
72057594037999830,1,1.519812,95834.17,0.07064697,0.3217904,1.324132,0.06262342,0.882214,1.300587,-0.05093889,0.6851547,1.317949,-0.08834657,0.5204914,1.369594,-0.08393201,0.3845077,1.254959,-0.08347627,0.3732867,1.239169,0.1869186,0.6815745,1.311177,0.2394702,0.4935939,1.369166,0.2684123,0.3241009,1.343687,0.2563284,0.3281031,1.328269,0.01597126,0.3228497,1.297421,0.04190065,0.07343668,1.293108,0.05900274,-0.2299746,1.305875,0.1223623,0.3231466,1.294895,0.1356931,0.09540728,1.275033,0.1826984,-0.1233554,1.346886,0.05993306,0.7204473,1.314169
72057594037999830,1,1.519812,95834.17,0.07064697,0.3217904,1.324132,0.06262342,0.882214,1.300587,-0.05093889,0.6851547,1.317949,-0.08834657,0.5204914,1.369594,-0.08393201,0.3845077,1.254959,-0.08347627,0.3732867,1.239169,0.1869186,0.6815745,1.311177,0.2394702,0.4935939,1.369166,0.2684123,0.3241009,1.343687,0.2563284,0.3281031,1.328269,0.01597126,0.3228497,1.297421,0.04190065,0.07343668,1.293108,0.05900274,-0.2299746,1.305875,0.1223623,0.3231466,1.294895,0.1356931,0.09540728,1.275033,0.1826984,-0.1233554,1.346886,0.05993306,0.7204473,1.314169
72057594037999830,1,1.519812,95834.18,0.07064697,0.3217904,1.324132,0.06262342,0.882214,1.300587,-0.05093889,0.6851547,1.317949,-0.08834657,0.5204914,1.369594,-0.08393201,0.3845077,1.254959,-0.08347627,0.3732867,1.239169,0.1869186,0.6815745,1.311177,0.2394702,0.4935939,1.369166,0.2684123,0.3241009,1.343687,0.2563284,0.3281031,1.328269,0.01597126,0.3228497,1.297421,0.04190065,0.07343668,1.293108,0.05900274,-0.2299746,1.305875,0.1223623,0.3231466,1.294895,0.1356931,0.09540728,1.275033,0.1826984,-0.1233554,1.346886,0.05993306,0.7204473,1.314169
72057594037999830,1,1.519812,95834.18,0.07064697,0.3217904,1.324132,0.06262342,0.882214,1.300587,-0.05093889,0.6851547,1.317949,-0.08834657,0.5204914,1.369594,-0.08393201,0.3845077,1.254959,-0.08347627,0.3732867,1.239169,0.1869186,0.6815745,1.311177,0.2394702,0.4935939,1.369166,0.2684123,0.3241009,1.343687,0.2563284,0.3281031,1.328269,0.01597126,0.3228497,1.297421,0.04190065,0.07343668,1.293108,0.05900274,-0.2299746,1.305875,0.1223623,0.3231466,1.294895,0.1356931,0.09540728,1.275033,0.1826984,-0.1233554,1.346886,0.05993306,0.7204473,1.314169
72057594037999830,1,1.525526,95834.18,0.05144966,0.3167501,1.318916,0.05388762,0.8809638,1.291098,-0.06223195,0.6805272,1.30819,-0.1020229,0.512856,1.355697,-0.1130962,0.3747459,1.244334,-0.1250765,0.3512263,1.197203,0.1779769,0.6788229,1.299178,0.2311807,0.4919926,1.358571,0.260391,0.3235999,1.32451,0.2490928,0.28672,1.31115,-0.002904208,0.3184144,1.293356,-0.01818385,0.07101545,1.277274,-0.01013548,-0.2049035,1.307234,0.1037161,0.3176202,1.288497,0.08312963,0.06586957,1.259499,0.06254921,-0.2099211,1.286132,0.05150655,0.7177408,1.306485
72057594037999830,1,1.525526,95834.19,0.05144966,0.3167501,1.318916,0.05388762,0.8809638,1.291098,-0.06223195,0.6805272,1.30819,-0.1020229,0.512856,1.355697,-0.1130962,0.3747459,1.244334,-0.1250765,0.3512263,1.197203,0.1779769,0.6788229,1.299178,0.2311807,0.4919926,1.358571,0.260391,0.3235999,1.32451,0.2490928,0.28672,1.31115,-0.002904208,0.3184144,1.293356,-0.01818385,0.07101545,1.277274,-0.01013548,-0.2049035,1.307234,0.1037161,0.3176202,1.288497,0.08312963,0.06586957,1.259499,0.06254921,-0.2099211,1.286132,0.05150655,0.7177408,1.306485
72057594037999830,1,1.525526,95834.19,0.05144966,0.3167501,1.318916,0.05388762,0.8809638,1.291098,-0.06223195,0.6805272,1.30819,-0.1020229,0.512856,1.355697,-0.1130962,0.3747459,1.244334,-0.1250765,0.3512263,1.197203,0.1779769,0.6788229,1.299178,0.2311807,0.4919926,1.358571,0.260391,0.3235999,1.32451,0.2490928,0.28672,1.31115,-0.002904208,0.3184144,1.293356,-0.01818385,0.07101545,1.277274,-0.01013548,-0.2049035,1.307234,0.1037161,0.3176202,1.288497,0.08312963,0.06586957,1.259499,0.06254921,-0.2099211,1.286132,0.05150655,0.7177408,1.306485
72057594037999830,1,1.525526,95834.19,0.05144966,0.3167501,1.318916,0.05388762,0.8809638,1.291098,-0.06223195,0.6805272,1.30819,-0.1020229,0.512856,1.355697,-0.1130962,0.3747459,1.244334,-0.1250765,0.3512263,1.197203,0.1779769,0.6788229,1.299178,0.2311807,0.4919926,1.358571,0.260391,0.3235999,1.32451,0.2490928,0.28672,1.31115,-0.002904208,0.3184144,1.293356,-0.01818385,0.07101545,1.277274,-0.01013548,-0.2049035,1.307234,0.1037161,0.3176202,1.288497,0.08312963,0.06586957,1.259499,0.06254921,-0.2099211,1.286132,0.05150655,0.7177408,1.306485
72057594037999830,1,1.525526,95834.2,0.05144966,0.3167501,1.318916,0.05388762,0.8809638,1.291098,-0.06223195,0.6805272,1.30819,-0.1020229,0.512856,1.355697,-0.1130962,0.3747459,1.244334,-0.1250765,0.3512263,1.197203,0.1779769,0.6788229,1.299178,0.2311807,0.4919926,1.358571,0.260391,0.3235999,1.32451,0.2490928,0.28672,1.31115,-0.002904208,0.3184144,1.293356,-0.01818385,0.07101545,1.277274,-0.01013548,-0.2049035,1.307234,0.1037161,0.3176202,1.288497,0.08312963,0.06586957,1.259499,0.06254921,-0.2099211,1.286132,0.05150655,0.7177408,1.306485
72057594037999830,1,1.525526,95834.2,0.05144966,0.3167501,1.318916,0.05388762,0.8809638,1.291098,-0.06223195,0.6805272,1.30819,-0.1020229,0.512856,1.355697,-0.1130962,0.3747459,1.244334,-0.1250765,0.3512263,1.197203,0.1779769,0.6788229,1.299178,0.2311807,0.4919926,1.358571,0.260391,0.3235999,1.32451,0.2490928,0.28672,1.31115,-0.002904208,0.3184144,1.293356,-0.01818385,0.07101545,1.277274,-0.01013548,-0.2049035,1.307234,0.1037161,0.3176202,1.288497,0.08312963,0.06586957,1.259499,0.06254921,-0.2099211,1.286132,0.05150655,0.7177408,1.306485
72057594037999830,1,1.525526,95834.2,0.05144966,0.3167501,1.318916,0.05388762,0.8809638,1.291098,-0.06223195,0.6805272,1.30819,-0.1020229,0.512856,1.355697,-0.1130962,0.3747459,1.244334,-0.1250765,0.3512263,1.197203,0.1779769,0.6788229,1.299178,0.2311807,0.4919926,1.358571,0.260391,0.3235999,1.32451,0.2490928,0.28672,1.31115,-0.002904208,0.3184144,1.293356,-0.01818385,0.07101545,1.277274,-0.01013548,-0.2049035,1.307234,0.1037161,0.3176202,1.288497,0.08312963,0.06586957,1.259499,0.06254921,-0.2099211,1.286132,0.05150655,0.7177408,1.306485
72057594037999830,1,1.525526,95834.2,0.05144966,0.3167501,1.318916,0.05388762,0.8809638,1.291098,-0.06223195,0.6805272,1.30819,-0.1020229,0.512856,1.355697,-0.1130962,0.3747459,1.244334,-0.1250765,0.3512263,1.197203,0.1779769,0.6788229,1.299178,0.2311807,0.4919926,1.358571,0.260391,0.3235999,1.32451,0.2490928,0.28672,1.31115,-0.002904208,0.3184144,1.293356,-0.01818385,0.07101545,1.277274,-0.01013548,-0.2049035,1.307234,0.1037161,0.3176202,1.288497,0.08312963,0.06586957,1.259499,0.06254921,-0.2099211,1.286132,0.05150655,0.7177408,1.306485
72057594037999830,1,1.525526,95834.2,0.05144966,0.3167501,1.318916,0.05388762,0.8809638,1.291098,-0.06223195,0.6805272,1.30819,-0.1020229,0.512856,1.355697,-0.1130962,0.3747459,1.244334,-0.1250765,0.3512263,1.197203,0.1779769,0.6788229,1.299178,0.2311807,0.4919926,1.358571,0.260391,0.3235999,1.32451,0.2490928,0.28672,1.31115,-0.002904208,0.3184144,1.293356,-0.01818385,0.07101545,1.277274,-0.01013548,-0.2049035,1.307234,0.1037161,0.3176202,1.288497,0.08312963,0.06586957,1.259499,0.06254921,-0.2099211,1.286132,0.05150655,0.7177408,1.306485
72057594037999830,1,1.525526,95834.21,0.05144966,0.3167501,1.318916,0.05388762,0.8809638,1.291098,-0.06223195,0.6805272,1.30819,-0.1020229,0.512856,1.355697,-0.1130962,0.3747459,1.244334,-0.1250765,0.3512263,1.197203,0.1779769,0.6788229,1.299178,0.2311807,0.4919926,1.358571,0.260391,0.3235999,1.32451,0.2490928,0.28672,1.31115,-0.002904208,0.3184144,1.293356,-0.01818385,0.07101545,1.277274,-0.01013548,-0.2049035,1.307234,0.1037161,0.3176202,1.288497,0.08312963,0.06586957,1.259499,0.06254921,-0.2099211,1.286132,0.05150655,0.7177408,1.306485
72057594037999830,1,1.525526,95834.21,0.05144966,0.3167501,1.318916,0.05388762,0.8809638,1.291098,-0.06223195,0.6805272,1.30819,-0.1020229,0.512856,1.355697,-0.1130962,0.3747459,1.244334,-0.1250765,0.3512263,1.197203,0.1779769,0.6788229,1.299178,0.2311807,0.4919926,1.358571,0.260391,0.3235999,1.32451,0.2490928,0.28672,1.31115,-0.002904208,0.3184144,1.293356,-0.01818385,0.07101545,1.277274,-0.01013548,-0.2049035,1.307234,0.1037161,0.3176202,1.288497,0.08312963,0.06586957,1.259499,0.06254921,-0.2099211,1.286132,0.05150655,0.7177408,1.306485
72057594037999830,1,1.538791,95834.22,0.02673095,0.2968203,1.311671,0.04109143,0.8670131,1.278174,-0.07436126,0.6610732,1.293183,-0.1177971,0.4795609,1.331182,-0.1431595,0.3448192,1.218155,-0.1471807,0.3207301,1.181122,0.1649729,0.6601404,1.280624,0.2231791,0.4796729,1.341597,0.2540682,0.3129048,1.300207,0.2532034,0.2805448,1.285085,-0.0270305,0.3017307,1.287263,-0.05625136,0.07359812,1.267845,-0.07391537,-0.1983685,1.316163,0.07936311,0.2949619,1.280037,0.07700431,0.05919579,1.253116,0.04901413,-0.217393,1.267406,0.03834104,0.7005843,1.294321
72057594037999830,1,1.538791,95834.22,0.02673095,0.2968203,1.311671,0.04109143,0.8670131,1.278174,-0.07436126,0.6610732,1.293183,-0.1177971,0.4795609,1.331182,-0.1431595,0.3448192,1.218155,-0.1471807,0.3207301,1.181122,0.1649729,0.6601404,1.280624,0.2231791,0.4796729,1.341597,0.2540682,0.3129048,1.300207,0.2532034,0.2805448,1.285085,-0.0270305,0.3017307,1.287263,-0.05625136,0.07359812,1.267845,-0.07391537,-0.1983685,1.316163,0.07936311,0.2949619,1.280037,0.07700431,0.05919579,1.253116,0.04901413,-0.217393,1.267406,0.03834104,0.7005843,1.294321
72057594037999830,1,1.538791,95834.22,0.02673095,0.2968203,1.311671,0.04109143,0.8670131,1.278174,-0.07436126,0.6610732,1.293183,-0.1177971,0.4795609,1.331182,-0.1431595,0.3448192,1.218155,-0.1471807,0.3207301,1.181122,0.1649729,0.6601404,1.280624,0.2231791,0.4796729,1.341597,0.2540682,0.3129048,1.300207,0.2532034,0.2805448,1.285085,-0.0270305,0.3017307,1.287263,-0.05625136,0.07359812,1.267845,-0.07391537,-0.1983685,1.316163,0.07936311,0.2949619,1.280037,0.07700431,0.05919579,1.253116,0.04901413,-0.217393,1.267406,0.03834104,0.7005843,1.294321
72057594037999830,1,1.538791,95834.23,0.02673095,0.2968203,1.311671,0.04109143,0.8670131,1.278174,-0.07436126,0.6610732,1.293183,-0.1177971,0.4795609,1.331182,-0.1431595,0.3448192,1.218155,-0.1471807,0.3207301,1.181122,0.1649729,0.6601404,1.280624,0.2231791,0.4796729,1.341597,0.2540682,0.3129048,1.300207,0.2532034,0.2805448,1.285085,-0.0270305,0.3017307,1.287263,-0.05625136,0.07359812,1.267845,-0.07391537,-0.1983685,1.316163,0.07936311,0.2949619,1.280037,0.07700431,0.05919579,1.253116,0.04901413,-0.217393,1.267406,0.03834104,0.7005843,1.294321
72057594037999830,1,1.538791,95834.23,0.02673095,0.2968203,1.311671,0.04109143,0.8670131,1.278174,-0.07436126,0.6610732,1.293183,-0.1177971,0.4795609,1.331182,-0.1431595,0.3448192,1.218155,-0.1471807,0.3207301,1.181122,0.1649729,0.6601404,1.280624,0.2231791,0.4796729,1.341597,0.2540682,0.3129048,1.300207,0.2532034,0.2805448,1.285085,-0.0270305,0.3017307,1.287263,-0.05625136,0.07359812,1.267845,-0.07391537,-0.1983685,1.316163,0.07936311,0.2949619,1.280037,0.07700431,0.05919579,1.253116,0.04901413,-0.217393,1.267406,0.03834104,0.7005843,1.294321
72057594037999830,1,1.538791,95834.23,0.02673095,0.2968203,1.311671,0.04109143,0.8670131,1.278174,-0.07436126,0.6610732,1.293183,-0.1177971,0.4795609,1.331182,-0.1431595,0.3448192,1.218155,-0.1471807,0.3207301,1.181122,0.1649729,0.6601404,1.280624,0.2231791,0.4796729,1.341597,0.2540682,0.3129048,1.300207,0.2532034,0.2805448,1.285085,-0.0270305,0.3017307,1.287263,-0.05625136,0.07359812,1.267845,-0.07391537,-0.1983685,1.316163,0.07936311,0.2949619,1.280037,0.07700431,0.05919579,1.253116,0.04901413,-0.217393,1.267406,0.03834104,0.7005843,1.294321
72057594037999830,1,1.538791,95834.23,0.02673095,0.2968203,1.311671,0.04109143,0.8670131,1.278174,-0.07436126,0.6610732,1.293183,-0.1177971,0.4795609,1.331182,-0.1431595,0.3448192,1.218155,-0.1471807,0.3207301,1.181122,0.1649729,0.6601404,1.280624,0.2231791,0.4796729,1.341597,0.2540682,0.3129048,1.300207,0.2532034,0.2805448,1.285085,-0.0270305,0.3017307,1.287263,-0.05625136,0.07359812,1.267845,-0.07391537,-0.1983685,1.316163,0.07936311,0.2949619,1.280037,0.07700431,0.05919579,1.253116,0.04901413,-0.217393,1.267406,0.03834104,0.7005843,1.294321
72057594037999830,1,1.538791,95834.23,0.02673095,0.2968203,1.311671,0.04109143,0.8670131,1.278174,-0.07436126,0.6610732,1.293183,-0.1177971,0.4795609,1.331182,-0.1431595,0.3448192,1.218155,-0.1471807,0.3207301,1.181122,0.1649729,0.6601404,1.280624,0.2231791,0.4796729,1.341597,0.2540682,0.3129048,1.300207,0.2532034,0.2805448,1.285085,-0.0270305,0.3017307,1.287263,-0.05625136,0.07359812,1.267845,-0.07391537,-0.1983685,1.316163,0.07936311,0.2949619,1.280037,0.07700431,0.05919579,1.253116,0.04901413,-0.217393,1.267406,0.03834104,0.7005843,1.294321
72057594037999830,1,1.538791,95834.23,0.02673095,0.2968203,1.311671,0.04109143,0.8670131,1.278174,-0.07436126,0.6610732,1.293183,-0.1177971,0.4795609,1.331182,-0.1431595,0.3448192,1.218155,-0.1471807,0.3207301,1.181122,0.1649729,0.6601404,1.280624,0.2231791,0.4796729,1.341597,0.2540682,0.3129048,1.300207,0.2532034,0.2805448,1.285085,-0.0270305,0.3017307,1.287263,-0.05625136,0.07359812,1.267845,-0.07391537,-0.1983685,1.316163,0.07936311,0.2949619,1.280037,0.07700431,0.05919579,1.253116,0.04901413,-0.217393,1.267406,0.03834104,0.7005843,1.294321
72057594037999830,1,1.538791,95834.24,0.02673095,0.2968203,1.311671,0.04109143,0.8670131,1.278174,-0.07436126,0.6610732,1.293183,-0.1177971,0.4795609,1.331182,-0.1431595,0.3448192,1.218155,-0.1471807,0.3207301,1.181122,0.1649729,0.6601404,1.280624,0.2231791,0.4796729,1.341597,0.2540682,0.3129048,1.300207,0.2532034,0.2805448,1.285085,-0.0270305,0.3017307,1.287263,-0.05625136,0.07359812,1.267845,-0.07391537,-0.1983685,1.316163,0.07936311,0.2949619,1.280037,0.07700431,0.05919579,1.253116,0.04901413,-0.217393,1.267406,0.03834104,0.7005843,1.294321
72057594037999830,1,1.538791,95834.24,0.02673095,0.2968203,1.311671,0.04109143,0.8670131,1.278174,-0.07436126,0.6610732,1.293183,-0.1177971,0.4795609,1.331182,-0.1431595,0.3448192,1.218155,-0.1471807,0.3207301,1.181122,0.1649729,0.6601404,1.280624,0.2231791,0.4796729,1.341597,0.2540682,0.3129048,1.300207,0.2532034,0.2805448,1.285085,-0.0270305,0.3017307,1.287263,-0.05625136,0.07359812,1.267845,-0.07391537,-0.1983685,1.316163,0.07936311,0.2949619,1.280037,0.07700431,0.05919579,1.253116,0.04901413,-0.217393,1.267406,0.03834104,0.7005843,1.294321
72057594037999830,1,1.559352,95834.25,0.002093964,0.2593014,1.304634,0.02775568,0.8348363,1.263534,-0.08449093,0.6218288,1.273537,-0.1283312,0.4347679,1.307038,-0.1623743,0.3006878,1.195865,-0.1640919,0.2809242,1.166313,0.1523046,0.6234751,1.263988,0.2165038,0.4587685,1.323579,0.2513719,0.293816,1.277874,0.2370687,0.2557901,1.259881,-0.05239839,0.2664248,1.279914,-0.08928765,0.0510748,1.263023,-0.1282301,-0.2122145,1.333923,0.0566053,0.2570835,1.273532,0.05065508,0.04846081,1.235302,-0.007699694,-0.2228707,1.253952,0.02522822,0.6628513,1.278964
72057594037999830,1,1.559352,95834.25,0.002093964,0.2593014,1.304634,0.02775568,0.8348363,1.263534,-0.08449093,0.6218288,1.273537,-0.1283312,0.4347679,1.307038,-0.1623743,0.3006878,1.195865,-0.1640919,0.2809242,1.166313,0.1523046,0.6234751,1.263988,0.2165038,0.4587685,1.323579,0.2513719,0.293816,1.277874,0.2370687,0.2557901,1.259881,-0.05239839,0.2664248,1.279914,-0.08928765,0.0510748,1.263023,-0.1282301,-0.2122145,1.333923,0.0566053,0.2570835,1.273532,0.05065508,0.04846081,1.235302,-0.007699694,-0.2228707,1.253952,0.02522822,0.6628513,1.278964
72057594037999830,1,1.559352,95834.25,0.002093964,0.2593014,1.304634,0.02775568,0.8348363,1.263534,-0.08449093,0.6218288,1.273537,-0.1283312,0.4347679,1.307038,-0.1623743,0.3006878,1.195865,-0.1640919,0.2809242,1.166313,0.1523046,0.6234751,1.263988,0.2165038,0.4587685,1.323579,0.2513719,0.293816,1.277874,0.2370687,0.2557901,1.259881,-0.05239839,0.2664248,1.279914,-0.08928765,0.0510748,1.263023,-0.1282301,-0.2122145,1.333923,0.0566053,0.2570835,1.273532,0.05065508,0.04846081,1.235302,-0.007699694,-0.2228707,1.253952,0.02522822,0.6628513,1.278964
72057594037999830,1,1.559352,95834.26,0.002093964,0.2593014,1.304634,0.02775568,0.8348363,1.263534,-0.08449093,0.6218288,1.273537,-0.1283312,0.4347679,1.307038,-0.1623743,0.3006878,1.195865,-0.1640919,0.2809242,1.166313,0.1523046,0.6234751,1.263988,0.2165038,0.4587685,1.323579,0.2513719,0.293816,1.277874,0.2370687,0.2557901,1.259881,-0.05239839,0.2664248,1.279914,-0.08928765,0.0510748,1.263023,-0.1282301,-0.2122145,1.333923,0.0566053,0.2570835,1.273532,0.05065508,0.04846081,1.235302,-0.007699694,-0.2228707,1.253952,0.02522822,0.6628513,1.278964
72057594037999830,1,1.559352,95834.26,0.002093964,0.2593014,1.304634,0.02775568,0.8348363,1.263534,-0.08449093,0.6218288,1.273537,-0.1283312,0.4347679,1.307038,-0.1623743,0.3006878,1.195865,-0.1640919,0.2809242,1.166313,0.1523046,0.6234751,1.263988,0.2165038,0.4587685,1.323579,0.2513719,0.293816,1.277874,0.2370687,0.2557901,1.259881,-0.05239839,0.2664248,1.279914,-0.08928765,0.0510748,1.263023,-0.1282301,-0.2122145,1.333923,0.0566053,0.2570835,1.273532,0.05065508,0.04846081,1.235302,-0.007699694,-0.2228707,1.253952,0.02522822,0.6628513,1.278964
72057594037999830,1,1.559352,95834.26,0.002093964,0.2593014,1.304634,0.02775568,0.8348363,1.263534,-0.08449093,0.6218288,1.273537,-0.1283312,0.4347679,1.307038,-0.1623743,0.3006878,1.195865,-0.1640919,0.2809242,1.166313,0.1523046,0.6234751,1.263988,0.2165038,0.4587685,1.323579,0.2513719,0.293816,1.277874,0.2370687,0.2557901,1.259881,-0.05239839,0.2664248,1.279914,-0.08928765,0.0510748,1.263023,-0.1282301,-0.2122145,1.333923,0.0566053,0.2570835,1.273532,0.05065508,0.04846081,1.235302,-0.007699694,-0.2228707,1.253952,0.02522822,0.6628513,1.278964
72057594037999830,1,1.559352,95834.27,0.002093964,0.2593014,1.304634,0.02775568,0.8348363,1.263534,-0.08449093,0.6218288,1.273537,-0.1283312,0.4347679,1.307038,-0.1623743,0.3006878,1.195865,-0.1640919,0.2809242,1.166313,0.1523046,0.6234751,1.263988,0.2165038,0.4587685,1.323579,0.2513719,0.293816,1.277874,0.2370687,0.2557901,1.259881,-0.05239839,0.2664248,1.279914,-0.08928765,0.0510748,1.263023,-0.1282301,-0.2122145,1.333923,0.0566053,0.2570835,1.273532,0.05065508,0.04846081,1.235302,-0.007699694,-0.2228707,1.253952,0.02522822,0.6628513,1.278964
72057594037999830,1,1.559352,95834.27,0.002093964,0.2593014,1.304634,0.02775568,0.8348363,1.263534,-0.08449093,0.6218288,1.273537,-0.1283312,0.4347679,1.307038,-0.1623743,0.3006878,1.195865,-0.1640919,0.2809242,1.166313,0.1523046,0.6234751,1.263988,0.2165038,0.4587685,1.323579,0.2513719,0.293816,1.277874,0.2370687,0.2557901,1.259881,-0.05239839,0.2664248,1.279914,-0.08928765,0.0510748,1.263023,-0.1282301,-0.2122145,1.333923,0.0566053,0.2570835,1.273532,0.05065508,0.04846081,1.235302,-0.007699694,-0.2228707,1.253952,0.02522822,0.6628513,1.278964
72057594037999830,1,1.559352,95834.27,0.002093964,0.2593014,1.304634,0.02775568,0.8348363,1.263534,-0.08449093,0.6218288,1.273537,-0.1283312,0.4347679,1.307038,-0.1623743,0.3006878,1.195865,-0.1640919,0.2809242,1.166313,0.1523046,0.6234751,1.263988,0.2165038,0.4587685,1.323579,0.2513719,0.293816,1.277874,0.2370687,0.2557901,1.259881,-0.05239839,0.2664248,1.279914,-0.08928765,0.0510748,1.263023,-0.1282301,-0.2122145,1.333923,0.0566053,0.2570835,1.273532,0.05065508,0.04846081,1.235302,-0.007699694,-0.2228707,1.253952,0.02522822,0.6628513,1.278964
72057594037999830,1,1.559352,95834.27,0.002093964,0.2593014,1.304634,0.02775568,0.8348363,1.263534,-0.08449093,0.6218288,1.273537,-0.1283312,0.4347679,1.307038,-0.1623743,0.3006878,1.195865,-0.1640919,0.2809242,1.166313,0.1523046,0.6234751,1.263988,0.2165038,0.4587685,1.323579,0.2513719,0.293816,1.277874,0.2370687,0.2557901,1.259881,-0.05239839,0.2664248,1.279914,-0.08928765,0.0510748,1.263023,-0.1282301,-0.2122145,1.333923,0.0566053,0.2570835,1.273532,0.05065508,0.04846081,1.235302,-0.007699694,-0.2228707,1.253952,0.02522822,0.6628513,1.278964
72057594037999830,1,1.559352,95834.27,0.002093964,0.2593014,1.304634,0.02775568,0.8348363,1.263534,-0.08449093,0.6218288,1.273537,-0.1283312,0.4347679,1.307038,-0.1623743,0.3006878,1.195865,-0.1640919,0.2809242,1.166313,0.1523046,0.6234751,1.263988,0.2165038,0.4587685,1.323579,0.2513719,0.293816,1.277874,0.2370687,0.2557901,1.259881,-0.05239839,0.2664248,1.279914,-0.08928765,0.0510748,1.263023,-0.1282301,-0.2122145,1.333923,0.0566053,0.2570835,1.273532,0.05065508,0.04846081,1.235302,-0.007699694,-0.2228707,1.253952,0.02522822,0.6628513,1.278964
72057594037999830,1,1.559352,95834.28,0.002093964,0.2593014,1.304634,0.02775568,0.8348363,1.263534,-0.08449093,0.6218288,1.273537,-0.1283312,0.4347679,1.307038,-0.1623743,0.3006878,1.195865,-0.1640919,0.2809242,1.166313,0.1523046,0.6234751,1.263988,0.2165038,0.4587685,1.323579,0.2513719,0.293816,1.277874,0.2370687,0.2557901,1.259881,-0.05239839,0.2664248,1.279914,-0.08928765,0.0510748,1.263023,-0.1282301,-0.2122145,1.333923,0.0566053,0.2570835,1.273532,0.05065508,0.04846081,1.235302,-0.007699694,-0.2228707,1.253952,0.02522822,0.6628513,1.278964
72057594037999830,1,1.584614,95834.28,-0.02158748,0.2140073,1.297142,0.01953925,0.7951901,1.254045,-0.09318373,0.5804597,1.260738,-0.1380542,0.3950255,1.291646,-0.1681477,0.2584336,1.182731,-0.1721428,0.2433762,1.161394,0.1426043,0.5792271,1.251384,0.2012536,0.4124532,1.305912,0.2479308,0.2524323,1.253574,0.2329397,0.2183845,1.236478,-0.07368076,0.2248789,1.272601,-0.1256109,0.03221598,1.251613,-0.1797206,-0.2172059,1.350781,0.03166522,0.2103413,1.266159,0.02749245,0.02021101,1.21847,-0.009217661,-0.2339049,1.257132,0.01575359,0.6204266,1.268337
72057594037999830,1,1.584614,95834.29,-0.02158748,0.2140073,1.297142,0.01953925,0.7951901,1.254045,-0.09318373,0.5804597,1.260738,-0.1380542,0.3950255,1.291646,-0.1681477,0.2584336,1.182731,-0.1721428,0.2433762,1.161394,0.1426043,0.5792271,1.251384,0.2012536,0.4124532,1.305912,0.2479308,0.2524323,1.253574,0.2329397,0.2183845,1.236478,-0.07368076,0.2248789,1.272601,-0.1256109,0.03221598,1.251613,-0.1797206,-0.2172059,1.350781,0.03166522,0.2103413,1.266159,0.02749245,0.02021101,1.21847,-0.009217661,-0.2339049,1.257132,0.01575359,0.6204266,1.268337
72057594037999830,1,1.584614,95834.29,-0.02158748,0.2140073,1.297142,0.01953925,0.7951901,1.254045,-0.09318373,0.5804597,1.260738,-0.1380542,0.3950255,1.291646,-0.1681477,0.2584336,1.182731,-0.1721428,0.2433762,1.161394,0.1426043,0.5792271,1.251384,0.2012536,0.4124532,1.305912,0.2479308,0.2524323,1.253574,0.2329397,0.2183845,1.236478,-0.07368076,0.2248789,1.272601,-0.1256109,0.03221598,1.251613,-0.1797206,-0.2172059,1.350781,0.03166522,0.2103413,1.266159,0.02749245,0.02021101,1.21847,-0.009217661,-0.2339049,1.257132,0.01575359,0.6204266,1.268337
72057594037999830,1,1.584614,95834.29,-0.02158748,0.2140073,1.297142,0.01953925,0.7951901,1.254045,-0.09318373,0.5804597,1.260738,-0.1380542,0.3950255,1.291646,-0.1681477,0.2584336,1.182731,-0.1721428,0.2433762,1.161394,0.1426043,0.5792271,1.251384,0.2012536,0.4124532,1.305912,0.2479308,0.2524323,1.253574,0.2329397,0.2183845,1.236478,-0.07368076,0.2248789,1.272601,-0.1256109,0.03221598,1.251613,-0.1797206,-0.2172059,1.350781,0.03166522,0.2103413,1.266159,0.02749245,0.02021101,1.21847,-0.009217661,-0.2339049,1.257132,0.01575359,0.6204266,1.268337
72057594037999830,1,1.584614,95834.3,-0.02158748,0.2140073,1.297142,0.01953925,0.7951901,1.254045,-0.09318373,0.5804597,1.260738,-0.1380542,0.3950255,1.291646,-0.1681477,0.2584336,1.182731,-0.1721428,0.2433762,1.161394,0.1426043,0.5792271,1.251384,0.2012536,0.4124532,1.305912,0.2479308,0.2524323,1.253574,0.2329397,0.2183845,1.236478,-0.07368076,0.2248789,1.272601,-0.1256109,0.03221598,1.251613,-0.1797206,-0.2172059,1.350781,0.03166522,0.2103413,1.266159,0.02749245,0.02021101,1.21847,-0.009217661,-0.2339049,1.257132,0.01575359,0.6204266,1.268337
72057594037999830,1,1.584614,95834.3,-0.02158748,0.2140073,1.297142,0.01953925,0.7951901,1.254045,-0.09318373,0.5804597,1.260738,-0.1380542,0.3950255,1.291646,-0.1681477,0.2584336,1.182731,-0.1721428,0.2433762,1.161394,0.1426043,0.5792271,1.251384,0.2012536,0.4124532,1.305912,0.2479308,0.2524323,1.253574,0.2329397,0.2183845,1.236478,-0.07368076,0.2248789,1.272601,-0.1256109,0.03221598,1.251613,-0.1797206,-0.2172059,1.350781,0.03166522,0.2103413,1.266159,0.02749245,0.02021101,1.21847,-0.009217661,-0.2339049,1.257132,0.01575359,0.6204266,1.268337
72057594037999830,1,1.584614,95834.3,-0.02158748,0.2140073,1.297142,0.01953925,0.7951901,1.254045,-0.09318373,0.5804597,1.260738,-0.1380542,0.3950255,1.291646,-0.1681477,0.2584336,1.182731,-0.1721428,0.2433762,1.161394,0.1426043,0.5792271,1.251384,0.2012536,0.4124532,1.305912,0.2479308,0.2524323,1.253574,0.2329397,0.2183845,1.236478,-0.07368076,0.2248789,1.272601,-0.1256109,0.03221598,1.251613,-0.1797206,-0.2172059,1.350781,0.03166522,0.2103413,1.266159,0.02749245,0.02021101,1.21847,-0.009217661,-0.2339049,1.257132,0.01575359,0.6204266,1.268337
72057594037999830,1,1.584614,95834.3,-0.02158748,0.2140073,1.297142,0.01953925,0.7951901,1.254045,-0.09318373,0.5804597,1.260738,-0.1380542,0.3950255,1.291646,-0.1681477,0.2584336,1.182731,-0.1721428,0.2433762,1.161394,0.1426043,0.5792271,1.251384,0.2012536,0.4124532,1.305912,0.2479308,0.2524323,1.253574,0.2329397,0.2183845,1.236478,-0.07368076,0.2248789,1.272601,-0.1256109,0.03221598,1.251613,-0.1797206,-0.2172059,1.350781,0.03166522,0.2103413,1.266159,0.02749245,0.02021101,1.21847,-0.009217661,-0.2339049,1.257132,0.01575359,0.6204266,1.268337
72057594037999830,1,1.584614,95834.3,-0.02158748,0.2140073,1.297142,0.01953925,0.7951901,1.254045,-0.09318373,0.5804597,1.260738,-0.1380542,0.3950255,1.291646,-0.1681477,0.2584336,1.182731,-0.1721428,0.2433762,1.161394,0.1426043,0.5792271,1.251384,0.2012536,0.4124532,1.305912,0.2479308,0.2524323,1.253574,0.2329397,0.2183845,1.236478,-0.07368076,0.2248789,1.272601,-0.1256109,0.03221598,1.251613,-0.1797206,-0.2172059,1.350781,0.03166522,0.2103413,1.266159,0.02749245,0.02021101,1.21847,-0.009217661,-0.2339049,1.257132,0.01575359,0.6204266,1.268337
72057594037999830,1,1.584614,95834.31,-0.02158748,0.2140073,1.297142,0.01953925,0.7951901,1.254045,-0.09318373,0.5804597,1.260738,-0.1380542,0.3950255,1.291646,-0.1681477,0.2584336,1.182731,-0.1721428,0.2433762,1.161394,0.1426043,0.5792271,1.251384,0.2012536,0.4124532,1.305912,0.2479308,0.2524323,1.253574,0.2329397,0.2183845,1.236478,-0.07368076,0.2248789,1.272601,-0.1256109,0.03221598,1.251613,-0.1797206,-0.2172059,1.350781,0.03166522,0.2103413,1.266159,0.02749245,0.02021101,1.21847,-0.009217661,-0.2339049,1.257132,0.01575359,0.6204266,1.268337
72057594037999830,1,1.584614,95834.31,-0.02158748,0.2140073,1.297142,0.01953925,0.7951901,1.254045,-0.09318373,0.5804597,1.260738,-0.1380542,0.3950255,1.291646,-0.1681477,0.2584336,1.182731,-0.1721428,0.2433762,1.161394,0.1426043,0.5792271,1.251384,0.2012536,0.4124532,1.305912,0.2479308,0.2524323,1.253574,0.2329397,0.2183845,1.236478,-0.07368076,0.2248789,1.272601,-0.1256109,0.03221598,1.251613,-0.1797206,-0.2172059,1.350781,0.03166522,0.2103413,1.266159,0.02749245,0.02021101,1.21847,-0.009217661,-0.2339049,1.257132,0.01575359,0.6204266,1.268337
72057594037999830,1,1.597218,95834.31,-0.0312124,0.1918617,1.293692,0.01628801,0.7723918,1.250338,-0.1008244,0.5530397,1.254182,-0.1446869,0.3753696,1.288982,-0.171563,0.2339049,1.186096,-0.1775748,0.2131499,1.165635,0.136993,0.5505922,1.250356,0.188783,0.3853382,1.305204,0.2413736,0.2290076,1.247252,0.228442,0.1925143,1.223015,-0.0832652,0.2010595,1.267689,-0.1506742,0.01029187,1.248142,-0.2007454,-0.2279034,1.364361,0.02199924,0.1898036,1.264047,0.0228993,0.007579863,1.20594,-0.009538838,-0.2344763,1.256869,0.008949792,0.5966063,1.263331
72057594037999830,1,1.597218,95834.32,-0.0312124,0.1918617,1.293692,0.01628801,0.7723918,1.250338,-0.1008244,0.5530397,1.254182,-0.1446869,0.3753696,1.288982,-0.171563,0.2339049,1.186096,-0.1775748,0.2131499,1.165635,0.136993,0.5505922,1.250356,0.188783,0.3853382,1.305204,0.2413736,0.2290076,1.247252,0.228442,0.1925143,1.223015,-0.0832652,0.2010595,1.267689,-0.1506742,0.01029187,1.248142,-0.2007454,-0.2279034,1.364361,0.02199924,0.1898036,1.264047,0.0228993,0.007579863,1.20594,-0.009538838,-0.2344763,1.256869,0.008949792,0.5966063,1.263331
72057594037999830,1,1.597218,95834.32,-0.0312124,0.1918617,1.293692,0.01628801,0.7723918,1.250338,-0.1008244,0.5530397,1.254182,-0.1446869,0.3753696,1.288982,-0.171563,0.2339049,1.186096,-0.1775748,0.2131499,1.165635,0.136993,0.5505922,1.250356,0.188783,0.3853382,1.305204,0.2413736,0.2290076,1.247252,0.228442,0.1925143,1.223015,-0.0832652,0.2010595,1.267689,-0.1506742,0.01029187,1.248142,-0.2007454,-0.2279034,1.364361,0.02199924,0.1898036,1.264047,0.0228993,0.007579863,1.20594,-0.009538838,-0.2344763,1.256869,0.008949792,0.5966063,1.263331
72057594037999830,1,1.597218,95834.33,-0.0312124,0.1918617,1.293692,0.01628801,0.7723918,1.250338,-0.1008244,0.5530397,1.254182,-0.1446869,0.3753696,1.288982,-0.171563,0.2339049,1.186096,-0.1775748,0.2131499,1.165635,0.136993,0.5505922,1.250356,0.188783,0.3853382,1.305204,0.2413736,0.2290076,1.247252,0.228442,0.1925143,1.223015,-0.0832652,0.2010595,1.267689,-0.1506742,0.01029187,1.248142,-0.2007454,-0.2279034,1.364361,0.02199924,0.1898036,1.264047,0.0228993,0.007579863,1.20594,-0.009538838,-0.2344763,1.256869,0.008949792,0.5966063,1.263331
72057594037999830,1,1.597218,95834.33,-0.0312124,0.1918617,1.293692,0.01628801,0.7723918,1.250338,-0.1008244,0.5530397,1.254182,-0.1446869,0.3753696,1.288982,-0.171563,0.2339049,1.186096,-0.1775748,0.2131499,1.165635,0.136993,0.5505922,1.250356,0.188783,0.3853382,1.305204,0.2413736,0.2290076,1.247252,0.228442,0.1925143,1.223015,-0.0832652,0.2010595,1.267689,-0.1506742,0.01029187,1.248142,-0.2007454,-0.2279034,1.364361,0.02199924,0.1898036,1.264047,0.0228993,0.007579863,1.20594,-0.009538838,-0.2344763,1.256869,0.008949792,0.5966063,1.263331
72057594037999830,1,1.597218,95834.33,-0.0312124,0.1918617,1.293692,0.01628801,0.7723918,1.250338,-0.1008244,0.5530397,1.254182,-0.1446869,0.3753696,1.288982,-0.171563,0.2339049,1.186096,-0.1775748,0.2131499,1.165635,0.136993,0.5505922,1.250356,0.188783,0.3853382,1.305204,0.2413736,0.2290076,1.247252,0.228442,0.1925143,1.223015,-0.0832652,0.2010595,1.267689,-0.1506742,0.01029187,1.248142,-0.2007454,-0.2279034,1.364361,0.02199924,0.1898036,1.264047,0.0228993,0.007579863,1.20594,-0.009538838,-0.2344763,1.256869,0.008949792,0.5966063,1.263331
72057594037999830,1,1.597218,95834.34,-0.0312124,0.1918617,1.293692,0.01628801,0.7723918,1.250338,-0.1008244,0.5530397,1.254182,-0.1446869,0.3753696,1.288982,-0.171563,0.2339049,1.186096,-0.1775748,0.2131499,1.165635,0.136993,0.5505922,1.250356,0.188783,0.3853382,1.305204,0.2413736,0.2290076,1.247252,0.228442,0.1925143,1.223015,-0.0832652,0.2010595,1.267689,-0.1506742,0.01029187,1.248142,-0.2007454,-0.2279034,1.364361,0.02199924,0.1898036,1.264047,0.0228993,0.007579863,1.20594,-0.009538838,-0.2344763,1.256869,0.008949792,0.5966063,1.263331
72057594037999830,1,1.597218,95834.34,-0.0312124,0.1918617,1.293692,0.01628801,0.7723918,1.250338,-0.1008244,0.5530397,1.254182,-0.1446869,0.3753696,1.288982,-0.171563,0.2339049,1.186096,-0.1775748,0.2131499,1.165635,0.136993,0.5505922,1.250356,0.188783,0.3853382,1.305204,0.2413736,0.2290076,1.247252,0.228442,0.1925143,1.223015,-0.0832652,0.2010595,1.267689,-0.1506742,0.01029187,1.248142,-0.2007454,-0.2279034,1.364361,0.02199924,0.1898036,1.264047,0.0228993,0.007579863,1.20594,-0.009538838,-0.2344763,1.256869,0.008949792,0.5966063,1.263331
72057594037999830,1,1.597218,95834.34,-0.0312124,0.1918617,1.293692,0.01628801,0.7723918,1.250338,-0.1008244,0.5530397,1.254182,-0.1446869,0.3753696,1.288982,-0.171563,0.2339049,1.186096,-0.1775748,0.2131499,1.165635,0.136993,0.5505922,1.250356,0.188783,0.3853382,1.305204,0.2413736,0.2290076,1.247252,0.228442,0.1925143,1.223015,-0.0832652,0.2010595,1.267689,-0.1506742,0.01029187,1.248142,-0.2007454,-0.2279034,1.364361,0.02199924,0.1898036,1.264047,0.0228993,0.007579863,1.20594,-0.009538838,-0.2344763,1.256869,0.008949792,0.5966063,1.263331
72057594037999830,1,1.597218,95834.34,-0.0312124,0.1918617,1.293692,0.01628801,0.7723918,1.250338,-0.1008244,0.5530397,1.254182,-0.1446869,0.3753696,1.288982,-0.171563,0.2339049,1.186096,-0.1775748,0.2131499,1.165635,0.136993,0.5505922,1.250356,0.188783,0.3853382,1.305204,0.2413736,0.2290076,1.247252,0.228442,0.1925143,1.223015,-0.0832652,0.2010595,1.267689,-0.1506742,0.01029187,1.248142,-0.2007454,-0.2279034,1.364361,0.02199924,0.1898036,1.264047,0.0228993,0.007579863,1.20594,-0.009538838,-0.2344763,1.256869,0.008949792,0.5966063,1.263331
72057594037999830,1,1.597218,95834.34,-0.0312124,0.1918617,1.293692,0.01628801,0.7723918,1.250338,-0.1008244,0.5530397,1.254182,-0.1446869,0.3753696,1.288982,-0.171563,0.2339049,1.186096,-0.1775748,0.2131499,1.165635,0.136993,0.5505922,1.250356,0.188783,0.3853382,1.305204,0.2413736,0.2290076,1.247252,0.228442,0.1925143,1.223015,-0.0832652,0.2010595,1.267689,-0.1506742,0.01029187,1.248142,-0.2007454,-0.2279034,1.364361,0.02199924,0.1898036,1.264047,0.0228993,0.007579863,1.20594,-0.009538838,-0.2344763,1.256869,0.008949792,0.5966063,1.263331
72057594037999830,1,1.60474,95834.35,-0.03668904,0.183208,1.289565,0.01422057,0.7650708,1.248333,-0.1043316,0.5473547,1.252322,-0.1507692,0.3648906,1.285304,-0.1697704,0.213122,1.19754,-0.1744332,0.1842239,1.185076,0.1313744,0.5450475,1.251785,0.1773627,0.3712207,1.305679,0.2217882,0.2136523,1.243815,0.2144768,0.1722092,1.225073,-0.08841196,0.1915518,1.262584,-0.1518969,-0.004832685,1.243808,-0.2054271,-0.2291676,1.364982,0.01654362,0.1825171,1.260956,0.01689655,9.909272E-05,1.193729,-0.009748789,-0.2347388,1.256315,0.003519215,0.5877523,1.260792
72057594037999830,1,1.60474,95834.35,-0.03668904,0.183208,1.289565,0.01422057,0.7650708,1.248333,-0.1043316,0.5473547,1.252322,-0.1507692,0.3648906,1.285304,-0.1697704,0.213122,1.19754,-0.1744332,0.1842239,1.185076,0.1313744,0.5450475,1.251785,0.1773627,0.3712207,1.305679,0.2217882,0.2136523,1.243815,0.2144768,0.1722092,1.225073,-0.08841196,0.1915518,1.262584,-0.1518969,-0.004832685,1.243808,-0.2054271,-0.2291676,1.364982,0.01654362,0.1825171,1.260956,0.01689655,9.909272E-05,1.193729,-0.009748789,-0.2347388,1.256315,0.003519215,0.5877523,1.260792
72057594037999830,1,1.60474,95834.35,-0.03668904,0.183208,1.289565,0.01422057,0.7650708,1.248333,-0.1043316,0.5473547,1.252322,-0.1507692,0.3648906,1.285304,-0.1697704,0.213122,1.19754,-0.1744332,0.1842239,1.185076,0.1313744,0.5450475,1.251785,0.1773627,0.3712207,1.305679,0.2217882,0.2136523,1.243815,0.2144768,0.1722092,1.225073,-0.08841196,0.1915518,1.262584,-0.1518969,-0.004832685,1.243808,-0.2054271,-0.2291676,1.364982,0.01654362,0.1825171,1.260956,0.01689655,9.909272E-05,1.193729,-0.009748789,-0.2347388,1.256315,0.003519215,0.5877523,1.260792
72057594037999830,1,1.60474,95834.36,-0.03668904,0.183208,1.289565,0.01422057,0.7650708,1.248333,-0.1043316,0.5473547,1.252322,-0.1507692,0.3648906,1.285304,-0.1697704,0.213122,1.19754,-0.1744332,0.1842239,1.185076,0.1313744,0.5450475,1.251785,0.1773627,0.3712207,1.305679,0.2217882,0.2136523,1.243815,0.2144768,0.1722092,1.225073,-0.08841196,0.1915518,1.262584,-0.1518969,-0.004832685,1.243808,-0.2054271,-0.2291676,1.364982,0.01654362,0.1825171,1.260956,0.01689655,9.909272E-05,1.193729,-0.009748789,-0.2347388,1.256315,0.003519215,0.5877523,1.260792
72057594037999830,1,1.60474,95834.36,-0.03668904,0.183208,1.289565,0.01422057,0.7650708,1.248333,-0.1043316,0.5473547,1.252322,-0.1507692,0.3648906,1.285304,-0.1697704,0.213122,1.19754,-0.1744332,0.1842239,1.185076,0.1313744,0.5450475,1.251785,0.1773627,0.3712207,1.305679,0.2217882,0.2136523,1.243815,0.2144768,0.1722092,1.225073,-0.08841196,0.1915518,1.262584,-0.1518969,-0.004832685,1.243808,-0.2054271,-0.2291676,1.364982,0.01654362,0.1825171,1.260956,0.01689655,9.909272E-05,1.193729,-0.009748789,-0.2347388,1.256315,0.003519215,0.5877523,1.260792
72057594037999830,1,1.60474,95834.36,-0.03668904,0.183208,1.289565,0.01422057,0.7650708,1.248333,-0.1043316,0.5473547,1.252322,-0.1507692,0.3648906,1.285304,-0.1697704,0.213122,1.19754,-0.1744332,0.1842239,1.185076,0.1313744,0.5450475,1.251785,0.1773627,0.3712207,1.305679,0.2217882,0.2136523,1.243815,0.2144768,0.1722092,1.225073,-0.08841196,0.1915518,1.262584,-0.1518969,-0.004832685,1.243808,-0.2054271,-0.2291676,1.364982,0.01654362,0.1825171,1.260956,0.01689655,9.909272E-05,1.193729,-0.009748789,-0.2347388,1.256315,0.003519215,0.5877523,1.260792
72057594037999830,1,1.60474,95834.37,-0.03668904,0.183208,1.289565,0.01422057,0.7650708,1.248333,-0.1043316,0.5473547,1.252322,-0.1507692,0.3648906,1.285304,-0.1697704,0.213122,1.19754,-0.1744332,0.1842239,1.185076,0.1313744,0.5450475,1.251785,0.1773627,0.3712207,1.305679,0.2217882,0.2136523,1.243815,0.2144768,0.1722092,1.225073,-0.08841196,0.1915518,1.262584,-0.1518969,-0.004832685,1.243808,-0.2054271,-0.2291676,1.364982,0.01654362,0.1825171,1.260956,0.01689655,9.909272E-05,1.193729,-0.009748789,-0.2347388,1.256315,0.003519215,0.5877523,1.260792
72057594037999830,1,1.60474,95834.37,-0.03668904,0.183208,1.289565,0.01422057,0.7650708,1.248333,-0.1043316,0.5473547,1.252322,-0.1507692,0.3648906,1.285304,-0.1697704,0.213122,1.19754,-0.1744332,0.1842239,1.185076,0.1313744,0.5450475,1.251785,0.1773627,0.3712207,1.305679,0.2217882,0.2136523,1.243815,0.2144768,0.1722092,1.225073,-0.08841196,0.1915518,1.262584,-0.1518969,-0.004832685,1.243808,-0.2054271,-0.2291676,1.364982,0.01654362,0.1825171,1.260956,0.01689655,9.909272E-05,1.193729,-0.009748789,-0.2347388,1.256315,0.003519215,0.5877523,1.260792
72057594037999830,1,1.60474,95834.38,-0.03668904,0.183208,1.289565,0.01422057,0.7650708,1.248333,-0.1043316,0.5473547,1.252322,-0.1507692,0.3648906,1.285304,-0.1697704,0.213122,1.19754,-0.1744332,0.1842239,1.185076,0.1313744,0.5450475,1.251785,0.1773627,0.3712207,1.305679,0.2217882,0.2136523,1.243815,0.2144768,0.1722092,1.225073,-0.08841196,0.1915518,1.262584,-0.1518969,-0.004832685,1.243808,-0.2054271,-0.2291676,1.364982,0.01654362,0.1825171,1.260956,0.01689655,9.909272E-05,1.193729,-0.009748789,-0.2347388,1.256315,0.003519215,0.5877523,1.260792
72057594037999830,1,1.60474,95834.38,-0.03668904,0.183208,1.289565,0.01422057,0.7650708,1.248333,-0.1043316,0.5473547,1.252322,-0.1507692,0.3648906,1.285304,-0.1697704,0.213122,1.19754,-0.1744332,0.1842239,1.185076,0.1313744,0.5450475,1.251785,0.1773627,0.3712207,1.305679,0.2217882,0.2136523,1.243815,0.2144768,0.1722092,1.225073,-0.08841196,0.1915518,1.262584,-0.1518969,-0.004832685,1.243808,-0.2054271,-0.2291676,1.364982,0.01654362,0.1825171,1.260956,0.01689655,9.909272E-05,1.193729,-0.009748789,-0.2347388,1.256315,0.003519215,0.5877523,1.260792
72057594037999830,1,1.60474,95834.38,-0.03668904,0.183208,1.289565,0.01422057,0.7650708,1.248333,-0.1043316,0.5473547,1.252322,-0.1507692,0.3648906,1.285304,-0.1697704,0.213122,1.19754,-0.1744332,0.1842239,1.185076,0.1313744,0.5450475,1.251785,0.1773627,0.3712207,1.305679,0.2217882,0.2136523,1.243815,0.2144768,0.1722092,1.225073,-0.08841196,0.1915518,1.262584,-0.1518969,-0.004832685,1.243808,-0.2054271,-0.2291676,1.364982,0.01654362,0.1825171,1.260956,0.01689655,9.909272E-05,1.193729,-0.009748789,-0.2347388,1.256315,0.003519215,0.5877523,1.260792
72057594037999830,1,1.605779,95834.38,-0.03787994,0.1839057,1.288092,0.01316802,0.7655971,1.247211,-0.1083148,0.5487092,1.249059,-0.1535048,0.3662508,1.283843,-0.1716584,0.2093356,1.206446,-0.1679453,0.1767136,1.207431,0.1244617,0.5476979,1.254963,0.1540916,0.3693651,1.313405,0.1901871,0.210535,1.248859,0.1834179,0.1729657,1.239435,-0.08947895,0.1924557,1.260715,-0.1512627,-0.005158931,1.240271,-0.2036251,-0.2285952,1.361554,0.01526586,0.1830647,1.259828,0.01563361,0.0006186962,1.193046,-0.009705414,-0.2351109,1.256094,-0.001562413,0.589713,1.259367
72057594037999830,1,1.605779,95834.38,-0.03787994,0.1839057,1.288092,0.01316802,0.7655971,1.247211,-0.1083148,0.5487092,1.249059,-0.1535048,0.3662508,1.283843,-0.1716584,0.2093356,1.206446,-0.1679453,0.1767136,1.207431,0.1244617,0.5476979,1.254963,0.1540916,0.3693651,1.313405,0.1901871,0.210535,1.248859,0.1834179,0.1729657,1.239435,-0.08947895,0.1924557,1.260715,-0.1512627,-0.005158931,1.240271,-0.2036251,-0.2285952,1.361554,0.01526586,0.1830647,1.259828,0.01563361,0.0006186962,1.193046,-0.009705414,-0.2351109,1.256094,-0.001562413,0.589713,1.259367
72057594037999830,1,1.605779,95834.38,-0.03787994,0.1839057,1.288092,0.01316802,0.7655971,1.247211,-0.1083148,0.5487092,1.249059,-0.1535048,0.3662508,1.283843,-0.1716584,0.2093356,1.206446,-0.1679453,0.1767136,1.207431,0.1244617,0.5476979,1.254963,0.1540916,0.3693651,1.313405,0.1901871,0.210535,1.248859,0.1834179,0.1729657,1.239435,-0.08947895,0.1924557,1.260715,-0.1512627,-0.005158931,1.240271,-0.2036251,-0.2285952,1.361554,0.01526586,0.1830647,1.259828,0.01563361,0.0006186962,1.193046,-0.009705414,-0.2351109,1.256094,-0.001562413,0.589713,1.259367
72057594037999830,1,1.605779,95834.39,-0.03787994,0.1839057,1.288092,0.01316802,0.7655971,1.247211,-0.1083148,0.5487092,1.249059,-0.1535048,0.3662508,1.283843,-0.1716584,0.2093356,1.206446,-0.1679453,0.1767136,1.207431,0.1244617,0.5476979,1.254963,0.1540916,0.3693651,1.313405,0.1901871,0.210535,1.248859,0.1834179,0.1729657,1.239435,-0.08947895,0.1924557,1.260715,-0.1512627,-0.005158931,1.240271,-0.2036251,-0.2285952,1.361554,0.01526586,0.1830647,1.259828,0.01563361,0.0006186962,1.193046,-0.009705414,-0.2351109,1.256094,-0.001562413,0.589713,1.259367
72057594037999830,1,1.605779,95834.39,-0.03787994,0.1839057,1.288092,0.01316802,0.7655971,1.247211,-0.1083148,0.5487092,1.249059,-0.1535048,0.3662508,1.283843,-0.1716584,0.2093356,1.206446,-0.1679453,0.1767136,1.207431,0.1244617,0.5476979,1.254963,0.1540916,0.3693651,1.313405,0.1901871,0.210535,1.248859,0.1834179,0.1729657,1.239435,-0.08947895,0.1924557,1.260715,-0.1512627,-0.005158931,1.240271,-0.2036251,-0.2285952,1.361554,0.01526586,0.1830647,1.259828,0.01563361,0.0006186962,1.193046,-0.009705414,-0.2351109,1.256094,-0.001562413,0.589713,1.259367
72057594037999830,1,1.605779,95834.39,-0.03787994,0.1839057,1.288092,0.01316802,0.7655971,1.247211,-0.1083148,0.5487092,1.249059,-0.1535048,0.3662508,1.283843,-0.1716584,0.2093356,1.206446,-0.1679453,0.1767136,1.207431,0.1244617,0.5476979,1.254963,0.1540916,0.3693651,1.313405,0.1901871,0.210535,1.248859,0.1834179,0.1729657,1.239435,-0.08947895,0.1924557,1.260715,-0.1512627,-0.005158931,1.240271,-0.2036251,-0.2285952,1.361554,0.01526586,0.1830647,1.259828,0.01563361,0.0006186962,1.193046,-0.009705414,-0.2351109,1.256094,-0.001562413,0.589713,1.259367
72057594037999830,1,1.605779,95834.4,-0.03787994,0.1839057,1.288092,0.01316802,0.7655971,1.247211,-0.1083148,0.5487092,1.249059,-0.1535048,0.3662508,1.283843,-0.1716584,0.2093356,1.206446,-0.1679453,0.1767136,1.207431,0.1244617,0.5476979,1.254963,0.1540916,0.3693651,1.313405,0.1901871,0.210535,1.248859,0.1834179,0.1729657,1.239435,-0.08947895,0.1924557,1.260715,-0.1512627,-0.005158931,1.240271,-0.2036251,-0.2285952,1.361554,0.01526586,0.1830647,1.259828,0.01563361,0.0006186962,1.193046,-0.009705414,-0.2351109,1.256094,-0.001562413,0.589713,1.259367
72057594037999830,1,1.605779,95834.4,-0.03787994,0.1839057,1.288092,0.01316802,0.7655971,1.247211,-0.1083148,0.5487092,1.249059,-0.1535048,0.3662508,1.283843,-0.1716584,0.2093356,1.206446,-0.1679453,0.1767136,1.207431,0.1244617,0.5476979,1.254963,0.1540916,0.3693651,1.313405,0.1901871,0.210535,1.248859,0.1834179,0.1729657,1.239435,-0.08947895,0.1924557,1.260715,-0.1512627,-0.005158931,1.240271,-0.2036251,-0.2285952,1.361554,0.01526586,0.1830647,1.259828,0.01563361,0.0006186962,1.193046,-0.009705414,-0.2351109,1.256094,-0.001562413,0.589713,1.259367
72057594037999830,1,1.605779,95834.41,-0.03787994,0.1839057,1.288092,0.01316802,0.7655971,1.247211,-0.1083148,0.5487092,1.249059,-0.1535048,0.3662508,1.283843,-0.1716584,0.2093356,1.206446,-0.1679453,0.1767136,1.207431,0.1244617,0.5476979,1.254963,0.1540916,0.3693651,1.313405,0.1901871,0.210535,1.248859,0.1834179,0.1729657,1.239435,-0.08947895,0.1924557,1.260715,-0.1512627,-0.005158931,1.240271,-0.2036251,-0.2285952,1.361554,0.01526586,0.1830647,1.259828,0.01563361,0.0006186962,1.193046,-0.009705414,-0.2351109,1.256094,-0.001562413,0.589713,1.259367
72057594037999830,1,1.605779,95834.41,-0.03787994,0.1839057,1.288092,0.01316802,0.7655971,1.247211,-0.1083148,0.5487092,1.249059,-0.1535048,0.3662508,1.283843,-0.1716584,0.2093356,1.206446,-0.1679453,0.1767136,1.207431,0.1244617,0.5476979,1.254963,0.1540916,0.3693651,1.313405,0.1901871,0.210535,1.248859,0.1834179,0.1729657,1.239435,-0.08947895,0.1924557,1.260715,-0.1512627,-0.005158931,1.240271,-0.2036251,-0.2285952,1.361554,0.01526586,0.1830647,1.259828,0.01563361,0.0006186962,1.193046,-0.009705414,-0.2351109,1.256094,-0.001562413,0.589713,1.259367
72057594037999830,1,1.605779,95834.41,-0.03787994,0.1839057,1.288092,0.01316802,0.7655971,1.247211,-0.1083148,0.5487092,1.249059,-0.1535048,0.3662508,1.283843,-0.1716584,0.2093356,1.206446,-0.1679453,0.1767136,1.207431,0.1244617,0.5476979,1.254963,0.1540916,0.3693651,1.313405,0.1901871,0.210535,1.248859,0.1834179,0.1729657,1.239435,-0.08947895,0.1924557,1.260715,-0.1512627,-0.005158931,1.240271,-0.2036251,-0.2285952,1.361554,0.01526586,0.1830647,1.259828,0.01563361,0.0006186962,1.193046,-0.009705414,-0.2351109,1.256094,-0.001562413,0.589713,1.259367
72057594037999830,1,1.605779,95834.41,-0.03787994,0.1839057,1.288092,0.01316802,0.7655971,1.247211,-0.1083148,0.5487092,1.249059,-0.1535048,0.3662508,1.283843,-0.1716584,0.2093356,1.206446,-0.1679453,0.1767136,1.207431,0.1244617,0.5476979,1.254963,0.1540916,0.3693651,1.313405,0.1901871,0.210535,1.248859,0.1834179,0.1729657,1.239435,-0.08947895,0.1924557,1.260715,-0.1512627,-0.005158931,1.240271,-0.2036251,-0.2285952,1.361554,0.01526586,0.1830647,1.259828,0.01563361,0.0006186962,1.193046,-0.009705414,-0.2351109,1.256094,-0.001562413,0.589713,1.259367
72057594037999830,1,1.600133,95834.41,-0.04254331,0.2047366,1.284554,0.007429955,0.7831622,1.245293,-0.1193396,0.5728583,1.241062,-0.1651368,0.3846104,1.283634,-0.1753231,0.2232433,1.215045,-0.1678555,0.1755835,1.20174,0.1070442,0.5764263,1.263681,0.1272321,0.390973,1.321139,0.1398124,0.2232706,1.274167,0.1373478,0.2184176,1.257631,-0.09349033,0.2127007,1.2554,-0.1469926,-1.579523E-05,1.231054,-0.1966316,-0.2266908,1.347088,0.01006571,0.2039909,1.258054,0.01362857,0.01134697,1.200979,-0.009132545,-0.2344186,1.256631,-0.01632125,0.6173491,1.258288
72057594037999830,1,1.600133,95834.42,-0.04254331,0.2047366,1.284554,0.007429955,0.7831622,1.245293,-0.1193396,0.5728583,1.241062,-0.1651368,0.3846104,1.283634,-0.1753231,0.2232433,1.215045,-0.1678555,0.1755835,1.20174,0.1070442,0.5764263,1.263681,0.1272321,0.390973,1.321139,0.1398124,0.2232706,1.274167,0.1373478,0.2184176,1.257631,-0.09349033,0.2127007,1.2554,-0.1469926,-1.579523E-05,1.231054,-0.1966316,-0.2266908,1.347088,0.01006571,0.2039909,1.258054,0.01362857,0.01134697,1.200979,-0.009132545,-0.2344186,1.256631,-0.01632125,0.6173491,1.258288
72057594037999830,1,1.600133,95834.42,-0.04254331,0.2047366,1.284554,0.007429955,0.7831622,1.245293,-0.1193396,0.5728583,1.241062,-0.1651368,0.3846104,1.283634,-0.1753231,0.2232433,1.215045,-0.1678555,0.1755835,1.20174,0.1070442,0.5764263,1.263681,0.1272321,0.390973,1.321139,0.1398124,0.2232706,1.274167,0.1373478,0.2184176,1.257631,-0.09349033,0.2127007,1.2554,-0.1469926,-1.579523E-05,1.231054,-0.1966316,-0.2266908,1.347088,0.01006571,0.2039909,1.258054,0.01362857,0.01134697,1.200979,-0.009132545,-0.2344186,1.256631,-0.01632125,0.6173491,1.258288
72057594037999830,1,1.600133,95834.42,-0.04254331,0.2047366,1.284554,0.007429955,0.7831622,1.245293,-0.1193396,0.5728583,1.241062,-0.1651368,0.3846104,1.283634,-0.1753231,0.2232433,1.215045,-0.1678555,0.1755835,1.20174,0.1070442,0.5764263,1.263681,0.1272321,0.390973,1.321139,0.1398124,0.2232706,1.274167,0.1373478,0.2184176,1.257631,-0.09349033,0.2127007,1.2554,-0.1469926,-1.579523E-05,1.231054,-0.1966316,-0.2266908,1.347088,0.01006571,0.2039909,1.258054,0.01362857,0.01134697,1.200979,-0.009132545,-0.2344186,1.256631,-0.01632125,0.6173491,1.258288
72057594037999830,1,1.600133,95834.43,-0.04254331,0.2047366,1.284554,0.007429955,0.7831622,1.245293,-0.1193396,0.5728583,1.241062,-0.1651368,0.3846104,1.283634,-0.1753231,0.2232433,1.215045,-0.1678555,0.1755835,1.20174,0.1070442,0.5764263,1.263681,0.1272321,0.390973,1.321139,0.1398124,0.2232706,1.274167,0.1373478,0.2184176,1.257631,-0.09349033,0.2127007,1.2554,-0.1469926,-1.579523E-05,1.231054,-0.1966316,-0.2266908,1.347088,0.01006571,0.2039909,1.258054,0.01362857,0.01134697,1.200979,-0.009132545,-0.2344186,1.256631,-0.01632125,0.6173491,1.258288
72057594037999830,1,1.600133,95834.43,-0.04254331,0.2047366,1.284554,0.007429955,0.7831622,1.245293,-0.1193396,0.5728583,1.241062,-0.1651368,0.3846104,1.283634,-0.1753231,0.2232433,1.215045,-0.1678555,0.1755835,1.20174,0.1070442,0.5764263,1.263681,0.1272321,0.390973,1.321139,0.1398124,0.2232706,1.274167,0.1373478,0.2184176,1.257631,-0.09349033,0.2127007,1.2554,-0.1469926,-1.579523E-05,1.231054,-0.1966316,-0.2266908,1.347088,0.01006571,0.2039909,1.258054,0.01362857,0.01134697,1.200979,-0.009132545,-0.2344186,1.256631,-0.01632125,0.6173491,1.258288
72057594037999830,1,1.600133,95834.43,-0.04254331,0.2047366,1.284554,0.007429955,0.7831622,1.245293,-0.1193396,0.5728583,1.241062,-0.1651368,0.3846104,1.283634,-0.1753231,0.2232433,1.215045,-0.1678555,0.1755835,1.20174,0.1070442,0.5764263,1.263681,0.1272321,0.390973,1.321139,0.1398124,0.2232706,1.274167,0.1373478,0.2184176,1.257631,-0.09349033,0.2127007,1.2554,-0.1469926,-1.579523E-05,1.231054,-0.1966316,-0.2266908,1.347088,0.01006571,0.2039909,1.258054,0.01362857,0.01134697,1.200979,-0.009132545,-0.2344186,1.256631,-0.01632125,0.6173491,1.258288
72057594037999830,1,1.600133,95834.44,-0.04254331,0.2047366,1.284554,0.007429955,0.7831622,1.245293,-0.1193396,0.5728583,1.241062,-0.1651368,0.3846104,1.283634,-0.1753231,0.2232433,1.215045,-0.1678555,0.1755835,1.20174,0.1070442,0.5764263,1.263681,0.1272321,0.390973,1.321139,0.1398124,0.2232706,1.274167,0.1373478,0.2184176,1.257631,-0.09349033,0.2127007,1.2554,-0.1469926,-1.579523E-05,1.231054,-0.1966316,-0.2266908,1.347088,0.01006571,0.2039909,1.258054,0.01362857,0.01134697,1.200979,-0.009132545,-0.2344186,1.256631,-0.01632125,0.6173491,1.258288
72057594037999830,1,1.600133,95834.44,-0.04254331,0.2047366,1.284554,0.007429955,0.7831622,1.245293,-0.1193396,0.5728583,1.241062,-0.1651368,0.3846104,1.283634,-0.1753231,0.2232433,1.215045,-0.1678555,0.1755835,1.20174,0.1070442,0.5764263,1.263681,0.1272321,0.390973,1.321139,0.1398124,0.2232706,1.274167,0.1373478,0.2184176,1.257631,-0.09349033,0.2127007,1.2554,-0.1469926,-1.579523E-05,1.231054,-0.1966316,-0.2266908,1.347088,0.01006571,0.2039909,1.258054,0.01362857,0.01134697,1.200979,-0.009132545,-0.2344186,1.256631,-0.01632125,0.6173491,1.258288
72057594037999830,1,1.600133,95834.44,-0.04254331,0.2047366,1.284554,0.007429955,0.7831622,1.245293,-0.1193396,0.5728583,1.241062,-0.1651368,0.3846104,1.283634,-0.1753231,0.2232433,1.215045,-0.1678555,0.1755835,1.20174,0.1070442,0.5764263,1.263681,0.1272321,0.390973,1.321139,0.1398124,0.2232706,1.274167,0.1373478,0.2184176,1.257631,-0.09349033,0.2127007,1.2554,-0.1469926,-1.579523E-05,1.231054,-0.1966316,-0.2266908,1.347088,0.01006571,0.2039909,1.258054,0.01362857,0.01134697,1.200979,-0.009132545,-0.2344186,1.256631,-0.01632125,0.6173491,1.258288
72057594037999830,1,1.600133,95834.45,-0.04254331,0.2047366,1.284554,0.007429955,0.7831622,1.245293,-0.1193396,0.5728583,1.241062,-0.1651368,0.3846104,1.283634,-0.1753231,0.2232433,1.215045,-0.1678555,0.1755835,1.20174,0.1070442,0.5764263,1.263681,0.1272321,0.390973,1.321139,0.1398124,0.2232706,1.274167,0.1373478,0.2184176,1.257631,-0.09349033,0.2127007,1.2554,-0.1469926,-1.579523E-05,1.231054,-0.1966316,-0.2266908,1.347088,0.01006571,0.2039909,1.258054,0.01362857,0.01134697,1.200979,-0.009132545,-0.2344186,1.256631,-0.01632125,0.6173491,1.258288
72057594037999830,1,1.582519,95834.45,-0.04079854,0.2422757,1.286861,0.001032465,0.8195014,1.246169,-0.1267878,0.606567,1.23115,-0.1779718,0.4244923,1.281726,-0.1793399,0.2481948,1.215031,-0.1802723,0.2191544,1.201491,0.09670373,0.6099679,1.270019,0.1076592,0.4151958,1.326997,0.1156354,0.2478887,1.276521,0.09505943,0.2383991,1.271467,-0.09273417,0.2472295,1.254636,-0.1386258,0.02639785,1.222067,-0.1844745,-0.2230944,1.324532,0.01282709,0.2430949,1.263557,0.01407807,0.03485596,1.230212,-0.007599602,-0.2307879,1.256723,-0.02691485,0.653381,1.256822
72057594037999830,1,1.582519,95834.45,-0.04079854,0.2422757,1.286861,0.001032465,0.8195014,1.246169,-0.1267878,0.606567,1.23115,-0.1779718,0.4244923,1.281726,-0.1793399,0.2481948,1.215031,-0.1802723,0.2191544,1.201491,0.09670373,0.6099679,1.270019,0.1076592,0.4151958,1.326997,0.1156354,0.2478887,1.276521,0.09505943,0.2383991,1.271467,-0.09273417,0.2472295,1.254636,-0.1386258,0.02639785,1.222067,-0.1844745,-0.2230944,1.324532,0.01282709,0.2430949,1.263557,0.01407807,0.03485596,1.230212,-0.007599602,-0.2307879,1.256723,-0.02691485,0.653381,1.256822
72057594037999830,1,1.582519,95834.45,-0.04079854,0.2422757,1.286861,0.001032465,0.8195014,1.246169,-0.1267878,0.606567,1.23115,-0.1779718,0.4244923,1.281726,-0.1793399,0.2481948,1.215031,-0.1802723,0.2191544,1.201491,0.09670373,0.6099679,1.270019,0.1076592,0.4151958,1.326997,0.1156354,0.2478887,1.276521,0.09505943,0.2383991,1.271467,-0.09273417,0.2472295,1.254636,-0.1386258,0.02639785,1.222067,-0.1844745,-0.2230944,1.324532,0.01282709,0.2430949,1.263557,0.01407807,0.03485596,1.230212,-0.007599602,-0.2307879,1.256723,-0.02691485,0.653381,1.256822
72057594037999830,1,1.582519,95834.45,-0.04079854,0.2422757,1.286861,0.001032465,0.8195014,1.246169,-0.1267878,0.606567,1.23115,-0.1779718,0.4244923,1.281726,-0.1793399,0.2481948,1.215031,-0.1802723,0.2191544,1.201491,0.09670373,0.6099679,1.270019,0.1076592,0.4151958,1.326997,0.1156354,0.2478887,1.276521,0.09505943,0.2383991,1.271467,-0.09273417,0.2472295,1.254636,-0.1386258,0.02639785,1.222067,-0.1844745,-0.2230944,1.324532,0.01282709,0.2430949,1.263557,0.01407807,0.03485596,1.230212,-0.007599602,-0.2307879,1.256723,-0.02691485,0.653381,1.256822
72057594037999830,1,1.582519,95834.46,-0.04079854,0.2422757,1.286861,0.001032465,0.8195014,1.246169,-0.1267878,0.606567,1.23115,-0.1779718,0.4244923,1.281726,-0.1793399,0.2481948,1.215031,-0.1802723,0.2191544,1.201491,0.09670373,0.6099679,1.270019,0.1076592,0.4151958,1.326997,0.1156354,0.2478887,1.276521,0.09505943,0.2383991,1.271467,-0.09273417,0.2472295,1.254636,-0.1386258,0.02639785,1.222067,-0.1844745,-0.2230944,1.324532,0.01282709,0.2430949,1.263557,0.01407807,0.03485596,1.230212,-0.007599602,-0.2307879,1.256723,-0.02691485,0.653381,1.256822
72057594037999830,1,1.582519,95834.46,-0.04079854,0.2422757,1.286861,0.001032465,0.8195014,1.246169,-0.1267878,0.606567,1.23115,-0.1779718,0.4244923,1.281726,-0.1793399,0.2481948,1.215031,-0.1802723,0.2191544,1.201491,0.09670373,0.6099679,1.270019,0.1076592,0.4151958,1.326997,0.1156354,0.2478887,1.276521,0.09505943,0.2383991,1.271467,-0.09273417,0.2472295,1.254636,-0.1386258,0.02639785,1.222067,-0.1844745,-0.2230944,1.324532,0.01282709,0.2430949,1.263557,0.01407807,0.03485596,1.230212,-0.007599602,-0.2307879,1.256723,-0.02691485,0.653381,1.256822
72057594037999830,1,1.582519,95834.46,-0.04079854,0.2422757,1.286861,0.001032465,0.8195014,1.246169,-0.1267878,0.606567,1.23115,-0.1779718,0.4244923,1.281726,-0.1793399,0.2481948,1.215031,-0.1802723,0.2191544,1.201491,0.09670373,0.6099679,1.270019,0.1076592,0.4151958,1.326997,0.1156354,0.2478887,1.276521,0.09505943,0.2383991,1.271467,-0.09273417,0.2472295,1.254636,-0.1386258,0.02639785,1.222067,-0.1844745,-0.2230944,1.324532,0.01282709,0.2430949,1.263557,0.01407807,0.03485596,1.230212,-0.007599602,-0.2307879,1.256723,-0.02691485,0.653381,1.256822
72057594037999830,1,1.582519,95834.47,-0.04079854,0.2422757,1.286861,0.001032465,0.8195014,1.246169,-0.1267878,0.606567,1.23115,-0.1779718,0.4244923,1.281726,-0.1793399,0.2481948,1.215031,-0.1802723,0.2191544,1.201491,0.09670373,0.6099679,1.270019,0.1076592,0.4151958,1.326997,0.1156354,0.2478887,1.276521,0.09505943,0.2383991,1.271467,-0.09273417,0.2472295,1.254636,-0.1386258,0.02639785,1.222067,-0.1844745,-0.2230944,1.324532,0.01282709,0.2430949,1.263557,0.01407807,0.03485596,1.230212,-0.007599602,-0.2307879,1.256723,-0.02691485,0.653381,1.256822
72057594037999830,1,1.582519,95834.47,-0.04079854,0.2422757,1.286861,0.001032465,0.8195014,1.246169,-0.1267878,0.606567,1.23115,-0.1779718,0.4244923,1.281726,-0.1793399,0.2481948,1.215031,-0.1802723,0.2191544,1.201491,0.09670373,0.6099679,1.270019,0.1076592,0.4151958,1.326997,0.1156354,0.2478887,1.276521,0.09505943,0.2383991,1.271467,-0.09273417,0.2472295,1.254636,-0.1386258,0.02639785,1.222067,-0.1844745,-0.2230944,1.324532,0.01282709,0.2430949,1.263557,0.01407807,0.03485596,1.230212,-0.007599602,-0.2307879,1.256723,-0.02691485,0.653381,1.256822
72057594037999830,1,1.582519,95834.48,-0.04079854,0.2422757,1.286861,0.001032465,0.8195014,1.246169,-0.1267878,0.606567,1.23115,-0.1779718,0.4244923,1.281726,-0.1793399,0.2481948,1.215031,-0.1802723,0.2191544,1.201491,0.09670373,0.6099679,1.270019,0.1076592,0.4151958,1.326997,0.1156354,0.2478887,1.276521,0.09505943,0.2383991,1.271467,-0.09273417,0.2472295,1.254636,-0.1386258,0.02639785,1.222067,-0.1844745,-0.2230944,1.324532,0.01282709,0.2430949,1.263557,0.01407807,0.03485596,1.230212,-0.007599602,-0.2307879,1.256723,-0.02691485,0.653381,1.256822
72057594037999830,1,1.582519,95834.48,-0.04079854,0.2422757,1.286861,0.001032465,0.8195014,1.246169,-0.1267878,0.606567,1.23115,-0.1779718,0.4244923,1.281726,-0.1793399,0.2481948,1.215031,-0.1802723,0.2191544,1.201491,0.09670373,0.6099679,1.270019,0.1076592,0.4151958,1.326997,0.1156354,0.2478887,1.276521,0.09505943,0.2383991,1.271467,-0.09273417,0.2472295,1.254636,-0.1386258,0.02639785,1.222067,-0.1844745,-0.2230944,1.324532,0.01282709,0.2430949,1.263557,0.01407807,0.03485596,1.230212,-0.007599602,-0.2307879,1.256723,-0.02691485,0.653381,1.256822
72057594037999830,1,1.57484,95834.48,-0.04533257,0.2599358,1.287645,-0.003743989,0.8404703,1.250113,-0.1316356,0.6273648,1.225285,-0.1898004,0.4527032,1.276188,-0.1893169,0.2782542,1.208537,-0.1832815,0.2488306,1.198031,0.09041337,0.6284791,1.273177,0.0954471,0.4345086,1.329368,0.08392898,0.2648808,1.289666,0.06679779,0.2714386,1.27083,-0.09707139,0.2663979,1.253742,-0.1372877,0.0315755,1.223384,-0.1709184,-0.2183751,1.300492,0.008258177,0.2585416,1.265689,0.009306052,0.03807974,1.248113,-0.007093478,-0.2272868,1.255464,-0.03262148,0.6755069,1.255437
72057594037999830,1,1.57484,95834.48,-0.04533257,0.2599358,1.287645,-0.003743989,0.8404703,1.250113,-0.1316356,0.6273648,1.225285,-0.1898004,0.4527032,1.276188,-0.1893169,0.2782542,1.208537,-0.1832815,0.2488306,1.198031,0.09041337,0.6284791,1.273177,0.0954471,0.4345086,1.329368,0.08392898,0.2648808,1.289666,0.06679779,0.2714386,1.27083,-0.09707139,0.2663979,1.253742,-0.1372877,0.0315755,1.223384,-0.1709184,-0.2183751,1.300492,0.008258177,0.2585416,1.265689,0.009306052,0.03807974,1.248113,-0.007093478,-0.2272868,1.255464,-0.03262148,0.6755069,1.255437
72057594037999830,1,1.57484,95834.49,-0.04533257,0.2599358,1.287645,-0.003743989,0.8404703,1.250113,-0.1316356,0.6273648,1.225285,-0.1898004,0.4527032,1.276188,-0.1893169,0.2782542,1.208537,-0.1832815,0.2488306,1.198031,0.09041337,0.6284791,1.273177,0.0954471,0.4345086,1.329368,0.08392898,0.2648808,1.289666,0.06679779,0.2714386,1.27083,-0.09707139,0.2663979,1.253742,-0.1372877,0.0315755,1.223384,-0.1709184,-0.2183751,1.300492,0.008258177,0.2585416,1.265689,0.009306052,0.03807974,1.248113,-0.007093478,-0.2272868,1.255464,-0.03262148,0.6755069,1.255437
72057594037999830,1,1.57484,95834.49,-0.04533257,0.2599358,1.287645,-0.003743989,0.8404703,1.250113,-0.1316356,0.6273648,1.225285,-0.1898004,0.4527032,1.276188,-0.1893169,0.2782542,1.208537,-0.1832815,0.2488306,1.198031,0.09041337,0.6284791,1.273177,0.0954471,0.4345086,1.329368,0.08392898,0.2648808,1.289666,0.06679779,0.2714386,1.27083,-0.09707139,0.2663979,1.253742,-0.1372877,0.0315755,1.223384,-0.1709184,-0.2183751,1.300492,0.008258177,0.2585416,1.265689,0.009306052,0.03807974,1.248113,-0.007093478,-0.2272868,1.255464,-0.03262148,0.6755069,1.255437
72057594037999830,1,1.57484,95834.49,-0.04533257,0.2599358,1.287645,-0.003743989,0.8404703,1.250113,-0.1316356,0.6273648,1.225285,-0.1898004,0.4527032,1.276188,-0.1893169,0.2782542,1.208537,-0.1832815,0.2488306,1.198031,0.09041337,0.6284791,1.273177,0.0954471,0.4345086,1.329368,0.08392898,0.2648808,1.289666,0.06679779,0.2714386,1.27083,-0.09707139,0.2663979,1.253742,-0.1372877,0.0315755,1.223384,-0.1709184,-0.2183751,1.300492,0.008258177,0.2585416,1.265689,0.009306052,0.03807974,1.248113,-0.007093478,-0.2272868,1.255464,-0.03262148,0.6755069,1.255437
72057594037999830,1,1.57484,95834.5,-0.04533257,0.2599358,1.287645,-0.003743989,0.8404703,1.250113,-0.1316356,0.6273648,1.225285,-0.1898004,0.4527032,1.276188,-0.1893169,0.2782542,1.208537,-0.1832815,0.2488306,1.198031,0.09041337,0.6284791,1.273177,0.0954471,0.4345086,1.329368,0.08392898,0.2648808,1.289666,0.06679779,0.2714386,1.27083,-0.09707139,0.2663979,1.253742,-0.1372877,0.0315755,1.223384,-0.1709184,-0.2183751,1.300492,0.008258177,0.2585416,1.265689,0.009306052,0.03807974,1.248113,-0.007093478,-0.2272868,1.255464,-0.03262148,0.6755069,1.255437
72057594037999830,1,1.57484,95834.5,-0.04533257,0.2599358,1.287645,-0.003743989,0.8404703,1.250113,-0.1316356,0.6273648,1.225285,-0.1898004,0.4527032,1.276188,-0.1893169,0.2782542,1.208537,-0.1832815,0.2488306,1.198031,0.09041337,0.6284791,1.273177,0.0954471,0.4345086,1.329368,0.08392898,0.2648808,1.289666,0.06679779,0.2714386,1.27083,-0.09707139,0.2663979,1.253742,-0.1372877,0.0315755,1.223384,-0.1709184,-0.2183751,1.300492,0.008258177,0.2585416,1.265689,0.009306052,0.03807974,1.248113,-0.007093478,-0.2272868,1.255464,-0.03262148,0.6755069,1.255437
72057594037999830,1,1.57484,95834.5,-0.04533257,0.2599358,1.287645,-0.003743989,0.8404703,1.250113,-0.1316356,0.6273648,1.225285,-0.1898004,0.4527032,1.276188,-0.1893169,0.2782542,1.208537,-0.1832815,0.2488306,1.198031,0.09041337,0.6284791,1.273177,0.0954471,0.4345086,1.329368,0.08392898,0.2648808,1.289666,0.06679779,0.2714386,1.27083,-0.09707139,0.2663979,1.253742,-0.1372877,0.0315755,1.223384,-0.1709184,-0.2183751,1.300492,0.008258177,0.2585416,1.265689,0.009306052,0.03807974,1.248113,-0.007093478,-0.2272868,1.255464,-0.03262148,0.6755069,1.255437
72057594037999830,1,1.57484,95834.5,-0.04533257,0.2599358,1.287645,-0.003743989,0.8404703,1.250113,-0.1316356,0.6273648,1.225285,-0.1898004,0.4527032,1.276188,-0.1893169,0.2782542,1.208537,-0.1832815,0.2488306,1.198031,0.09041337,0.6284791,1.273177,0.0954471,0.4345086,1.329368,0.08392898,0.2648808,1.289666,0.06679779,0.2714386,1.27083,-0.09707139,0.2663979,1.253742,-0.1372877,0.0315755,1.223384,-0.1709184,-0.2183751,1.300492,0.008258177,0.2585416,1.265689,0.009306052,0.03807974,1.248113,-0.007093478,-0.2272868,1.255464,-0.03262148,0.6755069,1.255437
72057594037999830,1,1.57484,95834.51,-0.04533257,0.2599358,1.287645,-0.003743989,0.8404703,1.250113,-0.1316356,0.6273648,1.225285,-0.1898004,0.4527032,1.276188,-0.1893169,0.2782542,1.208537,-0.1832815,0.2488306,1.198031,0.09041337,0.6284791,1.273177,0.0954471,0.4345086,1.329368,0.08392898,0.2648808,1.289666,0.06679779,0.2714386,1.27083,-0.09707139,0.2663979,1.253742,-0.1372877,0.0315755,1.223384,-0.1709184,-0.2183751,1.300492,0.008258177,0.2585416,1.265689,0.009306052,0.03807974,1.248113,-0.007093478,-0.2272868,1.255464,-0.03262148,0.6755069,1.255437
72057594037999830,1,1.57484,95834.51,-0.04533257,0.2599358,1.287645,-0.003743989,0.8404703,1.250113,-0.1316356,0.6273648,1.225285,-0.1898004,0.4527032,1.276188,-0.1893169,0.2782542,1.208537,-0.1832815,0.2488306,1.198031,0.09041337,0.6284791,1.273177,0.0954471,0.4345086,1.329368,0.08392898,0.2648808,1.289666,0.06679779,0.2714386,1.27083,-0.09707139,0.2663979,1.253742,-0.1372877,0.0315755,1.223384,-0.1709184,-0.2183751,1.300492,0.008258177,0.2585416,1.265689,0.009306052,0.03807974,1.248113,-0.007093478,-0.2272868,1.255464,-0.03262148,0.6755069,1.255437
72057594037999830,1,1.57484,95834.52,-0.04533257,0.2599358,1.287645,-0.003743989,0.8404703,1.250113,-0.1316356,0.6273648,1.225285,-0.1898004,0.4527032,1.276188,-0.1893169,0.2782542,1.208537,-0.1832815,0.2488306,1.198031,0.09041337,0.6284791,1.273177,0.0954471,0.4345086,1.329368,0.08392898,0.2648808,1.289666,0.06679779,0.2714386,1.27083,-0.09707139,0.2663979,1.253742,-0.1372877,0.0315755,1.223384,-0.1709184,-0.2183751,1.300492,0.008258177,0.2585416,1.265689,0.009306052,0.03807974,1.248113,-0.007093478,-0.2272868,1.255464,-0.03262148,0.6755069,1.255437
72057594037999830,1,1.569837,95834.52,-0.04722466,0.2702993,1.288715,-0.009716083,0.8541399,1.254932,-0.1374873,0.6418273,1.21899,-0.2022011,0.4694635,1.269354,-0.1941812,0.3061812,1.204065,-0.1861229,0.2768926,1.195572,0.08533932,0.637725,1.275848,0.08745865,0.4445259,1.330935,0.08315587,0.2727274,1.303645,0.06731951,0.2453154,1.295791,-0.09815235,0.2758368,1.253644,-0.1367074,0.03392664,1.224687,-0.1641308,-0.2196274,1.279187,0.005521089,0.2694094,1.268045,0.00482764,0.03103364,1.267524,-0.006960743,-0.227679,1.255224,-0.03735815,0.6910801,1.255564
72057594037999830,1,1.569837,95834.52,-0.04722466,0.2702993,1.288715,-0.009716083,0.8541399,1.254932,-0.1374873,0.6418273,1.21899,-0.2022011,0.4694635,1.269354,-0.1941812,0.3061812,1.204065,-0.1861229,0.2768926,1.195572,0.08533932,0.637725,1.275848,0.08745865,0.4445259,1.330935,0.08315587,0.2727274,1.303645,0.06731951,0.2453154,1.295791,-0.09815235,0.2758368,1.253644,-0.1367074,0.03392664,1.224687,-0.1641308,-0.2196274,1.279187,0.005521089,0.2694094,1.268045,0.00482764,0.03103364,1.267524,-0.006960743,-0.227679,1.255224,-0.03735815,0.6910801,1.255564
72057594037999830,1,1.569837,95834.52,-0.04722466,0.2702993,1.288715,-0.009716083,0.8541399,1.254932,-0.1374873,0.6418273,1.21899,-0.2022011,0.4694635,1.269354,-0.1941812,0.3061812,1.204065,-0.1861229,0.2768926,1.195572,0.08533932,0.637725,1.275848,0.08745865,0.4445259,1.330935,0.08315587,0.2727274,1.303645,0.06731951,0.2453154,1.295791,-0.09815235,0.2758368,1.253644,-0.1367074,0.03392664,1.224687,-0.1641308,-0.2196274,1.279187,0.005521089,0.2694094,1.268045,0.00482764,0.03103364,1.267524,-0.006960743,-0.227679,1.255224,-0.03735815,0.6910801,1.255564
72057594037999830,1,1.569837,95834.52,-0.04722466,0.2702993,1.288715,-0.009716083,0.8541399,1.254932,-0.1374873,0.6418273,1.21899,-0.2022011,0.4694635,1.269354,-0.1941812,0.3061812,1.204065,-0.1861229,0.2768926,1.195572,0.08533932,0.637725,1.275848,0.08745865,0.4445259,1.330935,0.08315587,0.2727274,1.303645,0.06731951,0.2453154,1.295791,-0.09815235,0.2758368,1.253644,-0.1367074,0.03392664,1.224687,-0.1641308,-0.2196274,1.279187,0.005521089,0.2694094,1.268045,0.00482764,0.03103364,1.267524,-0.006960743,-0.227679,1.255224,-0.03735815,0.6910801,1.255564
72057594037999830,1,1.569837,95834.53,-0.04722466,0.2702993,1.288715,-0.009716083,0.8541399,1.254932,-0.1374873,0.6418273,1.21899,-0.2022011,0.4694635,1.269354,-0.1941812,0.3061812,1.204065,-0.1861229,0.2768926,1.195572,0.08533932,0.637725,1.275848,0.08745865,0.4445259,1.330935,0.08315587,0.2727274,1.303645,0.06731951,0.2453154,1.295791,-0.09815235,0.2758368,1.253644,-0.1367074,0.03392664,1.224687,-0.1641308,-0.2196274,1.279187,0.005521089,0.2694094,1.268045,0.00482764,0.03103364,1.267524,-0.006960743,-0.227679,1.255224,-0.03735815,0.6910801,1.255564
72057594037999830,1,1.569837,95834.53,-0.04722466,0.2702993,1.288715,-0.009716083,0.8541399,1.254932,-0.1374873,0.6418273,1.21899,-0.2022011,0.4694635,1.269354,-0.1941812,0.3061812,1.204065,-0.1861229,0.2768926,1.195572,0.08533932,0.637725,1.275848,0.08745865,0.4445259,1.330935,0.08315587,0.2727274,1.303645,0.06731951,0.2453154,1.295791,-0.09815235,0.2758368,1.253644,-0.1367074,0.03392664,1.224687,-0.1641308,-0.2196274,1.279187,0.005521089,0.2694094,1.268045,0.00482764,0.03103364,1.267524,-0.006960743,-0.227679,1.255224,-0.03735815,0.6910801,1.255564
72057594037999830,1,1.569837,95834.53,-0.04722466,0.2702993,1.288715,-0.009716083,0.8541399,1.254932,-0.1374873,0.6418273,1.21899,-0.2022011,0.4694635,1.269354,-0.1941812,0.3061812,1.204065,-0.1861229,0.2768926,1.195572,0.08533932,0.637725,1.275848,0.08745865,0.4445259,1.330935,0.08315587,0.2727274,1.303645,0.06731951,0.2453154,1.295791,-0.09815235,0.2758368,1.253644,-0.1367074,0.03392664,1.224687,-0.1641308,-0.2196274,1.279187,0.005521089,0.2694094,1.268045,0.00482764,0.03103364,1.267524,-0.006960743,-0.227679,1.255224,-0.03735815,0.6910801,1.255564
72057594037999830,1,1.569837,95834.54,-0.04722466,0.2702993,1.288715,-0.009716083,0.8541399,1.254932,-0.1374873,0.6418273,1.21899,-0.2022011,0.4694635,1.269354,-0.1941812,0.3061812,1.204065,-0.1861229,0.2768926,1.195572,0.08533932,0.637725,1.275848,0.08745865,0.4445259,1.330935,0.08315587,0.2727274,1.303645,0.06731951,0.2453154,1.295791,-0.09815235,0.2758368,1.253644,-0.1367074,0.03392664,1.224687,-0.1641308,-0.2196274,1.279187,0.005521089,0.2694094,1.268045,0.00482764,0.03103364,1.267524,-0.006960743,-0.227679,1.255224,-0.03735815,0.6910801,1.255564
72057594037999830,1,1.569837,95834.54,-0.04722466,0.2702993,1.288715,-0.009716083,0.8541399,1.254932,-0.1374873,0.6418273,1.21899,-0.2022011,0.4694635,1.269354,-0.1941812,0.3061812,1.204065,-0.1861229,0.2768926,1.195572,0.08533932,0.637725,1.275848,0.08745865,0.4445259,1.330935,0.08315587,0.2727274,1.303645,0.06731951,0.2453154,1.295791,-0.09815235,0.2758368,1.253644,-0.1367074,0.03392664,1.224687,-0.1641308,-0.2196274,1.279187,0.005521089,0.2694094,1.268045,0.00482764,0.03103364,1.267524,-0.006960743,-0.227679,1.255224,-0.03735815,0.6910801,1.255564
72057594037999830,1,1.569837,95834.54,-0.04722466,0.2702993,1.288715,-0.009716083,0.8541399,1.254932,-0.1374873,0.6418273,1.21899,-0.2022011,0.4694635,1.269354,-0.1941812,0.3061812,1.204065,-0.1861229,0.2768926,1.195572,0.08533932,0.637725,1.275848,0.08745865,0.4445259,1.330935,0.08315587,0.2727274,1.303645,0.06731951,0.2453154,1.295791,-0.09815235,0.2758368,1.253644,-0.1367074,0.03392664,1.224687,-0.1641308,-0.2196274,1.279187,0.005521089,0.2694094,1.268045,0.00482764,0.03103364,1.267524,-0.006960743,-0.227679,1.255224,-0.03735815,0.6910801,1.255564
72057594037999830,1,1.569837,95834.55,-0.04722466,0.2702993,1.288715,-0.009716083,0.8541399,1.254932,-0.1374873,0.6418273,1.21899,-0.2022011,0.4694635,1.269354,-0.1941812,0.3061812,1.204065,-0.1861229,0.2768926,1.195572,0.08533932,0.637725,1.275848,0.08745865,0.4445259,1.330935,0.08315587,0.2727274,1.303645,0.06731951,0.2453154,1.295791,-0.09815235,0.2758368,1.253644,-0.1367074,0.03392664,1.224687,-0.1641308,-0.2196274,1.279187,0.005521089,0.2694094,1.268045,0.00482764,0.03103364,1.267524,-0.006960743,-0.227679,1.255224,-0.03735815,0.6910801,1.255564
72057594037999830,1,1.567879,95834.55,-0.04915811,0.2740436,1.289307,-0.01576781,0.8591309,1.259225,-0.1421631,0.6468215,1.21479,-0.209404,0.4759266,1.262398,-0.1954848,0.310746,1.203758,-0.1886138,0.279462,1.192847,0.07997759,0.6405795,1.278007,0.08226179,0.4487016,1.333336,0.08277517,0.2759399,1.319666,0.06822976,0.2502604,1.302031,-0.09970559,0.2787454,1.253647,-0.136943,0.03391084,1.22478,-0.1657475,-0.2280165,1.254646,0.003267618,0.2738524,1.269322,0.002084177,0.032213,1.270203,-0.006995813,-0.2243724,1.270294,-0.04148187,0.6965256,1.25656
72057594037999830,1,1.567879,95834.55,-0.04915811,0.2740436,1.289307,-0.01576781,0.8591309,1.259225,-0.1421631,0.6468215,1.21479,-0.209404,0.4759266,1.262398,-0.1954848,0.310746,1.203758,-0.1886138,0.279462,1.192847,0.07997759,0.6405795,1.278007,0.08226179,0.4487016,1.333336,0.08277517,0.2759399,1.319666,0.06822976,0.2502604,1.302031,-0.09970559,0.2787454,1.253647,-0.136943,0.03391084,1.22478,-0.1657475,-0.2280165,1.254646,0.003267618,0.2738524,1.269322,0.002084177,0.032213,1.270203,-0.006995813,-0.2243724,1.270294,-0.04148187,0.6965256,1.25656
72057594037999830,1,1.567879,95834.55,-0.04915811,0.2740436,1.289307,-0.01576781,0.8591309,1.259225,-0.1421631,0.6468215,1.21479,-0.209404,0.4759266,1.262398,-0.1954848,0.310746,1.203758,-0.1886138,0.279462,1.192847,0.07997759,0.6405795,1.278007,0.08226179,0.4487016,1.333336,0.08277517,0.2759399,1.319666,0.06822976,0.2502604,1.302031,-0.09970559,0.2787454,1.253647,-0.136943,0.03391084,1.22478,-0.1657475,-0.2280165,1.254646,0.003267618,0.2738524,1.269322,0.002084177,0.032213,1.270203,-0.006995813,-0.2243724,1.270294,-0.04148187,0.6965256,1.25656
72057594037999830,1,1.567879,95834.55,-0.04915811,0.2740436,1.289307,-0.01576781,0.8591309,1.259225,-0.1421631,0.6468215,1.21479,-0.209404,0.4759266,1.262398,-0.1954848,0.310746,1.203758,-0.1886138,0.279462,1.192847,0.07997759,0.6405795,1.278007,0.08226179,0.4487016,1.333336,0.08277517,0.2759399,1.319666,0.06822976,0.2502604,1.302031,-0.09970559,0.2787454,1.253647,-0.136943,0.03391084,1.22478,-0.1657475,-0.2280165,1.254646,0.003267618,0.2738524,1.269322,0.002084177,0.032213,1.270203,-0.006995813,-0.2243724,1.270294,-0.04148187,0.6965256,1.25656
72057594037999830,1,1.567879,95834.56,-0.04915811,0.2740436,1.289307,-0.01576781,0.8591309,1.259225,-0.1421631,0.6468215,1.21479,-0.209404,0.4759266,1.262398,-0.1954848,0.310746,1.203758,-0.1886138,0.279462,1.192847,0.07997759,0.6405795,1.278007,0.08226179,0.4487016,1.333336,0.08277517,0.2759399,1.319666,0.06822976,0.2502604,1.302031,-0.09970559,0.2787454,1.253647,-0.136943,0.03391084,1.22478,-0.1657475,-0.2280165,1.254646,0.003267618,0.2738524,1.269322,0.002084177,0.032213,1.270203,-0.006995813,-0.2243724,1.270294,-0.04148187,0.6965256,1.25656
72057594037999830,1,1.567879,95834.56,-0.04915811,0.2740436,1.289307,-0.01576781,0.8591309,1.259225,-0.1421631,0.6468215,1.21479,-0.209404,0.4759266,1.262398,-0.1954848,0.310746,1.203758,-0.1886138,0.279462,1.192847,0.07997759,0.6405795,1.278007,0.08226179,0.4487016,1.333336,0.08277517,0.2759399,1.319666,0.06822976,0.2502604,1.302031,-0.09970559,0.2787454,1.253647,-0.136943,0.03391084,1.22478,-0.1657475,-0.2280165,1.254646,0.003267618,0.2738524,1.269322,0.002084177,0.032213,1.270203,-0.006995813,-0.2243724,1.270294,-0.04148187,0.6965256,1.25656
72057594037999830,1,1.567879,95834.56,-0.04915811,0.2740436,1.289307,-0.01576781,0.8591309,1.259225,-0.1421631,0.6468215,1.21479,-0.209404,0.4759266,1.262398,-0.1954848,0.310746,1.203758,-0.1886138,0.279462,1.192847,0.07997759,0.6405795,1.278007,0.08226179,0.4487016,1.333336,0.08277517,0.2759399,1.319666,0.06822976,0.2502604,1.302031,-0.09970559,0.2787454,1.253647,-0.136943,0.03391084,1.22478,-0.1657475,-0.2280165,1.254646,0.003267618,0.2738524,1.269322,0.002084177,0.032213,1.270203,-0.006995813,-0.2243724,1.270294,-0.04148187,0.6965256,1.25656
72057594037999830,1,1.567879,95834.57,-0.04915811,0.2740436,1.289307,-0.01576781,0.8591309,1.259225,-0.1421631,0.6468215,1.21479,-0.209404,0.4759266,1.262398,-0.1954848,0.310746,1.203758,-0.1886138,0.279462,1.192847,0.07997759,0.6405795,1.278007,0.08226179,0.4487016,1.333336,0.08277517,0.2759399,1.319666,0.06822976,0.2502604,1.302031,-0.09970559,0.2787454,1.253647,-0.136943,0.03391084,1.22478,-0.1657475,-0.2280165,1.254646,0.003267618,0.2738524,1.269322,0.002084177,0.032213,1.270203,-0.006995813,-0.2243724,1.270294,-0.04148187,0.6965256,1.25656
72057594037999830,1,1.567879,95834.57,-0.04915811,0.2740436,1.289307,-0.01576781,0.8591309,1.259225,-0.1421631,0.6468215,1.21479,-0.209404,0.4759266,1.262398,-0.1954848,0.310746,1.203758,-0.1886138,0.279462,1.192847,0.07997759,0.6405795,1.278007,0.08226179,0.4487016,1.333336,0.08277517,0.2759399,1.319666,0.06822976,0.2502604,1.302031,-0.09970559,0.2787454,1.253647,-0.136943,0.03391084,1.22478,-0.1657475,-0.2280165,1.254646,0.003267618,0.2738524,1.269322,0.002084177,0.032213,1.270203,-0.006995813,-0.2243724,1.270294,-0.04148187,0.6965256,1.25656
72057594037999830,1,1.567879,95834.58,-0.04915811,0.2740436,1.289307,-0.01576781,0.8591309,1.259225,-0.1421631,0.6468215,1.21479,-0.209404,0.4759266,1.262398,-0.1954848,0.310746,1.203758,-0.1886138,0.279462,1.192847,0.07997759,0.6405795,1.278007,0.08226179,0.4487016,1.333336,0.08277517,0.2759399,1.319666,0.06822976,0.2502604,1.302031,-0.09970559,0.2787454,1.253647,-0.136943,0.03391084,1.22478,-0.1657475,-0.2280165,1.254646,0.003267618,0.2738524,1.269322,0.002084177,0.032213,1.270203,-0.006995813,-0.2243724,1.270294,-0.04148187,0.6965256,1.25656
72057594037999830,1,1.567879,95834.58,-0.04915811,0.2740436,1.289307,-0.01576781,0.8591309,1.259225,-0.1421631,0.6468215,1.21479,-0.209404,0.4759266,1.262398,-0.1954848,0.310746,1.203758,-0.1886138,0.279462,1.192847,0.07997759,0.6405795,1.278007,0.08226179,0.4487016,1.333336,0.08277517,0.2759399,1.319666,0.06822976,0.2502604,1.302031,-0.09970559,0.2787454,1.253647,-0.136943,0.03391084,1.22478,-0.1657475,-0.2280165,1.254646,0.003267618,0.2738524,1.269322,0.002084177,0.032213,1.270203,-0.006995813,-0.2243724,1.270294,-0.04148187,0.6965256,1.25656
72057594037999830,1,1.567609,95834.58,-0.0508225,0.2738665,1.289713,-0.02241703,0.8602045,1.263558,-0.1465069,0.6462438,1.210084,-0.216348,0.475542,1.253944,-0.1977704,0.3089,1.201803,-0.1893658,0.2747542,1.188106,0.07178341,0.6381232,1.281802,0.07654394,0.4492337,1.335414,0.07565756,0.2766989,1.316265,0.06325564,0.2442837,1.294413,-0.1011124,0.2783088,1.253688,-0.1374709,0.03377417,1.224014,-0.167412,-0.2282237,1.242738,0.001311951,0.273936,1.270148,-0.0006722167,0.03621298,1.269925,-0.006085353,-0.2187865,1.315412,-0.04593014,0.6965817,1.257635
72057594037999830,1,1.567609,95834.59,-0.0508225,0.2738665,1.289713,-0.02241703,0.8602045,1.263558,-0.1465069,0.6462438,1.210084,-0.216348,0.475542,1.253944,-0.1977704,0.3089,1.201803,-0.1893658,0.2747542,1.188106,0.07178341,0.6381232,1.281802,0.07654394,0.4492337,1.335414,0.07565756,0.2766989,1.316265,0.06325564,0.2442837,1.294413,-0.1011124,0.2783088,1.253688,-0.1374709,0.03377417,1.224014,-0.167412,-0.2282237,1.242738,0.001311951,0.273936,1.270148,-0.0006722167,0.03621298,1.269925,-0.006085353,-0.2187865,1.315412,-0.04593014,0.6965817,1.257635
72057594037999830,1,1.567609,95834.59,-0.0508225,0.2738665,1.289713,-0.02241703,0.8602045,1.263558,-0.1465069,0.6462438,1.210084,-0.216348,0.475542,1.253944,-0.1977704,0.3089,1.201803,-0.1893658,0.2747542,1.188106,0.07178341,0.6381232,1.281802,0.07654394,0.4492337,1.335414,0.07565756,0.2766989,1.316265,0.06325564,0.2442837,1.294413,-0.1011124,0.2783088,1.253688,-0.1374709,0.03377417,1.224014,-0.167412,-0.2282237,1.242738,0.001311951,0.273936,1.270148,-0.0006722167,0.03621298,1.269925,-0.006085353,-0.2187865,1.315412,-0.04593014,0.6965817,1.257635
72057594037999830,1,1.567609,95834.59,-0.0508225,0.2738665,1.289713,-0.02241703,0.8602045,1.263558,-0.1465069,0.6462438,1.210084,-0.216348,0.475542,1.253944,-0.1977704,0.3089,1.201803,-0.1893658,0.2747542,1.188106,0.07178341,0.6381232,1.281802,0.07654394,0.4492337,1.335414,0.07565756,0.2766989,1.316265,0.06325564,0.2442837,1.294413,-0.1011124,0.2783088,1.253688,-0.1374709,0.03377417,1.224014,-0.167412,-0.2282237,1.242738,0.001311951,0.273936,1.270148,-0.0006722167,0.03621298,1.269925,-0.006085353,-0.2187865,1.315412,-0.04593014,0.6965817,1.257635
72057594037999830,1,1.567609,95834.59,-0.0508225,0.2738665,1.289713,-0.02241703,0.8602045,1.263558,-0.1465069,0.6462438,1.210084,-0.216348,0.475542,1.253944,-0.1977704,0.3089,1.201803,-0.1893658,0.2747542,1.188106,0.07178341,0.6381232,1.281802,0.07654394,0.4492337,1.335414,0.07565756,0.2766989,1.316265,0.06325564,0.2442837,1.294413,-0.1011124,0.2783088,1.253688,-0.1374709,0.03377417,1.224014,-0.167412,-0.2282237,1.242738,0.001311951,0.273936,1.270148,-0.0006722167,0.03621298,1.269925,-0.006085353,-0.2187865,1.315412,-0.04593014,0.6965817,1.257635
72057594037999830,1,1.567609,95834.59,-0.0508225,0.2738665,1.289713,-0.02241703,0.8602045,1.263558,-0.1465069,0.6462438,1.210084,-0.216348,0.475542,1.253944,-0.1977704,0.3089,1.201803,-0.1893658,0.2747542,1.188106,0.07178341,0.6381232,1.281802,0.07654394,0.4492337,1.335414,0.07565756,0.2766989,1.316265,0.06325564,0.2442837,1.294413,-0.1011124,0.2783088,1.253688,-0.1374709,0.03377417,1.224014,-0.167412,-0.2282237,1.242738,0.001311951,0.273936,1.270148,-0.0006722167,0.03621298,1.269925,-0.006085353,-0.2187865,1.315412,-0.04593014,0.6965817,1.257635
72057594037999830,1,1.567609,95834.59,-0.0508225,0.2738665,1.289713,-0.02241703,0.8602045,1.263558,-0.1465069,0.6462438,1.210084,-0.216348,0.475542,1.253944,-0.1977704,0.3089,1.201803,-0.1893658,0.2747542,1.188106,0.07178341,0.6381232,1.281802,0.07654394,0.4492337,1.335414,0.07565756,0.2766989,1.316265,0.06325564,0.2442837,1.294413,-0.1011124,0.2783088,1.253688,-0.1374709,0.03377417,1.224014,-0.167412,-0.2282237,1.242738,0.001311951,0.273936,1.270148,-0.0006722167,0.03621298,1.269925,-0.006085353,-0.2187865,1.315412,-0.04593014,0.6965817,1.257635
72057594037999830,1,1.567609,95834.6,-0.0508225,0.2738665,1.289713,-0.02241703,0.8602045,1.263558,-0.1465069,0.6462438,1.210084,-0.216348,0.475542,1.253944,-0.1977704,0.3089,1.201803,-0.1893658,0.2747542,1.188106,0.07178341,0.6381232,1.281802,0.07654394,0.4492337,1.335414,0.07565756,0.2766989,1.316265,0.06325564,0.2442837,1.294413,-0.1011124,0.2783088,1.253688,-0.1374709,0.03377417,1.224014,-0.167412,-0.2282237,1.242738,0.001311951,0.273936,1.270148,-0.0006722167,0.03621298,1.269925,-0.006085353,-0.2187865,1.315412,-0.04593014,0.6965817,1.257635
72057594037999830,1,1.567609,95834.6,-0.0508225,0.2738665,1.289713,-0.02241703,0.8602045,1.263558,-0.1465069,0.6462438,1.210084,-0.216348,0.475542,1.253944,-0.1977704,0.3089,1.201803,-0.1893658,0.2747542,1.188106,0.07178341,0.6381232,1.281802,0.07654394,0.4492337,1.335414,0.07565756,0.2766989,1.316265,0.06325564,0.2442837,1.294413,-0.1011124,0.2783088,1.253688,-0.1374709,0.03377417,1.224014,-0.167412,-0.2282237,1.242738,0.001311951,0.273936,1.270148,-0.0006722167,0.03621298,1.269925,-0.006085353,-0.2187865,1.315412,-0.04593014,0.6965817,1.257635
72057594037999830,1,1.567609,95834.61,-0.0508225,0.2738665,1.289713,-0.02241703,0.8602045,1.263558,-0.1465069,0.6462438,1.210084,-0.216348,0.475542,1.253944,-0.1977704,0.3089,1.201803,-0.1893658,0.2747542,1.188106,0.07178341,0.6381232,1.281802,0.07654394,0.4492337,1.335414,0.07565756,0.2766989,1.316265,0.06325564,0.2442837,1.294413,-0.1011124,0.2783088,1.253688,-0.1374709,0.03377417,1.224014,-0.167412,-0.2282237,1.242738,0.001311951,0.273936,1.270148,-0.0006722167,0.03621298,1.269925,-0.006085353,-0.2187865,1.315412,-0.04593014,0.6965817,1.257635
72057594037999830,1,1.567609,95834.61,-0.0508225,0.2738665,1.289713,-0.02241703,0.8602045,1.263558,-0.1465069,0.6462438,1.210084,-0.216348,0.475542,1.253944,-0.1977704,0.3089,1.201803,-0.1893658,0.2747542,1.188106,0.07178341,0.6381232,1.281802,0.07654394,0.4492337,1.335414,0.07565756,0.2766989,1.316265,0.06325564,0.2442837,1.294413,-0.1011124,0.2783088,1.253688,-0.1374709,0.03377417,1.224014,-0.167412,-0.2282237,1.242738,0.001311951,0.273936,1.270148,-0.0006722167,0.03621298,1.269925,-0.006085353,-0.2187865,1.315412,-0.04593014,0.6965817,1.257635
72057594037999830,1,1.567609,95834.62,-0.0508225,0.2738665,1.289713,-0.02241703,0.8602045,1.263558,-0.1465069,0.6462438,1.210084,-0.216348,0.475542,1.253944,-0.1977704,0.3089,1.201803,-0.1893658,0.2747542,1.188106,0.07178341,0.6381232,1.281802,0.07654394,0.4492337,1.335414,0.07565756,0.2766989,1.316265,0.06325564,0.2442837,1.294413,-0.1011124,0.2783088,1.253688,-0.1374709,0.03377417,1.224014,-0.167412,-0.2282237,1.242738,0.001311951,0.273936,1.270148,-0.0006722167,0.03621298,1.269925,-0.006085353,-0.2187865,1.315412,-0.04593014,0.6965817,1.257635
72057594037999830,1,1.572547,95834.62,-0.05824532,0.2607809,1.290088,-0.03355343,0.8484321,1.270713,-0.1529742,0.6340513,1.202715,-0.2249891,0.463129,1.238701,-0.2031578,0.2949125,1.194827,-0.1951443,0.2712523,1.184899,0.05731585,0.6204768,1.290087,0.06491781,0.4344918,1.342165,0.07102671,0.263776,1.30772,0.06100837,0.2388761,1.293392,-0.1078829,0.264717,1.2526,-0.1408807,0.02976906,1.217133,-0.1742978,-0.2309485,1.238411,-0.006494018,0.2615224,1.271901,-0.0005299724,0.03785977,1.267352,-0.009452891,-0.2166932,1.349929,-0.05714701,0.6845242,1.261052
72057594037999830,1,1.572547,95834.62,-0.05824532,0.2607809,1.290088,-0.03355343,0.8484321,1.270713,-0.1529742,0.6340513,1.202715,-0.2249891,0.463129,1.238701,-0.2031578,0.2949125,1.194827,-0.1951443,0.2712523,1.184899,0.05731585,0.6204768,1.290087,0.06491781,0.4344918,1.342165,0.07102671,0.263776,1.30772,0.06100837,0.2388761,1.293392,-0.1078829,0.264717,1.2526,-0.1408807,0.02976906,1.217133,-0.1742978,-0.2309485,1.238411,-0.006494018,0.2615224,1.271901,-0.0005299724,0.03785977,1.267352,-0.009452891,-0.2166932,1.349929,-0.05714701,0.6845242,1.261052
72057594037999830,1,1.572547,95834.63,-0.05824532,0.2607809,1.290088,-0.03355343,0.8484321,1.270713,-0.1529742,0.6340513,1.202715,-0.2249891,0.463129,1.238701,-0.2031578,0.2949125,1.194827,-0.1951443,0.2712523,1.184899,0.05731585,0.6204768,1.290087,0.06491781,0.4344918,1.342165,0.07102671,0.263776,1.30772,0.06100837,0.2388761,1.293392,-0.1078829,0.264717,1.2526,-0.1408807,0.02976906,1.217133,-0.1742978,-0.2309485,1.238411,-0.006494018,0.2615224,1.271901,-0.0005299724,0.03785977,1.267352,-0.009452891,-0.2166932,1.349929,-0.05714701,0.6845242,1.261052
72057594037999830,1,1.572547,95834.63,-0.05824532,0.2607809,1.290088,-0.03355343,0.8484321,1.270713,-0.1529742,0.6340513,1.202715,-0.2249891,0.463129,1.238701,-0.2031578,0.2949125,1.194827,-0.1951443,0.2712523,1.184899,0.05731585,0.6204768,1.290087,0.06491781,0.4344918,1.342165,0.07102671,0.263776,1.30772,0.06100837,0.2388761,1.293392,-0.1078829,0.264717,1.2526,-0.1408807,0.02976906,1.217133,-0.1742978,-0.2309485,1.238411,-0.006494018,0.2615224,1.271901,-0.0005299724,0.03785977,1.267352,-0.009452891,-0.2166932,1.349929,-0.05714701,0.6845242,1.261052
72057594037999830,1,1.572547,95834.63,-0.05824532,0.2607809,1.290088,-0.03355343,0.8484321,1.270713,-0.1529742,0.6340513,1.202715,-0.2249891,0.463129,1.238701,-0.2031578,0.2949125,1.194827,-0.1951443,0.2712523,1.184899,0.05731585,0.6204768,1.290087,0.06491781,0.4344918,1.342165,0.07102671,0.263776,1.30772,0.06100837,0.2388761,1.293392,-0.1078829,0.264717,1.2526,-0.1408807,0.02976906,1.217133,-0.1742978,-0.2309485,1.238411,-0.006494018,0.2615224,1.271901,-0.0005299724,0.03785977,1.267352,-0.009452891,-0.2166932,1.349929,-0.05714701,0.6845242,1.261052
72057594037999830,1,1.572547,95834.63,-0.05824532,0.2607809,1.290088,-0.03355343,0.8484321,1.270713,-0.1529742,0.6340513,1.202715,-0.2249891,0.463129,1.238701,-0.2031578,0.2949125,1.194827,-0.1951443,0.2712523,1.184899,0.05731585,0.6204768,1.290087,0.06491781,0.4344918,1.342165,0.07102671,0.263776,1.30772,0.06100837,0.2388761,1.293392,-0.1078829,0.264717,1.2526,-0.1408807,0.02976906,1.217133,-0.1742978,-0.2309485,1.238411,-0.006494018,0.2615224,1.271901,-0.0005299724,0.03785977,1.267352,-0.009452891,-0.2166932,1.349929,-0.05714701,0.6845242,1.261052
72057594037999830,1,1.572547,95834.63,-0.05824532,0.2607809,1.290088,-0.03355343,0.8484321,1.270713,-0.1529742,0.6340513,1.202715,-0.2249891,0.463129,1.238701,-0.2031578,0.2949125,1.194827,-0.1951443,0.2712523,1.184899,0.05731585,0.6204768,1.290087,0.06491781,0.4344918,1.342165,0.07102671,0.263776,1.30772,0.06100837,0.2388761,1.293392,-0.1078829,0.264717,1.2526,-0.1408807,0.02976906,1.217133,-0.1742978,-0.2309485,1.238411,-0.006494018,0.2615224,1.271901,-0.0005299724,0.03785977,1.267352,-0.009452891,-0.2166932,1.349929,-0.05714701,0.6845242,1.261052
72057594037999830,1,1.572547,95834.64,-0.05824532,0.2607809,1.290088,-0.03355343,0.8484321,1.270713,-0.1529742,0.6340513,1.202715,-0.2249891,0.463129,1.238701,-0.2031578,0.2949125,1.194827,-0.1951443,0.2712523,1.184899,0.05731585,0.6204768,1.290087,0.06491781,0.4344918,1.342165,0.07102671,0.263776,1.30772,0.06100837,0.2388761,1.293392,-0.1078829,0.264717,1.2526,-0.1408807,0.02976906,1.217133,-0.1742978,-0.2309485,1.238411,-0.006494018,0.2615224,1.271901,-0.0005299724,0.03785977,1.267352,-0.009452891,-0.2166932,1.349929,-0.05714701,0.6845242,1.261052
72057594037999830,1,1.572547,95834.64,-0.05824532,0.2607809,1.290088,-0.03355343,0.8484321,1.270713,-0.1529742,0.6340513,1.202715,-0.2249891,0.463129,1.238701,-0.2031578,0.2949125,1.194827,-0.1951443,0.2712523,1.184899,0.05731585,0.6204768,1.290087,0.06491781,0.4344918,1.342165,0.07102671,0.263776,1.30772,0.06100837,0.2388761,1.293392,-0.1078829,0.264717,1.2526,-0.1408807,0.02976906,1.217133,-0.1742978,-0.2309485,1.238411,-0.006494018,0.2615224,1.271901,-0.0005299724,0.03785977,1.267352,-0.009452891,-0.2166932,1.349929,-0.05714701,0.6845242,1.261052
72057594037999830,1,1.572547,95834.64,-0.05824532,0.2607809,1.290088,-0.03355343,0.8484321,1.270713,-0.1529742,0.6340513,1.202715,-0.2249891,0.463129,1.238701,-0.2031578,0.2949125,1.194827,-0.1951443,0.2712523,1.184899,0.05731585,0.6204768,1.290087,0.06491781,0.4344918,1.342165,0.07102671,0.263776,1.30772,0.06100837,0.2388761,1.293392,-0.1078829,0.264717,1.2526,-0.1408807,0.02976906,1.217133,-0.1742978,-0.2309485,1.238411,-0.006494018,0.2615224,1.271901,-0.0005299724,0.03785977,1.267352,-0.009452891,-0.2166932,1.349929,-0.05714701,0.6845242,1.261052
72057594037999830,1,1.585273,95834.65,-0.06390072,0.2289099,1.290365,-0.04777285,0.8202783,1.278492,-0.1623724,0.6044525,1.198169,-0.231197,0.4359147,1.226345,-0.2131169,0.2648785,1.183112,-0.2006465,0.2301512,1.174597,0.04342986,0.5927433,1.297783,0.0484576,0.3850969,1.35012,0.06880529,0.2192303,1.298931,0.05439174,0.1748328,1.286677,-0.1122823,0.232139,1.25,-0.1497913,0.01401377,1.200812,-0.1807781,-0.2345275,1.239773,-0.01304697,0.2314581,1.275028,0.0009023193,0.03245512,1.263778,-0.01007748,-0.2132826,1.382311,-0.06917804,0.6558479,1.265239
72057594037999830,1,1.585273,95834.65,-0.06390072,0.2289099,1.290365,-0.04777285,0.8202783,1.278492,-0.1623724,0.6044525,1.198169,-0.231197,0.4359147,1.226345,-0.2131169,0.2648785,1.183112,-0.2006465,0.2301512,1.174597,0.04342986,0.5927433,1.297783,0.0484576,0.3850969,1.35012,0.06880529,0.2192303,1.298931,0.05439174,0.1748328,1.286677,-0.1122823,0.232139,1.25,-0.1497913,0.01401377,1.200812,-0.1807781,-0.2345275,1.239773,-0.01304697,0.2314581,1.275028,0.0009023193,0.03245512,1.263778,-0.01007748,-0.2132826,1.382311,-0.06917804,0.6558479,1.265239
72057594037999830,1,1.585273,95834.66,-0.06390072,0.2289099,1.290365,-0.04777285,0.8202783,1.278492,-0.1623724,0.6044525,1.198169,-0.231197,0.4359147,1.226345,-0.2131169,0.2648785,1.183112,-0.2006465,0.2301512,1.174597,0.04342986,0.5927433,1.297783,0.0484576,0.3850969,1.35012,0.06880529,0.2192303,1.298931,0.05439174,0.1748328,1.286677,-0.1122823,0.232139,1.25,-0.1497913,0.01401377,1.200812,-0.1807781,-0.2345275,1.239773,-0.01304697,0.2314581,1.275028,0.0009023193,0.03245512,1.263778,-0.01007748,-0.2132826,1.382311,-0.06917804,0.6558479,1.265239
72057594037999830,1,1.585273,95834.66,-0.06390072,0.2289099,1.290365,-0.04777285,0.8202783,1.278492,-0.1623724,0.6044525,1.198169,-0.231197,0.4359147,1.226345,-0.2131169,0.2648785,1.183112,-0.2006465,0.2301512,1.174597,0.04342986,0.5927433,1.297783,0.0484576,0.3850969,1.35012,0.06880529,0.2192303,1.298931,0.05439174,0.1748328,1.286677,-0.1122823,0.232139,1.25,-0.1497913,0.01401377,1.200812,-0.1807781,-0.2345275,1.239773,-0.01304697,0.2314581,1.275028,0.0009023193,0.03245512,1.263778,-0.01007748,-0.2132826,1.382311,-0.06917804,0.6558479,1.265239
72057594037999830,1,1.585273,95834.66,-0.06390072,0.2289099,1.290365,-0.04777285,0.8202783,1.278492,-0.1623724,0.6044525,1.198169,-0.231197,0.4359147,1.226345,-0.2131169,0.2648785,1.183112,-0.2006465,0.2301512,1.174597,0.04342986,0.5927433,1.297783,0.0484576,0.3850969,1.35012,0.06880529,0.2192303,1.298931,0.05439174,0.1748328,1.286677,-0.1122823,0.232139,1.25,-0.1497913,0.01401377,1.200812,-0.1807781,-0.2345275,1.239773,-0.01304697,0.2314581,1.275028,0.0009023193,0.03245512,1.263778,-0.01007748,-0.2132826,1.382311,-0.06917804,0.6558479,1.265239
72057594037999830,1,1.585273,95834.66,-0.06390072,0.2289099,1.290365,-0.04777285,0.8202783,1.278492,-0.1623724,0.6044525,1.198169,-0.231197,0.4359147,1.226345,-0.2131169,0.2648785,1.183112,-0.2006465,0.2301512,1.174597,0.04342986,0.5927433,1.297783,0.0484576,0.3850969,1.35012,0.06880529,0.2192303,1.298931,0.05439174,0.1748328,1.286677,-0.1122823,0.232139,1.25,-0.1497913,0.01401377,1.200812,-0.1807781,-0.2345275,1.239773,-0.01304697,0.2314581,1.275028,0.0009023193,0.03245512,1.263778,-0.01007748,-0.2132826,1.382311,-0.06917804,0.6558479,1.265239
72057594037999830,1,1.585273,95834.66,-0.06390072,0.2289099,1.290365,-0.04777285,0.8202783,1.278492,-0.1623724,0.6044525,1.198169,-0.231197,0.4359147,1.226345,-0.2131169,0.2648785,1.183112,-0.2006465,0.2301512,1.174597,0.04342986,0.5927433,1.297783,0.0484576,0.3850969,1.35012,0.06880529,0.2192303,1.298931,0.05439174,0.1748328,1.286677,-0.1122823,0.232139,1.25,-0.1497913,0.01401377,1.200812,-0.1807781,-0.2345275,1.239773,-0.01304697,0.2314581,1.275028,0.0009023193,0.03245512,1.263778,-0.01007748,-0.2132826,1.382311,-0.06917804,0.6558479,1.265239
72057594037999830,1,1.585273,95834.66,-0.06390072,0.2289099,1.290365,-0.04777285,0.8202783,1.278492,-0.1623724,0.6044525,1.198169,-0.231197,0.4359147,1.226345,-0.2131169,0.2648785,1.183112,-0.2006465,0.2301512,1.174597,0.04342986,0.5927433,1.297783,0.0484576,0.3850969,1.35012,0.06880529,0.2192303,1.298931,0.05439174,0.1748328,1.286677,-0.1122823,0.232139,1.25,-0.1497913,0.01401377,1.200812,-0.1807781,-0.2345275,1.239773,-0.01304697,0.2314581,1.275028,0.0009023193,0.03245512,1.263778,-0.01007748,-0.2132826,1.382311,-0.06917804,0.6558479,1.265239
72057594037999830,1,1.585273,95834.66,-0.06390072,0.2289099,1.290365,-0.04777285,0.8202783,1.278492,-0.1623724,0.6044525,1.198169,-0.231197,0.4359147,1.226345,-0.2131169,0.2648785,1.183112,-0.2006465,0.2301512,1.174597,0.04342986,0.5927433,1.297783,0.0484576,0.3850969,1.35012,0.06880529,0.2192303,1.298931,0.05439174,0.1748328,1.286677,-0.1122823,0.232139,1.25,-0.1497913,0.01401377,1.200812,-0.1807781,-0.2345275,1.239773,-0.01304697,0.2314581,1.275028,0.0009023193,0.03245512,1.263778,-0.01007748,-0.2132826,1.382311,-0.06917804,0.6558479,1.265239
72057594037999830,1,1.585273,95834.67,-0.06390072,0.2289099,1.290365,-0.04777285,0.8202783,1.278492,-0.1623724,0.6044525,1.198169,-0.231197,0.4359147,1.226345,-0.2131169,0.2648785,1.183112,-0.2006465,0.2301512,1.174597,0.04342986,0.5927433,1.297783,0.0484576,0.3850969,1.35012,0.06880529,0.2192303,1.298931,0.05439174,0.1748328,1.286677,-0.1122823,0.232139,1.25,-0.1497913,0.01401377,1.200812,-0.1807781,-0.2345275,1.239773,-0.01304697,0.2314581,1.275028,0.0009023193,0.03245512,1.263778,-0.01007748,-0.2132826,1.382311,-0.06917804,0.6558479,1.265239
72057594037999830,1,1.585273,95834.67,-0.06390072,0.2289099,1.290365,-0.04777285,0.8202783,1.278492,-0.1623724,0.6044525,1.198169,-0.231197,0.4359147,1.226345,-0.2131169,0.2648785,1.183112,-0.2006465,0.2301512,1.174597,0.04342986,0.5927433,1.297783,0.0484576,0.3850969,1.35012,0.06880529,0.2192303,1.298931,0.05439174,0.1748328,1.286677,-0.1122823,0.232139,1.25,-0.1497913,0.01401377,1.200812,-0.1807781,-0.2345275,1.239773,-0.01304697,0.2314581,1.275028,0.0009023193,0.03245512,1.263778,-0.01007748,-0.2132826,1.382311,-0.06917804,0.6558479,1.265239
72057594037999830,1,1.585273,95834.68,-0.06390072,0.2289099,1.290365,-0.04777285,0.8202783,1.278492,-0.1623724,0.6044525,1.198169,-0.231197,0.4359147,1.226345,-0.2131169,0.2648785,1.183112,-0.2006465,0.2301512,1.174597,0.04342986,0.5927433,1.297783,0.0484576,0.3850969,1.35012,0.06880529,0.2192303,1.298931,0.05439174,0.1748328,1.286677,-0.1122823,0.232139,1.25,-0.1497913,0.01401377,1.200812,-0.1807781,-0.2345275,1.239773,-0.01304697,0.2314581,1.275028,0.0009023193,0.03245512,1.263778,-0.01007748,-0.2132826,1.382311,-0.06917804,0.6558479,1.265239
72057594037999830,1,1.585273,95834.68,-0.06390072,0.2289099,1.290365,-0.04777285,0.8202783,1.278492,-0.1623724,0.6044525,1.198169,-0.231197,0.4359147,1.226345,-0.2131169,0.2648785,1.183112,-0.2006465,0.2301512,1.174597,0.04342986,0.5927433,1.297783,0.0484576,0.3850969,1.35012,0.06880529,0.2192303,1.298931,0.05439174,0.1748328,1.286677,-0.1122823,0.232139,1.25,-0.1497913,0.01401377,1.200812,-0.1807781,-0.2345275,1.239773,-0.01304697,0.2314581,1.275028,0.0009023193,0.03245512,1.263778,-0.01007748,-0.2132826,1.382311,-0.06917804,0.6558479,1.265239
72057594037999830,1,1.595612,95834.69,-0.06774663,0.2057224,1.289748,-0.05662028,0.7988898,1.284956,-0.1657578,0.5813935,1.20002,-0.2336762,0.4005973,1.219221,-0.2153329,0.2325956,1.174124,-0.2058528,0.1994917,1.164828,0.03497672,0.5694197,1.308579,0.04297314,0.3738843,1.351578,0.05796514,0.2069073,1.302788,0.05016975,0.1812289,1.30094,-0.1147152,0.2117352,1.247492,-0.1545374,0.004181683,1.188172,-0.182847,-0.2359564,1.240726,-0.01827577,0.2063815,1.27669,0.001599064,0.01300383,1.257844,-0.01425319,-0.2201303,1.396887,-0.0751596,0.6337382,1.268367
72057594037999830,1,1.595612,95834.69,-0.06774663,0.2057224,1.289748,-0.05662028,0.7988898,1.284956,-0.1657578,0.5813935,1.20002,-0.2336762,0.4005973,1.219221,-0.2153329,0.2325956,1.174124,-0.2058528,0.1994917,1.164828,0.03497672,0.5694197,1.308579,0.04297314,0.3738843,1.351578,0.05796514,0.2069073,1.302788,0.05016975,0.1812289,1.30094,-0.1147152,0.2117352,1.247492,-0.1545374,0.004181683,1.188172,-0.182847,-0.2359564,1.240726,-0.01827577,0.2063815,1.27669,0.001599064,0.01300383,1.257844,-0.01425319,-0.2201303,1.396887,-0.0751596,0.6337382,1.268367
72057594037999830,1,1.595612,95834.69,-0.06774663,0.2057224,1.289748,-0.05662028,0.7988898,1.284956,-0.1657578,0.5813935,1.20002,-0.2336762,0.4005973,1.219221,-0.2153329,0.2325956,1.174124,-0.2058528,0.1994917,1.164828,0.03497672,0.5694197,1.308579,0.04297314,0.3738843,1.351578,0.05796514,0.2069073,1.302788,0.05016975,0.1812289,1.30094,-0.1147152,0.2117352,1.247492,-0.1545374,0.004181683,1.188172,-0.182847,-0.2359564,1.240726,-0.01827577,0.2063815,1.27669,0.001599064,0.01300383,1.257844,-0.01425319,-0.2201303,1.396887,-0.0751596,0.6337382,1.268367
72057594037999830,1,1.595612,95834.7,-0.06774663,0.2057224,1.289748,-0.05662028,0.7988898,1.284956,-0.1657578,0.5813935,1.20002,-0.2336762,0.4005973,1.219221,-0.2153329,0.2325956,1.174124,-0.2058528,0.1994917,1.164828,0.03497672,0.5694197,1.308579,0.04297314,0.3738843,1.351578,0.05796514,0.2069073,1.302788,0.05016975,0.1812289,1.30094,-0.1147152,0.2117352,1.247492,-0.1545374,0.004181683,1.188172,-0.182847,-0.2359564,1.240726,-0.01827577,0.2063815,1.27669,0.001599064,0.01300383,1.257844,-0.01425319,-0.2201303,1.396887,-0.0751596,0.6337382,1.268367
72057594037999830,1,1.595612,95834.7,-0.06774663,0.2057224,1.289748,-0.05662028,0.7988898,1.284956,-0.1657578,0.5813935,1.20002,-0.2336762,0.4005973,1.219221,-0.2153329,0.2325956,1.174124,-0.2058528,0.1994917,1.164828,0.03497672,0.5694197,1.308579,0.04297314,0.3738843,1.351578,0.05796514,0.2069073,1.302788,0.05016975,0.1812289,1.30094,-0.1147152,0.2117352,1.247492,-0.1545374,0.004181683,1.188172,-0.182847,-0.2359564,1.240726,-0.01827577,0.2063815,1.27669,0.001599064,0.01300383,1.257844,-0.01425319,-0.2201303,1.396887,-0.0751596,0.6337382,1.268367
72057594037999830,1,1.595612,95834.7,-0.06774663,0.2057224,1.289748,-0.05662028,0.7988898,1.284956,-0.1657578,0.5813935,1.20002,-0.2336762,0.4005973,1.219221,-0.2153329,0.2325956,1.174124,-0.2058528,0.1994917,1.164828,0.03497672,0.5694197,1.308579,0.04297314,0.3738843,1.351578,0.05796514,0.2069073,1.302788,0.05016975,0.1812289,1.30094,-0.1147152,0.2117352,1.247492,-0.1545374,0.004181683,1.188172,-0.182847,-0.2359564,1.240726,-0.01827577,0.2063815,1.27669,0.001599064,0.01300383,1.257844,-0.01425319,-0.2201303,1.396887,-0.0751596,0.6337382,1.268367
72057594037999830,1,1.595612,95834.7,-0.06774663,0.2057224,1.289748,-0.05662028,0.7988898,1.284956,-0.1657578,0.5813935,1.20002,-0.2336762,0.4005973,1.219221,-0.2153329,0.2325956,1.174124,-0.2058528,0.1994917,1.164828,0.03497672,0.5694197,1.308579,0.04297314,0.3738843,1.351578,0.05796514,0.2069073,1.302788,0.05016975,0.1812289,1.30094,-0.1147152,0.2117352,1.247492,-0.1545374,0.004181683,1.188172,-0.182847,-0.2359564,1.240726,-0.01827577,0.2063815,1.27669,0.001599064,0.01300383,1.257844,-0.01425319,-0.2201303,1.396887,-0.0751596,0.6337382,1.268367
72057594037999830,1,1.595612,95834.7,-0.06774663,0.2057224,1.289748,-0.05662028,0.7988898,1.284956,-0.1657578,0.5813935,1.20002,-0.2336762,0.4005973,1.219221,-0.2153329,0.2325956,1.174124,-0.2058528,0.1994917,1.164828,0.03497672,0.5694197,1.308579,0.04297314,0.3738843,1.351578,0.05796514,0.2069073,1.302788,0.05016975,0.1812289,1.30094,-0.1147152,0.2117352,1.247492,-0.1545374,0.004181683,1.188172,-0.182847,-0.2359564,1.240726,-0.01827577,0.2063815,1.27669,0.001599064,0.01300383,1.257844,-0.01425319,-0.2201303,1.396887,-0.0751596,0.6337382,1.268367
72057594037999830,1,1.595612,95834.7,-0.06774663,0.2057224,1.289748,-0.05662028,0.7988898,1.284956,-0.1657578,0.5813935,1.20002,-0.2336762,0.4005973,1.219221,-0.2153329,0.2325956,1.174124,-0.2058528,0.1994917,1.164828,0.03497672,0.5694197,1.308579,0.04297314,0.3738843,1.351578,0.05796514,0.2069073,1.302788,0.05016975,0.1812289,1.30094,-0.1147152,0.2117352,1.247492,-0.1545374,0.004181683,1.188172,-0.182847,-0.2359564,1.240726,-0.01827577,0.2063815,1.27669,0.001599064,0.01300383,1.257844,-0.01425319,-0.2201303,1.396887,-0.0751596,0.6337382,1.268367
72057594037999830,1,1.595612,95834.71,-0.06774663,0.2057224,1.289748,-0.05662028,0.7988898,1.284956,-0.1657578,0.5813935,1.20002,-0.2336762,0.4005973,1.219221,-0.2153329,0.2325956,1.174124,-0.2058528,0.1994917,1.164828,0.03497672,0.5694197,1.308579,0.04297314,0.3738843,1.351578,0.05796514,0.2069073,1.302788,0.05016975,0.1812289,1.30094,-0.1147152,0.2117352,1.247492,-0.1545374,0.004181683,1.188172,-0.182847,-0.2359564,1.240726,-0.01827577,0.2063815,1.27669,0.001599064,0.01300383,1.257844,-0.01425319,-0.2201303,1.396887,-0.0751596,0.6337382,1.268367
72057594037999830,1,1.595612,95834.71,-0.06774663,0.2057224,1.289748,-0.05662028,0.7988898,1.284956,-0.1657578,0.5813935,1.20002,-0.2336762,0.4005973,1.219221,-0.2153329,0.2325956,1.174124,-0.2058528,0.1994917,1.164828,0.03497672,0.5694197,1.308579,0.04297314,0.3738843,1.351578,0.05796514,0.2069073,1.302788,0.05016975,0.1812289,1.30094,-0.1147152,0.2117352,1.247492,-0.1545374,0.004181683,1.188172,-0.182847,-0.2359564,1.240726,-0.01827577,0.2063815,1.27669,0.001599064,0.01300383,1.257844,-0.01425319,-0.2201303,1.396887,-0.0751596,0.6337382,1.268367
72057594037999830,1,1.599535,95834.72,-0.06923985,0.1963556,1.289865,-0.06056153,0.7885526,1.289066,-0.1678148,0.567737,1.204141,-0.2350754,0.3881587,1.220006,-0.216163,0.2210882,1.171458,-0.2083257,0.1886036,1.162001,0.03132491,0.5599384,1.315365,0.03966586,0.3688719,1.351751,0.04788206,0.1512542,1.298688,0.0440656,0.08299655,1.265263,-0.1157134,0.2020308,1.246514,-0.1550595,-0.006019831,1.180471,-0.1837506,-0.2366003,1.240469,-0.0201249,0.1977996,1.277816,-0.0005993747,0.001393884,1.258006,-0.01590544,-0.2271537,1.403766,-0.07764143,0.6222636,1.271691
72057594037999830,1,1.599535,95834.72,-0.06923985,0.1963556,1.289865,-0.06056153,0.7885526,1.289066,-0.1678148,0.567737,1.204141,-0.2350754,0.3881587,1.220006,-0.216163,0.2210882,1.171458,-0.2083257,0.1886036,1.162001,0.03132491,0.5599384,1.315365,0.03966586,0.3688719,1.351751,0.04788206,0.1512542,1.298688,0.0440656,0.08299655,1.265263,-0.1157134,0.2020308,1.246514,-0.1550595,-0.006019831,1.180471,-0.1837506,-0.2366003,1.240469,-0.0201249,0.1977996,1.277816,-0.0005993747,0.001393884,1.258006,-0.01590544,-0.2271537,1.403766,-0.07764143,0.6222636,1.271691
72057594037999830,1,1.599535,95834.72,-0.06923985,0.1963556,1.289865,-0.06056153,0.7885526,1.289066,-0.1678148,0.567737,1.204141,-0.2350754,0.3881587,1.220006,-0.216163,0.2210882,1.171458,-0.2083257,0.1886036,1.162001,0.03132491,0.5599384,1.315365,0.03966586,0.3688719,1.351751,0.04788206,0.1512542,1.298688,0.0440656,0.08299655,1.265263,-0.1157134,0.2020308,1.246514,-0.1550595,-0.006019831,1.180471,-0.1837506,-0.2366003,1.240469,-0.0201249,0.1977996,1.277816,-0.0005993747,0.001393884,1.258006,-0.01590544,-0.2271537,1.403766,-0.07764143,0.6222636,1.271691
72057594037999830,1,1.599535,95834.73,-0.06923985,0.1963556,1.289865,-0.06056153,0.7885526,1.289066,-0.1678148,0.567737,1.204141,-0.2350754,0.3881587,1.220006,-0.216163,0.2210882,1.171458,-0.2083257,0.1886036,1.162001,0.03132491,0.5599384,1.315365,0.03966586,0.3688719,1.351751,0.04788206,0.1512542,1.298688,0.0440656,0.08299655,1.265263,-0.1157134,0.2020308,1.246514,-0.1550595,-0.006019831,1.180471,-0.1837506,-0.2366003,1.240469,-0.0201249,0.1977996,1.277816,-0.0005993747,0.001393884,1.258006,-0.01590544,-0.2271537,1.403766,-0.07764143,0.6222636,1.271691
72057594037999830,1,1.599535,95834.73,-0.06923985,0.1963556,1.289865,-0.06056153,0.7885526,1.289066,-0.1678148,0.567737,1.204141,-0.2350754,0.3881587,1.220006,-0.216163,0.2210882,1.171458,-0.2083257,0.1886036,1.162001,0.03132491,0.5599384,1.315365,0.03966586,0.3688719,1.351751,0.04788206,0.1512542,1.298688,0.0440656,0.08299655,1.265263,-0.1157134,0.2020308,1.246514,-0.1550595,-0.006019831,1.180471,-0.1837506,-0.2366003,1.240469,-0.0201249,0.1977996,1.277816,-0.0005993747,0.001393884,1.258006,-0.01590544,-0.2271537,1.403766,-0.07764143,0.6222636,1.271691
72057594037999830,1,1.599535,95834.73,-0.06923985,0.1963556,1.289865,-0.06056153,0.7885526,1.289066,-0.1678148,0.567737,1.204141,-0.2350754,0.3881587,1.220006,-0.216163,0.2210882,1.171458,-0.2083257,0.1886036,1.162001,0.03132491,0.5599384,1.315365,0.03966586,0.3688719,1.351751,0.04788206,0.1512542,1.298688,0.0440656,0.08299655,1.265263,-0.1157134,0.2020308,1.246514,-0.1550595,-0.006019831,1.180471,-0.1837506,-0.2366003,1.240469,-0.0201249,0.1977996,1.277816,-0.0005993747,0.001393884,1.258006,-0.01590544,-0.2271537,1.403766,-0.07764143,0.6222636,1.271691
72057594037999830,1,1.599535,95834.73,-0.06923985,0.1963556,1.289865,-0.06056153,0.7885526,1.289066,-0.1678148,0.567737,1.204141,-0.2350754,0.3881587,1.220006,-0.216163,0.2210882,1.171458,-0.2083257,0.1886036,1.162001,0.03132491,0.5599384,1.315365,0.03966586,0.3688719,1.351751,0.04788206,0.1512542,1.298688,0.0440656,0.08299655,1.265263,-0.1157134,0.2020308,1.246514,-0.1550595,-0.006019831,1.180471,-0.1837506,-0.2366003,1.240469,-0.0201249,0.1977996,1.277816,-0.0005993747,0.001393884,1.258006,-0.01590544,-0.2271537,1.403766,-0.07764143,0.6222636,1.271691
72057594037999830,1,1.599535,95834.73,-0.06923985,0.1963556,1.289865,-0.06056153,0.7885526,1.289066,-0.1678148,0.567737,1.204141,-0.2350754,0.3881587,1.220006,-0.216163,0.2210882,1.171458,-0.2083257,0.1886036,1.162001,0.03132491,0.5599384,1.315365,0.03966586,0.3688719,1.351751,0.04788206,0.1512542,1.298688,0.0440656,0.08299655,1.265263,-0.1157134,0.2020308,1.246514,-0.1550595,-0.006019831,1.180471,-0.1837506,-0.2366003,1.240469,-0.0201249,0.1977996,1.277816,-0.0005993747,0.001393884,1.258006,-0.01590544,-0.2271537,1.403766,-0.07764143,0.6222636,1.271691
72057594037999830,1,1.599535,95834.74,-0.06923985,0.1963556,1.289865,-0.06056153,0.7885526,1.289066,-0.1678148,0.567737,1.204141,-0.2350754,0.3881587,1.220006,-0.216163,0.2210882,1.171458,-0.2083257,0.1886036,1.162001,0.03132491,0.5599384,1.315365,0.03966586,0.3688719,1.351751,0.04788206,0.1512542,1.298688,0.0440656,0.08299655,1.265263,-0.1157134,0.2020308,1.246514,-0.1550595,-0.006019831,1.180471,-0.1837506,-0.2366003,1.240469,-0.0201249,0.1977996,1.277816,-0.0005993747,0.001393884,1.258006,-0.01590544,-0.2271537,1.403766,-0.07764143,0.6222636,1.271691
72057594037999830,1,1.599535,95834.74,-0.06923985,0.1963556,1.289865,-0.06056153,0.7885526,1.289066,-0.1678148,0.567737,1.204141,-0.2350754,0.3881587,1.220006,-0.216163,0.2210882,1.171458,-0.2083257,0.1886036,1.162001,0.03132491,0.5599384,1.315365,0.03966586,0.3688719,1.351751,0.04788206,0.1512542,1.298688,0.0440656,0.08299655,1.265263,-0.1157134,0.2020308,1.246514,-0.1550595,-0.006019831,1.180471,-0.1837506,-0.2366003,1.240469,-0.0201249,0.1977996,1.277816,-0.0005993747,0.001393884,1.258006,-0.01590544,-0.2271537,1.403766,-0.07764143,0.6222636,1.271691
72057594037999830,1,1.599535,95834.74,-0.06923985,0.1963556,1.289865,-0.06056153,0.7885526,1.289066,-0.1678148,0.567737,1.204141,-0.2350754,0.3881587,1.220006,-0.216163,0.2210882,1.171458,-0.2083257,0.1886036,1.162001,0.03132491,0.5599384,1.315365,0.03966586,0.3688719,1.351751,0.04788206,0.1512542,1.298688,0.0440656,0.08299655,1.265263,-0.1157134,0.2020308,1.246514,-0.1550595,-0.006019831,1.180471,-0.1837506,-0.2366003,1.240469,-0.0201249,0.1977996,1.277816,-0.0005993747,0.001393884,1.258006,-0.01590544,-0.2271537,1.403766,-0.07764143,0.6222636,1.271691
72057594037999830,1,1.598439,95834.75,-0.07011323,0.194819,1.291839,-0.06333536,0.7873089,1.293836,-0.167711,0.5657107,1.208143,-0.2343357,0.3853137,1.222357,-0.2160787,0.2188642,1.171141,-0.2078039,0.1905349,1.165127,0.02980538,0.5591373,1.320063,0.03724436,0.3660013,1.356168,0.04965343,0.1779696,1.311454,0.03532508,0.1236131,1.291347,-0.1163537,0.2005537,1.248275,-0.1554441,-0.007154077,1.180342,-0.1849012,-0.2375063,1.241076,-0.02118959,0.1963234,1.279984,-0.005195639,-0.003284037,1.263266,-0.02114297,-0.2293802,1.412391,-0.07880605,0.6199126,1.274961
72057594037999830,1,1.598439,95834.75,-0.07011323,0.194819,1.291839,-0.06333536,0.7873089,1.293836,-0.167711,0.5657107,1.208143,-0.2343357,0.3853137,1.222357,-0.2160787,0.2188642,1.171141,-0.2078039,0.1905349,1.165127,0.02980538,0.5591373,1.320063,0.03724436,0.3660013,1.356168,0.04965343,0.1779696,1.311454,0.03532508,0.1236131,1.291347,-0.1163537,0.2005537,1.248275,-0.1554441,-0.007154077,1.180342,-0.1849012,-0.2375063,1.241076,-0.02118959,0.1963234,1.279984,-0.005195639,-0.003284037,1.263266,-0.02114297,-0.2293802,1.412391,-0.07880605,0.6199126,1.274961
72057594037999830,1,1.598439,95834.75,-0.07011323,0.194819,1.291839,-0.06333536,0.7873089,1.293836,-0.167711,0.5657107,1.208143,-0.2343357,0.3853137,1.222357,-0.2160787,0.2188642,1.171141,-0.2078039,0.1905349,1.165127,0.02980538,0.5591373,1.320063,0.03724436,0.3660013,1.356168,0.04965343,0.1779696,1.311454,0.03532508,0.1236131,1.291347,-0.1163537,0.2005537,1.248275,-0.1554441,-0.007154077,1.180342,-0.1849012,-0.2375063,1.241076,-0.02118959,0.1963234,1.279984,-0.005195639,-0.003284037,1.263266,-0.02114297,-0.2293802,1.412391,-0.07880605,0.6199126,1.274961
72057594037999830,1,1.598439,95834.76,-0.07011323,0.194819,1.291839,-0.06333536,0.7873089,1.293836,-0.167711,0.5657107,1.208143,-0.2343357,0.3853137,1.222357,-0.2160787,0.2188642,1.171141,-0.2078039,0.1905349,1.165127,0.02980538,0.5591373,1.320063,0.03724436,0.3660013,1.356168,0.04965343,0.1779696,1.311454,0.03532508,0.1236131,1.291347,-0.1163537,0.2005537,1.248275,-0.1554441,-0.007154077,1.180342,-0.1849012,-0.2375063,1.241076,-0.02118959,0.1963234,1.279984,-0.005195639,-0.003284037,1.263266,-0.02114297,-0.2293802,1.412391,-0.07880605,0.6199126,1.274961
72057594037999830,1,1.598439,95834.76,-0.07011323,0.194819,1.291839,-0.06333536,0.7873089,1.293836,-0.167711,0.5657107,1.208143,-0.2343357,0.3853137,1.222357,-0.2160787,0.2188642,1.171141,-0.2078039,0.1905349,1.165127,0.02980538,0.5591373,1.320063,0.03724436,0.3660013,1.356168,0.04965343,0.1779696,1.311454,0.03532508,0.1236131,1.291347,-0.1163537,0.2005537,1.248275,-0.1554441,-0.007154077,1.180342,-0.1849012,-0.2375063,1.241076,-0.02118959,0.1963234,1.279984,-0.005195639,-0.003284037,1.263266,-0.02114297,-0.2293802,1.412391,-0.07880605,0.6199126,1.274961
72057594037999830,1,1.598439,95834.76,-0.07011323,0.194819,1.291839,-0.06333536,0.7873089,1.293836,-0.167711,0.5657107,1.208143,-0.2343357,0.3853137,1.222357,-0.2160787,0.2188642,1.171141,-0.2078039,0.1905349,1.165127,0.02980538,0.5591373,1.320063,0.03724436,0.3660013,1.356168,0.04965343,0.1779696,1.311454,0.03532508,0.1236131,1.291347,-0.1163537,0.2005537,1.248275,-0.1554441,-0.007154077,1.180342,-0.1849012,-0.2375063,1.241076,-0.02118959,0.1963234,1.279984,-0.005195639,-0.003284037,1.263266,-0.02114297,-0.2293802,1.412391,-0.07880605,0.6199126,1.274961
72057594037999830,1,1.598439,95834.77,-0.07011323,0.194819,1.291839,-0.06333536,0.7873089,1.293836,-0.167711,0.5657107,1.208143,-0.2343357,0.3853137,1.222357,-0.2160787,0.2188642,1.171141,-0.2078039,0.1905349,1.165127,0.02980538,0.5591373,1.320063,0.03724436,0.3660013,1.356168,0.04965343,0.1779696,1.311454,0.03532508,0.1236131,1.291347,-0.1163537,0.2005537,1.248275,-0.1554441,-0.007154077,1.180342,-0.1849012,-0.2375063,1.241076,-0.02118959,0.1963234,1.279984,-0.005195639,-0.003284037,1.263266,-0.02114297,-0.2293802,1.412391,-0.07880605,0.6199126,1.274961
72057594037999830,1,1.598439,95834.77,-0.07011323,0.194819,1.291839,-0.06333536,0.7873089,1.293836,-0.167711,0.5657107,1.208143,-0.2343357,0.3853137,1.222357,-0.2160787,0.2188642,1.171141,-0.2078039,0.1905349,1.165127,0.02980538,0.5591373,1.320063,0.03724436,0.3660013,1.356168,0.04965343,0.1779696,1.311454,0.03532508,0.1236131,1.291347,-0.1163537,0.2005537,1.248275,-0.1554441,-0.007154077,1.180342,-0.1849012,-0.2375063,1.241076,-0.02118959,0.1963234,1.279984,-0.005195639,-0.003284037,1.263266,-0.02114297,-0.2293802,1.412391,-0.07880605,0.6199126,1.274961
72057594037999830,1,1.598439,95834.77,-0.07011323,0.194819,1.291839,-0.06333536,0.7873089,1.293836,-0.167711,0.5657107,1.208143,-0.2343357,0.3853137,1.222357,-0.2160787,0.2188642,1.171141,-0.2078039,0.1905349,1.165127,0.02980538,0.5591373,1.320063,0.03724436,0.3660013,1.356168,0.04965343,0.1779696,1.311454,0.03532508,0.1236131,1.291347,-0.1163537,0.2005537,1.248275,-0.1554441,-0.007154077,1.180342,-0.1849012,-0.2375063,1.241076,-0.02118959,0.1963234,1.279984,-0.005195639,-0.003284037,1.263266,-0.02114297,-0.2293802,1.412391,-0.07880605,0.6199126,1.274961
72057594037999830,1,1.598439,95834.77,-0.07011323,0.194819,1.291839,-0.06333536,0.7873089,1.293836,-0.167711,0.5657107,1.208143,-0.2343357,0.3853137,1.222357,-0.2160787,0.2188642,1.171141,-0.2078039,0.1905349,1.165127,0.02980538,0.5591373,1.320063,0.03724436,0.3660013,1.356168,0.04965343,0.1779696,1.311454,0.03532508,0.1236131,1.291347,-0.1163537,0.2005537,1.248275,-0.1554441,-0.007154077,1.180342,-0.1849012,-0.2375063,1.241076,-0.02118959,0.1963234,1.279984,-0.005195639,-0.003284037,1.263266,-0.02114297,-0.2293802,1.412391,-0.07880605,0.6199126,1.274961
72057594037999830,1,1.598439,95834.77,-0.07011323,0.194819,1.291839,-0.06333536,0.7873089,1.293836,-0.167711,0.5657107,1.208143,-0.2343357,0.3853137,1.222357,-0.2160787,0.2188642,1.171141,-0.2078039,0.1905349,1.165127,0.02980538,0.5591373,1.320063,0.03724436,0.3660013,1.356168,0.04965343,0.1779696,1.311454,0.03532508,0.1236131,1.291347,-0.1163537,0.2005537,1.248275,-0.1554441,-0.007154077,1.180342,-0.1849012,-0.2375063,1.241076,-0.02118959,0.1963234,1.279984,-0.005195639,-0.003284037,1.263266,-0.02114297,-0.2293802,1.412391,-0.07880605,0.6199126,1.274961
72057594037999830,1,1.598439,95834.78,-0.07011323,0.194819,1.291839,-0.06333536,0.7873089,1.293836,-0.167711,0.5657107,1.208143,-0.2343357,0.3853137,1.222357,-0.2160787,0.2188642,1.171141,-0.2078039,0.1905349,1.165127,0.02980538,0.5591373,1.320063,0.03724436,0.3660013,1.356168,0.04965343,0.1779696,1.311454,0.03532508,0.1236131,1.291347,-0.1163537,0.2005537,1.248275,-0.1554441,-0.007154077,1.180342,-0.1849012,-0.2375063,1.241076,-0.02118959,0.1963234,1.279984,-0.005195639,-0.003284037,1.263266,-0.02114297,-0.2293802,1.412391,-0.07880605,0.6199126,1.274961
72057594037999830,1,1.588871,95834.78,-0.07261056,0.2014092,1.299405,-0.06520412,0.7966425,1.302757,-0.1657654,0.5731063,1.216833,-0.2333414,0.3875992,1.226379,-0.2140274,0.2215529,1.174019,-0.2077359,0.20138,1.175923,0.03039972,0.5684804,1.330568,0.03755863,0.368384,1.370076,0.04494947,0.1986322,1.332642,0.03497658,0.1570617,1.312008,-0.1183567,0.2071224,1.256298,-0.158043,-0.004034758,1.189031,-0.1866438,-0.2368569,1.243121,-0.02406323,0.2027296,1.287087,-0.01234117,0.0005216002,1.282886,-0.02560568,-0.2329277,1.421251,-0.0794699,0.6275336,1.28182
72057594037999830,1,1.588871,95834.78,-0.07261056,0.2014092,1.299405,-0.06520412,0.7966425,1.302757,-0.1657654,0.5731063,1.216833,-0.2333414,0.3875992,1.226379,-0.2140274,0.2215529,1.174019,-0.2077359,0.20138,1.175923,0.03039972,0.5684804,1.330568,0.03755863,0.368384,1.370076,0.04494947,0.1986322,1.332642,0.03497658,0.1570617,1.312008,-0.1183567,0.2071224,1.256298,-0.158043,-0.004034758,1.189031,-0.1866438,-0.2368569,1.243121,-0.02406323,0.2027296,1.287087,-0.01234117,0.0005216002,1.282886,-0.02560568,-0.2329277,1.421251,-0.0794699,0.6275336,1.28182
72057594037999830,1,1.588871,95834.79,-0.07261056,0.2014092,1.299405,-0.06520412,0.7966425,1.302757,-0.1657654,0.5731063,1.216833,-0.2333414,0.3875992,1.226379,-0.2140274,0.2215529,1.174019,-0.2077359,0.20138,1.175923,0.03039972,0.5684804,1.330568,0.03755863,0.368384,1.370076,0.04494947,0.1986322,1.332642,0.03497658,0.1570617,1.312008,-0.1183567,0.2071224,1.256298,-0.158043,-0.004034758,1.189031,-0.1866438,-0.2368569,1.243121,-0.02406323,0.2027296,1.287087,-0.01234117,0.0005216002,1.282886,-0.02560568,-0.2329277,1.421251,-0.0794699,0.6275336,1.28182
72057594037999830,1,1.588871,95834.79,-0.07261056,0.2014092,1.299405,-0.06520412,0.7966425,1.302757,-0.1657654,0.5731063,1.216833,-0.2333414,0.3875992,1.226379,-0.2140274,0.2215529,1.174019,-0.2077359,0.20138,1.175923,0.03039972,0.5684804,1.330568,0.03755863,0.368384,1.370076,0.04494947,0.1986322,1.332642,0.03497658,0.1570617,1.312008,-0.1183567,0.2071224,1.256298,-0.158043,-0.004034758,1.189031,-0.1866438,-0.2368569,1.243121,-0.02406323,0.2027296,1.287087,-0.01234117,0.0005216002,1.282886,-0.02560568,-0.2329277,1.421251,-0.0794699,0.6275336,1.28182
72057594037999830,1,1.588871,95834.79,-0.07261056,0.2014092,1.299405,-0.06520412,0.7966425,1.302757,-0.1657654,0.5731063,1.216833,-0.2333414,0.3875992,1.226379,-0.2140274,0.2215529,1.174019,-0.2077359,0.20138,1.175923,0.03039972,0.5684804,1.330568,0.03755863,0.368384,1.370076,0.04494947,0.1986322,1.332642,0.03497658,0.1570617,1.312008,-0.1183567,0.2071224,1.256298,-0.158043,-0.004034758,1.189031,-0.1866438,-0.2368569,1.243121,-0.02406323,0.2027296,1.287087,-0.01234117,0.0005216002,1.282886,-0.02560568,-0.2329277,1.421251,-0.0794699,0.6275336,1.28182
72057594037999830,1,1.588871,95834.8,-0.07261056,0.2014092,1.299405,-0.06520412,0.7966425,1.302757,-0.1657654,0.5731063,1.216833,-0.2333414,0.3875992,1.226379,-0.2140274,0.2215529,1.174019,-0.2077359,0.20138,1.175923,0.03039972,0.5684804,1.330568,0.03755863,0.368384,1.370076,0.04494947,0.1986322,1.332642,0.03497658,0.1570617,1.312008,-0.1183567,0.2071224,1.256298,-0.158043,-0.004034758,1.189031,-0.1866438,-0.2368569,1.243121,-0.02406323,0.2027296,1.287087,-0.01234117,0.0005216002,1.282886,-0.02560568,-0.2329277,1.421251,-0.0794699,0.6275336,1.28182
72057594037999830,1,1.588871,95834.8,-0.07261056,0.2014092,1.299405,-0.06520412,0.7966425,1.302757,-0.1657654,0.5731063,1.216833,-0.2333414,0.3875992,1.226379,-0.2140274,0.2215529,1.174019,-0.2077359,0.20138,1.175923,0.03039972,0.5684804,1.330568,0.03755863,0.368384,1.370076,0.04494947,0.1986322,1.332642,0.03497658,0.1570617,1.312008,-0.1183567,0.2071224,1.256298,-0.158043,-0.004034758,1.189031,-0.1866438,-0.2368569,1.243121,-0.02406323,0.2027296,1.287087,-0.01234117,0.0005216002,1.282886,-0.02560568,-0.2329277,1.421251,-0.0794699,0.6275336,1.28182
72057594037999830,1,1.588871,95834.8,-0.07261056,0.2014092,1.299405,-0.06520412,0.7966425,1.302757,-0.1657654,0.5731063,1.216833,-0.2333414,0.3875992,1.226379,-0.2140274,0.2215529,1.174019,-0.2077359,0.20138,1.175923,0.03039972,0.5684804,1.330568,0.03755863,0.368384,1.370076,0.04494947,0.1986322,1.332642,0.03497658,0.1570617,1.312008,-0.1183567,0.2071224,1.256298,-0.158043,-0.004034758,1.189031,-0.1866438,-0.2368569,1.243121,-0.02406323,0.2027296,1.287087,-0.01234117,0.0005216002,1.282886,-0.02560568,-0.2329277,1.421251,-0.0794699,0.6275336,1.28182
72057594037999830,1,1.588871,95834.8,-0.07261056,0.2014092,1.299405,-0.06520412,0.7966425,1.302757,-0.1657654,0.5731063,1.216833,-0.2333414,0.3875992,1.226379,-0.2140274,0.2215529,1.174019,-0.2077359,0.20138,1.175923,0.03039972,0.5684804,1.330568,0.03755863,0.368384,1.370076,0.04494947,0.1986322,1.332642,0.03497658,0.1570617,1.312008,-0.1183567,0.2071224,1.256298,-0.158043,-0.004034758,1.189031,-0.1866438,-0.2368569,1.243121,-0.02406323,0.2027296,1.287087,-0.01234117,0.0005216002,1.282886,-0.02560568,-0.2329277,1.421251,-0.0794699,0.6275336,1.28182
72057594037999830,1,1.588871,95834.8,-0.07261056,0.2014092,1.299405,-0.06520412,0.7966425,1.302757,-0.1657654,0.5731063,1.216833,-0.2333414,0.3875992,1.226379,-0.2140274,0.2215529,1.174019,-0.2077359,0.20138,1.175923,0.03039972,0.5684804,1.330568,0.03755863,0.368384,1.370076,0.04494947,0.1986322,1.332642,0.03497658,0.1570617,1.312008,-0.1183567,0.2071224,1.256298,-0.158043,-0.004034758,1.189031,-0.1866438,-0.2368569,1.243121,-0.02406323,0.2027296,1.287087,-0.01234117,0.0005216002,1.282886,-0.02560568,-0.2329277,1.421251,-0.0794699,0.6275336,1.28182
72057594037999830,1,1.588871,95834.81,-0.07261056,0.2014092,1.299405,-0.06520412,0.7966425,1.302757,-0.1657654,0.5731063,1.216833,-0.2333414,0.3875992,1.226379,-0.2140274,0.2215529,1.174019,-0.2077359,0.20138,1.175923,0.03039972,0.5684804,1.330568,0.03755863,0.368384,1.370076,0.04494947,0.1986322,1.332642,0.03497658,0.1570617,1.312008,-0.1183567,0.2071224,1.256298,-0.158043,-0.004034758,1.189031,-0.1866438,-0.2368569,1.243121,-0.02406323,0.2027296,1.287087,-0.01234117,0.0005216002,1.282886,-0.02560568,-0.2329277,1.421251,-0.0794699,0.6275336,1.28182
72057594037999830,1,1.55751,95834.81,-0.07408402,0.2297683,1.320865,-0.06423485,0.8245127,1.3146,-0.1627123,0.6024654,1.231397,-0.2299743,0.4146712,1.241991,-0.2093,0.2472289,1.195337,-0.203377,0.2276815,1.199082,0.03241433,0.597901,1.339265,0.04319263,0.3966614,1.387209,0.05057934,0.2282252,1.342194,0.0361206,0.1834129,1.32782,-0.1197192,0.2337335,1.278242,-0.1674558,0.02453253,1.236638,-0.1876141,-0.2346908,1.245318,-0.02559886,0.2317194,1.307881,-0.01214614,0.0280861,1.31503,-0.02653258,-0.2218796,1.42497,-0.07788631,0.6578801,1.297941
72057594037999830,1,1.55751,95834.81,-0.07408402,0.2297683,1.320865,-0.06423485,0.8245127,1.3146,-0.1627123,0.6024654,1.231397,-0.2299743,0.4146712,1.241991,-0.2093,0.2472289,1.195337,-0.203377,0.2276815,1.199082,0.03241433,0.597901,1.339265,0.04319263,0.3966614,1.387209,0.05057934,0.2282252,1.342194,0.0361206,0.1834129,1.32782,-0.1197192,0.2337335,1.278242,-0.1674558,0.02453253,1.236638,-0.1876141,-0.2346908,1.245318,-0.02559886,0.2317194,1.307881,-0.01214614,0.0280861,1.31503,-0.02653258,-0.2218796,1.42497,-0.07788631,0.6578801,1.297941
72057594037999830,1,1.55751,95834.82,-0.07408402,0.2297683,1.320865,-0.06423485,0.8245127,1.3146,-0.1627123,0.6024654,1.231397,-0.2299743,0.4146712,1.241991,-0.2093,0.2472289,1.195337,-0.203377,0.2276815,1.199082,0.03241433,0.597901,1.339265,0.04319263,0.3966614,1.387209,0.05057934,0.2282252,1.342194,0.0361206,0.1834129,1.32782,-0.1197192,0.2337335,1.278242,-0.1674558,0.02453253,1.236638,-0.1876141,-0.2346908,1.245318,-0.02559886,0.2317194,1.307881,-0.01214614,0.0280861,1.31503,-0.02653258,-0.2218796,1.42497,-0.07788631,0.6578801,1.297941
72057594037999830,1,1.55751,95834.82,-0.07408402,0.2297683,1.320865,-0.06423485,0.8245127,1.3146,-0.1627123,0.6024654,1.231397,-0.2299743,0.4146712,1.241991,-0.2093,0.2472289,1.195337,-0.203377,0.2276815,1.199082,0.03241433,0.597901,1.339265,0.04319263,0.3966614,1.387209,0.05057934,0.2282252,1.342194,0.0361206,0.1834129,1.32782,-0.1197192,0.2337335,1.278242,-0.1674558,0.02453253,1.236638,-0.1876141,-0.2346908,1.245318,-0.02559886,0.2317194,1.307881,-0.01214614,0.0280861,1.31503,-0.02653258,-0.2218796,1.42497,-0.07788631,0.6578801,1.297941
72057594037999830,1,1.55751,95834.83,-0.07408402,0.2297683,1.320865,-0.06423485,0.8245127,1.3146,-0.1627123,0.6024654,1.231397,-0.2299743,0.4146712,1.241991,-0.2093,0.2472289,1.195337,-0.203377,0.2276815,1.199082,0.03241433,0.597901,1.339265,0.04319263,0.3966614,1.387209,0.05057934,0.2282252,1.342194,0.0361206,0.1834129,1.32782,-0.1197192,0.2337335,1.278242,-0.1674558,0.02453253,1.236638,-0.1876141,-0.2346908,1.245318,-0.02559886,0.2317194,1.307881,-0.01214614,0.0280861,1.31503,-0.02653258,-0.2218796,1.42497,-0.07788631,0.6578801,1.297941
72057594037999830,1,1.55751,95834.83,-0.07408402,0.2297683,1.320865,-0.06423485,0.8245127,1.3146,-0.1627123,0.6024654,1.231397,-0.2299743,0.4146712,1.241991,-0.2093,0.2472289,1.195337,-0.203377,0.2276815,1.199082,0.03241433,0.597901,1.339265,0.04319263,0.3966614,1.387209,0.05057934,0.2282252,1.342194,0.0361206,0.1834129,1.32782,-0.1197192,0.2337335,1.278242,-0.1674558,0.02453253,1.236638,-0.1876141,-0.2346908,1.245318,-0.02559886,0.2317194,1.307881,-0.01214614,0.0280861,1.31503,-0.02653258,-0.2218796,1.42497,-0.07788631,0.6578801,1.297941
72057594037999830,1,1.55751,95834.83,-0.07408402,0.2297683,1.320865,-0.06423485,0.8245127,1.3146,-0.1627123,0.6024654,1.231397,-0.2299743,0.4146712,1.241991,-0.2093,0.2472289,1.195337,-0.203377,0.2276815,1.199082,0.03241433,0.597901,1.339265,0.04319263,0.3966614,1.387209,0.05057934,0.2282252,1.342194,0.0361206,0.1834129,1.32782,-0.1197192,0.2337335,1.278242,-0.1674558,0.02453253,1.236638,-0.1876141,-0.2346908,1.245318,-0.02559886,0.2317194,1.307881,-0.01214614,0.0280861,1.31503,-0.02653258,-0.2218796,1.42497,-0.07788631,0.6578801,1.297941
72057594037999830,1,1.55751,95834.84,-0.07408402,0.2297683,1.320865,-0.06423485,0.8245127,1.3146,-0.1627123,0.6024654,1.231397,-0.2299743,0.4146712,1.241991,-0.2093,0.2472289,1.195337,-0.203377,0.2276815,1.199082,0.03241433,0.597901,1.339265,0.04319263,0.3966614,1.387209,0.05057934,0.2282252,1.342194,0.0361206,0.1834129,1.32782,-0.1197192,0.2337335,1.278242,-0.1674558,0.02453253,1.236638,-0.1876141,-0.2346908,1.245318,-0.02559886,0.2317194,1.307881,-0.01214614,0.0280861,1.31503,-0.02653258,-0.2218796,1.42497,-0.07788631,0.6578801,1.297941
72057594037999830,1,1.55751,95834.84,-0.07408402,0.2297683,1.320865,-0.06423485,0.8245127,1.3146,-0.1627123,0.6024654,1.231397,-0.2299743,0.4146712,1.241991,-0.2093,0.2472289,1.195337,-0.203377,0.2276815,1.199082,0.03241433,0.597901,1.339265,0.04319263,0.3966614,1.387209,0.05057934,0.2282252,1.342194,0.0361206,0.1834129,1.32782,-0.1197192,0.2337335,1.278242,-0.1674558,0.02453253,1.236638,-0.1876141,-0.2346908,1.245318,-0.02559886,0.2317194,1.307881,-0.01214614,0.0280861,1.31503,-0.02653258,-0.2218796,1.42497,-0.07788631,0.6578801,1.297941
72057594037999830,1,1.55751,95834.84,-0.07408402,0.2297683,1.320865,-0.06423485,0.8245127,1.3146,-0.1627123,0.6024654,1.231397,-0.2299743,0.4146712,1.241991,-0.2093,0.2472289,1.195337,-0.203377,0.2276815,1.199082,0.03241433,0.597901,1.339265,0.04319263,0.3966614,1.387209,0.05057934,0.2282252,1.342194,0.0361206,0.1834129,1.32782,-0.1197192,0.2337335,1.278242,-0.1674558,0.02453253,1.236638,-0.1876141,-0.2346908,1.245318,-0.02559886,0.2317194,1.307881,-0.01214614,0.0280861,1.31503,-0.02653258,-0.2218796,1.42497,-0.07788631,0.6578801,1.297941
72057594037999830,1,1.55751,95834.84,-0.07408402,0.2297683,1.320865,-0.06423485,0.8245127,1.3146,-0.1627123,0.6024654,1.231397,-0.2299743,0.4146712,1.241991,-0.2093,0.2472289,1.195337,-0.203377,0.2276815,1.199082,0.03241433,0.597901,1.339265,0.04319263,0.3966614,1.387209,0.05057934,0.2282252,1.342194,0.0361206,0.1834129,1.32782,-0.1197192,0.2337335,1.278242,-0.1674558,0.02453253,1.236638,-0.1876141,-0.2346908,1.245318,-0.02559886,0.2317194,1.307881,-0.01214614,0.0280861,1.31503,-0.02653258,-0.2218796,1.42497,-0.07788631,0.6578801,1.297941
72057594037999830,1,1.55751,95834.84,-0.07408402,0.2297683,1.320865,-0.06423485,0.8245127,1.3146,-0.1627123,0.6024654,1.231397,-0.2299743,0.4146712,1.241991,-0.2093,0.2472289,1.195337,-0.203377,0.2276815,1.199082,0.03241433,0.597901,1.339265,0.04319263,0.3966614,1.387209,0.05057934,0.2282252,1.342194,0.0361206,0.1834129,1.32782,-0.1197192,0.2337335,1.278242,-0.1674558,0.02453253,1.236638,-0.1876141,-0.2346908,1.245318,-0.02559886,0.2317194,1.307881,-0.01214614,0.0280861,1.31503,-0.02653258,-0.2218796,1.42497,-0.07788631,0.6578801,1.297941
72057594037999830,1,1.531681,95834.85,-0.07264347,0.2521321,1.33903,-0.05992082,0.8428305,1.321193,-0.1595426,0.6219795,1.23864,-0.228421,0.4395374,1.255344,-0.2047484,0.2710455,1.214864,-0.2015234,0.2515478,1.221069,0.03764513,0.6243207,1.346818,0.05038055,0.4438381,1.40576,0.06663763,0.2766558,1.357053,0.05075329,0.248071,1.3515,-0.118271,0.2555732,1.297094,-0.1728286,0.03043398,1.2712,-0.1883646,-0.2320871,1.246415,-0.02424523,0.2536342,1.325251,-0.007621797,0.03921607,1.352306,-0.02528874,-0.2237194,1.431075,-0.07517525,0.6766514,1.306579
72057594037999830,1,1.531681,95834.85,-0.07264347,0.2521321,1.33903,-0.05992082,0.8428305,1.321193,-0.1595426,0.6219795,1.23864,-0.228421,0.4395374,1.255344,-0.2047484,0.2710455,1.214864,-0.2015234,0.2515478,1.221069,0.03764513,0.6243207,1.346818,0.05038055,0.4438381,1.40576,0.06663763,0.2766558,1.357053,0.05075329,0.248071,1.3515,-0.118271,0.2555732,1.297094,-0.1728286,0.03043398,1.2712,-0.1883646,-0.2320871,1.246415,-0.02424523,0.2536342,1.325251,-0.007621797,0.03921607,1.352306,-0.02528874,-0.2237194,1.431075,-0.07517525,0.6766514,1.306579
72057594037999830,1,1.531681,95834.85,-0.07264347,0.2521321,1.33903,-0.05992082,0.8428305,1.321193,-0.1595426,0.6219795,1.23864,-0.228421,0.4395374,1.255344,-0.2047484,0.2710455,1.214864,-0.2015234,0.2515478,1.221069,0.03764513,0.6243207,1.346818,0.05038055,0.4438381,1.40576,0.06663763,0.2766558,1.357053,0.05075329,0.248071,1.3515,-0.118271,0.2555732,1.297094,-0.1728286,0.03043398,1.2712,-0.1883646,-0.2320871,1.246415,-0.02424523,0.2536342,1.325251,-0.007621797,0.03921607,1.352306,-0.02528874,-0.2237194,1.431075,-0.07517525,0.6766514,1.306579
72057594037999830,1,1.531681,95834.86,-0.07264347,0.2521321,1.33903,-0.05992082,0.8428305,1.321193,-0.1595426,0.6219795,1.23864,-0.228421,0.4395374,1.255344,-0.2047484,0.2710455,1.214864,-0.2015234,0.2515478,1.221069,0.03764513,0.6243207,1.346818,0.05038055,0.4438381,1.40576,0.06663763,0.2766558,1.357053,0.05075329,0.248071,1.3515,-0.118271,0.2555732,1.297094,-0.1728286,0.03043398,1.2712,-0.1883646,-0.2320871,1.246415,-0.02424523,0.2536342,1.325251,-0.007621797,0.03921607,1.352306,-0.02528874,-0.2237194,1.431075,-0.07517525,0.6766514,1.306579
72057594037999830,1,1.531681,95834.86,-0.07264347,0.2521321,1.33903,-0.05992082,0.8428305,1.321193,-0.1595426,0.6219795,1.23864,-0.228421,0.4395374,1.255344,-0.2047484,0.2710455,1.214864,-0.2015234,0.2515478,1.221069,0.03764513,0.6243207,1.346818,0.05038055,0.4438381,1.40576,0.06663763,0.2766558,1.357053,0.05075329,0.248071,1.3515,-0.118271,0.2555732,1.297094,-0.1728286,0.03043398,1.2712,-0.1883646,-0.2320871,1.246415,-0.02424523,0.2536342,1.325251,-0.007621797,0.03921607,1.352306,-0.02528874,-0.2237194,1.431075,-0.07517525,0.6766514,1.306579
72057594037999830,1,1.531681,95834.86,-0.07264347,0.2521321,1.33903,-0.05992082,0.8428305,1.321193,-0.1595426,0.6219795,1.23864,-0.228421,0.4395374,1.255344,-0.2047484,0.2710455,1.214864,-0.2015234,0.2515478,1.221069,0.03764513,0.6243207,1.346818,0.05038055,0.4438381,1.40576,0.06663763,0.2766558,1.357053,0.05075329,0.248071,1.3515,-0.118271,0.2555732,1.297094,-0.1728286,0.03043398,1.2712,-0.1883646,-0.2320871,1.246415,-0.02424523,0.2536342,1.325251,-0.007621797,0.03921607,1.352306,-0.02528874,-0.2237194,1.431075,-0.07517525,0.6766514,1.306579
72057594037999830,1,1.531681,95834.87,-0.07264347,0.2521321,1.33903,-0.05992082,0.8428305,1.321193,-0.1595426,0.6219795,1.23864,-0.228421,0.4395374,1.255344,-0.2047484,0.2710455,1.214864,-0.2015234,0.2515478,1.221069,0.03764513,0.6243207,1.346818,0.05038055,0.4438381,1.40576,0.06663763,0.2766558,1.357053,0.05075329,0.248071,1.3515,-0.118271,0.2555732,1.297094,-0.1728286,0.03043398,1.2712,-0.1883646,-0.2320871,1.246415,-0.02424523,0.2536342,1.325251,-0.007621797,0.03921607,1.352306,-0.02528874,-0.2237194,1.431075,-0.07517525,0.6766514,1.306579
72057594037999830,1,1.531681,95834.87,-0.07264347,0.2521321,1.33903,-0.05992082,0.8428305,1.321193,-0.1595426,0.6219795,1.23864,-0.228421,0.4395374,1.255344,-0.2047484,0.2710455,1.214864,-0.2015234,0.2515478,1.221069,0.03764513,0.6243207,1.346818,0.05038055,0.4438381,1.40576,0.06663763,0.2766558,1.357053,0.05075329,0.248071,1.3515,-0.118271,0.2555732,1.297094,-0.1728286,0.03043398,1.2712,-0.1883646,-0.2320871,1.246415,-0.02424523,0.2536342,1.325251,-0.007621797,0.03921607,1.352306,-0.02528874,-0.2237194,1.431075,-0.07517525,0.6766514,1.306579
72057594037999830,1,1.531681,95834.87,-0.07264347,0.2521321,1.33903,-0.05992082,0.8428305,1.321193,-0.1595426,0.6219795,1.23864,-0.228421,0.4395374,1.255344,-0.2047484,0.2710455,1.214864,-0.2015234,0.2515478,1.221069,0.03764513,0.6243207,1.346818,0.05038055,0.4438381,1.40576,0.06663763,0.2766558,1.357053,0.05075329,0.248071,1.3515,-0.118271,0.2555732,1.297094,-0.1728286,0.03043398,1.2712,-0.1883646,-0.2320871,1.246415,-0.02424523,0.2536342,1.325251,-0.007621797,0.03921607,1.352306,-0.02528874,-0.2237194,1.431075,-0.07517525,0.6766514,1.306579
72057594037999830,1,1.531681,95834.88,-0.07264347,0.2521321,1.33903,-0.05992082,0.8428305,1.321193,-0.1595426,0.6219795,1.23864,-0.228421,0.4395374,1.255344,-0.2047484,0.2710455,1.214864,-0.2015234,0.2515478,1.221069,0.03764513,0.6243207,1.346818,0.05038055,0.4438381,1.40576,0.06663763,0.2766558,1.357053,0.05075329,0.248071,1.3515,-0.118271,0.2555732,1.297094,-0.1728286,0.03043398,1.2712,-0.1883646,-0.2320871,1.246415,-0.02424523,0.2536342,1.325251,-0.007621797,0.03921607,1.352306,-0.02528874,-0.2237194,1.431075,-0.07517525,0.6766514,1.306579
72057594037999830,1,1.531681,95834.88,-0.07264347,0.2521321,1.33903,-0.05992082,0.8428305,1.321193,-0.1595426,0.6219795,1.23864,-0.228421,0.4395374,1.255344,-0.2047484,0.2710455,1.214864,-0.2015234,0.2515478,1.221069,0.03764513,0.6243207,1.346818,0.05038055,0.4438381,1.40576,0.06663763,0.2766558,1.357053,0.05075329,0.248071,1.3515,-0.118271,0.2555732,1.297094,-0.1728286,0.03043398,1.2712,-0.1883646,-0.2320871,1.246415,-0.02424523,0.2536342,1.325251,-0.007621797,0.03921607,1.352306,-0.02528874,-0.2237194,1.431075,-0.07517525,0.6766514,1.306579
72057594037999830,1,1.531681,95834.88,-0.07264347,0.2521321,1.33903,-0.05992082,0.8428305,1.321193,-0.1595426,0.6219795,1.23864,-0.228421,0.4395374,1.255344,-0.2047484,0.2710455,1.214864,-0.2015234,0.2515478,1.221069,0.03764513,0.6243207,1.346818,0.05038055,0.4438381,1.40576,0.06663763,0.2766558,1.357053,0.05075329,0.248071,1.3515,-0.118271,0.2555732,1.297094,-0.1728286,0.03043398,1.2712,-0.1883646,-0.2320871,1.246415,-0.02424523,0.2536342,1.325251,-0.007621797,0.03921607,1.352306,-0.02528874,-0.2237194,1.431075,-0.07517525,0.6766514,1.306579
72057594037999830,1,1.512361,95834.88,-0.0697552,0.2644022,1.354605,-0.05628205,0.8538781,1.32629,-0.1584829,0.6347555,1.246682,-0.2286871,0.4555487,1.269792,-0.2058308,0.286876,1.229362,-0.2008312,0.2661954,1.237475,0.03952591,0.6296364,1.349258,0.05542647,0.456735,1.414659,0.07007983,0.2898117,1.364087,0.05507053,0.2568812,1.365745,-0.1160591,0.2676256,1.313373,-0.1740541,0.03932506,1.28592,-0.1900416,-0.2281412,1.25162,-0.02082696,0.2656248,1.340106,-0.002085819,0.04737872,1.377487,-0.01989537,-0.2206166,1.440438,-0.07144793,0.6879243,1.314437
72057594037999830,1,1.512361,95834.88,-0.0697552,0.2644022,1.354605,-0.05628205,0.8538781,1.32629,-0.1584829,0.6347555,1.246682,-0.2286871,0.4555487,1.269792,-0.2058308,0.286876,1.229362,-0.2008312,0.2661954,1.237475,0.03952591,0.6296364,1.349258,0.05542647,0.456735,1.414659,0.07007983,0.2898117,1.364087,0.05507053,0.2568812,1.365745,-0.1160591,0.2676256,1.313373,-0.1740541,0.03932506,1.28592,-0.1900416,-0.2281412,1.25162,-0.02082696,0.2656248,1.340106,-0.002085819,0.04737872,1.377487,-0.01989537,-0.2206166,1.440438,-0.07144793,0.6879243,1.314437
72057594037999830,1,1.512361,95834.89,-0.0697552,0.2644022,1.354605,-0.05628205,0.8538781,1.32629,-0.1584829,0.6347555,1.246682,-0.2286871,0.4555487,1.269792,-0.2058308,0.286876,1.229362,-0.2008312,0.2661954,1.237475,0.03952591,0.6296364,1.349258,0.05542647,0.456735,1.414659,0.07007983,0.2898117,1.364087,0.05507053,0.2568812,1.365745,-0.1160591,0.2676256,1.313373,-0.1740541,0.03932506,1.28592,-0.1900416,-0.2281412,1.25162,-0.02082696,0.2656248,1.340106,-0.002085819,0.04737872,1.377487,-0.01989537,-0.2206166,1.440438,-0.07144793,0.6879243,1.314437
72057594037999830,1,1.512361,95834.89,-0.0697552,0.2644022,1.354605,-0.05628205,0.8538781,1.32629,-0.1584829,0.6347555,1.246682,-0.2286871,0.4555487,1.269792,-0.2058308,0.286876,1.229362,-0.2008312,0.2661954,1.237475,0.03952591,0.6296364,1.349258,0.05542647,0.456735,1.414659,0.07007983,0.2898117,1.364087,0.05507053,0.2568812,1.365745,-0.1160591,0.2676256,1.313373,-0.1740541,0.03932506,1.28592,-0.1900416,-0.2281412,1.25162,-0.02082696,0.2656248,1.340106,-0.002085819,0.04737872,1.377487,-0.01989537,-0.2206166,1.440438,-0.07144793,0.6879243,1.314437
72057594037999830,1,1.512361,95834.89,-0.0697552,0.2644022,1.354605,-0.05628205,0.8538781,1.32629,-0.1584829,0.6347555,1.246682,-0.2286871,0.4555487,1.269792,-0.2058308,0.286876,1.229362,-0.2008312,0.2661954,1.237475,0.03952591,0.6296364,1.349258,0.05542647,0.456735,1.414659,0.07007983,0.2898117,1.364087,0.05507053,0.2568812,1.365745,-0.1160591,0.2676256,1.313373,-0.1740541,0.03932506,1.28592,-0.1900416,-0.2281412,1.25162,-0.02082696,0.2656248,1.340106,-0.002085819,0.04737872,1.377487,-0.01989537,-0.2206166,1.440438,-0.07144793,0.6879243,1.314437
72057594037999830,1,1.512361,95834.9,-0.0697552,0.2644022,1.354605,-0.05628205,0.8538781,1.32629,-0.1584829,0.6347555,1.246682,-0.2286871,0.4555487,1.269792,-0.2058308,0.286876,1.229362,-0.2008312,0.2661954,1.237475,0.03952591,0.6296364,1.349258,0.05542647,0.456735,1.414659,0.07007983,0.2898117,1.364087,0.05507053,0.2568812,1.365745,-0.1160591,0.2676256,1.313373,-0.1740541,0.03932506,1.28592,-0.1900416,-0.2281412,1.25162,-0.02082696,0.2656248,1.340106,-0.002085819,0.04737872,1.377487,-0.01989537,-0.2206166,1.440438,-0.07144793,0.6879243,1.314437
72057594037999830,1,1.512361,95834.9,-0.0697552,0.2644022,1.354605,-0.05628205,0.8538781,1.32629,-0.1584829,0.6347555,1.246682,-0.2286871,0.4555487,1.269792,-0.2058308,0.286876,1.229362,-0.2008312,0.2661954,1.237475,0.03952591,0.6296364,1.349258,0.05542647,0.456735,1.414659,0.07007983,0.2898117,1.364087,0.05507053,0.2568812,1.365745,-0.1160591,0.2676256,1.313373,-0.1740541,0.03932506,1.28592,-0.1900416,-0.2281412,1.25162,-0.02082696,0.2656248,1.340106,-0.002085819,0.04737872,1.377487,-0.01989537,-0.2206166,1.440438,-0.07144793,0.6879243,1.314437
72057594037999830,1,1.512361,95834.9,-0.0697552,0.2644022,1.354605,-0.05628205,0.8538781,1.32629,-0.1584829,0.6347555,1.246682,-0.2286871,0.4555487,1.269792,-0.2058308,0.286876,1.229362,-0.2008312,0.2661954,1.237475,0.03952591,0.6296364,1.349258,0.05542647,0.456735,1.414659,0.07007983,0.2898117,1.364087,0.05507053,0.2568812,1.365745,-0.1160591,0.2676256,1.313373,-0.1740541,0.03932506,1.28592,-0.1900416,-0.2281412,1.25162,-0.02082696,0.2656248,1.340106,-0.002085819,0.04737872,1.377487,-0.01989537,-0.2206166,1.440438,-0.07144793,0.6879243,1.314437
72057594037999830,1,1.512361,95834.91,-0.0697552,0.2644022,1.354605,-0.05628205,0.8538781,1.32629,-0.1584829,0.6347555,1.246682,-0.2286871,0.4555487,1.269792,-0.2058308,0.286876,1.229362,-0.2008312,0.2661954,1.237475,0.03952591,0.6296364,1.349258,0.05542647,0.456735,1.414659,0.07007983,0.2898117,1.364087,0.05507053,0.2568812,1.365745,-0.1160591,0.2676256,1.313373,-0.1740541,0.03932506,1.28592,-0.1900416,-0.2281412,1.25162,-0.02082696,0.2656248,1.340106,-0.002085819,0.04737872,1.377487,-0.01989537,-0.2206166,1.440438,-0.07144793,0.6879243,1.314437
72057594037999830,1,1.512361,95834.91,-0.0697552,0.2644022,1.354605,-0.05628205,0.8538781,1.32629,-0.1584829,0.6347555,1.246682,-0.2286871,0.4555487,1.269792,-0.2058308,0.286876,1.229362,-0.2008312,0.2661954,1.237475,0.03952591,0.6296364,1.349258,0.05542647,0.456735,1.414659,0.07007983,0.2898117,1.364087,0.05507053,0.2568812,1.365745,-0.1160591,0.2676256,1.313373,-0.1740541,0.03932506,1.28592,-0.1900416,-0.2281412,1.25162,-0.02082696,0.2656248,1.340106,-0.002085819,0.04737872,1.377487,-0.01989537,-0.2206166,1.440438,-0.07144793,0.6879243,1.314437
72057594037999830,1,1.512361,95834.91,-0.0697552,0.2644022,1.354605,-0.05628205,0.8538781,1.32629,-0.1584829,0.6347555,1.246682,-0.2286871,0.4555487,1.269792,-0.2058308,0.286876,1.229362,-0.2008312,0.2661954,1.237475,0.03952591,0.6296364,1.349258,0.05542647,0.456735,1.414659,0.07007983,0.2898117,1.364087,0.05507053,0.2568812,1.365745,-0.1160591,0.2676256,1.313373,-0.1740541,0.03932506,1.28592,-0.1900416,-0.2281412,1.25162,-0.02082696,0.2656248,1.340106,-0.002085819,0.04737872,1.377487,-0.01989537,-0.2206166,1.440438,-0.07144793,0.6879243,1.314437
72057594037999830,1,1.512361,95834.91,-0.0697552,0.2644022,1.354605,-0.05628205,0.8538781,1.32629,-0.1584829,0.6347555,1.246682,-0.2286871,0.4555487,1.269792,-0.2058308,0.286876,1.229362,-0.2008312,0.2661954,1.237475,0.03952591,0.6296364,1.349258,0.05542647,0.456735,1.414659,0.07007983,0.2898117,1.364087,0.05507053,0.2568812,1.365745,-0.1160591,0.2676256,1.313373,-0.1740541,0.03932506,1.28592,-0.1900416,-0.2281412,1.25162,-0.02082696,0.2656248,1.340106,-0.002085819,0.04737872,1.377487,-0.01989537,-0.2206166,1.440438,-0.07144793,0.6879243,1.314437
72057594037999830,1,1.498984,95834.91,-0.0648989,0.2694345,1.366837,-0.05273056,0.8575378,1.331333,-0.1584629,0.6394115,1.255233,-0.2295677,0.4639603,1.286345,-0.2123967,0.2944889,1.246742,-0.2026484,0.2728105,1.251163,0.04591629,0.6374081,1.357831,0.06123934,0.4622252,1.425814,0.1020535,0.2967097,1.389561,0.08057869,0.2744969,1.390177,-0.1117388,0.273443,1.327851,-0.1712372,0.04132804,1.289124,-0.197768,-0.2222635,1.290163,-0.01571332,0.2697367,1.350291,-0.0009728569,0.04741091,1.390813,-0.01086254,-0.2199188,1.45745,-0.06812885,0.692191,1.322364
72057594037999830,1,1.498984,95834.92,-0.0648989,0.2694345,1.366837,-0.05273056,0.8575378,1.331333,-0.1584629,0.6394115,1.255233,-0.2295677,0.4639603,1.286345,-0.2123967,0.2944889,1.246742,-0.2026484,0.2728105,1.251163,0.04591629,0.6374081,1.357831,0.06123934,0.4622252,1.425814,0.1020535,0.2967097,1.389561,0.08057869,0.2744969,1.390177,-0.1117388,0.273443,1.327851,-0.1712372,0.04132804,1.289124,-0.197768,-0.2222635,1.290163,-0.01571332,0.2697367,1.350291,-0.0009728569,0.04741091,1.390813,-0.01086254,-0.2199188,1.45745,-0.06812885,0.692191,1.322364
72057594037999830,1,1.498984,95834.92,-0.0648989,0.2694345,1.366837,-0.05273056,0.8575378,1.331333,-0.1584629,0.6394115,1.255233,-0.2295677,0.4639603,1.286345,-0.2123967,0.2944889,1.246742,-0.2026484,0.2728105,1.251163,0.04591629,0.6374081,1.357831,0.06123934,0.4622252,1.425814,0.1020535,0.2967097,1.389561,0.08057869,0.2744969,1.390177,-0.1117388,0.273443,1.327851,-0.1712372,0.04132804,1.289124,-0.197768,-0.2222635,1.290163,-0.01571332,0.2697367,1.350291,-0.0009728569,0.04741091,1.390813,-0.01086254,-0.2199188,1.45745,-0.06812885,0.692191,1.322364
72057594037999830,1,1.498984,95834.92,-0.0648989,0.2694345,1.366837,-0.05273056,0.8575378,1.331333,-0.1584629,0.6394115,1.255233,-0.2295677,0.4639603,1.286345,-0.2123967,0.2944889,1.246742,-0.2026484,0.2728105,1.251163,0.04591629,0.6374081,1.357831,0.06123934,0.4622252,1.425814,0.1020535,0.2967097,1.389561,0.08057869,0.2744969,1.390177,-0.1117388,0.273443,1.327851,-0.1712372,0.04132804,1.289124,-0.197768,-0.2222635,1.290163,-0.01571332,0.2697367,1.350291,-0.0009728569,0.04741091,1.390813,-0.01086254,-0.2199188,1.45745,-0.06812885,0.692191,1.322364
72057594037999830,1,1.498984,95834.93,-0.0648989,0.2694345,1.366837,-0.05273056,0.8575378,1.331333,-0.1584629,0.6394115,1.255233,-0.2295677,0.4639603,1.286345,-0.2123967,0.2944889,1.246742,-0.2026484,0.2728105,1.251163,0.04591629,0.6374081,1.357831,0.06123934,0.4622252,1.425814,0.1020535,0.2967097,1.389561,0.08057869,0.2744969,1.390177,-0.1117388,0.273443,1.327851,-0.1712372,0.04132804,1.289124,-0.197768,-0.2222635,1.290163,-0.01571332,0.2697367,1.350291,-0.0009728569,0.04741091,1.390813,-0.01086254,-0.2199188,1.45745,-0.06812885,0.692191,1.322364
72057594037999830,1,1.498984,95834.93,-0.0648989,0.2694345,1.366837,-0.05273056,0.8575378,1.331333,-0.1584629,0.6394115,1.255233,-0.2295677,0.4639603,1.286345,-0.2123967,0.2944889,1.246742,-0.2026484,0.2728105,1.251163,0.04591629,0.6374081,1.357831,0.06123934,0.4622252,1.425814,0.1020535,0.2967097,1.389561,0.08057869,0.2744969,1.390177,-0.1117388,0.273443,1.327851,-0.1712372,0.04132804,1.289124,-0.197768,-0.2222635,1.290163,-0.01571332,0.2697367,1.350291,-0.0009728569,0.04741091,1.390813,-0.01086254,-0.2199188,1.45745,-0.06812885,0.692191,1.322364
72057594037999830,1,1.498984,95834.93,-0.0648989,0.2694345,1.366837,-0.05273056,0.8575378,1.331333,-0.1584629,0.6394115,1.255233,-0.2295677,0.4639603,1.286345,-0.2123967,0.2944889,1.246742,-0.2026484,0.2728105,1.251163,0.04591629,0.6374081,1.357831,0.06123934,0.4622252,1.425814,0.1020535,0.2967097,1.389561,0.08057869,0.2744969,1.390177,-0.1117388,0.273443,1.327851,-0.1712372,0.04132804,1.289124,-0.197768,-0.2222635,1.290163,-0.01571332,0.2697367,1.350291,-0.0009728569,0.04741091,1.390813,-0.01086254,-0.2199188,1.45745,-0.06812885,0.692191,1.322364
72057594037999830,1,1.498984,95834.94,-0.0648989,0.2694345,1.366837,-0.05273056,0.8575378,1.331333,-0.1584629,0.6394115,1.255233,-0.2295677,0.4639603,1.286345,-0.2123967,0.2944889,1.246742,-0.2026484,0.2728105,1.251163,0.04591629,0.6374081,1.357831,0.06123934,0.4622252,1.425814,0.1020535,0.2967097,1.389561,0.08057869,0.2744969,1.390177,-0.1117388,0.273443,1.327851,-0.1712372,0.04132804,1.289124,-0.197768,-0.2222635,1.290163,-0.01571332,0.2697367,1.350291,-0.0009728569,0.04741091,1.390813,-0.01086254,-0.2199188,1.45745,-0.06812885,0.692191,1.322364
72057594037999830,1,1.498984,95834.94,-0.0648989,0.2694345,1.366837,-0.05273056,0.8575378,1.331333,-0.1584629,0.6394115,1.255233,-0.2295677,0.4639603,1.286345,-0.2123967,0.2944889,1.246742,-0.2026484,0.2728105,1.251163,0.04591629,0.6374081,1.357831,0.06123934,0.4622252,1.425814,0.1020535,0.2967097,1.389561,0.08057869,0.2744969,1.390177,-0.1117388,0.273443,1.327851,-0.1712372,0.04132804,1.289124,-0.197768,-0.2222635,1.290163,-0.01571332,0.2697367,1.350291,-0.0009728569,0.04741091,1.390813,-0.01086254,-0.2199188,1.45745,-0.06812885,0.692191,1.322364
72057594037999830,1,1.498984,95834.94,-0.0648989,0.2694345,1.366837,-0.05273056,0.8575378,1.331333,-0.1584629,0.6394115,1.255233,-0.2295677,0.4639603,1.286345,-0.2123967,0.2944889,1.246742,-0.2026484,0.2728105,1.251163,0.04591629,0.6374081,1.357831,0.06123934,0.4622252,1.425814,0.1020535,0.2967097,1.389561,0.08057869,0.2744969,1.390177,-0.1117388,0.273443,1.327851,-0.1712372,0.04132804,1.289124,-0.197768,-0.2222635,1.290163,-0.01571332,0.2697367,1.350291,-0.0009728569,0.04741091,1.390813,-0.01086254,-0.2199188,1.45745,-0.06812885,0.692191,1.322364
72057594037999830,1,1.498984,95834.95,-0.0648989,0.2694345,1.366837,-0.05273056,0.8575378,1.331333,-0.1584629,0.6394115,1.255233,-0.2295677,0.4639603,1.286345,-0.2123967,0.2944889,1.246742,-0.2026484,0.2728105,1.251163,0.04591629,0.6374081,1.357831,0.06123934,0.4622252,1.425814,0.1020535,0.2967097,1.389561,0.08057869,0.2744969,1.390177,-0.1117388,0.273443,1.327851,-0.1712372,0.04132804,1.289124,-0.197768,-0.2222635,1.290163,-0.01571332,0.2697367,1.350291,-0.0009728569,0.04741091,1.390813,-0.01086254,-0.2199188,1.45745,-0.06812885,0.692191,1.322364
72057594037999830,1,1.49005,95834.95,-0.0617847,0.2652186,1.378428,-0.04978335,0.8521549,1.337151,-0.1585675,0.6339092,1.271186,-0.2300337,0.460069,1.304949,-0.2142425,0.2916192,1.259968,-0.2058824,0.2684073,1.262923,0.05093475,0.6344616,1.364571,0.06818166,0.4573323,1.441979,0.08915703,0.2886934,1.402655,0.0756864,0.2651898,1.406577,-0.109942,0.2693958,1.340619,-0.1658593,0.04085261,1.289279,-0.2044211,-0.23086,1.322257,-0.01142946,0.2654141,1.3607,0.001127855,0.0458793,1.397933,-0.002918179,-0.217016,1.478578,-0.06440605,0.6877518,1.332614
72057594037999830,1,1.49005,95834.95,-0.0617847,0.2652186,1.378428,-0.04978335,0.8521549,1.337151,-0.1585675,0.6339092,1.271186,-0.2300337,0.460069,1.304949,-0.2142425,0.2916192,1.259968,-0.2058824,0.2684073,1.262923,0.05093475,0.6344616,1.364571,0.06818166,0.4573323,1.441979,0.08915703,0.2886934,1.402655,0.0756864,0.2651898,1.406577,-0.109942,0.2693958,1.340619,-0.1658593,0.04085261,1.289279,-0.2044211,-0.23086,1.322257,-0.01142946,0.2654141,1.3607,0.001127855,0.0458793,1.397933,-0.002918179,-0.217016,1.478578,-0.06440605,0.6877518,1.332614
72057594037999830,1,1.49005,95834.95,-0.0617847,0.2652186,1.378428,-0.04978335,0.8521549,1.337151,-0.1585675,0.6339092,1.271186,-0.2300337,0.460069,1.304949,-0.2142425,0.2916192,1.259968,-0.2058824,0.2684073,1.262923,0.05093475,0.6344616,1.364571,0.06818166,0.4573323,1.441979,0.08915703,0.2886934,1.402655,0.0756864,0.2651898,1.406577,-0.109942,0.2693958,1.340619,-0.1658593,0.04085261,1.289279,-0.2044211,-0.23086,1.322257,-0.01142946,0.2654141,1.3607,0.001127855,0.0458793,1.397933,-0.002918179,-0.217016,1.478578,-0.06440605,0.6877518,1.332614
72057594037999830,1,1.49005,95834.95,-0.0617847,0.2652186,1.378428,-0.04978335,0.8521549,1.337151,-0.1585675,0.6339092,1.271186,-0.2300337,0.460069,1.304949,-0.2142425,0.2916192,1.259968,-0.2058824,0.2684073,1.262923,0.05093475,0.6344616,1.364571,0.06818166,0.4573323,1.441979,0.08915703,0.2886934,1.402655,0.0756864,0.2651898,1.406577,-0.109942,0.2693958,1.340619,-0.1658593,0.04085261,1.289279,-0.2044211,-0.23086,1.322257,-0.01142946,0.2654141,1.3607,0.001127855,0.0458793,1.397933,-0.002918179,-0.217016,1.478578,-0.06440605,0.6877518,1.332614
72057594037999830,1,1.49005,95834.96,-0.0617847,0.2652186,1.378428,-0.04978335,0.8521549,1.337151,-0.1585675,0.6339092,1.271186,-0.2300337,0.460069,1.304949,-0.2142425,0.2916192,1.259968,-0.2058824,0.2684073,1.262923,0.05093475,0.6344616,1.364571,0.06818166,0.4573323,1.441979,0.08915703,0.2886934,1.402655,0.0756864,0.2651898,1.406577,-0.109942,0.2693958,1.340619,-0.1658593,0.04085261,1.289279,-0.2044211,-0.23086,1.322257,-0.01142946,0.2654141,1.3607,0.001127855,0.0458793,1.397933,-0.002918179,-0.217016,1.478578,-0.06440605,0.6877518,1.332614
72057594037999830,1,1.49005,95834.96,-0.0617847,0.2652186,1.378428,-0.04978335,0.8521549,1.337151,-0.1585675,0.6339092,1.271186,-0.2300337,0.460069,1.304949,-0.2142425,0.2916192,1.259968,-0.2058824,0.2684073,1.262923,0.05093475,0.6344616,1.364571,0.06818166,0.4573323,1.441979,0.08915703,0.2886934,1.402655,0.0756864,0.2651898,1.406577,-0.109942,0.2693958,1.340619,-0.1658593,0.04085261,1.289279,-0.2044211,-0.23086,1.322257,-0.01142946,0.2654141,1.3607,0.001127855,0.0458793,1.397933,-0.002918179,-0.217016,1.478578,-0.06440605,0.6877518,1.332614
72057594037999830,1,1.49005,95834.96,-0.0617847,0.2652186,1.378428,-0.04978335,0.8521549,1.337151,-0.1585675,0.6339092,1.271186,-0.2300337,0.460069,1.304949,-0.2142425,0.2916192,1.259968,-0.2058824,0.2684073,1.262923,0.05093475,0.6344616,1.364571,0.06818166,0.4573323,1.441979,0.08915703,0.2886934,1.402655,0.0756864,0.2651898,1.406577,-0.109942,0.2693958,1.340619,-0.1658593,0.04085261,1.289279,-0.2044211,-0.23086,1.322257,-0.01142946,0.2654141,1.3607,0.001127855,0.0458793,1.397933,-0.002918179,-0.217016,1.478578,-0.06440605,0.6877518,1.332614
72057594037999830,1,1.49005,95834.97,-0.0617847,0.2652186,1.378428,-0.04978335,0.8521549,1.337151,-0.1585675,0.6339092,1.271186,-0.2300337,0.460069,1.304949,-0.2142425,0.2916192,1.259968,-0.2058824,0.2684073,1.262923,0.05093475,0.6344616,1.364571,0.06818166,0.4573323,1.441979,0.08915703,0.2886934,1.402655,0.0756864,0.2651898,1.406577,-0.109942,0.2693958,1.340619,-0.1658593,0.04085261,1.289279,-0.2044211,-0.23086,1.322257,-0.01142946,0.2654141,1.3607,0.001127855,0.0458793,1.397933,-0.002918179,-0.217016,1.478578,-0.06440605,0.6877518,1.332614
72057594037999830,1,1.49005,95834.97,-0.0617847,0.2652186,1.378428,-0.04978335,0.8521549,1.337151,-0.1585675,0.6339092,1.271186,-0.2300337,0.460069,1.304949,-0.2142425,0.2916192,1.259968,-0.2058824,0.2684073,1.262923,0.05093475,0.6344616,1.364571,0.06818166,0.4573323,1.441979,0.08915703,0.2886934,1.402655,0.0756864,0.2651898,1.406577,-0.109942,0.2693958,1.340619,-0.1658593,0.04085261,1.289279,-0.2044211,-0.23086,1.322257,-0.01142946,0.2654141,1.3607,0.001127855,0.0458793,1.397933,-0.002918179,-0.217016,1.478578,-0.06440605,0.6877518,1.332614
72057594037999830,1,1.49005,95834.97,-0.0617847,0.2652186,1.378428,-0.04978335,0.8521549,1.337151,-0.1585675,0.6339092,1.271186,-0.2300337,0.460069,1.304949,-0.2142425,0.2916192,1.259968,-0.2058824,0.2684073,1.262923,0.05093475,0.6344616,1.364571,0.06818166,0.4573323,1.441979,0.08915703,0.2886934,1.402655,0.0756864,0.2651898,1.406577,-0.109942,0.2693958,1.340619,-0.1658593,0.04085261,1.289279,-0.2044211,-0.23086,1.322257,-0.01142946,0.2654141,1.3607,0.001127855,0.0458793,1.397933,-0.002918179,-0.217016,1.478578,-0.06440605,0.6877518,1.332614
72057594037999830,1,1.49005,95834.98,-0.0617847,0.2652186,1.378428,-0.04978335,0.8521549,1.337151,-0.1585675,0.6339092,1.271186,-0.2300337,0.460069,1.304949,-0.2142425,0.2916192,1.259968,-0.2058824,0.2684073,1.262923,0.05093475,0.6344616,1.364571,0.06818166,0.4573323,1.441979,0.08915703,0.2886934,1.402655,0.0756864,0.2651898,1.406577,-0.109942,0.2693958,1.340619,-0.1658593,0.04085261,1.289279,-0.2044211,-0.23086,1.322257,-0.01142946,0.2654141,1.3607,0.001127855,0.0458793,1.397933,-0.002918179,-0.217016,1.478578,-0.06440605,0.6877518,1.332614
72057594037999830,1,1.49005,95834.98,-0.0617847,0.2652186,1.378428,-0.04978335,0.8521549,1.337151,-0.1585675,0.6339092,1.271186,-0.2300337,0.460069,1.304949,-0.2142425,0.2916192,1.259968,-0.2058824,0.2684073,1.262923,0.05093475,0.6344616,1.364571,0.06818166,0.4573323,1.441979,0.08915703,0.2886934,1.402655,0.0756864,0.2651898,1.406577,-0.109942,0.2693958,1.340619,-0.1658593,0.04085261,1.289279,-0.2044211,-0.23086,1.322257,-0.01142946,0.2654141,1.3607,0.001127855,0.0458793,1.397933,-0.002918179,-0.217016,1.478578,-0.06440605,0.6877518,1.332614
72057594037999830,1,1.483787,95834.98,-0.05742809,0.2468394,1.393696,-0.04487102,0.8296229,1.348496,-0.1593828,0.6119361,1.293376,-0.2284235,0.4353718,1.332467,-0.2129401,0.2724179,1.268498,-0.2056604,0.2498854,1.274118,0.05995686,0.6135629,1.378446,0.07504411,0.4402814,1.45739,0.1000321,0.2744839,1.408019,0.0853738,0.2520757,1.41623,-0.1066603,0.2507088,1.358234,-0.1554368,0.03172883,1.290946,-0.2053425,-0.2353427,1.333251,-0.006180862,0.2479091,1.373655,0.006499757,0.03940219,1.401855,0.003587702,-0.2192707,1.493505,-0.05767184,0.6619365,1.351511
72057594037999830,1,1.483787,95834.98,-0.05742809,0.2468394,1.393696,-0.04487102,0.8296229,1.348496,-0.1593828,0.6119361,1.293376,-0.2284235,0.4353718,1.332467,-0.2129401,0.2724179,1.268498,-0.2056604,0.2498854,1.274118,0.05995686,0.6135629,1.378446,0.07504411,0.4402814,1.45739,0.1000321,0.2744839,1.408019,0.0853738,0.2520757,1.41623,-0.1066603,0.2507088,1.358234,-0.1554368,0.03172883,1.290946,-0.2053425,-0.2353427,1.333251,-0.006180862,0.2479091,1.373655,0.006499757,0.03940219,1.401855,0.003587702,-0.2192707,1.493505,-0.05767184,0.6619365,1.351511
72057594037999830,1,1.483787,95834.98,-0.05742809,0.2468394,1.393696,-0.04487102,0.8296229,1.348496,-0.1593828,0.6119361,1.293376,-0.2284235,0.4353718,1.332467,-0.2129401,0.2724179,1.268498,-0.2056604,0.2498854,1.274118,0.05995686,0.6135629,1.378446,0.07504411,0.4402814,1.45739,0.1000321,0.2744839,1.408019,0.0853738,0.2520757,1.41623,-0.1066603,0.2507088,1.358234,-0.1554368,0.03172883,1.290946,-0.2053425,-0.2353427,1.333251,-0.006180862,0.2479091,1.373655,0.006499757,0.03940219,1.401855,0.003587702,-0.2192707,1.493505,-0.05767184,0.6619365,1.351511
72057594037999830,1,1.483787,95834.99,-0.05742809,0.2468394,1.393696,-0.04487102,0.8296229,1.348496,-0.1593828,0.6119361,1.293376,-0.2284235,0.4353718,1.332467,-0.2129401,0.2724179,1.268498,-0.2056604,0.2498854,1.274118,0.05995686,0.6135629,1.378446,0.07504411,0.4402814,1.45739,0.1000321,0.2744839,1.408019,0.0853738,0.2520757,1.41623,-0.1066603,0.2507088,1.358234,-0.1554368,0.03172883,1.290946,-0.2053425,-0.2353427,1.333251,-0.006180862,0.2479091,1.373655,0.006499757,0.03940219,1.401855,0.003587702,-0.2192707,1.493505,-0.05767184,0.6619365,1.351511
72057594037999830,1,1.483787,95834.99,-0.05742809,0.2468394,1.393696,-0.04487102,0.8296229,1.348496,-0.1593828,0.6119361,1.293376,-0.2284235,0.4353718,1.332467,-0.2129401,0.2724179,1.268498,-0.2056604,0.2498854,1.274118,0.05995686,0.6135629,1.378446,0.07504411,0.4402814,1.45739,0.1000321,0.2744839,1.408019,0.0853738,0.2520757,1.41623,-0.1066603,0.2507088,1.358234,-0.1554368,0.03172883,1.290946,-0.2053425,-0.2353427,1.333251,-0.006180862,0.2479091,1.373655,0.006499757,0.03940219,1.401855,0.003587702,-0.2192707,1.493505,-0.05767184,0.6619365,1.351511
72057594037999830,1,1.483787,95834.99,-0.05742809,0.2468394,1.393696,-0.04487102,0.8296229,1.348496,-0.1593828,0.6119361,1.293376,-0.2284235,0.4353718,1.332467,-0.2129401,0.2724179,1.268498,-0.2056604,0.2498854,1.274118,0.05995686,0.6135629,1.378446,0.07504411,0.4402814,1.45739,0.1000321,0.2744839,1.408019,0.0853738,0.2520757,1.41623,-0.1066603,0.2507088,1.358234,-0.1554368,0.03172883,1.290946,-0.2053425,-0.2353427,1.333251,-0.006180862,0.2479091,1.373655,0.006499757,0.03940219,1.401855,0.003587702,-0.2192707,1.493505,-0.05767184,0.6619365,1.351511
72057594037999830,1,1.483787,95835,-0.05742809,0.2468394,1.393696,-0.04487102,0.8296229,1.348496,-0.1593828,0.6119361,1.293376,-0.2284235,0.4353718,1.332467,-0.2129401,0.2724179,1.268498,-0.2056604,0.2498854,1.274118,0.05995686,0.6135629,1.378446,0.07504411,0.4402814,1.45739,0.1000321,0.2744839,1.408019,0.0853738,0.2520757,1.41623,-0.1066603,0.2507088,1.358234,-0.1554368,0.03172883,1.290946,-0.2053425,-0.2353427,1.333251,-0.006180862,0.2479091,1.373655,0.006499757,0.03940219,1.401855,0.003587702,-0.2192707,1.493505,-0.05767184,0.6619365,1.351511
72057594037999830,1,1.483787,95835,-0.05742809,0.2468394,1.393696,-0.04487102,0.8296229,1.348496,-0.1593828,0.6119361,1.293376,-0.2284235,0.4353718,1.332467,-0.2129401,0.2724179,1.268498,-0.2056604,0.2498854,1.274118,0.05995686,0.6135629,1.378446,0.07504411,0.4402814,1.45739,0.1000321,0.2744839,1.408019,0.0853738,0.2520757,1.41623,-0.1066603,0.2507088,1.358234,-0.1554368,0.03172883,1.290946,-0.2053425,-0.2353427,1.333251,-0.006180862,0.2479091,1.373655,0.006499757,0.03940219,1.401855,0.003587702,-0.2192707,1.493505,-0.05767184,0.6619365,1.351511
72057594037999830,1,1.483787,95835.01,-0.05742809,0.2468394,1.393696,-0.04487102,0.8296229,1.348496,-0.1593828,0.6119361,1.293376,-0.2284235,0.4353718,1.332467,-0.2129401,0.2724179,1.268498,-0.2056604,0.2498854,1.274118,0.05995686,0.6135629,1.378446,0.07504411,0.4402814,1.45739,0.1000321,0.2744839,1.408019,0.0853738,0.2520757,1.41623,-0.1066603,0.2507088,1.358234,-0.1554368,0.03172883,1.290946,-0.2053425,-0.2353427,1.333251,-0.006180862,0.2479091,1.373655,0.006499757,0.03940219,1.401855,0.003587702,-0.2192707,1.493505,-0.05767184,0.6619365,1.351511
72057594037999830,1,1.483787,95835.01,-0.05742809,0.2468394,1.393696,-0.04487102,0.8296229,1.348496,-0.1593828,0.6119361,1.293376,-0.2284235,0.4353718,1.332467,-0.2129401,0.2724179,1.268498,-0.2056604,0.2498854,1.274118,0.05995686,0.6135629,1.378446,0.07504411,0.4402814,1.45739,0.1000321,0.2744839,1.408019,0.0853738,0.2520757,1.41623,-0.1066603,0.2507088,1.358234,-0.1554368,0.03172883,1.290946,-0.2053425,-0.2353427,1.333251,-0.006180862,0.2479091,1.373655,0.006499757,0.03940219,1.401855,0.003587702,-0.2192707,1.493505,-0.05767184,0.6619365,1.351511
72057594037999830,1,1.483787,95835.01,-0.05742809,0.2468394,1.393696,-0.04487102,0.8296229,1.348496,-0.1593828,0.6119361,1.293376,-0.2284235,0.4353718,1.332467,-0.2129401,0.2724179,1.268498,-0.2056604,0.2498854,1.274118,0.05995686,0.6135629,1.378446,0.07504411,0.4402814,1.45739,0.1000321,0.2744839,1.408019,0.0853738,0.2520757,1.41623,-0.1066603,0.2507088,1.358234,-0.1554368,0.03172883,1.290946,-0.2053425,-0.2353427,1.333251,-0.006180862,0.2479091,1.373655,0.006499757,0.03940219,1.401855,0.003587702,-0.2192707,1.493505,-0.05767184,0.6619365,1.351511
72057594037999830,1,1.482293,95835.02,-0.05318595,0.2260031,1.405274,-0.04036901,0.8091476,1.35961,-0.1587448,0.5873812,1.311883,-0.2258499,0.4201249,1.342309,-0.2114681,0.2539359,1.288842,-0.2042816,0.2315009,1.286367,0.06486809,0.5928122,1.389528,0.07902215,0.4005353,1.472757,0.118595,0.2403751,1.41453,0.09911597,0.2205796,1.427811,-0.1030199,0.230726,1.37007,-0.1502877,0.02322975,1.292905,-0.2074407,-0.2383303,1.344624,-0.001443708,0.227028,1.38482,0.01936282,0.02988118,1.404233,0.007342943,-0.2254016,1.50314,-0.05355529,0.6402084,1.364348
72057594037999830,1,1.482293,95835.02,-0.05318595,0.2260031,1.405274,-0.04036901,0.8091476,1.35961,-0.1587448,0.5873812,1.311883,-0.2258499,0.4201249,1.342309,-0.2114681,0.2539359,1.288842,-0.2042816,0.2315009,1.286367,0.06486809,0.5928122,1.389528,0.07902215,0.4005353,1.472757,0.118595,0.2403751,1.41453,0.09911597,0.2205796,1.427811,-0.1030199,0.230726,1.37007,-0.1502877,0.02322975,1.292905,-0.2074407,-0.2383303,1.344624,-0.001443708,0.227028,1.38482,0.01936282,0.02988118,1.404233,0.007342943,-0.2254016,1.50314,-0.05355529,0.6402084,1.364348
72057594037999830,1,1.482293,95835.02,-0.05318595,0.2260031,1.405274,-0.04036901,0.8091476,1.35961,-0.1587448,0.5873812,1.311883,-0.2258499,0.4201249,1.342309,-0.2114681,0.2539359,1.288842,-0.2042816,0.2315009,1.286367,0.06486809,0.5928122,1.389528,0.07902215,0.4005353,1.472757,0.118595,0.2403751,1.41453,0.09911597,0.2205796,1.427811,-0.1030199,0.230726,1.37007,-0.1502877,0.02322975,1.292905,-0.2074407,-0.2383303,1.344624,-0.001443708,0.227028,1.38482,0.01936282,0.02988118,1.404233,0.007342943,-0.2254016,1.50314,-0.05355529,0.6402084,1.364348
72057594037999830,1,1.482293,95835.02,-0.05318595,0.2260031,1.405274,-0.04036901,0.8091476,1.35961,-0.1587448,0.5873812,1.311883,-0.2258499,0.4201249,1.342309,-0.2114681,0.2539359,1.288842,-0.2042816,0.2315009,1.286367,0.06486809,0.5928122,1.389528,0.07902215,0.4005353,1.472757,0.118595,0.2403751,1.41453,0.09911597,0.2205796,1.427811,-0.1030199,0.230726,1.37007,-0.1502877,0.02322975,1.292905,-0.2074407,-0.2383303,1.344624,-0.001443708,0.227028,1.38482,0.01936282,0.02988118,1.404233,0.007342943,-0.2254016,1.50314,-0.05355529,0.6402084,1.364348
72057594037999830,1,1.482293,95835.02,-0.05318595,0.2260031,1.405274,-0.04036901,0.8091476,1.35961,-0.1587448,0.5873812,1.311883,-0.2258499,0.4201249,1.342309,-0.2114681,0.2539359,1.288842,-0.2042816,0.2315009,1.286367,0.06486809,0.5928122,1.389528,0.07902215,0.4005353,1.472757,0.118595,0.2403751,1.41453,0.09911597,0.2205796,1.427811,-0.1030199,0.230726,1.37007,-0.1502877,0.02322975,1.292905,-0.2074407,-0.2383303,1.344624,-0.001443708,0.227028,1.38482,0.01936282,0.02988118,1.404233,0.007342943,-0.2254016,1.50314,-0.05355529,0.6402084,1.364348
72057594037999830,1,1.482293,95835.03,-0.05318595,0.2260031,1.405274,-0.04036901,0.8091476,1.35961,-0.1587448,0.5873812,1.311883,-0.2258499,0.4201249,1.342309,-0.2114681,0.2539359,1.288842,-0.2042816,0.2315009,1.286367,0.06486809,0.5928122,1.389528,0.07902215,0.4005353,1.472757,0.118595,0.2403751,1.41453,0.09911597,0.2205796,1.427811,-0.1030199,0.230726,1.37007,-0.1502877,0.02322975,1.292905,-0.2074407,-0.2383303,1.344624,-0.001443708,0.227028,1.38482,0.01936282,0.02988118,1.404233,0.007342943,-0.2254016,1.50314,-0.05355529,0.6402084,1.364348
72057594037999830,1,1.482293,95835.03,-0.05318595,0.2260031,1.405274,-0.04036901,0.8091476,1.35961,-0.1587448,0.5873812,1.311883,-0.2258499,0.4201249,1.342309,-0.2114681,0.2539359,1.288842,-0.2042816,0.2315009,1.286367,0.06486809,0.5928122,1.389528,0.07902215,0.4005353,1.472757,0.118595,0.2403751,1.41453,0.09911597,0.2205796,1.427811,-0.1030199,0.230726,1.37007,-0.1502877,0.02322975,1.292905,-0.2074407,-0.2383303,1.344624,-0.001443708,0.227028,1.38482,0.01936282,0.02988118,1.404233,0.007342943,-0.2254016,1.50314,-0.05355529,0.6402084,1.364348
72057594037999830,1,1.482293,95835.03,-0.05318595,0.2260031,1.405274,-0.04036901,0.8091476,1.35961,-0.1587448,0.5873812,1.311883,-0.2258499,0.4201249,1.342309,-0.2114681,0.2539359,1.288842,-0.2042816,0.2315009,1.286367,0.06486809,0.5928122,1.389528,0.07902215,0.4005353,1.472757,0.118595,0.2403751,1.41453,0.09911597,0.2205796,1.427811,-0.1030199,0.230726,1.37007,-0.1502877,0.02322975,1.292905,-0.2074407,-0.2383303,1.344624,-0.001443708,0.227028,1.38482,0.01936282,0.02988118,1.404233,0.007342943,-0.2254016,1.50314,-0.05355529,0.6402084,1.364348
72057594037999830,1,1.482293,95835.04,-0.05318595,0.2260031,1.405274,-0.04036901,0.8091476,1.35961,-0.1587448,0.5873812,1.311883,-0.2258499,0.4201249,1.342309,-0.2114681,0.2539359,1.288842,-0.2042816,0.2315009,1.286367,0.06486809,0.5928122,1.389528,0.07902215,0.4005353,1.472757,0.118595,0.2403751,1.41453,0.09911597,0.2205796,1.427811,-0.1030199,0.230726,1.37007,-0.1502877,0.02322975,1.292905,-0.2074407,-0.2383303,1.344624,-0.001443708,0.227028,1.38482,0.01936282,0.02988118,1.404233,0.007342943,-0.2254016,1.50314,-0.05355529,0.6402084,1.364348
72057594037999830,1,1.482293,95835.04,-0.05318595,0.2260031,1.405274,-0.04036901,0.8091476,1.35961,-0.1587448,0.5873812,1.311883,-0.2258499,0.4201249,1.342309,-0.2114681,0.2539359,1.288842,-0.2042816,0.2315009,1.286367,0.06486809,0.5928122,1.389528,0.07902215,0.4005353,1.472757,0.118595,0.2403751,1.41453,0.09911597,0.2205796,1.427811,-0.1030199,0.230726,1.37007,-0.1502877,0.02322975,1.292905,-0.2074407,-0.2383303,1.344624,-0.001443708,0.227028,1.38482,0.01936282,0.02988118,1.404233,0.007342943,-0.2254016,1.50314,-0.05355529,0.6402084,1.364348
72057594037999830,1,1.482293,95835.05,-0.05318595,0.2260031,1.405274,-0.04036901,0.8091476,1.35961,-0.1587448,0.5873812,1.311883,-0.2258499,0.4201249,1.342309,-0.2114681,0.2539359,1.288842,-0.2042816,0.2315009,1.286367,0.06486809,0.5928122,1.389528,0.07902215,0.4005353,1.472757,0.118595,0.2403751,1.41453,0.09911597,0.2205796,1.427811,-0.1030199,0.230726,1.37007,-0.1502877,0.02322975,1.292905,-0.2074407,-0.2383303,1.344624,-0.001443708,0.227028,1.38482,0.01936282,0.02988118,1.404233,0.007342943,-0.2254016,1.50314,-0.05355529,0.6402084,1.364348
72057594037999830,1,1.47926,95835.05,-0.05085035,0.2186714,1.412235,-0.03804633,0.8017271,1.36826,-0.1571236,0.5778052,1.330474,-0.2188292,0.4047246,1.350456,-0.2126612,0.2373161,1.300336,-0.2063852,0.2120309,1.304124,0.06898085,0.5837392,1.402392,0.08242085,0.3894878,1.47341,0.1207711,0.2261559,1.425886,0.1038923,0.2029978,1.429258,-0.1009002,0.2232758,1.376584,-0.1505501,0.01906949,1.299137,-0.2082793,-0.2394533,1.351085,0.001039329,0.2200192,1.392261,0.02408188,0.02611318,1.405202,0.00535201,-0.2269786,1.508057,-0.05042104,0.6317182,1.372664
72057594037999830,1,1.47926,95835.06,-0.05085035,0.2186714,1.412235,-0.03804633,0.8017271,1.36826,-0.1571236,0.5778052,1.330474,-0.2188292,0.4047246,1.350456,-0.2126612,0.2373161,1.300336,-0.2063852,0.2120309,1.304124,0.06898085,0.5837392,1.402392,0.08242085,0.3894878,1.47341,0.1207711,0.2261559,1.425886,0.1038923,0.2029978,1.429258,-0.1009002,0.2232758,1.376584,-0.1505501,0.01906949,1.299137,-0.2082793,-0.2394533,1.351085,0.001039329,0.2200192,1.392261,0.02408188,0.02611318,1.405202,0.00535201,-0.2269786,1.508057,-0.05042104,0.6317182,1.372664
72057594037999830,1,1.47926,95835.06,-0.05085035,0.2186714,1.412235,-0.03804633,0.8017271,1.36826,-0.1571236,0.5778052,1.330474,-0.2188292,0.4047246,1.350456,-0.2126612,0.2373161,1.300336,-0.2063852,0.2120309,1.304124,0.06898085,0.5837392,1.402392,0.08242085,0.3894878,1.47341,0.1207711,0.2261559,1.425886,0.1038923,0.2029978,1.429258,-0.1009002,0.2232758,1.376584,-0.1505501,0.01906949,1.299137,-0.2082793,-0.2394533,1.351085,0.001039329,0.2200192,1.392261,0.02408188,0.02611318,1.405202,0.00535201,-0.2269786,1.508057,-0.05042104,0.6317182,1.372664
72057594037999830,1,1.47926,95835.07,-0.05085035,0.2186714,1.412235,-0.03804633,0.8017271,1.36826,-0.1571236,0.5778052,1.330474,-0.2188292,0.4047246,1.350456,-0.2126612,0.2373161,1.300336,-0.2063852,0.2120309,1.304124,0.06898085,0.5837392,1.402392,0.08242085,0.3894878,1.47341,0.1207711,0.2261559,1.425886,0.1038923,0.2029978,1.429258,-0.1009002,0.2232758,1.376584,-0.1505501,0.01906949,1.299137,-0.2082793,-0.2394533,1.351085,0.001039329,0.2200192,1.392261,0.02408188,0.02611318,1.405202,0.00535201,-0.2269786,1.508057,-0.05042104,0.6317182,1.372664
72057594037999830,1,1.47926,95835.07,-0.05085035,0.2186714,1.412235,-0.03804633,0.8017271,1.36826,-0.1571236,0.5778052,1.330474,-0.2188292,0.4047246,1.350456,-0.2126612,0.2373161,1.300336,-0.2063852,0.2120309,1.304124,0.06898085,0.5837392,1.402392,0.08242085,0.3894878,1.47341,0.1207711,0.2261559,1.425886,0.1038923,0.2029978,1.429258,-0.1009002,0.2232758,1.376584,-0.1505501,0.01906949,1.299137,-0.2082793,-0.2394533,1.351085,0.001039329,0.2200192,1.392261,0.02408188,0.02611318,1.405202,0.00535201,-0.2269786,1.508057,-0.05042104,0.6317182,1.372664
72057594037999830,1,1.47926,95835.07,-0.05085035,0.2186714,1.412235,-0.03804633,0.8017271,1.36826,-0.1571236,0.5778052,1.330474,-0.2188292,0.4047246,1.350456,-0.2126612,0.2373161,1.300336,-0.2063852,0.2120309,1.304124,0.06898085,0.5837392,1.402392,0.08242085,0.3894878,1.47341,0.1207711,0.2261559,1.425886,0.1038923,0.2029978,1.429258,-0.1009002,0.2232758,1.376584,-0.1505501,0.01906949,1.299137,-0.2082793,-0.2394533,1.351085,0.001039329,0.2200192,1.392261,0.02408188,0.02611318,1.405202,0.00535201,-0.2269786,1.508057,-0.05042104,0.6317182,1.372664
72057594037999830,1,1.47926,95835.08,-0.05085035,0.2186714,1.412235,-0.03804633,0.8017271,1.36826,-0.1571236,0.5778052,1.330474,-0.2188292,0.4047246,1.350456,-0.2126612,0.2373161,1.300336,-0.2063852,0.2120309,1.304124,0.06898085,0.5837392,1.402392,0.08242085,0.3894878,1.47341,0.1207711,0.2261559,1.425886,0.1038923,0.2029978,1.429258,-0.1009002,0.2232758,1.376584,-0.1505501,0.01906949,1.299137,-0.2082793,-0.2394533,1.351085,0.001039329,0.2200192,1.392261,0.02408188,0.02611318,1.405202,0.00535201,-0.2269786,1.508057,-0.05042104,0.6317182,1.372664
72057594037999830,1,1.47926,95835.08,-0.05085035,0.2186714,1.412235,-0.03804633,0.8017271,1.36826,-0.1571236,0.5778052,1.330474,-0.2188292,0.4047246,1.350456,-0.2126612,0.2373161,1.300336,-0.2063852,0.2120309,1.304124,0.06898085,0.5837392,1.402392,0.08242085,0.3894878,1.47341,0.1207711,0.2261559,1.425886,0.1038923,0.2029978,1.429258,-0.1009002,0.2232758,1.376584,-0.1505501,0.01906949,1.299137,-0.2082793,-0.2394533,1.351085,0.001039329,0.2200192,1.392261,0.02408188,0.02611318,1.405202,0.00535201,-0.2269786,1.508057,-0.05042104,0.6317182,1.372664
72057594037999830,1,1.468604,95835.09,-0.04931602,0.2220324,1.422433,-0.03475097,0.8032168,1.37824,-0.1517556,0.5850341,1.347803,-0.2059367,0.3969,1.364405,-0.206615,0.2283119,1.319312,-0.2028132,0.2069769,1.32827,0.07230838,0.5859807,1.408275,0.08604825,0.3888931,1.474683,0.1180951,0.224058,1.427734,0.100155,0.2065945,1.430258,-0.09999327,0.226306,1.386131,-0.1575251,0.02161092,1.332246,-0.2081222,-0.2365539,1.354881,0.003177318,0.2235537,1.403094,0.02773231,0.0303902,1.409135,0.001826164,-0.1599553,1.503985,-0.0448825,0.6329814,1.383714
72057594037999830,1,1.468604,95835.09,-0.04931602,0.2220324,1.422433,-0.03475097,0.8032168,1.37824,-0.1517556,0.5850341,1.347803,-0.2059367,0.3969,1.364405,-0.206615,0.2283119,1.319312,-0.2028132,0.2069769,1.32827,0.07230838,0.5859807,1.408275,0.08604825,0.3888931,1.474683,0.1180951,0.224058,1.427734,0.100155,0.2065945,1.430258,-0.09999327,0.226306,1.386131,-0.1575251,0.02161092,1.332246,-0.2081222,-0.2365539,1.354881,0.003177318,0.2235537,1.403094,0.02773231,0.0303902,1.409135,0.001826164,-0.1599553,1.503985,-0.0448825,0.6329814,1.383714
72057594037999830,1,1.468604,95835.09,-0.04931602,0.2220324,1.422433,-0.03475097,0.8032168,1.37824,-0.1517556,0.5850341,1.347803,-0.2059367,0.3969,1.364405,-0.206615,0.2283119,1.319312,-0.2028132,0.2069769,1.32827,0.07230838,0.5859807,1.408275,0.08604825,0.3888931,1.474683,0.1180951,0.224058,1.427734,0.100155,0.2065945,1.430258,-0.09999327,0.226306,1.386131,-0.1575251,0.02161092,1.332246,-0.2081222,-0.2365539,1.354881,0.003177318,0.2235537,1.403094,0.02773231,0.0303902,1.409135,0.001826164,-0.1599553,1.503985,-0.0448825,0.6329814,1.383714
72057594037999830,1,1.468604,95835.09,-0.04931602,0.2220324,1.422433,-0.03475097,0.8032168,1.37824,-0.1517556,0.5850341,1.347803,-0.2059367,0.3969,1.364405,-0.206615,0.2283119,1.319312,-0.2028132,0.2069769,1.32827,0.07230838,0.5859807,1.408275,0.08604825,0.3888931,1.474683,0.1180951,0.224058,1.427734,0.100155,0.2065945,1.430258,-0.09999327,0.226306,1.386131,-0.1575251,0.02161092,1.332246,-0.2081222,-0.2365539,1.354881,0.003177318,0.2235537,1.403094,0.02773231,0.0303902,1.409135,0.001826164,-0.1599553,1.503985,-0.0448825,0.6329814,1.383714
72057594037999830,1,1.468604,95835.09,-0.04931602,0.2220324,1.422433,-0.03475097,0.8032168,1.37824,-0.1517556,0.5850341,1.347803,-0.2059367,0.3969,1.364405,-0.206615,0.2283119,1.319312,-0.2028132,0.2069769,1.32827,0.07230838,0.5859807,1.408275,0.08604825,0.3888931,1.474683,0.1180951,0.224058,1.427734,0.100155,0.2065945,1.430258,-0.09999327,0.226306,1.386131,-0.1575251,0.02161092,1.332246,-0.2081222,-0.2365539,1.354881,0.003177318,0.2235537,1.403094,0.02773231,0.0303902,1.409135,0.001826164,-0.1599553,1.503985,-0.0448825,0.6329814,1.383714
72057594037999830,1,1.468604,95835.09,-0.04931602,0.2220324,1.422433,-0.03475097,0.8032168,1.37824,-0.1517556,0.5850341,1.347803,-0.2059367,0.3969,1.364405,-0.206615,0.2283119,1.319312,-0.2028132,0.2069769,1.32827,0.07230838,0.5859807,1.408275,0.08604825,0.3888931,1.474683,0.1180951,0.224058,1.427734,0.100155,0.2065945,1.430258,-0.09999327,0.226306,1.386131,-0.1575251,0.02161092,1.332246,-0.2081222,-0.2365539,1.354881,0.003177318,0.2235537,1.403094,0.02773231,0.0303902,1.409135,0.001826164,-0.1599553,1.503985,-0.0448825,0.6329814,1.383714
72057594037999830,1,1.468604,95835.1,-0.04931602,0.2220324,1.422433,-0.03475097,0.8032168,1.37824,-0.1517556,0.5850341,1.347803,-0.2059367,0.3969,1.364405,-0.206615,0.2283119,1.319312,-0.2028132,0.2069769,1.32827,0.07230838,0.5859807,1.408275,0.08604825,0.3888931,1.474683,0.1180951,0.224058,1.427734,0.100155,0.2065945,1.430258,-0.09999327,0.226306,1.386131,-0.1575251,0.02161092,1.332246,-0.2081222,-0.2365539,1.354881,0.003177318,0.2235537,1.403094,0.02773231,0.0303902,1.409135,0.001826164,-0.1599553,1.503985,-0.0448825,0.6329814,1.383714
72057594037999830,1,1.468604,95835.1,-0.04931602,0.2220324,1.422433,-0.03475097,0.8032168,1.37824,-0.1517556,0.5850341,1.347803,-0.2059367,0.3969,1.364405,-0.206615,0.2283119,1.319312,-0.2028132,0.2069769,1.32827,0.07230838,0.5859807,1.408275,0.08604825,0.3888931,1.474683,0.1180951,0.224058,1.427734,0.100155,0.2065945,1.430258,-0.09999327,0.226306,1.386131,-0.1575251,0.02161092,1.332246,-0.2081222,-0.2365539,1.354881,0.003177318,0.2235537,1.403094,0.02773231,0.0303902,1.409135,0.001826164,-0.1599553,1.503985,-0.0448825,0.6329814,1.383714
72057594037999830,1,1.468604,95835.1,-0.04931602,0.2220324,1.422433,-0.03475097,0.8032168,1.37824,-0.1517556,0.5850341,1.347803,-0.2059367,0.3969,1.364405,-0.206615,0.2283119,1.319312,-0.2028132,0.2069769,1.32827,0.07230838,0.5859807,1.408275,0.08604825,0.3888931,1.474683,0.1180951,0.224058,1.427734,0.100155,0.2065945,1.430258,-0.09999327,0.226306,1.386131,-0.1575251,0.02161092,1.332246,-0.2081222,-0.2365539,1.354881,0.003177318,0.2235537,1.403094,0.02773231,0.0303902,1.409135,0.001826164,-0.1599553,1.503985,-0.0448825,0.6329814,1.383714
72057594037999830,1,1.468604,95835.11,-0.04931602,0.2220324,1.422433,-0.03475097,0.8032168,1.37824,-0.1517556,0.5850341,1.347803,-0.2059367,0.3969,1.364405,-0.206615,0.2283119,1.319312,-0.2028132,0.2069769,1.32827,0.07230838,0.5859807,1.408275,0.08604825,0.3888931,1.474683,0.1180951,0.224058,1.427734,0.100155,0.2065945,1.430258,-0.09999327,0.226306,1.386131,-0.1575251,0.02161092,1.332246,-0.2081222,-0.2365539,1.354881,0.003177318,0.2235537,1.403094,0.02773231,0.0303902,1.409135,0.001826164,-0.1599553,1.503985,-0.0448825,0.6329814,1.383714
72057594037999830,1,1.468604,95835.11,-0.04931602,0.2220324,1.422433,-0.03475097,0.8032168,1.37824,-0.1517556,0.5850341,1.347803,-0.2059367,0.3969,1.364405,-0.206615,0.2283119,1.319312,-0.2028132,0.2069769,1.32827,0.07230838,0.5859807,1.408275,0.08604825,0.3888931,1.474683,0.1180951,0.224058,1.427734,0.100155,0.2065945,1.430258,-0.09999327,0.226306,1.386131,-0.1575251,0.02161092,1.332246,-0.2081222,-0.2365539,1.354881,0.003177318,0.2235537,1.403094,0.02773231,0.0303902,1.409135,0.001826164,-0.1599553,1.503985,-0.0448825,0.6329814,1.383714
72057594037999830,1,1.468604,95835.11,-0.04931602,0.2220324,1.422433,-0.03475097,0.8032168,1.37824,-0.1517556,0.5850341,1.347803,-0.2059367,0.3969,1.364405,-0.206615,0.2283119,1.319312,-0.2028132,0.2069769,1.32827,0.07230838,0.5859807,1.408275,0.08604825,0.3888931,1.474683,0.1180951,0.224058,1.427734,0.100155,0.2065945,1.430258,-0.09999327,0.226306,1.386131,-0.1575251,0.02161092,1.332246,-0.2081222,-0.2365539,1.354881,0.003177318,0.2235537,1.403094,0.02773231,0.0303902,1.409135,0.001826164,-0.1599553,1.503985,-0.0448825,0.6329814,1.383714
72057594037999830,1,1.440117,95835.12,-0.046805,0.2421273,1.4442,-0.02682126,0.8175367,1.393702,-0.1424841,0.6066529,1.3663,-0.1942305,0.4126644,1.396703,-0.2001443,0.2462617,1.343055,-0.1980886,0.2311833,1.35696,0.08074287,0.6007976,1.417916,0.09671103,0.4071184,1.484918,0.106791,0.2400375,1.435115,0.08424102,0.2051492,1.437665,-0.09867271,0.2481051,1.41028,-0.1598119,0.03284234,1.371255,-0.2083741,-0.2313594,1.361049,0.006622115,0.2412545,1.422505,0.02765841,0.0618704,1.431407,-0.007326869,-0.1200649,1.509854,-0.03532889,0.649067,1.400125
72057594037999830,1,1.440117,95835.12,-0.046805,0.2421273,1.4442,-0.02682126,0.8175367,1.393702,-0.1424841,0.6066529,1.3663,-0.1942305,0.4126644,1.396703,-0.2001443,0.2462617,1.343055,-0.1980886,0.2311833,1.35696,0.08074287,0.6007976,1.417916,0.09671103,0.4071184,1.484918,0.106791,0.2400375,1.435115,0.08424102,0.2051492,1.437665,-0.09867271,0.2481051,1.41028,-0.1598119,0.03284234,1.371255,-0.2083741,-0.2313594,1.361049,0.006622115,0.2412545,1.422505,0.02765841,0.0618704,1.431407,-0.007326869,-0.1200649,1.509854,-0.03532889,0.649067,1.400125
72057594037999830,1,1.440117,95835.13,-0.046805,0.2421273,1.4442,-0.02682126,0.8175367,1.393702,-0.1424841,0.6066529,1.3663,-0.1942305,0.4126644,1.396703,-0.2001443,0.2462617,1.343055,-0.1980886,0.2311833,1.35696,0.08074287,0.6007976,1.417916,0.09671103,0.4071184,1.484918,0.106791,0.2400375,1.435115,0.08424102,0.2051492,1.437665,-0.09867271,0.2481051,1.41028,-0.1598119,0.03284234,1.371255,-0.2083741,-0.2313594,1.361049,0.006622115,0.2412545,1.422505,0.02765841,0.0618704,1.431407,-0.007326869,-0.1200649,1.509854,-0.03532889,0.649067,1.400125
72057594037999830,1,1.440117,95835.13,-0.046805,0.2421273,1.4442,-0.02682126,0.8175367,1.393702,-0.1424841,0.6066529,1.3663,-0.1942305,0.4126644,1.396703,-0.2001443,0.2462617,1.343055,-0.1980886,0.2311833,1.35696,0.08074287,0.6007976,1.417916,0.09671103,0.4071184,1.484918,0.106791,0.2400375,1.435115,0.08424102,0.2051492,1.437665,-0.09867271,0.2481051,1.41028,-0.1598119,0.03284234,1.371255,-0.2083741,-0.2313594,1.361049,0.006622115,0.2412545,1.422505,0.02765841,0.0618704,1.431407,-0.007326869,-0.1200649,1.509854,-0.03532889,0.649067,1.400125
72057594037999830,1,1.440117,95835.13,-0.046805,0.2421273,1.4442,-0.02682126,0.8175367,1.393702,-0.1424841,0.6066529,1.3663,-0.1942305,0.4126644,1.396703,-0.2001443,0.2462617,1.343055,-0.1980886,0.2311833,1.35696,0.08074287,0.6007976,1.417916,0.09671103,0.4071184,1.484918,0.106791,0.2400375,1.435115,0.08424102,0.2051492,1.437665,-0.09867271,0.2481051,1.41028,-0.1598119,0.03284234,1.371255,-0.2083741,-0.2313594,1.361049,0.006622115,0.2412545,1.422505,0.02765841,0.0618704,1.431407,-0.007326869,-0.1200649,1.509854,-0.03532889,0.649067,1.400125
72057594037999830,1,1.440117,95835.13,-0.046805,0.2421273,1.4442,-0.02682126,0.8175367,1.393702,-0.1424841,0.6066529,1.3663,-0.1942305,0.4126644,1.396703,-0.2001443,0.2462617,1.343055,-0.1980886,0.2311833,1.35696,0.08074287,0.6007976,1.417916,0.09671103,0.4071184,1.484918,0.106791,0.2400375,1.435115,0.08424102,0.2051492,1.437665,-0.09867271,0.2481051,1.41028,-0.1598119,0.03284234,1.371255,-0.2083741,-0.2313594,1.361049,0.006622115,0.2412545,1.422505,0.02765841,0.0618704,1.431407,-0.007326869,-0.1200649,1.509854,-0.03532889,0.649067,1.400125
72057594037999830,1,1.440117,95835.13,-0.046805,0.2421273,1.4442,-0.02682126,0.8175367,1.393702,-0.1424841,0.6066529,1.3663,-0.1942305,0.4126644,1.396703,-0.2001443,0.2462617,1.343055,-0.1980886,0.2311833,1.35696,0.08074287,0.6007976,1.417916,0.09671103,0.4071184,1.484918,0.106791,0.2400375,1.435115,0.08424102,0.2051492,1.437665,-0.09867271,0.2481051,1.41028,-0.1598119,0.03284234,1.371255,-0.2083741,-0.2313594,1.361049,0.006622115,0.2412545,1.422505,0.02765841,0.0618704,1.431407,-0.007326869,-0.1200649,1.509854,-0.03532889,0.649067,1.400125
72057594037999830,1,1.440117,95835.13,-0.046805,0.2421273,1.4442,-0.02682126,0.8175367,1.393702,-0.1424841,0.6066529,1.3663,-0.1942305,0.4126644,1.396703,-0.2001443,0.2462617,1.343055,-0.1980886,0.2311833,1.35696,0.08074287,0.6007976,1.417916,0.09671103,0.4071184,1.484918,0.106791,0.2400375,1.435115,0.08424102,0.2051492,1.437665,-0.09867271,0.2481051,1.41028,-0.1598119,0.03284234,1.371255,-0.2083741,-0.2313594,1.361049,0.006622115,0.2412545,1.422505,0.02765841,0.0618704,1.431407,-0.007326869,-0.1200649,1.509854,-0.03532889,0.649067,1.400125
72057594037999830,1,1.440117,95835.14,-0.046805,0.2421273,1.4442,-0.02682126,0.8175367,1.393702,-0.1424841,0.6066529,1.3663,-0.1942305,0.4126644,1.396703,-0.2001443,0.2462617,1.343055,-0.1980886,0.2311833,1.35696,0.08074287,0.6007976,1.417916,0.09671103,0.4071184,1.484918,0.106791,0.2400375,1.435115,0.08424102,0.2051492,1.437665,-0.09867271,0.2481051,1.41028,-0.1598119,0.03284234,1.371255,-0.2083741,-0.2313594,1.361049,0.006622115,0.2412545,1.422505,0.02765841,0.0618704,1.431407,-0.007326869,-0.1200649,1.509854,-0.03532889,0.649067,1.400125
72057594037999830,1,1.440117,95835.14,-0.046805,0.2421273,1.4442,-0.02682126,0.8175367,1.393702,-0.1424841,0.6066529,1.3663,-0.1942305,0.4126644,1.396703,-0.2001443,0.2462617,1.343055,-0.1980886,0.2311833,1.35696,0.08074287,0.6007976,1.417916,0.09671103,0.4071184,1.484918,0.106791,0.2400375,1.435115,0.08424102,0.2051492,1.437665,-0.09867271,0.2481051,1.41028,-0.1598119,0.03284234,1.371255,-0.2083741,-0.2313594,1.361049,0.006622115,0.2412545,1.422505,0.02765841,0.0618704,1.431407,-0.007326869,-0.1200649,1.509854,-0.03532889,0.649067,1.400125
72057594037999830,1,1.440117,95835.14,-0.046805,0.2421273,1.4442,-0.02682126,0.8175367,1.393702,-0.1424841,0.6066529,1.3663,-0.1942305,0.4126644,1.396703,-0.2001443,0.2462617,1.343055,-0.1980886,0.2311833,1.35696,0.08074287,0.6007976,1.417916,0.09671103,0.4071184,1.484918,0.106791,0.2400375,1.435115,0.08424102,0.2051492,1.437665,-0.09867271,0.2481051,1.41028,-0.1598119,0.03284234,1.371255,-0.2083741,-0.2313594,1.361049,0.006622115,0.2412545,1.422505,0.02765841,0.0618704,1.431407,-0.007326869,-0.1200649,1.509854,-0.03532889,0.649067,1.400125
72057594037999830,1,1.4211,95835.15,-0.04765957,0.2584056,1.457423,-0.0203714,0.8289974,1.406139,-0.1363578,0.6226482,1.3787,-0.193623,0.427789,1.416775,-0.2143343,0.2592428,1.378057,-0.1991693,0.2371368,1.382062,0.08787851,0.6170903,1.426397,0.1083319,0.4337776,1.505304,0.1155781,0.2663889,1.455686,0.1022198,0.2541846,1.45799,-0.09930624,0.2636732,1.423876,-0.1548899,0.08197129,1.408145,-0.2002387,-0.1922028,1.370207,0.005644546,0.2574562,1.435138,0.01697976,0.08075577,1.458053,-0.01751697,-0.1025962,1.534188,-0.03019318,0.6610481,1.41174
72057594037999830,1,1.4211,95835.15,-0.04765957,0.2584056,1.457423,-0.0203714,0.8289974,1.406139,-0.1363578,0.6226482,1.3787,-0.193623,0.427789,1.416775,-0.2143343,0.2592428,1.378057,-0.1991693,0.2371368,1.382062,0.08787851,0.6170903,1.426397,0.1083319,0.4337776,1.505304,0.1155781,0.2663889,1.455686,0.1022198,0.2541846,1.45799,-0.09930624,0.2636732,1.423876,-0.1548899,0.08197129,1.408145,-0.2002387,-0.1922028,1.370207,0.005644546,0.2574562,1.435138,0.01697976,0.08075577,1.458053,-0.01751697,-0.1025962,1.534188,-0.03019318,0.6610481,1.41174
72057594037999830,1,1.4211,95835.15,-0.04765957,0.2584056,1.457423,-0.0203714,0.8289974,1.406139,-0.1363578,0.6226482,1.3787,-0.193623,0.427789,1.416775,-0.2143343,0.2592428,1.378057,-0.1991693,0.2371368,1.382062,0.08787851,0.6170903,1.426397,0.1083319,0.4337776,1.505304,0.1155781,0.2663889,1.455686,0.1022198,0.2541846,1.45799,-0.09930624,0.2636732,1.423876,-0.1548899,0.08197129,1.408145,-0.2002387,-0.1922028,1.370207,0.005644546,0.2574562,1.435138,0.01697976,0.08075577,1.458053,-0.01751697,-0.1025962,1.534188,-0.03019318,0.6610481,1.41174
72057594037999830,1,1.4211,95835.16,-0.04765957,0.2584056,1.457423,-0.0203714,0.8289974,1.406139,-0.1363578,0.6226482,1.3787,-0.193623,0.427789,1.416775,-0.2143343,0.2592428,1.378057,-0.1991693,0.2371368,1.382062,0.08787851,0.6170903,1.426397,0.1083319,0.4337776,1.505304,0.1155781,0.2663889,1.455686,0.1022198,0.2541846,1.45799,-0.09930624,0.2636732,1.423876,-0.1548899,0.08197129,1.408145,-0.2002387,-0.1922028,1.370207,0.005644546,0.2574562,1.435138,0.01697976,0.08075577,1.458053,-0.01751697,-0.1025962,1.534188,-0.03019318,0.6610481,1.41174
72057594037999830,1,1.4211,95835.16,-0.04765957,0.2584056,1.457423,-0.0203714,0.8289974,1.406139,-0.1363578,0.6226482,1.3787,-0.193623,0.427789,1.416775,-0.2143343,0.2592428,1.378057,-0.1991693,0.2371368,1.382062,0.08787851,0.6170903,1.426397,0.1083319,0.4337776,1.505304,0.1155781,0.2663889,1.455686,0.1022198,0.2541846,1.45799,-0.09930624,0.2636732,1.423876,-0.1548899,0.08197129,1.408145,-0.2002387,-0.1922028,1.370207,0.005644546,0.2574562,1.435138,0.01697976,0.08075577,1.458053,-0.01751697,-0.1025962,1.534188,-0.03019318,0.6610481,1.41174
72057594037999830,1,1.4211,95835.16,-0.04765957,0.2584056,1.457423,-0.0203714,0.8289974,1.406139,-0.1363578,0.6226482,1.3787,-0.193623,0.427789,1.416775,-0.2143343,0.2592428,1.378057,-0.1991693,0.2371368,1.382062,0.08787851,0.6170903,1.426397,0.1083319,0.4337776,1.505304,0.1155781,0.2663889,1.455686,0.1022198,0.2541846,1.45799,-0.09930624,0.2636732,1.423876,-0.1548899,0.08197129,1.408145,-0.2002387,-0.1922028,1.370207,0.005644546,0.2574562,1.435138,0.01697976,0.08075577,1.458053,-0.01751697,-0.1025962,1.534188,-0.03019318,0.6610481,1.41174
72057594037999830,1,1.4211,95835.16,-0.04765957,0.2584056,1.457423,-0.0203714,0.8289974,1.406139,-0.1363578,0.6226482,1.3787,-0.193623,0.427789,1.416775,-0.2143343,0.2592428,1.378057,-0.1991693,0.2371368,1.382062,0.08787851,0.6170903,1.426397,0.1083319,0.4337776,1.505304,0.1155781,0.2663889,1.455686,0.1022198,0.2541846,1.45799,-0.09930624,0.2636732,1.423876,-0.1548899,0.08197129,1.408145,-0.2002387,-0.1922028,1.370207,0.005644546,0.2574562,1.435138,0.01697976,0.08075577,1.458053,-0.01751697,-0.1025962,1.534188,-0.03019318,0.6610481,1.41174
72057594037999830,1,1.4211,95835.18,-0.04765957,0.2584056,1.457423,-0.0203714,0.8289974,1.406139,-0.1363578,0.6226482,1.3787,-0.193623,0.427789,1.416775,-0.2143343,0.2592428,1.378057,-0.1991693,0.2371368,1.382062,0.08787851,0.6170903,1.426397,0.1083319,0.4337776,1.505304,0.1155781,0.2663889,1.455686,0.1022198,0.2541846,1.45799,-0.09930624,0.2636732,1.423876,-0.1548899,0.08197129,1.408145,-0.2002387,-0.1922028,1.370207,0.005644546,0.2574562,1.435138,0.01697976,0.08075577,1.458053,-0.01751697,-0.1025962,1.534188,-0.03019318,0.6610481,1.41174
72057594037999830,1,1.406125,95835.18,-0.04839065,0.2704863,1.468235,-0.01480659,0.8331342,1.415612,-0.1328979,0.6301217,1.390801,-0.1968783,0.4619482,1.446986,-0.2075723,0.2964613,1.390413,-0.2006097,0.2843576,1.398739,0.09135058,0.6242452,1.433167,0.1143058,0.4398993,1.513947,0.1682495,0.2767989,1.492063,0.186443,0.2225473,1.487782,-0.1000163,0.2790174,1.43676,-0.1583487,0.1048988,1.431245,-0.1983103,-0.1701205,1.391869,0.004945895,0.2663101,1.444059,0.01148499,0.08625403,1.456885,-0.02297413,-0.09713867,1.533019,-0.0250566,0.6669913,1.423025
72057594037999830,1,1.406125,95835.18,-0.04839065,0.2704863,1.468235,-0.01480659,0.8331342,1.415612,-0.1328979,0.6301217,1.390801,-0.1968783,0.4619482,1.446986,-0.2075723,0.2964613,1.390413,-0.2006097,0.2843576,1.398739,0.09135058,0.6242452,1.433167,0.1143058,0.4398993,1.513947,0.1682495,0.2767989,1.492063,0.186443,0.2225473,1.487782,-0.1000163,0.2790174,1.43676,-0.1583487,0.1048988,1.431245,-0.1983103,-0.1701205,1.391869,0.004945895,0.2663101,1.444059,0.01148499,0.08625403,1.456885,-0.02297413,-0.09713867,1.533019,-0.0250566,0.6669913,1.423025
72057594037999830,1,1.406125,95835.19,-0.04839065,0.2704863,1.468235,-0.01480659,0.8331342,1.415612,-0.1328979,0.6301217,1.390801,-0.1968783,0.4619482,1.446986,-0.2075723,0.2964613,1.390413,-0.2006097,0.2843576,1.398739,0.09135058,0.6242452,1.433167,0.1143058,0.4398993,1.513947,0.1682495,0.2767989,1.492063,0.186443,0.2225473,1.487782,-0.1000163,0.2790174,1.43676,-0.1583487,0.1048988,1.431245,-0.1983103,-0.1701205,1.391869,0.004945895,0.2663101,1.444059,0.01148499,0.08625403,1.456885,-0.02297413,-0.09713867,1.533019,-0.0250566,0.6669913,1.423025
72057594037999830,1,1.406125,95835.19,-0.04839065,0.2704863,1.468235,-0.01480659,0.8331342,1.415612,-0.1328979,0.6301217,1.390801,-0.1968783,0.4619482,1.446986,-0.2075723,0.2964613,1.390413,-0.2006097,0.2843576,1.398739,0.09135058,0.6242452,1.433167,0.1143058,0.4398993,1.513947,0.1682495,0.2767989,1.492063,0.186443,0.2225473,1.487782,-0.1000163,0.2790174,1.43676,-0.1583487,0.1048988,1.431245,-0.1983103,-0.1701205,1.391869,0.004945895,0.2663101,1.444059,0.01148499,0.08625403,1.456885,-0.02297413,-0.09713867,1.533019,-0.0250566,0.6669913,1.423025
72057594037999830,1,1.406125,95835.19,-0.04839065,0.2704863,1.468235,-0.01480659,0.8331342,1.415612,-0.1328979,0.6301217,1.390801,-0.1968783,0.4619482,1.446986,-0.2075723,0.2964613,1.390413,-0.2006097,0.2843576,1.398739,0.09135058,0.6242452,1.433167,0.1143058,0.4398993,1.513947,0.1682495,0.2767989,1.492063,0.186443,0.2225473,1.487782,-0.1000163,0.2790174,1.43676,-0.1583487,0.1048988,1.431245,-0.1983103,-0.1701205,1.391869,0.004945895,0.2663101,1.444059,0.01148499,0.08625403,1.456885,-0.02297413,-0.09713867,1.533019,-0.0250566,0.6669913,1.423025
72057594037999830,1,1.406125,95835.2,-0.04839065,0.2704863,1.468235,-0.01480659,0.8331342,1.415612,-0.1328979,0.6301217,1.390801,-0.1968783,0.4619482,1.446986,-0.2075723,0.2964613,1.390413,-0.2006097,0.2843576,1.398739,0.09135058,0.6242452,1.433167,0.1143058,0.4398993,1.513947,0.1682495,0.2767989,1.492063,0.186443,0.2225473,1.487782,-0.1000163,0.2790174,1.43676,-0.1583487,0.1048988,1.431245,-0.1983103,-0.1701205,1.391869,0.004945895,0.2663101,1.444059,0.01148499,0.08625403,1.456885,-0.02297413,-0.09713867,1.533019,-0.0250566,0.6669913,1.423025
72057594037999830,1,1.406125,95835.2,-0.04839065,0.2704863,1.468235,-0.01480659,0.8331342,1.415612,-0.1328979,0.6301217,1.390801,-0.1968783,0.4619482,1.446986,-0.2075723,0.2964613,1.390413,-0.2006097,0.2843576,1.398739,0.09135058,0.6242452,1.433167,0.1143058,0.4398993,1.513947,0.1682495,0.2767989,1.492063,0.186443,0.2225473,1.487782,-0.1000163,0.2790174,1.43676,-0.1583487,0.1048988,1.431245,-0.1983103,-0.1701205,1.391869,0.004945895,0.2663101,1.444059,0.01148499,0.08625403,1.456885,-0.02297413,-0.09713867,1.533019,-0.0250566,0.6669913,1.423025
72057594037999830,1,1.406125,95835.2,-0.04839065,0.2704863,1.468235,-0.01480659,0.8331342,1.415612,-0.1328979,0.6301217,1.390801,-0.1968783,0.4619482,1.446986,-0.2075723,0.2964613,1.390413,-0.2006097,0.2843576,1.398739,0.09135058,0.6242452,1.433167,0.1143058,0.4398993,1.513947,0.1682495,0.2767989,1.492063,0.186443,0.2225473,1.487782,-0.1000163,0.2790174,1.43676,-0.1583487,0.1048988,1.431245,-0.1983103,-0.1701205,1.391869,0.004945895,0.2663101,1.444059,0.01148499,0.08625403,1.456885,-0.02297413,-0.09713867,1.533019,-0.0250566,0.6669913,1.423025
72057594037999830,1,1.406125,95835.2,-0.04839065,0.2704863,1.468235,-0.01480659,0.8331342,1.415612,-0.1328979,0.6301217,1.390801,-0.1968783,0.4619482,1.446986,-0.2075723,0.2964613,1.390413,-0.2006097,0.2843576,1.398739,0.09135058,0.6242452,1.433167,0.1143058,0.4398993,1.513947,0.1682495,0.2767989,1.492063,0.186443,0.2225473,1.487782,-0.1000163,0.2790174,1.43676,-0.1583487,0.1048988,1.431245,-0.1983103,-0.1701205,1.391869,0.004945895,0.2663101,1.444059,0.01148499,0.08625403,1.456885,-0.02297413,-0.09713867,1.533019,-0.0250566,0.6669913,1.423025
72057594037999830,1,1.406125,95835.2,-0.04839065,0.2704863,1.468235,-0.01480659,0.8331342,1.415612,-0.1328979,0.6301217,1.390801,-0.1968783,0.4619482,1.446986,-0.2075723,0.2964613,1.390413,-0.2006097,0.2843576,1.398739,0.09135058,0.6242452,1.433167,0.1143058,0.4398993,1.513947,0.1682495,0.2767989,1.492063,0.186443,0.2225473,1.487782,-0.1000163,0.2790174,1.43676,-0.1583487,0.1048988,1.431245,-0.1983103,-0.1701205,1.391869,0.004945895,0.2663101,1.444059,0.01148499,0.08625403,1.456885,-0.02297413,-0.09713867,1.533019,-0.0250566,0.6669913,1.423025
72057594037999830,1,1.406125,95835.21,-0.04839065,0.2704863,1.468235,-0.01480659,0.8331342,1.415612,-0.1328979,0.6301217,1.390801,-0.1968783,0.4619482,1.446986,-0.2075723,0.2964613,1.390413,-0.2006097,0.2843576,1.398739,0.09135058,0.6242452,1.433167,0.1143058,0.4398993,1.513947,0.1682495,0.2767989,1.492063,0.186443,0.2225473,1.487782,-0.1000163,0.2790174,1.43676,-0.1583487,0.1048988,1.431245,-0.1983103,-0.1701205,1.391869,0.004945895,0.2663101,1.444059,0.01148499,0.08625403,1.456885,-0.02297413,-0.09713867,1.533019,-0.0250566,0.6669913,1.423025
72057594037999830,1,1.406125,95835.21,-0.04839065,0.2704863,1.468235,-0.01480659,0.8331342,1.415612,-0.1328979,0.6301217,1.390801,-0.1968783,0.4619482,1.446986,-0.2075723,0.2964613,1.390413,-0.2006097,0.2843576,1.398739,0.09135058,0.6242452,1.433167,0.1143058,0.4398993,1.513947,0.1682495,0.2767989,1.492063,0.186443,0.2225473,1.487782,-0.1000163,0.2790174,1.43676,-0.1583487,0.1048988,1.431245,-0.1983103,-0.1701205,1.391869,0.004945895,0.2663101,1.444059,0.01148499,0.08625403,1.456885,-0.02297413,-0.09713867,1.533019,-0.0250566,0.6669913,1.423025
72057594037999830,1,1.397748,95835.21,-0.04888608,0.2743077,1.475707,-0.008004645,0.8307477,1.427339,-0.1289324,0.6303542,1.405814,-0.1982595,0.4686648,1.454161,-0.2090301,0.2995549,1.41229,-0.1992699,0.2769389,1.416636,0.09632611,0.6222373,1.443797,0.1211749,0.4445456,1.525437,0.1761781,0.2813593,1.519535,0.1947337,0.2270944,1.520583,-0.1018328,0.2828849,1.445374,-0.1570608,0.1070585,1.435696,-0.1951377,-0.1694168,1.412414,0.005611775,0.2697487,1.450397,0.005103736,0.09049955,1.466921,-0.02930751,-0.09292281,1.543057,-0.01969172,0.6658979,1.434387
72057594037999830,1,1.397748,95835.22,-0.04888608,0.2743077,1.475707,-0.008004645,0.8307477,1.427339,-0.1289324,0.6303542,1.405814,-0.1982595,0.4686648,1.454161,-0.2090301,0.2995549,1.41229,-0.1992699,0.2769389,1.416636,0.09632611,0.6222373,1.443797,0.1211749,0.4445456,1.525437,0.1761781,0.2813593,1.519535,0.1947337,0.2270944,1.520583,-0.1018328,0.2828849,1.445374,-0.1570608,0.1070585,1.435696,-0.1951377,-0.1694168,1.412414,0.005611775,0.2697487,1.450397,0.005103736,0.09049955,1.466921,-0.02930751,-0.09292281,1.543057,-0.01969172,0.6658979,1.434387
72057594037999830,1,1.397748,95835.22,-0.04888608,0.2743077,1.475707,-0.008004645,0.8307477,1.427339,-0.1289324,0.6303542,1.405814,-0.1982595,0.4686648,1.454161,-0.2090301,0.2995549,1.41229,-0.1992699,0.2769389,1.416636,0.09632611,0.6222373,1.443797,0.1211749,0.4445456,1.525437,0.1761781,0.2813593,1.519535,0.1947337,0.2270944,1.520583,-0.1018328,0.2828849,1.445374,-0.1570608,0.1070585,1.435696,-0.1951377,-0.1694168,1.412414,0.005611775,0.2697487,1.450397,0.005103736,0.09049955,1.466921,-0.02930751,-0.09292281,1.543057,-0.01969172,0.6658979,1.434387
72057594037999830,1,1.397748,95835.22,-0.04888608,0.2743077,1.475707,-0.008004645,0.8307477,1.427339,-0.1289324,0.6303542,1.405814,-0.1982595,0.4686648,1.454161,-0.2090301,0.2995549,1.41229,-0.1992699,0.2769389,1.416636,0.09632611,0.6222373,1.443797,0.1211749,0.4445456,1.525437,0.1761781,0.2813593,1.519535,0.1947337,0.2270944,1.520583,-0.1018328,0.2828849,1.445374,-0.1570608,0.1070585,1.435696,-0.1951377,-0.1694168,1.412414,0.005611775,0.2697487,1.450397,0.005103736,0.09049955,1.466921,-0.02930751,-0.09292281,1.543057,-0.01969172,0.6658979,1.434387
72057594037999830,1,1.397748,95835.23,-0.04888608,0.2743077,1.475707,-0.008004645,0.8307477,1.427339,-0.1289324,0.6303542,1.405814,-0.1982595,0.4686648,1.454161,-0.2090301,0.2995549,1.41229,-0.1992699,0.2769389,1.416636,0.09632611,0.6222373,1.443797,0.1211749,0.4445456,1.525437,0.1761781,0.2813593,1.519535,0.1947337,0.2270944,1.520583,-0.1018328,0.2828849,1.445374,-0.1570608,0.1070585,1.435696,-0.1951377,-0.1694168,1.412414,0.005611775,0.2697487,1.450397,0.005103736,0.09049955,1.466921,-0.02930751,-0.09292281,1.543057,-0.01969172,0.6658979,1.434387
72057594037999830,1,1.397748,95835.23,-0.04888608,0.2743077,1.475707,-0.008004645,0.8307477,1.427339,-0.1289324,0.6303542,1.405814,-0.1982595,0.4686648,1.454161,-0.2090301,0.2995549,1.41229,-0.1992699,0.2769389,1.416636,0.09632611,0.6222373,1.443797,0.1211749,0.4445456,1.525437,0.1761781,0.2813593,1.519535,0.1947337,0.2270944,1.520583,-0.1018328,0.2828849,1.445374,-0.1570608,0.1070585,1.435696,-0.1951377,-0.1694168,1.412414,0.005611775,0.2697487,1.450397,0.005103736,0.09049955,1.466921,-0.02930751,-0.09292281,1.543057,-0.01969172,0.6658979,1.434387
72057594037999830,1,1.397748,95835.23,-0.04888608,0.2743077,1.475707,-0.008004645,0.8307477,1.427339,-0.1289324,0.6303542,1.405814,-0.1982595,0.4686648,1.454161,-0.2090301,0.2995549,1.41229,-0.1992699,0.2769389,1.416636,0.09632611,0.6222373,1.443797,0.1211749,0.4445456,1.525437,0.1761781,0.2813593,1.519535,0.1947337,0.2270944,1.520583,-0.1018328,0.2828849,1.445374,-0.1570608,0.1070585,1.435696,-0.1951377,-0.1694168,1.412414,0.005611775,0.2697487,1.450397,0.005103736,0.09049955,1.466921,-0.02930751,-0.09292281,1.543057,-0.01969172,0.6658979,1.434387
72057594037999830,1,1.397748,95835.23,-0.04888608,0.2743077,1.475707,-0.008004645,0.8307477,1.427339,-0.1289324,0.6303542,1.405814,-0.1982595,0.4686648,1.454161,-0.2090301,0.2995549,1.41229,-0.1992699,0.2769389,1.416636,0.09632611,0.6222373,1.443797,0.1211749,0.4445456,1.525437,0.1761781,0.2813593,1.519535,0.1947337,0.2270944,1.520583,-0.1018328,0.2828849,1.445374,-0.1570608,0.1070585,1.435696,-0.1951377,-0.1694168,1.412414,0.005611775,0.2697487,1.450397,0.005103736,0.09049955,1.466921,-0.02930751,-0.09292281,1.543057,-0.01969172,0.6658979,1.434387
72057594037999830,1,1.397748,95835.23,-0.04888608,0.2743077,1.475707,-0.008004645,0.8307477,1.427339,-0.1289324,0.6303542,1.405814,-0.1982595,0.4686648,1.454161,-0.2090301,0.2995549,1.41229,-0.1992699,0.2769389,1.416636,0.09632611,0.6222373,1.443797,0.1211749,0.4445456,1.525437,0.1761781,0.2813593,1.519535,0.1947337,0.2270944,1.520583,-0.1018328,0.2828849,1.445374,-0.1570608,0.1070585,1.435696,-0.1951377,-0.1694168,1.412414,0.005611775,0.2697487,1.450397,0.005103736,0.09049955,1.466921,-0.02930751,-0.09292281,1.543057,-0.01969172,0.6658979,1.434387
72057594037999830,1,1.397748,95835.24,-0.04888608,0.2743077,1.475707,-0.008004645,0.8307477,1.427339,-0.1289324,0.6303542,1.405814,-0.1982595,0.4686648,1.454161,-0.2090301,0.2995549,1.41229,-0.1992699,0.2769389,1.416636,0.09632611,0.6222373,1.443797,0.1211749,0.4445456,1.525437,0.1761781,0.2813593,1.519535,0.1947337,0.2270944,1.520583,-0.1018328,0.2828849,1.445374,-0.1570608,0.1070585,1.435696,-0.1951377,-0.1694168,1.412414,0.005611775,0.2697487,1.450397,0.005103736,0.09049955,1.466921,-0.02930751,-0.09292281,1.543057,-0.01969172,0.6658979,1.434387
72057594037999830,1,1.397748,95835.24,-0.04888608,0.2743077,1.475707,-0.008004645,0.8307477,1.427339,-0.1289324,0.6303542,1.405814,-0.1982595,0.4686648,1.454161,-0.2090301,0.2995549,1.41229,-0.1992699,0.2769389,1.416636,0.09632611,0.6222373,1.443797,0.1211749,0.4445456,1.525437,0.1761781,0.2813593,1.519535,0.1947337,0.2270944,1.520583,-0.1018328,0.2828849,1.445374,-0.1570608,0.1070585,1.435696,-0.1951377,-0.1694168,1.412414,0.005611775,0.2697487,1.450397,0.005103736,0.09049955,1.466921,-0.02930751,-0.09292281,1.543057,-0.01969172,0.6658979,1.434387
72057594037999830,1,1.397748,95835.24,-0.04888608,0.2743077,1.475707,-0.008004645,0.8307477,1.427339,-0.1289324,0.6303542,1.405814,-0.1982595,0.4686648,1.454161,-0.2090301,0.2995549,1.41229,-0.1992699,0.2769389,1.416636,0.09632611,0.6222373,1.443797,0.1211749,0.4445456,1.525437,0.1761781,0.2813593,1.519535,0.1947337,0.2270944,1.520583,-0.1018328,0.2828849,1.445374,-0.1570608,0.1070585,1.435696,-0.1951377,-0.1694168,1.412414,0.005611775,0.2697487,1.450397,0.005103736,0.09049955,1.466921,-0.02930751,-0.09292281,1.543057,-0.01969172,0.6658979,1.434387
72057594037999830,1,1.389746,95835.25,-0.05182885,0.2728362,1.485387,-0.0004443031,0.8165405,1.440186,-0.1230023,0.6165078,1.42708,-0.1984766,0.4676386,1.465392,-0.208095,0.2975071,1.42886,-0.1992788,0.2732521,1.430075,0.1038445,0.6064494,1.460293,0.1256346,0.4457345,1.53119,0.1651274,0.2819584,1.557545,0.1785186,0.2275125,1.569349,-0.1080783,0.2816605,1.45807,-0.1606863,0.1053246,1.450096,-0.1945203,-0.1717875,1.447274,0.005266549,0.2680411,1.457646,0.0009929735,0.08986008,1.477523,-0.03338617,-0.09355539,1.553663,-0.01178676,0.6510345,1.452122
72057594037999830,1,1.389746,95835.25,-0.05182885,0.2728362,1.485387,-0.0004443031,0.8165405,1.440186,-0.1230023,0.6165078,1.42708,-0.1984766,0.4676386,1.465392,-0.208095,0.2975071,1.42886,-0.1992788,0.2732521,1.430075,0.1038445,0.6064494,1.460293,0.1256346,0.4457345,1.53119,0.1651274,0.2819584,1.557545,0.1785186,0.2275125,1.569349,-0.1080783,0.2816605,1.45807,-0.1606863,0.1053246,1.450096,-0.1945203,-0.1717875,1.447274,0.005266549,0.2680411,1.457646,0.0009929735,0.08986008,1.477523,-0.03338617,-0.09355539,1.553663,-0.01178676,0.6510345,1.452122
72057594037999830,1,1.389746,95835.25,-0.05182885,0.2728362,1.485387,-0.0004443031,0.8165405,1.440186,-0.1230023,0.6165078,1.42708,-0.1984766,0.4676386,1.465392,-0.208095,0.2975071,1.42886,-0.1992788,0.2732521,1.430075,0.1038445,0.6064494,1.460293,0.1256346,0.4457345,1.53119,0.1651274,0.2819584,1.557545,0.1785186,0.2275125,1.569349,-0.1080783,0.2816605,1.45807,-0.1606863,0.1053246,1.450096,-0.1945203,-0.1717875,1.447274,0.005266549,0.2680411,1.457646,0.0009929735,0.08986008,1.477523,-0.03338617,-0.09355539,1.553663,-0.01178676,0.6510345,1.452122
72057594037999830,1,1.389746,95835.26,-0.05182885,0.2728362,1.485387,-0.0004443031,0.8165405,1.440186,-0.1230023,0.6165078,1.42708,-0.1984766,0.4676386,1.465392,-0.208095,0.2975071,1.42886,-0.1992788,0.2732521,1.430075,0.1038445,0.6064494,1.460293,0.1256346,0.4457345,1.53119,0.1651274,0.2819584,1.557545,0.1785186,0.2275125,1.569349,-0.1080783,0.2816605,1.45807,-0.1606863,0.1053246,1.450096,-0.1945203,-0.1717875,1.447274,0.005266549,0.2680411,1.457646,0.0009929735,0.08986008,1.477523,-0.03338617,-0.09355539,1.553663,-0.01178676,0.6510345,1.452122
72057594037999830,1,1.389746,95835.26,-0.05182885,0.2728362,1.485387,-0.0004443031,0.8165405,1.440186,-0.1230023,0.6165078,1.42708,-0.1984766,0.4676386,1.465392,-0.208095,0.2975071,1.42886,-0.1992788,0.2732521,1.430075,0.1038445,0.6064494,1.460293,0.1256346,0.4457345,1.53119,0.1651274,0.2819584,1.557545,0.1785186,0.2275125,1.569349,-0.1080783,0.2816605,1.45807,-0.1606863,0.1053246,1.450096,-0.1945203,-0.1717875,1.447274,0.005266549,0.2680411,1.457646,0.0009929735,0.08986008,1.477523,-0.03338617,-0.09355539,1.553663,-0.01178676,0.6510345,1.452122
72057594037999830,1,1.389746,95835.26,-0.05182885,0.2728362,1.485387,-0.0004443031,0.8165405,1.440186,-0.1230023,0.6165078,1.42708,-0.1984766,0.4676386,1.465392,-0.208095,0.2975071,1.42886,-0.1992788,0.2732521,1.430075,0.1038445,0.6064494,1.460293,0.1256346,0.4457345,1.53119,0.1651274,0.2819584,1.557545,0.1785186,0.2275125,1.569349,-0.1080783,0.2816605,1.45807,-0.1606863,0.1053246,1.450096,-0.1945203,-0.1717875,1.447274,0.005266549,0.2680411,1.457646,0.0009929735,0.08986008,1.477523,-0.03338617,-0.09355539,1.553663,-0.01178676,0.6510345,1.452122
72057594037999830,1,1.389746,95835.27,-0.05182885,0.2728362,1.485387,-0.0004443031,0.8165405,1.440186,-0.1230023,0.6165078,1.42708,-0.1984766,0.4676386,1.465392,-0.208095,0.2975071,1.42886,-0.1992788,0.2732521,1.430075,0.1038445,0.6064494,1.460293,0.1256346,0.4457345,1.53119,0.1651274,0.2819584,1.557545,0.1785186,0.2275125,1.569349,-0.1080783,0.2816605,1.45807,-0.1606863,0.1053246,1.450096,-0.1945203,-0.1717875,1.447274,0.005266549,0.2680411,1.457646,0.0009929735,0.08986008,1.477523,-0.03338617,-0.09355539,1.553663,-0.01178676,0.6510345,1.452122
72057594037999830,1,1.389746,95835.27,-0.05182885,0.2728362,1.485387,-0.0004443031,0.8165405,1.440186,-0.1230023,0.6165078,1.42708,-0.1984766,0.4676386,1.465392,-0.208095,0.2975071,1.42886,-0.1992788,0.2732521,1.430075,0.1038445,0.6064494,1.460293,0.1256346,0.4457345,1.53119,0.1651274,0.2819584,1.557545,0.1785186,0.2275125,1.569349,-0.1080783,0.2816605,1.45807,-0.1606863,0.1053246,1.450096,-0.1945203,-0.1717875,1.447274,0.005266549,0.2680411,1.457646,0.0009929735,0.08986008,1.477523,-0.03338617,-0.09355539,1.553663,-0.01178676,0.6510345,1.452122
72057594037999830,1,1.389746,95835.27,-0.05182885,0.2728362,1.485387,-0.0004443031,0.8165405,1.440186,-0.1230023,0.6165078,1.42708,-0.1984766,0.4676386,1.465392,-0.208095,0.2975071,1.42886,-0.1992788,0.2732521,1.430075,0.1038445,0.6064494,1.460293,0.1256346,0.4457345,1.53119,0.1651274,0.2819584,1.557545,0.1785186,0.2275125,1.569349,-0.1080783,0.2816605,1.45807,-0.1606863,0.1053246,1.450096,-0.1945203,-0.1717875,1.447274,0.005266549,0.2680411,1.457646,0.0009929735,0.08986008,1.477523,-0.03338617,-0.09355539,1.553663,-0.01178676,0.6510345,1.452122
72057594037999830,1,1.389746,95835.27,-0.05182885,0.2728362,1.485387,-0.0004443031,0.8165405,1.440186,-0.1230023,0.6165078,1.42708,-0.1984766,0.4676386,1.465392,-0.208095,0.2975071,1.42886,-0.1992788,0.2732521,1.430075,0.1038445,0.6064494,1.460293,0.1256346,0.4457345,1.53119,0.1651274,0.2819584,1.557545,0.1785186,0.2275125,1.569349,-0.1080783,0.2816605,1.45807,-0.1606863,0.1053246,1.450096,-0.1945203,-0.1717875,1.447274,0.005266549,0.2680411,1.457646,0.0009929735,0.08986008,1.477523,-0.03338617,-0.09355539,1.553663,-0.01178676,0.6510345,1.452122
72057594037999830,1,1.389746,95835.27,-0.05182885,0.2728362,1.485387,-0.0004443031,0.8165405,1.440186,-0.1230023,0.6165078,1.42708,-0.1984766,0.4676386,1.465392,-0.208095,0.2975071,1.42886,-0.1992788,0.2732521,1.430075,0.1038445,0.6064494,1.460293,0.1256346,0.4457345,1.53119,0.1651274,0.2819584,1.557545,0.1785186,0.2275125,1.569349,-0.1080783,0.2816605,1.45807,-0.1606863,0.1053246,1.450096,-0.1945203,-0.1717875,1.447274,0.005266549,0.2680411,1.457646,0.0009929735,0.08986008,1.477523,-0.03338617,-0.09355539,1.553663,-0.01178676,0.6510345,1.452122
72057594037999830,1,1.389746,95835.27,-0.05182885,0.2728362,1.485387,-0.0004443031,0.8165405,1.440186,-0.1230023,0.6165078,1.42708,-0.1984766,0.4676386,1.465392,-0.208095,0.2975071,1.42886,-0.1992788,0.2732521,1.430075,0.1038445,0.6064494,1.460293,0.1256346,0.4457345,1.53119,0.1651274,0.2819584,1.557545,0.1785186,0.2275125,1.569349,-0.1080783,0.2816605,1.45807,-0.1606863,0.1053246,1.450096,-0.1945203,-0.1717875,1.447274,0.005266549,0.2680411,1.457646,0.0009929735,0.08986008,1.477523,-0.03338617,-0.09355539,1.553663,-0.01178676,0.6510345,1.452122
72057594037999830,1,1.389746,95835.28,-0.05182885,0.2728362,1.485387,-0.0004443031,0.8165405,1.440186,-0.1230023,0.6165078,1.42708,-0.1984766,0.4676386,1.465392,-0.208095,0.2975071,1.42886,-0.1992788,0.2732521,1.430075,0.1038445,0.6064494,1.460293,0.1256346,0.4457345,1.53119,0.1651274,0.2819584,1.557545,0.1785186,0.2275125,1.569349,-0.1080783,0.2816605,1.45807,-0.1606863,0.1053246,1.450096,-0.1945203,-0.1717875,1.447274,0.005266549,0.2680411,1.457646,0.0009929735,0.08986008,1.477523,-0.03338617,-0.09355539,1.553663,-0.01178676,0.6510345,1.452122
72057594037999830,1,1.367457,95835.28,-0.06036871,0.2712348,1.511292,0.006149357,0.7931089,1.457223,-0.1148769,0.5968136,1.444877,-0.1931234,0.4486523,1.488793,-0.2066239,0.2806954,1.443175,-0.1995293,0.2801406,1.448657,0.1033545,0.6058628,1.459208,0.1252757,0.4454822,1.529236,0.1565388,0.279565,1.55407,0.1671878,0.2244045,1.565367,-0.1216048,0.2800792,1.484599,-0.1691709,0.102682,1.478508,-0.19492,-0.1754013,1.465639,0.002275952,0.266242,1.482329,-0.01369372,0.09371328,1.516389,-0.04796235,-0.08972186,1.592543,-0.009392488,0.6305168,1.470943
72057594037999830,1,1.367457,95835.28,-0.06036871,0.2712348,1.511292,0.006149357,0.7931089,1.457223,-0.1148769,0.5968136,1.444877,-0.1931234,0.4486523,1.488793,-0.2066239,0.2806954,1.443175,-0.1995293,0.2801406,1.448657,0.1033545,0.6058628,1.459208,0.1252757,0.4454822,1.529236,0.1565388,0.279565,1.55407,0.1671878,0.2244045,1.565367,-0.1216048,0.2800792,1.484599,-0.1691709,0.102682,1.478508,-0.19492,-0.1754013,1.465639,0.002275952,0.266242,1.482329,-0.01369372,0.09371328,1.516389,-0.04796235,-0.08972186,1.592543,-0.009392488,0.6305168,1.470943
72057594037999830,1,1.367457,95835.29,-0.06036871,0.2712348,1.511292,0.006149357,0.7931089,1.457223,-0.1148769,0.5968136,1.444877,-0.1931234,0.4486523,1.488793,-0.2066239,0.2806954,1.443175,-0.1995293,0.2801406,1.448657,0.1033545,0.6058628,1.459208,0.1252757,0.4454822,1.529236,0.1565388,0.279565,1.55407,0.1671878,0.2244045,1.565367,-0.1216048,0.2800792,1.484599,-0.1691709,0.102682,1.478508,-0.19492,-0.1754013,1.465639,0.002275952,0.266242,1.482329,-0.01369372,0.09371328,1.516389,-0.04796235,-0.08972186,1.592543,-0.009392488,0.6305168,1.470943
72057594037999830,1,1.367457,95835.29,-0.06036871,0.2712348,1.511292,0.006149357,0.7931089,1.457223,-0.1148769,0.5968136,1.444877,-0.1931234,0.4486523,1.488793,-0.2066239,0.2806954,1.443175,-0.1995293,0.2801406,1.448657,0.1033545,0.6058628,1.459208,0.1252757,0.4454822,1.529236,0.1565388,0.279565,1.55407,0.1671878,0.2244045,1.565367,-0.1216048,0.2800792,1.484599,-0.1691709,0.102682,1.478508,-0.19492,-0.1754013,1.465639,0.002275952,0.266242,1.482329,-0.01369372,0.09371328,1.516389,-0.04796235,-0.08972186,1.592543,-0.009392488,0.6305168,1.470943
72057594037999830,1,1.367457,95835.3,-0.06036871,0.2712348,1.511292,0.006149357,0.7931089,1.457223,-0.1148769,0.5968136,1.444877,-0.1931234,0.4486523,1.488793,-0.2066239,0.2806954,1.443175,-0.1995293,0.2801406,1.448657,0.1033545,0.6058628,1.459208,0.1252757,0.4454822,1.529236,0.1565388,0.279565,1.55407,0.1671878,0.2244045,1.565367,-0.1216048,0.2800792,1.484599,-0.1691709,0.102682,1.478508,-0.19492,-0.1754013,1.465639,0.002275952,0.266242,1.482329,-0.01369372,0.09371328,1.516389,-0.04796235,-0.08972186,1.592543,-0.009392488,0.6305168,1.470943
72057594037999830,1,1.367457,95835.3,-0.06036871,0.2712348,1.511292,0.006149357,0.7931089,1.457223,-0.1148769,0.5968136,1.444877,-0.1931234,0.4486523,1.488793,-0.2066239,0.2806954,1.443175,-0.1995293,0.2801406,1.448657,0.1033545,0.6058628,1.459208,0.1252757,0.4454822,1.529236,0.1565388,0.279565,1.55407,0.1671878,0.2244045,1.565367,-0.1216048,0.2800792,1.484599,-0.1691709,0.102682,1.478508,-0.19492,-0.1754013,1.465639,0.002275952,0.266242,1.482329,-0.01369372,0.09371328,1.516389,-0.04796235,-0.08972186,1.592543,-0.009392488,0.6305168,1.470943
72057594037999830,1,1.367457,95835.3,-0.06036871,0.2712348,1.511292,0.006149357,0.7931089,1.457223,-0.1148769,0.5968136,1.444877,-0.1931234,0.4486523,1.488793,-0.2066239,0.2806954,1.443175,-0.1995293,0.2801406,1.448657,0.1033545,0.6058628,1.459208,0.1252757,0.4454822,1.529236,0.1565388,0.279565,1.55407,0.1671878,0.2244045,1.565367,-0.1216048,0.2800792,1.484599,-0.1691709,0.102682,1.478508,-0.19492,-0.1754013,1.465639,0.002275952,0.266242,1.482329,-0.01369372,0.09371328,1.516389,-0.04796235,-0.08972186,1.592543,-0.009392488,0.6305168,1.470943
72057594037999830,1,1.367457,95835.3,-0.06036871,0.2712348,1.511292,0.006149357,0.7931089,1.457223,-0.1148769,0.5968136,1.444877,-0.1931234,0.4486523,1.488793,-0.2066239,0.2806954,1.443175,-0.1995293,0.2801406,1.448657,0.1033545,0.6058628,1.459208,0.1252757,0.4454822,1.529236,0.1565388,0.279565,1.55407,0.1671878,0.2244045,1.565367,-0.1216048,0.2800792,1.484599,-0.1691709,0.102682,1.478508,-0.19492,-0.1754013,1.465639,0.002275952,0.266242,1.482329,-0.01369372,0.09371328,1.516389,-0.04796235,-0.08972186,1.592543,-0.009392488,0.6305168,1.470943
72057594037999830,1,1.367457,95835.3,-0.06036871,0.2712348,1.511292,0.006149357,0.7931089,1.457223,-0.1148769,0.5968136,1.444877,-0.1931234,0.4486523,1.488793,-0.2066239,0.2806954,1.443175,-0.1995293,0.2801406,1.448657,0.1033545,0.6058628,1.459208,0.1252757,0.4454822,1.529236,0.1565388,0.279565,1.55407,0.1671878,0.2244045,1.565367,-0.1216048,0.2800792,1.484599,-0.1691709,0.102682,1.478508,-0.19492,-0.1754013,1.465639,0.002275952,0.266242,1.482329,-0.01369372,0.09371328,1.516389,-0.04796235,-0.08972186,1.592543,-0.009392488,0.6305168,1.470943
72057594037999830,1,1.367457,95835.3,-0.06036871,0.2712348,1.511292,0.006149357,0.7931089,1.457223,-0.1148769,0.5968136,1.444877,-0.1931234,0.4486523,1.488793,-0.2066239,0.2806954,1.443175,-0.1995293,0.2801406,1.448657,0.1033545,0.6058628,1.459208,0.1252757,0.4454822,1.529236,0.1565388,0.279565,1.55407,0.1671878,0.2244045,1.565367,-0.1216048,0.2800792,1.484599,-0.1691709,0.102682,1.478508,-0.19492,-0.1754013,1.465639,0.002275952,0.266242,1.482329,-0.01369372,0.09371328,1.516389,-0.04796235,-0.08972186,1.592543,-0.009392488,0.6305168,1.470943
72057594037999830,1,1.367457,95835.3,-0.06036871,0.2712348,1.511292,0.006149357,0.7931089,1.457223,-0.1148769,0.5968136,1.444877,-0.1931234,0.4486523,1.488793,-0.2066239,0.2806954,1.443175,-0.1995293,0.2801406,1.448657,0.1033545,0.6058628,1.459208,0.1252757,0.4454822,1.529236,0.1565388,0.279565,1.55407,0.1671878,0.2244045,1.565367,-0.1216048,0.2800792,1.484599,-0.1691709,0.102682,1.478508,-0.19492,-0.1754013,1.465639,0.002275952,0.266242,1.482329,-0.01369372,0.09371328,1.516389,-0.04796235,-0.08972186,1.592543,-0.009392488,0.6305168,1.470943
72057594037999830,1,1.367457,95835.31,-0.06036871,0.2712348,1.511292,0.006149357,0.7931089,1.457223,-0.1148769,0.5968136,1.444877,-0.1931234,0.4486523,1.488793,-0.2066239,0.2806954,1.443175,-0.1995293,0.2801406,1.448657,0.1033545,0.6058628,1.459208,0.1252757,0.4454822,1.529236,0.1565388,0.279565,1.55407,0.1671878,0.2244045,1.565367,-0.1216048,0.2800792,1.484599,-0.1691709,0.102682,1.478508,-0.19492,-0.1754013,1.465639,0.002275952,0.266242,1.482329,-0.01369372,0.09371328,1.516389,-0.04796235,-0.08972186,1.592543,-0.009392488,0.6305168,1.470943
72057594037999830,1,1.367457,95835.31,-0.06036871,0.2712348,1.511292,0.006149357,0.7931089,1.457223,-0.1148769,0.5968136,1.444877,-0.1931234,0.4486523,1.488793,-0.2066239,0.2806954,1.443175,-0.1995293,0.2801406,1.448657,0.1033545,0.6058628,1.459208,0.1252757,0.4454822,1.529236,0.1565388,0.279565,1.55407,0.1671878,0.2244045,1.565367,-0.1216048,0.2800792,1.484599,-0.1691709,0.102682,1.478508,-0.19492,-0.1754013,1.465639,0.002275952,0.266242,1.482329,-0.01369372,0.09371328,1.516389,-0.04796235,-0.08972186,1.592543,-0.009392488,0.6305168,1.470943
72057594037999830,1,1.356138,95835.32,-0.06344183,0.2681939,1.525601,0.009054584,0.7784144,1.467237,-0.1106516,0.5805739,1.46112,-0.1893003,0.4345529,1.500114,-0.2012226,0.2626664,1.485675,-0.2006048,0.255011,1.465875,0.1034813,0.5620068,1.482191,0.08285736,0.3885828,1.476938,0.1120229,0.229498,1.525727,0.1218979,0.1765226,1.545022,-0.1284927,0.2777483,1.499108,-0.1596981,0.09888983,1.505108,-0.1885724,-0.1784478,1.479284,0.003225432,0.262391,1.497022,-0.02467768,0.08788738,1.521339,-0.05887099,-0.09550431,1.597493,-0.008335622,0.6170428,1.482776
72057594037999830,1,1.356138,95835.32,-0.06344183,0.2681939,1.525601,0.009054584,0.7784144,1.467237,-0.1106516,0.5805739,1.46112,-0.1893003,0.4345529,1.500114,-0.2012226,0.2626664,1.485675,-0.2006048,0.255011,1.465875,0.1034813,0.5620068,1.482191,0.08285736,0.3885828,1.476938,0.1120229,0.229498,1.525727,0.1218979,0.1765226,1.545022,-0.1284927,0.2777483,1.499108,-0.1596981,0.09888983,1.505108,-0.1885724,-0.1784478,1.479284,0.003225432,0.262391,1.497022,-0.02467768,0.08788738,1.521339,-0.05887099,-0.09550431,1.597493,-0.008335622,0.6170428,1.482776
72057594037999830,1,1.356138,95835.32,-0.06344183,0.2681939,1.525601,0.009054584,0.7784144,1.467237,-0.1106516,0.5805739,1.46112,-0.1893003,0.4345529,1.500114,-0.2012226,0.2626664,1.485675,-0.2006048,0.255011,1.465875,0.1034813,0.5620068,1.482191,0.08285736,0.3885828,1.476938,0.1120229,0.229498,1.525727,0.1218979,0.1765226,1.545022,-0.1284927,0.2777483,1.499108,-0.1596981,0.09888983,1.505108,-0.1885724,-0.1784478,1.479284,0.003225432,0.262391,1.497022,-0.02467768,0.08788738,1.521339,-0.05887099,-0.09550431,1.597493,-0.008335622,0.6170428,1.482776
72057594037999830,1,1.356138,95835.33,-0.06344183,0.2681939,1.525601,0.009054584,0.7784144,1.467237,-0.1106516,0.5805739,1.46112,-0.1893003,0.4345529,1.500114,-0.2012226,0.2626664,1.485675,-0.2006048,0.255011,1.465875,0.1034813,0.5620068,1.482191,0.08285736,0.3885828,1.476938,0.1120229,0.229498,1.525727,0.1218979,0.1765226,1.545022,-0.1284927,0.2777483,1.499108,-0.1596981,0.09888983,1.505108,-0.1885724,-0.1784478,1.479284,0.003225432,0.262391,1.497022,-0.02467768,0.08788738,1.521339,-0.05887099,-0.09550431,1.597493,-0.008335622,0.6170428,1.482776
72057594037999830,1,1.356138,95835.33,-0.06344183,0.2681939,1.525601,0.009054584,0.7784144,1.467237,-0.1106516,0.5805739,1.46112,-0.1893003,0.4345529,1.500114,-0.2012226,0.2626664,1.485675,-0.2006048,0.255011,1.465875,0.1034813,0.5620068,1.482191,0.08285736,0.3885828,1.476938,0.1120229,0.229498,1.525727,0.1218979,0.1765226,1.545022,-0.1284927,0.2777483,1.499108,-0.1596981,0.09888983,1.505108,-0.1885724,-0.1784478,1.479284,0.003225432,0.262391,1.497022,-0.02467768,0.08788738,1.521339,-0.05887099,-0.09550431,1.597493,-0.008335622,0.6170428,1.482776
72057594037999830,1,1.356138,95835.33,-0.06344183,0.2681939,1.525601,0.009054584,0.7784144,1.467237,-0.1106516,0.5805739,1.46112,-0.1893003,0.4345529,1.500114,-0.2012226,0.2626664,1.485675,-0.2006048,0.255011,1.465875,0.1034813,0.5620068,1.482191,0.08285736,0.3885828,1.476938,0.1120229,0.229498,1.525727,0.1218979,0.1765226,1.545022,-0.1284927,0.2777483,1.499108,-0.1596981,0.09888983,1.505108,-0.1885724,-0.1784478,1.479284,0.003225432,0.262391,1.497022,-0.02467768,0.08788738,1.521339,-0.05887099,-0.09550431,1.597493,-0.008335622,0.6170428,1.482776
72057594037999830,1,1.356138,95835.34,-0.06344183,0.2681939,1.525601,0.009054584,0.7784144,1.467237,-0.1106516,0.5805739,1.46112,-0.1893003,0.4345529,1.500114,-0.2012226,0.2626664,1.485675,-0.2006048,0.255011,1.465875,0.1034813,0.5620068,1.482191,0.08285736,0.3885828,1.476938,0.1120229,0.229498,1.525727,0.1218979,0.1765226,1.545022,-0.1284927,0.2777483,1.499108,-0.1596981,0.09888983,1.505108,-0.1885724,-0.1784478,1.479284,0.003225432,0.262391,1.497022,-0.02467768,0.08788738,1.521339,-0.05887099,-0.09550431,1.597493,-0.008335622,0.6170428,1.482776
72057594037999830,1,1.356138,95835.34,-0.06344183,0.2681939,1.525601,0.009054584,0.7784144,1.467237,-0.1106516,0.5805739,1.46112,-0.1893003,0.4345529,1.500114,-0.2012226,0.2626664,1.485675,-0.2006048,0.255011,1.465875,0.1034813,0.5620068,1.482191,0.08285736,0.3885828,1.476938,0.1120229,0.229498,1.525727,0.1218979,0.1765226,1.545022,-0.1284927,0.2777483,1.499108,-0.1596981,0.09888983,1.505108,-0.1885724,-0.1784478,1.479284,0.003225432,0.262391,1.497022,-0.02467768,0.08788738,1.521339,-0.05887099,-0.09550431,1.597493,-0.008335622,0.6170428,1.482776
72057594037999830,1,1.356138,95835.34,-0.06344183,0.2681939,1.525601,0.009054584,0.7784144,1.467237,-0.1106516,0.5805739,1.46112,-0.1893003,0.4345529,1.500114,-0.2012226,0.2626664,1.485675,-0.2006048,0.255011,1.465875,0.1034813,0.5620068,1.482191,0.08285736,0.3885828,1.476938,0.1120229,0.229498,1.525727,0.1218979,0.1765226,1.545022,-0.1284927,0.2777483,1.499108,-0.1596981,0.09888983,1.505108,-0.1885724,-0.1784478,1.479284,0.003225432,0.262391,1.497022,-0.02467768,0.08788738,1.521339,-0.05887099,-0.09550431,1.597493,-0.008335622,0.6170428,1.482776
72057594037999830,1,1.356138,95835.34,-0.06344183,0.2681939,1.525601,0.009054584,0.7784144,1.467237,-0.1106516,0.5805739,1.46112,-0.1893003,0.4345529,1.500114,-0.2012226,0.2626664,1.485675,-0.2006048,0.255011,1.465875,0.1034813,0.5620068,1.482191,0.08285736,0.3885828,1.476938,0.1120229,0.229498,1.525727,0.1218979,0.1765226,1.545022,-0.1284927,0.2777483,1.499108,-0.1596981,0.09888983,1.505108,-0.1885724,-0.1784478,1.479284,0.003225432,0.262391,1.497022,-0.02467768,0.08788738,1.521339,-0.05887099,-0.09550431,1.597493,-0.008335622,0.6170428,1.482776
72057594037999830,1,1.344208,95835.34,-0.0591259,0.2716877,1.537054,0.009679019,0.7746309,1.472552,-0.1102862,0.580508,1.461666,-0.1809424,0.4339716,1.509675,-0.1997232,0.2626779,1.501103,-0.20632,0.2056904,1.50125,0.1022822,0.5723449,1.477112,0.07998537,0.3991539,1.474247,0.09892187,0.2348045,1.512165,0.1053845,0.1800909,1.527832,-0.1264682,0.2808474,1.510146,-0.1496046,0.1043794,1.530543,-0.1788016,-0.1727787,1.501986,0.01019789,0.2662281,1.508536,-0.03570211,0.08931479,1.510131,-0.06982286,-0.09408814,1.586278,-0.006517959,0.6136735,1.489504
72057594037999830,1,1.344208,95835.35,-0.0591259,0.2716877,1.537054,0.009679019,0.7746309,1.472552,-0.1102862,0.580508,1.461666,-0.1809424,0.4339716,1.509675,-0.1997232,0.2626779,1.501103,-0.20632,0.2056904,1.50125,0.1022822,0.5723449,1.477112,0.07998537,0.3991539,1.474247,0.09892187,0.2348045,1.512165,0.1053845,0.1800909,1.527832,-0.1264682,0.2808474,1.510146,-0.1496046,0.1043794,1.530543,-0.1788016,-0.1727787,1.501986,0.01019789,0.2662281,1.508536,-0.03570211,0.08931479,1.510131,-0.06982286,-0.09408814,1.586278,-0.006517959,0.6136735,1.489504
72057594037999830,1,1.344208,95835.35,-0.0591259,0.2716877,1.537054,0.009679019,0.7746309,1.472552,-0.1102862,0.580508,1.461666,-0.1809424,0.4339716,1.509675,-0.1997232,0.2626779,1.501103,-0.20632,0.2056904,1.50125,0.1022822,0.5723449,1.477112,0.07998537,0.3991539,1.474247,0.09892187,0.2348045,1.512165,0.1053845,0.1800909,1.527832,-0.1264682,0.2808474,1.510146,-0.1496046,0.1043794,1.530543,-0.1788016,-0.1727787,1.501986,0.01019789,0.2662281,1.508536,-0.03570211,0.08931479,1.510131,-0.06982286,-0.09408814,1.586278,-0.006517959,0.6136735,1.489504
72057594037999830,1,1.344208,95835.35,-0.0591259,0.2716877,1.537054,0.009679019,0.7746309,1.472552,-0.1102862,0.580508,1.461666,-0.1809424,0.4339716,1.509675,-0.1997232,0.2626779,1.501103,-0.20632,0.2056904,1.50125,0.1022822,0.5723449,1.477112,0.07998537,0.3991539,1.474247,0.09892187,0.2348045,1.512165,0.1053845,0.1800909,1.527832,-0.1264682,0.2808474,1.510146,-0.1496046,0.1043794,1.530543,-0.1788016,-0.1727787,1.501986,0.01019789,0.2662281,1.508536,-0.03570211,0.08931479,1.510131,-0.06982286,-0.09408814,1.586278,-0.006517959,0.6136735,1.489504
72057594037999830,1,1.344208,95835.36,-0.0591259,0.2716877,1.537054,0.009679019,0.7746309,1.472552,-0.1102862,0.580508,1.461666,-0.1809424,0.4339716,1.509675,-0.1997232,0.2626779,1.501103,-0.20632,0.2056904,1.50125,0.1022822,0.5723449,1.477112,0.07998537,0.3991539,1.474247,0.09892187,0.2348045,1.512165,0.1053845,0.1800909,1.527832,-0.1264682,0.2808474,1.510146,-0.1496046,0.1043794,1.530543,-0.1788016,-0.1727787,1.501986,0.01019789,0.2662281,1.508536,-0.03570211,0.08931479,1.510131,-0.06982286,-0.09408814,1.586278,-0.006517959,0.6136735,1.489504
72057594037999830,1,1.344208,95835.36,-0.0591259,0.2716877,1.537054,0.009679019,0.7746309,1.472552,-0.1102862,0.580508,1.461666,-0.1809424,0.4339716,1.509675,-0.1997232,0.2626779,1.501103,-0.20632,0.2056904,1.50125,0.1022822,0.5723449,1.477112,0.07998537,0.3991539,1.474247,0.09892187,0.2348045,1.512165,0.1053845,0.1800909,1.527832,-0.1264682,0.2808474,1.510146,-0.1496046,0.1043794,1.530543,-0.1788016,-0.1727787,1.501986,0.01019789,0.2662281,1.508536,-0.03570211,0.08931479,1.510131,-0.06982286,-0.09408814,1.586278,-0.006517959,0.6136735,1.489504
72057594037999830,1,1.344208,95835.36,-0.0591259,0.2716877,1.537054,0.009679019,0.7746309,1.472552,-0.1102862,0.580508,1.461666,-0.1809424,0.4339716,1.509675,-0.1997232,0.2626779,1.501103,-0.20632,0.2056904,1.50125,0.1022822,0.5723449,1.477112,0.07998537,0.3991539,1.474247,0.09892187,0.2348045,1.512165,0.1053845,0.1800909,1.527832,-0.1264682,0.2808474,1.510146,-0.1496046,0.1043794,1.530543,-0.1788016,-0.1727787,1.501986,0.01019789,0.2662281,1.508536,-0.03570211,0.08931479,1.510131,-0.06982286,-0.09408814,1.586278,-0.006517959,0.6136735,1.489504
72057594037999830,1,1.344208,95835.37,-0.0591259,0.2716877,1.537054,0.009679019,0.7746309,1.472552,-0.1102862,0.580508,1.461666,-0.1809424,0.4339716,1.509675,-0.1997232,0.2626779,1.501103,-0.20632,0.2056904,1.50125,0.1022822,0.5723449,1.477112,0.07998537,0.3991539,1.474247,0.09892187,0.2348045,1.512165,0.1053845,0.1800909,1.527832,-0.1264682,0.2808474,1.510146,-0.1496046,0.1043794,1.530543,-0.1788016,-0.1727787,1.501986,0.01019789,0.2662281,1.508536,-0.03570211,0.08931479,1.510131,-0.06982286,-0.09408814,1.586278,-0.006517959,0.6136735,1.489504
72057594037999830,1,1.344208,95835.37,-0.0591259,0.2716877,1.537054,0.009679019,0.7746309,1.472552,-0.1102862,0.580508,1.461666,-0.1809424,0.4339716,1.509675,-0.1997232,0.2626779,1.501103,-0.20632,0.2056904,1.50125,0.1022822,0.5723449,1.477112,0.07998537,0.3991539,1.474247,0.09892187,0.2348045,1.512165,0.1053845,0.1800909,1.527832,-0.1264682,0.2808474,1.510146,-0.1496046,0.1043794,1.530543,-0.1788016,-0.1727787,1.501986,0.01019789,0.2662281,1.508536,-0.03570211,0.08931479,1.510131,-0.06982286,-0.09408814,1.586278,-0.006517959,0.6136735,1.489504
72057594037999830,1,1.344208,95835.38,-0.0591259,0.2716877,1.537054,0.009679019,0.7746309,1.472552,-0.1102862,0.580508,1.461666,-0.1809424,0.4339716,1.509675,-0.1997232,0.2626779,1.501103,-0.20632,0.2056904,1.50125,0.1022822,0.5723449,1.477112,0.07998537,0.3991539,1.474247,0.09892187,0.2348045,1.512165,0.1053845,0.1800909,1.527832,-0.1264682,0.2808474,1.510146,-0.1496046,0.1043794,1.530543,-0.1788016,-0.1727787,1.501986,0.01019789,0.2662281,1.508536,-0.03570211,0.08931479,1.510131,-0.06982286,-0.09408814,1.586278,-0.006517959,0.6136735,1.489504
72057594037999830,1,1.344208,95835.38,-0.0591259,0.2716877,1.537054,0.009679019,0.7746309,1.472552,-0.1102862,0.580508,1.461666,-0.1809424,0.4339716,1.509675,-0.1997232,0.2626779,1.501103,-0.20632,0.2056904,1.50125,0.1022822,0.5723449,1.477112,0.07998537,0.3991539,1.474247,0.09892187,0.2348045,1.512165,0.1053845,0.1800909,1.527832,-0.1264682,0.2808474,1.510146,-0.1496046,0.1043794,1.530543,-0.1788016,-0.1727787,1.501986,0.01019789,0.2662281,1.508536,-0.03570211,0.08931479,1.510131,-0.06982286,-0.09408814,1.586278,-0.006517959,0.6136735,1.489504
72057594037999830,1,1.344208,95835.38,-0.0591259,0.2716877,1.537054,0.009679019,0.7746309,1.472552,-0.1102862,0.580508,1.461666,-0.1809424,0.4339716,1.509675,-0.1997232,0.2626779,1.501103,-0.20632,0.2056904,1.50125,0.1022822,0.5723449,1.477112,0.07998537,0.3991539,1.474247,0.09892187,0.2348045,1.512165,0.1053845,0.1800909,1.527832,-0.1264682,0.2808474,1.510146,-0.1496046,0.1043794,1.530543,-0.1788016,-0.1727787,1.501986,0.01019789,0.2662281,1.508536,-0.03570211,0.08931479,1.510131,-0.06982286,-0.09408814,1.586278,-0.006517959,0.6136735,1.489504
72057594037999830,1,1.344208,95835.38,-0.0591259,0.2716877,1.537054,0.009679019,0.7746309,1.472552,-0.1102862,0.580508,1.461666,-0.1809424,0.4339716,1.509675,-0.1997232,0.2626779,1.501103,-0.20632,0.2056904,1.50125,0.1022822,0.5723449,1.477112,0.07998537,0.3991539,1.474247,0.09892187,0.2348045,1.512165,0.1053845,0.1800909,1.527832,-0.1264682,0.2808474,1.510146,-0.1496046,0.1043794,1.530543,-0.1788016,-0.1727787,1.501986,0.01019789,0.2662281,1.508536,-0.03570211,0.08931479,1.510131,-0.06982286,-0.09408814,1.586278,-0.006517959,0.6136735,1.489504
72057594037999830,1,1.335053,95835.38,-0.06278519,0.2741289,1.546223,0.008946866,0.7743822,1.476754,-0.1069682,0.5811476,1.47627,-0.174793,0.4330687,1.523836,-0.2028825,0.263279,1.507359,-0.2125682,0.2067867,1.504872,0.09853943,0.5721187,1.481167,0.07161334,0.3996954,1.47989,-0.1178398,0.3714583,1.504942,-0.1157414,0.3436087,1.507574,-0.1325793,0.2848486,1.521945,-0.1528903,0.1087502,1.544938,-0.1815021,-0.1685415,1.517406,0.008583538,0.2673487,1.515178,-0.03766518,0.08921444,1.509338,-0.07177272,-0.09418774,1.585485,-0.006813751,0.6142911,1.494051
72057594037999830,1,1.335053,95835.38,-0.06278519,0.2741289,1.546223,0.008946866,0.7743822,1.476754,-0.1069682,0.5811476,1.47627,-0.174793,0.4330687,1.523836,-0.2028825,0.263279,1.507359,-0.2125682,0.2067867,1.504872,0.09853943,0.5721187,1.481167,0.07161334,0.3996954,1.47989,-0.1178398,0.3714583,1.504942,-0.1157414,0.3436087,1.507574,-0.1325793,0.2848486,1.521945,-0.1528903,0.1087502,1.544938,-0.1815021,-0.1685415,1.517406,0.008583538,0.2673487,1.515178,-0.03766518,0.08921444,1.509338,-0.07177272,-0.09418774,1.585485,-0.006813751,0.6142911,1.494051
72057594037999830,1,1.335053,95835.39,-0.06278519,0.2741289,1.546223,0.008946866,0.7743822,1.476754,-0.1069682,0.5811476,1.47627,-0.174793,0.4330687,1.523836,-0.2028825,0.263279,1.507359,-0.2125682,0.2067867,1.504872,0.09853943,0.5721187,1.481167,0.07161334,0.3996954,1.47989,-0.1178398,0.3714583,1.504942,-0.1157414,0.3436087,1.507574,-0.1325793,0.2848486,1.521945,-0.1528903,0.1087502,1.544938,-0.1815021,-0.1685415,1.517406,0.008583538,0.2673487,1.515178,-0.03766518,0.08921444,1.509338,-0.07177272,-0.09418774,1.585485,-0.006813751,0.6142911,1.494051
72057594037999830,1,1.335053,95835.39,-0.06278519,0.2741289,1.546223,0.008946866,0.7743822,1.476754,-0.1069682,0.5811476,1.47627,-0.174793,0.4330687,1.523836,-0.2028825,0.263279,1.507359,-0.2125682,0.2067867,1.504872,0.09853943,0.5721187,1.481167,0.07161334,0.3996954,1.47989,-0.1178398,0.3714583,1.504942,-0.1157414,0.3436087,1.507574,-0.1325793,0.2848486,1.521945,-0.1528903,0.1087502,1.544938,-0.1815021,-0.1685415,1.517406,0.008583538,0.2673487,1.515178,-0.03766518,0.08921444,1.509338,-0.07177272,-0.09418774,1.585485,-0.006813751,0.6142911,1.494051
72057594037999830,1,1.335053,95835.39,-0.06278519,0.2741289,1.546223,0.008946866,0.7743822,1.476754,-0.1069682,0.5811476,1.47627,-0.174793,0.4330687,1.523836,-0.2028825,0.263279,1.507359,-0.2125682,0.2067867,1.504872,0.09853943,0.5721187,1.481167,0.07161334,0.3996954,1.47989,-0.1178398,0.3714583,1.504942,-0.1157414,0.3436087,1.507574,-0.1325793,0.2848486,1.521945,-0.1528903,0.1087502,1.544938,-0.1815021,-0.1685415,1.517406,0.008583538,0.2673487,1.515178,-0.03766518,0.08921444,1.509338,-0.07177272,-0.09418774,1.585485,-0.006813751,0.6142911,1.494051
72057594037999830,1,1.335053,95835.4,-0.06278519,0.2741289,1.546223,0.008946866,0.7743822,1.476754,-0.1069682,0.5811476,1.47627,-0.174793,0.4330687,1.523836,-0.2028825,0.263279,1.507359,-0.2125682,0.2067867,1.504872,0.09853943,0.5721187,1.481167,0.07161334,0.3996954,1.47989,-0.1178398,0.3714583,1.504942,-0.1157414,0.3436087,1.507574,-0.1325793,0.2848486,1.521945,-0.1528903,0.1087502,1.544938,-0.1815021,-0.1685415,1.517406,0.008583538,0.2673487,1.515178,-0.03766518,0.08921444,1.509338,-0.07177272,-0.09418774,1.585485,-0.006813751,0.6142911,1.494051
72057594037999830,1,1.335053,95835.4,-0.06278519,0.2741289,1.546223,0.008946866,0.7743822,1.476754,-0.1069682,0.5811476,1.47627,-0.174793,0.4330687,1.523836,-0.2028825,0.263279,1.507359,-0.2125682,0.2067867,1.504872,0.09853943,0.5721187,1.481167,0.07161334,0.3996954,1.47989,-0.1178398,0.3714583,1.504942,-0.1157414,0.3436087,1.507574,-0.1325793,0.2848486,1.521945,-0.1528903,0.1087502,1.544938,-0.1815021,-0.1685415,1.517406,0.008583538,0.2673487,1.515178,-0.03766518,0.08921444,1.509338,-0.07177272,-0.09418774,1.585485,-0.006813751,0.6142911,1.494051
72057594037999830,1,1.335053,95835.4,-0.06278519,0.2741289,1.546223,0.008946866,0.7743822,1.476754,-0.1069682,0.5811476,1.47627,-0.174793,0.4330687,1.523836,-0.2028825,0.263279,1.507359,-0.2125682,0.2067867,1.504872,0.09853943,0.5721187,1.481167,0.07161334,0.3996954,1.47989,-0.1178398,0.3714583,1.504942,-0.1157414,0.3436087,1.507574,-0.1325793,0.2848486,1.521945,-0.1528903,0.1087502,1.544938,-0.1815021,-0.1685415,1.517406,0.008583538,0.2673487,1.515178,-0.03766518,0.08921444,1.509338,-0.07177272,-0.09418774,1.585485,-0.006813751,0.6142911,1.494051
72057594037999830,1,1.335053,95835.41,-0.06278519,0.2741289,1.546223,0.008946866,0.7743822,1.476754,-0.1069682,0.5811476,1.47627,-0.174793,0.4330687,1.523836,-0.2028825,0.263279,1.507359,-0.2125682,0.2067867,1.504872,0.09853943,0.5721187,1.481167,0.07161334,0.3996954,1.47989,-0.1178398,0.3714583,1.504942,-0.1157414,0.3436087,1.507574,-0.1325793,0.2848486,1.521945,-0.1528903,0.1087502,1.544938,-0.1815021,-0.1685415,1.517406,0.008583538,0.2673487,1.515178,-0.03766518,0.08921444,1.509338,-0.07177272,-0.09418774,1.585485,-0.006813751,0.6142911,1.494051
72057594037999830,1,1.335053,95835.41,-0.06278519,0.2741289,1.546223,0.008946866,0.7743822,1.476754,-0.1069682,0.5811476,1.47627,-0.174793,0.4330687,1.523836,-0.2028825,0.263279,1.507359,-0.2125682,0.2067867,1.504872,0.09853943,0.5721187,1.481167,0.07161334,0.3996954,1.47989,-0.1178398,0.3714583,1.504942,-0.1157414,0.3436087,1.507574,-0.1325793,0.2848486,1.521945,-0.1528903,0.1087502,1.544938,-0.1815021,-0.1685415,1.517406,0.008583538,0.2673487,1.515178,-0.03766518,0.08921444,1.509338,-0.07177272,-0.09418774,1.585485,-0.006813751,0.6142911,1.494051
72057594037999830,1,1.335053,95835.41,-0.06278519,0.2741289,1.546223,0.008946866,0.7743822,1.476754,-0.1069682,0.5811476,1.47627,-0.174793,0.4330687,1.523836,-0.2028825,0.263279,1.507359,-0.2125682,0.2067867,1.504872,0.09853943,0.5721187,1.481167,0.07161334,0.3996954,1.47989,-0.1178398,0.3714583,1.504942,-0.1157414,0.3436087,1.507574,-0.1325793,0.2848486,1.521945,-0.1528903,0.1087502,1.544938,-0.1815021,-0.1685415,1.517406,0.008583538,0.2673487,1.515178,-0.03766518,0.08921444,1.509338,-0.07177272,-0.09418774,1.585485,-0.006813751,0.6142911,1.494051
72057594037999830,1,1.322564,95835.41,-0.06641164,0.2812652,1.556759,0.006782693,0.7771115,1.481823,-0.106285,0.5837654,1.484584,-0.174418,0.438822,1.538668,-0.2088315,0.2710538,1.511324,-0.2206226,0.2152393,1.505215,0.08773575,0.5810412,1.487253,0.06051155,0.4085317,1.484671,-0.1227255,0.3782095,1.506134,-0.1155237,0.3491401,1.514166,-0.1365288,0.2911969,1.532651,-0.1616069,0.1170863,1.559842,-0.1897614,-0.16029,1.532434,0.005766287,0.2746328,1.524961,-0.03856459,0.0942001,1.503145,-0.07266711,-0.08923909,1.57929,-0.008209236,0.6195004,1.50104
72057594037999830,1,1.322564,95835.42,-0.06641164,0.2812652,1.556759,0.006782693,0.7771115,1.481823,-0.106285,0.5837654,1.484584,-0.174418,0.438822,1.538668,-0.2088315,0.2710538,1.511324,-0.2206226,0.2152393,1.505215,0.08773575,0.5810412,1.487253,0.06051155,0.4085317,1.484671,-0.1227255,0.3782095,1.506134,-0.1155237,0.3491401,1.514166,-0.1365288,0.2911969,1.532651,-0.1616069,0.1170863,1.559842,-0.1897614,-0.16029,1.532434,0.005766287,0.2746328,1.524961,-0.03856459,0.0942001,1.503145,-0.07266711,-0.08923909,1.57929,-0.008209236,0.6195004,1.50104
72057594037999830,1,1.322564,95835.42,-0.06641164,0.2812652,1.556759,0.006782693,0.7771115,1.481823,-0.106285,0.5837654,1.484584,-0.174418,0.438822,1.538668,-0.2088315,0.2710538,1.511324,-0.2206226,0.2152393,1.505215,0.08773575,0.5810412,1.487253,0.06051155,0.4085317,1.484671,-0.1227255,0.3782095,1.506134,-0.1155237,0.3491401,1.514166,-0.1365288,0.2911969,1.532651,-0.1616069,0.1170863,1.559842,-0.1897614,-0.16029,1.532434,0.005766287,0.2746328,1.524961,-0.03856459,0.0942001,1.503145,-0.07266711,-0.08923909,1.57929,-0.008209236,0.6195004,1.50104
72057594037999830,1,1.322564,95835.42,-0.06641164,0.2812652,1.556759,0.006782693,0.7771115,1.481823,-0.106285,0.5837654,1.484584,-0.174418,0.438822,1.538668,-0.2088315,0.2710538,1.511324,-0.2206226,0.2152393,1.505215,0.08773575,0.5810412,1.487253,0.06051155,0.4085317,1.484671,-0.1227255,0.3782095,1.506134,-0.1155237,0.3491401,1.514166,-0.1365288,0.2911969,1.532651,-0.1616069,0.1170863,1.559842,-0.1897614,-0.16029,1.532434,0.005766287,0.2746328,1.524961,-0.03856459,0.0942001,1.503145,-0.07266711,-0.08923909,1.57929,-0.008209236,0.6195004,1.50104
72057594037999830,1,1.322564,95835.43,-0.06641164,0.2812652,1.556759,0.006782693,0.7771115,1.481823,-0.106285,0.5837654,1.484584,-0.174418,0.438822,1.538668,-0.2088315,0.2710538,1.511324,-0.2206226,0.2152393,1.505215,0.08773575,0.5810412,1.487253,0.06051155,0.4085317,1.484671,-0.1227255,0.3782095,1.506134,-0.1155237,0.3491401,1.514166,-0.1365288,0.2911969,1.532651,-0.1616069,0.1170863,1.559842,-0.1897614,-0.16029,1.532434,0.005766287,0.2746328,1.524961,-0.03856459,0.0942001,1.503145,-0.07266711,-0.08923909,1.57929,-0.008209236,0.6195004,1.50104
72057594037999830,1,1.322564,95835.43,-0.06641164,0.2812652,1.556759,0.006782693,0.7771115,1.481823,-0.106285,0.5837654,1.484584,-0.174418,0.438822,1.538668,-0.2088315,0.2710538,1.511324,-0.2206226,0.2152393,1.505215,0.08773575,0.5810412,1.487253,0.06051155,0.4085317,1.484671,-0.1227255,0.3782095,1.506134,-0.1155237,0.3491401,1.514166,-0.1365288,0.2911969,1.532651,-0.1616069,0.1170863,1.559842,-0.1897614,-0.16029,1.532434,0.005766287,0.2746328,1.524961,-0.03856459,0.0942001,1.503145,-0.07266711,-0.08923909,1.57929,-0.008209236,0.6195004,1.50104
72057594037999830,1,1.322564,95835.43,-0.06641164,0.2812652,1.556759,0.006782693,0.7771115,1.481823,-0.106285,0.5837654,1.484584,-0.174418,0.438822,1.538668,-0.2088315,0.2710538,1.511324,-0.2206226,0.2152393,1.505215,0.08773575,0.5810412,1.487253,0.06051155,0.4085317,1.484671,-0.1227255,0.3782095,1.506134,-0.1155237,0.3491401,1.514166,-0.1365288,0.2911969,1.532651,-0.1616069,0.1170863,1.559842,-0.1897614,-0.16029,1.532434,0.005766287,0.2746328,1.524961,-0.03856459,0.0942001,1.503145,-0.07266711,-0.08923909,1.57929,-0.008209236,0.6195004,1.50104
72057594037999830,1,1.322564,95835.44,-0.06641164,0.2812652,1.556759,0.006782693,0.7771115,1.481823,-0.106285,0.5837654,1.484584,-0.174418,0.438822,1.538668,-0.2088315,0.2710538,1.511324,-0.2206226,0.2152393,1.505215,0.08773575,0.5810412,1.487253,0.06051155,0.4085317,1.484671,-0.1227255,0.3782095,1.506134,-0.1155237,0.3491401,1.514166,-0.1365288,0.2911969,1.532651,-0.1616069,0.1170863,1.559842,-0.1897614,-0.16029,1.532434,0.005766287,0.2746328,1.524961,-0.03856459,0.0942001,1.503145,-0.07266711,-0.08923909,1.57929,-0.008209236,0.6195004,1.50104
72057594037999830,1,1.322564,95835.44,-0.06641164,0.2812652,1.556759,0.006782693,0.7771115,1.481823,-0.106285,0.5837654,1.484584,-0.174418,0.438822,1.538668,-0.2088315,0.2710538,1.511324,-0.2206226,0.2152393,1.505215,0.08773575,0.5810412,1.487253,0.06051155,0.4085317,1.484671,-0.1227255,0.3782095,1.506134,-0.1155237,0.3491401,1.514166,-0.1365288,0.2911969,1.532651,-0.1616069,0.1170863,1.559842,-0.1897614,-0.16029,1.532434,0.005766287,0.2746328,1.524961,-0.03856459,0.0942001,1.503145,-0.07266711,-0.08923909,1.57929,-0.008209236,0.6195004,1.50104
72057594037999830,1,1.322564,95835.45,-0.06641164,0.2812652,1.556759,0.006782693,0.7771115,1.481823,-0.106285,0.5837654,1.484584,-0.174418,0.438822,1.538668,-0.2088315,0.2710538,1.511324,-0.2206226,0.2152393,1.505215,0.08773575,0.5810412,1.487253,0.06051155,0.4085317,1.484671,-0.1227255,0.3782095,1.506134,-0.1155237,0.3491401,1.514166,-0.1365288,0.2911969,1.532651,-0.1616069,0.1170863,1.559842,-0.1897614,-0.16029,1.532434,0.005766287,0.2746328,1.524961,-0.03856459,0.0942001,1.503145,-0.07266711,-0.08923909,1.57929,-0.008209236,0.6195004,1.50104
72057594037999830,1,1.322564,95835.45,-0.06641164,0.2812652,1.556759,0.006782693,0.7771115,1.481823,-0.106285,0.5837654,1.484584,-0.174418,0.438822,1.538668,-0.2088315,0.2710538,1.511324,-0.2206226,0.2152393,1.505215,0.08773575,0.5810412,1.487253,0.06051155,0.4085317,1.484671,-0.1227255,0.3782095,1.506134,-0.1155237,0.3491401,1.514166,-0.1365288,0.2911969,1.532651,-0.1616069,0.1170863,1.559842,-0.1897614,-0.16029,1.532434,0.005766287,0.2746328,1.524961,-0.03856459,0.0942001,1.503145,-0.07266711,-0.08923909,1.57929,-0.008209236,0.6195004,1.50104
72057594037999830,1,1.307122,95835.45,-0.07606193,0.287567,1.571341,0.002495945,0.7814947,1.48876,-0.1014022,0.5863855,1.491478,-0.1779732,0.4481942,1.550104,-0.2149699,0.2801038,1.534247,-0.1971272,0.274762,1.512906,0.05919856,0.5953243,1.491239,-0.02147042,0.4418218,1.454902,-0.1922355,0.4306171,1.476284,-0.1963314,0.3829946,1.461637,-0.1459761,0.2969639,1.551203,-0.1854124,0.1263692,1.580288,-0.2132732,-0.1510643,1.5531,-0.003664547,0.2811932,1.536161,-0.02090267,0.09676969,1.485774,-0.05512905,-0.08669317,1.561913,-0.01142681,0.6250463,1.507776
72057594037999830,1,1.307122,95835.45,-0.07606193,0.287567,1.571341,0.002495945,0.7814947,1.48876,-0.1014022,0.5863855,1.491478,-0.1779732,0.4481942,1.550104,-0.2149699,0.2801038,1.534247,-0.1971272,0.274762,1.512906,0.05919856,0.5953243,1.491239,-0.02147042,0.4418218,1.454902,-0.1922355,0.4306171,1.476284,-0.1963314,0.3829946,1.461637,-0.1459761,0.2969639,1.551203,-0.1854124,0.1263692,1.580288,-0.2132732,-0.1510643,1.5531,-0.003664547,0.2811932,1.536161,-0.02090267,0.09676969,1.485774,-0.05512905,-0.08669317,1.561913,-0.01142681,0.6250463,1.507776
72057594037999830,1,1.307122,95835.45,-0.07606193,0.287567,1.571341,0.002495945,0.7814947,1.48876,-0.1014022,0.5863855,1.491478,-0.1779732,0.4481942,1.550104,-0.2149699,0.2801038,1.534247,-0.1971272,0.274762,1.512906,0.05919856,0.5953243,1.491239,-0.02147042,0.4418218,1.454902,-0.1922355,0.4306171,1.476284,-0.1963314,0.3829946,1.461637,-0.1459761,0.2969639,1.551203,-0.1854124,0.1263692,1.580288,-0.2132732,-0.1510643,1.5531,-0.003664547,0.2811932,1.536161,-0.02090267,0.09676969,1.485774,-0.05512905,-0.08669317,1.561913,-0.01142681,0.6250463,1.507776
72057594037999830,1,1.307122,95835.46,-0.07606193,0.287567,1.571341,0.002495945,0.7814947,1.48876,-0.1014022,0.5863855,1.491478,-0.1779732,0.4481942,1.550104,-0.2149699,0.2801038,1.534247,-0.1971272,0.274762,1.512906,0.05919856,0.5953243,1.491239,-0.02147042,0.4418218,1.454902,-0.1922355,0.4306171,1.476284,-0.1963314,0.3829946,1.461637,-0.1459761,0.2969639,1.551203,-0.1854124,0.1263692,1.580288,-0.2132732,-0.1510643,1.5531,-0.003664547,0.2811932,1.536161,-0.02090267,0.09676969,1.485774,-0.05512905,-0.08669317,1.561913,-0.01142681,0.6250463,1.507776
72057594037999830,1,1.307122,95835.46,-0.07606193,0.287567,1.571341,0.002495945,0.7814947,1.48876,-0.1014022,0.5863855,1.491478,-0.1779732,0.4481942,1.550104,-0.2149699,0.2801038,1.534247,-0.1971272,0.274762,1.512906,0.05919856,0.5953243,1.491239,-0.02147042,0.4418218,1.454902,-0.1922355,0.4306171,1.476284,-0.1963314,0.3829946,1.461637,-0.1459761,0.2969639,1.551203,-0.1854124,0.1263692,1.580288,-0.2132732,-0.1510643,1.5531,-0.003664547,0.2811932,1.536161,-0.02090267,0.09676969,1.485774,-0.05512905,-0.08669317,1.561913,-0.01142681,0.6250463,1.507776
72057594037999830,1,1.307122,95835.46,-0.07606193,0.287567,1.571341,0.002495945,0.7814947,1.48876,-0.1014022,0.5863855,1.491478,-0.1779732,0.4481942,1.550104,-0.2149699,0.2801038,1.534247,-0.1971272,0.274762,1.512906,0.05919856,0.5953243,1.491239,-0.02147042,0.4418218,1.454902,-0.1922355,0.4306171,1.476284,-0.1963314,0.3829946,1.461637,-0.1459761,0.2969639,1.551203,-0.1854124,0.1263692,1.580288,-0.2132732,-0.1510643,1.5531,-0.003664547,0.2811932,1.536161,-0.02090267,0.09676969,1.485774,-0.05512905,-0.08669317,1.561913,-0.01142681,0.6250463,1.507776
72057594037999830,1,1.307122,95835.47,-0.07606193,0.287567,1.571341,0.002495945,0.7814947,1.48876,-0.1014022,0.5863855,1.491478,-0.1779732,0.4481942,1.550104,-0.2149699,0.2801038,1.534247,-0.1971272,0.274762,1.512906,0.05919856,0.5953243,1.491239,-0.02147042,0.4418218,1.454902,-0.1922355,0.4306171,1.476284,-0.1963314,0.3829946,1.461637,-0.1459761,0.2969639,1.551203,-0.1854124,0.1263692,1.580288,-0.2132732,-0.1510643,1.5531,-0.003664547,0.2811932,1.536161,-0.02090267,0.09676969,1.485774,-0.05512905,-0.08669317,1.561913,-0.01142681,0.6250463,1.507776
72057594037999830,1,1.307122,95835.47,-0.07606193,0.287567,1.571341,0.002495945,0.7814947,1.48876,-0.1014022,0.5863855,1.491478,-0.1779732,0.4481942,1.550104,-0.2149699,0.2801038,1.534247,-0.1971272,0.274762,1.512906,0.05919856,0.5953243,1.491239,-0.02147042,0.4418218,1.454902,-0.1922355,0.4306171,1.476284,-0.1963314,0.3829946,1.461637,-0.1459761,0.2969639,1.551203,-0.1854124,0.1263692,1.580288,-0.2132732,-0.1510643,1.5531,-0.003664547,0.2811932,1.536161,-0.02090267,0.09676969,1.485774,-0.05512905,-0.08669317,1.561913,-0.01142681,0.6250463,1.507776
72057594037999830,1,1.307122,95835.48,-0.07606193,0.287567,1.571341,0.002495945,0.7814947,1.48876,-0.1014022,0.5863855,1.491478,-0.1779732,0.4481942,1.550104,-0.2149699,0.2801038,1.534247,-0.1971272,0.274762,1.512906,0.05919856,0.5953243,1.491239,-0.02147042,0.4418218,1.454902,-0.1922355,0.4306171,1.476284,-0.1963314,0.3829946,1.461637,-0.1459761,0.2969639,1.551203,-0.1854124,0.1263692,1.580288,-0.2132732,-0.1510643,1.5531,-0.003664547,0.2811932,1.536161,-0.02090267,0.09676969,1.485774,-0.05512905,-0.08669317,1.561913,-0.01142681,0.6250463,1.507776
72057594037999830,1,1.307122,95835.48,-0.07606193,0.287567,1.571341,0.002495945,0.7814947,1.48876,-0.1014022,0.5863855,1.491478,-0.1779732,0.4481942,1.550104,-0.2149699,0.2801038,1.534247,-0.1971272,0.274762,1.512906,0.05919856,0.5953243,1.491239,-0.02147042,0.4418218,1.454902,-0.1922355,0.4306171,1.476284,-0.1963314,0.3829946,1.461637,-0.1459761,0.2969639,1.551203,-0.1854124,0.1263692,1.580288,-0.2132732,-0.1510643,1.5531,-0.003664547,0.2811932,1.536161,-0.02090267,0.09676969,1.485774,-0.05512905,-0.08669317,1.561913,-0.01142681,0.6250463,1.507776
72057594037999830,1,1.307122,95835.48,-0.07606193,0.287567,1.571341,0.002495945,0.7814947,1.48876,-0.1014022,0.5863855,1.491478,-0.1779732,0.4481942,1.550104,-0.2149699,0.2801038,1.534247,-0.1971272,0.274762,1.512906,0.05919856,0.5953243,1.491239,-0.02147042,0.4418218,1.454902,-0.1922355,0.4306171,1.476284,-0.1963314,0.3829946,1.461637,-0.1459761,0.2969639,1.551203,-0.1854124,0.1263692,1.580288,-0.2132732,-0.1510643,1.5531,-0.003664547,0.2811932,1.536161,-0.02090267,0.09676969,1.485774,-0.05512905,-0.08669317,1.561913,-0.01142681,0.6250463,1.507776
72057594037999830,1,1.306965,95835.48,-0.07676503,0.2872907,1.571694,-0.003122742,0.7814081,1.494373,-0.09864488,0.5875347,1.494361,-0.1838191,0.4557839,1.555031,-0.2155967,0.2875333,1.5267,-0.2082703,0.2881721,1.517295,0.05795753,0.5949143,1.491136,-0.02689342,0.4430502,1.459325,-0.1630614,0.5676256,1.512592,-0.1723392,0.5941445,1.518679,-0.1464339,0.2962659,1.552205,-0.1870628,0.1254101,1.57971,-0.2148958,-0.15202,1.552532,-0.004904731,0.2812096,1.535969,-0.01869256,0.09630734,1.487588,-0.05293374,-0.08715194,1.563729,-0.01218262,0.6243135,1.508618
72057594037999830,1,1.306965,95835.48,-0.07676503,0.2872907,1.571694,-0.003122742,0.7814081,1.494373,-0.09864488,0.5875347,1.494361,-0.1838191,0.4557839,1.555031,-0.2155967,0.2875333,1.5267,-0.2082703,0.2881721,1.517295,0.05795753,0.5949143,1.491136,-0.02689342,0.4430502,1.459325,-0.1630614,0.5676256,1.512592,-0.1723392,0.5941445,1.518679,-0.1464339,0.2962659,1.552205,-0.1870628,0.1254101,1.57971,-0.2148958,-0.15202,1.552532,-0.004904731,0.2812096,1.535969,-0.01869256,0.09630734,1.487588,-0.05293374,-0.08715194,1.563729,-0.01218262,0.6243135,1.508618
72057594037999830,1,1.306965,95835.48,-0.07676503,0.2872907,1.571694,-0.003122742,0.7814081,1.494373,-0.09864488,0.5875347,1.494361,-0.1838191,0.4557839,1.555031,-0.2155967,0.2875333,1.5267,-0.2082703,0.2881721,1.517295,0.05795753,0.5949143,1.491136,-0.02689342,0.4430502,1.459325,-0.1630614,0.5676256,1.512592,-0.1723392,0.5941445,1.518679,-0.1464339,0.2962659,1.552205,-0.1870628,0.1254101,1.57971,-0.2148958,-0.15202,1.552532,-0.004904731,0.2812096,1.535969,-0.01869256,0.09630734,1.487588,-0.05293374,-0.08715194,1.563729,-0.01218262,0.6243135,1.508618
72057594037999830,1,1.306965,95835.49,-0.07676503,0.2872907,1.571694,-0.003122742,0.7814081,1.494373,-0.09864488,0.5875347,1.494361,-0.1838191,0.4557839,1.555031,-0.2155967,0.2875333,1.5267,-0.2082703,0.2881721,1.517295,0.05795753,0.5949143,1.491136,-0.02689342,0.4430502,1.459325,-0.1630614,0.5676256,1.512592,-0.1723392,0.5941445,1.518679,-0.1464339,0.2962659,1.552205,-0.1870628,0.1254101,1.57971,-0.2148958,-0.15202,1.552532,-0.004904731,0.2812096,1.535969,-0.01869256,0.09630734,1.487588,-0.05293374,-0.08715194,1.563729,-0.01218262,0.6243135,1.508618
72057594037999830,1,1.306965,95835.49,-0.07676503,0.2872907,1.571694,-0.003122742,0.7814081,1.494373,-0.09864488,0.5875347,1.494361,-0.1838191,0.4557839,1.555031,-0.2155967,0.2875333,1.5267,-0.2082703,0.2881721,1.517295,0.05795753,0.5949143,1.491136,-0.02689342,0.4430502,1.459325,-0.1630614,0.5676256,1.512592,-0.1723392,0.5941445,1.518679,-0.1464339,0.2962659,1.552205,-0.1870628,0.1254101,1.57971,-0.2148958,-0.15202,1.552532,-0.004904731,0.2812096,1.535969,-0.01869256,0.09630734,1.487588,-0.05293374,-0.08715194,1.563729,-0.01218262,0.6243135,1.508618
72057594037999830,1,1.306965,95835.49,-0.07676503,0.2872907,1.571694,-0.003122742,0.7814081,1.494373,-0.09864488,0.5875347,1.494361,-0.1838191,0.4557839,1.555031,-0.2155967,0.2875333,1.5267,-0.2082703,0.2881721,1.517295,0.05795753,0.5949143,1.491136,-0.02689342,0.4430502,1.459325,-0.1630614,0.5676256,1.512592,-0.1723392,0.5941445,1.518679,-0.1464339,0.2962659,1.552205,-0.1870628,0.1254101,1.57971,-0.2148958,-0.15202,1.552532,-0.004904731,0.2812096,1.535969,-0.01869256,0.09630734,1.487588,-0.05293374,-0.08715194,1.563729,-0.01218262,0.6243135,1.508618
72057594037999830,1,1.306965,95835.5,-0.07676503,0.2872907,1.571694,-0.003122742,0.7814081,1.494373,-0.09864488,0.5875347,1.494361,-0.1838191,0.4557839,1.555031,-0.2155967,0.2875333,1.5267,-0.2082703,0.2881721,1.517295,0.05795753,0.5949143,1.491136,-0.02689342,0.4430502,1.459325,-0.1630614,0.5676256,1.512592,-0.1723392,0.5941445,1.518679,-0.1464339,0.2962659,1.552205,-0.1870628,0.1254101,1.57971,-0.2148958,-0.15202,1.552532,-0.004904731,0.2812096,1.535969,-0.01869256,0.09630734,1.487588,-0.05293374,-0.08715194,1.563729,-0.01218262,0.6243135,1.508618
72057594037999830,1,1.306965,95835.5,-0.07676503,0.2872907,1.571694,-0.003122742,0.7814081,1.494373,-0.09864488,0.5875347,1.494361,-0.1838191,0.4557839,1.555031,-0.2155967,0.2875333,1.5267,-0.2082703,0.2881721,1.517295,0.05795753,0.5949143,1.491136,-0.02689342,0.4430502,1.459325,-0.1630614,0.5676256,1.512592,-0.1723392,0.5941445,1.518679,-0.1464339,0.2962659,1.552205,-0.1870628,0.1254101,1.57971,-0.2148958,-0.15202,1.552532,-0.004904731,0.2812096,1.535969,-0.01869256,0.09630734,1.487588,-0.05293374,-0.08715194,1.563729,-0.01218262,0.6243135,1.508618
72057594037999830,1,1.306965,95835.5,-0.07676503,0.2872907,1.571694,-0.003122742,0.7814081,1.494373,-0.09864488,0.5875347,1.494361,-0.1838191,0.4557839,1.555031,-0.2155967,0.2875333,1.5267,-0.2082703,0.2881721,1.517295,0.05795753,0.5949143,1.491136,-0.02689342,0.4430502,1.459325,-0.1630614,0.5676256,1.512592,-0.1723392,0.5941445,1.518679,-0.1464339,0.2962659,1.552205,-0.1870628,0.1254101,1.57971,-0.2148958,-0.15202,1.552532,-0.004904731,0.2812096,1.535969,-0.01869256,0.09630734,1.487588,-0.05293374,-0.08715194,1.563729,-0.01218262,0.6243135,1.508618
72057594037999830,1,1.306965,95835.51,-0.07676503,0.2872907,1.571694,-0.003122742,0.7814081,1.494373,-0.09864488,0.5875347,1.494361,-0.1838191,0.4557839,1.555031,-0.2155967,0.2875333,1.5267,-0.2082703,0.2881721,1.517295,0.05795753,0.5949143,1.491136,-0.02689342,0.4430502,1.459325,-0.1630614,0.5676256,1.512592,-0.1723392,0.5941445,1.518679,-0.1464339,0.2962659,1.552205,-0.1870628,0.1254101,1.57971,-0.2148958,-0.15202,1.552532,-0.004904731,0.2812096,1.535969,-0.01869256,0.09630734,1.487588,-0.05293374,-0.08715194,1.563729,-0.01218262,0.6243135,1.508618
72057594037999830,1,1.306965,95835.51,-0.07676503,0.2872907,1.571694,-0.003122742,0.7814081,1.494373,-0.09864488,0.5875347,1.494361,-0.1838191,0.4557839,1.555031,-0.2155967,0.2875333,1.5267,-0.2082703,0.2881721,1.517295,0.05795753,0.5949143,1.491136,-0.02689342,0.4430502,1.459325,-0.1630614,0.5676256,1.512592,-0.1723392,0.5941445,1.518679,-0.1464339,0.2962659,1.552205,-0.1870628,0.1254101,1.57971,-0.2148958,-0.15202,1.552532,-0.004904731,0.2812096,1.535969,-0.01869256,0.09630734,1.487588,-0.05293374,-0.08715194,1.563729,-0.01218262,0.6243135,1.508618
72057594037999830,1,1.306965,95835.51,-0.07676503,0.2872907,1.571694,-0.003122742,0.7814081,1.494373,-0.09864488,0.5875347,1.494361,-0.1838191,0.4557839,1.555031,-0.2155967,0.2875333,1.5267,-0.2082703,0.2881721,1.517295,0.05795753,0.5949143,1.491136,-0.02689342,0.4430502,1.459325,-0.1630614,0.5676256,1.512592,-0.1723392,0.5941445,1.518679,-0.1464339,0.2962659,1.552205,-0.1870628,0.1254101,1.57971,-0.2148958,-0.15202,1.552532,-0.004904731,0.2812096,1.535969,-0.01869256,0.09630734,1.487588,-0.05293374,-0.08715194,1.563729,-0.01218262,0.6243135,1.508618
72057594037999830,1,1.306965,95835.52,-0.07676503,0.2872907,1.571694,-0.003122742,0.7814081,1.494373,-0.09864488,0.5875347,1.494361,-0.1838191,0.4557839,1.555031,-0.2155967,0.2875333,1.5267,-0.2082703,0.2881721,1.517295,0.05795753,0.5949143,1.491136,-0.02689342,0.4430502,1.459325,-0.1630614,0.5676256,1.512592,-0.1723392,0.5941445,1.518679,-0.1464339,0.2962659,1.552205,-0.1870628,0.1254101,1.57971,-0.2148958,-0.15202,1.552532,-0.004904731,0.2812096,1.535969,-0.01869256,0.09630734,1.487588,-0.05293374,-0.08715194,1.563729,-0.01218262,0.6243135,1.508618
72057594037999830,1,1.294715,95835.52,-0.09826992,0.2856125,1.587662,-0.01790324,0.7794323,1.50752,-0.09973542,0.5867141,1.499936,-0.1931738,0.4600955,1.559317,-0.2134807,0.29051,1.52696,-0.2100078,0.2833822,1.52176,0.03913856,0.5953505,1.501941,-0.05242546,0.4481867,1.466022,-0.1641077,0.564931,1.513829,-0.169307,0.5917,1.512661,-0.1661939,0.2950744,1.571371,-0.2037983,0.1202699,1.588595,-0.2314989,-0.1571142,1.56144,-0.02699711,0.2792388,1.548364,-0.01787787,0.09418002,1.498869,-0.05212205,-0.08926159,1.575015,-0.03015714,0.6233739,1.523307
72057594037999830,1,1.294715,95835.52,-0.09826992,0.2856125,1.587662,-0.01790324,0.7794323,1.50752,-0.09973542,0.5867141,1.499936,-0.1931738,0.4600955,1.559317,-0.2134807,0.29051,1.52696,-0.2100078,0.2833822,1.52176,0.03913856,0.5953505,1.501941,-0.05242546,0.4481867,1.466022,-0.1641077,0.564931,1.513829,-0.169307,0.5917,1.512661,-0.1661939,0.2950744,1.571371,-0.2037983,0.1202699,1.588595,-0.2314989,-0.1571142,1.56144,-0.02699711,0.2792388,1.548364,-0.01787787,0.09418002,1.498869,-0.05212205,-0.08926159,1.575015,-0.03015714,0.6233739,1.523307
72057594037999830,1,1.294715,95835.52,-0.09826992,0.2856125,1.587662,-0.01790324,0.7794323,1.50752,-0.09973542,0.5867141,1.499936,-0.1931738,0.4600955,1.559317,-0.2134807,0.29051,1.52696,-0.2100078,0.2833822,1.52176,0.03913856,0.5953505,1.501941,-0.05242546,0.4481867,1.466022,-0.1641077,0.564931,1.513829,-0.169307,0.5917,1.512661,-0.1661939,0.2950744,1.571371,-0.2037983,0.1202699,1.588595,-0.2314989,-0.1571142,1.56144,-0.02699711,0.2792388,1.548364,-0.01787787,0.09418002,1.498869,-0.05212205,-0.08926159,1.575015,-0.03015714,0.6233739,1.523307
72057594037999830,1,1.294715,95835.52,-0.09826992,0.2856125,1.587662,-0.01790324,0.7794323,1.50752,-0.09973542,0.5867141,1.499936,-0.1931738,0.4600955,1.559317,-0.2134807,0.29051,1.52696,-0.2100078,0.2833822,1.52176,0.03913856,0.5953505,1.501941,-0.05242546,0.4481867,1.466022,-0.1641077,0.564931,1.513829,-0.169307,0.5917,1.512661,-0.1661939,0.2950744,1.571371,-0.2037983,0.1202699,1.588595,-0.2314989,-0.1571142,1.56144,-0.02699711,0.2792388,1.548364,-0.01787787,0.09418002,1.498869,-0.05212205,-0.08926159,1.575015,-0.03015714,0.6233739,1.523307
72057594037999830,1,1.294715,95835.52,-0.09826992,0.2856125,1.587662,-0.01790324,0.7794323,1.50752,-0.09973542,0.5867141,1.499936,-0.1931738,0.4600955,1.559317,-0.2134807,0.29051,1.52696,-0.2100078,0.2833822,1.52176,0.03913856,0.5953505,1.501941,-0.05242546,0.4481867,1.466022,-0.1641077,0.564931,1.513829,-0.169307,0.5917,1.512661,-0.1661939,0.2950744,1.571371,-0.2037983,0.1202699,1.588595,-0.2314989,-0.1571142,1.56144,-0.02699711,0.2792388,1.548364,-0.01787787,0.09418002,1.498869,-0.05212205,-0.08926159,1.575015,-0.03015714,0.6233739,1.523307
72057594037999830,1,1.294715,95835.53,-0.09826992,0.2856125,1.587662,-0.01790324,0.7794323,1.50752,-0.09973542,0.5867141,1.499936,-0.1931738,0.4600955,1.559317,-0.2134807,0.29051,1.52696,-0.2100078,0.2833822,1.52176,0.03913856,0.5953505,1.501941,-0.05242546,0.4481867,1.466022,-0.1641077,0.564931,1.513829,-0.169307,0.5917,1.512661,-0.1661939,0.2950744,1.571371,-0.2037983,0.1202699,1.588595,-0.2314989,-0.1571142,1.56144,-0.02699711,0.2792388,1.548364,-0.01787787,0.09418002,1.498869,-0.05212205,-0.08926159,1.575015,-0.03015714,0.6233739,1.523307
72057594037999830,1,1.294715,95835.53,-0.09826992,0.2856125,1.587662,-0.01790324,0.7794323,1.50752,-0.09973542,0.5867141,1.499936,-0.1931738,0.4600955,1.559317,-0.2134807,0.29051,1.52696,-0.2100078,0.2833822,1.52176,0.03913856,0.5953505,1.501941,-0.05242546,0.4481867,1.466022,-0.1641077,0.564931,1.513829,-0.169307,0.5917,1.512661,-0.1661939,0.2950744,1.571371,-0.2037983,0.1202699,1.588595,-0.2314989,-0.1571142,1.56144,-0.02699711,0.2792388,1.548364,-0.01787787,0.09418002,1.498869,-0.05212205,-0.08926159,1.575015,-0.03015714,0.6233739,1.523307
72057594037999830,1,1.294715,95835.54,-0.09826992,0.2856125,1.587662,-0.01790324,0.7794323,1.50752,-0.09973542,0.5867141,1.499936,-0.1931738,0.4600955,1.559317,-0.2134807,0.29051,1.52696,-0.2100078,0.2833822,1.52176,0.03913856,0.5953505,1.501941,-0.05242546,0.4481867,1.466022,-0.1641077,0.564931,1.513829,-0.169307,0.5917,1.512661,-0.1661939,0.2950744,1.571371,-0.2037983,0.1202699,1.588595,-0.2314989,-0.1571142,1.56144,-0.02699711,0.2792388,1.548364,-0.01787787,0.09418002,1.498869,-0.05212205,-0.08926159,1.575015,-0.03015714,0.6233739,1.523307
72057594037999830,1,1.294715,95835.54,-0.09826992,0.2856125,1.587662,-0.01790324,0.7794323,1.50752,-0.09973542,0.5867141,1.499936,-0.1931738,0.4600955,1.559317,-0.2134807,0.29051,1.52696,-0.2100078,0.2833822,1.52176,0.03913856,0.5953505,1.501941,-0.05242546,0.4481867,1.466022,-0.1641077,0.564931,1.513829,-0.169307,0.5917,1.512661,-0.1661939,0.2950744,1.571371,-0.2037983,0.1202699,1.588595,-0.2314989,-0.1571142,1.56144,-0.02699711,0.2792388,1.548364,-0.01787787,0.09418002,1.498869,-0.05212205,-0.08926159,1.575015,-0.03015714,0.6233739,1.523307
72057594037999830,1,1.294715,95835.54,-0.09826992,0.2856125,1.587662,-0.01790324,0.7794323,1.50752,-0.09973542,0.5867141,1.499936,-0.1931738,0.4600955,1.559317,-0.2134807,0.29051,1.52696,-0.2100078,0.2833822,1.52176,0.03913856,0.5953505,1.501941,-0.05242546,0.4481867,1.466022,-0.1641077,0.564931,1.513829,-0.169307,0.5917,1.512661,-0.1661939,0.2950744,1.571371,-0.2037983,0.1202699,1.588595,-0.2314989,-0.1571142,1.56144,-0.02699711,0.2792388,1.548364,-0.01787787,0.09418002,1.498869,-0.05212205,-0.08926159,1.575015,-0.03015714,0.6233739,1.523307
72057594037999830,1,1.294715,95835.54,-0.09826992,0.2856125,1.587662,-0.01790324,0.7794323,1.50752,-0.09973542,0.5867141,1.499936,-0.1931738,0.4600955,1.559317,-0.2134807,0.29051,1.52696,-0.2100078,0.2833822,1.52176,0.03913856,0.5953505,1.501941,-0.05242546,0.4481867,1.466022,-0.1641077,0.564931,1.513829,-0.169307,0.5917,1.512661,-0.1661939,0.2950744,1.571371,-0.2037983,0.1202699,1.588595,-0.2314989,-0.1571142,1.56144,-0.02699711,0.2792388,1.548364,-0.01787787,0.09418002,1.498869,-0.05212205,-0.08926159,1.575015,-0.03015714,0.6233739,1.523307
72057594037999830,1,1.294715,95835.55,-0.09826992,0.2856125,1.587662,-0.01790324,0.7794323,1.50752,-0.09973542,0.5867141,1.499936,-0.1931738,0.4600955,1.559317,-0.2134807,0.29051,1.52696,-0.2100078,0.2833822,1.52176,0.03913856,0.5953505,1.501941,-0.05242546,0.4481867,1.466022,-0.1641077,0.564931,1.513829,-0.169307,0.5917,1.512661,-0.1661939,0.2950744,1.571371,-0.2037983,0.1202699,1.588595,-0.2314989,-0.1571142,1.56144,-0.02699711,0.2792388,1.548364,-0.01787787,0.09418002,1.498869,-0.05212205,-0.08926159,1.575015,-0.03015714,0.6233739,1.523307
72057594037999830,1,1.291055,95835.55,-0.1061652,0.2823471,1.594086,-0.0254395,0.7763851,1.513455,-0.1040376,0.5828133,1.507098,-0.2011848,0.4571418,1.563064,-0.2071155,0.2723691,1.524338,-0.2027348,0.258876,1.522701,0.03074514,0.5942135,1.507576,-0.05857626,0.444854,1.478081,-0.169905,0.5660791,1.516646,-0.1748389,0.5897961,1.513942,-0.1734197,0.2919343,1.576805,-0.2123896,0.1178731,1.595122,-0.2400433,-0.1594848,1.567983,-0.03531664,0.2759806,1.555704,-0.02571082,0.09166223,1.500421,-0.05990106,-0.09176016,1.576566,-0.03793993,0.621719,1.529573
72057594037999830,1,1.291055,95835.55,-0.1061652,0.2823471,1.594086,-0.0254395,0.7763851,1.513455,-0.1040376,0.5828133,1.507098,-0.2011848,0.4571418,1.563064,-0.2071155,0.2723691,1.524338,-0.2027348,0.258876,1.522701,0.03074514,0.5942135,1.507576,-0.05857626,0.444854,1.478081,-0.169905,0.5660791,1.516646,-0.1748389,0.5897961,1.513942,-0.1734197,0.2919343,1.576805,-0.2123896,0.1178731,1.595122,-0.2400433,-0.1594848,1.567983,-0.03531664,0.2759806,1.555704,-0.02571082,0.09166223,1.500421,-0.05990106,-0.09176016,1.576566,-0.03793993,0.621719,1.529573
72057594037999830,1,1.291055,95835.55,-0.1061652,0.2823471,1.594086,-0.0254395,0.7763851,1.513455,-0.1040376,0.5828133,1.507098,-0.2011848,0.4571418,1.563064,-0.2071155,0.2723691,1.524338,-0.2027348,0.258876,1.522701,0.03074514,0.5942135,1.507576,-0.05857626,0.444854,1.478081,-0.169905,0.5660791,1.516646,-0.1748389,0.5897961,1.513942,-0.1734197,0.2919343,1.576805,-0.2123896,0.1178731,1.595122,-0.2400433,-0.1594848,1.567983,-0.03531664,0.2759806,1.555704,-0.02571082,0.09166223,1.500421,-0.05990106,-0.09176016,1.576566,-0.03793993,0.621719,1.529573
72057594037999830,1,1.291055,95835.55,-0.1061652,0.2823471,1.594086,-0.0254395,0.7763851,1.513455,-0.1040376,0.5828133,1.507098,-0.2011848,0.4571418,1.563064,-0.2071155,0.2723691,1.524338,-0.2027348,0.258876,1.522701,0.03074514,0.5942135,1.507576,-0.05857626,0.444854,1.478081,-0.169905,0.5660791,1.516646,-0.1748389,0.5897961,1.513942,-0.1734197,0.2919343,1.576805,-0.2123896,0.1178731,1.595122,-0.2400433,-0.1594848,1.567983,-0.03531664,0.2759806,1.555704,-0.02571082,0.09166223,1.500421,-0.05990106,-0.09176016,1.576566,-0.03793993,0.621719,1.529573
72057594037999830,1,1.291055,95835.55,-0.1061652,0.2823471,1.594086,-0.0254395,0.7763851,1.513455,-0.1040376,0.5828133,1.507098,-0.2011848,0.4571418,1.563064,-0.2071155,0.2723691,1.524338,-0.2027348,0.258876,1.522701,0.03074514,0.5942135,1.507576,-0.05857626,0.444854,1.478081,-0.169905,0.5660791,1.516646,-0.1748389,0.5897961,1.513942,-0.1734197,0.2919343,1.576805,-0.2123896,0.1178731,1.595122,-0.2400433,-0.1594848,1.567983,-0.03531664,0.2759806,1.555704,-0.02571082,0.09166223,1.500421,-0.05990106,-0.09176016,1.576566,-0.03793993,0.621719,1.529573
72057594037999830,1,1.291055,95835.56,-0.1061652,0.2823471,1.594086,-0.0254395,0.7763851,1.513455,-0.1040376,0.5828133,1.507098,-0.2011848,0.4571418,1.563064,-0.2071155,0.2723691,1.524338,-0.2027348,0.258876,1.522701,0.03074514,0.5942135,1.507576,-0.05857626,0.444854,1.478081,-0.169905,0.5660791,1.516646,-0.1748389,0.5897961,1.513942,-0.1734197,0.2919343,1.576805,-0.2123896,0.1178731,1.595122,-0.2400433,-0.1594848,1.567983,-0.03531664,0.2759806,1.555704,-0.02571082,0.09166223,1.500421,-0.05990106,-0.09176016,1.576566,-0.03793993,0.621719,1.529573
72057594037999830,1,1.291055,95835.56,-0.1061652,0.2823471,1.594086,-0.0254395,0.7763851,1.513455,-0.1040376,0.5828133,1.507098,-0.2011848,0.4571418,1.563064,-0.2071155,0.2723691,1.524338,-0.2027348,0.258876,1.522701,0.03074514,0.5942135,1.507576,-0.05857626,0.444854,1.478081,-0.169905,0.5660791,1.516646,-0.1748389,0.5897961,1.513942,-0.1734197,0.2919343,1.576805,-0.2123896,0.1178731,1.595122,-0.2400433,-0.1594848,1.567983,-0.03531664,0.2759806,1.555704,-0.02571082,0.09166223,1.500421,-0.05990106,-0.09176016,1.576566,-0.03793993,0.621719,1.529573
72057594037999830,1,1.291055,95835.57,-0.1061652,0.2823471,1.594086,-0.0254395,0.7763851,1.513455,-0.1040376,0.5828133,1.507098,-0.2011848,0.4571418,1.563064,-0.2071155,0.2723691,1.524338,-0.2027348,0.258876,1.522701,0.03074514,0.5942135,1.507576,-0.05857626,0.444854,1.478081,-0.169905,0.5660791,1.516646,-0.1748389,0.5897961,1.513942,-0.1734197,0.2919343,1.576805,-0.2123896,0.1178731,1.595122,-0.2400433,-0.1594848,1.567983,-0.03531664,0.2759806,1.555704,-0.02571082,0.09166223,1.500421,-0.05990106,-0.09176016,1.576566,-0.03793993,0.621719,1.529573
72057594037999830,1,1.291055,95835.57,-0.1061652,0.2823471,1.594086,-0.0254395,0.7763851,1.513455,-0.1040376,0.5828133,1.507098,-0.2011848,0.4571418,1.563064,-0.2071155,0.2723691,1.524338,-0.2027348,0.258876,1.522701,0.03074514,0.5942135,1.507576,-0.05857626,0.444854,1.478081,-0.169905,0.5660791,1.516646,-0.1748389,0.5897961,1.513942,-0.1734197,0.2919343,1.576805,-0.2123896,0.1178731,1.595122,-0.2400433,-0.1594848,1.567983,-0.03531664,0.2759806,1.555704,-0.02571082,0.09166223,1.500421,-0.05990106,-0.09176016,1.576566,-0.03793993,0.621719,1.529573
72057594037999830,1,1.291055,95835.57,-0.1061652,0.2823471,1.594086,-0.0254395,0.7763851,1.513455,-0.1040376,0.5828133,1.507098,-0.2011848,0.4571418,1.563064,-0.2071155,0.2723691,1.524338,-0.2027348,0.258876,1.522701,0.03074514,0.5942135,1.507576,-0.05857626,0.444854,1.478081,-0.169905,0.5660791,1.516646,-0.1748389,0.5897961,1.513942,-0.1734197,0.2919343,1.576805,-0.2123896,0.1178731,1.595122,-0.2400433,-0.1594848,1.567983,-0.03531664,0.2759806,1.555704,-0.02571082,0.09166223,1.500421,-0.05990106,-0.09176016,1.576566,-0.03793993,0.621719,1.529573
72057594037999830,1,1.291055,95835.58,-0.1061652,0.2823471,1.594086,-0.0254395,0.7763851,1.513455,-0.1040376,0.5828133,1.507098,-0.2011848,0.4571418,1.563064,-0.2071155,0.2723691,1.524338,-0.2027348,0.258876,1.522701,0.03074514,0.5942135,1.507576,-0.05857626,0.444854,1.478081,-0.169905,0.5660791,1.516646,-0.1748389,0.5897961,1.513942,-0.1734197,0.2919343,1.576805,-0.2123896,0.1178731,1.595122,-0.2400433,-0.1594848,1.567983,-0.03531664,0.2759806,1.555704,-0.02571082,0.09166223,1.500421,-0.05990106,-0.09176016,1.576566,-0.03793993,0.621719,1.529573
72057594037999830,1,1.291055,95835.58,-0.1061652,0.2823471,1.594086,-0.0254395,0.7763851,1.513455,-0.1040376,0.5828133,1.507098,-0.2011848,0.4571418,1.563064,-0.2071155,0.2723691,1.524338,-0.2027348,0.258876,1.522701,0.03074514,0.5942135,1.507576,-0.05857626,0.444854,1.478081,-0.169905,0.5660791,1.516646,-0.1748389,0.5897961,1.513942,-0.1734197,0.2919343,1.576805,-0.2123896,0.1178731,1.595122,-0.2400433,-0.1594848,1.567983,-0.03531664,0.2759806,1.555704,-0.02571082,0.09166223,1.500421,-0.05990106,-0.09176016,1.576566,-0.03793993,0.621719,1.529573
72057594037999830,1,1.2903,95835.59,-0.105096,0.2795656,1.596321,-0.03164494,0.773307,1.517373,-0.1040634,0.5813614,1.50758,-0.2030146,0.4561116,1.561729,-0.2080706,0.2691531,1.524083,-0.2004393,0.2431783,1.525733,0.03110548,0.5942361,1.507206,-0.05712881,0.444241,1.477554,-0.1687284,0.5656735,1.515012,-0.1761155,0.5899407,1.512089,-0.1725094,0.2874662,1.57928,-0.2058322,0.1121544,1.597364,-0.2335186,-0.1651648,1.57022,-0.03417662,0.2745089,1.557722,-0.04973987,0.09029776,1.505923,-0.08376585,-0.09311184,1.582067,-0.04121746,0.6200908,1.532162
72057594037999830,1,1.2903,95835.59,-0.105096,0.2795656,1.596321,-0.03164494,0.773307,1.517373,-0.1040634,0.5813614,1.50758,-0.2030146,0.4561116,1.561729,-0.2080706,0.2691531,1.524083,-0.2004393,0.2431783,1.525733,0.03110548,0.5942361,1.507206,-0.05712881,0.444241,1.477554,-0.1687284,0.5656735,1.515012,-0.1761155,0.5899407,1.512089,-0.1725094,0.2874662,1.57928,-0.2058322,0.1121544,1.597364,-0.2335186,-0.1651648,1.57022,-0.03417662,0.2745089,1.557722,-0.04973987,0.09029776,1.505923,-0.08376585,-0.09311184,1.582067,-0.04121746,0.6200908,1.532162
72057594037999830,1,1.2903,95835.59,-0.105096,0.2795656,1.596321,-0.03164494,0.773307,1.517373,-0.1040634,0.5813614,1.50758,-0.2030146,0.4561116,1.561729,-0.2080706,0.2691531,1.524083,-0.2004393,0.2431783,1.525733,0.03110548,0.5942361,1.507206,-0.05712881,0.444241,1.477554,-0.1687284,0.5656735,1.515012,-0.1761155,0.5899407,1.512089,-0.1725094,0.2874662,1.57928,-0.2058322,0.1121544,1.597364,-0.2335186,-0.1651648,1.57022,-0.03417662,0.2745089,1.557722,-0.04973987,0.09029776,1.505923,-0.08376585,-0.09311184,1.582067,-0.04121746,0.6200908,1.532162
72057594037999830,1,1.2903,95835.59,-0.105096,0.2795656,1.596321,-0.03164494,0.773307,1.517373,-0.1040634,0.5813614,1.50758,-0.2030146,0.4561116,1.561729,-0.2080706,0.2691531,1.524083,-0.2004393,0.2431783,1.525733,0.03110548,0.5942361,1.507206,-0.05712881,0.444241,1.477554,-0.1687284,0.5656735,1.515012,-0.1761155,0.5899407,1.512089,-0.1725094,0.2874662,1.57928,-0.2058322,0.1121544,1.597364,-0.2335186,-0.1651648,1.57022,-0.03417662,0.2745089,1.557722,-0.04973987,0.09029776,1.505923,-0.08376585,-0.09311184,1.582067,-0.04121746,0.6200908,1.532162
72057594037999830,1,1.2903,95835.59,-0.105096,0.2795656,1.596321,-0.03164494,0.773307,1.517373,-0.1040634,0.5813614,1.50758,-0.2030146,0.4561116,1.561729,-0.2080706,0.2691531,1.524083,-0.2004393,0.2431783,1.525733,0.03110548,0.5942361,1.507206,-0.05712881,0.444241,1.477554,-0.1687284,0.5656735,1.515012,-0.1761155,0.5899407,1.512089,-0.1725094,0.2874662,1.57928,-0.2058322,0.1121544,1.597364,-0.2335186,-0.1651648,1.57022,-0.03417662,0.2745089,1.557722,-0.04973987,0.09029776,1.505923,-0.08376585,-0.09311184,1.582067,-0.04121746,0.6200908,1.532162
72057594037999830,1,1.2903,95835.59,-0.105096,0.2795656,1.596321,-0.03164494,0.773307,1.517373,-0.1040634,0.5813614,1.50758,-0.2030146,0.4561116,1.561729,-0.2080706,0.2691531,1.524083,-0.2004393,0.2431783,1.525733,0.03110548,0.5942361,1.507206,-0.05712881,0.444241,1.477554,-0.1687284,0.5656735,1.515012,-0.1761155,0.5899407,1.512089,-0.1725094,0.2874662,1.57928,-0.2058322,0.1121544,1.597364,-0.2335186,-0.1651648,1.57022,-0.03417662,0.2745089,1.557722,-0.04973987,0.09029776,1.505923,-0.08376585,-0.09311184,1.582067,-0.04121746,0.6200908,1.532162
72057594037999830,1,1.2903,95835.6,-0.105096,0.2795656,1.596321,-0.03164494,0.773307,1.517373,-0.1040634,0.5813614,1.50758,-0.2030146,0.4561116,1.561729,-0.2080706,0.2691531,1.524083,-0.2004393,0.2431783,1.525733,0.03110548,0.5942361,1.507206,-0.05712881,0.444241,1.477554,-0.1687284,0.5656735,1.515012,-0.1761155,0.5899407,1.512089,-0.1725094,0.2874662,1.57928,-0.2058322,0.1121544,1.597364,-0.2335186,-0.1651648,1.57022,-0.03417662,0.2745089,1.557722,-0.04973987,0.09029776,1.505923,-0.08376585,-0.09311184,1.582067,-0.04121746,0.6200908,1.532162
72057594037999830,1,1.2903,95835.6,-0.105096,0.2795656,1.596321,-0.03164494,0.773307,1.517373,-0.1040634,0.5813614,1.50758,-0.2030146,0.4561116,1.561729,-0.2080706,0.2691531,1.524083,-0.2004393,0.2431783,1.525733,0.03110548,0.5942361,1.507206,-0.05712881,0.444241,1.477554,-0.1687284,0.5656735,1.515012,-0.1761155,0.5899407,1.512089,-0.1725094,0.2874662,1.57928,-0.2058322,0.1121544,1.597364,-0.2335186,-0.1651648,1.57022,-0.03417662,0.2745089,1.557722,-0.04973987,0.09029776,1.505923,-0.08376585,-0.09311184,1.582067,-0.04121746,0.6200908,1.532162
72057594037999830,1,1.2903,95835.61,-0.105096,0.2795656,1.596321,-0.03164494,0.773307,1.517373,-0.1040634,0.5813614,1.50758,-0.2030146,0.4561116,1.561729,-0.2080706,0.2691531,1.524083,-0.2004393,0.2431783,1.525733,0.03110548,0.5942361,1.507206,-0.05712881,0.444241,1.477554,-0.1687284,0.5656735,1.515012,-0.1761155,0.5899407,1.512089,-0.1725094,0.2874662,1.57928,-0.2058322,0.1121544,1.597364,-0.2335186,-0.1651648,1.57022,-0.03417662,0.2745089,1.557722,-0.04973987,0.09029776,1.505923,-0.08376585,-0.09311184,1.582067,-0.04121746,0.6200908,1.532162
72057594037999830,1,1.2903,95835.61,-0.105096,0.2795656,1.596321,-0.03164494,0.773307,1.517373,-0.1040634,0.5813614,1.50758,-0.2030146,0.4561116,1.561729,-0.2080706,0.2691531,1.524083,-0.2004393,0.2431783,1.525733,0.03110548,0.5942361,1.507206,-0.05712881,0.444241,1.477554,-0.1687284,0.5656735,1.515012,-0.1761155,0.5899407,1.512089,-0.1725094,0.2874662,1.57928,-0.2058322,0.1121544,1.597364,-0.2335186,-0.1651648,1.57022,-0.03417662,0.2745089,1.557722,-0.04973987,0.09029776,1.505923,-0.08376585,-0.09311184,1.582067,-0.04121746,0.6200908,1.532162
72057594037999830,1,1.2903,95835.61,-0.105096,0.2795656,1.596321,-0.03164494,0.773307,1.517373,-0.1040634,0.5813614,1.50758,-0.2030146,0.4561116,1.561729,-0.2080706,0.2691531,1.524083,-0.2004393,0.2431783,1.525733,0.03110548,0.5942361,1.507206,-0.05712881,0.444241,1.477554,-0.1687284,0.5656735,1.515012,-0.1761155,0.5899407,1.512089,-0.1725094,0.2874662,1.57928,-0.2058322,0.1121544,1.597364,-0.2335186,-0.1651648,1.57022,-0.03417662,0.2745089,1.557722,-0.04973987,0.09029776,1.505923,-0.08376585,-0.09311184,1.582067,-0.04121746,0.6200908,1.532162
72057594037999830,1,1.292788,95835.62,-0.1087547,0.2697272,1.599021,-0.037441,0.7656721,1.517437,-0.1056859,0.5787818,1.508394,-0.2111811,0.43597,1.55868,-0.2067842,0.2589505,1.526423,-0.196292,0.2257103,1.525139,0.03378584,0.5921351,1.505381,-0.05209542,0.4407883,1.475539,-0.1647021,0.5618015,1.511831,-0.1761191,0.5849209,1.507153,-0.1749327,0.2763351,1.57961,-0.2096738,0.09986258,1.591561,-0.2373308,-0.1773813,1.564401,-0.03916717,0.2659304,1.562874,-0.06381219,0.0823859,1.516779,-0.09774216,-0.1009641,1.592928,-0.04845852,0.6069641,1.538036
72057594037999830,1,1.292788,95835.62,-0.1087547,0.2697272,1.599021,-0.037441,0.7656721,1.517437,-0.1056859,0.5787818,1.508394,-0.2111811,0.43597,1.55868,-0.2067842,0.2589505,1.526423,-0.196292,0.2257103,1.525139,0.03378584,0.5921351,1.505381,-0.05209542,0.4407883,1.475539,-0.1647021,0.5618015,1.511831,-0.1761191,0.5849209,1.507153,-0.1749327,0.2763351,1.57961,-0.2096738,0.09986258,1.591561,-0.2373308,-0.1773813,1.564401,-0.03916717,0.2659304,1.562874,-0.06381219,0.0823859,1.516779,-0.09774216,-0.1009641,1.592928,-0.04845852,0.6069641,1.538036
72057594037999830,1,1.292788,95835.62,-0.1087547,0.2697272,1.599021,-0.037441,0.7656721,1.517437,-0.1056859,0.5787818,1.508394,-0.2111811,0.43597,1.55868,-0.2067842,0.2589505,1.526423,-0.196292,0.2257103,1.525139,0.03378584,0.5921351,1.505381,-0.05209542,0.4407883,1.475539,-0.1647021,0.5618015,1.511831,-0.1761191,0.5849209,1.507153,-0.1749327,0.2763351,1.57961,-0.2096738,0.09986258,1.591561,-0.2373308,-0.1773813,1.564401,-0.03916717,0.2659304,1.562874,-0.06381219,0.0823859,1.516779,-0.09774216,-0.1009641,1.592928,-0.04845852,0.6069641,1.538036
72057594037999830,1,1.292788,95835.63,-0.1087547,0.2697272,1.599021,-0.037441,0.7656721,1.517437,-0.1056859,0.5787818,1.508394,-0.2111811,0.43597,1.55868,-0.2067842,0.2589505,1.526423,-0.196292,0.2257103,1.525139,0.03378584,0.5921351,1.505381,-0.05209542,0.4407883,1.475539,-0.1647021,0.5618015,1.511831,-0.1761191,0.5849209,1.507153,-0.1749327,0.2763351,1.57961,-0.2096738,0.09986258,1.591561,-0.2373308,-0.1773813,1.564401,-0.03916717,0.2659304,1.562874,-0.06381219,0.0823859,1.516779,-0.09774216,-0.1009641,1.592928,-0.04845852,0.6069641,1.538036
72057594037999830,1,1.292788,95835.63,-0.1087547,0.2697272,1.599021,-0.037441,0.7656721,1.517437,-0.1056859,0.5787818,1.508394,-0.2111811,0.43597,1.55868,-0.2067842,0.2589505,1.526423,-0.196292,0.2257103,1.525139,0.03378584,0.5921351,1.505381,-0.05209542,0.4407883,1.475539,-0.1647021,0.5618015,1.511831,-0.1761191,0.5849209,1.507153,-0.1749327,0.2763351,1.57961,-0.2096738,0.09986258,1.591561,-0.2373308,-0.1773813,1.564401,-0.03916717,0.2659304,1.562874,-0.06381219,0.0823859,1.516779,-0.09774216,-0.1009641,1.592928,-0.04845852,0.6069641,1.538036
72057594037999830,1,1.292788,95835.63,-0.1087547,0.2697272,1.599021,-0.037441,0.7656721,1.517437,-0.1056859,0.5787818,1.508394,-0.2111811,0.43597,1.55868,-0.2067842,0.2589505,1.526423,-0.196292,0.2257103,1.525139,0.03378584,0.5921351,1.505381,-0.05209542,0.4407883,1.475539,-0.1647021,0.5618015,1.511831,-0.1761191,0.5849209,1.507153,-0.1749327,0.2763351,1.57961,-0.2096738,0.09986258,1.591561,-0.2373308,-0.1773813,1.564401,-0.03916717,0.2659304,1.562874,-0.06381219,0.0823859,1.516779,-0.09774216,-0.1009641,1.592928,-0.04845852,0.6069641,1.538036
72057594037999830,1,1.292788,95835.63,-0.1087547,0.2697272,1.599021,-0.037441,0.7656721,1.517437,-0.1056859,0.5787818,1.508394,-0.2111811,0.43597,1.55868,-0.2067842,0.2589505,1.526423,-0.196292,0.2257103,1.525139,0.03378584,0.5921351,1.505381,-0.05209542,0.4407883,1.475539,-0.1647021,0.5618015,1.511831,-0.1761191,0.5849209,1.507153,-0.1749327,0.2763351,1.57961,-0.2096738,0.09986258,1.591561,-0.2373308,-0.1773813,1.564401,-0.03916717,0.2659304,1.562874,-0.06381219,0.0823859,1.516779,-0.09774216,-0.1009641,1.592928,-0.04845852,0.6069641,1.538036
72057594037999830,1,1.292788,95835.63,-0.1087547,0.2697272,1.599021,-0.037441,0.7656721,1.517437,-0.1056859,0.5787818,1.508394,-0.2111811,0.43597,1.55868,-0.2067842,0.2589505,1.526423,-0.196292,0.2257103,1.525139,0.03378584,0.5921351,1.505381,-0.05209542,0.4407883,1.475539,-0.1647021,0.5618015,1.511831,-0.1761191,0.5849209,1.507153,-0.1749327,0.2763351,1.57961,-0.2096738,0.09986258,1.591561,-0.2373308,-0.1773813,1.564401,-0.03916717,0.2659304,1.562874,-0.06381219,0.0823859,1.516779,-0.09774216,-0.1009641,1.592928,-0.04845852,0.6069641,1.538036
72057594037999830,1,1.292788,95835.63,-0.1087547,0.2697272,1.599021,-0.037441,0.7656721,1.517437,-0.1056859,0.5787818,1.508394,-0.2111811,0.43597,1.55868,-0.2067842,0.2589505,1.526423,-0.196292,0.2257103,1.525139,0.03378584,0.5921351,1.505381,-0.05209542,0.4407883,1.475539,-0.1647021,0.5618015,1.511831,-0.1761191,0.5849209,1.507153,-0.1749327,0.2763351,1.57961,-0.2096738,0.09986258,1.591561,-0.2373308,-0.1773813,1.564401,-0.03916717,0.2659304,1.562874,-0.06381219,0.0823859,1.516779,-0.09774216,-0.1009641,1.592928,-0.04845852,0.6069641,1.538036
72057594037999830,1,1.292788,95835.64,-0.1087547,0.2697272,1.599021,-0.037441,0.7656721,1.517437,-0.1056859,0.5787818,1.508394,-0.2111811,0.43597,1.55868,-0.2067842,0.2589505,1.526423,-0.196292,0.2257103,1.525139,0.03378584,0.5921351,1.505381,-0.05209542,0.4407883,1.475539,-0.1647021,0.5618015,1.511831,-0.1761191,0.5849209,1.507153,-0.1749327,0.2763351,1.57961,-0.2096738,0.09986258,1.591561,-0.2373308,-0.1773813,1.564401,-0.03916717,0.2659304,1.562874,-0.06381219,0.0823859,1.516779,-0.09774216,-0.1009641,1.592928,-0.04845852,0.6069641,1.538036
72057594037999830,1,1.292788,95835.64,-0.1087547,0.2697272,1.599021,-0.037441,0.7656721,1.517437,-0.1056859,0.5787818,1.508394,-0.2111811,0.43597,1.55868,-0.2067842,0.2589505,1.526423,-0.196292,0.2257103,1.525139,0.03378584,0.5921351,1.505381,-0.05209542,0.4407883,1.475539,-0.1647021,0.5618015,1.511831,-0.1761191,0.5849209,1.507153,-0.1749327,0.2763351,1.57961,-0.2096738,0.09986258,1.591561,-0.2373308,-0.1773813,1.564401,-0.03916717,0.2659304,1.562874,-0.06381219,0.0823859,1.516779,-0.09774216,-0.1009641,1.592928,-0.04845852,0.6069641,1.538036
72057594037999830,1,1.292788,95835.65,-0.1087547,0.2697272,1.599021,-0.037441,0.7656721,1.517437,-0.1056859,0.5787818,1.508394,-0.2111811,0.43597,1.55868,-0.2067842,0.2589505,1.526423,-0.196292,0.2257103,1.525139,0.03378584,0.5921351,1.505381,-0.05209542,0.4407883,1.475539,-0.1647021,0.5618015,1.511831,-0.1761191,0.5849209,1.507153,-0.1749327,0.2763351,1.57961,-0.2096738,0.09986258,1.591561,-0.2373308,-0.1773813,1.564401,-0.03916717,0.2659304,1.562874,-0.06381219,0.0823859,1.516779,-0.09774216,-0.1009641,1.592928,-0.04845852,0.6069641,1.538036
72057594037999830,1,1.325206,95835.65,-0.1341789,0.2166988,1.593741,-0.04855435,0.7433985,1.519005,-0.1558648,0.5430008,1.525501,-0.2230629,0.3924549,1.565886,-0.2140493,0.2224395,1.531062,-0.1953458,0.1902867,1.521953,0.006077022,0.5305129,1.520831,-0.03064576,0.3603019,1.498135,-0.151392,0.475582,1.529997,-0.1848716,0.5071806,1.517483,-0.1970844,0.2203548,1.574111,-0.2365849,0.04394144,1.57631,-0.2640652,-0.2329341,1.549096,-0.06682646,0.2184025,1.557771,0.04437962,0.07579625,1.56981,0.009748862,-0.1075092,1.646005,-0.05669488,0.5819986,1.541915
72057594037999830,1,1.325206,95835.65,-0.1341789,0.2166988,1.593741,-0.04855435,0.7433985,1.519005,-0.1558648,0.5430008,1.525501,-0.2230629,0.3924549,1.565886,-0.2140493,0.2224395,1.531062,-0.1953458,0.1902867,1.521953,0.006077022,0.5305129,1.520831,-0.03064576,0.3603019,1.498135,-0.151392,0.475582,1.529997,-0.1848716,0.5071806,1.517483,-0.1970844,0.2203548,1.574111,-0.2365849,0.04394144,1.57631,-0.2640652,-0.2329341,1.549096,-0.06682646,0.2184025,1.557771,0.04437962,0.07579625,1.56981,0.009748862,-0.1075092,1.646005,-0.05669488,0.5819986,1.541915
72057594037999830,1,1.325206,95835.66,-0.1341789,0.2166988,1.593741,-0.04855435,0.7433985,1.519005,-0.1558648,0.5430008,1.525501,-0.2230629,0.3924549,1.565886,-0.2140493,0.2224395,1.531062,-0.1953458,0.1902867,1.521953,0.006077022,0.5305129,1.520831,-0.03064576,0.3603019,1.498135,-0.151392,0.475582,1.529997,-0.1848716,0.5071806,1.517483,-0.1970844,0.2203548,1.574111,-0.2365849,0.04394144,1.57631,-0.2640652,-0.2329341,1.549096,-0.06682646,0.2184025,1.557771,0.04437962,0.07579625,1.56981,0.009748862,-0.1075092,1.646005,-0.05669488,0.5819986,1.541915
72057594037999830,1,1.325206,95835.66,-0.1341789,0.2166988,1.593741,-0.04855435,0.7433985,1.519005,-0.1558648,0.5430008,1.525501,-0.2230629,0.3924549,1.565886,-0.2140493,0.2224395,1.531062,-0.1953458,0.1902867,1.521953,0.006077022,0.5305129,1.520831,-0.03064576,0.3603019,1.498135,-0.151392,0.475582,1.529997,-0.1848716,0.5071806,1.517483,-0.1970844,0.2203548,1.574111,-0.2365849,0.04394144,1.57631,-0.2640652,-0.2329341,1.549096,-0.06682646,0.2184025,1.557771,0.04437962,0.07579625,1.56981,0.009748862,-0.1075092,1.646005,-0.05669488,0.5819986,1.541915
72057594037999830,1,1.325206,95835.66,-0.1341789,0.2166988,1.593741,-0.04855435,0.7433985,1.519005,-0.1558648,0.5430008,1.525501,-0.2230629,0.3924549,1.565886,-0.2140493,0.2224395,1.531062,-0.1953458,0.1902867,1.521953,0.006077022,0.5305129,1.520831,-0.03064576,0.3603019,1.498135,-0.151392,0.475582,1.529997,-0.1848716,0.5071806,1.517483,-0.1970844,0.2203548,1.574111,-0.2365849,0.04394144,1.57631,-0.2640652,-0.2329341,1.549096,-0.06682646,0.2184025,1.557771,0.04437962,0.07579625,1.56981,0.009748862,-0.1075092,1.646005,-0.05669488,0.5819986,1.541915
72057594037999830,1,1.325206,95835.66,-0.1341789,0.2166988,1.593741,-0.04855435,0.7433985,1.519005,-0.1558648,0.5430008,1.525501,-0.2230629,0.3924549,1.565886,-0.2140493,0.2224395,1.531062,-0.1953458,0.1902867,1.521953,0.006077022,0.5305129,1.520831,-0.03064576,0.3603019,1.498135,-0.151392,0.475582,1.529997,-0.1848716,0.5071806,1.517483,-0.1970844,0.2203548,1.574111,-0.2365849,0.04394144,1.57631,-0.2640652,-0.2329341,1.549096,-0.06682646,0.2184025,1.557771,0.04437962,0.07579625,1.56981,0.009748862,-0.1075092,1.646005,-0.05669488,0.5819986,1.541915
72057594037999830,1,1.325206,95835.66,-0.1341789,0.2166988,1.593741,-0.04855435,0.7433985,1.519005,-0.1558648,0.5430008,1.525501,-0.2230629,0.3924549,1.565886,-0.2140493,0.2224395,1.531062,-0.1953458,0.1902867,1.521953,0.006077022,0.5305129,1.520831,-0.03064576,0.3603019,1.498135,-0.151392,0.475582,1.529997,-0.1848716,0.5071806,1.517483,-0.1970844,0.2203548,1.574111,-0.2365849,0.04394144,1.57631,-0.2640652,-0.2329341,1.549096,-0.06682646,0.2184025,1.557771,0.04437962,0.07579625,1.56981,0.009748862,-0.1075092,1.646005,-0.05669488,0.5819986,1.541915
72057594037999830,1,1.325206,95835.67,-0.1341789,0.2166988,1.593741,-0.04855435,0.7433985,1.519005,-0.1558648,0.5430008,1.525501,-0.2230629,0.3924549,1.565886,-0.2140493,0.2224395,1.531062,-0.1953458,0.1902867,1.521953,0.006077022,0.5305129,1.520831,-0.03064576,0.3603019,1.498135,-0.151392,0.475582,1.529997,-0.1848716,0.5071806,1.517483,-0.1970844,0.2203548,1.574111,-0.2365849,0.04394144,1.57631,-0.2640652,-0.2329341,1.549096,-0.06682646,0.2184025,1.557771,0.04437962,0.07579625,1.56981,0.009748862,-0.1075092,1.646005,-0.05669488,0.5819986,1.541915
72057594037999830,1,1.325206,95835.67,-0.1341789,0.2166988,1.593741,-0.04855435,0.7433985,1.519005,-0.1558648,0.5430008,1.525501,-0.2230629,0.3924549,1.565886,-0.2140493,0.2224395,1.531062,-0.1953458,0.1902867,1.521953,0.006077022,0.5305129,1.520831,-0.03064576,0.3603019,1.498135,-0.151392,0.475582,1.529997,-0.1848716,0.5071806,1.517483,-0.1970844,0.2203548,1.574111,-0.2365849,0.04394144,1.57631,-0.2640652,-0.2329341,1.549096,-0.06682646,0.2184025,1.557771,0.04437962,0.07579625,1.56981,0.009748862,-0.1075092,1.646005,-0.05669488,0.5819986,1.541915
72057594037999830,1,1.325206,95835.67,-0.1341789,0.2166988,1.593741,-0.04855435,0.7433985,1.519005,-0.1558648,0.5430008,1.525501,-0.2230629,0.3924549,1.565886,-0.2140493,0.2224395,1.531062,-0.1953458,0.1902867,1.521953,0.006077022,0.5305129,1.520831,-0.03064576,0.3603019,1.498135,-0.151392,0.475582,1.529997,-0.1848716,0.5071806,1.517483,-0.1970844,0.2203548,1.574111,-0.2365849,0.04394144,1.57631,-0.2640652,-0.2329341,1.549096,-0.06682646,0.2184025,1.557771,0.04437962,0.07579625,1.56981,0.009748862,-0.1075092,1.646005,-0.05669488,0.5819986,1.541915
72057594037999830,1,1.325206,95835.67,-0.1341789,0.2166988,1.593741,-0.04855435,0.7433985,1.519005,-0.1558648,0.5430008,1.525501,-0.2230629,0.3924549,1.565886,-0.2140493,0.2224395,1.531062,-0.1953458,0.1902867,1.521953,0.006077022,0.5305129,1.520831,-0.03064576,0.3603019,1.498135,-0.151392,0.475582,1.529997,-0.1848716,0.5071806,1.517483,-0.1970844,0.2203548,1.574111,-0.2365849,0.04394144,1.57631,-0.2640652,-0.2329341,1.549096,-0.06682646,0.2184025,1.557771,0.04437962,0.07579625,1.56981,0.009748862,-0.1075092,1.646005,-0.05669488,0.5819986,1.541915
72057594037999830,1,1.325206,95835.68,-0.1341789,0.2166988,1.593741,-0.04855435,0.7433985,1.519005,-0.1558648,0.5430008,1.525501,-0.2230629,0.3924549,1.565886,-0.2140493,0.2224395,1.531062,-0.1953458,0.1902867,1.521953,0.006077022,0.5305129,1.520831,-0.03064576,0.3603019,1.498135,-0.151392,0.475582,1.529997,-0.1848716,0.5071806,1.517483,-0.1970844,0.2203548,1.574111,-0.2365849,0.04394144,1.57631,-0.2640652,-0.2329341,1.549096,-0.06682646,0.2184025,1.557771,0.04437962,0.07579625,1.56981,0.009748862,-0.1075092,1.646005,-0.05669488,0.5819986,1.541915
72057594037999830,1,1.316706,95835.68,-0.1229366,0.2537487,1.581613,-0.05636321,0.7208574,1.503116,-0.1576311,0.5377666,1.516532,-0.2174773,0.403535,1.554165,-0.2219154,0.2757666,1.539713,-0.226057,0.2351331,1.537059,0.01009339,0.5211865,1.516556,-0.02212873,0.3761329,1.493938,-0.1433176,0.4607501,1.524714,-0.1801822,0.4839175,1.511204,-0.1728676,0.2664648,1.565908,-0.2058098,0.04516548,1.568349,-0.23877,-0.2811081,1.539957,-0.06647147,0.2476125,1.553261,-0.1100023,0.03130895,1.573465,-0.1498014,-0.1846667,1.666979,-0.06016193,0.5719694,1.531891
72057594037999830,1,1.316706,95835.69,-0.1229366,0.2537487,1.581613,-0.05636321,0.7208574,1.503116,-0.1576311,0.5377666,1.516532,-0.2174773,0.403535,1.554165,-0.2219154,0.2757666,1.539713,-0.226057,0.2351331,1.537059,0.01009339,0.5211865,1.516556,-0.02212873,0.3761329,1.493938,-0.1433176,0.4607501,1.524714,-0.1801822,0.4839175,1.511204,-0.1728676,0.2664648,1.565908,-0.2058098,0.04516548,1.568349,-0.23877,-0.2811081,1.539957,-0.06647147,0.2476125,1.553261,-0.1100023,0.03130895,1.573465,-0.1498014,-0.1846667,1.666979,-0.06016193,0.5719694,1.531891
72057594037999830,1,1.316706,95835.69,-0.1229366,0.2537487,1.581613,-0.05636321,0.7208574,1.503116,-0.1576311,0.5377666,1.516532,-0.2174773,0.403535,1.554165,-0.2219154,0.2757666,1.539713,-0.226057,0.2351331,1.537059,0.01009339,0.5211865,1.516556,-0.02212873,0.3761329,1.493938,-0.1433176,0.4607501,1.524714,-0.1801822,0.4839175,1.511204,-0.1728676,0.2664648,1.565908,-0.2058098,0.04516548,1.568349,-0.23877,-0.2811081,1.539957,-0.06647147,0.2476125,1.553261,-0.1100023,0.03130895,1.573465,-0.1498014,-0.1846667,1.666979,-0.06016193,0.5719694,1.531891
72057594037999830,1,1.316706,95835.7,-0.1229366,0.2537487,1.581613,-0.05636321,0.7208574,1.503116,-0.1576311,0.5377666,1.516532,-0.2174773,0.403535,1.554165,-0.2219154,0.2757666,1.539713,-0.226057,0.2351331,1.537059,0.01009339,0.5211865,1.516556,-0.02212873,0.3761329,1.493938,-0.1433176,0.4607501,1.524714,-0.1801822,0.4839175,1.511204,-0.1728676,0.2664648,1.565908,-0.2058098,0.04516548,1.568349,-0.23877,-0.2811081,1.539957,-0.06647147,0.2476125,1.553261,-0.1100023,0.03130895,1.573465,-0.1498014,-0.1846667,1.666979,-0.06016193,0.5719694,1.531891
72057594037999830,1,1.316706,95835.7,-0.1229366,0.2537487,1.581613,-0.05636321,0.7208574,1.503116,-0.1576311,0.5377666,1.516532,-0.2174773,0.403535,1.554165,-0.2219154,0.2757666,1.539713,-0.226057,0.2351331,1.537059,0.01009339,0.5211865,1.516556,-0.02212873,0.3761329,1.493938,-0.1433176,0.4607501,1.524714,-0.1801822,0.4839175,1.511204,-0.1728676,0.2664648,1.565908,-0.2058098,0.04516548,1.568349,-0.23877,-0.2811081,1.539957,-0.06647147,0.2476125,1.553261,-0.1100023,0.03130895,1.573465,-0.1498014,-0.1846667,1.666979,-0.06016193,0.5719694,1.531891
72057594037999830,1,1.316706,95835.7,-0.1229366,0.2537487,1.581613,-0.05636321,0.7208574,1.503116,-0.1576311,0.5377666,1.516532,-0.2174773,0.403535,1.554165,-0.2219154,0.2757666,1.539713,-0.226057,0.2351331,1.537059,0.01009339,0.5211865,1.516556,-0.02212873,0.3761329,1.493938,-0.1433176,0.4607501,1.524714,-0.1801822,0.4839175,1.511204,-0.1728676,0.2664648,1.565908,-0.2058098,0.04516548,1.568349,-0.23877,-0.2811081,1.539957,-0.06647147,0.2476125,1.553261,-0.1100023,0.03130895,1.573465,-0.1498014,-0.1846667,1.666979,-0.06016193,0.5719694,1.531891
72057594037999830,1,1.316706,95835.7,-0.1229366,0.2537487,1.581613,-0.05636321,0.7208574,1.503116,-0.1576311,0.5377666,1.516532,-0.2174773,0.403535,1.554165,-0.2219154,0.2757666,1.539713,-0.226057,0.2351331,1.537059,0.01009339,0.5211865,1.516556,-0.02212873,0.3761329,1.493938,-0.1433176,0.4607501,1.524714,-0.1801822,0.4839175,1.511204,-0.1728676,0.2664648,1.565908,-0.2058098,0.04516548,1.568349,-0.23877,-0.2811081,1.539957,-0.06647147,0.2476125,1.553261,-0.1100023,0.03130895,1.573465,-0.1498014,-0.1846667,1.666979,-0.06016193,0.5719694,1.531891
72057594037999830,1,1.316706,95835.7,-0.1229366,0.2537487,1.581613,-0.05636321,0.7208574,1.503116,-0.1576311,0.5377666,1.516532,-0.2174773,0.403535,1.554165,-0.2219154,0.2757666,1.539713,-0.226057,0.2351331,1.537059,0.01009339,0.5211865,1.516556,-0.02212873,0.3761329,1.493938,-0.1433176,0.4607501,1.524714,-0.1801822,0.4839175,1.511204,-0.1728676,0.2664648,1.565908,-0.2058098,0.04516548,1.568349,-0.23877,-0.2811081,1.539957,-0.06647147,0.2476125,1.553261,-0.1100023,0.03130895,1.573465,-0.1498014,-0.1846667,1.666979,-0.06016193,0.5719694,1.531891
72057594037999830,1,1.316706,95835.7,-0.1229366,0.2537487,1.581613,-0.05636321,0.7208574,1.503116,-0.1576311,0.5377666,1.516532,-0.2174773,0.403535,1.554165,-0.2219154,0.2757666,1.539713,-0.226057,0.2351331,1.537059,0.01009339,0.5211865,1.516556,-0.02212873,0.3761329,1.493938,-0.1433176,0.4607501,1.524714,-0.1801822,0.4839175,1.511204,-0.1728676,0.2664648,1.565908,-0.2058098,0.04516548,1.568349,-0.23877,-0.2811081,1.539957,-0.06647147,0.2476125,1.553261,-0.1100023,0.03130895,1.573465,-0.1498014,-0.1846667,1.666979,-0.06016193,0.5719694,1.531891
72057594037999830,1,1.316706,95835.71,-0.1229366,0.2537487,1.581613,-0.05636321,0.7208574,1.503116,-0.1576311,0.5377666,1.516532,-0.2174773,0.403535,1.554165,-0.2219154,0.2757666,1.539713,-0.226057,0.2351331,1.537059,0.01009339,0.5211865,1.516556,-0.02212873,0.3761329,1.493938,-0.1433176,0.4607501,1.524714,-0.1801822,0.4839175,1.511204,-0.1728676,0.2664648,1.565908,-0.2058098,0.04516548,1.568349,-0.23877,-0.2811081,1.539957,-0.06647147,0.2476125,1.553261,-0.1100023,0.03130895,1.573465,-0.1498014,-0.1846667,1.666979,-0.06016193,0.5719694,1.531891
72057594037999830,1,1.316706,95835.71,-0.1229366,0.2537487,1.581613,-0.05636321,0.7208574,1.503116,-0.1576311,0.5377666,1.516532,-0.2174773,0.403535,1.554165,-0.2219154,0.2757666,1.539713,-0.226057,0.2351331,1.537059,0.01009339,0.5211865,1.516556,-0.02212873,0.3761329,1.493938,-0.1433176,0.4607501,1.524714,-0.1801822,0.4839175,1.511204,-0.1728676,0.2664648,1.565908,-0.2058098,0.04516548,1.568349,-0.23877,-0.2811081,1.539957,-0.06647147,0.2476125,1.553261,-0.1100023,0.03130895,1.573465,-0.1498014,-0.1846667,1.666979,-0.06016193,0.5719694,1.531891
72057594037999830,1,1.322039,95835.71,-0.1214197,0.2438695,1.580781,-0.06375723,0.7035631,1.505964,-0.166376,0.520103,1.517185,-0.2310273,0.3785004,1.553974,-0.2347586,0.2413317,1.544295,-0.2369055,0.202527,1.53732,0.01572004,0.5035855,1.523401,-0.007540087,0.3454006,1.498469,-0.1287926,0.4301586,1.529305,-0.1702718,0.4506558,1.51006,-0.161648,0.2463149,1.563385,-0.1542589,0.03197306,1.502355,-0.1833621,-0.1775972,1.430734,-0.07222489,0.2398993,1.553693,-0.09789532,0.02736551,1.564349,-0.1342046,-0.169408,1.64903,-0.06697939,0.5545521,1.532229
72057594037999830,1,1.322039,95835.72,-0.1214197,0.2438695,1.580781,-0.06375723,0.7035631,1.505964,-0.166376,0.520103,1.517185,-0.2310273,0.3785004,1.553974,-0.2347586,0.2413317,1.544295,-0.2369055,0.202527,1.53732,0.01572004,0.5035855,1.523401,-0.007540087,0.3454006,1.498469,-0.1287926,0.4301586,1.529305,-0.1702718,0.4506558,1.51006,-0.161648,0.2463149,1.563385,-0.1542589,0.03197306,1.502355,-0.1833621,-0.1775972,1.430734,-0.07222489,0.2398993,1.553693,-0.09789532,0.02736551,1.564349,-0.1342046,-0.169408,1.64903,-0.06697939,0.5545521,1.532229
72057594037999830,1,1.322039,95835.72,-0.1214197,0.2438695,1.580781,-0.06375723,0.7035631,1.505964,-0.166376,0.520103,1.517185,-0.2310273,0.3785004,1.553974,-0.2347586,0.2413317,1.544295,-0.2369055,0.202527,1.53732,0.01572004,0.5035855,1.523401,-0.007540087,0.3454006,1.498469,-0.1287926,0.4301586,1.529305,-0.1702718,0.4506558,1.51006,-0.161648,0.2463149,1.563385,-0.1542589,0.03197306,1.502355,-0.1833621,-0.1775972,1.430734,-0.07222489,0.2398993,1.553693,-0.09789532,0.02736551,1.564349,-0.1342046,-0.169408,1.64903,-0.06697939,0.5545521,1.532229
72057594037999830,1,1.322039,95835.73,-0.1214197,0.2438695,1.580781,-0.06375723,0.7035631,1.505964,-0.166376,0.520103,1.517185,-0.2310273,0.3785004,1.553974,-0.2347586,0.2413317,1.544295,-0.2369055,0.202527,1.53732,0.01572004,0.5035855,1.523401,-0.007540087,0.3454006,1.498469,-0.1287926,0.4301586,1.529305,-0.1702718,0.4506558,1.51006,-0.161648,0.2463149,1.563385,-0.1542589,0.03197306,1.502355,-0.1833621,-0.1775972,1.430734,-0.07222489,0.2398993,1.553693,-0.09789532,0.02736551,1.564349,-0.1342046,-0.169408,1.64903,-0.06697939,0.5545521,1.532229
72057594037999830,1,1.322039,95835.73,-0.1214197,0.2438695,1.580781,-0.06375723,0.7035631,1.505964,-0.166376,0.520103,1.517185,-0.2310273,0.3785004,1.553974,-0.2347586,0.2413317,1.544295,-0.2369055,0.202527,1.53732,0.01572004,0.5035855,1.523401,-0.007540087,0.3454006,1.498469,-0.1287926,0.4301586,1.529305,-0.1702718,0.4506558,1.51006,-0.161648,0.2463149,1.563385,-0.1542589,0.03197306,1.502355,-0.1833621,-0.1775972,1.430734,-0.07222489,0.2398993,1.553693,-0.09789532,0.02736551,1.564349,-0.1342046,-0.169408,1.64903,-0.06697939,0.5545521,1.532229
72057594037999830,1,1.322039,95835.73,-0.1214197,0.2438695,1.580781,-0.06375723,0.7035631,1.505964,-0.166376,0.520103,1.517185,-0.2310273,0.3785004,1.553974,-0.2347586,0.2413317,1.544295,-0.2369055,0.202527,1.53732,0.01572004,0.5035855,1.523401,-0.007540087,0.3454006,1.498469,-0.1287926,0.4301586,1.529305,-0.1702718,0.4506558,1.51006,-0.161648,0.2463149,1.563385,-0.1542589,0.03197306,1.502355,-0.1833621,-0.1775972,1.430734,-0.07222489,0.2398993,1.553693,-0.09789532,0.02736551,1.564349,-0.1342046,-0.169408,1.64903,-0.06697939,0.5545521,1.532229
72057594037999830,1,1.322039,95835.73,-0.1214197,0.2438695,1.580781,-0.06375723,0.7035631,1.505964,-0.166376,0.520103,1.517185,-0.2310273,0.3785004,1.553974,-0.2347586,0.2413317,1.544295,-0.2369055,0.202527,1.53732,0.01572004,0.5035855,1.523401,-0.007540087,0.3454006,1.498469,-0.1287926,0.4301586,1.529305,-0.1702718,0.4506558,1.51006,-0.161648,0.2463149,1.563385,-0.1542589,0.03197306,1.502355,-0.1833621,-0.1775972,1.430734,-0.07222489,0.2398993,1.553693,-0.09789532,0.02736551,1.564349,-0.1342046,-0.169408,1.64903,-0.06697939,0.5545521,1.532229
72057594037999830,1,1.322039,95835.73,-0.1214197,0.2438695,1.580781,-0.06375723,0.7035631,1.505964,-0.166376,0.520103,1.517185,-0.2310273,0.3785004,1.553974,-0.2347586,0.2413317,1.544295,-0.2369055,0.202527,1.53732,0.01572004,0.5035855,1.523401,-0.007540087,0.3454006,1.498469,-0.1287926,0.4301586,1.529305,-0.1702718,0.4506558,1.51006,-0.161648,0.2463149,1.563385,-0.1542589,0.03197306,1.502355,-0.1833621,-0.1775972,1.430734,-0.07222489,0.2398993,1.553693,-0.09789532,0.02736551,1.564349,-0.1342046,-0.169408,1.64903,-0.06697939,0.5545521,1.532229
72057594037999830,1,1.322039,95835.73,-0.1214197,0.2438695,1.580781,-0.06375723,0.7035631,1.505964,-0.166376,0.520103,1.517185,-0.2310273,0.3785004,1.553974,-0.2347586,0.2413317,1.544295,-0.2369055,0.202527,1.53732,0.01572004,0.5035855,1.523401,-0.007540087,0.3454006,1.498469,-0.1287926,0.4301586,1.529305,-0.1702718,0.4506558,1.51006,-0.161648,0.2463149,1.563385,-0.1542589,0.03197306,1.502355,-0.1833621,-0.1775972,1.430734,-0.07222489,0.2398993,1.553693,-0.09789532,0.02736551,1.564349,-0.1342046,-0.169408,1.64903,-0.06697939,0.5545521,1.532229
72057594037999830,1,1.322039,95835.74,-0.1214197,0.2438695,1.580781,-0.06375723,0.7035631,1.505964,-0.166376,0.520103,1.517185,-0.2310273,0.3785004,1.553974,-0.2347586,0.2413317,1.544295,-0.2369055,0.202527,1.53732,0.01572004,0.5035855,1.523401,-0.007540087,0.3454006,1.498469,-0.1287926,0.4301586,1.529305,-0.1702718,0.4506558,1.51006,-0.161648,0.2463149,1.563385,-0.1542589,0.03197306,1.502355,-0.1833621,-0.1775972,1.430734,-0.07222489,0.2398993,1.553693,-0.09789532,0.02736551,1.564349,-0.1342046,-0.169408,1.64903,-0.06697939,0.5545521,1.532229
72057594037999830,1,1.322039,95835.74,-0.1214197,0.2438695,1.580781,-0.06375723,0.7035631,1.505964,-0.166376,0.520103,1.517185,-0.2310273,0.3785004,1.553974,-0.2347586,0.2413317,1.544295,-0.2369055,0.202527,1.53732,0.01572004,0.5035855,1.523401,-0.007540087,0.3454006,1.498469,-0.1287926,0.4301586,1.529305,-0.1702718,0.4506558,1.51006,-0.161648,0.2463149,1.563385,-0.1542589,0.03197306,1.502355,-0.1833621,-0.1775972,1.430734,-0.07222489,0.2398993,1.553693,-0.09789532,0.02736551,1.564349,-0.1342046,-0.169408,1.64903,-0.06697939,0.5545521,1.532229
72057594037999830,1,1.322039,95835.74,-0.1214197,0.2438695,1.580781,-0.06375723,0.7035631,1.505964,-0.166376,0.520103,1.517185,-0.2310273,0.3785004,1.553974,-0.2347586,0.2413317,1.544295,-0.2369055,0.202527,1.53732,0.01572004,0.5035855,1.523401,-0.007540087,0.3454006,1.498469,-0.1287926,0.4301586,1.529305,-0.1702718,0.4506558,1.51006,-0.161648,0.2463149,1.563385,-0.1542589,0.03197306,1.502355,-0.1833621,-0.1775972,1.430734,-0.07222489,0.2398993,1.553693,-0.09789532,0.02736551,1.564349,-0.1342046,-0.169408,1.64903,-0.06697939,0.5545521,1.532229
72057594037999830,1,1.333754,95835.75,-0.1155853,0.230704,1.574141,-0.06942827,0.6948462,1.506647,-0.1727118,0.5146688,1.518653,-0.2312648,0.3730357,1.553375,-0.2354797,0.2376551,1.543664,-0.2391904,0.2021598,1.540228,0.01550333,0.501851,1.523726,-0.005074468,0.345335,1.498962,-0.126341,0.4300954,1.529781,-0.1710815,0.4472564,1.503744,-0.1548467,0.2343642,1.555856,-0.1541469,0.02162904,1.497052,-0.1956532,-0.1837552,1.442923,-0.07101428,0.2309485,1.54948,-0.08722867,0.01907238,1.557811,-0.1225471,-0.1720186,1.639864,-0.07087503,0.5500998,1.531073
72057594037999830,1,1.333754,95835.75,-0.1155853,0.230704,1.574141,-0.06942827,0.6948462,1.506647,-0.1727118,0.5146688,1.518653,-0.2312648,0.3730357,1.553375,-0.2354797,0.2376551,1.543664,-0.2391904,0.2021598,1.540228,0.01550333,0.501851,1.523726,-0.005074468,0.345335,1.498962,-0.126341,0.4300954,1.529781,-0.1710815,0.4472564,1.503744,-0.1548467,0.2343642,1.555856,-0.1541469,0.02162904,1.497052,-0.1956532,-0.1837552,1.442923,-0.07101428,0.2309485,1.54948,-0.08722867,0.01907238,1.557811,-0.1225471,-0.1720186,1.639864,-0.07087503,0.5500998,1.531073
72057594037999830,1,1.333754,95835.75,-0.1155853,0.230704,1.574141,-0.06942827,0.6948462,1.506647,-0.1727118,0.5146688,1.518653,-0.2312648,0.3730357,1.553375,-0.2354797,0.2376551,1.543664,-0.2391904,0.2021598,1.540228,0.01550333,0.501851,1.523726,-0.005074468,0.345335,1.498962,-0.126341,0.4300954,1.529781,-0.1710815,0.4472564,1.503744,-0.1548467,0.2343642,1.555856,-0.1541469,0.02162904,1.497052,-0.1956532,-0.1837552,1.442923,-0.07101428,0.2309485,1.54948,-0.08722867,0.01907238,1.557811,-0.1225471,-0.1720186,1.639864,-0.07087503,0.5500998,1.531073
72057594037999830,1,1.333754,95835.76,-0.1155853,0.230704,1.574141,-0.06942827,0.6948462,1.506647,-0.1727118,0.5146688,1.518653,-0.2312648,0.3730357,1.553375,-0.2354797,0.2376551,1.543664,-0.2391904,0.2021598,1.540228,0.01550333,0.501851,1.523726,-0.005074468,0.345335,1.498962,-0.126341,0.4300954,1.529781,-0.1710815,0.4472564,1.503744,-0.1548467,0.2343642,1.555856,-0.1541469,0.02162904,1.497052,-0.1956532,-0.1837552,1.442923,-0.07101428,0.2309485,1.54948,-0.08722867,0.01907238,1.557811,-0.1225471,-0.1720186,1.639864,-0.07087503,0.5500998,1.531073
72057594037999830,1,1.333754,95835.76,-0.1155853,0.230704,1.574141,-0.06942827,0.6948462,1.506647,-0.1727118,0.5146688,1.518653,-0.2312648,0.3730357,1.553375,-0.2354797,0.2376551,1.543664,-0.2391904,0.2021598,1.540228,0.01550333,0.501851,1.523726,-0.005074468,0.345335,1.498962,-0.126341,0.4300954,1.529781,-0.1710815,0.4472564,1.503744,-0.1548467,0.2343642,1.555856,-0.1541469,0.02162904,1.497052,-0.1956532,-0.1837552,1.442923,-0.07101428,0.2309485,1.54948,-0.08722867,0.01907238,1.557811,-0.1225471,-0.1720186,1.639864,-0.07087503,0.5500998,1.531073
72057594037999830,1,1.333754,95835.76,-0.1155853,0.230704,1.574141,-0.06942827,0.6948462,1.506647,-0.1727118,0.5146688,1.518653,-0.2312648,0.3730357,1.553375,-0.2354797,0.2376551,1.543664,-0.2391904,0.2021598,1.540228,0.01550333,0.501851,1.523726,-0.005074468,0.345335,1.498962,-0.126341,0.4300954,1.529781,-0.1710815,0.4472564,1.503744,-0.1548467,0.2343642,1.555856,-0.1541469,0.02162904,1.497052,-0.1956532,-0.1837552,1.442923,-0.07101428,0.2309485,1.54948,-0.08722867,0.01907238,1.557811,-0.1225471,-0.1720186,1.639864,-0.07087503,0.5500998,1.531073
72057594037999830,1,1.333754,95835.77,-0.1155853,0.230704,1.574141,-0.06942827,0.6948462,1.506647,-0.1727118,0.5146688,1.518653,-0.2312648,0.3730357,1.553375,-0.2354797,0.2376551,1.543664,-0.2391904,0.2021598,1.540228,0.01550333,0.501851,1.523726,-0.005074468,0.345335,1.498962,-0.126341,0.4300954,1.529781,-0.1710815,0.4472564,1.503744,-0.1548467,0.2343642,1.555856,-0.1541469,0.02162904,1.497052,-0.1956532,-0.1837552,1.442923,-0.07101428,0.2309485,1.54948,-0.08722867,0.01907238,1.557811,-0.1225471,-0.1720186,1.639864,-0.07087503,0.5500998,1.531073
72057594037999830,1,1.333754,95835.77,-0.1155853,0.230704,1.574141,-0.06942827,0.6948462,1.506647,-0.1727118,0.5146688,1.518653,-0.2312648,0.3730357,1.553375,-0.2354797,0.2376551,1.543664,-0.2391904,0.2021598,1.540228,0.01550333,0.501851,1.523726,-0.005074468,0.345335,1.498962,-0.126341,0.4300954,1.529781,-0.1710815,0.4472564,1.503744,-0.1548467,0.2343642,1.555856,-0.1541469,0.02162904,1.497052,-0.1956532,-0.1837552,1.442923,-0.07101428,0.2309485,1.54948,-0.08722867,0.01907238,1.557811,-0.1225471,-0.1720186,1.639864,-0.07087503,0.5500998,1.531073
72057594037999830,1,1.333754,95835.77,-0.1155853,0.230704,1.574141,-0.06942827,0.6948462,1.506647,-0.1727118,0.5146688,1.518653,-0.2312648,0.3730357,1.553375,-0.2354797,0.2376551,1.543664,-0.2391904,0.2021598,1.540228,0.01550333,0.501851,1.523726,-0.005074468,0.345335,1.498962,-0.126341,0.4300954,1.529781,-0.1710815,0.4472564,1.503744,-0.1548467,0.2343642,1.555856,-0.1541469,0.02162904,1.497052,-0.1956532,-0.1837552,1.442923,-0.07101428,0.2309485,1.54948,-0.08722867,0.01907238,1.557811,-0.1225471,-0.1720186,1.639864,-0.07087503,0.5500998,1.531073
72057594037999830,1,1.333754,95835.77,-0.1155853,0.230704,1.574141,-0.06942827,0.6948462,1.506647,-0.1727118,0.5146688,1.518653,-0.2312648,0.3730357,1.553375,-0.2354797,0.2376551,1.543664,-0.2391904,0.2021598,1.540228,0.01550333,0.501851,1.523726,-0.005074468,0.345335,1.498962,-0.126341,0.4300954,1.529781,-0.1710815,0.4472564,1.503744,-0.1548467,0.2343642,1.555856,-0.1541469,0.02162904,1.497052,-0.1956532,-0.1837552,1.442923,-0.07101428,0.2309485,1.54948,-0.08722867,0.01907238,1.557811,-0.1225471,-0.1720186,1.639864,-0.07087503,0.5500998,1.531073
72057594037999830,1,1.333754,95835.77,-0.1155853,0.230704,1.574141,-0.06942827,0.6948462,1.506647,-0.1727118,0.5146688,1.518653,-0.2312648,0.3730357,1.553375,-0.2354797,0.2376551,1.543664,-0.2391904,0.2021598,1.540228,0.01550333,0.501851,1.523726,-0.005074468,0.345335,1.498962,-0.126341,0.4300954,1.529781,-0.1710815,0.4472564,1.503744,-0.1548467,0.2343642,1.555856,-0.1541469,0.02162904,1.497052,-0.1956532,-0.1837552,1.442923,-0.07101428,0.2309485,1.54948,-0.08722867,0.01907238,1.557811,-0.1225471,-0.1720186,1.639864,-0.07087503,0.5500998,1.531073
72057594037999830,1,1.333754,95835.77,-0.1155853,0.230704,1.574141,-0.06942827,0.6948462,1.506647,-0.1727118,0.5146688,1.518653,-0.2312648,0.3730357,1.553375,-0.2354797,0.2376551,1.543664,-0.2391904,0.2021598,1.540228,0.01550333,0.501851,1.523726,-0.005074468,0.345335,1.498962,-0.126341,0.4300954,1.529781,-0.1710815,0.4472564,1.503744,-0.1548467,0.2343642,1.555856,-0.1541469,0.02162904,1.497052,-0.1956532,-0.1837552,1.442923,-0.07101428,0.2309485,1.54948,-0.08722867,0.01907238,1.557811,-0.1225471,-0.1720186,1.639864,-0.07087503,0.5500998,1.531073
72057594037999830,1,1.388129,95835.78,-0.1347614,0.154181,1.557621,-0.1557641,0.5380832,1.523022,-0.2484414,0.3768898,1.514309,-0.2978173,0.2330531,1.546027,-0.1663032,0.2553802,1.552693,-0.1991876,0.2702038,1.548174,-0.06136199,0.4141349,1.492176,-0.01364792,0.2669216,1.496575,-0.1348312,0.3519967,1.527761,-0.1924504,0.3878,1.535027,-0.1729608,0.1490819,1.536282,-0.2189042,-0.08101413,1.490406,-0.1228024,0.1039316,1.496044,-0.09318728,0.164927,1.537517,-0.02710742,-0.01193109,1.562127,-0.06115295,-0.1943971,1.640609,-0.1399118,0.4190049,1.521679
72057594037999830,1,1.388129,95835.78,-0.1347614,0.154181,1.557621,-0.1557641,0.5380832,1.523022,-0.2484414,0.3768898,1.514309,-0.2978173,0.2330531,1.546027,-0.1663032,0.2553802,1.552693,-0.1991876,0.2702038,1.548174,-0.06136199,0.4141349,1.492176,-0.01364792,0.2669216,1.496575,-0.1348312,0.3519967,1.527761,-0.1924504,0.3878,1.535027,-0.1729608,0.1490819,1.536282,-0.2189042,-0.08101413,1.490406,-0.1228024,0.1039316,1.496044,-0.09318728,0.164927,1.537517,-0.02710742,-0.01193109,1.562127,-0.06115295,-0.1943971,1.640609,-0.1399118,0.4190049,1.521679
72057594037999830,1,1.388129,95835.79,-0.1347614,0.154181,1.557621,-0.1557641,0.5380832,1.523022,-0.2484414,0.3768898,1.514309,-0.2978173,0.2330531,1.546027,-0.1663032,0.2553802,1.552693,-0.1991876,0.2702038,1.548174,-0.06136199,0.4141349,1.492176,-0.01364792,0.2669216,1.496575,-0.1348312,0.3519967,1.527761,-0.1924504,0.3878,1.535027,-0.1729608,0.1490819,1.536282,-0.2189042,-0.08101413,1.490406,-0.1228024,0.1039316,1.496044,-0.09318728,0.164927,1.537517,-0.02710742,-0.01193109,1.562127,-0.06115295,-0.1943971,1.640609,-0.1399118,0.4190049,1.521679
72057594037999830,1,1.388129,95835.79,-0.1347614,0.154181,1.557621,-0.1557641,0.5380832,1.523022,-0.2484414,0.3768898,1.514309,-0.2978173,0.2330531,1.546027,-0.1663032,0.2553802,1.552693,-0.1991876,0.2702038,1.548174,-0.06136199,0.4141349,1.492176,-0.01364792,0.2669216,1.496575,-0.1348312,0.3519967,1.527761,-0.1924504,0.3878,1.535027,-0.1729608,0.1490819,1.536282,-0.2189042,-0.08101413,1.490406,-0.1228024,0.1039316,1.496044,-0.09318728,0.164927,1.537517,-0.02710742,-0.01193109,1.562127,-0.06115295,-0.1943971,1.640609,-0.1399118,0.4190049,1.521679
72057594037999830,1,1.388129,95835.79,-0.1347614,0.154181,1.557621,-0.1557641,0.5380832,1.523022,-0.2484414,0.3768898,1.514309,-0.2978173,0.2330531,1.546027,-0.1663032,0.2553802,1.552693,-0.1991876,0.2702038,1.548174,-0.06136199,0.4141349,1.492176,-0.01364792,0.2669216,1.496575,-0.1348312,0.3519967,1.527761,-0.1924504,0.3878,1.535027,-0.1729608,0.1490819,1.536282,-0.2189042,-0.08101413,1.490406,-0.1228024,0.1039316,1.496044,-0.09318728,0.164927,1.537517,-0.02710742,-0.01193109,1.562127,-0.06115295,-0.1943971,1.640609,-0.1399118,0.4190049,1.521679
72057594037999830,1,1.388129,95835.79,-0.1347614,0.154181,1.557621,-0.1557641,0.5380832,1.523022,-0.2484414,0.3768898,1.514309,-0.2978173,0.2330531,1.546027,-0.1663032,0.2553802,1.552693,-0.1991876,0.2702038,1.548174,-0.06136199,0.4141349,1.492176,-0.01364792,0.2669216,1.496575,-0.1348312,0.3519967,1.527761,-0.1924504,0.3878,1.535027,-0.1729608,0.1490819,1.536282,-0.2189042,-0.08101413,1.490406,-0.1228024,0.1039316,1.496044,-0.09318728,0.164927,1.537517,-0.02710742,-0.01193109,1.562127,-0.06115295,-0.1943971,1.640609,-0.1399118,0.4190049,1.521679
72057594037999830,1,1.388129,95835.8,-0.1347614,0.154181,1.557621,-0.1557641,0.5380832,1.523022,-0.2484414,0.3768898,1.514309,-0.2978173,0.2330531,1.546027,-0.1663032,0.2553802,1.552693,-0.1991876,0.2702038,1.548174,-0.06136199,0.4141349,1.492176,-0.01364792,0.2669216,1.496575,-0.1348312,0.3519967,1.527761,-0.1924504,0.3878,1.535027,-0.1729608,0.1490819,1.536282,-0.2189042,-0.08101413,1.490406,-0.1228024,0.1039316,1.496044,-0.09318728,0.164927,1.537517,-0.02710742,-0.01193109,1.562127,-0.06115295,-0.1943971,1.640609,-0.1399118,0.4190049,1.521679
72057594037999830,1,1.388129,95835.8,-0.1347614,0.154181,1.557621,-0.1557641,0.5380832,1.523022,-0.2484414,0.3768898,1.514309,-0.2978173,0.2330531,1.546027,-0.1663032,0.2553802,1.552693,-0.1991876,0.2702038,1.548174,-0.06136199,0.4141349,1.492176,-0.01364792,0.2669216,1.496575,-0.1348312,0.3519967,1.527761,-0.1924504,0.3878,1.535027,-0.1729608,0.1490819,1.536282,-0.2189042,-0.08101413,1.490406,-0.1228024,0.1039316,1.496044,-0.09318728,0.164927,1.537517,-0.02710742,-0.01193109,1.562127,-0.06115295,-0.1943971,1.640609,-0.1399118,0.4190049,1.521679
72057594037999830,1,1.388129,95835.8,-0.1347614,0.154181,1.557621,-0.1557641,0.5380832,1.523022,-0.2484414,0.3768898,1.514309,-0.2978173,0.2330531,1.546027,-0.1663032,0.2553802,1.552693,-0.1991876,0.2702038,1.548174,-0.06136199,0.4141349,1.492176,-0.01364792,0.2669216,1.496575,-0.1348312,0.3519967,1.527761,-0.1924504,0.3878,1.535027,-0.1729608,0.1490819,1.536282,-0.2189042,-0.08101413,1.490406,-0.1228024,0.1039316,1.496044,-0.09318728,0.164927,1.537517,-0.02710742,-0.01193109,1.562127,-0.06115295,-0.1943971,1.640609,-0.1399118,0.4190049,1.521679
72057594037999830,1,1.388129,95835.8,-0.1347614,0.154181,1.557621,-0.1557641,0.5380832,1.523022,-0.2484414,0.3768898,1.514309,-0.2978173,0.2330531,1.546027,-0.1663032,0.2553802,1.552693,-0.1991876,0.2702038,1.548174,-0.06136199,0.4141349,1.492176,-0.01364792,0.2669216,1.496575,-0.1348312,0.3519967,1.527761,-0.1924504,0.3878,1.535027,-0.1729608,0.1490819,1.536282,-0.2189042,-0.08101413,1.490406,-0.1228024,0.1039316,1.496044,-0.09318728,0.164927,1.537517,-0.02710742,-0.01193109,1.562127,-0.06115295,-0.1943971,1.640609,-0.1399118,0.4190049,1.521679
72057594037999830,1,1.388129,95835.8,-0.1347614,0.154181,1.557621,-0.1557641,0.5380832,1.523022,-0.2484414,0.3768898,1.514309,-0.2978173,0.2330531,1.546027,-0.1663032,0.2553802,1.552693,-0.1991876,0.2702038,1.548174,-0.06136199,0.4141349,1.492176,-0.01364792,0.2669216,1.496575,-0.1348312,0.3519967,1.527761,-0.1924504,0.3878,1.535027,-0.1729608,0.1490819,1.536282,-0.2189042,-0.08101413,1.490406,-0.1228024,0.1039316,1.496044,-0.09318728,0.164927,1.537517,-0.02710742,-0.01193109,1.562127,-0.06115295,-0.1943971,1.640609,-0.1399118,0.4190049,1.521679
72057594037999830,1,1.388129,95835.81,-0.1347614,0.154181,1.557621,-0.1557641,0.5380832,1.523022,-0.2484414,0.3768898,1.514309,-0.2978173,0.2330531,1.546027,-0.1663032,0.2553802,1.552693,-0.1991876,0.2702038,1.548174,-0.06136199,0.4141349,1.492176,-0.01364792,0.2669216,1.496575,-0.1348312,0.3519967,1.527761,-0.1924504,0.3878,1.535027,-0.1729608,0.1490819,1.536282,-0.2189042,-0.08101413,1.490406,-0.1228024,0.1039316,1.496044,-0.09318728,0.164927,1.537517,-0.02710742,-0.01193109,1.562127,-0.06115295,-0.1943971,1.640609,-0.1399118,0.4190049,1.521679
72057594037999830,1,2.878804,95835.81,0,0.38,-0.1,0,0.38,-0.1,0,0.38,-0.1,-0.02176606,0.3142494,0.07362584,-0.0408274,0.2623926,0.2244526,-0.04743623,0.2442956,0.2767715,0,0.38,-0.1,-0.01874354,0.3194499,0.07585562,-0.04734844,0.2772921,0.2282601,-0.05701544,0.2624536,0.2811297,0,0.38,-0.1,0,0.38,-0.1,-0.02562838,0.3171211,0.1725748,0,0.38,-0.1,-0.03108382,0.3056283,0.1684575,-0.06303093,0.1286431,0.2399229,0,0.38,-0.1
72057594037999830,1,2.878804,95835.82,0,0.38,-0.1,0,0.38,-0.1,0,0.38,-0.1,-0.02176606,0.3142494,0.07362584,-0.0408274,0.2623926,0.2244526,-0.04743623,0.2442956,0.2767715,0,0.38,-0.1,-0.01874354,0.3194499,0.07585562,-0.04734844,0.2772921,0.2282601,-0.05701544,0.2624536,0.2811297,0,0.38,-0.1,0,0.38,-0.1,-0.02562838,0.3171211,0.1725748,0,0.38,-0.1,-0.03108382,0.3056283,0.1684575,-0.06303093,0.1286431,0.2399229,0,0.38,-0.1
72057594037999830,1,2.878804,95835.82,0,0.38,-0.1,0,0.38,-0.1,0,0.38,-0.1,-0.02176606,0.3142494,0.07362584,-0.0408274,0.2623926,0.2244526,-0.04743623,0.2442956,0.2767715,0,0.38,-0.1,-0.01874354,0.3194499,0.07585562,-0.04734844,0.2772921,0.2282601,-0.05701544,0.2624536,0.2811297,0,0.38,-0.1,0,0.38,-0.1,-0.02562838,0.3171211,0.1725748,0,0.38,-0.1,-0.03108382,0.3056283,0.1684575,-0.06303093,0.1286431,0.2399229,0,0.38,-0.1
72057594037999830,1,2.878804,95835.83,0,0.38,-0.1,0,0.38,-0.1,0,0.38,-0.1,-0.02176606,0.3142494,0.07362584,-0.0408274,0.2623926,0.2244526,-0.04743623,0.2442956,0.2767715,0,0.38,-0.1,-0.01874354,0.3194499,0.07585562,-0.04734844,0.2772921,0.2282601,-0.05701544,0.2624536,0.2811297,0,0.38,-0.1,0,0.38,-0.1,-0.02562838,0.3171211,0.1725748,0,0.38,-0.1,-0.03108382,0.3056283,0.1684575,-0.06303093,0.1286431,0.2399229,0,0.38,-0.1
72057594037999830,1,2.878804,95835.83,0,0.38,-0.1,0,0.38,-0.1,0,0.38,-0.1,-0.02176606,0.3142494,0.07362584,-0.0408274,0.2623926,0.2244526,-0.04743623,0.2442956,0.2767715,0,0.38,-0.1,-0.01874354,0.3194499,0.07585562,-0.04734844,0.2772921,0.2282601,-0.05701544,0.2624536,0.2811297,0,0.38,-0.1,0,0.38,-0.1,-0.02562838,0.3171211,0.1725748,0,0.38,-0.1,-0.03108382,0.3056283,0.1684575,-0.06303093,0.1286431,0.2399229,0,0.38,-0.1
72057594037999830,1,2.878804,95835.83,0,0.38,-0.1,0,0.38,-0.1,0,0.38,-0.1,-0.02176606,0.3142494,0.07362584,-0.0408274,0.2623926,0.2244526,-0.04743623,0.2442956,0.2767715,0,0.38,-0.1,-0.01874354,0.3194499,0.07585562,-0.04734844,0.2772921,0.2282601,-0.05701544,0.2624536,0.2811297,0,0.38,-0.1,0,0.38,-0.1,-0.02562838,0.3171211,0.1725748,0,0.38,-0.1,-0.03108382,0.3056283,0.1684575,-0.06303093,0.1286431,0.2399229,0,0.38,-0.1
72057594037999830,1,2.878804,95835.84,0,0.38,-0.1,0,0.38,-0.1,0,0.38,-0.1,-0.02176606,0.3142494,0.07362584,-0.0408274,0.2623926,0.2244526,-0.04743623,0.2442956,0.2767715,0,0.38,-0.1,-0.01874354,0.3194499,0.07585562,-0.04734844,0.2772921,0.2282601,-0.05701544,0.2624536,0.2811297,0,0.38,-0.1,0,0.38,-0.1,-0.02562838,0.3171211,0.1725748,0,0.38,-0.1,-0.03108382,0.3056283,0.1684575,-0.06303093,0.1286431,0.2399229,0,0.38,-0.1
72057594037999830,1,2.878804,95835.84,0,0.38,-0.1,0,0.38,-0.1,0,0.38,-0.1,-0.02176606,0.3142494,0.07362584,-0.0408274,0.2623926,0.2244526,-0.04743623,0.2442956,0.2767715,0,0.38,-0.1,-0.01874354,0.3194499,0.07585562,-0.04734844,0.2772921,0.2282601,-0.05701544,0.2624536,0.2811297,0,0.38,-0.1,0,0.38,-0.1,-0.02562838,0.3171211,0.1725748,0,0.38,-0.1,-0.03108382,0.3056283,0.1684575,-0.06303093,0.1286431,0.2399229,0,0.38,-0.1
72057594037999830,1,2.878804,95835.84,0,0.38,-0.1,0,0.38,-0.1,0,0.38,-0.1,-0.02176606,0.3142494,0.07362584,-0.0408274,0.2623926,0.2244526,-0.04743623,0.2442956,0.2767715,0,0.38,-0.1,-0.01874354,0.3194499,0.07585562,-0.04734844,0.2772921,0.2282601,-0.05701544,0.2624536,0.2811297,0,0.38,-0.1,0,0.38,-0.1,-0.02562838,0.3171211,0.1725748,0,0.38,-0.1,-0.03108382,0.3056283,0.1684575,-0.06303093,0.1286431,0.2399229,0,0.38,-0.1
72057594037999830,1,2.878804,95835.84,0,0.38,-0.1,0,0.38,-0.1,0,0.38,-0.1,-0.02176606,0.3142494,0.07362584,-0.0408274,0.2623926,0.2244526,-0.04743623,0.2442956,0.2767715,0,0.38,-0.1,-0.01874354,0.3194499,0.07585562,-0.04734844,0.2772921,0.2282601,-0.05701544,0.2624536,0.2811297,0,0.38,-0.1,0,0.38,-0.1,-0.02562838,0.3171211,0.1725748,0,0.38,-0.1,-0.03108382,0.3056283,0.1684575,-0.06303093,0.1286431,0.2399229,0,0.38,-0.1
72057594037999830,0,2.878804,95835.84,0,0.38,-0.1,0,0.38,-0.1,0,0.38,-0.1,-0.02176606,0.3142494,0.07362584,-0.0408274,0.2623926,0.2244526,-0.04743623,0.2442956,0.2767715,0,0.38,-0.1,-0.01874354,0.3194499,0.07585562,-0.04734844,0.2772921,0.2282601,-0.05701544,0.2624536,0.2811297,0,0.38,-0.1,0,0.38,-0.1,-0.02562838,0.3171211,0.1725748,0,0.38,-0.1,-0.03108382,0.3056283,0.1684575,-0.06303093,0.1286431,0.2399229,0,0.38,-0.1
