72057594038008658,0,2.878804,15575.27,0,0.38,-0.1,0,0.38,-0.1,0,0.38,-0.1,0,0.38,-0.1,0,0.38,-0.1,0,0.38,-0.1,0,0.38,-0.1,0,0.38,-0.1,0,0.38,-0.1,0,0.38,-0.1,0,0.38,-0.1,0,0.38,-0.1,0,0.38,-0.1,0,0.38,-0.1,0,0.38,-0.1,0,0.38,-0.1,0,0.38,-0.1
72057594038008658,0,1.423404,15575.27,-0.5913482,-0.1539321,1.943048,-0.5381934,0.388693,1.928321,-0.5722198,0.174996,1.877393,-0.5756048,0.04051968,1.834063,-0.548848,-0.09457734,1.819642,-0.5538577,-0.122718,1.820218,-0.4866225,0.1435338,1.843503,-0.4246606,0.1280425,1.749463,-0.4969828,0.02838823,1.800011,-0.5231948,0.006807804,1.826957,-0.6038039,-0.1404141,1.907544,-0.5475219,-0.3588169,1.768853,-0.7296228,-0.1985673,1.79002,-0.5646433,-0.1545797,1.929308,-0.5379095,-0.3605034,1.761596,-0.7187889,-0.1960852,1.757309,-0.571943,0.2363847,1.921298
72057594038008658,0,1.423404,15575.27,-0.5913482,-0.1539321,1.943048,-0.5381934,0.388693,1.928321,-0.5722198,0.174996,1.877393,-0.5756048,0.04051968,1.834063,-0.548848,-0.09457734,1.819642,-0.5538577,-0.122718,1.820218,-0.4866225,0.1435338,1.843503,-0.4246606,0.1280425,1.749463,-0.4969828,0.02838823,1.800011,-0.5231948,0.006807804,1.826957,-0.6038039,-0.1404141,1.907544,-0.5475219,-0.3588169,1.768853,-0.7296228,-0.1985673,1.79002,-0.5646433,-0.1545797,1.929308,-0.5379095,-0.3605034,1.761596,-0.7187889,-0.1960852,1.757309,-0.571943,0.2363847,1.921298
72057594038008658,0,1.423404,15575.28,-0.5913482,-0.1539321,1.943048,-0.5381934,0.388693,1.928321,-0.5722198,0.174996,1.877393,-0.5756048,0.04051968,1.834063,-0.548848,-0.09457734,1.819642,-0.5538577,-0.122718,1.820218,-0.4866225,0.1435338,1.843503,-0.4246606,0.1280425,1.749463,-0.4969828,0.02838823,1.800011,-0.5231948,0.006807804,1.826957,-0.6038039,-0.1404141,1.907544,-0.5475219,-0.3588169,1.768853,-0.7296228,-0.1985673,1.79002,-0.5646433,-0.1545797,1.929308,-0.5379095,-0.3605034,1.761596,-0.7187889,-0.1960852,1.757309,-0.571943,0.2363847,1.921298
72057594038008658,0,1.423404,15575.28,-0.5913482,-0.1539321,1.943048,-0.5381934,0.388693,1.928321,-0.5722198,0.174996,1.877393,-0.5756048,0.04051968,1.834063,-0.548848,-0.09457734,1.819642,-0.5538577,-0.122718,1.820218,-0.4866225,0.1435338,1.843503,-0.4246606,0.1280425,1.749463,-0.4969828,0.02838823,1.800011,-0.5231948,0.006807804,1.826957,-0.6038039,-0.1404141,1.907544,-0.5475219,-0.3588169,1.768853,-0.7296228,-0.1985673,1.79002,-0.5646433,-0.1545797,1.929308,-0.5379095,-0.3605034,1.761596,-0.7187889,-0.1960852,1.757309,-0.571943,0.2363847,1.921298
72057594038008658,0,1.423404,15575.28,-0.5913482,-0.1539321,1.943048,-0.5381934,0.388693,1.928321,-0.5722198,0.174996,1.877393,-0.5756048,0.04051968,1.834063,-0.548848,-0.09457734,1.819642,-0.5538577,-0.122718,1.820218,-0.4866225,0.1435338,1.843503,-0.4246606,0.1280425,1.749463,-0.4969828,0.02838823,1.800011,-0.5231948,0.006807804,1.826957,-0.6038039,-0.1404141,1.907544,-0.5475219,-0.3588169,1.768853,-0.7296228,-0.1985673,1.79002,-0.5646433,-0.1545797,1.929308,-0.5379095,-0.3605034,1.761596,-0.7187889,-0.1960852,1.757309,-0.571943,0.2363847,1.921298
72057594038008658,0,1.423404,15575.29,-0.5913482,-0.1539321,1.943048,-0.5381934,0.388693,1.928321,-0.5722198,0.174996,1.877393,-0.5756048,0.04051968,1.834063,-0.548848,-0.09457734,1.819642,-0.5538577,-0.122718,1.820218,-0.4866225,0.1435338,1.843503,-0.4246606,0.1280425,1.749463,-0.4969828,0.02838823,1.800011,-0.5231948,0.006807804,1.826957,-0.6038039,-0.1404141,1.907544,-0.5475219,-0.3588169,1.768853,-0.7296228,-0.1985673,1.79002,-0.5646433,-0.1545797,1.929308,-0.5379095,-0.3605034,1.761596,-0.7187889,-0.1960852,1.757309,-0.571943,0.2363847,1.921298
72057594038008658,0,1.418237,15575.29,-0.5873938,-0.1553231,1.951321,-0.5331237,0.3942144,1.970127,-0.7395685,0.1758483,1.981527,-0.6241477,0.03390253,1.890541,-0.5581151,-0.1460067,1.837356,-0.5328016,-0.2844202,1.801164,-0.4660933,0.1796769,1.898751,-0.4100347,0.04441169,1.887067,-0.5997347,0.001207888,1.861989,-0.6355659,-0.006643414,1.882599,-0.6225318,-0.1502659,1.944829,-0.3823606,-0.1253825,1.751253,-0.6061091,-0.2734999,1.783108,-0.5331174,-0.1509668,1.926989,-0.6594474,-0.2293314,1.877846,-0.5739806,-0.306206,1.807336,-0.5651932,0.2393876,1.948087
72057594038008658,0,1.418237,15575.29,-0.5873938,-0.1553231,1.951321,-0.5331237,0.3942144,1.970127,-0.7395685,0.1758483,1.981527,-0.6241477,0.03390253,1.890541,-0.5581151,-0.1460067,1.837356,-0.5328016,-0.2844202,1.801164,-0.4660933,0.1796769,1.898751,-0.4100347,0.04441169,1.887067,-0.5997347,0.001207888,1.861989,-0.6355659,-0.006643414,1.882599,-0.6225318,-0.1502659,1.944829,-0.3823606,-0.1253825,1.751253,-0.6061091,-0.2734999,1.783108,-0.5331174,-0.1509668,1.926989,-0.6594474,-0.2293314,1.877846,-0.5739806,-0.306206,1.807336,-0.5651932,0.2393876,1.948087
72057594038008658,0,1.418237,15575.29,-0.5873938,-0.1553231,1.951321,-0.5331237,0.3942144,1.970127,-0.7395685,0.1758483,1.981527,-0.6241477,0.03390253,1.890541,-0.5581151,-0.1460067,1.837356,-0.5328016,-0.2844202,1.801164,-0.4660933,0.1796769,1.898751,-0.4100347,0.04441169,1.887067,-0.5997347,0.001207888,1.861989,-0.6355659,-0.006643414,1.882599,-0.6225318,-0.1502659,1.944829,-0.3823606,-0.1253825,1.751253,-0.6061091,-0.2734999,1.783108,-0.5331174,-0.1509668,1.926989,-0.6594474,-0.2293314,1.877846,-0.5739806,-0.306206,1.807336,-0.5651932,0.2393876,1.948087
72057594038008658,0,1.418237,15575.3,-0.5873938,-0.1553231,1.951321,-0.5331237,0.3942144,1.970127,-0.7395685,0.1758483,1.981527,-0.6241477,0.03390253,1.890541,-0.5581151,-0.1460067,1.837356,-0.5328016,-0.2844202,1.801164,-0.4660933,0.1796769,1.898751,-0.4100347,0.04441169,1.887067,-0.5997347,0.001207888,1.861989,-0.6355659,-0.006643414,1.882599,-0.6225318,-0.1502659,1.944829,-0.3823606,-0.1253825,1.751253,-0.6061091,-0.2734999,1.783108,-0.5331174,-0.1509668,1.926989,-0.6594474,-0.2293314,1.877846,-0.5739806,-0.306206,1.807336,-0.5651932,0.2393876,1.948087
72057594038008658,0,1.418237,15575.3,-0.5873938,-0.1553231,1.951321,-0.5331237,0.3942144,1.970127,-0.7395685,0.1758483,1.981527,-0.6241477,0.03390253,1.890541,-0.5581151,-0.1460067,1.837356,-0.5328016,-0.2844202,1.801164,-0.4660933,0.1796769,1.898751,-0.4100347,0.04441169,1.887067,-0.5997347,0.001207888,1.861989,-0.6355659,-0.006643414,1.882599,-0.6225318,-0.1502659,1.944829,-0.3823606,-0.1253825,1.751253,-0.6061091,-0.2734999,1.783108,-0.5331174,-0.1509668,1.926989,-0.6594474,-0.2293314,1.877846,-0.5739806,-0.306206,1.807336,-0.5651932,0.2393876,1.948087
72057594038008658,0,1.418237,15575.3,-0.5873938,-0.1553231,1.951321,-0.5331237,0.3942144,1.970127,-0.7395685,0.1758483,1.981527,-0.6241477,0.03390253,1.890541,-0.5581151,-0.1460067,1.837356,-0.5328016,-0.2844202,1.801164,-0.4660933,0.1796769,1.898751,-0.4100347,0.04441169,1.887067,-0.5997347,0.001207888,1.861989,-0.6355659,-0.006643414,1.882599,-0.6225318,-0.1502659,1.944829,-0.3823606,-0.1253825,1.751253,-0.6061091,-0.2734999,1.783108,-0.5331174,-0.1509668,1.926989,-0.6594474,-0.2293314,1.877846,-0.5739806,-0.306206,1.807336,-0.5651932,0.2393876,1.948087
72057594038008658,0,1.418237,15575.31,-0.5873938,-0.1553231,1.951321,-0.5331237,0.3942144,1.970127,-0.7395685,0.1758483,1.981527,-0.6241477,0.03390253,1.890541,-0.5581151,-0.1460067,1.837356,-0.5328016,-0.2844202,1.801164,-0.4660933,0.1796769,1.898751,-0.4100347,0.04441169,1.887067,-0.5997347,0.001207888,1.861989,-0.6355659,-0.006643414,1.882599,-0.6225318,-0.1502659,1.944829,-0.3823606,-0.1253825,1.751253,-0.6061091,-0.2734999,1.783108,-0.5331174,-0.1509668,1.926989,-0.6594474,-0.2293314,1.877846,-0.5739806,-0.306206,1.807336,-0.5651932,0.2393876,1.948087
72057594038008658,0,1.418237,15575.31,-0.5873938,-0.1553231,1.951321,-0.5331237,0.3942144,1.970127,-0.7395685,0.1758483,1.981527,-0.6241477,0.03390253,1.890541,-0.5581151,-0.1460067,1.837356,-0.5328016,-0.2844202,1.801164,-0.4660933,0.1796769,1.898751,-0.4100347,0.04441169,1.887067,-0.5997347,0.001207888,1.861989,-0.6355659,-0.006643414,1.882599,-0.6225318,-0.1502659,1.944829,-0.3823606,-0.1253825,1.751253,-0.6061091,-0.2734999,1.783108,-0.5331174,-0.1509668,1.926989,-0.6594474,-0.2293314,1.877846,-0.5739806,-0.306206,1.807336,-0.5651932,0.2393876,1.948087
72057594038008658,0,1.418237,15575.31,-0.5873938,-0.1553231,1.951321,-0.5331237,0.3942144,1.970127,-0.7395685,0.1758483,1.981527,-0.6241477,0.03390253,1.890541,-0.5581151,-0.1460067,1.837356,-0.5328016,-0.2844202,1.801164,-0.4660933,0.1796769,1.898751,-0.4100347,0.04441169,1.887067,-0.5997347,0.001207888,1.861989,-0.6355659,-0.006643414,1.882599,-0.6225318,-0.1502659,1.944829,-0.3823606,-0.1253825,1.751253,-0.6061091,-0.2734999,1.783108,-0.5331174,-0.1509668,1.926989,-0.6594474,-0.2293314,1.877846,-0.5739806,-0.306206,1.807336,-0.5651932,0.2393876,1.948087
72057594038008658,0,1.418237,15575.31,-0.5873938,-0.1553231,1.951321,-0.5331237,0.3942144,1.970127,-0.7395685,0.1758483,1.981527,-0.6241477,0.03390253,1.890541,-0.5581151,-0.1460067,1.837356,-0.5328016,-0.2844202,1.801164,-0.4660933,0.1796769,1.898751,-0.4100347,0.04441169,1.887067,-0.5997347,0.001207888,1.861989,-0.6355659,-0.006643414,1.882599,-0.6225318,-0.1502659,1.944829,-0.3823606,-0.1253825,1.751253,-0.6061091,-0.2734999,1.783108,-0.5331174,-0.1509668,1.926989,-0.6594474,-0.2293314,1.877846,-0.5739806,-0.306206,1.807336,-0.5651932,0.2393876,1.948087
72057594038008658,0,1.418237,15575.32,-0.5873938,-0.1553231,1.951321,-0.5331237,0.3942144,1.970127,-0.7395685,0.1758483,1.981527,-0.6241477,0.03390253,1.890541,-0.5581151,-0.1460067,1.837356,-0.5328016,-0.2844202,1.801164,-0.4660933,0.1796769,1.898751,-0.4100347,0.04441169,1.887067,-0.5997347,0.001207888,1.861989,-0.6355659,-0.006643414,1.882599,-0.6225318,-0.1502659,1.944829,-0.3823606,-0.1253825,1.751253,-0.6061091,-0.2734999,1.783108,-0.5331174,-0.1509668,1.926989,-0.6594474,-0.2293314,1.877846,-0.5739806,-0.306206,1.807336,-0.5651932,0.2393876,1.948087
72057594038008658,0,1.488221,15575.32,-0.6598985,-0.2605122,2.027388,-0.530143,0.4012282,2.019675,-0.7454171,0.1558275,2.035734,-0.6094741,0.01621768,1.915789,-0.5434973,-0.1816761,1.838587,-0.5343237,-0.2328724,1.823489,-0.4635537,0.1845978,1.927695,-0.381708,0.06214193,1.985225,-0.5712986,0.1722449,1.968762,-0.630095,0.2130977,1.962964,-0.7065023,-0.2582437,2.014886,-0.4766877,-0.05530661,1.905359,-0.6524941,-0.2716277,1.965859,-0.5966672,-0.2466816,1.986423,-0.493249,-0.3581854,1.695073,-0.4544159,-0.07159728,1.746322,-0.5683897,0.2367074,2.00127
72057594038008658,0,1.488221,15575.32,-0.6598985,-0.2605122,2.027388,-0.530143,0.4012282,2.019675,-0.7454171,0.1558275,2.035734,-0.6094741,0.01621768,1.915789,-0.5434973,-0.1816761,1.838587,-0.5343237,-0.2328724,1.823489,-0.4635537,0.1845978,1.927695,-0.381708,0.06214193,1.985225,-0.5712986,0.1722449,1.968762,-0.630095,0.2130977,1.962964,-0.7065023,-0.2582437,2.014886,-0.4766877,-0.05530661,1.905359,-0.6524941,-0.2716277,1.965859,-0.5966672,-0.2466816,1.986423,-0.493249,-0.3581854,1.695073,-0.4544159,-0.07159728,1.746322,-0.5683897,0.2367074,2.00127
72057594038008658,0,1.488221,15575.33,-0.6598985,-0.2605122,2.027388,-0.530143,0.4012282,2.019675,-0.7454171,0.1558275,2.035734,-0.6094741,0.01621768,1.915789,-0.5434973,-0.1816761,1.838587,-0.5343237,-0.2328724,1.823489,-0.4635537,0.1845978,1.927695,-0.381708,0.06214193,1.985225,-0.5712986,0.1722449,1.968762,-0.630095,0.2130977,1.962964,-0.7065023,-0.2582437,2.014886,-0.4766877,-0.05530661,1.905359,-0.6524941,-0.2716277,1.965859,-0.5966672,-0.2466816,1.986423,-0.493249,-0.3581854,1.695073,-0.4544159,-0.07159728,1.746322,-0.5683897,0.2367074,2.00127
72057594038008658,0,1.488221,15575.33,-0.6598985,-0.2605122,2.027388,-0.530143,0.4012282,2.019675,-0.7454171,0.1558275,2.035734,-0.6094741,0.01621768,1.915789,-0.5434973,-0.1816761,1.838587,-0.5343237,-0.2328724,1.823489,-0.4635537,0.1845978,1.927695,-0.381708,0.06214193,1.985225,-0.5712986,0.1722449,1.968762,-0.630095,0.2130977,1.962964,-0.7065023,-0.2582437,2.014886,-0.4766877,-0.05530661,1.905359,-0.6524941,-0.2716277,1.965859,-0.5966672,-0.2466816,1.986423,-0.493249,-0.3581854,1.695073,-0.4544159,-0.07159728,1.746322,-0.5683897,0.2367074,2.00127
72057594038008658,0,1.488221,15575.33,-0.6598985,-0.2605122,2.027388,-0.530143,0.4012282,2.019675,-0.7454171,0.1558275,2.035734,-0.6094741,0.01621768,1.915789,-0.5434973,-0.1816761,1.838587,-0.5343237,-0.2328724,1.823489,-0.4635537,0.1845978,1.927695,-0.381708,0.06214193,1.985225,-0.5712986,0.1722449,1.968762,-0.630095,0.2130977,1.962964,-0.7065023,-0.2582437,2.014886,-0.4766877,-0.05530661,1.905359,-0.6524941,-0.2716277,1.965859,-0.5966672,-0.2466816,1.986423,-0.493249,-0.3581854,1.695073,-0.4544159,-0.07159728,1.746322,-0.5683897,0.2367074,2.00127
72057594038008658,0,1.488221,15575.34,-0.6598985,-0.2605122,2.027388,-0.530143,0.4012282,2.019675,-0.7454171,0.1558275,2.035734,-0.6094741,0.01621768,1.915789,-0.5434973,-0.1816761,1.838587,-0.5343237,-0.2328724,1.823489,-0.4635537,0.1845978,1.927695,-0.381708,0.06214193,1.985225,-0.5712986,0.1722449,1.968762,-0.630095,0.2130977,1.962964,-0.7065023,-0.2582437,2.014886,-0.4766877,-0.05530661,1.905359,-0.6524941,-0.2716277,1.965859,-0.5966672,-0.2466816,1.986423,-0.493249,-0.3581854,1.695073,-0.4544159,-0.07159728,1.746322,-0.5683897,0.2367074,2.00127
72057594038008658,0,1.488221,15575.34,-0.6598985,-0.2605122,2.027388,-0.530143,0.4012282,2.019675,-0.7454171,0.1558275,2.035734,-0.6094741,0.01621768,1.915789,-0.5434973,-0.1816761,1.838587,-0.5343237,-0.2328724,1.823489,-0.4635537,0.1845978,1.927695,-0.381708,0.06214193,1.985225,-0.5712986,0.1722449,1.968762,-0.630095,0.2130977,1.962964,-0.7065023,-0.2582437,2.014886,-0.4766877,-0.05530661,1.905359,-0.6524941,-0.2716277,1.965859,-0.5966672,-0.2466816,1.986423,-0.493249,-0.3581854,1.695073,-0.4544159,-0.07159728,1.746322,-0.5683897,0.2367074,2.00127
72057594038008658,0,1.488221,15575.34,-0.6598985,-0.2605122,2.027388,-0.530143,0.4012282,2.019675,-0.7454171,0.1558275,2.035734,-0.6094741,0.01621768,1.915789,-0.5434973,-0.1816761,1.838587,-0.5343237,-0.2328724,1.823489,-0.4635537,0.1845978,1.927695,-0.381708,0.06214193,1.985225,-0.5712986,0.1722449,1.968762,-0.630095,0.2130977,1.962964,-0.7065023,-0.2582437,2.014886,-0.4766877,-0.05530661,1.905359,-0.6524941,-0.2716277,1.965859,-0.5966672,-0.2466816,1.986423,-0.493249,-0.3581854,1.695073,-0.4544159,-0.07159728,1.746322,-0.5683897,0.2367074,2.00127
72057594038008658,0,1.488221,15575.35,-0.6598985,-0.2605122,2.027388,-0.530143,0.4012282,2.019675,-0.7454171,0.1558275,2.035734,-0.6094741,0.01621768,1.915789,-0.5434973,-0.1816761,1.838587,-0.5343237,-0.2328724,1.823489,-0.4635537,0.1845978,1.927695,-0.381708,0.06214193,1.985225,-0.5712986,0.1722449,1.968762,-0.630095,0.2130977,1.962964,-0.7065023,-0.2582437,2.014886,-0.4766877,-0.05530661,1.905359,-0.6524941,-0.2716277,1.965859,-0.5966672,-0.2466816,1.986423,-0.493249,-0.3581854,1.695073,-0.4544159,-0.07159728,1.746322,-0.5683897,0.2367074,2.00127
72057594038008658,0,1.488221,15575.35,-0.6598985,-0.2605122,2.027388,-0.530143,0.4012282,2.019675,-0.7454171,0.1558275,2.035734,-0.6094741,0.01621768,1.915789,-0.5434973,-0.1816761,1.838587,-0.5343237,-0.2328724,1.823489,-0.4635537,0.1845978,1.927695,-0.381708,0.06214193,1.985225,-0.5712986,0.1722449,1.968762,-0.630095,0.2130977,1.962964,-0.7065023,-0.2582437,2.014886,-0.4766877,-0.05530661,1.905359,-0.6524941,-0.2716277,1.965859,-0.5966672,-0.2466816,1.986423,-0.493249,-0.3581854,1.695073,-0.4544159,-0.07159728,1.746322,-0.5683897,0.2367074,2.00127
72057594038008658,0,1.488221,15575.35,-0.6598985,-0.2605122,2.027388,-0.530143,0.4012282,2.019675,-0.7454171,0.1558275,2.035734,-0.6094741,0.01621768,1.915789,-0.5434973,-0.1816761,1.838587,-0.5343237,-0.2328724,1.823489,-0.4635537,0.1845978,1.927695,-0.381708,0.06214193,1.985225,-0.5712986,0.1722449,1.968762,-0.630095,0.2130977,1.962964,-0.7065023,-0.2582437,2.014886,-0.4766877,-0.05530661,1.905359,-0.6524941,-0.2716277,1.965859,-0.5966672,-0.2466816,1.986423,-0.493249,-0.3581854,1.695073,-0.4544159,-0.07159728,1.746322,-0.5683897,0.2367074,2.00127
72057594038008658,0,1.359145,15575.35,-0.6393324,-0.1419898,2.090395,-0.5248287,0.4027909,2.058346,-0.7381036,0.1637742,2.076895,-0.6058432,0.01941723,1.955817,-0.5452752,-0.1718248,1.854254,-0.5290889,-0.2237314,1.840282,-0.4423013,0.1930928,1.980012,-0.3633596,0.08532822,2.062352,-0.5612561,0.1747795,2.013213,-0.621106,0.2058443,1.998503,-0.6898779,-0.1411214,2.07675,-0.4555942,-0.06907773,1.896616,-0.5286063,-0.3215262,1.771143,-0.5730498,-0.1300429,2.050272,-0.5474979,-0.3117907,1.814462,-0.4859686,-0.03284401,1.871897,-0.5589167,0.2587261,2.048509
72057594038008658,0,1.359145,15575.36,-0.6393324,-0.1419898,2.090395,-0.5248287,0.4027909,2.058346,-0.7381036,0.1637742,2.076895,-0.6058432,0.01941723,1.955817,-0.5452752,-0.1718248,1.854254,-0.5290889,-0.2237314,1.840282,-0.4423013,0.1930928,1.980012,-0.3633596,0.08532822,2.062352,-0.5612561,0.1747795,2.013213,-0.621106,0.2058443,1.998503,-0.6898779,-0.1411214,2.07675,-0.4555942,-0.06907773,1.896616,-0.5286063,-0.3215262,1.771143,-0.5730498,-0.1300429,2.050272,-0.5474979,-0.3117907,1.814462,-0.4859686,-0.03284401,1.871897,-0.5589167,0.2587261,2.048509
72057594038008658,0,1.359145,15575.36,-0.6393324,-0.1419898,2.090395,-0.5248287,0.4027909,2.058346,-0.7381036,0.1637742,2.076895,-0.6058432,0.01941723,1.955817,-0.5452752,-0.1718248,1.854254,-0.5290889,-0.2237314,1.840282,-0.4423013,0.1930928,1.980012,-0.3633596,0.08532822,2.062352,-0.5612561,0.1747795,2.013213,-0.621106,0.2058443,1.998503,-0.6898779,-0.1411214,2.07675,-0.4555942,-0.06907773,1.896616,-0.5286063,-0.3215262,1.771143,-0.5730498,-0.1300429,2.050272,-0.5474979,-0.3117907,1.814462,-0.4859686,-0.03284401,1.871897,-0.5589167,0.2587261,2.048509
72057594038008658,0,1.359145,15575.37,-0.6393324,-0.1419898,2.090395,-0.5248287,0.4027909,2.058346,-0.7381036,0.1637742,2.076895,-0.6058432,0.01941723,1.955817,-0.5452752,-0.1718248,1.854254,-0.5290889,-0.2237314,1.840282,-0.4423013,0.1930928,1.980012,-0.3633596,0.08532822,2.062352,-0.5612561,0.1747795,2.013213,-0.621106,0.2058443,1.998503,-0.6898779,-0.1411214,2.07675,-0.4555942,-0.06907773,1.896616,-0.5286063,-0.3215262,1.771143,-0.5730498,-0.1300429,2.050272,-0.5474979,-0.3117907,1.814462,-0.4859686,-0.03284401,1.871897,-0.5589167,0.2587261,2.048509
72057594038008658,0,1.359145,15575.37,-0.6393324,-0.1419898,2.090395,-0.5248287,0.4027909,2.058346,-0.7381036,0.1637742,2.076895,-0.6058432,0.01941723,1.955817,-0.5452752,-0.1718248,1.854254,-0.5290889,-0.2237314,1.840282,-0.4423013,0.1930928,1.980012,-0.3633596,0.08532822,2.062352,-0.5612561,0.1747795,2.013213,-0.621106,0.2058443,1.998503,-0.6898779,-0.1411214,2.07675,-0.4555942,-0.06907773,1.896616,-0.5286063,-0.3215262,1.771143,-0.5730498,-0.1300429,2.050272,-0.5474979,-0.3117907,1.814462,-0.4859686,-0.03284401,1.871897,-0.5589167,0.2587261,2.048509
72057594038008658,0,1.359145,15575.37,-0.6393324,-0.1419898,2.090395,-0.5248287,0.4027909,2.058346,-0.7381036,0.1637742,2.076895,-0.6058432,0.01941723,1.955817,-0.5452752,-0.1718248,1.854254,-0.5290889,-0.2237314,1.840282,-0.4423013,0.1930928,1.980012,-0.3633596,0.08532822,2.062352,-0.5612561,0.1747795,2.013213,-0.621106,0.2058443,1.998503,-0.6898779,-0.1411214,2.07675,-0.4555942,-0.06907773,1.896616,-0.5286063,-0.3215262,1.771143,-0.5730498,-0.1300429,2.050272,-0.5474979,-0.3117907,1.814462,-0.4859686,-0.03284401,1.871897,-0.5589167,0.2587261,2.048509
72057594038008658,0,1.359145,15575.37,-0.6393324,-0.1419898,2.090395,-0.5248287,0.4027909,2.058346,-0.7381036,0.1637742,2.076895,-0.6058432,0.01941723,1.955817,-0.5452752,-0.1718248,1.854254,-0.5290889,-0.2237314,1.840282,-0.4423013,0.1930928,1.980012,-0.3633596,0.08532822,2.062352,-0.5612561,0.1747795,2.013213,-0.621106,0.2058443,1.998503,-0.6898779,-0.1411214,2.07675,-0.4555942,-0.06907773,1.896616,-0.5286063,-0.3215262,1.771143,-0.5730498,-0.1300429,2.050272,-0.5474979,-0.3117907,1.814462,-0.4859686,-0.03284401,1.871897,-0.5589167,0.2587261,2.048509
72057594038008658,0,1.359145,15575.38,-0.6393324,-0.1419898,2.090395,-0.5248287,0.4027909,2.058346,-0.7381036,0.1637742,2.076895,-0.6058432,0.01941723,1.955817,-0.5452752,-0.1718248,1.854254,-0.5290889,-0.2237314,1.840282,-0.4423013,0.1930928,1.980012,-0.3633596,0.08532822,2.062352,-0.5612561,0.1747795,2.013213,-0.621106,0.2058443,1.998503,-0.6898779,-0.1411214,2.07675,-0.4555942,-0.06907773,1.896616,-0.5286063,-0.3215262,1.771143,-0.5730498,-0.1300429,2.050272,-0.5474979,-0.3117907,1.814462,-0.4859686,-0.03284401,1.871897,-0.5589167,0.2587261,2.048509
72057594038008658,0,1.359145,15575.38,-0.6393324,-0.1419898,2.090395,-0.5248287,0.4027909,2.058346,-0.7381036,0.1637742,2.076895,-0.6058432,0.01941723,1.955817,-0.5452752,-0.1718248,1.854254,-0.5290889,-0.2237314,1.840282,-0.4423013,0.1930928,1.980012,-0.3633596,0.08532822,2.062352,-0.5612561,0.1747795,2.013213,-0.621106,0.2058443,1.998503,-0.6898779,-0.1411214,2.07675,-0.4555942,-0.06907773,1.896616,-0.5286063,-0.3215262,1.771143,-0.5730498,-0.1300429,2.050272,-0.5474979,-0.3117907,1.814462,-0.4859686,-0.03284401,1.871897,-0.5589167,0.2587261,2.048509
72057594038008658,0,1.359145,15575.38,-0.6393324,-0.1419898,2.090395,-0.5248287,0.4027909,2.058346,-0.7381036,0.1637742,2.076895,-0.6058432,0.01941723,1.955817,-0.5452752,-0.1718248,1.854254,-0.5290889,-0.2237314,1.840282,-0.4423013,0.1930928,1.980012,-0.3633596,0.08532822,2.062352,-0.5612561,0.1747795,2.013213,-0.621106,0.2058443,1.998503,-0.6898779,-0.1411214,2.07675,-0.4555942,-0.06907773,1.896616,-0.5286063,-0.3215262,1.771143,-0.5730498,-0.1300429,2.050272,-0.5474979,-0.3117907,1.814462,-0.4859686,-0.03284401,1.871897,-0.5589167,0.2587261,2.048509
72057594038008658,0,1.359145,15575.39,-0.6393324,-0.1419898,2.090395,-0.5248287,0.4027909,2.058346,-0.7381036,0.1637742,2.076895,-0.6058432,0.01941723,1.955817,-0.5452752,-0.1718248,1.854254,-0.5290889,-0.2237314,1.840282,-0.4423013,0.1930928,1.980012,-0.3633596,0.08532822,2.062352,-0.5612561,0.1747795,2.013213,-0.621106,0.2058443,1.998503,-0.6898779,-0.1411214,2.07675,-0.4555942,-0.06907773,1.896616,-0.5286063,-0.3215262,1.771143,-0.5730498,-0.1300429,2.050272,-0.5474979,-0.3117907,1.814462,-0.4859686,-0.03284401,1.871897,-0.5589167,0.2587261,2.048509
72057594038008658,0,1.337255,15575.39,-0.6420642,-0.1488187,2.152696,-0.5198733,0.4021187,2.096606,-0.6921464,0.1249202,2.10373,-0.5707128,-0.0202803,1.978503,-0.5137329,-0.2171848,1.896385,-0.5191994,-0.2837732,1.829076,-0.4559017,0.2218928,2.006361,-0.4748321,0.007342577,1.956862,-0.5093528,-0.1899123,1.86469,-0.5187359,-0.2383174,1.849513,-0.6897228,-0.1659542,2.139046,-0.4928312,-0.07508999,1.941239,-0.54582,-0.3156732,1.796357,-0.579073,-0.1190727,2.112699,-0.5757003,-0.3242328,1.918332,-0.4630117,-0.08553725,1.801655,-0.5538027,0.2562823,2.083999
72057594038008658,0,1.337255,15575.39,-0.6420642,-0.1488187,2.152696,-0.5198733,0.4021187,2.096606,-0.6921464,0.1249202,2.10373,-0.5707128,-0.0202803,1.978503,-0.5137329,-0.2171848,1.896385,-0.5191994,-0.2837732,1.829076,-0.4559017,0.2218928,2.006361,-0.4748321,0.007342577,1.956862,-0.5093528,-0.1899123,1.86469,-0.5187359,-0.2383174,1.849513,-0.6897228,-0.1659542,2.139046,-0.4928312,-0.07508999,1.941239,-0.54582,-0.3156732,1.796357,-0.579073,-0.1190727,2.112699,-0.5757003,-0.3242328,1.918332,-0.4630117,-0.08553725,1.801655,-0.5538027,0.2562823,2.083999
72057594038008658,0,1.337255,15575.39,-0.6420642,-0.1488187,2.152696,-0.5198733,0.4021187,2.096606,-0.6921464,0.1249202,2.10373,-0.5707128,-0.0202803,1.978503,-0.5137329,-0.2171848,1.896385,-0.5191994,-0.2837732,1.829076,-0.4559017,0.2218928,2.006361,-0.4748321,0.007342577,1.956862,-0.5093528,-0.1899123,1.86469,-0.5187359,-0.2383174,1.849513,-0.6897228,-0.1659542,2.139046,-0.4928312,-0.07508999,1.941239,-0.54582,-0.3156732,1.796357,-0.579073,-0.1190727,2.112699,-0.5757003,-0.3242328,1.918332,-0.4630117,-0.08553725,1.801655,-0.5538027,0.2562823,2.083999
72057594038008658,0,1.337255,15575.4,-0.6420642,-0.1488187,2.152696,-0.5198733,0.4021187,2.096606,-0.6921464,0.1249202,2.10373,-0.5707128,-0.0202803,1.978503,-0.5137329,-0.2171848,1.896385,-0.5191994,-0.2837732,1.829076,-0.4559017,0.2218928,2.006361,-0.4748321,0.007342577,1.956862,-0.5093528,-0.1899123,1.86469,-0.5187359,-0.2383174,1.849513,-0.6897228,-0.1659542,2.139046,-0.4928312,-0.07508999,1.941239,-0.54582,-0.3156732,1.796357,-0.579073,-0.1190727,2.112699,-0.5757003,-0.3242328,1.918332,-0.4630117,-0.08553725,1.801655,-0.5538027,0.2562823,2.083999
72057594038008658,0,1.337255,15575.4,-0.6420642,-0.1488187,2.152696,-0.5198733,0.4021187,2.096606,-0.6921464,0.1249202,2.10373,-0.5707128,-0.0202803,1.978503,-0.5137329,-0.2171848,1.896385,-0.5191994,-0.2837732,1.829076,-0.4559017,0.2218928,2.006361,-0.4748321,0.007342577,1.956862,-0.5093528,-0.1899123,1.86469,-0.5187359,-0.2383174,1.849513,-0.6897228,-0.1659542,2.139046,-0.4928312,-0.07508999,1.941239,-0.54582,-0.3156732,1.796357,-0.579073,-0.1190727,2.112699,-0.5757003,-0.3242328,1.918332,-0.4630117,-0.08553725,1.801655,-0.5538027,0.2562823,2.083999
72057594038008658,0,1.337255,15575.4,-0.6420642,-0.1488187,2.152696,-0.5198733,0.4021187,2.096606,-0.6921464,0.1249202,2.10373,-0.5707128,-0.0202803,1.978503,-0.5137329,-0.2171848,1.896385,-0.5191994,-0.2837732,1.829076,-0.4559017,0.2218928,2.006361,-0.4748321,0.007342577,1.956862,-0.5093528,-0.1899123,1.86469,-0.5187359,-0.2383174,1.849513,-0.6897228,-0.1659542,2.139046,-0.4928312,-0.07508999,1.941239,-0.54582,-0.3156732,1.796357,-0.579073,-0.1190727,2.112699,-0.5757003,-0.3242328,1.918332,-0.4630117,-0.08553725,1.801655,-0.5538027,0.2562823,2.083999
72057594038008658,0,1.337255,15575.4,-0.6420642,-0.1488187,2.152696,-0.5198733,0.4021187,2.096606,-0.6921464,0.1249202,2.10373,-0.5707128,-0.0202803,1.978503,-0.5137329,-0.2171848,1.896385,-0.5191994,-0.2837732,1.829076,-0.4559017,0.2218928,2.006361,-0.4748321,0.007342577,1.956862,-0.5093528,-0.1899123,1.86469,-0.5187359,-0.2383174,1.849513,-0.6897228,-0.1659542,2.139046,-0.4928312,-0.07508999,1.941239,-0.54582,-0.3156732,1.796357,-0.579073,-0.1190727,2.112699,-0.5757003,-0.3242328,1.918332,-0.4630117,-0.08553725,1.801655,-0.5538027,0.2562823,2.083999
72057594038008658,0,1.337255,15575.41,-0.6420642,-0.1488187,2.152696,-0.5198733,0.4021187,2.096606,-0.6921464,0.1249202,2.10373,-0.5707128,-0.0202803,1.978503,-0.5137329,-0.2171848,1.896385,-0.5191994,-0.2837732,1.829076,-0.4559017,0.2218928,2.006361,-0.4748321,0.007342577,1.956862,-0.5093528,-0.1899123,1.86469,-0.5187359,-0.2383174,1.849513,-0.6897228,-0.1659542,2.139046,-0.4928312,-0.07508999,1.941239,-0.54582,-0.3156732,1.796357,-0.579073,-0.1190727,2.112699,-0.5757003,-0.3242328,1.918332,-0.4630117,-0.08553725,1.801655,-0.5538027,0.2562823,2.083999
72057594038008658,0,1.337255,15575.41,-0.6420642,-0.1488187,2.152696,-0.5198733,0.4021187,2.096606,-0.6921464,0.1249202,2.10373,-0.5707128,-0.0202803,1.978503,-0.5137329,-0.2171848,1.896385,-0.5191994,-0.2837732,1.829076,-0.4559017,0.2218928,2.006361,-0.4748321,0.007342577,1.956862,-0.5093528,-0.1899123,1.86469,-0.5187359,-0.2383174,1.849513,-0.6897228,-0.1659542,2.139046,-0.4928312,-0.07508999,1.941239,-0.54582,-0.3156732,1.796357,-0.579073,-0.1190727,2.112699,-0.5757003,-0.3242328,1.918332,-0.4630117,-0.08553725,1.801655,-0.5538027,0.2562823,2.083999
72057594038008658,0,1.337255,15575.41,-0.6420642,-0.1488187,2.152696,-0.5198733,0.4021187,2.096606,-0.6921464,0.1249202,2.10373,-0.5707128,-0.0202803,1.978503,-0.5137329,-0.2171848,1.896385,-0.5191994,-0.2837732,1.829076,-0.4559017,0.2218928,2.006361,-0.4748321,0.007342577,1.956862,-0.5093528,-0.1899123,1.86469,-0.5187359,-0.2383174,1.849513,-0.6897228,-0.1659542,2.139046,-0.4928312,-0.07508999,1.941239,-0.54582,-0.3156732,1.796357,-0.579073,-0.1190727,2.112699,-0.5757003,-0.3242328,1.918332,-0.4630117,-0.08553725,1.801655,-0.5538027,0.2562823,2.083999
72057594038008658,0,1.337255,15575.42,-0.6420642,-0.1488187,2.152696,-0.5198733,0.4021187,2.096606,-0.6921464,0.1249202,2.10373,-0.5707128,-0.0202803,1.978503,-0.5137329,-0.2171848,1.896385,-0.5191994,-0.2837732,1.829076,-0.4559017,0.2218928,2.006361,-0.4748321,0.007342577,1.956862,-0.5093528,-0.1899123,1.86469,-0.5187359,-0.2383174,1.849513,-0.6897228,-0.1659542,2.139046,-0.4928312,-0.07508999,1.941239,-0.54582,-0.3156732,1.796357,-0.579073,-0.1190727,2.112699,-0.5757003,-0.3242328,1.918332,-0.4630117,-0.08553725,1.801655,-0.5538027,0.2562823,2.083999
72057594038008658,0,1.337255,15575.42,-0.6420642,-0.1488187,2.152696,-0.5198733,0.4021187,2.096606,-0.6921464,0.1249202,2.10373,-0.5707128,-0.0202803,1.978503,-0.5137329,-0.2171848,1.896385,-0.5191994,-0.2837732,1.829076,-0.4559017,0.2218928,2.006361,-0.4748321,0.007342577,1.956862,-0.5093528,-0.1899123,1.86469,-0.5187359,-0.2383174,1.849513,-0.6897228,-0.1659542,2.139046,-0.4928312,-0.07508999,1.941239,-0.54582,-0.3156732,1.796357,-0.579073,-0.1190727,2.112699,-0.5757003,-0.3242328,1.918332,-0.4630117,-0.08553725,1.801655,-0.5538027,0.2562823,2.083999
72057594038008658,0,1.343579,15575.42,-0.6349031,-0.1832985,2.193893,-0.5181983,0.3961263,2.133657,-0.7181053,0.12183,2.189986,-0.5863947,0.001441598,2.047742,-0.5102034,-0.1652828,1.920561,-0.5090528,-0.2237921,1.881996,-0.4596483,0.215732,2.039243,-0.4717729,0.001528323,1.983711,-0.4882448,-0.2022067,1.901354,-0.5120574,-0.2340837,1.871338,-0.6804155,-0.1955605,2.183044,-0.515604,-0.1634207,1.970363,-0.5134661,-0.2183543,1.898541,-0.5743953,-0.1577551,2.150706,-0.5141023,-0.1614217,1.974291,-0.511897,-0.2137616,1.895348,-0.5509897,0.2501177,2.123516
72057594038008658,0,1.343579,15575.43,-0.6349031,-0.1832985,2.193893,-0.5181983,0.3961263,2.133657,-0.7181053,0.12183,2.189986,-0.5863947,0.001441598,2.047742,-0.5102034,-0.1652828,1.920561,-0.5090528,-0.2237921,1.881996,-0.4596483,0.215732,2.039243,-0.4717729,0.001528323,1.983711,-0.4882448,-0.2022067,1.901354,-0.5120574,-0.2340837,1.871338,-0.6804155,-0.1955605,2.183044,-0.515604,-0.1634207,1.970363,-0.5134661,-0.2183543,1.898541,-0.5743953,-0.1577551,2.150706,-0.5141023,-0.1614217,1.974291,-0.511897,-0.2137616,1.895348,-0.5509897,0.2501177,2.123516
72057594038008658,0,1.343579,15575.43,-0.6349031,-0.1832985,2.193893,-0.5181983,0.3961263,2.133657,-0.7181053,0.12183,2.189986,-0.5863947,0.001441598,2.047742,-0.5102034,-0.1652828,1.920561,-0.5090528,-0.2237921,1.881996,-0.4596483,0.215732,2.039243,-0.4717729,0.001528323,1.983711,-0.4882448,-0.2022067,1.901354,-0.5120574,-0.2340837,1.871338,-0.6804155,-0.1955605,2.183044,-0.515604,-0.1634207,1.970363,-0.5134661,-0.2183543,1.898541,-0.5743953,-0.1577551,2.150706,-0.5141023,-0.1614217,1.974291,-0.511897,-0.2137616,1.895348,-0.5509897,0.2501177,2.123516
72057594038008658,0,1.343579,15575.43,-0.6349031,-0.1832985,2.193893,-0.5181983,0.3961263,2.133657,-0.7181053,0.12183,2.189986,-0.5863947,0.001441598,2.047742,-0.5102034,-0.1652828,1.920561,-0.5090528,-0.2237921,1.881996,-0.4596483,0.215732,2.039243,-0.4717729,0.001528323,1.983711,-0.4882448,-0.2022067,1.901354,-0.5120574,-0.2340837,1.871338,-0.6804155,-0.1955605,2.183044,-0.515604,-0.1634207,1.970363,-0.5134661,-0.2183543,1.898541,-0.5743953,-0.1577551,2.150706,-0.5141023,-0.1614217,1.974291,-0.511897,-0.2137616,1.895348,-0.5509897,0.2501177,2.123516
72057594038008658,0,1.343579,15575.43,-0.6349031,-0.1832985,2.193893,-0.5181983,0.3961263,2.133657,-0.7181053,0.12183,2.189986,-0.5863947,0.001441598,2.047742,-0.5102034,-0.1652828,1.920561,-0.5090528,-0.2237921,1.881996,-0.4596483,0.215732,2.039243,-0.4717729,0.001528323,1.983711,-0.4882448,-0.2022067,1.901354,-0.5120574,-0.2340837,1.871338,-0.6804155,-0.1955605,2.183044,-0.515604,-0.1634207,1.970363,-0.5134661,-0.2183543,1.898541,-0.5743953,-0.1577551,2.150706,-0.5141023,-0.1614217,1.974291,-0.511897,-0.2137616,1.895348,-0.5509897,0.2501177,2.123516
72057594038008658,0,1.343579,15575.44,-0.6349031,-0.1832985,2.193893,-0.5181983,0.3961263,2.133657,-0.7181053,0.12183,2.189986,-0.5863947,0.001441598,2.047742,-0.5102034,-0.1652828,1.920561,-0.5090528,-0.2237921,1.881996,-0.4596483,0.215732,2.039243,-0.4717729,0.001528323,1.983711,-0.4882448,-0.2022067,1.901354,-0.5120574,-0.2340837,1.871338,-0.6804155,-0.1955605,2.183044,-0.515604,-0.1634207,1.970363,-0.5134661,-0.2183543,1.898541,-0.5743953,-0.1577551,2.150706,-0.5141023,-0.1614217,1.974291,-0.511897,-0.2137616,1.895348,-0.5509897,0.2501177,2.123516
72057594038008658,0,1.343579,15575.44,-0.6349031,-0.1832985,2.193893,-0.5181983,0.3961263,2.133657,-0.7181053,0.12183,2.189986,-0.5863947,0.001441598,2.047742,-0.5102034,-0.1652828,1.920561,-0.5090528,-0.2237921,1.881996,-0.4596483,0.215732,2.039243,-0.4717729,0.001528323,1.983711,-0.4882448,-0.2022067,1.901354,-0.5120574,-0.2340837,1.871338,-0.6804155,-0.1955605,2.183044,-0.515604,-0.1634207,1.970363,-0.5134661,-0.2183543,1.898541,-0.5743953,-0.1577551,2.150706,-0.5141023,-0.1614217,1.974291,-0.511897,-0.2137616,1.895348,-0.5509897,0.2501177,2.123516
72057594038008658,0,1.343579,15575.44,-0.6349031,-0.1832985,2.193893,-0.5181983,0.3961263,2.133657,-0.7181053,0.12183,2.189986,-0.5863947,0.001441598,2.047742,-0.5102034,-0.1652828,1.920561,-0.5090528,-0.2237921,1.881996,-0.4596483,0.215732,2.039243,-0.4717729,0.001528323,1.983711,-0.4882448,-0.2022067,1.901354,-0.5120574,-0.2340837,1.871338,-0.6804155,-0.1955605,2.183044,-0.515604,-0.1634207,1.970363,-0.5134661,-0.2183543,1.898541,-0.5743953,-0.1577551,2.150706,-0.5141023,-0.1614217,1.974291,-0.511897,-0.2137616,1.895348,-0.5509897,0.2501177,2.123516
72057594038008658,0,1.343579,15575.44,-0.6349031,-0.1832985,2.193893,-0.5181983,0.3961263,2.133657,-0.7181053,0.12183,2.189986,-0.5863947,0.001441598,2.047742,-0.5102034,-0.1652828,1.920561,-0.5090528,-0.2237921,1.881996,-0.4596483,0.215732,2.039243,-0.4717729,0.001528323,1.983711,-0.4882448,-0.2022067,1.901354,-0.5120574,-0.2340837,1.871338,-0.6804155,-0.1955605,2.183044,-0.515604,-0.1634207,1.970363,-0.5134661,-0.2183543,1.898541,-0.5743953,-0.1577551,2.150706,-0.5141023,-0.1614217,1.974291,-0.511897,-0.2137616,1.895348,-0.5509897,0.2501177,2.123516
72057594038008658,0,1.343579,15575.45,-0.6349031,-0.1832985,2.193893,-0.5181983,0.3961263,2.133657,-0.7181053,0.12183,2.189986,-0.5863947,0.001441598,2.047742,-0.5102034,-0.1652828,1.920561,-0.5090528,-0.2237921,1.881996,-0.4596483,0.215732,2.039243,-0.4717729,0.001528323,1.983711,-0.4882448,-0.2022067,1.901354,-0.5120574,-0.2340837,1.871338,-0.6804155,-0.1955605,2.183044,-0.515604,-0.1634207,1.970363,-0.5134661,-0.2183543,1.898541,-0.5743953,-0.1577551,2.150706,-0.5141023,-0.1614217,1.974291,-0.511897,-0.2137616,1.895348,-0.5509897,0.2501177,2.123516
72057594038008658,0,1.343579,15575.45,-0.6349031,-0.1832985,2.193893,-0.5181983,0.3961263,2.133657,-0.7181053,0.12183,2.189986,-0.5863947,0.001441598,2.047742,-0.5102034,-0.1652828,1.920561,-0.5090528,-0.2237921,1.881996,-0.4596483,0.215732,2.039243,-0.4717729,0.001528323,1.983711,-0.4882448,-0.2022067,1.901354,-0.5120574,-0.2340837,1.871338,-0.6804155,-0.1955605,2.183044,-0.515604,-0.1634207,1.970363,-0.5134661,-0.2183543,1.898541,-0.5743953,-0.1577551,2.150706,-0.5141023,-0.1614217,1.974291,-0.511897,-0.2137616,1.895348,-0.5509897,0.2501177,2.123516
72057594038008658,0,1.343579,15575.45,-0.6349031,-0.1832985,2.193893,-0.5181983,0.3961263,2.133657,-0.7181053,0.12183,2.189986,-0.5863947,0.001441598,2.047742,-0.5102034,-0.1652828,1.920561,-0.5090528,-0.2237921,1.881996,-0.4596483,0.215732,2.039243,-0.4717729,0.001528323,1.983711,-0.4882448,-0.2022067,1.901354,-0.5120574,-0.2340837,1.871338,-0.6804155,-0.1955605,2.183044,-0.515604,-0.1634207,1.970363,-0.5134661,-0.2183543,1.898541,-0.5743953,-0.1577551,2.150706,-0.5141023,-0.1614217,1.974291,-0.511897,-0.2137616,1.895348,-0.5509897,0.2501177,2.123516
72057594038008658,0,1.287346,15575.46,-0.5398898,-0.1751052,2.214808,-0.5178347,0.3779785,2.173651,-0.7174057,0.1000698,2.222627,-0.5583034,-0.02104968,2.12129,-0.510574,-0.1681912,1.9628,-0.4955016,-0.2555175,1.886192,-0.4540641,0.1716281,2.077517,-0.4565668,-0.04324815,2.042997,-0.4804739,-0.2248229,1.922296,-0.4943604,-0.2549751,1.889901,-0.5883922,-0.1839705,2.201938,-0.4965473,-0.240001,1.918978,-0.5619022,-0.1646619,2.163818,-0.4786928,-0.1532168,2.173407,-0.4846587,-0.3076141,1.890305,-0.4797269,-0.3607439,1.818908,-0.5390887,0.2301286,2.160437
72057594038008658,0,1.287346,15575.46,-0.5398898,-0.1751052,2.214808,-0.5178347,0.3779785,2.173651,-0.7174057,0.1000698,2.222627,-0.5583034,-0.02104968,2.12129,-0.510574,-0.1681912,1.9628,-0.4955016,-0.2555175,1.886192,-0.4540641,0.1716281,2.077517,-0.4565668,-0.04324815,2.042997,-0.4804739,-0.2248229,1.922296,-0.4943604,-0.2549751,1.889901,-0.5883922,-0.1839705,2.201938,-0.4965473,-0.240001,1.918978,-0.5619022,-0.1646619,2.163818,-0.4786928,-0.1532168,2.173407,-0.4846587,-0.3076141,1.890305,-0.4797269,-0.3607439,1.818908,-0.5390887,0.2301286,2.160437
72057594038008658,0,1.287346,15575.46,-0.5398898,-0.1751052,2.214808,-0.5178347,0.3779785,2.173651,-0.7174057,0.1000698,2.222627,-0.5583034,-0.02104968,2.12129,-0.510574,-0.1681912,1.9628,-0.4955016,-0.2555175,1.886192,-0.4540641,0.1716281,2.077517,-0.4565668,-0.04324815,2.042997,-0.4804739,-0.2248229,1.922296,-0.4943604,-0.2549751,1.889901,-0.5883922,-0.1839705,2.201938,-0.4965473,-0.240001,1.918978,-0.5619022,-0.1646619,2.163818,-0.4786928,-0.1532168,2.173407,-0.4846587,-0.3076141,1.890305,-0.4797269,-0.3607439,1.818908,-0.5390887,0.2301286,2.160437
72057594038008658,0,1.287346,15575.46,-0.5398898,-0.1751052,2.214808,-0.5178347,0.3779785,2.173651,-0.7174057,0.1000698,2.222627,-0.5583034,-0.02104968,2.12129,-0.510574,-0.1681912,1.9628,-0.4955016,-0.2555175,1.886192,-0.4540641,0.1716281,2.077517,-0.4565668,-0.04324815,2.042997,-0.4804739,-0.2248229,1.922296,-0.4943604,-0.2549751,1.889901,-0.5883922,-0.1839705,2.201938,-0.4965473,-0.240001,1.918978,-0.5619022,-0.1646619,2.163818,-0.4786928,-0.1532168,2.173407,-0.4846587,-0.3076141,1.890305,-0.4797269,-0.3607439,1.818908,-0.5390887,0.2301286,2.160437
72057594038008658,0,1.287346,15575.47,-0.5398898,-0.1751052,2.214808,-0.5178347,0.3779785,2.173651,-0.7174057,0.1000698,2.222627,-0.5583034,-0.02104968,2.12129,-0.510574,-0.1681912,1.9628,-0.4955016,-0.2555175,1.886192,-0.4540641,0.1716281,2.077517,-0.4565668,-0.04324815,2.042997,-0.4804739,-0.2248229,1.922296,-0.4943604,-0.2549751,1.889901,-0.5883922,-0.1839705,2.201938,-0.4965473,-0.240001,1.918978,-0.5619022,-0.1646619,2.163818,-0.4786928,-0.1532168,2.173407,-0.4846587,-0.3076141,1.890305,-0.4797269,-0.3607439,1.818908,-0.5390887,0.2301286,2.160437
72057594038008658,0,1.287346,15575.47,-0.5398898,-0.1751052,2.214808,-0.5178347,0.3779785,2.173651,-0.7174057,0.1000698,2.222627,-0.5583034,-0.02104968,2.12129,-0.510574,-0.1681912,1.9628,-0.4955016,-0.2555175,1.886192,-0.4540641,0.1716281,2.077517,-0.4565668,-0.04324815,2.042997,-0.4804739,-0.2248229,1.922296,-0.4943604,-0.2549751,1.889901,-0.5883922,-0.1839705,2.201938,-0.4965473,-0.240001,1.918978,-0.5619022,-0.1646619,2.163818,-0.4786928,-0.1532168,2.173407,-0.4846587,-0.3076141,1.890305,-0.4797269,-0.3607439,1.818908,-0.5390887,0.2301286,2.160437
72057594038008658,0,1.287346,15575.47,-0.5398898,-0.1751052,2.214808,-0.5178347,0.3779785,2.173651,-0.7174057,0.1000698,2.222627,-0.5583034,-0.02104968,2.12129,-0.510574,-0.1681912,1.9628,-0.4955016,-0.2555175,1.886192,-0.4540641,0.1716281,2.077517,-0.4565668,-0.04324815,2.042997,-0.4804739,-0.2248229,1.922296,-0.4943604,-0.2549751,1.889901,-0.5883922,-0.1839705,2.201938,-0.4965473,-0.240001,1.918978,-0.5619022,-0.1646619,2.163818,-0.4786928,-0.1532168,2.173407,-0.4846587,-0.3076141,1.890305,-0.4797269,-0.3607439,1.818908,-0.5390887,0.2301286,2.160437
72057594038008658,0,1.287346,15575.49,-0.5398898,-0.1751052,2.214808,-0.5178347,0.3779785,2.173651,-0.7174057,0.1000698,2.222627,-0.5583034,-0.02104968,2.12129,-0.510574,-0.1681912,1.9628,-0.4955016,-0.2555175,1.886192,-0.4540641,0.1716281,2.077517,-0.4565668,-0.04324815,2.042997,-0.4804739,-0.2248229,1.922296,-0.4943604,-0.2549751,1.889901,-0.5883922,-0.1839705,2.201938,-0.4965473,-0.240001,1.918978,-0.5619022,-0.1646619,2.163818,-0.4786928,-0.1532168,2.173407,-0.4846587,-0.3076141,1.890305,-0.4797269,-0.3607439,1.818908,-0.5390887,0.2301286,2.160437
72057594038008658,0,1.291134,15575.49,-0.5441464,-0.1960386,2.254078,-0.5104725,0.3605971,2.202294,-0.6132461,0.155872,2.201909,-0.5376951,-0.03537932,2.121946,-0.5634269,-0.1708708,1.96118,-0.4943228,-0.2180083,1.946142,-0.4560266,0.1554968,2.120514,-0.4026835,-0.01329002,2.081264,-0.4675571,-0.2025769,1.991768,-0.4730674,-0.2345678,1.953032,-0.5965316,-0.1899155,2.248316,-0.4716778,-0.2170943,1.989636,-0.5804193,-0.204479,2.22072,-0.4794985,-0.1911424,2.209031,-0.4998045,-0.3238975,1.946889,-0.4335524,-0.1318865,2.115201,-0.5261424,0.2175696,2.199248
72057594038008658,0,1.291134,15575.49,-0.5441464,-0.1960386,2.254078,-0.5104725,0.3605971,2.202294,-0.6132461,0.155872,2.201909,-0.5376951,-0.03537932,2.121946,-0.5634269,-0.1708708,1.96118,-0.4943228,-0.2180083,1.946142,-0.4560266,0.1554968,2.120514,-0.4026835,-0.01329002,2.081264,-0.4675571,-0.2025769,1.991768,-0.4730674,-0.2345678,1.953032,-0.5965316,-0.1899155,2.248316,-0.4716778,-0.2170943,1.989636,-0.5804193,-0.204479,2.22072,-0.4794985,-0.1911424,2.209031,-0.4998045,-0.3238975,1.946889,-0.4335524,-0.1318865,2.115201,-0.5261424,0.2175696,2.199248
72057594038008658,0,1.291134,15575.5,-0.5441464,-0.1960386,2.254078,-0.5104725,0.3605971,2.202294,-0.6132461,0.155872,2.201909,-0.5376951,-0.03537932,2.121946,-0.5634269,-0.1708708,1.96118,-0.4943228,-0.2180083,1.946142,-0.4560266,0.1554968,2.120514,-0.4026835,-0.01329002,2.081264,-0.4675571,-0.2025769,1.991768,-0.4730674,-0.2345678,1.953032,-0.5965316,-0.1899155,2.248316,-0.4716778,-0.2170943,1.989636,-0.5804193,-0.204479,2.22072,-0.4794985,-0.1911424,2.209031,-0.4998045,-0.3238975,1.946889,-0.4335524,-0.1318865,2.115201,-0.5261424,0.2175696,2.199248
72057594038008658,0,1.291134,15575.5,-0.5441464,-0.1960386,2.254078,-0.5104725,0.3605971,2.202294,-0.6132461,0.155872,2.201909,-0.5376951,-0.03537932,2.121946,-0.5634269,-0.1708708,1.96118,-0.4943228,-0.2180083,1.946142,-0.4560266,0.1554968,2.120514,-0.4026835,-0.01329002,2.081264,-0.4675571,-0.2025769,1.991768,-0.4730674,-0.2345678,1.953032,-0.5965316,-0.1899155,2.248316,-0.4716778,-0.2170943,1.989636,-0.5804193,-0.204479,2.22072,-0.4794985,-0.1911424,2.209031,-0.4998045,-0.3238975,1.946889,-0.4335524,-0.1318865,2.115201,-0.5261424,0.2175696,2.199248
72057594038008658,0,1.291134,15575.5,-0.5441464,-0.1960386,2.254078,-0.5104725,0.3605971,2.202294,-0.6132461,0.155872,2.201909,-0.5376951,-0.03537932,2.121946,-0.5634269,-0.1708708,1.96118,-0.4943228,-0.2180083,1.946142,-0.4560266,0.1554968,2.120514,-0.4026835,-0.01329002,2.081264,-0.4675571,-0.2025769,1.991768,-0.4730674,-0.2345678,1.953032,-0.5965316,-0.1899155,2.248316,-0.4716778,-0.2170943,1.989636,-0.5804193,-0.204479,2.22072,-0.4794985,-0.1911424,2.209031,-0.4998045,-0.3238975,1.946889,-0.4335524,-0.1318865,2.115201,-0.5261424,0.2175696,2.199248
72057594038008658,0,1.291134,15575.5,-0.5441464,-0.1960386,2.254078,-0.5104725,0.3605971,2.202294,-0.6132461,0.155872,2.201909,-0.5376951,-0.03537932,2.121946,-0.5634269,-0.1708708,1.96118,-0.4943228,-0.2180083,1.946142,-0.4560266,0.1554968,2.120514,-0.4026835,-0.01329002,2.081264,-0.4675571,-0.2025769,1.991768,-0.4730674,-0.2345678,1.953032,-0.5965316,-0.1899155,2.248316,-0.4716778,-0.2170943,1.989636,-0.5804193,-0.204479,2.22072,-0.4794985,-0.1911424,2.209031,-0.4998045,-0.3238975,1.946889,-0.4335524,-0.1318865,2.115201,-0.5261424,0.2175696,2.199248
72057594038008658,0,1.291134,15575.51,-0.5441464,-0.1960386,2.254078,-0.5104725,0.3605971,2.202294,-0.6132461,0.155872,2.201909,-0.5376951,-0.03537932,2.121946,-0.5634269,-0.1708708,1.96118,-0.4943228,-0.2180083,1.946142,-0.4560266,0.1554968,2.120514,-0.4026835,-0.01329002,2.081264,-0.4675571,-0.2025769,1.991768,-0.4730674,-0.2345678,1.953032,-0.5965316,-0.1899155,2.248316,-0.4716778,-0.2170943,1.989636,-0.5804193,-0.204479,2.22072,-0.4794985,-0.1911424,2.209031,-0.4998045,-0.3238975,1.946889,-0.4335524,-0.1318865,2.115201,-0.5261424,0.2175696,2.199248
72057594038008658,0,1.291134,15575.51,-0.5441464,-0.1960386,2.254078,-0.5104725,0.3605971,2.202294,-0.6132461,0.155872,2.201909,-0.5376951,-0.03537932,2.121946,-0.5634269,-0.1708708,1.96118,-0.4943228,-0.2180083,1.946142,-0.4560266,0.1554968,2.120514,-0.4026835,-0.01329002,2.081264,-0.4675571,-0.2025769,1.991768,-0.4730674,-0.2345678,1.953032,-0.5965316,-0.1899155,2.248316,-0.4716778,-0.2170943,1.989636,-0.5804193,-0.204479,2.22072,-0.4794985,-0.1911424,2.209031,-0.4998045,-0.3238975,1.946889,-0.4335524,-0.1318865,2.115201,-0.5261424,0.2175696,2.199248
72057594038008658,0,1.291134,15575.51,-0.5441464,-0.1960386,2.254078,-0.5104725,0.3605971,2.202294,-0.6132461,0.155872,2.201909,-0.5376951,-0.03537932,2.121946,-0.5634269,-0.1708708,1.96118,-0.4943228,-0.2180083,1.946142,-0.4560266,0.1554968,2.120514,-0.4026835,-0.01329002,2.081264,-0.4675571,-0.2025769,1.991768,-0.4730674,-0.2345678,1.953032,-0.5965316,-0.1899155,2.248316,-0.4716778,-0.2170943,1.989636,-0.5804193,-0.204479,2.22072,-0.4794985,-0.1911424,2.209031,-0.4998045,-0.3238975,1.946889,-0.4335524,-0.1318865,2.115201,-0.5261424,0.2175696,2.199248
72057594038008658,0,1.291134,15575.51,-0.5441464,-0.1960386,2.254078,-0.5104725,0.3605971,2.202294,-0.6132461,0.155872,2.201909,-0.5376951,-0.03537932,2.121946,-0.5634269,-0.1708708,1.96118,-0.4943228,-0.2180083,1.946142,-0.4560266,0.1554968,2.120514,-0.4026835,-0.01329002,2.081264,-0.4675571,-0.2025769,1.991768,-0.4730674,-0.2345678,1.953032,-0.5965316,-0.1899155,2.248316,-0.4716778,-0.2170943,1.989636,-0.5804193,-0.204479,2.22072,-0.4794985,-0.1911424,2.209031,-0.4998045,-0.3238975,1.946889,-0.4335524,-0.1318865,2.115201,-0.5261424,0.2175696,2.199248
72057594038008658,0,1.291134,15575.52,-0.5441464,-0.1960386,2.254078,-0.5104725,0.3605971,2.202294,-0.6132461,0.155872,2.201909,-0.5376951,-0.03537932,2.121946,-0.5634269,-0.1708708,1.96118,-0.4943228,-0.2180083,1.946142,-0.4560266,0.1554968,2.120514,-0.4026835,-0.01329002,2.081264,-0.4675571,-0.2025769,1.991768,-0.4730674,-0.2345678,1.953032,-0.5965316,-0.1899155,2.248316,-0.4716778,-0.2170943,1.989636,-0.5804193,-0.204479,2.22072,-0.4794985,-0.1911424,2.209031,-0.4998045,-0.3238975,1.946889,-0.4335524,-0.1318865,2.115201,-0.5261424,0.2175696,2.199248
72057594038008658,0,1.291134,15575.53,-0.5441464,-0.1960386,2.254078,-0.5104725,0.3605971,2.202294,-0.6132461,0.155872,2.201909,-0.5376951,-0.03537932,2.121946,-0.5634269,-0.1708708,1.96118,-0.4943228,-0.2180083,1.946142,-0.4560266,0.1554968,2.120514,-0.4026835,-0.01329002,2.081264,-0.4675571,-0.2025769,1.991768,-0.4730674,-0.2345678,1.953032,-0.5965316,-0.1899155,2.248316,-0.4716778,-0.2170943,1.989636,-0.5804193,-0.204479,2.22072,-0.4794985,-0.1911424,2.209031,-0.4998045,-0.3238975,1.946889,-0.4335524,-0.1318865,2.115201,-0.5261424,0.2175696,2.199248
72057594038008658,0,1.287786,15575.53,-0.5270967,-0.2149513,2.288595,-0.5073053,0.3517263,2.233121,-0.5961454,0.154491,2.230688,-0.5587062,-0.05847111,2.182467,-0.5824863,-0.2059323,2.019743,-0.5911469,-0.2556819,1.96846,-0.441627,0.1458834,2.160529,-0.3944138,-0.01095927,2.107313,-0.4435264,-0.1949598,2.065944,-0.4478814,-0.2153226,2.039336,-0.5783881,-0.2043262,2.279366,-0.5593033,0.0432893,2.167685,-0.5799354,-0.207293,2.20285,-0.4650755,-0.2110692,2.241546,-0.4445288,0.04140356,2.100058,-0.4253898,-0.2008599,2.169628,-0.5207878,0.2089168,2.223292
72057594038008658,0,1.287786,15575.53,-0.5270967,-0.2149513,2.288595,-0.5073053,0.3517263,2.233121,-0.5961454,0.154491,2.230688,-0.5587062,-0.05847111,2.182467,-0.5824863,-0.2059323,2.019743,-0.5911469,-0.2556819,1.96846,-0.441627,0.1458834,2.160529,-0.3944138,-0.01095927,2.107313,-0.4435264,-0.1949598,2.065944,-0.4478814,-0.2153226,2.039336,-0.5783881,-0.2043262,2.279366,-0.5593033,0.0432893,2.167685,-0.5799354,-0.207293,2.20285,-0.4650755,-0.2110692,2.241546,-0.4445288,0.04140356,2.100058,-0.4253898,-0.2008599,2.169628,-0.5207878,0.2089168,2.223292
72057594038008658,0,1.287786,15575.54,-0.5270967,-0.2149513,2.288595,-0.5073053,0.3517263,2.233121,-0.5961454,0.154491,2.230688,-0.5587062,-0.05847111,2.182467,-0.5824863,-0.2059323,2.019743,-0.5911469,-0.2556819,1.96846,-0.441627,0.1458834,2.160529,-0.3944138,-0.01095927,2.107313,-0.4435264,-0.1949598,2.065944,-0.4478814,-0.2153226,2.039336,-0.5783881,-0.2043262,2.279366,-0.5593033,0.0432893,2.167685,-0.5799354,-0.207293,2.20285,-0.4650755,-0.2110692,2.241546,-0.4445288,0.04140356,2.100058,-0.4253898,-0.2008599,2.169628,-0.5207878,0.2089168,2.223292
72057594038008658,0,1.287786,15575.54,-0.5270967,-0.2149513,2.288595,-0.5073053,0.3517263,2.233121,-0.5961454,0.154491,2.230688,-0.5587062,-0.05847111,2.182467,-0.5824863,-0.2059323,2.019743,-0.5911469,-0.2556819,1.96846,-0.441627,0.1458834,2.160529,-0.3944138,-0.01095927,2.107313,-0.4435264,-0.1949598,2.065944,-0.4478814,-0.2153226,2.039336,-0.5783881,-0.2043262,2.279366,-0.5593033,0.0432893,2.167685,-0.5799354,-0.207293,2.20285,-0.4650755,-0.2110692,2.241546,-0.4445288,0.04140356,2.100058,-0.4253898,-0.2008599,2.169628,-0.5207878,0.2089168,2.223292
72057594038008658,0,1.287786,15575.54,-0.5270967,-0.2149513,2.288595,-0.5073053,0.3517263,2.233121,-0.5961454,0.154491,2.230688,-0.5587062,-0.05847111,2.182467,-0.5824863,-0.2059323,2.019743,-0.5911469,-0.2556819,1.96846,-0.441627,0.1458834,2.160529,-0.3944138,-0.01095927,2.107313,-0.4435264,-0.1949598,2.065944,-0.4478814,-0.2153226,2.039336,-0.5783881,-0.2043262,2.279366,-0.5593033,0.0432893,2.167685,-0.5799354,-0.207293,2.20285,-0.4650755,-0.2110692,2.241546,-0.4445288,0.04140356,2.100058,-0.4253898,-0.2008599,2.169628,-0.5207878,0.2089168,2.223292
72057594038008658,0,1.287786,15575.55,-0.5270967,-0.2149513,2.288595,-0.5073053,0.3517263,2.233121,-0.5961454,0.154491,2.230688,-0.5587062,-0.05847111,2.182467,-0.5824863,-0.2059323,2.019743,-0.5911469,-0.2556819,1.96846,-0.441627,0.1458834,2.160529,-0.3944138,-0.01095927,2.107313,-0.4435264,-0.1949598,2.065944,-0.4478814,-0.2153226,2.039336,-0.5783881,-0.2043262,2.279366,-0.5593033,0.0432893,2.167685,-0.5799354,-0.207293,2.20285,-0.4650755,-0.2110692,2.241546,-0.4445288,0.04140356,2.100058,-0.4253898,-0.2008599,2.169628,-0.5207878,0.2089168,2.223292
72057594038008658,0,1.287786,15575.55,-0.5270967,-0.2149513,2.288595,-0.5073053,0.3517263,2.233121,-0.5961454,0.154491,2.230688,-0.5587062,-0.05847111,2.182467,-0.5824863,-0.2059323,2.019743,-0.5911469,-0.2556819,1.96846,-0.441627,0.1458834,2.160529,-0.3944138,-0.01095927,2.107313,-0.4435264,-0.1949598,2.065944,-0.4478814,-0.2153226,2.039336,-0.5783881,-0.2043262,2.279366,-0.5593033,0.0432893,2.167685,-0.5799354,-0.207293,2.20285,-0.4650755,-0.2110692,2.241546,-0.4445288,0.04140356,2.100058,-0.4253898,-0.2008599,2.169628,-0.5207878,0.2089168,2.223292
72057594038008658,0,1.287786,15575.55,-0.5270967,-0.2149513,2.288595,-0.5073053,0.3517263,2.233121,-0.5961454,0.154491,2.230688,-0.5587062,-0.05847111,2.182467,-0.5824863,-0.2059323,2.019743,-0.5911469,-0.2556819,1.96846,-0.441627,0.1458834,2.160529,-0.3944138,-0.01095927,2.107313,-0.4435264,-0.1949598,2.065944,-0.4478814,-0.2153226,2.039336,-0.5783881,-0.2043262,2.279366,-0.5593033,0.0432893,2.167685,-0.5799354,-0.207293,2.20285,-0.4650755,-0.2110692,2.241546,-0.4445288,0.04140356,2.100058,-0.4253898,-0.2008599,2.169628,-0.5207878,0.2089168,2.223292
72057594038008658,0,1.287786,15575.56,-0.5270967,-0.2149513,2.288595,-0.5073053,0.3517263,2.233121,-0.5961454,0.154491,2.230688,-0.5587062,-0.05847111,2.182467,-0.5824863,-0.2059323,2.019743,-0.5911469,-0.2556819,1.96846,-0.441627,0.1458834,2.160529,-0.3944138,-0.01095927,2.107313,-0.4435264,-0.1949598,2.065944,-0.4478814,-0.2153226,2.039336,-0.5783881,-0.2043262,2.279366,-0.5593033,0.0432893,2.167685,-0.5799354,-0.207293,2.20285,-0.4650755,-0.2110692,2.241546,-0.4445288,0.04140356,2.100058,-0.4253898,-0.2008599,2.169628,-0.5207878,0.2089168,2.223292
72057594038008658,0,1.283881,15575.56,-0.537359,-0.2121382,2.305105,-0.5002218,0.3572399,2.259063,-0.5905777,0.1533801,2.284166,-0.523038,-0.03164643,2.169264,-0.5375369,-0.1850588,2.003927,-0.5430636,-0.2367662,1.951786,-0.4377163,0.150911,2.170508,-0.391204,-0.004298568,2.125143,-0.4425438,-0.1906252,2.074537,-0.4244855,-0.2310407,2.091846,-0.5814682,-0.2014896,2.296528,-0.512993,0.01850531,2.154985,-0.5742154,-0.2137842,2.205674,-0.4842828,-0.2088804,2.260622,-0.4445028,0.03029975,2.107008,-0.4335056,-0.1983407,2.193343,-0.5157166,0.20974,2.255063
72057594038008658,0,1.283881,15575.56,-0.537359,-0.2121382,2.305105,-0.5002218,0.3572399,2.259063,-0.5905777,0.1533801,2.284166,-0.523038,-0.03164643,2.169264,-0.5375369,-0.1850588,2.003927,-0.5430636,-0.2367662,1.951786,-0.4377163,0.150911,2.170508,-0.391204,-0.004298568,2.125143,-0.4425438,-0.1906252,2.074537,-0.4244855,-0.2310407,2.091846,-0.5814682,-0.2014896,2.296528,-0.512993,0.01850531,2.154985,-0.5742154,-0.2137842,2.205674,-0.4842828,-0.2088804,2.260622,-0.4445028,0.03029975,2.107008,-0.4335056,-0.1983407,2.193343,-0.5157166,0.20974,2.255063
72057594038008658,0,1.283881,15575.57,-0.537359,-0.2121382,2.305105,-0.5002218,0.3572399,2.259063,-0.5905777,0.1533801,2.284166,-0.523038,-0.03164643,2.169264,-0.5375369,-0.1850588,2.003927,-0.5430636,-0.2367662,1.951786,-0.4377163,0.150911,2.170508,-0.391204,-0.004298568,2.125143,-0.4425438,-0.1906252,2.074537,-0.4244855,-0.2310407,2.091846,-0.5814682,-0.2014896,2.296528,-0.512993,0.01850531,2.154985,-0.5742154,-0.2137842,2.205674,-0.4842828,-0.2088804,2.260622,-0.4445028,0.03029975,2.107008,-0.4335056,-0.1983407,2.193343,-0.5157166,0.20974,2.255063
72057594038008658,0,1.283881,15575.57,-0.537359,-0.2121382,2.305105,-0.5002218,0.3572399,2.259063,-0.5905777,0.1533801,2.284166,-0.523038,-0.03164643,2.169264,-0.5375369,-0.1850588,2.003927,-0.5430636,-0.2367662,1.951786,-0.4377163,0.150911,2.170508,-0.391204,-0.004298568,2.125143,-0.4425438,-0.1906252,2.074537,-0.4244855,-0.2310407,2.091846,-0.5814682,-0.2014896,2.296528,-0.512993,0.01850531,2.154985,-0.5742154,-0.2137842,2.205674,-0.4842828,-0.2088804,2.260622,-0.4445028,0.03029975,2.107008,-0.4335056,-0.1983407,2.193343,-0.5157166,0.20974,2.255063
72057594038008658,0,1.283881,15575.57,-0.537359,-0.2121382,2.305105,-0.5002218,0.3572399,2.259063,-0.5905777,0.1533801,2.284166,-0.523038,-0.03164643,2.169264,-0.5375369,-0.1850588,2.003927,-0.5430636,-0.2367662,1.951786,-0.4377163,0.150911,2.170508,-0.391204,-0.004298568,2.125143,-0.4425438,-0.1906252,2.074537,-0.4244855,-0.2310407,2.091846,-0.5814682,-0.2014896,2.296528,-0.512993,0.01850531,2.154985,-0.5742154,-0.2137842,2.205674,-0.4842828,-0.2088804,2.260622,-0.4445028,0.03029975,2.107008,-0.4335056,-0.1983407,2.193343,-0.5157166,0.20974,2.255063
72057594038008658,0,1.283881,15575.58,-0.537359,-0.2121382,2.305105,-0.5002218,0.3572399,2.259063,-0.5905777,0.1533801,2.284166,-0.523038,-0.03164643,2.169264,-0.5375369,-0.1850588,2.003927,-0.5430636,-0.2367662,1.951786,-0.4377163,0.150911,2.170508,-0.391204,-0.004298568,2.125143,-0.4425438,-0.1906252,2.074537,-0.4244855,-0.2310407,2.091846,-0.5814682,-0.2014896,2.296528,-0.512993,0.01850531,2.154985,-0.5742154,-0.2137842,2.205674,-0.4842828,-0.2088804,2.260622,-0.4445028,0.03029975,2.107008,-0.4335056,-0.1983407,2.193343,-0.5157166,0.20974,2.255063
72057594038008658,0,1.283881,15575.58,-0.537359,-0.2121382,2.305105,-0.5002218,0.3572399,2.259063,-0.5905777,0.1533801,2.284166,-0.523038,-0.03164643,2.169264,-0.5375369,-0.1850588,2.003927,-0.5430636,-0.2367662,1.951786,-0.4377163,0.150911,2.170508,-0.391204,-0.004298568,2.125143,-0.4425438,-0.1906252,2.074537,-0.4244855,-0.2310407,2.091846,-0.5814682,-0.2014896,2.296528,-0.512993,0.01850531,2.154985,-0.5742154,-0.2137842,2.205674,-0.4842828,-0.2088804,2.260622,-0.4445028,0.03029975,2.107008,-0.4335056,-0.1983407,2.193343,-0.5157166,0.20974,2.255063
72057594038008658,0,1.283881,15575.58,-0.537359,-0.2121382,2.305105,-0.5002218,0.3572399,2.259063,-0.5905777,0.1533801,2.284166,-0.523038,-0.03164643,2.169264,-0.5375369,-0.1850588,2.003927,-0.5430636,-0.2367662,1.951786,-0.4377163,0.150911,2.170508,-0.391204,-0.004298568,2.125143,-0.4425438,-0.1906252,2.074537,-0.4244855,-0.2310407,2.091846,-0.5814682,-0.2014896,2.296528,-0.512993,0.01850531,2.154985,-0.5742154,-0.2137842,2.205674,-0.4842828,-0.2088804,2.260622,-0.4445028,0.03029975,2.107008,-0.4335056,-0.1983407,2.193343,-0.5157166,0.20974,2.255063
72057594038008658,0,1.283881,15575.58,-0.537359,-0.2121382,2.305105,-0.5002218,0.3572399,2.259063,-0.5905777,0.1533801,2.284166,-0.523038,-0.03164643,2.169264,-0.5375369,-0.1850588,2.003927,-0.5430636,-0.2367662,1.951786,-0.4377163,0.150911,2.170508,-0.391204,-0.004298568,2.125143,-0.4425438,-0.1906252,2.074537,-0.4244855,-0.2310407,2.091846,-0.5814682,-0.2014896,2.296528,-0.512993,0.01850531,2.154985,-0.5742154,-0.2137842,2.205674,-0.4842828,-0.2088804,2.260622,-0.4445028,0.03029975,2.107008,-0.4335056,-0.1983407,2.193343,-0.5157166,0.20974,2.255063
72057594038008658,0,1.283881,15575.59,-0.537359,-0.2121382,2.305105,-0.5002218,0.3572399,2.259063,-0.5905777,0.1533801,2.284166,-0.523038,-0.03164643,2.169264,-0.5375369,-0.1850588,2.003927,-0.5430636,-0.2367662,1.951786,-0.4377163,0.150911,2.170508,-0.391204,-0.004298568,2.125143,-0.4425438,-0.1906252,2.074537,-0.4244855,-0.2310407,2.091846,-0.5814682,-0.2014896,2.296528,-0.512993,0.01850531,2.154985,-0.5742154,-0.2137842,2.205674,-0.4842828,-0.2088804,2.260622,-0.4445028,0.03029975,2.107008,-0.4335056,-0.1983407,2.193343,-0.5157166,0.20974,2.255063
72057594038008658,0,1.168063,15575.59,-0.5069365,-0.1012349,2.333114,-0.4813821,0.3778496,2.268153,-0.5874186,0.2135812,2.334865,-0.5138769,0.09908077,2.200536,-0.49082,-0.02253699,2.059233,-0.4837088,-0.063411,2.014699,-0.4310735,0.2101982,2.20633,-0.4555517,0.09414348,2.131427,-0.4962287,-0.03331923,2.124359,-0.5049421,-0.03759262,2.170797,-0.5467097,-0.09551889,2.341855,-0.465396,0.07193932,2.182351,-0.5778008,-0.2850625,2.211203,-0.4574059,-0.09772104,2.27768,-0.4455447,0.130276,2.22132,-0.4203651,-0.2018544,2.217556,-0.4888629,0.2535603,2.282772
72057594038008658,0,1.168063,15575.59,-0.5069365,-0.1012349,2.333114,-0.4813821,0.3778496,2.268153,-0.5874186,0.2135812,2.334865,-0.5138769,0.09908077,2.200536,-0.49082,-0.02253699,2.059233,-0.4837088,-0.063411,2.014699,-0.4310735,0.2101982,2.20633,-0.4555517,0.09414348,2.131427,-0.4962287,-0.03331923,2.124359,-0.5049421,-0.03759262,2.170797,-0.5467097,-0.09551889,2.341855,-0.465396,0.07193932,2.182351,-0.5778008,-0.2850625,2.211203,-0.4574059,-0.09772104,2.27768,-0.4455447,0.130276,2.22132,-0.4203651,-0.2018544,2.217556,-0.4888629,0.2535603,2.282772
72057594038008658,0,1.168063,15575.59,-0.5069365,-0.1012349,2.333114,-0.4813821,0.3778496,2.268153,-0.5874186,0.2135812,2.334865,-0.5138769,0.09908077,2.200536,-0.49082,-0.02253699,2.059233,-0.4837088,-0.063411,2.014699,-0.4310735,0.2101982,2.20633,-0.4555517,0.09414348,2.131427,-0.4962287,-0.03331923,2.124359,-0.5049421,-0.03759262,2.170797,-0.5467097,-0.09551889,2.341855,-0.465396,0.07193932,2.182351,-0.5778008,-0.2850625,2.211203,-0.4574059,-0.09772104,2.27768,-0.4455447,0.130276,2.22132,-0.4203651,-0.2018544,2.217556,-0.4888629,0.2535603,2.282772
72057594038008658,0,1.168063,15575.6,-0.5069365,-0.1012349,2.333114,-0.4813821,0.3778496,2.268153,-0.5874186,0.2135812,2.334865,-0.5138769,0.09908077,2.200536,-0.49082,-0.02253699,2.059233,-0.4837088,-0.063411,2.014699,-0.4310735,0.2101982,2.20633,-0.4555517,0.09414348,2.131427,-0.4962287,-0.03331923,2.124359,-0.5049421,-0.03759262,2.170797,-0.5467097,-0.09551889,2.341855,-0.465396,0.07193932,2.182351,-0.5778008,-0.2850625,2.211203,-0.4574059,-0.09772104,2.27768,-0.4455447,0.130276,2.22132,-0.4203651,-0.2018544,2.217556,-0.4888629,0.2535603,2.282772
72057594038008658,0,1.168063,15575.6,-0.5069365,-0.1012349,2.333114,-0.4813821,0.3778496,2.268153,-0.5874186,0.2135812,2.334865,-0.5138769,0.09908077,2.200536,-0.49082,-0.02253699,2.059233,-0.4837088,-0.063411,2.014699,-0.4310735,0.2101982,2.20633,-0.4555517,0.09414348,2.131427,-0.4962287,-0.03331923,2.124359,-0.5049421,-0.03759262,2.170797,-0.5467097,-0.09551889,2.341855,-0.465396,0.07193932,2.182351,-0.5778008,-0.2850625,2.211203,-0.4574059,-0.09772104,2.27768,-0.4455447,0.130276,2.22132,-0.4203651,-0.2018544,2.217556,-0.4888629,0.2535603,2.282772
72057594038008658,0,1.168063,15575.6,-0.5069365,-0.1012349,2.333114,-0.4813821,0.3778496,2.268153,-0.5874186,0.2135812,2.334865,-0.5138769,0.09908077,2.200536,-0.49082,-0.02253699,2.059233,-0.4837088,-0.063411,2.014699,-0.4310735,0.2101982,2.20633,-0.4555517,0.09414348,2.131427,-0.4962287,-0.03331923,2.124359,-0.5049421,-0.03759262,2.170797,-0.5467097,-0.09551889,2.341855,-0.465396,0.07193932,2.182351,-0.5778008,-0.2850625,2.211203,-0.4574059,-0.09772104,2.27768,-0.4455447,0.130276,2.22132,-0.4203651,-0.2018544,2.217556,-0.4888629,0.2535603,2.282772
72057594038008658,0,1.168063,15575.61,-0.5069365,-0.1012349,2.333114,-0.4813821,0.3778496,2.268153,-0.5874186,0.2135812,2.334865,-0.5138769,0.09908077,2.200536,-0.49082,-0.02253699,2.059233,-0.4837088,-0.063411,2.014699,-0.4310735,0.2101982,2.20633,-0.4555517,0.09414348,2.131427,-0.4962287,-0.03331923,2.124359,-0.5049421,-0.03759262,2.170797,-0.5467097,-0.09551889,2.341855,-0.465396,0.07193932,2.182351,-0.5778008,-0.2850625,2.211203,-0.4574059,-0.09772104,2.27768,-0.4455447,0.130276,2.22132,-0.4203651,-0.2018544,2.217556,-0.4888629,0.2535603,2.282772
72057594038008658,0,1.168063,15575.61,-0.5069365,-0.1012349,2.333114,-0.4813821,0.3778496,2.268153,-0.5874186,0.2135812,2.334865,-0.5138769,0.09908077,2.200536,-0.49082,-0.02253699,2.059233,-0.4837088,-0.063411,2.014699,-0.4310735,0.2101982,2.20633,-0.4555517,0.09414348,2.131427,-0.4962287,-0.03331923,2.124359,-0.5049421,-0.03759262,2.170797,-0.5467097,-0.09551889,2.341855,-0.465396,0.07193932,2.182351,-0.5778008,-0.2850625,2.211203,-0.4574059,-0.09772104,2.27768,-0.4455447,0.130276,2.22132,-0.4203651,-0.2018544,2.217556,-0.4888629,0.2535603,2.282772
72057594038008658,0,1.168063,15575.61,-0.5069365,-0.1012349,2.333114,-0.4813821,0.3778496,2.268153,-0.5874186,0.2135812,2.334865,-0.5138769,0.09908077,2.200536,-0.49082,-0.02253699,2.059233,-0.4837088,-0.063411,2.014699,-0.4310735,0.2101982,2.20633,-0.4555517,0.09414348,2.131427,-0.4962287,-0.03331923,2.124359,-0.5049421,-0.03759262,2.170797,-0.5467097,-0.09551889,2.341855,-0.465396,0.07193932,2.182351,-0.5778008,-0.2850625,2.211203,-0.4574059,-0.09772104,2.27768,-0.4455447,0.130276,2.22132,-0.4203651,-0.2018544,2.217556,-0.4888629,0.2535603,2.282772
72057594038008658,0,1.168063,15575.62,-0.5069365,-0.1012349,2.333114,-0.4813821,0.3778496,2.268153,-0.5874186,0.2135812,2.334865,-0.5138769,0.09908077,2.200536,-0.49082,-0.02253699,2.059233,-0.4837088,-0.063411,2.014699,-0.4310735,0.2101982,2.20633,-0.4555517,0.09414348,2.131427,-0.4962287,-0.03331923,2.124359,-0.5049421,-0.03759262,2.170797,-0.5467097,-0.09551889,2.341855,-0.465396,0.07193932,2.182351,-0.5778008,-0.2850625,2.211203,-0.4574059,-0.09772104,2.27768,-0.4455447,0.130276,2.22132,-0.4203651,-0.2018544,2.217556,-0.4888629,0.2535603,2.282772
72057594038008658,0,1.127954,15575.62,-0.4761889,-0.06582415,2.326536,-0.4683615,0.3816449,2.284345,-0.5779378,0.2163227,2.37835,-0.5143162,0.109408,2.234915,-0.4931813,-0.006830603,2.090698,-0.4866804,-0.04588228,2.045089,-0.4244107,0.2129542,2.223198,-0.45539,0.09756029,2.152745,-0.487852,-0.0302628,2.128227,-0.5058692,-0.07151616,2.134093,-0.5036086,-0.05921173,2.336993,-0.5609953,-0.131865,2.278423,-0.5770062,-0.2849332,2.211108,-0.4399574,-0.06645551,2.27152,-0.3964103,-0.1116081,2.312073,-0.3974255,-0.2650464,2.269277,-0.4778957,0.25653,2.29201
72057594038008658,0,1.127954,15575.63,-0.4761889,-0.06582415,2.326536,-0.4683615,0.3816449,2.284345,-0.5779378,0.2163227,2.37835,-0.5143162,0.109408,2.234915,-0.4931813,-0.006830603,2.090698,-0.4866804,-0.04588228,2.045089,-0.4244107,0.2129542,2.223198,-0.45539,0.09756029,2.152745,-0.487852,-0.0302628,2.128227,-0.5058692,-0.07151616,2.134093,-0.5036086,-0.05921173,2.336993,-0.5609953,-0.131865,2.278423,-0.5770062,-0.2849332,2.211108,-0.4399574,-0.06645551,2.27152,-0.3964103,-0.1116081,2.312073,-0.3974255,-0.2650464,2.269277,-0.4778957,0.25653,2.29201
72057594038008658,0,1.127954,15575.63,-0.4761889,-0.06582415,2.326536,-0.4683615,0.3816449,2.284345,-0.5779378,0.2163227,2.37835,-0.5143162,0.109408,2.234915,-0.4931813,-0.006830603,2.090698,-0.4866804,-0.04588228,2.045089,-0.4244107,0.2129542,2.223198,-0.45539,0.09756029,2.152745,-0.487852,-0.0302628,2.128227,-0.5058692,-0.07151616,2.134093,-0.5036086,-0.05921173,2.336993,-0.5609953,-0.131865,2.278423,-0.5770062,-0.2849332,2.211108,-0.4399574,-0.06645551,2.27152,-0.3964103,-0.1116081,2.312073,-0.3974255,-0.2650464,2.269277,-0.4778957,0.25653,2.29201
72057594038008658,0,1.127954,15575.63,-0.4761889,-0.06582415,2.326536,-0.4683615,0.3816449,2.284345,-0.5779378,0.2163227,2.37835,-0.5143162,0.109408,2.234915,-0.4931813,-0.006830603,2.090698,-0.4866804,-0.04588228,2.045089,-0.4244107,0.2129542,2.223198,-0.45539,0.09756029,2.152745,-0.487852,-0.0302628,2.128227,-0.5058692,-0.07151616,2.134093,-0.5036086,-0.05921173,2.336993,-0.5609953,-0.131865,2.278423,-0.5770062,-0.2849332,2.211108,-0.4399574,-0.06645551,2.27152,-0.3964103,-0.1116081,2.312073,-0.3974255,-0.2650464,2.269277,-0.4778957,0.25653,2.29201
72057594038008658,0,1.127954,15575.63,-0.4761889,-0.06582415,2.326536,-0.4683615,0.3816449,2.284345,-0.5779378,0.2163227,2.37835,-0.5143162,0.109408,2.234915,-0.4931813,-0.006830603,2.090698,-0.4866804,-0.04588228,2.045089,-0.4244107,0.2129542,2.223198,-0.45539,0.09756029,2.152745,-0.487852,-0.0302628,2.128227,-0.5058692,-0.07151616,2.134093,-0.5036086,-0.05921173,2.336993,-0.5609953,-0.131865,2.278423,-0.5770062,-0.2849332,2.211108,-0.4399574,-0.06645551,2.27152,-0.3964103,-0.1116081,2.312073,-0.3974255,-0.2650464,2.269277,-0.4778957,0.25653,2.29201
72057594038008658,0,1.127954,15575.64,-0.4761889,-0.06582415,2.326536,-0.4683615,0.3816449,2.284345,-0.5779378,0.2163227,2.37835,-0.5143162,0.109408,2.234915,-0.4931813,-0.006830603,2.090698,-0.4866804,-0.04588228,2.045089,-0.4244107,0.2129542,2.223198,-0.45539,0.09756029,2.152745,-0.487852,-0.0302628,2.128227,-0.5058692,-0.07151616,2.134093,-0.5036086,-0.05921173,2.336993,-0.5609953,-0.131865,2.278423,-0.5770062,-0.2849332,2.211108,-0.4399574,-0.06645551,2.27152,-0.3964103,-0.1116081,2.312073,-0.3974255,-0.2650464,2.269277,-0.4778957,0.25653,2.29201
72057594038008658,0,1.127954,15575.64,-0.4761889,-0.06582415,2.326536,-0.4683615,0.3816449,2.284345,-0.5779378,0.2163227,2.37835,-0.5143162,0.109408,2.234915,-0.4931813,-0.006830603,2.090698,-0.4866804,-0.04588228,2.045089,-0.4244107,0.2129542,2.223198,-0.45539,0.09756029,2.152745,-0.487852,-0.0302628,2.128227,-0.5058692,-0.07151616,2.134093,-0.5036086,-0.05921173,2.336993,-0.5609953,-0.131865,2.278423,-0.5770062,-0.2849332,2.211108,-0.4399574,-0.06645551,2.27152,-0.3964103,-0.1116081,2.312073,-0.3974255,-0.2650464,2.269277,-0.4778957,0.25653,2.29201
72057594038008658,0,1.127954,15575.65,-0.4761889,-0.06582415,2.326536,-0.4683615,0.3816449,2.284345,-0.5779378,0.2163227,2.37835,-0.5143162,0.109408,2.234915,-0.4931813,-0.006830603,2.090698,-0.4866804,-0.04588228,2.045089,-0.4244107,0.2129542,2.223198,-0.45539,0.09756029,2.152745,-0.487852,-0.0302628,2.128227,-0.5058692,-0.07151616,2.134093,-0.5036086,-0.05921173,2.336993,-0.5609953,-0.131865,2.278423,-0.5770062,-0.2849332,2.211108,-0.4399574,-0.06645551,2.27152,-0.3964103,-0.1116081,2.312073,-0.3974255,-0.2650464,2.269277,-0.4778957,0.25653,2.29201
72057594038008658,0,1.127954,15575.65,-0.4761889,-0.06582415,2.326536,-0.4683615,0.3816449,2.284345,-0.5779378,0.2163227,2.37835,-0.5143162,0.109408,2.234915,-0.4931813,-0.006830603,2.090698,-0.4866804,-0.04588228,2.045089,-0.4244107,0.2129542,2.223198,-0.45539,0.09756029,2.152745,-0.487852,-0.0302628,2.128227,-0.5058692,-0.07151616,2.134093,-0.5036086,-0.05921173,2.336993,-0.5609953,-0.131865,2.278423,-0.5770062,-0.2849332,2.211108,-0.4399574,-0.06645551,2.27152,-0.3964103,-0.1116081,2.312073,-0.3974255,-0.2650464,2.269277,-0.4778957,0.25653,2.29201
72057594038008658,0,1.127954,15575.65,-0.4761889,-0.06582415,2.326536,-0.4683615,0.3816449,2.284345,-0.5779378,0.2163227,2.37835,-0.5143162,0.109408,2.234915,-0.4931813,-0.006830603,2.090698,-0.4866804,-0.04588228,2.045089,-0.4244107,0.2129542,2.223198,-0.45539,0.09756029,2.152745,-0.487852,-0.0302628,2.128227,-0.5058692,-0.07151616,2.134093,-0.5036086,-0.05921173,2.336993,-0.5609953,-0.131865,2.278423,-0.5770062,-0.2849332,2.211108,-0.4399574,-0.06645551,2.27152,-0.3964103,-0.1116081,2.312073,-0.3974255,-0.2650464,2.269277,-0.4778957,0.25653,2.29201
72057594038008658,0,1.114517,15575.65,-0.4666255,-0.07733369,2.383578,-0.4545797,0.3790713,2.307171,-0.556718,0.2155032,2.408382,-0.4880607,0.1165875,2.268126,-0.4628044,0.02287599,2.174394,-0.4771249,-0.001394838,2.174439,-0.4136413,0.2090278,2.244148,-0.452054,0.09166706,2.193873,-0.4807061,-0.03417185,2.17977,-0.4857177,-0.03206855,2.188154,-0.4943268,-0.07134756,2.385538,-0.5440439,-0.1778797,2.315338,-0.5728202,-0.278119,2.224884,-0.4305032,-0.07508343,2.336872,-0.3874004,-0.1936887,2.342995,-0.3891781,-0.2766765,2.339507,-0.4537486,0.2545199,2.318396
72057594038008658,0,1.114517,15575.66,-0.4666255,-0.07733369,2.383578,-0.4545797,0.3790713,2.307171,-0.556718,0.2155032,2.408382,-0.4880607,0.1165875,2.268126,-0.4628044,0.02287599,2.174394,-0.4771249,-0.001394838,2.174439,-0.4136413,0.2090278,2.244148,-0.452054,0.09166706,2.193873,-0.4807061,-0.03417185,2.17977,-0.4857177,-0.03206855,2.188154,-0.4943268,-0.07134756,2.385538,-0.5440439,-0.1778797,2.315338,-0.5728202,-0.278119,2.224884,-0.4305032,-0.07508343,2.336872,-0.3874004,-0.1936887,2.342995,-0.3891781,-0.2766765,2.339507,-0.4537486,0.2545199,2.318396
72057594038008658,0,1.114517,15575.66,-0.4666255,-0.07733369,2.383578,-0.4545797,0.3790713,2.307171,-0.556718,0.2155032,2.408382,-0.4880607,0.1165875,2.268126,-0.4628044,0.02287599,2.174394,-0.4771249,-0.001394838,2.174439,-0.4136413,0.2090278,2.244148,-0.452054,0.09166706,2.193873,-0.4807061,-0.03417185,2.17977,-0.4857177,-0.03206855,2.188154,-0.4943268,-0.07134756,2.385538,-0.5440439,-0.1778797,2.315338,-0.5728202,-0.278119,2.224884,-0.4305032,-0.07508343,2.336872,-0.3874004,-0.1936887,2.342995,-0.3891781,-0.2766765,2.339507,-0.4537486,0.2545199,2.318396
72057594038008658,0,1.114517,15575.66,-0.4666255,-0.07733369,2.383578,-0.4545797,0.3790713,2.307171,-0.556718,0.2155032,2.408382,-0.4880607,0.1165875,2.268126,-0.4628044,0.02287599,2.174394,-0.4771249,-0.001394838,2.174439,-0.4136413,0.2090278,2.244148,-0.452054,0.09166706,2.193873,-0.4807061,-0.03417185,2.17977,-0.4857177,-0.03206855,2.188154,-0.4943268,-0.07134756,2.385538,-0.5440439,-0.1778797,2.315338,-0.5728202,-0.278119,2.224884,-0.4305032,-0.07508343,2.336872,-0.3874004,-0.1936887,2.342995,-0.3891781,-0.2766765,2.339507,-0.4537486,0.2545199,2.318396
72057594038008658,0,1.114517,15575.67,-0.4666255,-0.07733369,2.383578,-0.4545797,0.3790713,2.307171,-0.556718,0.2155032,2.408382,-0.4880607,0.1165875,2.268126,-0.4628044,0.02287599,2.174394,-0.4771249,-0.001394838,2.174439,-0.4136413,0.2090278,2.244148,-0.452054,0.09166706,2.193873,-0.4807061,-0.03417185,2.17977,-0.4857177,-0.03206855,2.188154,-0.4943268,-0.07134756,2.385538,-0.5440439,-0.1778797,2.315338,-0.5728202,-0.278119,2.224884,-0.4305032,-0.07508343,2.336872,-0.3874004,-0.1936887,2.342995,-0.3891781,-0.2766765,2.339507,-0.4537486,0.2545199,2.318396
72057594038008658,0,1.114517,15575.67,-0.4666255,-0.07733369,2.383578,-0.4545797,0.3790713,2.307171,-0.556718,0.2155032,2.408382,-0.4880607,0.1165875,2.268126,-0.4628044,0.02287599,2.174394,-0.4771249,-0.001394838,2.174439,-0.4136413,0.2090278,2.244148,-0.452054,0.09166706,2.193873,-0.4807061,-0.03417185,2.17977,-0.4857177,-0.03206855,2.188154,-0.4943268,-0.07134756,2.385538,-0.5440439,-0.1778797,2.315338,-0.5728202,-0.278119,2.224884,-0.4305032,-0.07508343,2.336872,-0.3874004,-0.1936887,2.342995,-0.3891781,-0.2766765,2.339507,-0.4537486,0.2545199,2.318396
72057594038008658,0,1.114517,15575.67,-0.4666255,-0.07733369,2.383578,-0.4545797,0.3790713,2.307171,-0.556718,0.2155032,2.408382,-0.4880607,0.1165875,2.268126,-0.4628044,0.02287599,2.174394,-0.4771249,-0.001394838,2.174439,-0.4136413,0.2090278,2.244148,-0.452054,0.09166706,2.193873,-0.4807061,-0.03417185,2.17977,-0.4857177,-0.03206855,2.188154,-0.4943268,-0.07134756,2.385538,-0.5440439,-0.1778797,2.315338,-0.5728202,-0.278119,2.224884,-0.4305032,-0.07508343,2.336872,-0.3874004,-0.1936887,2.342995,-0.3891781,-0.2766765,2.339507,-0.4537486,0.2545199,2.318396
72057594038008658,0,1.114517,15575.68,-0.4666255,-0.07733369,2.383578,-0.4545797,0.3790713,2.307171,-0.556718,0.2155032,2.408382,-0.4880607,0.1165875,2.268126,-0.4628044,0.02287599,2.174394,-0.4771249,-0.001394838,2.174439,-0.4136413,0.2090278,2.244148,-0.452054,0.09166706,2.193873,-0.4807061,-0.03417185,2.17977,-0.4857177,-0.03206855,2.188154,-0.4943268,-0.07134756,2.385538,-0.5440439,-0.1778797,2.315338,-0.5728202,-0.278119,2.224884,-0.4305032,-0.07508343,2.336872,-0.3874004,-0.1936887,2.342995,-0.3891781,-0.2766765,2.339507,-0.4537486,0.2545199,2.318396
72057594038008658,0,1.114517,15575.68,-0.4666255,-0.07733369,2.383578,-0.4545797,0.3790713,2.307171,-0.556718,0.2155032,2.408382,-0.4880607,0.1165875,2.268126,-0.4628044,0.02287599,2.174394,-0.4771249,-0.001394838,2.174439,-0.4136413,0.2090278,2.244148,-0.452054,0.09166706,2.193873,-0.4807061,-0.03417185,2.17977,-0.4857177,-0.03206855,2.188154,-0.4943268,-0.07134756,2.385538,-0.5440439,-0.1778797,2.315338,-0.5728202,-0.278119,2.224884,-0.4305032,-0.07508343,2.336872,-0.3874004,-0.1936887,2.342995,-0.3891781,-0.2766765,2.339507,-0.4537486,0.2545199,2.318396
72057594038008658,0,1.114517,15575.69,-0.4666255,-0.07733369,2.383578,-0.4545797,0.3790713,2.307171,-0.556718,0.2155032,2.408382,-0.4880607,0.1165875,2.268126,-0.4628044,0.02287599,2.174394,-0.4771249,-0.001394838,2.174439,-0.4136413,0.2090278,2.244148,-0.452054,0.09166706,2.193873,-0.4807061,-0.03417185,2.17977,-0.4857177,-0.03206855,2.188154,-0.4943268,-0.07134756,2.385538,-0.5440439,-0.1778797,2.315338,-0.5728202,-0.278119,2.224884,-0.4305032,-0.07508343,2.336872,-0.3874004,-0.1936887,2.342995,-0.3891781,-0.2766765,2.339507,-0.4537486,0.2545199,2.318396
72057594038008658,0,1.115351,15575.69,-0.4628792,-0.08122548,2.386797,-0.4370896,0.3684673,2.327014,-0.5417466,0.2110866,2.443409,-0.4766211,0.1143765,2.301602,-0.444901,-0.01453951,2.211225,-0.4549013,-0.03269643,2.208709,-0.3908573,0.1951669,2.280706,-0.4349546,0.08622259,2.217682,-0.4560676,-0.03980353,2.197792,-0.4590429,-0.0437806,2.207203,-0.4906236,-0.07480574,2.390257,-0.5390121,-0.1612472,2.324953,-0.5554712,-0.2555034,2.261337,-0.4267541,-0.07951969,2.339185,-0.3814539,-0.1706653,2.36083,-0.3873919,-0.2891519,2.366547,-0.4390772,0.2438534,2.337477
72057594038008658,0,1.115351,15575.69,-0.4628792,-0.08122548,2.386797,-0.4370896,0.3684673,2.327014,-0.5417466,0.2110866,2.443409,-0.4766211,0.1143765,2.301602,-0.444901,-0.01453951,2.211225,-0.4549013,-0.03269643,2.208709,-0.3908573,0.1951669,2.280706,-0.4349546,0.08622259,2.217682,-0.4560676,-0.03980353,2.197792,-0.4590429,-0.0437806,2.207203,-0.4906236,-0.07480574,2.390257,-0.5390121,-0.1612472,2.324953,-0.5554712,-0.2555034,2.261337,-0.4267541,-0.07951969,2.339185,-0.3814539,-0.1706653,2.36083,-0.3873919,-0.2891519,2.366547,-0.4390772,0.2438534,2.337477
72057594038008658,0,1.115351,15575.69,-0.4628792,-0.08122548,2.386797,-0.4370896,0.3684673,2.327014,-0.5417466,0.2110866,2.443409,-0.4766211,0.1143765,2.301602,-0.444901,-0.01453951,2.211225,-0.4549013,-0.03269643,2.208709,-0.3908573,0.1951669,2.280706,-0.4349546,0.08622259,2.217682,-0.4560676,-0.03980353,2.197792,-0.4590429,-0.0437806,2.207203,-0.4906236,-0.07480574,2.390257,-0.5390121,-0.1612472,2.324953,-0.5554712,-0.2555034,2.261337,-0.4267541,-0.07951969,2.339185,-0.3814539,-0.1706653,2.36083,-0.3873919,-0.2891519,2.366547,-0.4390772,0.2438534,2.337477
72057594038008658,0,1.115351,15575.7,-0.4628792,-0.08122548,2.386797,-0.4370896,0.3684673,2.327014,-0.5417466,0.2110866,2.443409,-0.4766211,0.1143765,2.301602,-0.444901,-0.01453951,2.211225,-0.4549013,-0.03269643,2.208709,-0.3908573,0.1951669,2.280706,-0.4349546,0.08622259,2.217682,-0.4560676,-0.03980353,2.197792,-0.4590429,-0.0437806,2.207203,-0.4906236,-0.07480574,2.390257,-0.5390121,-0.1612472,2.324953,-0.5554712,-0.2555034,2.261337,-0.4267541,-0.07951969,2.339185,-0.3814539,-0.1706653,2.36083,-0.3873919,-0.2891519,2.366547,-0.4390772,0.2438534,2.337477
72057594038008658,0,1.115351,15575.7,-0.4628792,-0.08122548,2.386797,-0.4370896,0.3684673,2.327014,-0.5417466,0.2110866,2.443409,-0.4766211,0.1143765,2.301602,-0.444901,-0.01453951,2.211225,-0.4549013,-0.03269643,2.208709,-0.3908573,0.1951669,2.280706,-0.4349546,0.08622259,2.217682,-0.4560676,-0.03980353,2.197792,-0.4590429,-0.0437806,2.207203,-0.4906236,-0.07480574,2.390257,-0.5390121,-0.1612472,2.324953,-0.5554712,-0.2555034,2.261337,-0.4267541,-0.07951969,2.339185,-0.3814539,-0.1706653,2.36083,-0.3873919,-0.2891519,2.366547,-0.4390772,0.2438534,2.337477
72057594038008658,0,1.115351,15575.71,-0.4628792,-0.08122548,2.386797,-0.4370896,0.3684673,2.327014,-0.5417466,0.2110866,2.443409,-0.4766211,0.1143765,2.301602,-0.444901,-0.01453951,2.211225,-0.4549013,-0.03269643,2.208709,-0.3908573,0.1951669,2.280706,-0.4349546,0.08622259,2.217682,-0.4560676,-0.03980353,2.197792,-0.4590429,-0.0437806,2.207203,-0.4906236,-0.07480574,2.390257,-0.5390121,-0.1612472,2.324953,-0.5554712,-0.2555034,2.261337,-0.4267541,-0.07951969,2.339185,-0.3814539,-0.1706653,2.36083,-0.3873919,-0.2891519,2.366547,-0.4390772,0.2438534,2.337477
72057594038008658,0,1.115351,15575.71,-0.4628792,-0.08122548,2.386797,-0.4370896,0.3684673,2.327014,-0.5417466,0.2110866,2.443409,-0.4766211,0.1143765,2.301602,-0.444901,-0.01453951,2.211225,-0.4549013,-0.03269643,2.208709,-0.3908573,0.1951669,2.280706,-0.4349546,0.08622259,2.217682,-0.4560676,-0.03980353,2.197792,-0.4590429,-0.0437806,2.207203,-0.4906236,-0.07480574,2.390257,-0.5390121,-0.1612472,2.324953,-0.5554712,-0.2555034,2.261337,-0.4267541,-0.07951969,2.339185,-0.3814539,-0.1706653,2.36083,-0.3873919,-0.2891519,2.366547,-0.4390772,0.2438534,2.337477
72057594038008658,0,1.115351,15575.71,-0.4628792,-0.08122548,2.386797,-0.4370896,0.3684673,2.327014,-0.5417466,0.2110866,2.443409,-0.4766211,0.1143765,2.301602,-0.444901,-0.01453951,2.211225,-0.4549013,-0.03269643,2.208709,-0.3908573,0.1951669,2.280706,-0.4349546,0.08622259,2.217682,-0.4560676,-0.03980353,2.197792,-0.4590429,-0.0437806,2.207203,-0.4906236,-0.07480574,2.390257,-0.5390121,-0.1612472,2.324953,-0.5554712,-0.2555034,2.261337,-0.4267541,-0.07951969,2.339185,-0.3814539,-0.1706653,2.36083,-0.3873919,-0.2891519,2.366547,-0.4390772,0.2438534,2.337477
72057594038008658,0,1.115351,15575.72,-0.4628792,-0.08122548,2.386797,-0.4370896,0.3684673,2.327014,-0.5417466,0.2110866,2.443409,-0.4766211,0.1143765,2.301602,-0.444901,-0.01453951,2.211225,-0.4549013,-0.03269643,2.208709,-0.3908573,0.1951669,2.280706,-0.4349546,0.08622259,2.217682,-0.4560676,-0.03980353,2.197792,-0.4590429,-0.0437806,2.207203,-0.4906236,-0.07480574,2.390257,-0.5390121,-0.1612472,2.324953,-0.5554712,-0.2555034,2.261337,-0.4267541,-0.07951969,2.339185,-0.3814539,-0.1706653,2.36083,-0.3873919,-0.2891519,2.366547,-0.4390772,0.2438534,2.337477
72057594038008658,0,1.106543,15575.74,-0.4326304,-0.09906453,2.429843,-0.4200488,0.354858,2.351133,-0.5290233,0.2018784,2.45813,-0.4532613,0.09627524,2.331481,-0.3947717,-0.02263275,2.228834,-0.4064618,-0.04861289,2.226991,-0.3801399,0.1869999,2.301096,-0.398452,0.04352126,2.263606,-0.4259624,-0.07920301,2.237549,-0.4262332,-0.07729509,2.245964,-0.4621928,-0.09168592,2.438848,-0.509771,-0.2122631,2.36587,-0.5403235,-0.2601153,2.282191,-0.3954639,-0.09804672,2.376471,-0.3751583,-0.2329973,2.38953,-0.3827679,-0.2899075,2.370702,-0.4178393,0.2311217,2.367406
72057594038008658,0,1.106543,15575.74,-0.4326304,-0.09906453,2.429843,-0.4200488,0.354858,2.351133,-0.5290233,0.2018784,2.45813,-0.4532613,0.09627524,2.331481,-0.3947717,-0.02263275,2.228834,-0.4064618,-0.04861289,2.226991,-0.3801399,0.1869999,2.301096,-0.398452,0.04352126,2.263606,-0.4259624,-0.07920301,2.237549,-0.4262332,-0.07729509,2.245964,-0.4621928,-0.09168592,2.438848,-0.509771,-0.2122631,2.36587,-0.5403235,-0.2601153,2.282191,-0.3954639,-0.09804672,2.376471,-0.3751583,-0.2329973,2.38953,-0.3827679,-0.2899075,2.370702,-0.4178393,0.2311217,2.367406
72057594038008658,0,1.106543,15575.75,-0.4326304,-0.09906453,2.429843,-0.4200488,0.354858,2.351133,-0.5290233,0.2018784,2.45813,-0.4532613,0.09627524,2.331481,-0.3947717,-0.02263275,2.228834,-0.4064618,-0.04861289,2.226991,-0.3801399,0.1869999,2.301096,-0.398452,0.04352126,2.263606,-0.4259624,-0.07920301,2.237549,-0.4262332,-0.07729509,2.245964,-0.4621928,-0.09168592,2.438848,-0.509771,-0.2122631,2.36587,-0.5403235,-0.2601153,2.282191,-0.3954639,-0.09804672,2.376471,-0.3751583,-0.2329973,2.38953,-0.3827679,-0.2899075,2.370702,-0.4178393,0.2311217,2.367406
72057594038008658,0,1.106543,15575.75,-0.4326304,-0.09906453,2.429843,-0.4200488,0.354858,2.351133,-0.5290233,0.2018784,2.45813,-0.4532613,0.09627524,2.331481,-0.3947717,-0.02263275,2.228834,-0.4064618,-0.04861289,2.226991,-0.3801399,0.1869999,2.301096,-0.398452,0.04352126,2.263606,-0.4259624,-0.07920301,2.237549,-0.4262332,-0.07729509,2.245964,-0.4621928,-0.09168592,2.438848,-0.509771,-0.2122631,2.36587,-0.5403235,-0.2601153,2.282191,-0.3954639,-0.09804672,2.376471,-0.3751583,-0.2329973,2.38953,-0.3827679,-0.2899075,2.370702,-0.4178393,0.2311217,2.367406
72057594038008658,0,1.106543,15575.75,-0.4326304,-0.09906453,2.429843,-0.4200488,0.354858,2.351133,-0.5290233,0.2018784,2.45813,-0.4532613,0.09627524,2.331481,-0.3947717,-0.02263275,2.228834,-0.4064618,-0.04861289,2.226991,-0.3801399,0.1869999,2.301096,-0.398452,0.04352126,2.263606,-0.4259624,-0.07920301,2.237549,-0.4262332,-0.07729509,2.245964,-0.4621928,-0.09168592,2.438848,-0.509771,-0.2122631,2.36587,-0.5403235,-0.2601153,2.282191,-0.3954639,-0.09804672,2.376471,-0.3751583,-0.2329973,2.38953,-0.3827679,-0.2899075,2.370702,-0.4178393,0.2311217,2.367406
72057594038008658,0,1.10305,15575.75,-0.429501,-0.0972473,2.432426,-0.4046376,0.3535049,2.37003,-0.4995435,0.2084372,2.481931,-0.4262373,0.09158796,2.366543,-0.3504082,-0.053489,2.304782,-0.3668018,-0.07404274,2.311007,-0.3696086,0.1865394,2.32383,-0.3781733,0.03909537,2.279785,-0.3717896,-0.08664438,2.286208,-0.3702781,-0.08708838,2.296163,-0.4583732,-0.0890311,2.440766,-0.5067837,-0.2161581,2.368323,-0.5324006,-0.2570813,2.301135,-0.3928711,-0.09699106,2.380127,-0.3752546,-0.2356184,2.390818,-0.3815802,-0.2901522,2.372094,-0.4102806,0.2275457,2.389979
72057594038008658,0,1.10305,15575.76,-0.429501,-0.0972473,2.432426,-0.4046376,0.3535049,2.37003,-0.4995435,0.2084372,2.481931,-0.4262373,0.09158796,2.366543,-0.3504082,-0.053489,2.304782,-0.3668018,-0.07404274,2.311007,-0.3696086,0.1865394,2.32383,-0.3781733,0.03909537,2.279785,-0.3717896,-0.08664438,2.286208,-0.3702781,-0.08708838,2.296163,-0.4583732,-0.0890311,2.440766,-0.5067837,-0.2161581,2.368323,-0.5324006,-0.2570813,2.301135,-0.3928711,-0.09699106,2.380127,-0.3752546,-0.2356184,2.390818,-0.3815802,-0.2901522,2.372094,-0.4102806,0.2275457,2.389979
72057594038008658,0,1.10305,15575.76,-0.429501,-0.0972473,2.432426,-0.4046376,0.3535049,2.37003,-0.4995435,0.2084372,2.481931,-0.4262373,0.09158796,2.366543,-0.3504082,-0.053489,2.304782,-0.3668018,-0.07404274,2.311007,-0.3696086,0.1865394,2.32383,-0.3781733,0.03909537,2.279785,-0.3717896,-0.08664438,2.286208,-0.3702781,-0.08708838,2.296163,-0.4583732,-0.0890311,2.440766,-0.5067837,-0.2161581,2.368323,-0.5324006,-0.2570813,2.301135,-0.3928711,-0.09699106,2.380127,-0.3752546,-0.2356184,2.390818,-0.3815802,-0.2901522,2.372094,-0.4102806,0.2275457,2.389979
72057594038008658,0,1.10305,15575.76,-0.429501,-0.0972473,2.432426,-0.4046376,0.3535049,2.37003,-0.4995435,0.2084372,2.481931,-0.4262373,0.09158796,2.366543,-0.3504082,-0.053489,2.304782,-0.3668018,-0.07404274,2.311007,-0.3696086,0.1865394,2.32383,-0.3781733,0.03909537,2.279785,-0.3717896,-0.08664438,2.286208,-0.3702781,-0.08708838,2.296163,-0.4583732,-0.0890311,2.440766,-0.5067837,-0.2161581,2.368323,-0.5324006,-0.2570813,2.301135,-0.3928711,-0.09699106,2.380127,-0.3752546,-0.2356184,2.390818,-0.3815802,-0.2901522,2.372094,-0.4102806,0.2275457,2.389979
72057594038008658,0,1.10305,15575.77,-0.429501,-0.0972473,2.432426,-0.4046376,0.3535049,2.37003,-0.4995435,0.2084372,2.481931,-0.4262373,0.09158796,2.366543,-0.3504082,-0.053489,2.304782,-0.3668018,-0.07404274,2.311007,-0.3696086,0.1865394,2.32383,-0.3781733,0.03909537,2.279785,-0.3717896,-0.08664438,2.286208,-0.3702781,-0.08708838,2.296163,-0.4583732,-0.0890311,2.440766,-0.5067837,-0.2161581,2.368323,-0.5324006,-0.2570813,2.301135,-0.3928711,-0.09699106,2.380127,-0.3752546,-0.2356184,2.390818,-0.3815802,-0.2901522,2.372094,-0.4102806,0.2275457,2.389979
72057594038008658,0,1.10305,15575.77,-0.429501,-0.0972473,2.432426,-0.4046376,0.3535049,2.37003,-0.4995435,0.2084372,2.481931,-0.4262373,0.09158796,2.366543,-0.3504082,-0.053489,2.304782,-0.3668018,-0.07404274,2.311007,-0.3696086,0.1865394,2.32383,-0.3781733,0.03909537,2.279785,-0.3717896,-0.08664438,2.286208,-0.3702781,-0.08708838,2.296163,-0.4583732,-0.0890311,2.440766,-0.5067837,-0.2161581,2.368323,-0.5324006,-0.2570813,2.301135,-0.3928711,-0.09699106,2.380127,-0.3752546,-0.2356184,2.390818,-0.3815802,-0.2901522,2.372094,-0.4102806,0.2275457,2.389979
72057594038008658,0,1.10305,15575.78,-0.429501,-0.0972473,2.432426,-0.4046376,0.3535049,2.37003,-0.4995435,0.2084372,2.481931,-0.4262373,0.09158796,2.366543,-0.3504082,-0.053489,2.304782,-0.3668018,-0.07404274,2.311007,-0.3696086,0.1865394,2.32383,-0.3781733,0.03909537,2.279785,-0.3717896,-0.08664438,2.286208,-0.3702781,-0.08708838,2.296163,-0.4583732,-0.0890311,2.440766,-0.5067837,-0.2161581,2.368323,-0.5324006,-0.2570813,2.301135,-0.3928711,-0.09699106,2.380127,-0.3752546,-0.2356184,2.390818,-0.3815802,-0.2901522,2.372094,-0.4102806,0.2275457,2.389979
72057594038008658,0,1.10305,15575.78,-0.429501,-0.0972473,2.432426,-0.4046376,0.3535049,2.37003,-0.4995435,0.2084372,2.481931,-0.4262373,0.09158796,2.366543,-0.3504082,-0.053489,2.304782,-0.3668018,-0.07404274,2.311007,-0.3696086,0.1865394,2.32383,-0.3781733,0.03909537,2.279785,-0.3717896,-0.08664438,2.286208,-0.3702781,-0.08708838,2.296163,-0.4583732,-0.0890311,2.440766,-0.5067837,-0.2161581,2.368323,-0.5324006,-0.2570813,2.301135,-0.3928711,-0.09699106,2.380127,-0.3752546,-0.2356184,2.390818,-0.3815802,-0.2901522,2.372094,-0.4102806,0.2275457,2.389979
72057594038008658,0,1.10305,15575.79,-0.429501,-0.0972473,2.432426,-0.4046376,0.3535049,2.37003,-0.4995435,0.2084372,2.481931,-0.4262373,0.09158796,2.366543,-0.3504082,-0.053489,2.304782,-0.3668018,-0.07404274,2.311007,-0.3696086,0.1865394,2.32383,-0.3781733,0.03909537,2.279785,-0.3717896,-0.08664438,2.286208,-0.3702781,-0.08708838,2.296163,-0.4583732,-0.0890311,2.440766,-0.5067837,-0.2161581,2.368323,-0.5324006,-0.2570813,2.301135,-0.3928711,-0.09699106,2.380127,-0.3752546,-0.2356184,2.390818,-0.3815802,-0.2901522,2.372094,-0.4102806,0.2275457,2.389979
72057594038008658,0,1.101087,15575.79,-0.4231538,-0.1008404,2.442796,-0.3918189,0.360134,2.388433,-0.4953825,0.2095383,2.515189,-0.412223,0.1199707,2.382594,-0.3235112,-0.01601049,2.318107,-0.3146288,-0.04002324,2.318653,-0.3655307,0.190932,2.339475,-0.3733255,0.03842342,2.292002,-0.3714427,-0.08755115,2.292126,-0.3821851,-0.1287044,2.297971,-0.4471489,-0.09441048,2.462915,-0.489401,-0.2323686,2.412687,-0.4912171,-0.2439319,2.407547,-0.3901612,-0.099044,2.383114,-0.3753033,-0.2362309,2.391144,-0.380923,-0.2913324,2.374459,-0.3978578,0.2344623,2.403816
72057594038008658,0,1.101087,15575.79,-0.4231538,-0.1008404,2.442796,-0.3918189,0.360134,2.388433,-0.4953825,0.2095383,2.515189,-0.412223,0.1199707,2.382594,-0.3235112,-0.01601049,2.318107,-0.3146288,-0.04002324,2.318653,-0.3655307,0.190932,2.339475,-0.3733255,0.03842342,2.292002,-0.3714427,-0.08755115,2.292126,-0.3821851,-0.1287044,2.297971,-0.4471489,-0.09441048,2.462915,-0.489401,-0.2323686,2.412687,-0.4912171,-0.2439319,2.407547,-0.3901612,-0.099044,2.383114,-0.3753033,-0.2362309,2.391144,-0.380923,-0.2913324,2.374459,-0.3978578,0.2344623,2.403816
72057594038008658,0,1.101087,15575.8,-0.4231538,-0.1008404,2.442796,-0.3918189,0.360134,2.388433,-0.4953825,0.2095383,2.515189,-0.412223,0.1199707,2.382594,-0.3235112,-0.01601049,2.318107,-0.3146288,-0.04002324,2.318653,-0.3655307,0.190932,2.339475,-0.3733255,0.03842342,2.292002,-0.3714427,-0.08755115,2.292126,-0.3821851,-0.1287044,2.297971,-0.4471489,-0.09441048,2.462915,-0.489401,-0.2323686,2.412687,-0.4912171,-0.2439319,2.407547,-0.3901612,-0.099044,2.383114,-0.3753033,-0.2362309,2.391144,-0.380923,-0.2913324,2.374459,-0.3978578,0.2344623,2.403816
72057594038008658,0,1.101087,15575.8,-0.4231538,-0.1008404,2.442796,-0.3918189,0.360134,2.388433,-0.4953825,0.2095383,2.515189,-0.412223,0.1199707,2.382594,-0.3235112,-0.01601049,2.318107,-0.3146288,-0.04002324,2.318653,-0.3655307,0.190932,2.339475,-0.3733255,0.03842342,2.292002,-0.3714427,-0.08755115,2.292126,-0.3821851,-0.1287044,2.297971,-0.4471489,-0.09441048,2.462915,-0.489401,-0.2323686,2.412687,-0.4912171,-0.2439319,2.407547,-0.3901612,-0.099044,2.383114,-0.3753033,-0.2362309,2.391144,-0.380923,-0.2913324,2.374459,-0.3978578,0.2344623,2.403816
72057594038008658,0,1.101087,15575.8,-0.4231538,-0.1008404,2.442796,-0.3918189,0.360134,2.388433,-0.4953825,0.2095383,2.515189,-0.412223,0.1199707,2.382594,-0.3235112,-0.01601049,2.318107,-0.3146288,-0.04002324,2.318653,-0.3655307,0.190932,2.339475,-0.3733255,0.03842342,2.292002,-0.3714427,-0.08755115,2.292126,-0.3821851,-0.1287044,2.297971,-0.4471489,-0.09441048,2.462915,-0.489401,-0.2323686,2.412687,-0.4912171,-0.2439319,2.407547,-0.3901612,-0.099044,2.383114,-0.3753033,-0.2362309,2.391144,-0.380923,-0.2913324,2.374459,-0.3978578,0.2344623,2.403816
72057594038008658,0,1.101087,15575.8,-0.4231538,-0.1008404,2.442796,-0.3918189,0.360134,2.388433,-0.4953825,0.2095383,2.515189,-0.412223,0.1199707,2.382594,-0.3235112,-0.01601049,2.318107,-0.3146288,-0.04002324,2.318653,-0.3655307,0.190932,2.339475,-0.3733255,0.03842342,2.292002,-0.3714427,-0.08755115,2.292126,-0.3821851,-0.1287044,2.297971,-0.4471489,-0.09441048,2.462915,-0.489401,-0.2323686,2.412687,-0.4912171,-0.2439319,2.407547,-0.3901612,-0.099044,2.383114,-0.3753033,-0.2362309,2.391144,-0.380923,-0.2913324,2.374459,-0.3978578,0.2344623,2.403816
72057594038008658,0,1.101087,15575.81,-0.4231538,-0.1008404,2.442796,-0.3918189,0.360134,2.388433,-0.4953825,0.2095383,2.515189,-0.412223,0.1199707,2.382594,-0.3235112,-0.01601049,2.318107,-0.3146288,-0.04002324,2.318653,-0.3655307,0.190932,2.339475,-0.3733255,0.03842342,2.292002,-0.3714427,-0.08755115,2.292126,-0.3821851,-0.1287044,2.297971,-0.4471489,-0.09441048,2.462915,-0.489401,-0.2323686,2.412687,-0.4912171,-0.2439319,2.407547,-0.3901612,-0.099044,2.383114,-0.3753033,-0.2362309,2.391144,-0.380923,-0.2913324,2.374459,-0.3978578,0.2344623,2.403816
72057594038008658,0,1.101087,15575.81,-0.4231538,-0.1008404,2.442796,-0.3918189,0.360134,2.388433,-0.4953825,0.2095383,2.515189,-0.412223,0.1199707,2.382594,-0.3235112,-0.01601049,2.318107,-0.3146288,-0.04002324,2.318653,-0.3655307,0.190932,2.339475,-0.3733255,0.03842342,2.292002,-0.3714427,-0.08755115,2.292126,-0.3821851,-0.1287044,2.297971,-0.4471489,-0.09441048,2.462915,-0.489401,-0.2323686,2.412687,-0.4912171,-0.2439319,2.407547,-0.3901612,-0.099044,2.383114,-0.3753033,-0.2362309,2.391144,-0.380923,-0.2913324,2.374459,-0.3978578,0.2344623,2.403816
72057594038008658,0,1.101087,15575.81,-0.4231538,-0.1008404,2.442796,-0.3918189,0.360134,2.388433,-0.4953825,0.2095383,2.515189,-0.412223,0.1199707,2.382594,-0.3235112,-0.01601049,2.318107,-0.3146288,-0.04002324,2.318653,-0.3655307,0.190932,2.339475,-0.3733255,0.03842342,2.292002,-0.3714427,-0.08755115,2.292126,-0.3821851,-0.1287044,2.297971,-0.4471489,-0.09441048,2.462915,-0.489401,-0.2323686,2.412687,-0.4912171,-0.2439319,2.407547,-0.3901612,-0.099044,2.383114,-0.3753033,-0.2362309,2.391144,-0.380923,-0.2913324,2.374459,-0.3978578,0.2344623,2.403816
72057594038008658,0,1.101087,15575.82,-0.4231538,-0.1008404,2.442796,-0.3918189,0.360134,2.388433,-0.4953825,0.2095383,2.515189,-0.412223,0.1199707,2.382594,-0.3235112,-0.01601049,2.318107,-0.3146288,-0.04002324,2.318653,-0.3655307,0.190932,2.339475,-0.3733255,0.03842342,2.292002,-0.3714427,-0.08755115,2.292126,-0.3821851,-0.1287044,2.297971,-0.4471489,-0.09441048,2.462915,-0.489401,-0.2323686,2.412687,-0.4912171,-0.2439319,2.407547,-0.3901612,-0.099044,2.383114,-0.3753033,-0.2362309,2.391144,-0.380923,-0.2913324,2.374459,-0.3978578,0.2344623,2.403816
72057594038008658,0,1.055467,15575.82,-0.3928006,-0.0678302,2.462234,-0.3747832,0.3732091,2.409,-0.4925719,0.215486,2.524,-0.3900353,0.12411,2.410826,-0.2787352,0.005242348,2.353852,-0.2703308,0.00692603,2.341935,-0.3621752,0.2055534,2.362117,-0.365274,0.04640308,2.318538,-0.3663832,-0.07844794,2.317893,-0.377029,-0.1192292,2.323687,-0.4185161,-0.06029248,2.501175,-0.4727781,-0.2611825,2.474927,-0.3386375,-0.3503835,2.326621,-0.362103,-0.06951329,2.3804,-0.378645,-0.2240236,2.398508,-0.386529,-0.2908816,2.379676,-0.3845639,0.2477505,2.428514
72057594038008658,0,1.055467,15575.83,-0.3928006,-0.0678302,2.462234,-0.3747832,0.3732091,2.409,-0.4925719,0.215486,2.524,-0.3900353,0.12411,2.410826,-0.2787352,0.005242348,2.353852,-0.2703308,0.00692603,2.341935,-0.3621752,0.2055534,2.362117,-0.365274,0.04640308,2.318538,-0.3663832,-0.07844794,2.317893,-0.377029,-0.1192292,2.323687,-0.4185161,-0.06029248,2.501175,-0.4727781,-0.2611825,2.474927,-0.3386375,-0.3503835,2.326621,-0.362103,-0.06951329,2.3804,-0.378645,-0.2240236,2.398508,-0.386529,-0.2908816,2.379676,-0.3845639,0.2477505,2.428514
72057594038008658,0,1.055467,15575.83,-0.3928006,-0.0678302,2.462234,-0.3747832,0.3732091,2.409,-0.4925719,0.215486,2.524,-0.3900353,0.12411,2.410826,-0.2787352,0.005242348,2.353852,-0.2703308,0.00692603,2.341935,-0.3621752,0.2055534,2.362117,-0.365274,0.04640308,2.318538,-0.3663832,-0.07844794,2.317893,-0.377029,-0.1192292,2.323687,-0.4185161,-0.06029248,2.501175,-0.4727781,-0.2611825,2.474927,-0.3386375,-0.3503835,2.326621,-0.362103,-0.06951329,2.3804,-0.378645,-0.2240236,2.398508,-0.386529,-0.2908816,2.379676,-0.3845639,0.2477505,2.428514
72057594038008658,0,1.055467,15575.83,-0.3928006,-0.0678302,2.462234,-0.3747832,0.3732091,2.409,-0.4925719,0.215486,2.524,-0.3900353,0.12411,2.410826,-0.2787352,0.005242348,2.353852,-0.2703308,0.00692603,2.341935,-0.3621752,0.2055534,2.362117,-0.365274,0.04640308,2.318538,-0.3663832,-0.07844794,2.317893,-0.377029,-0.1192292,2.323687,-0.4185161,-0.06029248,2.501175,-0.4727781,-0.2611825,2.474927,-0.3386375,-0.3503835,2.326621,-0.362103,-0.06951329,2.3804,-0.378645,-0.2240236,2.398508,-0.386529,-0.2908816,2.379676,-0.3845639,0.2477505,2.428514
72057594038008658,0,1.055467,15575.83,-0.3928006,-0.0678302,2.462234,-0.3747832,0.3732091,2.409,-0.4925719,0.215486,2.524,-0.3900353,0.12411,2.410826,-0.2787352,0.005242348,2.353852,-0.2703308,0.00692603,2.341935,-0.3621752,0.2055534,2.362117,-0.365274,0.04640308,2.318538,-0.3663832,-0.07844794,2.317893,-0.377029,-0.1192292,2.323687,-0.4185161,-0.06029248,2.501175,-0.4727781,-0.2611825,2.474927,-0.3386375,-0.3503835,2.326621,-0.362103,-0.06951329,2.3804,-0.378645,-0.2240236,2.398508,-0.386529,-0.2908816,2.379676,-0.3845639,0.2477505,2.428514
72057594038008658,0,1.055467,15575.84,-0.3928006,-0.0678302,2.462234,-0.3747832,0.3732091,2.409,-0.4925719,0.215486,2.524,-0.3900353,0.12411,2.410826,-0.2787352,0.005242348,2.353852,-0.2703308,0.00692603,2.341935,-0.3621752,0.2055534,2.362117,-0.365274,0.04640308,2.318538,-0.3663832,-0.07844794,2.317893,-0.377029,-0.1192292,2.323687,-0.4185161,-0.06029248,2.501175,-0.4727781,-0.2611825,2.474927,-0.3386375,-0.3503835,2.326621,-0.362103,-0.06951329,2.3804,-0.378645,-0.2240236,2.398508,-0.386529,-0.2908816,2.379676,-0.3845639,0.2477505,2.428514
72057594038008658,0,1.055467,15575.84,-0.3928006,-0.0678302,2.462234,-0.3747832,0.3732091,2.409,-0.4925719,0.215486,2.524,-0.3900353,0.12411,2.410826,-0.2787352,0.005242348,2.353852,-0.2703308,0.00692603,2.341935,-0.3621752,0.2055534,2.362117,-0.365274,0.04640308,2.318538,-0.3663832,-0.07844794,2.317893,-0.377029,-0.1192292,2.323687,-0.4185161,-0.06029248,2.501175,-0.4727781,-0.2611825,2.474927,-0.3386375,-0.3503835,2.326621,-0.362103,-0.06951329,2.3804,-0.378645,-0.2240236,2.398508,-0.386529,-0.2908816,2.379676,-0.3845639,0.2477505,2.428514
72057594038008658,0,1.055467,15575.84,-0.3928006,-0.0678302,2.462234,-0.3747832,0.3732091,2.409,-0.4925719,0.215486,2.524,-0.3900353,0.12411,2.410826,-0.2787352,0.005242348,2.353852,-0.2703308,0.00692603,2.341935,-0.3621752,0.2055534,2.362117,-0.365274,0.04640308,2.318538,-0.3663832,-0.07844794,2.317893,-0.377029,-0.1192292,2.323687,-0.4185161,-0.06029248,2.501175,-0.4727781,-0.2611825,2.474927,-0.3386375,-0.3503835,2.326621,-0.362103,-0.06951329,2.3804,-0.378645,-0.2240236,2.398508,-0.386529,-0.2908816,2.379676,-0.3845639,0.2477505,2.428514
72057594038008658,0,1.055467,15575.84,-0.3928006,-0.0678302,2.462234,-0.3747832,0.3732091,2.409,-0.4925719,0.215486,2.524,-0.3900353,0.12411,2.410826,-0.2787352,0.005242348,2.353852,-0.2703308,0.00692603,2.341935,-0.3621752,0.2055534,2.362117,-0.365274,0.04640308,2.318538,-0.3663832,-0.07844794,2.317893,-0.377029,-0.1192292,2.323687,-0.4185161,-0.06029248,2.501175,-0.4727781,-0.2611825,2.474927,-0.3386375,-0.3503835,2.326621,-0.362103,-0.06951329,2.3804,-0.378645,-0.2240236,2.398508,-0.386529,-0.2908816,2.379676,-0.3845639,0.2477505,2.428514
72057594038008658,0,1.055467,15575.85,-0.3928006,-0.0678302,2.462234,-0.3747832,0.3732091,2.409,-0.4925719,0.215486,2.524,-0.3900353,0.12411,2.410826,-0.2787352,0.005242348,2.353852,-0.2703308,0.00692603,2.341935,-0.3621752,0.2055534,2.362117,-0.365274,0.04640308,2.318538,-0.3663832,-0.07844794,2.317893,-0.377029,-0.1192292,2.323687,-0.4185161,-0.06029248,2.501175,-0.4727781,-0.2611825,2.474927,-0.3386375,-0.3503835,2.326621,-0.362103,-0.06951329,2.3804,-0.378645,-0.2240236,2.398508,-0.386529,-0.2908816,2.379676,-0.3845639,0.2477505,2.428514
72057594038008658,0,1.055467,15575.85,-0.3928006,-0.0678302,2.462234,-0.3747832,0.3732091,2.409,-0.4925719,0.215486,2.524,-0.3900353,0.12411,2.410826,-0.2787352,0.005242348,2.353852,-0.2703308,0.00692603,2.341935,-0.3621752,0.2055534,2.362117,-0.365274,0.04640308,2.318538,-0.3663832,-0.07844794,2.317893,-0.377029,-0.1192292,2.323687,-0.4185161,-0.06029248,2.501175,-0.4727781,-0.2611825,2.474927,-0.3386375,-0.3503835,2.326621,-0.362103,-0.06951329,2.3804,-0.378645,-0.2240236,2.398508,-0.386529,-0.2908816,2.379676,-0.3845639,0.2477505,2.428514
72057594038008658,0,1.055467,15575.87,-0.3928006,-0.0678302,2.462234,-0.3747832,0.3732091,2.409,-0.4925719,0.215486,2.524,-0.3900353,0.12411,2.410826,-0.2787352,0.005242348,2.353852,-0.2703308,0.00692603,2.341935,-0.3621752,0.2055534,2.362117,-0.365274,0.04640308,2.318538,-0.3663832,-0.07844794,2.317893,-0.377029,-0.1192292,2.323687,-0.4185161,-0.06029248,2.501175,-0.4727781,-0.2611825,2.474927,-0.3386375,-0.3503835,2.326621,-0.362103,-0.06951329,2.3804,-0.378645,-0.2240236,2.398508,-0.386529,-0.2908816,2.379676,-0.3845639,0.2477505,2.428514
72057594038008658,0,1.045003,15575.87,-0.3885335,-0.06245351,2.478534,-0.3644761,0.3770166,2.423797,-0.4796295,0.2217448,2.570477,-0.3703811,0.1393163,2.458869,-0.2524493,0.05903575,2.365556,-0.2465843,0.05500251,2.366259,-0.3501454,0.2156575,2.379576,-0.3615321,0.05305654,2.33172,-0.3630255,-0.07078081,2.331576,-0.373589,-0.1112461,2.337327,-0.4159511,-0.058366,2.49586,-0.4708315,-0.2524635,2.489676,-0.3432685,-0.3253122,2.329306,-0.3536915,-0.0555186,2.449288,-0.3808849,-0.2323577,2.401053,-0.3812325,-0.2934071,2.381784,-0.3763987,0.2528577,2.440634
72057594038008658,0,1.045003,15575.88,-0.3885335,-0.06245351,2.478534,-0.3644761,0.3770166,2.423797,-0.4796295,0.2217448,2.570477,-0.3703811,0.1393163,2.458869,-0.2524493,0.05903575,2.365556,-0.2465843,0.05500251,2.366259,-0.3501454,0.2156575,2.379576,-0.3615321,0.05305654,2.33172,-0.3630255,-0.07078081,2.331576,-0.373589,-0.1112461,2.337327,-0.4159511,-0.058366,2.49586,-0.4708315,-0.2524635,2.489676,-0.3432685,-0.3253122,2.329306,-0.3536915,-0.0555186,2.449288,-0.3808849,-0.2323577,2.401053,-0.3812325,-0.2934071,2.381784,-0.3763987,0.2528577,2.440634
72057594038008658,0,1.045003,15575.88,-0.3885335,-0.06245351,2.478534,-0.3644761,0.3770166,2.423797,-0.4796295,0.2217448,2.570477,-0.3703811,0.1393163,2.458869,-0.2524493,0.05903575,2.365556,-0.2465843,0.05500251,2.366259,-0.3501454,0.2156575,2.379576,-0.3615321,0.05305654,2.33172,-0.3630255,-0.07078081,2.331576,-0.373589,-0.1112461,2.337327,-0.4159511,-0.058366,2.49586,-0.4708315,-0.2524635,2.489676,-0.3432685,-0.3253122,2.329306,-0.3536915,-0.0555186,2.449288,-0.3808849,-0.2323577,2.401053,-0.3812325,-0.2934071,2.381784,-0.3763987,0.2528577,2.440634
72057594038008658,0,1.045003,15575.88,-0.3885335,-0.06245351,2.478534,-0.3644761,0.3770166,2.423797,-0.4796295,0.2217448,2.570477,-0.3703811,0.1393163,2.458869,-0.2524493,0.05903575,2.365556,-0.2465843,0.05500251,2.366259,-0.3501454,0.2156575,2.379576,-0.3615321,0.05305654,2.33172,-0.3630255,-0.07078081,2.331576,-0.373589,-0.1112461,2.337327,-0.4159511,-0.058366,2.49586,-0.4708315,-0.2524635,2.489676,-0.3432685,-0.3253122,2.329306,-0.3536915,-0.0555186,2.449288,-0.3808849,-0.2323577,2.401053,-0.3812325,-0.2934071,2.381784,-0.3763987,0.2528577,2.440634
72057594038008658,0,1.045003,15575.88,-0.3885335,-0.06245351,2.478534,-0.3644761,0.3770166,2.423797,-0.4796295,0.2217448,2.570477,-0.3703811,0.1393163,2.458869,-0.2524493,0.05903575,2.365556,-0.2465843,0.05500251,2.366259,-0.3501454,0.2156575,2.379576,-0.3615321,0.05305654,2.33172,-0.3630255,-0.07078081,2.331576,-0.373589,-0.1112461,2.337327,-0.4159511,-0.058366,2.49586,-0.4708315,-0.2524635,2.489676,-0.3432685,-0.3253122,2.329306,-0.3536915,-0.0555186,2.449288,-0.3808849,-0.2323577,2.401053,-0.3812325,-0.2934071,2.381784,-0.3763987,0.2528577,2.440634
72057594038008658,0,1.045003,15575.89,-0.3885335,-0.06245351,2.478534,-0.3644761,0.3770166,2.423797,-0.4796295,0.2217448,2.570477,-0.3703811,0.1393163,2.458869,-0.2524493,0.05903575,2.365556,-0.2465843,0.05500251,2.366259,-0.3501454,0.2156575,2.379576,-0.3615321,0.05305654,2.33172,-0.3630255,-0.07078081,2.331576,-0.373589,-0.1112461,2.337327,-0.4159511,-0.058366,2.49586,-0.4708315,-0.2524635,2.489676,-0.3432685,-0.3253122,2.329306,-0.3536915,-0.0555186,2.449288,-0.3808849,-0.2323577,2.401053,-0.3812325,-0.2934071,2.381784,-0.3763987,0.2528577,2.440634
72057594038008658,0,1.03718,15575.89,-0.3799312,-0.06726658,2.518877,-0.3532748,0.3759369,2.447885,-0.4773279,0.2222521,2.582225,-0.3696999,0.1397839,2.470161,-0.2291067,0.1012903,2.392917,-0.2238325,0.09196323,2.386147,-0.3379242,0.2144129,2.397856,-0.3626154,0.06183338,2.345748,-0.3643367,-0.06151029,2.345631,-0.3748586,-0.1018157,2.351362,-0.4140052,-0.05969983,2.49757,-0.3750444,-0.1893564,2.426303,-0.3883347,-0.2908509,2.386485,-0.3438711,-0.06404385,2.49844,-0.3752892,-0.177502,2.430239,-0.3774596,-0.2951522,2.384218,-0.3682166,0.2556052,2.465634
72057594038008658,0,1.03718,15575.89,-0.3799312,-0.06726658,2.518877,-0.3532748,0.3759369,2.447885,-0.4773279,0.2222521,2.582225,-0.3696999,0.1397839,2.470161,-0.2291067,0.1012903,2.392917,-0.2238325,0.09196323,2.386147,-0.3379242,0.2144129,2.397856,-0.3626154,0.06183338,2.345748,-0.3643367,-0.06151029,2.345631,-0.3748586,-0.1018157,2.351362,-0.4140052,-0.05969983,2.49757,-0.3750444,-0.1893564,2.426303,-0.3883347,-0.2908509,2.386485,-0.3438711,-0.06404385,2.49844,-0.3752892,-0.177502,2.430239,-0.3774596,-0.2951522,2.384218,-0.3682166,0.2556052,2.465634
72057594038008658,0,1.03718,15575.89,-0.3799312,-0.06726658,2.518877,-0.3532748,0.3759369,2.447885,-0.4773279,0.2222521,2.582225,-0.3696999,0.1397839,2.470161,-0.2291067,0.1012903,2.392917,-0.2238325,0.09196323,2.386147,-0.3379242,0.2144129,2.397856,-0.3626154,0.06183338,2.345748,-0.3643367,-0.06151029,2.345631,-0.3748586,-0.1018157,2.351362,-0.4140052,-0.05969983,2.49757,-0.3750444,-0.1893564,2.426303,-0.3883347,-0.2908509,2.386485,-0.3438711,-0.06404385,2.49844,-0.3752892,-0.177502,2.430239,-0.3774596,-0.2951522,2.384218,-0.3682166,0.2556052,2.465634
72057594038008658,0,1.03718,15575.9,-0.3799312,-0.06726658,2.518877,-0.3532748,0.3759369,2.447885,-0.4773279,0.2222521,2.582225,-0.3696999,0.1397839,2.470161,-0.2291067,0.1012903,2.392917,-0.2238325,0.09196323,2.386147,-0.3379242,0.2144129,2.397856,-0.3626154,0.06183338,2.345748,-0.3643367,-0.06151029,2.345631,-0.3748586,-0.1018157,2.351362,-0.4140052,-0.05969983,2.49757,-0.3750444,-0.1893564,2.426303,-0.3883347,-0.2908509,2.386485,-0.3438711,-0.06404385,2.49844,-0.3752892,-0.177502,2.430239,-0.3774596,-0.2951522,2.384218,-0.3682166,0.2556052,2.465634
72057594038008658,0,1.03718,15575.9,-0.3799312,-0.06726658,2.518877,-0.3532748,0.3759369,2.447885,-0.4773279,0.2222521,2.582225,-0.3696999,0.1397839,2.470161,-0.2291067,0.1012903,2.392917,-0.2238325,0.09196323,2.386147,-0.3379242,0.2144129,2.397856,-0.3626154,0.06183338,2.345748,-0.3643367,-0.06151029,2.345631,-0.3748586,-0.1018157,2.351362,-0.4140052,-0.05969983,2.49757,-0.3750444,-0.1893564,2.426303,-0.3883347,-0.2908509,2.386485,-0.3438711,-0.06404385,2.49844,-0.3752892,-0.177502,2.430239,-0.3774596,-0.2951522,2.384218,-0.3682166,0.2556052,2.465634
72057594038008658,0,1.03718,15575.91,-0.3799312,-0.06726658,2.518877,-0.3532748,0.3759369,2.447885,-0.4773279,0.2222521,2.582225,-0.3696999,0.1397839,2.470161,-0.2291067,0.1012903,2.392917,-0.2238325,0.09196323,2.386147,-0.3379242,0.2144129,2.397856,-0.3626154,0.06183338,2.345748,-0.3643367,-0.06151029,2.345631,-0.3748586,-0.1018157,2.351362,-0.4140052,-0.05969983,2.49757,-0.3750444,-0.1893564,2.426303,-0.3883347,-0.2908509,2.386485,-0.3438711,-0.06404385,2.49844,-0.3752892,-0.177502,2.430239,-0.3774596,-0.2951522,2.384218,-0.3682166,0.2556052,2.465634
72057594038008658,0,1.03718,15575.92,-0.3799312,-0.06726658,2.518877,-0.3532748,0.3759369,2.447885,-0.4773279,0.2222521,2.582225,-0.3696999,0.1397839,2.470161,-0.2291067,0.1012903,2.392917,-0.2238325,0.09196323,2.386147,-0.3379242,0.2144129,2.397856,-0.3626154,0.06183338,2.345748,-0.3643367,-0.06151029,2.345631,-0.3748586,-0.1018157,2.351362,-0.4140052,-0.05969983,2.49757,-0.3750444,-0.1893564,2.426303,-0.3883347,-0.2908509,2.386485,-0.3438711,-0.06404385,2.49844,-0.3752892,-0.177502,2.430239,-0.3774596,-0.2951522,2.384218,-0.3682166,0.2556052,2.465634
72057594038008658,0,1.03718,15575.92,-0.3799312,-0.06726658,2.518877,-0.3532748,0.3759369,2.447885,-0.4773279,0.2222521,2.582225,-0.3696999,0.1397839,2.470161,-0.2291067,0.1012903,2.392917,-0.2238325,0.09196323,2.386147,-0.3379242,0.2144129,2.397856,-0.3626154,0.06183338,2.345748,-0.3643367,-0.06151029,2.345631,-0.3748586,-0.1018157,2.351362,-0.4140052,-0.05969983,2.49757,-0.3750444,-0.1893564,2.426303,-0.3883347,-0.2908509,2.386485,-0.3438711,-0.06404385,2.49844,-0.3752892,-0.177502,2.430239,-0.3774596,-0.2951522,2.384218,-0.3682166,0.2556052,2.465634
72057594038008658,0,1.03128,15575.92,-0.3773052,-0.06552148,2.535731,-0.3462994,0.374705,2.467521,-0.4679862,0.2224965,2.604125,-0.3602117,0.137846,2.495033,-0.2329643,0.1125668,2.398943,-0.2167627,0.1179295,2.401824,-0.3274972,0.2103962,2.421504,-0.3020504,0.05775544,2.39718,-0.3041283,-0.0651592,2.396994,-0.3144735,-0.1047787,2.402629,-0.4088282,-0.06015459,2.509943,-0.3721259,-0.1882786,2.431839,-0.3887025,-0.291581,2.386363,-0.3418315,-0.06187484,2.518507,-0.3776908,-0.2175171,2.428354,-0.3775178,-0.2987598,2.385146,-0.3595784,0.2564435,2.484773
72057594038008658,0,1.03128,15575.92,-0.3773052,-0.06552148,2.535731,-0.3462994,0.374705,2.467521,-0.4679862,0.2224965,2.604125,-0.3602117,0.137846,2.495033,-0.2329643,0.1125668,2.398943,-0.2167627,0.1179295,2.401824,-0.3274972,0.2103962,2.421504,-0.3020504,0.05775544,2.39718,-0.3041283,-0.0651592,2.396994,-0.3144735,-0.1047787,2.402629,-0.4088282,-0.06015459,2.509943,-0.3721259,-0.1882786,2.431839,-0.3887025,-0.291581,2.386363,-0.3418315,-0.06187484,2.518507,-0.3776908,-0.2175171,2.428354,-0.3775178,-0.2987598,2.385146,-0.3595784,0.2564435,2.484773
72057594038008658,0,1.03128,15575.93,-0.3773052,-0.06552148,2.535731,-0.3462994,0.374705,2.467521,-0.4679862,0.2224965,2.604125,-0.3602117,0.137846,2.495033,-0.2329643,0.1125668,2.398943,-0.2167627,0.1179295,2.401824,-0.3274972,0.2103962,2.421504,-0.3020504,0.05775544,2.39718,-0.3041283,-0.0651592,2.396994,-0.3144735,-0.1047787,2.402629,-0.4088282,-0.06015459,2.509943,-0.3721259,-0.1882786,2.431839,-0.3887025,-0.291581,2.386363,-0.3418315,-0.06187484,2.518507,-0.3776908,-0.2175171,2.428354,-0.3775178,-0.2987598,2.385146,-0.3595784,0.2564435,2.484773
72057594038008658,0,1.03128,15575.93,-0.3773052,-0.06552148,2.535731,-0.3462994,0.374705,2.467521,-0.4679862,0.2224965,2.604125,-0.3602117,0.137846,2.495033,-0.2329643,0.1125668,2.398943,-0.2167627,0.1179295,2.401824,-0.3274972,0.2103962,2.421504,-0.3020504,0.05775544,2.39718,-0.3041283,-0.0651592,2.396994,-0.3144735,-0.1047787,2.402629,-0.4088282,-0.06015459,2.509943,-0.3721259,-0.1882786,2.431839,-0.3887025,-0.291581,2.386363,-0.3418315,-0.06187484,2.518507,-0.3776908,-0.2175171,2.428354,-0.3775178,-0.2987598,2.385146,-0.3595784,0.2564435,2.484773
72057594038008658,0,1.03128,15575.93,-0.3773052,-0.06552148,2.535731,-0.3462994,0.374705,2.467521,-0.4679862,0.2224965,2.604125,-0.3602117,0.137846,2.495033,-0.2329643,0.1125668,2.398943,-0.2167627,0.1179295,2.401824,-0.3274972,0.2103962,2.421504,-0.3020504,0.05775544,2.39718,-0.3041283,-0.0651592,2.396994,-0.3144735,-0.1047787,2.402629,-0.4088282,-0.06015459,2.509943,-0.3721259,-0.1882786,2.431839,-0.3887025,-0.291581,2.386363,-0.3418315,-0.06187484,2.518507,-0.3776908,-0.2175171,2.428354,-0.3775178,-0.2987598,2.385146,-0.3595784,0.2564435,2.484773
72057594038008658,0,1.03128,15575.94,-0.3773052,-0.06552148,2.535731,-0.3462994,0.374705,2.467521,-0.4679862,0.2224965,2.604125,-0.3602117,0.137846,2.495033,-0.2329643,0.1125668,2.398943,-0.2167627,0.1179295,2.401824,-0.3274972,0.2103962,2.421504,-0.3020504,0.05775544,2.39718,-0.3041283,-0.0651592,2.396994,-0.3144735,-0.1047787,2.402629,-0.4088282,-0.06015459,2.509943,-0.3721259,-0.1882786,2.431839,-0.3887025,-0.291581,2.386363,-0.3418315,-0.06187484,2.518507,-0.3776908,-0.2175171,2.428354,-0.3775178,-0.2987598,2.385146,-0.3595784,0.2564435,2.484773
72057594038008658,0,1.03128,15575.94,-0.3773052,-0.06552148,2.535731,-0.3462994,0.374705,2.467521,-0.4679862,0.2224965,2.604125,-0.3602117,0.137846,2.495033,-0.2329643,0.1125668,2.398943,-0.2167627,0.1179295,2.401824,-0.3274972,0.2103962,2.421504,-0.3020504,0.05775544,2.39718,-0.3041283,-0.0651592,2.396994,-0.3144735,-0.1047787,2.402629,-0.4088282,-0.06015459,2.509943,-0.3721259,-0.1882786,2.431839,-0.3887025,-0.291581,2.386363,-0.3418315,-0.06187484,2.518507,-0.3776908,-0.2175171,2.428354,-0.3775178,-0.2987598,2.385146,-0.3595784,0.2564435,2.484773
72057594038008658,0,1.03128,15575.94,-0.3773052,-0.06552148,2.535731,-0.3462994,0.374705,2.467521,-0.4679862,0.2224965,2.604125,-0.3602117,0.137846,2.495033,-0.2329643,0.1125668,2.398943,-0.2167627,0.1179295,2.401824,-0.3274972,0.2103962,2.421504,-0.3020504,0.05775544,2.39718,-0.3041283,-0.0651592,2.396994,-0.3144735,-0.1047787,2.402629,-0.4088282,-0.06015459,2.509943,-0.3721259,-0.1882786,2.431839,-0.3887025,-0.291581,2.386363,-0.3418315,-0.06187484,2.518507,-0.3776908,-0.2175171,2.428354,-0.3775178,-0.2987598,2.385146,-0.3595784,0.2564435,2.484773
72057594038008658,0,1.03128,15575.94,-0.3773052,-0.06552148,2.535731,-0.3462994,0.374705,2.467521,-0.4679862,0.2224965,2.604125,-0.3602117,0.137846,2.495033,-0.2329643,0.1125668,2.398943,-0.2167627,0.1179295,2.401824,-0.3274972,0.2103962,2.421504,-0.3020504,0.05775544,2.39718,-0.3041283,-0.0651592,2.396994,-0.3144735,-0.1047787,2.402629,-0.4088282,-0.06015459,2.509943,-0.3721259,-0.1882786,2.431839,-0.3887025,-0.291581,2.386363,-0.3418315,-0.06187484,2.518507,-0.3776908,-0.2175171,2.428354,-0.3775178,-0.2987598,2.385146,-0.3595784,0.2564435,2.484773
72057594038008658,0,1.03128,15575.95,-0.3773052,-0.06552148,2.535731,-0.3462994,0.374705,2.467521,-0.4679862,0.2224965,2.604125,-0.3602117,0.137846,2.495033,-0.2329643,0.1125668,2.398943,-0.2167627,0.1179295,2.401824,-0.3274972,0.2103962,2.421504,-0.3020504,0.05775544,2.39718,-0.3041283,-0.0651592,2.396994,-0.3144735,-0.1047787,2.402629,-0.4088282,-0.06015459,2.509943,-0.3721259,-0.1882786,2.431839,-0.3887025,-0.291581,2.386363,-0.3418315,-0.06187484,2.518507,-0.3776908,-0.2175171,2.428354,-0.3775178,-0.2987598,2.385146,-0.3595784,0.2564435,2.484773
72057594038008658,0,1.03128,15575.96,-0.3773052,-0.06552148,2.535731,-0.3462994,0.374705,2.467521,-0.4679862,0.2224965,2.604125,-0.3602117,0.137846,2.495033,-0.2329643,0.1125668,2.398943,-0.2167627,0.1179295,2.401824,-0.3274972,0.2103962,2.421504,-0.3020504,0.05775544,2.39718,-0.3041283,-0.0651592,2.396994,-0.3144735,-0.1047787,2.402629,-0.4088282,-0.06015459,2.509943,-0.3721259,-0.1882786,2.431839,-0.3887025,-0.291581,2.386363,-0.3418315,-0.06187484,2.518507,-0.3776908,-0.2175171,2.428354,-0.3775178,-0.2987598,2.385146,-0.3595784,0.2564435,2.484773
72057594038008658,0,1.032613,15575.97,-0.374669,-0.06812802,2.536464,-0.3372834,0.3689245,2.491471,-0.4611706,0.2135189,2.626084,-0.3460871,0.147289,2.512416,-0.2173928,0.111235,2.409592,-0.2038145,0.113023,2.411028,-0.3254568,0.2021357,2.435616,-0.3022347,0.05261287,2.403411,-0.3043044,-0.06977394,2.403217,-0.3146192,-0.109277,2.408836,-0.4039075,-0.06417251,2.51408,-0.3678378,-0.1897669,2.449817,-0.3890365,-0.2949839,2.387182,-0.3393558,-0.06479552,2.516931,-0.3121802,-0.2185649,2.615106,-0.3783902,-0.3008125,2.385639,-0.3527994,0.2485534,2.502868
72057594038008658,0,1.032613,15575.97,-0.374669,-0.06812802,2.536464,-0.3372834,0.3689245,2.491471,-0.4611706,0.2135189,2.626084,-0.3460871,0.147289,2.512416,-0.2173928,0.111235,2.409592,-0.2038145,0.113023,2.411028,-0.3254568,0.2021357,2.435616,-0.3022347,0.05261287,2.403411,-0.3043044,-0.06977394,2.403217,-0.3146192,-0.109277,2.408836,-0.4039075,-0.06417251,2.51408,-0.3678378,-0.1897669,2.449817,-0.3890365,-0.2949839,2.387182,-0.3393558,-0.06479552,2.516931,-0.3121802,-0.2185649,2.615106,-0.3783902,-0.3008125,2.385639,-0.3527994,0.2485534,2.502868
72057594038008658,0,1.032613,15575.97,-0.374669,-0.06812802,2.536464,-0.3372834,0.3689245,2.491471,-0.4611706,0.2135189,2.626084,-0.3460871,0.147289,2.512416,-0.2173928,0.111235,2.409592,-0.2038145,0.113023,2.411028,-0.3254568,0.2021357,2.435616,-0.3022347,0.05261287,2.403411,-0.3043044,-0.06977394,2.403217,-0.3146192,-0.109277,2.408836,-0.4039075,-0.06417251,2.51408,-0.3678378,-0.1897669,2.449817,-0.3890365,-0.2949839,2.387182,-0.3393558,-0.06479552,2.516931,-0.3121802,-0.2185649,2.615106,-0.3783902,-0.3008125,2.385639,-0.3527994,0.2485534,2.502868
72057594038008658,0,1.032613,15575.98,-0.374669,-0.06812802,2.536464,-0.3372834,0.3689245,2.491471,-0.4611706,0.2135189,2.626084,-0.3460871,0.147289,2.512416,-0.2173928,0.111235,2.409592,-0.2038145,0.113023,2.411028,-0.3254568,0.2021357,2.435616,-0.3022347,0.05261287,2.403411,-0.3043044,-0.06977394,2.403217,-0.3146192,-0.109277,2.408836,-0.4039075,-0.06417251,2.51408,-0.3678378,-0.1897669,2.449817,-0.3890365,-0.2949839,2.387182,-0.3393558,-0.06479552,2.516931,-0.3121802,-0.2185649,2.615106,-0.3783902,-0.3008125,2.385639,-0.3527994,0.2485534,2.502868
72057594038008658,0,1.032613,15575.99,-0.374669,-0.06812802,2.536464,-0.3372834,0.3689245,2.491471,-0.4611706,0.2135189,2.626084,-0.3460871,0.147289,2.512416,-0.2173928,0.111235,2.409592,-0.2038145,0.113023,2.411028,-0.3254568,0.2021357,2.435616,-0.3022347,0.05261287,2.403411,-0.3043044,-0.06977394,2.403217,-0.3146192,-0.109277,2.408836,-0.4039075,-0.06417251,2.51408,-0.3678378,-0.1897669,2.449817,-0.3890365,-0.2949839,2.387182,-0.3393558,-0.06479552,2.516931,-0.3121802,-0.2185649,2.615106,-0.3783902,-0.3008125,2.385639,-0.3527994,0.2485534,2.502868
72057594038008658,0,1.040606,15575.99,-0.3686007,-0.08348319,2.559109,-0.3327259,0.3627304,2.508249,-0.4544409,0.2044423,2.645317,-0.3444749,0.1340604,2.529652,-0.2161797,0.08709252,2.426323,-0.2037446,0.07225746,2.420433,-0.309149,0.1951058,2.465492,-0.2409331,0.07443228,2.448942,-0.2431889,-0.04774261,2.448717,-0.253493,-0.08719674,2.454333,-0.3972555,-0.07772055,2.54467,-0.3675468,-0.1788797,2.460472,-0.3884664,-0.294507,2.390226,-0.3339266,-0.08103549,2.531487,-0.3198718,-0.2172472,2.651627,-0.3994083,-0.2768151,2.40222,-0.3456229,0.2382464,2.524365
72057594038008658,0,1.040606,15575.99,-0.3686007,-0.08348319,2.559109,-0.3327259,0.3627304,2.508249,-0.4544409,0.2044423,2.645317,-0.3444749,0.1340604,2.529652,-0.2161797,0.08709252,2.426323,-0.2037446,0.07225746,2.420433,-0.309149,0.1951058,2.465492,-0.2409331,0.07443228,2.448942,-0.2431889,-0.04774261,2.448717,-0.253493,-0.08719674,2.454333,-0.3972555,-0.07772055,2.54467,-0.3675468,-0.1788797,2.460472,-0.3884664,-0.294507,2.390226,-0.3339266,-0.08103549,2.531487,-0.3198718,-0.2172472,2.651627,-0.3994083,-0.2768151,2.40222,-0.3456229,0.2382464,2.524365
72057594038008658,0,1.040606,15575.99,-0.3686007,-0.08348319,2.559109,-0.3327259,0.3627304,2.508249,-0.4544409,0.2044423,2.645317,-0.3444749,0.1340604,2.529652,-0.2161797,0.08709252,2.426323,-0.2037446,0.07225746,2.420433,-0.309149,0.1951058,2.465492,-0.2409331,0.07443228,2.448942,-0.2431889,-0.04774261,2.448717,-0.253493,-0.08719674,2.454333,-0.3972555,-0.07772055,2.54467,-0.3675468,-0.1788797,2.460472,-0.3884664,-0.294507,2.390226,-0.3339266,-0.08103549,2.531487,-0.3198718,-0.2172472,2.651627,-0.3994083,-0.2768151,2.40222,-0.3456229,0.2382464,2.524365
72057594038008658,0,1.040606,15576,-0.3686007,-0.08348319,2.559109,-0.3327259,0.3627304,2.508249,-0.4544409,0.2044423,2.645317,-0.3444749,0.1340604,2.529652,-0.2161797,0.08709252,2.426323,-0.2037446,0.07225746,2.420433,-0.309149,0.1951058,2.465492,-0.2409331,0.07443228,2.448942,-0.2431889,-0.04774261,2.448717,-0.253493,-0.08719674,2.454333,-0.3972555,-0.07772055,2.54467,-0.3675468,-0.1788797,2.460472,-0.3884664,-0.294507,2.390226,-0.3339266,-0.08103549,2.531487,-0.3198718,-0.2172472,2.651627,-0.3994083,-0.2768151,2.40222,-0.3456229,0.2382464,2.524365
72057594038008658,0,1.040606,15576,-0.3686007,-0.08348319,2.559109,-0.3327259,0.3627304,2.508249,-0.4544409,0.2044423,2.645317,-0.3444749,0.1340604,2.529652,-0.2161797,0.08709252,2.426323,-0.2037446,0.07225746,2.420433,-0.309149,0.1951058,2.465492,-0.2409331,0.07443228,2.448942,-0.2431889,-0.04774261,2.448717,-0.253493,-0.08719674,2.454333,-0.3972555,-0.07772055,2.54467,-0.3675468,-0.1788797,2.460472,-0.3884664,-0.294507,2.390226,-0.3339266,-0.08103549,2.531487,-0.3198718,-0.2172472,2.651627,-0.3994083,-0.2768151,2.40222,-0.3456229,0.2382464,2.524365
72057594038008658,0,1.040606,15576,-0.3686007,-0.08348319,2.559109,-0.3327259,0.3627304,2.508249,-0.4544409,0.2044423,2.645317,-0.3444749,0.1340604,2.529652,-0.2161797,0.08709252,2.426323,-0.2037446,0.07225746,2.420433,-0.309149,0.1951058,2.465492,-0.2409331,0.07443228,2.448942,-0.2431889,-0.04774261,2.448717,-0.253493,-0.08719674,2.454333,-0.3972555,-0.07772055,2.54467,-0.3675468,-0.1788797,2.460472,-0.3884664,-0.294507,2.390226,-0.3339266,-0.08103549,2.531487,-0.3198718,-0.2172472,2.651627,-0.3994083,-0.2768151,2.40222,-0.3456229,0.2382464,2.524365
72057594038008658,0,1.040606,15576.01,-0.3686007,-0.08348319,2.559109,-0.3327259,0.3627304,2.508249,-0.4544409,0.2044423,2.645317,-0.3444749,0.1340604,2.529652,-0.2161797,0.08709252,2.426323,-0.2037446,0.07225746,2.420433,-0.309149,0.1951058,2.465492,-0.2409331,0.07443228,2.448942,-0.2431889,-0.04774261,2.448717,-0.253493,-0.08719674,2.454333,-0.3972555,-0.07772055,2.54467,-0.3675468,-0.1788797,2.460472,-0.3884664,-0.294507,2.390226,-0.3339266,-0.08103549,2.531487,-0.3198718,-0.2172472,2.651627,-0.3994083,-0.2768151,2.40222,-0.3456229,0.2382464,2.524365
72057594038008658,0,1.040606,15576.01,-0.3686007,-0.08348319,2.559109,-0.3327259,0.3627304,2.508249,-0.4544409,0.2044423,2.645317,-0.3444749,0.1340604,2.529652,-0.2161797,0.08709252,2.426323,-0.2037446,0.07225746,2.420433,-0.309149,0.1951058,2.465492,-0.2409331,0.07443228,2.448942,-0.2431889,-0.04774261,2.448717,-0.253493,-0.08719674,2.454333,-0.3972555,-0.07772055,2.54467,-0.3675468,-0.1788797,2.460472,-0.3884664,-0.294507,2.390226,-0.3339266,-0.08103549,2.531487,-0.3198718,-0.2172472,2.651627,-0.3994083,-0.2768151,2.40222,-0.3456229,0.2382464,2.524365
72057594038008658,0,1.040606,15576.01,-0.3686007,-0.08348319,2.559109,-0.3327259,0.3627304,2.508249,-0.4544409,0.2044423,2.645317,-0.3444749,0.1340604,2.529652,-0.2161797,0.08709252,2.426323,-0.2037446,0.07225746,2.420433,-0.309149,0.1951058,2.465492,-0.2409331,0.07443228,2.448942,-0.2431889,-0.04774261,2.448717,-0.253493,-0.08719674,2.454333,-0.3972555,-0.07772055,2.54467,-0.3675468,-0.1788797,2.460472,-0.3884664,-0.294507,2.390226,-0.3339266,-0.08103549,2.531487,-0.3198718,-0.2172472,2.651627,-0.3994083,-0.2768151,2.40222,-0.3456229,0.2382464,2.524365
72057594038008658,0,1.040606,15576.01,-0.3686007,-0.08348319,2.559109,-0.3327259,0.3627304,2.508249,-0.4544409,0.2044423,2.645317,-0.3444749,0.1340604,2.529652,-0.2161797,0.08709252,2.426323,-0.2037446,0.07225746,2.420433,-0.309149,0.1951058,2.465492,-0.2409331,0.07443228,2.448942,-0.2431889,-0.04774261,2.448717,-0.253493,-0.08719674,2.454333,-0.3972555,-0.07772055,2.54467,-0.3675468,-0.1788797,2.460472,-0.3884664,-0.294507,2.390226,-0.3339266,-0.08103549,2.531487,-0.3198718,-0.2172472,2.651627,-0.3994083,-0.2768151,2.40222,-0.3456229,0.2382464,2.524365
72057594038008658,0,1.040606,15576.02,-0.3686007,-0.08348319,2.559109,-0.3327259,0.3627304,2.508249,-0.4544409,0.2044423,2.645317,-0.3444749,0.1340604,2.529652,-0.2161797,0.08709252,2.426323,-0.2037446,0.07225746,2.420433,-0.309149,0.1951058,2.465492,-0.2409331,0.07443228,2.448942,-0.2431889,-0.04774261,2.448717,-0.253493,-0.08719674,2.454333,-0.3972555,-0.07772055,2.54467,-0.3675468,-0.1788797,2.460472,-0.3884664,-0.294507,2.390226,-0.3339266,-0.08103549,2.531487,-0.3198718,-0.2172472,2.651627,-0.3994083,-0.2768151,2.40222,-0.3456229,0.2382464,2.524365
72057594038008658,0,1.043537,15576.03,-0.365771,-0.09052891,2.575621,-0.327075,0.3539449,2.532281,-0.4460197,0.1903727,2.676109,-0.3475171,0.1077145,2.559222,-0.2282965,0.04402909,2.455019,-0.2141757,0.02926025,2.445575,-0.309788,0.1865509,2.491652,-0.2425405,0.03445977,2.471699,-0.2440556,-0.08723554,2.471284,-0.2543354,-0.1265956,2.476885,-0.3942215,-0.08290374,2.557594,-0.3664798,-0.1785293,2.478694,-0.3904941,-0.2947063,2.397601,-0.3315977,-0.09022537,2.550326,-0.3182943,-0.2328193,2.664773,-0.4002357,-0.2898685,2.401707,-0.3382554,0.2255321,2.552508
72057594038008658,0,1.043537,15576.03,-0.365771,-0.09052891,2.575621,-0.327075,0.3539449,2.532281,-0.4460197,0.1903727,2.676109,-0.3475171,0.1077145,2.559222,-0.2282965,0.04402909,2.455019,-0.2141757,0.02926025,2.445575,-0.309788,0.1865509,2.491652,-0.2425405,0.03445977,2.471699,-0.2440556,-0.08723554,2.471284,-0.2543354,-0.1265956,2.476885,-0.3942215,-0.08290374,2.557594,-0.3664798,-0.1785293,2.478694,-0.3904941,-0.2947063,2.397601,-0.3315977,-0.09022537,2.550326,-0.3182943,-0.2328193,2.664773,-0.4002357,-0.2898685,2.401707,-0.3382554,0.2255321,2.552508
72057594038008658,0,1.043537,15576.03,-0.365771,-0.09052891,2.575621,-0.327075,0.3539449,2.532281,-0.4460197,0.1903727,2.676109,-0.3475171,0.1077145,2.559222,-0.2282965,0.04402909,2.455019,-0.2141757,0.02926025,2.445575,-0.309788,0.1865509,2.491652,-0.2425405,0.03445977,2.471699,-0.2440556,-0.08723554,2.471284,-0.2543354,-0.1265956,2.476885,-0.3942215,-0.08290374,2.557594,-0.3664798,-0.1785293,2.478694,-0.3904941,-0.2947063,2.397601,-0.3315977,-0.09022537,2.550326,-0.3182943,-0.2328193,2.664773,-0.4002357,-0.2898685,2.401707,-0.3382554,0.2255321,2.552508
72057594038008658,0,1.043537,15576.04,-0.365771,-0.09052891,2.575621,-0.327075,0.3539449,2.532281,-0.4460197,0.1903727,2.676109,-0.3475171,0.1077145,2.559222,-0.2282965,0.04402909,2.455019,-0.2141757,0.02926025,2.445575,-0.309788,0.1865509,2.491652,-0.2425405,0.03445977,2.471699,-0.2440556,-0.08723554,2.471284,-0.2543354,-0.1265956,2.476885,-0.3942215,-0.08290374,2.557594,-0.3664798,-0.1785293,2.478694,-0.3904941,-0.2947063,2.397601,-0.3315977,-0.09022537,2.550326,-0.3182943,-0.2328193,2.664773,-0.4002357,-0.2898685,2.401707,-0.3382554,0.2255321,2.552508
72057594038008658,0,1.043537,15576.04,-0.365771,-0.09052891,2.575621,-0.327075,0.3539449,2.532281,-0.4460197,0.1903727,2.676109,-0.3475171,0.1077145,2.559222,-0.2282965,0.04402909,2.455019,-0.2141757,0.02926025,2.445575,-0.309788,0.1865509,2.491652,-0.2425405,0.03445977,2.471699,-0.2440556,-0.08723554,2.471284,-0.2543354,-0.1265956,2.476885,-0.3942215,-0.08290374,2.557594,-0.3664798,-0.1785293,2.478694,-0.3904941,-0.2947063,2.397601,-0.3315977,-0.09022537,2.550326,-0.3182943,-0.2328193,2.664773,-0.4002357,-0.2898685,2.401707,-0.3382554,0.2255321,2.552508
72057594038008658,0,1.043537,15576.04,-0.365771,-0.09052891,2.575621,-0.327075,0.3539449,2.532281,-0.4460197,0.1903727,2.676109,-0.3475171,0.1077145,2.559222,-0.2282965,0.04402909,2.455019,-0.2141757,0.02926025,2.445575,-0.309788,0.1865509,2.491652,-0.2425405,0.03445977,2.471699,-0.2440556,-0.08723554,2.471284,-0.2543354,-0.1265956,2.476885,-0.3942215,-0.08290374,2.557594,-0.3664798,-0.1785293,2.478694,-0.3904941,-0.2947063,2.397601,-0.3315977,-0.09022537,2.550326,-0.3182943,-0.2328193,2.664773,-0.4002357,-0.2898685,2.401707,-0.3382554,0.2255321,2.552508
72057594038008658,0,1.043537,15576.05,-0.365771,-0.09052891,2.575621,-0.327075,0.3539449,2.532281,-0.4460197,0.1903727,2.676109,-0.3475171,0.1077145,2.559222,-0.2282965,0.04402909,2.455019,-0.2141757,0.02926025,2.445575,-0.309788,0.1865509,2.491652,-0.2425405,0.03445977,2.471699,-0.2440556,-0.08723554,2.471284,-0.2543354,-0.1265956,2.476885,-0.3942215,-0.08290374,2.557594,-0.3664798,-0.1785293,2.478694,-0.3904941,-0.2947063,2.397601,-0.3315977,-0.09022537,2.550326,-0.3182943,-0.2328193,2.664773,-0.4002357,-0.2898685,2.401707,-0.3382554,0.2255321,2.552508
72057594038008658,0,1.043537,15576.05,-0.365771,-0.09052891,2.575621,-0.327075,0.3539449,2.532281,-0.4460197,0.1903727,2.676109,-0.3475171,0.1077145,2.559222,-0.2282965,0.04402909,2.455019,-0.2141757,0.02926025,2.445575,-0.309788,0.1865509,2.491652,-0.2425405,0.03445977,2.471699,-0.2440556,-0.08723554,2.471284,-0.2543354,-0.1265956,2.476885,-0.3942215,-0.08290374,2.557594,-0.3664798,-0.1785293,2.478694,-0.3904941,-0.2947063,2.397601,-0.3315977,-0.09022537,2.550326,-0.3182943,-0.2328193,2.664773,-0.4002357,-0.2898685,2.401707,-0.3382554,0.2255321,2.552508
72057594038008658,0,1.043537,15576.05,-0.365771,-0.09052891,2.575621,-0.327075,0.3539449,2.532281,-0.4460197,0.1903727,2.676109,-0.3475171,0.1077145,2.559222,-0.2282965,0.04402909,2.455019,-0.2141757,0.02926025,2.445575,-0.309788,0.1865509,2.491652,-0.2425405,0.03445977,2.471699,-0.2440556,-0.08723554,2.471284,-0.2543354,-0.1265956,2.476885,-0.3942215,-0.08290374,2.557594,-0.3664798,-0.1785293,2.478694,-0.3904941,-0.2947063,2.397601,-0.3315977,-0.09022537,2.550326,-0.3182943,-0.2328193,2.664773,-0.4002357,-0.2898685,2.401707,-0.3382554,0.2255321,2.552508
72057594038008658,0,1.041158,15576.05,-0.3626725,-0.09195429,2.594197,-0.3218297,0.3532156,2.549431,-0.4411302,0.1895697,2.684985,-0.3542228,0.1039717,2.561424,-0.2498877,-0.007208377,2.488854,-0.2324462,-0.01499614,2.464338,-0.3058849,0.1851761,2.510722,-0.2497572,0.0289149,2.498726,-0.333459,-0.1124277,2.502723,-0.3484477,-0.1406481,2.50302,-0.3904797,-0.08152866,2.573545,-0.3672968,-0.1825627,2.4888,-0.3952084,-0.289352,2.415722,-0.3291731,-0.09513766,2.571933,-0.3179605,-0.1857206,2.632076,-0.4126286,-0.3203424,2.404416,-0.3333004,0.2245296,2.5628
72057594038008658,0,1.041158,15576.06,-0.3626725,-0.09195429,2.594197,-0.3218297,0.3532156,2.549431,-0.4411302,0.1895697,2.684985,-0.3542228,0.1039717,2.561424,-0.2498877,-0.007208377,2.488854,-0.2324462,-0.01499614,2.464338,-0.3058849,0.1851761,2.510722,-0.2497572,0.0289149,2.498726,-0.333459,-0.1124277,2.502723,-0.3484477,-0.1406481,2.50302,-0.3904797,-0.08152866,2.573545,-0.3672968,-0.1825627,2.4888,-0.3952084,-0.289352,2.415722,-0.3291731,-0.09513766,2.571933,-0.3179605,-0.1857206,2.632076,-0.4126286,-0.3203424,2.404416,-0.3333004,0.2245296,2.5628
72057594038008658,0,1.041158,15576.06,-0.3626725,-0.09195429,2.594197,-0.3218297,0.3532156,2.549431,-0.4411302,0.1895697,2.684985,-0.3542228,0.1039717,2.561424,-0.2498877,-0.007208377,2.488854,-0.2324462,-0.01499614,2.464338,-0.3058849,0.1851761,2.510722,-0.2497572,0.0289149,2.498726,-0.333459,-0.1124277,2.502723,-0.3484477,-0.1406481,2.50302,-0.3904797,-0.08152866,2.573545,-0.3672968,-0.1825627,2.4888,-0.3952084,-0.289352,2.415722,-0.3291731,-0.09513766,2.571933,-0.3179605,-0.1857206,2.632076,-0.4126286,-0.3203424,2.404416,-0.3333004,0.2245296,2.5628
72057594038008658,0,1.041158,15576.08,-0.3626725,-0.09195429,2.594197,-0.3218297,0.3532156,2.549431,-0.4411302,0.1895697,2.684985,-0.3542228,0.1039717,2.561424,-0.2498877,-0.007208377,2.488854,-0.2324462,-0.01499614,2.464338,-0.3058849,0.1851761,2.510722,-0.2497572,0.0289149,2.498726,-0.333459,-0.1124277,2.502723,-0.3484477,-0.1406481,2.50302,-0.3904797,-0.08152866,2.573545,-0.3672968,-0.1825627,2.4888,-0.3952084,-0.289352,2.415722,-0.3291731,-0.09513766,2.571933,-0.3179605,-0.1857206,2.632076,-0.4126286,-0.3203424,2.404416,-0.3333004,0.2245296,2.5628
72057594038008658,0,1.041158,15576.08,-0.3626725,-0.09195429,2.594197,-0.3218297,0.3532156,2.549431,-0.4411302,0.1895697,2.684985,-0.3542228,0.1039717,2.561424,-0.2498877,-0.007208377,2.488854,-0.2324462,-0.01499614,2.464338,-0.3058849,0.1851761,2.510722,-0.2497572,0.0289149,2.498726,-0.333459,-0.1124277,2.502723,-0.3484477,-0.1406481,2.50302,-0.3904797,-0.08152866,2.573545,-0.3672968,-0.1825627,2.4888,-0.3952084,-0.289352,2.415722,-0.3291731,-0.09513766,2.571933,-0.3179605,-0.1857206,2.632076,-0.4126286,-0.3203424,2.404416,-0.3333004,0.2245296,2.5628
72057594038008658,0,1.041158,15576.08,-0.3626725,-0.09195429,2.594197,-0.3218297,0.3532156,2.549431,-0.4411302,0.1895697,2.684985,-0.3542228,0.1039717,2.561424,-0.2498877,-0.007208377,2.488854,-0.2324462,-0.01499614,2.464338,-0.3058849,0.1851761,2.510722,-0.2497572,0.0289149,2.498726,-0.333459,-0.1124277,2.502723,-0.3484477,-0.1406481,2.50302,-0.3904797,-0.08152866,2.573545,-0.3672968,-0.1825627,2.4888,-0.3952084,-0.289352,2.415722,-0.3291731,-0.09513766,2.571933,-0.3179605,-0.1857206,2.632076,-0.4126286,-0.3203424,2.404416,-0.3333004,0.2245296,2.5628
72057594038008658,0,1.041158,15576.09,-0.3626725,-0.09195429,2.594197,-0.3218297,0.3532156,2.549431,-0.4411302,0.1895697,2.684985,-0.3542228,0.1039717,2.561424,-0.2498877,-0.007208377,2.488854,-0.2324462,-0.01499614,2.464338,-0.3058849,0.1851761,2.510722,-0.2497572,0.0289149,2.498726,-0.333459,-0.1124277,2.502723,-0.3484477,-0.1406481,2.50302,-0.3904797,-0.08152866,2.573545,-0.3672968,-0.1825627,2.4888,-0.3952084,-0.289352,2.415722,-0.3291731,-0.09513766,2.571933,-0.3179605,-0.1857206,2.632076,-0.4126286,-0.3203424,2.404416,-0.3333004,0.2245296,2.5628
72057594038008658,0,1.037346,15576.09,-0.365416,-0.09032965,2.620315,-0.315824,0.3546047,2.566175,-0.4335527,0.1940826,2.707419,-0.3813919,0.09829438,2.565511,-0.2619984,-0.01586723,2.514106,-0.257395,-0.03330874,2.513541,-0.2706361,0.1920377,2.553469,-0.2736348,0.02231318,2.526261,-0.3480387,-0.1300909,2.518369,-0.3538567,-0.1546946,2.516619,-0.3950188,-0.07647562,2.599691,-0.3645913,-0.1851251,2.508437,-0.3951211,-0.2940974,2.434837,-0.330054,-0.09668037,2.59759,-0.3032884,-0.2065386,2.741786,-0.4011994,-0.3106461,2.513982,-0.3270111,0.2286065,2.585791
72057594038008658,0,1.037346,15576.09,-0.365416,-0.09032965,2.620315,-0.315824,0.3546047,2.566175,-0.4335527,0.1940826,2.707419,-0.3813919,0.09829438,2.565511,-0.2619984,-0.01586723,2.514106,-0.257395,-0.03330874,2.513541,-0.2706361,0.1920377,2.553469,-0.2736348,0.02231318,2.526261,-0.3480387,-0.1300909,2.518369,-0.3538567,-0.1546946,2.516619,-0.3950188,-0.07647562,2.599691,-0.3645913,-0.1851251,2.508437,-0.3951211,-0.2940974,2.434837,-0.330054,-0.09668037,2.59759,-0.3032884,-0.2065386,2.741786,-0.4011994,-0.3106461,2.513982,-0.3270111,0.2286065,2.585791
72057594038008658,0,1.037346,15576.09,-0.365416,-0.09032965,2.620315,-0.315824,0.3546047,2.566175,-0.4335527,0.1940826,2.707419,-0.3813919,0.09829438,2.565511,-0.2619984,-0.01586723,2.514106,-0.257395,-0.03330874,2.513541,-0.2706361,0.1920377,2.553469,-0.2736348,0.02231318,2.526261,-0.3480387,-0.1300909,2.518369,-0.3538567,-0.1546946,2.516619,-0.3950188,-0.07647562,2.599691,-0.3645913,-0.1851251,2.508437,-0.3951211,-0.2940974,2.434837,-0.330054,-0.09668037,2.59759,-0.3032884,-0.2065386,2.741786,-0.4011994,-0.3106461,2.513982,-0.3270111,0.2286065,2.585791
72057594038008658,0,1.037346,15576.1,-0.365416,-0.09032965,2.620315,-0.315824,0.3546047,2.566175,-0.4335527,0.1940826,2.707419,-0.3813919,0.09829438,2.565511,-0.2619984,-0.01586723,2.514106,-0.257395,-0.03330874,2.513541,-0.2706361,0.1920377,2.553469,-0.2736348,0.02231318,2.526261,-0.3480387,-0.1300909,2.518369,-0.3538567,-0.1546946,2.516619,-0.3950188,-0.07647562,2.599691,-0.3645913,-0.1851251,2.508437,-0.3951211,-0.2940974,2.434837,-0.330054,-0.09668037,2.59759,-0.3032884,-0.2065386,2.741786,-0.4011994,-0.3106461,2.513982,-0.3270111,0.2286065,2.585791
72057594038008658,0,1.037346,15576.1,-0.365416,-0.09032965,2.620315,-0.315824,0.3546047,2.566175,-0.4335527,0.1940826,2.707419,-0.3813919,0.09829438,2.565511,-0.2619984,-0.01586723,2.514106,-0.257395,-0.03330874,2.513541,-0.2706361,0.1920377,2.553469,-0.2736348,0.02231318,2.526261,-0.3480387,-0.1300909,2.518369,-0.3538567,-0.1546946,2.516619,-0.3950188,-0.07647562,2.599691,-0.3645913,-0.1851251,2.508437,-0.3951211,-0.2940974,2.434837,-0.330054,-0.09668037,2.59759,-0.3032884,-0.2065386,2.741786,-0.4011994,-0.3106461,2.513982,-0.3270111,0.2286065,2.585791
72057594038008658,0,1.037346,15576.11,-0.365416,-0.09032965,2.620315,-0.315824,0.3546047,2.566175,-0.4335527,0.1940826,2.707419,-0.3813919,0.09829438,2.565511,-0.2619984,-0.01586723,2.514106,-0.257395,-0.03330874,2.513541,-0.2706361,0.1920377,2.553469,-0.2736348,0.02231318,2.526261,-0.3480387,-0.1300909,2.518369,-0.3538567,-0.1546946,2.516619,-0.3950188,-0.07647562,2.599691,-0.3645913,-0.1851251,2.508437,-0.3951211,-0.2940974,2.434837,-0.330054,-0.09668037,2.59759,-0.3032884,-0.2065386,2.741786,-0.4011994,-0.3106461,2.513982,-0.3270111,0.2286065,2.585791
72057594038008658,0,1.037346,15576.11,-0.365416,-0.09032965,2.620315,-0.315824,0.3546047,2.566175,-0.4335527,0.1940826,2.707419,-0.3813919,0.09829438,2.565511,-0.2619984,-0.01586723,2.514106,-0.257395,-0.03330874,2.513541,-0.2706361,0.1920377,2.553469,-0.2736348,0.02231318,2.526261,-0.3480387,-0.1300909,2.518369,-0.3538567,-0.1546946,2.516619,-0.3950188,-0.07647562,2.599691,-0.3645913,-0.1851251,2.508437,-0.3951211,-0.2940974,2.434837,-0.330054,-0.09668037,2.59759,-0.3032884,-0.2065386,2.741786,-0.4011994,-0.3106461,2.513982,-0.3270111,0.2286065,2.585791
72057594038008658,0,1.037346,15576.11,-0.365416,-0.09032965,2.620315,-0.315824,0.3546047,2.566175,-0.4335527,0.1940826,2.707419,-0.3813919,0.09829438,2.565511,-0.2619984,-0.01586723,2.514106,-0.257395,-0.03330874,2.513541,-0.2706361,0.1920377,2.553469,-0.2736348,0.02231318,2.526261,-0.3480387,-0.1300909,2.518369,-0.3538567,-0.1546946,2.516619,-0.3950188,-0.07647562,2.599691,-0.3645913,-0.1851251,2.508437,-0.3951211,-0.2940974,2.434837,-0.330054,-0.09668037,2.59759,-0.3032884,-0.2065386,2.741786,-0.4011994,-0.3106461,2.513982,-0.3270111,0.2286065,2.585791
72057594038008658,0,1.037346,15576.12,-0.365416,-0.09032965,2.620315,-0.315824,0.3546047,2.566175,-0.4335527,0.1940826,2.707419,-0.3813919,0.09829438,2.565511,-0.2619984,-0.01586723,2.514106,-0.257395,-0.03330874,2.513541,-0.2706361,0.1920377,2.553469,-0.2736348,0.02231318,2.526261,-0.3480387,-0.1300909,2.518369,-0.3538567,-0.1546946,2.516619,-0.3950188,-0.07647562,2.599691,-0.3645913,-0.1851251,2.508437,-0.3951211,-0.2940974,2.434837,-0.330054,-0.09668037,2.59759,-0.3032884,-0.2065386,2.741786,-0.4011994,-0.3106461,2.513982,-0.3270111,0.2286065,2.585791
72057594038008658,0,1.037346,15576.12,-0.365416,-0.09032965,2.620315,-0.315824,0.3546047,2.566175,-0.4335527,0.1940826,2.707419,-0.3813919,0.09829438,2.565511,-0.2619984,-0.01586723,2.514106,-0.257395,-0.03330874,2.513541,-0.2706361,0.1920377,2.553469,-0.2736348,0.02231318,2.526261,-0.3480387,-0.1300909,2.518369,-0.3538567,-0.1546946,2.516619,-0.3950188,-0.07647562,2.599691,-0.3645913,-0.1851251,2.508437,-0.3951211,-0.2940974,2.434837,-0.330054,-0.09668037,2.59759,-0.3032884,-0.2065386,2.741786,-0.4011994,-0.3106461,2.513982,-0.3270111,0.2286065,2.585791
72057594038008658,0,1.037346,15576.12,-0.365416,-0.09032965,2.620315,-0.315824,0.3546047,2.566175,-0.4335527,0.1940826,2.707419,-0.3813919,0.09829438,2.565511,-0.2619984,-0.01586723,2.514106,-0.257395,-0.03330874,2.513541,-0.2706361,0.1920377,2.553469,-0.2736348,0.02231318,2.526261,-0.3480387,-0.1300909,2.518369,-0.3538567,-0.1546946,2.516619,-0.3950188,-0.07647562,2.599691,-0.3645913,-0.1851251,2.508437,-0.3951211,-0.2940974,2.434837,-0.330054,-0.09668037,2.59759,-0.3032884,-0.2065386,2.741786,-0.4011994,-0.3106461,2.513982,-0.3270111,0.2286065,2.585791
72057594038008658,0,1.037346,15576.12,-0.365416,-0.09032965,2.620315,-0.315824,0.3546047,2.566175,-0.4335527,0.1940826,2.707419,-0.3813919,0.09829438,2.565511,-0.2619984,-0.01586723,2.514106,-0.257395,-0.03330874,2.513541,-0.2706361,0.1920377,2.553469,-0.2736348,0.02231318,2.526261,-0.3480387,-0.1300909,2.518369,-0.3538567,-0.1546946,2.516619,-0.3950188,-0.07647562,2.599691,-0.3645913,-0.1851251,2.508437,-0.3951211,-0.2940974,2.434837,-0.330054,-0.09668037,2.59759,-0.3032884,-0.2065386,2.741786,-0.4011994,-0.3106461,2.513982,-0.3270111,0.2286065,2.585791
72057594038008658,0,1.037346,15576.13,-0.365416,-0.09032965,2.620315,-0.315824,0.3546047,2.566175,-0.4335527,0.1940826,2.707419,-0.3813919,0.09829438,2.565511,-0.2619984,-0.01586723,2.514106,-0.257395,-0.03330874,2.513541,-0.2706361,0.1920377,2.553469,-0.2736348,0.02231318,2.526261,-0.3480387,-0.1300909,2.518369,-0.3538567,-0.1546946,2.516619,-0.3950188,-0.07647562,2.599691,-0.3645913,-0.1851251,2.508437,-0.3951211,-0.2940974,2.434837,-0.330054,-0.09668037,2.59759,-0.3032884,-0.2065386,2.741786,-0.4011994,-0.3106461,2.513982,-0.3270111,0.2286065,2.585791
72057594038008658,0,1.019331,15576.13,-0.3531416,-0.07998776,2.668156,-0.3080836,0.360925,2.580172,-0.427858,0.1998698,2.718825,-0.3794016,0.108875,2.571349,-0.2620983,-0.007637829,2.517748,-0.2233335,-0.04672286,2.502276,-0.2693065,0.1913516,2.555709,-0.2723302,0.02089652,2.528441,-0.3472269,-0.1320841,2.521101,-0.3544325,-0.1681015,2.525373,-0.38467,-0.0691807,2.644809,-0.3444733,-0.1628662,2.553135,-0.3912202,-0.2955449,2.468115,-0.3164066,-0.08380166,2.646343,-0.3383135,-0.3158607,2.716978,-0.4040602,-0.2784067,2.479843,-0.3206036,0.234967,2.600466
72057594038008658,0,1.019331,15576.13,-0.3531416,-0.07998776,2.668156,-0.3080836,0.360925,2.580172,-0.427858,0.1998698,2.718825,-0.3794016,0.108875,2.571349,-0.2620983,-0.007637829,2.517748,-0.2233335,-0.04672286,2.502276,-0.2693065,0.1913516,2.555709,-0.2723302,0.02089652,2.528441,-0.3472269,-0.1320841,2.521101,-0.3544325,-0.1681015,2.525373,-0.38467,-0.0691807,2.644809,-0.3444733,-0.1628662,2.553135,-0.3912202,-0.2955449,2.468115,-0.3164066,-0.08380166,2.646343,-0.3383135,-0.3158607,2.716978,-0.4040602,-0.2784067,2.479843,-0.3206036,0.234967,2.600466
72057594038008658,0,1.019331,15576.14,-0.3531416,-0.07998776,2.668156,-0.3080836,0.360925,2.580172,-0.427858,0.1998698,2.718825,-0.3794016,0.108875,2.571349,-0.2620983,-0.007637829,2.517748,-0.2233335,-0.04672286,2.502276,-0.2693065,0.1913516,2.555709,-0.2723302,0.02089652,2.528441,-0.3472269,-0.1320841,2.521101,-0.3544325,-0.1681015,2.525373,-0.38467,-0.0691807,2.644809,-0.3444733,-0.1628662,2.553135,-0.3912202,-0.2955449,2.468115,-0.3164066,-0.08380166,2.646343,-0.3383135,-0.3158607,2.716978,-0.4040602,-0.2784067,2.479843,-0.3206036,0.234967,2.600466
72057594038008658,0,1.019331,15576.15,-0.3531416,-0.07998776,2.668156,-0.3080836,0.360925,2.580172,-0.427858,0.1998698,2.718825,-0.3794016,0.108875,2.571349,-0.2620983,-0.007637829,2.517748,-0.2233335,-0.04672286,2.502276,-0.2693065,0.1913516,2.555709,-0.2723302,0.02089652,2.528441,-0.3472269,-0.1320841,2.521101,-0.3544325,-0.1681015,2.525373,-0.38467,-0.0691807,2.644809,-0.3444733,-0.1628662,2.553135,-0.3912202,-0.2955449,2.468115,-0.3164066,-0.08380166,2.646343,-0.3383135,-0.3158607,2.716978,-0.4040602,-0.2784067,2.479843,-0.3206036,0.234967,2.600466
72057594038008658,0,1.019331,15576.15,-0.3531416,-0.07998776,2.668156,-0.3080836,0.360925,2.580172,-0.427858,0.1998698,2.718825,-0.3794016,0.108875,2.571349,-0.2620983,-0.007637829,2.517748,-0.2233335,-0.04672286,2.502276,-0.2693065,0.1913516,2.555709,-0.2723302,0.02089652,2.528441,-0.3472269,-0.1320841,2.521101,-0.3544325,-0.1681015,2.525373,-0.38467,-0.0691807,2.644809,-0.3444733,-0.1628662,2.553135,-0.3912202,-0.2955449,2.468115,-0.3164066,-0.08380166,2.646343,-0.3383135,-0.3158607,2.716978,-0.4040602,-0.2784067,2.479843,-0.3206036,0.234967,2.600466
72057594038008658,0,1.019331,15576.15,-0.3531416,-0.07998776,2.668156,-0.3080836,0.360925,2.580172,-0.427858,0.1998698,2.718825,-0.3794016,0.108875,2.571349,-0.2620983,-0.007637829,2.517748,-0.2233335,-0.04672286,2.502276,-0.2693065,0.1913516,2.555709,-0.2723302,0.02089652,2.528441,-0.3472269,-0.1320841,2.521101,-0.3544325,-0.1681015,2.525373,-0.38467,-0.0691807,2.644809,-0.3444733,-0.1628662,2.553135,-0.3912202,-0.2955449,2.468115,-0.3164066,-0.08380166,2.646343,-0.3383135,-0.3158607,2.716978,-0.4040602,-0.2784067,2.479843,-0.3206036,0.234967,2.600466
72057594038008658,0,1.013137,15576.16,-0.3482095,-0.07484484,2.664167,-0.3011477,0.3669576,2.594434,-0.4225408,0.2055062,2.726219,-0.3748761,0.1166674,2.577873,-0.2987538,0.02423498,2.530281,-0.2987133,0.0001985729,2.555446,-0.2441652,0.2086243,2.579364,-0.3624989,0.09035194,2.537076,-0.4494787,-0.05533952,2.532937,-0.459862,-0.09511757,2.5386,-0.3819526,-0.0649415,2.640161,-0.3391043,-0.1566688,2.556391,-0.3852004,-0.3008502,2.498906,-0.3084293,-0.07728258,2.643746,-0.3905677,-0.2550735,2.556749,-0.3909604,-0.3039268,2.507204,-0.3154601,0.2403598,2.606707
72057594038008658,0,1.013137,15576.16,-0.3482095,-0.07484484,2.664167,-0.3011477,0.3669576,2.594434,-0.4225408,0.2055062,2.726219,-0.3748761,0.1166674,2.577873,-0.2987538,0.02423498,2.530281,-0.2987133,0.0001985729,2.555446,-0.2441652,0.2086243,2.579364,-0.3624989,0.09035194,2.537076,-0.4494787,-0.05533952,2.532937,-0.459862,-0.09511757,2.5386,-0.3819526,-0.0649415,2.640161,-0.3391043,-0.1566688,2.556391,-0.3852004,-0.3008502,2.498906,-0.3084293,-0.07728258,2.643746,-0.3905677,-0.2550735,2.556749,-0.3909604,-0.3039268,2.507204,-0.3154601,0.2403598,2.606707
72057594038008658,0,1.013137,15576.16,-0.3482095,-0.07484484,2.664167,-0.3011477,0.3669576,2.594434,-0.4225408,0.2055062,2.726219,-0.3748761,0.1166674,2.577873,-0.2987538,0.02423498,2.530281,-0.2987133,0.0001985729,2.555446,-0.2441652,0.2086243,2.579364,-0.3624989,0.09035194,2.537076,-0.4494787,-0.05533952,2.532937,-0.459862,-0.09511757,2.5386,-0.3819526,-0.0649415,2.640161,-0.3391043,-0.1566688,2.556391,-0.3852004,-0.3008502,2.498906,-0.3084293,-0.07728258,2.643746,-0.3905677,-0.2550735,2.556749,-0.3909604,-0.3039268,2.507204,-0.3154601,0.2403598,2.606707
72057594038008658,0,1.013137,15576.17,-0.3482095,-0.07484484,2.664167,-0.3011477,0.3669576,2.594434,-0.4225408,0.2055062,2.726219,-0.3748761,0.1166674,2.577873,-0.2987538,0.02423498,2.530281,-0.2987133,0.0001985729,2.555446,-0.2441652,0.2086243,2.579364,-0.3624989,0.09035194,2.537076,-0.4494787,-0.05533952,2.532937,-0.459862,-0.09511757,2.5386,-0.3819526,-0.0649415,2.640161,-0.3391043,-0.1566688,2.556391,-0.3852004,-0.3008502,2.498906,-0.3084293,-0.07728258,2.643746,-0.3905677,-0.2550735,2.556749,-0.3909604,-0.3039268,2.507204,-0.3154601,0.2403598,2.606707
72057594038008658,0,1.013137,15576.17,-0.3482095,-0.07484484,2.664167,-0.3011477,0.3669576,2.594434,-0.4225408,0.2055062,2.726219,-0.3748761,0.1166674,2.577873,-0.2987538,0.02423498,2.530281,-0.2987133,0.0001985729,2.555446,-0.2441652,0.2086243,2.579364,-0.3624989,0.09035194,2.537076,-0.4494787,-0.05533952,2.532937,-0.459862,-0.09511757,2.5386,-0.3819526,-0.0649415,2.640161,-0.3391043,-0.1566688,2.556391,-0.3852004,-0.3008502,2.498906,-0.3084293,-0.07728258,2.643746,-0.3905677,-0.2550735,2.556749,-0.3909604,-0.3039268,2.507204,-0.3154601,0.2403598,2.606707
72057594038008658,0,1.013137,15576.17,-0.3482095,-0.07484484,2.664167,-0.3011477,0.3669576,2.594434,-0.4225408,0.2055062,2.726219,-0.3748761,0.1166674,2.577873,-0.2987538,0.02423498,2.530281,-0.2987133,0.0001985729,2.555446,-0.2441652,0.2086243,2.579364,-0.3624989,0.09035194,2.537076,-0.4494787,-0.05533952,2.532937,-0.459862,-0.09511757,2.5386,-0.3819526,-0.0649415,2.640161,-0.3391043,-0.1566688,2.556391,-0.3852004,-0.3008502,2.498906,-0.3084293,-0.07728258,2.643746,-0.3905677,-0.2550735,2.556749,-0.3909604,-0.3039268,2.507204,-0.3154601,0.2403598,2.606707
72057594038008658,0,1.013137,15576.17,-0.3482095,-0.07484484,2.664167,-0.3011477,0.3669576,2.594434,-0.4225408,0.2055062,2.726219,-0.3748761,0.1166674,2.577873,-0.2987538,0.02423498,2.530281,-0.2987133,0.0001985729,2.555446,-0.2441652,0.2086243,2.579364,-0.3624989,0.09035194,2.537076,-0.4494787,-0.05533952,2.532937,-0.459862,-0.09511757,2.5386,-0.3819526,-0.0649415,2.640161,-0.3391043,-0.1566688,2.556391,-0.3852004,-0.3008502,2.498906,-0.3084293,-0.07728258,2.643746,-0.3905677,-0.2550735,2.556749,-0.3909604,-0.3039268,2.507204,-0.3154601,0.2403598,2.606707
72057594038008658,0,1.013137,15576.18,-0.3482095,-0.07484484,2.664167,-0.3011477,0.3669576,2.594434,-0.4225408,0.2055062,2.726219,-0.3748761,0.1166674,2.577873,-0.2987538,0.02423498,2.530281,-0.2987133,0.0001985729,2.555446,-0.2441652,0.2086243,2.579364,-0.3624989,0.09035194,2.537076,-0.4494787,-0.05533952,2.532937,-0.459862,-0.09511757,2.5386,-0.3819526,-0.0649415,2.640161,-0.3391043,-0.1566688,2.556391,-0.3852004,-0.3008502,2.498906,-0.3084293,-0.07728258,2.643746,-0.3905677,-0.2550735,2.556749,-0.3909604,-0.3039268,2.507204,-0.3154601,0.2403598,2.606707
72057594038008658,0,1.013137,15576.18,-0.3482095,-0.07484484,2.664167,-0.3011477,0.3669576,2.594434,-0.4225408,0.2055062,2.726219,-0.3748761,0.1166674,2.577873,-0.2987538,0.02423498,2.530281,-0.2987133,0.0001985729,2.555446,-0.2441652,0.2086243,2.579364,-0.3624989,0.09035194,2.537076,-0.4494787,-0.05533952,2.532937,-0.459862,-0.09511757,2.5386,-0.3819526,-0.0649415,2.640161,-0.3391043,-0.1566688,2.556391,-0.3852004,-0.3008502,2.498906,-0.3084293,-0.07728258,2.643746,-0.3905677,-0.2550735,2.556749,-0.3909604,-0.3039268,2.507204,-0.3154601,0.2403598,2.606707
72057594038008658,0,1.004191,15576.19,-0.328111,-0.07227498,2.665852,-0.2952628,0.37107,2.602917,-0.348685,0.2081287,2.570863,-0.3556824,0.07131869,2.555134,-0.2774913,-0.0278115,2.557297,-0.284758,-0.05576965,2.594949,-0.243015,0.2118926,2.580799,-0.362399,0.09364769,2.539901,-0.449782,-0.0523417,2.535649,-0.459933,-0.09122977,2.541187,-0.3760162,-0.06390634,2.640933,-0.3322973,-0.1547751,2.563701,-0.3752602,-0.3060495,2.549706,-0.2671584,-0.07293031,2.64728,-0.3745736,-0.2575692,2.564952,-0.3829786,-0.3095171,2.532885,-0.3086812,0.2463091,2.617964
72057594038008658,0,1.004191,15576.19,-0.328111,-0.07227498,2.665852,-0.2952628,0.37107,2.602917,-0.348685,0.2081287,2.570863,-0.3556824,0.07131869,2.555134,-0.2774913,-0.0278115,2.557297,-0.284758,-0.05576965,2.594949,-0.243015,0.2118926,2.580799,-0.362399,0.09364769,2.539901,-0.449782,-0.0523417,2.535649,-0.459933,-0.09122977,2.541187,-0.3760162,-0.06390634,2.640933,-0.3322973,-0.1547751,2.563701,-0.3752602,-0.3060495,2.549706,-0.2671584,-0.07293031,2.64728,-0.3745736,-0.2575692,2.564952,-0.3829786,-0.3095171,2.532885,-0.3086812,0.2463091,2.617964
72057594038008658,0,1.004191,15576.19,-0.328111,-0.07227498,2.665852,-0.2952628,0.37107,2.602917,-0.348685,0.2081287,2.570863,-0.3556824,0.07131869,2.555134,-0.2774913,-0.0278115,2.557297,-0.284758,-0.05576965,2.594949,-0.243015,0.2118926,2.580799,-0.362399,0.09364769,2.539901,-0.449782,-0.0523417,2.535649,-0.459933,-0.09122977,2.541187,-0.3760162,-0.06390634,2.640933,-0.3322973,-0.1547751,2.563701,-0.3752602,-0.3060495,2.549706,-0.2671584,-0.07293031,2.64728,-0.3745736,-0.2575692,2.564952,-0.3829786,-0.3095171,2.532885,-0.3086812,0.2463091,2.617964
72057594038008658,0,1.004191,15576.19,-0.328111,-0.07227498,2.665852,-0.2952628,0.37107,2.602917,-0.348685,0.2081287,2.570863,-0.3556824,0.07131869,2.555134,-0.2774913,-0.0278115,2.557297,-0.284758,-0.05576965,2.594949,-0.243015,0.2118926,2.580799,-0.362399,0.09364769,2.539901,-0.449782,-0.0523417,2.535649,-0.459933,-0.09122977,2.541187,-0.3760162,-0.06390634,2.640933,-0.3322973,-0.1547751,2.563701,-0.3752602,-0.3060495,2.549706,-0.2671584,-0.07293031,2.64728,-0.3745736,-0.2575692,2.564952,-0.3829786,-0.3095171,2.532885,-0.3086812,0.2463091,2.617964
72057594038008658,0,1.004191,15576.2,-0.328111,-0.07227498,2.665852,-0.2952628,0.37107,2.602917,-0.348685,0.2081287,2.570863,-0.3556824,0.07131869,2.555134,-0.2774913,-0.0278115,2.557297,-0.284758,-0.05576965,2.594949,-0.243015,0.2118926,2.580799,-0.362399,0.09364769,2.539901,-0.449782,-0.0523417,2.535649,-0.459933,-0.09122977,2.541187,-0.3760162,-0.06390634,2.640933,-0.3322973,-0.1547751,2.563701,-0.3752602,-0.3060495,2.549706,-0.2671584,-0.07293031,2.64728,-0.3745736,-0.2575692,2.564952,-0.3829786,-0.3095171,2.532885,-0.3086812,0.2463091,2.617964
72057594038008658,0,1.004191,15576.2,-0.328111,-0.07227498,2.665852,-0.2952628,0.37107,2.602917,-0.348685,0.2081287,2.570863,-0.3556824,0.07131869,2.555134,-0.2774913,-0.0278115,2.557297,-0.284758,-0.05576965,2.594949,-0.243015,0.2118926,2.580799,-0.362399,0.09364769,2.539901,-0.449782,-0.0523417,2.535649,-0.459933,-0.09122977,2.541187,-0.3760162,-0.06390634,2.640933,-0.3322973,-0.1547751,2.563701,-0.3752602,-0.3060495,2.549706,-0.2671584,-0.07293031,2.64728,-0.3745736,-0.2575692,2.564952,-0.3829786,-0.3095171,2.532885,-0.3086812,0.2463091,2.617964
72057594038008658,0,1.004191,15576.2,-0.328111,-0.07227498,2.665852,-0.2952628,0.37107,2.602917,-0.348685,0.2081287,2.570863,-0.3556824,0.07131869,2.555134,-0.2774913,-0.0278115,2.557297,-0.284758,-0.05576965,2.594949,-0.243015,0.2118926,2.580799,-0.362399,0.09364769,2.539901,-0.449782,-0.0523417,2.535649,-0.459933,-0.09122977,2.541187,-0.3760162,-0.06390634,2.640933,-0.3322973,-0.1547751,2.563701,-0.3752602,-0.3060495,2.549706,-0.2671584,-0.07293031,2.64728,-0.3745736,-0.2575692,2.564952,-0.3829786,-0.3095171,2.532885,-0.3086812,0.2463091,2.617964
72057594038008658,0,1.004191,15576.21,-0.328111,-0.07227498,2.665852,-0.2952628,0.37107,2.602917,-0.348685,0.2081287,2.570863,-0.3556824,0.07131869,2.555134,-0.2774913,-0.0278115,2.557297,-0.284758,-0.05576965,2.594949,-0.243015,0.2118926,2.580799,-0.362399,0.09364769,2.539901,-0.449782,-0.0523417,2.535649,-0.459933,-0.09122977,2.541187,-0.3760162,-0.06390634,2.640933,-0.3322973,-0.1547751,2.563701,-0.3752602,-0.3060495,2.549706,-0.2671584,-0.07293031,2.64728,-0.3745736,-0.2575692,2.564952,-0.3829786,-0.3095171,2.532885,-0.3086812,0.2463091,2.617964
72057594038008658,0,1.004191,15576.21,-0.328111,-0.07227498,2.665852,-0.2952628,0.37107,2.602917,-0.348685,0.2081287,2.570863,-0.3556824,0.07131869,2.555134,-0.2774913,-0.0278115,2.557297,-0.284758,-0.05576965,2.594949,-0.243015,0.2118926,2.580799,-0.362399,0.09364769,2.539901,-0.449782,-0.0523417,2.535649,-0.459933,-0.09122977,2.541187,-0.3760162,-0.06390634,2.640933,-0.3322973,-0.1547751,2.563701,-0.3752602,-0.3060495,2.549706,-0.2671584,-0.07293031,2.64728,-0.3745736,-0.2575692,2.564952,-0.3829786,-0.3095171,2.532885,-0.3086812,0.2463091,2.617964
72057594038008658,0,1.004191,15576.21,-0.328111,-0.07227498,2.665852,-0.2952628,0.37107,2.602917,-0.348685,0.2081287,2.570863,-0.3556824,0.07131869,2.555134,-0.2774913,-0.0278115,2.557297,-0.284758,-0.05576965,2.594949,-0.243015,0.2118926,2.580799,-0.362399,0.09364769,2.539901,-0.449782,-0.0523417,2.535649,-0.459933,-0.09122977,2.541187,-0.3760162,-0.06390634,2.640933,-0.3322973,-0.1547751,2.563701,-0.3752602,-0.3060495,2.549706,-0.2671584,-0.07293031,2.64728,-0.3745736,-0.2575692,2.564952,-0.3829786,-0.3095171,2.532885,-0.3086812,0.2463091,2.617964
72057594038008658,0,1.004191,15576.21,-0.328111,-0.07227498,2.665852,-0.2952628,0.37107,2.602917,-0.348685,0.2081287,2.570863,-0.3556824,0.07131869,2.555134,-0.2774913,-0.0278115,2.557297,-0.284758,-0.05576965,2.594949,-0.243015,0.2118926,2.580799,-0.362399,0.09364769,2.539901,-0.449782,-0.0523417,2.535649,-0.459933,-0.09122977,2.541187,-0.3760162,-0.06390634,2.640933,-0.3322973,-0.1547751,2.563701,-0.3752602,-0.3060495,2.549706,-0.2671584,-0.07293031,2.64728,-0.3745736,-0.2575692,2.564952,-0.3829786,-0.3095171,2.532885,-0.3086812,0.2463091,2.617964
72057594038008658,0,1.004191,15576.23,-0.328111,-0.07227498,2.665852,-0.2952628,0.37107,2.602917,-0.348685,0.2081287,2.570863,-0.3556824,0.07131869,2.555134,-0.2774913,-0.0278115,2.557297,-0.284758,-0.05576965,2.594949,-0.243015,0.2118926,2.580799,-0.362399,0.09364769,2.539901,-0.449782,-0.0523417,2.535649,-0.459933,-0.09122977,2.541187,-0.3760162,-0.06390634,2.640933,-0.3322973,-0.1547751,2.563701,-0.3752602,-0.3060495,2.549706,-0.2671584,-0.07293031,2.64728,-0.3745736,-0.2575692,2.564952,-0.3829786,-0.3095171,2.532885,-0.3086812,0.2463091,2.617964
72057594038008658,0,1.001005,15576.23,-0.3175043,-0.07266322,2.670654,-0.2917524,0.3744172,2.611505,-0.3463091,0.2090356,2.572838,-0.3500494,0.06693834,2.556623,-0.2860399,-0.04190934,2.561551,-0.2976292,-0.05845705,2.579875,-0.2389455,0.2033726,2.586227,-0.3592272,0.08464026,2.547512,-0.447205,-0.06168729,2.543089,-0.4573029,-0.1003715,2.548597,-0.3658566,-0.06344271,2.647431,-0.3218496,-0.1518124,2.584562,-0.3481469,-0.2939613,2.58285,-0.2619818,-0.07399583,2.649521,-0.3121159,-0.2022875,2.570627,-0.3179426,-0.3110083,2.536069,-0.3043429,0.2497201,2.625671
72057594038008658,0,1.001005,15576.23,-0.3175043,-0.07266322,2.670654,-0.2917524,0.3744172,2.611505,-0.3463091,0.2090356,2.572838,-0.3500494,0.06693834,2.556623,-0.2860399,-0.04190934,2.561551,-0.2976292,-0.05845705,2.579875,-0.2389455,0.2033726,2.586227,-0.3592272,0.08464026,2.547512,-0.447205,-0.06168729,2.543089,-0.4573029,-0.1003715,2.548597,-0.3658566,-0.06344271,2.647431,-0.3218496,-0.1518124,2.584562,-0.3481469,-0.2939613,2.58285,-0.2619818,-0.07399583,2.649521,-0.3121159,-0.2022875,2.570627,-0.3179426,-0.3110083,2.536069,-0.3043429,0.2497201,2.625671
72057594038008658,0,1.001005,15576.24,-0.3175043,-0.07266322,2.670654,-0.2917524,0.3744172,2.611505,-0.3463091,0.2090356,2.572838,-0.3500494,0.06693834,2.556623,-0.2860399,-0.04190934,2.561551,-0.2976292,-0.05845705,2.579875,-0.2389455,0.2033726,2.586227,-0.3592272,0.08464026,2.547512,-0.447205,-0.06168729,2.543089,-0.4573029,-0.1003715,2.548597,-0.3658566,-0.06344271,2.647431,-0.3218496,-0.1518124,2.584562,-0.3481469,-0.2939613,2.58285,-0.2619818,-0.07399583,2.649521,-0.3121159,-0.2022875,2.570627,-0.3179426,-0.3110083,2.536069,-0.3043429,0.2497201,2.625671
72057594038008658,0,1.001005,15576.24,-0.3175043,-0.07266322,2.670654,-0.2917524,0.3744172,2.611505,-0.3463091,0.2090356,2.572838,-0.3500494,0.06693834,2.556623,-0.2860399,-0.04190934,2.561551,-0.2976292,-0.05845705,2.579875,-0.2389455,0.2033726,2.586227,-0.3592272,0.08464026,2.547512,-0.447205,-0.06168729,2.543089,-0.4573029,-0.1003715,2.548597,-0.3658566,-0.06344271,2.647431,-0.3218496,-0.1518124,2.584562,-0.3481469,-0.2939613,2.58285,-0.2619818,-0.07399583,2.649521,-0.3121159,-0.2022875,2.570627,-0.3179426,-0.3110083,2.536069,-0.3043429,0.2497201,2.625671
72057594038008658,0,1.001005,15576.24,-0.3175043,-0.07266322,2.670654,-0.2917524,0.3744172,2.611505,-0.3463091,0.2090356,2.572838,-0.3500494,0.06693834,2.556623,-0.2860399,-0.04190934,2.561551,-0.2976292,-0.05845705,2.579875,-0.2389455,0.2033726,2.586227,-0.3592272,0.08464026,2.547512,-0.447205,-0.06168729,2.543089,-0.4573029,-0.1003715,2.548597,-0.3658566,-0.06344271,2.647431,-0.3218496,-0.1518124,2.584562,-0.3481469,-0.2939613,2.58285,-0.2619818,-0.07399583,2.649521,-0.3121159,-0.2022875,2.570627,-0.3179426,-0.3110083,2.536069,-0.3043429,0.2497201,2.625671
72057594038008658,0,1.001005,15576.24,-0.3175043,-0.07266322,2.670654,-0.2917524,0.3744172,2.611505,-0.3463091,0.2090356,2.572838,-0.3500494,0.06693834,2.556623,-0.2860399,-0.04190934,2.561551,-0.2976292,-0.05845705,2.579875,-0.2389455,0.2033726,2.586227,-0.3592272,0.08464026,2.547512,-0.447205,-0.06168729,2.543089,-0.4573029,-0.1003715,2.548597,-0.3658566,-0.06344271,2.647431,-0.3218496,-0.1518124,2.584562,-0.3481469,-0.2939613,2.58285,-0.2619818,-0.07399583,2.649521,-0.3121159,-0.2022875,2.570627,-0.3179426,-0.3110083,2.536069,-0.3043429,0.2497201,2.625671
72057594038008658,0,1.001005,15576.25,-0.3175043,-0.07266322,2.670654,-0.2917524,0.3744172,2.611505,-0.3463091,0.2090356,2.572838,-0.3500494,0.06693834,2.556623,-0.2860399,-0.04190934,2.561551,-0.2976292,-0.05845705,2.579875,-0.2389455,0.2033726,2.586227,-0.3592272,0.08464026,2.547512,-0.447205,-0.06168729,2.543089,-0.4573029,-0.1003715,2.548597,-0.3658566,-0.06344271,2.647431,-0.3218496,-0.1518124,2.584562,-0.3481469,-0.2939613,2.58285,-0.2619818,-0.07399583,2.649521,-0.3121159,-0.2022875,2.570627,-0.3179426,-0.3110083,2.536069,-0.3043429,0.2497201,2.625671
72057594038008658,0,1.001005,15576.25,-0.3175043,-0.07266322,2.670654,-0.2917524,0.3744172,2.611505,-0.3463091,0.2090356,2.572838,-0.3500494,0.06693834,2.556623,-0.2860399,-0.04190934,2.561551,-0.2976292,-0.05845705,2.579875,-0.2389455,0.2033726,2.586227,-0.3592272,0.08464026,2.547512,-0.447205,-0.06168729,2.543089,-0.4573029,-0.1003715,2.548597,-0.3658566,-0.06344271,2.647431,-0.3218496,-0.1518124,2.584562,-0.3481469,-0.2939613,2.58285,-0.2619818,-0.07399583,2.649521,-0.3121159,-0.2022875,2.570627,-0.3179426,-0.3110083,2.536069,-0.3043429,0.2497201,2.625671
72057594038008658,0,1.001005,15576.25,-0.3175043,-0.07266322,2.670654,-0.2917524,0.3744172,2.611505,-0.3463091,0.2090356,2.572838,-0.3500494,0.06693834,2.556623,-0.2860399,-0.04190934,2.561551,-0.2976292,-0.05845705,2.579875,-0.2389455,0.2033726,2.586227,-0.3592272,0.08464026,2.547512,-0.447205,-0.06168729,2.543089,-0.4573029,-0.1003715,2.548597,-0.3658566,-0.06344271,2.647431,-0.3218496,-0.1518124,2.584562,-0.3481469,-0.2939613,2.58285,-0.2619818,-0.07399583,2.649521,-0.3121159,-0.2022875,2.570627,-0.3179426,-0.3110083,2.536069,-0.3043429,0.2497201,2.625671
72057594038008658,0,1.001005,15576.25,-0.3175043,-0.07266322,2.670654,-0.2917524,0.3744172,2.611505,-0.3463091,0.2090356,2.572838,-0.3500494,0.06693834,2.556623,-0.2860399,-0.04190934,2.561551,-0.2976292,-0.05845705,2.579875,-0.2389455,0.2033726,2.586227,-0.3592272,0.08464026,2.547512,-0.447205,-0.06168729,2.543089,-0.4573029,-0.1003715,2.548597,-0.3658566,-0.06344271,2.647431,-0.3218496,-0.1518124,2.584562,-0.3481469,-0.2939613,2.58285,-0.2619818,-0.07399583,2.649521,-0.3121159,-0.2022875,2.570627,-0.3179426,-0.3110083,2.536069,-0.3043429,0.2497201,2.625671
72057594038008658,0,0.9962015,15576.26,-0.3131048,-0.06990477,2.685803,-0.2832637,0.3770453,2.614942,-0.3441948,0.2100728,2.573714,-0.3462044,0.06596217,2.555935,-0.2709809,-0.03669491,2.553733,-0.2462198,-0.07119596,2.555396,-0.2368425,0.2020877,2.589793,-0.3579679,0.08472204,2.546176,-0.4454331,-0.06250057,2.542404,-0.4555031,-0.1010777,2.547896,-0.3607469,-0.06033432,2.66341,-0.3130414,-0.1518629,2.607893,-0.3414595,-0.2997561,2.604162,-0.2595087,-0.07204497,2.664362,-0.3412811,-0.2350011,2.568736,-0.3893726,-0.3106875,2.704073,-0.3011681,0.2539808,2.633397
72057594038008658,0,0.9962015,15576.26,-0.3131048,-0.06990477,2.685803,-0.2832637,0.3770453,2.614942,-0.3441948,0.2100728,2.573714,-0.3462044,0.06596217,2.555935,-0.2709809,-0.03669491,2.553733,-0.2462198,-0.07119596,2.555396,-0.2368425,0.2020877,2.589793,-0.3579679,0.08472204,2.546176,-0.4454331,-0.06250057,2.542404,-0.4555031,-0.1010777,2.547896,-0.3607469,-0.06033432,2.66341,-0.3130414,-0.1518629,2.607893,-0.3414595,-0.2997561,2.604162,-0.2595087,-0.07204497,2.664362,-0.3412811,-0.2350011,2.568736,-0.3893726,-0.3106875,2.704073,-0.3011681,0.2539808,2.633397
72057594038008658,0,0.9962015,15576.27,-0.3131048,-0.06990477,2.685803,-0.2832637,0.3770453,2.614942,-0.3441948,0.2100728,2.573714,-0.3462044,0.06596217,2.555935,-0.2709809,-0.03669491,2.553733,-0.2462198,-0.07119596,2.555396,-0.2368425,0.2020877,2.589793,-0.3579679,0.08472204,2.546176,-0.4454331,-0.06250057,2.542404,-0.4555031,-0.1010777,2.547896,-0.3607469,-0.06033432,2.66341,-0.3130414,-0.1518629,2.607893,-0.3414595,-0.2997561,2.604162,-0.2595087,-0.07204497,2.664362,-0.3412811,-0.2350011,2.568736,-0.3893726,-0.3106875,2.704073,-0.3011681,0.2539808,2.633397
72057594038008658,0,0.9962015,15576.27,-0.3131048,-0.06990477,2.685803,-0.2832637,0.3770453,2.614942,-0.3441948,0.2100728,2.573714,-0.3462044,0.06596217,2.555935,-0.2709809,-0.03669491,2.553733,-0.2462198,-0.07119596,2.555396,-0.2368425,0.2020877,2.589793,-0.3579679,0.08472204,2.546176,-0.4454331,-0.06250057,2.542404,-0.4555031,-0.1010777,2.547896,-0.3607469,-0.06033432,2.66341,-0.3130414,-0.1518629,2.607893,-0.3414595,-0.2997561,2.604162,-0.2595087,-0.07204497,2.664362,-0.3412811,-0.2350011,2.568736,-0.3893726,-0.3106875,2.704073,-0.3011681,0.2539808,2.633397
72057594038008658,0,0.9962015,15576.27,-0.3131048,-0.06990477,2.685803,-0.2832637,0.3770453,2.614942,-0.3441948,0.2100728,2.573714,-0.3462044,0.06596217,2.555935,-0.2709809,-0.03669491,2.553733,-0.2462198,-0.07119596,2.555396,-0.2368425,0.2020877,2.589793,-0.3579679,0.08472204,2.546176,-0.4454331,-0.06250057,2.542404,-0.4555031,-0.1010777,2.547896,-0.3607469,-0.06033432,2.66341,-0.3130414,-0.1518629,2.607893,-0.3414595,-0.2997561,2.604162,-0.2595087,-0.07204497,2.664362,-0.3412811,-0.2350011,2.568736,-0.3893726,-0.3106875,2.704073,-0.3011681,0.2539808,2.633397
72057594038008658,0,0.9962015,15576.28,-0.3131048,-0.06990477,2.685803,-0.2832637,0.3770453,2.614942,-0.3441948,0.2100728,2.573714,-0.3462044,0.06596217,2.555935,-0.2709809,-0.03669491,2.553733,-0.2462198,-0.07119596,2.555396,-0.2368425,0.2020877,2.589793,-0.3579679,0.08472204,2.546176,-0.4454331,-0.06250057,2.542404,-0.4555031,-0.1010777,2.547896,-0.3607469,-0.06033432,2.66341,-0.3130414,-0.1518629,2.607893,-0.3414595,-0.2997561,2.604162,-0.2595087,-0.07204497,2.664362,-0.3412811,-0.2350011,2.568736,-0.3893726,-0.3106875,2.704073,-0.3011681,0.2539808,2.633397
72057594038008658,0,0.9962015,15576.28,-0.3131048,-0.06990477,2.685803,-0.2832637,0.3770453,2.614942,-0.3441948,0.2100728,2.573714,-0.3462044,0.06596217,2.555935,-0.2709809,-0.03669491,2.553733,-0.2462198,-0.07119596,2.555396,-0.2368425,0.2020877,2.589793,-0.3579679,0.08472204,2.546176,-0.4454331,-0.06250057,2.542404,-0.4555031,-0.1010777,2.547896,-0.3607469,-0.06033432,2.66341,-0.3130414,-0.1518629,2.607893,-0.3414595,-0.2997561,2.604162,-0.2595087,-0.07204497,2.664362,-0.3412811,-0.2350011,2.568736,-0.3893726,-0.3106875,2.704073,-0.3011681,0.2539808,2.633397
72057594038008658,0,0.9962015,15576.28,-0.3131048,-0.06990477,2.685803,-0.2832637,0.3770453,2.614942,-0.3441948,0.2100728,2.573714,-0.3462044,0.06596217,2.555935,-0.2709809,-0.03669491,2.553733,-0.2462198,-0.07119596,2.555396,-0.2368425,0.2020877,2.589793,-0.3579679,0.08472204,2.546176,-0.4454331,-0.06250057,2.542404,-0.4555031,-0.1010777,2.547896,-0.3607469,-0.06033432,2.66341,-0.3130414,-0.1518629,2.607893,-0.3414595,-0.2997561,2.604162,-0.2595087,-0.07204497,2.664362,-0.3412811,-0.2350011,2.568736,-0.3893726,-0.3106875,2.704073,-0.3011681,0.2539808,2.633397
72057594038008658,0,0.9962015,15576.28,-0.3131048,-0.06990477,2.685803,-0.2832637,0.3770453,2.614942,-0.3441948,0.2100728,2.573714,-0.3462044,0.06596217,2.555935,-0.2709809,-0.03669491,2.553733,-0.2462198,-0.07119596,2.555396,-0.2368425,0.2020877,2.589793,-0.3579679,0.08472204,2.546176,-0.4454331,-0.06250057,2.542404,-0.4555031,-0.1010777,2.547896,-0.3607469,-0.06033432,2.66341,-0.3130414,-0.1518629,2.607893,-0.3414595,-0.2997561,2.604162,-0.2595087,-0.07204497,2.664362,-0.3412811,-0.2350011,2.568736,-0.3893726,-0.3106875,2.704073,-0.3011681,0.2539808,2.633397
72057594038008658,0,0.9962015,15576.29,-0.3131048,-0.06990477,2.685803,-0.2832637,0.3770453,2.614942,-0.3441948,0.2100728,2.573714,-0.3462044,0.06596217,2.555935,-0.2709809,-0.03669491,2.553733,-0.2462198,-0.07119596,2.555396,-0.2368425,0.2020877,2.589793,-0.3579679,0.08472204,2.546176,-0.4454331,-0.06250057,2.542404,-0.4555031,-0.1010777,2.547896,-0.3607469,-0.06033432,2.66341,-0.3130414,-0.1518629,2.607893,-0.3414595,-0.2997561,2.604162,-0.2595087,-0.07204497,2.664362,-0.3412811,-0.2350011,2.568736,-0.3893726,-0.3106875,2.704073,-0.3011681,0.2539808,2.633397
72057594038008658,0,0.9879603,15576.29,-0.297358,-0.06695983,2.707945,-0.2800728,0.3767065,2.618412,-0.3440538,0.2100212,2.573938,-0.342688,0.06705248,2.551309,-0.266588,-0.03444913,2.547208,-0.2699747,-0.05601525,2.598058,-0.2336471,0.2079819,2.591526,-0.340574,0.2087899,2.505447,-0.4275797,0.06166965,2.50182,-0.4376251,0.02318829,2.507305,-0.3427357,-0.06340766,2.685589,-0.319016,-0.168277,2.613748,-0.3370946,-0.2979022,2.627109,-0.2464509,-0.06343955,2.687405,-0.3664205,0.02865481,2.533613,-0.299556,-0.2442083,2.620239,-0.2980481,0.2545424,2.638192
72057594038008658,0,0.9879603,15576.29,-0.297358,-0.06695983,2.707945,-0.2800728,0.3767065,2.618412,-0.3440538,0.2100212,2.573938,-0.342688,0.06705248,2.551309,-0.266588,-0.03444913,2.547208,-0.2699747,-0.05601525,2.598058,-0.2336471,0.2079819,2.591526,-0.340574,0.2087899,2.505447,-0.4275797,0.06166965,2.50182,-0.4376251,0.02318829,2.507305,-0.3427357,-0.06340766,2.685589,-0.319016,-0.168277,2.613748,-0.3370946,-0.2979022,2.627109,-0.2464509,-0.06343955,2.687405,-0.3664205,0.02865481,2.533613,-0.299556,-0.2442083,2.620239,-0.2980481,0.2545424,2.638192
72057594038008658,0,0.9879603,15576.3,-0.297358,-0.06695983,2.707945,-0.2800728,0.3767065,2.618412,-0.3440538,0.2100212,2.573938,-0.342688,0.06705248,2.551309,-0.266588,-0.03444913,2.547208,-0.2699747,-0.05601525,2.598058,-0.2336471,0.2079819,2.591526,-0.340574,0.2087899,2.505447,-0.4275797,0.06166965,2.50182,-0.4376251,0.02318829,2.507305,-0.3427357,-0.06340766,2.685589,-0.319016,-0.168277,2.613748,-0.3370946,-0.2979022,2.627109,-0.2464509,-0.06343955,2.687405,-0.3664205,0.02865481,2.533613,-0.299556,-0.2442083,2.620239,-0.2980481,0.2545424,2.638192
72057594038008658,0,0.9879603,15576.3,-0.297358,-0.06695983,2.707945,-0.2800728,0.3767065,2.618412,-0.3440538,0.2100212,2.573938,-0.342688,0.06705248,2.551309,-0.266588,-0.03444913,2.547208,-0.2699747,-0.05601525,2.598058,-0.2336471,0.2079819,2.591526,-0.340574,0.2087899,2.505447,-0.4275797,0.06166965,2.50182,-0.4376251,0.02318829,2.507305,-0.3427357,-0.06340766,2.685589,-0.319016,-0.168277,2.613748,-0.3370946,-0.2979022,2.627109,-0.2464509,-0.06343955,2.687405,-0.3664205,0.02865481,2.533613,-0.299556,-0.2442083,2.620239,-0.2980481,0.2545424,2.638192
72057594038008658,0,0.9879603,15576.31,-0.297358,-0.06695983,2.707945,-0.2800728,0.3767065,2.618412,-0.3440538,0.2100212,2.573938,-0.342688,0.06705248,2.551309,-0.266588,-0.03444913,2.547208,-0.2699747,-0.05601525,2.598058,-0.2336471,0.2079819,2.591526,-0.340574,0.2087899,2.505447,-0.4275797,0.06166965,2.50182,-0.4376251,0.02318829,2.507305,-0.3427357,-0.06340766,2.685589,-0.319016,-0.168277,2.613748,-0.3370946,-0.2979022,2.627109,-0.2464509,-0.06343955,2.687405,-0.3664205,0.02865481,2.533613,-0.299556,-0.2442083,2.620239,-0.2980481,0.2545424,2.638192
72057594038008658,0,0.9879603,15576.31,-0.297358,-0.06695983,2.707945,-0.2800728,0.3767065,2.618412,-0.3440538,0.2100212,2.573938,-0.342688,0.06705248,2.551309,-0.266588,-0.03444913,2.547208,-0.2699747,-0.05601525,2.598058,-0.2336471,0.2079819,2.591526,-0.340574,0.2087899,2.505447,-0.4275797,0.06166965,2.50182,-0.4376251,0.02318829,2.507305,-0.3427357,-0.06340766,2.685589,-0.319016,-0.168277,2.613748,-0.3370946,-0.2979022,2.627109,-0.2464509,-0.06343955,2.687405,-0.3664205,0.02865481,2.533613,-0.299556,-0.2442083,2.620239,-0.2980481,0.2545424,2.638192
72057594038008658,0,0.9879603,15576.31,-0.297358,-0.06695983,2.707945,-0.2800728,0.3767065,2.618412,-0.3440538,0.2100212,2.573938,-0.342688,0.06705248,2.551309,-0.266588,-0.03444913,2.547208,-0.2699747,-0.05601525,2.598058,-0.2336471,0.2079819,2.591526,-0.340574,0.2087899,2.505447,-0.4275797,0.06166965,2.50182,-0.4376251,0.02318829,2.507305,-0.3427357,-0.06340766,2.685589,-0.319016,-0.168277,2.613748,-0.3370946,-0.2979022,2.627109,-0.2464509,-0.06343955,2.687405,-0.3664205,0.02865481,2.533613,-0.299556,-0.2442083,2.620239,-0.2980481,0.2545424,2.638192
72057594038008658,0,0.9879603,15576.32,-0.297358,-0.06695983,2.707945,-0.2800728,0.3767065,2.618412,-0.3440538,0.2100212,2.573938,-0.342688,0.06705248,2.551309,-0.266588,-0.03444913,2.547208,-0.2699747,-0.05601525,2.598058,-0.2336471,0.2079819,2.591526,-0.340574,0.2087899,2.505447,-0.4275797,0.06166965,2.50182,-0.4376251,0.02318829,2.507305,-0.3427357,-0.06340766,2.685589,-0.319016,-0.168277,2.613748,-0.3370946,-0.2979022,2.627109,-0.2464509,-0.06343955,2.687405,-0.3664205,0.02865481,2.533613,-0.299556,-0.2442083,2.620239,-0.2980481,0.2545424,2.638192
72057594038008658,0,0.9879603,15576.32,-0.297358,-0.06695983,2.707945,-0.2800728,0.3767065,2.618412,-0.3440538,0.2100212,2.573938,-0.342688,0.06705248,2.551309,-0.266588,-0.03444913,2.547208,-0.2699747,-0.05601525,2.598058,-0.2336471,0.2079819,2.591526,-0.340574,0.2087899,2.505447,-0.4275797,0.06166965,2.50182,-0.4376251,0.02318829,2.507305,-0.3427357,-0.06340766,2.685589,-0.319016,-0.168277,2.613748,-0.3370946,-0.2979022,2.627109,-0.2464509,-0.06343955,2.687405,-0.3664205,0.02865481,2.533613,-0.299556,-0.2442083,2.620239,-0.2980481,0.2545424,2.638192
72057594038008658,0,0.9918312,15576.32,-0.2954958,-0.07122475,2.698384,-0.2776027,0.3755069,2.621521,-0.3426379,0.209265,2.573387,-0.3416482,0.07014054,2.545063,-0.2640553,-0.02958769,2.542898,-0.2646988,-0.0520848,2.591709,-0.2307572,0.2089411,2.59081,-0.3392921,0.2075047,2.50423,-0.4259768,0.06093195,2.500588,-0.4359956,0.02255237,2.506059,-0.3406709,-0.06695727,2.676538,-0.3278101,-0.1749102,2.608412,-0.3320616,-0.27698,2.623841,-0.2452134,-0.06857008,2.676633,-0.4065133,-0.03782338,2.542065,-0.2964943,-0.2449711,2.62995,-0.2941754,0.2527688,2.638897
72057594038008658,0,0.9918312,15576.33,-0.2954958,-0.07122475,2.698384,-0.2776027,0.3755069,2.621521,-0.3426379,0.209265,2.573387,-0.3416482,0.07014054,2.545063,-0.2640553,-0.02958769,2.542898,-0.2646988,-0.0520848,2.591709,-0.2307572,0.2089411,2.59081,-0.3392921,0.2075047,2.50423,-0.4259768,0.06093195,2.500588,-0.4359956,0.02255237,2.506059,-0.3406709,-0.06695727,2.676538,-0.3278101,-0.1749102,2.608412,-0.3320616,-0.27698,2.623841,-0.2452134,-0.06857008,2.676633,-0.4065133,-0.03782338,2.542065,-0.2964943,-0.2449711,2.62995,-0.2941754,0.2527688,2.638897
72057594038008658,0,0.9918312,15576.33,-0.2954958,-0.07122475,2.698384,-0.2776027,0.3755069,2.621521,-0.3426379,0.209265,2.573387,-0.3416482,0.07014054,2.545063,-0.2640553,-0.02958769,2.542898,-0.2646988,-0.0520848,2.591709,-0.2307572,0.2089411,2.59081,-0.3392921,0.2075047,2.50423,-0.4259768,0.06093195,2.500588,-0.4359956,0.02255237,2.506059,-0.3406709,-0.06695727,2.676538,-0.3278101,-0.1749102,2.608412,-0.3320616,-0.27698,2.623841,-0.2452134,-0.06857008,2.676633,-0.4065133,-0.03782338,2.542065,-0.2964943,-0.2449711,2.62995,-0.2941754,0.2527688,2.638897
72057594038008658,0,0.9918312,15576.33,-0.2954958,-0.07122475,2.698384,-0.2776027,0.3755069,2.621521,-0.3426379,0.209265,2.573387,-0.3416482,0.07014054,2.545063,-0.2640553,-0.02958769,2.542898,-0.2646988,-0.0520848,2.591709,-0.2307572,0.2089411,2.59081,-0.3392921,0.2075047,2.50423,-0.4259768,0.06093195,2.500588,-0.4359956,0.02255237,2.506059,-0.3406709,-0.06695727,2.676538,-0.3278101,-0.1749102,2.608412,-0.3320616,-0.27698,2.623841,-0.2452134,-0.06857008,2.676633,-0.4065133,-0.03782338,2.542065,-0.2964943,-0.2449711,2.62995,-0.2941754,0.2527688,2.638897
72057594038008658,0,0.9918312,15576.33,-0.2954958,-0.07122475,2.698384,-0.2776027,0.3755069,2.621521,-0.3426379,0.209265,2.573387,-0.3416482,0.07014054,2.545063,-0.2640553,-0.02958769,2.542898,-0.2646988,-0.0520848,2.591709,-0.2307572,0.2089411,2.59081,-0.3392921,0.2075047,2.50423,-0.4259768,0.06093195,2.500588,-0.4359956,0.02255237,2.506059,-0.3406709,-0.06695727,2.676538,-0.3278101,-0.1749102,2.608412,-0.3320616,-0.27698,2.623841,-0.2452134,-0.06857008,2.676633,-0.4065133,-0.03782338,2.542065,-0.2964943,-0.2449711,2.62995,-0.2941754,0.2527688,2.638897
72057594038008658,0,0.9918312,15576.34,-0.2954958,-0.07122475,2.698384,-0.2776027,0.3755069,2.621521,-0.3426379,0.209265,2.573387,-0.3416482,0.07014054,2.545063,-0.2640553,-0.02958769,2.542898,-0.2646988,-0.0520848,2.591709,-0.2307572,0.2089411,2.59081,-0.3392921,0.2075047,2.50423,-0.4259768,0.06093195,2.500588,-0.4359956,0.02255237,2.506059,-0.3406709,-0.06695727,2.676538,-0.3278101,-0.1749102,2.608412,-0.3320616,-0.27698,2.623841,-0.2452134,-0.06857008,2.676633,-0.4065133,-0.03782338,2.542065,-0.2964943,-0.2449711,2.62995,-0.2941754,0.2527688,2.638897
72057594038008658,0,0.9918312,15576.34,-0.2954958,-0.07122475,2.698384,-0.2776027,0.3755069,2.621521,-0.3426379,0.209265,2.573387,-0.3416482,0.07014054,2.545063,-0.2640553,-0.02958769,2.542898,-0.2646988,-0.0520848,2.591709,-0.2307572,0.2089411,2.59081,-0.3392921,0.2075047,2.50423,-0.4259768,0.06093195,2.500588,-0.4359956,0.02255237,2.506059,-0.3406709,-0.06695727,2.676538,-0.3278101,-0.1749102,2.608412,-0.3320616,-0.27698,2.623841,-0.2452134,-0.06857008,2.676633,-0.4065133,-0.03782338,2.542065,-0.2964943,-0.2449711,2.62995,-0.2941754,0.2527688,2.638897
72057594038008658,0,0.9918312,15576.35,-0.2954958,-0.07122475,2.698384,-0.2776027,0.3755069,2.621521,-0.3426379,0.209265,2.573387,-0.3416482,0.07014054,2.545063,-0.2640553,-0.02958769,2.542898,-0.2646988,-0.0520848,2.591709,-0.2307572,0.2089411,2.59081,-0.3392921,0.2075047,2.50423,-0.4259768,0.06093195,2.500588,-0.4359956,0.02255237,2.506059,-0.3406709,-0.06695727,2.676538,-0.3278101,-0.1749102,2.608412,-0.3320616,-0.27698,2.623841,-0.2452134,-0.06857008,2.676633,-0.4065133,-0.03782338,2.542065,-0.2964943,-0.2449711,2.62995,-0.2941754,0.2527688,2.638897
72057594038008658,0,0.9918312,15576.35,-0.2954958,-0.07122475,2.698384,-0.2776027,0.3755069,2.621521,-0.3426379,0.209265,2.573387,-0.3416482,0.07014054,2.545063,-0.2640553,-0.02958769,2.542898,-0.2646988,-0.0520848,2.591709,-0.2307572,0.2089411,2.59081,-0.3392921,0.2075047,2.50423,-0.4259768,0.06093195,2.500588,-0.4359956,0.02255237,2.506059,-0.3406709,-0.06695727,2.676538,-0.3278101,-0.1749102,2.608412,-0.3320616,-0.27698,2.623841,-0.2452134,-0.06857008,2.676633,-0.4065133,-0.03782338,2.542065,-0.2964943,-0.2449711,2.62995,-0.2941754,0.2527688,2.638897
72057594038008658,0,0.9918312,15576.35,-0.2954958,-0.07122475,2.698384,-0.2776027,0.3755069,2.621521,-0.3426379,0.209265,2.573387,-0.3416482,0.07014054,2.545063,-0.2640553,-0.02958769,2.542898,-0.2646988,-0.0520848,2.591709,-0.2307572,0.2089411,2.59081,-0.3392921,0.2075047,2.50423,-0.4259768,0.06093195,2.500588,-0.4359956,0.02255237,2.506059,-0.3406709,-0.06695727,2.676538,-0.3278101,-0.1749102,2.608412,-0.3320616,-0.27698,2.623841,-0.2452134,-0.06857008,2.676633,-0.4065133,-0.03782338,2.542065,-0.2964943,-0.2449711,2.62995,-0.2941754,0.2527688,2.638897
72057594038008658,0,1.003556,15576.35,-0.284552,-0.0858109,2.682559,-0.2769269,0.3750445,2.623657,-0.3253286,0.2043824,2.573141,-0.3296601,0.07039094,2.534907,-0.243481,-0.01832628,2.503036,-0.2150539,-0.04818258,2.494816,-0.2253027,0.2013068,2.588185,-0.3345724,0.1936608,2.499547,-0.4209552,0.04765257,2.495877,-0.4309631,0.009314626,2.50134,-0.3315103,-0.07682404,2.660192,-0.3147629,-0.2116186,2.634183,-0.3255185,-0.2885883,2.619878,-0.2326168,-0.08834863,2.6611,-0.4281516,-0.06973302,2.61233,-0.4278619,-0.3155528,2.569462,-0.2916326,0.2520803,2.639416
72057594038008658,0,1.003556,15576.36,-0.284552,-0.0858109,2.682559,-0.2769269,0.3750445,2.623657,-0.3253286,0.2043824,2.573141,-0.3296601,0.07039094,2.534907,-0.243481,-0.01832628,2.503036,-0.2150539,-0.04818258,2.494816,-0.2253027,0.2013068,2.588185,-0.3345724,0.1936608,2.499547,-0.4209552,0.04765257,2.495877,-0.4309631,0.009314626,2.50134,-0.3315103,-0.07682404,2.660192,-0.3147629,-0.2116186,2.634183,-0.3255185,-0.2885883,2.619878,-0.2326168,-0.08834863,2.6611,-0.4281516,-0.06973302,2.61233,-0.4278619,-0.3155528,2.569462,-0.2916326,0.2520803,2.639416
72057594038008658,0,1.003556,15576.36,-0.284552,-0.0858109,2.682559,-0.2769269,0.3750445,2.623657,-0.3253286,0.2043824,2.573141,-0.3296601,0.07039094,2.534907,-0.243481,-0.01832628,2.503036,-0.2150539,-0.04818258,2.494816,-0.2253027,0.2013068,2.588185,-0.3345724,0.1936608,2.499547,-0.4209552,0.04765257,2.495877,-0.4309631,0.009314626,2.50134,-0.3315103,-0.07682404,2.660192,-0.3147629,-0.2116186,2.634183,-0.3255185,-0.2885883,2.619878,-0.2326168,-0.08834863,2.6611,-0.4281516,-0.06973302,2.61233,-0.4278619,-0.3155528,2.569462,-0.2916326,0.2520803,2.639416
72057594038008658,0,1.003556,15576.36,-0.284552,-0.0858109,2.682559,-0.2769269,0.3750445,2.623657,-0.3253286,0.2043824,2.573141,-0.3296601,0.07039094,2.534907,-0.243481,-0.01832628,2.503036,-0.2150539,-0.04818258,2.494816,-0.2253027,0.2013068,2.588185,-0.3345724,0.1936608,2.499547,-0.4209552,0.04765257,2.495877,-0.4309631,0.009314626,2.50134,-0.3315103,-0.07682404,2.660192,-0.3147629,-0.2116186,2.634183,-0.3255185,-0.2885883,2.619878,-0.2326168,-0.08834863,2.6611,-0.4281516,-0.06973302,2.61233,-0.4278619,-0.3155528,2.569462,-0.2916326,0.2520803,2.639416
72057594038008658,0,1.003556,15576.37,-0.284552,-0.0858109,2.682559,-0.2769269,0.3750445,2.623657,-0.3253286,0.2043824,2.573141,-0.3296601,0.07039094,2.534907,-0.243481,-0.01832628,2.503036,-0.2150539,-0.04818258,2.494816,-0.2253027,0.2013068,2.588185,-0.3345724,0.1936608,2.499547,-0.4209552,0.04765257,2.495877,-0.4309631,0.009314626,2.50134,-0.3315103,-0.07682404,2.660192,-0.3147629,-0.2116186,2.634183,-0.3255185,-0.2885883,2.619878,-0.2326168,-0.08834863,2.6611,-0.4281516,-0.06973302,2.61233,-0.4278619,-0.3155528,2.569462,-0.2916326,0.2520803,2.639416
72057594038008658,0,1.003556,15576.37,-0.284552,-0.0858109,2.682559,-0.2769269,0.3750445,2.623657,-0.3253286,0.2043824,2.573141,-0.3296601,0.07039094,2.534907,-0.243481,-0.01832628,2.503036,-0.2150539,-0.04818258,2.494816,-0.2253027,0.2013068,2.588185,-0.3345724,0.1936608,2.499547,-0.4209552,0.04765257,2.495877,-0.4309631,0.009314626,2.50134,-0.3315103,-0.07682404,2.660192,-0.3147629,-0.2116186,2.634183,-0.3255185,-0.2885883,2.619878,-0.2326168,-0.08834863,2.6611,-0.4281516,-0.06973302,2.61233,-0.4278619,-0.3155528,2.569462,-0.2916326,0.2520803,2.639416
72057594038008658,0,1.003556,15576.38,-0.284552,-0.0858109,2.682559,-0.2769269,0.3750445,2.623657,-0.3253286,0.2043824,2.573141,-0.3296601,0.07039094,2.534907,-0.243481,-0.01832628,2.503036,-0.2150539,-0.04818258,2.494816,-0.2253027,0.2013068,2.588185,-0.3345724,0.1936608,2.499547,-0.4209552,0.04765257,2.495877,-0.4309631,0.009314626,2.50134,-0.3315103,-0.07682404,2.660192,-0.3147629,-0.2116186,2.634183,-0.3255185,-0.2885883,2.619878,-0.2326168,-0.08834863,2.6611,-0.4281516,-0.06973302,2.61233,-0.4278619,-0.3155528,2.569462,-0.2916326,0.2520803,2.639416
72057594038008658,0,1.003556,15576.38,-0.284552,-0.0858109,2.682559,-0.2769269,0.3750445,2.623657,-0.3253286,0.2043824,2.573141,-0.3296601,0.07039094,2.534907,-0.243481,-0.01832628,2.503036,-0.2150539,-0.04818258,2.494816,-0.2253027,0.2013068,2.588185,-0.3345724,0.1936608,2.499547,-0.4209552,0.04765257,2.495877,-0.4309631,0.009314626,2.50134,-0.3315103,-0.07682404,2.660192,-0.3147629,-0.2116186,2.634183,-0.3255185,-0.2885883,2.619878,-0.2326168,-0.08834863,2.6611,-0.4281516,-0.06973302,2.61233,-0.4278619,-0.3155528,2.569462,-0.2916326,0.2520803,2.639416
72057594038008658,0,1.003556,15576.38,-0.284552,-0.0858109,2.682559,-0.2769269,0.3750445,2.623657,-0.3253286,0.2043824,2.573141,-0.3296601,0.07039094,2.534907,-0.243481,-0.01832628,2.503036,-0.2150539,-0.04818258,2.494816,-0.2253027,0.2013068,2.588185,-0.3345724,0.1936608,2.499547,-0.4209552,0.04765257,2.495877,-0.4309631,0.009314626,2.50134,-0.3315103,-0.07682404,2.660192,-0.3147629,-0.2116186,2.634183,-0.3255185,-0.2885883,2.619878,-0.2326168,-0.08834863,2.6611,-0.4281516,-0.06973302,2.61233,-0.4278619,-0.3155528,2.569462,-0.2916326,0.2520803,2.639416
72057594038008658,0,1.003556,15576.39,-0.284552,-0.0858109,2.682559,-0.2769269,0.3750445,2.623657,-0.3253286,0.2043824,2.573141,-0.3296601,0.07039094,2.534907,-0.243481,-0.01832628,2.503036,-0.2150539,-0.04818258,2.494816,-0.2253027,0.2013068,2.588185,-0.3345724,0.1936608,2.499547,-0.4209552,0.04765257,2.495877,-0.4309631,0.009314626,2.50134,-0.3315103,-0.07682404,2.660192,-0.3147629,-0.2116186,2.634183,-0.3255185,-0.2885883,2.619878,-0.2326168,-0.08834863,2.6611,-0.4281516,-0.06973302,2.61233,-0.4278619,-0.3155528,2.569462,-0.2916326,0.2520803,2.639416
72057594038008658,0,1.003905,15576.39,-0.2830073,-0.0864315,2.679543,-0.2748737,0.3749461,2.624942,-0.3234184,0.2048288,2.571611,-0.3042798,0.05753341,2.530185,-0.2296742,-0.04031706,2.49711,-0.2050809,-0.073228,2.488472,-0.2232132,0.2000185,2.58719,-0.3213592,0.1436884,2.503367,-0.2663319,0.02014509,2.507843,-0.2599604,0.003285885,2.507346,-0.3297097,-0.07710275,2.658167,-0.2742371,-0.2039869,2.691694,-0.3224287,-0.2889016,2.616256,-0.2315762,-0.0891982,2.6572,-0.427306,-0.07332507,2.617628,-0.4098659,-0.2980078,2.710459,-0.2867903,0.2528144,2.640546
72057594038008658,0,1.003905,15576.39,-0.2830073,-0.0864315,2.679543,-0.2748737,0.3749461,2.624942,-0.3234184,0.2048288,2.571611,-0.3042798,0.05753341,2.530185,-0.2296742,-0.04031706,2.49711,-0.2050809,-0.073228,2.488472,-0.2232132,0.2000185,2.58719,-0.3213592,0.1436884,2.503367,-0.2663319,0.02014509,2.507843,-0.2599604,0.003285885,2.507346,-0.3297097,-0.07710275,2.658167,-0.2742371,-0.2039869,2.691694,-0.3224287,-0.2889016,2.616256,-0.2315762,-0.0891982,2.6572,-0.427306,-0.07332507,2.617628,-0.4098659,-0.2980078,2.710459,-0.2867903,0.2528144,2.640546
72057594038008658,0,1.003905,15576.39,-0.2830073,-0.0864315,2.679543,-0.2748737,0.3749461,2.624942,-0.3234184,0.2048288,2.571611,-0.3042798,0.05753341,2.530185,-0.2296742,-0.04031706,2.49711,-0.2050809,-0.073228,2.488472,-0.2232132,0.2000185,2.58719,-0.3213592,0.1436884,2.503367,-0.2663319,0.02014509,2.507843,-0.2599604,0.003285885,2.507346,-0.3297097,-0.07710275,2.658167,-0.2742371,-0.2039869,2.691694,-0.3224287,-0.2889016,2.616256,-0.2315762,-0.0891982,2.6572,-0.427306,-0.07332507,2.617628,-0.4098659,-0.2980078,2.710459,-0.2867903,0.2528144,2.640546
72057594038008658,0,1.003905,15576.4,-0.2830073,-0.0864315,2.679543,-0.2748737,0.3749461,2.624942,-0.3234184,0.2048288,2.571611,-0.3042798,0.05753341,2.530185,-0.2296742,-0.04031706,2.49711,-0.2050809,-0.073228,2.488472,-0.2232132,0.2000185,2.58719,-0.3213592,0.1436884,2.503367,-0.2663319,0.02014509,2.507843,-0.2599604,0.003285885,2.507346,-0.3297097,-0.07710275,2.658167,-0.2742371,-0.2039869,2.691694,-0.3224287,-0.2889016,2.616256,-0.2315762,-0.0891982,2.6572,-0.427306,-0.07332507,2.617628,-0.4098659,-0.2980078,2.710459,-0.2867903,0.2528144,2.640546
72057594038008658,0,1.003905,15576.4,-0.2830073,-0.0864315,2.679543,-0.2748737,0.3749461,2.624942,-0.3234184,0.2048288,2.571611,-0.3042798,0.05753341,2.530185,-0.2296742,-0.04031706,2.49711,-0.2050809,-0.073228,2.488472,-0.2232132,0.2000185,2.58719,-0.3213592,0.1436884,2.503367,-0.2663319,0.02014509,2.507843,-0.2599604,0.003285885,2.507346,-0.3297097,-0.07710275,2.658167,-0.2742371,-0.2039869,2.691694,-0.3224287,-0.2889016,2.616256,-0.2315762,-0.0891982,2.6572,-0.427306,-0.07332507,2.617628,-0.4098659,-0.2980078,2.710459,-0.2867903,0.2528144,2.640546
72057594038008658,0,1.003905,15576.4,-0.2830073,-0.0864315,2.679543,-0.2748737,0.3749461,2.624942,-0.3234184,0.2048288,2.571611,-0.3042798,0.05753341,2.530185,-0.2296742,-0.04031706,2.49711,-0.2050809,-0.073228,2.488472,-0.2232132,0.2000185,2.58719,-0.3213592,0.1436884,2.503367,-0.2663319,0.02014509,2.507843,-0.2599604,0.003285885,2.507346,-0.3297097,-0.07710275,2.658167,-0.2742371,-0.2039869,2.691694,-0.3224287,-0.2889016,2.616256,-0.2315762,-0.0891982,2.6572,-0.427306,-0.07332507,2.617628,-0.4098659,-0.2980078,2.710459,-0.2867903,0.2528144,2.640546
72057594038008658,0,1.003905,15576.42,-0.2830073,-0.0864315,2.679543,-0.2748737,0.3749461,2.624942,-0.3234184,0.2048288,2.571611,-0.3042798,0.05753341,2.530185,-0.2296742,-0.04031706,2.49711,-0.2050809,-0.073228,2.488472,-0.2232132,0.2000185,2.58719,-0.3213592,0.1436884,2.503367,-0.2663319,0.02014509,2.507843,-0.2599604,0.003285885,2.507346,-0.3297097,-0.07710275,2.658167,-0.2742371,-0.2039869,2.691694,-0.3224287,-0.2889016,2.616256,-0.2315762,-0.0891982,2.6572,-0.427306,-0.07332507,2.617628,-0.4098659,-0.2980078,2.710459,-0.2867903,0.2528144,2.640546
72057594038008658,0,1.003905,15576.42,-0.2830073,-0.0864315,2.679543,-0.2748737,0.3749461,2.624942,-0.3234184,0.2048288,2.571611,-0.3042798,0.05753341,2.530185,-0.2296742,-0.04031706,2.49711,-0.2050809,-0.073228,2.488472,-0.2232132,0.2000185,2.58719,-0.3213592,0.1436884,2.503367,-0.2663319,0.02014509,2.507843,-0.2599604,0.003285885,2.507346,-0.3297097,-0.07710275,2.658167,-0.2742371,-0.2039869,2.691694,-0.3224287,-0.2889016,2.616256,-0.2315762,-0.0891982,2.6572,-0.427306,-0.07332507,2.617628,-0.4098659,-0.2980078,2.710459,-0.2867903,0.2528144,2.640546
72057594038008658,0,1.003905,15576.42,-0.2830073,-0.0864315,2.679543,-0.2748737,0.3749461,2.624942,-0.3234184,0.2048288,2.571611,-0.3042798,0.05753341,2.530185,-0.2296742,-0.04031706,2.49711,-0.2050809,-0.073228,2.488472,-0.2232132,0.2000185,2.58719,-0.3213592,0.1436884,2.503367,-0.2663319,0.02014509,2.507843,-0.2599604,0.003285885,2.507346,-0.3297097,-0.07710275,2.658167,-0.2742371,-0.2039869,2.691694,-0.3224287,-0.2889016,2.616256,-0.2315762,-0.0891982,2.6572,-0.427306,-0.07332507,2.617628,-0.4098659,-0.2980078,2.710459,-0.2867903,0.2528144,2.640546
72057594038008658,0,1.002281,15576.42,-0.2767484,-0.08625072,2.676203,-0.2714766,0.3766598,2.627565,-0.3110244,0.2078014,2.571983,-0.3017257,0.05722037,2.530612,-0.2270475,-0.04161361,2.502553,-0.2024263,-0.07485038,2.495573,-0.2165961,0.2031168,2.58748,-0.3216332,0.1610086,2.503249,-0.2666121,0.03741652,2.50777,-0.2617648,0.01503578,2.519068,-0.3213354,-0.075735,2.653806,-0.3038604,-0.2065098,2.642636,-0.3211716,-0.2886807,2.616425,-0.2273402,-0.08966893,2.655041,-0.189648,-0.1482524,2.691698,-0.2580127,-0.2983435,2.727734,-0.279589,0.2542775,2.64081
72057594038008658,0,1.002281,15576.43,-0.2767484,-0.08625072,2.676203,-0.2714766,0.3766598,2.627565,-0.3110244,0.2078014,2.571983,-0.3017257,0.05722037,2.530612,-0.2270475,-0.04161361,2.502553,-0.2024263,-0.07485038,2.495573,-0.2165961,0.2031168,2.58748,-0.3216332,0.1610086,2.503249,-0.2666121,0.03741652,2.50777,-0.2617648,0.01503578,2.519068,-0.3213354,-0.075735,2.653806,-0.3038604,-0.2065098,2.642636,-0.3211716,-0.2886807,2.616425,-0.2273402,-0.08966893,2.655041,-0.189648,-0.1482524,2.691698,-0.2580127,-0.2983435,2.727734,-0.279589,0.2542775,2.64081
72057594038008658,0,1.002281,15576.43,-0.2767484,-0.08625072,2.676203,-0.2714766,0.3766598,2.627565,-0.3110244,0.2078014,2.571983,-0.3017257,0.05722037,2.530612,-0.2270475,-0.04161361,2.502553,-0.2024263,-0.07485038,2.495573,-0.2165961,0.2031168,2.58748,-0.3216332,0.1610086,2.503249,-0.2666121,0.03741652,2.50777,-0.2617648,0.01503578,2.519068,-0.3213354,-0.075735,2.653806,-0.3038604,-0.2065098,2.642636,-0.3211716,-0.2886807,2.616425,-0.2273402,-0.08966893,2.655041,-0.189648,-0.1482524,2.691698,-0.2580127,-0.2983435,2.727734,-0.279589,0.2542775,2.64081
72057594038008658,0,1.002281,15576.43,-0.2767484,-0.08625072,2.676203,-0.2714766,0.3766598,2.627565,-0.3110244,0.2078014,2.571983,-0.3017257,0.05722037,2.530612,-0.2270475,-0.04161361,2.502553,-0.2024263,-0.07485038,2.495573,-0.2165961,0.2031168,2.58748,-0.3216332,0.1610086,2.503249,-0.2666121,0.03741652,2.50777,-0.2617648,0.01503578,2.519068,-0.3213354,-0.075735,2.653806,-0.3038604,-0.2065098,2.642636,-0.3211716,-0.2886807,2.616425,-0.2273402,-0.08966893,2.655041,-0.189648,-0.1482524,2.691698,-0.2580127,-0.2983435,2.727734,-0.279589,0.2542775,2.64081
72057594038008658,0,1.002281,15576.43,-0.2767484,-0.08625072,2.676203,-0.2714766,0.3766598,2.627565,-0.3110244,0.2078014,2.571983,-0.3017257,0.05722037,2.530612,-0.2270475,-0.04161361,2.502553,-0.2024263,-0.07485038,2.495573,-0.2165961,0.2031168,2.58748,-0.3216332,0.1610086,2.503249,-0.2666121,0.03741652,2.50777,-0.2617648,0.01503578,2.519068,-0.3213354,-0.075735,2.653806,-0.3038604,-0.2065098,2.642636,-0.3211716,-0.2886807,2.616425,-0.2273402,-0.08966893,2.655041,-0.189648,-0.1482524,2.691698,-0.2580127,-0.2983435,2.727734,-0.279589,0.2542775,2.64081
72057594038008658,0,1.002281,15576.44,-0.2767484,-0.08625072,2.676203,-0.2714766,0.3766598,2.627565,-0.3110244,0.2078014,2.571983,-0.3017257,0.05722037,2.530612,-0.2270475,-0.04161361,2.502553,-0.2024263,-0.07485038,2.495573,-0.2165961,0.2031168,2.58748,-0.3216332,0.1610086,2.503249,-0.2666121,0.03741652,2.50777,-0.2617648,0.01503578,2.519068,-0.3213354,-0.075735,2.653806,-0.3038604,-0.2065098,2.642636,-0.3211716,-0.2886807,2.616425,-0.2273402,-0.08966893,2.655041,-0.189648,-0.1482524,2.691698,-0.2580127,-0.2983435,2.727734,-0.279589,0.2542775,2.64081
72057594038008658,0,1.002281,15576.44,-0.2767484,-0.08625072,2.676203,-0.2714766,0.3766598,2.627565,-0.3110244,0.2078014,2.571983,-0.3017257,0.05722037,2.530612,-0.2270475,-0.04161361,2.502553,-0.2024263,-0.07485038,2.495573,-0.2165961,0.2031168,2.58748,-0.3216332,0.1610086,2.503249,-0.2666121,0.03741652,2.50777,-0.2617648,0.01503578,2.519068,-0.3213354,-0.075735,2.653806,-0.3038604,-0.2065098,2.642636,-0.3211716,-0.2886807,2.616425,-0.2273402,-0.08966893,2.655041,-0.189648,-0.1482524,2.691698,-0.2580127,-0.2983435,2.727734,-0.279589,0.2542775,2.64081
72057594038008658,0,1.002281,15576.44,-0.2767484,-0.08625072,2.676203,-0.2714766,0.3766598,2.627565,-0.3110244,0.2078014,2.571983,-0.3017257,0.05722037,2.530612,-0.2270475,-0.04161361,2.502553,-0.2024263,-0.07485038,2.495573,-0.2165961,0.2031168,2.58748,-0.3216332,0.1610086,2.503249,-0.2666121,0.03741652,2.50777,-0.2617648,0.01503578,2.519068,-0.3213354,-0.075735,2.653806,-0.3038604,-0.2065098,2.642636,-0.3211716,-0.2886807,2.616425,-0.2273402,-0.08966893,2.655041,-0.189648,-0.1482524,2.691698,-0.2580127,-0.2983435,2.727734,-0.279589,0.2542775,2.64081
72057594038008658,0,1.002281,15576.45,-0.2767484,-0.08625072,2.676203,-0.2714766,0.3766598,2.627565,-0.3110244,0.2078014,2.571983,-0.3017257,0.05722037,2.530612,-0.2270475,-0.04161361,2.502553,-0.2024263,-0.07485038,2.495573,-0.2165961,0.2031168,2.58748,-0.3216332,0.1610086,2.503249,-0.2666121,0.03741652,2.50777,-0.2617648,0.01503578,2.519068,-0.3213354,-0.075735,2.653806,-0.3038604,-0.2065098,2.642636,-0.3211716,-0.2886807,2.616425,-0.2273402,-0.08966893,2.655041,-0.189648,-0.1482524,2.691698,-0.2580127,-0.2983435,2.727734,-0.279589,0.2542775,2.64081
72057594038008658,0,1.002281,15576.45,-0.2767484,-0.08625072,2.676203,-0.2714766,0.3766598,2.627565,-0.3110244,0.2078014,2.571983,-0.3017257,0.05722037,2.530612,-0.2270475,-0.04161361,2.502553,-0.2024263,-0.07485038,2.495573,-0.2165961,0.2031168,2.58748,-0.3216332,0.1610086,2.503249,-0.2666121,0.03741652,2.50777,-0.2617648,0.01503578,2.519068,-0.3213354,-0.075735,2.653806,-0.3038604,-0.2065098,2.642636,-0.3211716,-0.2886807,2.616425,-0.2273402,-0.08966893,2.655041,-0.189648,-0.1482524,2.691698,-0.2580127,-0.2983435,2.727734,-0.279589,0.2542775,2.64081
72057594038008658,0,1.002281,15576.45,-0.2767484,-0.08625072,2.676203,-0.2714766,0.3766598,2.627565,-0.3110244,0.2078014,2.571983,-0.3017257,0.05722037,2.530612,-0.2270475,-0.04161361,2.502553,-0.2024263,-0.07485038,2.495573,-0.2165961,0.2031168,2.58748,-0.3216332,0.1610086,2.503249,-0.2666121,0.03741652,2.50777,-0.2617648,0.01503578,2.519068,-0.3213354,-0.075735,2.653806,-0.3038604,-0.2065098,2.642636,-0.3211716,-0.2886807,2.616425,-0.2273402,-0.08966893,2.655041,-0.189648,-0.1482524,2.691698,-0.2580127,-0.2983435,2.727734,-0.279589,0.2542775,2.64081
72057594038008658,0,1.002281,15576.45,-0.2767484,-0.08625072,2.676203,-0.2714766,0.3766598,2.627565,-0.3110244,0.2078014,2.571983,-0.3017257,0.05722037,2.530612,-0.2270475,-0.04161361,2.502553,-0.2024263,-0.07485038,2.495573,-0.2165961,0.2031168,2.58748,-0.3216332,0.1610086,2.503249,-0.2666121,0.03741652,2.50777,-0.2617648,0.01503578,2.519068,-0.3213354,-0.075735,2.653806,-0.3038604,-0.2065098,2.642636,-0.3211716,-0.2886807,2.616425,-0.2273402,-0.08966893,2.655041,-0.189648,-0.1482524,2.691698,-0.2580127,-0.2983435,2.727734,-0.279589,0.2542775,2.64081
72057594038008658,0,1.000423,15576.46,-0.2711193,-0.08565968,2.673595,-0.2678846,0.3783352,2.631016,-0.306943,0.2081929,2.571398,-0.3018228,0.06616232,2.532119,-0.2282905,-0.03360209,2.503947,-0.2040497,-0.06713924,2.496917,-0.2151478,0.2052773,2.587028,-0.3125491,0.08910781,2.542148,-0.2400389,-0.01317167,2.525177,-0.2462627,-0.01192942,2.526733,-0.3156683,-0.07570636,2.650816,-0.3022926,-0.2010397,2.637088,-0.3173505,-0.2879516,2.615078,-0.2221338,-0.0885523,2.653199,-0.1888417,-0.1498117,2.69116,-0.2346051,-0.284993,2.728848,-0.2755095,0.2557177,2.642897
72057594038008658,0,1.000423,15576.46,-0.2711193,-0.08565968,2.673595,-0.2678846,0.3783352,2.631016,-0.306943,0.2081929,2.571398,-0.3018228,0.06616232,2.532119,-0.2282905,-0.03360209,2.503947,-0.2040497,-0.06713924,2.496917,-0.2151478,0.2052773,2.587028,-0.3125491,0.08910781,2.542148,-0.2400389,-0.01317167,2.525177,-0.2462627,-0.01192942,2.526733,-0.3156683,-0.07570636,2.650816,-0.3022926,-0.2010397,2.637088,-0.3173505,-0.2879516,2.615078,-0.2221338,-0.0885523,2.653199,-0.1888417,-0.1498117,2.69116,-0.2346051,-0.284993,2.728848,-0.2755095,0.2557177,2.642897
72057594038008658,0,1.000423,15576.46,-0.2711193,-0.08565968,2.673595,-0.2678846,0.3783352,2.631016,-0.306943,0.2081929,2.571398,-0.3018228,0.06616232,2.532119,-0.2282905,-0.03360209,2.503947,-0.2040497,-0.06713924,2.496917,-0.2151478,0.2052773,2.587028,-0.3125491,0.08910781,2.542148,-0.2400389,-0.01317167,2.525177,-0.2462627,-0.01192942,2.526733,-0.3156683,-0.07570636,2.650816,-0.3022926,-0.2010397,2.637088,-0.3173505,-0.2879516,2.615078,-0.2221338,-0.0885523,2.653199,-0.1888417,-0.1498117,2.69116,-0.2346051,-0.284993,2.728848,-0.2755095,0.2557177,2.642897
72057594038008658,0,1.000423,15576.47,-0.2711193,-0.08565968,2.673595,-0.2678846,0.3783352,2.631016,-0.306943,0.2081929,2.571398,-0.3018228,0.06616232,2.532119,-0.2282905,-0.03360209,2.503947,-0.2040497,-0.06713924,2.496917,-0.2151478,0.2052773,2.587028,-0.3125491,0.08910781,2.542148,-0.2400389,-0.01317167,2.525177,-0.2462627,-0.01192942,2.526733,-0.3156683,-0.07570636,2.650816,-0.3022926,-0.2010397,2.637088,-0.3173505,-0.2879516,2.615078,-0.2221338,-0.0885523,2.653199,-0.1888417,-0.1498117,2.69116,-0.2346051,-0.284993,2.728848,-0.2755095,0.2557177,2.642897
72057594038008658,0,1.000423,15576.47,-0.2711193,-0.08565968,2.673595,-0.2678846,0.3783352,2.631016,-0.306943,0.2081929,2.571398,-0.3018228,0.06616232,2.532119,-0.2282905,-0.03360209,2.503947,-0.2040497,-0.06713924,2.496917,-0.2151478,0.2052773,2.587028,-0.3125491,0.08910781,2.542148,-0.2400389,-0.01317167,2.525177,-0.2462627,-0.01192942,2.526733,-0.3156683,-0.07570636,2.650816,-0.3022926,-0.2010397,2.637088,-0.3173505,-0.2879516,2.615078,-0.2221338,-0.0885523,2.653199,-0.1888417,-0.1498117,2.69116,-0.2346051,-0.284993,2.728848,-0.2755095,0.2557177,2.642897
72057594038008658,0,1.000423,15576.47,-0.2711193,-0.08565968,2.673595,-0.2678846,0.3783352,2.631016,-0.306943,0.2081929,2.571398,-0.3018228,0.06616232,2.532119,-0.2282905,-0.03360209,2.503947,-0.2040497,-0.06713924,2.496917,-0.2151478,0.2052773,2.587028,-0.3125491,0.08910781,2.542148,-0.2400389,-0.01317167,2.525177,-0.2462627,-0.01192942,2.526733,-0.3156683,-0.07570636,2.650816,-0.3022926,-0.2010397,2.637088,-0.3173505,-0.2879516,2.615078,-0.2221338,-0.0885523,2.653199,-0.1888417,-0.1498117,2.69116,-0.2346051,-0.284993,2.728848,-0.2755095,0.2557177,2.642897
72057594038008658,0,1.000423,15576.47,-0.2711193,-0.08565968,2.673595,-0.2678846,0.3783352,2.631016,-0.306943,0.2081929,2.571398,-0.3018228,0.06616232,2.532119,-0.2282905,-0.03360209,2.503947,-0.2040497,-0.06713924,2.496917,-0.2151478,0.2052773,2.587028,-0.3125491,0.08910781,2.542148,-0.2400389,-0.01317167,2.525177,-0.2462627,-0.01192942,2.526733,-0.3156683,-0.07570636,2.650816,-0.3022926,-0.2010397,2.637088,-0.3173505,-0.2879516,2.615078,-0.2221338,-0.0885523,2.653199,-0.1888417,-0.1498117,2.69116,-0.2346051,-0.284993,2.728848,-0.2755095,0.2557177,2.642897
72057594038008658,0,1.000423,15576.48,-0.2711193,-0.08565968,2.673595,-0.2678846,0.3783352,2.631016,-0.306943,0.2081929,2.571398,-0.3018228,0.06616232,2.532119,-0.2282905,-0.03360209,2.503947,-0.2040497,-0.06713924,2.496917,-0.2151478,0.2052773,2.587028,-0.3125491,0.08910781,2.542148,-0.2400389,-0.01317167,2.525177,-0.2462627,-0.01192942,2.526733,-0.3156683,-0.07570636,2.650816,-0.3022926,-0.2010397,2.637088,-0.3173505,-0.2879516,2.615078,-0.2221338,-0.0885523,2.653199,-0.1888417,-0.1498117,2.69116,-0.2346051,-0.284993,2.728848,-0.2755095,0.2557177,2.642897
72057594038008658,0,1.000423,15576.48,-0.2711193,-0.08565968,2.673595,-0.2678846,0.3783352,2.631016,-0.306943,0.2081929,2.571398,-0.3018228,0.06616232,2.532119,-0.2282905,-0.03360209,2.503947,-0.2040497,-0.06713924,2.496917,-0.2151478,0.2052773,2.587028,-0.3125491,0.08910781,2.542148,-0.2400389,-0.01317167,2.525177,-0.2462627,-0.01192942,2.526733,-0.3156683,-0.07570636,2.650816,-0.3022926,-0.2010397,2.637088,-0.3173505,-0.2879516,2.615078,-0.2221338,-0.0885523,2.653199,-0.1888417,-0.1498117,2.69116,-0.2346051,-0.284993,2.728848,-0.2755095,0.2557177,2.642897
72057594038008658,0,1.000423,15576.48,-0.2711193,-0.08565968,2.673595,-0.2678846,0.3783352,2.631016,-0.306943,0.2081929,2.571398,-0.3018228,0.06616232,2.532119,-0.2282905,-0.03360209,2.503947,-0.2040497,-0.06713924,2.496917,-0.2151478,0.2052773,2.587028,-0.3125491,0.08910781,2.542148,-0.2400389,-0.01317167,2.525177,-0.2462627,-0.01192942,2.526733,-0.3156683,-0.07570636,2.650816,-0.3022926,-0.2010397,2.637088,-0.3173505,-0.2879516,2.615078,-0.2221338,-0.0885523,2.653199,-0.1888417,-0.1498117,2.69116,-0.2346051,-0.284993,2.728848,-0.2755095,0.2557177,2.642897
72057594038008658,0,1.000423,15576.49,-0.2711193,-0.08565968,2.673595,-0.2678846,0.3783352,2.631016,-0.306943,0.2081929,2.571398,-0.3018228,0.06616232,2.532119,-0.2282905,-0.03360209,2.503947,-0.2040497,-0.06713924,2.496917,-0.2151478,0.2052773,2.587028,-0.3125491,0.08910781,2.542148,-0.2400389,-0.01317167,2.525177,-0.2462627,-0.01192942,2.526733,-0.3156683,-0.07570636,2.650816,-0.3022926,-0.2010397,2.637088,-0.3173505,-0.2879516,2.615078,-0.2221338,-0.0885523,2.653199,-0.1888417,-0.1498117,2.69116,-0.2346051,-0.284993,2.728848,-0.2755095,0.2557177,2.642897
72057594038008658,0,0.9975103,15576.49,-0.2593124,-0.08545208,2.670087,-0.2625816,0.3797359,2.634321,-0.3018157,0.2090154,2.572435,-0.3039951,0.07049188,2.535628,-0.2302041,-0.0275906,2.505233,-0.2058793,-0.06056395,2.497468,-0.1966728,0.191159,2.583844,-0.2462683,0.035065,2.532418,-0.1816325,-0.08880827,2.509618,-0.1910682,-0.1249298,2.514762,-0.3058708,-0.07615995,2.64977,-0.3043573,-0.1879926,2.630588,-0.3171597,-0.2879037,2.614889,-0.2082082,-0.08740208,2.646604,-0.1839311,-0.1537041,2.689256,-0.2119106,-0.2847003,2.727904,-0.2668277,0.2580974,2.643593
72057594038008658,0,0.9975103,15576.49,-0.2593124,-0.08545208,2.670087,-0.2625816,0.3797359,2.634321,-0.3018157,0.2090154,2.572435,-0.3039951,0.07049188,2.535628,-0.2302041,-0.0275906,2.505233,-0.2058793,-0.06056395,2.497468,-0.1966728,0.191159,2.583844,-0.2462683,0.035065,2.532418,-0.1816325,-0.08880827,2.509618,-0.1910682,-0.1249298,2.514762,-0.3058708,-0.07615995,2.64977,-0.3043573,-0.1879926,2.630588,-0.3171597,-0.2879037,2.614889,-0.2082082,-0.08740208,2.646604,-0.1839311,-0.1537041,2.689256,-0.2119106,-0.2847003,2.727904,-0.2668277,0.2580974,2.643593
72057594038008658,0,0.9975103,15576.5,-0.2593124,-0.08545208,2.670087,-0.2625816,0.3797359,2.634321,-0.3018157,0.2090154,2.572435,-0.3039951,0.07049188,2.535628,-0.2302041,-0.0275906,2.505233,-0.2058793,-0.06056395,2.497468,-0.1966728,0.191159,2.583844,-0.2462683,0.035065,2.532418,-0.1816325,-0.08880827,2.509618,-0.1910682,-0.1249298,2.514762,-0.3058708,-0.07615995,2.64977,-0.3043573,-0.1879926,2.630588,-0.3171597,-0.2879037,2.614889,-0.2082082,-0.08740208,2.646604,-0.1839311,-0.1537041,2.689256,-0.2119106,-0.2847003,2.727904,-0.2668277,0.2580974,2.643593
72057594038008658,0,0.9975103,15576.5,-0.2593124,-0.08545208,2.670087,-0.2625816,0.3797359,2.634321,-0.3018157,0.2090154,2.572435,-0.3039951,0.07049188,2.535628,-0.2302041,-0.0275906,2.505233,-0.2058793,-0.06056395,2.497468,-0.1966728,0.191159,2.583844,-0.2462683,0.035065,2.532418,-0.1816325,-0.08880827,2.509618,-0.1910682,-0.1249298,2.514762,-0.3058708,-0.07615995,2.64977,-0.3043573,-0.1879926,2.630588,-0.3171597,-0.2879037,2.614889,-0.2082082,-0.08740208,2.646604,-0.1839311,-0.1537041,2.689256,-0.2119106,-0.2847003,2.727904,-0.2668277,0.2580974,2.643593
72057594038008658,0,0.9975103,15576.5,-0.2593124,-0.08545208,2.670087,-0.2625816,0.3797359,2.634321,-0.3018157,0.2090154,2.572435,-0.3039951,0.07049188,2.535628,-0.2302041,-0.0275906,2.505233,-0.2058793,-0.06056395,2.497468,-0.1966728,0.191159,2.583844,-0.2462683,0.035065,2.532418,-0.1816325,-0.08880827,2.509618,-0.1910682,-0.1249298,2.514762,-0.3058708,-0.07615995,2.64977,-0.3043573,-0.1879926,2.630588,-0.3171597,-0.2879037,2.614889,-0.2082082,-0.08740208,2.646604,-0.1839311,-0.1537041,2.689256,-0.2119106,-0.2847003,2.727904,-0.2668277,0.2580974,2.643593
72057594038008658,0,0.9975103,15576.5,-0.2593124,-0.08545208,2.670087,-0.2625816,0.3797359,2.634321,-0.3018157,0.2090154,2.572435,-0.3039951,0.07049188,2.535628,-0.2302041,-0.0275906,2.505233,-0.2058793,-0.06056395,2.497468,-0.1966728,0.191159,2.583844,-0.2462683,0.035065,2.532418,-0.1816325,-0.08880827,2.509618,-0.1910682,-0.1249298,2.514762,-0.3058708,-0.07615995,2.64977,-0.3043573,-0.1879926,2.630588,-0.3171597,-0.2879037,2.614889,-0.2082082,-0.08740208,2.646604,-0.1839311,-0.1537041,2.689256,-0.2119106,-0.2847003,2.727904,-0.2668277,0.2580974,2.643593
72057594038008658,0,0.9975103,15576.51,-0.2593124,-0.08545208,2.670087,-0.2625816,0.3797359,2.634321,-0.3018157,0.2090154,2.572435,-0.3039951,0.07049188,2.535628,-0.2302041,-0.0275906,2.505233,-0.2058793,-0.06056395,2.497468,-0.1966728,0.191159,2.583844,-0.2462683,0.035065,2.532418,-0.1816325,-0.08880827,2.509618,-0.1910682,-0.1249298,2.514762,-0.3058708,-0.07615995,2.64977,-0.3043573,-0.1879926,2.630588,-0.3171597,-0.2879037,2.614889,-0.2082082,-0.08740208,2.646604,-0.1839311,-0.1537041,2.689256,-0.2119106,-0.2847003,2.727904,-0.2668277,0.2580974,2.643593
72057594038008658,0,0.9975103,15576.51,-0.2593124,-0.08545208,2.670087,-0.2625816,0.3797359,2.634321,-0.3018157,0.2090154,2.572435,-0.3039951,0.07049188,2.535628,-0.2302041,-0.0275906,2.505233,-0.2058793,-0.06056395,2.497468,-0.1966728,0.191159,2.583844,-0.2462683,0.035065,2.532418,-0.1816325,-0.08880827,2.509618,-0.1910682,-0.1249298,2.514762,-0.3058708,-0.07615995,2.64977,-0.3043573,-0.1879926,2.630588,-0.3171597,-0.2879037,2.614889,-0.2082082,-0.08740208,2.646604,-0.1839311,-0.1537041,2.689256,-0.2119106,-0.2847003,2.727904,-0.2668277,0.2580974,2.643593
72057594038008658,0,0.9975103,15576.51,-0.2593124,-0.08545208,2.670087,-0.2625816,0.3797359,2.634321,-0.3018157,0.2090154,2.572435,-0.3039951,0.07049188,2.535628,-0.2302041,-0.0275906,2.505233,-0.2058793,-0.06056395,2.497468,-0.1966728,0.191159,2.583844,-0.2462683,0.035065,2.532418,-0.1816325,-0.08880827,2.509618,-0.1910682,-0.1249298,2.514762,-0.3058708,-0.07615995,2.64977,-0.3043573,-0.1879926,2.630588,-0.3171597,-0.2879037,2.614889,-0.2082082,-0.08740208,2.646604,-0.1839311,-0.1537041,2.689256,-0.2119106,-0.2847003,2.727904,-0.2668277,0.2580974,2.643593
72057594038008658,0,0.9975103,15576.52,-0.2593124,-0.08545208,2.670087,-0.2625816,0.3797359,2.634321,-0.3018157,0.2090154,2.572435,-0.3039951,0.07049188,2.535628,-0.2302041,-0.0275906,2.505233,-0.2058793,-0.06056395,2.497468,-0.1966728,0.191159,2.583844,-0.2462683,0.035065,2.532418,-0.1816325,-0.08880827,2.509618,-0.1910682,-0.1249298,2.514762,-0.3058708,-0.07615995,2.64977,-0.3043573,-0.1879926,2.630588,-0.3171597,-0.2879037,2.614889,-0.2082082,-0.08740208,2.646604,-0.1839311,-0.1537041,2.689256,-0.2119106,-0.2847003,2.727904,-0.2668277,0.2580974,2.643593
72057594038008658,0,0.9951559,15576.53,-0.2551372,-0.0840205,2.669499,-0.2587901,0.3802124,2.638273,-0.2987669,0.2089347,2.573007,-0.2986182,0.0609439,2.55024,-0.2239921,-0.03299549,2.506154,-0.1993825,-0.06459677,2.493832,-0.1954233,0.1916724,2.584501,-0.2477868,0.03482464,2.535981,-0.1121681,-0.05202702,2.583482,-0.1454341,-0.04070041,2.606019,-0.299753,-0.07571602,2.648247,-0.3035482,-0.1834753,2.630754,-0.3164639,-0.2881913,2.614834,-0.2055677,-0.08525097,2.646772,-0.1733028,-0.1584328,2.689518,-0.1735382,-0.2910879,2.724085,-0.261242,0.2585236,2.64712
72057594038008658,0,0.9951559,15576.53,-0.2551372,-0.0840205,2.669499,-0.2587901,0.3802124,2.638273,-0.2987669,0.2089347,2.573007,-0.2986182,0.0609439,2.55024,-0.2239921,-0.03299549,2.506154,-0.1993825,-0.06459677,2.493832,-0.1954233,0.1916724,2.584501,-0.2477868,0.03482464,2.535981,-0.1121681,-0.05202702,2.583482,-0.1454341,-0.04070041,2.606019,-0.299753,-0.07571602,2.648247,-0.3035482,-0.1834753,2.630754,-0.3164639,-0.2881913,2.614834,-0.2055677,-0.08525097,2.646772,-0.1733028,-0.1584328,2.689518,-0.1735382,-0.2910879,2.724085,-0.261242,0.2585236,2.64712
72057594038008658,0,0.9951559,15576.54,-0.2551372,-0.0840205,2.669499,-0.2587901,0.3802124,2.638273,-0.2987669,0.2089347,2.573007,-0.2986182,0.0609439,2.55024,-0.2239921,-0.03299549,2.506154,-0.1993825,-0.06459677,2.493832,-0.1954233,0.1916724,2.584501,-0.2477868,0.03482464,2.535981,-0.1121681,-0.05202702,2.583482,-0.1454341,-0.04070041,2.606019,-0.299753,-0.07571602,2.648247,-0.3035482,-0.1834753,2.630754,-0.3164639,-0.2881913,2.614834,-0.2055677,-0.08525097,2.646772,-0.1733028,-0.1584328,2.689518,-0.1735382,-0.2910879,2.724085,-0.261242,0.2585236,2.64712
72057594038008658,0,0.9951559,15576.54,-0.2551372,-0.0840205,2.669499,-0.2587901,0.3802124,2.638273,-0.2987669,0.2089347,2.573007,-0.2986182,0.0609439,2.55024,-0.2239921,-0.03299549,2.506154,-0.1993825,-0.06459677,2.493832,-0.1954233,0.1916724,2.584501,-0.2477868,0.03482464,2.535981,-0.1121681,-0.05202702,2.583482,-0.1454341,-0.04070041,2.606019,-0.299753,-0.07571602,2.648247,-0.3035482,-0.1834753,2.630754,-0.3164639,-0.2881913,2.614834,-0.2055677,-0.08525097,2.646772,-0.1733028,-0.1584328,2.689518,-0.1735382,-0.2910879,2.724085,-0.261242,0.2585236,2.64712
72057594038008658,0,0.9951559,15576.54,-0.2551372,-0.0840205,2.669499,-0.2587901,0.3802124,2.638273,-0.2987669,0.2089347,2.573007,-0.2986182,0.0609439,2.55024,-0.2239921,-0.03299549,2.506154,-0.1993825,-0.06459677,2.493832,-0.1954233,0.1916724,2.584501,-0.2477868,0.03482464,2.535981,-0.1121681,-0.05202702,2.583482,-0.1454341,-0.04070041,2.606019,-0.299753,-0.07571602,2.648247,-0.3035482,-0.1834753,2.630754,-0.3164639,-0.2881913,2.614834,-0.2055677,-0.08525097,2.646772,-0.1733028,-0.1584328,2.689518,-0.1735382,-0.2910879,2.724085,-0.261242,0.2585236,2.64712
72057594038008658,0,0.9951559,15576.54,-0.2551372,-0.0840205,2.669499,-0.2587901,0.3802124,2.638273,-0.2987669,0.2089347,2.573007,-0.2986182,0.0609439,2.55024,-0.2239921,-0.03299549,2.506154,-0.1993825,-0.06459677,2.493832,-0.1954233,0.1916724,2.584501,-0.2477868,0.03482464,2.535981,-0.1121681,-0.05202702,2.583482,-0.1454341,-0.04070041,2.606019,-0.299753,-0.07571602,2.648247,-0.3035482,-0.1834753,2.630754,-0.3164639,-0.2881913,2.614834,-0.2055677,-0.08525097,2.646772,-0.1733028,-0.1584328,2.689518,-0.1735382,-0.2910879,2.724085,-0.261242,0.2585236,2.64712
72057594038008658,0,0.9951559,15576.55,-0.2551372,-0.0840205,2.669499,-0.2587901,0.3802124,2.638273,-0.2987669,0.2089347,2.573007,-0.2986182,0.0609439,2.55024,-0.2239921,-0.03299549,2.506154,-0.1993825,-0.06459677,2.493832,-0.1954233,0.1916724,2.584501,-0.2477868,0.03482464,2.535981,-0.1121681,-0.05202702,2.583482,-0.1454341,-0.04070041,2.606019,-0.299753,-0.07571602,2.648247,-0.3035482,-0.1834753,2.630754,-0.3164639,-0.2881913,2.614834,-0.2055677,-0.08525097,2.646772,-0.1733028,-0.1584328,2.689518,-0.1735382,-0.2910879,2.724085,-0.261242,0.2585236,2.64712
72057594038008658,0,0.9951559,15576.55,-0.2551372,-0.0840205,2.669499,-0.2587901,0.3802124,2.638273,-0.2987669,0.2089347,2.573007,-0.2986182,0.0609439,2.55024,-0.2239921,-0.03299549,2.506154,-0.1993825,-0.06459677,2.493832,-0.1954233,0.1916724,2.584501,-0.2477868,0.03482464,2.535981,-0.1121681,-0.05202702,2.583482,-0.1454341,-0.04070041,2.606019,-0.299753,-0.07571602,2.648247,-0.3035482,-0.1834753,2.630754,-0.3164639,-0.2881913,2.614834,-0.2055677,-0.08525097,2.646772,-0.1733028,-0.1584328,2.689518,-0.1735382,-0.2910879,2.724085,-0.261242,0.2585236,2.64712
72057594038008658,0,0.9925045,15576.55,-0.2476849,-0.08318773,2.670819,-0.2542627,0.3796279,2.644496,-0.2949094,0.2081398,2.574348,-0.2968289,0.06223026,2.552757,-0.2238239,-0.03347757,2.508168,-0.1997535,-0.06566772,2.495685,-0.1939415,0.1915426,2.585255,-0.2474688,0.03415248,2.537266,-0.1106435,-0.05381915,2.582219,-0.1524708,-0.05446339,2.600039,-0.291673,-0.07574135,2.649202,-0.3013658,-0.1760986,2.631678,-0.3161488,-0.2871267,2.615373,-0.1993071,-0.08359656,2.648571,-0.1664868,-0.1645083,2.69221,-0.1609216,-0.2933723,2.718722,-0.2562631,0.2586758,2.650726
72057594038008658,0,0.9925045,15576.57,-0.2476849,-0.08318773,2.670819,-0.2542627,0.3796279,2.644496,-0.2949094,0.2081398,2.574348,-0.2968289,0.06223026,2.552757,-0.2238239,-0.03347757,2.508168,-0.1997535,-0.06566772,2.495685,-0.1939415,0.1915426,2.585255,-0.2474688,0.03415248,2.537266,-0.1106435,-0.05381915,2.582219,-0.1524708,-0.05446339,2.600039,-0.291673,-0.07574135,2.649202,-0.3013658,-0.1760986,2.631678,-0.3161488,-0.2871267,2.615373,-0.1993071,-0.08359656,2.648571,-0.1664868,-0.1645083,2.69221,-0.1609216,-0.2933723,2.718722,-0.2562631,0.2586758,2.650726
72057594038008658,0,0.9925045,15576.57,-0.2476849,-0.08318773,2.670819,-0.2542627,0.3796279,2.644496,-0.2949094,0.2081398,2.574348,-0.2968289,0.06223026,2.552757,-0.2238239,-0.03347757,2.508168,-0.1997535,-0.06566772,2.495685,-0.1939415,0.1915426,2.585255,-0.2474688,0.03415248,2.537266,-0.1106435,-0.05381915,2.582219,-0.1524708,-0.05446339,2.600039,-0.291673,-0.07574135,2.649202,-0.3013658,-0.1760986,2.631678,-0.3161488,-0.2871267,2.615373,-0.1993071,-0.08359656,2.648571,-0.1664868,-0.1645083,2.69221,-0.1609216,-0.2933723,2.718722,-0.2562631,0.2586758,2.650726
72057594038008658,0,0.9925045,15576.58,-0.2476849,-0.08318773,2.670819,-0.2542627,0.3796279,2.644496,-0.2949094,0.2081398,2.574348,-0.2968289,0.06223026,2.552757,-0.2238239,-0.03347757,2.508168,-0.1997535,-0.06566772,2.495685,-0.1939415,0.1915426,2.585255,-0.2474688,0.03415248,2.537266,-0.1106435,-0.05381915,2.582219,-0.1524708,-0.05446339,2.600039,-0.291673,-0.07574135,2.649202,-0.3013658,-0.1760986,2.631678,-0.3161488,-0.2871267,2.615373,-0.1993071,-0.08359656,2.648571,-0.1664868,-0.1645083,2.69221,-0.1609216,-0.2933723,2.718722,-0.2562631,0.2586758,2.650726
72057594038008658,0,0.9925045,15576.58,-0.2476849,-0.08318773,2.670819,-0.2542627,0.3796279,2.644496,-0.2949094,0.2081398,2.574348,-0.2968289,0.06223026,2.552757,-0.2238239,-0.03347757,2.508168,-0.1997535,-0.06566772,2.495685,-0.1939415,0.1915426,2.585255,-0.2474688,0.03415248,2.537266,-0.1106435,-0.05381915,2.582219,-0.1524708,-0.05446339,2.600039,-0.291673,-0.07574135,2.649202,-0.3013658,-0.1760986,2.631678,-0.3161488,-0.2871267,2.615373,-0.1993071,-0.08359656,2.648571,-0.1664868,-0.1645083,2.69221,-0.1609216,-0.2933723,2.718722,-0.2562631,0.2586758,2.650726
72057594038008658,0,0.9925045,15576.58,-0.2476849,-0.08318773,2.670819,-0.2542627,0.3796279,2.644496,-0.2949094,0.2081398,2.574348,-0.2968289,0.06223026,2.552757,-0.2238239,-0.03347757,2.508168,-0.1997535,-0.06566772,2.495685,-0.1939415,0.1915426,2.585255,-0.2474688,0.03415248,2.537266,-0.1106435,-0.05381915,2.582219,-0.1524708,-0.05446339,2.600039,-0.291673,-0.07574135,2.649202,-0.3013658,-0.1760986,2.631678,-0.3161488,-0.2871267,2.615373,-0.1993071,-0.08359656,2.648571,-0.1664868,-0.1645083,2.69221,-0.1609216,-0.2933723,2.718722,-0.2562631,0.2586758,2.650726
72057594038008658,0,0.9925045,15576.59,-0.2476849,-0.08318773,2.670819,-0.2542627,0.3796279,2.644496,-0.2949094,0.2081398,2.574348,-0.2968289,0.06223026,2.552757,-0.2238239,-0.03347757,2.508168,-0.1997535,-0.06566772,2.495685,-0.1939415,0.1915426,2.585255,-0.2474688,0.03415248,2.537266,-0.1106435,-0.05381915,2.582219,-0.1524708,-0.05446339,2.600039,-0.291673,-0.07574135,2.649202,-0.3013658,-0.1760986,2.631678,-0.3161488,-0.2871267,2.615373,-0.1993071,-0.08359656,2.648571,-0.1664868,-0.1645083,2.69221,-0.1609216,-0.2933723,2.718722,-0.2562631,0.2586758,2.650726
72057594038008658,0,0.9936251,15576.59,-0.2328669,-0.0881089,2.676199,-0.2469856,0.3767896,2.649572,-0.280682,0.2017748,2.586858,-0.294911,0.06386241,2.554031,-0.2208575,-0.03577229,2.522028,-0.2203397,-0.0463509,2.57305,-0.1864407,0.1907062,2.59311,-0.2428449,0.03328061,2.546191,-0.09939805,-0.04757437,2.587308,-0.1354658,-0.0502761,2.604413,-0.2786333,-0.08142737,2.655063,-0.2993865,-0.175873,2.632857,-0.314907,-0.2862307,2.616284,-0.183206,-0.08748245,2.653627,-0.1617168,-0.1699492,2.692829,-0.1516641,-0.2979235,2.716533,-0.2483766,0.2545627,2.654877
72057594038008658,0,0.9936251,15576.59,-0.2328669,-0.0881089,2.676199,-0.2469856,0.3767896,2.649572,-0.280682,0.2017748,2.586858,-0.294911,0.06386241,2.554031,-0.2208575,-0.03577229,2.522028,-0.2203397,-0.0463509,2.57305,-0.1864407,0.1907062,2.59311,-0.2428449,0.03328061,2.546191,-0.09939805,-0.04757437,2.587308,-0.1354658,-0.0502761,2.604413,-0.2786333,-0.08142737,2.655063,-0.2993865,-0.175873,2.632857,-0.314907,-0.2862307,2.616284,-0.183206,-0.08748245,2.653627,-0.1617168,-0.1699492,2.692829,-0.1516641,-0.2979235,2.716533,-0.2483766,0.2545627,2.654877
72057594038008658,0,0.9936251,15576.59,-0.2328669,-0.0881089,2.676199,-0.2469856,0.3767896,2.649572,-0.280682,0.2017748,2.586858,-0.294911,0.06386241,2.554031,-0.2208575,-0.03577229,2.522028,-0.2203397,-0.0463509,2.57305,-0.1864407,0.1907062,2.59311,-0.2428449,0.03328061,2.546191,-0.09939805,-0.04757437,2.587308,-0.1354658,-0.0502761,2.604413,-0.2786333,-0.08142737,2.655063,-0.2993865,-0.175873,2.632857,-0.314907,-0.2862307,2.616284,-0.183206,-0.08748245,2.653627,-0.1617168,-0.1699492,2.692829,-0.1516641,-0.2979235,2.716533,-0.2483766,0.2545627,2.654877
72057594038008658,0,0.9936251,15576.6,-0.2328669,-0.0881089,2.676199,-0.2469856,0.3767896,2.649572,-0.280682,0.2017748,2.586858,-0.294911,0.06386241,2.554031,-0.2208575,-0.03577229,2.522028,-0.2203397,-0.0463509,2.57305,-0.1864407,0.1907062,2.59311,-0.2428449,0.03328061,2.546191,-0.09939805,-0.04757437,2.587308,-0.1354658,-0.0502761,2.604413,-0.2786333,-0.08142737,2.655063,-0.2993865,-0.175873,2.632857,-0.314907,-0.2862307,2.616284,-0.183206,-0.08748245,2.653627,-0.1617168,-0.1699492,2.692829,-0.1516641,-0.2979235,2.716533,-0.2483766,0.2545627,2.654877
72057594038008658,0,0.9936251,15576.6,-0.2328669,-0.0881089,2.676199,-0.2469856,0.3767896,2.649572,-0.280682,0.2017748,2.586858,-0.294911,0.06386241,2.554031,-0.2208575,-0.03577229,2.522028,-0.2203397,-0.0463509,2.57305,-0.1864407,0.1907062,2.59311,-0.2428449,0.03328061,2.546191,-0.09939805,-0.04757437,2.587308,-0.1354658,-0.0502761,2.604413,-0.2786333,-0.08142737,2.655063,-0.2993865,-0.175873,2.632857,-0.314907,-0.2862307,2.616284,-0.183206,-0.08748245,2.653627,-0.1617168,-0.1699492,2.692829,-0.1516641,-0.2979235,2.716533,-0.2483766,0.2545627,2.654877
72057594038008658,0,0.9936251,15576.6,-0.2328669,-0.0881089,2.676199,-0.2469856,0.3767896,2.649572,-0.280682,0.2017748,2.586858,-0.294911,0.06386241,2.554031,-0.2208575,-0.03577229,2.522028,-0.2203397,-0.0463509,2.57305,-0.1864407,0.1907062,2.59311,-0.2428449,0.03328061,2.546191,-0.09939805,-0.04757437,2.587308,-0.1354658,-0.0502761,2.604413,-0.2786333,-0.08142737,2.655063,-0.2993865,-0.175873,2.632857,-0.314907,-0.2862307,2.616284,-0.183206,-0.08748245,2.653627,-0.1617168,-0.1699492,2.692829,-0.1516641,-0.2979235,2.716533,-0.2483766,0.2545627,2.654877
72057594038008658,0,0.9936251,15576.61,-0.2328669,-0.0881089,2.676199,-0.2469856,0.3767896,2.649572,-0.280682,0.2017748,2.586858,-0.294911,0.06386241,2.554031,-0.2208575,-0.03577229,2.522028,-0.2203397,-0.0463509,2.57305,-0.1864407,0.1907062,2.59311,-0.2428449,0.03328061,2.546191,-0.09939805,-0.04757437,2.587308,-0.1354658,-0.0502761,2.604413,-0.2786333,-0.08142737,2.655063,-0.2993865,-0.175873,2.632857,-0.314907,-0.2862307,2.616284,-0.183206,-0.08748245,2.653627,-0.1617168,-0.1699492,2.692829,-0.1516641,-0.2979235,2.716533,-0.2483766,0.2545627,2.654877
72057594038008658,0,0.9936251,15576.61,-0.2328669,-0.0881089,2.676199,-0.2469856,0.3767896,2.649572,-0.280682,0.2017748,2.586858,-0.294911,0.06386241,2.554031,-0.2208575,-0.03577229,2.522028,-0.2203397,-0.0463509,2.57305,-0.1864407,0.1907062,2.59311,-0.2428449,0.03328061,2.546191,-0.09939805,-0.04757437,2.587308,-0.1354658,-0.0502761,2.604413,-0.2786333,-0.08142737,2.655063,-0.2993865,-0.175873,2.632857,-0.314907,-0.2862307,2.616284,-0.183206,-0.08748245,2.653627,-0.1617168,-0.1699492,2.692829,-0.1516641,-0.2979235,2.716533,-0.2483766,0.2545627,2.654877
72057594038008658,0,0.9936251,15576.61,-0.2328669,-0.0881089,2.676199,-0.2469856,0.3767896,2.649572,-0.280682,0.2017748,2.586858,-0.294911,0.06386241,2.554031,-0.2208575,-0.03577229,2.522028,-0.2203397,-0.0463509,2.57305,-0.1864407,0.1907062,2.59311,-0.2428449,0.03328061,2.546191,-0.09939805,-0.04757437,2.587308,-0.1354658,-0.0502761,2.604413,-0.2786333,-0.08142737,2.655063,-0.2993865,-0.175873,2.632857,-0.314907,-0.2862307,2.616284,-0.183206,-0.08748245,2.653627,-0.1617168,-0.1699492,2.692829,-0.1516641,-0.2979235,2.716533,-0.2483766,0.2545627,2.654877
72057594038008658,0,0.9936251,15576.62,-0.2328669,-0.0881089,2.676199,-0.2469856,0.3767896,2.649572,-0.280682,0.2017748,2.586858,-0.294911,0.06386241,2.554031,-0.2208575,-0.03577229,2.522028,-0.2203397,-0.0463509,2.57305,-0.1864407,0.1907062,2.59311,-0.2428449,0.03328061,2.546191,-0.09939805,-0.04757437,2.587308,-0.1354658,-0.0502761,2.604413,-0.2786333,-0.08142737,2.655063,-0.2993865,-0.175873,2.632857,-0.314907,-0.2862307,2.616284,-0.183206,-0.08748245,2.653627,-0.1617168,-0.1699492,2.692829,-0.1516641,-0.2979235,2.716533,-0.2483766,0.2545627,2.654877
72057594038008658,0,0.9936251,15576.62,-0.2328669,-0.0881089,2.676199,-0.2469856,0.3767896,2.649572,-0.280682,0.2017748,2.586858,-0.294911,0.06386241,2.554031,-0.2208575,-0.03577229,2.522028,-0.2203397,-0.0463509,2.57305,-0.1864407,0.1907062,2.59311,-0.2428449,0.03328061,2.546191,-0.09939805,-0.04757437,2.587308,-0.1354658,-0.0502761,2.604413,-0.2786333,-0.08142737,2.655063,-0.2993865,-0.175873,2.632857,-0.314907,-0.2862307,2.616284,-0.183206,-0.08748245,2.653627,-0.1617168,-0.1699492,2.692829,-0.1516641,-0.2979235,2.716533,-0.2483766,0.2545627,2.654877
72057594038008658,0,0.9936251,15576.62,-0.2328669,-0.0881089,2.676199,-0.2469856,0.3767896,2.649572,-0.280682,0.2017748,2.586858,-0.294911,0.06386241,2.554031,-0.2208575,-0.03577229,2.522028,-0.2203397,-0.0463509,2.57305,-0.1864407,0.1907062,2.59311,-0.2428449,0.03328061,2.546191,-0.09939805,-0.04757437,2.587308,-0.1354658,-0.0502761,2.604413,-0.2786333,-0.08142737,2.655063,-0.2993865,-0.175873,2.632857,-0.314907,-0.2862307,2.616284,-0.183206,-0.08748245,2.653627,-0.1617168,-0.1699492,2.692829,-0.1516641,-0.2979235,2.716533,-0.2483766,0.2545627,2.654877
72057594038008658,0,0.991814,15576.63,-0.2255851,-0.08809552,2.680426,-0.2412595,0.3749426,2.654119,-0.2763363,0.200479,2.592719,-0.2873192,0.06273118,2.556437,-0.2185973,-0.04201177,2.528606,-0.2190726,-0.05115545,2.57274,-0.177946,0.1914956,2.601303,-0.2498862,0.03922102,2.557269,-0.0987417,-0.03344178,2.589699,-0.1262551,-0.0460763,2.612151,-0.2697327,-0.0813109,2.659346,-0.2929662,-0.1750418,2.632989,-0.313504,-0.2851144,2.616667,-0.177546,-0.08754703,2.65779,-0.1588751,-0.1802565,2.698056,-0.1492702,-0.298033,2.716423,-0.2410153,0.2520665,2.663543
72057594038008658,0,0.991814,15576.63,-0.2255851,-0.08809552,2.680426,-0.2412595,0.3749426,2.654119,-0.2763363,0.200479,2.592719,-0.2873192,0.06273118,2.556437,-0.2185973,-0.04201177,2.528606,-0.2190726,-0.05115545,2.57274,-0.177946,0.1914956,2.601303,-0.2498862,0.03922102,2.557269,-0.0987417,-0.03344178,2.589699,-0.1262551,-0.0460763,2.612151,-0.2697327,-0.0813109,2.659346,-0.2929662,-0.1750418,2.632989,-0.313504,-0.2851144,2.616667,-0.177546,-0.08754703,2.65779,-0.1588751,-0.1802565,2.698056,-0.1492702,-0.298033,2.716423,-0.2410153,0.2520665,2.663543
72057594038008658,0,0.991814,15576.63,-0.2255851,-0.08809552,2.680426,-0.2412595,0.3749426,2.654119,-0.2763363,0.200479,2.592719,-0.2873192,0.06273118,2.556437,-0.2185973,-0.04201177,2.528606,-0.2190726,-0.05115545,2.57274,-0.177946,0.1914956,2.601303,-0.2498862,0.03922102,2.557269,-0.0987417,-0.03344178,2.589699,-0.1262551,-0.0460763,2.612151,-0.2697327,-0.0813109,2.659346,-0.2929662,-0.1750418,2.632989,-0.313504,-0.2851144,2.616667,-0.177546,-0.08754703,2.65779,-0.1588751,-0.1802565,2.698056,-0.1492702,-0.298033,2.716423,-0.2410153,0.2520665,2.663543
72057594038008658,0,0.991814,15576.63,-0.2255851,-0.08809552,2.680426,-0.2412595,0.3749426,2.654119,-0.2763363,0.200479,2.592719,-0.2873192,0.06273118,2.556437,-0.2185973,-0.04201177,2.528606,-0.2190726,-0.05115545,2.57274,-0.177946,0.1914956,2.601303,-0.2498862,0.03922102,2.557269,-0.0987417,-0.03344178,2.589699,-0.1262551,-0.0460763,2.612151,-0.2697327,-0.0813109,2.659346,-0.2929662,-0.1750418,2.632989,-0.313504,-0.2851144,2.616667,-0.177546,-0.08754703,2.65779,-0.1588751,-0.1802565,2.698056,-0.1492702,-0.298033,2.716423,-0.2410153,0.2520665,2.663543
72057594038008658,0,0.991814,15576.64,-0.2255851,-0.08809552,2.680426,-0.2412595,0.3749426,2.654119,-0.2763363,0.200479,2.592719,-0.2873192,0.06273118,2.556437,-0.2185973,-0.04201177,2.528606,-0.2190726,-0.05115545,2.57274,-0.177946,0.1914956,2.601303,-0.2498862,0.03922102,2.557269,-0.0987417,-0.03344178,2.589699,-0.1262551,-0.0460763,2.612151,-0.2697327,-0.0813109,2.659346,-0.2929662,-0.1750418,2.632989,-0.313504,-0.2851144,2.616667,-0.177546,-0.08754703,2.65779,-0.1588751,-0.1802565,2.698056,-0.1492702,-0.298033,2.716423,-0.2410153,0.2520665,2.663543
72057594038008658,0,0.991814,15576.64,-0.2255851,-0.08809552,2.680426,-0.2412595,0.3749426,2.654119,-0.2763363,0.200479,2.592719,-0.2873192,0.06273118,2.556437,-0.2185973,-0.04201177,2.528606,-0.2190726,-0.05115545,2.57274,-0.177946,0.1914956,2.601303,-0.2498862,0.03922102,2.557269,-0.0987417,-0.03344178,2.589699,-0.1262551,-0.0460763,2.612151,-0.2697327,-0.0813109,2.659346,-0.2929662,-0.1750418,2.632989,-0.313504,-0.2851144,2.616667,-0.177546,-0.08754703,2.65779,-0.1588751,-0.1802565,2.698056,-0.1492702,-0.298033,2.716423,-0.2410153,0.2520665,2.663543
72057594038008658,0,0.991814,15576.64,-0.2255851,-0.08809552,2.680426,-0.2412595,0.3749426,2.654119,-0.2763363,0.200479,2.592719,-0.2873192,0.06273118,2.556437,-0.2185973,-0.04201177,2.528606,-0.2190726,-0.05115545,2.57274,-0.177946,0.1914956,2.601303,-0.2498862,0.03922102,2.557269,-0.0987417,-0.03344178,2.589699,-0.1262551,-0.0460763,2.612151,-0.2697327,-0.0813109,2.659346,-0.2929662,-0.1750418,2.632989,-0.313504,-0.2851144,2.616667,-0.177546,-0.08754703,2.65779,-0.1588751,-0.1802565,2.698056,-0.1492702,-0.298033,2.716423,-0.2410153,0.2520665,2.663543
72057594038008658,0,0.991814,15576.64,-0.2255851,-0.08809552,2.680426,-0.2412595,0.3749426,2.654119,-0.2763363,0.200479,2.592719,-0.2873192,0.06273118,2.556437,-0.2185973,-0.04201177,2.528606,-0.2190726,-0.05115545,2.57274,-0.177946,0.1914956,2.601303,-0.2498862,0.03922102,2.557269,-0.0987417,-0.03344178,2.589699,-0.1262551,-0.0460763,2.612151,-0.2697327,-0.0813109,2.659346,-0.2929662,-0.1750418,2.632989,-0.313504,-0.2851144,2.616667,-0.177546,-0.08754703,2.65779,-0.1588751,-0.1802565,2.698056,-0.1492702,-0.298033,2.716423,-0.2410153,0.2520665,2.663543
72057594038008658,0,0.991814,15576.65,-0.2255851,-0.08809552,2.680426,-0.2412595,0.3749426,2.654119,-0.2763363,0.200479,2.592719,-0.2873192,0.06273118,2.556437,-0.2185973,-0.04201177,2.528606,-0.2190726,-0.05115545,2.57274,-0.177946,0.1914956,2.601303,-0.2498862,0.03922102,2.557269,-0.0987417,-0.03344178,2.589699,-0.1262551,-0.0460763,2.612151,-0.2697327,-0.0813109,2.659346,-0.2929662,-0.1750418,2.632989,-0.313504,-0.2851144,2.616667,-0.177546,-0.08754703,2.65779,-0.1588751,-0.1802565,2.698056,-0.1492702,-0.298033,2.716423,-0.2410153,0.2520665,2.663543
72057594038008658,0,0.991814,15576.65,-0.2255851,-0.08809552,2.680426,-0.2412595,0.3749426,2.654119,-0.2763363,0.200479,2.592719,-0.2873192,0.06273118,2.556437,-0.2185973,-0.04201177,2.528606,-0.2190726,-0.05115545,2.57274,-0.177946,0.1914956,2.601303,-0.2498862,0.03922102,2.557269,-0.0987417,-0.03344178,2.589699,-0.1262551,-0.0460763,2.612151,-0.2697327,-0.0813109,2.659346,-0.2929662,-0.1750418,2.632989,-0.313504,-0.2851144,2.616667,-0.177546,-0.08754703,2.65779,-0.1588751,-0.1802565,2.698056,-0.1492702,-0.298033,2.716423,-0.2410153,0.2520665,2.663543
72057594038008658,0,0.991814,15576.65,-0.2255851,-0.08809552,2.680426,-0.2412595,0.3749426,2.654119,-0.2763363,0.200479,2.592719,-0.2873192,0.06273118,2.556437,-0.2185973,-0.04201177,2.528606,-0.2190726,-0.05115545,2.57274,-0.177946,0.1914956,2.601303,-0.2498862,0.03922102,2.557269,-0.0987417,-0.03344178,2.589699,-0.1262551,-0.0460763,2.612151,-0.2697327,-0.0813109,2.659346,-0.2929662,-0.1750418,2.632989,-0.313504,-0.2851144,2.616667,-0.177546,-0.08754703,2.65779,-0.1588751,-0.1802565,2.698056,-0.1492702,-0.298033,2.716423,-0.2410153,0.2520665,2.663543
72057594038008658,0,0.9891858,15576.65,-0.2144829,-0.08809122,2.687164,-0.2342753,0.3733935,2.660218,-0.2635852,0.1993837,2.605369,-0.2778291,0.06249076,2.566549,-0.209852,-0.04239994,2.53669,-0.2106345,-0.05259198,2.589103,-0.1763404,0.1914415,2.608328,-0.1150385,0.04214355,2.63238,-0.1080287,-0.1073253,2.691447,-0.1225814,-0.1345931,2.694858,-0.2589224,-0.08184272,2.66483,-0.2848652,-0.1830541,2.634959,-0.3122367,-0.2851462,2.616934,-0.166512,-0.086979,2.665864,-0.1548774,-0.1876717,2.704135,-0.1473307,-0.2983125,2.717143,-0.2320662,0.250788,2.670994
72057594038008658,0,0.9891858,15576.66,-0.2144829,-0.08809122,2.687164,-0.2342753,0.3733935,2.660218,-0.2635852,0.1993837,2.605369,-0.2778291,0.06249076,2.566549,-0.209852,-0.04239994,2.53669,-0.2106345,-0.05259198,2.589103,-0.1763404,0.1914415,2.608328,-0.1150385,0.04214355,2.63238,-0.1080287,-0.1073253,2.691447,-0.1225814,-0.1345931,2.694858,-0.2589224,-0.08184272,2.66483,-0.2848652,-0.1830541,2.634959,-0.3122367,-0.2851462,2.616934,-0.166512,-0.086979,2.665864,-0.1548774,-0.1876717,2.704135,-0.1473307,-0.2983125,2.717143,-0.2320662,0.250788,2.670994
72057594038008658,0,0.9891858,15576.66,-0.2144829,-0.08809122,2.687164,-0.2342753,0.3733935,2.660218,-0.2635852,0.1993837,2.605369,-0.2778291,0.06249076,2.566549,-0.209852,-0.04239994,2.53669,-0.2106345,-0.05259198,2.589103,-0.1763404,0.1914415,2.608328,-0.1150385,0.04214355,2.63238,-0.1080287,-0.1073253,2.691447,-0.1225814,-0.1345931,2.694858,-0.2589224,-0.08184272,2.66483,-0.2848652,-0.1830541,2.634959,-0.3122367,-0.2851462,2.616934,-0.166512,-0.086979,2.665864,-0.1548774,-0.1876717,2.704135,-0.1473307,-0.2983125,2.717143,-0.2320662,0.250788,2.670994
72057594038008658,0,0.9891858,15576.67,-0.2144829,-0.08809122,2.687164,-0.2342753,0.3733935,2.660218,-0.2635852,0.1993837,2.605369,-0.2778291,0.06249076,2.566549,-0.209852,-0.04239994,2.53669,-0.2106345,-0.05259198,2.589103,-0.1763404,0.1914415,2.608328,-0.1150385,0.04214355,2.63238,-0.1080287,-0.1073253,2.691447,-0.1225814,-0.1345931,2.694858,-0.2589224,-0.08184272,2.66483,-0.2848652,-0.1830541,2.634959,-0.3122367,-0.2851462,2.616934,-0.166512,-0.086979,2.665864,-0.1548774,-0.1876717,2.704135,-0.1473307,-0.2983125,2.717143,-0.2320662,0.250788,2.670994
72057594038008658,0,0.9891858,15576.67,-0.2144829,-0.08809122,2.687164,-0.2342753,0.3733935,2.660218,-0.2635852,0.1993837,2.605369,-0.2778291,0.06249076,2.566549,-0.209852,-0.04239994,2.53669,-0.2106345,-0.05259198,2.589103,-0.1763404,0.1914415,2.608328,-0.1150385,0.04214355,2.63238,-0.1080287,-0.1073253,2.691447,-0.1225814,-0.1345931,2.694858,-0.2589224,-0.08184272,2.66483,-0.2848652,-0.1830541,2.634959,-0.3122367,-0.2851462,2.616934,-0.166512,-0.086979,2.665864,-0.1548774,-0.1876717,2.704135,-0.1473307,-0.2983125,2.717143,-0.2320662,0.250788,2.670994
72057594038008658,0,0.9891858,15576.67,-0.2144829,-0.08809122,2.687164,-0.2342753,0.3733935,2.660218,-0.2635852,0.1993837,2.605369,-0.2778291,0.06249076,2.566549,-0.209852,-0.04239994,2.53669,-0.2106345,-0.05259198,2.589103,-0.1763404,0.1914415,2.608328,-0.1150385,0.04214355,2.63238,-0.1080287,-0.1073253,2.691447,-0.1225814,-0.1345931,2.694858,-0.2589224,-0.08184272,2.66483,-0.2848652,-0.1830541,2.634959,-0.3122367,-0.2851462,2.616934,-0.166512,-0.086979,2.665864,-0.1548774,-0.1876717,2.704135,-0.1473307,-0.2983125,2.717143,-0.2320662,0.250788,2.670994
72057594038008658,0,0.9891858,15576.67,-0.2144829,-0.08809122,2.687164,-0.2342753,0.3733935,2.660218,-0.2635852,0.1993837,2.605369,-0.2778291,0.06249076,2.566549,-0.209852,-0.04239994,2.53669,-0.2106345,-0.05259198,2.589103,-0.1763404,0.1914415,2.608328,-0.1150385,0.04214355,2.63238,-0.1080287,-0.1073253,2.691447,-0.1225814,-0.1345931,2.694858,-0.2589224,-0.08184272,2.66483,-0.2848652,-0.1830541,2.634959,-0.3122367,-0.2851462,2.616934,-0.166512,-0.086979,2.665864,-0.1548774,-0.1876717,2.704135,-0.1473307,-0.2983125,2.717143,-0.2320662,0.250788,2.670994
72057594038008658,0,0.9891858,15576.68,-0.2144829,-0.08809122,2.687164,-0.2342753,0.3733935,2.660218,-0.2635852,0.1993837,2.605369,-0.2778291,0.06249076,2.566549,-0.209852,-0.04239994,2.53669,-0.2106345,-0.05259198,2.589103,-0.1763404,0.1914415,2.608328,-0.1150385,0.04214355,2.63238,-0.1080287,-0.1073253,2.691447,-0.1225814,-0.1345931,2.694858,-0.2589224,-0.08184272,2.66483,-0.2848652,-0.1830541,2.634959,-0.3122367,-0.2851462,2.616934,-0.166512,-0.086979,2.665864,-0.1548774,-0.1876717,2.704135,-0.1473307,-0.2983125,2.717143,-0.2320662,0.250788,2.670994
72057594038008658,0,0.9891858,15576.68,-0.2144829,-0.08809122,2.687164,-0.2342753,0.3733935,2.660218,-0.2635852,0.1993837,2.605369,-0.2778291,0.06249076,2.566549,-0.209852,-0.04239994,2.53669,-0.2106345,-0.05259198,2.589103,-0.1763404,0.1914415,2.608328,-0.1150385,0.04214355,2.63238,-0.1080287,-0.1073253,2.691447,-0.1225814,-0.1345931,2.694858,-0.2589224,-0.08184272,2.66483,-0.2848652,-0.1830541,2.634959,-0.3122367,-0.2851462,2.616934,-0.166512,-0.086979,2.665864,-0.1548774,-0.1876717,2.704135,-0.1473307,-0.2983125,2.717143,-0.2320662,0.250788,2.670994
72057594038008658,0,0.9891858,15576.68,-0.2144829,-0.08809122,2.687164,-0.2342753,0.3733935,2.660218,-0.2635852,0.1993837,2.605369,-0.2778291,0.06249076,2.566549,-0.209852,-0.04239994,2.53669,-0.2106345,-0.05259198,2.589103,-0.1763404,0.1914415,2.608328,-0.1150385,0.04214355,2.63238,-0.1080287,-0.1073253,2.691447,-0.1225814,-0.1345931,2.694858,-0.2589224,-0.08184272,2.66483,-0.2848652,-0.1830541,2.634959,-0.3122367,-0.2851462,2.616934,-0.166512,-0.086979,2.665864,-0.1548774,-0.1876717,2.704135,-0.1473307,-0.2983125,2.717143,-0.2320662,0.250788,2.670994
72057594038008658,0,0.9891858,15576.68,-0.2144829,-0.08809122,2.687164,-0.2342753,0.3733935,2.660218,-0.2635852,0.1993837,2.605369,-0.2778291,0.06249076,2.566549,-0.209852,-0.04239994,2.53669,-0.2106345,-0.05259198,2.589103,-0.1763404,0.1914415,2.608328,-0.1150385,0.04214355,2.63238,-0.1080287,-0.1073253,2.691447,-0.1225814,-0.1345931,2.694858,-0.2589224,-0.08184272,2.66483,-0.2848652,-0.1830541,2.634959,-0.3122367,-0.2851462,2.616934,-0.166512,-0.086979,2.665864,-0.1548774,-0.1876717,2.704135,-0.1473307,-0.2983125,2.717143,-0.2320662,0.250788,2.670994
72057594038008658,0,0.9888443,15576.69,-0.2116802,-0.08858252,2.69304,-0.2266733,0.3721564,2.669308,-0.2610824,0.2000441,2.609559,-0.2725665,0.06271398,2.573659,-0.2066008,-0.04427728,2.548285,-0.2119661,-0.05532673,2.606102,-0.175645,0.1912389,2.607919,-0.10965,0.03861418,2.641891,-0.08528236,-0.08538067,2.628977,-0.09482269,-0.1218941,2.634182,-0.2556177,-0.08182102,2.670643,-0.2696563,-0.1843406,2.638316,-0.3078571,-0.2943887,2.614801,-0.164289,-0.08800161,2.671868,-0.1486912,-0.1854528,2.709542,-0.1470264,-0.2979643,2.718106,-0.2254321,0.2503232,2.678019
72057594038008658,0,0.9888443,15576.69,-0.2116802,-0.08858252,2.69304,-0.2266733,0.3721564,2.669308,-0.2610824,0.2000441,2.609559,-0.2725665,0.06271398,2.573659,-0.2066008,-0.04427728,2.548285,-0.2119661,-0.05532673,2.606102,-0.175645,0.1912389,2.607919,-0.10965,0.03861418,2.641891,-0.08528236,-0.08538067,2.628977,-0.09482269,-0.1218941,2.634182,-0.2556177,-0.08182102,2.670643,-0.2696563,-0.1843406,2.638316,-0.3078571,-0.2943887,2.614801,-0.164289,-0.08800161,2.671868,-0.1486912,-0.1854528,2.709542,-0.1470264,-0.2979643,2.718106,-0.2254321,0.2503232,2.678019
72057594038008658,0,0.9888443,15576.7,-0.2116802,-0.08858252,2.69304,-0.2266733,0.3721564,2.669308,-0.2610824,0.2000441,2.609559,-0.2725665,0.06271398,2.573659,-0.2066008,-0.04427728,2.548285,-0.2119661,-0.05532673,2.606102,-0.175645,0.1912389,2.607919,-0.10965,0.03861418,2.641891,-0.08528236,-0.08538067,2.628977,-0.09482269,-0.1218941,2.634182,-0.2556177,-0.08182102,2.670643,-0.2696563,-0.1843406,2.638316,-0.3078571,-0.2943887,2.614801,-0.164289,-0.08800161,2.671868,-0.1486912,-0.1854528,2.709542,-0.1470264,-0.2979643,2.718106,-0.2254321,0.2503232,2.678019
72057594038008658,0,0.9888443,15576.71,-0.2116802,-0.08858252,2.69304,-0.2266733,0.3721564,2.669308,-0.2610824,0.2000441,2.609559,-0.2725665,0.06271398,2.573659,-0.2066008,-0.04427728,2.548285,-0.2119661,-0.05532673,2.606102,-0.175645,0.1912389,2.607919,-0.10965,0.03861418,2.641891,-0.08528236,-0.08538067,2.628977,-0.09482269,-0.1218941,2.634182,-0.2556177,-0.08182102,2.670643,-0.2696563,-0.1843406,2.638316,-0.3078571,-0.2943887,2.614801,-0.164289,-0.08800161,2.671868,-0.1486912,-0.1854528,2.709542,-0.1470264,-0.2979643,2.718106,-0.2254321,0.2503232,2.678019
72057594038008658,0,0.9888443,15576.71,-0.2116802,-0.08858252,2.69304,-0.2266733,0.3721564,2.669308,-0.2610824,0.2000441,2.609559,-0.2725665,0.06271398,2.573659,-0.2066008,-0.04427728,2.548285,-0.2119661,-0.05532673,2.606102,-0.175645,0.1912389,2.607919,-0.10965,0.03861418,2.641891,-0.08528236,-0.08538067,2.628977,-0.09482269,-0.1218941,2.634182,-0.2556177,-0.08182102,2.670643,-0.2696563,-0.1843406,2.638316,-0.3078571,-0.2943887,2.614801,-0.164289,-0.08800161,2.671868,-0.1486912,-0.1854528,2.709542,-0.1470264,-0.2979643,2.718106,-0.2254321,0.2503232,2.678019
72057594038008658,0,0.9888443,15576.71,-0.2116802,-0.08858252,2.69304,-0.2266733,0.3721564,2.669308,-0.2610824,0.2000441,2.609559,-0.2725665,0.06271398,2.573659,-0.2066008,-0.04427728,2.548285,-0.2119661,-0.05532673,2.606102,-0.175645,0.1912389,2.607919,-0.10965,0.03861418,2.641891,-0.08528236,-0.08538067,2.628977,-0.09482269,-0.1218941,2.634182,-0.2556177,-0.08182102,2.670643,-0.2696563,-0.1843406,2.638316,-0.3078571,-0.2943887,2.614801,-0.164289,-0.08800161,2.671868,-0.1486912,-0.1854528,2.709542,-0.1470264,-0.2979643,2.718106,-0.2254321,0.2503232,2.678019
72057594038008658,0,0.9888443,15576.71,-0.2116802,-0.08858252,2.69304,-0.2266733,0.3721564,2.669308,-0.2610824,0.2000441,2.609559,-0.2725665,0.06271398,2.573659,-0.2066008,-0.04427728,2.548285,-0.2119661,-0.05532673,2.606102,-0.175645,0.1912389,2.607919,-0.10965,0.03861418,2.641891,-0.08528236,-0.08538067,2.628977,-0.09482269,-0.1218941,2.634182,-0.2556177,-0.08182102,2.670643,-0.2696563,-0.1843406,2.638316,-0.3078571,-0.2943887,2.614801,-0.164289,-0.08800161,2.671868,-0.1486912,-0.1854528,2.709542,-0.1470264,-0.2979643,2.718106,-0.2254321,0.2503232,2.678019
72057594038008658,0,0.9888443,15576.72,-0.2116802,-0.08858252,2.69304,-0.2266733,0.3721564,2.669308,-0.2610824,0.2000441,2.609559,-0.2725665,0.06271398,2.573659,-0.2066008,-0.04427728,2.548285,-0.2119661,-0.05532673,2.606102,-0.175645,0.1912389,2.607919,-0.10965,0.03861418,2.641891,-0.08528236,-0.08538067,2.628977,-0.09482269,-0.1218941,2.634182,-0.2556177,-0.08182102,2.670643,-0.2696563,-0.1843406,2.638316,-0.3078571,-0.2943887,2.614801,-0.164289,-0.08800161,2.671868,-0.1486912,-0.1854528,2.709542,-0.1470264,-0.2979643,2.718106,-0.2254321,0.2503232,2.678019
72057594038008658,0,0.9888443,15576.72,-0.2116802,-0.08858252,2.69304,-0.2266733,0.3721564,2.669308,-0.2610824,0.2000441,2.609559,-0.2725665,0.06271398,2.573659,-0.2066008,-0.04427728,2.548285,-0.2119661,-0.05532673,2.606102,-0.175645,0.1912389,2.607919,-0.10965,0.03861418,2.641891,-0.08528236,-0.08538067,2.628977,-0.09482269,-0.1218941,2.634182,-0.2556177,-0.08182102,2.670643,-0.2696563,-0.1843406,2.638316,-0.3078571,-0.2943887,2.614801,-0.164289,-0.08800161,2.671868,-0.1486912,-0.1854528,2.709542,-0.1470264,-0.2979643,2.718106,-0.2254321,0.2503232,2.678019
72057594038008658,0,0.9861661,15576.72,-0.2023154,-0.08799851,2.700933,-0.2203711,0.3734053,2.673879,-0.2581688,0.1999586,2.613274,-0.2654144,0.05889902,2.583548,-0.2013274,-0.04830211,2.553523,-0.1802016,-0.08432356,2.545912,-0.1673498,0.1924492,2.61344,-0.1068079,0.036814,2.644532,-0.08619004,-0.08761775,2.627874,-0.09573036,-0.1241311,2.633078,-0.2453624,-0.08152398,2.679307,-0.2661078,-0.1880434,2.639816,-0.3029748,-0.2933461,2.616517,-0.1560325,-0.08720228,2.678953,-0.1487229,-0.1852843,2.712257,-0.145451,-0.2980528,2.719712,-0.2182383,0.2514262,2.683622
72057594038008658,0,0.9861661,15576.73,-0.2023154,-0.08799851,2.700933,-0.2203711,0.3734053,2.673879,-0.2581688,0.1999586,2.613274,-0.2654144,0.05889902,2.583548,-0.2013274,-0.04830211,2.553523,-0.1802016,-0.08432356,2.545912,-0.1673498,0.1924492,2.61344,-0.1068079,0.036814,2.644532,-0.08619004,-0.08761775,2.627874,-0.09573036,-0.1241311,2.633078,-0.2453624,-0.08152398,2.679307,-0.2661078,-0.1880434,2.639816,-0.3029748,-0.2933461,2.616517,-0.1560325,-0.08720228,2.678953,-0.1487229,-0.1852843,2.712257,-0.145451,-0.2980528,2.719712,-0.2182383,0.2514262,2.683622
72057594038008658,0,0.9861661,15576.73,-0.2023154,-0.08799851,2.700933,-0.2203711,0.3734053,2.673879,-0.2581688,0.1999586,2.613274,-0.2654144,0.05889902,2.583548,-0.2013274,-0.04830211,2.553523,-0.1802016,-0.08432356,2.545912,-0.1673498,0.1924492,2.61344,-0.1068079,0.036814,2.644532,-0.08619004,-0.08761775,2.627874,-0.09573036,-0.1241311,2.633078,-0.2453624,-0.08152398,2.679307,-0.2661078,-0.1880434,2.639816,-0.3029748,-0.2933461,2.616517,-0.1560325,-0.08720228,2.678953,-0.1487229,-0.1852843,2.712257,-0.145451,-0.2980528,2.719712,-0.2182383,0.2514262,2.683622
72057594038008658,0,0.9861661,15576.73,-0.2023154,-0.08799851,2.700933,-0.2203711,0.3734053,2.673879,-0.2581688,0.1999586,2.613274,-0.2654144,0.05889902,2.583548,-0.2013274,-0.04830211,2.553523,-0.1802016,-0.08432356,2.545912,-0.1673498,0.1924492,2.61344,-0.1068079,0.036814,2.644532,-0.08619004,-0.08761775,2.627874,-0.09573036,-0.1241311,2.633078,-0.2453624,-0.08152398,2.679307,-0.2661078,-0.1880434,2.639816,-0.3029748,-0.2933461,2.616517,-0.1560325,-0.08720228,2.678953,-0.1487229,-0.1852843,2.712257,-0.145451,-0.2980528,2.719712,-0.2182383,0.2514262,2.683622
72057594038008658,0,0.9861661,15576.74,-0.2023154,-0.08799851,2.700933,-0.2203711,0.3734053,2.673879,-0.2581688,0.1999586,2.613274,-0.2654144,0.05889902,2.583548,-0.2013274,-0.04830211,2.553523,-0.1802016,-0.08432356,2.545912,-0.1673498,0.1924492,2.61344,-0.1068079,0.036814,2.644532,-0.08619004,-0.08761775,2.627874,-0.09573036,-0.1241311,2.633078,-0.2453624,-0.08152398,2.679307,-0.2661078,-0.1880434,2.639816,-0.3029748,-0.2933461,2.616517,-0.1560325,-0.08720228,2.678953,-0.1487229,-0.1852843,2.712257,-0.145451,-0.2980528,2.719712,-0.2182383,0.2514262,2.683622
72057594038008658,0,0.9861661,15576.75,-0.2023154,-0.08799851,2.700933,-0.2203711,0.3734053,2.673879,-0.2581688,0.1999586,2.613274,-0.2654144,0.05889902,2.583548,-0.2013274,-0.04830211,2.553523,-0.1802016,-0.08432356,2.545912,-0.1673498,0.1924492,2.61344,-0.1068079,0.036814,2.644532,-0.08619004,-0.08761775,2.627874,-0.09573036,-0.1241311,2.633078,-0.2453624,-0.08152398,2.679307,-0.2661078,-0.1880434,2.639816,-0.3029748,-0.2933461,2.616517,-0.1560325,-0.08720228,2.678953,-0.1487229,-0.1852843,2.712257,-0.145451,-0.2980528,2.719712,-0.2182383,0.2514262,2.683622
72057594038008658,0,0.9861661,15576.75,-0.2023154,-0.08799851,2.700933,-0.2203711,0.3734053,2.673879,-0.2581688,0.1999586,2.613274,-0.2654144,0.05889902,2.583548,-0.2013274,-0.04830211,2.553523,-0.1802016,-0.08432356,2.545912,-0.1673498,0.1924492,2.61344,-0.1068079,0.036814,2.644532,-0.08619004,-0.08761775,2.627874,-0.09573036,-0.1241311,2.633078,-0.2453624,-0.08152398,2.679307,-0.2661078,-0.1880434,2.639816,-0.3029748,-0.2933461,2.616517,-0.1560325,-0.08720228,2.678953,-0.1487229,-0.1852843,2.712257,-0.145451,-0.2980528,2.719712,-0.2182383,0.2514262,2.683622
72057594038008658,0,0.9861661,15576.75,-0.2023154,-0.08799851,2.700933,-0.2203711,0.3734053,2.673879,-0.2581688,0.1999586,2.613274,-0.2654144,0.05889902,2.583548,-0.2013274,-0.04830211,2.553523,-0.1802016,-0.08432356,2.545912,-0.1673498,0.1924492,2.61344,-0.1068079,0.036814,2.644532,-0.08619004,-0.08761775,2.627874,-0.09573036,-0.1241311,2.633078,-0.2453624,-0.08152398,2.679307,-0.2661078,-0.1880434,2.639816,-0.3029748,-0.2933461,2.616517,-0.1560325,-0.08720228,2.678953,-0.1487229,-0.1852843,2.712257,-0.145451,-0.2980528,2.719712,-0.2182383,0.2514262,2.683622
72057594038008658,0,0.9857315,15576.75,-0.1996243,-0.08822995,2.705921,-0.2116571,0.3727014,2.682685,-0.2511057,0.2002632,2.626365,-0.2592575,0.05817881,2.589084,-0.1976831,-0.05071473,2.560381,-0.1773891,-0.08730018,2.553211,-0.1515586,0.1962742,2.633366,-0.08953023,0.04269668,2.669473,-0.0946106,-0.07821128,2.625529,-0.1041508,-0.1147251,2.630733,-0.2429693,-0.08156815,2.683494,-0.2561437,-0.1879396,2.643979,-0.2917932,-0.2884309,2.627513,-0.1531144,-0.08765107,2.684789,-0.1492227,-0.1864786,2.715764,-0.1459751,-0.2978667,2.723554,-0.210032,0.2503357,2.692872
72057594038008658,0,0.9857315,15576.76,-0.1996243,-0.08822995,2.705921,-0.2116571,0.3727014,2.682685,-0.2511057,0.2002632,2.626365,-0.2592575,0.05817881,2.589084,-0.1976831,-0.05071473,2.560381,-0.1773891,-0.08730018,2.553211,-0.1515586,0.1962742,2.633366,-0.08953023,0.04269668,2.669473,-0.0946106,-0.07821128,2.625529,-0.1041508,-0.1147251,2.630733,-0.2429693,-0.08156815,2.683494,-0.2561437,-0.1879396,2.643979,-0.2917932,-0.2884309,2.627513,-0.1531144,-0.08765107,2.684789,-0.1492227,-0.1864786,2.715764,-0.1459751,-0.2978667,2.723554,-0.210032,0.2503357,2.692872
72057594038008658,0,0.9857315,15576.76,-0.1996243,-0.08822995,2.705921,-0.2116571,0.3727014,2.682685,-0.2511057,0.2002632,2.626365,-0.2592575,0.05817881,2.589084,-0.1976831,-0.05071473,2.560381,-0.1773891,-0.08730018,2.553211,-0.1515586,0.1962742,2.633366,-0.08953023,0.04269668,2.669473,-0.0946106,-0.07821128,2.625529,-0.1041508,-0.1147251,2.630733,-0.2429693,-0.08156815,2.683494,-0.2561437,-0.1879396,2.643979,-0.2917932,-0.2884309,2.627513,-0.1531144,-0.08765107,2.684789,-0.1492227,-0.1864786,2.715764,-0.1459751,-0.2978667,2.723554,-0.210032,0.2503357,2.692872
72057594038008658,0,0.9857315,15576.76,-0.1996243,-0.08822995,2.705921,-0.2116571,0.3727014,2.682685,-0.2511057,0.2002632,2.626365,-0.2592575,0.05817881,2.589084,-0.1976831,-0.05071473,2.560381,-0.1773891,-0.08730018,2.553211,-0.1515586,0.1962742,2.633366,-0.08953023,0.04269668,2.669473,-0.0946106,-0.07821128,2.625529,-0.1041508,-0.1147251,2.630733,-0.2429693,-0.08156815,2.683494,-0.2561437,-0.1879396,2.643979,-0.2917932,-0.2884309,2.627513,-0.1531144,-0.08765107,2.684789,-0.1492227,-0.1864786,2.715764,-0.1459751,-0.2978667,2.723554,-0.210032,0.2503357,2.692872
72057594038008658,0,0.9857315,15576.76,-0.1996243,-0.08822995,2.705921,-0.2116571,0.3727014,2.682685,-0.2511057,0.2002632,2.626365,-0.2592575,0.05817881,2.589084,-0.1976831,-0.05071473,2.560381,-0.1773891,-0.08730018,2.553211,-0.1515586,0.1962742,2.633366,-0.08953023,0.04269668,2.669473,-0.0946106,-0.07821128,2.625529,-0.1041508,-0.1147251,2.630733,-0.2429693,-0.08156815,2.683494,-0.2561437,-0.1879396,2.643979,-0.2917932,-0.2884309,2.627513,-0.1531144,-0.08765107,2.684789,-0.1492227,-0.1864786,2.715764,-0.1459751,-0.2978667,2.723554,-0.210032,0.2503357,2.692872
72057594038008658,0,0.9857315,15576.77,-0.1996243,-0.08822995,2.705921,-0.2116571,0.3727014,2.682685,-0.2511057,0.2002632,2.626365,-0.2592575,0.05817881,2.589084,-0.1976831,-0.05071473,2.560381,-0.1773891,-0.08730018,2.553211,-0.1515586,0.1962742,2.633366,-0.08953023,0.04269668,2.669473,-0.0946106,-0.07821128,2.625529,-0.1041508,-0.1147251,2.630733,-0.2429693,-0.08156815,2.683494,-0.2561437,-0.1879396,2.643979,-0.2917932,-0.2884309,2.627513,-0.1531144,-0.08765107,2.684789,-0.1492227,-0.1864786,2.715764,-0.1459751,-0.2978667,2.723554,-0.210032,0.2503357,2.692872
72057594038008658,0,0.9857315,15576.77,-0.1996243,-0.08822995,2.705921,-0.2116571,0.3727014,2.682685,-0.2511057,0.2002632,2.626365,-0.2592575,0.05817881,2.589084,-0.1976831,-0.05071473,2.560381,-0.1773891,-0.08730018,2.553211,-0.1515586,0.1962742,2.633366,-0.08953023,0.04269668,2.669473,-0.0946106,-0.07821128,2.625529,-0.1041508,-0.1147251,2.630733,-0.2429693,-0.08156815,2.683494,-0.2561437,-0.1879396,2.643979,-0.2917932,-0.2884309,2.627513,-0.1531144,-0.08765107,2.684789,-0.1492227,-0.1864786,2.715764,-0.1459751,-0.2978667,2.723554,-0.210032,0.2503357,2.692872
72057594038008658,0,0.9857315,15576.77,-0.1996243,-0.08822995,2.705921,-0.2116571,0.3727014,2.682685,-0.2511057,0.2002632,2.626365,-0.2592575,0.05817881,2.589084,-0.1976831,-0.05071473,2.560381,-0.1773891,-0.08730018,2.553211,-0.1515586,0.1962742,2.633366,-0.08953023,0.04269668,2.669473,-0.0946106,-0.07821128,2.625529,-0.1041508,-0.1147251,2.630733,-0.2429693,-0.08156815,2.683494,-0.2561437,-0.1879396,2.643979,-0.2917932,-0.2884309,2.627513,-0.1531144,-0.08765107,2.684789,-0.1492227,-0.1864786,2.715764,-0.1459751,-0.2978667,2.723554,-0.210032,0.2503357,2.692872
72057594038008658,0,0.9857315,15576.78,-0.1996243,-0.08822995,2.705921,-0.2116571,0.3727014,2.682685,-0.2511057,0.2002632,2.626365,-0.2592575,0.05817881,2.589084,-0.1976831,-0.05071473,2.560381,-0.1773891,-0.08730018,2.553211,-0.1515586,0.1962742,2.633366,-0.08953023,0.04269668,2.669473,-0.0946106,-0.07821128,2.625529,-0.1041508,-0.1147251,2.630733,-0.2429693,-0.08156815,2.683494,-0.2561437,-0.1879396,2.643979,-0.2917932,-0.2884309,2.627513,-0.1531144,-0.08765107,2.684789,-0.1492227,-0.1864786,2.715764,-0.1459751,-0.2978667,2.723554,-0.210032,0.2503357,2.692872
72057594038008658,0,0.9857315,15576.79,-0.1996243,-0.08822995,2.705921,-0.2116571,0.3727014,2.682685,-0.2511057,0.2002632,2.626365,-0.2592575,0.05817881,2.589084,-0.1976831,-0.05071473,2.560381,-0.1773891,-0.08730018,2.553211,-0.1515586,0.1962742,2.633366,-0.08953023,0.04269668,2.669473,-0.0946106,-0.07821128,2.625529,-0.1041508,-0.1147251,2.630733,-0.2429693,-0.08156815,2.683494,-0.2561437,-0.1879396,2.643979,-0.2917932,-0.2884309,2.627513,-0.1531144,-0.08765107,2.684789,-0.1492227,-0.1864786,2.715764,-0.1459751,-0.2978667,2.723554,-0.210032,0.2503357,2.692872
72057594038008658,0,0.9865546,15576.79,-0.1976306,-0.0896081,2.712135,-0.2037704,0.3728547,2.687817,-0.242144,0.2010098,2.632342,-0.2502249,0.05487967,2.602777,-0.1904648,-0.0544844,2.571679,-0.1707664,-0.09122846,2.563711,-0.1468135,0.1962914,2.638516,-0.08874537,0.03903925,2.666873,-0.09170547,-0.08455482,2.633102,-0.1012456,-0.121068,2.638307,-0.2409312,-0.08201253,2.68965,-0.2541088,-0.2097283,2.647131,-0.2912036,-0.2883486,2.627783,-0.1512027,-0.08999586,2.691113,-0.1517414,-0.1896822,2.721423,-0.1457542,-0.2976789,2.724333,-0.2050335,0.2502742,2.698051
72057594038008658,0,0.9865546,15576.79,-0.1976306,-0.0896081,2.712135,-0.2037704,0.3728547,2.687817,-0.242144,0.2010098,2.632342,-0.2502249,0.05487967,2.602777,-0.1904648,-0.0544844,2.571679,-0.1707664,-0.09122846,2.563711,-0.1468135,0.1962914,2.638516,-0.08874537,0.03903925,2.666873,-0.09170547,-0.08455482,2.633102,-0.1012456,-0.121068,2.638307,-0.2409312,-0.08201253,2.68965,-0.2541088,-0.2097283,2.647131,-0.2912036,-0.2883486,2.627783,-0.1512027,-0.08999586,2.691113,-0.1517414,-0.1896822,2.721423,-0.1457542,-0.2976789,2.724333,-0.2050335,0.2502742,2.698051
72057594038008658,0,0.9865546,15576.8,-0.1976306,-0.0896081,2.712135,-0.2037704,0.3728547,2.687817,-0.242144,0.2010098,2.632342,-0.2502249,0.05487967,2.602777,-0.1904648,-0.0544844,2.571679,-0.1707664,-0.09122846,2.563711,-0.1468135,0.1962914,2.638516,-0.08874537,0.03903925,2.666873,-0.09170547,-0.08455482,2.633102,-0.1012456,-0.121068,2.638307,-0.2409312,-0.08201253,2.68965,-0.2541088,-0.2097283,2.647131,-0.2912036,-0.2883486,2.627783,-0.1512027,-0.08999586,2.691113,-0.1517414,-0.1896822,2.721423,-0.1457542,-0.2976789,2.724333,-0.2050335,0.2502742,2.698051
72057594038008658,0,0.9865546,15576.8,-0.1976306,-0.0896081,2.712135,-0.2037704,0.3728547,2.687817,-0.242144,0.2010098,2.632342,-0.2502249,0.05487967,2.602777,-0.1904648,-0.0544844,2.571679,-0.1707664,-0.09122846,2.563711,-0.1468135,0.1962914,2.638516,-0.08874537,0.03903925,2.666873,-0.09170547,-0.08455482,2.633102,-0.1012456,-0.121068,2.638307,-0.2409312,-0.08201253,2.68965,-0.2541088,-0.2097283,2.647131,-0.2912036,-0.2883486,2.627783,-0.1512027,-0.08999586,2.691113,-0.1517414,-0.1896822,2.721423,-0.1457542,-0.2976789,2.724333,-0.2050335,0.2502742,2.698051
72057594038008658,0,0.9865546,15576.8,-0.1976306,-0.0896081,2.712135,-0.2037704,0.3728547,2.687817,-0.242144,0.2010098,2.632342,-0.2502249,0.05487967,2.602777,-0.1904648,-0.0544844,2.571679,-0.1707664,-0.09122846,2.563711,-0.1468135,0.1962914,2.638516,-0.08874537,0.03903925,2.666873,-0.09170547,-0.08455482,2.633102,-0.1012456,-0.121068,2.638307,-0.2409312,-0.08201253,2.68965,-0.2541088,-0.2097283,2.647131,-0.2912036,-0.2883486,2.627783,-0.1512027,-0.08999586,2.691113,-0.1517414,-0.1896822,2.721423,-0.1457542,-0.2976789,2.724333,-0.2050335,0.2502742,2.698051
72057594038008658,0,0.9865546,15576.81,-0.1976306,-0.0896081,2.712135,-0.2037704,0.3728547,2.687817,-0.242144,0.2010098,2.632342,-0.2502249,0.05487967,2.602777,-0.1904648,-0.0544844,2.571679,-0.1707664,-0.09122846,2.563711,-0.1468135,0.1962914,2.638516,-0.08874537,0.03903925,2.666873,-0.09170547,-0.08455482,2.633102,-0.1012456,-0.121068,2.638307,-0.2409312,-0.08201253,2.68965,-0.2541088,-0.2097283,2.647131,-0.2912036,-0.2883486,2.627783,-0.1512027,-0.08999586,2.691113,-0.1517414,-0.1896822,2.721423,-0.1457542,-0.2976789,2.724333,-0.2050335,0.2502742,2.698051
72057594038008658,0,0.9865546,15576.81,-0.1976306,-0.0896081,2.712135,-0.2037704,0.3728547,2.687817,-0.242144,0.2010098,2.632342,-0.2502249,0.05487967,2.602777,-0.1904648,-0.0544844,2.571679,-0.1707664,-0.09122846,2.563711,-0.1468135,0.1962914,2.638516,-0.08874537,0.03903925,2.666873,-0.09170547,-0.08455482,2.633102,-0.1012456,-0.121068,2.638307,-0.2409312,-0.08201253,2.68965,-0.2541088,-0.2097283,2.647131,-0.2912036,-0.2883486,2.627783,-0.1512027,-0.08999586,2.691113,-0.1517414,-0.1896822,2.721423,-0.1457542,-0.2976789,2.724333,-0.2050335,0.2502742,2.698051
72057594038008658,0,0.9865546,15576.81,-0.1976306,-0.0896081,2.712135,-0.2037704,0.3728547,2.687817,-0.242144,0.2010098,2.632342,-0.2502249,0.05487967,2.602777,-0.1904648,-0.0544844,2.571679,-0.1707664,-0.09122846,2.563711,-0.1468135,0.1962914,2.638516,-0.08874537,0.03903925,2.666873,-0.09170547,-0.08455482,2.633102,-0.1012456,-0.121068,2.638307,-0.2409312,-0.08201253,2.68965,-0.2541088,-0.2097283,2.647131,-0.2912036,-0.2883486,2.627783,-0.1512027,-0.08999586,2.691113,-0.1517414,-0.1896822,2.721423,-0.1457542,-0.2976789,2.724333,-0.2050335,0.2502742,2.698051
72057594038008658,0,0.9865546,15576.81,-0.1976306,-0.0896081,2.712135,-0.2037704,0.3728547,2.687817,-0.242144,0.2010098,2.632342,-0.2502249,0.05487967,2.602777,-0.1904648,-0.0544844,2.571679,-0.1707664,-0.09122846,2.563711,-0.1468135,0.1962914,2.638516,-0.08874537,0.03903925,2.666873,-0.09170547,-0.08455482,2.633102,-0.1012456,-0.121068,2.638307,-0.2409312,-0.08201253,2.68965,-0.2541088,-0.2097283,2.647131,-0.2912036,-0.2883486,2.627783,-0.1512027,-0.08999586,2.691113,-0.1517414,-0.1896822,2.721423,-0.1457542,-0.2976789,2.724333,-0.2050335,0.2502742,2.698051
72057594038008658,0,0.9865546,15576.82,-0.1976306,-0.0896081,2.712135,-0.2037704,0.3728547,2.687817,-0.242144,0.2010098,2.632342,-0.2502249,0.05487967,2.602777,-0.1904648,-0.0544844,2.571679,-0.1707664,-0.09122846,2.563711,-0.1468135,0.1962914,2.638516,-0.08874537,0.03903925,2.666873,-0.09170547,-0.08455482,2.633102,-0.1012456,-0.121068,2.638307,-0.2409312,-0.08201253,2.68965,-0.2541088,-0.2097283,2.647131,-0.2912036,-0.2883486,2.627783,-0.1512027,-0.08999586,2.691113,-0.1517414,-0.1896822,2.721423,-0.1457542,-0.2976789,2.724333,-0.2050335,0.2502742,2.698051
72057594038008658,0,0.9869246,15576.83,-0.1922312,-0.09113428,2.720424,-0.1991726,0.3727328,2.693868,-0.2334377,0.2018591,2.638194,-0.2454491,0.05450654,2.604083,-0.188653,-0.05650303,2.573521,-0.1699384,-0.09379575,2.565732,-0.1415367,0.1958671,2.644227,-0.08928589,0.03496343,2.665179,-0.09115471,-0.09082121,2.645428,-0.1006946,-0.1273334,2.650633,-0.2353986,-0.08334184,2.696718,-0.2502934,-0.2011537,2.651424,-0.2900173,-0.2892682,2.627466,-0.1460979,-0.091692,2.700644,-0.1533494,-0.1932853,2.726111,-0.1454747,-0.2976978,2.724632,-0.1984259,0.2505579,2.703344
72057594038008658,0,0.9869246,15576.83,-0.1922312,-0.09113428,2.720424,-0.1991726,0.3727328,2.693868,-0.2334377,0.2018591,2.638194,-0.2454491,0.05450654,2.604083,-0.188653,-0.05650303,2.573521,-0.1699384,-0.09379575,2.565732,-0.1415367,0.1958671,2.644227,-0.08928589,0.03496343,2.665179,-0.09115471,-0.09082121,2.645428,-0.1006946,-0.1273334,2.650633,-0.2353986,-0.08334184,2.696718,-0.2502934,-0.2011537,2.651424,-0.2900173,-0.2892682,2.627466,-0.1460979,-0.091692,2.700644,-0.1533494,-0.1932853,2.726111,-0.1454747,-0.2976978,2.724632,-0.1984259,0.2505579,2.703344
72057594038008658,0,0.9869246,15576.84,-0.1922312,-0.09113428,2.720424,-0.1991726,0.3727328,2.693868,-0.2334377,0.2018591,2.638194,-0.2454491,0.05450654,2.604083,-0.188653,-0.05650303,2.573521,-0.1699384,-0.09379575,2.565732,-0.1415367,0.1958671,2.644227,-0.08928589,0.03496343,2.665179,-0.09115471,-0.09082121,2.645428,-0.1006946,-0.1273334,2.650633,-0.2353986,-0.08334184,2.696718,-0.2502934,-0.2011537,2.651424,-0.2900173,-0.2892682,2.627466,-0.1460979,-0.091692,2.700644,-0.1533494,-0.1932853,2.726111,-0.1454747,-0.2976978,2.724632,-0.1984259,0.2505579,2.703344
72057594038008658,0,0.9869246,15576.84,-0.1922312,-0.09113428,2.720424,-0.1991726,0.3727328,2.693868,-0.2334377,0.2018591,2.638194,-0.2454491,0.05450654,2.604083,-0.188653,-0.05650303,2.573521,-0.1699384,-0.09379575,2.565732,-0.1415367,0.1958671,2.644227,-0.08928589,0.03496343,2.665179,-0.09115471,-0.09082121,2.645428,-0.1006946,-0.1273334,2.650633,-0.2353986,-0.08334184,2.696718,-0.2502934,-0.2011537,2.651424,-0.2900173,-0.2892682,2.627466,-0.1460979,-0.091692,2.700644,-0.1533494,-0.1932853,2.726111,-0.1454747,-0.2976978,2.724632,-0.1984259,0.2505579,2.703344
72057594038008658,0,0.9869246,15576.84,-0.1922312,-0.09113428,2.720424,-0.1991726,0.3727328,2.693868,-0.2334377,0.2018591,2.638194,-0.2454491,0.05450654,2.604083,-0.188653,-0.05650303,2.573521,-0.1699384,-0.09379575,2.565732,-0.1415367,0.1958671,2.644227,-0.08928589,0.03496343,2.665179,-0.09115471,-0.09082121,2.645428,-0.1006946,-0.1273334,2.650633,-0.2353986,-0.08334184,2.696718,-0.2502934,-0.2011537,2.651424,-0.2900173,-0.2892682,2.627466,-0.1460979,-0.091692,2.700644,-0.1533494,-0.1932853,2.726111,-0.1454747,-0.2976978,2.724632,-0.1984259,0.2505579,2.703344
72057594038008658,0,0.9869246,15576.84,-0.1922312,-0.09113428,2.720424,-0.1991726,0.3727328,2.693868,-0.2334377,0.2018591,2.638194,-0.2454491,0.05450654,2.604083,-0.188653,-0.05650303,2.573521,-0.1699384,-0.09379575,2.565732,-0.1415367,0.1958671,2.644227,-0.08928589,0.03496343,2.665179,-0.09115471,-0.09082121,2.645428,-0.1006946,-0.1273334,2.650633,-0.2353986,-0.08334184,2.696718,-0.2502934,-0.2011537,2.651424,-0.2900173,-0.2892682,2.627466,-0.1460979,-0.091692,2.700644,-0.1533494,-0.1932853,2.726111,-0.1454747,-0.2976978,2.724632,-0.1984259,0.2505579,2.703344
72057594038008658,0,0.9869246,15576.85,-0.1922312,-0.09113428,2.720424,-0.1991726,0.3727328,2.693868,-0.2334377,0.2018591,2.638194,-0.2454491,0.05450654,2.604083,-0.188653,-0.05650303,2.573521,-0.1699384,-0.09379575,2.565732,-0.1415367,0.1958671,2.644227,-0.08928589,0.03496343,2.665179,-0.09115471,-0.09082121,2.645428,-0.1006946,-0.1273334,2.650633,-0.2353986,-0.08334184,2.696718,-0.2502934,-0.2011537,2.651424,-0.2900173,-0.2892682,2.627466,-0.1460979,-0.091692,2.700644,-0.1533494,-0.1932853,2.726111,-0.1454747,-0.2976978,2.724632,-0.1984259,0.2505579,2.703344
72057594038008658,0,0.9869246,15576.85,-0.1922312,-0.09113428,2.720424,-0.1991726,0.3727328,2.693868,-0.2334377,0.2018591,2.638194,-0.2454491,0.05450654,2.604083,-0.188653,-0.05650303,2.573521,-0.1699384,-0.09379575,2.565732,-0.1415367,0.1958671,2.644227,-0.08928589,0.03496343,2.665179,-0.09115471,-0.09082121,2.645428,-0.1006946,-0.1273334,2.650633,-0.2353986,-0.08334184,2.696718,-0.2502934,-0.2011537,2.651424,-0.2900173,-0.2892682,2.627466,-0.1460979,-0.091692,2.700644,-0.1533494,-0.1932853,2.726111,-0.1454747,-0.2976978,2.724632,-0.1984259,0.2505579,2.703344
72057594038008658,0,0.9882212,15576.85,-0.1921275,-0.09250396,2.722855,-0.1918313,0.3720576,2.699142,-0.2338807,0.2016473,2.636924,-0.2379986,0.0633747,2.604057,-0.1912069,-0.05330455,2.580334,-0.2089918,-0.07562307,2.632092,-0.1399078,0.1956366,2.645403,-0.08681711,0.03488895,2.665761,-0.08334831,-0.09145558,2.660497,-0.09288817,-0.1279669,2.665702,-0.2353792,-0.08430526,2.699894,-0.2497979,-0.1982768,2.653943,-0.2889629,-0.2892559,2.627825,-0.1459199,-0.09342855,2.702466,-0.1528237,-0.192569,2.727826,-0.1472753,-0.2971833,2.728295,-0.1939097,0.250378,2.707897
72057594038008658,0,0.9882212,15576.86,-0.1921275,-0.09250396,2.722855,-0.1918313,0.3720576,2.699142,-0.2338807,0.2016473,2.636924,-0.2379986,0.0633747,2.604057,-0.1912069,-0.05330455,2.580334,-0.2089918,-0.07562307,2.632092,-0.1399078,0.1956366,2.645403,-0.08681711,0.03488895,2.665761,-0.08334831,-0.09145558,2.660497,-0.09288817,-0.1279669,2.665702,-0.2353792,-0.08430526,2.699894,-0.2497979,-0.1982768,2.653943,-0.2889629,-0.2892559,2.627825,-0.1459199,-0.09342855,2.702466,-0.1528237,-0.192569,2.727826,-0.1472753,-0.2971833,2.728295,-0.1939097,0.250378,2.707897
72057594038008658,0,0.9882212,15576.86,-0.1921275,-0.09250396,2.722855,-0.1918313,0.3720576,2.699142,-0.2338807,0.2016473,2.636924,-0.2379986,0.0633747,2.604057,-0.1912069,-0.05330455,2.580334,-0.2089918,-0.07562307,2.632092,-0.1399078,0.1956366,2.645403,-0.08681711,0.03488895,2.665761,-0.08334831,-0.09145558,2.660497,-0.09288817,-0.1279669,2.665702,-0.2353792,-0.08430526,2.699894,-0.2497979,-0.1982768,2.653943,-0.2889629,-0.2892559,2.627825,-0.1459199,-0.09342855,2.702466,-0.1528237,-0.192569,2.727826,-0.1472753,-0.2971833,2.728295,-0.1939097,0.250378,2.707897
72057594038008658,0,0.9882212,15576.86,-0.1921275,-0.09250396,2.722855,-0.1918313,0.3720576,2.699142,-0.2338807,0.2016473,2.636924,-0.2379986,0.0633747,2.604057,-0.1912069,-0.05330455,2.580334,-0.2089918,-0.07562307,2.632092,-0.1399078,0.1956366,2.645403,-0.08681711,0.03488895,2.665761,-0.08334831,-0.09145558,2.660497,-0.09288817,-0.1279669,2.665702,-0.2353792,-0.08430526,2.699894,-0.2497979,-0.1982768,2.653943,-0.2889629,-0.2892559,2.627825,-0.1459199,-0.09342855,2.702466,-0.1528237,-0.192569,2.727826,-0.1472753,-0.2971833,2.728295,-0.1939097,0.250378,2.707897
72057594038008658,0,0.9882212,15576.88,-0.1921275,-0.09250396,2.722855,-0.1918313,0.3720576,2.699142,-0.2338807,0.2016473,2.636924,-0.2379986,0.0633747,2.604057,-0.1912069,-0.05330455,2.580334,-0.2089918,-0.07562307,2.632092,-0.1399078,0.1956366,2.645403,-0.08681711,0.03488895,2.665761,-0.08334831,-0.09145558,2.660497,-0.09288817,-0.1279669,2.665702,-0.2353792,-0.08430526,2.699894,-0.2497979,-0.1982768,2.653943,-0.2889629,-0.2892559,2.627825,-0.1459199,-0.09342855,2.702466,-0.1528237,-0.192569,2.727826,-0.1472753,-0.2971833,2.728295,-0.1939097,0.250378,2.707897
72057594038008658,0,0.9882212,15576.88,-0.1921275,-0.09250396,2.722855,-0.1918313,0.3720576,2.699142,-0.2338807,0.2016473,2.636924,-0.2379986,0.0633747,2.604057,-0.1912069,-0.05330455,2.580334,-0.2089918,-0.07562307,2.632092,-0.1399078,0.1956366,2.645403,-0.08681711,0.03488895,2.665761,-0.08334831,-0.09145558,2.660497,-0.09288817,-0.1279669,2.665702,-0.2353792,-0.08430526,2.699894,-0.2497979,-0.1982768,2.653943,-0.2889629,-0.2892559,2.627825,-0.1459199,-0.09342855,2.702466,-0.1528237,-0.192569,2.727826,-0.1472753,-0.2971833,2.728295,-0.1939097,0.250378,2.707897
72057594038008658,0,0.9882212,15576.88,-0.1921275,-0.09250396,2.722855,-0.1918313,0.3720576,2.699142,-0.2338807,0.2016473,2.636924,-0.2379986,0.0633747,2.604057,-0.1912069,-0.05330455,2.580334,-0.2089918,-0.07562307,2.632092,-0.1399078,0.1956366,2.645403,-0.08681711,0.03488895,2.665761,-0.08334831,-0.09145558,2.660497,-0.09288817,-0.1279669,2.665702,-0.2353792,-0.08430526,2.699894,-0.2497979,-0.1982768,2.653943,-0.2889629,-0.2892559,2.627825,-0.1459199,-0.09342855,2.702466,-0.1528237,-0.192569,2.727826,-0.1472753,-0.2971833,2.728295,-0.1939097,0.250378,2.707897
72057594038008658,0,0.9893074,15576.89,-0.1918869,-0.09368235,2.725705,-0.1844987,0.3728771,2.705801,-0.2321911,0.2016029,2.637656,-0.2371579,0.06524301,2.605592,-0.1889602,-0.05085176,2.581683,-0.1731047,-0.08982933,2.576113,-0.1392468,0.1958736,2.64646,-0.08613071,0.03510663,2.666677,-0.0822688,-0.09105489,2.66619,-0.09180861,-0.1275659,2.671395,-0.2352853,-0.08522993,2.703413,-0.2490648,-0.1973479,2.654719,-0.2879945,-0.2880903,2.629508,-0.1455606,-0.0947918,2.704655,-0.1278542,-0.3193141,2.718956,-0.2365764,-0.2026981,2.805791,-0.1940478,0.2504348,2.707951
72057594038008658,0,0.9893074,15576.89,-0.1918869,-0.09368235,2.725705,-0.1844987,0.3728771,2.705801,-0.2321911,0.2016029,2.637656,-0.2371579,0.06524301,2.605592,-0.1889602,-0.05085176,2.581683,-0.1731047,-0.08982933,2.576113,-0.1392468,0.1958736,2.64646,-0.08613071,0.03510663,2.666677,-0.0822688,-0.09105489,2.66619,-0.09180861,-0.1275659,2.671395,-0.2352853,-0.08522993,2.703413,-0.2490648,-0.1973479,2.654719,-0.2879945,-0.2880903,2.629508,-0.1455606,-0.0947918,2.704655,-0.1278542,-0.3193141,2.718956,-0.2365764,-0.2026981,2.805791,-0.1940478,0.2504348,2.707951
72057594038008658,0,0.9893074,15576.89,-0.1918869,-0.09368235,2.725705,-0.1844987,0.3728771,2.705801,-0.2321911,0.2016029,2.637656,-0.2371579,0.06524301,2.605592,-0.1889602,-0.05085176,2.581683,-0.1731047,-0.08982933,2.576113,-0.1392468,0.1958736,2.64646,-0.08613071,0.03510663,2.666677,-0.0822688,-0.09105489,2.66619,-0.09180861,-0.1275659,2.671395,-0.2352853,-0.08522993,2.703413,-0.2490648,-0.1973479,2.654719,-0.2879945,-0.2880903,2.629508,-0.1455606,-0.0947918,2.704655,-0.1278542,-0.3193141,2.718956,-0.2365764,-0.2026981,2.805791,-0.1940478,0.2504348,2.707951
72057594038008658,0,0.9893074,15576.9,-0.1918869,-0.09368235,2.725705,-0.1844987,0.3728771,2.705801,-0.2321911,0.2016029,2.637656,-0.2371579,0.06524301,2.605592,-0.1889602,-0.05085176,2.581683,-0.1731047,-0.08982933,2.576113,-0.1392468,0.1958736,2.64646,-0.08613071,0.03510663,2.666677,-0.0822688,-0.09105489,2.66619,-0.09180861,-0.1275659,2.671395,-0.2352853,-0.08522993,2.703413,-0.2490648,-0.1973479,2.654719,-0.2879945,-0.2880903,2.629508,-0.1455606,-0.0947918,2.704655,-0.1278542,-0.3193141,2.718956,-0.2365764,-0.2026981,2.805791,-0.1940478,0.2504348,2.707951
72057594038008658,0,0.9893074,15576.9,-0.1918869,-0.09368235,2.725705,-0.1844987,0.3728771,2.705801,-0.2321911,0.2016029,2.637656,-0.2371579,0.06524301,2.605592,-0.1889602,-0.05085176,2.581683,-0.1731047,-0.08982933,2.576113,-0.1392468,0.1958736,2.64646,-0.08613071,0.03510663,2.666677,-0.0822688,-0.09105489,2.66619,-0.09180861,-0.1275659,2.671395,-0.2352853,-0.08522993,2.703413,-0.2490648,-0.1973479,2.654719,-0.2879945,-0.2880903,2.629508,-0.1455606,-0.0947918,2.704655,-0.1278542,-0.3193141,2.718956,-0.2365764,-0.2026981,2.805791,-0.1940478,0.2504348,2.707951
72057594038008658,0,0.9893074,15576.9,-0.1918869,-0.09368235,2.725705,-0.1844987,0.3728771,2.705801,-0.2321911,0.2016029,2.637656,-0.2371579,0.06524301,2.605592,-0.1889602,-0.05085176,2.581683,-0.1731047,-0.08982933,2.576113,-0.1392468,0.1958736,2.64646,-0.08613071,0.03510663,2.666677,-0.0822688,-0.09105489,2.66619,-0.09180861,-0.1275659,2.671395,-0.2352853,-0.08522993,2.703413,-0.2490648,-0.1973479,2.654719,-0.2879945,-0.2880903,2.629508,-0.1455606,-0.0947918,2.704655,-0.1278542,-0.3193141,2.718956,-0.2365764,-0.2026981,2.805791,-0.1940478,0.2504348,2.707951
72057594038008658,0,0.9893074,15576.91,-0.1918869,-0.09368235,2.725705,-0.1844987,0.3728771,2.705801,-0.2321911,0.2016029,2.637656,-0.2371579,0.06524301,2.605592,-0.1889602,-0.05085176,2.581683,-0.1731047,-0.08982933,2.576113,-0.1392468,0.1958736,2.64646,-0.08613071,0.03510663,2.666677,-0.0822688,-0.09105489,2.66619,-0.09180861,-0.1275659,2.671395,-0.2352853,-0.08522993,2.703413,-0.2490648,-0.1973479,2.654719,-0.2879945,-0.2880903,2.629508,-0.1455606,-0.0947918,2.704655,-0.1278542,-0.3193141,2.718956,-0.2365764,-0.2026981,2.805791,-0.1940478,0.2504348,2.707951
72057594038008658,0,0.9893074,15576.91,-0.1918869,-0.09368235,2.725705,-0.1844987,0.3728771,2.705801,-0.2321911,0.2016029,2.637656,-0.2371579,0.06524301,2.605592,-0.1889602,-0.05085176,2.581683,-0.1731047,-0.08982933,2.576113,-0.1392468,0.1958736,2.64646,-0.08613071,0.03510663,2.666677,-0.0822688,-0.09105489,2.66619,-0.09180861,-0.1275659,2.671395,-0.2352853,-0.08522993,2.703413,-0.2490648,-0.1973479,2.654719,-0.2879945,-0.2880903,2.629508,-0.1455606,-0.0947918,2.704655,-0.1278542,-0.3193141,2.718956,-0.2365764,-0.2026981,2.805791,-0.1940478,0.2504348,2.707951
72057594038008658,0,0.9893074,15576.91,-0.1918869,-0.09368235,2.725705,-0.1844987,0.3728771,2.705801,-0.2321911,0.2016029,2.637656,-0.2371579,0.06524301,2.605592,-0.1889602,-0.05085176,2.581683,-0.1731047,-0.08982933,2.576113,-0.1392468,0.1958736,2.64646,-0.08613071,0.03510663,2.666677,-0.0822688,-0.09105489,2.66619,-0.09180861,-0.1275659,2.671395,-0.2352853,-0.08522993,2.703413,-0.2490648,-0.1973479,2.654719,-0.2879945,-0.2880903,2.629508,-0.1455606,-0.0947918,2.704655,-0.1278542,-0.3193141,2.718956,-0.2365764,-0.2026981,2.805791,-0.1940478,0.2504348,2.707951
72057594038008658,0,0.9893074,15576.92,-0.1918869,-0.09368235,2.725705,-0.1844987,0.3728771,2.705801,-0.2321911,0.2016029,2.637656,-0.2371579,0.06524301,2.605592,-0.1889602,-0.05085176,2.581683,-0.1731047,-0.08982933,2.576113,-0.1392468,0.1958736,2.64646,-0.08613071,0.03510663,2.666677,-0.0822688,-0.09105489,2.66619,-0.09180861,-0.1275659,2.671395,-0.2352853,-0.08522993,2.703413,-0.2490648,-0.1973479,2.654719,-0.2879945,-0.2880903,2.629508,-0.1455606,-0.0947918,2.704655,-0.1278542,-0.3193141,2.718956,-0.2365764,-0.2026981,2.805791,-0.1940478,0.2504348,2.707951
72057594038008658,0,0.9907162,15576.92,-0.1880485,-0.09582403,2.729663,-0.181788,0.372887,2.709252,-0.2085899,0.1993388,2.647245,-0.2338413,0.06336626,2.60629,-0.1872714,-0.05362609,2.581729,-0.2033564,-0.07664436,2.632841,-0.1287141,0.1985862,2.656427,-0.08482271,0.03346577,2.66969,-0.08218618,-0.09269544,2.67388,-0.09979926,-0.1620128,2.713427,-0.231471,-0.08702549,2.707063,-0.2485896,-0.1968678,2.655015,-0.2878164,-0.2877258,2.630042,-0.1417724,-0.09724626,2.708698,-0.1279229,-0.3193072,2.718929,-0.2346723,-0.2018945,2.807933,-0.1863818,0.2518011,2.717526
72057594038008658,0,0.9907162,15576.93,-0.1880485,-0.09582403,2.729663,-0.181788,0.372887,2.709252,-0.2085899,0.1993388,2.647245,-0.2338413,0.06336626,2.60629,-0.1872714,-0.05362609,2.581729,-0.2033564,-0.07664436,2.632841,-0.1287141,0.1985862,2.656427,-0.08482271,0.03346577,2.66969,-0.08218618,-0.09269544,2.67388,-0.09979926,-0.1620128,2.713427,-0.231471,-0.08702549,2.707063,-0.2485896,-0.1968678,2.655015,-0.2878164,-0.2877258,2.630042,-0.1417724,-0.09724626,2.708698,-0.1279229,-0.3193072,2.718929,-0.2346723,-0.2018945,2.807933,-0.1863818,0.2518011,2.717526
72057594038008658,0,0.9907162,15576.93,-0.1880485,-0.09582403,2.729663,-0.181788,0.372887,2.709252,-0.2085899,0.1993388,2.647245,-0.2338413,0.06336626,2.60629,-0.1872714,-0.05362609,2.581729,-0.2033564,-0.07664436,2.632841,-0.1287141,0.1985862,2.656427,-0.08482271,0.03346577,2.66969,-0.08218618,-0.09269544,2.67388,-0.09979926,-0.1620128,2.713427,-0.231471,-0.08702549,2.707063,-0.2485896,-0.1968678,2.655015,-0.2878164,-0.2877258,2.630042,-0.1417724,-0.09724626,2.708698,-0.1279229,-0.3193072,2.718929,-0.2346723,-0.2018945,2.807933,-0.1863818,0.2518011,2.717526
72057594038008658,0,0.9907162,15576.93,-0.1880485,-0.09582403,2.729663,-0.181788,0.372887,2.709252,-0.2085899,0.1993388,2.647245,-0.2338413,0.06336626,2.60629,-0.1872714,-0.05362609,2.581729,-0.2033564,-0.07664436,2.632841,-0.1287141,0.1985862,2.656427,-0.08482271,0.03346577,2.66969,-0.08218618,-0.09269544,2.67388,-0.09979926,-0.1620128,2.713427,-0.231471,-0.08702549,2.707063,-0.2485896,-0.1968678,2.655015,-0.2878164,-0.2877258,2.630042,-0.1417724,-0.09724626,2.708698,-0.1279229,-0.3193072,2.718929,-0.2346723,-0.2018945,2.807933,-0.1863818,0.2518011,2.717526
72057594038008658,0,0.9907162,15576.94,-0.1880485,-0.09582403,2.729663,-0.181788,0.372887,2.709252,-0.2085899,0.1993388,2.647245,-0.2338413,0.06336626,2.60629,-0.1872714,-0.05362609,2.581729,-0.2033564,-0.07664436,2.632841,-0.1287141,0.1985862,2.656427,-0.08482271,0.03346577,2.66969,-0.08218618,-0.09269544,2.67388,-0.09979926,-0.1620128,2.713427,-0.231471,-0.08702549,2.707063,-0.2485896,-0.1968678,2.655015,-0.2878164,-0.2877258,2.630042,-0.1417724,-0.09724626,2.708698,-0.1279229,-0.3193072,2.718929,-0.2346723,-0.2018945,2.807933,-0.1863818,0.2518011,2.717526
72057594038008658,0,0.9907162,15576.94,-0.1880485,-0.09582403,2.729663,-0.181788,0.372887,2.709252,-0.2085899,0.1993388,2.647245,-0.2338413,0.06336626,2.60629,-0.1872714,-0.05362609,2.581729,-0.2033564,-0.07664436,2.632841,-0.1287141,0.1985862,2.656427,-0.08482271,0.03346577,2.66969,-0.08218618,-0.09269544,2.67388,-0.09979926,-0.1620128,2.713427,-0.231471,-0.08702549,2.707063,-0.2485896,-0.1968678,2.655015,-0.2878164,-0.2877258,2.630042,-0.1417724,-0.09724626,2.708698,-0.1279229,-0.3193072,2.718929,-0.2346723,-0.2018945,2.807933,-0.1863818,0.2518011,2.717526
72057594038008658,0,0.9907162,15576.94,-0.1880485,-0.09582403,2.729663,-0.181788,0.372887,2.709252,-0.2085899,0.1993388,2.647245,-0.2338413,0.06336626,2.60629,-0.1872714,-0.05362609,2.581729,-0.2033564,-0.07664436,2.632841,-0.1287141,0.1985862,2.656427,-0.08482271,0.03346577,2.66969,-0.08218618,-0.09269544,2.67388,-0.09979926,-0.1620128,2.713427,-0.231471,-0.08702549,2.707063,-0.2485896,-0.1968678,2.655015,-0.2878164,-0.2877258,2.630042,-0.1417724,-0.09724626,2.708698,-0.1279229,-0.3193072,2.718929,-0.2346723,-0.2018945,2.807933,-0.1863818,0.2518011,2.717526
72057594038008658,0,0.9907162,15576.95,-0.1880485,-0.09582403,2.729663,-0.181788,0.372887,2.709252,-0.2085899,0.1993388,2.647245,-0.2338413,0.06336626,2.60629,-0.1872714,-0.05362609,2.581729,-0.2033564,-0.07664436,2.632841,-0.1287141,0.1985862,2.656427,-0.08482271,0.03346577,2.66969,-0.08218618,-0.09269544,2.67388,-0.09979926,-0.1620128,2.713427,-0.231471,-0.08702549,2.707063,-0.2485896,-0.1968678,2.655015,-0.2878164,-0.2877258,2.630042,-0.1417724,-0.09724626,2.708698,-0.1279229,-0.3193072,2.718929,-0.2346723,-0.2018945,2.807933,-0.1863818,0.2518011,2.717526
72057594038008658,0,0.9907162,15576.95,-0.1880485,-0.09582403,2.729663,-0.181788,0.372887,2.709252,-0.2085899,0.1993388,2.647245,-0.2338413,0.06336626,2.60629,-0.1872714,-0.05362609,2.581729,-0.2033564,-0.07664436,2.632841,-0.1287141,0.1985862,2.656427,-0.08482271,0.03346577,2.66969,-0.08218618,-0.09269544,2.67388,-0.09979926,-0.1620128,2.713427,-0.231471,-0.08702549,2.707063,-0.2485896,-0.1968678,2.655015,-0.2878164,-0.2877258,2.630042,-0.1417724,-0.09724626,2.708698,-0.1279229,-0.3193072,2.718929,-0.2346723,-0.2018945,2.807933,-0.1863818,0.2518011,2.717526
72057594038008658,0,0.9907162,15576.95,-0.1880485,-0.09582403,2.729663,-0.181788,0.372887,2.709252,-0.2085899,0.1993388,2.647245,-0.2338413,0.06336626,2.60629,-0.1872714,-0.05362609,2.581729,-0.2033564,-0.07664436,2.632841,-0.1287141,0.1985862,2.656427,-0.08482271,0.03346577,2.66969,-0.08218618,-0.09269544,2.67388,-0.09979926,-0.1620128,2.713427,-0.231471,-0.08702549,2.707063,-0.2485896,-0.1968678,2.655015,-0.2878164,-0.2877258,2.630042,-0.1417724,-0.09724626,2.708698,-0.1279229,-0.3193072,2.718929,-0.2346723,-0.2018945,2.807933,-0.1863818,0.2518011,2.717526
72057594038008658,0,0.9910506,15576.96,-0.1874631,-0.09627101,2.730706,-0.1784217,0.3719649,2.713681,-0.2075831,0.1999796,2.648849,-0.2327555,0.06317288,2.608751,-0.1858923,-0.05362466,2.582185,-0.1920978,-0.06441987,2.639175,-0.1290103,0.1981554,2.656253,-0.08268874,0.03326848,2.668693,-0.08148501,-0.09294957,2.674628,-0.08966604,-0.1268094,2.715827,-0.2309612,-0.08720353,2.7083,-0.2463126,-0.1967053,2.657531,-0.2878174,-0.2877179,2.630089,-0.1410598,-0.09797317,2.709489,-0.1290513,-0.3187901,2.720073,-0.2317465,-0.1965148,2.808213,-0.1826889,0.25211,2.721222
72057594038008658,0,0.9910506,15576.97,-0.1874631,-0.09627101,2.730706,-0.1784217,0.3719649,2.713681,-0.2075831,0.1999796,2.648849,-0.2327555,0.06317288,2.608751,-0.1858923,-0.05362466,2.582185,-0.1920978,-0.06441987,2.639175,-0.1290103,0.1981554,2.656253,-0.08268874,0.03326848,2.668693,-0.08148501,-0.09294957,2.674628,-0.08966604,-0.1268094,2.715827,-0.2309612,-0.08720353,2.7083,-0.2463126,-0.1967053,2.657531,-0.2878174,-0.2877179,2.630089,-0.1410598,-0.09797317,2.709489,-0.1290513,-0.3187901,2.720073,-0.2317465,-0.1965148,2.808213,-0.1826889,0.25211,2.721222
72057594038008658,0,0.9910506,15576.97,-0.1874631,-0.09627101,2.730706,-0.1784217,0.3719649,2.713681,-0.2075831,0.1999796,2.648849,-0.2327555,0.06317288,2.608751,-0.1858923,-0.05362466,2.582185,-0.1920978,-0.06441987,2.639175,-0.1290103,0.1981554,2.656253,-0.08268874,0.03326848,2.668693,-0.08148501,-0.09294957,2.674628,-0.08966604,-0.1268094,2.715827,-0.2309612,-0.08720353,2.7083,-0.2463126,-0.1967053,2.657531,-0.2878174,-0.2877179,2.630089,-0.1410598,-0.09797317,2.709489,-0.1290513,-0.3187901,2.720073,-0.2317465,-0.1965148,2.808213,-0.1826889,0.25211,2.721222
72057594038008658,0,0.9910506,15576.98,-0.1874631,-0.09627101,2.730706,-0.1784217,0.3719649,2.713681,-0.2075831,0.1999796,2.648849,-0.2327555,0.06317288,2.608751,-0.1858923,-0.05362466,2.582185,-0.1920978,-0.06441987,2.639175,-0.1290103,0.1981554,2.656253,-0.08268874,0.03326848,2.668693,-0.08148501,-0.09294957,2.674628,-0.08966604,-0.1268094,2.715827,-0.2309612,-0.08720353,2.7083,-0.2463126,-0.1967053,2.657531,-0.2878174,-0.2877179,2.630089,-0.1410598,-0.09797317,2.709489,-0.1290513,-0.3187901,2.720073,-0.2317465,-0.1965148,2.808213,-0.1826889,0.25211,2.721222
72057594038008658,0,0.9910506,15576.98,-0.1874631,-0.09627101,2.730706,-0.1784217,0.3719649,2.713681,-0.2075831,0.1999796,2.648849,-0.2327555,0.06317288,2.608751,-0.1858923,-0.05362466,2.582185,-0.1920978,-0.06441987,2.639175,-0.1290103,0.1981554,2.656253,-0.08268874,0.03326848,2.668693,-0.08148501,-0.09294957,2.674628,-0.08966604,-0.1268094,2.715827,-0.2309612,-0.08720353,2.7083,-0.2463126,-0.1967053,2.657531,-0.2878174,-0.2877179,2.630089,-0.1410598,-0.09797317,2.709489,-0.1290513,-0.3187901,2.720073,-0.2317465,-0.1965148,2.808213,-0.1826889,0.25211,2.721222
72057594038008658,0,0.9910506,15576.98,-0.1874631,-0.09627101,2.730706,-0.1784217,0.3719649,2.713681,-0.2075831,0.1999796,2.648849,-0.2327555,0.06317288,2.608751,-0.1858923,-0.05362466,2.582185,-0.1920978,-0.06441987,2.639175,-0.1290103,0.1981554,2.656253,-0.08268874,0.03326848,2.668693,-0.08148501,-0.09294957,2.674628,-0.08966604,-0.1268094,2.715827,-0.2309612,-0.08720353,2.7083,-0.2463126,-0.1967053,2.657531,-0.2878174,-0.2877179,2.630089,-0.1410598,-0.09797317,2.709489,-0.1290513,-0.3187901,2.720073,-0.2317465,-0.1965148,2.808213,-0.1826889,0.25211,2.721222
72057594038008658,0,0.9910506,15576.98,-0.1874631,-0.09627101,2.730706,-0.1784217,0.3719649,2.713681,-0.2075831,0.1999796,2.648849,-0.2327555,0.06317288,2.608751,-0.1858923,-0.05362466,2.582185,-0.1920978,-0.06441987,2.639175,-0.1290103,0.1981554,2.656253,-0.08268874,0.03326848,2.668693,-0.08148501,-0.09294957,2.674628,-0.08966604,-0.1268094,2.715827,-0.2309612,-0.08720353,2.7083,-0.2463126,-0.1967053,2.657531,-0.2878174,-0.2877179,2.630089,-0.1410598,-0.09797317,2.709489,-0.1290513,-0.3187901,2.720073,-0.2317465,-0.1965148,2.808213,-0.1826889,0.25211,2.721222
72057594038008658,0,0.9910506,15576.99,-0.1874631,-0.09627101,2.730706,-0.1784217,0.3719649,2.713681,-0.2075831,0.1999796,2.648849,-0.2327555,0.06317288,2.608751,-0.1858923,-0.05362466,2.582185,-0.1920978,-0.06441987,2.639175,-0.1290103,0.1981554,2.656253,-0.08268874,0.03326848,2.668693,-0.08148501,-0.09294957,2.674628,-0.08966604,-0.1268094,2.715827,-0.2309612,-0.08720353,2.7083,-0.2463126,-0.1967053,2.657531,-0.2878174,-0.2877179,2.630089,-0.1410598,-0.09797317,2.709489,-0.1290513,-0.3187901,2.720073,-0.2317465,-0.1965148,2.808213,-0.1826889,0.25211,2.721222
72057594038008658,0,0.9914448,15576.99,-0.186799,-0.09678975,2.731423,-0.1743613,0.3716823,2.717118,-0.2104214,0.2002935,2.647336,-0.2306749,0.05774689,2.612458,-0.1842308,-0.05792141,2.579302,-0.1689541,-0.09676495,2.570662,-0.127859,0.1962669,2.655812,-0.08757772,0.03069934,2.673653,-0.07935612,-0.09592786,2.669762,-0.0766921,-0.1384389,2.670884,-0.2302924,-0.08756867,2.709408,-0.2462498,-0.1965996,2.657754,-0.2868744,-0.2866837,2.630758,-0.1403671,-0.09865326,2.709878,-0.1291175,-0.3189385,2.720287,-0.2345937,-0.2018226,2.81057,-0.1797055,0.252025,2.724498
72057594038008658,0,0.9914448,15576.99,-0.186799,-0.09678975,2.731423,-0.1743613,0.3716823,2.717118,-0.2104214,0.2002935,2.647336,-0.2306749,0.05774689,2.612458,-0.1842308,-0.05792141,2.579302,-0.1689541,-0.09676495,2.570662,-0.127859,0.1962669,2.655812,-0.08757772,0.03069934,2.673653,-0.07935612,-0.09592786,2.669762,-0.0766921,-0.1384389,2.670884,-0.2302924,-0.08756867,2.709408,-0.2462498,-0.1965996,2.657754,-0.2868744,-0.2866837,2.630758,-0.1403671,-0.09865326,2.709878,-0.1291175,-0.3189385,2.720287,-0.2345937,-0.2018226,2.81057,-0.1797055,0.252025,2.724498
72057594038008658,0,0.9914448,15577,-0.186799,-0.09678975,2.731423,-0.1743613,0.3716823,2.717118,-0.2104214,0.2002935,2.647336,-0.2306749,0.05774689,2.612458,-0.1842308,-0.05792141,2.579302,-0.1689541,-0.09676495,2.570662,-0.127859,0.1962669,2.655812,-0.08757772,0.03069934,2.673653,-0.07935612,-0.09592786,2.669762,-0.0766921,-0.1384389,2.670884,-0.2302924,-0.08756867,2.709408,-0.2462498,-0.1965996,2.657754,-0.2868744,-0.2866837,2.630758,-0.1403671,-0.09865326,2.709878,-0.1291175,-0.3189385,2.720287,-0.2345937,-0.2018226,2.81057,-0.1797055,0.252025,2.724498
72057594038008658,0,0.9914448,15577,-0.186799,-0.09678975,2.731423,-0.1743613,0.3716823,2.717118,-0.2104214,0.2002935,2.647336,-0.2306749,0.05774689,2.612458,-0.1842308,-0.05792141,2.579302,-0.1689541,-0.09676495,2.570662,-0.127859,0.1962669,2.655812,-0.08757772,0.03069934,2.673653,-0.07935612,-0.09592786,2.669762,-0.0766921,-0.1384389,2.670884,-0.2302924,-0.08756867,2.709408,-0.2462498,-0.1965996,2.657754,-0.2868744,-0.2866837,2.630758,-0.1403671,-0.09865326,2.709878,-0.1291175,-0.3189385,2.720287,-0.2345937,-0.2018226,2.81057,-0.1797055,0.252025,2.724498
72057594038008658,0,0.9914448,15577,-0.186799,-0.09678975,2.731423,-0.1743613,0.3716823,2.717118,-0.2104214,0.2002935,2.647336,-0.2306749,0.05774689,2.612458,-0.1842308,-0.05792141,2.579302,-0.1689541,-0.09676495,2.570662,-0.127859,0.1962669,2.655812,-0.08757772,0.03069934,2.673653,-0.07935612,-0.09592786,2.669762,-0.0766921,-0.1384389,2.670884,-0.2302924,-0.08756867,2.709408,-0.2462498,-0.1965996,2.657754,-0.2868744,-0.2866837,2.630758,-0.1403671,-0.09865326,2.709878,-0.1291175,-0.3189385,2.720287,-0.2345937,-0.2018226,2.81057,-0.1797055,0.252025,2.724498
72057594038008658,0,0.9914448,15577.01,-0.186799,-0.09678975,2.731423,-0.1743613,0.3716823,2.717118,-0.2104214,0.2002935,2.647336,-0.2306749,0.05774689,2.612458,-0.1842308,-0.05792141,2.579302,-0.1689541,-0.09676495,2.570662,-0.127859,0.1962669,2.655812,-0.08757772,0.03069934,2.673653,-0.07935612,-0.09592786,2.669762,-0.0766921,-0.1384389,2.670884,-0.2302924,-0.08756867,2.709408,-0.2462498,-0.1965996,2.657754,-0.2868744,-0.2866837,2.630758,-0.1403671,-0.09865326,2.709878,-0.1291175,-0.3189385,2.720287,-0.2345937,-0.2018226,2.81057,-0.1797055,0.252025,2.724498
72057594038008658,0,0.9914448,15577.01,-0.186799,-0.09678975,2.731423,-0.1743613,0.3716823,2.717118,-0.2104214,0.2002935,2.647336,-0.2306749,0.05774689,2.612458,-0.1842308,-0.05792141,2.579302,-0.1689541,-0.09676495,2.570662,-0.127859,0.1962669,2.655812,-0.08757772,0.03069934,2.673653,-0.07935612,-0.09592786,2.669762,-0.0766921,-0.1384389,2.670884,-0.2302924,-0.08756867,2.709408,-0.2462498,-0.1965996,2.657754,-0.2868744,-0.2866837,2.630758,-0.1403671,-0.09865326,2.709878,-0.1291175,-0.3189385,2.720287,-0.2345937,-0.2018226,2.81057,-0.1797055,0.252025,2.724498
72057594038008658,0,0.9914448,15577.02,-0.186799,-0.09678975,2.731423,-0.1743613,0.3716823,2.717118,-0.2104214,0.2002935,2.647336,-0.2306749,0.05774689,2.612458,-0.1842308,-0.05792141,2.579302,-0.1689541,-0.09676495,2.570662,-0.127859,0.1962669,2.655812,-0.08757772,0.03069934,2.673653,-0.07935612,-0.09592786,2.669762,-0.0766921,-0.1384389,2.670884,-0.2302924,-0.08756867,2.709408,-0.2462498,-0.1965996,2.657754,-0.2868744,-0.2866837,2.630758,-0.1403671,-0.09865326,2.709878,-0.1291175,-0.3189385,2.720287,-0.2345937,-0.2018226,2.81057,-0.1797055,0.252025,2.724498
72057594038008658,0,0.9914448,15577.02,-0.186799,-0.09678975,2.731423,-0.1743613,0.3716823,2.717118,-0.2104214,0.2002935,2.647336,-0.2306749,0.05774689,2.612458,-0.1842308,-0.05792141,2.579302,-0.1689541,-0.09676495,2.570662,-0.127859,0.1962669,2.655812,-0.08757772,0.03069934,2.673653,-0.07935612,-0.09592786,2.669762,-0.0766921,-0.1384389,2.670884,-0.2302924,-0.08756867,2.709408,-0.2462498,-0.1965996,2.657754,-0.2868744,-0.2866837,2.630758,-0.1403671,-0.09865326,2.709878,-0.1291175,-0.3189385,2.720287,-0.2345937,-0.2018226,2.81057,-0.1797055,0.252025,2.724498
72057594038008658,0,0.9918301,15577.02,-0.1845117,-0.09757945,2.73276,-0.1711151,0.3720176,2.719399,-0.2049109,0.2010879,2.649323,-0.2303479,0.05706903,2.612513,-0.1825642,-0.0584144,2.580984,-0.1954981,-0.07484558,2.634665,-0.1252987,0.1981516,2.658411,-0.07904254,0.03231403,2.663033,-0.07943229,-0.09381729,2.669749,-0.0796314,-0.1361618,2.674407,-0.2278809,-0.08825168,2.710763,-0.2445062,-0.1950634,2.658854,-0.2866249,-0.2866173,2.630702,-0.1382757,-0.09951922,2.711115,-0.1228689,-0.3286847,2.715796,-0.2245195,-0.2040398,2.799853,-0.1776212,0.2522139,2.725471
72057594038008658,0,0.9918301,15577.03,-0.1845117,-0.09757945,2.73276,-0.1711151,0.3720176,2.719399,-0.2049109,0.2010879,2.649323,-0.2303479,0.05706903,2.612513,-0.1825642,-0.0584144,2.580984,-0.1954981,-0.07484558,2.634665,-0.1252987,0.1981516,2.658411,-0.07904254,0.03231403,2.663033,-0.07943229,-0.09381729,2.669749,-0.0796314,-0.1361618,2.674407,-0.2278809,-0.08825168,2.710763,-0.2445062,-0.1950634,2.658854,-0.2866249,-0.2866173,2.630702,-0.1382757,-0.09951922,2.711115,-0.1228689,-0.3286847,2.715796,-0.2245195,-0.2040398,2.799853,-0.1776212,0.2522139,2.725471
72057594038008658,0,0.9918301,15577.03,-0.1845117,-0.09757945,2.73276,-0.1711151,0.3720176,2.719399,-0.2049109,0.2010879,2.649323,-0.2303479,0.05706903,2.612513,-0.1825642,-0.0584144,2.580984,-0.1954981,-0.07484558,2.634665,-0.1252987,0.1981516,2.658411,-0.07904254,0.03231403,2.663033,-0.07943229,-0.09381729,2.669749,-0.0796314,-0.1361618,2.674407,-0.2278809,-0.08825168,2.710763,-0.2445062,-0.1950634,2.658854,-0.2866249,-0.2866173,2.630702,-0.1382757,-0.09951922,2.711115,-0.1228689,-0.3286847,2.715796,-0.2245195,-0.2040398,2.799853,-0.1776212,0.2522139,2.725471
72057594038008658,0,0.9918301,15577.03,-0.1845117,-0.09757945,2.73276,-0.1711151,0.3720176,2.719399,-0.2049109,0.2010879,2.649323,-0.2303479,0.05706903,2.612513,-0.1825642,-0.0584144,2.580984,-0.1954981,-0.07484558,2.634665,-0.1252987,0.1981516,2.658411,-0.07904254,0.03231403,2.663033,-0.07943229,-0.09381729,2.669749,-0.0796314,-0.1361618,2.674407,-0.2278809,-0.08825168,2.710763,-0.2445062,-0.1950634,2.658854,-0.2866249,-0.2866173,2.630702,-0.1382757,-0.09951922,2.711115,-0.1228689,-0.3286847,2.715796,-0.2245195,-0.2040398,2.799853,-0.1776212,0.2522139,2.725471
72057594038008658,0,0.9918301,15577.04,-0.1845117,-0.09757945,2.73276,-0.1711151,0.3720176,2.719399,-0.2049109,0.2010879,2.649323,-0.2303479,0.05706903,2.612513,-0.1825642,-0.0584144,2.580984,-0.1954981,-0.07484558,2.634665,-0.1252987,0.1981516,2.658411,-0.07904254,0.03231403,2.663033,-0.07943229,-0.09381729,2.669749,-0.0796314,-0.1361618,2.674407,-0.2278809,-0.08825168,2.710763,-0.2445062,-0.1950634,2.658854,-0.2866249,-0.2866173,2.630702,-0.1382757,-0.09951922,2.711115,-0.1228689,-0.3286847,2.715796,-0.2245195,-0.2040398,2.799853,-0.1776212,0.2522139,2.725471
72057594038008658,0,0.9918301,15577.04,-0.1845117,-0.09757945,2.73276,-0.1711151,0.3720176,2.719399,-0.2049109,0.2010879,2.649323,-0.2303479,0.05706903,2.612513,-0.1825642,-0.0584144,2.580984,-0.1954981,-0.07484558,2.634665,-0.1252987,0.1981516,2.658411,-0.07904254,0.03231403,2.663033,-0.07943229,-0.09381729,2.669749,-0.0796314,-0.1361618,2.674407,-0.2278809,-0.08825168,2.710763,-0.2445062,-0.1950634,2.658854,-0.2866249,-0.2866173,2.630702,-0.1382757,-0.09951922,2.711115,-0.1228689,-0.3286847,2.715796,-0.2245195,-0.2040398,2.799853,-0.1776212,0.2522139,2.725471
72057594038008658,0,0.9918301,15577.04,-0.1845117,-0.09757945,2.73276,-0.1711151,0.3720176,2.719399,-0.2049109,0.2010879,2.649323,-0.2303479,0.05706903,2.612513,-0.1825642,-0.0584144,2.580984,-0.1954981,-0.07484558,2.634665,-0.1252987,0.1981516,2.658411,-0.07904254,0.03231403,2.663033,-0.07943229,-0.09381729,2.669749,-0.0796314,-0.1361618,2.674407,-0.2278809,-0.08825168,2.710763,-0.2445062,-0.1950634,2.658854,-0.2866249,-0.2866173,2.630702,-0.1382757,-0.09951922,2.711115,-0.1228689,-0.3286847,2.715796,-0.2245195,-0.2040398,2.799853,-0.1776212,0.2522139,2.725471
72057594038008658,0,0.9918301,15577.05,-0.1845117,-0.09757945,2.73276,-0.1711151,0.3720176,2.719399,-0.2049109,0.2010879,2.649323,-0.2303479,0.05706903,2.612513,-0.1825642,-0.0584144,2.580984,-0.1954981,-0.07484558,2.634665,-0.1252987,0.1981516,2.658411,-0.07904254,0.03231403,2.663033,-0.07943229,-0.09381729,2.669749,-0.0796314,-0.1361618,2.674407,-0.2278809,-0.08825168,2.710763,-0.2445062,-0.1950634,2.658854,-0.2866249,-0.2866173,2.630702,-0.1382757,-0.09951922,2.711115,-0.1228689,-0.3286847,2.715796,-0.2245195,-0.2040398,2.799853,-0.1776212,0.2522139,2.725471
72057594038008658,0,0.9918301,15577.05,-0.1845117,-0.09757945,2.73276,-0.1711151,0.3720176,2.719399,-0.2049109,0.2010879,2.649323,-0.2303479,0.05706903,2.612513,-0.1825642,-0.0584144,2.580984,-0.1954981,-0.07484558,2.634665,-0.1252987,0.1981516,2.658411,-0.07904254,0.03231403,2.663033,-0.07943229,-0.09381729,2.669749,-0.0796314,-0.1361618,2.674407,-0.2278809,-0.08825168,2.710763,-0.2445062,-0.1950634,2.658854,-0.2866249,-0.2866173,2.630702,-0.1382757,-0.09951922,2.711115,-0.1228689,-0.3286847,2.715796,-0.2245195,-0.2040398,2.799853,-0.1776212,0.2522139,2.725471
72057594038008658,0,0.9918301,15577.05,-0.1845117,-0.09757945,2.73276,-0.1711151,0.3720176,2.719399,-0.2049109,0.2010879,2.649323,-0.2303479,0.05706903,2.612513,-0.1825642,-0.0584144,2.580984,-0.1954981,-0.07484558,2.634665,-0.1252987,0.1981516,2.658411,-0.07904254,0.03231403,2.663033,-0.07943229,-0.09381729,2.669749,-0.0796314,-0.1361618,2.674407,-0.2278809,-0.08825168,2.710763,-0.2445062,-0.1950634,2.658854,-0.2866249,-0.2866173,2.630702,-0.1382757,-0.09951922,2.711115,-0.1228689,-0.3286847,2.715796,-0.2245195,-0.2040398,2.799853,-0.1776212,0.2522139,2.725471
72057594038008658,0,0.9914612,15577.06,-0.1837318,-0.0973388,2.732831,-0.1683201,0.3718912,2.721143,-0.206866,0.2011316,2.647644,-0.2306643,0.06118056,2.612068,-0.1854029,-0.05584556,2.583304,-0.1917854,-0.07117379,2.634919,-0.1170309,0.2034396,2.660443,-0.08117192,0.03525376,2.666841,-0.07929233,-0.09132224,2.668804,-0.07873682,-0.1338124,2.671877,-0.2267151,-0.08781901,2.710765,-0.2444129,-0.1942723,2.659372,-0.2861354,-0.287028,2.630087,-0.1378092,-0.0994201,2.711202,-0.1354135,-0.3211899,2.727298,-0.214526,-0.1698192,2.7904,-0.1765769,0.2523707,2.725939
72057594038008658,0,0.9914612,15577.06,-0.1837318,-0.0973388,2.732831,-0.1683201,0.3718912,2.721143,-0.206866,0.2011316,2.647644,-0.2306643,0.06118056,2.612068,-0.1854029,-0.05584556,2.583304,-0.1917854,-0.07117379,2.634919,-0.1170309,0.2034396,2.660443,-0.08117192,0.03525376,2.666841,-0.07929233,-0.09132224,2.668804,-0.07873682,-0.1338124,2.671877,-0.2267151,-0.08781901,2.710765,-0.2444129,-0.1942723,2.659372,-0.2861354,-0.287028,2.630087,-0.1378092,-0.0994201,2.711202,-0.1354135,-0.3211899,2.727298,-0.214526,-0.1698192,2.7904,-0.1765769,0.2523707,2.725939
72057594038008658,0,0.9914612,15577.06,-0.1837318,-0.0973388,2.732831,-0.1683201,0.3718912,2.721143,-0.206866,0.2011316,2.647644,-0.2306643,0.06118056,2.612068,-0.1854029,-0.05584556,2.583304,-0.1917854,-0.07117379,2.634919,-0.1170309,0.2034396,2.660443,-0.08117192,0.03525376,2.666841,-0.07929233,-0.09132224,2.668804,-0.07873682,-0.1338124,2.671877,-0.2267151,-0.08781901,2.710765,-0.2444129,-0.1942723,2.659372,-0.2861354,-0.287028,2.630087,-0.1378092,-0.0994201,2.711202,-0.1354135,-0.3211899,2.727298,-0.214526,-0.1698192,2.7904,-0.1765769,0.2523707,2.725939
72057594038008658,0,0.9914612,15577.07,-0.1837318,-0.0973388,2.732831,-0.1683201,0.3718912,2.721143,-0.206866,0.2011316,2.647644,-0.2306643,0.06118056,2.612068,-0.1854029,-0.05584556,2.583304,-0.1917854,-0.07117379,2.634919,-0.1170309,0.2034396,2.660443,-0.08117192,0.03525376,2.666841,-0.07929233,-0.09132224,2.668804,-0.07873682,-0.1338124,2.671877,-0.2267151,-0.08781901,2.710765,-0.2444129,-0.1942723,2.659372,-0.2861354,-0.287028,2.630087,-0.1378092,-0.0994201,2.711202,-0.1354135,-0.3211899,2.727298,-0.214526,-0.1698192,2.7904,-0.1765769,0.2523707,2.725939
72057594038008658,0,0.9914612,15577.08,-0.1837318,-0.0973388,2.732831,-0.1683201,0.3718912,2.721143,-0.206866,0.2011316,2.647644,-0.2306643,0.06118056,2.612068,-0.1854029,-0.05584556,2.583304,-0.1917854,-0.07117379,2.634919,-0.1170309,0.2034396,2.660443,-0.08117192,0.03525376,2.666841,-0.07929233,-0.09132224,2.668804,-0.07873682,-0.1338124,2.671877,-0.2267151,-0.08781901,2.710765,-0.2444129,-0.1942723,2.659372,-0.2861354,-0.287028,2.630087,-0.1378092,-0.0994201,2.711202,-0.1354135,-0.3211899,2.727298,-0.214526,-0.1698192,2.7904,-0.1765769,0.2523707,2.725939
72057594038008658,0,0.9914612,15577.08,-0.1837318,-0.0973388,2.732831,-0.1683201,0.3718912,2.721143,-0.206866,0.2011316,2.647644,-0.2306643,0.06118056,2.612068,-0.1854029,-0.05584556,2.583304,-0.1917854,-0.07117379,2.634919,-0.1170309,0.2034396,2.660443,-0.08117192,0.03525376,2.666841,-0.07929233,-0.09132224,2.668804,-0.07873682,-0.1338124,2.671877,-0.2267151,-0.08781901,2.710765,-0.2444129,-0.1942723,2.659372,-0.2861354,-0.287028,2.630087,-0.1378092,-0.0994201,2.711202,-0.1354135,-0.3211899,2.727298,-0.214526,-0.1698192,2.7904,-0.1765769,0.2523707,2.725939
72057594038008658,0,0.9902996,15577.09,-0.181923,-0.0964672,2.732652,-0.1663895,0.3714496,2.723316,-0.1998709,0.2017356,2.64898,-0.2306725,0.05965635,2.611873,-0.1846444,-0.05706045,2.583044,-0.1695067,-0.09625143,2.575846,-0.1192158,0.1999854,2.657539,-0.08017024,0.03286177,2.666999,-0.07949031,-0.09373599,2.668714,-0.07933377,-0.1362355,2.671705,-0.2246629,-0.08660483,2.711427,-0.2441889,-0.1936416,2.659296,-0.2859342,-0.2869084,2.63008,-0.1360018,-0.09876156,2.710169,-0.1417951,-0.1995105,2.740834,-0.1467631,-0.2973681,2.730797,-0.1758044,0.2525082,2.72638
72057594038008658,0,0.9902996,15577.09,-0.181923,-0.0964672,2.732652,-0.1663895,0.3714496,2.723316,-0.1998709,0.2017356,2.64898,-0.2306725,0.05965635,2.611873,-0.1846444,-0.05706045,2.583044,-0.1695067,-0.09625143,2.575846,-0.1192158,0.1999854,2.657539,-0.08017024,0.03286177,2.666999,-0.07949031,-0.09373599,2.668714,-0.07933377,-0.1362355,2.671705,-0.2246629,-0.08660483,2.711427,-0.2441889,-0.1936416,2.659296,-0.2859342,-0.2869084,2.63008,-0.1360018,-0.09876156,2.710169,-0.1417951,-0.1995105,2.740834,-0.1467631,-0.2973681,2.730797,-0.1758044,0.2525082,2.72638
72057594038008658,0,0.9902996,15577.09,-0.181923,-0.0964672,2.732652,-0.1663895,0.3714496,2.723316,-0.1998709,0.2017356,2.64898,-0.2306725,0.05965635,2.611873,-0.1846444,-0.05706045,2.583044,-0.1695067,-0.09625143,2.575846,-0.1192158,0.1999854,2.657539,-0.08017024,0.03286177,2.666999,-0.07949031,-0.09373599,2.668714,-0.07933377,-0.1362355,2.671705,-0.2246629,-0.08660483,2.711427,-0.2441889,-0.1936416,2.659296,-0.2859342,-0.2869084,2.63008,-0.1360018,-0.09876156,2.710169,-0.1417951,-0.1995105,2.740834,-0.1467631,-0.2973681,2.730797,-0.1758044,0.2525082,2.72638
72057594038008658,0,0.9902996,15577.1,-0.181923,-0.0964672,2.732652,-0.1663895,0.3714496,2.723316,-0.1998709,0.2017356,2.64898,-0.2306725,0.05965635,2.611873,-0.1846444,-0.05706045,2.583044,-0.1695067,-0.09625143,2.575846,-0.1192158,0.1999854,2.657539,-0.08017024,0.03286177,2.666999,-0.07949031,-0.09373599,2.668714,-0.07933377,-0.1362355,2.671705,-0.2246629,-0.08660483,2.711427,-0.2441889,-0.1936416,2.659296,-0.2859342,-0.2869084,2.63008,-0.1360018,-0.09876156,2.710169,-0.1417951,-0.1995105,2.740834,-0.1467631,-0.2973681,2.730797,-0.1758044,0.2525082,2.72638
72057594038008658,0,0.9902996,15577.1,-0.181923,-0.0964672,2.732652,-0.1663895,0.3714496,2.723316,-0.1998709,0.2017356,2.64898,-0.2306725,0.05965635,2.611873,-0.1846444,-0.05706045,2.583044,-0.1695067,-0.09625143,2.575846,-0.1192158,0.1999854,2.657539,-0.08017024,0.03286177,2.666999,-0.07949031,-0.09373599,2.668714,-0.07933377,-0.1362355,2.671705,-0.2246629,-0.08660483,2.711427,-0.2441889,-0.1936416,2.659296,-0.2859342,-0.2869084,2.63008,-0.1360018,-0.09876156,2.710169,-0.1417951,-0.1995105,2.740834,-0.1467631,-0.2973681,2.730797,-0.1758044,0.2525082,2.72638
72057594038008658,0,0.9902996,15577.1,-0.181923,-0.0964672,2.732652,-0.1663895,0.3714496,2.723316,-0.1998709,0.2017356,2.64898,-0.2306725,0.05965635,2.611873,-0.1846444,-0.05706045,2.583044,-0.1695067,-0.09625143,2.575846,-0.1192158,0.1999854,2.657539,-0.08017024,0.03286177,2.666999,-0.07949031,-0.09373599,2.668714,-0.07933377,-0.1362355,2.671705,-0.2246629,-0.08660483,2.711427,-0.2441889,-0.1936416,2.659296,-0.2859342,-0.2869084,2.63008,-0.1360018,-0.09876156,2.710169,-0.1417951,-0.1995105,2.740834,-0.1467631,-0.2973681,2.730797,-0.1758044,0.2525082,2.72638
72057594038008658,0,0.9902996,15577.1,-0.181923,-0.0964672,2.732652,-0.1663895,0.3714496,2.723316,-0.1998709,0.2017356,2.64898,-0.2306725,0.05965635,2.611873,-0.1846444,-0.05706045,2.583044,-0.1695067,-0.09625143,2.575846,-0.1192158,0.1999854,2.657539,-0.08017024,0.03286177,2.666999,-0.07949031,-0.09373599,2.668714,-0.07933377,-0.1362355,2.671705,-0.2246629,-0.08660483,2.711427,-0.2441889,-0.1936416,2.659296,-0.2859342,-0.2869084,2.63008,-0.1360018,-0.09876156,2.710169,-0.1417951,-0.1995105,2.740834,-0.1467631,-0.2973681,2.730797,-0.1758044,0.2525082,2.72638
72057594038008658,0,0.9902996,15577.11,-0.181923,-0.0964672,2.732652,-0.1663895,0.3714496,2.723316,-0.1998709,0.2017356,2.64898,-0.2306725,0.05965635,2.611873,-0.1846444,-0.05706045,2.583044,-0.1695067,-0.09625143,2.575846,-0.1192158,0.1999854,2.657539,-0.08017024,0.03286177,2.666999,-0.07949031,-0.09373599,2.668714,-0.07933377,-0.1362355,2.671705,-0.2246629,-0.08660483,2.711427,-0.2441889,-0.1936416,2.659296,-0.2859342,-0.2869084,2.63008,-0.1360018,-0.09876156,2.710169,-0.1417951,-0.1995105,2.740834,-0.1467631,-0.2973681,2.730797,-0.1758044,0.2525082,2.72638
72057594038008658,0,0.9902996,15577.11,-0.181923,-0.0964672,2.732652,-0.1663895,0.3714496,2.723316,-0.1998709,0.2017356,2.64898,-0.2306725,0.05965635,2.611873,-0.1846444,-0.05706045,2.583044,-0.1695067,-0.09625143,2.575846,-0.1192158,0.1999854,2.657539,-0.08017024,0.03286177,2.666999,-0.07949031,-0.09373599,2.668714,-0.07933377,-0.1362355,2.671705,-0.2246629,-0.08660483,2.711427,-0.2441889,-0.1936416,2.659296,-0.2859342,-0.2869084,2.63008,-0.1360018,-0.09876156,2.710169,-0.1417951,-0.1995105,2.740834,-0.1467631,-0.2973681,2.730797,-0.1758044,0.2525082,2.72638
72057594038008658,0,0.9902996,15577.11,-0.181923,-0.0964672,2.732652,-0.1663895,0.3714496,2.723316,-0.1998709,0.2017356,2.64898,-0.2306725,0.05965635,2.611873,-0.1846444,-0.05706045,2.583044,-0.1695067,-0.09625143,2.575846,-0.1192158,0.1999854,2.657539,-0.08017024,0.03286177,2.666999,-0.07949031,-0.09373599,2.668714,-0.07933377,-0.1362355,2.671705,-0.2246629,-0.08660483,2.711427,-0.2441889,-0.1936416,2.659296,-0.2859342,-0.2869084,2.63008,-0.1360018,-0.09876156,2.710169,-0.1417951,-0.1995105,2.740834,-0.1467631,-0.2973681,2.730797,-0.1758044,0.2525082,2.72638
72057594038008658,0,0.9902996,15577.12,-0.181923,-0.0964672,2.732652,-0.1663895,0.3714496,2.723316,-0.1998709,0.2017356,2.64898,-0.2306725,0.05965635,2.611873,-0.1846444,-0.05706045,2.583044,-0.1695067,-0.09625143,2.575846,-0.1192158,0.1999854,2.657539,-0.08017024,0.03286177,2.666999,-0.07949031,-0.09373599,2.668714,-0.07933377,-0.1362355,2.671705,-0.2246629,-0.08660483,2.711427,-0.2441889,-0.1936416,2.659296,-0.2859342,-0.2869084,2.63008,-0.1360018,-0.09876156,2.710169,-0.1417951,-0.1995105,2.740834,-0.1467631,-0.2973681,2.730797,-0.1758044,0.2525082,2.72638
72057594038008658,0,0.989078,15577.12,-0.1794331,-0.09564453,2.73208,-0.1653693,0.371591,2.723317,-0.1948208,0.2018566,2.648446,-0.2305098,0.05874008,2.611747,-0.1844553,-0.05790189,2.582583,-0.1693086,-0.09706873,2.575274,-0.1247899,0.2015319,2.655333,-0.08335119,0.03487158,2.664045,-0.07914755,-0.09144178,2.668489,-0.0778194,-0.1338449,2.672389,-0.2221678,-0.08585674,2.711186,-0.2442375,-0.1936288,2.659277,-0.2851195,-0.2867587,2.629811,-0.1336679,-0.09792829,2.709234,-0.1453603,-0.3212802,2.734711,-0.1591462,-0.1396246,2.75326,-0.1728117,0.2536542,2.726403
72057594038008658,0,0.989078,15577.12,-0.1794331,-0.09564453,2.73208,-0.1653693,0.371591,2.723317,-0.1948208,0.2018566,2.648446,-0.2305098,0.05874008,2.611747,-0.1844553,-0.05790189,2.582583,-0.1693086,-0.09706873,2.575274,-0.1247899,0.2015319,2.655333,-0.08335119,0.03487158,2.664045,-0.07914755,-0.09144178,2.668489,-0.0778194,-0.1338449,2.672389,-0.2221678,-0.08585674,2.711186,-0.2442375,-0.1936288,2.659277,-0.2851195,-0.2867587,2.629811,-0.1336679,-0.09792829,2.709234,-0.1453603,-0.3212802,2.734711,-0.1591462,-0.1396246,2.75326,-0.1728117,0.2536542,2.726403
72057594038008658,0,0.989078,15577.13,-0.1794331,-0.09564453,2.73208,-0.1653693,0.371591,2.723317,-0.1948208,0.2018566,2.648446,-0.2305098,0.05874008,2.611747,-0.1844553,-0.05790189,2.582583,-0.1693086,-0.09706873,2.575274,-0.1247899,0.2015319,2.655333,-0.08335119,0.03487158,2.664045,-0.07914755,-0.09144178,2.668489,-0.0778194,-0.1338449,2.672389,-0.2221678,-0.08585674,2.711186,-0.2442375,-0.1936288,2.659277,-0.2851195,-0.2867587,2.629811,-0.1336679,-0.09792829,2.709234,-0.1453603,-0.3212802,2.734711,-0.1591462,-0.1396246,2.75326,-0.1728117,0.2536542,2.726403
72057594038008658,0,0.989078,15577.13,-0.1794331,-0.09564453,2.73208,-0.1653693,0.371591,2.723317,-0.1948208,0.2018566,2.648446,-0.2305098,0.05874008,2.611747,-0.1844553,-0.05790189,2.582583,-0.1693086,-0.09706873,2.575274,-0.1247899,0.2015319,2.655333,-0.08335119,0.03487158,2.664045,-0.07914755,-0.09144178,2.668489,-0.0778194,-0.1338449,2.672389,-0.2221678,-0.08585674,2.711186,-0.2442375,-0.1936288,2.659277,-0.2851195,-0.2867587,2.629811,-0.1336679,-0.09792829,2.709234,-0.1453603,-0.3212802,2.734711,-0.1591462,-0.1396246,2.75326,-0.1728117,0.2536542,2.726403
72057594038008658,0,0.989078,15577.13,-0.1794331,-0.09564453,2.73208,-0.1653693,0.371591,2.723317,-0.1948208,0.2018566,2.648446,-0.2305098,0.05874008,2.611747,-0.1844553,-0.05790189,2.582583,-0.1693086,-0.09706873,2.575274,-0.1247899,0.2015319,2.655333,-0.08335119,0.03487158,2.664045,-0.07914755,-0.09144178,2.668489,-0.0778194,-0.1338449,2.672389,-0.2221678,-0.08585674,2.711186,-0.2442375,-0.1936288,2.659277,-0.2851195,-0.2867587,2.629811,-0.1336679,-0.09792829,2.709234,-0.1453603,-0.3212802,2.734711,-0.1591462,-0.1396246,2.75326,-0.1728117,0.2536542,2.726403
72057594038008658,0,0.989078,15577.13,-0.1794331,-0.09564453,2.73208,-0.1653693,0.371591,2.723317,-0.1948208,0.2018566,2.648446,-0.2305098,0.05874008,2.611747,-0.1844553,-0.05790189,2.582583,-0.1693086,-0.09706873,2.575274,-0.1247899,0.2015319,2.655333,-0.08335119,0.03487158,2.664045,-0.07914755,-0.09144178,2.668489,-0.0778194,-0.1338449,2.672389,-0.2221678,-0.08585674,2.711186,-0.2442375,-0.1936288,2.659277,-0.2851195,-0.2867587,2.629811,-0.1336679,-0.09792829,2.709234,-0.1453603,-0.3212802,2.734711,-0.1591462,-0.1396246,2.75326,-0.1728117,0.2536542,2.726403
72057594038008658,0,0.989078,15577.14,-0.1794331,-0.09564453,2.73208,-0.1653693,0.371591,2.723317,-0.1948208,0.2018566,2.648446,-0.2305098,0.05874008,2.611747,-0.1844553,-0.05790189,2.582583,-0.1693086,-0.09706873,2.575274,-0.1247899,0.2015319,2.655333,-0.08335119,0.03487158,2.664045,-0.07914755,-0.09144178,2.668489,-0.0778194,-0.1338449,2.672389,-0.2221678,-0.08585674,2.711186,-0.2442375,-0.1936288,2.659277,-0.2851195,-0.2867587,2.629811,-0.1336679,-0.09792829,2.709234,-0.1453603,-0.3212802,2.734711,-0.1591462,-0.1396246,2.75326,-0.1728117,0.2536542,2.726403
72057594038008658,0,0.989078,15577.14,-0.1794331,-0.09564453,2.73208,-0.1653693,0.371591,2.723317,-0.1948208,0.2018566,2.648446,-0.2305098,0.05874008,2.611747,-0.1844553,-0.05790189,2.582583,-0.1693086,-0.09706873,2.575274,-0.1247899,0.2015319,2.655333,-0.08335119,0.03487158,2.664045,-0.07914755,-0.09144178,2.668489,-0.0778194,-0.1338449,2.672389,-0.2221678,-0.08585674,2.711186,-0.2442375,-0.1936288,2.659277,-0.2851195,-0.2867587,2.629811,-0.1336679,-0.09792829,2.709234,-0.1453603,-0.3212802,2.734711,-0.1591462,-0.1396246,2.75326,-0.1728117,0.2536542,2.726403
72057594038008658,0,0.989078,15577.14,-0.1794331,-0.09564453,2.73208,-0.1653693,0.371591,2.723317,-0.1948208,0.2018566,2.648446,-0.2305098,0.05874008,2.611747,-0.1844553,-0.05790189,2.582583,-0.1693086,-0.09706873,2.575274,-0.1247899,0.2015319,2.655333,-0.08335119,0.03487158,2.664045,-0.07914755,-0.09144178,2.668489,-0.0778194,-0.1338449,2.672389,-0.2221678,-0.08585674,2.711186,-0.2442375,-0.1936288,2.659277,-0.2851195,-0.2867587,2.629811,-0.1336679,-0.09792829,2.709234,-0.1453603,-0.3212802,2.734711,-0.1591462,-0.1396246,2.75326,-0.1728117,0.2536542,2.726403
72057594038008658,0,0.989078,15577.15,-0.1794331,-0.09564453,2.73208,-0.1653693,0.371591,2.723317,-0.1948208,0.2018566,2.648446,-0.2305098,0.05874008,2.611747,-0.1844553,-0.05790189,2.582583,-0.1693086,-0.09706873,2.575274,-0.1247899,0.2015319,2.655333,-0.08335119,0.03487158,2.664045,-0.07914755,-0.09144178,2.668489,-0.0778194,-0.1338449,2.672389,-0.2221678,-0.08585674,2.711186,-0.2442375,-0.1936288,2.659277,-0.2851195,-0.2867587,2.629811,-0.1336679,-0.09792829,2.709234,-0.1453603,-0.3212802,2.734711,-0.1591462,-0.1396246,2.75326,-0.1728117,0.2536542,2.726403
72057594038008658,0,0.989078,15577.15,-0.1794331,-0.09564453,2.73208,-0.1653693,0.371591,2.723317,-0.1948208,0.2018566,2.648446,-0.2305098,0.05874008,2.611747,-0.1844553,-0.05790189,2.582583,-0.1693086,-0.09706873,2.575274,-0.1247899,0.2015319,2.655333,-0.08335119,0.03487158,2.664045,-0.07914755,-0.09144178,2.668489,-0.0778194,-0.1338449,2.672389,-0.2221678,-0.08585674,2.711186,-0.2442375,-0.1936288,2.659277,-0.2851195,-0.2867587,2.629811,-0.1336679,-0.09792829,2.709234,-0.1453603,-0.3212802,2.734711,-0.1591462,-0.1396246,2.75326,-0.1728117,0.2536542,2.726403
72057594038008658,0,0.9902527,15577.16,-0.178178,-0.09704444,2.732496,-0.1643186,0.3714532,2.724542,-0.1933576,0.2019012,2.648417,-0.2306215,0.05895743,2.611254,-0.1866046,-0.05877975,2.583928,-0.1721374,-0.09831136,2.577231,-0.1285962,0.2024038,2.653571,-0.08426899,0.03657836,2.663178,-0.07878102,-0.08970115,2.667536,-0.07702563,-0.1320916,2.671407,-0.2211369,-0.08721074,2.711321,-0.2437069,-0.1934587,2.658716,-0.2848673,-0.286649,2.629824,-0.1322269,-0.09939358,2.709946,-0.1353389,-0.3208035,2.726845,-0.2123809,-0.1731345,2.795374,-0.1727383,0.253632,2.726426
72057594038008658,0,0.9902527,15577.16,-0.178178,-0.09704444,2.732496,-0.1643186,0.3714532,2.724542,-0.1933576,0.2019012,2.648417,-0.2306215,0.05895743,2.611254,-0.1866046,-0.05877975,2.583928,-0.1721374,-0.09831136,2.577231,-0.1285962,0.2024038,2.653571,-0.08426899,0.03657836,2.663178,-0.07878102,-0.08970115,2.667536,-0.07702563,-0.1320916,2.671407,-0.2211369,-0.08721074,2.711321,-0.2437069,-0.1934587,2.658716,-0.2848673,-0.286649,2.629824,-0.1322269,-0.09939358,2.709946,-0.1353389,-0.3208035,2.726845,-0.2123809,-0.1731345,2.795374,-0.1727383,0.253632,2.726426
72057594038008658,0,0.9902527,15577.16,-0.178178,-0.09704444,2.732496,-0.1643186,0.3714532,2.724542,-0.1933576,0.2019012,2.648417,-0.2306215,0.05895743,2.611254,-0.1866046,-0.05877975,2.583928,-0.1721374,-0.09831136,2.577231,-0.1285962,0.2024038,2.653571,-0.08426899,0.03657836,2.663178,-0.07878102,-0.08970115,2.667536,-0.07702563,-0.1320916,2.671407,-0.2211369,-0.08721074,2.711321,-0.2437069,-0.1934587,2.658716,-0.2848673,-0.286649,2.629824,-0.1322269,-0.09939358,2.709946,-0.1353389,-0.3208035,2.726845,-0.2123809,-0.1731345,2.795374,-0.1727383,0.253632,2.726426
72057594038008658,0,0.9902527,15577.16,-0.178178,-0.09704444,2.732496,-0.1643186,0.3714532,2.724542,-0.1933576,0.2019012,2.648417,-0.2306215,0.05895743,2.611254,-0.1866046,-0.05877975,2.583928,-0.1721374,-0.09831136,2.577231,-0.1285962,0.2024038,2.653571,-0.08426899,0.03657836,2.663178,-0.07878102,-0.08970115,2.667536,-0.07702563,-0.1320916,2.671407,-0.2211369,-0.08721074,2.711321,-0.2437069,-0.1934587,2.658716,-0.2848673,-0.286649,2.629824,-0.1322269,-0.09939358,2.709946,-0.1353389,-0.3208035,2.726845,-0.2123809,-0.1731345,2.795374,-0.1727383,0.253632,2.726426
72057594038008658,0,0.9902527,15577.17,-0.178178,-0.09704444,2.732496,-0.1643186,0.3714532,2.724542,-0.1933576,0.2019012,2.648417,-0.2306215,0.05895743,2.611254,-0.1866046,-0.05877975,2.583928,-0.1721374,-0.09831136,2.577231,-0.1285962,0.2024038,2.653571,-0.08426899,0.03657836,2.663178,-0.07878102,-0.08970115,2.667536,-0.07702563,-0.1320916,2.671407,-0.2211369,-0.08721074,2.711321,-0.2437069,-0.1934587,2.658716,-0.2848673,-0.286649,2.629824,-0.1322269,-0.09939358,2.709946,-0.1353389,-0.3208035,2.726845,-0.2123809,-0.1731345,2.795374,-0.1727383,0.253632,2.726426
72057594038008658,0,0.9902527,15577.17,-0.178178,-0.09704444,2.732496,-0.1643186,0.3714532,2.724542,-0.1933576,0.2019012,2.648417,-0.2306215,0.05895743,2.611254,-0.1866046,-0.05877975,2.583928,-0.1721374,-0.09831136,2.577231,-0.1285962,0.2024038,2.653571,-0.08426899,0.03657836,2.663178,-0.07878102,-0.08970115,2.667536,-0.07702563,-0.1320916,2.671407,-0.2211369,-0.08721074,2.711321,-0.2437069,-0.1934587,2.658716,-0.2848673,-0.286649,2.629824,-0.1322269,-0.09939358,2.709946,-0.1353389,-0.3208035,2.726845,-0.2123809,-0.1731345,2.795374,-0.1727383,0.253632,2.726426
72057594038008658,0,0.9902527,15577.17,-0.178178,-0.09704444,2.732496,-0.1643186,0.3714532,2.724542,-0.1933576,0.2019012,2.648417,-0.2306215,0.05895743,2.611254,-0.1866046,-0.05877975,2.583928,-0.1721374,-0.09831136,2.577231,-0.1285962,0.2024038,2.653571,-0.08426899,0.03657836,2.663178,-0.07878102,-0.08970115,2.667536,-0.07702563,-0.1320916,2.671407,-0.2211369,-0.08721074,2.711321,-0.2437069,-0.1934587,2.658716,-0.2848673,-0.286649,2.629824,-0.1322269,-0.09939358,2.709946,-0.1353389,-0.3208035,2.726845,-0.2123809,-0.1731345,2.795374,-0.1727383,0.253632,2.726426
72057594038008658,0,0.9902527,15577.17,-0.178178,-0.09704444,2.732496,-0.1643186,0.3714532,2.724542,-0.1933576,0.2019012,2.648417,-0.2306215,0.05895743,2.611254,-0.1866046,-0.05877975,2.583928,-0.1721374,-0.09831136,2.577231,-0.1285962,0.2024038,2.653571,-0.08426899,0.03657836,2.663178,-0.07878102,-0.08970115,2.667536,-0.07702563,-0.1320916,2.671407,-0.2211369,-0.08721074,2.711321,-0.2437069,-0.1934587,2.658716,-0.2848673,-0.286649,2.629824,-0.1322269,-0.09939358,2.709946,-0.1353389,-0.3208035,2.726845,-0.2123809,-0.1731345,2.795374,-0.1727383,0.253632,2.726426
72057594038008658,0,0.9902527,15577.18,-0.178178,-0.09704444,2.732496,-0.1643186,0.3714532,2.724542,-0.1933576,0.2019012,2.648417,-0.2306215,0.05895743,2.611254,-0.1866046,-0.05877975,2.583928,-0.1721374,-0.09831136,2.577231,-0.1285962,0.2024038,2.653571,-0.08426899,0.03657836,2.663178,-0.07878102,-0.08970115,2.667536,-0.07702563,-0.1320916,2.671407,-0.2211369,-0.08721074,2.711321,-0.2437069,-0.1934587,2.658716,-0.2848673,-0.286649,2.629824,-0.1322269,-0.09939358,2.709946,-0.1353389,-0.3208035,2.726845,-0.2123809,-0.1731345,2.795374,-0.1727383,0.253632,2.726426
72057594038008658,0,0.9902527,15577.19,-0.178178,-0.09704444,2.732496,-0.1643186,0.3714532,2.724542,-0.1933576,0.2019012,2.648417,-0.2306215,0.05895743,2.611254,-0.1866046,-0.05877975,2.583928,-0.1721374,-0.09831136,2.577231,-0.1285962,0.2024038,2.653571,-0.08426899,0.03657836,2.663178,-0.07878102,-0.08970115,2.667536,-0.07702563,-0.1320916,2.671407,-0.2211369,-0.08721074,2.711321,-0.2437069,-0.1934587,2.658716,-0.2848673,-0.286649,2.629824,-0.1322269,-0.09939358,2.709946,-0.1353389,-0.3208035,2.726845,-0.2123809,-0.1731345,2.795374,-0.1727383,0.253632,2.726426
72057594038008658,0,0.9909335,15577.19,-0.17797,-0.09776843,2.732391,-0.1640494,0.371604,2.724599,-0.1907868,0.2020058,2.648385,-0.2267864,0.05176616,2.610341,-0.1850353,-0.06607407,2.582103,-0.17132,-0.1056465,2.575102,-0.1334186,0.2042597,2.652175,-0.0979495,0.03679004,2.659853,-0.08302645,-0.1140543,2.665663,-0.07813835,-0.1646312,2.670015,-0.2209665,-0.08793053,2.710899,-0.2420649,-0.192175,2.655461,-0.2860511,-0.2910001,2.624885,-0.1319819,-0.100238,2.710137,-0.134272,-0.3206381,2.725854,-0.2142466,-0.1777588,2.800418,-0.1719936,0.2539272,2.726676
72057594038008658,0,0.9909335,15577.2,-0.17797,-0.09776843,2.732391,-0.1640494,0.371604,2.724599,-0.1907868,0.2020058,2.648385,-0.2267864,0.05176616,2.610341,-0.1850353,-0.06607407,2.582103,-0.17132,-0.1056465,2.575102,-0.1334186,0.2042597,2.652175,-0.0979495,0.03679004,2.659853,-0.08302645,-0.1140543,2.665663,-0.07813835,-0.1646312,2.670015,-0.2209665,-0.08793053,2.710899,-0.2420649,-0.192175,2.655461,-0.2860511,-0.2910001,2.624885,-0.1319819,-0.100238,2.710137,-0.134272,-0.3206381,2.725854,-0.2142466,-0.1777588,2.800418,-0.1719936,0.2539272,2.726676
72057594038008658,0,0.9909335,15577.2,-0.17797,-0.09776843,2.732391,-0.1640494,0.371604,2.724599,-0.1907868,0.2020058,2.648385,-0.2267864,0.05176616,2.610341,-0.1850353,-0.06607407,2.582103,-0.17132,-0.1056465,2.575102,-0.1334186,0.2042597,2.652175,-0.0979495,0.03679004,2.659853,-0.08302645,-0.1140543,2.665663,-0.07813835,-0.1646312,2.670015,-0.2209665,-0.08793053,2.710899,-0.2420649,-0.192175,2.655461,-0.2860511,-0.2910001,2.624885,-0.1319819,-0.100238,2.710137,-0.134272,-0.3206381,2.725854,-0.2142466,-0.1777588,2.800418,-0.1719936,0.2539272,2.726676
72057594038008658,0,0.9909335,15577.21,-0.17797,-0.09776843,2.732391,-0.1640494,0.371604,2.724599,-0.1907868,0.2020058,2.648385,-0.2267864,0.05176616,2.610341,-0.1850353,-0.06607407,2.582103,-0.17132,-0.1056465,2.575102,-0.1334186,0.2042597,2.652175,-0.0979495,0.03679004,2.659853,-0.08302645,-0.1140543,2.665663,-0.07813835,-0.1646312,2.670015,-0.2209665,-0.08793053,2.710899,-0.2420649,-0.192175,2.655461,-0.2860511,-0.2910001,2.624885,-0.1319819,-0.100238,2.710137,-0.134272,-0.3206381,2.725854,-0.2142466,-0.1777588,2.800418,-0.1719936,0.2539272,2.726676
72057594038008658,0,0.9909335,15577.21,-0.17797,-0.09776843,2.732391,-0.1640494,0.371604,2.724599,-0.1907868,0.2020058,2.648385,-0.2267864,0.05176616,2.610341,-0.1850353,-0.06607407,2.582103,-0.17132,-0.1056465,2.575102,-0.1334186,0.2042597,2.652175,-0.0979495,0.03679004,2.659853,-0.08302645,-0.1140543,2.665663,-0.07813835,-0.1646312,2.670015,-0.2209665,-0.08793053,2.710899,-0.2420649,-0.192175,2.655461,-0.2860511,-0.2910001,2.624885,-0.1319819,-0.100238,2.710137,-0.134272,-0.3206381,2.725854,-0.2142466,-0.1777588,2.800418,-0.1719936,0.2539272,2.726676
72057594038008658,0,0.9909335,15577.21,-0.17797,-0.09776843,2.732391,-0.1640494,0.371604,2.724599,-0.1907868,0.2020058,2.648385,-0.2267864,0.05176616,2.610341,-0.1850353,-0.06607407,2.582103,-0.17132,-0.1056465,2.575102,-0.1334186,0.2042597,2.652175,-0.0979495,0.03679004,2.659853,-0.08302645,-0.1140543,2.665663,-0.07813835,-0.1646312,2.670015,-0.2209665,-0.08793053,2.710899,-0.2420649,-0.192175,2.655461,-0.2860511,-0.2910001,2.624885,-0.1319819,-0.100238,2.710137,-0.134272,-0.3206381,2.725854,-0.2142466,-0.1777588,2.800418,-0.1719936,0.2539272,2.726676
72057594038008658,0,0.9909335,15577.21,-0.17797,-0.09776843,2.732391,-0.1640494,0.371604,2.724599,-0.1907868,0.2020058,2.648385,-0.2267864,0.05176616,2.610341,-0.1850353,-0.06607407,2.582103,-0.17132,-0.1056465,2.575102,-0.1334186,0.2042597,2.652175,-0.0979495,0.03679004,2.659853,-0.08302645,-0.1140543,2.665663,-0.07813835,-0.1646312,2.670015,-0.2209665,-0.08793053,2.710899,-0.2420649,-0.192175,2.655461,-0.2860511,-0.2910001,2.624885,-0.1319819,-0.100238,2.710137,-0.134272,-0.3206381,2.725854,-0.2142466,-0.1777588,2.800418,-0.1719936,0.2539272,2.726676
72057594038008658,0,0.9909335,15577.22,-0.17797,-0.09776843,2.732391,-0.1640494,0.371604,2.724599,-0.1907868,0.2020058,2.648385,-0.2267864,0.05176616,2.610341,-0.1850353,-0.06607407,2.582103,-0.17132,-0.1056465,2.575102,-0.1334186,0.2042597,2.652175,-0.0979495,0.03679004,2.659853,-0.08302645,-0.1140543,2.665663,-0.07813835,-0.1646312,2.670015,-0.2209665,-0.08793053,2.710899,-0.2420649,-0.192175,2.655461,-0.2860511,-0.2910001,2.624885,-0.1319819,-0.100238,2.710137,-0.134272,-0.3206381,2.725854,-0.2142466,-0.1777588,2.800418,-0.1719936,0.2539272,2.726676
72057594038008658,0,0.9909335,15577.22,-0.17797,-0.09776843,2.732391,-0.1640494,0.371604,2.724599,-0.1907868,0.2020058,2.648385,-0.2267864,0.05176616,2.610341,-0.1850353,-0.06607407,2.582103,-0.17132,-0.1056465,2.575102,-0.1334186,0.2042597,2.652175,-0.0979495,0.03679004,2.659853,-0.08302645,-0.1140543,2.665663,-0.07813835,-0.1646312,2.670015,-0.2209665,-0.08793053,2.710899,-0.2420649,-0.192175,2.655461,-0.2860511,-0.2910001,2.624885,-0.1319819,-0.100238,2.710137,-0.134272,-0.3206381,2.725854,-0.2142466,-0.1777588,2.800418,-0.1719936,0.2539272,2.726676
72057594038008658,0,0.9922394,15577.22,-0.1765419,-0.09931394,2.729554,-0.1634161,0.3715895,2.723443,-0.1886339,0.2022249,2.647742,-0.2220835,0.04989731,2.604425,-0.1860495,-0.07014459,2.581861,-0.1742363,-0.1104525,2.576751,-0.1348803,0.2043366,2.650822,-0.09960961,0.03760517,2.659819,-0.08501102,-0.1197261,2.666839,-0.08023252,-0.1724641,2.671595,-0.2200599,-0.08936012,2.706919,-0.2387553,-0.1905119,2.652198,-0.2853324,-0.2896566,2.624013,-0.1301112,-0.1019247,2.708116,-0.132035,-0.3216375,2.724215,-0.2188141,-0.1845934,2.801894,-0.1715228,0.2541383,2.726721
72057594038008658,0,0.9922394,15577.22,-0.1765419,-0.09931394,2.729554,-0.1634161,0.3715895,2.723443,-0.1886339,0.2022249,2.647742,-0.2220835,0.04989731,2.604425,-0.1860495,-0.07014459,2.581861,-0.1742363,-0.1104525,2.576751,-0.1348803,0.2043366,2.650822,-0.09960961,0.03760517,2.659819,-0.08501102,-0.1197261,2.666839,-0.08023252,-0.1724641,2.671595,-0.2200599,-0.08936012,2.706919,-0.2387553,-0.1905119,2.652198,-0.2853324,-0.2896566,2.624013,-0.1301112,-0.1019247,2.708116,-0.132035,-0.3216375,2.724215,-0.2188141,-0.1845934,2.801894,-0.1715228,0.2541383,2.726721
72057594038008658,0,0.9922394,15577.23,-0.1765419,-0.09931394,2.729554,-0.1634161,0.3715895,2.723443,-0.1886339,0.2022249,2.647742,-0.2220835,0.04989731,2.604425,-0.1860495,-0.07014459,2.581861,-0.1742363,-0.1104525,2.576751,-0.1348803,0.2043366,2.650822,-0.09960961,0.03760517,2.659819,-0.08501102,-0.1197261,2.666839,-0.08023252,-0.1724641,2.671595,-0.2200599,-0.08936012,2.706919,-0.2387553,-0.1905119,2.652198,-0.2853324,-0.2896566,2.624013,-0.1301112,-0.1019247,2.708116,-0.132035,-0.3216375,2.724215,-0.2188141,-0.1845934,2.801894,-0.1715228,0.2541383,2.726721
72057594038008658,0,0.9922394,15577.23,-0.1765419,-0.09931394,2.729554,-0.1634161,0.3715895,2.723443,-0.1886339,0.2022249,2.647742,-0.2220835,0.04989731,2.604425,-0.1860495,-0.07014459,2.581861,-0.1742363,-0.1104525,2.576751,-0.1348803,0.2043366,2.650822,-0.09960961,0.03760517,2.659819,-0.08501102,-0.1197261,2.666839,-0.08023252,-0.1724641,2.671595,-0.2200599,-0.08936012,2.706919,-0.2387553,-0.1905119,2.652198,-0.2853324,-0.2896566,2.624013,-0.1301112,-0.1019247,2.708116,-0.132035,-0.3216375,2.724215,-0.2188141,-0.1845934,2.801894,-0.1715228,0.2541383,2.726721
72057594038008658,0,0.9922394,15577.25,-0.1765419,-0.09931394,2.729554,-0.1634161,0.3715895,2.723443,-0.1886339,0.2022249,2.647742,-0.2220835,0.04989731,2.604425,-0.1860495,-0.07014459,2.581861,-0.1742363,-0.1104525,2.576751,-0.1348803,0.2043366,2.650822,-0.09960961,0.03760517,2.659819,-0.08501102,-0.1197261,2.666839,-0.08023252,-0.1724641,2.671595,-0.2200599,-0.08936012,2.706919,-0.2387553,-0.1905119,2.652198,-0.2853324,-0.2896566,2.624013,-0.1301112,-0.1019247,2.708116,-0.132035,-0.3216375,2.724215,-0.2188141,-0.1845934,2.801894,-0.1715228,0.2541383,2.726721
72057594038008658,0,0.9922394,15577.25,-0.1765419,-0.09931394,2.729554,-0.1634161,0.3715895,2.723443,-0.1886339,0.2022249,2.647742,-0.2220835,0.04989731,2.604425,-0.1860495,-0.07014459,2.581861,-0.1742363,-0.1104525,2.576751,-0.1348803,0.2043366,2.650822,-0.09960961,0.03760517,2.659819,-0.08501102,-0.1197261,2.666839,-0.08023252,-0.1724641,2.671595,-0.2200599,-0.08936012,2.706919,-0.2387553,-0.1905119,2.652198,-0.2853324,-0.2896566,2.624013,-0.1301112,-0.1019247,2.708116,-0.132035,-0.3216375,2.724215,-0.2188141,-0.1845934,2.801894,-0.1715228,0.2541383,2.726721
72057594038008658,0,0.9939655,15577.25,-0.1746538,-0.1013603,2.728316,-0.1634324,0.371552,2.72294,-0.1854144,0.202869,2.646869,-0.2111516,0.04837975,2.600007,-0.1887723,-0.07451516,2.578291,-0.1815013,-0.1157758,2.573465,-0.1369123,0.204323,2.649396,-0.1019737,0.03838843,2.660596,-0.2064139,-0.09497276,2.635877,-0.2326074,-0.1415141,2.637949,-0.2184639,-0.09115058,2.705187,-0.2379259,-0.1893931,2.650775,-0.2837268,-0.2882818,2.622198,-0.1279502,-0.1042272,2.707427,-0.121956,-0.3356497,2.726916,-0.2199421,-0.1871121,2.764258,-0.1714524,0.2540883,2.726679
72057594038008658,0,0.9939655,15577.26,-0.1746538,-0.1013603,2.728316,-0.1634324,0.371552,2.72294,-0.1854144,0.202869,2.646869,-0.2111516,0.04837975,2.600007,-0.1887723,-0.07451516,2.578291,-0.1815013,-0.1157758,2.573465,-0.1369123,0.204323,2.649396,-0.1019737,0.03838843,2.660596,-0.2064139,-0.09497276,2.635877,-0.2326074,-0.1415141,2.637949,-0.2184639,-0.09115058,2.705187,-0.2379259,-0.1893931,2.650775,-0.2837268,-0.2882818,2.622198,-0.1279502,-0.1042272,2.707427,-0.121956,-0.3356497,2.726916,-0.2199421,-0.1871121,2.764258,-0.1714524,0.2540883,2.726679
72057594038008658,0,0.9939655,15577.26,-0.1746538,-0.1013603,2.728316,-0.1634324,0.371552,2.72294,-0.1854144,0.202869,2.646869,-0.2111516,0.04837975,2.600007,-0.1887723,-0.07451516,2.578291,-0.1815013,-0.1157758,2.573465,-0.1369123,0.204323,2.649396,-0.1019737,0.03838843,2.660596,-0.2064139,-0.09497276,2.635877,-0.2326074,-0.1415141,2.637949,-0.2184639,-0.09115058,2.705187,-0.2379259,-0.1893931,2.650775,-0.2837268,-0.2882818,2.622198,-0.1279502,-0.1042272,2.707427,-0.121956,-0.3356497,2.726916,-0.2199421,-0.1871121,2.764258,-0.1714524,0.2540883,2.726679
72057594038008658,0,0.9939655,15577.27,-0.1746538,-0.1013603,2.728316,-0.1634324,0.371552,2.72294,-0.1854144,0.202869,2.646869,-0.2111516,0.04837975,2.600007,-0.1887723,-0.07451516,2.578291,-0.1815013,-0.1157758,2.573465,-0.1369123,0.204323,2.649396,-0.1019737,0.03838843,2.660596,-0.2064139,-0.09497276,2.635877,-0.2326074,-0.1415141,2.637949,-0.2184639,-0.09115058,2.705187,-0.2379259,-0.1893931,2.650775,-0.2837268,-0.2882818,2.622198,-0.1279502,-0.1042272,2.707427,-0.121956,-0.3356497,2.726916,-0.2199421,-0.1871121,2.764258,-0.1714524,0.2540883,2.726679
72057594038008658,0,0.9939655,15577.27,-0.1746538,-0.1013603,2.728316,-0.1634324,0.371552,2.72294,-0.1854144,0.202869,2.646869,-0.2111516,0.04837975,2.600007,-0.1887723,-0.07451516,2.578291,-0.1815013,-0.1157758,2.573465,-0.1369123,0.204323,2.649396,-0.1019737,0.03838843,2.660596,-0.2064139,-0.09497276,2.635877,-0.2326074,-0.1415141,2.637949,-0.2184639,-0.09115058,2.705187,-0.2379259,-0.1893931,2.650775,-0.2837268,-0.2882818,2.622198,-0.1279502,-0.1042272,2.707427,-0.121956,-0.3356497,2.726916,-0.2199421,-0.1871121,2.764258,-0.1714524,0.2540883,2.726679
72057594038008658,0,0.9939655,15577.27,-0.1746538,-0.1013603,2.728316,-0.1634324,0.371552,2.72294,-0.1854144,0.202869,2.646869,-0.2111516,0.04837975,2.600007,-0.1887723,-0.07451516,2.578291,-0.1815013,-0.1157758,2.573465,-0.1369123,0.204323,2.649396,-0.1019737,0.03838843,2.660596,-0.2064139,-0.09497276,2.635877,-0.2326074,-0.1415141,2.637949,-0.2184639,-0.09115058,2.705187,-0.2379259,-0.1893931,2.650775,-0.2837268,-0.2882818,2.622198,-0.1279502,-0.1042272,2.707427,-0.121956,-0.3356497,2.726916,-0.2199421,-0.1871121,2.764258,-0.1714524,0.2540883,2.726679
72057594038008658,0,0.9939655,15577.27,-0.1746538,-0.1013603,2.728316,-0.1634324,0.371552,2.72294,-0.1854144,0.202869,2.646869,-0.2111516,0.04837975,2.600007,-0.1887723,-0.07451516,2.578291,-0.1815013,-0.1157758,2.573465,-0.1369123,0.204323,2.649396,-0.1019737,0.03838843,2.660596,-0.2064139,-0.09497276,2.635877,-0.2326074,-0.1415141,2.637949,-0.2184639,-0.09115058,2.705187,-0.2379259,-0.1893931,2.650775,-0.2837268,-0.2882818,2.622198,-0.1279502,-0.1042272,2.707427,-0.121956,-0.3356497,2.726916,-0.2199421,-0.1871121,2.764258,-0.1714524,0.2540883,2.726679
72057594038008658,0,0.9939655,15577.28,-0.1746538,-0.1013603,2.728316,-0.1634324,0.371552,2.72294,-0.1854144,0.202869,2.646869,-0.2111516,0.04837975,2.600007,-0.1887723,-0.07451516,2.578291,-0.1815013,-0.1157758,2.573465,-0.1369123,0.204323,2.649396,-0.1019737,0.03838843,2.660596,-0.2064139,-0.09497276,2.635877,-0.2326074,-0.1415141,2.637949,-0.2184639,-0.09115058,2.705187,-0.2379259,-0.1893931,2.650775,-0.2837268,-0.2882818,2.622198,-0.1279502,-0.1042272,2.707427,-0.121956,-0.3356497,2.726916,-0.2199421,-0.1871121,2.764258,-0.1714524,0.2540883,2.726679
72057594038008658,0,0.9939655,15577.28,-0.1746538,-0.1013603,2.728316,-0.1634324,0.371552,2.72294,-0.1854144,0.202869,2.646869,-0.2111516,0.04837975,2.600007,-0.1887723,-0.07451516,2.578291,-0.1815013,-0.1157758,2.573465,-0.1369123,0.204323,2.649396,-0.1019737,0.03838843,2.660596,-0.2064139,-0.09497276,2.635877,-0.2326074,-0.1415141,2.637949,-0.2184639,-0.09115058,2.705187,-0.2379259,-0.1893931,2.650775,-0.2837268,-0.2882818,2.622198,-0.1279502,-0.1042272,2.707427,-0.121956,-0.3356497,2.726916,-0.2199421,-0.1871121,2.764258,-0.1714524,0.2540883,2.726679
72057594038008658,0,0.9939655,15577.28,-0.1746538,-0.1013603,2.728316,-0.1634324,0.371552,2.72294,-0.1854144,0.202869,2.646869,-0.2111516,0.04837975,2.600007,-0.1887723,-0.07451516,2.578291,-0.1815013,-0.1157758,2.573465,-0.1369123,0.204323,2.649396,-0.1019737,0.03838843,2.660596,-0.2064139,-0.09497276,2.635877,-0.2326074,-0.1415141,2.637949,-0.2184639,-0.09115058,2.705187,-0.2379259,-0.1893931,2.650775,-0.2837268,-0.2882818,2.622198,-0.1279502,-0.1042272,2.707427,-0.121956,-0.3356497,2.726916,-0.2199421,-0.1871121,2.764258,-0.1714524,0.2540883,2.726679
72057594038008658,0,0.9939655,15577.29,-0.1746538,-0.1013603,2.728316,-0.1634324,0.371552,2.72294,-0.1854144,0.202869,2.646869,-0.2111516,0.04837975,2.600007,-0.1887723,-0.07451516,2.578291,-0.1815013,-0.1157758,2.573465,-0.1369123,0.204323,2.649396,-0.1019737,0.03838843,2.660596,-0.2064139,-0.09497276,2.635877,-0.2326074,-0.1415141,2.637949,-0.2184639,-0.09115058,2.705187,-0.2379259,-0.1893931,2.650775,-0.2837268,-0.2882818,2.622198,-0.1279502,-0.1042272,2.707427,-0.121956,-0.3356497,2.726916,-0.2199421,-0.1871121,2.764258,-0.1714524,0.2540883,2.726679
72057594038008658,0,0.9963439,15577.29,-0.1723185,-0.1040937,2.723302,-0.1634163,0.3713711,2.722503,-0.1823287,0.2033777,2.646243,-0.2014415,0.04996285,2.594036,-0.194991,-0.07571247,2.57989,-0.1849308,-0.1123033,2.608798,-0.1379545,0.2038911,2.647847,-0.1845852,0.04823881,2.583623,-0.211407,-0.104552,2.634441,-0.2271951,-0.1401536,2.63557,-0.217106,-0.09423554,2.699851,-0.2367589,-0.1919692,2.648752,-0.283476,-0.2882165,2.621462,-0.1247157,-0.1065541,2.70273,-0.13489,-0.3239813,2.729217,-0.2074376,-0.164695,2.777672,-0.1710705,0.2540819,2.726262
72057594038008658,0,0.9963439,15577.29,-0.1723185,-0.1040937,2.723302,-0.1634163,0.3713711,2.722503,-0.1823287,0.2033777,2.646243,-0.2014415,0.04996285,2.594036,-0.194991,-0.07571247,2.57989,-0.1849308,-0.1123033,2.608798,-0.1379545,0.2038911,2.647847,-0.1845852,0.04823881,2.583623,-0.211407,-0.104552,2.634441,-0.2271951,-0.1401536,2.63557,-0.217106,-0.09423554,2.699851,-0.2367589,-0.1919692,2.648752,-0.283476,-0.2882165,2.621462,-0.1247157,-0.1065541,2.70273,-0.13489,-0.3239813,2.729217,-0.2074376,-0.164695,2.777672,-0.1710705,0.2540819,2.726262
72057594038008658,0,0.9963439,15577.29,-0.1723185,-0.1040937,2.723302,-0.1634163,0.3713711,2.722503,-0.1823287,0.2033777,2.646243,-0.2014415,0.04996285,2.594036,-0.194991,-0.07571247,2.57989,-0.1849308,-0.1123033,2.608798,-0.1379545,0.2038911,2.647847,-0.1845852,0.04823881,2.583623,-0.211407,-0.104552,2.634441,-0.2271951,-0.1401536,2.63557,-0.217106,-0.09423554,2.699851,-0.2367589,-0.1919692,2.648752,-0.283476,-0.2882165,2.621462,-0.1247157,-0.1065541,2.70273,-0.13489,-0.3239813,2.729217,-0.2074376,-0.164695,2.777672,-0.1710705,0.2540819,2.726262
72057594038008658,0,0.9963439,15577.3,-0.1723185,-0.1040937,2.723302,-0.1634163,0.3713711,2.722503,-0.1823287,0.2033777,2.646243,-0.2014415,0.04996285,2.594036,-0.194991,-0.07571247,2.57989,-0.1849308,-0.1123033,2.608798,-0.1379545,0.2038911,2.647847,-0.1845852,0.04823881,2.583623,-0.211407,-0.104552,2.634441,-0.2271951,-0.1401536,2.63557,-0.217106,-0.09423554,2.699851,-0.2367589,-0.1919692,2.648752,-0.283476,-0.2882165,2.621462,-0.1247157,-0.1065541,2.70273,-0.13489,-0.3239813,2.729217,-0.2074376,-0.164695,2.777672,-0.1710705,0.2540819,2.726262
72057594038008658,0,0.9963439,15577.3,-0.1723185,-0.1040937,2.723302,-0.1634163,0.3713711,2.722503,-0.1823287,0.2033777,2.646243,-0.2014415,0.04996285,2.594036,-0.194991,-0.07571247,2.57989,-0.1849308,-0.1123033,2.608798,-0.1379545,0.2038911,2.647847,-0.1845852,0.04823881,2.583623,-0.211407,-0.104552,2.634441,-0.2271951,-0.1401536,2.63557,-0.217106,-0.09423554,2.699851,-0.2367589,-0.1919692,2.648752,-0.283476,-0.2882165,2.621462,-0.1247157,-0.1065541,2.70273,-0.13489,-0.3239813,2.729217,-0.2074376,-0.164695,2.777672,-0.1710705,0.2540819,2.726262
72057594038008658,0,0.9963439,15577.3,-0.1723185,-0.1040937,2.723302,-0.1634163,0.3713711,2.722503,-0.1823287,0.2033777,2.646243,-0.2014415,0.04996285,2.594036,-0.194991,-0.07571247,2.57989,-0.1849308,-0.1123033,2.608798,-0.1379545,0.2038911,2.647847,-0.1845852,0.04823881,2.583623,-0.211407,-0.104552,2.634441,-0.2271951,-0.1401536,2.63557,-0.217106,-0.09423554,2.699851,-0.2367589,-0.1919692,2.648752,-0.283476,-0.2882165,2.621462,-0.1247157,-0.1065541,2.70273,-0.13489,-0.3239813,2.729217,-0.2074376,-0.164695,2.777672,-0.1710705,0.2540819,2.726262
72057594038008658,0,0.9963439,15577.31,-0.1723185,-0.1040937,2.723302,-0.1634163,0.3713711,2.722503,-0.1823287,0.2033777,2.646243,-0.2014415,0.04996285,2.594036,-0.194991,-0.07571247,2.57989,-0.1849308,-0.1123033,2.608798,-0.1379545,0.2038911,2.647847,-0.1845852,0.04823881,2.583623,-0.211407,-0.104552,2.634441,-0.2271951,-0.1401536,2.63557,-0.217106,-0.09423554,2.699851,-0.2367589,-0.1919692,2.648752,-0.283476,-0.2882165,2.621462,-0.1247157,-0.1065541,2.70273,-0.13489,-0.3239813,2.729217,-0.2074376,-0.164695,2.777672,-0.1710705,0.2540819,2.726262
72057594038008658,0,0.9963439,15577.31,-0.1723185,-0.1040937,2.723302,-0.1634163,0.3713711,2.722503,-0.1823287,0.2033777,2.646243,-0.2014415,0.04996285,2.594036,-0.194991,-0.07571247,2.57989,-0.1849308,-0.1123033,2.608798,-0.1379545,0.2038911,2.647847,-0.1845852,0.04823881,2.583623,-0.211407,-0.104552,2.634441,-0.2271951,-0.1401536,2.63557,-0.217106,-0.09423554,2.699851,-0.2367589,-0.1919692,2.648752,-0.283476,-0.2882165,2.621462,-0.1247157,-0.1065541,2.70273,-0.13489,-0.3239813,2.729217,-0.2074376,-0.164695,2.777672,-0.1710705,0.2540819,2.726262
72057594038008658,0,0.9963439,15577.31,-0.1723185,-0.1040937,2.723302,-0.1634163,0.3713711,2.722503,-0.1823287,0.2033777,2.646243,-0.2014415,0.04996285,2.594036,-0.194991,-0.07571247,2.57989,-0.1849308,-0.1123033,2.608798,-0.1379545,0.2038911,2.647847,-0.1845852,0.04823881,2.583623,-0.211407,-0.104552,2.634441,-0.2271951,-0.1401536,2.63557,-0.217106,-0.09423554,2.699851,-0.2367589,-0.1919692,2.648752,-0.283476,-0.2882165,2.621462,-0.1247157,-0.1065541,2.70273,-0.13489,-0.3239813,2.729217,-0.2074376,-0.164695,2.777672,-0.1710705,0.2540819,2.726262
72057594038008658,0,0.9963439,15577.32,-0.1723185,-0.1040937,2.723302,-0.1634163,0.3713711,2.722503,-0.1823287,0.2033777,2.646243,-0.2014415,0.04996285,2.594036,-0.194991,-0.07571247,2.57989,-0.1849308,-0.1123033,2.608798,-0.1379545,0.2038911,2.647847,-0.1845852,0.04823881,2.583623,-0.211407,-0.104552,2.634441,-0.2271951,-0.1401536,2.63557,-0.217106,-0.09423554,2.699851,-0.2367589,-0.1919692,2.648752,-0.283476,-0.2882165,2.621462,-0.1247157,-0.1065541,2.70273,-0.13489,-0.3239813,2.729217,-0.2074376,-0.164695,2.777672,-0.1710705,0.2540819,2.726262
72057594038008658,0,0.9963439,15577.32,-0.1723185,-0.1040937,2.723302,-0.1634163,0.3713711,2.722503,-0.1823287,0.2033777,2.646243,-0.2014415,0.04996285,2.594036,-0.194991,-0.07571247,2.57989,-0.1849308,-0.1123033,2.608798,-0.1379545,0.2038911,2.647847,-0.1845852,0.04823881,2.583623,-0.211407,-0.104552,2.634441,-0.2271951,-0.1401536,2.63557,-0.217106,-0.09423554,2.699851,-0.2367589,-0.1919692,2.648752,-0.283476,-0.2882165,2.621462,-0.1247157,-0.1065541,2.70273,-0.13489,-0.3239813,2.729217,-0.2074376,-0.164695,2.777672,-0.1710705,0.2540819,2.726262
72057594038008658,0,0.999019,15577.32,-0.172602,-0.1067099,2.719817,-0.1637836,0.3712899,2.721906,-0.1792025,0.2034327,2.645527,-0.1427429,0.06522733,2.59538,-0.1743396,-0.04944786,2.545903,-0.1850005,-0.08795741,2.531828,-0.1384103,0.2037689,2.646933,-0.1779898,0.04779279,2.583626,-0.2067305,-0.1125006,2.628016,-0.2160789,-0.1584578,2.620513,-0.2181647,-0.09712139,2.696418,-0.2338595,-0.1914421,2.644384,-0.2836632,-0.2888792,2.618031,-0.124292,-0.108869,2.699204,-0.1330434,-0.3237728,2.724924,-0.2120426,-0.1765292,2.794803,-0.1710308,0.2540135,2.726245
72057594038008658,0,0.999019,15577.33,-0.172602,-0.1067099,2.719817,-0.1637836,0.3712899,2.721906,-0.1792025,0.2034327,2.645527,-0.1427429,0.06522733,2.59538,-0.1743396,-0.04944786,2.545903,-0.1850005,-0.08795741,2.531828,-0.1384103,0.2037689,2.646933,-0.1779898,0.04779279,2.583626,-0.2067305,-0.1125006,2.628016,-0.2160789,-0.1584578,2.620513,-0.2181647,-0.09712139,2.696418,-0.2338595,-0.1914421,2.644384,-0.2836632,-0.2888792,2.618031,-0.124292,-0.108869,2.699204,-0.1330434,-0.3237728,2.724924,-0.2120426,-0.1765292,2.794803,-0.1710308,0.2540135,2.726245
72057594038008658,0,0.999019,15577.33,-0.172602,-0.1067099,2.719817,-0.1637836,0.3712899,2.721906,-0.1792025,0.2034327,2.645527,-0.1427429,0.06522733,2.59538,-0.1743396,-0.04944786,2.545903,-0.1850005,-0.08795741,2.531828,-0.1384103,0.2037689,2.646933,-0.1779898,0.04779279,2.583626,-0.2067305,-0.1125006,2.628016,-0.2160789,-0.1584578,2.620513,-0.2181647,-0.09712139,2.696418,-0.2338595,-0.1914421,2.644384,-0.2836632,-0.2888792,2.618031,-0.124292,-0.108869,2.699204,-0.1330434,-0.3237728,2.724924,-0.2120426,-0.1765292,2.794803,-0.1710308,0.2540135,2.726245
72057594038008658,0,0.999019,15577.34,-0.172602,-0.1067099,2.719817,-0.1637836,0.3712899,2.721906,-0.1792025,0.2034327,2.645527,-0.1427429,0.06522733,2.59538,-0.1743396,-0.04944786,2.545903,-0.1850005,-0.08795741,2.531828,-0.1384103,0.2037689,2.646933,-0.1779898,0.04779279,2.583626,-0.2067305,-0.1125006,2.628016,-0.2160789,-0.1584578,2.620513,-0.2181647,-0.09712139,2.696418,-0.2338595,-0.1914421,2.644384,-0.2836632,-0.2888792,2.618031,-0.124292,-0.108869,2.699204,-0.1330434,-0.3237728,2.724924,-0.2120426,-0.1765292,2.794803,-0.1710308,0.2540135,2.726245
72057594038008658,0,0.999019,15577.34,-0.172602,-0.1067099,2.719817,-0.1637836,0.3712899,2.721906,-0.1792025,0.2034327,2.645527,-0.1427429,0.06522733,2.59538,-0.1743396,-0.04944786,2.545903,-0.1850005,-0.08795741,2.531828,-0.1384103,0.2037689,2.646933,-0.1779898,0.04779279,2.583626,-0.2067305,-0.1125006,2.628016,-0.2160789,-0.1584578,2.620513,-0.2181647,-0.09712139,2.696418,-0.2338595,-0.1914421,2.644384,-0.2836632,-0.2888792,2.618031,-0.124292,-0.108869,2.699204,-0.1330434,-0.3237728,2.724924,-0.2120426,-0.1765292,2.794803,-0.1710308,0.2540135,2.726245
72057594038008658,0,0.999019,15577.34,-0.172602,-0.1067099,2.719817,-0.1637836,0.3712899,2.721906,-0.1792025,0.2034327,2.645527,-0.1427429,0.06522733,2.59538,-0.1743396,-0.04944786,2.545903,-0.1850005,-0.08795741,2.531828,-0.1384103,0.2037689,2.646933,-0.1779898,0.04779279,2.583626,-0.2067305,-0.1125006,2.628016,-0.2160789,-0.1584578,2.620513,-0.2181647,-0.09712139,2.696418,-0.2338595,-0.1914421,2.644384,-0.2836632,-0.2888792,2.618031,-0.124292,-0.108869,2.699204,-0.1330434,-0.3237728,2.724924,-0.2120426,-0.1765292,2.794803,-0.1710308,0.2540135,2.726245
72057594038008658,0,0.999019,15577.35,-0.172602,-0.1067099,2.719817,-0.1637836,0.3712899,2.721906,-0.1792025,0.2034327,2.645527,-0.1427429,0.06522733,2.59538,-0.1743396,-0.04944786,2.545903,-0.1850005,-0.08795741,2.531828,-0.1384103,0.2037689,2.646933,-0.1779898,0.04779279,2.583626,-0.2067305,-0.1125006,2.628016,-0.2160789,-0.1584578,2.620513,-0.2181647,-0.09712139,2.696418,-0.2338595,-0.1914421,2.644384,-0.2836632,-0.2888792,2.618031,-0.124292,-0.108869,2.699204,-0.1330434,-0.3237728,2.724924,-0.2120426,-0.1765292,2.794803,-0.1710308,0.2540135,2.726245
72057594038008658,0,0.999019,15577.35,-0.172602,-0.1067099,2.719817,-0.1637836,0.3712899,2.721906,-0.1792025,0.2034327,2.645527,-0.1427429,0.06522733,2.59538,-0.1743396,-0.04944786,2.545903,-0.1850005,-0.08795741,2.531828,-0.1384103,0.2037689,2.646933,-0.1779898,0.04779279,2.583626,-0.2067305,-0.1125006,2.628016,-0.2160789,-0.1584578,2.620513,-0.2181647,-0.09712139,2.696418,-0.2338595,-0.1914421,2.644384,-0.2836632,-0.2888792,2.618031,-0.124292,-0.108869,2.699204,-0.1330434,-0.3237728,2.724924,-0.2120426,-0.1765292,2.794803,-0.1710308,0.2540135,2.726245
72057594038008658,0,0.999019,15577.35,-0.172602,-0.1067099,2.719817,-0.1637836,0.3712899,2.721906,-0.1792025,0.2034327,2.645527,-0.1427429,0.06522733,2.59538,-0.1743396,-0.04944786,2.545903,-0.1850005,-0.08795741,2.531828,-0.1384103,0.2037689,2.646933,-0.1779898,0.04779279,2.583626,-0.2067305,-0.1125006,2.628016,-0.2160789,-0.1584578,2.620513,-0.2181647,-0.09712139,2.696418,-0.2338595,-0.1914421,2.644384,-0.2836632,-0.2888792,2.618031,-0.124292,-0.108869,2.699204,-0.1330434,-0.3237728,2.724924,-0.2120426,-0.1765292,2.794803,-0.1710308,0.2540135,2.726245
72057594038008658,0,0.9989625,15577.36,-0.1726459,-0.1066226,2.718381,-0.1640495,0.3710262,2.721673,-0.1755829,0.2041966,2.645217,-0.1464598,0.04438484,2.580093,-0.1721764,-0.07018709,2.527758,-0.1808812,-0.1086825,2.512728,-0.1388847,0.2032805,2.646329,-0.154224,0.04080036,2.584057,-0.1618565,-0.1010293,2.607508,-0.1878629,-0.1346729,2.614095,-0.2181124,-0.09781578,2.694699,-0.2322541,-0.1917922,2.64156,-0.2819768,-0.2899123,2.611721,-0.1244464,-0.1079905,2.697776,-0.135885,-0.3229732,2.727026,-0.2046808,-0.1667071,2.78909,-0.1710214,0.2540152,2.726239
72057594038008658,0,0.9989625,15577.36,-0.1726459,-0.1066226,2.718381,-0.1640495,0.3710262,2.721673,-0.1755829,0.2041966,2.645217,-0.1464598,0.04438484,2.580093,-0.1721764,-0.07018709,2.527758,-0.1808812,-0.1086825,2.512728,-0.1388847,0.2032805,2.646329,-0.154224,0.04080036,2.584057,-0.1618565,-0.1010293,2.607508,-0.1878629,-0.1346729,2.614095,-0.2181124,-0.09781578,2.694699,-0.2322541,-0.1917922,2.64156,-0.2819768,-0.2899123,2.611721,-0.1244464,-0.1079905,2.697776,-0.135885,-0.3229732,2.727026,-0.2046808,-0.1667071,2.78909,-0.1710214,0.2540152,2.726239
72057594038008658,0,0.9989625,15577.36,-0.1726459,-0.1066226,2.718381,-0.1640495,0.3710262,2.721673,-0.1755829,0.2041966,2.645217,-0.1464598,0.04438484,2.580093,-0.1721764,-0.07018709,2.527758,-0.1808812,-0.1086825,2.512728,-0.1388847,0.2032805,2.646329,-0.154224,0.04080036,2.584057,-0.1618565,-0.1010293,2.607508,-0.1878629,-0.1346729,2.614095,-0.2181124,-0.09781578,2.694699,-0.2322541,-0.1917922,2.64156,-0.2819768,-0.2899123,2.611721,-0.1244464,-0.1079905,2.697776,-0.135885,-0.3229732,2.727026,-0.2046808,-0.1667071,2.78909,-0.1710214,0.2540152,2.726239
72057594038008658,0,0.9989625,15577.36,-0.1726459,-0.1066226,2.718381,-0.1640495,0.3710262,2.721673,-0.1755829,0.2041966,2.645217,-0.1464598,0.04438484,2.580093,-0.1721764,-0.07018709,2.527758,-0.1808812,-0.1086825,2.512728,-0.1388847,0.2032805,2.646329,-0.154224,0.04080036,2.584057,-0.1618565,-0.1010293,2.607508,-0.1878629,-0.1346729,2.614095,-0.2181124,-0.09781578,2.694699,-0.2322541,-0.1917922,2.64156,-0.2819768,-0.2899123,2.611721,-0.1244464,-0.1079905,2.697776,-0.135885,-0.3229732,2.727026,-0.2046808,-0.1667071,2.78909,-0.1710214,0.2540152,2.726239
72057594038008658,0,0.9989625,15577.37,-0.1726459,-0.1066226,2.718381,-0.1640495,0.3710262,2.721673,-0.1755829,0.2041966,2.645217,-0.1464598,0.04438484,2.580093,-0.1721764,-0.07018709,2.527758,-0.1808812,-0.1086825,2.512728,-0.1388847,0.2032805,2.646329,-0.154224,0.04080036,2.584057,-0.1618565,-0.1010293,2.607508,-0.1878629,-0.1346729,2.614095,-0.2181124,-0.09781578,2.694699,-0.2322541,-0.1917922,2.64156,-0.2819768,-0.2899123,2.611721,-0.1244464,-0.1079905,2.697776,-0.135885,-0.3229732,2.727026,-0.2046808,-0.1667071,2.78909,-0.1710214,0.2540152,2.726239
72057594038008658,0,0.9989625,15577.37,-0.1726459,-0.1066226,2.718381,-0.1640495,0.3710262,2.721673,-0.1755829,0.2041966,2.645217,-0.1464598,0.04438484,2.580093,-0.1721764,-0.07018709,2.527758,-0.1808812,-0.1086825,2.512728,-0.1388847,0.2032805,2.646329,-0.154224,0.04080036,2.584057,-0.1618565,-0.1010293,2.607508,-0.1878629,-0.1346729,2.614095,-0.2181124,-0.09781578,2.694699,-0.2322541,-0.1917922,2.64156,-0.2819768,-0.2899123,2.611721,-0.1244464,-0.1079905,2.697776,-0.135885,-0.3229732,2.727026,-0.2046808,-0.1667071,2.78909,-0.1710214,0.2540152,2.726239
72057594038008658,0,0.9989625,15577.37,-0.1726459,-0.1066226,2.718381,-0.1640495,0.3710262,2.721673,-0.1755829,0.2041966,2.645217,-0.1464598,0.04438484,2.580093,-0.1721764,-0.07018709,2.527758,-0.1808812,-0.1086825,2.512728,-0.1388847,0.2032805,2.646329,-0.154224,0.04080036,2.584057,-0.1618565,-0.1010293,2.607508,-0.1878629,-0.1346729,2.614095,-0.2181124,-0.09781578,2.694699,-0.2322541,-0.1917922,2.64156,-0.2819768,-0.2899123,2.611721,-0.1244464,-0.1079905,2.697776,-0.135885,-0.3229732,2.727026,-0.2046808,-0.1667071,2.78909,-0.1710214,0.2540152,2.726239
72057594038008658,0,0.9989625,15577.38,-0.1726459,-0.1066226,2.718381,-0.1640495,0.3710262,2.721673,-0.1755829,0.2041966,2.645217,-0.1464598,0.04438484,2.580093,-0.1721764,-0.07018709,2.527758,-0.1808812,-0.1086825,2.512728,-0.1388847,0.2032805,2.646329,-0.154224,0.04080036,2.584057,-0.1618565,-0.1010293,2.607508,-0.1878629,-0.1346729,2.614095,-0.2181124,-0.09781578,2.694699,-0.2322541,-0.1917922,2.64156,-0.2819768,-0.2899123,2.611721,-0.1244464,-0.1079905,2.697776,-0.135885,-0.3229732,2.727026,-0.2046808,-0.1667071,2.78909,-0.1710214,0.2540152,2.726239
72057594038008658,0,0.9989625,15577.39,-0.1726459,-0.1066226,2.718381,-0.1640495,0.3710262,2.721673,-0.1755829,0.2041966,2.645217,-0.1464598,0.04438484,2.580093,-0.1721764,-0.07018709,2.527758,-0.1808812,-0.1086825,2.512728,-0.1388847,0.2032805,2.646329,-0.154224,0.04080036,2.584057,-0.1618565,-0.1010293,2.607508,-0.1878629,-0.1346729,2.614095,-0.2181124,-0.09781578,2.694699,-0.2322541,-0.1917922,2.64156,-0.2819768,-0.2899123,2.611721,-0.1244464,-0.1079905,2.697776,-0.135885,-0.3229732,2.727026,-0.2046808,-0.1667071,2.78909,-0.1710214,0.2540152,2.726239
72057594038008658,0,1.00002,15577.39,-0.1731145,-0.1075898,2.716704,-0.1641971,0.3707756,2.721573,-0.1721421,0.206283,2.644705,-0.1465184,0.04627308,2.580043,-0.171076,-0.0681828,2.527802,-0.1793945,-0.1066379,2.512804,-0.138962,0.2028627,2.645905,-0.1406992,0.03984323,2.584665,-0.1614279,-0.1011947,2.607948,-0.1856935,-0.1324404,2.614213,-0.218052,-0.0987179,2.694676,-0.3044032,-0.3018237,2.611507,-0.1433895,-0.215804,2.631639,-0.1262283,-0.1089394,2.692181,-0.1348789,-0.322287,2.726356,-0.2075219,-0.1695855,2.792457,-0.171042,0.253888,2.726253
72057594038008658,0,1.00002,15577.4,-0.1731145,-0.1075898,2.716704,-0.1641971,0.3707756,2.721573,-0.1721421,0.206283,2.644705,-0.1465184,0.04627308,2.580043,-0.171076,-0.0681828,2.527802,-0.1793945,-0.1066379,2.512804,-0.138962,0.2028627,2.645905,-0.1406992,0.03984323,2.584665,-0.1614279,-0.1011947,2.607948,-0.1856935,-0.1324404,2.614213,-0.218052,-0.0987179,2.694676,-0.3044032,-0.3018237,2.611507,-0.1433895,-0.215804,2.631639,-0.1262283,-0.1089394,2.692181,-0.1348789,-0.322287,2.726356,-0.2075219,-0.1695855,2.792457,-0.171042,0.253888,2.726253
72057594038008658,0,1.00002,15577.4,-0.1731145,-0.1075898,2.716704,-0.1641971,0.3707756,2.721573,-0.1721421,0.206283,2.644705,-0.1465184,0.04627308,2.580043,-0.171076,-0.0681828,2.527802,-0.1793945,-0.1066379,2.512804,-0.138962,0.2028627,2.645905,-0.1406992,0.03984323,2.584665,-0.1614279,-0.1011947,2.607948,-0.1856935,-0.1324404,2.614213,-0.218052,-0.0987179,2.694676,-0.3044032,-0.3018237,2.611507,-0.1433895,-0.215804,2.631639,-0.1262283,-0.1089394,2.692181,-0.1348789,-0.322287,2.726356,-0.2075219,-0.1695855,2.792457,-0.171042,0.253888,2.726253
72057594038008658,0,1.00002,15577.4,-0.1731145,-0.1075898,2.716704,-0.1641971,0.3707756,2.721573,-0.1721421,0.206283,2.644705,-0.1465184,0.04627308,2.580043,-0.171076,-0.0681828,2.527802,-0.1793945,-0.1066379,2.512804,-0.138962,0.2028627,2.645905,-0.1406992,0.03984323,2.584665,-0.1614279,-0.1011947,2.607948,-0.1856935,-0.1324404,2.614213,-0.218052,-0.0987179,2.694676,-0.3044032,-0.3018237,2.611507,-0.1433895,-0.215804,2.631639,-0.1262283,-0.1089394,2.692181,-0.1348789,-0.322287,2.726356,-0.2075219,-0.1695855,2.792457,-0.171042,0.253888,2.726253
72057594038008658,0,1.00002,15577.41,-0.1731145,-0.1075898,2.716704,-0.1641971,0.3707756,2.721573,-0.1721421,0.206283,2.644705,-0.1465184,0.04627308,2.580043,-0.171076,-0.0681828,2.527802,-0.1793945,-0.1066379,2.512804,-0.138962,0.2028627,2.645905,-0.1406992,0.03984323,2.584665,-0.1614279,-0.1011947,2.607948,-0.1856935,-0.1324404,2.614213,-0.218052,-0.0987179,2.694676,-0.3044032,-0.3018237,2.611507,-0.1433895,-0.215804,2.631639,-0.1262283,-0.1089394,2.692181,-0.1348789,-0.322287,2.726356,-0.2075219,-0.1695855,2.792457,-0.171042,0.253888,2.726253
72057594038008658,0,1.00002,15577.41,-0.1731145,-0.1075898,2.716704,-0.1641971,0.3707756,2.721573,-0.1721421,0.206283,2.644705,-0.1465184,0.04627308,2.580043,-0.171076,-0.0681828,2.527802,-0.1793945,-0.1066379,2.512804,-0.138962,0.2028627,2.645905,-0.1406992,0.03984323,2.584665,-0.1614279,-0.1011947,2.607948,-0.1856935,-0.1324404,2.614213,-0.218052,-0.0987179,2.694676,-0.3044032,-0.3018237,2.611507,-0.1433895,-0.215804,2.631639,-0.1262283,-0.1089394,2.692181,-0.1348789,-0.322287,2.726356,-0.2075219,-0.1695855,2.792457,-0.171042,0.253888,2.726253
72057594038008658,0,1.00002,15577.41,-0.1731145,-0.1075898,2.716704,-0.1641971,0.3707756,2.721573,-0.1721421,0.206283,2.644705,-0.1465184,0.04627308,2.580043,-0.171076,-0.0681828,2.527802,-0.1793945,-0.1066379,2.512804,-0.138962,0.2028627,2.645905,-0.1406992,0.03984323,2.584665,-0.1614279,-0.1011947,2.607948,-0.1856935,-0.1324404,2.614213,-0.218052,-0.0987179,2.694676,-0.3044032,-0.3018237,2.611507,-0.1433895,-0.215804,2.631639,-0.1262283,-0.1089394,2.692181,-0.1348789,-0.322287,2.726356,-0.2075219,-0.1695855,2.792457,-0.171042,0.253888,2.726253
72057594038008658,0,1.00002,15577.41,-0.1731145,-0.1075898,2.716704,-0.1641971,0.3707756,2.721573,-0.1721421,0.206283,2.644705,-0.1465184,0.04627308,2.580043,-0.171076,-0.0681828,2.527802,-0.1793945,-0.1066379,2.512804,-0.138962,0.2028627,2.645905,-0.1406992,0.03984323,2.584665,-0.1614279,-0.1011947,2.607948,-0.1856935,-0.1324404,2.614213,-0.218052,-0.0987179,2.694676,-0.3044032,-0.3018237,2.611507,-0.1433895,-0.215804,2.631639,-0.1262283,-0.1089394,2.692181,-0.1348789,-0.322287,2.726356,-0.2075219,-0.1695855,2.792457,-0.171042,0.253888,2.726253
72057594038008658,0,1.00002,15577.42,-0.1731145,-0.1075898,2.716704,-0.1641971,0.3707756,2.721573,-0.1721421,0.206283,2.644705,-0.1465184,0.04627308,2.580043,-0.171076,-0.0681828,2.527802,-0.1793945,-0.1066379,2.512804,-0.138962,0.2028627,2.645905,-0.1406992,0.03984323,2.584665,-0.1614279,-0.1011947,2.607948,-0.1856935,-0.1324404,2.614213,-0.218052,-0.0987179,2.694676,-0.3044032,-0.3018237,2.611507,-0.1433895,-0.215804,2.631639,-0.1262283,-0.1089394,2.692181,-0.1348789,-0.322287,2.726356,-0.2075219,-0.1695855,2.792457,-0.171042,0.253888,2.726253
72057594038008658,0,1.00002,15577.42,-0.1731145,-0.1075898,2.716704,-0.1641971,0.3707756,2.721573,-0.1721421,0.206283,2.644705,-0.1465184,0.04627308,2.580043,-0.171076,-0.0681828,2.527802,-0.1793945,-0.1066379,2.512804,-0.138962,0.2028627,2.645905,-0.1406992,0.03984323,2.584665,-0.1614279,-0.1011947,2.607948,-0.1856935,-0.1324404,2.614213,-0.218052,-0.0987179,2.694676,-0.3044032,-0.3018237,2.611507,-0.1433895,-0.215804,2.631639,-0.1262283,-0.1089394,2.692181,-0.1348789,-0.322287,2.726356,-0.2075219,-0.1695855,2.792457,-0.171042,0.253888,2.726253
72057594038008658,0,1.000209,15577.43,-0.1727821,-0.1078007,2.715011,-0.1646317,0.3706789,2.721645,-0.1656086,0.2114539,2.643383,-0.1242499,0.05881083,2.580799,-0.1508783,-0.05523708,2.527702,-0.1598671,-0.09354526,2.51242,-0.1387222,0.2026097,2.645679,-0.0960439,0.05046052,2.595382,-0.1608692,-0.1015148,2.608122,-0.19062,-0.1477287,2.611508,-0.2150169,-0.09954807,2.694817,-0.2900579,-0.2817783,2.614309,-0.2834091,-0.2928939,2.602357,-0.1290454,-0.1085202,2.686476,-0.1377566,-0.3211064,2.728056,-0.1979997,-0.1605971,2.789598,-0.171139,0.2536629,2.72625
72057594038008658,0,1.000209,15577.43,-0.1727821,-0.1078007,2.715011,-0.1646317,0.3706789,2.721645,-0.1656086,0.2114539,2.643383,-0.1242499,0.05881083,2.580799,-0.1508783,-0.05523708,2.527702,-0.1598671,-0.09354526,2.51242,-0.1387222,0.2026097,2.645679,-0.0960439,0.05046052,2.595382,-0.1608692,-0.1015148,2.608122,-0.19062,-0.1477287,2.611508,-0.2150169,-0.09954807,2.694817,-0.2900579,-0.2817783,2.614309,-0.2834091,-0.2928939,2.602357,-0.1290454,-0.1085202,2.686476,-0.1377566,-0.3211064,2.728056,-0.1979997,-0.1605971,2.789598,-0.171139,0.2536629,2.72625
72057594038008658,0,1.000209,15577.44,-0.1727821,-0.1078007,2.715011,-0.1646317,0.3706789,2.721645,-0.1656086,0.2114539,2.643383,-0.1242499,0.05881083,2.580799,-0.1508783,-0.05523708,2.527702,-0.1598671,-0.09354526,2.51242,-0.1387222,0.2026097,2.645679,-0.0960439,0.05046052,2.595382,-0.1608692,-0.1015148,2.608122,-0.19062,-0.1477287,2.611508,-0.2150169,-0.09954807,2.694817,-0.2900579,-0.2817783,2.614309,-0.2834091,-0.2928939,2.602357,-0.1290454,-0.1085202,2.686476,-0.1377566,-0.3211064,2.728056,-0.1979997,-0.1605971,2.789598,-0.171139,0.2536629,2.72625
72057594038008658,0,1.000209,15577.44,-0.1727821,-0.1078007,2.715011,-0.1646317,0.3706789,2.721645,-0.1656086,0.2114539,2.643383,-0.1242499,0.05881083,2.580799,-0.1508783,-0.05523708,2.527702,-0.1598671,-0.09354526,2.51242,-0.1387222,0.2026097,2.645679,-0.0960439,0.05046052,2.595382,-0.1608692,-0.1015148,2.608122,-0.19062,-0.1477287,2.611508,-0.2150169,-0.09954807,2.694817,-0.2900579,-0.2817783,2.614309,-0.2834091,-0.2928939,2.602357,-0.1290454,-0.1085202,2.686476,-0.1377566,-0.3211064,2.728056,-0.1979997,-0.1605971,2.789598,-0.171139,0.2536629,2.72625
72057594038008658,0,1.000209,15577.44,-0.1727821,-0.1078007,2.715011,-0.1646317,0.3706789,2.721645,-0.1656086,0.2114539,2.643383,-0.1242499,0.05881083,2.580799,-0.1508783,-0.05523708,2.527702,-0.1598671,-0.09354526,2.51242,-0.1387222,0.2026097,2.645679,-0.0960439,0.05046052,2.595382,-0.1608692,-0.1015148,2.608122,-0.19062,-0.1477287,2.611508,-0.2150169,-0.09954807,2.694817,-0.2900579,-0.2817783,2.614309,-0.2834091,-0.2928939,2.602357,-0.1290454,-0.1085202,2.686476,-0.1377566,-0.3211064,2.728056,-0.1979997,-0.1605971,2.789598,-0.171139,0.2536629,2.72625
72057594038008658,0,1.000209,15577.45,-0.1727821,-0.1078007,2.715011,-0.1646317,0.3706789,2.721645,-0.1656086,0.2114539,2.643383,-0.1242499,0.05881083,2.580799,-0.1508783,-0.05523708,2.527702,-0.1598671,-0.09354526,2.51242,-0.1387222,0.2026097,2.645679,-0.0960439,0.05046052,2.595382,-0.1608692,-0.1015148,2.608122,-0.19062,-0.1477287,2.611508,-0.2150169,-0.09954807,2.694817,-0.2900579,-0.2817783,2.614309,-0.2834091,-0.2928939,2.602357,-0.1290454,-0.1085202,2.686476,-0.1377566,-0.3211064,2.728056,-0.1979997,-0.1605971,2.789598,-0.171139,0.2536629,2.72625
72057594038008658,0,1.000209,15577.45,-0.1727821,-0.1078007,2.715011,-0.1646317,0.3706789,2.721645,-0.1656086,0.2114539,2.643383,-0.1242499,0.05881083,2.580799,-0.1508783,-0.05523708,2.527702,-0.1598671,-0.09354526,2.51242,-0.1387222,0.2026097,2.645679,-0.0960439,0.05046052,2.595382,-0.1608692,-0.1015148,2.608122,-0.19062,-0.1477287,2.611508,-0.2150169,-0.09954807,2.694817,-0.2900579,-0.2817783,2.614309,-0.2834091,-0.2928939,2.602357,-0.1290454,-0.1085202,2.686476,-0.1377566,-0.3211064,2.728056,-0.1979997,-0.1605971,2.789598,-0.171139,0.2536629,2.72625
72057594038008658,0,1.000209,15577.45,-0.1727821,-0.1078007,2.715011,-0.1646317,0.3706789,2.721645,-0.1656086,0.2114539,2.643383,-0.1242499,0.05881083,2.580799,-0.1508783,-0.05523708,2.527702,-0.1598671,-0.09354526,2.51242,-0.1387222,0.2026097,2.645679,-0.0960439,0.05046052,2.595382,-0.1608692,-0.1015148,2.608122,-0.19062,-0.1477287,2.611508,-0.2150169,-0.09954807,2.694817,-0.2900579,-0.2817783,2.614309,-0.2834091,-0.2928939,2.602357,-0.1290454,-0.1085202,2.686476,-0.1377566,-0.3211064,2.728056,-0.1979997,-0.1605971,2.789598,-0.171139,0.2536629,2.72625
72057594038008658,0,0.9967729,15577.46,-0.1768912,-0.1035907,2.711757,-0.1661583,0.3710804,2.720427,-0.1642797,0.2119926,2.643306,-0.0939447,0.06730828,2.574565,-0.1103715,-0.04816002,2.520964,-0.1159325,-0.0869351,2.505516,-0.1379349,0.2023828,2.64524,-0.08770493,0.04346144,2.596807,-0.1583792,-0.1015719,2.607543,-0.1894652,-0.1463279,2.609434,-0.2199798,-0.09401879,2.70144,-0.2916748,-0.2853737,2.612335,-0.2825242,-0.295005,2.595984,-0.1353631,-0.1018439,2.66889,-0.1373293,-0.3203834,2.726857,-0.1980544,-0.1625965,2.794338,-0.1710985,0.2535281,2.726284
72057594038008658,0,0.9967729,15577.46,-0.1768912,-0.1035907,2.711757,-0.1661583,0.3710804,2.720427,-0.1642797,0.2119926,2.643306,-0.0939447,0.06730828,2.574565,-0.1103715,-0.04816002,2.520964,-0.1159325,-0.0869351,2.505516,-0.1379349,0.2023828,2.64524,-0.08770493,0.04346144,2.596807,-0.1583792,-0.1015719,2.607543,-0.1894652,-0.1463279,2.609434,-0.2199798,-0.09401879,2.70144,-0.2916748,-0.2853737,2.612335,-0.2825242,-0.295005,2.595984,-0.1353631,-0.1018439,2.66889,-0.1373293,-0.3203834,2.726857,-0.1980544,-0.1625965,2.794338,-0.1710985,0.2535281,2.726284
72057594038008658,0,0.9967729,15577.46,-0.1768912,-0.1035907,2.711757,-0.1661583,0.3710804,2.720427,-0.1642797,0.2119926,2.643306,-0.0939447,0.06730828,2.574565,-0.1103715,-0.04816002,2.520964,-0.1159325,-0.0869351,2.505516,-0.1379349,0.2023828,2.64524,-0.08770493,0.04346144,2.596807,-0.1583792,-0.1015719,2.607543,-0.1894652,-0.1463279,2.609434,-0.2199798,-0.09401879,2.70144,-0.2916748,-0.2853737,2.612335,-0.2825242,-0.295005,2.595984,-0.1353631,-0.1018439,2.66889,-0.1373293,-0.3203834,2.726857,-0.1980544,-0.1625965,2.794338,-0.1710985,0.2535281,2.726284
72057594038008658,0,0.9967729,15577.46,-0.1768912,-0.1035907,2.711757,-0.1661583,0.3710804,2.720427,-0.1642797,0.2119926,2.643306,-0.0939447,0.06730828,2.574565,-0.1103715,-0.04816002,2.520964,-0.1159325,-0.0869351,2.505516,-0.1379349,0.2023828,2.64524,-0.08770493,0.04346144,2.596807,-0.1583792,-0.1015719,2.607543,-0.1894652,-0.1463279,2.609434,-0.2199798,-0.09401879,2.70144,-0.2916748,-0.2853737,2.612335,-0.2825242,-0.295005,2.595984,-0.1353631,-0.1018439,2.66889,-0.1373293,-0.3203834,2.726857,-0.1980544,-0.1625965,2.794338,-0.1710985,0.2535281,2.726284
72057594038008658,0,0.9967729,15577.47,-0.1768912,-0.1035907,2.711757,-0.1661583,0.3710804,2.720427,-0.1642797,0.2119926,2.643306,-0.0939447,0.06730828,2.574565,-0.1103715,-0.04816002,2.520964,-0.1159325,-0.0869351,2.505516,-0.1379349,0.2023828,2.64524,-0.08770493,0.04346144,2.596807,-0.1583792,-0.1015719,2.607543,-0.1894652,-0.1463279,2.609434,-0.2199798,-0.09401879,2.70144,-0.2916748,-0.2853737,2.612335,-0.2825242,-0.295005,2.595984,-0.1353631,-0.1018439,2.66889,-0.1373293,-0.3203834,2.726857,-0.1980544,-0.1625965,2.794338,-0.1710985,0.2535281,2.726284
72057594038008658,0,0.9967729,15577.47,-0.1768912,-0.1035907,2.711757,-0.1661583,0.3710804,2.720427,-0.1642797,0.2119926,2.643306,-0.0939447,0.06730828,2.574565,-0.1103715,-0.04816002,2.520964,-0.1159325,-0.0869351,2.505516,-0.1379349,0.2023828,2.64524,-0.08770493,0.04346144,2.596807,-0.1583792,-0.1015719,2.607543,-0.1894652,-0.1463279,2.609434,-0.2199798,-0.09401879,2.70144,-0.2916748,-0.2853737,2.612335,-0.2825242,-0.295005,2.595984,-0.1353631,-0.1018439,2.66889,-0.1373293,-0.3203834,2.726857,-0.1980544,-0.1625965,2.794338,-0.1710985,0.2535281,2.726284
72057594038008658,0,0.9967729,15577.47,-0.1768912,-0.1035907,2.711757,-0.1661583,0.3710804,2.720427,-0.1642797,0.2119926,2.643306,-0.0939447,0.06730828,2.574565,-0.1103715,-0.04816002,2.520964,-0.1159325,-0.0869351,2.505516,-0.1379349,0.2023828,2.64524,-0.08770493,0.04346144,2.596807,-0.1583792,-0.1015719,2.607543,-0.1894652,-0.1463279,2.609434,-0.2199798,-0.09401879,2.70144,-0.2916748,-0.2853737,2.612335,-0.2825242,-0.295005,2.595984,-0.1353631,-0.1018439,2.66889,-0.1373293,-0.3203834,2.726857,-0.1980544,-0.1625965,2.794338,-0.1710985,0.2535281,2.726284
72057594038008658,0,0.9967729,15577.48,-0.1768912,-0.1035907,2.711757,-0.1661583,0.3710804,2.720427,-0.1642797,0.2119926,2.643306,-0.0939447,0.06730828,2.574565,-0.1103715,-0.04816002,2.520964,-0.1159325,-0.0869351,2.505516,-0.1379349,0.2023828,2.64524,-0.08770493,0.04346144,2.596807,-0.1583792,-0.1015719,2.607543,-0.1894652,-0.1463279,2.609434,-0.2199798,-0.09401879,2.70144,-0.2916748,-0.2853737,2.612335,-0.2825242,-0.295005,2.595984,-0.1353631,-0.1018439,2.66889,-0.1373293,-0.3203834,2.726857,-0.1980544,-0.1625965,2.794338,-0.1710985,0.2535281,2.726284
72057594038008658,0,0.9967729,15577.48,-0.1768912,-0.1035907,2.711757,-0.1661583,0.3710804,2.720427,-0.1642797,0.2119926,2.643306,-0.0939447,0.06730828,2.574565,-0.1103715,-0.04816002,2.520964,-0.1159325,-0.0869351,2.505516,-0.1379349,0.2023828,2.64524,-0.08770493,0.04346144,2.596807,-0.1583792,-0.1015719,2.607543,-0.1894652,-0.1463279,2.609434,-0.2199798,-0.09401879,2.70144,-0.2916748,-0.2853737,2.612335,-0.2825242,-0.295005,2.595984,-0.1353631,-0.1018439,2.66889,-0.1373293,-0.3203834,2.726857,-0.1980544,-0.1625965,2.794338,-0.1710985,0.2535281,2.726284
72057594038008658,0,0.9967729,15577.48,-0.1768912,-0.1035907,2.711757,-0.1661583,0.3710804,2.720427,-0.1642797,0.2119926,2.643306,-0.0939447,0.06730828,2.574565,-0.1103715,-0.04816002,2.520964,-0.1159325,-0.0869351,2.505516,-0.1379349,0.2023828,2.64524,-0.08770493,0.04346144,2.596807,-0.1583792,-0.1015719,2.607543,-0.1894652,-0.1463279,2.609434,-0.2199798,-0.09401879,2.70144,-0.2916748,-0.2853737,2.612335,-0.2825242,-0.295005,2.595984,-0.1353631,-0.1018439,2.66889,-0.1373293,-0.3203834,2.726857,-0.1980544,-0.1625965,2.794338,-0.1710985,0.2535281,2.726284
72057594038008658,0,0.9967729,15577.49,-0.1768912,-0.1035907,2.711757,-0.1661583,0.3710804,2.720427,-0.1642797,0.2119926,2.643306,-0.0939447,0.06730828,2.574565,-0.1103715,-0.04816002,2.520964,-0.1159325,-0.0869351,2.505516,-0.1379349,0.2023828,2.64524,-0.08770493,0.04346144,2.596807,-0.1583792,-0.1015719,2.607543,-0.1894652,-0.1463279,2.609434,-0.2199798,-0.09401879,2.70144,-0.2916748,-0.2853737,2.612335,-0.2825242,-0.295005,2.595984,-0.1353631,-0.1018439,2.66889,-0.1373293,-0.3203834,2.726857,-0.1980544,-0.1625965,2.794338,-0.1710985,0.2535281,2.726284
72057594038008658,0,0.9944668,15577.49,-0.1769402,-0.1012205,2.710717,-0.1685835,0.3714899,2.71976,-0.1640425,0.2121427,2.643333,-0.09492435,0.05909061,2.601633,-0.1022484,-0.05892107,2.552948,-0.1047748,-0.09854782,2.539139,-0.1351511,0.2039657,2.644272,-0.07733305,0.05085164,2.585295,-0.1544768,-0.09765491,2.606054,-0.1864589,-0.1401624,2.610769,-0.2203692,-0.09227496,2.707808,-0.2904383,-0.2827412,2.610622,-0.2814941,-0.2957507,2.590195,-0.1331876,-0.09647888,2.661285,-0.1410783,-0.3199354,2.728548,-0.1677554,-0.1458021,2.779046,-0.1710753,0.253513,2.726339
72057594038008658,0,0.9944668,15577.49,-0.1769402,-0.1012205,2.710717,-0.1685835,0.3714899,2.71976,-0.1640425,0.2121427,2.643333,-0.09492435,0.05909061,2.601633,-0.1022484,-0.05892107,2.552948,-0.1047748,-0.09854782,2.539139,-0.1351511,0.2039657,2.644272,-0.07733305,0.05085164,2.585295,-0.1544768,-0.09765491,2.606054,-0.1864589,-0.1401624,2.610769,-0.2203692,-0.09227496,2.707808,-0.2904383,-0.2827412,2.610622,-0.2814941,-0.2957507,2.590195,-0.1331876,-0.09647888,2.661285,-0.1410783,-0.3199354,2.728548,-0.1677554,-0.1458021,2.779046,-0.1710753,0.253513,2.726339
72057594038008658,0,0.9944668,15577.49,-0.1769402,-0.1012205,2.710717,-0.1685835,0.3714899,2.71976,-0.1640425,0.2121427,2.643333,-0.09492435,0.05909061,2.601633,-0.1022484,-0.05892107,2.552948,-0.1047748,-0.09854782,2.539139,-0.1351511,0.2039657,2.644272,-0.07733305,0.05085164,2.585295,-0.1544768,-0.09765491,2.606054,-0.1864589,-0.1401624,2.610769,-0.2203692,-0.09227496,2.707808,-0.2904383,-0.2827412,2.610622,-0.2814941,-0.2957507,2.590195,-0.1331876,-0.09647888,2.661285,-0.1410783,-0.3199354,2.728548,-0.1677554,-0.1458021,2.779046,-0.1710753,0.253513,2.726339
72057594038008658,0,0.9944668,15577.5,-0.1769402,-0.1012205,2.710717,-0.1685835,0.3714899,2.71976,-0.1640425,0.2121427,2.643333,-0.09492435,0.05909061,2.601633,-0.1022484,-0.05892107,2.552948,-0.1047748,-0.09854782,2.539139,-0.1351511,0.2039657,2.644272,-0.07733305,0.05085164,2.585295,-0.1544768,-0.09765491,2.606054,-0.1864589,-0.1401624,2.610769,-0.2203692,-0.09227496,2.707808,-0.2904383,-0.2827412,2.610622,-0.2814941,-0.2957507,2.590195,-0.1331876,-0.09647888,2.661285,-0.1410783,-0.3199354,2.728548,-0.1677554,-0.1458021,2.779046,-0.1710753,0.253513,2.726339
72057594038008658,0,0.9944668,15577.5,-0.1769402,-0.1012205,2.710717,-0.1685835,0.3714899,2.71976,-0.1640425,0.2121427,2.643333,-0.09492435,0.05909061,2.601633,-0.1022484,-0.05892107,2.552948,-0.1047748,-0.09854782,2.539139,-0.1351511,0.2039657,2.644272,-0.07733305,0.05085164,2.585295,-0.1544768,-0.09765491,2.606054,-0.1864589,-0.1401624,2.610769,-0.2203692,-0.09227496,2.707808,-0.2904383,-0.2827412,2.610622,-0.2814941,-0.2957507,2.590195,-0.1331876,-0.09647888,2.661285,-0.1410783,-0.3199354,2.728548,-0.1677554,-0.1458021,2.779046,-0.1710753,0.253513,2.726339
72057594038008658,0,0.9944668,15577.5,-0.1769402,-0.1012205,2.710717,-0.1685835,0.3714899,2.71976,-0.1640425,0.2121427,2.643333,-0.09492435,0.05909061,2.601633,-0.1022484,-0.05892107,2.552948,-0.1047748,-0.09854782,2.539139,-0.1351511,0.2039657,2.644272,-0.07733305,0.05085164,2.585295,-0.1544768,-0.09765491,2.606054,-0.1864589,-0.1401624,2.610769,-0.2203692,-0.09227496,2.707808,-0.2904383,-0.2827412,2.610622,-0.2814941,-0.2957507,2.590195,-0.1331876,-0.09647888,2.661285,-0.1410783,-0.3199354,2.728548,-0.1677554,-0.1458021,2.779046,-0.1710753,0.253513,2.726339
72057594038008658,0,0.9944668,15577.5,-0.1769402,-0.1012205,2.710717,-0.1685835,0.3714899,2.71976,-0.1640425,0.2121427,2.643333,-0.09492435,0.05909061,2.601633,-0.1022484,-0.05892107,2.552948,-0.1047748,-0.09854782,2.539139,-0.1351511,0.2039657,2.644272,-0.07733305,0.05085164,2.585295,-0.1544768,-0.09765491,2.606054,-0.1864589,-0.1401624,2.610769,-0.2203692,-0.09227496,2.707808,-0.2904383,-0.2827412,2.610622,-0.2814941,-0.2957507,2.590195,-0.1331876,-0.09647888,2.661285,-0.1410783,-0.3199354,2.728548,-0.1677554,-0.1458021,2.779046,-0.1710753,0.253513,2.726339
72057594038008658,0,0.9944668,15577.51,-0.1769402,-0.1012205,2.710717,-0.1685835,0.3714899,2.71976,-0.1640425,0.2121427,2.643333,-0.09492435,0.05909061,2.601633,-0.1022484,-0.05892107,2.552948,-0.1047748,-0.09854782,2.539139,-0.1351511,0.2039657,2.644272,-0.07733305,0.05085164,2.585295,-0.1544768,-0.09765491,2.606054,-0.1864589,-0.1401624,2.610769,-0.2203692,-0.09227496,2.707808,-0.2904383,-0.2827412,2.610622,-0.2814941,-0.2957507,2.590195,-0.1331876,-0.09647888,2.661285,-0.1410783,-0.3199354,2.728548,-0.1677554,-0.1458021,2.779046,-0.1710753,0.253513,2.726339
72057594038008658,0,0.9944668,15577.51,-0.1769402,-0.1012205,2.710717,-0.1685835,0.3714899,2.71976,-0.1640425,0.2121427,2.643333,-0.09492435,0.05909061,2.601633,-0.1022484,-0.05892107,2.552948,-0.1047748,-0.09854782,2.539139,-0.1351511,0.2039657,2.644272,-0.07733305,0.05085164,2.585295,-0.1544768,-0.09765491,2.606054,-0.1864589,-0.1401624,2.610769,-0.2203692,-0.09227496,2.707808,-0.2904383,-0.2827412,2.610622,-0.2814941,-0.2957507,2.590195,-0.1331876,-0.09647888,2.661285,-0.1410783,-0.3199354,2.728548,-0.1677554,-0.1458021,2.779046,-0.1710753,0.253513,2.726339
72057594038008658,0,0.9944668,15577.51,-0.1769402,-0.1012205,2.710717,-0.1685835,0.3714899,2.71976,-0.1640425,0.2121427,2.643333,-0.09492435,0.05909061,2.601633,-0.1022484,-0.05892107,2.552948,-0.1047748,-0.09854782,2.539139,-0.1351511,0.2039657,2.644272,-0.07733305,0.05085164,2.585295,-0.1544768,-0.09765491,2.606054,-0.1864589,-0.1401624,2.610769,-0.2203692,-0.09227496,2.707808,-0.2904383,-0.2827412,2.610622,-0.2814941,-0.2957507,2.590195,-0.1331876,-0.09647888,2.661285,-0.1410783,-0.3199354,2.728548,-0.1677554,-0.1458021,2.779046,-0.1710753,0.253513,2.726339
72057594038008658,0,0.9944668,15577.52,-0.1769402,-0.1012205,2.710717,-0.1685835,0.3714899,2.71976,-0.1640425,0.2121427,2.643333,-0.09492435,0.05909061,2.601633,-0.1022484,-0.05892107,2.552948,-0.1047748,-0.09854782,2.539139,-0.1351511,0.2039657,2.644272,-0.07733305,0.05085164,2.585295,-0.1544768,-0.09765491,2.606054,-0.1864589,-0.1401624,2.610769,-0.2203692,-0.09227496,2.707808,-0.2904383,-0.2827412,2.610622,-0.2814941,-0.2957507,2.590195,-0.1331876,-0.09647888,2.661285,-0.1410783,-0.3199354,2.728548,-0.1677554,-0.1458021,2.779046,-0.1710753,0.253513,2.726339
72057594038008658,0,0.9897821,15577.52,-0.1776204,-0.09634364,2.710044,-0.1707768,0.3725683,2.720484,-0.1634356,0.212014,2.643718,-0.09461624,0.05858237,2.603233,-0.1014393,-0.05959132,2.554913,-0.1037986,-0.099273,2.541231,-0.1347667,0.2039555,2.644446,-0.05764559,0.06331328,2.57528,-0.1427496,-0.07963938,2.601654,-0.1766631,-0.1237447,2.608024,-0.2220677,-0.08706817,2.714406,-0.2890289,-0.2806319,2.609532,-0.2809526,-0.2949719,2.589425,-0.1323663,-0.09220508,2.656916,-0.1402996,-0.3201064,2.727297,-0.1644849,-0.1458392,2.77994,-0.1699288,0.2530661,2.727499
72057594038008658,0,0.9897821,15577.52,-0.1776204,-0.09634364,2.710044,-0.1707768,0.3725683,2.720484,-0.1634356,0.212014,2.643718,-0.09461624,0.05858237,2.603233,-0.1014393,-0.05959132,2.554913,-0.1037986,-0.099273,2.541231,-0.1347667,0.2039555,2.644446,-0.05764559,0.06331328,2.57528,-0.1427496,-0.07963938,2.601654,-0.1766631,-0.1237447,2.608024,-0.2220677,-0.08706817,2.714406,-0.2890289,-0.2806319,2.609532,-0.2809526,-0.2949719,2.589425,-0.1323663,-0.09220508,2.656916,-0.1402996,-0.3201064,2.727297,-0.1644849,-0.1458392,2.77994,-0.1699288,0.2530661,2.727499
72057594038008658,0,0.9897821,15577.53,-0.1776204,-0.09634364,2.710044,-0.1707768,0.3725683,2.720484,-0.1634356,0.212014,2.643718,-0.09461624,0.05858237,2.603233,-0.1014393,-0.05959132,2.554913,-0.1037986,-0.099273,2.541231,-0.1347667,0.2039555,2.644446,-0.05764559,0.06331328,2.57528,-0.1427496,-0.07963938,2.601654,-0.1766631,-0.1237447,2.608024,-0.2220677,-0.08706817,2.714406,-0.2890289,-0.2806319,2.609532,-0.2809526,-0.2949719,2.589425,-0.1323663,-0.09220508,2.656916,-0.1402996,-0.3201064,2.727297,-0.1644849,-0.1458392,2.77994,-0.1699288,0.2530661,2.727499
72057594038008658,0,0.9897821,15577.53,-0.1776204,-0.09634364,2.710044,-0.1707768,0.3725683,2.720484,-0.1634356,0.212014,2.643718,-0.09461624,0.05858237,2.603233,-0.1014393,-0.05959132,2.554913,-0.1037986,-0.099273,2.541231,-0.1347667,0.2039555,2.644446,-0.05764559,0.06331328,2.57528,-0.1427496,-0.07963938,2.601654,-0.1766631,-0.1237447,2.608024,-0.2220677,-0.08706817,2.714406,-0.2890289,-0.2806319,2.609532,-0.2809526,-0.2949719,2.589425,-0.1323663,-0.09220508,2.656916,-0.1402996,-0.3201064,2.727297,-0.1644849,-0.1458392,2.77994,-0.1699288,0.2530661,2.727499
72057594038008658,0,0.9897821,15577.53,-0.1776204,-0.09634364,2.710044,-0.1707768,0.3725683,2.720484,-0.1634356,0.212014,2.643718,-0.09461624,0.05858237,2.603233,-0.1014393,-0.05959132,2.554913,-0.1037986,-0.099273,2.541231,-0.1347667,0.2039555,2.644446,-0.05764559,0.06331328,2.57528,-0.1427496,-0.07963938,2.601654,-0.1766631,-0.1237447,2.608024,-0.2220677,-0.08706817,2.714406,-0.2890289,-0.2806319,2.609532,-0.2809526,-0.2949719,2.589425,-0.1323663,-0.09220508,2.656916,-0.1402996,-0.3201064,2.727297,-0.1644849,-0.1458392,2.77994,-0.1699288,0.2530661,2.727499
72057594038008658,0,0.9897821,15577.53,-0.1776204,-0.09634364,2.710044,-0.1707768,0.3725683,2.720484,-0.1634356,0.212014,2.643718,-0.09461624,0.05858237,2.603233,-0.1014393,-0.05959132,2.554913,-0.1037986,-0.099273,2.541231,-0.1347667,0.2039555,2.644446,-0.05764559,0.06331328,2.57528,-0.1427496,-0.07963938,2.601654,-0.1766631,-0.1237447,2.608024,-0.2220677,-0.08706817,2.714406,-0.2890289,-0.2806319,2.609532,-0.2809526,-0.2949719,2.589425,-0.1323663,-0.09220508,2.656916,-0.1402996,-0.3201064,2.727297,-0.1644849,-0.1458392,2.77994,-0.1699288,0.2530661,2.727499
72057594038008658,0,0.9897821,15577.54,-0.1776204,-0.09634364,2.710044,-0.1707768,0.3725683,2.720484,-0.1634356,0.212014,2.643718,-0.09461624,0.05858237,2.603233,-0.1014393,-0.05959132,2.554913,-0.1037986,-0.099273,2.541231,-0.1347667,0.2039555,2.644446,-0.05764559,0.06331328,2.57528,-0.1427496,-0.07963938,2.601654,-0.1766631,-0.1237447,2.608024,-0.2220677,-0.08706817,2.714406,-0.2890289,-0.2806319,2.609532,-0.2809526,-0.2949719,2.589425,-0.1323663,-0.09220508,2.656916,-0.1402996,-0.3201064,2.727297,-0.1644849,-0.1458392,2.77994,-0.1699288,0.2530661,2.727499
72057594038008658,0,0.9897821,15577.54,-0.1776204,-0.09634364,2.710044,-0.1707768,0.3725683,2.720484,-0.1634356,0.212014,2.643718,-0.09461624,0.05858237,2.603233,-0.1014393,-0.05959132,2.554913,-0.1037986,-0.099273,2.541231,-0.1347667,0.2039555,2.644446,-0.05764559,0.06331328,2.57528,-0.1427496,-0.07963938,2.601654,-0.1766631,-0.1237447,2.608024,-0.2220677,-0.08706817,2.714406,-0.2890289,-0.2806319,2.609532,-0.2809526,-0.2949719,2.589425,-0.1323663,-0.09220508,2.656916,-0.1402996,-0.3201064,2.727297,-0.1644849,-0.1458392,2.77994,-0.1699288,0.2530661,2.727499
72057594038008658,0,0.9897821,15577.54,-0.1776204,-0.09634364,2.710044,-0.1707768,0.3725683,2.720484,-0.1634356,0.212014,2.643718,-0.09461624,0.05858237,2.603233,-0.1014393,-0.05959132,2.554913,-0.1037986,-0.099273,2.541231,-0.1347667,0.2039555,2.644446,-0.05764559,0.06331328,2.57528,-0.1427496,-0.07963938,2.601654,-0.1766631,-0.1237447,2.608024,-0.2220677,-0.08706817,2.714406,-0.2890289,-0.2806319,2.609532,-0.2809526,-0.2949719,2.589425,-0.1323663,-0.09220508,2.656916,-0.1402996,-0.3201064,2.727297,-0.1644849,-0.1458392,2.77994,-0.1699288,0.2530661,2.727499
72057594038008658,0,0.9897821,15577.54,-0.1776204,-0.09634364,2.710044,-0.1707768,0.3725683,2.720484,-0.1634356,0.212014,2.643718,-0.09461624,0.05858237,2.603233,-0.1014393,-0.05959132,2.554913,-0.1037986,-0.099273,2.541231,-0.1347667,0.2039555,2.644446,-0.05764559,0.06331328,2.57528,-0.1427496,-0.07963938,2.601654,-0.1766631,-0.1237447,2.608024,-0.2220677,-0.08706817,2.714406,-0.2890289,-0.2806319,2.609532,-0.2809526,-0.2949719,2.589425,-0.1323663,-0.09220508,2.656916,-0.1402996,-0.3201064,2.727297,-0.1644849,-0.1458392,2.77994,-0.1699288,0.2530661,2.727499
72057594038008658,0,0.9897821,15577.55,-0.1776204,-0.09634364,2.710044,-0.1707768,0.3725683,2.720484,-0.1634356,0.212014,2.643718,-0.09461624,0.05858237,2.603233,-0.1014393,-0.05959132,2.554913,-0.1037986,-0.099273,2.541231,-0.1347667,0.2039555,2.644446,-0.05764559,0.06331328,2.57528,-0.1427496,-0.07963938,2.601654,-0.1766631,-0.1237447,2.608024,-0.2220677,-0.08706817,2.714406,-0.2890289,-0.2806319,2.609532,-0.2809526,-0.2949719,2.589425,-0.1323663,-0.09220508,2.656916,-0.1402996,-0.3201064,2.727297,-0.1644849,-0.1458392,2.77994,-0.1699288,0.2530661,2.727499
72057594038008658,0,0.9897821,15577.55,-0.1776204,-0.09634364,2.710044,-0.1707768,0.3725683,2.720484,-0.1634356,0.212014,2.643718,-0.09461624,0.05858237,2.603233,-0.1014393,-0.05959132,2.554913,-0.1037986,-0.099273,2.541231,-0.1347667,0.2039555,2.644446,-0.05764559,0.06331328,2.57528,-0.1427496,-0.07963938,2.601654,-0.1766631,-0.1237447,2.608024,-0.2220677,-0.08706817,2.714406,-0.2890289,-0.2806319,2.609532,-0.2809526,-0.2949719,2.589425,-0.1323663,-0.09220508,2.656916,-0.1402996,-0.3201064,2.727297,-0.1644849,-0.1458392,2.77994,-0.1699288,0.2530661,2.727499
72057594038008658,0,0.9860246,15577.56,-0.1783701,-0.09237295,2.708637,-0.1728838,0.3730116,2.721454,-0.1632329,0.2119378,2.644148,-0.0947637,0.05817276,2.604573,-0.1013472,-0.06010649,2.556508,-0.103627,-0.0998241,2.542916,-0.1285305,0.2063341,2.644879,-0.05182415,0.07243854,2.594014,-0.1364789,-0.07397491,2.601945,-0.1645997,-0.1176167,2.602438,-0.2226756,-0.0858129,2.715738,-0.2849393,-0.2825202,2.599609,-0.2826893,-0.2962247,2.587472,-0.1323367,-0.08671299,2.652392,-0.1421003,-0.3188412,2.728592,-0.1447947,-0.1373021,2.76369,-0.1688381,0.2526664,2.729661
72057594038008658,0,0.9860246,15577.56,-0.1783701,-0.09237295,2.708637,-0.1728838,0.3730116,2.721454,-0.1632329,0.2119378,2.644148,-0.0947637,0.05817276,2.604573,-0.1013472,-0.06010649,2.556508,-0.103627,-0.0998241,2.542916,-0.1285305,0.2063341,2.644879,-0.05182415,0.07243854,2.594014,-0.1364789,-0.07397491,2.601945,-0.1645997,-0.1176167,2.602438,-0.2226756,-0.0858129,2.715738,-0.2849393,-0.2825202,2.599609,-0.2826893,-0.2962247,2.587472,-0.1323367,-0.08671299,2.652392,-0.1421003,-0.3188412,2.728592,-0.1447947,-0.1373021,2.76369,-0.1688381,0.2526664,2.729661
72057594038008658,0,0.9860246,15577.56,-0.1783701,-0.09237295,2.708637,-0.1728838,0.3730116,2.721454,-0.1632329,0.2119378,2.644148,-0.0947637,0.05817276,2.604573,-0.1013472,-0.06010649,2.556508,-0.103627,-0.0998241,2.542916,-0.1285305,0.2063341,2.644879,-0.05182415,0.07243854,2.594014,-0.1364789,-0.07397491,2.601945,-0.1645997,-0.1176167,2.602438,-0.2226756,-0.0858129,2.715738,-0.2849393,-0.2825202,2.599609,-0.2826893,-0.2962247,2.587472,-0.1323367,-0.08671299,2.652392,-0.1421003,-0.3188412,2.728592,-0.1447947,-0.1373021,2.76369,-0.1688381,0.2526664,2.729661
72057594038008658,0,0.9860246,15577.57,-0.1783701,-0.09237295,2.708637,-0.1728838,0.3730116,2.721454,-0.1632329,0.2119378,2.644148,-0.0947637,0.05817276,2.604573,-0.1013472,-0.06010649,2.556508,-0.103627,-0.0998241,2.542916,-0.1285305,0.2063341,2.644879,-0.05182415,0.07243854,2.594014,-0.1364789,-0.07397491,2.601945,-0.1645997,-0.1176167,2.602438,-0.2226756,-0.0858129,2.715738,-0.2849393,-0.2825202,2.599609,-0.2826893,-0.2962247,2.587472,-0.1323367,-0.08671299,2.652392,-0.1421003,-0.3188412,2.728592,-0.1447947,-0.1373021,2.76369,-0.1688381,0.2526664,2.729661
72057594038008658,0,0.9860246,15577.57,-0.1783701,-0.09237295,2.708637,-0.1728838,0.3730116,2.721454,-0.1632329,0.2119378,2.644148,-0.0947637,0.05817276,2.604573,-0.1013472,-0.06010649,2.556508,-0.103627,-0.0998241,2.542916,-0.1285305,0.2063341,2.644879,-0.05182415,0.07243854,2.594014,-0.1364789,-0.07397491,2.601945,-0.1645997,-0.1176167,2.602438,-0.2226756,-0.0858129,2.715738,-0.2849393,-0.2825202,2.599609,-0.2826893,-0.2962247,2.587472,-0.1323367,-0.08671299,2.652392,-0.1421003,-0.3188412,2.728592,-0.1447947,-0.1373021,2.76369,-0.1688381,0.2526664,2.729661
72057594038008658,0,0.9860246,15577.58,-0.1783701,-0.09237295,2.708637,-0.1728838,0.3730116,2.721454,-0.1632329,0.2119378,2.644148,-0.0947637,0.05817276,2.604573,-0.1013472,-0.06010649,2.556508,-0.103627,-0.0998241,2.542916,-0.1285305,0.2063341,2.644879,-0.05182415,0.07243854,2.594014,-0.1364789,-0.07397491,2.601945,-0.1645997,-0.1176167,2.602438,-0.2226756,-0.0858129,2.715738,-0.2849393,-0.2825202,2.599609,-0.2826893,-0.2962247,2.587472,-0.1323367,-0.08671299,2.652392,-0.1421003,-0.3188412,2.728592,-0.1447947,-0.1373021,2.76369,-0.1688381,0.2526664,2.729661
72057594038008658,0,0.9860246,15577.58,-0.1783701,-0.09237295,2.708637,-0.1728838,0.3730116,2.721454,-0.1632329,0.2119378,2.644148,-0.0947637,0.05817276,2.604573,-0.1013472,-0.06010649,2.556508,-0.103627,-0.0998241,2.542916,-0.1285305,0.2063341,2.644879,-0.05182415,0.07243854,2.594014,-0.1364789,-0.07397491,2.601945,-0.1645997,-0.1176167,2.602438,-0.2226756,-0.0858129,2.715738,-0.2849393,-0.2825202,2.599609,-0.2826893,-0.2962247,2.587472,-0.1323367,-0.08671299,2.652392,-0.1421003,-0.3188412,2.728592,-0.1447947,-0.1373021,2.76369,-0.1688381,0.2526664,2.729661
72057594038008658,0,0.9860246,15577.58,-0.1783701,-0.09237295,2.708637,-0.1728838,0.3730116,2.721454,-0.1632329,0.2119378,2.644148,-0.0947637,0.05817276,2.604573,-0.1013472,-0.06010649,2.556508,-0.103627,-0.0998241,2.542916,-0.1285305,0.2063341,2.644879,-0.05182415,0.07243854,2.594014,-0.1364789,-0.07397491,2.601945,-0.1645997,-0.1176167,2.602438,-0.2226756,-0.0858129,2.715738,-0.2849393,-0.2825202,2.599609,-0.2826893,-0.2962247,2.587472,-0.1323367,-0.08671299,2.652392,-0.1421003,-0.3188412,2.728592,-0.1447947,-0.1373021,2.76369,-0.1688381,0.2526664,2.729661
72057594038008658,0,0.9860246,15577.58,-0.1783701,-0.09237295,2.708637,-0.1728838,0.3730116,2.721454,-0.1632329,0.2119378,2.644148,-0.0947637,0.05817276,2.604573,-0.1013472,-0.06010649,2.556508,-0.103627,-0.0998241,2.542916,-0.1285305,0.2063341,2.644879,-0.05182415,0.07243854,2.594014,-0.1364789,-0.07397491,2.601945,-0.1645997,-0.1176167,2.602438,-0.2226756,-0.0858129,2.715738,-0.2849393,-0.2825202,2.599609,-0.2826893,-0.2962247,2.587472,-0.1323367,-0.08671299,2.652392,-0.1421003,-0.3188412,2.728592,-0.1447947,-0.1373021,2.76369,-0.1688381,0.2526664,2.729661
72057594038008658,0,0.9860246,15577.59,-0.1783701,-0.09237295,2.708637,-0.1728838,0.3730116,2.721454,-0.1632329,0.2119378,2.644148,-0.0947637,0.05817276,2.604573,-0.1013472,-0.06010649,2.556508,-0.103627,-0.0998241,2.542916,-0.1285305,0.2063341,2.644879,-0.05182415,0.07243854,2.594014,-0.1364789,-0.07397491,2.601945,-0.1645997,-0.1176167,2.602438,-0.2226756,-0.0858129,2.715738,-0.2849393,-0.2825202,2.599609,-0.2826893,-0.2962247,2.587472,-0.1323367,-0.08671299,2.652392,-0.1421003,-0.3188412,2.728592,-0.1447947,-0.1373021,2.76369,-0.1688381,0.2526664,2.729661
72057594038008658,0,0.9808356,15577.59,-0.1754822,-0.08746749,2.704529,-0.1729284,0.372708,2.722139,-0.163082,0.2118858,2.644229,-0.04139805,0.0973506,2.596705,0.03042645,0.006156772,2.541438,0.05433266,-0.02449957,2.525453,-0.1241705,0.2078094,2.646337,-0.0482522,0.06255224,2.609145,-0.1388894,-0.08105689,2.603723,-0.1752452,-0.1236776,2.603509,-0.2206714,-0.08378616,2.714584,-0.2847223,-0.2809501,2.600074,-0.2832274,-0.2966495,2.585337,-0.1290452,-0.08155555,2.647536,-0.1429859,-0.3188537,2.728954,-0.1383066,-0.1361787,2.760968,-0.1672632,0.2523699,2.730649
72057594038008658,0,0.9808356,15577.59,-0.1754822,-0.08746749,2.704529,-0.1729284,0.372708,2.722139,-0.163082,0.2118858,2.644229,-0.04139805,0.0973506,2.596705,0.03042645,0.006156772,2.541438,0.05433266,-0.02449957,2.525453,-0.1241705,0.2078094,2.646337,-0.0482522,0.06255224,2.609145,-0.1388894,-0.08105689,2.603723,-0.1752452,-0.1236776,2.603509,-0.2206714,-0.08378616,2.714584,-0.2847223,-0.2809501,2.600074,-0.2832274,-0.2966495,2.585337,-0.1290452,-0.08155555,2.647536,-0.1429859,-0.3188537,2.728954,-0.1383066,-0.1361787,2.760968,-0.1672632,0.2523699,2.730649
72057594038008658,0,0.9808356,15577.59,-0.1754822,-0.08746749,2.704529,-0.1729284,0.372708,2.722139,-0.163082,0.2118858,2.644229,-0.04139805,0.0973506,2.596705,0.03042645,0.006156772,2.541438,0.05433266,-0.02449957,2.525453,-0.1241705,0.2078094,2.646337,-0.0482522,0.06255224,2.609145,-0.1388894,-0.08105689,2.603723,-0.1752452,-0.1236776,2.603509,-0.2206714,-0.08378616,2.714584,-0.2847223,-0.2809501,2.600074,-0.2832274,-0.2966495,2.585337,-0.1290452,-0.08155555,2.647536,-0.1429859,-0.3188537,2.728954,-0.1383066,-0.1361787,2.760968,-0.1672632,0.2523699,2.730649
72057594038008658,0,0.9808356,15577.6,-0.1754822,-0.08746749,2.704529,-0.1729284,0.372708,2.722139,-0.163082,0.2118858,2.644229,-0.04139805,0.0973506,2.596705,0.03042645,0.006156772,2.541438,0.05433266,-0.02449957,2.525453,-0.1241705,0.2078094,2.646337,-0.0482522,0.06255224,2.609145,-0.1388894,-0.08105689,2.603723,-0.1752452,-0.1236776,2.603509,-0.2206714,-0.08378616,2.714584,-0.2847223,-0.2809501,2.600074,-0.2832274,-0.2966495,2.585337,-0.1290452,-0.08155555,2.647536,-0.1429859,-0.3188537,2.728954,-0.1383066,-0.1361787,2.760968,-0.1672632,0.2523699,2.730649
72057594038008658,0,0.9808356,15577.6,-0.1754822,-0.08746749,2.704529,-0.1729284,0.372708,2.722139,-0.163082,0.2118858,2.644229,-0.04139805,0.0973506,2.596705,0.03042645,0.006156772,2.541438,0.05433266,-0.02449957,2.525453,-0.1241705,0.2078094,2.646337,-0.0482522,0.06255224,2.609145,-0.1388894,-0.08105689,2.603723,-0.1752452,-0.1236776,2.603509,-0.2206714,-0.08378616,2.714584,-0.2847223,-0.2809501,2.600074,-0.2832274,-0.2966495,2.585337,-0.1290452,-0.08155555,2.647536,-0.1429859,-0.3188537,2.728954,-0.1383066,-0.1361787,2.760968,-0.1672632,0.2523699,2.730649
72057594038008658,0,0.9808356,15577.6,-0.1754822,-0.08746749,2.704529,-0.1729284,0.372708,2.722139,-0.163082,0.2118858,2.644229,-0.04139805,0.0973506,2.596705,0.03042645,0.006156772,2.541438,0.05433266,-0.02449957,2.525453,-0.1241705,0.2078094,2.646337,-0.0482522,0.06255224,2.609145,-0.1388894,-0.08105689,2.603723,-0.1752452,-0.1236776,2.603509,-0.2206714,-0.08378616,2.714584,-0.2847223,-0.2809501,2.600074,-0.2832274,-0.2966495,2.585337,-0.1290452,-0.08155555,2.647536,-0.1429859,-0.3188537,2.728954,-0.1383066,-0.1361787,2.760968,-0.1672632,0.2523699,2.730649
72057594038008658,0,0.9808356,15577.61,-0.1754822,-0.08746749,2.704529,-0.1729284,0.372708,2.722139,-0.163082,0.2118858,2.644229,-0.04139805,0.0973506,2.596705,0.03042645,0.006156772,2.541438,0.05433266,-0.02449957,2.525453,-0.1241705,0.2078094,2.646337,-0.0482522,0.06255224,2.609145,-0.1388894,-0.08105689,2.603723,-0.1752452,-0.1236776,2.603509,-0.2206714,-0.08378616,2.714584,-0.2847223,-0.2809501,2.600074,-0.2832274,-0.2966495,2.585337,-0.1290452,-0.08155555,2.647536,-0.1429859,-0.3188537,2.728954,-0.1383066,-0.1361787,2.760968,-0.1672632,0.2523699,2.730649
72057594038008658,0,0.9808356,15577.61,-0.1754822,-0.08746749,2.704529,-0.1729284,0.372708,2.722139,-0.163082,0.2118858,2.644229,-0.04139805,0.0973506,2.596705,0.03042645,0.006156772,2.541438,0.05433266,-0.02449957,2.525453,-0.1241705,0.2078094,2.646337,-0.0482522,0.06255224,2.609145,-0.1388894,-0.08105689,2.603723,-0.1752452,-0.1236776,2.603509,-0.2206714,-0.08378616,2.714584,-0.2847223,-0.2809501,2.600074,-0.2832274,-0.2966495,2.585337,-0.1290452,-0.08155555,2.647536,-0.1429859,-0.3188537,2.728954,-0.1383066,-0.1361787,2.760968,-0.1672632,0.2523699,2.730649
72057594038008658,0,0.9808356,15577.61,-0.1754822,-0.08746749,2.704529,-0.1729284,0.372708,2.722139,-0.163082,0.2118858,2.644229,-0.04139805,0.0973506,2.596705,0.03042645,0.006156772,2.541438,0.05433266,-0.02449957,2.525453,-0.1241705,0.2078094,2.646337,-0.0482522,0.06255224,2.609145,-0.1388894,-0.08105689,2.603723,-0.1752452,-0.1236776,2.603509,-0.2206714,-0.08378616,2.714584,-0.2847223,-0.2809501,2.600074,-0.2832274,-0.2966495,2.585337,-0.1290452,-0.08155555,2.647536,-0.1429859,-0.3188537,2.728954,-0.1383066,-0.1361787,2.760968,-0.1672632,0.2523699,2.730649
72057594038008658,0,0.9808356,15577.62,-0.1754822,-0.08746749,2.704529,-0.1729284,0.372708,2.722139,-0.163082,0.2118858,2.644229,-0.04139805,0.0973506,2.596705,0.03042645,0.006156772,2.541438,0.05433266,-0.02449957,2.525453,-0.1241705,0.2078094,2.646337,-0.0482522,0.06255224,2.609145,-0.1388894,-0.08105689,2.603723,-0.1752452,-0.1236776,2.603509,-0.2206714,-0.08378616,2.714584,-0.2847223,-0.2809501,2.600074,-0.2832274,-0.2966495,2.585337,-0.1290452,-0.08155555,2.647536,-0.1429859,-0.3188537,2.728954,-0.1383066,-0.1361787,2.760968,-0.1672632,0.2523699,2.730649
72057594038008658,0,0.9808356,15577.62,-0.1754822,-0.08746749,2.704529,-0.1729284,0.372708,2.722139,-0.163082,0.2118858,2.644229,-0.04139805,0.0973506,2.596705,0.03042645,0.006156772,2.541438,0.05433266,-0.02449957,2.525453,-0.1241705,0.2078094,2.646337,-0.0482522,0.06255224,2.609145,-0.1388894,-0.08105689,2.603723,-0.1752452,-0.1236776,2.603509,-0.2206714,-0.08378616,2.714584,-0.2847223,-0.2809501,2.600074,-0.2832274,-0.2966495,2.585337,-0.1290452,-0.08155555,2.647536,-0.1429859,-0.3188537,2.728954,-0.1383066,-0.1361787,2.760968,-0.1672632,0.2523699,2.730649
72057594038008658,0,0.9793341,15577.62,-0.1732444,-0.0862796,2.703588,-0.172538,0.3723251,2.724061,-0.1629,0.211564,2.644671,-0.03914151,0.09831363,2.600114,0.03325455,0.007260114,2.545429,0.05735328,-0.02334857,2.529642,-0.1173017,0.2085565,2.649085,-0.04123802,0.0629079,2.610671,-0.1247455,-0.04338616,2.599854,-0.1504799,-0.0736143,2.597613,-0.2179986,-0.08335638,2.714623,-0.2928694,-0.2828658,2.599276,-0.2838349,-0.2964953,2.583962,-0.1267905,-0.08004284,2.646115,-0.1446204,-0.3156243,2.730086,-0.1170138,-0.1314645,2.742372,-0.1647156,0.2505594,2.734033
72057594038008658,0,0.9793341,15577.62,-0.1732444,-0.0862796,2.703588,-0.172538,0.3723251,2.724061,-0.1629,0.211564,2.644671,-0.03914151,0.09831363,2.600114,0.03325455,0.007260114,2.545429,0.05735328,-0.02334857,2.529642,-0.1173017,0.2085565,2.649085,-0.04123802,0.0629079,2.610671,-0.1247455,-0.04338616,2.599854,-0.1504799,-0.0736143,2.597613,-0.2179986,-0.08335638,2.714623,-0.2928694,-0.2828658,2.599276,-0.2838349,-0.2964953,2.583962,-0.1267905,-0.08004284,2.646115,-0.1446204,-0.3156243,2.730086,-0.1170138,-0.1314645,2.742372,-0.1647156,0.2505594,2.734033
72057594038008658,0,0.9793341,15577.63,-0.1732444,-0.0862796,2.703588,-0.172538,0.3723251,2.724061,-0.1629,0.211564,2.644671,-0.03914151,0.09831363,2.600114,0.03325455,0.007260114,2.545429,0.05735328,-0.02334857,2.529642,-0.1173017,0.2085565,2.649085,-0.04123802,0.0629079,2.610671,-0.1247455,-0.04338616,2.599854,-0.1504799,-0.0736143,2.597613,-0.2179986,-0.08335638,2.714623,-0.2928694,-0.2828658,2.599276,-0.2838349,-0.2964953,2.583962,-0.1267905,-0.08004284,2.646115,-0.1446204,-0.3156243,2.730086,-0.1170138,-0.1314645,2.742372,-0.1647156,0.2505594,2.734033
72057594038008658,0,0.9793341,15577.63,-0.1732444,-0.0862796,2.703588,-0.172538,0.3723251,2.724061,-0.1629,0.211564,2.644671,-0.03914151,0.09831363,2.600114,0.03325455,0.007260114,2.545429,0.05735328,-0.02334857,2.529642,-0.1173017,0.2085565,2.649085,-0.04123802,0.0629079,2.610671,-0.1247455,-0.04338616,2.599854,-0.1504799,-0.0736143,2.597613,-0.2179986,-0.08335638,2.714623,-0.2928694,-0.2828658,2.599276,-0.2838349,-0.2964953,2.583962,-0.1267905,-0.08004284,2.646115,-0.1446204,-0.3156243,2.730086,-0.1170138,-0.1314645,2.742372,-0.1647156,0.2505594,2.734033
72057594038008658,0,0.9793341,15577.63,-0.1732444,-0.0862796,2.703588,-0.172538,0.3723251,2.724061,-0.1629,0.211564,2.644671,-0.03914151,0.09831363,2.600114,0.03325455,0.007260114,2.545429,0.05735328,-0.02334857,2.529642,-0.1173017,0.2085565,2.649085,-0.04123802,0.0629079,2.610671,-0.1247455,-0.04338616,2.599854,-0.1504799,-0.0736143,2.597613,-0.2179986,-0.08335638,2.714623,-0.2928694,-0.2828658,2.599276,-0.2838349,-0.2964953,2.583962,-0.1267905,-0.08004284,2.646115,-0.1446204,-0.3156243,2.730086,-0.1170138,-0.1314645,2.742372,-0.1647156,0.2505594,2.734033
72057594038008658,0,0.9793341,15577.63,-0.1732444,-0.0862796,2.703588,-0.172538,0.3723251,2.724061,-0.1629,0.211564,2.644671,-0.03914151,0.09831363,2.600114,0.03325455,0.007260114,2.545429,0.05735328,-0.02334857,2.529642,-0.1173017,0.2085565,2.649085,-0.04123802,0.0629079,2.610671,-0.1247455,-0.04338616,2.599854,-0.1504799,-0.0736143,2.597613,-0.2179986,-0.08335638,2.714623,-0.2928694,-0.2828658,2.599276,-0.2838349,-0.2964953,2.583962,-0.1267905,-0.08004284,2.646115,-0.1446204,-0.3156243,2.730086,-0.1170138,-0.1314645,2.742372,-0.1647156,0.2505594,2.734033
72057594038008658,0,0.9793341,15577.65,-0.1732444,-0.0862796,2.703588,-0.172538,0.3723251,2.724061,-0.1629,0.211564,2.644671,-0.03914151,0.09831363,2.600114,0.03325455,0.007260114,2.545429,0.05735328,-0.02334857,2.529642,-0.1173017,0.2085565,2.649085,-0.04123802,0.0629079,2.610671,-0.1247455,-0.04338616,2.599854,-0.1504799,-0.0736143,2.597613,-0.2179986,-0.08335638,2.714623,-0.2928694,-0.2828658,2.599276,-0.2838349,-0.2964953,2.583962,-0.1267905,-0.08004284,2.646115,-0.1446204,-0.3156243,2.730086,-0.1170138,-0.1314645,2.742372,-0.1647156,0.2505594,2.734033
72057594038008658,0,0.9793341,15577.65,-0.1732444,-0.0862796,2.703588,-0.172538,0.3723251,2.724061,-0.1629,0.211564,2.644671,-0.03914151,0.09831363,2.600114,0.03325455,0.007260114,2.545429,0.05735328,-0.02334857,2.529642,-0.1173017,0.2085565,2.649085,-0.04123802,0.0629079,2.610671,-0.1247455,-0.04338616,2.599854,-0.1504799,-0.0736143,2.597613,-0.2179986,-0.08335638,2.714623,-0.2928694,-0.2828658,2.599276,-0.2838349,-0.2964953,2.583962,-0.1267905,-0.08004284,2.646115,-0.1446204,-0.3156243,2.730086,-0.1170138,-0.1314645,2.742372,-0.1647156,0.2505594,2.734033
72057594038008658,0,0.9793341,15577.65,-0.1732444,-0.0862796,2.703588,-0.172538,0.3723251,2.724061,-0.1629,0.211564,2.644671,-0.03914151,0.09831363,2.600114,0.03325455,0.007260114,2.545429,0.05735328,-0.02334857,2.529642,-0.1173017,0.2085565,2.649085,-0.04123802,0.0629079,2.610671,-0.1247455,-0.04338616,2.599854,-0.1504799,-0.0736143,2.597613,-0.2179986,-0.08335638,2.714623,-0.2928694,-0.2828658,2.599276,-0.2838349,-0.2964953,2.583962,-0.1267905,-0.08004284,2.646115,-0.1446204,-0.3156243,2.730086,-0.1170138,-0.1314645,2.742372,-0.1647156,0.2505594,2.734033
72057594038008658,0,0.9788643,15577.66,-0.1741984,-0.08565214,2.703695,-0.1724257,0.3722132,2.725018,-0.1622358,0.2112953,2.645953,-0.03645548,0.09885073,2.60348,0.058165,0.03981641,2.537204,0.08967634,0.01988116,2.517557,-0.1115645,0.2074894,2.652918,-0.0340176,0.08961564,2.615478,-0.1202739,-0.05674469,2.594242,-0.1311578,-0.0897229,2.595732,-0.2189647,-0.08253044,2.714867,-0.2898963,-0.2794011,2.599549,-0.2840589,-0.2963978,2.583083,-0.1274256,-0.07988596,2.646334,-0.1260986,-0.2006087,2.709811,-0.1417432,-0.2981332,2.724272,-0.1630231,0.2497132,2.737211
72057594038008658,0,0.9788643,15577.66,-0.1741984,-0.08565214,2.703695,-0.1724257,0.3722132,2.725018,-0.1622358,0.2112953,2.645953,-0.03645548,0.09885073,2.60348,0.058165,0.03981641,2.537204,0.08967634,0.01988116,2.517557,-0.1115645,0.2074894,2.652918,-0.0340176,0.08961564,2.615478,-0.1202739,-0.05674469,2.594242,-0.1311578,-0.0897229,2.595732,-0.2189647,-0.08253044,2.714867,-0.2898963,-0.2794011,2.599549,-0.2840589,-0.2963978,2.583083,-0.1274256,-0.07988596,2.646334,-0.1260986,-0.2006087,2.709811,-0.1417432,-0.2981332,2.724272,-0.1630231,0.2497132,2.737211
72057594038008658,0,0.9788643,15577.67,-0.1741984,-0.08565214,2.703695,-0.1724257,0.3722132,2.725018,-0.1622358,0.2112953,2.645953,-0.03645548,0.09885073,2.60348,0.058165,0.03981641,2.537204,0.08967634,0.01988116,2.517557,-0.1115645,0.2074894,2.652918,-0.0340176,0.08961564,2.615478,-0.1202739,-0.05674469,2.594242,-0.1311578,-0.0897229,2.595732,-0.2189647,-0.08253044,2.714867,-0.2898963,-0.2794011,2.599549,-0.2840589,-0.2963978,2.583083,-0.1274256,-0.07988596,2.646334,-0.1260986,-0.2006087,2.709811,-0.1417432,-0.2981332,2.724272,-0.1630231,0.2497132,2.737211
72057594038008658,0,0.9788643,15577.67,-0.1741984,-0.08565214,2.703695,-0.1724257,0.3722132,2.725018,-0.1622358,0.2112953,2.645953,-0.03645548,0.09885073,2.60348,0.058165,0.03981641,2.537204,0.08967634,0.01988116,2.517557,-0.1115645,0.2074894,2.652918,-0.0340176,0.08961564,2.615478,-0.1202739,-0.05674469,2.594242,-0.1311578,-0.0897229,2.595732,-0.2189647,-0.08253044,2.714867,-0.2898963,-0.2794011,2.599549,-0.2840589,-0.2963978,2.583083,-0.1274256,-0.07988596,2.646334,-0.1260986,-0.2006087,2.709811,-0.1417432,-0.2981332,2.724272,-0.1630231,0.2497132,2.737211
72057594038008658,0,0.9788643,15577.68,-0.1741984,-0.08565214,2.703695,-0.1724257,0.3722132,2.725018,-0.1622358,0.2112953,2.645953,-0.03645548,0.09885073,2.60348,0.058165,0.03981641,2.537204,0.08967634,0.01988116,2.517557,-0.1115645,0.2074894,2.652918,-0.0340176,0.08961564,2.615478,-0.1202739,-0.05674469,2.594242,-0.1311578,-0.0897229,2.595732,-0.2189647,-0.08253044,2.714867,-0.2898963,-0.2794011,2.599549,-0.2840589,-0.2963978,2.583083,-0.1274256,-0.07988596,2.646334,-0.1260986,-0.2006087,2.709811,-0.1417432,-0.2981332,2.724272,-0.1630231,0.2497132,2.737211
72057594038008658,0,0.9788643,15577.68,-0.1741984,-0.08565214,2.703695,-0.1724257,0.3722132,2.725018,-0.1622358,0.2112953,2.645953,-0.03645548,0.09885073,2.60348,0.058165,0.03981641,2.537204,0.08967634,0.01988116,2.517557,-0.1115645,0.2074894,2.652918,-0.0340176,0.08961564,2.615478,-0.1202739,-0.05674469,2.594242,-0.1311578,-0.0897229,2.595732,-0.2189647,-0.08253044,2.714867,-0.2898963,-0.2794011,2.599549,-0.2840589,-0.2963978,2.583083,-0.1274256,-0.07988596,2.646334,-0.1260986,-0.2006087,2.709811,-0.1417432,-0.2981332,2.724272,-0.1630231,0.2497132,2.737211
72057594038008658,0,0.9788643,15577.68,-0.1741984,-0.08565214,2.703695,-0.1724257,0.3722132,2.725018,-0.1622358,0.2112953,2.645953,-0.03645548,0.09885073,2.60348,0.058165,0.03981641,2.537204,0.08967634,0.01988116,2.517557,-0.1115645,0.2074894,2.652918,-0.0340176,0.08961564,2.615478,-0.1202739,-0.05674469,2.594242,-0.1311578,-0.0897229,2.595732,-0.2189647,-0.08253044,2.714867,-0.2898963,-0.2794011,2.599549,-0.2840589,-0.2963978,2.583083,-0.1274256,-0.07988596,2.646334,-0.1260986,-0.2006087,2.709811,-0.1417432,-0.2981332,2.724272,-0.1630231,0.2497132,2.737211
72057594038008658,0,0.9788643,15577.69,-0.1741984,-0.08565214,2.703695,-0.1724257,0.3722132,2.725018,-0.1622358,0.2112953,2.645953,-0.03645548,0.09885073,2.60348,0.058165,0.03981641,2.537204,0.08967634,0.01988116,2.517557,-0.1115645,0.2074894,2.652918,-0.0340176,0.08961564,2.615478,-0.1202739,-0.05674469,2.594242,-0.1311578,-0.0897229,2.595732,-0.2189647,-0.08253044,2.714867,-0.2898963,-0.2794011,2.599549,-0.2840589,-0.2963978,2.583083,-0.1274256,-0.07988596,2.646334,-0.1260986,-0.2006087,2.709811,-0.1417432,-0.2981332,2.724272,-0.1630231,0.2497132,2.737211
72057594038008658,0,0.9778315,15577.69,-0.1744473,-0.08452526,2.702504,-0.1697419,0.3704131,2.728655,-0.233212,0.1675289,2.809656,-0.1186576,0.06282973,2.81282,-0.04169397,0.08035007,2.654074,-0.004558525,0.06954736,2.623656,-0.1053345,0.2064152,2.656925,-0.03038194,0.0782426,2.622487,-0.1226715,-0.06389564,2.595985,-0.1537997,-0.1073627,2.595623,-0.2143028,-0.08360404,2.710966,-0.2886098,-0.27762,2.599694,-0.2837501,-0.2957805,2.581782,-0.1335261,-0.07436672,2.646196,-0.1261342,-0.2005395,2.709938,-0.1422707,-0.2982217,2.724266,-0.1619263,0.249197,2.739912
72057594038008658,0,0.9778315,15577.69,-0.1744473,-0.08452526,2.702504,-0.1697419,0.3704131,2.728655,-0.233212,0.1675289,2.809656,-0.1186576,0.06282973,2.81282,-0.04169397,0.08035007,2.654074,-0.004558525,0.06954736,2.623656,-0.1053345,0.2064152,2.656925,-0.03038194,0.0782426,2.622487,-0.1226715,-0.06389564,2.595985,-0.1537997,-0.1073627,2.595623,-0.2143028,-0.08360404,2.710966,-0.2886098,-0.27762,2.599694,-0.2837501,-0.2957805,2.581782,-0.1335261,-0.07436672,2.646196,-0.1261342,-0.2005395,2.709938,-0.1422707,-0.2982217,2.724266,-0.1619263,0.249197,2.739912
72057594038008658,0,0.9778315,15577.7,-0.1744473,-0.08452526,2.702504,-0.1697419,0.3704131,2.728655,-0.233212,0.1675289,2.809656,-0.1186576,0.06282973,2.81282,-0.04169397,0.08035007,2.654074,-0.004558525,0.06954736,2.623656,-0.1053345,0.2064152,2.656925,-0.03038194,0.0782426,2.622487,-0.1226715,-0.06389564,2.595985,-0.1537997,-0.1073627,2.595623,-0.2143028,-0.08360404,2.710966,-0.2886098,-0.27762,2.599694,-0.2837501,-0.2957805,2.581782,-0.1335261,-0.07436672,2.646196,-0.1261342,-0.2005395,2.709938,-0.1422707,-0.2982217,2.724266,-0.1619263,0.249197,2.739912
72057594038008658,0,0.9778315,15577.7,-0.1744473,-0.08452526,2.702504,-0.1697419,0.3704131,2.728655,-0.233212,0.1675289,2.809656,-0.1186576,0.06282973,2.81282,-0.04169397,0.08035007,2.654074,-0.004558525,0.06954736,2.623656,-0.1053345,0.2064152,2.656925,-0.03038194,0.0782426,2.622487,-0.1226715,-0.06389564,2.595985,-0.1537997,-0.1073627,2.595623,-0.2143028,-0.08360404,2.710966,-0.2886098,-0.27762,2.599694,-0.2837501,-0.2957805,2.581782,-0.1335261,-0.07436672,2.646196,-0.1261342,-0.2005395,2.709938,-0.1422707,-0.2982217,2.724266,-0.1619263,0.249197,2.739912
72057594038008658,0,0.9778315,15577.7,-0.1744473,-0.08452526,2.702504,-0.1697419,0.3704131,2.728655,-0.233212,0.1675289,2.809656,-0.1186576,0.06282973,2.81282,-0.04169397,0.08035007,2.654074,-0.004558525,0.06954736,2.623656,-0.1053345,0.2064152,2.656925,-0.03038194,0.0782426,2.622487,-0.1226715,-0.06389564,2.595985,-0.1537997,-0.1073627,2.595623,-0.2143028,-0.08360404,2.710966,-0.2886098,-0.27762,2.599694,-0.2837501,-0.2957805,2.581782,-0.1335261,-0.07436672,2.646196,-0.1261342,-0.2005395,2.709938,-0.1422707,-0.2982217,2.724266,-0.1619263,0.249197,2.739912
72057594038008658,0,0.9778315,15577.71,-0.1744473,-0.08452526,2.702504,-0.1697419,0.3704131,2.728655,-0.233212,0.1675289,2.809656,-0.1186576,0.06282973,2.81282,-0.04169397,0.08035007,2.654074,-0.004558525,0.06954736,2.623656,-0.1053345,0.2064152,2.656925,-0.03038194,0.0782426,2.622487,-0.1226715,-0.06389564,2.595985,-0.1537997,-0.1073627,2.595623,-0.2143028,-0.08360404,2.710966,-0.2886098,-0.27762,2.599694,-0.2837501,-0.2957805,2.581782,-0.1335261,-0.07436672,2.646196,-0.1261342,-0.2005395,2.709938,-0.1422707,-0.2982217,2.724266,-0.1619263,0.249197,2.739912
72057594038008658,0,0.9778315,15577.71,-0.1744473,-0.08452526,2.702504,-0.1697419,0.3704131,2.728655,-0.233212,0.1675289,2.809656,-0.1186576,0.06282973,2.81282,-0.04169397,0.08035007,2.654074,-0.004558525,0.06954736,2.623656,-0.1053345,0.2064152,2.656925,-0.03038194,0.0782426,2.622487,-0.1226715,-0.06389564,2.595985,-0.1537997,-0.1073627,2.595623,-0.2143028,-0.08360404,2.710966,-0.2886098,-0.27762,2.599694,-0.2837501,-0.2957805,2.581782,-0.1335261,-0.07436672,2.646196,-0.1261342,-0.2005395,2.709938,-0.1422707,-0.2982217,2.724266,-0.1619263,0.249197,2.739912
72057594038008658,0,0.9778315,15577.71,-0.1744473,-0.08452526,2.702504,-0.1697419,0.3704131,2.728655,-0.233212,0.1675289,2.809656,-0.1186576,0.06282973,2.81282,-0.04169397,0.08035007,2.654074,-0.004558525,0.06954736,2.623656,-0.1053345,0.2064152,2.656925,-0.03038194,0.0782426,2.622487,-0.1226715,-0.06389564,2.595985,-0.1537997,-0.1073627,2.595623,-0.2143028,-0.08360404,2.710966,-0.2886098,-0.27762,2.599694,-0.2837501,-0.2957805,2.581782,-0.1335261,-0.07436672,2.646196,-0.1261342,-0.2005395,2.709938,-0.1422707,-0.2982217,2.724266,-0.1619263,0.249197,2.739912
72057594038008658,0,0.9778315,15577.71,-0.1744473,-0.08452526,2.702504,-0.1697419,0.3704131,2.728655,-0.233212,0.1675289,2.809656,-0.1186576,0.06282973,2.81282,-0.04169397,0.08035007,2.654074,-0.004558525,0.06954736,2.623656,-0.1053345,0.2064152,2.656925,-0.03038194,0.0782426,2.622487,-0.1226715,-0.06389564,2.595985,-0.1537997,-0.1073627,2.595623,-0.2143028,-0.08360404,2.710966,-0.2886098,-0.27762,2.599694,-0.2837501,-0.2957805,2.581782,-0.1335261,-0.07436672,2.646196,-0.1261342,-0.2005395,2.709938,-0.1422707,-0.2982217,2.724266,-0.1619263,0.249197,2.739912
72057594038008658,0,0.9778315,15577.72,-0.1744473,-0.08452526,2.702504,-0.1697419,0.3704131,2.728655,-0.233212,0.1675289,2.809656,-0.1186576,0.06282973,2.81282,-0.04169397,0.08035007,2.654074,-0.004558525,0.06954736,2.623656,-0.1053345,0.2064152,2.656925,-0.03038194,0.0782426,2.622487,-0.1226715,-0.06389564,2.595985,-0.1537997,-0.1073627,2.595623,-0.2143028,-0.08360404,2.710966,-0.2886098,-0.27762,2.599694,-0.2837501,-0.2957805,2.581782,-0.1335261,-0.07436672,2.646196,-0.1261342,-0.2005395,2.709938,-0.1422707,-0.2982217,2.724266,-0.1619263,0.249197,2.739912
72057594038008658,0,0.9778315,15577.72,-0.1744473,-0.08452526,2.702504,-0.1697419,0.3704131,2.728655,-0.233212,0.1675289,2.809656,-0.1186576,0.06282973,2.81282,-0.04169397,0.08035007,2.654074,-0.004558525,0.06954736,2.623656,-0.1053345,0.2064152,2.656925,-0.03038194,0.0782426,2.622487,-0.1226715,-0.06389564,2.595985,-0.1537997,-0.1073627,2.595623,-0.2143028,-0.08360404,2.710966,-0.2886098,-0.27762,2.599694,-0.2837501,-0.2957805,2.581782,-0.1335261,-0.07436672,2.646196,-0.1261342,-0.2005395,2.709938,-0.1422707,-0.2982217,2.724266,-0.1619263,0.249197,2.739912
72057594038008658,0,0.9751399,15577.72,-0.1744447,-0.08167386,2.699052,-0.1665972,0.3632648,2.739262,-0.2330652,0.1672844,2.809837,-0.1187569,0.06368232,2.812576,-0.04744303,0.1154335,2.658682,-0.03111197,0.09870595,2.635924,-0.1021698,0.205721,2.66,-0.03053645,0.07446215,2.62983,-0.1289812,-0.03308362,2.601856,-0.1531407,-0.0637762,2.601418,-0.2107113,-0.08428034,2.708143,-0.2855078,-0.2754731,2.598754,-0.2840134,-0.295178,2.58083,-0.1380481,-0.06657413,2.641585,-0.1267755,-0.2006689,2.709718,-0.1420126,-0.3001123,2.723848,-0.1607555,0.2483615,2.742033
72057594038008658,0,0.9751399,15577.73,-0.1744447,-0.08167386,2.699052,-0.1665972,0.3632648,2.739262,-0.2330652,0.1672844,2.809837,-0.1187569,0.06368232,2.812576,-0.04744303,0.1154335,2.658682,-0.03111197,0.09870595,2.635924,-0.1021698,0.205721,2.66,-0.03053645,0.07446215,2.62983,-0.1289812,-0.03308362,2.601856,-0.1531407,-0.0637762,2.601418,-0.2107113,-0.08428034,2.708143,-0.2855078,-0.2754731,2.598754,-0.2840134,-0.295178,2.58083,-0.1380481,-0.06657413,2.641585,-0.1267755,-0.2006689,2.709718,-0.1420126,-0.3001123,2.723848,-0.1607555,0.2483615,2.742033
72057594038008658,0,0.9751399,15577.73,-0.1744447,-0.08167386,2.699052,-0.1665972,0.3632648,2.739262,-0.2330652,0.1672844,2.809837,-0.1187569,0.06368232,2.812576,-0.04744303,0.1154335,2.658682,-0.03111197,0.09870595,2.635924,-0.1021698,0.205721,2.66,-0.03053645,0.07446215,2.62983,-0.1289812,-0.03308362,2.601856,-0.1531407,-0.0637762,2.601418,-0.2107113,-0.08428034,2.708143,-0.2855078,-0.2754731,2.598754,-0.2840134,-0.295178,2.58083,-0.1380481,-0.06657413,2.641585,-0.1267755,-0.2006689,2.709718,-0.1420126,-0.3001123,2.723848,-0.1607555,0.2483615,2.742033
72057594038008658,0,0.9751399,15577.73,-0.1744447,-0.08167386,2.699052,-0.1665972,0.3632648,2.739262,-0.2330652,0.1672844,2.809837,-0.1187569,0.06368232,2.812576,-0.04744303,0.1154335,2.658682,-0.03111197,0.09870595,2.635924,-0.1021698,0.205721,2.66,-0.03053645,0.07446215,2.62983,-0.1289812,-0.03308362,2.601856,-0.1531407,-0.0637762,2.601418,-0.2107113,-0.08428034,2.708143,-0.2855078,-0.2754731,2.598754,-0.2840134,-0.295178,2.58083,-0.1380481,-0.06657413,2.641585,-0.1267755,-0.2006689,2.709718,-0.1420126,-0.3001123,2.723848,-0.1607555,0.2483615,2.742033
72057594038008658,0,0.9751399,15577.74,-0.1744447,-0.08167386,2.699052,-0.1665972,0.3632648,2.739262,-0.2330652,0.1672844,2.809837,-0.1187569,0.06368232,2.812576,-0.04744303,0.1154335,2.658682,-0.03111197,0.09870595,2.635924,-0.1021698,0.205721,2.66,-0.03053645,0.07446215,2.62983,-0.1289812,-0.03308362,2.601856,-0.1531407,-0.0637762,2.601418,-0.2107113,-0.08428034,2.708143,-0.2855078,-0.2754731,2.598754,-0.2840134,-0.295178,2.58083,-0.1380481,-0.06657413,2.641585,-0.1267755,-0.2006689,2.709718,-0.1420126,-0.3001123,2.723848,-0.1607555,0.2483615,2.742033
72057594038008658,0,0.9751399,15577.74,-0.1744447,-0.08167386,2.699052,-0.1665972,0.3632648,2.739262,-0.2330652,0.1672844,2.809837,-0.1187569,0.06368232,2.812576,-0.04744303,0.1154335,2.658682,-0.03111197,0.09870595,2.635924,-0.1021698,0.205721,2.66,-0.03053645,0.07446215,2.62983,-0.1289812,-0.03308362,2.601856,-0.1531407,-0.0637762,2.601418,-0.2107113,-0.08428034,2.708143,-0.2855078,-0.2754731,2.598754,-0.2840134,-0.295178,2.58083,-0.1380481,-0.06657413,2.641585,-0.1267755,-0.2006689,2.709718,-0.1420126,-0.3001123,2.723848,-0.1607555,0.2483615,2.742033
72057594038008658,0,0.9751399,15577.74,-0.1744447,-0.08167386,2.699052,-0.1665972,0.3632648,2.739262,-0.2330652,0.1672844,2.809837,-0.1187569,0.06368232,2.812576,-0.04744303,0.1154335,2.658682,-0.03111197,0.09870595,2.635924,-0.1021698,0.205721,2.66,-0.03053645,0.07446215,2.62983,-0.1289812,-0.03308362,2.601856,-0.1531407,-0.0637762,2.601418,-0.2107113,-0.08428034,2.708143,-0.2855078,-0.2754731,2.598754,-0.2840134,-0.295178,2.58083,-0.1380481,-0.06657413,2.641585,-0.1267755,-0.2006689,2.709718,-0.1420126,-0.3001123,2.723848,-0.1607555,0.2483615,2.742033
72057594038008658,0,0.9751399,15577.75,-0.1744447,-0.08167386,2.699052,-0.1665972,0.3632648,2.739262,-0.2330652,0.1672844,2.809837,-0.1187569,0.06368232,2.812576,-0.04744303,0.1154335,2.658682,-0.03111197,0.09870595,2.635924,-0.1021698,0.205721,2.66,-0.03053645,0.07446215,2.62983,-0.1289812,-0.03308362,2.601856,-0.1531407,-0.0637762,2.601418,-0.2107113,-0.08428034,2.708143,-0.2855078,-0.2754731,2.598754,-0.2840134,-0.295178,2.58083,-0.1380481,-0.06657413,2.641585,-0.1267755,-0.2006689,2.709718,-0.1420126,-0.3001123,2.723848,-0.1607555,0.2483615,2.742033
72057594038008658,0,0.9751399,15577.75,-0.1744447,-0.08167386,2.699052,-0.1665972,0.3632648,2.739262,-0.2330652,0.1672844,2.809837,-0.1187569,0.06368232,2.812576,-0.04744303,0.1154335,2.658682,-0.03111197,0.09870595,2.635924,-0.1021698,0.205721,2.66,-0.03053645,0.07446215,2.62983,-0.1289812,-0.03308362,2.601856,-0.1531407,-0.0637762,2.601418,-0.2107113,-0.08428034,2.708143,-0.2855078,-0.2754731,2.598754,-0.2840134,-0.295178,2.58083,-0.1380481,-0.06657413,2.641585,-0.1267755,-0.2006689,2.709718,-0.1420126,-0.3001123,2.723848,-0.1607555,0.2483615,2.742033
72057594038008658,0,0.9705379,15577.76,-0.173382,-0.07708427,2.696553,-0.1651878,0.3629884,2.740264,-0.232848,0.1677767,2.810638,-0.1186503,0.06387222,2.812749,-0.04720181,0.1154611,2.658854,-0.03774693,0.1321835,2.623515,-0.09907635,0.2037742,2.662777,-0.03414267,0.07594645,2.638965,-0.1296411,-0.03665766,2.605655,-0.1555697,-0.06966797,2.600952,-0.2086306,-0.08369374,2.707057,-0.2841252,-0.273915,2.598252,-0.2825056,-0.2942087,2.577009,-0.1381902,-0.05809402,2.63888,-0.125935,-0.2030739,2.71784,-0.1420488,-0.3003296,2.72387,-0.1579887,0.2475438,2.745146
72057594038008658,0,0.9705379,15577.76,-0.173382,-0.07708427,2.696553,-0.1651878,0.3629884,2.740264,-0.232848,0.1677767,2.810638,-0.1186503,0.06387222,2.812749,-0.04720181,0.1154611,2.658854,-0.03774693,0.1321835,2.623515,-0.09907635,0.2037742,2.662777,-0.03414267,0.07594645,2.638965,-0.1296411,-0.03665766,2.605655,-0.1555697,-0.06966797,2.600952,-0.2086306,-0.08369374,2.707057,-0.2841252,-0.273915,2.598252,-0.2825056,-0.2942087,2.577009,-0.1381902,-0.05809402,2.63888,-0.125935,-0.2030739,2.71784,-0.1420488,-0.3003296,2.72387,-0.1579887,0.2475438,2.745146
72057594038008658,0,0.9705379,15577.76,-0.173382,-0.07708427,2.696553,-0.1651878,0.3629884,2.740264,-0.232848,0.1677767,2.810638,-0.1186503,0.06387222,2.812749,-0.04720181,0.1154611,2.658854,-0.03774693,0.1321835,2.623515,-0.09907635,0.2037742,2.662777,-0.03414267,0.07594645,2.638965,-0.1296411,-0.03665766,2.605655,-0.1555697,-0.06966797,2.600952,-0.2086306,-0.08369374,2.707057,-0.2841252,-0.273915,2.598252,-0.2825056,-0.2942087,2.577009,-0.1381902,-0.05809402,2.63888,-0.125935,-0.2030739,2.71784,-0.1420488,-0.3003296,2.72387,-0.1579887,0.2475438,2.745146
72057594038008658,0,0.9705379,15577.76,-0.173382,-0.07708427,2.696553,-0.1651878,0.3629884,2.740264,-0.232848,0.1677767,2.810638,-0.1186503,0.06387222,2.812749,-0.04720181,0.1154611,2.658854,-0.03774693,0.1321835,2.623515,-0.09907635,0.2037742,2.662777,-0.03414267,0.07594645,2.638965,-0.1296411,-0.03665766,2.605655,-0.1555697,-0.06966797,2.600952,-0.2086306,-0.08369374,2.707057,-0.2841252,-0.273915,2.598252,-0.2825056,-0.2942087,2.577009,-0.1381902,-0.05809402,2.63888,-0.125935,-0.2030739,2.71784,-0.1420488,-0.3003296,2.72387,-0.1579887,0.2475438,2.745146
72057594038008658,0,0.9705379,15577.77,-0.173382,-0.07708427,2.696553,-0.1651878,0.3629884,2.740264,-0.232848,0.1677767,2.810638,-0.1186503,0.06387222,2.812749,-0.04720181,0.1154611,2.658854,-0.03774693,0.1321835,2.623515,-0.09907635,0.2037742,2.662777,-0.03414267,0.07594645,2.638965,-0.1296411,-0.03665766,2.605655,-0.1555697,-0.06966797,2.600952,-0.2086306,-0.08369374,2.707057,-0.2841252,-0.273915,2.598252,-0.2825056,-0.2942087,2.577009,-0.1381902,-0.05809402,2.63888,-0.125935,-0.2030739,2.71784,-0.1420488,-0.3003296,2.72387,-0.1579887,0.2475438,2.745146
72057594038008658,0,0.9705379,15577.77,-0.173382,-0.07708427,2.696553,-0.1651878,0.3629884,2.740264,-0.232848,0.1677767,2.810638,-0.1186503,0.06387222,2.812749,-0.04720181,0.1154611,2.658854,-0.03774693,0.1321835,2.623515,-0.09907635,0.2037742,2.662777,-0.03414267,0.07594645,2.638965,-0.1296411,-0.03665766,2.605655,-0.1555697,-0.06966797,2.600952,-0.2086306,-0.08369374,2.707057,-0.2841252,-0.273915,2.598252,-0.2825056,-0.2942087,2.577009,-0.1381902,-0.05809402,2.63888,-0.125935,-0.2030739,2.71784,-0.1420488,-0.3003296,2.72387,-0.1579887,0.2475438,2.745146
72057594038008658,0,0.9705379,15577.77,-0.173382,-0.07708427,2.696553,-0.1651878,0.3629884,2.740264,-0.232848,0.1677767,2.810638,-0.1186503,0.06387222,2.812749,-0.04720181,0.1154611,2.658854,-0.03774693,0.1321835,2.623515,-0.09907635,0.2037742,2.662777,-0.03414267,0.07594645,2.638965,-0.1296411,-0.03665766,2.605655,-0.1555697,-0.06966797,2.600952,-0.2086306,-0.08369374,2.707057,-0.2841252,-0.273915,2.598252,-0.2825056,-0.2942087,2.577009,-0.1381902,-0.05809402,2.63888,-0.125935,-0.2030739,2.71784,-0.1420488,-0.3003296,2.72387,-0.1579887,0.2475438,2.745146
72057594038008658,0,0.9705379,15577.78,-0.173382,-0.07708427,2.696553,-0.1651878,0.3629884,2.740264,-0.232848,0.1677767,2.810638,-0.1186503,0.06387222,2.812749,-0.04720181,0.1154611,2.658854,-0.03774693,0.1321835,2.623515,-0.09907635,0.2037742,2.662777,-0.03414267,0.07594645,2.638965,-0.1296411,-0.03665766,2.605655,-0.1555697,-0.06966797,2.600952,-0.2086306,-0.08369374,2.707057,-0.2841252,-0.273915,2.598252,-0.2825056,-0.2942087,2.577009,-0.1381902,-0.05809402,2.63888,-0.125935,-0.2030739,2.71784,-0.1420488,-0.3003296,2.72387,-0.1579887,0.2475438,2.745146
72057594038008658,0,0.9705379,15577.78,-0.173382,-0.07708427,2.696553,-0.1651878,0.3629884,2.740264,-0.232848,0.1677767,2.810638,-0.1186503,0.06387222,2.812749,-0.04720181,0.1154611,2.658854,-0.03774693,0.1321835,2.623515,-0.09907635,0.2037742,2.662777,-0.03414267,0.07594645,2.638965,-0.1296411,-0.03665766,2.605655,-0.1555697,-0.06966797,2.600952,-0.2086306,-0.08369374,2.707057,-0.2841252,-0.273915,2.598252,-0.2825056,-0.2942087,2.577009,-0.1381902,-0.05809402,2.63888,-0.125935,-0.2030739,2.71784,-0.1420488,-0.3003296,2.72387,-0.1579887,0.2475438,2.745146
72057594038008658,0,0.9705379,15577.79,-0.173382,-0.07708427,2.696553,-0.1651878,0.3629884,2.740264,-0.232848,0.1677767,2.810638,-0.1186503,0.06387222,2.812749,-0.04720181,0.1154611,2.658854,-0.03774693,0.1321835,2.623515,-0.09907635,0.2037742,2.662777,-0.03414267,0.07594645,2.638965,-0.1296411,-0.03665766,2.605655,-0.1555697,-0.06966797,2.600952,-0.2086306,-0.08369374,2.707057,-0.2841252,-0.273915,2.598252,-0.2825056,-0.2942087,2.577009,-0.1381902,-0.05809402,2.63888,-0.125935,-0.2030739,2.71784,-0.1420488,-0.3003296,2.72387,-0.1579887,0.2475438,2.745146
72057594038008658,0,0.9684015,15577.79,-0.1729388,-0.07496497,2.695932,-0.1641765,0.3628592,2.741869,-0.2319784,0.1684228,2.811455,-0.1181092,0.06252509,2.812772,-0.04620258,0.1132522,2.6587,-0.03729071,0.1316487,2.62562,-0.0971785,0.203253,2.665426,-0.0288247,0.07011947,2.644867,-0.1254108,-0.0653778,2.599247,-0.1552071,-0.1061289,2.591437,-0.2074045,-0.08326715,2.706899,-0.2499393,-0.209689,2.612076,-0.2824799,-0.2941108,2.576416,-0.1383444,-0.05510455,2.638348,-0.1256133,-0.2036653,2.719163,-0.1426898,-0.3011978,2.724921,-0.1558607,0.2468646,2.747615
72057594038008658,0,0.9684015,15577.8,-0.1729388,-0.07496497,2.695932,-0.1641765,0.3628592,2.741869,-0.2319784,0.1684228,2.811455,-0.1181092,0.06252509,2.812772,-0.04620258,0.1132522,2.6587,-0.03729071,0.1316487,2.62562,-0.0971785,0.203253,2.665426,-0.0288247,0.07011947,2.644867,-0.1254108,-0.0653778,2.599247,-0.1552071,-0.1061289,2.591437,-0.2074045,-0.08326715,2.706899,-0.2499393,-0.209689,2.612076,-0.2824799,-0.2941108,2.576416,-0.1383444,-0.05510455,2.638348,-0.1256133,-0.2036653,2.719163,-0.1426898,-0.3011978,2.724921,-0.1558607,0.2468646,2.747615
72057594038008658,0,0.9684015,15577.81,-0.1729388,-0.07496497,2.695932,-0.1641765,0.3628592,2.741869,-0.2319784,0.1684228,2.811455,-0.1181092,0.06252509,2.812772,-0.04620258,0.1132522,2.6587,-0.03729071,0.1316487,2.62562,-0.0971785,0.203253,2.665426,-0.0288247,0.07011947,2.644867,-0.1254108,-0.0653778,2.599247,-0.1552071,-0.1061289,2.591437,-0.2074045,-0.08326715,2.706899,-0.2499393,-0.209689,2.612076,-0.2824799,-0.2941108,2.576416,-0.1383444,-0.05510455,2.638348,-0.1256133,-0.2036653,2.719163,-0.1426898,-0.3011978,2.724921,-0.1558607,0.2468646,2.747615
72057594038008658,0,0.9684015,15577.81,-0.1729388,-0.07496497,2.695932,-0.1641765,0.3628592,2.741869,-0.2319784,0.1684228,2.811455,-0.1181092,0.06252509,2.812772,-0.04620258,0.1132522,2.6587,-0.03729071,0.1316487,2.62562,-0.0971785,0.203253,2.665426,-0.0288247,0.07011947,2.644867,-0.1254108,-0.0653778,2.599247,-0.1552071,-0.1061289,2.591437,-0.2074045,-0.08326715,2.706899,-0.2499393,-0.209689,2.612076,-0.2824799,-0.2941108,2.576416,-0.1383444,-0.05510455,2.638348,-0.1256133,-0.2036653,2.719163,-0.1426898,-0.3011978,2.724921,-0.1558607,0.2468646,2.747615
72057594038008658,0,0.9684015,15577.81,-0.1729388,-0.07496497,2.695932,-0.1641765,0.3628592,2.741869,-0.2319784,0.1684228,2.811455,-0.1181092,0.06252509,2.812772,-0.04620258,0.1132522,2.6587,-0.03729071,0.1316487,2.62562,-0.0971785,0.203253,2.665426,-0.0288247,0.07011947,2.644867,-0.1254108,-0.0653778,2.599247,-0.1552071,-0.1061289,2.591437,-0.2074045,-0.08326715,2.706899,-0.2499393,-0.209689,2.612076,-0.2824799,-0.2941108,2.576416,-0.1383444,-0.05510455,2.638348,-0.1256133,-0.2036653,2.719163,-0.1426898,-0.3011978,2.724921,-0.1558607,0.2468646,2.747615
72057594038008658,0,0.9684015,15577.81,-0.1729388,-0.07496497,2.695932,-0.1641765,0.3628592,2.741869,-0.2319784,0.1684228,2.811455,-0.1181092,0.06252509,2.812772,-0.04620258,0.1132522,2.6587,-0.03729071,0.1316487,2.62562,-0.0971785,0.203253,2.665426,-0.0288247,0.07011947,2.644867,-0.1254108,-0.0653778,2.599247,-0.1552071,-0.1061289,2.591437,-0.2074045,-0.08326715,2.706899,-0.2499393,-0.209689,2.612076,-0.2824799,-0.2941108,2.576416,-0.1383444,-0.05510455,2.638348,-0.1256133,-0.2036653,2.719163,-0.1426898,-0.3011978,2.724921,-0.1558607,0.2468646,2.747615
72057594038008658,0,0.9684015,15577.82,-0.1729388,-0.07496497,2.695932,-0.1641765,0.3628592,2.741869,-0.2319784,0.1684228,2.811455,-0.1181092,0.06252509,2.812772,-0.04620258,0.1132522,2.6587,-0.03729071,0.1316487,2.62562,-0.0971785,0.203253,2.665426,-0.0288247,0.07011947,2.644867,-0.1254108,-0.0653778,2.599247,-0.1552071,-0.1061289,2.591437,-0.2074045,-0.08326715,2.706899,-0.2499393,-0.209689,2.612076,-0.2824799,-0.2941108,2.576416,-0.1383444,-0.05510455,2.638348,-0.1256133,-0.2036653,2.719163,-0.1426898,-0.3011978,2.724921,-0.1558607,0.2468646,2.747615
72057594038008658,0,0.9684015,15577.82,-0.1729388,-0.07496497,2.695932,-0.1641765,0.3628592,2.741869,-0.2319784,0.1684228,2.811455,-0.1181092,0.06252509,2.812772,-0.04620258,0.1132522,2.6587,-0.03729071,0.1316487,2.62562,-0.0971785,0.203253,2.665426,-0.0288247,0.07011947,2.644867,-0.1254108,-0.0653778,2.599247,-0.1552071,-0.1061289,2.591437,-0.2074045,-0.08326715,2.706899,-0.2499393,-0.209689,2.612076,-0.2824799,-0.2941108,2.576416,-0.1383444,-0.05510455,2.638348,-0.1256133,-0.2036653,2.719163,-0.1426898,-0.3011978,2.724921,-0.1558607,0.2468646,2.747615
72057594038008658,0,0.9679712,15577.82,-0.1730822,-0.07449359,2.695647,-0.1605841,0.362717,2.744406,-0.2309844,0.1687559,2.812504,-0.1178822,0.05862498,2.816694,-0.04544527,0.1086699,2.662416,-0.0382494,0.1306256,2.623574,-0.09520824,0.2020206,2.667943,-0.02302805,0.0618479,2.651359,-0.1240185,-0.06855547,2.599061,-0.1554738,-0.1089048,2.589756,-0.2071021,-0.08339432,2.706311,-0.289174,-0.2807575,2.58843,-0.2835143,-0.2980914,2.572037,-0.1386699,-0.05441418,2.638576,-0.1262905,-0.2017403,2.715255,-0.142517,-0.301663,2.72484,-0.1529461,0.2455873,2.750741
72057594038008658,0,0.9679712,15577.83,-0.1730822,-0.07449359,2.695647,-0.1605841,0.362717,2.744406,-0.2309844,0.1687559,2.812504,-0.1178822,0.05862498,2.816694,-0.04544527,0.1086699,2.662416,-0.0382494,0.1306256,2.623574,-0.09520824,0.2020206,2.667943,-0.02302805,0.0618479,2.651359,-0.1240185,-0.06855547,2.599061,-0.1554738,-0.1089048,2.589756,-0.2071021,-0.08339432,2.706311,-0.289174,-0.2807575,2.58843,-0.2835143,-0.2980914,2.572037,-0.1386699,-0.05441418,2.638576,-0.1262905,-0.2017403,2.715255,-0.142517,-0.301663,2.72484,-0.1529461,0.2455873,2.750741
72057594038008658,0,0.9679712,15577.83,-0.1730822,-0.07449359,2.695647,-0.1605841,0.362717,2.744406,-0.2309844,0.1687559,2.812504,-0.1178822,0.05862498,2.816694,-0.04544527,0.1086699,2.662416,-0.0382494,0.1306256,2.623574,-0.09520824,0.2020206,2.667943,-0.02302805,0.0618479,2.651359,-0.1240185,-0.06855547,2.599061,-0.1554738,-0.1089048,2.589756,-0.2071021,-0.08339432,2.706311,-0.289174,-0.2807575,2.58843,-0.2835143,-0.2980914,2.572037,-0.1386699,-0.05441418,2.638576,-0.1262905,-0.2017403,2.715255,-0.142517,-0.301663,2.72484,-0.1529461,0.2455873,2.750741
72057594038008658,0,0.9679712,15577.83,-0.1730822,-0.07449359,2.695647,-0.1605841,0.362717,2.744406,-0.2309844,0.1687559,2.812504,-0.1178822,0.05862498,2.816694,-0.04544527,0.1086699,2.662416,-0.0382494,0.1306256,2.623574,-0.09520824,0.2020206,2.667943,-0.02302805,0.0618479,2.651359,-0.1240185,-0.06855547,2.599061,-0.1554738,-0.1089048,2.589756,-0.2071021,-0.08339432,2.706311,-0.289174,-0.2807575,2.58843,-0.2835143,-0.2980914,2.572037,-0.1386699,-0.05441418,2.638576,-0.1262905,-0.2017403,2.715255,-0.142517,-0.301663,2.72484,-0.1529461,0.2455873,2.750741
72057594038008658,0,0.9679712,15577.83,-0.1730822,-0.07449359,2.695647,-0.1605841,0.362717,2.744406,-0.2309844,0.1687559,2.812504,-0.1178822,0.05862498,2.816694,-0.04544527,0.1086699,2.662416,-0.0382494,0.1306256,2.623574,-0.09520824,0.2020206,2.667943,-0.02302805,0.0618479,2.651359,-0.1240185,-0.06855547,2.599061,-0.1554738,-0.1089048,2.589756,-0.2071021,-0.08339432,2.706311,-0.289174,-0.2807575,2.58843,-0.2835143,-0.2980914,2.572037,-0.1386699,-0.05441418,2.638576,-0.1262905,-0.2017403,2.715255,-0.142517,-0.301663,2.72484,-0.1529461,0.2455873,2.750741
72057594038008658,0,0.9679712,15577.84,-0.1730822,-0.07449359,2.695647,-0.1605841,0.362717,2.744406,-0.2309844,0.1687559,2.812504,-0.1178822,0.05862498,2.816694,-0.04544527,0.1086699,2.662416,-0.0382494,0.1306256,2.623574,-0.09520824,0.2020206,2.667943,-0.02302805,0.0618479,2.651359,-0.1240185,-0.06855547,2.599061,-0.1554738,-0.1089048,2.589756,-0.2071021,-0.08339432,2.706311,-0.289174,-0.2807575,2.58843,-0.2835143,-0.2980914,2.572037,-0.1386699,-0.05441418,2.638576,-0.1262905,-0.2017403,2.715255,-0.142517,-0.301663,2.72484,-0.1529461,0.2455873,2.750741
72057594038008658,0,0.9679712,15577.84,-0.1730822,-0.07449359,2.695647,-0.1605841,0.362717,2.744406,-0.2309844,0.1687559,2.812504,-0.1178822,0.05862498,2.816694,-0.04544527,0.1086699,2.662416,-0.0382494,0.1306256,2.623574,-0.09520824,0.2020206,2.667943,-0.02302805,0.0618479,2.651359,-0.1240185,-0.06855547,2.599061,-0.1554738,-0.1089048,2.589756,-0.2071021,-0.08339432,2.706311,-0.289174,-0.2807575,2.58843,-0.2835143,-0.2980914,2.572037,-0.1386699,-0.05441418,2.638576,-0.1262905,-0.2017403,2.715255,-0.142517,-0.301663,2.72484,-0.1529461,0.2455873,2.750741
72057594038008658,0,0.9679712,15577.84,-0.1730822,-0.07449359,2.695647,-0.1605841,0.362717,2.744406,-0.2309844,0.1687559,2.812504,-0.1178822,0.05862498,2.816694,-0.04544527,0.1086699,2.662416,-0.0382494,0.1306256,2.623574,-0.09520824,0.2020206,2.667943,-0.02302805,0.0618479,2.651359,-0.1240185,-0.06855547,2.599061,-0.1554738,-0.1089048,2.589756,-0.2071021,-0.08339432,2.706311,-0.289174,-0.2807575,2.58843,-0.2835143,-0.2980914,2.572037,-0.1386699,-0.05441418,2.638576,-0.1262905,-0.2017403,2.715255,-0.142517,-0.301663,2.72484,-0.1529461,0.2455873,2.750741
72057594038008658,0,0.9679712,15577.85,-0.1730822,-0.07449359,2.695647,-0.1605841,0.362717,2.744406,-0.2309844,0.1687559,2.812504,-0.1178822,0.05862498,2.816694,-0.04544527,0.1086699,2.662416,-0.0382494,0.1306256,2.623574,-0.09520824,0.2020206,2.667943,-0.02302805,0.0618479,2.651359,-0.1240185,-0.06855547,2.599061,-0.1554738,-0.1089048,2.589756,-0.2071021,-0.08339432,2.706311,-0.289174,-0.2807575,2.58843,-0.2835143,-0.2980914,2.572037,-0.1386699,-0.05441418,2.638576,-0.1262905,-0.2017403,2.715255,-0.142517,-0.301663,2.72484,-0.1529461,0.2455873,2.750741
72057594038008658,0,0.9679712,15577.85,-0.1730822,-0.07449359,2.695647,-0.1605841,0.362717,2.744406,-0.2309844,0.1687559,2.812504,-0.1178822,0.05862498,2.816694,-0.04544527,0.1086699,2.662416,-0.0382494,0.1306256,2.623574,-0.09520824,0.2020206,2.667943,-0.02302805,0.0618479,2.651359,-0.1240185,-0.06855547,2.599061,-0.1554738,-0.1089048,2.589756,-0.2071021,-0.08339432,2.706311,-0.289174,-0.2807575,2.58843,-0.2835143,-0.2980914,2.572037,-0.1386699,-0.05441418,2.638576,-0.1262905,-0.2017403,2.715255,-0.142517,-0.301663,2.72484,-0.1529461,0.2455873,2.750741
72057594038008658,0,0.9679712,15577.85,-0.1730822,-0.07449359,2.695647,-0.1605841,0.362717,2.744406,-0.2309844,0.1687559,2.812504,-0.1178822,0.05862498,2.816694,-0.04544527,0.1086699,2.662416,-0.0382494,0.1306256,2.623574,-0.09520824,0.2020206,2.667943,-0.02302805,0.0618479,2.651359,-0.1240185,-0.06855547,2.599061,-0.1554738,-0.1089048,2.589756,-0.2071021,-0.08339432,2.706311,-0.289174,-0.2807575,2.58843,-0.2835143,-0.2980914,2.572037,-0.1386699,-0.05441418,2.638576,-0.1262905,-0.2017403,2.715255,-0.142517,-0.301663,2.72484,-0.1529461,0.2455873,2.750741
72057594038008658,0,0.9675002,15577.86,-0.1732801,-0.07398659,2.695724,-0.1589043,0.362584,2.745422,-0.2294487,0.1677349,2.815336,-0.117282,0.05349663,2.821966,-0.04463149,0.1033409,2.667478,-0.02707616,0.0934954,2.634549,-0.09280954,0.2018844,2.670294,-0.02692429,0.05958864,2.653501,-0.1167734,-0.07942972,2.602763,-0.1543651,-0.1403957,2.575881,-0.2069403,-0.08341181,2.706151,-0.2501875,-0.2096924,2.612092,-0.284244,-0.2989027,2.5704,-0.1393441,-0.0533331,2.639598,-0.1271615,-0.2038246,2.715784,-0.1417327,-0.3044267,2.724656,-0.1499076,0.2458412,2.753439
72057594038008658,0,0.9675002,15577.86,-0.1732801,-0.07398659,2.695724,-0.1589043,0.362584,2.745422,-0.2294487,0.1677349,2.815336,-0.117282,0.05349663,2.821966,-0.04463149,0.1033409,2.667478,-0.02707616,0.0934954,2.634549,-0.09280954,0.2018844,2.670294,-0.02692429,0.05958864,2.653501,-0.1167734,-0.07942972,2.602763,-0.1543651,-0.1403957,2.575881,-0.2069403,-0.08341181,2.706151,-0.2501875,-0.2096924,2.612092,-0.284244,-0.2989027,2.5704,-0.1393441,-0.0533331,2.639598,-0.1271615,-0.2038246,2.715784,-0.1417327,-0.3044267,2.724656,-0.1499076,0.2458412,2.753439
72057594038008658,0,0.9675002,15577.86,-0.1732801,-0.07398659,2.695724,-0.1589043,0.362584,2.745422,-0.2294487,0.1677349,2.815336,-0.117282,0.05349663,2.821966,-0.04463149,0.1033409,2.667478,-0.02707616,0.0934954,2.634549,-0.09280954,0.2018844,2.670294,-0.02692429,0.05958864,2.653501,-0.1167734,-0.07942972,2.602763,-0.1543651,-0.1403957,2.575881,-0.2069403,-0.08341181,2.706151,-0.2501875,-0.2096924,2.612092,-0.284244,-0.2989027,2.5704,-0.1393441,-0.0533331,2.639598,-0.1271615,-0.2038246,2.715784,-0.1417327,-0.3044267,2.724656,-0.1499076,0.2458412,2.753439
72057594038008658,0,0.9675002,15577.86,-0.1732801,-0.07398659,2.695724,-0.1589043,0.362584,2.745422,-0.2294487,0.1677349,2.815336,-0.117282,0.05349663,2.821966,-0.04463149,0.1033409,2.667478,-0.02707616,0.0934954,2.634549,-0.09280954,0.2018844,2.670294,-0.02692429,0.05958864,2.653501,-0.1167734,-0.07942972,2.602763,-0.1543651,-0.1403957,2.575881,-0.2069403,-0.08341181,2.706151,-0.2501875,-0.2096924,2.612092,-0.284244,-0.2989027,2.5704,-0.1393441,-0.0533331,2.639598,-0.1271615,-0.2038246,2.715784,-0.1417327,-0.3044267,2.724656,-0.1499076,0.2458412,2.753439
72057594038008658,0,0.9675002,15577.87,-0.1732801,-0.07398659,2.695724,-0.1589043,0.362584,2.745422,-0.2294487,0.1677349,2.815336,-0.117282,0.05349663,2.821966,-0.04463149,0.1033409,2.667478,-0.02707616,0.0934954,2.634549,-0.09280954,0.2018844,2.670294,-0.02692429,0.05958864,2.653501,-0.1167734,-0.07942972,2.602763,-0.1543651,-0.1403957,2.575881,-0.2069403,-0.08341181,2.706151,-0.2501875,-0.2096924,2.612092,-0.284244,-0.2989027,2.5704,-0.1393441,-0.0533331,2.639598,-0.1271615,-0.2038246,2.715784,-0.1417327,-0.3044267,2.724656,-0.1499076,0.2458412,2.753439
72057594038008658,0,0.9675002,15577.87,-0.1732801,-0.07398659,2.695724,-0.1589043,0.362584,2.745422,-0.2294487,0.1677349,2.815336,-0.117282,0.05349663,2.821966,-0.04463149,0.1033409,2.667478,-0.02707616,0.0934954,2.634549,-0.09280954,0.2018844,2.670294,-0.02692429,0.05958864,2.653501,-0.1167734,-0.07942972,2.602763,-0.1543651,-0.1403957,2.575881,-0.2069403,-0.08341181,2.706151,-0.2501875,-0.2096924,2.612092,-0.284244,-0.2989027,2.5704,-0.1393441,-0.0533331,2.639598,-0.1271615,-0.2038246,2.715784,-0.1417327,-0.3044267,2.724656,-0.1499076,0.2458412,2.753439
72057594038008658,0,0.9675002,15577.87,-0.1732801,-0.07398659,2.695724,-0.1589043,0.362584,2.745422,-0.2294487,0.1677349,2.815336,-0.117282,0.05349663,2.821966,-0.04463149,0.1033409,2.667478,-0.02707616,0.0934954,2.634549,-0.09280954,0.2018844,2.670294,-0.02692429,0.05958864,2.653501,-0.1167734,-0.07942972,2.602763,-0.1543651,-0.1403957,2.575881,-0.2069403,-0.08341181,2.706151,-0.2501875,-0.2096924,2.612092,-0.284244,-0.2989027,2.5704,-0.1393441,-0.0533331,2.639598,-0.1271615,-0.2038246,2.715784,-0.1417327,-0.3044267,2.724656,-0.1499076,0.2458412,2.753439
72057594038008658,0,0.9675002,15577.89,-0.1732801,-0.07398659,2.695724,-0.1589043,0.362584,2.745422,-0.2294487,0.1677349,2.815336,-0.117282,0.05349663,2.821966,-0.04463149,0.1033409,2.667478,-0.02707616,0.0934954,2.634549,-0.09280954,0.2018844,2.670294,-0.02692429,0.05958864,2.653501,-0.1167734,-0.07942972,2.602763,-0.1543651,-0.1403957,2.575881,-0.2069403,-0.08341181,2.706151,-0.2501875,-0.2096924,2.612092,-0.284244,-0.2989027,2.5704,-0.1393441,-0.0533331,2.639598,-0.1271615,-0.2038246,2.715784,-0.1417327,-0.3044267,2.724656,-0.1499076,0.2458412,2.753439
72057594038008658,0,0.9653652,15577.89,-0.1735229,-0.07180998,2.696423,-0.1559496,0.362504,2.74671,-0.2275639,0.1695397,2.818891,-0.1159333,0.0537442,2.822414,-0.03437988,0.07246718,2.665259,-0.02904011,0.06477347,2.642835,-0.09169015,0.2018045,2.672077,-0.02817276,0.057652,2.652814,-0.1198565,-0.07578182,2.589369,-0.1518437,-0.1198783,2.578934,-0.2064798,-0.08254585,2.706613,-0.2496339,-0.208176,2.609781,-0.2833638,-0.2937282,2.569527,-0.1400294,-0.05090109,2.64069,-0.1229842,-0.2054041,2.727508,-0.1421583,-0.304317,2.725013,-0.1476148,0.2463392,2.755688
72057594038008658,0,0.9653652,15577.9,-0.1735229,-0.07180998,2.696423,-0.1559496,0.362504,2.74671,-0.2275639,0.1695397,2.818891,-0.1159333,0.0537442,2.822414,-0.03437988,0.07246718,2.665259,-0.02904011,0.06477347,2.642835,-0.09169015,0.2018045,2.672077,-0.02817276,0.057652,2.652814,-0.1198565,-0.07578182,2.589369,-0.1518437,-0.1198783,2.578934,-0.2064798,-0.08254585,2.706613,-0.2496339,-0.208176,2.609781,-0.2833638,-0.2937282,2.569527,-0.1400294,-0.05090109,2.64069,-0.1229842,-0.2054041,2.727508,-0.1421583,-0.304317,2.725013,-0.1476148,0.2463392,2.755688
72057594038008658,0,0.9653652,15577.9,-0.1735229,-0.07180998,2.696423,-0.1559496,0.362504,2.74671,-0.2275639,0.1695397,2.818891,-0.1159333,0.0537442,2.822414,-0.03437988,0.07246718,2.665259,-0.02904011,0.06477347,2.642835,-0.09169015,0.2018045,2.672077,-0.02817276,0.057652,2.652814,-0.1198565,-0.07578182,2.589369,-0.1518437,-0.1198783,2.578934,-0.2064798,-0.08254585,2.706613,-0.2496339,-0.208176,2.609781,-0.2833638,-0.2937282,2.569527,-0.1400294,-0.05090109,2.64069,-0.1229842,-0.2054041,2.727508,-0.1421583,-0.304317,2.725013,-0.1476148,0.2463392,2.755688
72057594038008658,0,0.9653652,15577.9,-0.1735229,-0.07180998,2.696423,-0.1559496,0.362504,2.74671,-0.2275639,0.1695397,2.818891,-0.1159333,0.0537442,2.822414,-0.03437988,0.07246718,2.665259,-0.02904011,0.06477347,2.642835,-0.09169015,0.2018045,2.672077,-0.02817276,0.057652,2.652814,-0.1198565,-0.07578182,2.589369,-0.1518437,-0.1198783,2.578934,-0.2064798,-0.08254585,2.706613,-0.2496339,-0.208176,2.609781,-0.2833638,-0.2937282,2.569527,-0.1400294,-0.05090109,2.64069,-0.1229842,-0.2054041,2.727508,-0.1421583,-0.304317,2.725013,-0.1476148,0.2463392,2.755688
72057594038008658,0,0.9653652,15577.9,-0.1735229,-0.07180998,2.696423,-0.1559496,0.362504,2.74671,-0.2275639,0.1695397,2.818891,-0.1159333,0.0537442,2.822414,-0.03437988,0.07246718,2.665259,-0.02904011,0.06477347,2.642835,-0.09169015,0.2018045,2.672077,-0.02817276,0.057652,2.652814,-0.1198565,-0.07578182,2.589369,-0.1518437,-0.1198783,2.578934,-0.2064798,-0.08254585,2.706613,-0.2496339,-0.208176,2.609781,-0.2833638,-0.2937282,2.569527,-0.1400294,-0.05090109,2.64069,-0.1229842,-0.2054041,2.727508,-0.1421583,-0.304317,2.725013,-0.1476148,0.2463392,2.755688
72057594038008658,0,0.9653652,15577.91,-0.1735229,-0.07180998,2.696423,-0.1559496,0.362504,2.74671,-0.2275639,0.1695397,2.818891,-0.1159333,0.0537442,2.822414,-0.03437988,0.07246718,2.665259,-0.02904011,0.06477347,2.642835,-0.09169015,0.2018045,2.672077,-0.02817276,0.057652,2.652814,-0.1198565,-0.07578182,2.589369,-0.1518437,-0.1198783,2.578934,-0.2064798,-0.08254585,2.706613,-0.2496339,-0.208176,2.609781,-0.2833638,-0.2937282,2.569527,-0.1400294,-0.05090109,2.64069,-0.1229842,-0.2054041,2.727508,-0.1421583,-0.304317,2.725013,-0.1476148,0.2463392,2.755688
72057594038008658,0,0.9653652,15577.91,-0.1735229,-0.07180998,2.696423,-0.1559496,0.362504,2.74671,-0.2275639,0.1695397,2.818891,-0.1159333,0.0537442,2.822414,-0.03437988,0.07246718,2.665259,-0.02904011,0.06477347,2.642835,-0.09169015,0.2018045,2.672077,-0.02817276,0.057652,2.652814,-0.1198565,-0.07578182,2.589369,-0.1518437,-0.1198783,2.578934,-0.2064798,-0.08254585,2.706613,-0.2496339,-0.208176,2.609781,-0.2833638,-0.2937282,2.569527,-0.1400294,-0.05090109,2.64069,-0.1229842,-0.2054041,2.727508,-0.1421583,-0.304317,2.725013,-0.1476148,0.2463392,2.755688
72057594038008658,0,0.9653652,15577.91,-0.1735229,-0.07180998,2.696423,-0.1559496,0.362504,2.74671,-0.2275639,0.1695397,2.818891,-0.1159333,0.0537442,2.822414,-0.03437988,0.07246718,2.665259,-0.02904011,0.06477347,2.642835,-0.09169015,0.2018045,2.672077,-0.02817276,0.057652,2.652814,-0.1198565,-0.07578182,2.589369,-0.1518437,-0.1198783,2.578934,-0.2064798,-0.08254585,2.706613,-0.2496339,-0.208176,2.609781,-0.2833638,-0.2937282,2.569527,-0.1400294,-0.05090109,2.64069,-0.1229842,-0.2054041,2.727508,-0.1421583,-0.304317,2.725013,-0.1476148,0.2463392,2.755688
72057594038008658,0,0.9653652,15577.92,-0.1735229,-0.07180998,2.696423,-0.1559496,0.362504,2.74671,-0.2275639,0.1695397,2.818891,-0.1159333,0.0537442,2.822414,-0.03437988,0.07246718,2.665259,-0.02904011,0.06477347,2.642835,-0.09169015,0.2018045,2.672077,-0.02817276,0.057652,2.652814,-0.1198565,-0.07578182,2.589369,-0.1518437,-0.1198783,2.578934,-0.2064798,-0.08254585,2.706613,-0.2496339,-0.208176,2.609781,-0.2833638,-0.2937282,2.569527,-0.1400294,-0.05090109,2.64069,-0.1229842,-0.2054041,2.727508,-0.1421583,-0.304317,2.725013,-0.1476148,0.2463392,2.755688
72057594038008658,0,0.9639271,15577.92,-0.1732522,-0.07040825,2.696725,-0.1522828,0.3616815,2.748351,-0.2254378,0.1699751,2.819881,-0.1130754,0.05348954,2.822001,-0.04007338,0.08039537,2.661482,-0.03311579,0.09398395,2.628804,-0.09100445,0.2014019,2.673235,-0.02828224,0.0568299,2.652179,-0.132078,-0.07587895,2.612334,-0.1678662,-0.1129679,2.595078,-0.205369,-0.08042228,2.70749,-0.1943206,-0.1830979,2.598527,-0.2838239,-0.2957333,2.564352,-0.1399924,-0.05057621,2.640753,-0.1215423,-0.2054267,2.729131,-0.1422927,-0.3045853,2.725281,-0.1448128,0.2462155,2.75643
72057594038008658,0,0.9639271,15577.92,-0.1732522,-0.07040825,2.696725,-0.1522828,0.3616815,2.748351,-0.2254378,0.1699751,2.819881,-0.1130754,0.05348954,2.822001,-0.04007338,0.08039537,2.661482,-0.03311579,0.09398395,2.628804,-0.09100445,0.2014019,2.673235,-0.02828224,0.0568299,2.652179,-0.132078,-0.07587895,2.612334,-0.1678662,-0.1129679,2.595078,-0.205369,-0.08042228,2.70749,-0.1943206,-0.1830979,2.598527,-0.2838239,-0.2957333,2.564352,-0.1399924,-0.05057621,2.640753,-0.1215423,-0.2054267,2.729131,-0.1422927,-0.3045853,2.725281,-0.1448128,0.2462155,2.75643
72057594038008658,0,0.9639271,15577.92,-0.1732522,-0.07040825,2.696725,-0.1522828,0.3616815,2.748351,-0.2254378,0.1699751,2.819881,-0.1130754,0.05348954,2.822001,-0.04007338,0.08039537,2.661482,-0.03311579,0.09398395,2.628804,-0.09100445,0.2014019,2.673235,-0.02828224,0.0568299,2.652179,-0.132078,-0.07587895,2.612334,-0.1678662,-0.1129679,2.595078,-0.205369,-0.08042228,2.70749,-0.1943206,-0.1830979,2.598527,-0.2838239,-0.2957333,2.564352,-0.1399924,-0.05057621,2.640753,-0.1215423,-0.2054267,2.729131,-0.1422927,-0.3045853,2.725281,-0.1448128,0.2462155,2.75643
72057594038008658,0,0.9639271,15577.93,-0.1732522,-0.07040825,2.696725,-0.1522828,0.3616815,2.748351,-0.2254378,0.1699751,2.819881,-0.1130754,0.05348954,2.822001,-0.04007338,0.08039537,2.661482,-0.03311579,0.09398395,2.628804,-0.09100445,0.2014019,2.673235,-0.02828224,0.0568299,2.652179,-0.132078,-0.07587895,2.612334,-0.1678662,-0.1129679,2.595078,-0.205369,-0.08042228,2.70749,-0.1943206,-0.1830979,2.598527,-0.2838239,-0.2957333,2.564352,-0.1399924,-0.05057621,2.640753,-0.1215423,-0.2054267,2.729131,-0.1422927,-0.3045853,2.725281,-0.1448128,0.2462155,2.75643
72057594038008658,0,0.9639271,15577.93,-0.1732522,-0.07040825,2.696725,-0.1522828,0.3616815,2.748351,-0.2254378,0.1699751,2.819881,-0.1130754,0.05348954,2.822001,-0.04007338,0.08039537,2.661482,-0.03311579,0.09398395,2.628804,-0.09100445,0.2014019,2.673235,-0.02828224,0.0568299,2.652179,-0.132078,-0.07587895,2.612334,-0.1678662,-0.1129679,2.595078,-0.205369,-0.08042228,2.70749,-0.1943206,-0.1830979,2.598527,-0.2838239,-0.2957333,2.564352,-0.1399924,-0.05057621,2.640753,-0.1215423,-0.2054267,2.729131,-0.1422927,-0.3045853,2.725281,-0.1448128,0.2462155,2.75643
72057594038008658,0,0.9639271,15577.93,-0.1732522,-0.07040825,2.696725,-0.1522828,0.3616815,2.748351,-0.2254378,0.1699751,2.819881,-0.1130754,0.05348954,2.822001,-0.04007338,0.08039537,2.661482,-0.03311579,0.09398395,2.628804,-0.09100445,0.2014019,2.673235,-0.02828224,0.0568299,2.652179,-0.132078,-0.07587895,2.612334,-0.1678662,-0.1129679,2.595078,-0.205369,-0.08042228,2.70749,-0.1943206,-0.1830979,2.598527,-0.2838239,-0.2957333,2.564352,-0.1399924,-0.05057621,2.640753,-0.1215423,-0.2054267,2.729131,-0.1422927,-0.3045853,2.725281,-0.1448128,0.2462155,2.75643
72057594038008658,0,0.9639271,15577.94,-0.1732522,-0.07040825,2.696725,-0.1522828,0.3616815,2.748351,-0.2254378,0.1699751,2.819881,-0.1130754,0.05348954,2.822001,-0.04007338,0.08039537,2.661482,-0.03311579,0.09398395,2.628804,-0.09100445,0.2014019,2.673235,-0.02828224,0.0568299,2.652179,-0.132078,-0.07587895,2.612334,-0.1678662,-0.1129679,2.595078,-0.205369,-0.08042228,2.70749,-0.1943206,-0.1830979,2.598527,-0.2838239,-0.2957333,2.564352,-0.1399924,-0.05057621,2.640753,-0.1215423,-0.2054267,2.729131,-0.1422927,-0.3045853,2.725281,-0.1448128,0.2462155,2.75643
72057594038008658,0,0.9639271,15577.94,-0.1732522,-0.07040825,2.696725,-0.1522828,0.3616815,2.748351,-0.2254378,0.1699751,2.819881,-0.1130754,0.05348954,2.822001,-0.04007338,0.08039537,2.661482,-0.03311579,0.09398395,2.628804,-0.09100445,0.2014019,2.673235,-0.02828224,0.0568299,2.652179,-0.132078,-0.07587895,2.612334,-0.1678662,-0.1129679,2.595078,-0.205369,-0.08042228,2.70749,-0.1943206,-0.1830979,2.598527,-0.2838239,-0.2957333,2.564352,-0.1399924,-0.05057621,2.640753,-0.1215423,-0.2054267,2.729131,-0.1422927,-0.3045853,2.725281,-0.1448128,0.2462155,2.75643
72057594038008658,0,0.9639271,15577.95,-0.1732522,-0.07040825,2.696725,-0.1522828,0.3616815,2.748351,-0.2254378,0.1699751,2.819881,-0.1130754,0.05348954,2.822001,-0.04007338,0.08039537,2.661482,-0.03311579,0.09398395,2.628804,-0.09100445,0.2014019,2.673235,-0.02828224,0.0568299,2.652179,-0.132078,-0.07587895,2.612334,-0.1678662,-0.1129679,2.595078,-0.205369,-0.08042228,2.70749,-0.1943206,-0.1830979,2.598527,-0.2838239,-0.2957333,2.564352,-0.1399924,-0.05057621,2.640753,-0.1215423,-0.2054267,2.729131,-0.1422927,-0.3045853,2.725281,-0.1448128,0.2462155,2.75643
72057594038008658,0,0.9639271,15577.95,-0.1732522,-0.07040825,2.696725,-0.1522828,0.3616815,2.748351,-0.2254378,0.1699751,2.819881,-0.1130754,0.05348954,2.822001,-0.04007338,0.08039537,2.661482,-0.03311579,0.09398395,2.628804,-0.09100445,0.2014019,2.673235,-0.02828224,0.0568299,2.652179,-0.132078,-0.07587895,2.612334,-0.1678662,-0.1129679,2.595078,-0.205369,-0.08042228,2.70749,-0.1943206,-0.1830979,2.598527,-0.2838239,-0.2957333,2.564352,-0.1399924,-0.05057621,2.640753,-0.1215423,-0.2054267,2.729131,-0.1422927,-0.3045853,2.725281,-0.1448128,0.2462155,2.75643
72057594038008658,0,0.9639271,15577.95,-0.1732522,-0.07040825,2.696725,-0.1522828,0.3616815,2.748351,-0.2254378,0.1699751,2.819881,-0.1130754,0.05348954,2.822001,-0.04007338,0.08039537,2.661482,-0.03311579,0.09398395,2.628804,-0.09100445,0.2014019,2.673235,-0.02828224,0.0568299,2.652179,-0.132078,-0.07587895,2.612334,-0.1678662,-0.1129679,2.595078,-0.205369,-0.08042228,2.70749,-0.1943206,-0.1830979,2.598527,-0.2838239,-0.2957333,2.564352,-0.1399924,-0.05057621,2.640753,-0.1215423,-0.2054267,2.729131,-0.1422927,-0.3045853,2.725281,-0.1448128,0.2462155,2.75643
72057594038008658,0,0.9638042,15577.95,-0.1731536,-0.07030293,2.696803,-0.1454476,0.3613783,2.749527,-0.223699,0.1708919,2.821579,-0.1113561,0.05380374,2.822498,-0.04021437,0.08212098,2.661142,-0.03691944,0.09446216,2.623079,-0.09027304,0.2002822,2.674299,-0.0294417,0.05745602,2.645956,-0.1332277,-0.07635367,2.60977,-0.167713,-0.1141182,2.592618,-0.2048061,-0.08064532,2.707377,-0.285001,-0.2655088,2.574815,-0.2841812,-0.2963746,2.561249,-0.1399881,-0.05024818,2.641194,-0.1212567,-0.2061669,2.730628,-0.1393958,-0.3061845,2.721918,-0.1429126,0.246461,2.75765
72057594038008658,0,0.9638042,15577.96,-0.1731536,-0.07030293,2.696803,-0.1454476,0.3613783,2.749527,-0.223699,0.1708919,2.821579,-0.1113561,0.05380374,2.822498,-0.04021437,0.08212098,2.661142,-0.03691944,0.09446216,2.623079,-0.09027304,0.2002822,2.674299,-0.0294417,0.05745602,2.645956,-0.1332277,-0.07635367,2.60977,-0.167713,-0.1141182,2.592618,-0.2048061,-0.08064532,2.707377,-0.285001,-0.2655088,2.574815,-0.2841812,-0.2963746,2.561249,-0.1399881,-0.05024818,2.641194,-0.1212567,-0.2061669,2.730628,-0.1393958,-0.3061845,2.721918,-0.1429126,0.246461,2.75765
72057594038008658,0,0.9638042,15577.96,-0.1731536,-0.07030293,2.696803,-0.1454476,0.3613783,2.749527,-0.223699,0.1708919,2.821579,-0.1113561,0.05380374,2.822498,-0.04021437,0.08212098,2.661142,-0.03691944,0.09446216,2.623079,-0.09027304,0.2002822,2.674299,-0.0294417,0.05745602,2.645956,-0.1332277,-0.07635367,2.60977,-0.167713,-0.1141182,2.592618,-0.2048061,-0.08064532,2.707377,-0.285001,-0.2655088,2.574815,-0.2841812,-0.2963746,2.561249,-0.1399881,-0.05024818,2.641194,-0.1212567,-0.2061669,2.730628,-0.1393958,-0.3061845,2.721918,-0.1429126,0.246461,2.75765
72057594038008658,0,0.9638042,15577.96,-0.1731536,-0.07030293,2.696803,-0.1454476,0.3613783,2.749527,-0.223699,0.1708919,2.821579,-0.1113561,0.05380374,2.822498,-0.04021437,0.08212098,2.661142,-0.03691944,0.09446216,2.623079,-0.09027304,0.2002822,2.674299,-0.0294417,0.05745602,2.645956,-0.1332277,-0.07635367,2.60977,-0.167713,-0.1141182,2.592618,-0.2048061,-0.08064532,2.707377,-0.285001,-0.2655088,2.574815,-0.2841812,-0.2963746,2.561249,-0.1399881,-0.05024818,2.641194,-0.1212567,-0.2061669,2.730628,-0.1393958,-0.3061845,2.721918,-0.1429126,0.246461,2.75765
72057594038008658,0,0.9638042,15577.96,-0.1731536,-0.07030293,2.696803,-0.1454476,0.3613783,2.749527,-0.223699,0.1708919,2.821579,-0.1113561,0.05380374,2.822498,-0.04021437,0.08212098,2.661142,-0.03691944,0.09446216,2.623079,-0.09027304,0.2002822,2.674299,-0.0294417,0.05745602,2.645956,-0.1332277,-0.07635367,2.60977,-0.167713,-0.1141182,2.592618,-0.2048061,-0.08064532,2.707377,-0.285001,-0.2655088,2.574815,-0.2841812,-0.2963746,2.561249,-0.1399881,-0.05024818,2.641194,-0.1212567,-0.2061669,2.730628,-0.1393958,-0.3061845,2.721918,-0.1429126,0.246461,2.75765
72057594038008658,0,0.9638042,15577.98,-0.1731536,-0.07030293,2.696803,-0.1454476,0.3613783,2.749527,-0.223699,0.1708919,2.821579,-0.1113561,0.05380374,2.822498,-0.04021437,0.08212098,2.661142,-0.03691944,0.09446216,2.623079,-0.09027304,0.2002822,2.674299,-0.0294417,0.05745602,2.645956,-0.1332277,-0.07635367,2.60977,-0.167713,-0.1141182,2.592618,-0.2048061,-0.08064532,2.707377,-0.285001,-0.2655088,2.574815,-0.2841812,-0.2963746,2.561249,-0.1399881,-0.05024818,2.641194,-0.1212567,-0.2061669,2.730628,-0.1393958,-0.3061845,2.721918,-0.1429126,0.246461,2.75765
72057594038008658,0,0.9638042,15577.98,-0.1731536,-0.07030293,2.696803,-0.1454476,0.3613783,2.749527,-0.223699,0.1708919,2.821579,-0.1113561,0.05380374,2.822498,-0.04021437,0.08212098,2.661142,-0.03691944,0.09446216,2.623079,-0.09027304,0.2002822,2.674299,-0.0294417,0.05745602,2.645956,-0.1332277,-0.07635367,2.60977,-0.167713,-0.1141182,2.592618,-0.2048061,-0.08064532,2.707377,-0.285001,-0.2655088,2.574815,-0.2841812,-0.2963746,2.561249,-0.1399881,-0.05024818,2.641194,-0.1212567,-0.2061669,2.730628,-0.1393958,-0.3061845,2.721918,-0.1429126,0.246461,2.75765
72057594038008658,0,0.9638042,15577.98,-0.1731536,-0.07030293,2.696803,-0.1454476,0.3613783,2.749527,-0.223699,0.1708919,2.821579,-0.1113561,0.05380374,2.822498,-0.04021437,0.08212098,2.661142,-0.03691944,0.09446216,2.623079,-0.09027304,0.2002822,2.674299,-0.0294417,0.05745602,2.645956,-0.1332277,-0.07635367,2.60977,-0.167713,-0.1141182,2.592618,-0.2048061,-0.08064532,2.707377,-0.285001,-0.2655088,2.574815,-0.2841812,-0.2963746,2.561249,-0.1399881,-0.05024818,2.641194,-0.1212567,-0.2061669,2.730628,-0.1393958,-0.3061845,2.721918,-0.1429126,0.246461,2.75765
72057594038008658,0,0.9638042,15577.99,-0.1731536,-0.07030293,2.696803,-0.1454476,0.3613783,2.749527,-0.223699,0.1708919,2.821579,-0.1113561,0.05380374,2.822498,-0.04021437,0.08212098,2.661142,-0.03691944,0.09446216,2.623079,-0.09027304,0.2002822,2.674299,-0.0294417,0.05745602,2.645956,-0.1332277,-0.07635367,2.60977,-0.167713,-0.1141182,2.592618,-0.2048061,-0.08064532,2.707377,-0.285001,-0.2655088,2.574815,-0.2841812,-0.2963746,2.561249,-0.1399881,-0.05024818,2.641194,-0.1212567,-0.2061669,2.730628,-0.1393958,-0.3061845,2.721918,-0.1429126,0.246461,2.75765
72057594038008658,0,0.9614341,15577.99,-0.1712397,-0.0682475,2.697687,-0.1414184,0.3621242,2.7475,-0.2203013,0.1746971,2.82898,-0.1079346,0.05641377,2.827516,-0.04755935,0.03540623,2.660554,-0.02437899,0.02766526,2.612773,-0.08920454,0.1997708,2.674736,-0.03043442,0.0570415,2.64126,-0.1281214,-0.07978603,2.597774,-0.1516059,-0.1398113,2.577296,-0.2015005,-0.07786021,2.70787,-0.1885263,-0.1781759,2.594643,-0.283879,-0.2951929,2.559271,-0.1388623,-0.04928783,2.64241,-0.1204346,-0.2066181,2.730737,-0.140493,-0.3059844,2.722249,-0.139507,0.2471261,2.758484
72057594038008658,0,0.9614341,15577.99,-0.1712397,-0.0682475,2.697687,-0.1414184,0.3621242,2.7475,-0.2203013,0.1746971,2.82898,-0.1079346,0.05641377,2.827516,-0.04755935,0.03540623,2.660554,-0.02437899,0.02766526,2.612773,-0.08920454,0.1997708,2.674736,-0.03043442,0.0570415,2.64126,-0.1281214,-0.07978603,2.597774,-0.1516059,-0.1398113,2.577296,-0.2015005,-0.07786021,2.70787,-0.1885263,-0.1781759,2.594643,-0.283879,-0.2951929,2.559271,-0.1388623,-0.04928783,2.64241,-0.1204346,-0.2066181,2.730737,-0.140493,-0.3059844,2.722249,-0.139507,0.2471261,2.758484
72057594038008658,0,0.9614341,15578,-0.1712397,-0.0682475,2.697687,-0.1414184,0.3621242,2.7475,-0.2203013,0.1746971,2.82898,-0.1079346,0.05641377,2.827516,-0.04755935,0.03540623,2.660554,-0.02437899,0.02766526,2.612773,-0.08920454,0.1997708,2.674736,-0.03043442,0.0570415,2.64126,-0.1281214,-0.07978603,2.597774,-0.1516059,-0.1398113,2.577296,-0.2015005,-0.07786021,2.70787,-0.1885263,-0.1781759,2.594643,-0.283879,-0.2951929,2.559271,-0.1388623,-0.04928783,2.64241,-0.1204346,-0.2066181,2.730737,-0.140493,-0.3059844,2.722249,-0.139507,0.2471261,2.758484
72057594038008658,0,0.9614341,15578,-0.1712397,-0.0682475,2.697687,-0.1414184,0.3621242,2.7475,-0.2203013,0.1746971,2.82898,-0.1079346,0.05641377,2.827516,-0.04755935,0.03540623,2.660554,-0.02437899,0.02766526,2.612773,-0.08920454,0.1997708,2.674736,-0.03043442,0.0570415,2.64126,-0.1281214,-0.07978603,2.597774,-0.1516059,-0.1398113,2.577296,-0.2015005,-0.07786021,2.70787,-0.1885263,-0.1781759,2.594643,-0.283879,-0.2951929,2.559271,-0.1388623,-0.04928783,2.64241,-0.1204346,-0.2066181,2.730737,-0.140493,-0.3059844,2.722249,-0.139507,0.2471261,2.758484
72057594038008658,0,0.9614341,15578,-0.1712397,-0.0682475,2.697687,-0.1414184,0.3621242,2.7475,-0.2203013,0.1746971,2.82898,-0.1079346,0.05641377,2.827516,-0.04755935,0.03540623,2.660554,-0.02437899,0.02766526,2.612773,-0.08920454,0.1997708,2.674736,-0.03043442,0.0570415,2.64126,-0.1281214,-0.07978603,2.597774,-0.1516059,-0.1398113,2.577296,-0.2015005,-0.07786021,2.70787,-0.1885263,-0.1781759,2.594643,-0.283879,-0.2951929,2.559271,-0.1388623,-0.04928783,2.64241,-0.1204346,-0.2066181,2.730737,-0.140493,-0.3059844,2.722249,-0.139507,0.2471261,2.758484
72057594038008658,0,0.9614341,15578,-0.1712397,-0.0682475,2.697687,-0.1414184,0.3621242,2.7475,-0.2203013,0.1746971,2.82898,-0.1079346,0.05641377,2.827516,-0.04755935,0.03540623,2.660554,-0.02437899,0.02766526,2.612773,-0.08920454,0.1997708,2.674736,-0.03043442,0.0570415,2.64126,-0.1281214,-0.07978603,2.597774,-0.1516059,-0.1398113,2.577296,-0.2015005,-0.07786021,2.70787,-0.1885263,-0.1781759,2.594643,-0.283879,-0.2951929,2.559271,-0.1388623,-0.04928783,2.64241,-0.1204346,-0.2066181,2.730737,-0.140493,-0.3059844,2.722249,-0.139507,0.2471261,2.758484
72057594038008658,0,0.9614341,15578.01,-0.1712397,-0.0682475,2.697687,-0.1414184,0.3621242,2.7475,-0.2203013,0.1746971,2.82898,-0.1079346,0.05641377,2.827516,-0.04755935,0.03540623,2.660554,-0.02437899,0.02766526,2.612773,-0.08920454,0.1997708,2.674736,-0.03043442,0.0570415,2.64126,-0.1281214,-0.07978603,2.597774,-0.1516059,-0.1398113,2.577296,-0.2015005,-0.07786021,2.70787,-0.1885263,-0.1781759,2.594643,-0.283879,-0.2951929,2.559271,-0.1388623,-0.04928783,2.64241,-0.1204346,-0.2066181,2.730737,-0.140493,-0.3059844,2.722249,-0.139507,0.2471261,2.758484
72057594038008658,0,0.9614341,15578.01,-0.1712397,-0.0682475,2.697687,-0.1414184,0.3621242,2.7475,-0.2203013,0.1746971,2.82898,-0.1079346,0.05641377,2.827516,-0.04755935,0.03540623,2.660554,-0.02437899,0.02766526,2.612773,-0.08920454,0.1997708,2.674736,-0.03043442,0.0570415,2.64126,-0.1281214,-0.07978603,2.597774,-0.1516059,-0.1398113,2.577296,-0.2015005,-0.07786021,2.70787,-0.1885263,-0.1781759,2.594643,-0.283879,-0.2951929,2.559271,-0.1388623,-0.04928783,2.64241,-0.1204346,-0.2066181,2.730737,-0.140493,-0.3059844,2.722249,-0.139507,0.2471261,2.758484
72057594038008658,0,0.9614341,15578.02,-0.1712397,-0.0682475,2.697687,-0.1414184,0.3621242,2.7475,-0.2203013,0.1746971,2.82898,-0.1079346,0.05641377,2.827516,-0.04755935,0.03540623,2.660554,-0.02437899,0.02766526,2.612773,-0.08920454,0.1997708,2.674736,-0.03043442,0.0570415,2.64126,-0.1281214,-0.07978603,2.597774,-0.1516059,-0.1398113,2.577296,-0.2015005,-0.07786021,2.70787,-0.1885263,-0.1781759,2.594643,-0.283879,-0.2951929,2.559271,-0.1388623,-0.04928783,2.64241,-0.1204346,-0.2066181,2.730737,-0.140493,-0.3059844,2.722249,-0.139507,0.2471261,2.758484
72057594038008658,0,0.9589701,15578.03,-0.1697944,-0.06601095,2.698382,-0.1390824,0.3624871,2.747104,-0.2193959,0.1746471,2.832991,-0.1067106,0.05620775,2.830948,-0.04841622,0.03487065,2.663072,-0.02859915,0.02957636,2.605264,-0.08745508,0.1997921,2.674436,-0.03285512,0.05723608,2.635502,-0.1284231,-0.08206937,2.595127,-0.1510709,-0.1400428,2.57622,-0.1989625,-0.07567587,2.709582,-0.2436651,-0.2033157,2.598452,-0.2820162,-0.2934082,2.555227,-0.1381674,-0.04760098,2.642473,-0.1202167,-0.2074353,2.730821,-0.1410335,-0.30585,2.722701,-0.1378473,0.2466206,2.75965
72057594038008658,0,0.9589701,15578.03,-0.1697944,-0.06601095,2.698382,-0.1390824,0.3624871,2.747104,-0.2193959,0.1746471,2.832991,-0.1067106,0.05620775,2.830948,-0.04841622,0.03487065,2.663072,-0.02859915,0.02957636,2.605264,-0.08745508,0.1997921,2.674436,-0.03285512,0.05723608,2.635502,-0.1284231,-0.08206937,2.595127,-0.1510709,-0.1400428,2.57622,-0.1989625,-0.07567587,2.709582,-0.2436651,-0.2033157,2.598452,-0.2820162,-0.2934082,2.555227,-0.1381674,-0.04760098,2.642473,-0.1202167,-0.2074353,2.730821,-0.1410335,-0.30585,2.722701,-0.1378473,0.2466206,2.75965
72057594038008658,0,0.9589701,15578.04,-0.1697944,-0.06601095,2.698382,-0.1390824,0.3624871,2.747104,-0.2193959,0.1746471,2.832991,-0.1067106,0.05620775,2.830948,-0.04841622,0.03487065,2.663072,-0.02859915,0.02957636,2.605264,-0.08745508,0.1997921,2.674436,-0.03285512,0.05723608,2.635502,-0.1284231,-0.08206937,2.595127,-0.1510709,-0.1400428,2.57622,-0.1989625,-0.07567587,2.709582,-0.2436651,-0.2033157,2.598452,-0.2820162,-0.2934082,2.555227,-0.1381674,-0.04760098,2.642473,-0.1202167,-0.2074353,2.730821,-0.1410335,-0.30585,2.722701,-0.1378473,0.2466206,2.75965
72057594038008658,0,0.9589701,15578.04,-0.1697944,-0.06601095,2.698382,-0.1390824,0.3624871,2.747104,-0.2193959,0.1746471,2.832991,-0.1067106,0.05620775,2.830948,-0.04841622,0.03487065,2.663072,-0.02859915,0.02957636,2.605264,-0.08745508,0.1997921,2.674436,-0.03285512,0.05723608,2.635502,-0.1284231,-0.08206937,2.595127,-0.1510709,-0.1400428,2.57622,-0.1989625,-0.07567587,2.709582,-0.2436651,-0.2033157,2.598452,-0.2820162,-0.2934082,2.555227,-0.1381674,-0.04760098,2.642473,-0.1202167,-0.2074353,2.730821,-0.1410335,-0.30585,2.722701,-0.1378473,0.2466206,2.75965
72057594038008658,0,0.9589701,15578.04,-0.1697944,-0.06601095,2.698382,-0.1390824,0.3624871,2.747104,-0.2193959,0.1746471,2.832991,-0.1067106,0.05620775,2.830948,-0.04841622,0.03487065,2.663072,-0.02859915,0.02957636,2.605264,-0.08745508,0.1997921,2.674436,-0.03285512,0.05723608,2.635502,-0.1284231,-0.08206937,2.595127,-0.1510709,-0.1400428,2.57622,-0.1989625,-0.07567587,2.709582,-0.2436651,-0.2033157,2.598452,-0.2820162,-0.2934082,2.555227,-0.1381674,-0.04760098,2.642473,-0.1202167,-0.2074353,2.730821,-0.1410335,-0.30585,2.722701,-0.1378473,0.2466206,2.75965
72057594038008658,0,0.9589701,15578.04,-0.1697944,-0.06601095,2.698382,-0.1390824,0.3624871,2.747104,-0.2193959,0.1746471,2.832991,-0.1067106,0.05620775,2.830948,-0.04841622,0.03487065,2.663072,-0.02859915,0.02957636,2.605264,-0.08745508,0.1997921,2.674436,-0.03285512,0.05723608,2.635502,-0.1284231,-0.08206937,2.595127,-0.1510709,-0.1400428,2.57622,-0.1989625,-0.07567587,2.709582,-0.2436651,-0.2033157,2.598452,-0.2820162,-0.2934082,2.555227,-0.1381674,-0.04760098,2.642473,-0.1202167,-0.2074353,2.730821,-0.1410335,-0.30585,2.722701,-0.1378473,0.2466206,2.75965
72057594038008658,0,0.9589701,15578.05,-0.1697944,-0.06601095,2.698382,-0.1390824,0.3624871,2.747104,-0.2193959,0.1746471,2.832991,-0.1067106,0.05620775,2.830948,-0.04841622,0.03487065,2.663072,-0.02859915,0.02957636,2.605264,-0.08745508,0.1997921,2.674436,-0.03285512,0.05723608,2.635502,-0.1284231,-0.08206937,2.595127,-0.1510709,-0.1400428,2.57622,-0.1989625,-0.07567587,2.709582,-0.2436651,-0.2033157,2.598452,-0.2820162,-0.2934082,2.555227,-0.1381674,-0.04760098,2.642473,-0.1202167,-0.2074353,2.730821,-0.1410335,-0.30585,2.722701,-0.1378473,0.2466206,2.75965
72057594038008658,0,0.9589701,15578.05,-0.1697944,-0.06601095,2.698382,-0.1390824,0.3624871,2.747104,-0.2193959,0.1746471,2.832991,-0.1067106,0.05620775,2.830948,-0.04841622,0.03487065,2.663072,-0.02859915,0.02957636,2.605264,-0.08745508,0.1997921,2.674436,-0.03285512,0.05723608,2.635502,-0.1284231,-0.08206937,2.595127,-0.1510709,-0.1400428,2.57622,-0.1989625,-0.07567587,2.709582,-0.2436651,-0.2033157,2.598452,-0.2820162,-0.2934082,2.555227,-0.1381674,-0.04760098,2.642473,-0.1202167,-0.2074353,2.730821,-0.1410335,-0.30585,2.722701,-0.1378473,0.2466206,2.75965
72057594038008658,0,0.9589701,15578.05,-0.1697944,-0.06601095,2.698382,-0.1390824,0.3624871,2.747104,-0.2193959,0.1746471,2.832991,-0.1067106,0.05620775,2.830948,-0.04841622,0.03487065,2.663072,-0.02859915,0.02957636,2.605264,-0.08745508,0.1997921,2.674436,-0.03285512,0.05723608,2.635502,-0.1284231,-0.08206937,2.595127,-0.1510709,-0.1400428,2.57622,-0.1989625,-0.07567587,2.709582,-0.2436651,-0.2033157,2.598452,-0.2820162,-0.2934082,2.555227,-0.1381674,-0.04760098,2.642473,-0.1202167,-0.2074353,2.730821,-0.1410335,-0.30585,2.722701,-0.1378473,0.2466206,2.75965
72057594038008658,0,0.9579669,15578.06,-0.1683674,-0.06524363,2.698904,-0.1353944,0.3618906,2.747242,-0.2178975,0.174803,2.834175,-0.1338048,0.1008019,2.722878,-0.04509898,0.03215796,2.613096,-0.02945854,0.006894886,2.588591,-0.08591797,0.2002265,2.674551,-0.03294371,0.06342509,2.62068,-0.1271069,-0.07951221,2.593699,-0.1506963,-0.1405256,2.577064,-0.1971093,-0.07469568,2.709283,-0.2436403,-0.2032415,2.598548,-0.2820495,-0.2933894,2.555185,-0.1368113,-0.0472194,2.643983,-0.1185847,-0.2070578,2.729775,-0.1386746,-0.3075548,2.719717,-0.1351372,0.2462561,2.759933
72057594038008658,0,0.9579669,15578.06,-0.1683674,-0.06524363,2.698904,-0.1353944,0.3618906,2.747242,-0.2178975,0.174803,2.834175,-0.1338048,0.1008019,2.722878,-0.04509898,0.03215796,2.613096,-0.02945854,0.006894886,2.588591,-0.08591797,0.2002265,2.674551,-0.03294371,0.06342509,2.62068,-0.1271069,-0.07951221,2.593699,-0.1506963,-0.1405256,2.577064,-0.1971093,-0.07469568,2.709283,-0.2436403,-0.2032415,2.598548,-0.2820495,-0.2933894,2.555185,-0.1368113,-0.0472194,2.643983,-0.1185847,-0.2070578,2.729775,-0.1386746,-0.3075548,2.719717,-0.1351372,0.2462561,2.759933
72057594038008658,0,0.9579669,15578.07,-0.1683674,-0.06524363,2.698904,-0.1353944,0.3618906,2.747242,-0.2178975,0.174803,2.834175,-0.1338048,0.1008019,2.722878,-0.04509898,0.03215796,2.613096,-0.02945854,0.006894886,2.588591,-0.08591797,0.2002265,2.674551,-0.03294371,0.06342509,2.62068,-0.1271069,-0.07951221,2.593699,-0.1506963,-0.1405256,2.577064,-0.1971093,-0.07469568,2.709283,-0.2436403,-0.2032415,2.598548,-0.2820495,-0.2933894,2.555185,-0.1368113,-0.0472194,2.643983,-0.1185847,-0.2070578,2.729775,-0.1386746,-0.3075548,2.719717,-0.1351372,0.2462561,2.759933
72057594038008658,0,0.9579669,15578.07,-0.1683674,-0.06524363,2.698904,-0.1353944,0.3618906,2.747242,-0.2178975,0.174803,2.834175,-0.1338048,0.1008019,2.722878,-0.04509898,0.03215796,2.613096,-0.02945854,0.006894886,2.588591,-0.08591797,0.2002265,2.674551,-0.03294371,0.06342509,2.62068,-0.1271069,-0.07951221,2.593699,-0.1506963,-0.1405256,2.577064,-0.1971093,-0.07469568,2.709283,-0.2436403,-0.2032415,2.598548,-0.2820495,-0.2933894,2.555185,-0.1368113,-0.0472194,2.643983,-0.1185847,-0.2070578,2.729775,-0.1386746,-0.3075548,2.719717,-0.1351372,0.2462561,2.759933
72057594038008658,0,0.9579669,15578.07,-0.1683674,-0.06524363,2.698904,-0.1353944,0.3618906,2.747242,-0.2178975,0.174803,2.834175,-0.1338048,0.1008019,2.722878,-0.04509898,0.03215796,2.613096,-0.02945854,0.006894886,2.588591,-0.08591797,0.2002265,2.674551,-0.03294371,0.06342509,2.62068,-0.1271069,-0.07951221,2.593699,-0.1506963,-0.1405256,2.577064,-0.1971093,-0.07469568,2.709283,-0.2436403,-0.2032415,2.598548,-0.2820495,-0.2933894,2.555185,-0.1368113,-0.0472194,2.643983,-0.1185847,-0.2070578,2.729775,-0.1386746,-0.3075548,2.719717,-0.1351372,0.2462561,2.759933
72057594038008658,0,0.9579669,15578.08,-0.1683674,-0.06524363,2.698904,-0.1353944,0.3618906,2.747242,-0.2178975,0.174803,2.834175,-0.1338048,0.1008019,2.722878,-0.04509898,0.03215796,2.613096,-0.02945854,0.006894886,2.588591,-0.08591797,0.2002265,2.674551,-0.03294371,0.06342509,2.62068,-0.1271069,-0.07951221,2.593699,-0.1506963,-0.1405256,2.577064,-0.1971093,-0.07469568,2.709283,-0.2436403,-0.2032415,2.598548,-0.2820495,-0.2933894,2.555185,-0.1368113,-0.0472194,2.643983,-0.1185847,-0.2070578,2.729775,-0.1386746,-0.3075548,2.719717,-0.1351372,0.2462561,2.759933
72057594038008658,0,0.9579669,15578.08,-0.1683674,-0.06524363,2.698904,-0.1353944,0.3618906,2.747242,-0.2178975,0.174803,2.834175,-0.1338048,0.1008019,2.722878,-0.04509898,0.03215796,2.613096,-0.02945854,0.006894886,2.588591,-0.08591797,0.2002265,2.674551,-0.03294371,0.06342509,2.62068,-0.1271069,-0.07951221,2.593699,-0.1506963,-0.1405256,2.577064,-0.1971093,-0.07469568,2.709283,-0.2436403,-0.2032415,2.598548,-0.2820495,-0.2933894,2.555185,-0.1368113,-0.0472194,2.643983,-0.1185847,-0.2070578,2.729775,-0.1386746,-0.3075548,2.719717,-0.1351372,0.2462561,2.759933
72057594038008658,0,0.9579669,15578.08,-0.1683674,-0.06524363,2.698904,-0.1353944,0.3618906,2.747242,-0.2178975,0.174803,2.834175,-0.1338048,0.1008019,2.722878,-0.04509898,0.03215796,2.613096,-0.02945854,0.006894886,2.588591,-0.08591797,0.2002265,2.674551,-0.03294371,0.06342509,2.62068,-0.1271069,-0.07951221,2.593699,-0.1506963,-0.1405256,2.577064,-0.1971093,-0.07469568,2.709283,-0.2436403,-0.2032415,2.598548,-0.2820495,-0.2933894,2.555185,-0.1368113,-0.0472194,2.643983,-0.1185847,-0.2070578,2.729775,-0.1386746,-0.3075548,2.719717,-0.1351372,0.2462561,2.759933
72057594038008658,0,0.9579669,15578.09,-0.1683674,-0.06524363,2.698904,-0.1353944,0.3618906,2.747242,-0.2178975,0.174803,2.834175,-0.1338048,0.1008019,2.722878,-0.04509898,0.03215796,2.613096,-0.02945854,0.006894886,2.588591,-0.08591797,0.2002265,2.674551,-0.03294371,0.06342509,2.62068,-0.1271069,-0.07951221,2.593699,-0.1506963,-0.1405256,2.577064,-0.1971093,-0.07469568,2.709283,-0.2436403,-0.2032415,2.598548,-0.2820495,-0.2933894,2.555185,-0.1368113,-0.0472194,2.643983,-0.1185847,-0.2070578,2.729775,-0.1386746,-0.3075548,2.719717,-0.1351372,0.2462561,2.759933
72057594038008658,0,0.957217,15578.09,-0.1671295,-0.06464314,2.697922,-0.1309315,0.3607101,2.749533,-0.215808,0.174875,2.835227,-0.1339766,0.098858,2.723407,-0.04813543,0.02923536,2.616946,-0.03197518,0.004298538,2.584425,-0.08377713,0.2003107,2.673836,-0.03400169,0.06229776,2.619619,-0.1249161,-0.08275422,2.591595,-0.1489289,-0.1415272,2.576318,-0.1946634,-0.07370415,2.705911,-0.1775459,-0.1752166,2.594651,-0.2816317,-0.2930202,2.555268,-0.1362934,-0.0470469,2.644076,-0.1185677,-0.2085735,2.727367,-0.1382443,-0.3078687,2.719317,-0.1322434,0.2458994,2.759925
72057594038008658,0,0.957217,15578.09,-0.1671295,-0.06464314,2.697922,-0.1309315,0.3607101,2.749533,-0.215808,0.174875,2.835227,-0.1339766,0.098858,2.723407,-0.04813543,0.02923536,2.616946,-0.03197518,0.004298538,2.584425,-0.08377713,0.2003107,2.673836,-0.03400169,0.06229776,2.619619,-0.1249161,-0.08275422,2.591595,-0.1489289,-0.1415272,2.576318,-0.1946634,-0.07370415,2.705911,-0.1775459,-0.1752166,2.594651,-0.2816317,-0.2930202,2.555268,-0.1362934,-0.0470469,2.644076,-0.1185677,-0.2085735,2.727367,-0.1382443,-0.3078687,2.719317,-0.1322434,0.2458994,2.759925
72057594038008658,0,0.957217,15578.09,-0.1671295,-0.06464314,2.697922,-0.1309315,0.3607101,2.749533,-0.215808,0.174875,2.835227,-0.1339766,0.098858,2.723407,-0.04813543,0.02923536,2.616946,-0.03197518,0.004298538,2.584425,-0.08377713,0.2003107,2.673836,-0.03400169,0.06229776,2.619619,-0.1249161,-0.08275422,2.591595,-0.1489289,-0.1415272,2.576318,-0.1946634,-0.07370415,2.705911,-0.1775459,-0.1752166,2.594651,-0.2816317,-0.2930202,2.555268,-0.1362934,-0.0470469,2.644076,-0.1185677,-0.2085735,2.727367,-0.1382443,-0.3078687,2.719317,-0.1322434,0.2458994,2.759925
72057594038008658,0,0.957217,15578.1,-0.1671295,-0.06464314,2.697922,-0.1309315,0.3607101,2.749533,-0.215808,0.174875,2.835227,-0.1339766,0.098858,2.723407,-0.04813543,0.02923536,2.616946,-0.03197518,0.004298538,2.584425,-0.08377713,0.2003107,2.673836,-0.03400169,0.06229776,2.619619,-0.1249161,-0.08275422,2.591595,-0.1489289,-0.1415272,2.576318,-0.1946634,-0.07370415,2.705911,-0.1775459,-0.1752166,2.594651,-0.2816317,-0.2930202,2.555268,-0.1362934,-0.0470469,2.644076,-0.1185677,-0.2085735,2.727367,-0.1382443,-0.3078687,2.719317,-0.1322434,0.2458994,2.759925
72057594038008658,0,0.957217,15578.1,-0.1671295,-0.06464314,2.697922,-0.1309315,0.3607101,2.749533,-0.215808,0.174875,2.835227,-0.1339766,0.098858,2.723407,-0.04813543,0.02923536,2.616946,-0.03197518,0.004298538,2.584425,-0.08377713,0.2003107,2.673836,-0.03400169,0.06229776,2.619619,-0.1249161,-0.08275422,2.591595,-0.1489289,-0.1415272,2.576318,-0.1946634,-0.07370415,2.705911,-0.1775459,-0.1752166,2.594651,-0.2816317,-0.2930202,2.555268,-0.1362934,-0.0470469,2.644076,-0.1185677,-0.2085735,2.727367,-0.1382443,-0.3078687,2.719317,-0.1322434,0.2458994,2.759925
72057594038008658,0,0.957217,15578.1,-0.1671295,-0.06464314,2.697922,-0.1309315,0.3607101,2.749533,-0.215808,0.174875,2.835227,-0.1339766,0.098858,2.723407,-0.04813543,0.02923536,2.616946,-0.03197518,0.004298538,2.584425,-0.08377713,0.2003107,2.673836,-0.03400169,0.06229776,2.619619,-0.1249161,-0.08275422,2.591595,-0.1489289,-0.1415272,2.576318,-0.1946634,-0.07370415,2.705911,-0.1775459,-0.1752166,2.594651,-0.2816317,-0.2930202,2.555268,-0.1362934,-0.0470469,2.644076,-0.1185677,-0.2085735,2.727367,-0.1382443,-0.3078687,2.719317,-0.1322434,0.2458994,2.759925
72057594038008658,0,0.957217,15578.11,-0.1671295,-0.06464314,2.697922,-0.1309315,0.3607101,2.749533,-0.215808,0.174875,2.835227,-0.1339766,0.098858,2.723407,-0.04813543,0.02923536,2.616946,-0.03197518,0.004298538,2.584425,-0.08377713,0.2003107,2.673836,-0.03400169,0.06229776,2.619619,-0.1249161,-0.08275422,2.591595,-0.1489289,-0.1415272,2.576318,-0.1946634,-0.07370415,2.705911,-0.1775459,-0.1752166,2.594651,-0.2816317,-0.2930202,2.555268,-0.1362934,-0.0470469,2.644076,-0.1185677,-0.2085735,2.727367,-0.1382443,-0.3078687,2.719317,-0.1322434,0.2458994,2.759925
72057594038008658,0,0.957217,15578.11,-0.1671295,-0.06464314,2.697922,-0.1309315,0.3607101,2.749533,-0.215808,0.174875,2.835227,-0.1339766,0.098858,2.723407,-0.04813543,0.02923536,2.616946,-0.03197518,0.004298538,2.584425,-0.08377713,0.2003107,2.673836,-0.03400169,0.06229776,2.619619,-0.1249161,-0.08275422,2.591595,-0.1489289,-0.1415272,2.576318,-0.1946634,-0.07370415,2.705911,-0.1775459,-0.1752166,2.594651,-0.2816317,-0.2930202,2.555268,-0.1362934,-0.0470469,2.644076,-0.1185677,-0.2085735,2.727367,-0.1382443,-0.3078687,2.719317,-0.1322434,0.2458994,2.759925
72057594038008658,0,0.957217,15578.12,-0.1671295,-0.06464314,2.697922,-0.1309315,0.3607101,2.749533,-0.215808,0.174875,2.835227,-0.1339766,0.098858,2.723407,-0.04813543,0.02923536,2.616946,-0.03197518,0.004298538,2.584425,-0.08377713,0.2003107,2.673836,-0.03400169,0.06229776,2.619619,-0.1249161,-0.08275422,2.591595,-0.1489289,-0.1415272,2.576318,-0.1946634,-0.07370415,2.705911,-0.1775459,-0.1752166,2.594651,-0.2816317,-0.2930202,2.555268,-0.1362934,-0.0470469,2.644076,-0.1185677,-0.2085735,2.727367,-0.1382443,-0.3078687,2.719317,-0.1322434,0.2458994,2.759925
72057594038008658,0,0.957217,15578.12,-0.1671295,-0.06464314,2.697922,-0.1309315,0.3607101,2.749533,-0.215808,0.174875,2.835227,-0.1339766,0.098858,2.723407,-0.04813543,0.02923536,2.616946,-0.03197518,0.004298538,2.584425,-0.08377713,0.2003107,2.673836,-0.03400169,0.06229776,2.619619,-0.1249161,-0.08275422,2.591595,-0.1489289,-0.1415272,2.576318,-0.1946634,-0.07370415,2.705911,-0.1775459,-0.1752166,2.594651,-0.2816317,-0.2930202,2.555268,-0.1362934,-0.0470469,2.644076,-0.1185677,-0.2085735,2.727367,-0.1382443,-0.3078687,2.719317,-0.1322434,0.2458994,2.759925
72057594038008658,0,0.9569466,15578.12,-0.1659268,-0.06455097,2.697703,-0.1264401,0.3606609,2.748961,-0.2142882,0.1749425,2.835556,-0.1328023,0.09966093,2.72274,-0.04815494,0.02890155,2.617573,-0.02962155,0.006912559,2.581259,-0.08204588,0.1999808,2.672919,-0.03381148,0.06323001,2.61649,-0.1220885,-0.08379272,2.58986,-0.1482006,-0.1411352,2.575831,-0.1931266,-0.07311001,2.705845,-0.2672352,-0.2442892,2.580742,-0.2822691,-0.2948946,2.553059,-0.1353966,-0.04756045,2.643927,-0.1164429,-0.2081141,2.72608,-0.1380738,-0.3077503,2.719532,-0.1300873,0.2456325,2.759641
72057594038008658,0,0.9569466,15578.12,-0.1659268,-0.06455097,2.697703,-0.1264401,0.3606609,2.748961,-0.2142882,0.1749425,2.835556,-0.1328023,0.09966093,2.72274,-0.04815494,0.02890155,2.617573,-0.02962155,0.006912559,2.581259,-0.08204588,0.1999808,2.672919,-0.03381148,0.06323001,2.61649,-0.1220885,-0.08379272,2.58986,-0.1482006,-0.1411352,2.575831,-0.1931266,-0.07311001,2.705845,-0.2672352,-0.2442892,2.580742,-0.2822691,-0.2948946,2.553059,-0.1353966,-0.04756045,2.643927,-0.1164429,-0.2081141,2.72608,-0.1380738,-0.3077503,2.719532,-0.1300873,0.2456325,2.759641
72057594038008658,0,0.9569466,15578.13,-0.1659268,-0.06455097,2.697703,-0.1264401,0.3606609,2.748961,-0.2142882,0.1749425,2.835556,-0.1328023,0.09966093,2.72274,-0.04815494,0.02890155,2.617573,-0.02962155,0.006912559,2.581259,-0.08204588,0.1999808,2.672919,-0.03381148,0.06323001,2.61649,-0.1220885,-0.08379272,2.58986,-0.1482006,-0.1411352,2.575831,-0.1931266,-0.07311001,2.705845,-0.2672352,-0.2442892,2.580742,-0.2822691,-0.2948946,2.553059,-0.1353966,-0.04756045,2.643927,-0.1164429,-0.2081141,2.72608,-0.1380738,-0.3077503,2.719532,-0.1300873,0.2456325,2.759641
72057594038008658,0,0.9569466,15578.13,-0.1659268,-0.06455097,2.697703,-0.1264401,0.3606609,2.748961,-0.2142882,0.1749425,2.835556,-0.1328023,0.09966093,2.72274,-0.04815494,0.02890155,2.617573,-0.02962155,0.006912559,2.581259,-0.08204588,0.1999808,2.672919,-0.03381148,0.06323001,2.61649,-0.1220885,-0.08379272,2.58986,-0.1482006,-0.1411352,2.575831,-0.1931266,-0.07311001,2.705845,-0.2672352,-0.2442892,2.580742,-0.2822691,-0.2948946,2.553059,-0.1353966,-0.04756045,2.643927,-0.1164429,-0.2081141,2.72608,-0.1380738,-0.3077503,2.719532,-0.1300873,0.2456325,2.759641
72057594038008658,0,0.9569466,15578.13,-0.1659268,-0.06455097,2.697703,-0.1264401,0.3606609,2.748961,-0.2142882,0.1749425,2.835556,-0.1328023,0.09966093,2.72274,-0.04815494,0.02890155,2.617573,-0.02962155,0.006912559,2.581259,-0.08204588,0.1999808,2.672919,-0.03381148,0.06323001,2.61649,-0.1220885,-0.08379272,2.58986,-0.1482006,-0.1411352,2.575831,-0.1931266,-0.07311001,2.705845,-0.2672352,-0.2442892,2.580742,-0.2822691,-0.2948946,2.553059,-0.1353966,-0.04756045,2.643927,-0.1164429,-0.2081141,2.72608,-0.1380738,-0.3077503,2.719532,-0.1300873,0.2456325,2.759641
72057594038008658,0,0.9569466,15578.14,-0.1659268,-0.06455097,2.697703,-0.1264401,0.3606609,2.748961,-0.2142882,0.1749425,2.835556,-0.1328023,0.09966093,2.72274,-0.04815494,0.02890155,2.617573,-0.02962155,0.006912559,2.581259,-0.08204588,0.1999808,2.672919,-0.03381148,0.06323001,2.61649,-0.1220885,-0.08379272,2.58986,-0.1482006,-0.1411352,2.575831,-0.1931266,-0.07311001,2.705845,-0.2672352,-0.2442892,2.580742,-0.2822691,-0.2948946,2.553059,-0.1353966,-0.04756045,2.643927,-0.1164429,-0.2081141,2.72608,-0.1380738,-0.3077503,2.719532,-0.1300873,0.2456325,2.759641
72057594038008658,0,0.9569466,15578.14,-0.1659268,-0.06455097,2.697703,-0.1264401,0.3606609,2.748961,-0.2142882,0.1749425,2.835556,-0.1328023,0.09966093,2.72274,-0.04815494,0.02890155,2.617573,-0.02962155,0.006912559,2.581259,-0.08204588,0.1999808,2.672919,-0.03381148,0.06323001,2.61649,-0.1220885,-0.08379272,2.58986,-0.1482006,-0.1411352,2.575831,-0.1931266,-0.07311001,2.705845,-0.2672352,-0.2442892,2.580742,-0.2822691,-0.2948946,2.553059,-0.1353966,-0.04756045,2.643927,-0.1164429,-0.2081141,2.72608,-0.1380738,-0.3077503,2.719532,-0.1300873,0.2456325,2.759641
72057594038008658,0,0.9569466,15578.14,-0.1659268,-0.06455097,2.697703,-0.1264401,0.3606609,2.748961,-0.2142882,0.1749425,2.835556,-0.1328023,0.09966093,2.72274,-0.04815494,0.02890155,2.617573,-0.02962155,0.006912559,2.581259,-0.08204588,0.1999808,2.672919,-0.03381148,0.06323001,2.61649,-0.1220885,-0.08379272,2.58986,-0.1482006,-0.1411352,2.575831,-0.1931266,-0.07311001,2.705845,-0.2672352,-0.2442892,2.580742,-0.2822691,-0.2948946,2.553059,-0.1353966,-0.04756045,2.643927,-0.1164429,-0.2081141,2.72608,-0.1380738,-0.3077503,2.719532,-0.1300873,0.2456325,2.759641
72057594038008658,0,0.9569466,15578.16,-0.1659268,-0.06455097,2.697703,-0.1264401,0.3606609,2.748961,-0.2142882,0.1749425,2.835556,-0.1328023,0.09966093,2.72274,-0.04815494,0.02890155,2.617573,-0.02962155,0.006912559,2.581259,-0.08204588,0.1999808,2.672919,-0.03381148,0.06323001,2.61649,-0.1220885,-0.08379272,2.58986,-0.1482006,-0.1411352,2.575831,-0.1931266,-0.07311001,2.705845,-0.2672352,-0.2442892,2.580742,-0.2822691,-0.2948946,2.553059,-0.1353966,-0.04756045,2.643927,-0.1164429,-0.2081141,2.72608,-0.1380738,-0.3077503,2.719532,-0.1300873,0.2456325,2.759641
72057594038008658,0,0.9569378,15578.16,-0.1614029,-0.06518719,2.696286,-0.1239898,0.3604184,2.74844,-0.1723722,0.2047878,2.786371,-0.05876755,0.08579803,2.783605,-0.03382299,0.02375799,2.617208,-0.02802484,0.005785435,2.580756,-0.07862556,0.1993533,2.670748,-0.03407016,0.06315893,2.615431,-0.1222699,-0.08416149,2.58965,-0.1483348,-0.1415955,2.574593,-0.1894607,-0.07258314,2.704744,-0.2726493,-0.2537053,2.576983,-0.2791434,-0.2915159,2.55154,-0.1300831,-0.05011353,2.642521,-0.1065906,-0.2021661,2.726764,-0.1390083,-0.306595,2.720815,-0.1251187,0.2444149,2.75744
72057594038008658,0,0.9569378,15578.16,-0.1614029,-0.06518719,2.696286,-0.1239898,0.3604184,2.74844,-0.1723722,0.2047878,2.786371,-0.05876755,0.08579803,2.783605,-0.03382299,0.02375799,2.617208,-0.02802484,0.005785435,2.580756,-0.07862556,0.1993533,2.670748,-0.03407016,0.06315893,2.615431,-0.1222699,-0.08416149,2.58965,-0.1483348,-0.1415955,2.574593,-0.1894607,-0.07258314,2.704744,-0.2726493,-0.2537053,2.576983,-0.2791434,-0.2915159,2.55154,-0.1300831,-0.05011353,2.642521,-0.1065906,-0.2021661,2.726764,-0.1390083,-0.306595,2.720815,-0.1251187,0.2444149,2.75744
72057594038008658,0,0.9569378,15578.17,-0.1614029,-0.06518719,2.696286,-0.1239898,0.3604184,2.74844,-0.1723722,0.2047878,2.786371,-0.05876755,0.08579803,2.783605,-0.03382299,0.02375799,2.617208,-0.02802484,0.005785435,2.580756,-0.07862556,0.1993533,2.670748,-0.03407016,0.06315893,2.615431,-0.1222699,-0.08416149,2.58965,-0.1483348,-0.1415955,2.574593,-0.1894607,-0.07258314,2.704744,-0.2726493,-0.2537053,2.576983,-0.2791434,-0.2915159,2.55154,-0.1300831,-0.05011353,2.642521,-0.1065906,-0.2021661,2.726764,-0.1390083,-0.306595,2.720815,-0.1251187,0.2444149,2.75744
72057594038008658,0,0.9569378,15578.17,-0.1614029,-0.06518719,2.696286,-0.1239898,0.3604184,2.74844,-0.1723722,0.2047878,2.786371,-0.05876755,0.08579803,2.783605,-0.03382299,0.02375799,2.617208,-0.02802484,0.005785435,2.580756,-0.07862556,0.1993533,2.670748,-0.03407016,0.06315893,2.615431,-0.1222699,-0.08416149,2.58965,-0.1483348,-0.1415955,2.574593,-0.1894607,-0.07258314,2.704744,-0.2726493,-0.2537053,2.576983,-0.2791434,-0.2915159,2.55154,-0.1300831,-0.05011353,2.642521,-0.1065906,-0.2021661,2.726764,-0.1390083,-0.306595,2.720815,-0.1251187,0.2444149,2.75744
72057594038008658,0,0.9569378,15578.17,-0.1614029,-0.06518719,2.696286,-0.1239898,0.3604184,2.74844,-0.1723722,0.2047878,2.786371,-0.05876755,0.08579803,2.783605,-0.03382299,0.02375799,2.617208,-0.02802484,0.005785435,2.580756,-0.07862556,0.1993533,2.670748,-0.03407016,0.06315893,2.615431,-0.1222699,-0.08416149,2.58965,-0.1483348,-0.1415955,2.574593,-0.1894607,-0.07258314,2.704744,-0.2726493,-0.2537053,2.576983,-0.2791434,-0.2915159,2.55154,-0.1300831,-0.05011353,2.642521,-0.1065906,-0.2021661,2.726764,-0.1390083,-0.306595,2.720815,-0.1251187,0.2444149,2.75744
72057594038008658,0,0.9569378,15578.17,-0.1614029,-0.06518719,2.696286,-0.1239898,0.3604184,2.74844,-0.1723722,0.2047878,2.786371,-0.05876755,0.08579803,2.783605,-0.03382299,0.02375799,2.617208,-0.02802484,0.005785435,2.580756,-0.07862556,0.1993533,2.670748,-0.03407016,0.06315893,2.615431,-0.1222699,-0.08416149,2.58965,-0.1483348,-0.1415955,2.574593,-0.1894607,-0.07258314,2.704744,-0.2726493,-0.2537053,2.576983,-0.2791434,-0.2915159,2.55154,-0.1300831,-0.05011353,2.642521,-0.1065906,-0.2021661,2.726764,-0.1390083,-0.306595,2.720815,-0.1251187,0.2444149,2.75744
72057594038008658,0,0.9569378,15578.18,-0.1614029,-0.06518719,2.696286,-0.1239898,0.3604184,2.74844,-0.1723722,0.2047878,2.786371,-0.05876755,0.08579803,2.783605,-0.03382299,0.02375799,2.617208,-0.02802484,0.005785435,2.580756,-0.07862556,0.1993533,2.670748,-0.03407016,0.06315893,2.615431,-0.1222699,-0.08416149,2.58965,-0.1483348,-0.1415955,2.574593,-0.1894607,-0.07258314,2.704744,-0.2726493,-0.2537053,2.576983,-0.2791434,-0.2915159,2.55154,-0.1300831,-0.05011353,2.642521,-0.1065906,-0.2021661,2.726764,-0.1390083,-0.306595,2.720815,-0.1251187,0.2444149,2.75744
72057594038008658,0,0.9569378,15578.18,-0.1614029,-0.06518719,2.696286,-0.1239898,0.3604184,2.74844,-0.1723722,0.2047878,2.786371,-0.05876755,0.08579803,2.783605,-0.03382299,0.02375799,2.617208,-0.02802484,0.005785435,2.580756,-0.07862556,0.1993533,2.670748,-0.03407016,0.06315893,2.615431,-0.1222699,-0.08416149,2.58965,-0.1483348,-0.1415955,2.574593,-0.1894607,-0.07258314,2.704744,-0.2726493,-0.2537053,2.576983,-0.2791434,-0.2915159,2.55154,-0.1300831,-0.05011353,2.642521,-0.1065906,-0.2021661,2.726764,-0.1390083,-0.306595,2.720815,-0.1251187,0.2444149,2.75744
72057594038008658,0,0.9569378,15578.18,-0.1614029,-0.06518719,2.696286,-0.1239898,0.3604184,2.74844,-0.1723722,0.2047878,2.786371,-0.05876755,0.08579803,2.783605,-0.03382299,0.02375799,2.617208,-0.02802484,0.005785435,2.580756,-0.07862556,0.1993533,2.670748,-0.03407016,0.06315893,2.615431,-0.1222699,-0.08416149,2.58965,-0.1483348,-0.1415955,2.574593,-0.1894607,-0.07258314,2.704744,-0.2726493,-0.2537053,2.576983,-0.2791434,-0.2915159,2.55154,-0.1300831,-0.05011353,2.642521,-0.1065906,-0.2021661,2.726764,-0.1390083,-0.306595,2.720815,-0.1251187,0.2444149,2.75744
72057594038008658,0,0.9556678,15578.19,-0.158529,-0.06433621,2.696275,-0.1231275,0.3608972,2.747692,-0.1751106,0.2012874,2.793596,-0.06149968,0.0823116,2.790833,-0.03495098,0.02330282,2.623441,-0.02378611,0.004294425,2.580746,-0.07362788,0.1999397,2.668284,-0.03344342,0.06473887,2.61418,-0.1188319,-0.0842405,2.587617,-0.1392445,-0.1255798,2.577245,-0.1863991,-0.07149836,2.70579,-0.2754895,-0.2579453,2.576284,-0.2791179,-0.2917879,2.55174,-0.1275156,-0.04960483,2.64177,-0.1036648,-0.2014092,2.727428,-0.1366701,-0.3048591,2.720181,-0.1232271,0.2445104,2.757315
72057594038008658,0,0.9556678,15578.2,-0.158529,-0.06433621,2.696275,-0.1231275,0.3608972,2.747692,-0.1751106,0.2012874,2.793596,-0.06149968,0.0823116,2.790833,-0.03495098,0.02330282,2.623441,-0.02378611,0.004294425,2.580746,-0.07362788,0.1999397,2.668284,-0.03344342,0.06473887,2.61418,-0.1188319,-0.0842405,2.587617,-0.1392445,-0.1255798,2.577245,-0.1863991,-0.07149836,2.70579,-0.2754895,-0.2579453,2.576284,-0.2791179,-0.2917879,2.55174,-0.1275156,-0.04960483,2.64177,-0.1036648,-0.2014092,2.727428,-0.1366701,-0.3048591,2.720181,-0.1232271,0.2445104,2.757315
72057594038008658,0,0.9556678,15578.2,-0.158529,-0.06433621,2.696275,-0.1231275,0.3608972,2.747692,-0.1751106,0.2012874,2.793596,-0.06149968,0.0823116,2.790833,-0.03495098,0.02330282,2.623441,-0.02378611,0.004294425,2.580746,-0.07362788,0.1999397,2.668284,-0.03344342,0.06473887,2.61418,-0.1188319,-0.0842405,2.587617,-0.1392445,-0.1255798,2.577245,-0.1863991,-0.07149836,2.70579,-0.2754895,-0.2579453,2.576284,-0.2791179,-0.2917879,2.55174,-0.1275156,-0.04960483,2.64177,-0.1036648,-0.2014092,2.727428,-0.1366701,-0.3048591,2.720181,-0.1232271,0.2445104,2.757315
72057594038008658,0,0.9556678,15578.2,-0.158529,-0.06433621,2.696275,-0.1231275,0.3608972,2.747692,-0.1751106,0.2012874,2.793596,-0.06149968,0.0823116,2.790833,-0.03495098,0.02330282,2.623441,-0.02378611,0.004294425,2.580746,-0.07362788,0.1999397,2.668284,-0.03344342,0.06473887,2.61418,-0.1188319,-0.0842405,2.587617,-0.1392445,-0.1255798,2.577245,-0.1863991,-0.07149836,2.70579,-0.2754895,-0.2579453,2.576284,-0.2791179,-0.2917879,2.55174,-0.1275156,-0.04960483,2.64177,-0.1036648,-0.2014092,2.727428,-0.1366701,-0.3048591,2.720181,-0.1232271,0.2445104,2.757315
72057594038008658,0,0.9556678,15578.21,-0.158529,-0.06433621,2.696275,-0.1231275,0.3608972,2.747692,-0.1751106,0.2012874,2.793596,-0.06149968,0.0823116,2.790833,-0.03495098,0.02330282,2.623441,-0.02378611,0.004294425,2.580746,-0.07362788,0.1999397,2.668284,-0.03344342,0.06473887,2.61418,-0.1188319,-0.0842405,2.587617,-0.1392445,-0.1255798,2.577245,-0.1863991,-0.07149836,2.70579,-0.2754895,-0.2579453,2.576284,-0.2791179,-0.2917879,2.55174,-0.1275156,-0.04960483,2.64177,-0.1036648,-0.2014092,2.727428,-0.1366701,-0.3048591,2.720181,-0.1232271,0.2445104,2.757315
72057594038008658,0,0.9556678,15578.21,-0.158529,-0.06433621,2.696275,-0.1231275,0.3608972,2.747692,-0.1751106,0.2012874,2.793596,-0.06149968,0.0823116,2.790833,-0.03495098,0.02330282,2.623441,-0.02378611,0.004294425,2.580746,-0.07362788,0.1999397,2.668284,-0.03344342,0.06473887,2.61418,-0.1188319,-0.0842405,2.587617,-0.1392445,-0.1255798,2.577245,-0.1863991,-0.07149836,2.70579,-0.2754895,-0.2579453,2.576284,-0.2791179,-0.2917879,2.55174,-0.1275156,-0.04960483,2.64177,-0.1036648,-0.2014092,2.727428,-0.1366701,-0.3048591,2.720181,-0.1232271,0.2445104,2.757315
72057594038008658,0,0.9556678,15578.21,-0.158529,-0.06433621,2.696275,-0.1231275,0.3608972,2.747692,-0.1751106,0.2012874,2.793596,-0.06149968,0.0823116,2.790833,-0.03495098,0.02330282,2.623441,-0.02378611,0.004294425,2.580746,-0.07362788,0.1999397,2.668284,-0.03344342,0.06473887,2.61418,-0.1188319,-0.0842405,2.587617,-0.1392445,-0.1255798,2.577245,-0.1863991,-0.07149836,2.70579,-0.2754895,-0.2579453,2.576284,-0.2791179,-0.2917879,2.55174,-0.1275156,-0.04960483,2.64177,-0.1036648,-0.2014092,2.727428,-0.1366701,-0.3048591,2.720181,-0.1232271,0.2445104,2.757315
72057594038008658,0,0.9556678,15578.21,-0.158529,-0.06433621,2.696275,-0.1231275,0.3608972,2.747692,-0.1751106,0.2012874,2.793596,-0.06149968,0.0823116,2.790833,-0.03495098,0.02330282,2.623441,-0.02378611,0.004294425,2.580746,-0.07362788,0.1999397,2.668284,-0.03344342,0.06473887,2.61418,-0.1188319,-0.0842405,2.587617,-0.1392445,-0.1255798,2.577245,-0.1863991,-0.07149836,2.70579,-0.2754895,-0.2579453,2.576284,-0.2791179,-0.2917879,2.55174,-0.1275156,-0.04960483,2.64177,-0.1036648,-0.2014092,2.727428,-0.1366701,-0.3048591,2.720181,-0.1232271,0.2445104,2.757315
72057594038008658,0,0.9556678,15578.22,-0.158529,-0.06433621,2.696275,-0.1231275,0.3608972,2.747692,-0.1751106,0.2012874,2.793596,-0.06149968,0.0823116,2.790833,-0.03495098,0.02330282,2.623441,-0.02378611,0.004294425,2.580746,-0.07362788,0.1999397,2.668284,-0.03344342,0.06473887,2.61418,-0.1188319,-0.0842405,2.587617,-0.1392445,-0.1255798,2.577245,-0.1863991,-0.07149836,2.70579,-0.2754895,-0.2579453,2.576284,-0.2791179,-0.2917879,2.55174,-0.1275156,-0.04960483,2.64177,-0.1036648,-0.2014092,2.727428,-0.1366701,-0.3048591,2.720181,-0.1232271,0.2445104,2.757315
72057594038008658,0,0.9556678,15578.22,-0.158529,-0.06433621,2.696275,-0.1231275,0.3608972,2.747692,-0.1751106,0.2012874,2.793596,-0.06149968,0.0823116,2.790833,-0.03495098,0.02330282,2.623441,-0.02378611,0.004294425,2.580746,-0.07362788,0.1999397,2.668284,-0.03344342,0.06473887,2.61418,-0.1188319,-0.0842405,2.587617,-0.1392445,-0.1255798,2.577245,-0.1863991,-0.07149836,2.70579,-0.2754895,-0.2579453,2.576284,-0.2791179,-0.2917879,2.55174,-0.1275156,-0.04960483,2.64177,-0.1036648,-0.2014092,2.727428,-0.1366701,-0.3048591,2.720181,-0.1232271,0.2445104,2.757315
72057594038008658,0,0.9550568,15578.22,-0.1546115,-0.06422931,2.694658,-0.1180694,0.360854,2.744663,-0.1746088,0.2013062,2.793859,-0.06100016,0.08233044,2.791098,-0.03414979,0.02240691,2.624021,-0.0194806,0.001538545,2.582741,-0.0689125,0.1997134,2.665346,-0.03189102,0.06568187,2.613194,-0.115413,-0.08425733,2.585288,-0.1371644,-0.1265102,2.573934,-0.1832747,-0.07171193,2.705752,-0.2794027,-0.2666039,2.57299,-0.2790719,-0.2916172,2.551755,-0.1227767,-0.04922548,2.63816,-0.09946012,-0.2016003,2.727444,-0.1366588,-0.3048199,2.720482,-0.1200364,0.2444509,2.755081
72057594038008658,0,0.9550568,15578.22,-0.1546115,-0.06422931,2.694658,-0.1180694,0.360854,2.744663,-0.1746088,0.2013062,2.793859,-0.06100016,0.08233044,2.791098,-0.03414979,0.02240691,2.624021,-0.0194806,0.001538545,2.582741,-0.0689125,0.1997134,2.665346,-0.03189102,0.06568187,2.613194,-0.115413,-0.08425733,2.585288,-0.1371644,-0.1265102,2.573934,-0.1832747,-0.07171193,2.705752,-0.2794027,-0.2666039,2.57299,-0.2790719,-0.2916172,2.551755,-0.1227767,-0.04922548,2.63816,-0.09946012,-0.2016003,2.727444,-0.1366588,-0.3048199,2.720482,-0.1200364,0.2444509,2.755081
72057594038008658,0,0.9550568,15578.23,-0.1546115,-0.06422931,2.694658,-0.1180694,0.360854,2.744663,-0.1746088,0.2013062,2.793859,-0.06100016,0.08233044,2.791098,-0.03414979,0.02240691,2.624021,-0.0194806,0.001538545,2.582741,-0.0689125,0.1997134,2.665346,-0.03189102,0.06568187,2.613194,-0.115413,-0.08425733,2.585288,-0.1371644,-0.1265102,2.573934,-0.1832747,-0.07171193,2.705752,-0.2794027,-0.2666039,2.57299,-0.2790719,-0.2916172,2.551755,-0.1227767,-0.04922548,2.63816,-0.09946012,-0.2016003,2.727444,-0.1366588,-0.3048199,2.720482,-0.1200364,0.2444509,2.755081
72057594038008658,0,0.9550568,15578.23,-0.1546115,-0.06422931,2.694658,-0.1180694,0.360854,2.744663,-0.1746088,0.2013062,2.793859,-0.06100016,0.08233044,2.791098,-0.03414979,0.02240691,2.624021,-0.0194806,0.001538545,2.582741,-0.0689125,0.1997134,2.665346,-0.03189102,0.06568187,2.613194,-0.115413,-0.08425733,2.585288,-0.1371644,-0.1265102,2.573934,-0.1832747,-0.07171193,2.705752,-0.2794027,-0.2666039,2.57299,-0.2790719,-0.2916172,2.551755,-0.1227767,-0.04922548,2.63816,-0.09946012,-0.2016003,2.727444,-0.1366588,-0.3048199,2.720482,-0.1200364,0.2444509,2.755081
72057594038008658,0,0.9550568,15578.23,-0.1546115,-0.06422931,2.694658,-0.1180694,0.360854,2.744663,-0.1746088,0.2013062,2.793859,-0.06100016,0.08233044,2.791098,-0.03414979,0.02240691,2.624021,-0.0194806,0.001538545,2.582741,-0.0689125,0.1997134,2.665346,-0.03189102,0.06568187,2.613194,-0.115413,-0.08425733,2.585288,-0.1371644,-0.1265102,2.573934,-0.1832747,-0.07171193,2.705752,-0.2794027,-0.2666039,2.57299,-0.2790719,-0.2916172,2.551755,-0.1227767,-0.04922548,2.63816,-0.09946012,-0.2016003,2.727444,-0.1366588,-0.3048199,2.720482,-0.1200364,0.2444509,2.755081
72057594038008658,0,0.9550568,15578.24,-0.1546115,-0.06422931,2.694658,-0.1180694,0.360854,2.744663,-0.1746088,0.2013062,2.793859,-0.06100016,0.08233044,2.791098,-0.03414979,0.02240691,2.624021,-0.0194806,0.001538545,2.582741,-0.0689125,0.1997134,2.665346,-0.03189102,0.06568187,2.613194,-0.115413,-0.08425733,2.585288,-0.1371644,-0.1265102,2.573934,-0.1832747,-0.07171193,2.705752,-0.2794027,-0.2666039,2.57299,-0.2790719,-0.2916172,2.551755,-0.1227767,-0.04922548,2.63816,-0.09946012,-0.2016003,2.727444,-0.1366588,-0.3048199,2.720482,-0.1200364,0.2444509,2.755081
72057594038008658,0,0.9550568,15578.24,-0.1546115,-0.06422931,2.694658,-0.1180694,0.360854,2.744663,-0.1746088,0.2013062,2.793859,-0.06100016,0.08233044,2.791098,-0.03414979,0.02240691,2.624021,-0.0194806,0.001538545,2.582741,-0.0689125,0.1997134,2.665346,-0.03189102,0.06568187,2.613194,-0.115413,-0.08425733,2.585288,-0.1371644,-0.1265102,2.573934,-0.1832747,-0.07171193,2.705752,-0.2794027,-0.2666039,2.57299,-0.2790719,-0.2916172,2.551755,-0.1227767,-0.04922548,2.63816,-0.09946012,-0.2016003,2.727444,-0.1366588,-0.3048199,2.720482,-0.1200364,0.2444509,2.755081
72057594038008658,0,0.9550568,15578.24,-0.1546115,-0.06422931,2.694658,-0.1180694,0.360854,2.744663,-0.1746088,0.2013062,2.793859,-0.06100016,0.08233044,2.791098,-0.03414979,0.02240691,2.624021,-0.0194806,0.001538545,2.582741,-0.0689125,0.1997134,2.665346,-0.03189102,0.06568187,2.613194,-0.115413,-0.08425733,2.585288,-0.1371644,-0.1265102,2.573934,-0.1832747,-0.07171193,2.705752,-0.2794027,-0.2666039,2.57299,-0.2790719,-0.2916172,2.551755,-0.1227767,-0.04922548,2.63816,-0.09946012,-0.2016003,2.727444,-0.1366588,-0.3048199,2.720482,-0.1200364,0.2444509,2.755081
72057594038008658,0,0.9550568,15578.24,-0.1546115,-0.06422931,2.694658,-0.1180694,0.360854,2.744663,-0.1746088,0.2013062,2.793859,-0.06100016,0.08233044,2.791098,-0.03414979,0.02240691,2.624021,-0.0194806,0.001538545,2.582741,-0.0689125,0.1997134,2.665346,-0.03189102,0.06568187,2.613194,-0.115413,-0.08425733,2.585288,-0.1371644,-0.1265102,2.573934,-0.1832747,-0.07171193,2.705752,-0.2794027,-0.2666039,2.57299,-0.2790719,-0.2916172,2.551755,-0.1227767,-0.04922548,2.63816,-0.09946012,-0.2016003,2.727444,-0.1366588,-0.3048199,2.720482,-0.1200364,0.2444509,2.755081
72057594038008658,0,0.9550568,15578.25,-0.1546115,-0.06422931,2.694658,-0.1180694,0.360854,2.744663,-0.1746088,0.2013062,2.793859,-0.06100016,0.08233044,2.791098,-0.03414979,0.02240691,2.624021,-0.0194806,0.001538545,2.582741,-0.0689125,0.1997134,2.665346,-0.03189102,0.06568187,2.613194,-0.115413,-0.08425733,2.585288,-0.1371644,-0.1265102,2.573934,-0.1832747,-0.07171193,2.705752,-0.2794027,-0.2666039,2.57299,-0.2790719,-0.2916172,2.551755,-0.1227767,-0.04922548,2.63816,-0.09946012,-0.2016003,2.727444,-0.1366588,-0.3048199,2.720482,-0.1200364,0.2444509,2.755081
72057594038008658,0,0.9550568,15578.25,-0.1546115,-0.06422931,2.694658,-0.1180694,0.360854,2.744663,-0.1746088,0.2013062,2.793859,-0.06100016,0.08233044,2.791098,-0.03414979,0.02240691,2.624021,-0.0194806,0.001538545,2.582741,-0.0689125,0.1997134,2.665346,-0.03189102,0.06568187,2.613194,-0.115413,-0.08425733,2.585288,-0.1371644,-0.1265102,2.573934,-0.1832747,-0.07171193,2.705752,-0.2794027,-0.2666039,2.57299,-0.2790719,-0.2916172,2.551755,-0.1227767,-0.04922548,2.63816,-0.09946012,-0.2016003,2.727444,-0.1366588,-0.3048199,2.720482,-0.1200364,0.2444509,2.755081
72057594038008658,0,0.9563875,15578.26,-0.1515947,-0.06599686,2.694364,-0.1118066,0.3615868,2.738008,-0.1747867,0.2009209,2.79433,-0.06117786,0.08194661,2.79157,-0.02999697,0.02204528,2.625122,-0.01501398,0.004538238,2.586639,-0.068003,0.1994839,2.665338,-0.02608343,0.06044894,2.610005,-0.111594,-0.08830246,2.580594,-0.1355004,-0.1321952,2.570628,-0.1800678,-0.07245299,2.705253,-0.2834043,-0.2761979,2.572006,-0.2789309,-0.2885377,2.554687,-0.1200012,-0.0523805,2.638362,-0.09664021,-0.2020959,2.725972,-0.1364498,-0.3042693,2.720224,-0.1162777,0.2445173,2.752402
72057594038008658,0,0.9563875,15578.26,-0.1515947,-0.06599686,2.694364,-0.1118066,0.3615868,2.738008,-0.1747867,0.2009209,2.79433,-0.06117786,0.08194661,2.79157,-0.02999697,0.02204528,2.625122,-0.01501398,0.004538238,2.586639,-0.068003,0.1994839,2.665338,-0.02608343,0.06044894,2.610005,-0.111594,-0.08830246,2.580594,-0.1355004,-0.1321952,2.570628,-0.1800678,-0.07245299,2.705253,-0.2834043,-0.2761979,2.572006,-0.2789309,-0.2885377,2.554687,-0.1200012,-0.0523805,2.638362,-0.09664021,-0.2020959,2.725972,-0.1364498,-0.3042693,2.720224,-0.1162777,0.2445173,2.752402
72057594038008658,0,0.9563875,15578.26,-0.1515947,-0.06599686,2.694364,-0.1118066,0.3615868,2.738008,-0.1747867,0.2009209,2.79433,-0.06117786,0.08194661,2.79157,-0.02999697,0.02204528,2.625122,-0.01501398,0.004538238,2.586639,-0.068003,0.1994839,2.665338,-0.02608343,0.06044894,2.610005,-0.111594,-0.08830246,2.580594,-0.1355004,-0.1321952,2.570628,-0.1800678,-0.07245299,2.705253,-0.2834043,-0.2761979,2.572006,-0.2789309,-0.2885377,2.554687,-0.1200012,-0.0523805,2.638362,-0.09664021,-0.2020959,2.725972,-0.1364498,-0.3042693,2.720224,-0.1162777,0.2445173,2.752402
72057594038008658,0,0.9563875,15578.27,-0.1515947,-0.06599686,2.694364,-0.1118066,0.3615868,2.738008,-0.1747867,0.2009209,2.79433,-0.06117786,0.08194661,2.79157,-0.02999697,0.02204528,2.625122,-0.01501398,0.004538238,2.586639,-0.068003,0.1994839,2.665338,-0.02608343,0.06044894,2.610005,-0.111594,-0.08830246,2.580594,-0.1355004,-0.1321952,2.570628,-0.1800678,-0.07245299,2.705253,-0.2834043,-0.2761979,2.572006,-0.2789309,-0.2885377,2.554687,-0.1200012,-0.0523805,2.638362,-0.09664021,-0.2020959,2.725972,-0.1364498,-0.3042693,2.720224,-0.1162777,0.2445173,2.752402
72057594038008658,0,0.9563875,15578.27,-0.1515947,-0.06599686,2.694364,-0.1118066,0.3615868,2.738008,-0.1747867,0.2009209,2.79433,-0.06117786,0.08194661,2.79157,-0.02999697,0.02204528,2.625122,-0.01501398,0.004538238,2.586639,-0.068003,0.1994839,2.665338,-0.02608343,0.06044894,2.610005,-0.111594,-0.08830246,2.580594,-0.1355004,-0.1321952,2.570628,-0.1800678,-0.07245299,2.705253,-0.2834043,-0.2761979,2.572006,-0.2789309,-0.2885377,2.554687,-0.1200012,-0.0523805,2.638362,-0.09664021,-0.2020959,2.725972,-0.1364498,-0.3042693,2.720224,-0.1162777,0.2445173,2.752402
72057594038008658,0,0.9563875,15578.28,-0.1515947,-0.06599686,2.694364,-0.1118066,0.3615868,2.738008,-0.1747867,0.2009209,2.79433,-0.06117786,0.08194661,2.79157,-0.02999697,0.02204528,2.625122,-0.01501398,0.004538238,2.586639,-0.068003,0.1994839,2.665338,-0.02608343,0.06044894,2.610005,-0.111594,-0.08830246,2.580594,-0.1355004,-0.1321952,2.570628,-0.1800678,-0.07245299,2.705253,-0.2834043,-0.2761979,2.572006,-0.2789309,-0.2885377,2.554687,-0.1200012,-0.0523805,2.638362,-0.09664021,-0.2020959,2.725972,-0.1364498,-0.3042693,2.720224,-0.1162777,0.2445173,2.752402
72057594038008658,0,0.9563875,15578.28,-0.1515947,-0.06599686,2.694364,-0.1118066,0.3615868,2.738008,-0.1747867,0.2009209,2.79433,-0.06117786,0.08194661,2.79157,-0.02999697,0.02204528,2.625122,-0.01501398,0.004538238,2.586639,-0.068003,0.1994839,2.665338,-0.02608343,0.06044894,2.610005,-0.111594,-0.08830246,2.580594,-0.1355004,-0.1321952,2.570628,-0.1800678,-0.07245299,2.705253,-0.2834043,-0.2761979,2.572006,-0.2789309,-0.2885377,2.554687,-0.1200012,-0.0523805,2.638362,-0.09664021,-0.2020959,2.725972,-0.1364498,-0.3042693,2.720224,-0.1162777,0.2445173,2.752402
72057594038008658,0,0.9563875,15578.28,-0.1515947,-0.06599686,2.694364,-0.1118066,0.3615868,2.738008,-0.1747867,0.2009209,2.79433,-0.06117786,0.08194661,2.79157,-0.02999697,0.02204528,2.625122,-0.01501398,0.004538238,2.586639,-0.068003,0.1994839,2.665338,-0.02608343,0.06044894,2.610005,-0.111594,-0.08830246,2.580594,-0.1355004,-0.1321952,2.570628,-0.1800678,-0.07245299,2.705253,-0.2834043,-0.2761979,2.572006,-0.2789309,-0.2885377,2.554687,-0.1200012,-0.0523805,2.638362,-0.09664021,-0.2020959,2.725972,-0.1364498,-0.3042693,2.720224,-0.1162777,0.2445173,2.752402
72057594038008658,0,0.9563875,15578.29,-0.1515947,-0.06599686,2.694364,-0.1118066,0.3615868,2.738008,-0.1747867,0.2009209,2.79433,-0.06117786,0.08194661,2.79157,-0.02999697,0.02204528,2.625122,-0.01501398,0.004538238,2.586639,-0.068003,0.1994839,2.665338,-0.02608343,0.06044894,2.610005,-0.111594,-0.08830246,2.580594,-0.1355004,-0.1321952,2.570628,-0.1800678,-0.07245299,2.705253,-0.2834043,-0.2761979,2.572006,-0.2789309,-0.2885377,2.554687,-0.1200012,-0.0523805,2.638362,-0.09664021,-0.2020959,2.725972,-0.1364498,-0.3042693,2.720224,-0.1162777,0.2445173,2.752402
72057594038008658,0,0.9563875,15578.29,-0.1515947,-0.06599686,2.694364,-0.1118066,0.3615868,2.738008,-0.1747867,0.2009209,2.79433,-0.06117786,0.08194661,2.79157,-0.02999697,0.02204528,2.625122,-0.01501398,0.004538238,2.586639,-0.068003,0.1994839,2.665338,-0.02608343,0.06044894,2.610005,-0.111594,-0.08830246,2.580594,-0.1355004,-0.1321952,2.570628,-0.1800678,-0.07245299,2.705253,-0.2834043,-0.2761979,2.572006,-0.2789309,-0.2885377,2.554687,-0.1200012,-0.0523805,2.638362,-0.09664021,-0.2020959,2.725972,-0.1364498,-0.3042693,2.720224,-0.1162777,0.2445173,2.752402
72057594038008658,0,0.9567537,15578.29,-0.1499222,-0.06659964,2.694276,-0.1067834,0.3616604,2.736038,-0.1735893,0.1996894,2.794295,-0.05998516,0.08071995,2.791536,-0.02435908,0.02272859,2.6252,-0.004810103,0.003486395,2.586927,-0.06345913,0.1990933,2.662812,-0.06680946,0.06103697,2.615398,-0.1424438,-0.08578506,2.585619,-0.1587534,-0.1298665,2.583702,-0.1782742,-0.07242408,2.704645,-0.2790215,-0.2725858,2.570967,-0.2784145,-0.2885252,2.5544,-0.1183531,-0.05377966,2.63898,-0.09349688,-0.201957,2.723674,-0.1343064,-0.3066607,2.718636,-0.1105219,0.2434769,2.748891
72057594038008658,0,0.9567537,15578.3,-0.1499222,-0.06659964,2.694276,-0.1067834,0.3616604,2.736038,-0.1735893,0.1996894,2.794295,-0.05998516,0.08071995,2.791536,-0.02435908,0.02272859,2.6252,-0.004810103,0.003486395,2.586927,-0.06345913,0.1990933,2.662812,-0.06680946,0.06103697,2.615398,-0.1424438,-0.08578506,2.585619,-0.1587534,-0.1298665,2.583702,-0.1782742,-0.07242408,2.704645,-0.2790215,-0.2725858,2.570967,-0.2784145,-0.2885252,2.5544,-0.1183531,-0.05377966,2.63898,-0.09349688,-0.201957,2.723674,-0.1343064,-0.3066607,2.718636,-0.1105219,0.2434769,2.748891
72057594038008658,0,0.9567537,15578.3,-0.1499222,-0.06659964,2.694276,-0.1067834,0.3616604,2.736038,-0.1735893,0.1996894,2.794295,-0.05998516,0.08071995,2.791536,-0.02435908,0.02272859,2.6252,-0.004810103,0.003486395,2.586927,-0.06345913,0.1990933,2.662812,-0.06680946,0.06103697,2.615398,-0.1424438,-0.08578506,2.585619,-0.1587534,-0.1298665,2.583702,-0.1782742,-0.07242408,2.704645,-0.2790215,-0.2725858,2.570967,-0.2784145,-0.2885252,2.5544,-0.1183531,-0.05377966,2.63898,-0.09349688,-0.201957,2.723674,-0.1343064,-0.3066607,2.718636,-0.1105219,0.2434769,2.748891
72057594038008658,0,0.9567537,15578.3,-0.1499222,-0.06659964,2.694276,-0.1067834,0.3616604,2.736038,-0.1735893,0.1996894,2.794295,-0.05998516,0.08071995,2.791536,-0.02435908,0.02272859,2.6252,-0.004810103,0.003486395,2.586927,-0.06345913,0.1990933,2.662812,-0.06680946,0.06103697,2.615398,-0.1424438,-0.08578506,2.585619,-0.1587534,-0.1298665,2.583702,-0.1782742,-0.07242408,2.704645,-0.2790215,-0.2725858,2.570967,-0.2784145,-0.2885252,2.5544,-0.1183531,-0.05377966,2.63898,-0.09349688,-0.201957,2.723674,-0.1343064,-0.3066607,2.718636,-0.1105219,0.2434769,2.748891
72057594038008658,0,0.9567537,15578.3,-0.1499222,-0.06659964,2.694276,-0.1067834,0.3616604,2.736038,-0.1735893,0.1996894,2.794295,-0.05998516,0.08071995,2.791536,-0.02435908,0.02272859,2.6252,-0.004810103,0.003486395,2.586927,-0.06345913,0.1990933,2.662812,-0.06680946,0.06103697,2.615398,-0.1424438,-0.08578506,2.585619,-0.1587534,-0.1298665,2.583702,-0.1782742,-0.07242408,2.704645,-0.2790215,-0.2725858,2.570967,-0.2784145,-0.2885252,2.5544,-0.1183531,-0.05377966,2.63898,-0.09349688,-0.201957,2.723674,-0.1343064,-0.3066607,2.718636,-0.1105219,0.2434769,2.748891
72057594038008658,0,0.9567537,15578.31,-0.1499222,-0.06659964,2.694276,-0.1067834,0.3616604,2.736038,-0.1735893,0.1996894,2.794295,-0.05998516,0.08071995,2.791536,-0.02435908,0.02272859,2.6252,-0.004810103,0.003486395,2.586927,-0.06345913,0.1990933,2.662812,-0.06680946,0.06103697,2.615398,-0.1424438,-0.08578506,2.585619,-0.1587534,-0.1298665,2.583702,-0.1782742,-0.07242408,2.704645,-0.2790215,-0.2725858,2.570967,-0.2784145,-0.2885252,2.5544,-0.1183531,-0.05377966,2.63898,-0.09349688,-0.201957,2.723674,-0.1343064,-0.3066607,2.718636,-0.1105219,0.2434769,2.748891
72057594038008658,0,0.9567537,15578.31,-0.1499222,-0.06659964,2.694276,-0.1067834,0.3616604,2.736038,-0.1735893,0.1996894,2.794295,-0.05998516,0.08071995,2.791536,-0.02435908,0.02272859,2.6252,-0.004810103,0.003486395,2.586927,-0.06345913,0.1990933,2.662812,-0.06680946,0.06103697,2.615398,-0.1424438,-0.08578506,2.585619,-0.1587534,-0.1298665,2.583702,-0.1782742,-0.07242408,2.704645,-0.2790215,-0.2725858,2.570967,-0.2784145,-0.2885252,2.5544,-0.1183531,-0.05377966,2.63898,-0.09349688,-0.201957,2.723674,-0.1343064,-0.3066607,2.718636,-0.1105219,0.2434769,2.748891
72057594038008658,0,0.9567537,15578.32,-0.1499222,-0.06659964,2.694276,-0.1067834,0.3616604,2.736038,-0.1735893,0.1996894,2.794295,-0.05998516,0.08071995,2.791536,-0.02435908,0.02272859,2.6252,-0.004810103,0.003486395,2.586927,-0.06345913,0.1990933,2.662812,-0.06680946,0.06103697,2.615398,-0.1424438,-0.08578506,2.585619,-0.1587534,-0.1298665,2.583702,-0.1782742,-0.07242408,2.704645,-0.2790215,-0.2725858,2.570967,-0.2784145,-0.2885252,2.5544,-0.1183531,-0.05377966,2.63898,-0.09349688,-0.201957,2.723674,-0.1343064,-0.3066607,2.718636,-0.1105219,0.2434769,2.748891
72057594038008658,0,0.9567537,15578.32,-0.1499222,-0.06659964,2.694276,-0.1067834,0.3616604,2.736038,-0.1735893,0.1996894,2.794295,-0.05998516,0.08071995,2.791536,-0.02435908,0.02272859,2.6252,-0.004810103,0.003486395,2.586927,-0.06345913,0.1990933,2.662812,-0.06680946,0.06103697,2.615398,-0.1424438,-0.08578506,2.585619,-0.1587534,-0.1298665,2.583702,-0.1782742,-0.07242408,2.704645,-0.2790215,-0.2725858,2.570967,-0.2784145,-0.2885252,2.5544,-0.1183531,-0.05377966,2.63898,-0.09349688,-0.201957,2.723674,-0.1343064,-0.3066607,2.718636,-0.1105219,0.2434769,2.748891
72057594038008658,0,0.9567537,15578.32,-0.1499222,-0.06659964,2.694276,-0.1067834,0.3616604,2.736038,-0.1735893,0.1996894,2.794295,-0.05998516,0.08071995,2.791536,-0.02435908,0.02272859,2.6252,-0.004810103,0.003486395,2.586927,-0.06345913,0.1990933,2.662812,-0.06680946,0.06103697,2.615398,-0.1424438,-0.08578506,2.585619,-0.1587534,-0.1298665,2.583702,-0.1782742,-0.07242408,2.704645,-0.2790215,-0.2725858,2.570967,-0.2784145,-0.2885252,2.5544,-0.1183531,-0.05377966,2.63898,-0.09349688,-0.201957,2.723674,-0.1343064,-0.3066607,2.718636,-0.1105219,0.2434769,2.748891
72057594038008658,0,0.9567537,15578.32,-0.1499222,-0.06659964,2.694276,-0.1067834,0.3616604,2.736038,-0.1735893,0.1996894,2.794295,-0.05998516,0.08071995,2.791536,-0.02435908,0.02272859,2.6252,-0.004810103,0.003486395,2.586927,-0.06345913,0.1990933,2.662812,-0.06680946,0.06103697,2.615398,-0.1424438,-0.08578506,2.585619,-0.1587534,-0.1298665,2.583702,-0.1782742,-0.07242408,2.704645,-0.2790215,-0.2725858,2.570967,-0.2784145,-0.2885252,2.5544,-0.1183531,-0.05377966,2.63898,-0.09349688,-0.201957,2.723674,-0.1343064,-0.3066607,2.718636,-0.1105219,0.2434769,2.748891
72057594038008658,0,0.9566936,15578.33,-0.1448073,-0.06726149,2.694706,-0.105159,0.3618305,2.735053,-0.1731194,0.1993139,2.794495,-0.06469218,0.07733709,2.807296,-0.02102136,0.02038985,2.64243,0.003427264,0.003975004,2.597813,-0.058299,0.1985779,2.661055,-0.06174459,0.05771154,2.617633,-0.130341,-0.08077884,2.585307,-0.1558883,-0.1241797,2.589156,-0.172917,-0.07304004,2.706881,-0.279967,-0.2757288,2.569351,-0.2784888,-0.2885398,2.554381,-0.1135739,-0.05447108,2.637933,-0.08811609,-0.1996401,2.722976,-0.1355166,-0.303654,2.719534,-0.1083754,0.243503,2.748005
72057594038008658,0,0.9566936,15578.33,-0.1448073,-0.06726149,2.694706,-0.105159,0.3618305,2.735053,-0.1731194,0.1993139,2.794495,-0.06469218,0.07733709,2.807296,-0.02102136,0.02038985,2.64243,0.003427264,0.003975004,2.597813,-0.058299,0.1985779,2.661055,-0.06174459,0.05771154,2.617633,-0.130341,-0.08077884,2.585307,-0.1558883,-0.1241797,2.589156,-0.172917,-0.07304004,2.706881,-0.279967,-0.2757288,2.569351,-0.2784888,-0.2885398,2.554381,-0.1135739,-0.05447108,2.637933,-0.08811609,-0.1996401,2.722976,-0.1355166,-0.303654,2.719534,-0.1083754,0.243503,2.748005
72057594038008658,0,0.9566936,15578.33,-0.1448073,-0.06726149,2.694706,-0.105159,0.3618305,2.735053,-0.1731194,0.1993139,2.794495,-0.06469218,0.07733709,2.807296,-0.02102136,0.02038985,2.64243,0.003427264,0.003975004,2.597813,-0.058299,0.1985779,2.661055,-0.06174459,0.05771154,2.617633,-0.130341,-0.08077884,2.585307,-0.1558883,-0.1241797,2.589156,-0.172917,-0.07304004,2.706881,-0.279967,-0.2757288,2.569351,-0.2784888,-0.2885398,2.554381,-0.1135739,-0.05447108,2.637933,-0.08811609,-0.1996401,2.722976,-0.1355166,-0.303654,2.719534,-0.1083754,0.243503,2.748005
72057594038008658,0,0.9566936,15578.33,-0.1448073,-0.06726149,2.694706,-0.105159,0.3618305,2.735053,-0.1731194,0.1993139,2.794495,-0.06469218,0.07733709,2.807296,-0.02102136,0.02038985,2.64243,0.003427264,0.003975004,2.597813,-0.058299,0.1985779,2.661055,-0.06174459,0.05771154,2.617633,-0.130341,-0.08077884,2.585307,-0.1558883,-0.1241797,2.589156,-0.172917,-0.07304004,2.706881,-0.279967,-0.2757288,2.569351,-0.2784888,-0.2885398,2.554381,-0.1135739,-0.05447108,2.637933,-0.08811609,-0.1996401,2.722976,-0.1355166,-0.303654,2.719534,-0.1083754,0.243503,2.748005
72057594038008658,0,0.9566936,15578.34,-0.1448073,-0.06726149,2.694706,-0.105159,0.3618305,2.735053,-0.1731194,0.1993139,2.794495,-0.06469218,0.07733709,2.807296,-0.02102136,0.02038985,2.64243,0.003427264,0.003975004,2.597813,-0.058299,0.1985779,2.661055,-0.06174459,0.05771154,2.617633,-0.130341,-0.08077884,2.585307,-0.1558883,-0.1241797,2.589156,-0.172917,-0.07304004,2.706881,-0.279967,-0.2757288,2.569351,-0.2784888,-0.2885398,2.554381,-0.1135739,-0.05447108,2.637933,-0.08811609,-0.1996401,2.722976,-0.1355166,-0.303654,2.719534,-0.1083754,0.243503,2.748005
72057594038008658,0,0.9566936,15578.34,-0.1448073,-0.06726149,2.694706,-0.105159,0.3618305,2.735053,-0.1731194,0.1993139,2.794495,-0.06469218,0.07733709,2.807296,-0.02102136,0.02038985,2.64243,0.003427264,0.003975004,2.597813,-0.058299,0.1985779,2.661055,-0.06174459,0.05771154,2.617633,-0.130341,-0.08077884,2.585307,-0.1558883,-0.1241797,2.589156,-0.172917,-0.07304004,2.706881,-0.279967,-0.2757288,2.569351,-0.2784888,-0.2885398,2.554381,-0.1135739,-0.05447108,2.637933,-0.08811609,-0.1996401,2.722976,-0.1355166,-0.303654,2.719534,-0.1083754,0.243503,2.748005
72057594038008658,0,0.9566936,15578.34,-0.1448073,-0.06726149,2.694706,-0.105159,0.3618305,2.735053,-0.1731194,0.1993139,2.794495,-0.06469218,0.07733709,2.807296,-0.02102136,0.02038985,2.64243,0.003427264,0.003975004,2.597813,-0.058299,0.1985779,2.661055,-0.06174459,0.05771154,2.617633,-0.130341,-0.08077884,2.585307,-0.1558883,-0.1241797,2.589156,-0.172917,-0.07304004,2.706881,-0.279967,-0.2757288,2.569351,-0.2784888,-0.2885398,2.554381,-0.1135739,-0.05447108,2.637933,-0.08811609,-0.1996401,2.722976,-0.1355166,-0.303654,2.719534,-0.1083754,0.243503,2.748005
72057594038008658,0,0.9566936,15578.35,-0.1448073,-0.06726149,2.694706,-0.105159,0.3618305,2.735053,-0.1731194,0.1993139,2.794495,-0.06469218,0.07733709,2.807296,-0.02102136,0.02038985,2.64243,0.003427264,0.003975004,2.597813,-0.058299,0.1985779,2.661055,-0.06174459,0.05771154,2.617633,-0.130341,-0.08077884,2.585307,-0.1558883,-0.1241797,2.589156,-0.172917,-0.07304004,2.706881,-0.279967,-0.2757288,2.569351,-0.2784888,-0.2885398,2.554381,-0.1135739,-0.05447108,2.637933,-0.08811609,-0.1996401,2.722976,-0.1355166,-0.303654,2.719534,-0.1083754,0.243503,2.748005
72057594038008658,0,0.9566936,15578.35,-0.1448073,-0.06726149,2.694706,-0.105159,0.3618305,2.735053,-0.1731194,0.1993139,2.794495,-0.06469218,0.07733709,2.807296,-0.02102136,0.02038985,2.64243,0.003427264,0.003975004,2.597813,-0.058299,0.1985779,2.661055,-0.06174459,0.05771154,2.617633,-0.130341,-0.08077884,2.585307,-0.1558883,-0.1241797,2.589156,-0.172917,-0.07304004,2.706881,-0.279967,-0.2757288,2.569351,-0.2784888,-0.2885398,2.554381,-0.1135739,-0.05447108,2.637933,-0.08811609,-0.1996401,2.722976,-0.1355166,-0.303654,2.719534,-0.1083754,0.243503,2.748005
72057594038008658,0,0.9566936,15578.35,-0.1448073,-0.06726149,2.694706,-0.105159,0.3618305,2.735053,-0.1731194,0.1993139,2.794495,-0.06469218,0.07733709,2.807296,-0.02102136,0.02038985,2.64243,0.003427264,0.003975004,2.597813,-0.058299,0.1985779,2.661055,-0.06174459,0.05771154,2.617633,-0.130341,-0.08077884,2.585307,-0.1558883,-0.1241797,2.589156,-0.172917,-0.07304004,2.706881,-0.279967,-0.2757288,2.569351,-0.2784888,-0.2885398,2.554381,-0.1135739,-0.05447108,2.637933,-0.08811609,-0.1996401,2.722976,-0.1355166,-0.303654,2.719534,-0.1083754,0.243503,2.748005
72057594038008658,0,0.9562851,15578.36,-0.1400097,-0.06758219,2.697082,-0.104325,0.3614115,2.734052,-0.1714616,0.1981651,2.796826,-0.06487472,0.07571873,2.814875,-0.02031283,0.02087528,2.649371,0.009822913,0.00980249,2.603046,-0.05270733,0.1983451,2.65916,-0.05718356,0.05667061,2.618708,-0.13136,-0.09575936,2.581614,-0.1563979,-0.1398226,2.583719,-0.1681253,-0.07251105,2.709184,-0.2802523,-0.2761279,2.569731,-0.2759829,-0.2879516,2.553848,-0.1091656,-0.05559611,2.640414,-0.08610981,-0.2009106,2.720602,-0.1351147,-0.3055182,2.719648,-0.1046415,0.2434228,2.746848
72057594038008658,0,0.9562851,15578.36,-0.1400097,-0.06758219,2.697082,-0.104325,0.3614115,2.734052,-0.1714616,0.1981651,2.796826,-0.06487472,0.07571873,2.814875,-0.02031283,0.02087528,2.649371,0.009822913,0.00980249,2.603046,-0.05270733,0.1983451,2.65916,-0.05718356,0.05667061,2.618708,-0.13136,-0.09575936,2.581614,-0.1563979,-0.1398226,2.583719,-0.1681253,-0.07251105,2.709184,-0.2802523,-0.2761279,2.569731,-0.2759829,-0.2879516,2.553848,-0.1091656,-0.05559611,2.640414,-0.08610981,-0.2009106,2.720602,-0.1351147,-0.3055182,2.719648,-0.1046415,0.2434228,2.746848
72057594038008658,0,0.9562851,15578.36,-0.1400097,-0.06758219,2.697082,-0.104325,0.3614115,2.734052,-0.1714616,0.1981651,2.796826,-0.06487472,0.07571873,2.814875,-0.02031283,0.02087528,2.649371,0.009822913,0.00980249,2.603046,-0.05270733,0.1983451,2.65916,-0.05718356,0.05667061,2.618708,-0.13136,-0.09575936,2.581614,-0.1563979,-0.1398226,2.583719,-0.1681253,-0.07251105,2.709184,-0.2802523,-0.2761279,2.569731,-0.2759829,-0.2879516,2.553848,-0.1091656,-0.05559611,2.640414,-0.08610981,-0.2009106,2.720602,-0.1351147,-0.3055182,2.719648,-0.1046415,0.2434228,2.746848
72057594038008658,0,0.9562851,15578.37,-0.1400097,-0.06758219,2.697082,-0.104325,0.3614115,2.734052,-0.1714616,0.1981651,2.796826,-0.06487472,0.07571873,2.814875,-0.02031283,0.02087528,2.649371,0.009822913,0.00980249,2.603046,-0.05270733,0.1983451,2.65916,-0.05718356,0.05667061,2.618708,-0.13136,-0.09575936,2.581614,-0.1563979,-0.1398226,2.583719,-0.1681253,-0.07251105,2.709184,-0.2802523,-0.2761279,2.569731,-0.2759829,-0.2879516,2.553848,-0.1091656,-0.05559611,2.640414,-0.08610981,-0.2009106,2.720602,-0.1351147,-0.3055182,2.719648,-0.1046415,0.2434228,2.746848
72057594038008658,0,0.9562851,15578.37,-0.1400097,-0.06758219,2.697082,-0.104325,0.3614115,2.734052,-0.1714616,0.1981651,2.796826,-0.06487472,0.07571873,2.814875,-0.02031283,0.02087528,2.649371,0.009822913,0.00980249,2.603046,-0.05270733,0.1983451,2.65916,-0.05718356,0.05667061,2.618708,-0.13136,-0.09575936,2.581614,-0.1563979,-0.1398226,2.583719,-0.1681253,-0.07251105,2.709184,-0.2802523,-0.2761279,2.569731,-0.2759829,-0.2879516,2.553848,-0.1091656,-0.05559611,2.640414,-0.08610981,-0.2009106,2.720602,-0.1351147,-0.3055182,2.719648,-0.1046415,0.2434228,2.746848
72057594038008658,0,0.9562851,15578.37,-0.1400097,-0.06758219,2.697082,-0.104325,0.3614115,2.734052,-0.1714616,0.1981651,2.796826,-0.06487472,0.07571873,2.814875,-0.02031283,0.02087528,2.649371,0.009822913,0.00980249,2.603046,-0.05270733,0.1983451,2.65916,-0.05718356,0.05667061,2.618708,-0.13136,-0.09575936,2.581614,-0.1563979,-0.1398226,2.583719,-0.1681253,-0.07251105,2.709184,-0.2802523,-0.2761279,2.569731,-0.2759829,-0.2879516,2.553848,-0.1091656,-0.05559611,2.640414,-0.08610981,-0.2009106,2.720602,-0.1351147,-0.3055182,2.719648,-0.1046415,0.2434228,2.746848
72057594038008658,0,0.9562851,15578.37,-0.1400097,-0.06758219,2.697082,-0.104325,0.3614115,2.734052,-0.1714616,0.1981651,2.796826,-0.06487472,0.07571873,2.814875,-0.02031283,0.02087528,2.649371,0.009822913,0.00980249,2.603046,-0.05270733,0.1983451,2.65916,-0.05718356,0.05667061,2.618708,-0.13136,-0.09575936,2.581614,-0.1563979,-0.1398226,2.583719,-0.1681253,-0.07251105,2.709184,-0.2802523,-0.2761279,2.569731,-0.2759829,-0.2879516,2.553848,-0.1091656,-0.05559611,2.640414,-0.08610981,-0.2009106,2.720602,-0.1351147,-0.3055182,2.719648,-0.1046415,0.2434228,2.746848
72057594038008658,0,0.9562851,15578.38,-0.1400097,-0.06758219,2.697082,-0.104325,0.3614115,2.734052,-0.1714616,0.1981651,2.796826,-0.06487472,0.07571873,2.814875,-0.02031283,0.02087528,2.649371,0.009822913,0.00980249,2.603046,-0.05270733,0.1983451,2.65916,-0.05718356,0.05667061,2.618708,-0.13136,-0.09575936,2.581614,-0.1563979,-0.1398226,2.583719,-0.1681253,-0.07251105,2.709184,-0.2802523,-0.2761279,2.569731,-0.2759829,-0.2879516,2.553848,-0.1091656,-0.05559611,2.640414,-0.08610981,-0.2009106,2.720602,-0.1351147,-0.3055182,2.719648,-0.1046415,0.2434228,2.746848
72057594038008658,0,0.9562851,15578.38,-0.1400097,-0.06758219,2.697082,-0.104325,0.3614115,2.734052,-0.1714616,0.1981651,2.796826,-0.06487472,0.07571873,2.814875,-0.02031283,0.02087528,2.649371,0.009822913,0.00980249,2.603046,-0.05270733,0.1983451,2.65916,-0.05718356,0.05667061,2.618708,-0.13136,-0.09575936,2.581614,-0.1563979,-0.1398226,2.583719,-0.1681253,-0.07251105,2.709184,-0.2802523,-0.2761279,2.569731,-0.2759829,-0.2879516,2.553848,-0.1091656,-0.05559611,2.640414,-0.08610981,-0.2009106,2.720602,-0.1351147,-0.3055182,2.719648,-0.1046415,0.2434228,2.746848
72057594038008658,0,0.9562851,15578.39,-0.1400097,-0.06758219,2.697082,-0.104325,0.3614115,2.734052,-0.1714616,0.1981651,2.796826,-0.06487472,0.07571873,2.814875,-0.02031283,0.02087528,2.649371,0.009822913,0.00980249,2.603046,-0.05270733,0.1983451,2.65916,-0.05718356,0.05667061,2.618708,-0.13136,-0.09575936,2.581614,-0.1563979,-0.1398226,2.583719,-0.1681253,-0.07251105,2.709184,-0.2802523,-0.2761279,2.569731,-0.2759829,-0.2879516,2.553848,-0.1091656,-0.05559611,2.640414,-0.08610981,-0.2009106,2.720602,-0.1351147,-0.3055182,2.719648,-0.1046415,0.2434228,2.746848
72057594038008658,0,0.9551067,15578.39,-0.1367804,-0.06680658,2.697069,-0.1030481,0.3608685,2.73401,-0.1707929,0.1968502,2.798836,-0.06555136,0.0742873,2.818861,0.006207478,0.03173932,2.659426,0.01873862,0.009753853,2.611565,-0.04750688,0.1988402,2.659872,-0.05275029,0.05699557,2.620241,-0.1271941,-0.09593135,2.581552,-0.1490075,-0.1409752,2.585635,-0.1655433,-0.07198146,2.709608,-0.2797403,-0.2761517,2.570064,-0.09420899,-0.2727305,2.50638,-0.1054568,-0.05455056,2.639924,-0.08034161,-0.198772,2.723887,-0.1301891,-0.3001032,2.717568,-0.1032283,0.2431047,2.746512
72057594038008658,0,0.9551067,15578.4,-0.1367804,-0.06680658,2.697069,-0.1030481,0.3608685,2.73401,-0.1707929,0.1968502,2.798836,-0.06555136,0.0742873,2.818861,0.006207478,0.03173932,2.659426,0.01873862,0.009753853,2.611565,-0.04750688,0.1988402,2.659872,-0.05275029,0.05699557,2.620241,-0.1271941,-0.09593135,2.581552,-0.1490075,-0.1409752,2.585635,-0.1655433,-0.07198146,2.709608,-0.2797403,-0.2761517,2.570064,-0.09420899,-0.2727305,2.50638,-0.1054568,-0.05455056,2.639924,-0.08034161,-0.198772,2.723887,-0.1301891,-0.3001032,2.717568,-0.1032283,0.2431047,2.746512
72057594038008658,0,0.9551067,15578.4,-0.1367804,-0.06680658,2.697069,-0.1030481,0.3608685,2.73401,-0.1707929,0.1968502,2.798836,-0.06555136,0.0742873,2.818861,0.006207478,0.03173932,2.659426,0.01873862,0.009753853,2.611565,-0.04750688,0.1988402,2.659872,-0.05275029,0.05699557,2.620241,-0.1271941,-0.09593135,2.581552,-0.1490075,-0.1409752,2.585635,-0.1655433,-0.07198146,2.709608,-0.2797403,-0.2761517,2.570064,-0.09420899,-0.2727305,2.50638,-0.1054568,-0.05455056,2.639924,-0.08034161,-0.198772,2.723887,-0.1301891,-0.3001032,2.717568,-0.1032283,0.2431047,2.746512
72057594038008658,0,0.9551067,15578.4,-0.1367804,-0.06680658,2.697069,-0.1030481,0.3608685,2.73401,-0.1707929,0.1968502,2.798836,-0.06555136,0.0742873,2.818861,0.006207478,0.03173932,2.659426,0.01873862,0.009753853,2.611565,-0.04750688,0.1988402,2.659872,-0.05275029,0.05699557,2.620241,-0.1271941,-0.09593135,2.581552,-0.1490075,-0.1409752,2.585635,-0.1655433,-0.07198146,2.709608,-0.2797403,-0.2761517,2.570064,-0.09420899,-0.2727305,2.50638,-0.1054568,-0.05455056,2.639924,-0.08034161,-0.198772,2.723887,-0.1301891,-0.3001032,2.717568,-0.1032283,0.2431047,2.746512
72057594038008658,0,0.9551067,15578.41,-0.1367804,-0.06680658,2.697069,-0.1030481,0.3608685,2.73401,-0.1707929,0.1968502,2.798836,-0.06555136,0.0742873,2.818861,0.006207478,0.03173932,2.659426,0.01873862,0.009753853,2.611565,-0.04750688,0.1988402,2.659872,-0.05275029,0.05699557,2.620241,-0.1271941,-0.09593135,2.581552,-0.1490075,-0.1409752,2.585635,-0.1655433,-0.07198146,2.709608,-0.2797403,-0.2761517,2.570064,-0.09420899,-0.2727305,2.50638,-0.1054568,-0.05455056,2.639924,-0.08034161,-0.198772,2.723887,-0.1301891,-0.3001032,2.717568,-0.1032283,0.2431047,2.746512
72057594038008658,0,0.9551067,15578.41,-0.1367804,-0.06680658,2.697069,-0.1030481,0.3608685,2.73401,-0.1707929,0.1968502,2.798836,-0.06555136,0.0742873,2.818861,0.006207478,0.03173932,2.659426,0.01873862,0.009753853,2.611565,-0.04750688,0.1988402,2.659872,-0.05275029,0.05699557,2.620241,-0.1271941,-0.09593135,2.581552,-0.1490075,-0.1409752,2.585635,-0.1655433,-0.07198146,2.709608,-0.2797403,-0.2761517,2.570064,-0.09420899,-0.2727305,2.50638,-0.1054568,-0.05455056,2.639924,-0.08034161,-0.198772,2.723887,-0.1301891,-0.3001032,2.717568,-0.1032283,0.2431047,2.746512
72057594038008658,0,0.9551067,15578.41,-0.1367804,-0.06680658,2.697069,-0.1030481,0.3608685,2.73401,-0.1707929,0.1968502,2.798836,-0.06555136,0.0742873,2.818861,0.006207478,0.03173932,2.659426,0.01873862,0.009753853,2.611565,-0.04750688,0.1988402,2.659872,-0.05275029,0.05699557,2.620241,-0.1271941,-0.09593135,2.581552,-0.1490075,-0.1409752,2.585635,-0.1655433,-0.07198146,2.709608,-0.2797403,-0.2761517,2.570064,-0.09420899,-0.2727305,2.50638,-0.1054568,-0.05455056,2.639924,-0.08034161,-0.198772,2.723887,-0.1301891,-0.3001032,2.717568,-0.1032283,0.2431047,2.746512
72057594038008658,0,0.9551067,15578.41,-0.1367804,-0.06680658,2.697069,-0.1030481,0.3608685,2.73401,-0.1707929,0.1968502,2.798836,-0.06555136,0.0742873,2.818861,0.006207478,0.03173932,2.659426,0.01873862,0.009753853,2.611565,-0.04750688,0.1988402,2.659872,-0.05275029,0.05699557,2.620241,-0.1271941,-0.09593135,2.581552,-0.1490075,-0.1409752,2.585635,-0.1655433,-0.07198146,2.709608,-0.2797403,-0.2761517,2.570064,-0.09420899,-0.2727305,2.50638,-0.1054568,-0.05455056,2.639924,-0.08034161,-0.198772,2.723887,-0.1301891,-0.3001032,2.717568,-0.1032283,0.2431047,2.746512
72057594038008658,0,0.9551067,15578.42,-0.1367804,-0.06680658,2.697069,-0.1030481,0.3608685,2.73401,-0.1707929,0.1968502,2.798836,-0.06555136,0.0742873,2.818861,0.006207478,0.03173932,2.659426,0.01873862,0.009753853,2.611565,-0.04750688,0.1988402,2.659872,-0.05275029,0.05699557,2.620241,-0.1271941,-0.09593135,2.581552,-0.1490075,-0.1409752,2.585635,-0.1655433,-0.07198146,2.709608,-0.2797403,-0.2761517,2.570064,-0.09420899,-0.2727305,2.50638,-0.1054568,-0.05455056,2.639924,-0.08034161,-0.198772,2.723887,-0.1301891,-0.3001032,2.717568,-0.1032283,0.2431047,2.746512
72057594038008658,0,0.9532569,15578.42,-0.1308089,-0.06570601,2.697766,-0.1012767,0.3608848,2.732501,-0.1691718,0.1824943,2.801552,-0.06032577,0.07127717,2.815137,0.009280577,0.02986568,2.65433,0.0260055,0.005911708,2.61471,-0.04116877,0.198989,2.659704,-0.04793347,0.05622229,2.621842,-0.1293438,-0.0943189,2.585999,-0.1517309,-0.1433471,2.590889,-0.1601521,-0.07141918,2.712083,-0.2779569,-0.2766787,2.56944,-0.08964226,-0.2652376,2.515242,-0.09863677,-0.05279481,2.638818,-0.07638652,-0.1967609,2.72053,-0.1299397,-0.3016416,2.717325,-0.09876812,0.2433917,2.74389
72057594038008658,0,0.9532569,15578.43,-0.1308089,-0.06570601,2.697766,-0.1012767,0.3608848,2.732501,-0.1691718,0.1824943,2.801552,-0.06032577,0.07127717,2.815137,0.009280577,0.02986568,2.65433,0.0260055,0.005911708,2.61471,-0.04116877,0.198989,2.659704,-0.04793347,0.05622229,2.621842,-0.1293438,-0.0943189,2.585999,-0.1517309,-0.1433471,2.590889,-0.1601521,-0.07141918,2.712083,-0.2779569,-0.2766787,2.56944,-0.08964226,-0.2652376,2.515242,-0.09863677,-0.05279481,2.638818,-0.07638652,-0.1967609,2.72053,-0.1299397,-0.3016416,2.717325,-0.09876812,0.2433917,2.74389
72057594038008658,0,0.9532569,15578.43,-0.1308089,-0.06570601,2.697766,-0.1012767,0.3608848,2.732501,-0.1691718,0.1824943,2.801552,-0.06032577,0.07127717,2.815137,0.009280577,0.02986568,2.65433,0.0260055,0.005911708,2.61471,-0.04116877,0.198989,2.659704,-0.04793347,0.05622229,2.621842,-0.1293438,-0.0943189,2.585999,-0.1517309,-0.1433471,2.590889,-0.1601521,-0.07141918,2.712083,-0.2779569,-0.2766787,2.56944,-0.08964226,-0.2652376,2.515242,-0.09863677,-0.05279481,2.638818,-0.07638652,-0.1967609,2.72053,-0.1299397,-0.3016416,2.717325,-0.09876812,0.2433917,2.74389
72057594038008658,0,0.9532569,15578.44,-0.1308089,-0.06570601,2.697766,-0.1012767,0.3608848,2.732501,-0.1691718,0.1824943,2.801552,-0.06032577,0.07127717,2.815137,0.009280577,0.02986568,2.65433,0.0260055,0.005911708,2.61471,-0.04116877,0.198989,2.659704,-0.04793347,0.05622229,2.621842,-0.1293438,-0.0943189,2.585999,-0.1517309,-0.1433471,2.590889,-0.1601521,-0.07141918,2.712083,-0.2779569,-0.2766787,2.56944,-0.08964226,-0.2652376,2.515242,-0.09863677,-0.05279481,2.638818,-0.07638652,-0.1967609,2.72053,-0.1299397,-0.3016416,2.717325,-0.09876812,0.2433917,2.74389
72057594038008658,0,0.9532569,15578.44,-0.1308089,-0.06570601,2.697766,-0.1012767,0.3608848,2.732501,-0.1691718,0.1824943,2.801552,-0.06032577,0.07127717,2.815137,0.009280577,0.02986568,2.65433,0.0260055,0.005911708,2.61471,-0.04116877,0.198989,2.659704,-0.04793347,0.05622229,2.621842,-0.1293438,-0.0943189,2.585999,-0.1517309,-0.1433471,2.590889,-0.1601521,-0.07141918,2.712083,-0.2779569,-0.2766787,2.56944,-0.08964226,-0.2652376,2.515242,-0.09863677,-0.05279481,2.638818,-0.07638652,-0.1967609,2.72053,-0.1299397,-0.3016416,2.717325,-0.09876812,0.2433917,2.74389
72057594038008658,0,0.9532569,15578.44,-0.1308089,-0.06570601,2.697766,-0.1012767,0.3608848,2.732501,-0.1691718,0.1824943,2.801552,-0.06032577,0.07127717,2.815137,0.009280577,0.02986568,2.65433,0.0260055,0.005911708,2.61471,-0.04116877,0.198989,2.659704,-0.04793347,0.05622229,2.621842,-0.1293438,-0.0943189,2.585999,-0.1517309,-0.1433471,2.590889,-0.1601521,-0.07141918,2.712083,-0.2779569,-0.2766787,2.56944,-0.08964226,-0.2652376,2.515242,-0.09863677,-0.05279481,2.638818,-0.07638652,-0.1967609,2.72053,-0.1299397,-0.3016416,2.717325,-0.09876812,0.2433917,2.74389
72057594038008658,0,0.9532569,15578.45,-0.1308089,-0.06570601,2.697766,-0.1012767,0.3608848,2.732501,-0.1691718,0.1824943,2.801552,-0.06032577,0.07127717,2.815137,0.009280577,0.02986568,2.65433,0.0260055,0.005911708,2.61471,-0.04116877,0.198989,2.659704,-0.04793347,0.05622229,2.621842,-0.1293438,-0.0943189,2.585999,-0.1517309,-0.1433471,2.590889,-0.1601521,-0.07141918,2.712083,-0.2779569,-0.2766787,2.56944,-0.08964226,-0.2652376,2.515242,-0.09863677,-0.05279481,2.638818,-0.07638652,-0.1967609,2.72053,-0.1299397,-0.3016416,2.717325,-0.09876812,0.2433917,2.74389
72057594038008658,0,0.9532569,15578.45,-0.1308089,-0.06570601,2.697766,-0.1012767,0.3608848,2.732501,-0.1691718,0.1824943,2.801552,-0.06032577,0.07127717,2.815137,0.009280577,0.02986568,2.65433,0.0260055,0.005911708,2.61471,-0.04116877,0.198989,2.659704,-0.04793347,0.05622229,2.621842,-0.1293438,-0.0943189,2.585999,-0.1517309,-0.1433471,2.590889,-0.1601521,-0.07141918,2.712083,-0.2779569,-0.2766787,2.56944,-0.08964226,-0.2652376,2.515242,-0.09863677,-0.05279481,2.638818,-0.07638652,-0.1967609,2.72053,-0.1299397,-0.3016416,2.717325,-0.09876812,0.2433917,2.74389
72057594038008658,0,0.9526352,15578.46,-0.1242317,-0.06584996,2.69781,-0.09776364,0.359985,2.728879,-0.1670139,0.1800999,2.801639,-0.05272442,0.06748188,2.810729,0.01395201,0.02768907,2.648071,0.03961186,0.01268455,2.605106,-0.03734183,0.2005979,2.65905,0.01205338,0.05254006,2.620301,-0.0917686,-0.0853458,2.592795,-0.1242199,-0.1168339,2.598661,-0.1535816,-0.07194424,2.712023,-0.2747112,-0.2755669,2.569292,-0.1161957,-0.1654999,2.593709,-0.09264819,-0.05261141,2.639048,-0.07388736,-0.2039923,2.714013,-0.1323112,-0.2993307,2.720548,-0.0927147,0.2443891,2.741188
72057594038008658,0,0.9526352,15578.46,-0.1242317,-0.06584996,2.69781,-0.09776364,0.359985,2.728879,-0.1670139,0.1800999,2.801639,-0.05272442,0.06748188,2.810729,0.01395201,0.02768907,2.648071,0.03961186,0.01268455,2.605106,-0.03734183,0.2005979,2.65905,0.01205338,0.05254006,2.620301,-0.0917686,-0.0853458,2.592795,-0.1242199,-0.1168339,2.598661,-0.1535816,-0.07194424,2.712023,-0.2747112,-0.2755669,2.569292,-0.1161957,-0.1654999,2.593709,-0.09264819,-0.05261141,2.639048,-0.07388736,-0.2039923,2.714013,-0.1323112,-0.2993307,2.720548,-0.0927147,0.2443891,2.741188
72057594038008658,0,0.9526352,15578.46,-0.1242317,-0.06584996,2.69781,-0.09776364,0.359985,2.728879,-0.1670139,0.1800999,2.801639,-0.05272442,0.06748188,2.810729,0.01395201,0.02768907,2.648071,0.03961186,0.01268455,2.605106,-0.03734183,0.2005979,2.65905,0.01205338,0.05254006,2.620301,-0.0917686,-0.0853458,2.592795,-0.1242199,-0.1168339,2.598661,-0.1535816,-0.07194424,2.712023,-0.2747112,-0.2755669,2.569292,-0.1161957,-0.1654999,2.593709,-0.09264819,-0.05261141,2.639048,-0.07388736,-0.2039923,2.714013,-0.1323112,-0.2993307,2.720548,-0.0927147,0.2443891,2.741188
72057594038008658,0,0.9526352,15578.46,-0.1242317,-0.06584996,2.69781,-0.09776364,0.359985,2.728879,-0.1670139,0.1800999,2.801639,-0.05272442,0.06748188,2.810729,0.01395201,0.02768907,2.648071,0.03961186,0.01268455,2.605106,-0.03734183,0.2005979,2.65905,0.01205338,0.05254006,2.620301,-0.0917686,-0.0853458,2.592795,-0.1242199,-0.1168339,2.598661,-0.1535816,-0.07194424,2.712023,-0.2747112,-0.2755669,2.569292,-0.1161957,-0.1654999,2.593709,-0.09264819,-0.05261141,2.639048,-0.07388736,-0.2039923,2.714013,-0.1323112,-0.2993307,2.720548,-0.0927147,0.2443891,2.741188
72057594038008658,0,0.9526352,15578.47,-0.1242317,-0.06584996,2.69781,-0.09776364,0.359985,2.728879,-0.1670139,0.1800999,2.801639,-0.05272442,0.06748188,2.810729,0.01395201,0.02768907,2.648071,0.03961186,0.01268455,2.605106,-0.03734183,0.2005979,2.65905,0.01205338,0.05254006,2.620301,-0.0917686,-0.0853458,2.592795,-0.1242199,-0.1168339,2.598661,-0.1535816,-0.07194424,2.712023,-0.2747112,-0.2755669,2.569292,-0.1161957,-0.1654999,2.593709,-0.09264819,-0.05261141,2.639048,-0.07388736,-0.2039923,2.714013,-0.1323112,-0.2993307,2.720548,-0.0927147,0.2443891,2.741188
72057594038008658,0,0.9526352,15578.47,-0.1242317,-0.06584996,2.69781,-0.09776364,0.359985,2.728879,-0.1670139,0.1800999,2.801639,-0.05272442,0.06748188,2.810729,0.01395201,0.02768907,2.648071,0.03961186,0.01268455,2.605106,-0.03734183,0.2005979,2.65905,0.01205338,0.05254006,2.620301,-0.0917686,-0.0853458,2.592795,-0.1242199,-0.1168339,2.598661,-0.1535816,-0.07194424,2.712023,-0.2747112,-0.2755669,2.569292,-0.1161957,-0.1654999,2.593709,-0.09264819,-0.05261141,2.639048,-0.07388736,-0.2039923,2.714013,-0.1323112,-0.2993307,2.720548,-0.0927147,0.2443891,2.741188
72057594038008658,0,0.9526352,15578.47,-0.1242317,-0.06584996,2.69781,-0.09776364,0.359985,2.728879,-0.1670139,0.1800999,2.801639,-0.05272442,0.06748188,2.810729,0.01395201,0.02768907,2.648071,0.03961186,0.01268455,2.605106,-0.03734183,0.2005979,2.65905,0.01205338,0.05254006,2.620301,-0.0917686,-0.0853458,2.592795,-0.1242199,-0.1168339,2.598661,-0.1535816,-0.07194424,2.712023,-0.2747112,-0.2755669,2.569292,-0.1161957,-0.1654999,2.593709,-0.09264819,-0.05261141,2.639048,-0.07388736,-0.2039923,2.714013,-0.1323112,-0.2993307,2.720548,-0.0927147,0.2443891,2.741188
72057594038008658,0,0.9526352,15578.47,-0.1242317,-0.06584996,2.69781,-0.09776364,0.359985,2.728879,-0.1670139,0.1800999,2.801639,-0.05272442,0.06748188,2.810729,0.01395201,0.02768907,2.648071,0.03961186,0.01268455,2.605106,-0.03734183,0.2005979,2.65905,0.01205338,0.05254006,2.620301,-0.0917686,-0.0853458,2.592795,-0.1242199,-0.1168339,2.598661,-0.1535816,-0.07194424,2.712023,-0.2747112,-0.2755669,2.569292,-0.1161957,-0.1654999,2.593709,-0.09264819,-0.05261141,2.639048,-0.07388736,-0.2039923,2.714013,-0.1323112,-0.2993307,2.720548,-0.0927147,0.2443891,2.741188
72057594038008658,0,0.9526352,15578.48,-0.1242317,-0.06584996,2.69781,-0.09776364,0.359985,2.728879,-0.1670139,0.1800999,2.801639,-0.05272442,0.06748188,2.810729,0.01395201,0.02768907,2.648071,0.03961186,0.01268455,2.605106,-0.03734183,0.2005979,2.65905,0.01205338,0.05254006,2.620301,-0.0917686,-0.0853458,2.592795,-0.1242199,-0.1168339,2.598661,-0.1535816,-0.07194424,2.712023,-0.2747112,-0.2755669,2.569292,-0.1161957,-0.1654999,2.593709,-0.09264819,-0.05261141,2.639048,-0.07388736,-0.2039923,2.714013,-0.1323112,-0.2993307,2.720548,-0.0927147,0.2443891,2.741188
72057594038008658,0,0.9526352,15578.48,-0.1242317,-0.06584996,2.69781,-0.09776364,0.359985,2.728879,-0.1670139,0.1800999,2.801639,-0.05272442,0.06748188,2.810729,0.01395201,0.02768907,2.648071,0.03961186,0.01268455,2.605106,-0.03734183,0.2005979,2.65905,0.01205338,0.05254006,2.620301,-0.0917686,-0.0853458,2.592795,-0.1242199,-0.1168339,2.598661,-0.1535816,-0.07194424,2.712023,-0.2747112,-0.2755669,2.569292,-0.1161957,-0.1654999,2.593709,-0.09264819,-0.05261141,2.639048,-0.07388736,-0.2039923,2.714013,-0.1323112,-0.2993307,2.720548,-0.0927147,0.2443891,2.741188
72057594038008658,0,0.9526352,15578.48,-0.1242317,-0.06584996,2.69781,-0.09776364,0.359985,2.728879,-0.1670139,0.1800999,2.801639,-0.05272442,0.06748188,2.810729,0.01395201,0.02768907,2.648071,0.03961186,0.01268455,2.605106,-0.03734183,0.2005979,2.65905,0.01205338,0.05254006,2.620301,-0.0917686,-0.0853458,2.592795,-0.1242199,-0.1168339,2.598661,-0.1535816,-0.07194424,2.712023,-0.2747112,-0.2755669,2.569292,-0.1161957,-0.1654999,2.593709,-0.09264819,-0.05261141,2.639048,-0.07388736,-0.2039923,2.714013,-0.1323112,-0.2993307,2.720548,-0.0927147,0.2443891,2.741188
72057594038008658,0,0.9526352,15578.49,-0.1242317,-0.06584996,2.69781,-0.09776364,0.359985,2.728879,-0.1670139,0.1800999,2.801639,-0.05272442,0.06748188,2.810729,0.01395201,0.02768907,2.648071,0.03961186,0.01268455,2.605106,-0.03734183,0.2005979,2.65905,0.01205338,0.05254006,2.620301,-0.0917686,-0.0853458,2.592795,-0.1242199,-0.1168339,2.598661,-0.1535816,-0.07194424,2.712023,-0.2747112,-0.2755669,2.569292,-0.1161957,-0.1654999,2.593709,-0.09264819,-0.05261141,2.639048,-0.07388736,-0.2039923,2.714013,-0.1323112,-0.2993307,2.720548,-0.0927147,0.2443891,2.741188
72057594038008658,0,0.9506003,15578.49,-0.105189,-0.06544995,2.690413,-0.09463585,0.3611042,2.72479,-0.1659935,0.1795455,2.800664,-0.0459106,0.07329866,2.805479,0.02007315,0.03245527,2.642627,0.04924607,0.01910943,2.598303,-0.03360308,0.2008483,2.657481,0.02304356,0.05188394,2.615896,-0.08368392,-0.08420926,2.589812,-0.1128494,-0.1133215,2.596543,-0.1344721,-0.07165939,2.702167,-0.267422,-0.2743918,2.568303,-0.11337,-0.1602042,2.600692,-0.07409117,-0.05213296,2.634067,-0.06981539,-0.2177531,2.701908,-0.1327923,-0.3018051,2.720003,-0.08601823,0.2446059,2.737437
72057594038008658,0,0.9506003,15578.49,-0.105189,-0.06544995,2.690413,-0.09463585,0.3611042,2.72479,-0.1659935,0.1795455,2.800664,-0.0459106,0.07329866,2.805479,0.02007315,0.03245527,2.642627,0.04924607,0.01910943,2.598303,-0.03360308,0.2008483,2.657481,0.02304356,0.05188394,2.615896,-0.08368392,-0.08420926,2.589812,-0.1128494,-0.1133215,2.596543,-0.1344721,-0.07165939,2.702167,-0.267422,-0.2743918,2.568303,-0.11337,-0.1602042,2.600692,-0.07409117,-0.05213296,2.634067,-0.06981539,-0.2177531,2.701908,-0.1327923,-0.3018051,2.720003,-0.08601823,0.2446059,2.737437
72057594038008658,0,0.9506003,15578.49,-0.105189,-0.06544995,2.690413,-0.09463585,0.3611042,2.72479,-0.1659935,0.1795455,2.800664,-0.0459106,0.07329866,2.805479,0.02007315,0.03245527,2.642627,0.04924607,0.01910943,2.598303,-0.03360308,0.2008483,2.657481,0.02304356,0.05188394,2.615896,-0.08368392,-0.08420926,2.589812,-0.1128494,-0.1133215,2.596543,-0.1344721,-0.07165939,2.702167,-0.267422,-0.2743918,2.568303,-0.11337,-0.1602042,2.600692,-0.07409117,-0.05213296,2.634067,-0.06981539,-0.2177531,2.701908,-0.1327923,-0.3018051,2.720003,-0.08601823,0.2446059,2.737437
72057594038008658,0,0.9506003,15578.5,-0.105189,-0.06544995,2.690413,-0.09463585,0.3611042,2.72479,-0.1659935,0.1795455,2.800664,-0.0459106,0.07329866,2.805479,0.02007315,0.03245527,2.642627,0.04924607,0.01910943,2.598303,-0.03360308,0.2008483,2.657481,0.02304356,0.05188394,2.615896,-0.08368392,-0.08420926,2.589812,-0.1128494,-0.1133215,2.596543,-0.1344721,-0.07165939,2.702167,-0.267422,-0.2743918,2.568303,-0.11337,-0.1602042,2.600692,-0.07409117,-0.05213296,2.634067,-0.06981539,-0.2177531,2.701908,-0.1327923,-0.3018051,2.720003,-0.08601823,0.2446059,2.737437
72057594038008658,0,0.9506003,15578.5,-0.105189,-0.06544995,2.690413,-0.09463585,0.3611042,2.72479,-0.1659935,0.1795455,2.800664,-0.0459106,0.07329866,2.805479,0.02007315,0.03245527,2.642627,0.04924607,0.01910943,2.598303,-0.03360308,0.2008483,2.657481,0.02304356,0.05188394,2.615896,-0.08368392,-0.08420926,2.589812,-0.1128494,-0.1133215,2.596543,-0.1344721,-0.07165939,2.702167,-0.267422,-0.2743918,2.568303,-0.11337,-0.1602042,2.600692,-0.07409117,-0.05213296,2.634067,-0.06981539,-0.2177531,2.701908,-0.1327923,-0.3018051,2.720003,-0.08601823,0.2446059,2.737437
72057594038008658,0,0.9506003,15578.51,-0.105189,-0.06544995,2.690413,-0.09463585,0.3611042,2.72479,-0.1659935,0.1795455,2.800664,-0.0459106,0.07329866,2.805479,0.02007315,0.03245527,2.642627,0.04924607,0.01910943,2.598303,-0.03360308,0.2008483,2.657481,0.02304356,0.05188394,2.615896,-0.08368392,-0.08420926,2.589812,-0.1128494,-0.1133215,2.596543,-0.1344721,-0.07165939,2.702167,-0.267422,-0.2743918,2.568303,-0.11337,-0.1602042,2.600692,-0.07409117,-0.05213296,2.634067,-0.06981539,-0.2177531,2.701908,-0.1327923,-0.3018051,2.720003,-0.08601823,0.2446059,2.737437
72057594038008658,0,0.9506003,15578.51,-0.105189,-0.06544995,2.690413,-0.09463585,0.3611042,2.72479,-0.1659935,0.1795455,2.800664,-0.0459106,0.07329866,2.805479,0.02007315,0.03245527,2.642627,0.04924607,0.01910943,2.598303,-0.03360308,0.2008483,2.657481,0.02304356,0.05188394,2.615896,-0.08368392,-0.08420926,2.589812,-0.1128494,-0.1133215,2.596543,-0.1344721,-0.07165939,2.702167,-0.267422,-0.2743918,2.568303,-0.11337,-0.1602042,2.600692,-0.07409117,-0.05213296,2.634067,-0.06981539,-0.2177531,2.701908,-0.1327923,-0.3018051,2.720003,-0.08601823,0.2446059,2.737437
72057594038008658,0,0.9506003,15578.51,-0.105189,-0.06544995,2.690413,-0.09463585,0.3611042,2.72479,-0.1659935,0.1795455,2.800664,-0.0459106,0.07329866,2.805479,0.02007315,0.03245527,2.642627,0.04924607,0.01910943,2.598303,-0.03360308,0.2008483,2.657481,0.02304356,0.05188394,2.615896,-0.08368392,-0.08420926,2.589812,-0.1128494,-0.1133215,2.596543,-0.1344721,-0.07165939,2.702167,-0.267422,-0.2743918,2.568303,-0.11337,-0.1602042,2.600692,-0.07409117,-0.05213296,2.634067,-0.06981539,-0.2177531,2.701908,-0.1327923,-0.3018051,2.720003,-0.08601823,0.2446059,2.737437
72057594038008658,0,0.9506003,15578.52,-0.105189,-0.06544995,2.690413,-0.09463585,0.3611042,2.72479,-0.1659935,0.1795455,2.800664,-0.0459106,0.07329866,2.805479,0.02007315,0.03245527,2.642627,0.04924607,0.01910943,2.598303,-0.03360308,0.2008483,2.657481,0.02304356,0.05188394,2.615896,-0.08368392,-0.08420926,2.589812,-0.1128494,-0.1133215,2.596543,-0.1344721,-0.07165939,2.702167,-0.267422,-0.2743918,2.568303,-0.11337,-0.1602042,2.600692,-0.07409117,-0.05213296,2.634067,-0.06981539,-0.2177531,2.701908,-0.1327923,-0.3018051,2.720003,-0.08601823,0.2446059,2.737437
72057594038008658,0,0.9506003,15578.52,-0.105189,-0.06544995,2.690413,-0.09463585,0.3611042,2.72479,-0.1659935,0.1795455,2.800664,-0.0459106,0.07329866,2.805479,0.02007315,0.03245527,2.642627,0.04924607,0.01910943,2.598303,-0.03360308,0.2008483,2.657481,0.02304356,0.05188394,2.615896,-0.08368392,-0.08420926,2.589812,-0.1128494,-0.1133215,2.596543,-0.1344721,-0.07165939,2.702167,-0.267422,-0.2743918,2.568303,-0.11337,-0.1602042,2.600692,-0.07409117,-0.05213296,2.634067,-0.06981539,-0.2177531,2.701908,-0.1327923,-0.3018051,2.720003,-0.08601823,0.2446059,2.737437
72057594038008658,0,0.9507304,15578.52,-0.1038586,-0.06568462,2.690007,-0.09167478,0.360504,2.723861,-0.1631334,0.1764391,2.797209,-0.04269009,0.07565668,2.801365,0.02527893,0.05919501,2.634742,0.05356041,0.02983364,2.59166,-0.029878,0.2007469,2.655794,0.03001682,0.05568746,2.612327,-0.07649697,-0.08063352,2.585463,-0.1062737,-0.1019664,2.60402,-0.1334672,-0.07202545,2.702132,-0.2615473,-0.2768236,2.566586,-0.1135448,-0.1564379,2.60463,-0.07236202,-0.052194,2.633214,-0.09685753,-0.2253827,2.658019,-0.1788718,-0.3777916,2.766867,-0.08195568,0.2443649,2.733919
72057594038008658,0,0.9507304,15578.53,-0.1038586,-0.06568462,2.690007,-0.09167478,0.360504,2.723861,-0.1631334,0.1764391,2.797209,-0.04269009,0.07565668,2.801365,0.02527893,0.05919501,2.634742,0.05356041,0.02983364,2.59166,-0.029878,0.2007469,2.655794,0.03001682,0.05568746,2.612327,-0.07649697,-0.08063352,2.585463,-0.1062737,-0.1019664,2.60402,-0.1334672,-0.07202545,2.702132,-0.2615473,-0.2768236,2.566586,-0.1135448,-0.1564379,2.60463,-0.07236202,-0.052194,2.633214,-0.09685753,-0.2253827,2.658019,-0.1788718,-0.3777916,2.766867,-0.08195568,0.2443649,2.733919
72057594038008658,0,0.9507304,15578.53,-0.1038586,-0.06568462,2.690007,-0.09167478,0.360504,2.723861,-0.1631334,0.1764391,2.797209,-0.04269009,0.07565668,2.801365,0.02527893,0.05919501,2.634742,0.05356041,0.02983364,2.59166,-0.029878,0.2007469,2.655794,0.03001682,0.05568746,2.612327,-0.07649697,-0.08063352,2.585463,-0.1062737,-0.1019664,2.60402,-0.1334672,-0.07202545,2.702132,-0.2615473,-0.2768236,2.566586,-0.1135448,-0.1564379,2.60463,-0.07236202,-0.052194,2.633214,-0.09685753,-0.2253827,2.658019,-0.1788718,-0.3777916,2.766867,-0.08195568,0.2443649,2.733919
72057594038008658,0,0.9507304,15578.53,-0.1038586,-0.06568462,2.690007,-0.09167478,0.360504,2.723861,-0.1631334,0.1764391,2.797209,-0.04269009,0.07565668,2.801365,0.02527893,0.05919501,2.634742,0.05356041,0.02983364,2.59166,-0.029878,0.2007469,2.655794,0.03001682,0.05568746,2.612327,-0.07649697,-0.08063352,2.585463,-0.1062737,-0.1019664,2.60402,-0.1334672,-0.07202545,2.702132,-0.2615473,-0.2768236,2.566586,-0.1135448,-0.1564379,2.60463,-0.07236202,-0.052194,2.633214,-0.09685753,-0.2253827,2.658019,-0.1788718,-0.3777916,2.766867,-0.08195568,0.2443649,2.733919
72057594038008658,0,0.9507304,15578.53,-0.1038586,-0.06568462,2.690007,-0.09167478,0.360504,2.723861,-0.1631334,0.1764391,2.797209,-0.04269009,0.07565668,2.801365,0.02527893,0.05919501,2.634742,0.05356041,0.02983364,2.59166,-0.029878,0.2007469,2.655794,0.03001682,0.05568746,2.612327,-0.07649697,-0.08063352,2.585463,-0.1062737,-0.1019664,2.60402,-0.1334672,-0.07202545,2.702132,-0.2615473,-0.2768236,2.566586,-0.1135448,-0.1564379,2.60463,-0.07236202,-0.052194,2.633214,-0.09685753,-0.2253827,2.658019,-0.1788718,-0.3777916,2.766867,-0.08195568,0.2443649,2.733919
72057594038008658,0,0.9507304,15578.54,-0.1038586,-0.06568462,2.690007,-0.09167478,0.360504,2.723861,-0.1631334,0.1764391,2.797209,-0.04269009,0.07565668,2.801365,0.02527893,0.05919501,2.634742,0.05356041,0.02983364,2.59166,-0.029878,0.2007469,2.655794,0.03001682,0.05568746,2.612327,-0.07649697,-0.08063352,2.585463,-0.1062737,-0.1019664,2.60402,-0.1334672,-0.07202545,2.702132,-0.2615473,-0.2768236,2.566586,-0.1135448,-0.1564379,2.60463,-0.07236202,-0.052194,2.633214,-0.09685753,-0.2253827,2.658019,-0.1788718,-0.3777916,2.766867,-0.08195568,0.2443649,2.733919
72057594038008658,0,0.9507304,15578.55,-0.1038586,-0.06568462,2.690007,-0.09167478,0.360504,2.723861,-0.1631334,0.1764391,2.797209,-0.04269009,0.07565668,2.801365,0.02527893,0.05919501,2.634742,0.05356041,0.02983364,2.59166,-0.029878,0.2007469,2.655794,0.03001682,0.05568746,2.612327,-0.07649697,-0.08063352,2.585463,-0.1062737,-0.1019664,2.60402,-0.1334672,-0.07202545,2.702132,-0.2615473,-0.2768236,2.566586,-0.1135448,-0.1564379,2.60463,-0.07236202,-0.052194,2.633214,-0.09685753,-0.2253827,2.658019,-0.1788718,-0.3777916,2.766867,-0.08195568,0.2443649,2.733919
72057594038008658,0,0.9524593,15578.55,-0.09967156,-0.06770259,2.688053,-0.08814409,0.3604142,2.719279,-0.1597847,0.1736872,2.793528,-0.03828639,0.07067722,2.795517,0.03236217,0.06042475,2.629374,0.06202999,0.03317425,2.586637,-0.02408409,0.199981,2.651156,0.03630934,0.05378234,2.611208,-0.07112718,-0.08164528,2.582042,-0.09393721,-0.09686738,2.603708,-0.1290825,-0.07456455,2.700655,-0.2547155,-0.2801971,2.564647,-0.06541782,-0.236262,2.534909,-0.06849831,-0.05370006,2.630917,-0.07166013,-0.246479,2.576167,-0.133871,-0.355739,2.714777,-0.07756427,0.2434165,2.730084
72057594038008658,0,0.9524593,15578.56,-0.09967156,-0.06770259,2.688053,-0.08814409,0.3604142,2.719279,-0.1597847,0.1736872,2.793528,-0.03828639,0.07067722,2.795517,0.03236217,0.06042475,2.629374,0.06202999,0.03317425,2.586637,-0.02408409,0.199981,2.651156,0.03630934,0.05378234,2.611208,-0.07112718,-0.08164528,2.582042,-0.09393721,-0.09686738,2.603708,-0.1290825,-0.07456455,2.700655,-0.2547155,-0.2801971,2.564647,-0.06541782,-0.236262,2.534909,-0.06849831,-0.05370006,2.630917,-0.07166013,-0.246479,2.576167,-0.133871,-0.355739,2.714777,-0.07756427,0.2434165,2.730084
72057594038008658,0,0.9524593,15578.56,-0.09967156,-0.06770259,2.688053,-0.08814409,0.3604142,2.719279,-0.1597847,0.1736872,2.793528,-0.03828639,0.07067722,2.795517,0.03236217,0.06042475,2.629374,0.06202999,0.03317425,2.586637,-0.02408409,0.199981,2.651156,0.03630934,0.05378234,2.611208,-0.07112718,-0.08164528,2.582042,-0.09393721,-0.09686738,2.603708,-0.1290825,-0.07456455,2.700655,-0.2547155,-0.2801971,2.564647,-0.06541782,-0.236262,2.534909,-0.06849831,-0.05370006,2.630917,-0.07166013,-0.246479,2.576167,-0.133871,-0.355739,2.714777,-0.07756427,0.2434165,2.730084
72057594038008658,0,0.9524593,15578.57,-0.09967156,-0.06770259,2.688053,-0.08814409,0.3604142,2.719279,-0.1597847,0.1736872,2.793528,-0.03828639,0.07067722,2.795517,0.03236217,0.06042475,2.629374,0.06202999,0.03317425,2.586637,-0.02408409,0.199981,2.651156,0.03630934,0.05378234,2.611208,-0.07112718,-0.08164528,2.582042,-0.09393721,-0.09686738,2.603708,-0.1290825,-0.07456455,2.700655,-0.2547155,-0.2801971,2.564647,-0.06541782,-0.236262,2.534909,-0.06849831,-0.05370006,2.630917,-0.07166013,-0.246479,2.576167,-0.133871,-0.355739,2.714777,-0.07756427,0.2434165,2.730084
72057594038008658,0,0.9524593,15578.57,-0.09967156,-0.06770259,2.688053,-0.08814409,0.3604142,2.719279,-0.1597847,0.1736872,2.793528,-0.03828639,0.07067722,2.795517,0.03236217,0.06042475,2.629374,0.06202999,0.03317425,2.586637,-0.02408409,0.199981,2.651156,0.03630934,0.05378234,2.611208,-0.07112718,-0.08164528,2.582042,-0.09393721,-0.09686738,2.603708,-0.1290825,-0.07456455,2.700655,-0.2547155,-0.2801971,2.564647,-0.06541782,-0.236262,2.534909,-0.06849831,-0.05370006,2.630917,-0.07166013,-0.246479,2.576167,-0.133871,-0.355739,2.714777,-0.07756427,0.2434165,2.730084
72057594038008658,0,0.9524593,15578.57,-0.09967156,-0.06770259,2.688053,-0.08814409,0.3604142,2.719279,-0.1597847,0.1736872,2.793528,-0.03828639,0.07067722,2.795517,0.03236217,0.06042475,2.629374,0.06202999,0.03317425,2.586637,-0.02408409,0.199981,2.651156,0.03630934,0.05378234,2.611208,-0.07112718,-0.08164528,2.582042,-0.09393721,-0.09686738,2.603708,-0.1290825,-0.07456455,2.700655,-0.2547155,-0.2801971,2.564647,-0.06541782,-0.236262,2.534909,-0.06849831,-0.05370006,2.630917,-0.07166013,-0.246479,2.576167,-0.133871,-0.355739,2.714777,-0.07756427,0.2434165,2.730084
72057594038008658,0,0.9524593,15578.58,-0.09967156,-0.06770259,2.688053,-0.08814409,0.3604142,2.719279,-0.1597847,0.1736872,2.793528,-0.03828639,0.07067722,2.795517,0.03236217,0.06042475,2.629374,0.06202999,0.03317425,2.586637,-0.02408409,0.199981,2.651156,0.03630934,0.05378234,2.611208,-0.07112718,-0.08164528,2.582042,-0.09393721,-0.09686738,2.603708,-0.1290825,-0.07456455,2.700655,-0.2547155,-0.2801971,2.564647,-0.06541782,-0.236262,2.534909,-0.06849831,-0.05370006,2.630917,-0.07166013,-0.246479,2.576167,-0.133871,-0.355739,2.714777,-0.07756427,0.2434165,2.730084
72057594038008658,0,0.9524593,15578.58,-0.09967156,-0.06770259,2.688053,-0.08814409,0.3604142,2.719279,-0.1597847,0.1736872,2.793528,-0.03828639,0.07067722,2.795517,0.03236217,0.06042475,2.629374,0.06202999,0.03317425,2.586637,-0.02408409,0.199981,2.651156,0.03630934,0.05378234,2.611208,-0.07112718,-0.08164528,2.582042,-0.09393721,-0.09686738,2.603708,-0.1290825,-0.07456455,2.700655,-0.2547155,-0.2801971,2.564647,-0.06541782,-0.236262,2.534909,-0.06849831,-0.05370006,2.630917,-0.07166013,-0.246479,2.576167,-0.133871,-0.355739,2.714777,-0.07756427,0.2434165,2.730084
72057594038008658,0,0.9524593,15578.58,-0.09967156,-0.06770259,2.688053,-0.08814409,0.3604142,2.719279,-0.1597847,0.1736872,2.793528,-0.03828639,0.07067722,2.795517,0.03236217,0.06042475,2.629374,0.06202999,0.03317425,2.586637,-0.02408409,0.199981,2.651156,0.03630934,0.05378234,2.611208,-0.07112718,-0.08164528,2.582042,-0.09393721,-0.09686738,2.603708,-0.1290825,-0.07456455,2.700655,-0.2547155,-0.2801971,2.564647,-0.06541782,-0.236262,2.534909,-0.06849831,-0.05370006,2.630917,-0.07166013,-0.246479,2.576167,-0.133871,-0.355739,2.714777,-0.07756427,0.2434165,2.730084
72057594038008658,0,0.9524593,15578.58,-0.09967156,-0.06770259,2.688053,-0.08814409,0.3604142,2.719279,-0.1597847,0.1736872,2.793528,-0.03828639,0.07067722,2.795517,0.03236217,0.06042475,2.629374,0.06202999,0.03317425,2.586637,-0.02408409,0.199981,2.651156,0.03630934,0.05378234,2.611208,-0.07112718,-0.08164528,2.582042,-0.09393721,-0.09686738,2.603708,-0.1290825,-0.07456455,2.700655,-0.2547155,-0.2801971,2.564647,-0.06541782,-0.236262,2.534909,-0.06849831,-0.05370006,2.630917,-0.07166013,-0.246479,2.576167,-0.133871,-0.355739,2.714777,-0.07756427,0.2434165,2.730084
72057594038008658,0,0.9524593,15578.59,-0.09967156,-0.06770259,2.688053,-0.08814409,0.3604142,2.719279,-0.1597847,0.1736872,2.793528,-0.03828639,0.07067722,2.795517,0.03236217,0.06042475,2.629374,0.06202999,0.03317425,2.586637,-0.02408409,0.199981,2.651156,0.03630934,0.05378234,2.611208,-0.07112718,-0.08164528,2.582042,-0.09393721,-0.09686738,2.603708,-0.1290825,-0.07456455,2.700655,-0.2547155,-0.2801971,2.564647,-0.06541782,-0.236262,2.534909,-0.06849831,-0.05370006,2.630917,-0.07166013,-0.246479,2.576167,-0.133871,-0.355739,2.714777,-0.07756427,0.2434165,2.730084
72057594038008658,0,0.9547522,15578.6,-0.09211162,-0.07049748,2.685356,-0.08094574,0.3600857,2.711018,-0.1541664,0.1739134,2.789363,-0.02798375,0.05986372,2.791012,0.03521596,0.07204756,2.621621,0.06729512,0.04118651,2.581104,-0.0190447,0.2017713,2.645032,0.04137587,0.05381918,2.607805,-0.06691491,-0.08107316,2.577705,-0.09223024,-0.09562409,2.60584,-0.1206721,-0.07774812,2.696918,-0.2491954,-0.2837622,2.563951,-0.05636435,-0.2513729,2.544696,-0.06194327,-0.05608335,2.629229,-0.1719968,-0.2586339,2.563113,-0.1047499,-0.3182099,2.727223,-0.07196455,0.2426159,2.725147
72057594038008658,0,0.9547522,15578.6,-0.09211162,-0.07049748,2.685356,-0.08094574,0.3600857,2.711018,-0.1541664,0.1739134,2.789363,-0.02798375,0.05986372,2.791012,0.03521596,0.07204756,2.621621,0.06729512,0.04118651,2.581104,-0.0190447,0.2017713,2.645032,0.04137587,0.05381918,2.607805,-0.06691491,-0.08107316,2.577705,-0.09223024,-0.09562409,2.60584,-0.1206721,-0.07774812,2.696918,-0.2491954,-0.2837622,2.563951,-0.05636435,-0.2513729,2.544696,-0.06194327,-0.05608335,2.629229,-0.1719968,-0.2586339,2.563113,-0.1047499,-0.3182099,2.727223,-0.07196455,0.2426159,2.725147
72057594038008658,0,0.9547522,15578.6,-0.09211162,-0.07049748,2.685356,-0.08094574,0.3600857,2.711018,-0.1541664,0.1739134,2.789363,-0.02798375,0.05986372,2.791012,0.03521596,0.07204756,2.621621,0.06729512,0.04118651,2.581104,-0.0190447,0.2017713,2.645032,0.04137587,0.05381918,2.607805,-0.06691491,-0.08107316,2.577705,-0.09223024,-0.09562409,2.60584,-0.1206721,-0.07774812,2.696918,-0.2491954,-0.2837622,2.563951,-0.05636435,-0.2513729,2.544696,-0.06194327,-0.05608335,2.629229,-0.1719968,-0.2586339,2.563113,-0.1047499,-0.3182099,2.727223,-0.07196455,0.2426159,2.725147
72057594038008658,0,0.9547522,15578.61,-0.09211162,-0.07049748,2.685356,-0.08094574,0.3600857,2.711018,-0.1541664,0.1739134,2.789363,-0.02798375,0.05986372,2.791012,0.03521596,0.07204756,2.621621,0.06729512,0.04118651,2.581104,-0.0190447,0.2017713,2.645032,0.04137587,0.05381918,2.607805,-0.06691491,-0.08107316,2.577705,-0.09223024,-0.09562409,2.60584,-0.1206721,-0.07774812,2.696918,-0.2491954,-0.2837622,2.563951,-0.05636435,-0.2513729,2.544696,-0.06194327,-0.05608335,2.629229,-0.1719968,-0.2586339,2.563113,-0.1047499,-0.3182099,2.727223,-0.07196455,0.2426159,2.725147
72057594038008658,0,0.9547522,15578.61,-0.09211162,-0.07049748,2.685356,-0.08094574,0.3600857,2.711018,-0.1541664,0.1739134,2.789363,-0.02798375,0.05986372,2.791012,0.03521596,0.07204756,2.621621,0.06729512,0.04118651,2.581104,-0.0190447,0.2017713,2.645032,0.04137587,0.05381918,2.607805,-0.06691491,-0.08107316,2.577705,-0.09223024,-0.09562409,2.60584,-0.1206721,-0.07774812,2.696918,-0.2491954,-0.2837622,2.563951,-0.05636435,-0.2513729,2.544696,-0.06194327,-0.05608335,2.629229,-0.1719968,-0.2586339,2.563113,-0.1047499,-0.3182099,2.727223,-0.07196455,0.2426159,2.725147
72057594038008658,0,0.9547522,15578.61,-0.09211162,-0.07049748,2.685356,-0.08094574,0.3600857,2.711018,-0.1541664,0.1739134,2.789363,-0.02798375,0.05986372,2.791012,0.03521596,0.07204756,2.621621,0.06729512,0.04118651,2.581104,-0.0190447,0.2017713,2.645032,0.04137587,0.05381918,2.607805,-0.06691491,-0.08107316,2.577705,-0.09223024,-0.09562409,2.60584,-0.1206721,-0.07774812,2.696918,-0.2491954,-0.2837622,2.563951,-0.05636435,-0.2513729,2.544696,-0.06194327,-0.05608335,2.629229,-0.1719968,-0.2586339,2.563113,-0.1047499,-0.3182099,2.727223,-0.07196455,0.2426159,2.725147
72057594038008658,0,0.9547522,15578.61,-0.09211162,-0.07049748,2.685356,-0.08094574,0.3600857,2.711018,-0.1541664,0.1739134,2.789363,-0.02798375,0.05986372,2.791012,0.03521596,0.07204756,2.621621,0.06729512,0.04118651,2.581104,-0.0190447,0.2017713,2.645032,0.04137587,0.05381918,2.607805,-0.06691491,-0.08107316,2.577705,-0.09223024,-0.09562409,2.60584,-0.1206721,-0.07774812,2.696918,-0.2491954,-0.2837622,2.563951,-0.05636435,-0.2513729,2.544696,-0.06194327,-0.05608335,2.629229,-0.1719968,-0.2586339,2.563113,-0.1047499,-0.3182099,2.727223,-0.07196455,0.2426159,2.725147
72057594038008658,0,0.9547522,15578.62,-0.09211162,-0.07049748,2.685356,-0.08094574,0.3600857,2.711018,-0.1541664,0.1739134,2.789363,-0.02798375,0.05986372,2.791012,0.03521596,0.07204756,2.621621,0.06729512,0.04118651,2.581104,-0.0190447,0.2017713,2.645032,0.04137587,0.05381918,2.607805,-0.06691491,-0.08107316,2.577705,-0.09223024,-0.09562409,2.60584,-0.1206721,-0.07774812,2.696918,-0.2491954,-0.2837622,2.563951,-0.05636435,-0.2513729,2.544696,-0.06194327,-0.05608335,2.629229,-0.1719968,-0.2586339,2.563113,-0.1047499,-0.3182099,2.727223,-0.07196455,0.2426159,2.725147
72057594038008658,0,0.9547522,15578.62,-0.09211162,-0.07049748,2.685356,-0.08094574,0.3600857,2.711018,-0.1541664,0.1739134,2.789363,-0.02798375,0.05986372,2.791012,0.03521596,0.07204756,2.621621,0.06729512,0.04118651,2.581104,-0.0190447,0.2017713,2.645032,0.04137587,0.05381918,2.607805,-0.06691491,-0.08107316,2.577705,-0.09223024,-0.09562409,2.60584,-0.1206721,-0.07774812,2.696918,-0.2491954,-0.2837622,2.563951,-0.05636435,-0.2513729,2.544696,-0.06194327,-0.05608335,2.629229,-0.1719968,-0.2586339,2.563113,-0.1047499,-0.3182099,2.727223,-0.07196455,0.2426159,2.725147
72057594038008658,0,0.9547522,15578.62,-0.09211162,-0.07049748,2.685356,-0.08094574,0.3600857,2.711018,-0.1541664,0.1739134,2.789363,-0.02798375,0.05986372,2.791012,0.03521596,0.07204756,2.621621,0.06729512,0.04118651,2.581104,-0.0190447,0.2017713,2.645032,0.04137587,0.05381918,2.607805,-0.06691491,-0.08107316,2.577705,-0.09223024,-0.09562409,2.60584,-0.1206721,-0.07774812,2.696918,-0.2491954,-0.2837622,2.563951,-0.05636435,-0.2513729,2.544696,-0.06194327,-0.05608335,2.629229,-0.1719968,-0.2586339,2.563113,-0.1047499,-0.3182099,2.727223,-0.07196455,0.2426159,2.725147
72057594038008658,0,0.9574466,15578.63,-0.08161498,-0.07395914,2.68509,-0.0748131,0.3601883,2.705651,-0.149018,0.1744501,2.783523,-0.02373071,0.05711219,2.786903,0.05256651,0.03889695,2.623677,0.07465256,0.03287163,2.571893,-0.01242508,0.199687,2.636066,0.0448776,0.05456397,2.603808,-0.06395516,-0.08004797,2.573081,-0.07124261,-0.09875479,2.600693,-0.1112308,-0.07942164,2.697986,-0.04978283,-0.2210941,2.55298,-0.1855816,-0.3560336,2.51405,-0.05028277,-0.0616186,2.627532,-0.1693463,-0.2574438,2.562642,-0.0967025,-0.3163449,2.725118,-0.06668028,0.2422903,2.719569
72057594038008658,0,0.9574466,15578.63,-0.08161498,-0.07395914,2.68509,-0.0748131,0.3601883,2.705651,-0.149018,0.1744501,2.783523,-0.02373071,0.05711219,2.786903,0.05256651,0.03889695,2.623677,0.07465256,0.03287163,2.571893,-0.01242508,0.199687,2.636066,0.0448776,0.05456397,2.603808,-0.06395516,-0.08004797,2.573081,-0.07124261,-0.09875479,2.600693,-0.1112308,-0.07942164,2.697986,-0.04978283,-0.2210941,2.55298,-0.1855816,-0.3560336,2.51405,-0.05028277,-0.0616186,2.627532,-0.1693463,-0.2574438,2.562642,-0.0967025,-0.3163449,2.725118,-0.06668028,0.2422903,2.719569
72057594038008658,0,0.9574466,15578.63,-0.08161498,-0.07395914,2.68509,-0.0748131,0.3601883,2.705651,-0.149018,0.1744501,2.783523,-0.02373071,0.05711219,2.786903,0.05256651,0.03889695,2.623677,0.07465256,0.03287163,2.571893,-0.01242508,0.199687,2.636066,0.0448776,0.05456397,2.603808,-0.06395516,-0.08004797,2.573081,-0.07124261,-0.09875479,2.600693,-0.1112308,-0.07942164,2.697986,-0.04978283,-0.2210941,2.55298,-0.1855816,-0.3560336,2.51405,-0.05028277,-0.0616186,2.627532,-0.1693463,-0.2574438,2.562642,-0.0967025,-0.3163449,2.725118,-0.06668028,0.2422903,2.719569
72057594038008658,0,0.9574466,15578.64,-0.08161498,-0.07395914,2.68509,-0.0748131,0.3601883,2.705651,-0.149018,0.1744501,2.783523,-0.02373071,0.05711219,2.786903,0.05256651,0.03889695,2.623677,0.07465256,0.03287163,2.571893,-0.01242508,0.199687,2.636066,0.0448776,0.05456397,2.603808,-0.06395516,-0.08004797,2.573081,-0.07124261,-0.09875479,2.600693,-0.1112308,-0.07942164,2.697986,-0.04978283,-0.2210941,2.55298,-0.1855816,-0.3560336,2.51405,-0.05028277,-0.0616186,2.627532,-0.1693463,-0.2574438,2.562642,-0.0967025,-0.3163449,2.725118,-0.06668028,0.2422903,2.719569
72057594038008658,0,0.9574466,15578.64,-0.08161498,-0.07395914,2.68509,-0.0748131,0.3601883,2.705651,-0.149018,0.1744501,2.783523,-0.02373071,0.05711219,2.786903,0.05256651,0.03889695,2.623677,0.07465256,0.03287163,2.571893,-0.01242508,0.199687,2.636066,0.0448776,0.05456397,2.603808,-0.06395516,-0.08004797,2.573081,-0.07124261,-0.09875479,2.600693,-0.1112308,-0.07942164,2.697986,-0.04978283,-0.2210941,2.55298,-0.1855816,-0.3560336,2.51405,-0.05028277,-0.0616186,2.627532,-0.1693463,-0.2574438,2.562642,-0.0967025,-0.3163449,2.725118,-0.06668028,0.2422903,2.719569
72057594038008658,0,0.9574466,15578.64,-0.08161498,-0.07395914,2.68509,-0.0748131,0.3601883,2.705651,-0.149018,0.1744501,2.783523,-0.02373071,0.05711219,2.786903,0.05256651,0.03889695,2.623677,0.07465256,0.03287163,2.571893,-0.01242508,0.199687,2.636066,0.0448776,0.05456397,2.603808,-0.06395516,-0.08004797,2.573081,-0.07124261,-0.09875479,2.600693,-0.1112308,-0.07942164,2.697986,-0.04978283,-0.2210941,2.55298,-0.1855816,-0.3560336,2.51405,-0.05028277,-0.0616186,2.627532,-0.1693463,-0.2574438,2.562642,-0.0967025,-0.3163449,2.725118,-0.06668028,0.2422903,2.719569
72057594038008658,0,0.9574466,15578.64,-0.08161498,-0.07395914,2.68509,-0.0748131,0.3601883,2.705651,-0.149018,0.1744501,2.783523,-0.02373071,0.05711219,2.786903,0.05256651,0.03889695,2.623677,0.07465256,0.03287163,2.571893,-0.01242508,0.199687,2.636066,0.0448776,0.05456397,2.603808,-0.06395516,-0.08004797,2.573081,-0.07124261,-0.09875479,2.600693,-0.1112308,-0.07942164,2.697986,-0.04978283,-0.2210941,2.55298,-0.1855816,-0.3560336,2.51405,-0.05028277,-0.0616186,2.627532,-0.1693463,-0.2574438,2.562642,-0.0967025,-0.3163449,2.725118,-0.06668028,0.2422903,2.719569
72057594038008658,0,0.9574466,15578.65,-0.08161498,-0.07395914,2.68509,-0.0748131,0.3601883,2.705651,-0.149018,0.1744501,2.783523,-0.02373071,0.05711219,2.786903,0.05256651,0.03889695,2.623677,0.07465256,0.03287163,2.571893,-0.01242508,0.199687,2.636066,0.0448776,0.05456397,2.603808,-0.06395516,-0.08004797,2.573081,-0.07124261,-0.09875479,2.600693,-0.1112308,-0.07942164,2.697986,-0.04978283,-0.2210941,2.55298,-0.1855816,-0.3560336,2.51405,-0.05028277,-0.0616186,2.627532,-0.1693463,-0.2574438,2.562642,-0.0967025,-0.3163449,2.725118,-0.06668028,0.2422903,2.719569
72057594038008658,0,0.9574466,15578.65,-0.08161498,-0.07395914,2.68509,-0.0748131,0.3601883,2.705651,-0.149018,0.1744501,2.783523,-0.02373071,0.05711219,2.786903,0.05256651,0.03889695,2.623677,0.07465256,0.03287163,2.571893,-0.01242508,0.199687,2.636066,0.0448776,0.05456397,2.603808,-0.06395516,-0.08004797,2.573081,-0.07124261,-0.09875479,2.600693,-0.1112308,-0.07942164,2.697986,-0.04978283,-0.2210941,2.55298,-0.1855816,-0.3560336,2.51405,-0.05028277,-0.0616186,2.627532,-0.1693463,-0.2574438,2.562642,-0.0967025,-0.3163449,2.725118,-0.06668028,0.2422903,2.719569
72057594038008658,0,0.9574466,15578.65,-0.08161498,-0.07395914,2.68509,-0.0748131,0.3601883,2.705651,-0.149018,0.1744501,2.783523,-0.02373071,0.05711219,2.786903,0.05256651,0.03889695,2.623677,0.07465256,0.03287163,2.571893,-0.01242508,0.199687,2.636066,0.0448776,0.05456397,2.603808,-0.06395516,-0.08004797,2.573081,-0.07124261,-0.09875479,2.600693,-0.1112308,-0.07942164,2.697986,-0.04978283,-0.2210941,2.55298,-0.1855816,-0.3560336,2.51405,-0.05028277,-0.0616186,2.627532,-0.1693463,-0.2574438,2.562642,-0.0967025,-0.3163449,2.725118,-0.06668028,0.2422903,2.719569
72057594038008658,0,0.9574466,15578.66,-0.08161498,-0.07395914,2.68509,-0.0748131,0.3601883,2.705651,-0.149018,0.1744501,2.783523,-0.02373071,0.05711219,2.786903,0.05256651,0.03889695,2.623677,0.07465256,0.03287163,2.571893,-0.01242508,0.199687,2.636066,0.0448776,0.05456397,2.603808,-0.06395516,-0.08004797,2.573081,-0.07124261,-0.09875479,2.600693,-0.1112308,-0.07942164,2.697986,-0.04978283,-0.2210941,2.55298,-0.1855816,-0.3560336,2.51405,-0.05028277,-0.0616186,2.627532,-0.1693463,-0.2574438,2.562642,-0.0967025,-0.3163449,2.725118,-0.06668028,0.2422903,2.719569
72057594038008658,0,0.9574466,15578.66,-0.08161498,-0.07395914,2.68509,-0.0748131,0.3601883,2.705651,-0.149018,0.1744501,2.783523,-0.02373071,0.05711219,2.786903,0.05256651,0.03889695,2.623677,0.07465256,0.03287163,2.571893,-0.01242508,0.199687,2.636066,0.0448776,0.05456397,2.603808,-0.06395516,-0.08004797,2.573081,-0.07124261,-0.09875479,2.600693,-0.1112308,-0.07942164,2.697986,-0.04978283,-0.2210941,2.55298,-0.1855816,-0.3560336,2.51405,-0.05028277,-0.0616186,2.627532,-0.1693463,-0.2574438,2.562642,-0.0967025,-0.3163449,2.725118,-0.06668028,0.2422903,2.719569
72057594038008658,0,0.958208,15578.66,-0.07595765,-0.07497945,2.683029,-0.069148,0.3627061,2.690454,-0.1367671,0.1759608,2.775509,-0.0122207,0.0555996,2.780099,0.05958214,0.03936902,2.614413,0.07770308,0.03618699,2.567394,-0.006697127,0.1997035,2.626955,0.0532507,0.06677049,2.584468,-0.009434743,-0.03715491,2.533378,-0.02789935,-0.0361014,2.585532,-0.1018036,-0.08246106,2.694642,0.0111753,-0.1947306,2.554207,-0.112165,-0.3401904,2.509592,-0.04758321,-0.0613308,2.626525,-0.1111796,-0.2333865,2.53411,-0.03527029,-0.2936147,2.69485,-0.05542442,0.2429925,2.712046
72057594038008658,0,0.958208,15578.67,-0.07595765,-0.07497945,2.683029,-0.069148,0.3627061,2.690454,-0.1367671,0.1759608,2.775509,-0.0122207,0.0555996,2.780099,0.05958214,0.03936902,2.614413,0.07770308,0.03618699,2.567394,-0.006697127,0.1997035,2.626955,0.0532507,0.06677049,2.584468,-0.009434743,-0.03715491,2.533378,-0.02789935,-0.0361014,2.585532,-0.1018036,-0.08246106,2.694642,0.0111753,-0.1947306,2.554207,-0.112165,-0.3401904,2.509592,-0.04758321,-0.0613308,2.626525,-0.1111796,-0.2333865,2.53411,-0.03527029,-0.2936147,2.69485,-0.05542442,0.2429925,2.712046
72057594038008658,0,0.958208,15578.67,-0.07595765,-0.07497945,2.683029,-0.069148,0.3627061,2.690454,-0.1367671,0.1759608,2.775509,-0.0122207,0.0555996,2.780099,0.05958214,0.03936902,2.614413,0.07770308,0.03618699,2.567394,-0.006697127,0.1997035,2.626955,0.0532507,0.06677049,2.584468,-0.009434743,-0.03715491,2.533378,-0.02789935,-0.0361014,2.585532,-0.1018036,-0.08246106,2.694642,0.0111753,-0.1947306,2.554207,-0.112165,-0.3401904,2.509592,-0.04758321,-0.0613308,2.626525,-0.1111796,-0.2333865,2.53411,-0.03527029,-0.2936147,2.69485,-0.05542442,0.2429925,2.712046
72057594038008658,0,0.958208,15578.67,-0.07595765,-0.07497945,2.683029,-0.069148,0.3627061,2.690454,-0.1367671,0.1759608,2.775509,-0.0122207,0.0555996,2.780099,0.05958214,0.03936902,2.614413,0.07770308,0.03618699,2.567394,-0.006697127,0.1997035,2.626955,0.0532507,0.06677049,2.584468,-0.009434743,-0.03715491,2.533378,-0.02789935,-0.0361014,2.585532,-0.1018036,-0.08246106,2.694642,0.0111753,-0.1947306,2.554207,-0.112165,-0.3401904,2.509592,-0.04758321,-0.0613308,2.626525,-0.1111796,-0.2333865,2.53411,-0.03527029,-0.2936147,2.69485,-0.05542442,0.2429925,2.712046
72057594038008658,0,0.958208,15578.67,-0.07595765,-0.07497945,2.683029,-0.069148,0.3627061,2.690454,-0.1367671,0.1759608,2.775509,-0.0122207,0.0555996,2.780099,0.05958214,0.03936902,2.614413,0.07770308,0.03618699,2.567394,-0.006697127,0.1997035,2.626955,0.0532507,0.06677049,2.584468,-0.009434743,-0.03715491,2.533378,-0.02789935,-0.0361014,2.585532,-0.1018036,-0.08246106,2.694642,0.0111753,-0.1947306,2.554207,-0.112165,-0.3401904,2.509592,-0.04758321,-0.0613308,2.626525,-0.1111796,-0.2333865,2.53411,-0.03527029,-0.2936147,2.69485,-0.05542442,0.2429925,2.712046
72057594038008658,0,0.958208,15578.68,-0.07595765,-0.07497945,2.683029,-0.069148,0.3627061,2.690454,-0.1367671,0.1759608,2.775509,-0.0122207,0.0555996,2.780099,0.05958214,0.03936902,2.614413,0.07770308,0.03618699,2.567394,-0.006697127,0.1997035,2.626955,0.0532507,0.06677049,2.584468,-0.009434743,-0.03715491,2.533378,-0.02789935,-0.0361014,2.585532,-0.1018036,-0.08246106,2.694642,0.0111753,-0.1947306,2.554207,-0.112165,-0.3401904,2.509592,-0.04758321,-0.0613308,2.626525,-0.1111796,-0.2333865,2.53411,-0.03527029,-0.2936147,2.69485,-0.05542442,0.2429925,2.712046
72057594038008658,0,0.958208,15578.68,-0.07595765,-0.07497945,2.683029,-0.069148,0.3627061,2.690454,-0.1367671,0.1759608,2.775509,-0.0122207,0.0555996,2.780099,0.05958214,0.03936902,2.614413,0.07770308,0.03618699,2.567394,-0.006697127,0.1997035,2.626955,0.0532507,0.06677049,2.584468,-0.009434743,-0.03715491,2.533378,-0.02789935,-0.0361014,2.585532,-0.1018036,-0.08246106,2.694642,0.0111753,-0.1947306,2.554207,-0.112165,-0.3401904,2.509592,-0.04758321,-0.0613308,2.626525,-0.1111796,-0.2333865,2.53411,-0.03527029,-0.2936147,2.69485,-0.05542442,0.2429925,2.712046
72057594038008658,0,0.958208,15578.68,-0.07595765,-0.07497945,2.683029,-0.069148,0.3627061,2.690454,-0.1367671,0.1759608,2.775509,-0.0122207,0.0555996,2.780099,0.05958214,0.03936902,2.614413,0.07770308,0.03618699,2.567394,-0.006697127,0.1997035,2.626955,0.0532507,0.06677049,2.584468,-0.009434743,-0.03715491,2.533378,-0.02789935,-0.0361014,2.585532,-0.1018036,-0.08246106,2.694642,0.0111753,-0.1947306,2.554207,-0.112165,-0.3401904,2.509592,-0.04758321,-0.0613308,2.626525,-0.1111796,-0.2333865,2.53411,-0.03527029,-0.2936147,2.69485,-0.05542442,0.2429925,2.712046
72057594038008658,0,0.958208,15578.69,-0.07595765,-0.07497945,2.683029,-0.069148,0.3627061,2.690454,-0.1367671,0.1759608,2.775509,-0.0122207,0.0555996,2.780099,0.05958214,0.03936902,2.614413,0.07770308,0.03618699,2.567394,-0.006697127,0.1997035,2.626955,0.0532507,0.06677049,2.584468,-0.009434743,-0.03715491,2.533378,-0.02789935,-0.0361014,2.585532,-0.1018036,-0.08246106,2.694642,0.0111753,-0.1947306,2.554207,-0.112165,-0.3401904,2.509592,-0.04758321,-0.0613308,2.626525,-0.1111796,-0.2333865,2.53411,-0.03527029,-0.2936147,2.69485,-0.05542442,0.2429925,2.712046
72057594038008658,0,0.9633759,15578.69,-0.06578493,-0.08067822,2.681987,-0.06228834,0.3633691,2.681995,-0.1322043,0.1761886,2.767599,-0.007543632,0.05468264,2.772431,0.06294496,0.03838655,2.606011,0.08168777,0.02542925,2.553591,7.603335E-05,0.2000115,2.616999,0.05394502,0.06182539,2.583658,-0.008696219,-0.04424551,2.537666,-0.03200277,-0.04353148,2.581697,-0.09368263,-0.08615169,2.694235,-0.0136533,-0.1762093,2.589736,-0.05879073,-0.2968163,2.546229,-0.03667909,-0.06829742,2.625103,-0.06681531,-0.2912379,2.547441,-0.1397252,-0.313214,2.720087,-0.05042617,0.2424759,2.704967
72057594038008658,0,0.9633759,15578.69,-0.06578493,-0.08067822,2.681987,-0.06228834,0.3633691,2.681995,-0.1322043,0.1761886,2.767599,-0.007543632,0.05468264,2.772431,0.06294496,0.03838655,2.606011,0.08168777,0.02542925,2.553591,7.603335E-05,0.2000115,2.616999,0.05394502,0.06182539,2.583658,-0.008696219,-0.04424551,2.537666,-0.03200277,-0.04353148,2.581697,-0.09368263,-0.08615169,2.694235,-0.0136533,-0.1762093,2.589736,-0.05879073,-0.2968163,2.546229,-0.03667909,-0.06829742,2.625103,-0.06681531,-0.2912379,2.547441,-0.1397252,-0.313214,2.720087,-0.05042617,0.2424759,2.704967
72057594038008658,0,0.9633759,15578.7,-0.06578493,-0.08067822,2.681987,-0.06228834,0.3633691,2.681995,-0.1322043,0.1761886,2.767599,-0.007543632,0.05468264,2.772431,0.06294496,0.03838655,2.606011,0.08168777,0.02542925,2.553591,7.603335E-05,0.2000115,2.616999,0.05394502,0.06182539,2.583658,-0.008696219,-0.04424551,2.537666,-0.03200277,-0.04353148,2.581697,-0.09368263,-0.08615169,2.694235,-0.0136533,-0.1762093,2.589736,-0.05879073,-0.2968163,2.546229,-0.03667909,-0.06829742,2.625103,-0.06681531,-0.2912379,2.547441,-0.1397252,-0.313214,2.720087,-0.05042617,0.2424759,2.704967
72057594038008658,0,0.9633759,15578.7,-0.06578493,-0.08067822,2.681987,-0.06228834,0.3633691,2.681995,-0.1322043,0.1761886,2.767599,-0.007543632,0.05468264,2.772431,0.06294496,0.03838655,2.606011,0.08168777,0.02542925,2.553591,7.603335E-05,0.2000115,2.616999,0.05394502,0.06182539,2.583658,-0.008696219,-0.04424551,2.537666,-0.03200277,-0.04353148,2.581697,-0.09368263,-0.08615169,2.694235,-0.0136533,-0.1762093,2.589736,-0.05879073,-0.2968163,2.546229,-0.03667909,-0.06829742,2.625103,-0.06681531,-0.2912379,2.547441,-0.1397252,-0.313214,2.720087,-0.05042617,0.2424759,2.704967
72057594038008658,0,0.9633759,15578.7,-0.06578493,-0.08067822,2.681987,-0.06228834,0.3633691,2.681995,-0.1322043,0.1761886,2.767599,-0.007543632,0.05468264,2.772431,0.06294496,0.03838655,2.606011,0.08168777,0.02542925,2.553591,7.603335E-05,0.2000115,2.616999,0.05394502,0.06182539,2.583658,-0.008696219,-0.04424551,2.537666,-0.03200277,-0.04353148,2.581697,-0.09368263,-0.08615169,2.694235,-0.0136533,-0.1762093,2.589736,-0.05879073,-0.2968163,2.546229,-0.03667909,-0.06829742,2.625103,-0.06681531,-0.2912379,2.547441,-0.1397252,-0.313214,2.720087,-0.05042617,0.2424759,2.704967
72057594038008658,0,0.9633759,15578.71,-0.06578493,-0.08067822,2.681987,-0.06228834,0.3633691,2.681995,-0.1322043,0.1761886,2.767599,-0.007543632,0.05468264,2.772431,0.06294496,0.03838655,2.606011,0.08168777,0.02542925,2.553591,7.603335E-05,0.2000115,2.616999,0.05394502,0.06182539,2.583658,-0.008696219,-0.04424551,2.537666,-0.03200277,-0.04353148,2.581697,-0.09368263,-0.08615169,2.694235,-0.0136533,-0.1762093,2.589736,-0.05879073,-0.2968163,2.546229,-0.03667909,-0.06829742,2.625103,-0.06681531,-0.2912379,2.547441,-0.1397252,-0.313214,2.720087,-0.05042617,0.2424759,2.704967
72057594038008658,0,0.9633759,15578.71,-0.06578493,-0.08067822,2.681987,-0.06228834,0.3633691,2.681995,-0.1322043,0.1761886,2.767599,-0.007543632,0.05468264,2.772431,0.06294496,0.03838655,2.606011,0.08168777,0.02542925,2.553591,7.603335E-05,0.2000115,2.616999,0.05394502,0.06182539,2.583658,-0.008696219,-0.04424551,2.537666,-0.03200277,-0.04353148,2.581697,-0.09368263,-0.08615169,2.694235,-0.0136533,-0.1762093,2.589736,-0.05879073,-0.2968163,2.546229,-0.03667909,-0.06829742,2.625103,-0.06681531,-0.2912379,2.547441,-0.1397252,-0.313214,2.720087,-0.05042617,0.2424759,2.704967
72057594038008658,0,0.9633759,15578.71,-0.06578493,-0.08067822,2.681987,-0.06228834,0.3633691,2.681995,-0.1322043,0.1761886,2.767599,-0.007543632,0.05468264,2.772431,0.06294496,0.03838655,2.606011,0.08168777,0.02542925,2.553591,7.603335E-05,0.2000115,2.616999,0.05394502,0.06182539,2.583658,-0.008696219,-0.04424551,2.537666,-0.03200277,-0.04353148,2.581697,-0.09368263,-0.08615169,2.694235,-0.0136533,-0.1762093,2.589736,-0.05879073,-0.2968163,2.546229,-0.03667909,-0.06829742,2.625103,-0.06681531,-0.2912379,2.547441,-0.1397252,-0.313214,2.720087,-0.05042617,0.2424759,2.704967
72057594038008658,0,0.9633759,15578.71,-0.06578493,-0.08067822,2.681987,-0.06228834,0.3633691,2.681995,-0.1322043,0.1761886,2.767599,-0.007543632,0.05468264,2.772431,0.06294496,0.03838655,2.606011,0.08168777,0.02542925,2.553591,7.603335E-05,0.2000115,2.616999,0.05394502,0.06182539,2.583658,-0.008696219,-0.04424551,2.537666,-0.03200277,-0.04353148,2.581697,-0.09368263,-0.08615169,2.694235,-0.0136533,-0.1762093,2.589736,-0.05879073,-0.2968163,2.546229,-0.03667909,-0.06829742,2.625103,-0.06681531,-0.2912379,2.547441,-0.1397252,-0.313214,2.720087,-0.05042617,0.2424759,2.704967
72057594038008658,0,0.9633759,15578.72,-0.06578493,-0.08067822,2.681987,-0.06228834,0.3633691,2.681995,-0.1322043,0.1761886,2.767599,-0.007543632,0.05468264,2.772431,0.06294496,0.03838655,2.606011,0.08168777,0.02542925,2.553591,7.603335E-05,0.2000115,2.616999,0.05394502,0.06182539,2.583658,-0.008696219,-0.04424551,2.537666,-0.03200277,-0.04353148,2.581697,-0.09368263,-0.08615169,2.694235,-0.0136533,-0.1762093,2.589736,-0.05879073,-0.2968163,2.546229,-0.03667909,-0.06829742,2.625103,-0.06681531,-0.2912379,2.547441,-0.1397252,-0.313214,2.720087,-0.05042617,0.2424759,2.704967
72057594038008658,0,0.9633759,15578.72,-0.06578493,-0.08067822,2.681987,-0.06228834,0.3633691,2.681995,-0.1322043,0.1761886,2.767599,-0.007543632,0.05468264,2.772431,0.06294496,0.03838655,2.606011,0.08168777,0.02542925,2.553591,7.603335E-05,0.2000115,2.616999,0.05394502,0.06182539,2.583658,-0.008696219,-0.04424551,2.537666,-0.03200277,-0.04353148,2.581697,-0.09368263,-0.08615169,2.694235,-0.0136533,-0.1762093,2.589736,-0.05879073,-0.2968163,2.546229,-0.03667909,-0.06829742,2.625103,-0.06681531,-0.2912379,2.547441,-0.1397252,-0.313214,2.720087,-0.05042617,0.2424759,2.704967
72057594038008658,0,0.9662983,15578.72,-0.05789475,-0.08360896,2.67569,-0.05213135,0.3644642,2.667557,-0.1198139,0.1757704,2.754118,0.004974468,0.05332869,2.759048,0.06996312,0.03620932,2.59024,0.06561308,0.01827967,2.565797,0.004673265,0.2000877,2.61056,0.05765243,0.05919856,2.572081,0.04933793,-0.1025789,2.552957,0.02557101,-0.1104938,2.560553,-0.08482999,-0.0899573,2.686508,0.05101126,-0.1752961,2.547409,-0.04814935,-0.3411162,2.51769,-0.02998739,-0.07018515,2.620304,-0.04272712,-0.285387,2.534344,-0.1355902,-0.3125054,2.720092,-0.03827306,0.2415117,2.692017
72057594038008658,0,0.9662983,15578.72,-0.05789475,-0.08360896,2.67569,-0.05213135,0.3644642,2.667557,-0.1198139,0.1757704,2.754118,0.004974468,0.05332869,2.759048,0.06996312,0.03620932,2.59024,0.06561308,0.01827967,2.565797,0.004673265,0.2000877,2.61056,0.05765243,0.05919856,2.572081,0.04933793,-0.1025789,2.552957,0.02557101,-0.1104938,2.560553,-0.08482999,-0.0899573,2.686508,0.05101126,-0.1752961,2.547409,-0.04814935,-0.3411162,2.51769,-0.02998739,-0.07018515,2.620304,-0.04272712,-0.285387,2.534344,-0.1355902,-0.3125054,2.720092,-0.03827306,0.2415117,2.692017
72057594038008658,0,0.9662983,15578.73,-0.05789475,-0.08360896,2.67569,-0.05213135,0.3644642,2.667557,-0.1198139,0.1757704,2.754118,0.004974468,0.05332869,2.759048,0.06996312,0.03620932,2.59024,0.06561308,0.01827967,2.565797,0.004673265,0.2000877,2.61056,0.05765243,0.05919856,2.572081,0.04933793,-0.1025789,2.552957,0.02557101,-0.1104938,2.560553,-0.08482999,-0.0899573,2.686508,0.05101126,-0.1752961,2.547409,-0.04814935,-0.3411162,2.51769,-0.02998739,-0.07018515,2.620304,-0.04272712,-0.285387,2.534344,-0.1355902,-0.3125054,2.720092,-0.03827306,0.2415117,2.692017
72057594038008658,0,0.9662983,15578.73,-0.05789475,-0.08360896,2.67569,-0.05213135,0.3644642,2.667557,-0.1198139,0.1757704,2.754118,0.004974468,0.05332869,2.759048,0.06996312,0.03620932,2.59024,0.06561308,0.01827967,2.565797,0.004673265,0.2000877,2.61056,0.05765243,0.05919856,2.572081,0.04933793,-0.1025789,2.552957,0.02557101,-0.1104938,2.560553,-0.08482999,-0.0899573,2.686508,0.05101126,-0.1752961,2.547409,-0.04814935,-0.3411162,2.51769,-0.02998739,-0.07018515,2.620304,-0.04272712,-0.285387,2.534344,-0.1355902,-0.3125054,2.720092,-0.03827306,0.2415117,2.692017
72057594038008658,0,0.9662983,15578.73,-0.05789475,-0.08360896,2.67569,-0.05213135,0.3644642,2.667557,-0.1198139,0.1757704,2.754118,0.004974468,0.05332869,2.759048,0.06996312,0.03620932,2.59024,0.06561308,0.01827967,2.565797,0.004673265,0.2000877,2.61056,0.05765243,0.05919856,2.572081,0.04933793,-0.1025789,2.552957,0.02557101,-0.1104938,2.560553,-0.08482999,-0.0899573,2.686508,0.05101126,-0.1752961,2.547409,-0.04814935,-0.3411162,2.51769,-0.02998739,-0.07018515,2.620304,-0.04272712,-0.285387,2.534344,-0.1355902,-0.3125054,2.720092,-0.03827306,0.2415117,2.692017
72057594038008658,0,0.9662983,15578.75,-0.05789475,-0.08360896,2.67569,-0.05213135,0.3644642,2.667557,-0.1198139,0.1757704,2.754118,0.004974468,0.05332869,2.759048,0.06996312,0.03620932,2.59024,0.06561308,0.01827967,2.565797,0.004673265,0.2000877,2.61056,0.05765243,0.05919856,2.572081,0.04933793,-0.1025789,2.552957,0.02557101,-0.1104938,2.560553,-0.08482999,-0.0899573,2.686508,0.05101126,-0.1752961,2.547409,-0.04814935,-0.3411162,2.51769,-0.02998739,-0.07018515,2.620304,-0.04272712,-0.285387,2.534344,-0.1355902,-0.3125054,2.720092,-0.03827306,0.2415117,2.692017
72057594038008658,0,0.9662983,15578.75,-0.05789475,-0.08360896,2.67569,-0.05213135,0.3644642,2.667557,-0.1198139,0.1757704,2.754118,0.004974468,0.05332869,2.759048,0.06996312,0.03620932,2.59024,0.06561308,0.01827967,2.565797,0.004673265,0.2000877,2.61056,0.05765243,0.05919856,2.572081,0.04933793,-0.1025789,2.552957,0.02557101,-0.1104938,2.560553,-0.08482999,-0.0899573,2.686508,0.05101126,-0.1752961,2.547409,-0.04814935,-0.3411162,2.51769,-0.02998739,-0.07018515,2.620304,-0.04272712,-0.285387,2.534344,-0.1355902,-0.3125054,2.720092,-0.03827306,0.2415117,2.692017
72057594038008658,0,0.9662983,15578.75,-0.05789475,-0.08360896,2.67569,-0.05213135,0.3644642,2.667557,-0.1198139,0.1757704,2.754118,0.004974468,0.05332869,2.759048,0.06996312,0.03620932,2.59024,0.06561308,0.01827967,2.565797,0.004673265,0.2000877,2.61056,0.05765243,0.05919856,2.572081,0.04933793,-0.1025789,2.552957,0.02557101,-0.1104938,2.560553,-0.08482999,-0.0899573,2.686508,0.05101126,-0.1752961,2.547409,-0.04814935,-0.3411162,2.51769,-0.02998739,-0.07018515,2.620304,-0.04272712,-0.285387,2.534344,-0.1355902,-0.3125054,2.720092,-0.03827306,0.2415117,2.692017
72057594038008658,0,0.9686129,15578.76,-0.05349762,-0.08600369,2.674042,-0.03650847,0.3615291,2.656639,-0.1123263,0.1744927,2.746385,0.01248041,0.05176979,2.751351,0.07082135,0.03085282,2.580348,0.07909003,0.02296835,2.532211,0.01691018,0.1973582,2.599235,0.06070386,0.05689219,2.558748,0.04591024,-0.09527326,2.54569,0.02252552,-0.100093,2.558576,-0.07858715,-0.09234306,2.681517,0.06329705,-0.1689568,2.543311,0.02238159,-0.3488093,2.475588,-0.02656846,-0.07267794,2.620962,-0.003332222,-0.2587993,2.502589,-0.132723,-0.3134596,2.71717,-0.03125571,0.2400398,2.685212
72057594038008658,0,0.9686129,15578.76,-0.05349762,-0.08600369,2.674042,-0.03650847,0.3615291,2.656639,-0.1123263,0.1744927,2.746385,0.01248041,0.05176979,2.751351,0.07082135,0.03085282,2.580348,0.07909003,0.02296835,2.532211,0.01691018,0.1973582,2.599235,0.06070386,0.05689219,2.558748,0.04591024,-0.09527326,2.54569,0.02252552,-0.100093,2.558576,-0.07858715,-0.09234306,2.681517,0.06329705,-0.1689568,2.543311,0.02238159,-0.3488093,2.475588,-0.02656846,-0.07267794,2.620962,-0.003332222,-0.2587993,2.502589,-0.132723,-0.3134596,2.71717,-0.03125571,0.2400398,2.685212
72057594038008658,0,0.9686129,15578.76,-0.05349762,-0.08600369,2.674042,-0.03650847,0.3615291,2.656639,-0.1123263,0.1744927,2.746385,0.01248041,0.05176979,2.751351,0.07082135,0.03085282,2.580348,0.07909003,0.02296835,2.532211,0.01691018,0.1973582,2.599235,0.06070386,0.05689219,2.558748,0.04591024,-0.09527326,2.54569,0.02252552,-0.100093,2.558576,-0.07858715,-0.09234306,2.681517,0.06329705,-0.1689568,2.543311,0.02238159,-0.3488093,2.475588,-0.02656846,-0.07267794,2.620962,-0.003332222,-0.2587993,2.502589,-0.132723,-0.3134596,2.71717,-0.03125571,0.2400398,2.685212
72057594038008658,0,0.9686129,15578.77,-0.05349762,-0.08600369,2.674042,-0.03650847,0.3615291,2.656639,-0.1123263,0.1744927,2.746385,0.01248041,0.05176979,2.751351,0.07082135,0.03085282,2.580348,0.07909003,0.02296835,2.532211,0.01691018,0.1973582,2.599235,0.06070386,0.05689219,2.558748,0.04591024,-0.09527326,2.54569,0.02252552,-0.100093,2.558576,-0.07858715,-0.09234306,2.681517,0.06329705,-0.1689568,2.543311,0.02238159,-0.3488093,2.475588,-0.02656846,-0.07267794,2.620962,-0.003332222,-0.2587993,2.502589,-0.132723,-0.3134596,2.71717,-0.03125571,0.2400398,2.685212
72057594038008658,0,0.9686129,15578.77,-0.05349762,-0.08600369,2.674042,-0.03650847,0.3615291,2.656639,-0.1123263,0.1744927,2.746385,0.01248041,0.05176979,2.751351,0.07082135,0.03085282,2.580348,0.07909003,0.02296835,2.532211,0.01691018,0.1973582,2.599235,0.06070386,0.05689219,2.558748,0.04591024,-0.09527326,2.54569,0.02252552,-0.100093,2.558576,-0.07858715,-0.09234306,2.681517,0.06329705,-0.1689568,2.543311,0.02238159,-0.3488093,2.475588,-0.02656846,-0.07267794,2.620962,-0.003332222,-0.2587993,2.502589,-0.132723,-0.3134596,2.71717,-0.03125571,0.2400398,2.685212
72057594038008658,0,0.9686129,15578.77,-0.05349762,-0.08600369,2.674042,-0.03650847,0.3615291,2.656639,-0.1123263,0.1744927,2.746385,0.01248041,0.05176979,2.751351,0.07082135,0.03085282,2.580348,0.07909003,0.02296835,2.532211,0.01691018,0.1973582,2.599235,0.06070386,0.05689219,2.558748,0.04591024,-0.09527326,2.54569,0.02252552,-0.100093,2.558576,-0.07858715,-0.09234306,2.681517,0.06329705,-0.1689568,2.543311,0.02238159,-0.3488093,2.475588,-0.02656846,-0.07267794,2.620962,-0.003332222,-0.2587993,2.502589,-0.132723,-0.3134596,2.71717,-0.03125571,0.2400398,2.685212
72057594038008658,0,0.9686129,15578.77,-0.05349762,-0.08600369,2.674042,-0.03650847,0.3615291,2.656639,-0.1123263,0.1744927,2.746385,0.01248041,0.05176979,2.751351,0.07082135,0.03085282,2.580348,0.07909003,0.02296835,2.532211,0.01691018,0.1973582,2.599235,0.06070386,0.05689219,2.558748,0.04591024,-0.09527326,2.54569,0.02252552,-0.100093,2.558576,-0.07858715,-0.09234306,2.681517,0.06329705,-0.1689568,2.543311,0.02238159,-0.3488093,2.475588,-0.02656846,-0.07267794,2.620962,-0.003332222,-0.2587993,2.502589,-0.132723,-0.3134596,2.71717,-0.03125571,0.2400398,2.685212
72057594038008658,0,0.9686129,15578.78,-0.05349762,-0.08600369,2.674042,-0.03650847,0.3615291,2.656639,-0.1123263,0.1744927,2.746385,0.01248041,0.05176979,2.751351,0.07082135,0.03085282,2.580348,0.07909003,0.02296835,2.532211,0.01691018,0.1973582,2.599235,0.06070386,0.05689219,2.558748,0.04591024,-0.09527326,2.54569,0.02252552,-0.100093,2.558576,-0.07858715,-0.09234306,2.681517,0.06329705,-0.1689568,2.543311,0.02238159,-0.3488093,2.475588,-0.02656846,-0.07267794,2.620962,-0.003332222,-0.2587993,2.502589,-0.132723,-0.3134596,2.71717,-0.03125571,0.2400398,2.685212
72057594038008658,0,0.9686129,15578.79,-0.05349762,-0.08600369,2.674042,-0.03650847,0.3615291,2.656639,-0.1123263,0.1744927,2.746385,0.01248041,0.05176979,2.751351,0.07082135,0.03085282,2.580348,0.07909003,0.02296835,2.532211,0.01691018,0.1973582,2.599235,0.06070386,0.05689219,2.558748,0.04591024,-0.09527326,2.54569,0.02252552,-0.100093,2.558576,-0.07858715,-0.09234306,2.681517,0.06329705,-0.1689568,2.543311,0.02238159,-0.3488093,2.475588,-0.02656846,-0.07267794,2.620962,-0.003332222,-0.2587993,2.502589,-0.132723,-0.3134596,2.71717,-0.03125571,0.2400398,2.685212
72057594038008658,0,0.9705197,15578.79,-0.04752285,-0.08783293,2.669607,-0.02227785,0.3612382,2.640816,-0.1048167,0.1752265,2.748252,0.01997388,0.05237442,2.753245,0.06913644,0.03526536,2.578745,0.08020107,-0.000575006,2.519901,0.02553102,0.1921422,2.583483,0.06241062,0.05536664,2.552022,0.0544096,-0.1184534,2.524984,0.03418921,-0.1313414,2.548918,-0.07011153,-0.09392327,2.675449,0.04279877,-0.1917405,2.547836,0.02176543,-0.2788274,2.511788,-0.02335336,-0.07425547,2.618547,0.06264169,-0.2386549,2.532301,-0.1052435,-0.3439174,2.697685,-0.02200946,0.2373056,2.67335
72057594038008658,0,0.9705197,15578.79,-0.04752285,-0.08783293,2.669607,-0.02227785,0.3612382,2.640816,-0.1048167,0.1752265,2.748252,0.01997388,0.05237442,2.753245,0.06913644,0.03526536,2.578745,0.08020107,-0.000575006,2.519901,0.02553102,0.1921422,2.583483,0.06241062,0.05536664,2.552022,0.0544096,-0.1184534,2.524984,0.03418921,-0.1313414,2.548918,-0.07011153,-0.09392327,2.675449,0.04279877,-0.1917405,2.547836,0.02176543,-0.2788274,2.511788,-0.02335336,-0.07425547,2.618547,0.06264169,-0.2386549,2.532301,-0.1052435,-0.3439174,2.697685,-0.02200946,0.2373056,2.67335
72057594038008658,0,0.9705197,15578.8,-0.04752285,-0.08783293,2.669607,-0.02227785,0.3612382,2.640816,-0.1048167,0.1752265,2.748252,0.01997388,0.05237442,2.753245,0.06913644,0.03526536,2.578745,0.08020107,-0.000575006,2.519901,0.02553102,0.1921422,2.583483,0.06241062,0.05536664,2.552022,0.0544096,-0.1184534,2.524984,0.03418921,-0.1313414,2.548918,-0.07011153,-0.09392327,2.675449,0.04279877,-0.1917405,2.547836,0.02176543,-0.2788274,2.511788,-0.02335336,-0.07425547,2.618547,0.06264169,-0.2386549,2.532301,-0.1052435,-0.3439174,2.697685,-0.02200946,0.2373056,2.67335
72057594038008658,0,0.9705197,15578.8,-0.04752285,-0.08783293,2.669607,-0.02227785,0.3612382,2.640816,-0.1048167,0.1752265,2.748252,0.01997388,0.05237442,2.753245,0.06913644,0.03526536,2.578745,0.08020107,-0.000575006,2.519901,0.02553102,0.1921422,2.583483,0.06241062,0.05536664,2.552022,0.0544096,-0.1184534,2.524984,0.03418921,-0.1313414,2.548918,-0.07011153,-0.09392327,2.675449,0.04279877,-0.1917405,2.547836,0.02176543,-0.2788274,2.511788,-0.02335336,-0.07425547,2.618547,0.06264169,-0.2386549,2.532301,-0.1052435,-0.3439174,2.697685,-0.02200946,0.2373056,2.67335
72057594038008658,0,0.9705197,15578.8,-0.04752285,-0.08783293,2.669607,-0.02227785,0.3612382,2.640816,-0.1048167,0.1752265,2.748252,0.01997388,0.05237442,2.753245,0.06913644,0.03526536,2.578745,0.08020107,-0.000575006,2.519901,0.02553102,0.1921422,2.583483,0.06241062,0.05536664,2.552022,0.0544096,-0.1184534,2.524984,0.03418921,-0.1313414,2.548918,-0.07011153,-0.09392327,2.675449,0.04279877,-0.1917405,2.547836,0.02176543,-0.2788274,2.511788,-0.02335336,-0.07425547,2.618547,0.06264169,-0.2386549,2.532301,-0.1052435,-0.3439174,2.697685,-0.02200946,0.2373056,2.67335
72057594038008658,0,0.9705197,15578.81,-0.04752285,-0.08783293,2.669607,-0.02227785,0.3612382,2.640816,-0.1048167,0.1752265,2.748252,0.01997388,0.05237442,2.753245,0.06913644,0.03526536,2.578745,0.08020107,-0.000575006,2.519901,0.02553102,0.1921422,2.583483,0.06241062,0.05536664,2.552022,0.0544096,-0.1184534,2.524984,0.03418921,-0.1313414,2.548918,-0.07011153,-0.09392327,2.675449,0.04279877,-0.1917405,2.547836,0.02176543,-0.2788274,2.511788,-0.02335336,-0.07425547,2.618547,0.06264169,-0.2386549,2.532301,-0.1052435,-0.3439174,2.697685,-0.02200946,0.2373056,2.67335
72057594038008658,0,0.9705197,15578.81,-0.04752285,-0.08783293,2.669607,-0.02227785,0.3612382,2.640816,-0.1048167,0.1752265,2.748252,0.01997388,0.05237442,2.753245,0.06913644,0.03526536,2.578745,0.08020107,-0.000575006,2.519901,0.02553102,0.1921422,2.583483,0.06241062,0.05536664,2.552022,0.0544096,-0.1184534,2.524984,0.03418921,-0.1313414,2.548918,-0.07011153,-0.09392327,2.675449,0.04279877,-0.1917405,2.547836,0.02176543,-0.2788274,2.511788,-0.02335336,-0.07425547,2.618547,0.06264169,-0.2386549,2.532301,-0.1052435,-0.3439174,2.697685,-0.02200946,0.2373056,2.67335
72057594038008658,0,0.9705197,15578.81,-0.04752285,-0.08783293,2.669607,-0.02227785,0.3612382,2.640816,-0.1048167,0.1752265,2.748252,0.01997388,0.05237442,2.753245,0.06913644,0.03526536,2.578745,0.08020107,-0.000575006,2.519901,0.02553102,0.1921422,2.583483,0.06241062,0.05536664,2.552022,0.0544096,-0.1184534,2.524984,0.03418921,-0.1313414,2.548918,-0.07011153,-0.09392327,2.675449,0.04279877,-0.1917405,2.547836,0.02176543,-0.2788274,2.511788,-0.02335336,-0.07425547,2.618547,0.06264169,-0.2386549,2.532301,-0.1052435,-0.3439174,2.697685,-0.02200946,0.2373056,2.67335
72057594038008658,0,0.9705197,15578.82,-0.04752285,-0.08783293,2.669607,-0.02227785,0.3612382,2.640816,-0.1048167,0.1752265,2.748252,0.01997388,0.05237442,2.753245,0.06913644,0.03526536,2.578745,0.08020107,-0.000575006,2.519901,0.02553102,0.1921422,2.583483,0.06241062,0.05536664,2.552022,0.0544096,-0.1184534,2.524984,0.03418921,-0.1313414,2.548918,-0.07011153,-0.09392327,2.675449,0.04279877,-0.1917405,2.547836,0.02176543,-0.2788274,2.511788,-0.02335336,-0.07425547,2.618547,0.06264169,-0.2386549,2.532301,-0.1052435,-0.3439174,2.697685,-0.02200946,0.2373056,2.67335
72057594038008658,0,0.9705197,15578.82,-0.04752285,-0.08783293,2.669607,-0.02227785,0.3612382,2.640816,-0.1048167,0.1752265,2.748252,0.01997388,0.05237442,2.753245,0.06913644,0.03526536,2.578745,0.08020107,-0.000575006,2.519901,0.02553102,0.1921422,2.583483,0.06241062,0.05536664,2.552022,0.0544096,-0.1184534,2.524984,0.03418921,-0.1313414,2.548918,-0.07011153,-0.09392327,2.675449,0.04279877,-0.1917405,2.547836,0.02176543,-0.2788274,2.511788,-0.02335336,-0.07425547,2.618547,0.06264169,-0.2386549,2.532301,-0.1052435,-0.3439174,2.697685,-0.02200946,0.2373056,2.67335
72057594038008658,0,0.9705197,15578.82,-0.04752285,-0.08783293,2.669607,-0.02227785,0.3612382,2.640816,-0.1048167,0.1752265,2.748252,0.01997388,0.05237442,2.753245,0.06913644,0.03526536,2.578745,0.08020107,-0.000575006,2.519901,0.02553102,0.1921422,2.583483,0.06241062,0.05536664,2.552022,0.0544096,-0.1184534,2.524984,0.03418921,-0.1313414,2.548918,-0.07011153,-0.09392327,2.675449,0.04279877,-0.1917405,2.547836,0.02176543,-0.2788274,2.511788,-0.02335336,-0.07425547,2.618547,0.06264169,-0.2386549,2.532301,-0.1052435,-0.3439174,2.697685,-0.02200946,0.2373056,2.67335
72057594038008658,0,0.9722092,15578.83,-0.03882521,-0.0893257,2.663431,-0.008620922,0.3598501,2.625525,-0.09398345,0.177862,2.742921,0.003307742,0.1017407,2.607119,0.06190875,0.06674406,2.438517,0.08145456,0.05481863,2.384766,0.03938178,0.1899184,2.568257,0.07044679,0.0367212,2.5318,0.05396976,-0.1312664,2.52277,0.03241996,-0.1377763,2.541457,-0.06059009,-0.09481451,2.667212,0.05537898,-0.2474023,2.522156,0.03268527,-0.2846206,2.506363,-0.01620235,-0.07612675,2.614715,0.06182808,-0.2433809,2.525968,-0.1070053,-0.3369147,2.697145,-0.008790387,0.2360005,2.659514
72057594038008658,0,0.9722092,15578.83,-0.03882521,-0.0893257,2.663431,-0.008620922,0.3598501,2.625525,-0.09398345,0.177862,2.742921,0.003307742,0.1017407,2.607119,0.06190875,0.06674406,2.438517,0.08145456,0.05481863,2.384766,0.03938178,0.1899184,2.568257,0.07044679,0.0367212,2.5318,0.05396976,-0.1312664,2.52277,0.03241996,-0.1377763,2.541457,-0.06059009,-0.09481451,2.667212,0.05537898,-0.2474023,2.522156,0.03268527,-0.2846206,2.506363,-0.01620235,-0.07612675,2.614715,0.06182808,-0.2433809,2.525968,-0.1070053,-0.3369147,2.697145,-0.008790387,0.2360005,2.659514
72057594038008658,0,0.9722092,15578.83,-0.03882521,-0.0893257,2.663431,-0.008620922,0.3598501,2.625525,-0.09398345,0.177862,2.742921,0.003307742,0.1017407,2.607119,0.06190875,0.06674406,2.438517,0.08145456,0.05481863,2.384766,0.03938178,0.1899184,2.568257,0.07044679,0.0367212,2.5318,0.05396976,-0.1312664,2.52277,0.03241996,-0.1377763,2.541457,-0.06059009,-0.09481451,2.667212,0.05537898,-0.2474023,2.522156,0.03268527,-0.2846206,2.506363,-0.01620235,-0.07612675,2.614715,0.06182808,-0.2433809,2.525968,-0.1070053,-0.3369147,2.697145,-0.008790387,0.2360005,2.659514
72057594038008658,0,0.9722092,15578.83,-0.03882521,-0.0893257,2.663431,-0.008620922,0.3598501,2.625525,-0.09398345,0.177862,2.742921,0.003307742,0.1017407,2.607119,0.06190875,0.06674406,2.438517,0.08145456,0.05481863,2.384766,0.03938178,0.1899184,2.568257,0.07044679,0.0367212,2.5318,0.05396976,-0.1312664,2.52277,0.03241996,-0.1377763,2.541457,-0.06059009,-0.09481451,2.667212,0.05537898,-0.2474023,2.522156,0.03268527,-0.2846206,2.506363,-0.01620235,-0.07612675,2.614715,0.06182808,-0.2433809,2.525968,-0.1070053,-0.3369147,2.697145,-0.008790387,0.2360005,2.659514
72057594038008658,0,0.9722092,15578.84,-0.03882521,-0.0893257,2.663431,-0.008620922,0.3598501,2.625525,-0.09398345,0.177862,2.742921,0.003307742,0.1017407,2.607119,0.06190875,0.06674406,2.438517,0.08145456,0.05481863,2.384766,0.03938178,0.1899184,2.568257,0.07044679,0.0367212,2.5318,0.05396976,-0.1312664,2.52277,0.03241996,-0.1377763,2.541457,-0.06059009,-0.09481451,2.667212,0.05537898,-0.2474023,2.522156,0.03268527,-0.2846206,2.506363,-0.01620235,-0.07612675,2.614715,0.06182808,-0.2433809,2.525968,-0.1070053,-0.3369147,2.697145,-0.008790387,0.2360005,2.659514
72057594038008658,0,0.9722092,15578.84,-0.03882521,-0.0893257,2.663431,-0.008620922,0.3598501,2.625525,-0.09398345,0.177862,2.742921,0.003307742,0.1017407,2.607119,0.06190875,0.06674406,2.438517,0.08145456,0.05481863,2.384766,0.03938178,0.1899184,2.568257,0.07044679,0.0367212,2.5318,0.05396976,-0.1312664,2.52277,0.03241996,-0.1377763,2.541457,-0.06059009,-0.09481451,2.667212,0.05537898,-0.2474023,2.522156,0.03268527,-0.2846206,2.506363,-0.01620235,-0.07612675,2.614715,0.06182808,-0.2433809,2.525968,-0.1070053,-0.3369147,2.697145,-0.008790387,0.2360005,2.659514
72057594038008658,0,0.9722092,15578.84,-0.03882521,-0.0893257,2.663431,-0.008620922,0.3598501,2.625525,-0.09398345,0.177862,2.742921,0.003307742,0.1017407,2.607119,0.06190875,0.06674406,2.438517,0.08145456,0.05481863,2.384766,0.03938178,0.1899184,2.568257,0.07044679,0.0367212,2.5318,0.05396976,-0.1312664,2.52277,0.03241996,-0.1377763,2.541457,-0.06059009,-0.09481451,2.667212,0.05537898,-0.2474023,2.522156,0.03268527,-0.2846206,2.506363,-0.01620235,-0.07612675,2.614715,0.06182808,-0.2433809,2.525968,-0.1070053,-0.3369147,2.697145,-0.008790387,0.2360005,2.659514
72057594038008658,0,0.9722092,15578.85,-0.03882521,-0.0893257,2.663431,-0.008620922,0.3598501,2.625525,-0.09398345,0.177862,2.742921,0.003307742,0.1017407,2.607119,0.06190875,0.06674406,2.438517,0.08145456,0.05481863,2.384766,0.03938178,0.1899184,2.568257,0.07044679,0.0367212,2.5318,0.05396976,-0.1312664,2.52277,0.03241996,-0.1377763,2.541457,-0.06059009,-0.09481451,2.667212,0.05537898,-0.2474023,2.522156,0.03268527,-0.2846206,2.506363,-0.01620235,-0.07612675,2.614715,0.06182808,-0.2433809,2.525968,-0.1070053,-0.3369147,2.697145,-0.008790387,0.2360005,2.659514
72057594038008658,0,0.9722092,15578.85,-0.03882521,-0.0893257,2.663431,-0.008620922,0.3598501,2.625525,-0.09398345,0.177862,2.742921,0.003307742,0.1017407,2.607119,0.06190875,0.06674406,2.438517,0.08145456,0.05481863,2.384766,0.03938178,0.1899184,2.568257,0.07044679,0.0367212,2.5318,0.05396976,-0.1312664,2.52277,0.03241996,-0.1377763,2.541457,-0.06059009,-0.09481451,2.667212,0.05537898,-0.2474023,2.522156,0.03268527,-0.2846206,2.506363,-0.01620235,-0.07612675,2.614715,0.06182808,-0.2433809,2.525968,-0.1070053,-0.3369147,2.697145,-0.008790387,0.2360005,2.659514
72057594038008658,0,0.9722092,15578.85,-0.03882521,-0.0893257,2.663431,-0.008620922,0.3598501,2.625525,-0.09398345,0.177862,2.742921,0.003307742,0.1017407,2.607119,0.06190875,0.06674406,2.438517,0.08145456,0.05481863,2.384766,0.03938178,0.1899184,2.568257,0.07044679,0.0367212,2.5318,0.05396976,-0.1312664,2.52277,0.03241996,-0.1377763,2.541457,-0.06059009,-0.09481451,2.667212,0.05537898,-0.2474023,2.522156,0.03268527,-0.2846206,2.506363,-0.01620235,-0.07612675,2.614715,0.06182808,-0.2433809,2.525968,-0.1070053,-0.3369147,2.697145,-0.008790387,0.2360005,2.659514
72057594038008658,0,0.9756719,15578.86,-0.01731941,-0.09167129,2.646736,0.002571695,0.3576492,2.61653,-0.08906363,0.174782,2.7395,0.009045059,0.1061763,2.599997,0.09532342,0.03725308,2.459308,0.08361845,0.000402391,2.485163,0.04707356,0.1892547,2.559431,0.07392129,0.03423363,2.522762,0.05662375,-0.1344182,2.508193,0.03958919,-0.1350058,2.530409,-0.04156857,-0.09632319,2.653227,0.06645465,-0.1871784,2.535973,0.05495282,-0.2926524,2.497216,0.007088521,-0.07942015,2.595831,0.07167596,-0.2560567,2.519378,-0.09751803,-0.3499436,2.689513,0.004614368,0.2325345,2.643946
72057594038008658,0,0.9756719,15578.86,-0.01731941,-0.09167129,2.646736,0.002571695,0.3576492,2.61653,-0.08906363,0.174782,2.7395,0.009045059,0.1061763,2.599997,0.09532342,0.03725308,2.459308,0.08361845,0.000402391,2.485163,0.04707356,0.1892547,2.559431,0.07392129,0.03423363,2.522762,0.05662375,-0.1344182,2.508193,0.03958919,-0.1350058,2.530409,-0.04156857,-0.09632319,2.653227,0.06645465,-0.1871784,2.535973,0.05495282,-0.2926524,2.497216,0.007088521,-0.07942015,2.595831,0.07167596,-0.2560567,2.519378,-0.09751803,-0.3499436,2.689513,0.004614368,0.2325345,2.643946
72057594038008658,0,0.9756719,15578.86,-0.01731941,-0.09167129,2.646736,0.002571695,0.3576492,2.61653,-0.08906363,0.174782,2.7395,0.009045059,0.1061763,2.599997,0.09532342,0.03725308,2.459308,0.08361845,0.000402391,2.485163,0.04707356,0.1892547,2.559431,0.07392129,0.03423363,2.522762,0.05662375,-0.1344182,2.508193,0.03958919,-0.1350058,2.530409,-0.04156857,-0.09632319,2.653227,0.06645465,-0.1871784,2.535973,0.05495282,-0.2926524,2.497216,0.007088521,-0.07942015,2.595831,0.07167596,-0.2560567,2.519378,-0.09751803,-0.3499436,2.689513,0.004614368,0.2325345,2.643946
72057594038008658,0,0.9756719,15578.87,-0.01731941,-0.09167129,2.646736,0.002571695,0.3576492,2.61653,-0.08906363,0.174782,2.7395,0.009045059,0.1061763,2.599997,0.09532342,0.03725308,2.459308,0.08361845,0.000402391,2.485163,0.04707356,0.1892547,2.559431,0.07392129,0.03423363,2.522762,0.05662375,-0.1344182,2.508193,0.03958919,-0.1350058,2.530409,-0.04156857,-0.09632319,2.653227,0.06645465,-0.1871784,2.535973,0.05495282,-0.2926524,2.497216,0.007088521,-0.07942015,2.595831,0.07167596,-0.2560567,2.519378,-0.09751803,-0.3499436,2.689513,0.004614368,0.2325345,2.643946
72057594038008658,0,0.9756719,15578.87,-0.01731941,-0.09167129,2.646736,0.002571695,0.3576492,2.61653,-0.08906363,0.174782,2.7395,0.009045059,0.1061763,2.599997,0.09532342,0.03725308,2.459308,0.08361845,0.000402391,2.485163,0.04707356,0.1892547,2.559431,0.07392129,0.03423363,2.522762,0.05662375,-0.1344182,2.508193,0.03958919,-0.1350058,2.530409,-0.04156857,-0.09632319,2.653227,0.06645465,-0.1871784,2.535973,0.05495282,-0.2926524,2.497216,0.007088521,-0.07942015,2.595831,0.07167596,-0.2560567,2.519378,-0.09751803,-0.3499436,2.689513,0.004614368,0.2325345,2.643946
72057594038008658,0,0.9756719,15578.87,-0.01731941,-0.09167129,2.646736,0.002571695,0.3576492,2.61653,-0.08906363,0.174782,2.7395,0.009045059,0.1061763,2.599997,0.09532342,0.03725308,2.459308,0.08361845,0.000402391,2.485163,0.04707356,0.1892547,2.559431,0.07392129,0.03423363,2.522762,0.05662375,-0.1344182,2.508193,0.03958919,-0.1350058,2.530409,-0.04156857,-0.09632319,2.653227,0.06645465,-0.1871784,2.535973,0.05495282,-0.2926524,2.497216,0.007088521,-0.07942015,2.595831,0.07167596,-0.2560567,2.519378,-0.09751803,-0.3499436,2.689513,0.004614368,0.2325345,2.643946
72057594038008658,0,0.9756719,15578.88,-0.01731941,-0.09167129,2.646736,0.002571695,0.3576492,2.61653,-0.08906363,0.174782,2.7395,0.009045059,0.1061763,2.599997,0.09532342,0.03725308,2.459308,0.08361845,0.000402391,2.485163,0.04707356,0.1892547,2.559431,0.07392129,0.03423363,2.522762,0.05662375,-0.1344182,2.508193,0.03958919,-0.1350058,2.530409,-0.04156857,-0.09632319,2.653227,0.06645465,-0.1871784,2.535973,0.05495282,-0.2926524,2.497216,0.007088521,-0.07942015,2.595831,0.07167596,-0.2560567,2.519378,-0.09751803,-0.3499436,2.689513,0.004614368,0.2325345,2.643946
72057594038008658,0,0.9756719,15578.88,-0.01731941,-0.09167129,2.646736,0.002571695,0.3576492,2.61653,-0.08906363,0.174782,2.7395,0.009045059,0.1061763,2.599997,0.09532342,0.03725308,2.459308,0.08361845,0.000402391,2.485163,0.04707356,0.1892547,2.559431,0.07392129,0.03423363,2.522762,0.05662375,-0.1344182,2.508193,0.03958919,-0.1350058,2.530409,-0.04156857,-0.09632319,2.653227,0.06645465,-0.1871784,2.535973,0.05495282,-0.2926524,2.497216,0.007088521,-0.07942015,2.595831,0.07167596,-0.2560567,2.519378,-0.09751803,-0.3499436,2.689513,0.004614368,0.2325345,2.643946
72057594038008658,0,0.9756719,15578.88,-0.01731941,-0.09167129,2.646736,0.002571695,0.3576492,2.61653,-0.08906363,0.174782,2.7395,0.009045059,0.1061763,2.599997,0.09532342,0.03725308,2.459308,0.08361845,0.000402391,2.485163,0.04707356,0.1892547,2.559431,0.07392129,0.03423363,2.522762,0.05662375,-0.1344182,2.508193,0.03958919,-0.1350058,2.530409,-0.04156857,-0.09632319,2.653227,0.06645465,-0.1871784,2.535973,0.05495282,-0.2926524,2.497216,0.007088521,-0.07942015,2.595831,0.07167596,-0.2560567,2.519378,-0.09751803,-0.3499436,2.689513,0.004614368,0.2325345,2.643946
72057594038008658,0,0.9756719,15578.88,-0.01731941,-0.09167129,2.646736,0.002571695,0.3576492,2.61653,-0.08906363,0.174782,2.7395,0.009045059,0.1061763,2.599997,0.09532342,0.03725308,2.459308,0.08361845,0.000402391,2.485163,0.04707356,0.1892547,2.559431,0.07392129,0.03423363,2.522762,0.05662375,-0.1344182,2.508193,0.03958919,-0.1350058,2.530409,-0.04156857,-0.09632319,2.653227,0.06645465,-0.1871784,2.535973,0.05495282,-0.2926524,2.497216,0.007088521,-0.07942015,2.595831,0.07167596,-0.2560567,2.519378,-0.09751803,-0.3499436,2.689513,0.004614368,0.2325345,2.643946
72057594038008658,0,0.9756719,15578.89,-0.01731941,-0.09167129,2.646736,0.002571695,0.3576492,2.61653,-0.08906363,0.174782,2.7395,0.009045059,0.1061763,2.599997,0.09532342,0.03725308,2.459308,0.08361845,0.000402391,2.485163,0.04707356,0.1892547,2.559431,0.07392129,0.03423363,2.522762,0.05662375,-0.1344182,2.508193,0.03958919,-0.1350058,2.530409,-0.04156857,-0.09632319,2.653227,0.06645465,-0.1871784,2.535973,0.05495282,-0.2926524,2.497216,0.007088521,-0.07942015,2.595831,0.07167596,-0.2560567,2.519378,-0.09751803,-0.3499436,2.689513,0.004614368,0.2325345,2.643946
72057594038008658,0,0.980019,15578.89,-0.005338938,-0.09528992,2.639549,0.01808614,0.3592345,2.597529,-0.07250642,0.1713859,2.723514,0.023609,0.1006169,2.58377,0.1003684,0.03063276,2.454126,0.09544858,-0.01931769,2.454419,0.066475,0.1824405,2.534675,0.08083469,0.03032267,2.506735,0.06432515,-0.1417312,2.478628,0.01277116,-0.1451725,2.474722,-0.02821594,-0.1008447,2.644486,0.08190615,-0.182683,2.532638,0.05942364,-0.2967087,2.494434,0.01769387,-0.08216023,2.590095,0.0799524,-0.2619849,2.521231,-0.08976299,-0.3591347,2.68861,0.01886467,0.2332579,2.629095
72057594038008658,0,0.980019,15578.89,-0.005338938,-0.09528992,2.639549,0.01808614,0.3592345,2.597529,-0.07250642,0.1713859,2.723514,0.023609,0.1006169,2.58377,0.1003684,0.03063276,2.454126,0.09544858,-0.01931769,2.454419,0.066475,0.1824405,2.534675,0.08083469,0.03032267,2.506735,0.06432515,-0.1417312,2.478628,0.01277116,-0.1451725,2.474722,-0.02821594,-0.1008447,2.644486,0.08190615,-0.182683,2.532638,0.05942364,-0.2967087,2.494434,0.01769387,-0.08216023,2.590095,0.0799524,-0.2619849,2.521231,-0.08976299,-0.3591347,2.68861,0.01886467,0.2332579,2.629095
72057594038008658,0,0.980019,15578.89,-0.005338938,-0.09528992,2.639549,0.01808614,0.3592345,2.597529,-0.07250642,0.1713859,2.723514,0.023609,0.1006169,2.58377,0.1003684,0.03063276,2.454126,0.09544858,-0.01931769,2.454419,0.066475,0.1824405,2.534675,0.08083469,0.03032267,2.506735,0.06432515,-0.1417312,2.478628,0.01277116,-0.1451725,2.474722,-0.02821594,-0.1008447,2.644486,0.08190615,-0.182683,2.532638,0.05942364,-0.2967087,2.494434,0.01769387,-0.08216023,2.590095,0.0799524,-0.2619849,2.521231,-0.08976299,-0.3591347,2.68861,0.01886467,0.2332579,2.629095
72057594038008658,0,0.980019,15578.91,-0.005338938,-0.09528992,2.639549,0.01808614,0.3592345,2.597529,-0.07250642,0.1713859,2.723514,0.023609,0.1006169,2.58377,0.1003684,0.03063276,2.454126,0.09544858,-0.01931769,2.454419,0.066475,0.1824405,2.534675,0.08083469,0.03032267,2.506735,0.06432515,-0.1417312,2.478628,0.01277116,-0.1451725,2.474722,-0.02821594,-0.1008447,2.644486,0.08190615,-0.182683,2.532638,0.05942364,-0.2967087,2.494434,0.01769387,-0.08216023,2.590095,0.0799524,-0.2619849,2.521231,-0.08976299,-0.3591347,2.68861,0.01886467,0.2332579,2.629095
72057594038008658,0,0.980019,15578.91,-0.005338938,-0.09528992,2.639549,0.01808614,0.3592345,2.597529,-0.07250642,0.1713859,2.723514,0.023609,0.1006169,2.58377,0.1003684,0.03063276,2.454126,0.09544858,-0.01931769,2.454419,0.066475,0.1824405,2.534675,0.08083469,0.03032267,2.506735,0.06432515,-0.1417312,2.478628,0.01277116,-0.1451725,2.474722,-0.02821594,-0.1008447,2.644486,0.08190615,-0.182683,2.532638,0.05942364,-0.2967087,2.494434,0.01769387,-0.08216023,2.590095,0.0799524,-0.2619849,2.521231,-0.08976299,-0.3591347,2.68861,0.01886467,0.2332579,2.629095
72057594038008658,0,0.980019,15578.91,-0.005338938,-0.09528992,2.639549,0.01808614,0.3592345,2.597529,-0.07250642,0.1713859,2.723514,0.023609,0.1006169,2.58377,0.1003684,0.03063276,2.454126,0.09544858,-0.01931769,2.454419,0.066475,0.1824405,2.534675,0.08083469,0.03032267,2.506735,0.06432515,-0.1417312,2.478628,0.01277116,-0.1451725,2.474722,-0.02821594,-0.1008447,2.644486,0.08190615,-0.182683,2.532638,0.05942364,-0.2967087,2.494434,0.01769387,-0.08216023,2.590095,0.0799524,-0.2619849,2.521231,-0.08976299,-0.3591347,2.68861,0.01886467,0.2332579,2.629095
72057594038008658,0,0.980019,15578.92,-0.005338938,-0.09528992,2.639549,0.01808614,0.3592345,2.597529,-0.07250642,0.1713859,2.723514,0.023609,0.1006169,2.58377,0.1003684,0.03063276,2.454126,0.09544858,-0.01931769,2.454419,0.066475,0.1824405,2.534675,0.08083469,0.03032267,2.506735,0.06432515,-0.1417312,2.478628,0.01277116,-0.1451725,2.474722,-0.02821594,-0.1008447,2.644486,0.08190615,-0.182683,2.532638,0.05942364,-0.2967087,2.494434,0.01769387,-0.08216023,2.590095,0.0799524,-0.2619849,2.521231,-0.08976299,-0.3591347,2.68861,0.01886467,0.2332579,2.629095
72057594038008658,0,0.980019,15578.92,-0.005338938,-0.09528992,2.639549,0.01808614,0.3592345,2.597529,-0.07250642,0.1713859,2.723514,0.023609,0.1006169,2.58377,0.1003684,0.03063276,2.454126,0.09544858,-0.01931769,2.454419,0.066475,0.1824405,2.534675,0.08083469,0.03032267,2.506735,0.06432515,-0.1417312,2.478628,0.01277116,-0.1451725,2.474722,-0.02821594,-0.1008447,2.644486,0.08190615,-0.182683,2.532638,0.05942364,-0.2967087,2.494434,0.01769387,-0.08216023,2.590095,0.0799524,-0.2619849,2.521231,-0.08976299,-0.3591347,2.68861,0.01886467,0.2332579,2.629095
72057594038008658,0,0.980019,15578.92,-0.005338938,-0.09528992,2.639549,0.01808614,0.3592345,2.597529,-0.07250642,0.1713859,2.723514,0.023609,0.1006169,2.58377,0.1003684,0.03063276,2.454126,0.09544858,-0.01931769,2.454419,0.066475,0.1824405,2.534675,0.08083469,0.03032267,2.506735,0.06432515,-0.1417312,2.478628,0.01277116,-0.1451725,2.474722,-0.02821594,-0.1008447,2.644486,0.08190615,-0.182683,2.532638,0.05942364,-0.2967087,2.494434,0.01769387,-0.08216023,2.590095,0.0799524,-0.2619849,2.521231,-0.08976299,-0.3591347,2.68861,0.01886467,0.2332579,2.629095
72057594038008658,0,0.9838838,15578.92,0.00595154,-0.09865972,2.636382,0.03039834,0.3574667,2.584149,-0.05144796,0.1726016,2.696254,0.04515648,0.1029396,2.556406,0.1194257,0.02956015,2.430907,0.1063299,0.0002065003,2.431357,0.07096142,0.1839775,2.529432,0.09021762,0.02843258,2.497044,0.06820761,-0.1402248,2.471525,0.01665285,-0.1436661,2.467619,-0.01679223,-0.1036759,2.64123,0.1050764,-0.1798781,2.519402,0.06226556,-0.2903406,2.495556,0.0285977,-0.0859319,2.587136,0.1140943,-0.2508546,2.500298,-0.05761918,-0.3528571,2.662753,0.02654159,0.2337128,2.62117
72057594038008658,0,0.9838838,15578.93,0.00595154,-0.09865972,2.636382,0.03039834,0.3574667,2.584149,-0.05144796,0.1726016,2.696254,0.04515648,0.1029396,2.556406,0.1194257,0.02956015,2.430907,0.1063299,0.0002065003,2.431357,0.07096142,0.1839775,2.529432,0.09021762,0.02843258,2.497044,0.06820761,-0.1402248,2.471525,0.01665285,-0.1436661,2.467619,-0.01679223,-0.1036759,2.64123,0.1050764,-0.1798781,2.519402,0.06226556,-0.2903406,2.495556,0.0285977,-0.0859319,2.587136,0.1140943,-0.2508546,2.500298,-0.05761918,-0.3528571,2.662753,0.02654159,0.2337128,2.62117
72057594038008658,0,0.9838838,15578.93,0.00595154,-0.09865972,2.636382,0.03039834,0.3574667,2.584149,-0.05144796,0.1726016,2.696254,0.04515648,0.1029396,2.556406,0.1194257,0.02956015,2.430907,0.1063299,0.0002065003,2.431357,0.07096142,0.1839775,2.529432,0.09021762,0.02843258,2.497044,0.06820761,-0.1402248,2.471525,0.01665285,-0.1436661,2.467619,-0.01679223,-0.1036759,2.64123,0.1050764,-0.1798781,2.519402,0.06226556,-0.2903406,2.495556,0.0285977,-0.0859319,2.587136,0.1140943,-0.2508546,2.500298,-0.05761918,-0.3528571,2.662753,0.02654159,0.2337128,2.62117
72057594038008658,0,0.9838838,15578.93,0.00595154,-0.09865972,2.636382,0.03039834,0.3574667,2.584149,-0.05144796,0.1726016,2.696254,0.04515648,0.1029396,2.556406,0.1194257,0.02956015,2.430907,0.1063299,0.0002065003,2.431357,0.07096142,0.1839775,2.529432,0.09021762,0.02843258,2.497044,0.06820761,-0.1402248,2.471525,0.01665285,-0.1436661,2.467619,-0.01679223,-0.1036759,2.64123,0.1050764,-0.1798781,2.519402,0.06226556,-0.2903406,2.495556,0.0285977,-0.0859319,2.587136,0.1140943,-0.2508546,2.500298,-0.05761918,-0.3528571,2.662753,0.02654159,0.2337128,2.62117
72057594038008658,0,0.9838838,15578.93,0.00595154,-0.09865972,2.636382,0.03039834,0.3574667,2.584149,-0.05144796,0.1726016,2.696254,0.04515648,0.1029396,2.556406,0.1194257,0.02956015,2.430907,0.1063299,0.0002065003,2.431357,0.07096142,0.1839775,2.529432,0.09021762,0.02843258,2.497044,0.06820761,-0.1402248,2.471525,0.01665285,-0.1436661,2.467619,-0.01679223,-0.1036759,2.64123,0.1050764,-0.1798781,2.519402,0.06226556,-0.2903406,2.495556,0.0285977,-0.0859319,2.587136,0.1140943,-0.2508546,2.500298,-0.05761918,-0.3528571,2.662753,0.02654159,0.2337128,2.62117
72057594038008658,0,0.9838838,15578.95,0.00595154,-0.09865972,2.636382,0.03039834,0.3574667,2.584149,-0.05144796,0.1726016,2.696254,0.04515648,0.1029396,2.556406,0.1194257,0.02956015,2.430907,0.1063299,0.0002065003,2.431357,0.07096142,0.1839775,2.529432,0.09021762,0.02843258,2.497044,0.06820761,-0.1402248,2.471525,0.01665285,-0.1436661,2.467619,-0.01679223,-0.1036759,2.64123,0.1050764,-0.1798781,2.519402,0.06226556,-0.2903406,2.495556,0.0285977,-0.0859319,2.587136,0.1140943,-0.2508546,2.500298,-0.05761918,-0.3528571,2.662753,0.02654159,0.2337128,2.62117
72057594038008658,0,0.9841145,15578.96,0.02988058,-0.09747761,2.630975,0.04217991,0.3621695,2.569806,-0.04357764,0.1717976,2.686651,0.0522299,0.09640011,2.54958,0.1215173,0.02283022,2.432037,0.113782,-0.01478669,2.432704,0.07894704,0.1890014,2.519876,0.1100116,0.05519924,2.477243,0.08009649,-0.1168278,2.457698,0.02588785,-0.1357635,2.452696,0.003592517,-0.1033829,2.636155,0.1241477,-0.1743776,2.511104,0.06379889,-0.2903803,2.494393,0.05597449,-0.08370817,2.581466,0.1016213,-0.2630898,2.493594,-0.07612915,-0.3208971,2.6702,0.04385911,0.2375426,2.603623
72057594038008658,0,0.9841145,15578.96,0.02988058,-0.09747761,2.630975,0.04217991,0.3621695,2.569806,-0.04357764,0.1717976,2.686651,0.0522299,0.09640011,2.54958,0.1215173,0.02283022,2.432037,0.113782,-0.01478669,2.432704,0.07894704,0.1890014,2.519876,0.1100116,0.05519924,2.477243,0.08009649,-0.1168278,2.457698,0.02588785,-0.1357635,2.452696,0.003592517,-0.1033829,2.636155,0.1241477,-0.1743776,2.511104,0.06379889,-0.2903803,2.494393,0.05597449,-0.08370817,2.581466,0.1016213,-0.2630898,2.493594,-0.07612915,-0.3208971,2.6702,0.04385911,0.2375426,2.603623
72057594038008658,0,0.9841145,15578.96,0.02988058,-0.09747761,2.630975,0.04217991,0.3621695,2.569806,-0.04357764,0.1717976,2.686651,0.0522299,0.09640011,2.54958,0.1215173,0.02283022,2.432037,0.113782,-0.01478669,2.432704,0.07894704,0.1890014,2.519876,0.1100116,0.05519924,2.477243,0.08009649,-0.1168278,2.457698,0.02588785,-0.1357635,2.452696,0.003592517,-0.1033829,2.636155,0.1241477,-0.1743776,2.511104,0.06379889,-0.2903803,2.494393,0.05597449,-0.08370817,2.581466,0.1016213,-0.2630898,2.493594,-0.07612915,-0.3208971,2.6702,0.04385911,0.2375426,2.603623
72057594038008658,0,0.9841145,15578.96,0.02988058,-0.09747761,2.630975,0.04217991,0.3621695,2.569806,-0.04357764,0.1717976,2.686651,0.0522299,0.09640011,2.54958,0.1215173,0.02283022,2.432037,0.113782,-0.01478669,2.432704,0.07894704,0.1890014,2.519876,0.1100116,0.05519924,2.477243,0.08009649,-0.1168278,2.457698,0.02588785,-0.1357635,2.452696,0.003592517,-0.1033829,2.636155,0.1241477,-0.1743776,2.511104,0.06379889,-0.2903803,2.494393,0.05597449,-0.08370817,2.581466,0.1016213,-0.2630898,2.493594,-0.07612915,-0.3208971,2.6702,0.04385911,0.2375426,2.603623
72057594038008658,0,0.9841145,15578.97,0.02988058,-0.09747761,2.630975,0.04217991,0.3621695,2.569806,-0.04357764,0.1717976,2.686651,0.0522299,0.09640011,2.54958,0.1215173,0.02283022,2.432037,0.113782,-0.01478669,2.432704,0.07894704,0.1890014,2.519876,0.1100116,0.05519924,2.477243,0.08009649,-0.1168278,2.457698,0.02588785,-0.1357635,2.452696,0.003592517,-0.1033829,2.636155,0.1241477,-0.1743776,2.511104,0.06379889,-0.2903803,2.494393,0.05597449,-0.08370817,2.581466,0.1016213,-0.2630898,2.493594,-0.07612915,-0.3208971,2.6702,0.04385911,0.2375426,2.603623
72057594038008658,0,0.9841145,15578.97,0.02988058,-0.09747761,2.630975,0.04217991,0.3621695,2.569806,-0.04357764,0.1717976,2.686651,0.0522299,0.09640011,2.54958,0.1215173,0.02283022,2.432037,0.113782,-0.01478669,2.432704,0.07894704,0.1890014,2.519876,0.1100116,0.05519924,2.477243,0.08009649,-0.1168278,2.457698,0.02588785,-0.1357635,2.452696,0.003592517,-0.1033829,2.636155,0.1241477,-0.1743776,2.511104,0.06379889,-0.2903803,2.494393,0.05597449,-0.08370817,2.581466,0.1016213,-0.2630898,2.493594,-0.07612915,-0.3208971,2.6702,0.04385911,0.2375426,2.603623
72057594038008658,0,0.9841145,15578.97,0.02988058,-0.09747761,2.630975,0.04217991,0.3621695,2.569806,-0.04357764,0.1717976,2.686651,0.0522299,0.09640011,2.54958,0.1215173,0.02283022,2.432037,0.113782,-0.01478669,2.432704,0.07894704,0.1890014,2.519876,0.1100116,0.05519924,2.477243,0.08009649,-0.1168278,2.457698,0.02588785,-0.1357635,2.452696,0.003592517,-0.1033829,2.636155,0.1241477,-0.1743776,2.511104,0.06379889,-0.2903803,2.494393,0.05597449,-0.08370817,2.581466,0.1016213,-0.2630898,2.493594,-0.07612915,-0.3208971,2.6702,0.04385911,0.2375426,2.603623
72057594038008658,0,0.9841145,15578.98,0.02988058,-0.09747761,2.630975,0.04217991,0.3621695,2.569806,-0.04357764,0.1717976,2.686651,0.0522299,0.09640011,2.54958,0.1215173,0.02283022,2.432037,0.113782,-0.01478669,2.432704,0.07894704,0.1890014,2.519876,0.1100116,0.05519924,2.477243,0.08009649,-0.1168278,2.457698,0.02588785,-0.1357635,2.452696,0.003592517,-0.1033829,2.636155,0.1241477,-0.1743776,2.511104,0.06379889,-0.2903803,2.494393,0.05597449,-0.08370817,2.581466,0.1016213,-0.2630898,2.493594,-0.07612915,-0.3208971,2.6702,0.04385911,0.2375426,2.603623
72057594038008658,0,0.9841145,15578.98,0.02988058,-0.09747761,2.630975,0.04217991,0.3621695,2.569806,-0.04357764,0.1717976,2.686651,0.0522299,0.09640011,2.54958,0.1215173,0.02283022,2.432037,0.113782,-0.01478669,2.432704,0.07894704,0.1890014,2.519876,0.1100116,0.05519924,2.477243,0.08009649,-0.1168278,2.457698,0.02588785,-0.1357635,2.452696,0.003592517,-0.1033829,2.636155,0.1241477,-0.1743776,2.511104,0.06379889,-0.2903803,2.494393,0.05597449,-0.08370817,2.581466,0.1016213,-0.2630898,2.493594,-0.07612915,-0.3208971,2.6702,0.04385911,0.2375426,2.603623
72057594038008658,0,0.9841145,15578.98,0.02988058,-0.09747761,2.630975,0.04217991,0.3621695,2.569806,-0.04357764,0.1717976,2.686651,0.0522299,0.09640011,2.54958,0.1215173,0.02283022,2.432037,0.113782,-0.01478669,2.432704,0.07894704,0.1890014,2.519876,0.1100116,0.05519924,2.477243,0.08009649,-0.1168278,2.457698,0.02588785,-0.1357635,2.452696,0.003592517,-0.1033829,2.636155,0.1241477,-0.1743776,2.511104,0.06379889,-0.2903803,2.494393,0.05597449,-0.08370817,2.581466,0.1016213,-0.2630898,2.493594,-0.07612915,-0.3208971,2.6702,0.04385911,0.2375426,2.603623
72057594038008658,0,0.9841145,15578.98,0.02988058,-0.09747761,2.630975,0.04217991,0.3621695,2.569806,-0.04357764,0.1717976,2.686651,0.0522299,0.09640011,2.54958,0.1215173,0.02283022,2.432037,0.113782,-0.01478669,2.432704,0.07894704,0.1890014,2.519876,0.1100116,0.05519924,2.477243,0.08009649,-0.1168278,2.457698,0.02588785,-0.1357635,2.452696,0.003592517,-0.1033829,2.636155,0.1241477,-0.1743776,2.511104,0.06379889,-0.2903803,2.494393,0.05597449,-0.08370817,2.581466,0.1016213,-0.2630898,2.493594,-0.07612915,-0.3208971,2.6702,0.04385911,0.2375426,2.603623
72057594038008658,0,0.9841145,15578.99,0.02988058,-0.09747761,2.630975,0.04217991,0.3621695,2.569806,-0.04357764,0.1717976,2.686651,0.0522299,0.09640011,2.54958,0.1215173,0.02283022,2.432037,0.113782,-0.01478669,2.432704,0.07894704,0.1890014,2.519876,0.1100116,0.05519924,2.477243,0.08009649,-0.1168278,2.457698,0.02588785,-0.1357635,2.452696,0.003592517,-0.1033829,2.636155,0.1241477,-0.1743776,2.511104,0.06379889,-0.2903803,2.494393,0.05597449,-0.08370817,2.581466,0.1016213,-0.2630898,2.493594,-0.07612915,-0.3208971,2.6702,0.04385911,0.2375426,2.603623
72057594038008658,0,0.9815292,15578.99,0.04987065,-0.08866239,2.5914,0.05361512,0.3659751,2.558699,-0.03298875,0.1705517,2.678652,0.05980625,0.0923447,2.541239,0.12738,0.01732007,2.423488,0.1249266,-0.01168379,2.421299,0.09183607,0.1952509,2.507127,0.1164052,0.05842131,2.472937,0.08926687,-0.1136703,2.449756,0.03498435,-0.1346988,2.444237,0.01943731,-0.09987956,2.61394,0.1182505,-0.1807246,2.510886,0.06529925,-0.2879062,2.493709,0.07608026,-0.069998,2.528056,0.09393385,-0.2647369,2.501017,-0.08157279,-0.3175575,2.68066,0.05313224,0.2406695,2.590869
72057594038008658,0,0.9815292,15579,0.04987065,-0.08866239,2.5914,0.05361512,0.3659751,2.558699,-0.03298875,0.1705517,2.678652,0.05980625,0.0923447,2.541239,0.12738,0.01732007,2.423488,0.1249266,-0.01168379,2.421299,0.09183607,0.1952509,2.507127,0.1164052,0.05842131,2.472937,0.08926687,-0.1136703,2.449756,0.03498435,-0.1346988,2.444237,0.01943731,-0.09987956,2.61394,0.1182505,-0.1807246,2.510886,0.06529925,-0.2879062,2.493709,0.07608026,-0.069998,2.528056,0.09393385,-0.2647369,2.501017,-0.08157279,-0.3175575,2.68066,0.05313224,0.2406695,2.590869
72057594038008658,0,0.9815292,15579,0.04987065,-0.08866239,2.5914,0.05361512,0.3659751,2.558699,-0.03298875,0.1705517,2.678652,0.05980625,0.0923447,2.541239,0.12738,0.01732007,2.423488,0.1249266,-0.01168379,2.421299,0.09183607,0.1952509,2.507127,0.1164052,0.05842131,2.472937,0.08926687,-0.1136703,2.449756,0.03498435,-0.1346988,2.444237,0.01943731,-0.09987956,2.61394,0.1182505,-0.1807246,2.510886,0.06529925,-0.2879062,2.493709,0.07608026,-0.069998,2.528056,0.09393385,-0.2647369,2.501017,-0.08157279,-0.3175575,2.68066,0.05313224,0.2406695,2.590869
72057594038008658,0,0.9815292,15579,0.04987065,-0.08866239,2.5914,0.05361512,0.3659751,2.558699,-0.03298875,0.1705517,2.678652,0.05980625,0.0923447,2.541239,0.12738,0.01732007,2.423488,0.1249266,-0.01168379,2.421299,0.09183607,0.1952509,2.507127,0.1164052,0.05842131,2.472937,0.08926687,-0.1136703,2.449756,0.03498435,-0.1346988,2.444237,0.01943731,-0.09987956,2.61394,0.1182505,-0.1807246,2.510886,0.06529925,-0.2879062,2.493709,0.07608026,-0.069998,2.528056,0.09393385,-0.2647369,2.501017,-0.08157279,-0.3175575,2.68066,0.05313224,0.2406695,2.590869
72057594038008658,0,0.9815292,15579,0.04987065,-0.08866239,2.5914,0.05361512,0.3659751,2.558699,-0.03298875,0.1705517,2.678652,0.05980625,0.0923447,2.541239,0.12738,0.01732007,2.423488,0.1249266,-0.01168379,2.421299,0.09183607,0.1952509,2.507127,0.1164052,0.05842131,2.472937,0.08926687,-0.1136703,2.449756,0.03498435,-0.1346988,2.444237,0.01943731,-0.09987956,2.61394,0.1182505,-0.1807246,2.510886,0.06529925,-0.2879062,2.493709,0.07608026,-0.069998,2.528056,0.09393385,-0.2647369,2.501017,-0.08157279,-0.3175575,2.68066,0.05313224,0.2406695,2.590869
72057594038008658,0,0.9815292,15579.01,0.04987065,-0.08866239,2.5914,0.05361512,0.3659751,2.558699,-0.03298875,0.1705517,2.678652,0.05980625,0.0923447,2.541239,0.12738,0.01732007,2.423488,0.1249266,-0.01168379,2.421299,0.09183607,0.1952509,2.507127,0.1164052,0.05842131,2.472937,0.08926687,-0.1136703,2.449756,0.03498435,-0.1346988,2.444237,0.01943731,-0.09987956,2.61394,0.1182505,-0.1807246,2.510886,0.06529925,-0.2879062,2.493709,0.07608026,-0.069998,2.528056,0.09393385,-0.2647369,2.501017,-0.08157279,-0.3175575,2.68066,0.05313224,0.2406695,2.590869
72057594038008658,0,0.9815292,15579.01,0.04987065,-0.08866239,2.5914,0.05361512,0.3659751,2.558699,-0.03298875,0.1705517,2.678652,0.05980625,0.0923447,2.541239,0.12738,0.01732007,2.423488,0.1249266,-0.01168379,2.421299,0.09183607,0.1952509,2.507127,0.1164052,0.05842131,2.472937,0.08926687,-0.1136703,2.449756,0.03498435,-0.1346988,2.444237,0.01943731,-0.09987956,2.61394,0.1182505,-0.1807246,2.510886,0.06529925,-0.2879062,2.493709,0.07608026,-0.069998,2.528056,0.09393385,-0.2647369,2.501017,-0.08157279,-0.3175575,2.68066,0.05313224,0.2406695,2.590869
72057594038008658,0,0.9815292,15579.01,0.04987065,-0.08866239,2.5914,0.05361512,0.3659751,2.558699,-0.03298875,0.1705517,2.678652,0.05980625,0.0923447,2.541239,0.12738,0.01732007,2.423488,0.1249266,-0.01168379,2.421299,0.09183607,0.1952509,2.507127,0.1164052,0.05842131,2.472937,0.08926687,-0.1136703,2.449756,0.03498435,-0.1346988,2.444237,0.01943731,-0.09987956,2.61394,0.1182505,-0.1807246,2.510886,0.06529925,-0.2879062,2.493709,0.07608026,-0.069998,2.528056,0.09393385,-0.2647369,2.501017,-0.08157279,-0.3175575,2.68066,0.05313224,0.2406695,2.590869
72057594038008658,0,0.9815292,15579.02,0.04987065,-0.08866239,2.5914,0.05361512,0.3659751,2.558699,-0.03298875,0.1705517,2.678652,0.05980625,0.0923447,2.541239,0.12738,0.01732007,2.423488,0.1249266,-0.01168379,2.421299,0.09183607,0.1952509,2.507127,0.1164052,0.05842131,2.472937,0.08926687,-0.1136703,2.449756,0.03498435,-0.1346988,2.444237,0.01943731,-0.09987956,2.61394,0.1182505,-0.1807246,2.510886,0.06529925,-0.2879062,2.493709,0.07608026,-0.069998,2.528056,0.09393385,-0.2647369,2.501017,-0.08157279,-0.3175575,2.68066,0.05313224,0.2406695,2.590869
72057594038008658,0,0.9815292,15579.02,0.04987065,-0.08866239,2.5914,0.05361512,0.3659751,2.558699,-0.03298875,0.1705517,2.678652,0.05980625,0.0923447,2.541239,0.12738,0.01732007,2.423488,0.1249266,-0.01168379,2.421299,0.09183607,0.1952509,2.507127,0.1164052,0.05842131,2.472937,0.08926687,-0.1136703,2.449756,0.03498435,-0.1346988,2.444237,0.01943731,-0.09987956,2.61394,0.1182505,-0.1807246,2.510886,0.06529925,-0.2879062,2.493709,0.07608026,-0.069998,2.528056,0.09393385,-0.2647369,2.501017,-0.08157279,-0.3175575,2.68066,0.05313224,0.2406695,2.590869
72057594038008658,0,0.9814773,15579.03,0.05526051,-0.08738378,2.585853,0.06148063,0.3685732,2.551043,-0.02653312,0.1696702,2.674999,0.06526282,0.09447894,2.535226,0.1357014,0.01162741,2.414755,0.1415886,-0.006923229,2.404203,0.10169,0.1958444,2.497991,0.1293638,0.0614365,2.459505,0.1052392,-0.1113694,2.441041,0.05040348,-0.1387793,2.435599,0.02876431,-0.09841532,2.603691,0.1118222,-0.1859839,2.509967,0.06659603,-0.2883694,2.492989,0.08070132,-0.06856644,2.523657,0.03786974,-0.2066725,2.647345,-0.1118487,-0.3203948,2.685821,0.06291426,0.243112,2.583568
72057594038008658,0,0.9814773,15579.03,0.05526051,-0.08738378,2.585853,0.06148063,0.3685732,2.551043,-0.02653312,0.1696702,2.674999,0.06526282,0.09447894,2.535226,0.1357014,0.01162741,2.414755,0.1415886,-0.006923229,2.404203,0.10169,0.1958444,2.497991,0.1293638,0.0614365,2.459505,0.1052392,-0.1113694,2.441041,0.05040348,-0.1387793,2.435599,0.02876431,-0.09841532,2.603691,0.1118222,-0.1859839,2.509967,0.06659603,-0.2883694,2.492989,0.08070132,-0.06856644,2.523657,0.03786974,-0.2066725,2.647345,-0.1118487,-0.3203948,2.685821,0.06291426,0.243112,2.583568
72057594038008658,0,0.9814773,15579.04,0.05526051,-0.08738378,2.585853,0.06148063,0.3685732,2.551043,-0.02653312,0.1696702,2.674999,0.06526282,0.09447894,2.535226,0.1357014,0.01162741,2.414755,0.1415886,-0.006923229,2.404203,0.10169,0.1958444,2.497991,0.1293638,0.0614365,2.459505,0.1052392,-0.1113694,2.441041,0.05040348,-0.1387793,2.435599,0.02876431,-0.09841532,2.603691,0.1118222,-0.1859839,2.509967,0.06659603,-0.2883694,2.492989,0.08070132,-0.06856644,2.523657,0.03786974,-0.2066725,2.647345,-0.1118487,-0.3203948,2.685821,0.06291426,0.243112,2.583568
72057594038008658,0,0.9814773,15579.04,0.05526051,-0.08738378,2.585853,0.06148063,0.3685732,2.551043,-0.02653312,0.1696702,2.674999,0.06526282,0.09447894,2.535226,0.1357014,0.01162741,2.414755,0.1415886,-0.006923229,2.404203,0.10169,0.1958444,2.497991,0.1293638,0.0614365,2.459505,0.1052392,-0.1113694,2.441041,0.05040348,-0.1387793,2.435599,0.02876431,-0.09841532,2.603691,0.1118222,-0.1859839,2.509967,0.06659603,-0.2883694,2.492989,0.08070132,-0.06856644,2.523657,0.03786974,-0.2066725,2.647345,-0.1118487,-0.3203948,2.685821,0.06291426,0.243112,2.583568
72057594038008658,0,0.9814773,15579.04,0.05526051,-0.08738378,2.585853,0.06148063,0.3685732,2.551043,-0.02653312,0.1696702,2.674999,0.06526282,0.09447894,2.535226,0.1357014,0.01162741,2.414755,0.1415886,-0.006923229,2.404203,0.10169,0.1958444,2.497991,0.1293638,0.0614365,2.459505,0.1052392,-0.1113694,2.441041,0.05040348,-0.1387793,2.435599,0.02876431,-0.09841532,2.603691,0.1118222,-0.1859839,2.509967,0.06659603,-0.2883694,2.492989,0.08070132,-0.06856644,2.523657,0.03786974,-0.2066725,2.647345,-0.1118487,-0.3203948,2.685821,0.06291426,0.243112,2.583568
72057594038008658,0,0.9814773,15579.04,0.05526051,-0.08738378,2.585853,0.06148063,0.3685732,2.551043,-0.02653312,0.1696702,2.674999,0.06526282,0.09447894,2.535226,0.1357014,0.01162741,2.414755,0.1415886,-0.006923229,2.404203,0.10169,0.1958444,2.497991,0.1293638,0.0614365,2.459505,0.1052392,-0.1113694,2.441041,0.05040348,-0.1387793,2.435599,0.02876431,-0.09841532,2.603691,0.1118222,-0.1859839,2.509967,0.06659603,-0.2883694,2.492989,0.08070132,-0.06856644,2.523657,0.03786974,-0.2066725,2.647345,-0.1118487,-0.3203948,2.685821,0.06291426,0.243112,2.583568
72057594038008658,0,0.9814773,15579.05,0.05526051,-0.08738378,2.585853,0.06148063,0.3685732,2.551043,-0.02653312,0.1696702,2.674999,0.06526282,0.09447894,2.535226,0.1357014,0.01162741,2.414755,0.1415886,-0.006923229,2.404203,0.10169,0.1958444,2.497991,0.1293638,0.0614365,2.459505,0.1052392,-0.1113694,2.441041,0.05040348,-0.1387793,2.435599,0.02876431,-0.09841532,2.603691,0.1118222,-0.1859839,2.509967,0.06659603,-0.2883694,2.492989,0.08070132,-0.06856644,2.523657,0.03786974,-0.2066725,2.647345,-0.1118487,-0.3203948,2.685821,0.06291426,0.243112,2.583568
72057594038008658,0,0.9814773,15579.05,0.05526051,-0.08738378,2.585853,0.06148063,0.3685732,2.551043,-0.02653312,0.1696702,2.674999,0.06526282,0.09447894,2.535226,0.1357014,0.01162741,2.414755,0.1415886,-0.006923229,2.404203,0.10169,0.1958444,2.497991,0.1293638,0.0614365,2.459505,0.1052392,-0.1113694,2.441041,0.05040348,-0.1387793,2.435599,0.02876431,-0.09841532,2.603691,0.1118222,-0.1859839,2.509967,0.06659603,-0.2883694,2.492989,0.08070132,-0.06856644,2.523657,0.03786974,-0.2066725,2.647345,-0.1118487,-0.3203948,2.685821,0.06291426,0.243112,2.583568
72057594038008658,0,0.9814773,15579.05,0.05526051,-0.08738378,2.585853,0.06148063,0.3685732,2.551043,-0.02653312,0.1696702,2.674999,0.06526282,0.09447894,2.535226,0.1357014,0.01162741,2.414755,0.1415886,-0.006923229,2.404203,0.10169,0.1958444,2.497991,0.1293638,0.0614365,2.459505,0.1052392,-0.1113694,2.441041,0.05040348,-0.1387793,2.435599,0.02876431,-0.09841532,2.603691,0.1118222,-0.1859839,2.509967,0.06659603,-0.2883694,2.492989,0.08070132,-0.06856644,2.523657,0.03786974,-0.2066725,2.647345,-0.1118487,-0.3203948,2.685821,0.06291426,0.243112,2.583568
72057594038008658,0,0.9792684,15579.06,0.06656979,-0.08447257,2.587435,0.0697733,0.3695236,2.546011,-0.001548228,0.1827511,2.642478,0.08814719,0.1021821,2.504656,0.1482248,0.007569015,2.402915,0.1537013,-0.006482661,2.403105,0.1132812,0.1993871,2.489054,0.1436873,0.04303825,2.446171,0.1218801,-0.1128291,2.421698,0.07031993,-0.1162721,2.417798,0.03849513,-0.09459931,2.600678,0.108357,-0.1896881,2.510783,0.06922127,-0.2900219,2.491016,0.09569825,-0.06641069,2.531248,0.03797072,-0.2063097,2.646936,-0.1086841,-0.3291052,2.668508,0.07165712,0.2451066,2.577691
72057594038008658,0,0.9792684,15579.06,0.06656979,-0.08447257,2.587435,0.0697733,0.3695236,2.546011,-0.001548228,0.1827511,2.642478,0.08814719,0.1021821,2.504656,0.1482248,0.007569015,2.402915,0.1537013,-0.006482661,2.403105,0.1132812,0.1993871,2.489054,0.1436873,0.04303825,2.446171,0.1218801,-0.1128291,2.421698,0.07031993,-0.1162721,2.417798,0.03849513,-0.09459931,2.600678,0.108357,-0.1896881,2.510783,0.06922127,-0.2900219,2.491016,0.09569825,-0.06641069,2.531248,0.03797072,-0.2063097,2.646936,-0.1086841,-0.3291052,2.668508,0.07165712,0.2451066,2.577691
72057594038008658,0,0.9792684,15579.06,0.06656979,-0.08447257,2.587435,0.0697733,0.3695236,2.546011,-0.001548228,0.1827511,2.642478,0.08814719,0.1021821,2.504656,0.1482248,0.007569015,2.402915,0.1537013,-0.006482661,2.403105,0.1132812,0.1993871,2.489054,0.1436873,0.04303825,2.446171,0.1218801,-0.1128291,2.421698,0.07031993,-0.1162721,2.417798,0.03849513,-0.09459931,2.600678,0.108357,-0.1896881,2.510783,0.06922127,-0.2900219,2.491016,0.09569825,-0.06641069,2.531248,0.03797072,-0.2063097,2.646936,-0.1086841,-0.3291052,2.668508,0.07165712,0.2451066,2.577691
72057594038008658,0,0.9792684,15579.06,0.06656979,-0.08447257,2.587435,0.0697733,0.3695236,2.546011,-0.001548228,0.1827511,2.642478,0.08814719,0.1021821,2.504656,0.1482248,0.007569015,2.402915,0.1537013,-0.006482661,2.403105,0.1132812,0.1993871,2.489054,0.1436873,0.04303825,2.446171,0.1218801,-0.1128291,2.421698,0.07031993,-0.1162721,2.417798,0.03849513,-0.09459931,2.600678,0.108357,-0.1896881,2.510783,0.06922127,-0.2900219,2.491016,0.09569825,-0.06641069,2.531248,0.03797072,-0.2063097,2.646936,-0.1086841,-0.3291052,2.668508,0.07165712,0.2451066,2.577691
72057594038008658,0,0.9792684,15579.07,0.06656979,-0.08447257,2.587435,0.0697733,0.3695236,2.546011,-0.001548228,0.1827511,2.642478,0.08814719,0.1021821,2.504656,0.1482248,0.007569015,2.402915,0.1537013,-0.006482661,2.403105,0.1132812,0.1993871,2.489054,0.1436873,0.04303825,2.446171,0.1218801,-0.1128291,2.421698,0.07031993,-0.1162721,2.417798,0.03849513,-0.09459931,2.600678,0.108357,-0.1896881,2.510783,0.06922127,-0.2900219,2.491016,0.09569825,-0.06641069,2.531248,0.03797072,-0.2063097,2.646936,-0.1086841,-0.3291052,2.668508,0.07165712,0.2451066,2.577691
72057594038008658,0,0.9792684,15579.07,0.06656979,-0.08447257,2.587435,0.0697733,0.3695236,2.546011,-0.001548228,0.1827511,2.642478,0.08814719,0.1021821,2.504656,0.1482248,0.007569015,2.402915,0.1537013,-0.006482661,2.403105,0.1132812,0.1993871,2.489054,0.1436873,0.04303825,2.446171,0.1218801,-0.1128291,2.421698,0.07031993,-0.1162721,2.417798,0.03849513,-0.09459931,2.600678,0.108357,-0.1896881,2.510783,0.06922127,-0.2900219,2.491016,0.09569825,-0.06641069,2.531248,0.03797072,-0.2063097,2.646936,-0.1086841,-0.3291052,2.668508,0.07165712,0.2451066,2.577691
72057594038008658,0,0.9792684,15579.08,0.06656979,-0.08447257,2.587435,0.0697733,0.3695236,2.546011,-0.001548228,0.1827511,2.642478,0.08814719,0.1021821,2.504656,0.1482248,0.007569015,2.402915,0.1537013,-0.006482661,2.403105,0.1132812,0.1993871,2.489054,0.1436873,0.04303825,2.446171,0.1218801,-0.1128291,2.421698,0.07031993,-0.1162721,2.417798,0.03849513,-0.09459931,2.600678,0.108357,-0.1896881,2.510783,0.06922127,-0.2900219,2.491016,0.09569825,-0.06641069,2.531248,0.03797072,-0.2063097,2.646936,-0.1086841,-0.3291052,2.668508,0.07165712,0.2451066,2.577691
72057594038008658,0,0.9792684,15579.08,0.06656979,-0.08447257,2.587435,0.0697733,0.3695236,2.546011,-0.001548228,0.1827511,2.642478,0.08814719,0.1021821,2.504656,0.1482248,0.007569015,2.402915,0.1537013,-0.006482661,2.403105,0.1132812,0.1993871,2.489054,0.1436873,0.04303825,2.446171,0.1218801,-0.1128291,2.421698,0.07031993,-0.1162721,2.417798,0.03849513,-0.09459931,2.600678,0.108357,-0.1896881,2.510783,0.06922127,-0.2900219,2.491016,0.09569825,-0.06641069,2.531248,0.03797072,-0.2063097,2.646936,-0.1086841,-0.3291052,2.668508,0.07165712,0.2451066,2.577691
72057594038008658,0,0.9792684,15579.08,0.06656979,-0.08447257,2.587435,0.0697733,0.3695236,2.546011,-0.001548228,0.1827511,2.642478,0.08814719,0.1021821,2.504656,0.1482248,0.007569015,2.402915,0.1537013,-0.006482661,2.403105,0.1132812,0.1993871,2.489054,0.1436873,0.04303825,2.446171,0.1218801,-0.1128291,2.421698,0.07031993,-0.1162721,2.417798,0.03849513,-0.09459931,2.600678,0.108357,-0.1896881,2.510783,0.06922127,-0.2900219,2.491016,0.09569825,-0.06641069,2.531248,0.03797072,-0.2063097,2.646936,-0.1086841,-0.3291052,2.668508,0.07165712,0.2451066,2.577691
72057594038008658,0,0.9792684,15579.08,0.06656979,-0.08447257,2.587435,0.0697733,0.3695236,2.546011,-0.001548228,0.1827511,2.642478,0.08814719,0.1021821,2.504656,0.1482248,0.007569015,2.402915,0.1537013,-0.006482661,2.403105,0.1132812,0.1993871,2.489054,0.1436873,0.04303825,2.446171,0.1218801,-0.1128291,2.421698,0.07031993,-0.1162721,2.417798,0.03849513,-0.09459931,2.600678,0.108357,-0.1896881,2.510783,0.06922127,-0.2900219,2.491016,0.09569825,-0.06641069,2.531248,0.03797072,-0.2063097,2.646936,-0.1086841,-0.3291052,2.668508,0.07165712,0.2451066,2.577691
72057594038008658,0,0.9792684,15579.09,0.06656979,-0.08447257,2.587435,0.0697733,0.3695236,2.546011,-0.001548228,0.1827511,2.642478,0.08814719,0.1021821,2.504656,0.1482248,0.007569015,2.402915,0.1537013,-0.006482661,2.403105,0.1132812,0.1993871,2.489054,0.1436873,0.04303825,2.446171,0.1218801,-0.1128291,2.421698,0.07031993,-0.1162721,2.417798,0.03849513,-0.09459931,2.600678,0.108357,-0.1896881,2.510783,0.06922127,-0.2900219,2.491016,0.09569825,-0.06641069,2.531248,0.03797072,-0.2063097,2.646936,-0.1086841,-0.3291052,2.668508,0.07165712,0.2451066,2.577691
72057594038008658,0,0.9775624,15579.09,0.07197271,-0.08246654,2.588814,0.07848431,0.3701654,2.536336,0.01439281,0.1955288,2.635685,0.09843859,0.1082523,2.498619,0.1846637,0.01284361,2.376695,0.1729065,-0.004861265,2.385821,0.1196493,0.2009466,2.485446,0.1515643,0.04166409,2.443348,0.1358559,-0.09326586,2.41365,0.1307648,-0.1385658,2.406184,0.04437541,-0.0911229,2.599345,0.1085705,-0.1905758,2.510484,0.06793168,-0.2926905,2.496866,0.1002675,-0.06572345,2.53474,0.03889729,-0.2051004,2.647737,-0.07330962,-0.3594331,2.610054,0.08206022,0.2456108,2.572012
72057594038008658,0,0.9775624,15579.1,0.07197271,-0.08246654,2.588814,0.07848431,0.3701654,2.536336,0.01439281,0.1955288,2.635685,0.09843859,0.1082523,2.498619,0.1846637,0.01284361,2.376695,0.1729065,-0.004861265,2.385821,0.1196493,0.2009466,2.485446,0.1515643,0.04166409,2.443348,0.1358559,-0.09326586,2.41365,0.1307648,-0.1385658,2.406184,0.04437541,-0.0911229,2.599345,0.1085705,-0.1905758,2.510484,0.06793168,-0.2926905,2.496866,0.1002675,-0.06572345,2.53474,0.03889729,-0.2051004,2.647737,-0.07330962,-0.3594331,2.610054,0.08206022,0.2456108,2.572012
72057594038008658,0,0.9775624,15579.1,0.07197271,-0.08246654,2.588814,0.07848431,0.3701654,2.536336,0.01439281,0.1955288,2.635685,0.09843859,0.1082523,2.498619,0.1846637,0.01284361,2.376695,0.1729065,-0.004861265,2.385821,0.1196493,0.2009466,2.485446,0.1515643,0.04166409,2.443348,0.1358559,-0.09326586,2.41365,0.1307648,-0.1385658,2.406184,0.04437541,-0.0911229,2.599345,0.1085705,-0.1905758,2.510484,0.06793168,-0.2926905,2.496866,0.1002675,-0.06572345,2.53474,0.03889729,-0.2051004,2.647737,-0.07330962,-0.3594331,2.610054,0.08206022,0.2456108,2.572012
72057594038008658,0,0.9775624,15579.1,0.07197271,-0.08246654,2.588814,0.07848431,0.3701654,2.536336,0.01439281,0.1955288,2.635685,0.09843859,0.1082523,2.498619,0.1846637,0.01284361,2.376695,0.1729065,-0.004861265,2.385821,0.1196493,0.2009466,2.485446,0.1515643,0.04166409,2.443348,0.1358559,-0.09326586,2.41365,0.1307648,-0.1385658,2.406184,0.04437541,-0.0911229,2.599345,0.1085705,-0.1905758,2.510484,0.06793168,-0.2926905,2.496866,0.1002675,-0.06572345,2.53474,0.03889729,-0.2051004,2.647737,-0.07330962,-0.3594331,2.610054,0.08206022,0.2456108,2.572012
72057594038008658,0,0.9775624,15579.1,0.07197271,-0.08246654,2.588814,0.07848431,0.3701654,2.536336,0.01439281,0.1955288,2.635685,0.09843859,0.1082523,2.498619,0.1846637,0.01284361,2.376695,0.1729065,-0.004861265,2.385821,0.1196493,0.2009466,2.485446,0.1515643,0.04166409,2.443348,0.1358559,-0.09326586,2.41365,0.1307648,-0.1385658,2.406184,0.04437541,-0.0911229,2.599345,0.1085705,-0.1905758,2.510484,0.06793168,-0.2926905,2.496866,0.1002675,-0.06572345,2.53474,0.03889729,-0.2051004,2.647737,-0.07330962,-0.3594331,2.610054,0.08206022,0.2456108,2.572012
72057594038008658,0,0.9775624,15579.11,0.07197271,-0.08246654,2.588814,0.07848431,0.3701654,2.536336,0.01439281,0.1955288,2.635685,0.09843859,0.1082523,2.498619,0.1846637,0.01284361,2.376695,0.1729065,-0.004861265,2.385821,0.1196493,0.2009466,2.485446,0.1515643,0.04166409,2.443348,0.1358559,-0.09326586,2.41365,0.1307648,-0.1385658,2.406184,0.04437541,-0.0911229,2.599345,0.1085705,-0.1905758,2.510484,0.06793168,-0.2926905,2.496866,0.1002675,-0.06572345,2.53474,0.03889729,-0.2051004,2.647737,-0.07330962,-0.3594331,2.610054,0.08206022,0.2456108,2.572012
72057594038008658,0,0.9775624,15579.11,0.07197271,-0.08246654,2.588814,0.07848431,0.3701654,2.536336,0.01439281,0.1955288,2.635685,0.09843859,0.1082523,2.498619,0.1846637,0.01284361,2.376695,0.1729065,-0.004861265,2.385821,0.1196493,0.2009466,2.485446,0.1515643,0.04166409,2.443348,0.1358559,-0.09326586,2.41365,0.1307648,-0.1385658,2.406184,0.04437541,-0.0911229,2.599345,0.1085705,-0.1905758,2.510484,0.06793168,-0.2926905,2.496866,0.1002675,-0.06572345,2.53474,0.03889729,-0.2051004,2.647737,-0.07330962,-0.3594331,2.610054,0.08206022,0.2456108,2.572012
72057594038008658,0,0.9775624,15579.11,0.07197271,-0.08246654,2.588814,0.07848431,0.3701654,2.536336,0.01439281,0.1955288,2.635685,0.09843859,0.1082523,2.498619,0.1846637,0.01284361,2.376695,0.1729065,-0.004861265,2.385821,0.1196493,0.2009466,2.485446,0.1515643,0.04166409,2.443348,0.1358559,-0.09326586,2.41365,0.1307648,-0.1385658,2.406184,0.04437541,-0.0911229,2.599345,0.1085705,-0.1905758,2.510484,0.06793168,-0.2926905,2.496866,0.1002675,-0.06572345,2.53474,0.03889729,-0.2051004,2.647737,-0.07330962,-0.3594331,2.610054,0.08206022,0.2456108,2.572012
72057594038008658,0,0.9775624,15579.12,0.07197271,-0.08246654,2.588814,0.07848431,0.3701654,2.536336,0.01439281,0.1955288,2.635685,0.09843859,0.1082523,2.498619,0.1846637,0.01284361,2.376695,0.1729065,-0.004861265,2.385821,0.1196493,0.2009466,2.485446,0.1515643,0.04166409,2.443348,0.1358559,-0.09326586,2.41365,0.1307648,-0.1385658,2.406184,0.04437541,-0.0911229,2.599345,0.1085705,-0.1905758,2.510484,0.06793168,-0.2926905,2.496866,0.1002675,-0.06572345,2.53474,0.03889729,-0.2051004,2.647737,-0.07330962,-0.3594331,2.610054,0.08206022,0.2456108,2.572012
72057594038008658,0,0.9775624,15579.12,0.07197271,-0.08246654,2.588814,0.07848431,0.3701654,2.536336,0.01439281,0.1955288,2.635685,0.09843859,0.1082523,2.498619,0.1846637,0.01284361,2.376695,0.1729065,-0.004861265,2.385821,0.1196493,0.2009466,2.485446,0.1515643,0.04166409,2.443348,0.1358559,-0.09326586,2.41365,0.1307648,-0.1385658,2.406184,0.04437541,-0.0911229,2.599345,0.1085705,-0.1905758,2.510484,0.06793168,-0.2926905,2.496866,0.1002675,-0.06572345,2.53474,0.03889729,-0.2051004,2.647737,-0.07330962,-0.3594331,2.610054,0.08206022,0.2456108,2.572012
72057594038008658,0,0.9733458,15579.12,0.08632214,-0.07668597,2.588444,0.087378,0.3721906,2.531086,0.01825375,0.1967282,2.633399,0.1072876,0.1178526,2.494427,0.1918406,0.01843902,2.371288,0.1888324,0.0009712279,2.379414,0.1270821,0.2036974,2.482269,0.1685978,0.05957529,2.433296,0.1527119,-0.08406463,2.396629,0.1475785,-0.1322526,2.386839,0.06141466,-0.08121175,2.591915,0.1089522,-0.1916454,2.510195,0.06810448,-0.297181,2.495216,0.1122323,-0.06315726,2.539517,0.04262927,-0.2266071,2.629856,0.01020584,-0.2846483,2.611532,0.09481436,0.2479601,2.5648
72057594038008658,0,0.9733458,15579.13,0.08632214,-0.07668597,2.588444,0.087378,0.3721906,2.531086,0.01825375,0.1967282,2.633399,0.1072876,0.1178526,2.494427,0.1918406,0.01843902,2.371288,0.1888324,0.0009712279,2.379414,0.1270821,0.2036974,2.482269,0.1685978,0.05957529,2.433296,0.1527119,-0.08406463,2.396629,0.1475785,-0.1322526,2.386839,0.06141466,-0.08121175,2.591915,0.1089522,-0.1916454,2.510195,0.06810448,-0.297181,2.495216,0.1122323,-0.06315726,2.539517,0.04262927,-0.2266071,2.629856,0.01020584,-0.2846483,2.611532,0.09481436,0.2479601,2.5648
72057594038008658,0,0.9733458,15579.13,0.08632214,-0.07668597,2.588444,0.087378,0.3721906,2.531086,0.01825375,0.1967282,2.633399,0.1072876,0.1178526,2.494427,0.1918406,0.01843902,2.371288,0.1888324,0.0009712279,2.379414,0.1270821,0.2036974,2.482269,0.1685978,0.05957529,2.433296,0.1527119,-0.08406463,2.396629,0.1475785,-0.1322526,2.386839,0.06141466,-0.08121175,2.591915,0.1089522,-0.1916454,2.510195,0.06810448,-0.297181,2.495216,0.1122323,-0.06315726,2.539517,0.04262927,-0.2266071,2.629856,0.01020584,-0.2846483,2.611532,0.09481436,0.2479601,2.5648
72057594038008658,0,0.9733458,15579.14,0.08632214,-0.07668597,2.588444,0.087378,0.3721906,2.531086,0.01825375,0.1967282,2.633399,0.1072876,0.1178526,2.494427,0.1918406,0.01843902,2.371288,0.1888324,0.0009712279,2.379414,0.1270821,0.2036974,2.482269,0.1685978,0.05957529,2.433296,0.1527119,-0.08406463,2.396629,0.1475785,-0.1322526,2.386839,0.06141466,-0.08121175,2.591915,0.1089522,-0.1916454,2.510195,0.06810448,-0.297181,2.495216,0.1122323,-0.06315726,2.539517,0.04262927,-0.2266071,2.629856,0.01020584,-0.2846483,2.611532,0.09481436,0.2479601,2.5648
72057594038008658,0,0.9733458,15579.15,0.08632214,-0.07668597,2.588444,0.087378,0.3721906,2.531086,0.01825375,0.1967282,2.633399,0.1072876,0.1178526,2.494427,0.1918406,0.01843902,2.371288,0.1888324,0.0009712279,2.379414,0.1270821,0.2036974,2.482269,0.1685978,0.05957529,2.433296,0.1527119,-0.08406463,2.396629,0.1475785,-0.1322526,2.386839,0.06141466,-0.08121175,2.591915,0.1089522,-0.1916454,2.510195,0.06810448,-0.297181,2.495216,0.1122323,-0.06315726,2.539517,0.04262927,-0.2266071,2.629856,0.01020584,-0.2846483,2.611532,0.09481436,0.2479601,2.5648
72057594038008658,0,0.9717322,15579.16,0.1051164,-0.06927738,2.567002,0.09859168,0.3732427,2.525556,0.02357403,0.1986545,2.630094,0.1173114,0.1146993,2.498046,0.2054099,0.0150198,2.378069,0.2144953,-0.008500218,2.368045,0.143348,0.2078606,2.474802,0.1820151,0.06613201,2.424159,0.2055983,-0.05959556,2.404693,0.1917207,-0.08106568,2.375007,0.07818154,-0.07157269,2.565778,0.1149686,-0.148239,2.506988,0.06838092,-0.2971234,2.497229,0.1297474,-0.05913022,2.524059,0.05215817,-0.2168173,2.611191,0.01169893,-0.2859472,2.612603,0.1042305,0.2497812,2.55954
72057594038008658,0,0.9717322,15579.16,0.1051164,-0.06927738,2.567002,0.09859168,0.3732427,2.525556,0.02357403,0.1986545,2.630094,0.1173114,0.1146993,2.498046,0.2054099,0.0150198,2.378069,0.2144953,-0.008500218,2.368045,0.143348,0.2078606,2.474802,0.1820151,0.06613201,2.424159,0.2055983,-0.05959556,2.404693,0.1917207,-0.08106568,2.375007,0.07818154,-0.07157269,2.565778,0.1149686,-0.148239,2.506988,0.06838092,-0.2971234,2.497229,0.1297474,-0.05913022,2.524059,0.05215817,-0.2168173,2.611191,0.01169893,-0.2859472,2.612603,0.1042305,0.2497812,2.55954
72057594038008658,0,0.9717322,15579.16,0.1051164,-0.06927738,2.567002,0.09859168,0.3732427,2.525556,0.02357403,0.1986545,2.630094,0.1173114,0.1146993,2.498046,0.2054099,0.0150198,2.378069,0.2144953,-0.008500218,2.368045,0.143348,0.2078606,2.474802,0.1820151,0.06613201,2.424159,0.2055983,-0.05959556,2.404693,0.1917207,-0.08106568,2.375007,0.07818154,-0.07157269,2.565778,0.1149686,-0.148239,2.506988,0.06838092,-0.2971234,2.497229,0.1297474,-0.05913022,2.524059,0.05215817,-0.2168173,2.611191,0.01169893,-0.2859472,2.612603,0.1042305,0.2497812,2.55954
72057594038008658,0,0.9717322,15579.17,0.1051164,-0.06927738,2.567002,0.09859168,0.3732427,2.525556,0.02357403,0.1986545,2.630094,0.1173114,0.1146993,2.498046,0.2054099,0.0150198,2.378069,0.2144953,-0.008500218,2.368045,0.143348,0.2078606,2.474802,0.1820151,0.06613201,2.424159,0.2055983,-0.05959556,2.404693,0.1917207,-0.08106568,2.375007,0.07818154,-0.07157269,2.565778,0.1149686,-0.148239,2.506988,0.06838092,-0.2971234,2.497229,0.1297474,-0.05913022,2.524059,0.05215817,-0.2168173,2.611191,0.01169893,-0.2859472,2.612603,0.1042305,0.2497812,2.55954
72057594038008658,0,0.9717322,15579.17,0.1051164,-0.06927738,2.567002,0.09859168,0.3732427,2.525556,0.02357403,0.1986545,2.630094,0.1173114,0.1146993,2.498046,0.2054099,0.0150198,2.378069,0.2144953,-0.008500218,2.368045,0.143348,0.2078606,2.474802,0.1820151,0.06613201,2.424159,0.2055983,-0.05959556,2.404693,0.1917207,-0.08106568,2.375007,0.07818154,-0.07157269,2.565778,0.1149686,-0.148239,2.506988,0.06838092,-0.2971234,2.497229,0.1297474,-0.05913022,2.524059,0.05215817,-0.2168173,2.611191,0.01169893,-0.2859472,2.612603,0.1042305,0.2497812,2.55954
72057594038008658,0,0.9717322,15579.17,0.1051164,-0.06927738,2.567002,0.09859168,0.3732427,2.525556,0.02357403,0.1986545,2.630094,0.1173114,0.1146993,2.498046,0.2054099,0.0150198,2.378069,0.2144953,-0.008500218,2.368045,0.143348,0.2078606,2.474802,0.1820151,0.06613201,2.424159,0.2055983,-0.05959556,2.404693,0.1917207,-0.08106568,2.375007,0.07818154,-0.07157269,2.565778,0.1149686,-0.148239,2.506988,0.06838092,-0.2971234,2.497229,0.1297474,-0.05913022,2.524059,0.05215817,-0.2168173,2.611191,0.01169893,-0.2859472,2.612603,0.1042305,0.2497812,2.55954
72057594038008658,0,0.9717322,15579.19,0.1051164,-0.06927738,2.567002,0.09859168,0.3732427,2.525556,0.02357403,0.1986545,2.630094,0.1173114,0.1146993,2.498046,0.2054099,0.0150198,2.378069,0.2144953,-0.008500218,2.368045,0.143348,0.2078606,2.474802,0.1820151,0.06613201,2.424159,0.2055983,-0.05959556,2.404693,0.1917207,-0.08106568,2.375007,0.07818154,-0.07157269,2.565778,0.1149686,-0.148239,2.506988,0.06838092,-0.2971234,2.497229,0.1297474,-0.05913022,2.524059,0.05215817,-0.2168173,2.611191,0.01169893,-0.2859472,2.612603,0.1042305,0.2497812,2.55954
72057594038008658,0,0.9757679,15579.2,0.1164617,-0.07171863,2.566055,0.1106545,0.3732699,2.522774,0.03383261,0.1915441,2.620203,0.07131514,0.07234824,2.577432,0.1725933,0.03153065,2.434323,0.2193686,0.003738284,2.381468,0.1526734,0.2049786,2.471699,0.1931895,0.07913995,2.420413,0.2050518,-0.04810086,2.399869,0.1979307,-0.07739666,2.374758,0.08642258,-0.07232907,2.567657,0.1141289,-0.1957012,2.502851,0.06953008,-0.2960179,2.496104,0.1461937,-0.06430703,2.518896,0.06820759,-0.2253308,2.61911,0.03469815,-0.3058373,2.634624,0.1126779,0.248391,2.554888
72057594038008658,0,0.9757679,15579.2,0.1164617,-0.07171863,2.566055,0.1106545,0.3732699,2.522774,0.03383261,0.1915441,2.620203,0.07131514,0.07234824,2.577432,0.1725933,0.03153065,2.434323,0.2193686,0.003738284,2.381468,0.1526734,0.2049786,2.471699,0.1931895,0.07913995,2.420413,0.2050518,-0.04810086,2.399869,0.1979307,-0.07739666,2.374758,0.08642258,-0.07232907,2.567657,0.1141289,-0.1957012,2.502851,0.06953008,-0.2960179,2.496104,0.1461937,-0.06430703,2.518896,0.06820759,-0.2253308,2.61911,0.03469815,-0.3058373,2.634624,0.1126779,0.248391,2.554888
72057594038008658,0,0.9757679,15579.2,0.1164617,-0.07171863,2.566055,0.1106545,0.3732699,2.522774,0.03383261,0.1915441,2.620203,0.07131514,0.07234824,2.577432,0.1725933,0.03153065,2.434323,0.2193686,0.003738284,2.381468,0.1526734,0.2049786,2.471699,0.1931895,0.07913995,2.420413,0.2050518,-0.04810086,2.399869,0.1979307,-0.07739666,2.374758,0.08642258,-0.07232907,2.567657,0.1141289,-0.1957012,2.502851,0.06953008,-0.2960179,2.496104,0.1461937,-0.06430703,2.518896,0.06820759,-0.2253308,2.61911,0.03469815,-0.3058373,2.634624,0.1126779,0.248391,2.554888
72057594038008658,0,0.9757679,15579.21,0.1164617,-0.07171863,2.566055,0.1106545,0.3732699,2.522774,0.03383261,0.1915441,2.620203,0.07131514,0.07234824,2.577432,0.1725933,0.03153065,2.434323,0.2193686,0.003738284,2.381468,0.1526734,0.2049786,2.471699,0.1931895,0.07913995,2.420413,0.2050518,-0.04810086,2.399869,0.1979307,-0.07739666,2.374758,0.08642258,-0.07232907,2.567657,0.1141289,-0.1957012,2.502851,0.06953008,-0.2960179,2.496104,0.1461937,-0.06430703,2.518896,0.06820759,-0.2253308,2.61911,0.03469815,-0.3058373,2.634624,0.1126779,0.248391,2.554888
72057594038008658,0,0.9757679,15579.21,0.1164617,-0.07171863,2.566055,0.1106545,0.3732699,2.522774,0.03383261,0.1915441,2.620203,0.07131514,0.07234824,2.577432,0.1725933,0.03153065,2.434323,0.2193686,0.003738284,2.381468,0.1526734,0.2049786,2.471699,0.1931895,0.07913995,2.420413,0.2050518,-0.04810086,2.399869,0.1979307,-0.07739666,2.374758,0.08642258,-0.07232907,2.567657,0.1141289,-0.1957012,2.502851,0.06953008,-0.2960179,2.496104,0.1461937,-0.06430703,2.518896,0.06820759,-0.2253308,2.61911,0.03469815,-0.3058373,2.634624,0.1126779,0.248391,2.554888
72057594038008658,0,0.9757679,15579.21,0.1164617,-0.07171863,2.566055,0.1106545,0.3732699,2.522774,0.03383261,0.1915441,2.620203,0.07131514,0.07234824,2.577432,0.1725933,0.03153065,2.434323,0.2193686,0.003738284,2.381468,0.1526734,0.2049786,2.471699,0.1931895,0.07913995,2.420413,0.2050518,-0.04810086,2.399869,0.1979307,-0.07739666,2.374758,0.08642258,-0.07232907,2.567657,0.1141289,-0.1957012,2.502851,0.06953008,-0.2960179,2.496104,0.1461937,-0.06430703,2.518896,0.06820759,-0.2253308,2.61911,0.03469815,-0.3058373,2.634624,0.1126779,0.248391,2.554888
72057594038008658,0,0.9757679,15579.21,0.1164617,-0.07171863,2.566055,0.1106545,0.3732699,2.522774,0.03383261,0.1915441,2.620203,0.07131514,0.07234824,2.577432,0.1725933,0.03153065,2.434323,0.2193686,0.003738284,2.381468,0.1526734,0.2049786,2.471699,0.1931895,0.07913995,2.420413,0.2050518,-0.04810086,2.399869,0.1979307,-0.07739666,2.374758,0.08642258,-0.07232907,2.567657,0.1141289,-0.1957012,2.502851,0.06953008,-0.2960179,2.496104,0.1461937,-0.06430703,2.518896,0.06820759,-0.2253308,2.61911,0.03469815,-0.3058373,2.634624,0.1126779,0.248391,2.554888
72057594038008658,0,0.9757679,15579.22,0.1164617,-0.07171863,2.566055,0.1106545,0.3732699,2.522774,0.03383261,0.1915441,2.620203,0.07131514,0.07234824,2.577432,0.1725933,0.03153065,2.434323,0.2193686,0.003738284,2.381468,0.1526734,0.2049786,2.471699,0.1931895,0.07913995,2.420413,0.2050518,-0.04810086,2.399869,0.1979307,-0.07739666,2.374758,0.08642258,-0.07232907,2.567657,0.1141289,-0.1957012,2.502851,0.06953008,-0.2960179,2.496104,0.1461937,-0.06430703,2.518896,0.06820759,-0.2253308,2.61911,0.03469815,-0.3058373,2.634624,0.1126779,0.248391,2.554888
72057594038008658,0,0.9757679,15579.22,0.1164617,-0.07171863,2.566055,0.1106545,0.3732699,2.522774,0.03383261,0.1915441,2.620203,0.07131514,0.07234824,2.577432,0.1725933,0.03153065,2.434323,0.2193686,0.003738284,2.381468,0.1526734,0.2049786,2.471699,0.1931895,0.07913995,2.420413,0.2050518,-0.04810086,2.399869,0.1979307,-0.07739666,2.374758,0.08642258,-0.07232907,2.567657,0.1141289,-0.1957012,2.502851,0.06953008,-0.2960179,2.496104,0.1461937,-0.06430703,2.518896,0.06820759,-0.2253308,2.61911,0.03469815,-0.3058373,2.634624,0.1126779,0.248391,2.554888
72057594038008658,0,0.9780179,15579.22,0.1247088,-0.07302508,2.567129,0.1183113,0.3732583,2.519645,0.04068814,0.1935852,2.616324,0.07740586,0.07456219,2.572546,0.189189,0.03412876,2.437987,0.2312673,0.001815945,2.381929,0.1682052,0.2041118,2.468472,0.206408,0.07181948,2.421107,0.223687,-0.05267856,2.387949,0.2044451,-0.08603364,2.380049,0.09385258,-0.07241622,2.568787,0.1135037,-0.1983355,2.502356,0.07212663,-0.2959993,2.49237,0.154033,-0.0665181,2.520372,0.07508867,-0.2316025,2.621143,0.157864,-0.3154382,2.58135,0.124032,0.2488355,2.551397
72057594038008658,0,0.9780179,15579.23,0.1247088,-0.07302508,2.567129,0.1183113,0.3732583,2.519645,0.04068814,0.1935852,2.616324,0.07740586,0.07456219,2.572546,0.189189,0.03412876,2.437987,0.2312673,0.001815945,2.381929,0.1682052,0.2041118,2.468472,0.206408,0.07181948,2.421107,0.223687,-0.05267856,2.387949,0.2044451,-0.08603364,2.380049,0.09385258,-0.07241622,2.568787,0.1135037,-0.1983355,2.502356,0.07212663,-0.2959993,2.49237,0.154033,-0.0665181,2.520372,0.07508867,-0.2316025,2.621143,0.157864,-0.3154382,2.58135,0.124032,0.2488355,2.551397
72057594038008658,0,0.9780179,15579.23,0.1247088,-0.07302508,2.567129,0.1183113,0.3732583,2.519645,0.04068814,0.1935852,2.616324,0.07740586,0.07456219,2.572546,0.189189,0.03412876,2.437987,0.2312673,0.001815945,2.381929,0.1682052,0.2041118,2.468472,0.206408,0.07181948,2.421107,0.223687,-0.05267856,2.387949,0.2044451,-0.08603364,2.380049,0.09385258,-0.07241622,2.568787,0.1135037,-0.1983355,2.502356,0.07212663,-0.2959993,2.49237,0.154033,-0.0665181,2.520372,0.07508867,-0.2316025,2.621143,0.157864,-0.3154382,2.58135,0.124032,0.2488355,2.551397
72057594038008658,0,0.9780179,15579.24,0.1247088,-0.07302508,2.567129,0.1183113,0.3732583,2.519645,0.04068814,0.1935852,2.616324,0.07740586,0.07456219,2.572546,0.189189,0.03412876,2.437987,0.2312673,0.001815945,2.381929,0.1682052,0.2041118,2.468472,0.206408,0.07181948,2.421107,0.223687,-0.05267856,2.387949,0.2044451,-0.08603364,2.380049,0.09385258,-0.07241622,2.568787,0.1135037,-0.1983355,2.502356,0.07212663,-0.2959993,2.49237,0.154033,-0.0665181,2.520372,0.07508867,-0.2316025,2.621143,0.157864,-0.3154382,2.58135,0.124032,0.2488355,2.551397
72057594038008658,0,0.9780179,15579.24,0.1247088,-0.07302508,2.567129,0.1183113,0.3732583,2.519645,0.04068814,0.1935852,2.616324,0.07740586,0.07456219,2.572546,0.189189,0.03412876,2.437987,0.2312673,0.001815945,2.381929,0.1682052,0.2041118,2.468472,0.206408,0.07181948,2.421107,0.223687,-0.05267856,2.387949,0.2044451,-0.08603364,2.380049,0.09385258,-0.07241622,2.568787,0.1135037,-0.1983355,2.502356,0.07212663,-0.2959993,2.49237,0.154033,-0.0665181,2.520372,0.07508867,-0.2316025,2.621143,0.157864,-0.3154382,2.58135,0.124032,0.2488355,2.551397
72057594038008658,0,0.9780179,15579.24,0.1247088,-0.07302508,2.567129,0.1183113,0.3732583,2.519645,0.04068814,0.1935852,2.616324,0.07740586,0.07456219,2.572546,0.189189,0.03412876,2.437987,0.2312673,0.001815945,2.381929,0.1682052,0.2041118,2.468472,0.206408,0.07181948,2.421107,0.223687,-0.05267856,2.387949,0.2044451,-0.08603364,2.380049,0.09385258,-0.07241622,2.568787,0.1135037,-0.1983355,2.502356,0.07212663,-0.2959993,2.49237,0.154033,-0.0665181,2.520372,0.07508867,-0.2316025,2.621143,0.157864,-0.3154382,2.58135,0.124032,0.2488355,2.551397
72057594038008658,0,0.9780179,15579.24,0.1247088,-0.07302508,2.567129,0.1183113,0.3732583,2.519645,0.04068814,0.1935852,2.616324,0.07740586,0.07456219,2.572546,0.189189,0.03412876,2.437987,0.2312673,0.001815945,2.381929,0.1682052,0.2041118,2.468472,0.206408,0.07181948,2.421107,0.223687,-0.05267856,2.387949,0.2044451,-0.08603364,2.380049,0.09385258,-0.07241622,2.568787,0.1135037,-0.1983355,2.502356,0.07212663,-0.2959993,2.49237,0.154033,-0.0665181,2.520372,0.07508867,-0.2316025,2.621143,0.157864,-0.3154382,2.58135,0.124032,0.2488355,2.551397
72057594038008658,0,0.9780179,15579.25,0.1247088,-0.07302508,2.567129,0.1183113,0.3732583,2.519645,0.04068814,0.1935852,2.616324,0.07740586,0.07456219,2.572546,0.189189,0.03412876,2.437987,0.2312673,0.001815945,2.381929,0.1682052,0.2041118,2.468472,0.206408,0.07181948,2.421107,0.223687,-0.05267856,2.387949,0.2044451,-0.08603364,2.380049,0.09385258,-0.07241622,2.568787,0.1135037,-0.1983355,2.502356,0.07212663,-0.2959993,2.49237,0.154033,-0.0665181,2.520372,0.07508867,-0.2316025,2.621143,0.157864,-0.3154382,2.58135,0.124032,0.2488355,2.551397
72057594038008658,0,0.9780179,15579.25,0.1247088,-0.07302508,2.567129,0.1183113,0.3732583,2.519645,0.04068814,0.1935852,2.616324,0.07740586,0.07456219,2.572546,0.189189,0.03412876,2.437987,0.2312673,0.001815945,2.381929,0.1682052,0.2041118,2.468472,0.206408,0.07181948,2.421107,0.223687,-0.05267856,2.387949,0.2044451,-0.08603364,2.380049,0.09385258,-0.07241622,2.568787,0.1135037,-0.1983355,2.502356,0.07212663,-0.2959993,2.49237,0.154033,-0.0665181,2.520372,0.07508867,-0.2316025,2.621143,0.157864,-0.3154382,2.58135,0.124032,0.2488355,2.551397
72057594038008658,0,0.9780179,15579.25,0.1247088,-0.07302508,2.567129,0.1183113,0.3732583,2.519645,0.04068814,0.1935852,2.616324,0.07740586,0.07456219,2.572546,0.189189,0.03412876,2.437987,0.2312673,0.001815945,2.381929,0.1682052,0.2041118,2.468472,0.206408,0.07181948,2.421107,0.223687,-0.05267856,2.387949,0.2044451,-0.08603364,2.380049,0.09385258,-0.07241622,2.568787,0.1135037,-0.1983355,2.502356,0.07212663,-0.2959993,2.49237,0.154033,-0.0665181,2.520372,0.07508867,-0.2316025,2.621143,0.157864,-0.3154382,2.58135,0.124032,0.2488355,2.551397
72057594038008658,0,0.9815219,15579.27,0.1359741,-0.07510212,2.568374,0.1273449,0.3726808,2.516348,0.0502274,0.1959464,2.613731,0.08538788,0.07413203,2.580002,0.1962677,0.02845585,2.446462,0.2443223,0.001845062,2.393957,0.1766596,0.2037314,2.467426,0.2191183,0.06416187,2.424637,0.2416353,-0.05698591,2.381636,0.2248473,-0.09253398,2.38043,0.1057815,-0.07319587,2.570284,0.1185934,-0.2155908,2.507285,0.07353595,-0.2959898,2.490495,0.1641549,-0.06958628,2.521762,0.1830808,-0.2940926,2.584527,0.1640756,-0.3142139,2.580652,0.1344003,0.2480972,2.549757
72057594038008658,0,0.9815219,15579.28,0.1359741,-0.07510212,2.568374,0.1273449,0.3726808,2.516348,0.0502274,0.1959464,2.613731,0.08538788,0.07413203,2.580002,0.1962677,0.02845585,2.446462,0.2443223,0.001845062,2.393957,0.1766596,0.2037314,2.467426,0.2191183,0.06416187,2.424637,0.2416353,-0.05698591,2.381636,0.2248473,-0.09253398,2.38043,0.1057815,-0.07319587,2.570284,0.1185934,-0.2155908,2.507285,0.07353595,-0.2959898,2.490495,0.1641549,-0.06958628,2.521762,0.1830808,-0.2940926,2.584527,0.1640756,-0.3142139,2.580652,0.1344003,0.2480972,2.549757
72057594038008658,0,0.9815219,15579.28,0.1359741,-0.07510212,2.568374,0.1273449,0.3726808,2.516348,0.0502274,0.1959464,2.613731,0.08538788,0.07413203,2.580002,0.1962677,0.02845585,2.446462,0.2443223,0.001845062,2.393957,0.1766596,0.2037314,2.467426,0.2191183,0.06416187,2.424637,0.2416353,-0.05698591,2.381636,0.2248473,-0.09253398,2.38043,0.1057815,-0.07319587,2.570284,0.1185934,-0.2155908,2.507285,0.07353595,-0.2959898,2.490495,0.1641549,-0.06958628,2.521762,0.1830808,-0.2940926,2.584527,0.1640756,-0.3142139,2.580652,0.1344003,0.2480972,2.549757
72057594038008658,0,0.9815219,15579.29,0.1359741,-0.07510212,2.568374,0.1273449,0.3726808,2.516348,0.0502274,0.1959464,2.613731,0.08538788,0.07413203,2.580002,0.1962677,0.02845585,2.446462,0.2443223,0.001845062,2.393957,0.1766596,0.2037314,2.467426,0.2191183,0.06416187,2.424637,0.2416353,-0.05698591,2.381636,0.2248473,-0.09253398,2.38043,0.1057815,-0.07319587,2.570284,0.1185934,-0.2155908,2.507285,0.07353595,-0.2959898,2.490495,0.1641549,-0.06958628,2.521762,0.1830808,-0.2940926,2.584527,0.1640756,-0.3142139,2.580652,0.1344003,0.2480972,2.549757
72057594038008658,0,0.9871423,15579.29,0.1470908,-0.07975397,2.572531,0.1406253,0.370562,2.515634,0.05837018,0.1946217,2.61481,0.09300301,0.07222074,2.583855,0.2063831,0.02825972,2.451998,0.2595338,-0.001669794,2.404733,0.1869671,0.2019644,2.466738,0.2319881,0.07116076,2.426201,0.2544813,-0.05159402,2.389294,0.2371695,-0.08693734,2.389651,0.1162319,-0.07625315,2.573851,0.1192636,-0.2180849,2.505664,0.07350127,-0.2973062,2.489187,0.1757177,-0.0758858,2.526836,0.2063628,-0.2950894,2.58717,0.06729989,-0.1879974,2.667542,0.1437412,0.2457014,2.550021
72057594038008658,0,0.9871423,15579.29,0.1470908,-0.07975397,2.572531,0.1406253,0.370562,2.515634,0.05837018,0.1946217,2.61481,0.09300301,0.07222074,2.583855,0.2063831,0.02825972,2.451998,0.2595338,-0.001669794,2.404733,0.1869671,0.2019644,2.466738,0.2319881,0.07116076,2.426201,0.2544813,-0.05159402,2.389294,0.2371695,-0.08693734,2.389651,0.1162319,-0.07625315,2.573851,0.1192636,-0.2180849,2.505664,0.07350127,-0.2973062,2.489187,0.1757177,-0.0758858,2.526836,0.2063628,-0.2950894,2.58717,0.06729989,-0.1879974,2.667542,0.1437412,0.2457014,2.550021
72057594038008658,0,0.9871423,15579.29,0.1470908,-0.07975397,2.572531,0.1406253,0.370562,2.515634,0.05837018,0.1946217,2.61481,0.09300301,0.07222074,2.583855,0.2063831,0.02825972,2.451998,0.2595338,-0.001669794,2.404733,0.1869671,0.2019644,2.466738,0.2319881,0.07116076,2.426201,0.2544813,-0.05159402,2.389294,0.2371695,-0.08693734,2.389651,0.1162319,-0.07625315,2.573851,0.1192636,-0.2180849,2.505664,0.07350127,-0.2973062,2.489187,0.1757177,-0.0758858,2.526836,0.2063628,-0.2950894,2.58717,0.06729989,-0.1879974,2.667542,0.1437412,0.2457014,2.550021
72057594038008658,0,0.9871423,15579.3,0.1470908,-0.07975397,2.572531,0.1406253,0.370562,2.515634,0.05837018,0.1946217,2.61481,0.09300301,0.07222074,2.583855,0.2063831,0.02825972,2.451998,0.2595338,-0.001669794,2.404733,0.1869671,0.2019644,2.466738,0.2319881,0.07116076,2.426201,0.2544813,-0.05159402,2.389294,0.2371695,-0.08693734,2.389651,0.1162319,-0.07625315,2.573851,0.1192636,-0.2180849,2.505664,0.07350127,-0.2973062,2.489187,0.1757177,-0.0758858,2.526836,0.2063628,-0.2950894,2.58717,0.06729989,-0.1879974,2.667542,0.1437412,0.2457014,2.550021
72057594038008658,0,0.9871423,15579.3,0.1470908,-0.07975397,2.572531,0.1406253,0.370562,2.515634,0.05837018,0.1946217,2.61481,0.09300301,0.07222074,2.583855,0.2063831,0.02825972,2.451998,0.2595338,-0.001669794,2.404733,0.1869671,0.2019644,2.466738,0.2319881,0.07116076,2.426201,0.2544813,-0.05159402,2.389294,0.2371695,-0.08693734,2.389651,0.1162319,-0.07625315,2.573851,0.1192636,-0.2180849,2.505664,0.07350127,-0.2973062,2.489187,0.1757177,-0.0758858,2.526836,0.2063628,-0.2950894,2.58717,0.06729989,-0.1879974,2.667542,0.1437412,0.2457014,2.550021
72057594038008658,0,0.9871423,15579.3,0.1470908,-0.07975397,2.572531,0.1406253,0.370562,2.515634,0.05837018,0.1946217,2.61481,0.09300301,0.07222074,2.583855,0.2063831,0.02825972,2.451998,0.2595338,-0.001669794,2.404733,0.1869671,0.2019644,2.466738,0.2319881,0.07116076,2.426201,0.2544813,-0.05159402,2.389294,0.2371695,-0.08693734,2.389651,0.1162319,-0.07625315,2.573851,0.1192636,-0.2180849,2.505664,0.07350127,-0.2973062,2.489187,0.1757177,-0.0758858,2.526836,0.2063628,-0.2950894,2.58717,0.06729989,-0.1879974,2.667542,0.1437412,0.2457014,2.550021
72057594038008658,0,0.9871423,15579.31,0.1470908,-0.07975397,2.572531,0.1406253,0.370562,2.515634,0.05837018,0.1946217,2.61481,0.09300301,0.07222074,2.583855,0.2063831,0.02825972,2.451998,0.2595338,-0.001669794,2.404733,0.1869671,0.2019644,2.466738,0.2319881,0.07116076,2.426201,0.2544813,-0.05159402,2.389294,0.2371695,-0.08693734,2.389651,0.1162319,-0.07625315,2.573851,0.1192636,-0.2180849,2.505664,0.07350127,-0.2973062,2.489187,0.1757177,-0.0758858,2.526836,0.2063628,-0.2950894,2.58717,0.06729989,-0.1879974,2.667542,0.1437412,0.2457014,2.550021
72057594038008658,0,0.9871423,15579.31,0.1470908,-0.07975397,2.572531,0.1406253,0.370562,2.515634,0.05837018,0.1946217,2.61481,0.09300301,0.07222074,2.583855,0.2063831,0.02825972,2.451998,0.2595338,-0.001669794,2.404733,0.1869671,0.2019644,2.466738,0.2319881,0.07116076,2.426201,0.2544813,-0.05159402,2.389294,0.2371695,-0.08693734,2.389651,0.1162319,-0.07625315,2.573851,0.1192636,-0.2180849,2.505664,0.07350127,-0.2973062,2.489187,0.1757177,-0.0758858,2.526836,0.2063628,-0.2950894,2.58717,0.06729989,-0.1879974,2.667542,0.1437412,0.2457014,2.550021
72057594038008658,0,0.9871423,15579.32,0.1470908,-0.07975397,2.572531,0.1406253,0.370562,2.515634,0.05837018,0.1946217,2.61481,0.09300301,0.07222074,2.583855,0.2063831,0.02825972,2.451998,0.2595338,-0.001669794,2.404733,0.1869671,0.2019644,2.466738,0.2319881,0.07116076,2.426201,0.2544813,-0.05159402,2.389294,0.2371695,-0.08693734,2.389651,0.1162319,-0.07625315,2.573851,0.1192636,-0.2180849,2.505664,0.07350127,-0.2973062,2.489187,0.1757177,-0.0758858,2.526836,0.2063628,-0.2950894,2.58717,0.06729989,-0.1879974,2.667542,0.1437412,0.2457014,2.550021
72057594038008658,0,0.9926955,15579.32,0.1600211,-0.08353284,2.574649,0.1531891,0.367999,2.516263,0.07145588,0.1936783,2.61868,0.1024926,0.06996462,2.590122,0.2171132,0.02845758,2.458561,0.2701106,0.0001147091,2.416203,0.1976423,0.198339,2.467264,0.2444093,0.06618574,2.428914,0.2685533,-0.0572587,2.396668,0.2512403,-0.09261528,2.397815,0.1309043,-0.07941878,2.575722,0.1217506,-0.2198731,2.504909,0.07381993,-0.2972707,2.488846,0.1867008,-0.08001411,2.529242,0.2426767,-0.2988345,2.588189,0.09160941,-0.19596,2.652984,0.1537293,0.243839,2.551709
72057594038008658,0,0.9926955,15579.33,0.1600211,-0.08353284,2.574649,0.1531891,0.367999,2.516263,0.07145588,0.1936783,2.61868,0.1024926,0.06996462,2.590122,0.2171132,0.02845758,2.458561,0.2701106,0.0001147091,2.416203,0.1976423,0.198339,2.467264,0.2444093,0.06618574,2.428914,0.2685533,-0.0572587,2.396668,0.2512403,-0.09261528,2.397815,0.1309043,-0.07941878,2.575722,0.1217506,-0.2198731,2.504909,0.07381993,-0.2972707,2.488846,0.1867008,-0.08001411,2.529242,0.2426767,-0.2988345,2.588189,0.09160941,-0.19596,2.652984,0.1537293,0.243839,2.551709
72057594038008658,0,0.9926955,15579.33,0.1600211,-0.08353284,2.574649,0.1531891,0.367999,2.516263,0.07145588,0.1936783,2.61868,0.1024926,0.06996462,2.590122,0.2171132,0.02845758,2.458561,0.2701106,0.0001147091,2.416203,0.1976423,0.198339,2.467264,0.2444093,0.06618574,2.428914,0.2685533,-0.0572587,2.396668,0.2512403,-0.09261528,2.397815,0.1309043,-0.07941878,2.575722,0.1217506,-0.2198731,2.504909,0.07381993,-0.2972707,2.488846,0.1867008,-0.08001411,2.529242,0.2426767,-0.2988345,2.588189,0.09160941,-0.19596,2.652984,0.1537293,0.243839,2.551709
72057594038008658,0,0.9926955,15579.33,0.1600211,-0.08353284,2.574649,0.1531891,0.367999,2.516263,0.07145588,0.1936783,2.61868,0.1024926,0.06996462,2.590122,0.2171132,0.02845758,2.458561,0.2701106,0.0001147091,2.416203,0.1976423,0.198339,2.467264,0.2444093,0.06618574,2.428914,0.2685533,-0.0572587,2.396668,0.2512403,-0.09261528,2.397815,0.1309043,-0.07941878,2.575722,0.1217506,-0.2198731,2.504909,0.07381993,-0.2972707,2.488846,0.1867008,-0.08001411,2.529242,0.2426767,-0.2988345,2.588189,0.09160941,-0.19596,2.652984,0.1537293,0.243839,2.551709
72057594038008658,0,0.9926955,15579.34,0.1600211,-0.08353284,2.574649,0.1531891,0.367999,2.516263,0.07145588,0.1936783,2.61868,0.1024926,0.06996462,2.590122,0.2171132,0.02845758,2.458561,0.2701106,0.0001147091,2.416203,0.1976423,0.198339,2.467264,0.2444093,0.06618574,2.428914,0.2685533,-0.0572587,2.396668,0.2512403,-0.09261528,2.397815,0.1309043,-0.07941878,2.575722,0.1217506,-0.2198731,2.504909,0.07381993,-0.2972707,2.488846,0.1867008,-0.08001411,2.529242,0.2426767,-0.2988345,2.588189,0.09160941,-0.19596,2.652984,0.1537293,0.243839,2.551709
72057594038008658,0,0.9926955,15579.34,0.1600211,-0.08353284,2.574649,0.1531891,0.367999,2.516263,0.07145588,0.1936783,2.61868,0.1024926,0.06996462,2.590122,0.2171132,0.02845758,2.458561,0.2701106,0.0001147091,2.416203,0.1976423,0.198339,2.467264,0.2444093,0.06618574,2.428914,0.2685533,-0.0572587,2.396668,0.2512403,-0.09261528,2.397815,0.1309043,-0.07941878,2.575722,0.1217506,-0.2198731,2.504909,0.07381993,-0.2972707,2.488846,0.1867008,-0.08001411,2.529242,0.2426767,-0.2988345,2.588189,0.09160941,-0.19596,2.652984,0.1537293,0.243839,2.551709
72057594038008658,0,0.9926955,15579.34,0.1600211,-0.08353284,2.574649,0.1531891,0.367999,2.516263,0.07145588,0.1936783,2.61868,0.1024926,0.06996462,2.590122,0.2171132,0.02845758,2.458561,0.2701106,0.0001147091,2.416203,0.1976423,0.198339,2.467264,0.2444093,0.06618574,2.428914,0.2685533,-0.0572587,2.396668,0.2512403,-0.09261528,2.397815,0.1309043,-0.07941878,2.575722,0.1217506,-0.2198731,2.504909,0.07381993,-0.2972707,2.488846,0.1867008,-0.08001411,2.529242,0.2426767,-0.2988345,2.588189,0.09160941,-0.19596,2.652984,0.1537293,0.243839,2.551709
72057594038008658,0,0.9926955,15579.35,0.1600211,-0.08353284,2.574649,0.1531891,0.367999,2.516263,0.07145588,0.1936783,2.61868,0.1024926,0.06996462,2.590122,0.2171132,0.02845758,2.458561,0.2701106,0.0001147091,2.416203,0.1976423,0.198339,2.467264,0.2444093,0.06618574,2.428914,0.2685533,-0.0572587,2.396668,0.2512403,-0.09261528,2.397815,0.1309043,-0.07941878,2.575722,0.1217506,-0.2198731,2.504909,0.07381993,-0.2972707,2.488846,0.1867008,-0.08001411,2.529242,0.2426767,-0.2988345,2.588189,0.09160941,-0.19596,2.652984,0.1537293,0.243839,2.551709
72057594038008658,0,0.9926955,15579.35,0.1600211,-0.08353284,2.574649,0.1531891,0.367999,2.516263,0.07145588,0.1936783,2.61868,0.1024926,0.06996462,2.590122,0.2171132,0.02845758,2.458561,0.2701106,0.0001147091,2.416203,0.1976423,0.198339,2.467264,0.2444093,0.06618574,2.428914,0.2685533,-0.0572587,2.396668,0.2512403,-0.09261528,2.397815,0.1309043,-0.07941878,2.575722,0.1217506,-0.2198731,2.504909,0.07381993,-0.2972707,2.488846,0.1867008,-0.08001411,2.529242,0.2426767,-0.2988345,2.588189,0.09160941,-0.19596,2.652984,0.1537293,0.243839,2.551709
72057594038008658,0,0.9926955,15579.35,0.1600211,-0.08353284,2.574649,0.1531891,0.367999,2.516263,0.07145588,0.1936783,2.61868,0.1024926,0.06996462,2.590122,0.2171132,0.02845758,2.458561,0.2701106,0.0001147091,2.416203,0.1976423,0.198339,2.467264,0.2444093,0.06618574,2.428914,0.2685533,-0.0572587,2.396668,0.2512403,-0.09261528,2.397815,0.1309043,-0.07941878,2.575722,0.1217506,-0.2198731,2.504909,0.07381993,-0.2972707,2.488846,0.1867008,-0.08001411,2.529242,0.2426767,-0.2988345,2.588189,0.09160941,-0.19596,2.652984,0.1537293,0.243839,2.551709
72057594038008658,0,0.9964834,15579.36,0.1701444,-0.0857498,2.575992,0.1620684,0.3661246,2.516399,0.08808246,0.1957378,2.619609,0.118313,0.05801582,2.60068,0.2296374,0.02416432,2.463956,0.2798655,0.002060771,2.42321,0.2070102,0.1954957,2.469256,0.2518151,0.06286442,2.437789,0.2764816,-0.06095895,2.408166,0.2849446,-0.1025364,2.400719,0.1424288,-0.08163321,2.578438,0.0954022,-0.2805337,2.490793,0.07464764,-0.2968672,2.487598,0.195308,-0.08217606,2.529459,0.2463218,-0.2957551,2.586388,0.1277426,-0.1421378,2.612752,0.1692333,0.241456,2.551964
72057594038008658,0,0.9964834,15579.36,0.1701444,-0.0857498,2.575992,0.1620684,0.3661246,2.516399,0.08808246,0.1957378,2.619609,0.118313,0.05801582,2.60068,0.2296374,0.02416432,2.463956,0.2798655,0.002060771,2.42321,0.2070102,0.1954957,2.469256,0.2518151,0.06286442,2.437789,0.2764816,-0.06095895,2.408166,0.2849446,-0.1025364,2.400719,0.1424288,-0.08163321,2.578438,0.0954022,-0.2805337,2.490793,0.07464764,-0.2968672,2.487598,0.195308,-0.08217606,2.529459,0.2463218,-0.2957551,2.586388,0.1277426,-0.1421378,2.612752,0.1692333,0.241456,2.551964
72057594038008658,0,0.9964834,15579.36,0.1701444,-0.0857498,2.575992,0.1620684,0.3661246,2.516399,0.08808246,0.1957378,2.619609,0.118313,0.05801582,2.60068,0.2296374,0.02416432,2.463956,0.2798655,0.002060771,2.42321,0.2070102,0.1954957,2.469256,0.2518151,0.06286442,2.437789,0.2764816,-0.06095895,2.408166,0.2849446,-0.1025364,2.400719,0.1424288,-0.08163321,2.578438,0.0954022,-0.2805337,2.490793,0.07464764,-0.2968672,2.487598,0.195308,-0.08217606,2.529459,0.2463218,-0.2957551,2.586388,0.1277426,-0.1421378,2.612752,0.1692333,0.241456,2.551964
72057594038008658,0,0.9964834,15579.37,0.1701444,-0.0857498,2.575992,0.1620684,0.3661246,2.516399,0.08808246,0.1957378,2.619609,0.118313,0.05801582,2.60068,0.2296374,0.02416432,2.463956,0.2798655,0.002060771,2.42321,0.2070102,0.1954957,2.469256,0.2518151,0.06286442,2.437789,0.2764816,-0.06095895,2.408166,0.2849446,-0.1025364,2.400719,0.1424288,-0.08163321,2.578438,0.0954022,-0.2805337,2.490793,0.07464764,-0.2968672,2.487598,0.195308,-0.08217606,2.529459,0.2463218,-0.2957551,2.586388,0.1277426,-0.1421378,2.612752,0.1692333,0.241456,2.551964
72057594038008658,0,0.9964834,15579.37,0.1701444,-0.0857498,2.575992,0.1620684,0.3661246,2.516399,0.08808246,0.1957378,2.619609,0.118313,0.05801582,2.60068,0.2296374,0.02416432,2.463956,0.2798655,0.002060771,2.42321,0.2070102,0.1954957,2.469256,0.2518151,0.06286442,2.437789,0.2764816,-0.06095895,2.408166,0.2849446,-0.1025364,2.400719,0.1424288,-0.08163321,2.578438,0.0954022,-0.2805337,2.490793,0.07464764,-0.2968672,2.487598,0.195308,-0.08217606,2.529459,0.2463218,-0.2957551,2.586388,0.1277426,-0.1421378,2.612752,0.1692333,0.241456,2.551964
72057594038008658,0,0.9964834,15579.37,0.1701444,-0.0857498,2.575992,0.1620684,0.3661246,2.516399,0.08808246,0.1957378,2.619609,0.118313,0.05801582,2.60068,0.2296374,0.02416432,2.463956,0.2798655,0.002060771,2.42321,0.2070102,0.1954957,2.469256,0.2518151,0.06286442,2.437789,0.2764816,-0.06095895,2.408166,0.2849446,-0.1025364,2.400719,0.1424288,-0.08163321,2.578438,0.0954022,-0.2805337,2.490793,0.07464764,-0.2968672,2.487598,0.195308,-0.08217606,2.529459,0.2463218,-0.2957551,2.586388,0.1277426,-0.1421378,2.612752,0.1692333,0.241456,2.551964
72057594038008658,0,0.9964834,15579.38,0.1701444,-0.0857498,2.575992,0.1620684,0.3661246,2.516399,0.08808246,0.1957378,2.619609,0.118313,0.05801582,2.60068,0.2296374,0.02416432,2.463956,0.2798655,0.002060771,2.42321,0.2070102,0.1954957,2.469256,0.2518151,0.06286442,2.437789,0.2764816,-0.06095895,2.408166,0.2849446,-0.1025364,2.400719,0.1424288,-0.08163321,2.578438,0.0954022,-0.2805337,2.490793,0.07464764,-0.2968672,2.487598,0.195308,-0.08217606,2.529459,0.2463218,-0.2957551,2.586388,0.1277426,-0.1421378,2.612752,0.1692333,0.241456,2.551964
72057594038008658,0,0.9964834,15579.38,0.1701444,-0.0857498,2.575992,0.1620684,0.3661246,2.516399,0.08808246,0.1957378,2.619609,0.118313,0.05801582,2.60068,0.2296374,0.02416432,2.463956,0.2798655,0.002060771,2.42321,0.2070102,0.1954957,2.469256,0.2518151,0.06286442,2.437789,0.2764816,-0.06095895,2.408166,0.2849446,-0.1025364,2.400719,0.1424288,-0.08163321,2.578438,0.0954022,-0.2805337,2.490793,0.07464764,-0.2968672,2.487598,0.195308,-0.08217606,2.529459,0.2463218,-0.2957551,2.586388,0.1277426,-0.1421378,2.612752,0.1692333,0.241456,2.551964
72057594038008658,0,0.9964834,15579.39,0.1701444,-0.0857498,2.575992,0.1620684,0.3661246,2.516399,0.08808246,0.1957378,2.619609,0.118313,0.05801582,2.60068,0.2296374,0.02416432,2.463956,0.2798655,0.002060771,2.42321,0.2070102,0.1954957,2.469256,0.2518151,0.06286442,2.437789,0.2764816,-0.06095895,2.408166,0.2849446,-0.1025364,2.400719,0.1424288,-0.08163321,2.578438,0.0954022,-0.2805337,2.490793,0.07464764,-0.2968672,2.487598,0.195308,-0.08217606,2.529459,0.2463218,-0.2957551,2.586388,0.1277426,-0.1421378,2.612752,0.1692333,0.241456,2.551964
72057594038008658,0,1.003408,15579.39,0.1854807,-0.09032586,2.579128,0.1726985,0.3621417,2.515613,0.09853704,0.1851199,2.635479,0.1282512,0.06127343,2.606016,0.2428954,0.02216521,2.473758,0.2902169,-0.007277429,2.43442,0.218057,0.1909278,2.472413,0.261242,0.05753353,2.445565,0.2927482,-0.06523576,2.419272,0.303499,-0.1064654,2.412935,0.1576686,-0.08602059,2.581,0.1379821,-0.2277138,2.500679,0.07699998,-0.2964415,2.486723,0.2102368,-0.08684337,2.533106,0.2648143,-0.2965603,2.580325,0.1248444,-0.1725209,2.634981,0.1782389,0.2384061,2.553005
72057594038008658,0,1.003408,15579.39,0.1854807,-0.09032586,2.579128,0.1726985,0.3621417,2.515613,0.09853704,0.1851199,2.635479,0.1282512,0.06127343,2.606016,0.2428954,0.02216521,2.473758,0.2902169,-0.007277429,2.43442,0.218057,0.1909278,2.472413,0.261242,0.05753353,2.445565,0.2927482,-0.06523576,2.419272,0.303499,-0.1064654,2.412935,0.1576686,-0.08602059,2.581,0.1379821,-0.2277138,2.500679,0.07699998,-0.2964415,2.486723,0.2102368,-0.08684337,2.533106,0.2648143,-0.2965603,2.580325,0.1248444,-0.1725209,2.634981,0.1782389,0.2384061,2.553005
72057594038008658,0,1.003408,15579.4,0.1854807,-0.09032586,2.579128,0.1726985,0.3621417,2.515613,0.09853704,0.1851199,2.635479,0.1282512,0.06127343,2.606016,0.2428954,0.02216521,2.473758,0.2902169,-0.007277429,2.43442,0.218057,0.1909278,2.472413,0.261242,0.05753353,2.445565,0.2927482,-0.06523576,2.419272,0.303499,-0.1064654,2.412935,0.1576686,-0.08602059,2.581,0.1379821,-0.2277138,2.500679,0.07699998,-0.2964415,2.486723,0.2102368,-0.08684337,2.533106,0.2648143,-0.2965603,2.580325,0.1248444,-0.1725209,2.634981,0.1782389,0.2384061,2.553005
72057594038008658,0,1.003408,15579.4,0.1854807,-0.09032586,2.579128,0.1726985,0.3621417,2.515613,0.09853704,0.1851199,2.635479,0.1282512,0.06127343,2.606016,0.2428954,0.02216521,2.473758,0.2902169,-0.007277429,2.43442,0.218057,0.1909278,2.472413,0.261242,0.05753353,2.445565,0.2927482,-0.06523576,2.419272,0.303499,-0.1064654,2.412935,0.1576686,-0.08602059,2.581,0.1379821,-0.2277138,2.500679,0.07699998,-0.2964415,2.486723,0.2102368,-0.08684337,2.533106,0.2648143,-0.2965603,2.580325,0.1248444,-0.1725209,2.634981,0.1782389,0.2384061,2.553005
72057594038008658,0,1.003408,15579.4,0.1854807,-0.09032586,2.579128,0.1726985,0.3621417,2.515613,0.09853704,0.1851199,2.635479,0.1282512,0.06127343,2.606016,0.2428954,0.02216521,2.473758,0.2902169,-0.007277429,2.43442,0.218057,0.1909278,2.472413,0.261242,0.05753353,2.445565,0.2927482,-0.06523576,2.419272,0.303499,-0.1064654,2.412935,0.1576686,-0.08602059,2.581,0.1379821,-0.2277138,2.500679,0.07699998,-0.2964415,2.486723,0.2102368,-0.08684337,2.533106,0.2648143,-0.2965603,2.580325,0.1248444,-0.1725209,2.634981,0.1782389,0.2384061,2.553005
72057594038008658,0,1.003408,15579.41,0.1854807,-0.09032586,2.579128,0.1726985,0.3621417,2.515613,0.09853704,0.1851199,2.635479,0.1282512,0.06127343,2.606016,0.2428954,0.02216521,2.473758,0.2902169,-0.007277429,2.43442,0.218057,0.1909278,2.472413,0.261242,0.05753353,2.445565,0.2927482,-0.06523576,2.419272,0.303499,-0.1064654,2.412935,0.1576686,-0.08602059,2.581,0.1379821,-0.2277138,2.500679,0.07699998,-0.2964415,2.486723,0.2102368,-0.08684337,2.533106,0.2648143,-0.2965603,2.580325,0.1248444,-0.1725209,2.634981,0.1782389,0.2384061,2.553005
72057594038008658,0,1.003408,15579.41,0.1854807,-0.09032586,2.579128,0.1726985,0.3621417,2.515613,0.09853704,0.1851199,2.635479,0.1282512,0.06127343,2.606016,0.2428954,0.02216521,2.473758,0.2902169,-0.007277429,2.43442,0.218057,0.1909278,2.472413,0.261242,0.05753353,2.445565,0.2927482,-0.06523576,2.419272,0.303499,-0.1064654,2.412935,0.1576686,-0.08602059,2.581,0.1379821,-0.2277138,2.500679,0.07699998,-0.2964415,2.486723,0.2102368,-0.08684337,2.533106,0.2648143,-0.2965603,2.580325,0.1248444,-0.1725209,2.634981,0.1782389,0.2384061,2.553005
72057594038008658,0,1.003408,15579.41,0.1854807,-0.09032586,2.579128,0.1726985,0.3621417,2.515613,0.09853704,0.1851199,2.635479,0.1282512,0.06127343,2.606016,0.2428954,0.02216521,2.473758,0.2902169,-0.007277429,2.43442,0.218057,0.1909278,2.472413,0.261242,0.05753353,2.445565,0.2927482,-0.06523576,2.419272,0.303499,-0.1064654,2.412935,0.1576686,-0.08602059,2.581,0.1379821,-0.2277138,2.500679,0.07699998,-0.2964415,2.486723,0.2102368,-0.08684337,2.533106,0.2648143,-0.2965603,2.580325,0.1248444,-0.1725209,2.634981,0.1782389,0.2384061,2.553005
72057594038008658,0,1.003408,15579.42,0.1854807,-0.09032586,2.579128,0.1726985,0.3621417,2.515613,0.09853704,0.1851199,2.635479,0.1282512,0.06127343,2.606016,0.2428954,0.02216521,2.473758,0.2902169,-0.007277429,2.43442,0.218057,0.1909278,2.472413,0.261242,0.05753353,2.445565,0.2927482,-0.06523576,2.419272,0.303499,-0.1064654,2.412935,0.1576686,-0.08602059,2.581,0.1379821,-0.2277138,2.500679,0.07699998,-0.2964415,2.486723,0.2102368,-0.08684337,2.533106,0.2648143,-0.2965603,2.580325,0.1248444,-0.1725209,2.634981,0.1782389,0.2384061,2.553005
72057594038008658,0,1.012728,15579.42,0.2046014,-0.09582347,2.579182,0.1865707,0.3576173,2.518965,0.1109099,0.1789885,2.638807,0.1402231,0.05454952,2.613795,0.2576634,0.0109922,2.485793,0.2991891,-0.008105278,2.445681,0.2356147,0.1873662,2.476709,0.2677614,0.0588223,2.451019,0.3011577,-0.06439102,2.43318,0.3125439,-0.1057658,2.429661,0.1762161,-0.09377933,2.579108,0.110151,-0.2770799,2.490801,0.07528147,-0.3075001,2.482368,0.230072,-0.09014353,2.535124,0.2704807,-0.2963928,2.579072,0.1261071,-0.1631858,2.589472,0.1918306,0.234806,2.557256
72057594038008658,0,1.012728,15579.43,0.2046014,-0.09582347,2.579182,0.1865707,0.3576173,2.518965,0.1109099,0.1789885,2.638807,0.1402231,0.05454952,2.613795,0.2576634,0.0109922,2.485793,0.2991891,-0.008105278,2.445681,0.2356147,0.1873662,2.476709,0.2677614,0.0588223,2.451019,0.3011577,-0.06439102,2.43318,0.3125439,-0.1057658,2.429661,0.1762161,-0.09377933,2.579108,0.110151,-0.2770799,2.490801,0.07528147,-0.3075001,2.482368,0.230072,-0.09014353,2.535124,0.2704807,-0.2963928,2.579072,0.1261071,-0.1631858,2.589472,0.1918306,0.234806,2.557256
72057594038008658,0,1.012728,15579.43,0.2046014,-0.09582347,2.579182,0.1865707,0.3576173,2.518965,0.1109099,0.1789885,2.638807,0.1402231,0.05454952,2.613795,0.2576634,0.0109922,2.485793,0.2991891,-0.008105278,2.445681,0.2356147,0.1873662,2.476709,0.2677614,0.0588223,2.451019,0.3011577,-0.06439102,2.43318,0.3125439,-0.1057658,2.429661,0.1762161,-0.09377933,2.579108,0.110151,-0.2770799,2.490801,0.07528147,-0.3075001,2.482368,0.230072,-0.09014353,2.535124,0.2704807,-0.2963928,2.579072,0.1261071,-0.1631858,2.589472,0.1918306,0.234806,2.557256
72057594038008658,0,1.012728,15579.43,0.2046014,-0.09582347,2.579182,0.1865707,0.3576173,2.518965,0.1109099,0.1789885,2.638807,0.1402231,0.05454952,2.613795,0.2576634,0.0109922,2.485793,0.2991891,-0.008105278,2.445681,0.2356147,0.1873662,2.476709,0.2677614,0.0588223,2.451019,0.3011577,-0.06439102,2.43318,0.3125439,-0.1057658,2.429661,0.1762161,-0.09377933,2.579108,0.110151,-0.2770799,2.490801,0.07528147,-0.3075001,2.482368,0.230072,-0.09014353,2.535124,0.2704807,-0.2963928,2.579072,0.1261071,-0.1631858,2.589472,0.1918306,0.234806,2.557256
72057594038008658,0,1.012728,15579.45,0.2046014,-0.09582347,2.579182,0.1865707,0.3576173,2.518965,0.1109099,0.1789885,2.638807,0.1402231,0.05454952,2.613795,0.2576634,0.0109922,2.485793,0.2991891,-0.008105278,2.445681,0.2356147,0.1873662,2.476709,0.2677614,0.0588223,2.451019,0.3011577,-0.06439102,2.43318,0.3125439,-0.1057658,2.429661,0.1762161,-0.09377933,2.579108,0.110151,-0.2770799,2.490801,0.07528147,-0.3075001,2.482368,0.230072,-0.09014353,2.535124,0.2704807,-0.2963928,2.579072,0.1261071,-0.1631858,2.589472,0.1918306,0.234806,2.557256
72057594038008658,0,1.012728,15579.45,0.2046014,-0.09582347,2.579182,0.1865707,0.3576173,2.518965,0.1109099,0.1789885,2.638807,0.1402231,0.05454952,2.613795,0.2576634,0.0109922,2.485793,0.2991891,-0.008105278,2.445681,0.2356147,0.1873662,2.476709,0.2677614,0.0588223,2.451019,0.3011577,-0.06439102,2.43318,0.3125439,-0.1057658,2.429661,0.1762161,-0.09377933,2.579108,0.110151,-0.2770799,2.490801,0.07528147,-0.3075001,2.482368,0.230072,-0.09014353,2.535124,0.2704807,-0.2963928,2.579072,0.1261071,-0.1631858,2.589472,0.1918306,0.234806,2.557256
72057594038008658,0,1.012728,15579.45,0.2046014,-0.09582347,2.579182,0.1865707,0.3576173,2.518965,0.1109099,0.1789885,2.638807,0.1402231,0.05454952,2.613795,0.2576634,0.0109922,2.485793,0.2991891,-0.008105278,2.445681,0.2356147,0.1873662,2.476709,0.2677614,0.0588223,2.451019,0.3011577,-0.06439102,2.43318,0.3125439,-0.1057658,2.429661,0.1762161,-0.09377933,2.579108,0.110151,-0.2770799,2.490801,0.07528147,-0.3075001,2.482368,0.230072,-0.09014353,2.535124,0.2704807,-0.2963928,2.579072,0.1261071,-0.1631858,2.589472,0.1918306,0.234806,2.557256
72057594038008658,0,1.012728,15579.45,0.2046014,-0.09582347,2.579182,0.1865707,0.3576173,2.518965,0.1109099,0.1789885,2.638807,0.1402231,0.05454952,2.613795,0.2576634,0.0109922,2.485793,0.2991891,-0.008105278,2.445681,0.2356147,0.1873662,2.476709,0.2677614,0.0588223,2.451019,0.3011577,-0.06439102,2.43318,0.3125439,-0.1057658,2.429661,0.1762161,-0.09377933,2.579108,0.110151,-0.2770799,2.490801,0.07528147,-0.3075001,2.482368,0.230072,-0.09014353,2.535124,0.2704807,-0.2963928,2.579072,0.1261071,-0.1631858,2.589472,0.1918306,0.234806,2.557256
72057594038008658,0,1.014066,15579.46,0.2125592,-0.09509408,2.577442,0.1940459,0.3555443,2.520033,0.1252465,0.1749304,2.643711,0.1531186,0.05022576,2.619037,0.2656183,0.007439017,2.486348,0.3057669,-0.01172879,2.453285,0.246474,0.1858246,2.480887,0.2793517,0.06098285,2.455888,0.3007939,-0.06271031,2.473571,0.3082058,-0.1042389,2.481894,0.1838405,-0.09385195,2.578568,0.1332075,-0.2590585,2.490837,0.08444354,-0.3035468,2.478475,0.2381319,-0.08850855,2.532085,0.2733572,-0.2981356,2.576694,0.1292065,-0.16431,2.585542,0.203951,0.2337126,2.557928
72057594038008658,0,1.014066,15579.46,0.2125592,-0.09509408,2.577442,0.1940459,0.3555443,2.520033,0.1252465,0.1749304,2.643711,0.1531186,0.05022576,2.619037,0.2656183,0.007439017,2.486348,0.3057669,-0.01172879,2.453285,0.246474,0.1858246,2.480887,0.2793517,0.06098285,2.455888,0.3007939,-0.06271031,2.473571,0.3082058,-0.1042389,2.481894,0.1838405,-0.09385195,2.578568,0.1332075,-0.2590585,2.490837,0.08444354,-0.3035468,2.478475,0.2381319,-0.08850855,2.532085,0.2733572,-0.2981356,2.576694,0.1292065,-0.16431,2.585542,0.203951,0.2337126,2.557928
72057594038008658,0,1.014066,15579.46,0.2125592,-0.09509408,2.577442,0.1940459,0.3555443,2.520033,0.1252465,0.1749304,2.643711,0.1531186,0.05022576,2.619037,0.2656183,0.007439017,2.486348,0.3057669,-0.01172879,2.453285,0.246474,0.1858246,2.480887,0.2793517,0.06098285,2.455888,0.3007939,-0.06271031,2.473571,0.3082058,-0.1042389,2.481894,0.1838405,-0.09385195,2.578568,0.1332075,-0.2590585,2.490837,0.08444354,-0.3035468,2.478475,0.2381319,-0.08850855,2.532085,0.2733572,-0.2981356,2.576694,0.1292065,-0.16431,2.585542,0.203951,0.2337126,2.557928
72057594038008658,0,1.014066,15579.47,0.2125592,-0.09509408,2.577442,0.1940459,0.3555443,2.520033,0.1252465,0.1749304,2.643711,0.1531186,0.05022576,2.619037,0.2656183,0.007439017,2.486348,0.3057669,-0.01172879,2.453285,0.246474,0.1858246,2.480887,0.2793517,0.06098285,2.455888,0.3007939,-0.06271031,2.473571,0.3082058,-0.1042389,2.481894,0.1838405,-0.09385195,2.578568,0.1332075,-0.2590585,2.490837,0.08444354,-0.3035468,2.478475,0.2381319,-0.08850855,2.532085,0.2733572,-0.2981356,2.576694,0.1292065,-0.16431,2.585542,0.203951,0.2337126,2.557928
72057594038008658,0,1.014066,15579.47,0.2125592,-0.09509408,2.577442,0.1940459,0.3555443,2.520033,0.1252465,0.1749304,2.643711,0.1531186,0.05022576,2.619037,0.2656183,0.007439017,2.486348,0.3057669,-0.01172879,2.453285,0.246474,0.1858246,2.480887,0.2793517,0.06098285,2.455888,0.3007939,-0.06271031,2.473571,0.3082058,-0.1042389,2.481894,0.1838405,-0.09385195,2.578568,0.1332075,-0.2590585,2.490837,0.08444354,-0.3035468,2.478475,0.2381319,-0.08850855,2.532085,0.2733572,-0.2981356,2.576694,0.1292065,-0.16431,2.585542,0.203951,0.2337126,2.557928
72057594038008658,0,1.014066,15579.47,0.2125592,-0.09509408,2.577442,0.1940459,0.3555443,2.520033,0.1252465,0.1749304,2.643711,0.1531186,0.05022576,2.619037,0.2656183,0.007439017,2.486348,0.3057669,-0.01172879,2.453285,0.246474,0.1858246,2.480887,0.2793517,0.06098285,2.455888,0.3007939,-0.06271031,2.473571,0.3082058,-0.1042389,2.481894,0.1838405,-0.09385195,2.578568,0.1332075,-0.2590585,2.490837,0.08444354,-0.3035468,2.478475,0.2381319,-0.08850855,2.532085,0.2733572,-0.2981356,2.576694,0.1292065,-0.16431,2.585542,0.203951,0.2337126,2.557928
72057594038008658,0,1.014066,15579.48,0.2125592,-0.09509408,2.577442,0.1940459,0.3555443,2.520033,0.1252465,0.1749304,2.643711,0.1531186,0.05022576,2.619037,0.2656183,0.007439017,2.486348,0.3057669,-0.01172879,2.453285,0.246474,0.1858246,2.480887,0.2793517,0.06098285,2.455888,0.3007939,-0.06271031,2.473571,0.3082058,-0.1042389,2.481894,0.1838405,-0.09385195,2.578568,0.1332075,-0.2590585,2.490837,0.08444354,-0.3035468,2.478475,0.2381319,-0.08850855,2.532085,0.2733572,-0.2981356,2.576694,0.1292065,-0.16431,2.585542,0.203951,0.2337126,2.557928
72057594038008658,0,1.014066,15579.48,0.2125592,-0.09509408,2.577442,0.1940459,0.3555443,2.520033,0.1252465,0.1749304,2.643711,0.1531186,0.05022576,2.619037,0.2656183,0.007439017,2.486348,0.3057669,-0.01172879,2.453285,0.246474,0.1858246,2.480887,0.2793517,0.06098285,2.455888,0.3007939,-0.06271031,2.473571,0.3082058,-0.1042389,2.481894,0.1838405,-0.09385195,2.578568,0.1332075,-0.2590585,2.490837,0.08444354,-0.3035468,2.478475,0.2381319,-0.08850855,2.532085,0.2733572,-0.2981356,2.576694,0.1292065,-0.16431,2.585542,0.203951,0.2337126,2.557928
72057594038008658,0,1.014066,15579.49,0.2125592,-0.09509408,2.577442,0.1940459,0.3555443,2.520033,0.1252465,0.1749304,2.643711,0.1531186,0.05022576,2.619037,0.2656183,0.007439017,2.486348,0.3057669,-0.01172879,2.453285,0.246474,0.1858246,2.480887,0.2793517,0.06098285,2.455888,0.3007939,-0.06271031,2.473571,0.3082058,-0.1042389,2.481894,0.1838405,-0.09385195,2.578568,0.1332075,-0.2590585,2.490837,0.08444354,-0.3035468,2.478475,0.2381319,-0.08850855,2.532085,0.2733572,-0.2981356,2.576694,0.1292065,-0.16431,2.585542,0.203951,0.2337126,2.557928
72057594038008658,0,1.012196,15579.49,0.2255098,-0.08981657,2.576301,0.2050954,0.3532012,2.523189,0.136565,0.1747418,2.649592,0.1113404,0.02938363,2.706451,0.2169867,0.006258786,2.562863,0.2248733,-0.001309842,2.510774,0.2610563,0.1851883,2.485493,0.3013471,0.03015748,2.470694,0.3059045,-0.09787384,2.466093,0.3077073,-0.1408771,2.46698,0.1963932,-0.09115267,2.578633,0.1089996,-0.3022305,2.480967,0.2733386,-0.1948975,2.486316,0.2513529,-0.08036375,2.529648,0.2770835,-0.2982567,2.574358,0.1311104,-0.1657762,2.580482,0.2171089,0.2330292,2.560949
72057594038008658,0,1.012196,15579.49,0.2255098,-0.08981657,2.576301,0.2050954,0.3532012,2.523189,0.136565,0.1747418,2.649592,0.1113404,0.02938363,2.706451,0.2169867,0.006258786,2.562863,0.2248733,-0.001309842,2.510774,0.2610563,0.1851883,2.485493,0.3013471,0.03015748,2.470694,0.3059045,-0.09787384,2.466093,0.3077073,-0.1408771,2.46698,0.1963932,-0.09115267,2.578633,0.1089996,-0.3022305,2.480967,0.2733386,-0.1948975,2.486316,0.2513529,-0.08036375,2.529648,0.2770835,-0.2982567,2.574358,0.1311104,-0.1657762,2.580482,0.2171089,0.2330292,2.560949
72057594038008658,0,1.012196,15579.5,0.2255098,-0.08981657,2.576301,0.2050954,0.3532012,2.523189,0.136565,0.1747418,2.649592,0.1113404,0.02938363,2.706451,0.2169867,0.006258786,2.562863,0.2248733,-0.001309842,2.510774,0.2610563,0.1851883,2.485493,0.3013471,0.03015748,2.470694,0.3059045,-0.09787384,2.466093,0.3077073,-0.1408771,2.46698,0.1963932,-0.09115267,2.578633,0.1089996,-0.3022305,2.480967,0.2733386,-0.1948975,2.486316,0.2513529,-0.08036375,2.529648,0.2770835,-0.2982567,2.574358,0.1311104,-0.1657762,2.580482,0.2171089,0.2330292,2.560949
72057594038008658,0,1.012196,15579.51,0.2255098,-0.08981657,2.576301,0.2050954,0.3532012,2.523189,0.136565,0.1747418,2.649592,0.1113404,0.02938363,2.706451,0.2169867,0.006258786,2.562863,0.2248733,-0.001309842,2.510774,0.2610563,0.1851883,2.485493,0.3013471,0.03015748,2.470694,0.3059045,-0.09787384,2.466093,0.3077073,-0.1408771,2.46698,0.1963932,-0.09115267,2.578633,0.1089996,-0.3022305,2.480967,0.2733386,-0.1948975,2.486316,0.2513529,-0.08036375,2.529648,0.2770835,-0.2982567,2.574358,0.1311104,-0.1657762,2.580482,0.2171089,0.2330292,2.560949
72057594038008658,0,1.012196,15579.52,0.2255098,-0.08981657,2.576301,0.2050954,0.3532012,2.523189,0.136565,0.1747418,2.649592,0.1113404,0.02938363,2.706451,0.2169867,0.006258786,2.562863,0.2248733,-0.001309842,2.510774,0.2610563,0.1851883,2.485493,0.3013471,0.03015748,2.470694,0.3059045,-0.09787384,2.466093,0.3077073,-0.1408771,2.46698,0.1963932,-0.09115267,2.578633,0.1089996,-0.3022305,2.480967,0.2733386,-0.1948975,2.486316,0.2513529,-0.08036375,2.529648,0.2770835,-0.2982567,2.574358,0.1311104,-0.1657762,2.580482,0.2171089,0.2330292,2.560949
72057594038008658,0,1.011065,15579.52,0.2340111,-0.08638453,2.575795,0.2176724,0.3534576,2.526618,0.1513904,0.1754416,2.649556,0.1856788,0.05171049,2.630616,0.2863688,0.01155978,2.487267,0.3181898,-0.02107483,2.447794,0.2741389,0.187226,2.488441,0.3044036,0.02965611,2.471603,0.3111166,-0.09828377,2.469164,0.3064957,-0.136609,2.480915,0.2061254,-0.08930716,2.583685,0.1762451,-0.2459911,2.488878,0.1440224,-0.2804049,2.475028,0.2607874,-0.07440972,2.523111,0.2780959,-0.2980348,2.572952,0.1382746,-0.1582267,2.570691,0.227542,0.2333747,2.563816
72057594038008658,0,1.011065,15579.53,0.2340111,-0.08638453,2.575795,0.2176724,0.3534576,2.526618,0.1513904,0.1754416,2.649556,0.1856788,0.05171049,2.630616,0.2863688,0.01155978,2.487267,0.3181898,-0.02107483,2.447794,0.2741389,0.187226,2.488441,0.3044036,0.02965611,2.471603,0.3111166,-0.09828377,2.469164,0.3064957,-0.136609,2.480915,0.2061254,-0.08930716,2.583685,0.1762451,-0.2459911,2.488878,0.1440224,-0.2804049,2.475028,0.2607874,-0.07440972,2.523111,0.2780959,-0.2980348,2.572952,0.1382746,-0.1582267,2.570691,0.227542,0.2333747,2.563816
72057594038008658,0,1.011065,15579.53,0.2340111,-0.08638453,2.575795,0.2176724,0.3534576,2.526618,0.1513904,0.1754416,2.649556,0.1856788,0.05171049,2.630616,0.2863688,0.01155978,2.487267,0.3181898,-0.02107483,2.447794,0.2741389,0.187226,2.488441,0.3044036,0.02965611,2.471603,0.3111166,-0.09828377,2.469164,0.3064957,-0.136609,2.480915,0.2061254,-0.08930716,2.583685,0.1762451,-0.2459911,2.488878,0.1440224,-0.2804049,2.475028,0.2607874,-0.07440972,2.523111,0.2780959,-0.2980348,2.572952,0.1382746,-0.1582267,2.570691,0.227542,0.2333747,2.563816
72057594038008658,0,1.011065,15579.54,0.2340111,-0.08638453,2.575795,0.2176724,0.3534576,2.526618,0.1513904,0.1754416,2.649556,0.1856788,0.05171049,2.630616,0.2863688,0.01155978,2.487267,0.3181898,-0.02107483,2.447794,0.2741389,0.187226,2.488441,0.3044036,0.02965611,2.471603,0.3111166,-0.09828377,2.469164,0.3064957,-0.136609,2.480915,0.2061254,-0.08930716,2.583685,0.1762451,-0.2459911,2.488878,0.1440224,-0.2804049,2.475028,0.2607874,-0.07440972,2.523111,0.2780959,-0.2980348,2.572952,0.1382746,-0.1582267,2.570691,0.227542,0.2333747,2.563816
72057594038008658,0,1.011065,15579.54,0.2340111,-0.08638453,2.575795,0.2176724,0.3534576,2.526618,0.1513904,0.1754416,2.649556,0.1856788,0.05171049,2.630616,0.2863688,0.01155978,2.487267,0.3181898,-0.02107483,2.447794,0.2741389,0.187226,2.488441,0.3044036,0.02965611,2.471603,0.3111166,-0.09828377,2.469164,0.3064957,-0.136609,2.480915,0.2061254,-0.08930716,2.583685,0.1762451,-0.2459911,2.488878,0.1440224,-0.2804049,2.475028,0.2607874,-0.07440972,2.523111,0.2780959,-0.2980348,2.572952,0.1382746,-0.1582267,2.570691,0.227542,0.2333747,2.563816
72057594038008658,0,1.011065,15579.55,0.2340111,-0.08638453,2.575795,0.2176724,0.3534576,2.526618,0.1513904,0.1754416,2.649556,0.1856788,0.05171049,2.630616,0.2863688,0.01155978,2.487267,0.3181898,-0.02107483,2.447794,0.2741389,0.187226,2.488441,0.3044036,0.02965611,2.471603,0.3111166,-0.09828377,2.469164,0.3064957,-0.136609,2.480915,0.2061254,-0.08930716,2.583685,0.1762451,-0.2459911,2.488878,0.1440224,-0.2804049,2.475028,0.2607874,-0.07440972,2.523111,0.2780959,-0.2980348,2.572952,0.1382746,-0.1582267,2.570691,0.227542,0.2333747,2.563816
72057594038008658,0,1.011065,15579.55,0.2340111,-0.08638453,2.575795,0.2176724,0.3534576,2.526618,0.1513904,0.1754416,2.649556,0.1856788,0.05171049,2.630616,0.2863688,0.01155978,2.487267,0.3181898,-0.02107483,2.447794,0.2741389,0.187226,2.488441,0.3044036,0.02965611,2.471603,0.3111166,-0.09828377,2.469164,0.3064957,-0.136609,2.480915,0.2061254,-0.08930716,2.583685,0.1762451,-0.2459911,2.488878,0.1440224,-0.2804049,2.475028,0.2607874,-0.07440972,2.523111,0.2780959,-0.2980348,2.572952,0.1382746,-0.1582267,2.570691,0.227542,0.2333747,2.563816
72057594038008658,0,1.011065,15579.56,0.2340111,-0.08638453,2.575795,0.2176724,0.3534576,2.526618,0.1513904,0.1754416,2.649556,0.1856788,0.05171049,2.630616,0.2863688,0.01155978,2.487267,0.3181898,-0.02107483,2.447794,0.2741389,0.187226,2.488441,0.3044036,0.02965611,2.471603,0.3111166,-0.09828377,2.469164,0.3064957,-0.136609,2.480915,0.2061254,-0.08930716,2.583685,0.1762451,-0.2459911,2.488878,0.1440224,-0.2804049,2.475028,0.2607874,-0.07440972,2.523111,0.2780959,-0.2980348,2.572952,0.1382746,-0.1582267,2.570691,0.227542,0.2333747,2.563816
72057594038008658,0,1.012858,15579.56,0.2469477,-0.08528095,2.57865,0.2300118,0.3531538,2.528805,0.1678979,0.1814587,2.653018,0.1503845,0.03442428,2.724201,0.2484342,0.03070655,2.572895,0.2401978,0.02880523,2.530625,0.2842118,0.186633,2.490548,0.3110812,0.0245668,2.473511,0.3272315,-0.1225078,2.482502,0.3257652,-0.153631,2.475381,0.2191629,-0.0888575,2.585835,0.1814142,-0.2521524,2.487276,0.1728984,-0.2851366,2.474168,0.2709963,-0.07347101,2.52668,0.2803893,-0.2985661,2.570274,0.1413002,-0.158141,2.571037,0.2418472,0.2325828,2.565087
72057594038008658,0,1.012858,15579.56,0.2469477,-0.08528095,2.57865,0.2300118,0.3531538,2.528805,0.1678979,0.1814587,2.653018,0.1503845,0.03442428,2.724201,0.2484342,0.03070655,2.572895,0.2401978,0.02880523,2.530625,0.2842118,0.186633,2.490548,0.3110812,0.0245668,2.473511,0.3272315,-0.1225078,2.482502,0.3257652,-0.153631,2.475381,0.2191629,-0.0888575,2.585835,0.1814142,-0.2521524,2.487276,0.1728984,-0.2851366,2.474168,0.2709963,-0.07347101,2.52668,0.2803893,-0.2985661,2.570274,0.1413002,-0.158141,2.571037,0.2418472,0.2325828,2.565087
72057594038008658,0,1.012858,15579.57,0.2469477,-0.08528095,2.57865,0.2300118,0.3531538,2.528805,0.1678979,0.1814587,2.653018,0.1503845,0.03442428,2.724201,0.2484342,0.03070655,2.572895,0.2401978,0.02880523,2.530625,0.2842118,0.186633,2.490548,0.3110812,0.0245668,2.473511,0.3272315,-0.1225078,2.482502,0.3257652,-0.153631,2.475381,0.2191629,-0.0888575,2.585835,0.1814142,-0.2521524,2.487276,0.1728984,-0.2851366,2.474168,0.2709963,-0.07347101,2.52668,0.2803893,-0.2985661,2.570274,0.1413002,-0.158141,2.571037,0.2418472,0.2325828,2.565087
72057594038008658,0,1.012858,15579.57,0.2469477,-0.08528095,2.57865,0.2300118,0.3531538,2.528805,0.1678979,0.1814587,2.653018,0.1503845,0.03442428,2.724201,0.2484342,0.03070655,2.572895,0.2401978,0.02880523,2.530625,0.2842118,0.186633,2.490548,0.3110812,0.0245668,2.473511,0.3272315,-0.1225078,2.482502,0.3257652,-0.153631,2.475381,0.2191629,-0.0888575,2.585835,0.1814142,-0.2521524,2.487276,0.1728984,-0.2851366,2.474168,0.2709963,-0.07347101,2.52668,0.2803893,-0.2985661,2.570274,0.1413002,-0.158141,2.571037,0.2418472,0.2325828,2.565087
72057594038008658,0,1.012858,15579.58,0.2469477,-0.08528095,2.57865,0.2300118,0.3531538,2.528805,0.1678979,0.1814587,2.653018,0.1503845,0.03442428,2.724201,0.2484342,0.03070655,2.572895,0.2401978,0.02880523,2.530625,0.2842118,0.186633,2.490548,0.3110812,0.0245668,2.473511,0.3272315,-0.1225078,2.482502,0.3257652,-0.153631,2.475381,0.2191629,-0.0888575,2.585835,0.1814142,-0.2521524,2.487276,0.1728984,-0.2851366,2.474168,0.2709963,-0.07347101,2.52668,0.2803893,-0.2985661,2.570274,0.1413002,-0.158141,2.571037,0.2418472,0.2325828,2.565087
72057594038008658,0,1.012858,15579.58,0.2469477,-0.08528095,2.57865,0.2300118,0.3531538,2.528805,0.1678979,0.1814587,2.653018,0.1503845,0.03442428,2.724201,0.2484342,0.03070655,2.572895,0.2401978,0.02880523,2.530625,0.2842118,0.186633,2.490548,0.3110812,0.0245668,2.473511,0.3272315,-0.1225078,2.482502,0.3257652,-0.153631,2.475381,0.2191629,-0.0888575,2.585835,0.1814142,-0.2521524,2.487276,0.1728984,-0.2851366,2.474168,0.2709963,-0.07347101,2.52668,0.2803893,-0.2985661,2.570274,0.1413002,-0.158141,2.571037,0.2418472,0.2325828,2.565087
72057594038008658,0,1.012858,15579.58,0.2469477,-0.08528095,2.57865,0.2300118,0.3531538,2.528805,0.1678979,0.1814587,2.653018,0.1503845,0.03442428,2.724201,0.2484342,0.03070655,2.572895,0.2401978,0.02880523,2.530625,0.2842118,0.186633,2.490548,0.3110812,0.0245668,2.473511,0.3272315,-0.1225078,2.482502,0.3257652,-0.153631,2.475381,0.2191629,-0.0888575,2.585835,0.1814142,-0.2521524,2.487276,0.1728984,-0.2851366,2.474168,0.2709963,-0.07347101,2.52668,0.2803893,-0.2985661,2.570274,0.1413002,-0.158141,2.571037,0.2418472,0.2325828,2.565087
72057594038008658,0,1.012858,15579.59,0.2469477,-0.08528095,2.57865,0.2300118,0.3531538,2.528805,0.1678979,0.1814587,2.653018,0.1503845,0.03442428,2.724201,0.2484342,0.03070655,2.572895,0.2401978,0.02880523,2.530625,0.2842118,0.186633,2.490548,0.3110812,0.0245668,2.473511,0.3272315,-0.1225078,2.482502,0.3257652,-0.153631,2.475381,0.2191629,-0.0888575,2.585835,0.1814142,-0.2521524,2.487276,0.1728984,-0.2851366,2.474168,0.2709963,-0.07347101,2.52668,0.2803893,-0.2985661,2.570274,0.1413002,-0.158141,2.571037,0.2418472,0.2325828,2.565087
72057594038008658,0,1.018747,15579.59,0.2671578,-0.08606657,2.580681,0.2407475,0.3534609,2.530027,0.1782661,0.1829892,2.654087,0.1630599,0.04311639,2.726513,0.2561349,0.03587362,2.571932,0.2481025,0.03084868,2.531828,0.2915346,0.1875519,2.492292,0.3242861,0.02217871,2.469258,0.3347449,-0.1214452,2.48403,0.3346969,-0.1505247,2.478536,0.239973,-0.08944151,2.584811,0.2326333,-0.2498994,2.498582,0.226828,-0.2772228,2.491476,0.2905234,-0.07483616,2.532256,0.2919228,-0.3120413,2.568174,0.1557124,-0.1687809,2.569558,0.2537916,0.2352943,2.569125
72057594038008658,0,1.018747,15579.59,0.2671578,-0.08606657,2.580681,0.2407475,0.3534609,2.530027,0.1782661,0.1829892,2.654087,0.1630599,0.04311639,2.726513,0.2561349,0.03587362,2.571932,0.2481025,0.03084868,2.531828,0.2915346,0.1875519,2.492292,0.3242861,0.02217871,2.469258,0.3347449,-0.1214452,2.48403,0.3346969,-0.1505247,2.478536,0.239973,-0.08944151,2.584811,0.2326333,-0.2498994,2.498582,0.226828,-0.2772228,2.491476,0.2905234,-0.07483616,2.532256,0.2919228,-0.3120413,2.568174,0.1557124,-0.1687809,2.569558,0.2537916,0.2352943,2.569125
72057594038008658,0,1.018747,15579.6,0.2671578,-0.08606657,2.580681,0.2407475,0.3534609,2.530027,0.1782661,0.1829892,2.654087,0.1630599,0.04311639,2.726513,0.2561349,0.03587362,2.571932,0.2481025,0.03084868,2.531828,0.2915346,0.1875519,2.492292,0.3242861,0.02217871,2.469258,0.3347449,-0.1214452,2.48403,0.3346969,-0.1505247,2.478536,0.239973,-0.08944151,2.584811,0.2326333,-0.2498994,2.498582,0.226828,-0.2772228,2.491476,0.2905234,-0.07483616,2.532256,0.2919228,-0.3120413,2.568174,0.1557124,-0.1687809,2.569558,0.2537916,0.2352943,2.569125
72057594038008658,0,1.018747,15579.6,0.2671578,-0.08606657,2.580681,0.2407475,0.3534609,2.530027,0.1782661,0.1829892,2.654087,0.1630599,0.04311639,2.726513,0.2561349,0.03587362,2.571932,0.2481025,0.03084868,2.531828,0.2915346,0.1875519,2.492292,0.3242861,0.02217871,2.469258,0.3347449,-0.1214452,2.48403,0.3346969,-0.1505247,2.478536,0.239973,-0.08944151,2.584811,0.2326333,-0.2498994,2.498582,0.226828,-0.2772228,2.491476,0.2905234,-0.07483616,2.532256,0.2919228,-0.3120413,2.568174,0.1557124,-0.1687809,2.569558,0.2537916,0.2352943,2.569125
72057594038008658,0,1.018747,15579.6,0.2671578,-0.08606657,2.580681,0.2407475,0.3534609,2.530027,0.1782661,0.1829892,2.654087,0.1630599,0.04311639,2.726513,0.2561349,0.03587362,2.571932,0.2481025,0.03084868,2.531828,0.2915346,0.1875519,2.492292,0.3242861,0.02217871,2.469258,0.3347449,-0.1214452,2.48403,0.3346969,-0.1505247,2.478536,0.239973,-0.08944151,2.584811,0.2326333,-0.2498994,2.498582,0.226828,-0.2772228,2.491476,0.2905234,-0.07483616,2.532256,0.2919228,-0.3120413,2.568174,0.1557124,-0.1687809,2.569558,0.2537916,0.2352943,2.569125
72057594038008658,0,1.018747,15579.61,0.2671578,-0.08606657,2.580681,0.2407475,0.3534609,2.530027,0.1782661,0.1829892,2.654087,0.1630599,0.04311639,2.726513,0.2561349,0.03587362,2.571932,0.2481025,0.03084868,2.531828,0.2915346,0.1875519,2.492292,0.3242861,0.02217871,2.469258,0.3347449,-0.1214452,2.48403,0.3346969,-0.1505247,2.478536,0.239973,-0.08944151,2.584811,0.2326333,-0.2498994,2.498582,0.226828,-0.2772228,2.491476,0.2905234,-0.07483616,2.532256,0.2919228,-0.3120413,2.568174,0.1557124,-0.1687809,2.569558,0.2537916,0.2352943,2.569125
72057594038008658,0,1.018747,15579.61,0.2671578,-0.08606657,2.580681,0.2407475,0.3534609,2.530027,0.1782661,0.1829892,2.654087,0.1630599,0.04311639,2.726513,0.2561349,0.03587362,2.571932,0.2481025,0.03084868,2.531828,0.2915346,0.1875519,2.492292,0.3242861,0.02217871,2.469258,0.3347449,-0.1214452,2.48403,0.3346969,-0.1505247,2.478536,0.239973,-0.08944151,2.584811,0.2326333,-0.2498994,2.498582,0.226828,-0.2772228,2.491476,0.2905234,-0.07483616,2.532256,0.2919228,-0.3120413,2.568174,0.1557124,-0.1687809,2.569558,0.2537916,0.2352943,2.569125
72057594038008658,0,1.018747,15579.61,0.2671578,-0.08606657,2.580681,0.2407475,0.3534609,2.530027,0.1782661,0.1829892,2.654087,0.1630599,0.04311639,2.726513,0.2561349,0.03587362,2.571932,0.2481025,0.03084868,2.531828,0.2915346,0.1875519,2.492292,0.3242861,0.02217871,2.469258,0.3347449,-0.1214452,2.48403,0.3346969,-0.1505247,2.478536,0.239973,-0.08944151,2.584811,0.2326333,-0.2498994,2.498582,0.226828,-0.2772228,2.491476,0.2905234,-0.07483616,2.532256,0.2919228,-0.3120413,2.568174,0.1557124,-0.1687809,2.569558,0.2537916,0.2352943,2.569125
72057594038008658,0,1.018747,15579.62,0.2671578,-0.08606657,2.580681,0.2407475,0.3534609,2.530027,0.1782661,0.1829892,2.654087,0.1630599,0.04311639,2.726513,0.2561349,0.03587362,2.571932,0.2481025,0.03084868,2.531828,0.2915346,0.1875519,2.492292,0.3242861,0.02217871,2.469258,0.3347449,-0.1214452,2.48403,0.3346969,-0.1505247,2.478536,0.239973,-0.08944151,2.584811,0.2326333,-0.2498994,2.498582,0.226828,-0.2772228,2.491476,0.2905234,-0.07483616,2.532256,0.2919228,-0.3120413,2.568174,0.1557124,-0.1687809,2.569558,0.2537916,0.2352943,2.569125
72057594038008658,0,1.018747,15579.62,0.2671578,-0.08606657,2.580681,0.2407475,0.3534609,2.530027,0.1782661,0.1829892,2.654087,0.1630599,0.04311639,2.726513,0.2561349,0.03587362,2.571932,0.2481025,0.03084868,2.531828,0.2915346,0.1875519,2.492292,0.3242861,0.02217871,2.469258,0.3347449,-0.1214452,2.48403,0.3346969,-0.1505247,2.478536,0.239973,-0.08944151,2.584811,0.2326333,-0.2498994,2.498582,0.226828,-0.2772228,2.491476,0.2905234,-0.07483616,2.532256,0.2919228,-0.3120413,2.568174,0.1557124,-0.1687809,2.569558,0.2537916,0.2352943,2.569125
72057594038008658,0,1.020562,15579.64,0.2801037,-0.08485195,2.585548,0.2495397,0.3539434,2.531069,0.1886108,0.1865392,2.654675,0.1737523,0.04838267,2.721508,0.2028646,-0.02646554,2.58228,0.2147391,-0.03017768,2.557665,0.301469,0.1909878,2.493549,0.3372525,0.06902334,2.462345,0.35828,-0.1021605,2.478618,0.3608147,-0.1429497,2.477996,0.2530507,-0.08737046,2.589437,0.2429153,-0.2540936,2.492709,0.2522587,-0.2808808,2.481319,0.3027045,-0.07460549,2.537446,0.314734,-0.319239,2.560237,0.1600219,-0.2010365,2.518759,0.2630527,0.2372974,2.572081
72057594038008658,0,1.020562,15579.64,0.2801037,-0.08485195,2.585548,0.2495397,0.3539434,2.531069,0.1886108,0.1865392,2.654675,0.1737523,0.04838267,2.721508,0.2028646,-0.02646554,2.58228,0.2147391,-0.03017768,2.557665,0.301469,0.1909878,2.493549,0.3372525,0.06902334,2.462345,0.35828,-0.1021605,2.478618,0.3608147,-0.1429497,2.477996,0.2530507,-0.08737046,2.589437,0.2429153,-0.2540936,2.492709,0.2522587,-0.2808808,2.481319,0.3027045,-0.07460549,2.537446,0.314734,-0.319239,2.560237,0.1600219,-0.2010365,2.518759,0.2630527,0.2372974,2.572081
72057594038008658,0,1.020562,15579.64,0.2801037,-0.08485195,2.585548,0.2495397,0.3539434,2.531069,0.1886108,0.1865392,2.654675,0.1737523,0.04838267,2.721508,0.2028646,-0.02646554,2.58228,0.2147391,-0.03017768,2.557665,0.301469,0.1909878,2.493549,0.3372525,0.06902334,2.462345,0.35828,-0.1021605,2.478618,0.3608147,-0.1429497,2.477996,0.2530507,-0.08737046,2.589437,0.2429153,-0.2540936,2.492709,0.2522587,-0.2808808,2.481319,0.3027045,-0.07460549,2.537446,0.314734,-0.319239,2.560237,0.1600219,-0.2010365,2.518759,0.2630527,0.2372974,2.572081
72057594038008658,0,1.020562,15579.65,0.2801037,-0.08485195,2.585548,0.2495397,0.3539434,2.531069,0.1886108,0.1865392,2.654675,0.1737523,0.04838267,2.721508,0.2028646,-0.02646554,2.58228,0.2147391,-0.03017768,2.557665,0.301469,0.1909878,2.493549,0.3372525,0.06902334,2.462345,0.35828,-0.1021605,2.478618,0.3608147,-0.1429497,2.477996,0.2530507,-0.08737046,2.589437,0.2429153,-0.2540936,2.492709,0.2522587,-0.2808808,2.481319,0.3027045,-0.07460549,2.537446,0.314734,-0.319239,2.560237,0.1600219,-0.2010365,2.518759,0.2630527,0.2372974,2.572081
72057594038008658,0,1.020562,15579.65,0.2801037,-0.08485195,2.585548,0.2495397,0.3539434,2.531069,0.1886108,0.1865392,2.654675,0.1737523,0.04838267,2.721508,0.2028646,-0.02646554,2.58228,0.2147391,-0.03017768,2.557665,0.301469,0.1909878,2.493549,0.3372525,0.06902334,2.462345,0.35828,-0.1021605,2.478618,0.3608147,-0.1429497,2.477996,0.2530507,-0.08737046,2.589437,0.2429153,-0.2540936,2.492709,0.2522587,-0.2808808,2.481319,0.3027045,-0.07460549,2.537446,0.314734,-0.319239,2.560237,0.1600219,-0.2010365,2.518759,0.2630527,0.2372974,2.572081
72057594038008658,0,1.022915,15579.65,0.2898525,-0.08494577,2.58982,0.2590661,0.3566862,2.532941,0.1959042,0.184646,2.659008,0.1938743,0.06449696,2.694599,0.2332846,0.03368115,2.568841,0.2356601,0.02111688,2.549667,0.3091277,0.1940335,2.494149,0.3406386,0.07082739,2.463123,0.3597563,-0.1005517,2.479703,0.364362,-0.1421143,2.482881,0.2651942,-0.08691862,2.598455,0.2377661,-0.2776511,2.545411,0.336989,-0.2884385,2.370771,0.3106735,-0.07515097,2.538418,0.2709942,-0.235311,2.615612,0.1220706,-0.2900458,2.493534,0.2718083,0.2399416,2.574696
72057594038008658,0,1.022915,15579.66,0.2898525,-0.08494577,2.58982,0.2590661,0.3566862,2.532941,0.1959042,0.184646,2.659008,0.1938743,0.06449696,2.694599,0.2332846,0.03368115,2.568841,0.2356601,0.02111688,2.549667,0.3091277,0.1940335,2.494149,0.3406386,0.07082739,2.463123,0.3597563,-0.1005517,2.479703,0.364362,-0.1421143,2.482881,0.2651942,-0.08691862,2.598455,0.2377661,-0.2776511,2.545411,0.336989,-0.2884385,2.370771,0.3106735,-0.07515097,2.538418,0.2709942,-0.235311,2.615612,0.1220706,-0.2900458,2.493534,0.2718083,0.2399416,2.574696
72057594038008658,0,1.022915,15579.66,0.2898525,-0.08494577,2.58982,0.2590661,0.3566862,2.532941,0.1959042,0.184646,2.659008,0.1938743,0.06449696,2.694599,0.2332846,0.03368115,2.568841,0.2356601,0.02111688,2.549667,0.3091277,0.1940335,2.494149,0.3406386,0.07082739,2.463123,0.3597563,-0.1005517,2.479703,0.364362,-0.1421143,2.482881,0.2651942,-0.08691862,2.598455,0.2377661,-0.2776511,2.545411,0.336989,-0.2884385,2.370771,0.3106735,-0.07515097,2.538418,0.2709942,-0.235311,2.615612,0.1220706,-0.2900458,2.493534,0.2718083,0.2399416,2.574696
72057594038008658,0,1.022915,15579.67,0.2898525,-0.08494577,2.58982,0.2590661,0.3566862,2.532941,0.1959042,0.184646,2.659008,0.1938743,0.06449696,2.694599,0.2332846,0.03368115,2.568841,0.2356601,0.02111688,2.549667,0.3091277,0.1940335,2.494149,0.3406386,0.07082739,2.463123,0.3597563,-0.1005517,2.479703,0.364362,-0.1421143,2.482881,0.2651942,-0.08691862,2.598455,0.2377661,-0.2776511,2.545411,0.336989,-0.2884385,2.370771,0.3106735,-0.07515097,2.538418,0.2709942,-0.235311,2.615612,0.1220706,-0.2900458,2.493534,0.2718083,0.2399416,2.574696
72057594038008658,0,1.022915,15579.67,0.2898525,-0.08494577,2.58982,0.2590661,0.3566862,2.532941,0.1959042,0.184646,2.659008,0.1938743,0.06449696,2.694599,0.2332846,0.03368115,2.568841,0.2356601,0.02111688,2.549667,0.3091277,0.1940335,2.494149,0.3406386,0.07082739,2.463123,0.3597563,-0.1005517,2.479703,0.364362,-0.1421143,2.482881,0.2651942,-0.08691862,2.598455,0.2377661,-0.2776511,2.545411,0.336989,-0.2884385,2.370771,0.3106735,-0.07515097,2.538418,0.2709942,-0.235311,2.615612,0.1220706,-0.2900458,2.493534,0.2718083,0.2399416,2.574696
72057594038008658,0,1.022915,15579.67,0.2898525,-0.08494577,2.58982,0.2590661,0.3566862,2.532941,0.1959042,0.184646,2.659008,0.1938743,0.06449696,2.694599,0.2332846,0.03368115,2.568841,0.2356601,0.02111688,2.549667,0.3091277,0.1940335,2.494149,0.3406386,0.07082739,2.463123,0.3597563,-0.1005517,2.479703,0.364362,-0.1421143,2.482881,0.2651942,-0.08691862,2.598455,0.2377661,-0.2776511,2.545411,0.336989,-0.2884385,2.370771,0.3106735,-0.07515097,2.538418,0.2709942,-0.235311,2.615612,0.1220706,-0.2900458,2.493534,0.2718083,0.2399416,2.574696
72057594038008658,0,1.022915,15579.67,0.2898525,-0.08494577,2.58982,0.2590661,0.3566862,2.532941,0.1959042,0.184646,2.659008,0.1938743,0.06449696,2.694599,0.2332846,0.03368115,2.568841,0.2356601,0.02111688,2.549667,0.3091277,0.1940335,2.494149,0.3406386,0.07082739,2.463123,0.3597563,-0.1005517,2.479703,0.364362,-0.1421143,2.482881,0.2651942,-0.08691862,2.598455,0.2377661,-0.2776511,2.545411,0.336989,-0.2884385,2.370771,0.3106735,-0.07515097,2.538418,0.2709942,-0.235311,2.615612,0.1220706,-0.2900458,2.493534,0.2718083,0.2399416,2.574696
72057594038008658,0,1.022915,15579.68,0.2898525,-0.08494577,2.58982,0.2590661,0.3566862,2.532941,0.1959042,0.184646,2.659008,0.1938743,0.06449696,2.694599,0.2332846,0.03368115,2.568841,0.2356601,0.02111688,2.549667,0.3091277,0.1940335,2.494149,0.3406386,0.07082739,2.463123,0.3597563,-0.1005517,2.479703,0.364362,-0.1421143,2.482881,0.2651942,-0.08691862,2.598455,0.2377661,-0.2776511,2.545411,0.336989,-0.2884385,2.370771,0.3106735,-0.07515097,2.538418,0.2709942,-0.235311,2.615612,0.1220706,-0.2900458,2.493534,0.2718083,0.2399416,2.574696
72057594038008658,0,1.022915,15579.68,0.2898525,-0.08494577,2.58982,0.2590661,0.3566862,2.532941,0.1959042,0.184646,2.659008,0.1938743,0.06449696,2.694599,0.2332846,0.03368115,2.568841,0.2356601,0.02111688,2.549667,0.3091277,0.1940335,2.494149,0.3406386,0.07082739,2.463123,0.3597563,-0.1005517,2.479703,0.364362,-0.1421143,2.482881,0.2651942,-0.08691862,2.598455,0.2377661,-0.2776511,2.545411,0.336989,-0.2884385,2.370771,0.3106735,-0.07515097,2.538418,0.2709942,-0.235311,2.615612,0.1220706,-0.2900458,2.493534,0.2718083,0.2399416,2.574696
72057594038008658,0,1.022915,15579.68,0.2898525,-0.08494577,2.58982,0.2590661,0.3566862,2.532941,0.1959042,0.184646,2.659008,0.1938743,0.06449696,2.694599,0.2332846,0.03368115,2.568841,0.2356601,0.02111688,2.549667,0.3091277,0.1940335,2.494149,0.3406386,0.07082739,2.463123,0.3597563,-0.1005517,2.479703,0.364362,-0.1421143,2.482881,0.2651942,-0.08691862,2.598455,0.2377661,-0.2776511,2.545411,0.336989,-0.2884385,2.370771,0.3106735,-0.07515097,2.538418,0.2709942,-0.235311,2.615612,0.1220706,-0.2900458,2.493534,0.2718083,0.2399416,2.574696
72057594038008658,0,1.022915,15579.69,0.2898525,-0.08494577,2.58982,0.2590661,0.3566862,2.532941,0.1959042,0.184646,2.659008,0.1938743,0.06449696,2.694599,0.2332846,0.03368115,2.568841,0.2356601,0.02111688,2.549667,0.3091277,0.1940335,2.494149,0.3406386,0.07082739,2.463123,0.3597563,-0.1005517,2.479703,0.364362,-0.1421143,2.482881,0.2651942,-0.08691862,2.598455,0.2377661,-0.2776511,2.545411,0.336989,-0.2884385,2.370771,0.3106735,-0.07515097,2.538418,0.2709942,-0.235311,2.615612,0.1220706,-0.2900458,2.493534,0.2718083,0.2399416,2.574696
72057594038008658,0,1.025815,15579.69,0.2985761,-0.08547139,2.59157,0.2652781,0.3577135,2.53355,0.2021912,0.1801664,2.661446,0.1961239,0.05945626,2.695251,0.2237622,0.01149294,2.571929,0.2301535,-0.001000822,2.559974,0.3170196,0.1970997,2.495313,0.3475287,0.07414648,2.461334,0.3898349,-0.06948853,2.476642,0.3927538,-0.1050253,2.478629,0.272694,-0.08778054,2.600039,0.2800404,-0.2531133,2.592335,0.2985683,-0.2912846,2.495,0.3197289,-0.07537085,2.539739,0.2891223,-0.2366521,2.618595,0.3455094,-0.3361531,2.453695,0.2797642,0.2409161,2.57533
72057594038008658,0,1.025815,15579.69,0.2985761,-0.08547139,2.59157,0.2652781,0.3577135,2.53355,0.2021912,0.1801664,2.661446,0.1961239,0.05945626,2.695251,0.2237622,0.01149294,2.571929,0.2301535,-0.001000822,2.559974,0.3170196,0.1970997,2.495313,0.3475287,0.07414648,2.461334,0.3898349,-0.06948853,2.476642,0.3927538,-0.1050253,2.478629,0.272694,-0.08778054,2.600039,0.2800404,-0.2531133,2.592335,0.2985683,-0.2912846,2.495,0.3197289,-0.07537085,2.539739,0.2891223,-0.2366521,2.618595,0.3455094,-0.3361531,2.453695,0.2797642,0.2409161,2.57533
72057594038008658,0,1.025815,15579.7,0.2985761,-0.08547139,2.59157,0.2652781,0.3577135,2.53355,0.2021912,0.1801664,2.661446,0.1961239,0.05945626,2.695251,0.2237622,0.01149294,2.571929,0.2301535,-0.001000822,2.559974,0.3170196,0.1970997,2.495313,0.3475287,0.07414648,2.461334,0.3898349,-0.06948853,2.476642,0.3927538,-0.1050253,2.478629,0.272694,-0.08778054,2.600039,0.2800404,-0.2531133,2.592335,0.2985683,-0.2912846,2.495,0.3197289,-0.07537085,2.539739,0.2891223,-0.2366521,2.618595,0.3455094,-0.3361531,2.453695,0.2797642,0.2409161,2.57533
72057594038008658,0,1.025815,15579.7,0.2985761,-0.08547139,2.59157,0.2652781,0.3577135,2.53355,0.2021912,0.1801664,2.661446,0.1961239,0.05945626,2.695251,0.2237622,0.01149294,2.571929,0.2301535,-0.001000822,2.559974,0.3170196,0.1970997,2.495313,0.3475287,0.07414648,2.461334,0.3898349,-0.06948853,2.476642,0.3927538,-0.1050253,2.478629,0.272694,-0.08778054,2.600039,0.2800404,-0.2531133,2.592335,0.2985683,-0.2912846,2.495,0.3197289,-0.07537085,2.539739,0.2891223,-0.2366521,2.618595,0.3455094,-0.3361531,2.453695,0.2797642,0.2409161,2.57533
72057594038008658,0,1.025815,15579.7,0.2985761,-0.08547139,2.59157,0.2652781,0.3577135,2.53355,0.2021912,0.1801664,2.661446,0.1961239,0.05945626,2.695251,0.2237622,0.01149294,2.571929,0.2301535,-0.001000822,2.559974,0.3170196,0.1970997,2.495313,0.3475287,0.07414648,2.461334,0.3898349,-0.06948853,2.476642,0.3927538,-0.1050253,2.478629,0.272694,-0.08778054,2.600039,0.2800404,-0.2531133,2.592335,0.2985683,-0.2912846,2.495,0.3197289,-0.07537085,2.539739,0.2891223,-0.2366521,2.618595,0.3455094,-0.3361531,2.453695,0.2797642,0.2409161,2.57533
72057594038008658,0,1.025815,15579.71,0.2985761,-0.08547139,2.59157,0.2652781,0.3577135,2.53355,0.2021912,0.1801664,2.661446,0.1961239,0.05945626,2.695251,0.2237622,0.01149294,2.571929,0.2301535,-0.001000822,2.559974,0.3170196,0.1970997,2.495313,0.3475287,0.07414648,2.461334,0.3898349,-0.06948853,2.476642,0.3927538,-0.1050253,2.478629,0.272694,-0.08778054,2.600039,0.2800404,-0.2531133,2.592335,0.2985683,-0.2912846,2.495,0.3197289,-0.07537085,2.539739,0.2891223,-0.2366521,2.618595,0.3455094,-0.3361531,2.453695,0.2797642,0.2409161,2.57533
72057594038008658,0,1.025815,15579.71,0.2985761,-0.08547139,2.59157,0.2652781,0.3577135,2.53355,0.2021912,0.1801664,2.661446,0.1961239,0.05945626,2.695251,0.2237622,0.01149294,2.571929,0.2301535,-0.001000822,2.559974,0.3170196,0.1970997,2.495313,0.3475287,0.07414648,2.461334,0.3898349,-0.06948853,2.476642,0.3927538,-0.1050253,2.478629,0.272694,-0.08778054,2.600039,0.2800404,-0.2531133,2.592335,0.2985683,-0.2912846,2.495,0.3197289,-0.07537085,2.539739,0.2891223,-0.2366521,2.618595,0.3455094,-0.3361531,2.453695,0.2797642,0.2409161,2.57533
72057594038008658,0,1.025815,15579.71,0.2985761,-0.08547139,2.59157,0.2652781,0.3577135,2.53355,0.2021912,0.1801664,2.661446,0.1961239,0.05945626,2.695251,0.2237622,0.01149294,2.571929,0.2301535,-0.001000822,2.559974,0.3170196,0.1970997,2.495313,0.3475287,0.07414648,2.461334,0.3898349,-0.06948853,2.476642,0.3927538,-0.1050253,2.478629,0.272694,-0.08778054,2.600039,0.2800404,-0.2531133,2.592335,0.2985683,-0.2912846,2.495,0.3197289,-0.07537085,2.539739,0.2891223,-0.2366521,2.618595,0.3455094,-0.3361531,2.453695,0.2797642,0.2409161,2.57533
72057594038008658,0,1.025815,15579.71,0.2985761,-0.08547139,2.59157,0.2652781,0.3577135,2.53355,0.2021912,0.1801664,2.661446,0.1961239,0.05945626,2.695251,0.2237622,0.01149294,2.571929,0.2301535,-0.001000822,2.559974,0.3170196,0.1970997,2.495313,0.3475287,0.07414648,2.461334,0.3898349,-0.06948853,2.476642,0.3927538,-0.1050253,2.478629,0.272694,-0.08778054,2.600039,0.2800404,-0.2531133,2.592335,0.2985683,-0.2912846,2.495,0.3197289,-0.07537085,2.539739,0.2891223,-0.2366521,2.618595,0.3455094,-0.3361531,2.453695,0.2797642,0.2409161,2.57533
72057594038008658,0,1.025815,15579.72,0.2985761,-0.08547139,2.59157,0.2652781,0.3577135,2.53355,0.2021912,0.1801664,2.661446,0.1961239,0.05945626,2.695251,0.2237622,0.01149294,2.571929,0.2301535,-0.001000822,2.559974,0.3170196,0.1970997,2.495313,0.3475287,0.07414648,2.461334,0.3898349,-0.06948853,2.476642,0.3927538,-0.1050253,2.478629,0.272694,-0.08778054,2.600039,0.2800404,-0.2531133,2.592335,0.2985683,-0.2912846,2.495,0.3197289,-0.07537085,2.539739,0.2891223,-0.2366521,2.618595,0.3455094,-0.3361531,2.453695,0.2797642,0.2409161,2.57533
72057594038008658,0,1.028278,15579.72,0.3048101,-0.08617133,2.592496,0.2730855,0.3580323,2.536142,0.2083917,0.1792886,2.664232,0.1976303,0.07188004,2.723558,0.2189678,0.0306755,2.585128,0.2317488,0.02277341,2.56502,0.3277644,0.2024622,2.497082,0.3548064,0.07933509,2.45973,0.3949121,-0.06676167,2.471206,0.3989272,-0.1079222,2.476591,0.2788957,-0.0889594,2.597086,0.2842141,-0.2853293,2.587529,0.3579713,-0.3005052,2.400295,0.3277742,-0.07579231,2.545301,0.3561764,-0.2829867,2.470987,0.3384299,-0.2319541,2.275848,0.2875879,0.2412087,2.577785
72057594038008658,0,1.028278,15579.72,0.3048101,-0.08617133,2.592496,0.2730855,0.3580323,2.536142,0.2083917,0.1792886,2.664232,0.1976303,0.07188004,2.723558,0.2189678,0.0306755,2.585128,0.2317488,0.02277341,2.56502,0.3277644,0.2024622,2.497082,0.3548064,0.07933509,2.45973,0.3949121,-0.06676167,2.471206,0.3989272,-0.1079222,2.476591,0.2788957,-0.0889594,2.597086,0.2842141,-0.2853293,2.587529,0.3579713,-0.3005052,2.400295,0.3277742,-0.07579231,2.545301,0.3561764,-0.2829867,2.470987,0.3384299,-0.2319541,2.275848,0.2875879,0.2412087,2.577785
72057594038008658,0,1.028278,15579.73,0.3048101,-0.08617133,2.592496,0.2730855,0.3580323,2.536142,0.2083917,0.1792886,2.664232,0.1976303,0.07188004,2.723558,0.2189678,0.0306755,2.585128,0.2317488,0.02277341,2.56502,0.3277644,0.2024622,2.497082,0.3548064,0.07933509,2.45973,0.3949121,-0.06676167,2.471206,0.3989272,-0.1079222,2.476591,0.2788957,-0.0889594,2.597086,0.2842141,-0.2853293,2.587529,0.3579713,-0.3005052,2.400295,0.3277742,-0.07579231,2.545301,0.3561764,-0.2829867,2.470987,0.3384299,-0.2319541,2.275848,0.2875879,0.2412087,2.577785
72057594038008658,0,1.028278,15579.73,0.3048101,-0.08617133,2.592496,0.2730855,0.3580323,2.536142,0.2083917,0.1792886,2.664232,0.1976303,0.07188004,2.723558,0.2189678,0.0306755,2.585128,0.2317488,0.02277341,2.56502,0.3277644,0.2024622,2.497082,0.3548064,0.07933509,2.45973,0.3949121,-0.06676167,2.471206,0.3989272,-0.1079222,2.476591,0.2788957,-0.0889594,2.597086,0.2842141,-0.2853293,2.587529,0.3579713,-0.3005052,2.400295,0.3277742,-0.07579231,2.545301,0.3561764,-0.2829867,2.470987,0.3384299,-0.2319541,2.275848,0.2875879,0.2412087,2.577785
72057594038008658,0,1.028278,15579.73,0.3048101,-0.08617133,2.592496,0.2730855,0.3580323,2.536142,0.2083917,0.1792886,2.664232,0.1976303,0.07188004,2.723558,0.2189678,0.0306755,2.585128,0.2317488,0.02277341,2.56502,0.3277644,0.2024622,2.497082,0.3548064,0.07933509,2.45973,0.3949121,-0.06676167,2.471206,0.3989272,-0.1079222,2.476591,0.2788957,-0.0889594,2.597086,0.2842141,-0.2853293,2.587529,0.3579713,-0.3005052,2.400295,0.3277742,-0.07579231,2.545301,0.3561764,-0.2829867,2.470987,0.3384299,-0.2319541,2.275848,0.2875879,0.2412087,2.577785
72057594038008658,0,1.028278,15579.75,0.3048101,-0.08617133,2.592496,0.2730855,0.3580323,2.536142,0.2083917,0.1792886,2.664232,0.1976303,0.07188004,2.723558,0.2189678,0.0306755,2.585128,0.2317488,0.02277341,2.56502,0.3277644,0.2024622,2.497082,0.3548064,0.07933509,2.45973,0.3949121,-0.06676167,2.471206,0.3989272,-0.1079222,2.476591,0.2788957,-0.0889594,2.597086,0.2842141,-0.2853293,2.587529,0.3579713,-0.3005052,2.400295,0.3277742,-0.07579231,2.545301,0.3561764,-0.2829867,2.470987,0.3384299,-0.2319541,2.275848,0.2875879,0.2412087,2.577785
72057594038008658,0,1.028278,15579.76,0.3048101,-0.08617133,2.592496,0.2730855,0.3580323,2.536142,0.2083917,0.1792886,2.664232,0.1976303,0.07188004,2.723558,0.2189678,0.0306755,2.585128,0.2317488,0.02277341,2.56502,0.3277644,0.2024622,2.497082,0.3548064,0.07933509,2.45973,0.3949121,-0.06676167,2.471206,0.3989272,-0.1079222,2.476591,0.2788957,-0.0889594,2.597086,0.2842141,-0.2853293,2.587529,0.3579713,-0.3005052,2.400295,0.3277742,-0.07579231,2.545301,0.3561764,-0.2829867,2.470987,0.3384299,-0.2319541,2.275848,0.2875879,0.2412087,2.577785
72057594038008658,0,1.030723,15579.76,0.3109626,-0.08662111,2.591911,0.2921602,0.3575654,2.537153,0.2219076,0.1777219,2.66161,0.214659,0.0536783,2.685042,0.2198062,-0.02205762,2.568602,0.2378146,-0.02845347,2.56456,0.33626,0.2047444,2.497846,0.3667547,0.08302894,2.457995,0.3976771,-0.06638002,2.469013,0.3992413,-0.1093775,2.473564,0.2851678,-0.08996093,2.595611,0.2843904,-0.2862116,2.587092,0.340599,-0.2746304,2.393113,0.3325495,-0.0757142,2.54512,0.3807656,-0.2586834,2.45579,0.3770543,-0.2824823,2.461382,0.2953278,0.2398988,2.579055
72057594038008658,0,1.030723,15579.76,0.3109626,-0.08662111,2.591911,0.2921602,0.3575654,2.537153,0.2219076,0.1777219,2.66161,0.214659,0.0536783,2.685042,0.2198062,-0.02205762,2.568602,0.2378146,-0.02845347,2.56456,0.33626,0.2047444,2.497846,0.3667547,0.08302894,2.457995,0.3976771,-0.06638002,2.469013,0.3992413,-0.1093775,2.473564,0.2851678,-0.08996093,2.595611,0.2843904,-0.2862116,2.587092,0.340599,-0.2746304,2.393113,0.3325495,-0.0757142,2.54512,0.3807656,-0.2586834,2.45579,0.3770543,-0.2824823,2.461382,0.2953278,0.2398988,2.579055
72057594038008658,0,1.030723,15579.77,0.3109626,-0.08662111,2.591911,0.2921602,0.3575654,2.537153,0.2219076,0.1777219,2.66161,0.214659,0.0536783,2.685042,0.2198062,-0.02205762,2.568602,0.2378146,-0.02845347,2.56456,0.33626,0.2047444,2.497846,0.3667547,0.08302894,2.457995,0.3976771,-0.06638002,2.469013,0.3992413,-0.1093775,2.473564,0.2851678,-0.08996093,2.595611,0.2843904,-0.2862116,2.587092,0.340599,-0.2746304,2.393113,0.3325495,-0.0757142,2.54512,0.3807656,-0.2586834,2.45579,0.3770543,-0.2824823,2.461382,0.2953278,0.2398988,2.579055
72057594038008658,0,1.030723,15579.77,0.3109626,-0.08662111,2.591911,0.2921602,0.3575654,2.537153,0.2219076,0.1777219,2.66161,0.214659,0.0536783,2.685042,0.2198062,-0.02205762,2.568602,0.2378146,-0.02845347,2.56456,0.33626,0.2047444,2.497846,0.3667547,0.08302894,2.457995,0.3976771,-0.06638002,2.469013,0.3992413,-0.1093775,2.473564,0.2851678,-0.08996093,2.595611,0.2843904,-0.2862116,2.587092,0.340599,-0.2746304,2.393113,0.3325495,-0.0757142,2.54512,0.3807656,-0.2586834,2.45579,0.3770543,-0.2824823,2.461382,0.2953278,0.2398988,2.579055
72057594038008658,0,1.030723,15579.77,0.3109626,-0.08662111,2.591911,0.2921602,0.3575654,2.537153,0.2219076,0.1777219,2.66161,0.214659,0.0536783,2.685042,0.2198062,-0.02205762,2.568602,0.2378146,-0.02845347,2.56456,0.33626,0.2047444,2.497846,0.3667547,0.08302894,2.457995,0.3976771,-0.06638002,2.469013,0.3992413,-0.1093775,2.473564,0.2851678,-0.08996093,2.595611,0.2843904,-0.2862116,2.587092,0.340599,-0.2746304,2.393113,0.3325495,-0.0757142,2.54512,0.3807656,-0.2586834,2.45579,0.3770543,-0.2824823,2.461382,0.2953278,0.2398988,2.579055
72057594038008658,0,1.030723,15579.78,0.3109626,-0.08662111,2.591911,0.2921602,0.3575654,2.537153,0.2219076,0.1777219,2.66161,0.214659,0.0536783,2.685042,0.2198062,-0.02205762,2.568602,0.2378146,-0.02845347,2.56456,0.33626,0.2047444,2.497846,0.3667547,0.08302894,2.457995,0.3976771,-0.06638002,2.469013,0.3992413,-0.1093775,2.473564,0.2851678,-0.08996093,2.595611,0.2843904,-0.2862116,2.587092,0.340599,-0.2746304,2.393113,0.3325495,-0.0757142,2.54512,0.3807656,-0.2586834,2.45579,0.3770543,-0.2824823,2.461382,0.2953278,0.2398988,2.579055
72057594038008658,0,1.030723,15579.78,0.3109626,-0.08662111,2.591911,0.2921602,0.3575654,2.537153,0.2219076,0.1777219,2.66161,0.214659,0.0536783,2.685042,0.2198062,-0.02205762,2.568602,0.2378146,-0.02845347,2.56456,0.33626,0.2047444,2.497846,0.3667547,0.08302894,2.457995,0.3976771,-0.06638002,2.469013,0.3992413,-0.1093775,2.473564,0.2851678,-0.08996093,2.595611,0.2843904,-0.2862116,2.587092,0.340599,-0.2746304,2.393113,0.3325495,-0.0757142,2.54512,0.3807656,-0.2586834,2.45579,0.3770543,-0.2824823,2.461382,0.2953278,0.2398988,2.579055
72057594038008658,0,1.030723,15579.78,0.3109626,-0.08662111,2.591911,0.2921602,0.3575654,2.537153,0.2219076,0.1777219,2.66161,0.214659,0.0536783,2.685042,0.2198062,-0.02205762,2.568602,0.2378146,-0.02845347,2.56456,0.33626,0.2047444,2.497846,0.3667547,0.08302894,2.457995,0.3976771,-0.06638002,2.469013,0.3992413,-0.1093775,2.473564,0.2851678,-0.08996093,2.595611,0.2843904,-0.2862116,2.587092,0.340599,-0.2746304,2.393113,0.3325495,-0.0757142,2.54512,0.3807656,-0.2586834,2.45579,0.3770543,-0.2824823,2.461382,0.2953278,0.2398988,2.579055
72057594038008658,0,1.030723,15579.79,0.3109626,-0.08662111,2.591911,0.2921602,0.3575654,2.537153,0.2219076,0.1777219,2.66161,0.214659,0.0536783,2.685042,0.2198062,-0.02205762,2.568602,0.2378146,-0.02845347,2.56456,0.33626,0.2047444,2.497846,0.3667547,0.08302894,2.457995,0.3976771,-0.06638002,2.469013,0.3992413,-0.1093775,2.473564,0.2851678,-0.08996093,2.595611,0.2843904,-0.2862116,2.587092,0.340599,-0.2746304,2.393113,0.3325495,-0.0757142,2.54512,0.3807656,-0.2586834,2.45579,0.3770543,-0.2824823,2.461382,0.2953278,0.2398988,2.579055
72057594038008658,0,1.03361,15579.79,0.315551,-0.08809429,2.591634,0.3075771,0.3473785,2.549285,0.2299138,0.1774011,2.66221,0.2104764,0.07145306,2.722031,0.2233443,-0.02014807,2.567475,0.2498457,-0.02872962,2.558898,0.3440765,0.205271,2.499032,0.3736289,0.08357668,2.458129,0.3847459,-0.06902772,2.476424,0.3877774,-0.1131097,2.482831,0.2900397,-0.09143418,2.594037,0.2841049,-0.2867987,2.58677,0.3374106,-0.2781685,2.391643,0.3365527,-0.07714692,2.545767,0.3845079,-0.2547935,2.452926,0.5561563,-0.299898,2.527204,0.303579,0.2363401,2.579153
72057594038008658,0,1.03361,15579.79,0.315551,-0.08809429,2.591634,0.3075771,0.3473785,2.549285,0.2299138,0.1774011,2.66221,0.2104764,0.07145306,2.722031,0.2233443,-0.02014807,2.567475,0.2498457,-0.02872962,2.558898,0.3440765,0.205271,2.499032,0.3736289,0.08357668,2.458129,0.3847459,-0.06902772,2.476424,0.3877774,-0.1131097,2.482831,0.2900397,-0.09143418,2.594037,0.2841049,-0.2867987,2.58677,0.3374106,-0.2781685,2.391643,0.3365527,-0.07714692,2.545767,0.3845079,-0.2547935,2.452926,0.5561563,-0.299898,2.527204,0.303579,0.2363401,2.579153
72057594038008658,0,1.03361,15579.8,0.315551,-0.08809429,2.591634,0.3075771,0.3473785,2.549285,0.2299138,0.1774011,2.66221,0.2104764,0.07145306,2.722031,0.2233443,-0.02014807,2.567475,0.2498457,-0.02872962,2.558898,0.3440765,0.205271,2.499032,0.3736289,0.08357668,2.458129,0.3847459,-0.06902772,2.476424,0.3877774,-0.1131097,2.482831,0.2900397,-0.09143418,2.594037,0.2841049,-0.2867987,2.58677,0.3374106,-0.2781685,2.391643,0.3365527,-0.07714692,2.545767,0.3845079,-0.2547935,2.452926,0.5561563,-0.299898,2.527204,0.303579,0.2363401,2.579153
72057594038008658,0,1.03361,15579.81,0.315551,-0.08809429,2.591634,0.3075771,0.3473785,2.549285,0.2299138,0.1774011,2.66221,0.2104764,0.07145306,2.722031,0.2233443,-0.02014807,2.567475,0.2498457,-0.02872962,2.558898,0.3440765,0.205271,2.499032,0.3736289,0.08357668,2.458129,0.3847459,-0.06902772,2.476424,0.3877774,-0.1131097,2.482831,0.2900397,-0.09143418,2.594037,0.2841049,-0.2867987,2.58677,0.3374106,-0.2781685,2.391643,0.3365527,-0.07714692,2.545767,0.3845079,-0.2547935,2.452926,0.5561563,-0.299898,2.527204,0.303579,0.2363401,2.579153
72057594038008658,0,1.03361,15579.81,0.315551,-0.08809429,2.591634,0.3075771,0.3473785,2.549285,0.2299138,0.1774011,2.66221,0.2104764,0.07145306,2.722031,0.2233443,-0.02014807,2.567475,0.2498457,-0.02872962,2.558898,0.3440765,0.205271,2.499032,0.3736289,0.08357668,2.458129,0.3847459,-0.06902772,2.476424,0.3877774,-0.1131097,2.482831,0.2900397,-0.09143418,2.594037,0.2841049,-0.2867987,2.58677,0.3374106,-0.2781685,2.391643,0.3365527,-0.07714692,2.545767,0.3845079,-0.2547935,2.452926,0.5561563,-0.299898,2.527204,0.303579,0.2363401,2.579153
72057594038008658,0,1.03361,15579.81,0.315551,-0.08809429,2.591634,0.3075771,0.3473785,2.549285,0.2299138,0.1774011,2.66221,0.2104764,0.07145306,2.722031,0.2233443,-0.02014807,2.567475,0.2498457,-0.02872962,2.558898,0.3440765,0.205271,2.499032,0.3736289,0.08357668,2.458129,0.3847459,-0.06902772,2.476424,0.3877774,-0.1131097,2.482831,0.2900397,-0.09143418,2.594037,0.2841049,-0.2867987,2.58677,0.3374106,-0.2781685,2.391643,0.3365527,-0.07714692,2.545767,0.3845079,-0.2547935,2.452926,0.5561563,-0.299898,2.527204,0.303579,0.2363401,2.579153
72057594038008658,0,1.03361,15579.82,0.315551,-0.08809429,2.591634,0.3075771,0.3473785,2.549285,0.2299138,0.1774011,2.66221,0.2104764,0.07145306,2.722031,0.2233443,-0.02014807,2.567475,0.2498457,-0.02872962,2.558898,0.3440765,0.205271,2.499032,0.3736289,0.08357668,2.458129,0.3847459,-0.06902772,2.476424,0.3877774,-0.1131097,2.482831,0.2900397,-0.09143418,2.594037,0.2841049,-0.2867987,2.58677,0.3374106,-0.2781685,2.391643,0.3365527,-0.07714692,2.545767,0.3845079,-0.2547935,2.452926,0.5561563,-0.299898,2.527204,0.303579,0.2363401,2.579153
72057594038008658,0,1.03361,15579.82,0.315551,-0.08809429,2.591634,0.3075771,0.3473785,2.549285,0.2299138,0.1774011,2.66221,0.2104764,0.07145306,2.722031,0.2233443,-0.02014807,2.567475,0.2498457,-0.02872962,2.558898,0.3440765,0.205271,2.499032,0.3736289,0.08357668,2.458129,0.3847459,-0.06902772,2.476424,0.3877774,-0.1131097,2.482831,0.2900397,-0.09143418,2.594037,0.2841049,-0.2867987,2.58677,0.3374106,-0.2781685,2.391643,0.3365527,-0.07714692,2.545767,0.3845079,-0.2547935,2.452926,0.5561563,-0.299898,2.527204,0.303579,0.2363401,2.579153
72057594038008658,0,1.03361,15579.82,0.315551,-0.08809429,2.591634,0.3075771,0.3473785,2.549285,0.2299138,0.1774011,2.66221,0.2104764,0.07145306,2.722031,0.2233443,-0.02014807,2.567475,0.2498457,-0.02872962,2.558898,0.3440765,0.205271,2.499032,0.3736289,0.08357668,2.458129,0.3847459,-0.06902772,2.476424,0.3877774,-0.1131097,2.482831,0.2900397,-0.09143418,2.594037,0.2841049,-0.2867987,2.58677,0.3374106,-0.2781685,2.391643,0.3365527,-0.07714692,2.545767,0.3845079,-0.2547935,2.452926,0.5561563,-0.299898,2.527204,0.303579,0.2363401,2.579153
72057594038008658,0,1.0378,15579.83,0.3197492,-0.09116,2.591904,0.3339797,0.3359375,2.560329,0.2522235,0.1797971,2.648794,0.2176674,0.07967809,2.711584,0.2423036,-0.01026967,2.557262,0.2623176,-0.02503714,2.548159,0.3532651,0.2070004,2.498126,0.384947,0.08695412,2.453153,0.3882358,-0.08544633,2.470761,0.3890391,-0.1373084,2.476156,0.2939639,-0.09398529,2.590998,0.2830287,-0.280192,2.589608,0.2870677,-0.2874136,2.562586,0.34213,-0.08178395,2.550017,0.3956185,-0.2447886,2.437877,0.4335217,-0.1516609,2.600036,0.313274,0.2353499,2.579288
72057594038008658,0,1.0378,15579.83,0.3197492,-0.09116,2.591904,0.3339797,0.3359375,2.560329,0.2522235,0.1797971,2.648794,0.2176674,0.07967809,2.711584,0.2423036,-0.01026967,2.557262,0.2623176,-0.02503714,2.548159,0.3532651,0.2070004,2.498126,0.384947,0.08695412,2.453153,0.3882358,-0.08544633,2.470761,0.3890391,-0.1373084,2.476156,0.2939639,-0.09398529,2.590998,0.2830287,-0.280192,2.589608,0.2870677,-0.2874136,2.562586,0.34213,-0.08178395,2.550017,0.3956185,-0.2447886,2.437877,0.4335217,-0.1516609,2.600036,0.313274,0.2353499,2.579288
72057594038008658,0,1.0378,15579.83,0.3197492,-0.09116,2.591904,0.3339797,0.3359375,2.560329,0.2522235,0.1797971,2.648794,0.2176674,0.07967809,2.711584,0.2423036,-0.01026967,2.557262,0.2623176,-0.02503714,2.548159,0.3532651,0.2070004,2.498126,0.384947,0.08695412,2.453153,0.3882358,-0.08544633,2.470761,0.3890391,-0.1373084,2.476156,0.2939639,-0.09398529,2.590998,0.2830287,-0.280192,2.589608,0.2870677,-0.2874136,2.562586,0.34213,-0.08178395,2.550017,0.3956185,-0.2447886,2.437877,0.4335217,-0.1516609,2.600036,0.313274,0.2353499,2.579288
72057594038008658,0,1.0378,15579.83,0.3197492,-0.09116,2.591904,0.3339797,0.3359375,2.560329,0.2522235,0.1797971,2.648794,0.2176674,0.07967809,2.711584,0.2423036,-0.01026967,2.557262,0.2623176,-0.02503714,2.548159,0.3532651,0.2070004,2.498126,0.384947,0.08695412,2.453153,0.3882358,-0.08544633,2.470761,0.3890391,-0.1373084,2.476156,0.2939639,-0.09398529,2.590998,0.2830287,-0.280192,2.589608,0.2870677,-0.2874136,2.562586,0.34213,-0.08178395,2.550017,0.3956185,-0.2447886,2.437877,0.4335217,-0.1516609,2.600036,0.313274,0.2353499,2.579288
72057594038008658,0,1.0378,15579.84,0.3197492,-0.09116,2.591904,0.3339797,0.3359375,2.560329,0.2522235,0.1797971,2.648794,0.2176674,0.07967809,2.711584,0.2423036,-0.01026967,2.557262,0.2623176,-0.02503714,2.548159,0.3532651,0.2070004,2.498126,0.384947,0.08695412,2.453153,0.3882358,-0.08544633,2.470761,0.3890391,-0.1373084,2.476156,0.2939639,-0.09398529,2.590998,0.2830287,-0.280192,2.589608,0.2870677,-0.2874136,2.562586,0.34213,-0.08178395,2.550017,0.3956185,-0.2447886,2.437877,0.4335217,-0.1516609,2.600036,0.313274,0.2353499,2.579288
72057594038008658,0,1.0378,15579.85,0.3197492,-0.09116,2.591904,0.3339797,0.3359375,2.560329,0.2522235,0.1797971,2.648794,0.2176674,0.07967809,2.711584,0.2423036,-0.01026967,2.557262,0.2623176,-0.02503714,2.548159,0.3532651,0.2070004,2.498126,0.384947,0.08695412,2.453153,0.3882358,-0.08544633,2.470761,0.3890391,-0.1373084,2.476156,0.2939639,-0.09398529,2.590998,0.2830287,-0.280192,2.589608,0.2870677,-0.2874136,2.562586,0.34213,-0.08178395,2.550017,0.3956185,-0.2447886,2.437877,0.4335217,-0.1516609,2.600036,0.313274,0.2353499,2.579288
72057594038008658,0,1.0378,15579.85,0.3197492,-0.09116,2.591904,0.3339797,0.3359375,2.560329,0.2522235,0.1797971,2.648794,0.2176674,0.07967809,2.711584,0.2423036,-0.01026967,2.557262,0.2623176,-0.02503714,2.548159,0.3532651,0.2070004,2.498126,0.384947,0.08695412,2.453153,0.3882358,-0.08544633,2.470761,0.3890391,-0.1373084,2.476156,0.2939639,-0.09398529,2.590998,0.2830287,-0.280192,2.589608,0.2870677,-0.2874136,2.562586,0.34213,-0.08178395,2.550017,0.3956185,-0.2447886,2.437877,0.4335217,-0.1516609,2.600036,0.313274,0.2353499,2.579288
72057594038008658,0,1.0378,15579.85,0.3197492,-0.09116,2.591904,0.3339797,0.3359375,2.560329,0.2522235,0.1797971,2.648794,0.2176674,0.07967809,2.711584,0.2423036,-0.01026967,2.557262,0.2623176,-0.02503714,2.548159,0.3532651,0.2070004,2.498126,0.384947,0.08695412,2.453153,0.3882358,-0.08544633,2.470761,0.3890391,-0.1373084,2.476156,0.2939639,-0.09398529,2.590998,0.2830287,-0.280192,2.589608,0.2870677,-0.2874136,2.562586,0.34213,-0.08178395,2.550017,0.3956185,-0.2447886,2.437877,0.4335217,-0.1516609,2.600036,0.313274,0.2353499,2.579288
72057594038008658,0,1.0378,15579.85,0.3197492,-0.09116,2.591904,0.3339797,0.3359375,2.560329,0.2522235,0.1797971,2.648794,0.2176674,0.07967809,2.711584,0.2423036,-0.01026967,2.557262,0.2623176,-0.02503714,2.548159,0.3532651,0.2070004,2.498126,0.384947,0.08695412,2.453153,0.3882358,-0.08544633,2.470761,0.3890391,-0.1373084,2.476156,0.2939639,-0.09398529,2.590998,0.2830287,-0.280192,2.589608,0.2870677,-0.2874136,2.562586,0.34213,-0.08178395,2.550017,0.3956185,-0.2447886,2.437877,0.4335217,-0.1516609,2.600036,0.313274,0.2353499,2.579288
72057594038008658,0,1.046208,15579.86,0.3306286,-0.09569791,2.587626,0.3382328,0.3337863,2.559733,0.261184,0.1765962,2.647356,0.2262227,0.07628381,2.709705,0.3185099,-0.01322949,2.584995,0.2987627,-0.01890683,2.523026,0.3606501,0.2113766,2.496817,0.3957654,0.09787703,2.436454,0.4035156,-0.0732201,2.460994,0.3985332,-0.1240607,2.468806,0.3062209,-0.1001201,2.578729,0.291097,-0.2367812,2.594024,0.2862418,-0.287748,2.565102,0.3517063,-0.08484745,2.550898,0.4380105,-0.2294345,2.433055,0.4532948,-0.1758959,2.61423,0.3292115,0.2280011,2.574593
72057594038008658,0,1.046208,15579.87,0.3306286,-0.09569791,2.587626,0.3382328,0.3337863,2.559733,0.261184,0.1765962,2.647356,0.2262227,0.07628381,2.709705,0.3185099,-0.01322949,2.584995,0.2987627,-0.01890683,2.523026,0.3606501,0.2113766,2.496817,0.3957654,0.09787703,2.436454,0.4035156,-0.0732201,2.460994,0.3985332,-0.1240607,2.468806,0.3062209,-0.1001201,2.578729,0.291097,-0.2367812,2.594024,0.2862418,-0.287748,2.565102,0.3517063,-0.08484745,2.550898,0.4380105,-0.2294345,2.433055,0.4532948,-0.1758959,2.61423,0.3292115,0.2280011,2.574593
72057594038008658,0,1.046208,15579.88,0.3306286,-0.09569791,2.587626,0.3382328,0.3337863,2.559733,0.261184,0.1765962,2.647356,0.2262227,0.07628381,2.709705,0.3185099,-0.01322949,2.584995,0.2987627,-0.01890683,2.523026,0.3606501,0.2113766,2.496817,0.3957654,0.09787703,2.436454,0.4035156,-0.0732201,2.460994,0.3985332,-0.1240607,2.468806,0.3062209,-0.1001201,2.578729,0.291097,-0.2367812,2.594024,0.2862418,-0.287748,2.565102,0.3517063,-0.08484745,2.550898,0.4380105,-0.2294345,2.433055,0.4532948,-0.1758959,2.61423,0.3292115,0.2280011,2.574593
72057594038008658,0,1.046208,15579.88,0.3306286,-0.09569791,2.587626,0.3382328,0.3337863,2.559733,0.261184,0.1765962,2.647356,0.2262227,0.07628381,2.709705,0.3185099,-0.01322949,2.584995,0.2987627,-0.01890683,2.523026,0.3606501,0.2113766,2.496817,0.3957654,0.09787703,2.436454,0.4035156,-0.0732201,2.460994,0.3985332,-0.1240607,2.468806,0.3062209,-0.1001201,2.578729,0.291097,-0.2367812,2.594024,0.2862418,-0.287748,2.565102,0.3517063,-0.08484745,2.550898,0.4380105,-0.2294345,2.433055,0.4532948,-0.1758959,2.61423,0.3292115,0.2280011,2.574593
72057594038008658,0,1.046208,15579.88,0.3306286,-0.09569791,2.587626,0.3382328,0.3337863,2.559733,0.261184,0.1765962,2.647356,0.2262227,0.07628381,2.709705,0.3185099,-0.01322949,2.584995,0.2987627,-0.01890683,2.523026,0.3606501,0.2113766,2.496817,0.3957654,0.09787703,2.436454,0.4035156,-0.0732201,2.460994,0.3985332,-0.1240607,2.468806,0.3062209,-0.1001201,2.578729,0.291097,-0.2367812,2.594024,0.2862418,-0.287748,2.565102,0.3517063,-0.08484745,2.550898,0.4380105,-0.2294345,2.433055,0.4532948,-0.1758959,2.61423,0.3292115,0.2280011,2.574593
72057594038008658,0,1.046208,15579.88,0.3306286,-0.09569791,2.587626,0.3382328,0.3337863,2.559733,0.261184,0.1765962,2.647356,0.2262227,0.07628381,2.709705,0.3185099,-0.01322949,2.584995,0.2987627,-0.01890683,2.523026,0.3606501,0.2113766,2.496817,0.3957654,0.09787703,2.436454,0.4035156,-0.0732201,2.460994,0.3985332,-0.1240607,2.468806,0.3062209,-0.1001201,2.578729,0.291097,-0.2367812,2.594024,0.2862418,-0.287748,2.565102,0.3517063,-0.08484745,2.550898,0.4380105,-0.2294345,2.433055,0.4532948,-0.1758959,2.61423,0.3292115,0.2280011,2.574593
72057594038008658,0,1.046208,15579.89,0.3306286,-0.09569791,2.587626,0.3382328,0.3337863,2.559733,0.261184,0.1765962,2.647356,0.2262227,0.07628381,2.709705,0.3185099,-0.01322949,2.584995,0.2987627,-0.01890683,2.523026,0.3606501,0.2113766,2.496817,0.3957654,0.09787703,2.436454,0.4035156,-0.0732201,2.460994,0.3985332,-0.1240607,2.468806,0.3062209,-0.1001201,2.578729,0.291097,-0.2367812,2.594024,0.2862418,-0.287748,2.565102,0.3517063,-0.08484745,2.550898,0.4380105,-0.2294345,2.433055,0.4532948,-0.1758959,2.61423,0.3292115,0.2280011,2.574593
72057594038008658,0,1.048473,15579.89,0.3336193,-0.09704649,2.587548,0.3516644,0.3383861,2.552117,0.2775568,0.1825491,2.641525,0.2427716,0.08190435,2.703574,0.3289311,-0.0133768,2.578773,0.3121317,-0.02713683,2.519915,0.3627348,0.213866,2.499033,0.3954094,0.1005239,2.436617,0.4073721,-0.071188,2.456097,0.4032779,-0.1248122,2.467117,0.309063,-0.1008775,2.575828,0.2931296,-0.2362754,2.593266,0.285435,-0.2883602,2.569276,0.3556574,-0.08712092,2.554783,0.4357133,-0.2283553,2.426788,0.4509898,-0.1748489,2.607834,0.3423664,0.2319159,2.569492
72057594038008658,0,1.048473,15579.89,0.3336193,-0.09704649,2.587548,0.3516644,0.3383861,2.552117,0.2775568,0.1825491,2.641525,0.2427716,0.08190435,2.703574,0.3289311,-0.0133768,2.578773,0.3121317,-0.02713683,2.519915,0.3627348,0.213866,2.499033,0.3954094,0.1005239,2.436617,0.4073721,-0.071188,2.456097,0.4032779,-0.1248122,2.467117,0.309063,-0.1008775,2.575828,0.2931296,-0.2362754,2.593266,0.285435,-0.2883602,2.569276,0.3556574,-0.08712092,2.554783,0.4357133,-0.2283553,2.426788,0.4509898,-0.1748489,2.607834,0.3423664,0.2319159,2.569492
72057594038008658,0,1.048473,15579.9,0.3336193,-0.09704649,2.587548,0.3516644,0.3383861,2.552117,0.2775568,0.1825491,2.641525,0.2427716,0.08190435,2.703574,0.3289311,-0.0133768,2.578773,0.3121317,-0.02713683,2.519915,0.3627348,0.213866,2.499033,0.3954094,0.1005239,2.436617,0.4073721,-0.071188,2.456097,0.4032779,-0.1248122,2.467117,0.309063,-0.1008775,2.575828,0.2931296,-0.2362754,2.593266,0.285435,-0.2883602,2.569276,0.3556574,-0.08712092,2.554783,0.4357133,-0.2283553,2.426788,0.4509898,-0.1748489,2.607834,0.3423664,0.2319159,2.569492
72057594038008658,0,1.048473,15579.9,0.3336193,-0.09704649,2.587548,0.3516644,0.3383861,2.552117,0.2775568,0.1825491,2.641525,0.2427716,0.08190435,2.703574,0.3289311,-0.0133768,2.578773,0.3121317,-0.02713683,2.519915,0.3627348,0.213866,2.499033,0.3954094,0.1005239,2.436617,0.4073721,-0.071188,2.456097,0.4032779,-0.1248122,2.467117,0.309063,-0.1008775,2.575828,0.2931296,-0.2362754,2.593266,0.285435,-0.2883602,2.569276,0.3556574,-0.08712092,2.554783,0.4357133,-0.2283553,2.426788,0.4509898,-0.1748489,2.607834,0.3423664,0.2319159,2.569492
72057594038008658,0,1.048473,15579.91,0.3336193,-0.09704649,2.587548,0.3516644,0.3383861,2.552117,0.2775568,0.1825491,2.641525,0.2427716,0.08190435,2.703574,0.3289311,-0.0133768,2.578773,0.3121317,-0.02713683,2.519915,0.3627348,0.213866,2.499033,0.3954094,0.1005239,2.436617,0.4073721,-0.071188,2.456097,0.4032779,-0.1248122,2.467117,0.309063,-0.1008775,2.575828,0.2931296,-0.2362754,2.593266,0.285435,-0.2883602,2.569276,0.3556574,-0.08712092,2.554783,0.4357133,-0.2283553,2.426788,0.4509898,-0.1748489,2.607834,0.3423664,0.2319159,2.569492
72057594038008658,0,1.048473,15579.91,0.3336193,-0.09704649,2.587548,0.3516644,0.3383861,2.552117,0.2775568,0.1825491,2.641525,0.2427716,0.08190435,2.703574,0.3289311,-0.0133768,2.578773,0.3121317,-0.02713683,2.519915,0.3627348,0.213866,2.499033,0.3954094,0.1005239,2.436617,0.4073721,-0.071188,2.456097,0.4032779,-0.1248122,2.467117,0.309063,-0.1008775,2.575828,0.2931296,-0.2362754,2.593266,0.285435,-0.2883602,2.569276,0.3556574,-0.08712092,2.554783,0.4357133,-0.2283553,2.426788,0.4509898,-0.1748489,2.607834,0.3423664,0.2319159,2.569492
72057594038008658,0,1.048473,15579.91,0.3336193,-0.09704649,2.587548,0.3516644,0.3383861,2.552117,0.2775568,0.1825491,2.641525,0.2427716,0.08190435,2.703574,0.3289311,-0.0133768,2.578773,0.3121317,-0.02713683,2.519915,0.3627348,0.213866,2.499033,0.3954094,0.1005239,2.436617,0.4073721,-0.071188,2.456097,0.4032779,-0.1248122,2.467117,0.309063,-0.1008775,2.575828,0.2931296,-0.2362754,2.593266,0.285435,-0.2883602,2.569276,0.3556574,-0.08712092,2.554783,0.4357133,-0.2283553,2.426788,0.4509898,-0.1748489,2.607834,0.3423664,0.2319159,2.569492
72057594038008658,0,1.048473,15579.91,0.3336193,-0.09704649,2.587548,0.3516644,0.3383861,2.552117,0.2775568,0.1825491,2.641525,0.2427716,0.08190435,2.703574,0.3289311,-0.0133768,2.578773,0.3121317,-0.02713683,2.519915,0.3627348,0.213866,2.499033,0.3954094,0.1005239,2.436617,0.4073721,-0.071188,2.456097,0.4032779,-0.1248122,2.467117,0.309063,-0.1008775,2.575828,0.2931296,-0.2362754,2.593266,0.285435,-0.2883602,2.569276,0.3556574,-0.08712092,2.554783,0.4357133,-0.2283553,2.426788,0.4509898,-0.1748489,2.607834,0.3423664,0.2319159,2.569492
72057594038008658,0,1.048473,15579.92,0.3336193,-0.09704649,2.587548,0.3516644,0.3383861,2.552117,0.2775568,0.1825491,2.641525,0.2427716,0.08190435,2.703574,0.3289311,-0.0133768,2.578773,0.3121317,-0.02713683,2.519915,0.3627348,0.213866,2.499033,0.3954094,0.1005239,2.436617,0.4073721,-0.071188,2.456097,0.4032779,-0.1248122,2.467117,0.309063,-0.1008775,2.575828,0.2931296,-0.2362754,2.593266,0.285435,-0.2883602,2.569276,0.3556574,-0.08712092,2.554783,0.4357133,-0.2283553,2.426788,0.4509898,-0.1748489,2.607834,0.3423664,0.2319159,2.569492
72057594038008658,0,1.048473,15579.92,0.3336193,-0.09704649,2.587548,0.3516644,0.3383861,2.552117,0.2775568,0.1825491,2.641525,0.2427716,0.08190435,2.703574,0.3289311,-0.0133768,2.578773,0.3121317,-0.02713683,2.519915,0.3627348,0.213866,2.499033,0.3954094,0.1005239,2.436617,0.4073721,-0.071188,2.456097,0.4032779,-0.1248122,2.467117,0.309063,-0.1008775,2.575828,0.2931296,-0.2362754,2.593266,0.285435,-0.2883602,2.569276,0.3556574,-0.08712092,2.554783,0.4357133,-0.2283553,2.426788,0.4509898,-0.1748489,2.607834,0.3423664,0.2319159,2.569492
72057594038008658,0,1.052591,15579.92,0.3310945,-0.1037784,2.59731,0.3529682,0.3382497,2.543994,0.2873367,0.1835474,2.634935,0.3480191,0.0353153,2.554924,0.4067029,-0.1079606,2.468271,0.4017376,-0.1297324,2.461689,0.3679747,0.2187492,2.500467,0.3976074,0.1061133,2.434635,0.4084924,-0.06563544,2.454693,0.4014383,-0.1152518,2.463176,0.3058526,-0.1050815,2.585911,0.3016835,-0.2189026,2.593954,0.2873728,-0.2896879,2.570222,0.3523409,-0.09586042,2.564799,0.4072344,-0.2557057,2.448046,0.4226095,-0.2021552,2.629012,0.3496762,0.2321305,2.565233
72057594038008658,0,1.052591,15579.93,0.3310945,-0.1037784,2.59731,0.3529682,0.3382497,2.543994,0.2873367,0.1835474,2.634935,0.3480191,0.0353153,2.554924,0.4067029,-0.1079606,2.468271,0.4017376,-0.1297324,2.461689,0.3679747,0.2187492,2.500467,0.3976074,0.1061133,2.434635,0.4084924,-0.06563544,2.454693,0.4014383,-0.1152518,2.463176,0.3058526,-0.1050815,2.585911,0.3016835,-0.2189026,2.593954,0.2873728,-0.2896879,2.570222,0.3523409,-0.09586042,2.564799,0.4072344,-0.2557057,2.448046,0.4226095,-0.2021552,2.629012,0.3496762,0.2321305,2.565233
72057594038008658,0,1.052591,15579.93,0.3310945,-0.1037784,2.59731,0.3529682,0.3382497,2.543994,0.2873367,0.1835474,2.634935,0.3480191,0.0353153,2.554924,0.4067029,-0.1079606,2.468271,0.4017376,-0.1297324,2.461689,0.3679747,0.2187492,2.500467,0.3976074,0.1061133,2.434635,0.4084924,-0.06563544,2.454693,0.4014383,-0.1152518,2.463176,0.3058526,-0.1050815,2.585911,0.3016835,-0.2189026,2.593954,0.2873728,-0.2896879,2.570222,0.3523409,-0.09586042,2.564799,0.4072344,-0.2557057,2.448046,0.4226095,-0.2021552,2.629012,0.3496762,0.2321305,2.565233
72057594038008658,0,1.052591,15579.94,0.3310945,-0.1037784,2.59731,0.3529682,0.3382497,2.543994,0.2873367,0.1835474,2.634935,0.3480191,0.0353153,2.554924,0.4067029,-0.1079606,2.468271,0.4017376,-0.1297324,2.461689,0.3679747,0.2187492,2.500467,0.3976074,0.1061133,2.434635,0.4084924,-0.06563544,2.454693,0.4014383,-0.1152518,2.463176,0.3058526,-0.1050815,2.585911,0.3016835,-0.2189026,2.593954,0.2873728,-0.2896879,2.570222,0.3523409,-0.09586042,2.564799,0.4072344,-0.2557057,2.448046,0.4226095,-0.2021552,2.629012,0.3496762,0.2321305,2.565233
72057594038008658,0,1.052591,15579.95,0.3310945,-0.1037784,2.59731,0.3529682,0.3382497,2.543994,0.2873367,0.1835474,2.634935,0.3480191,0.0353153,2.554924,0.4067029,-0.1079606,2.468271,0.4017376,-0.1297324,2.461689,0.3679747,0.2187492,2.500467,0.3976074,0.1061133,2.434635,0.4084924,-0.06563544,2.454693,0.4014383,-0.1152518,2.463176,0.3058526,-0.1050815,2.585911,0.3016835,-0.2189026,2.593954,0.2873728,-0.2896879,2.570222,0.3523409,-0.09586042,2.564799,0.4072344,-0.2557057,2.448046,0.4226095,-0.2021552,2.629012,0.3496762,0.2321305,2.565233
72057594038008658,0,1.052591,15579.95,0.3310945,-0.1037784,2.59731,0.3529682,0.3382497,2.543994,0.2873367,0.1835474,2.634935,0.3480191,0.0353153,2.554924,0.4067029,-0.1079606,2.468271,0.4017376,-0.1297324,2.461689,0.3679747,0.2187492,2.500467,0.3976074,0.1061133,2.434635,0.4084924,-0.06563544,2.454693,0.4014383,-0.1152518,2.463176,0.3058526,-0.1050815,2.585911,0.3016835,-0.2189026,2.593954,0.2873728,-0.2896879,2.570222,0.3523409,-0.09586042,2.564799,0.4072344,-0.2557057,2.448046,0.4226095,-0.2021552,2.629012,0.3496762,0.2321305,2.565233
72057594038008658,0,1.052591,15579.95,0.3310945,-0.1037784,2.59731,0.3529682,0.3382497,2.543994,0.2873367,0.1835474,2.634935,0.3480191,0.0353153,2.554924,0.4067029,-0.1079606,2.468271,0.4017376,-0.1297324,2.461689,0.3679747,0.2187492,2.500467,0.3976074,0.1061133,2.434635,0.4084924,-0.06563544,2.454693,0.4014383,-0.1152518,2.463176,0.3058526,-0.1050815,2.585911,0.3016835,-0.2189026,2.593954,0.2873728,-0.2896879,2.570222,0.3523409,-0.09586042,2.564799,0.4072344,-0.2557057,2.448046,0.4226095,-0.2021552,2.629012,0.3496762,0.2321305,2.565233
72057594038008658,0,1.057869,15579.96,0.3397581,-0.1065753,2.599062,0.3842837,0.2504427,2.517282,0.3222438,0.1662416,2.600522,0.3566784,0.01283154,2.513999,0.4060769,-0.1110837,2.466829,0.4022257,-0.1278819,2.453669,0.372855,0.220658,2.499324,0.397483,0.1046768,2.438008,0.4097213,-0.06712112,2.457095,0.4000184,-0.1076369,2.460339,0.316055,-0.1076874,2.580233,0.3033818,-0.2166355,2.59203,0.287877,-0.2899165,2.570369,0.3622209,-0.09939003,2.575754,0.4098239,-0.2677728,2.471455,0.425187,-0.2142624,2.652231,0.3581906,0.2314674,2.559858
72057594038008658,0,1.057869,15579.96,0.3397581,-0.1065753,2.599062,0.3842837,0.2504427,2.517282,0.3222438,0.1662416,2.600522,0.3566784,0.01283154,2.513999,0.4060769,-0.1110837,2.466829,0.4022257,-0.1278819,2.453669,0.372855,0.220658,2.499324,0.397483,0.1046768,2.438008,0.4097213,-0.06712112,2.457095,0.4000184,-0.1076369,2.460339,0.316055,-0.1076874,2.580233,0.3033818,-0.2166355,2.59203,0.287877,-0.2899165,2.570369,0.3622209,-0.09939003,2.575754,0.4098239,-0.2677728,2.471455,0.425187,-0.2142624,2.652231,0.3581906,0.2314674,2.559858
72057594038008658,0,1.057869,15579.96,0.3397581,-0.1065753,2.599062,0.3842837,0.2504427,2.517282,0.3222438,0.1662416,2.600522,0.3566784,0.01283154,2.513999,0.4060769,-0.1110837,2.466829,0.4022257,-0.1278819,2.453669,0.372855,0.220658,2.499324,0.397483,0.1046768,2.438008,0.4097213,-0.06712112,2.457095,0.4000184,-0.1076369,2.460339,0.316055,-0.1076874,2.580233,0.3033818,-0.2166355,2.59203,0.287877,-0.2899165,2.570369,0.3622209,-0.09939003,2.575754,0.4098239,-0.2677728,2.471455,0.425187,-0.2142624,2.652231,0.3581906,0.2314674,2.559858
72057594038008658,0,1.057869,15579.97,0.3397581,-0.1065753,2.599062,0.3842837,0.2504427,2.517282,0.3222438,0.1662416,2.600522,0.3566784,0.01283154,2.513999,0.4060769,-0.1110837,2.466829,0.4022257,-0.1278819,2.453669,0.372855,0.220658,2.499324,0.397483,0.1046768,2.438008,0.4097213,-0.06712112,2.457095,0.4000184,-0.1076369,2.460339,0.316055,-0.1076874,2.580233,0.3033818,-0.2166355,2.59203,0.287877,-0.2899165,2.570369,0.3622209,-0.09939003,2.575754,0.4098239,-0.2677728,2.471455,0.425187,-0.2142624,2.652231,0.3581906,0.2314674,2.559858
72057594038008658,0,1.057869,15579.97,0.3397581,-0.1065753,2.599062,0.3842837,0.2504427,2.517282,0.3222438,0.1662416,2.600522,0.3566784,0.01283154,2.513999,0.4060769,-0.1110837,2.466829,0.4022257,-0.1278819,2.453669,0.372855,0.220658,2.499324,0.397483,0.1046768,2.438008,0.4097213,-0.06712112,2.457095,0.4000184,-0.1076369,2.460339,0.316055,-0.1076874,2.580233,0.3033818,-0.2166355,2.59203,0.287877,-0.2899165,2.570369,0.3622209,-0.09939003,2.575754,0.4098239,-0.2677728,2.471455,0.425187,-0.2142624,2.652231,0.3581906,0.2314674,2.559858
72057594038008658,0,1.057869,15579.97,0.3397581,-0.1065753,2.599062,0.3842837,0.2504427,2.517282,0.3222438,0.1662416,2.600522,0.3566784,0.01283154,2.513999,0.4060769,-0.1110837,2.466829,0.4022257,-0.1278819,2.453669,0.372855,0.220658,2.499324,0.397483,0.1046768,2.438008,0.4097213,-0.06712112,2.457095,0.4000184,-0.1076369,2.460339,0.316055,-0.1076874,2.580233,0.3033818,-0.2166355,2.59203,0.287877,-0.2899165,2.570369,0.3622209,-0.09939003,2.575754,0.4098239,-0.2677728,2.471455,0.425187,-0.2142624,2.652231,0.3581906,0.2314674,2.559858
72057594038008658,0,1.057869,15579.99,0.3397581,-0.1065753,2.599062,0.3842837,0.2504427,2.517282,0.3222438,0.1662416,2.600522,0.3566784,0.01283154,2.513999,0.4060769,-0.1110837,2.466829,0.4022257,-0.1278819,2.453669,0.372855,0.220658,2.499324,0.397483,0.1046768,2.438008,0.4097213,-0.06712112,2.457095,0.4000184,-0.1076369,2.460339,0.316055,-0.1076874,2.580233,0.3033818,-0.2166355,2.59203,0.287877,-0.2899165,2.570369,0.3622209,-0.09939003,2.575754,0.4098239,-0.2677728,2.471455,0.425187,-0.2142624,2.652231,0.3581906,0.2314674,2.559858
72057594038008658,0,1.152651,15579.99,0.3871402,-0.1919593,2.607804,0.3377962,0.0941608,2.576894,0.2907649,0.02321392,2.664861,0.3627008,-0.03218672,2.505689,0.4092554,-0.1512914,2.492394,0.4173023,-0.1761046,2.463058,0.351447,0.08150488,2.561309,0.4048812,0.1139848,2.437885,0.412477,-0.05729407,2.462008,0.4015399,-0.09622461,2.461635,0.3574466,-0.196398,2.586141,0.3419704,-0.2590357,2.58543,0.2885561,-0.2900845,2.570507,0.4106061,-0.1783212,2.585914,0.4248747,-0.3571275,2.493618,0.4401999,-0.3034413,2.674285,0.3454548,0.09485742,2.610332
72057594038008658,0,1.152651,15580,0.3871402,-0.1919593,2.607804,0.3377962,0.0941608,2.576894,0.2907649,0.02321392,2.664861,0.3627008,-0.03218672,2.505689,0.4092554,-0.1512914,2.492394,0.4173023,-0.1761046,2.463058,0.351447,0.08150488,2.561309,0.4048812,0.1139848,2.437885,0.412477,-0.05729407,2.462008,0.4015399,-0.09622461,2.461635,0.3574466,-0.196398,2.586141,0.3419704,-0.2590357,2.58543,0.2885561,-0.2900845,2.570507,0.4106061,-0.1783212,2.585914,0.4248747,-0.3571275,2.493618,0.4401999,-0.3034413,2.674285,0.3454548,0.09485742,2.610332
72057594038008658,0,1.152651,15580,0.3871402,-0.1919593,2.607804,0.3377962,0.0941608,2.576894,0.2907649,0.02321392,2.664861,0.3627008,-0.03218672,2.505689,0.4092554,-0.1512914,2.492394,0.4173023,-0.1761046,2.463058,0.351447,0.08150488,2.561309,0.4048812,0.1139848,2.437885,0.412477,-0.05729407,2.462008,0.4015399,-0.09622461,2.461635,0.3574466,-0.196398,2.586141,0.3419704,-0.2590357,2.58543,0.2885561,-0.2900845,2.570507,0.4106061,-0.1783212,2.585914,0.4248747,-0.3571275,2.493618,0.4401999,-0.3034413,2.674285,0.3454548,0.09485742,2.610332
72057594038008658,0,1.152651,15580.01,0.3871402,-0.1919593,2.607804,0.3377962,0.0941608,2.576894,0.2907649,0.02321392,2.664861,0.3627008,-0.03218672,2.505689,0.4092554,-0.1512914,2.492394,0.4173023,-0.1761046,2.463058,0.351447,0.08150488,2.561309,0.4048812,0.1139848,2.437885,0.412477,-0.05729407,2.462008,0.4015399,-0.09622461,2.461635,0.3574466,-0.196398,2.586141,0.3419704,-0.2590357,2.58543,0.2885561,-0.2900845,2.570507,0.4106061,-0.1783212,2.585914,0.4248747,-0.3571275,2.493618,0.4401999,-0.3034413,2.674285,0.3454548,0.09485742,2.610332
72057594038008658,0,1.152651,15580.01,0.3871402,-0.1919593,2.607804,0.3377962,0.0941608,2.576894,0.2907649,0.02321392,2.664861,0.3627008,-0.03218672,2.505689,0.4092554,-0.1512914,2.492394,0.4173023,-0.1761046,2.463058,0.351447,0.08150488,2.561309,0.4048812,0.1139848,2.437885,0.412477,-0.05729407,2.462008,0.4015399,-0.09622461,2.461635,0.3574466,-0.196398,2.586141,0.3419704,-0.2590357,2.58543,0.2885561,-0.2900845,2.570507,0.4106061,-0.1783212,2.585914,0.4248747,-0.3571275,2.493618,0.4401999,-0.3034413,2.674285,0.3454548,0.09485742,2.610332
72057594038008658,0,1.152651,15580.01,0.3871402,-0.1919593,2.607804,0.3377962,0.0941608,2.576894,0.2907649,0.02321392,2.664861,0.3627008,-0.03218672,2.505689,0.4092554,-0.1512914,2.492394,0.4173023,-0.1761046,2.463058,0.351447,0.08150488,2.561309,0.4048812,0.1139848,2.437885,0.412477,-0.05729407,2.462008,0.4015399,-0.09622461,2.461635,0.3574466,-0.196398,2.586141,0.3419704,-0.2590357,2.58543,0.2885561,-0.2900845,2.570507,0.4106061,-0.1783212,2.585914,0.4248747,-0.3571275,2.493618,0.4401999,-0.3034413,2.674285,0.3454548,0.09485742,2.610332
72057594038008658,0,1.152651,15580.01,0.3871402,-0.1919593,2.607804,0.3377962,0.0941608,2.576894,0.2907649,0.02321392,2.664861,0.3627008,-0.03218672,2.505689,0.4092554,-0.1512914,2.492394,0.4173023,-0.1761046,2.463058,0.351447,0.08150488,2.561309,0.4048812,0.1139848,2.437885,0.412477,-0.05729407,2.462008,0.4015399,-0.09622461,2.461635,0.3574466,-0.196398,2.586141,0.3419704,-0.2590357,2.58543,0.2885561,-0.2900845,2.570507,0.4106061,-0.1783212,2.585914,0.4248747,-0.3571275,2.493618,0.4401999,-0.3034413,2.674285,0.3454548,0.09485742,2.610332
72057594038008658,0,1.152651,15580.02,0.3871402,-0.1919593,2.607804,0.3377962,0.0941608,2.576894,0.2907649,0.02321392,2.664861,0.3627008,-0.03218672,2.505689,0.4092554,-0.1512914,2.492394,0.4173023,-0.1761046,2.463058,0.351447,0.08150488,2.561309,0.4048812,0.1139848,2.437885,0.412477,-0.05729407,2.462008,0.4015399,-0.09622461,2.461635,0.3574466,-0.196398,2.586141,0.3419704,-0.2590357,2.58543,0.2885561,-0.2900845,2.570507,0.4106061,-0.1783212,2.585914,0.4248747,-0.3571275,2.493618,0.4401999,-0.3034413,2.674285,0.3454548,0.09485742,2.610332
72057594038008658,0,1.152651,15580.02,0.3871402,-0.1919593,2.607804,0.3377962,0.0941608,2.576894,0.2907649,0.02321392,2.664861,0.3627008,-0.03218672,2.505689,0.4092554,-0.1512914,2.492394,0.4173023,-0.1761046,2.463058,0.351447,0.08150488,2.561309,0.4048812,0.1139848,2.437885,0.412477,-0.05729407,2.462008,0.4015399,-0.09622461,2.461635,0.3574466,-0.196398,2.586141,0.3419704,-0.2590357,2.58543,0.2885561,-0.2900845,2.570507,0.4106061,-0.1783212,2.585914,0.4248747,-0.3571275,2.493618,0.4401999,-0.3034413,2.674285,0.3454548,0.09485742,2.610332
72057594038008658,0,1.160814,15580.02,0.3962919,-0.1969268,2.604967,0.3422821,0.09730476,2.571582,0.2951784,0.02631983,2.659556,0.3707516,-0.01790693,2.498425,0.4092572,-0.1400557,2.489904,0.4010062,-0.1507348,2.522722,0.3826844,0.1473733,2.508583,0.3979998,-0.0259361,2.48346,0.3941957,-0.1511578,2.537135,0.3780638,-0.1722998,2.542711,0.3644856,-0.2033894,2.580121,0.346379,-0.2559387,2.580126,0.2901004,-0.2909239,2.569541,0.4232075,-0.1817973,2.586068,0.4146368,-0.3578883,2.485032,0.4299833,-0.3042081,2.665631,0.3500804,0.09696957,2.605609
72057594038008658,0,1.160814,15580.03,0.3962919,-0.1969268,2.604967,0.3422821,0.09730476,2.571582,0.2951784,0.02631983,2.659556,0.3707516,-0.01790693,2.498425,0.4092572,-0.1400557,2.489904,0.4010062,-0.1507348,2.522722,0.3826844,0.1473733,2.508583,0.3979998,-0.0259361,2.48346,0.3941957,-0.1511578,2.537135,0.3780638,-0.1722998,2.542711,0.3644856,-0.2033894,2.580121,0.346379,-0.2559387,2.580126,0.2901004,-0.2909239,2.569541,0.4232075,-0.1817973,2.586068,0.4146368,-0.3578883,2.485032,0.4299833,-0.3042081,2.665631,0.3500804,0.09696957,2.605609
72057594038008658,0,1.160814,15580.03,0.3962919,-0.1969268,2.604967,0.3422821,0.09730476,2.571582,0.2951784,0.02631983,2.659556,0.3707516,-0.01790693,2.498425,0.4092572,-0.1400557,2.489904,0.4010062,-0.1507348,2.522722,0.3826844,0.1473733,2.508583,0.3979998,-0.0259361,2.48346,0.3941957,-0.1511578,2.537135,0.3780638,-0.1722998,2.542711,0.3644856,-0.2033894,2.580121,0.346379,-0.2559387,2.580126,0.2901004,-0.2909239,2.569541,0.4232075,-0.1817973,2.586068,0.4146368,-0.3578883,2.485032,0.4299833,-0.3042081,2.665631,0.3500804,0.09696957,2.605609
72057594038008658,0,1.160814,15580.03,0.3962919,-0.1969268,2.604967,0.3422821,0.09730476,2.571582,0.2951784,0.02631983,2.659556,0.3707516,-0.01790693,2.498425,0.4092572,-0.1400557,2.489904,0.4010062,-0.1507348,2.522722,0.3826844,0.1473733,2.508583,0.3979998,-0.0259361,2.48346,0.3941957,-0.1511578,2.537135,0.3780638,-0.1722998,2.542711,0.3644856,-0.2033894,2.580121,0.346379,-0.2559387,2.580126,0.2901004,-0.2909239,2.569541,0.4232075,-0.1817973,2.586068,0.4146368,-0.3578883,2.485032,0.4299833,-0.3042081,2.665631,0.3500804,0.09696957,2.605609
72057594038008658,0,1.160814,15580.04,0.3962919,-0.1969268,2.604967,0.3422821,0.09730476,2.571582,0.2951784,0.02631983,2.659556,0.3707516,-0.01790693,2.498425,0.4092572,-0.1400557,2.489904,0.4010062,-0.1507348,2.522722,0.3826844,0.1473733,2.508583,0.3979998,-0.0259361,2.48346,0.3941957,-0.1511578,2.537135,0.3780638,-0.1722998,2.542711,0.3644856,-0.2033894,2.580121,0.346379,-0.2559387,2.580126,0.2901004,-0.2909239,2.569541,0.4232075,-0.1817973,2.586068,0.4146368,-0.3578883,2.485032,0.4299833,-0.3042081,2.665631,0.3500804,0.09696957,2.605609
72057594038008658,0,1.160814,15580.04,0.3962919,-0.1969268,2.604967,0.3422821,0.09730476,2.571582,0.2951784,0.02631983,2.659556,0.3707516,-0.01790693,2.498425,0.4092572,-0.1400557,2.489904,0.4010062,-0.1507348,2.522722,0.3826844,0.1473733,2.508583,0.3979998,-0.0259361,2.48346,0.3941957,-0.1511578,2.537135,0.3780638,-0.1722998,2.542711,0.3644856,-0.2033894,2.580121,0.346379,-0.2559387,2.580126,0.2901004,-0.2909239,2.569541,0.4232075,-0.1817973,2.586068,0.4146368,-0.3578883,2.485032,0.4299833,-0.3042081,2.665631,0.3500804,0.09696957,2.605609
72057594038008658,0,1.160814,15580.04,0.3962919,-0.1969268,2.604967,0.3422821,0.09730476,2.571582,0.2951784,0.02631983,2.659556,0.3707516,-0.01790693,2.498425,0.4092572,-0.1400557,2.489904,0.4010062,-0.1507348,2.522722,0.3826844,0.1473733,2.508583,0.3979998,-0.0259361,2.48346,0.3941957,-0.1511578,2.537135,0.3780638,-0.1722998,2.542711,0.3644856,-0.2033894,2.580121,0.346379,-0.2559387,2.580126,0.2901004,-0.2909239,2.569541,0.4232075,-0.1817973,2.586068,0.4146368,-0.3578883,2.485032,0.4299833,-0.3042081,2.665631,0.3500804,0.09696957,2.605609
72057594038008658,0,1.160814,15580.05,0.3962919,-0.1969268,2.604967,0.3422821,0.09730476,2.571582,0.2951784,0.02631983,2.659556,0.3707516,-0.01790693,2.498425,0.4092572,-0.1400557,2.489904,0.4010062,-0.1507348,2.522722,0.3826844,0.1473733,2.508583,0.3979998,-0.0259361,2.48346,0.3941957,-0.1511578,2.537135,0.3780638,-0.1722998,2.542711,0.3644856,-0.2033894,2.580121,0.346379,-0.2559387,2.580126,0.2901004,-0.2909239,2.569541,0.4232075,-0.1817973,2.586068,0.4146368,-0.3578883,2.485032,0.4299833,-0.3042081,2.665631,0.3500804,0.09696957,2.605609
72057594038008658,0,1.160814,15580.05,0.3962919,-0.1969268,2.604967,0.3422821,0.09730476,2.571582,0.2951784,0.02631983,2.659556,0.3707516,-0.01790693,2.498425,0.4092572,-0.1400557,2.489904,0.4010062,-0.1507348,2.522722,0.3826844,0.1473733,2.508583,0.3979998,-0.0259361,2.48346,0.3941957,-0.1511578,2.537135,0.3780638,-0.1722998,2.542711,0.3644856,-0.2033894,2.580121,0.346379,-0.2559387,2.580126,0.2901004,-0.2909239,2.569541,0.4232075,-0.1817973,2.586068,0.4146368,-0.3578883,2.485032,0.4299833,-0.3042081,2.665631,0.3500804,0.09696957,2.605609
72057594038008658,0,1.264005,15580.05,0.4344448,-0.2804989,2.517862,0.3803625,0.004748911,2.498277,0.3326003,-0.06484669,2.586501,0.3949316,-0.04813549,2.464381,0.41764,-0.1638229,2.506911,0.3976279,-0.1670099,2.532675,0.4131888,0.05125403,2.443918,0.4037304,-0.08935291,2.48087,0.389477,-0.1739483,2.568997,0.3565934,-0.1989099,2.55556,0.4077602,-0.2991716,2.534929,0.3837397,-0.3470078,2.506962,0.2933109,-0.2903919,2.568534,0.4540054,-0.2509606,2.457764,0.4553675,-0.3487114,2.458943,0.4570507,-0.3375722,2.485278,0.3880988,0.006546557,2.530538
72057594038008658,0,1.264005,15580.06,0.4344448,-0.2804989,2.517862,0.3803625,0.004748911,2.498277,0.3326003,-0.06484669,2.586501,0.3949316,-0.04813549,2.464381,0.41764,-0.1638229,2.506911,0.3976279,-0.1670099,2.532675,0.4131888,0.05125403,2.443918,0.4037304,-0.08935291,2.48087,0.389477,-0.1739483,2.568997,0.3565934,-0.1989099,2.55556,0.4077602,-0.2991716,2.534929,0.3837397,-0.3470078,2.506962,0.2933109,-0.2903919,2.568534,0.4540054,-0.2509606,2.457764,0.4553675,-0.3487114,2.458943,0.4570507,-0.3375722,2.485278,0.3880988,0.006546557,2.530538
72057594038008658,0,1.264005,15580.06,0.4344448,-0.2804989,2.517862,0.3803625,0.004748911,2.498277,0.3326003,-0.06484669,2.586501,0.3949316,-0.04813549,2.464381,0.41764,-0.1638229,2.506911,0.3976279,-0.1670099,2.532675,0.4131888,0.05125403,2.443918,0.4037304,-0.08935291,2.48087,0.389477,-0.1739483,2.568997,0.3565934,-0.1989099,2.55556,0.4077602,-0.2991716,2.534929,0.3837397,-0.3470078,2.506962,0.2933109,-0.2903919,2.568534,0.4540054,-0.2509606,2.457764,0.4553675,-0.3487114,2.458943,0.4570507,-0.3375722,2.485278,0.3880988,0.006546557,2.530538
72057594038008658,0,1.264005,15580.06,0.4344448,-0.2804989,2.517862,0.3803625,0.004748911,2.498277,0.3326003,-0.06484669,2.586501,0.3949316,-0.04813549,2.464381,0.41764,-0.1638229,2.506911,0.3976279,-0.1670099,2.532675,0.4131888,0.05125403,2.443918,0.4037304,-0.08935291,2.48087,0.389477,-0.1739483,2.568997,0.3565934,-0.1989099,2.55556,0.4077602,-0.2991716,2.534929,0.3837397,-0.3470078,2.506962,0.2933109,-0.2903919,2.568534,0.4540054,-0.2509606,2.457764,0.4553675,-0.3487114,2.458943,0.4570507,-0.3375722,2.485278,0.3880988,0.006546557,2.530538
72057594038008658,0,1.264005,15580.07,0.4344448,-0.2804989,2.517862,0.3803625,0.004748911,2.498277,0.3326003,-0.06484669,2.586501,0.3949316,-0.04813549,2.464381,0.41764,-0.1638229,2.506911,0.3976279,-0.1670099,2.532675,0.4131888,0.05125403,2.443918,0.4037304,-0.08935291,2.48087,0.389477,-0.1739483,2.568997,0.3565934,-0.1989099,2.55556,0.4077602,-0.2991716,2.534929,0.3837397,-0.3470078,2.506962,0.2933109,-0.2903919,2.568534,0.4540054,-0.2509606,2.457764,0.4553675,-0.3487114,2.458943,0.4570507,-0.3375722,2.485278,0.3880988,0.006546557,2.530538
72057594038008658,0,1.264005,15580.07,0.4344448,-0.2804989,2.517862,0.3803625,0.004748911,2.498277,0.3326003,-0.06484669,2.586501,0.3949316,-0.04813549,2.464381,0.41764,-0.1638229,2.506911,0.3976279,-0.1670099,2.532675,0.4131888,0.05125403,2.443918,0.4037304,-0.08935291,2.48087,0.389477,-0.1739483,2.568997,0.3565934,-0.1989099,2.55556,0.4077602,-0.2991716,2.534929,0.3837397,-0.3470078,2.506962,0.2933109,-0.2903919,2.568534,0.4540054,-0.2509606,2.457764,0.4553675,-0.3487114,2.458943,0.4570507,-0.3375722,2.485278,0.3880988,0.006546557,2.530538
72057594038008658,0,1.264005,15580.07,0.4344448,-0.2804989,2.517862,0.3803625,0.004748911,2.498277,0.3326003,-0.06484669,2.586501,0.3949316,-0.04813549,2.464381,0.41764,-0.1638229,2.506911,0.3976279,-0.1670099,2.532675,0.4131888,0.05125403,2.443918,0.4037304,-0.08935291,2.48087,0.389477,-0.1739483,2.568997,0.3565934,-0.1989099,2.55556,0.4077602,-0.2991716,2.534929,0.3837397,-0.3470078,2.506962,0.2933109,-0.2903919,2.568534,0.4540054,-0.2509606,2.457764,0.4553675,-0.3487114,2.458943,0.4570507,-0.3375722,2.485278,0.3880988,0.006546557,2.530538
72057594038008658,0,1.264005,15580.08,0.4344448,-0.2804989,2.517862,0.3803625,0.004748911,2.498277,0.3326003,-0.06484669,2.586501,0.3949316,-0.04813549,2.464381,0.41764,-0.1638229,2.506911,0.3976279,-0.1670099,2.532675,0.4131888,0.05125403,2.443918,0.4037304,-0.08935291,2.48087,0.389477,-0.1739483,2.568997,0.3565934,-0.1989099,2.55556,0.4077602,-0.2991716,2.534929,0.3837397,-0.3470078,2.506962,0.2933109,-0.2903919,2.568534,0.4540054,-0.2509606,2.457764,0.4553675,-0.3487114,2.458943,0.4570507,-0.3375722,2.485278,0.3880988,0.006546557,2.530538
72057594038008658,0,1.264005,15580.08,0.4344448,-0.2804989,2.517862,0.3803625,0.004748911,2.498277,0.3326003,-0.06484669,2.586501,0.3949316,-0.04813549,2.464381,0.41764,-0.1638229,2.506911,0.3976279,-0.1670099,2.532675,0.4131888,0.05125403,2.443918,0.4037304,-0.08935291,2.48087,0.389477,-0.1739483,2.568997,0.3565934,-0.1989099,2.55556,0.4077602,-0.2991716,2.534929,0.3837397,-0.3470078,2.506962,0.2933109,-0.2903919,2.568534,0.4540054,-0.2509606,2.457764,0.4553675,-0.3487114,2.458943,0.4570507,-0.3375722,2.485278,0.3880988,0.006546557,2.530538
72057594038008658,0,1.264005,15580.08,0.4344448,-0.2804989,2.517862,0.3803625,0.004748911,2.498277,0.3326003,-0.06484669,2.586501,0.3949316,-0.04813549,2.464381,0.41764,-0.1638229,2.506911,0.3976279,-0.1670099,2.532675,0.4131888,0.05125403,2.443918,0.4037304,-0.08935291,2.48087,0.389477,-0.1739483,2.568997,0.3565934,-0.1989099,2.55556,0.4077602,-0.2991716,2.534929,0.3837397,-0.3470078,2.506962,0.2933109,-0.2903919,2.568534,0.4540054,-0.2509606,2.457764,0.4553675,-0.3487114,2.458943,0.4570507,-0.3375722,2.485278,0.3880988,0.006546557,2.530538
72057594038008658,0,1.264005,15580.09,0.4344448,-0.2804989,2.517862,0.3803625,0.004748911,2.498277,0.3326003,-0.06484669,2.586501,0.3949316,-0.04813549,2.464381,0.41764,-0.1638229,2.506911,0.3976279,-0.1670099,2.532675,0.4131888,0.05125403,2.443918,0.4037304,-0.08935291,2.48087,0.389477,-0.1739483,2.568997,0.3565934,-0.1989099,2.55556,0.4077602,-0.2991716,2.534929,0.3837397,-0.3470078,2.506962,0.2933109,-0.2903919,2.568534,0.4540054,-0.2509606,2.457764,0.4553675,-0.3487114,2.458943,0.4570507,-0.3375722,2.485278,0.3880988,0.006546557,2.530538
