72057594037989646,0,2.486842,179127.3,0,0.38,-0.1,0,0.38,-0.1,0,0.38,-0.1,0,0.38,-0.1,0,0.38,-0.1,0,0.38,-0.1,0,0.38,-0.1,0,0.38,-0.1,0,0.38,-0.1,0,0.38,-0.1,0,0.38,-0.1,0,0.38,-0.1,0,0.38,-0.1,0,0.38,-0.1,0,0.38,-0.1,0,0.38,-0.1,0,0.38,-0.1
72057594037989646,0,1.156517,179127.3,0.1272082,-0.01283735,1.615183,0.08937313,0.6624925,1.507286,-0.0003566697,0.4564856,1.560044,-0.03460106,0.2947852,1.503751,-0.0677663,0.185403,1.400776,-0.1108866,0.1359693,1.382118,0.1979986,0.4475223,1.507018,0.230245,0.2761787,1.441921,0.1999974,0.08118162,1.470524,0.1962079,0.02088463,1.496115,0.07997712,-0.004631013,1.599998,0.06353837,-0.2485971,1.587549,-0.03998908,-0.4665416,1.640735,0.1705123,-0.008871019,1.577214,0.1724211,-0.2349353,1.541488,0.3261701,-0.4300465,1.50906,0.09905497,0.5038542,1.519018
72057594037989646,0,1.156517,179127.3,0.1272082,-0.01283735,1.615183,0.08937313,0.6624925,1.507286,-0.0003566697,0.4564856,1.560044,-0.03460106,0.2947852,1.503751,-0.0677663,0.185403,1.400776,-0.1108866,0.1359693,1.382118,0.1979986,0.4475223,1.507018,0.230245,0.2761787,1.441921,0.1999974,0.08118162,1.470524,0.1962079,0.02088463,1.496115,0.07997712,-0.004631013,1.599998,0.06353837,-0.2485971,1.587549,-0.03998908,-0.4665416,1.640735,0.1705123,-0.008871019,1.577214,0.1724211,-0.2349353,1.541488,0.3261701,-0.4300465,1.50906,0.09905497,0.5038542,1.519018
72057594037989646,0,1.156517,179127.3,0.1272082,-0.01283735,1.615183,0.08937313,0.6624925,1.507286,-0.0003566697,0.4564856,1.560044,-0.03460106,0.2947852,1.503751,-0.0677663,0.185403,1.400776,-0.1108866,0.1359693,1.382118,0.1979986,0.4475223,1.507018,0.230245,0.2761787,1.441921,0.1999974,0.08118162,1.470524,0.1962079,0.02088463,1.496115,0.07997712,-0.004631013,1.599998,0.06353837,-0.2485971,1.587549,-0.03998908,-0.4665416,1.640735,0.1705123,-0.008871019,1.577214,0.1724211,-0.2349353,1.541488,0.3261701,-0.4300465,1.50906,0.09905497,0.5038542,1.519018
72057594037989646,0,1.156517,179127.3,0.1272082,-0.01283735,1.615183,0.08937313,0.6624925,1.507286,-0.0003566697,0.4564856,1.560044,-0.03460106,0.2947852,1.503751,-0.0677663,0.185403,1.400776,-0.1108866,0.1359693,1.382118,0.1979986,0.4475223,1.507018,0.230245,0.2761787,1.441921,0.1999974,0.08118162,1.470524,0.1962079,0.02088463,1.496115,0.07997712,-0.004631013,1.599998,0.06353837,-0.2485971,1.587549,-0.03998908,-0.4665416,1.640735,0.1705123,-0.008871019,1.577214,0.1724211,-0.2349353,1.541488,0.3261701,-0.4300465,1.50906,0.09905497,0.5038542,1.519018
72057594037989646,0,1.156517,179127.3,0.1272082,-0.01283735,1.615183,0.08937313,0.6624925,1.507286,-0.0003566697,0.4564856,1.560044,-0.03460106,0.2947852,1.503751,-0.0677663,0.185403,1.400776,-0.1108866,0.1359693,1.382118,0.1979986,0.4475223,1.507018,0.230245,0.2761787,1.441921,0.1999974,0.08118162,1.470524,0.1962079,0.02088463,1.496115,0.07997712,-0.004631013,1.599998,0.06353837,-0.2485971,1.587549,-0.03998908,-0.4665416,1.640735,0.1705123,-0.008871019,1.577214,0.1724211,-0.2349353,1.541488,0.3261701,-0.4300465,1.50906,0.09905497,0.5038542,1.519018
72057594037989646,0,1.156517,179127.3,0.1272082,-0.01283735,1.615183,0.08937313,0.6624925,1.507286,-0.0003566697,0.4564856,1.560044,-0.03460106,0.2947852,1.503751,-0.0677663,0.185403,1.400776,-0.1108866,0.1359693,1.382118,0.1979986,0.4475223,1.507018,0.230245,0.2761787,1.441921,0.1999974,0.08118162,1.470524,0.1962079,0.02088463,1.496115,0.07997712,-0.004631013,1.599998,0.06353837,-0.2485971,1.587549,-0.03998908,-0.4665416,1.640735,0.1705123,-0.008871019,1.577214,0.1724211,-0.2349353,1.541488,0.3261701,-0.4300465,1.50906,0.09905497,0.5038542,1.519018
72057594037989646,0,1.156517,179127.3,0.1272082,-0.01283735,1.615183,0.08937313,0.6624925,1.507286,-0.0003566697,0.4564856,1.560044,-0.03460106,0.2947852,1.503751,-0.0677663,0.185403,1.400776,-0.1108866,0.1359693,1.382118,0.1979986,0.4475223,1.507018,0.230245,0.2761787,1.441921,0.1999974,0.08118162,1.470524,0.1962079,0.02088463,1.496115,0.07997712,-0.004631013,1.599998,0.06353837,-0.2485971,1.587549,-0.03998908,-0.4665416,1.640735,0.1705123,-0.008871019,1.577214,0.1724211,-0.2349353,1.541488,0.3261701,-0.4300465,1.50906,0.09905497,0.5038542,1.519018
72057594037989646,0,1.156517,179127.3,0.1272082,-0.01283735,1.615183,0.08937313,0.6624925,1.507286,-0.0003566697,0.4564856,1.560044,-0.03460106,0.2947852,1.503751,-0.0677663,0.185403,1.400776,-0.1108866,0.1359693,1.382118,0.1979986,0.4475223,1.507018,0.230245,0.2761787,1.441921,0.1999974,0.08118162,1.470524,0.1962079,0.02088463,1.496115,0.07997712,-0.004631013,1.599998,0.06353837,-0.2485971,1.587549,-0.03998908,-0.4665416,1.640735,0.1705123,-0.008871019,1.577214,0.1724211,-0.2349353,1.541488,0.3261701,-0.4300465,1.50906,0.09905497,0.5038542,1.519018
72057594037989646,0,1.156517,179127.3,0.1272082,-0.01283735,1.615183,0.08937313,0.6624925,1.507286,-0.0003566697,0.4564856,1.560044,-0.03460106,0.2947852,1.503751,-0.0677663,0.185403,1.400776,-0.1108866,0.1359693,1.382118,0.1979986,0.4475223,1.507018,0.230245,0.2761787,1.441921,0.1999974,0.08118162,1.470524,0.1962079,0.02088463,1.496115,0.07997712,-0.004631013,1.599998,0.06353837,-0.2485971,1.587549,-0.03998908,-0.4665416,1.640735,0.1705123,-0.008871019,1.577214,0.1724211,-0.2349353,1.541488,0.3261701,-0.4300465,1.50906,0.09905497,0.5038542,1.519018
72057594037989646,0,1.156517,179127.3,0.1272082,-0.01283735,1.615183,0.08937313,0.6624925,1.507286,-0.0003566697,0.4564856,1.560044,-0.03460106,0.2947852,1.503751,-0.0677663,0.185403,1.400776,-0.1108866,0.1359693,1.382118,0.1979986,0.4475223,1.507018,0.230245,0.2761787,1.441921,0.1999974,0.08118162,1.470524,0.1962079,0.02088463,1.496115,0.07997712,-0.004631013,1.599998,0.06353837,-0.2485971,1.587549,-0.03998908,-0.4665416,1.640735,0.1705123,-0.008871019,1.577214,0.1724211,-0.2349353,1.541488,0.3261701,-0.4300465,1.50906,0.09905497,0.5038542,1.519018
72057594037989646,0,1.156517,179127.3,0.1272082,-0.01283735,1.615183,0.08937313,0.6624925,1.507286,-0.0003566697,0.4564856,1.560044,-0.03460106,0.2947852,1.503751,-0.0677663,0.185403,1.400776,-0.1108866,0.1359693,1.382118,0.1979986,0.4475223,1.507018,0.230245,0.2761787,1.441921,0.1999974,0.08118162,1.470524,0.1962079,0.02088463,1.496115,0.07997712,-0.004631013,1.599998,0.06353837,-0.2485971,1.587549,-0.03998908,-0.4665416,1.640735,0.1705123,-0.008871019,1.577214,0.1724211,-0.2349353,1.541488,0.3261701,-0.4300465,1.50906,0.09905497,0.5038542,1.519018
72057594037989646,0,1.156517,179127.3,0.1272082,-0.01283735,1.615183,0.08937313,0.6624925,1.507286,-0.0003566697,0.4564856,1.560044,-0.03460106,0.2947852,1.503751,-0.0677663,0.185403,1.400776,-0.1108866,0.1359693,1.382118,0.1979986,0.4475223,1.507018,0.230245,0.2761787,1.441921,0.1999974,0.08118162,1.470524,0.1962079,0.02088463,1.496115,0.07997712,-0.004631013,1.599998,0.06353837,-0.2485971,1.587549,-0.03998908,-0.4665416,1.640735,0.1705123,-0.008871019,1.577214,0.1724211,-0.2349353,1.541488,0.3261701,-0.4300465,1.50906,0.09905497,0.5038542,1.519018
72057594037989646,0,1.156517,179127.3,0.1272082,-0.01283735,1.615183,0.08937313,0.6624925,1.507286,-0.0003566697,0.4564856,1.560044,-0.03460106,0.2947852,1.503751,-0.0677663,0.185403,1.400776,-0.1108866,0.1359693,1.382118,0.1979986,0.4475223,1.507018,0.230245,0.2761787,1.441921,0.1999974,0.08118162,1.470524,0.1962079,0.02088463,1.496115,0.07997712,-0.004631013,1.599998,0.06353837,-0.2485971,1.587549,-0.03998908,-0.4665416,1.640735,0.1705123,-0.008871019,1.577214,0.1724211,-0.2349353,1.541488,0.3261701,-0.4300465,1.50906,0.09905497,0.5038542,1.519018
72057594037989646,0,1.156517,179127.3,0.1272082,-0.01283735,1.615183,0.08937313,0.6624925,1.507286,-0.0003566697,0.4564856,1.560044,-0.03460106,0.2947852,1.503751,-0.0677663,0.185403,1.400776,-0.1108866,0.1359693,1.382118,0.1979986,0.4475223,1.507018,0.230245,0.2761787,1.441921,0.1999974,0.08118162,1.470524,0.1962079,0.02088463,1.496115,0.07997712,-0.004631013,1.599998,0.06353837,-0.2485971,1.587549,-0.03998908,-0.4665416,1.640735,0.1705123,-0.008871019,1.577214,0.1724211,-0.2349353,1.541488,0.3261701,-0.4300465,1.50906,0.09905497,0.5038542,1.519018
72057594037989646,0,1.157426,179127.3,0.131429,-0.01031348,1.611468,0.09248722,0.6574373,1.500933,0.001977213,0.4572857,1.556205,-0.03402344,0.2944082,1.502023,-0.06579316,0.1848431,1.399305,-0.07645225,0.1481398,1.367911,0.2002922,0.4465734,1.504538,0.2354667,0.2772479,1.441194,0.2183911,0.08166799,1.473726,0.2332349,0.06697965,1.491358,0.08439807,-0.001804739,1.596709,0.06215854,-0.2487986,1.587611,-0.02954032,-0.4633806,1.631721,0.174666,-0.007106185,1.575127,0.2114633,-0.2264595,1.531383,0.2600977,-0.4598382,1.502411,0.1023216,0.5035843,1.514747
72057594037989646,0,1.157426,179127.3,0.131429,-0.01031348,1.611468,0.09248722,0.6574373,1.500933,0.001977213,0.4572857,1.556205,-0.03402344,0.2944082,1.502023,-0.06579316,0.1848431,1.399305,-0.07645225,0.1481398,1.367911,0.2002922,0.4465734,1.504538,0.2354667,0.2772479,1.441194,0.2183911,0.08166799,1.473726,0.2332349,0.06697965,1.491358,0.08439807,-0.001804739,1.596709,0.06215854,-0.2487986,1.587611,-0.02954032,-0.4633806,1.631721,0.174666,-0.007106185,1.575127,0.2114633,-0.2264595,1.531383,0.2600977,-0.4598382,1.502411,0.1023216,0.5035843,1.514747
72057594037989646,0,1.157426,179127.3,0.131429,-0.01031348,1.611468,0.09248722,0.6574373,1.500933,0.001977213,0.4572857,1.556205,-0.03402344,0.2944082,1.502023,-0.06579316,0.1848431,1.399305,-0.07645225,0.1481398,1.367911,0.2002922,0.4465734,1.504538,0.2354667,0.2772479,1.441194,0.2183911,0.08166799,1.473726,0.2332349,0.06697965,1.491358,0.08439807,-0.001804739,1.596709,0.06215854,-0.2487986,1.587611,-0.02954032,-0.4633806,1.631721,0.174666,-0.007106185,1.575127,0.2114633,-0.2264595,1.531383,0.2600977,-0.4598382,1.502411,0.1023216,0.5035843,1.514747
72057594037989646,0,1.157426,179127.3,0.131429,-0.01031348,1.611468,0.09248722,0.6574373,1.500933,0.001977213,0.4572857,1.556205,-0.03402344,0.2944082,1.502023,-0.06579316,0.1848431,1.399305,-0.07645225,0.1481398,1.367911,0.2002922,0.4465734,1.504538,0.2354667,0.2772479,1.441194,0.2183911,0.08166799,1.473726,0.2332349,0.06697965,1.491358,0.08439807,-0.001804739,1.596709,0.06215854,-0.2487986,1.587611,-0.02954032,-0.4633806,1.631721,0.174666,-0.007106185,1.575127,0.2114633,-0.2264595,1.531383,0.2600977,-0.4598382,1.502411,0.1023216,0.5035843,1.514747
72057594037989646,0,1.157426,179127.3,0.131429,-0.01031348,1.611468,0.09248722,0.6574373,1.500933,0.001977213,0.4572857,1.556205,-0.03402344,0.2944082,1.502023,-0.06579316,0.1848431,1.399305,-0.07645225,0.1481398,1.367911,0.2002922,0.4465734,1.504538,0.2354667,0.2772479,1.441194,0.2183911,0.08166799,1.473726,0.2332349,0.06697965,1.491358,0.08439807,-0.001804739,1.596709,0.06215854,-0.2487986,1.587611,-0.02954032,-0.4633806,1.631721,0.174666,-0.007106185,1.575127,0.2114633,-0.2264595,1.531383,0.2600977,-0.4598382,1.502411,0.1023216,0.5035843,1.514747
72057594037989646,0,1.157426,179127.3,0.131429,-0.01031348,1.611468,0.09248722,0.6574373,1.500933,0.001977213,0.4572857,1.556205,-0.03402344,0.2944082,1.502023,-0.06579316,0.1848431,1.399305,-0.07645225,0.1481398,1.367911,0.2002922,0.4465734,1.504538,0.2354667,0.2772479,1.441194,0.2183911,0.08166799,1.473726,0.2332349,0.06697965,1.491358,0.08439807,-0.001804739,1.596709,0.06215854,-0.2487986,1.587611,-0.02954032,-0.4633806,1.631721,0.174666,-0.007106185,1.575127,0.2114633,-0.2264595,1.531383,0.2600977,-0.4598382,1.502411,0.1023216,0.5035843,1.514747
72057594037989646,0,1.157426,179127.4,0.131429,-0.01031348,1.611468,0.09248722,0.6574373,1.500933,0.001977213,0.4572857,1.556205,-0.03402344,0.2944082,1.502023,-0.06579316,0.1848431,1.399305,-0.07645225,0.1481398,1.367911,0.2002922,0.4465734,1.504538,0.2354667,0.2772479,1.441194,0.2183911,0.08166799,1.473726,0.2332349,0.06697965,1.491358,0.08439807,-0.001804739,1.596709,0.06215854,-0.2487986,1.587611,-0.02954032,-0.4633806,1.631721,0.174666,-0.007106185,1.575127,0.2114633,-0.2264595,1.531383,0.2600977,-0.4598382,1.502411,0.1023216,0.5035843,1.514747
72057594037989646,0,1.157426,179127.4,0.131429,-0.01031348,1.611468,0.09248722,0.6574373,1.500933,0.001977213,0.4572857,1.556205,-0.03402344,0.2944082,1.502023,-0.06579316,0.1848431,1.399305,-0.07645225,0.1481398,1.367911,0.2002922,0.4465734,1.504538,0.2354667,0.2772479,1.441194,0.2183911,0.08166799,1.473726,0.2332349,0.06697965,1.491358,0.08439807,-0.001804739,1.596709,0.06215854,-0.2487986,1.587611,-0.02954032,-0.4633806,1.631721,0.174666,-0.007106185,1.575127,0.2114633,-0.2264595,1.531383,0.2600977,-0.4598382,1.502411,0.1023216,0.5035843,1.514747
72057594037989646,0,1.157426,179127.4,0.131429,-0.01031348,1.611468,0.09248722,0.6574373,1.500933,0.001977213,0.4572857,1.556205,-0.03402344,0.2944082,1.502023,-0.06579316,0.1848431,1.399305,-0.07645225,0.1481398,1.367911,0.2002922,0.4465734,1.504538,0.2354667,0.2772479,1.441194,0.2183911,0.08166799,1.473726,0.2332349,0.06697965,1.491358,0.08439807,-0.001804739,1.596709,0.06215854,-0.2487986,1.587611,-0.02954032,-0.4633806,1.631721,0.174666,-0.007106185,1.575127,0.2114633,-0.2264595,1.531383,0.2600977,-0.4598382,1.502411,0.1023216,0.5035843,1.514747
72057594037989646,0,1.157426,179127.4,0.131429,-0.01031348,1.611468,0.09248722,0.6574373,1.500933,0.001977213,0.4572857,1.556205,-0.03402344,0.2944082,1.502023,-0.06579316,0.1848431,1.399305,-0.07645225,0.1481398,1.367911,0.2002922,0.4465734,1.504538,0.2354667,0.2772479,1.441194,0.2183911,0.08166799,1.473726,0.2332349,0.06697965,1.491358,0.08439807,-0.001804739,1.596709,0.06215854,-0.2487986,1.587611,-0.02954032,-0.4633806,1.631721,0.174666,-0.007106185,1.575127,0.2114633,-0.2264595,1.531383,0.2600977,-0.4598382,1.502411,0.1023216,0.5035843,1.514747
72057594037989646,0,1.157426,179127.4,0.131429,-0.01031348,1.611468,0.09248722,0.6574373,1.500933,0.001977213,0.4572857,1.556205,-0.03402344,0.2944082,1.502023,-0.06579316,0.1848431,1.399305,-0.07645225,0.1481398,1.367911,0.2002922,0.4465734,1.504538,0.2354667,0.2772479,1.441194,0.2183911,0.08166799,1.473726,0.2332349,0.06697965,1.491358,0.08439807,-0.001804739,1.596709,0.06215854,-0.2487986,1.587611,-0.02954032,-0.4633806,1.631721,0.174666,-0.007106185,1.575127,0.2114633,-0.2264595,1.531383,0.2600977,-0.4598382,1.502411,0.1023216,0.5035843,1.514747
72057594037989646,0,1.157426,179127.4,0.131429,-0.01031348,1.611468,0.09248722,0.6574373,1.500933,0.001977213,0.4572857,1.556205,-0.03402344,0.2944082,1.502023,-0.06579316,0.1848431,1.399305,-0.07645225,0.1481398,1.367911,0.2002922,0.4465734,1.504538,0.2354667,0.2772479,1.441194,0.2183911,0.08166799,1.473726,0.2332349,0.06697965,1.491358,0.08439807,-0.001804739,1.596709,0.06215854,-0.2487986,1.587611,-0.02954032,-0.4633806,1.631721,0.174666,-0.007106185,1.575127,0.2114633,-0.2264595,1.531383,0.2600977,-0.4598382,1.502411,0.1023216,0.5035843,1.514747
72057594037989646,0,1.157426,179127.4,0.131429,-0.01031348,1.611468,0.09248722,0.6574373,1.500933,0.001977213,0.4572857,1.556205,-0.03402344,0.2944082,1.502023,-0.06579316,0.1848431,1.399305,-0.07645225,0.1481398,1.367911,0.2002922,0.4465734,1.504538,0.2354667,0.2772479,1.441194,0.2183911,0.08166799,1.473726,0.2332349,0.06697965,1.491358,0.08439807,-0.001804739,1.596709,0.06215854,-0.2487986,1.587611,-0.02954032,-0.4633806,1.631721,0.174666,-0.007106185,1.575127,0.2114633,-0.2264595,1.531383,0.2600977,-0.4598382,1.502411,0.1023216,0.5035843,1.514747
72057594037989646,0,1.147048,179127.4,0.1535666,0.01213869,1.605629,0.1035402,0.6494457,1.490245,0.01024173,0.4593334,1.546309,-0.03193595,0.2949441,1.499203,-0.05267617,0.1832435,1.389816,-0.05965154,0.1458292,1.356136,0.2168687,0.4420296,1.501908,0.2553481,0.2386332,1.46862,0.2198942,0.03617373,1.476762,0.2180887,-0.02367064,1.483414,0.1065246,0.02296486,1.588601,0.06289704,-0.2220775,1.591037,0.01928212,-0.4513155,1.600093,0.1962267,0.01238799,1.572413,0.239225,-0.1825894,1.521054,0.3045352,-0.4059355,1.534724,0.1135185,0.5012475,1.506976
72057594037989646,0,1.147048,179127.4,0.1535666,0.01213869,1.605629,0.1035402,0.6494457,1.490245,0.01024173,0.4593334,1.546309,-0.03193595,0.2949441,1.499203,-0.05267617,0.1832435,1.389816,-0.05965154,0.1458292,1.356136,0.2168687,0.4420296,1.501908,0.2553481,0.2386332,1.46862,0.2198942,0.03617373,1.476762,0.2180887,-0.02367064,1.483414,0.1065246,0.02296486,1.588601,0.06289704,-0.2220775,1.591037,0.01928212,-0.4513155,1.600093,0.1962267,0.01238799,1.572413,0.239225,-0.1825894,1.521054,0.3045352,-0.4059355,1.534724,0.1135185,0.5012475,1.506976
72057594037989646,0,1.147048,179127.4,0.1535666,0.01213869,1.605629,0.1035402,0.6494457,1.490245,0.01024173,0.4593334,1.546309,-0.03193595,0.2949441,1.499203,-0.05267617,0.1832435,1.389816,-0.05965154,0.1458292,1.356136,0.2168687,0.4420296,1.501908,0.2553481,0.2386332,1.46862,0.2198942,0.03617373,1.476762,0.2180887,-0.02367064,1.483414,0.1065246,0.02296486,1.588601,0.06289704,-0.2220775,1.591037,0.01928212,-0.4513155,1.600093,0.1962267,0.01238799,1.572413,0.239225,-0.1825894,1.521054,0.3045352,-0.4059355,1.534724,0.1135185,0.5012475,1.506976
72057594037989646,0,1.147048,179127.4,0.1535666,0.01213869,1.605629,0.1035402,0.6494457,1.490245,0.01024173,0.4593334,1.546309,-0.03193595,0.2949441,1.499203,-0.05267617,0.1832435,1.389816,-0.05965154,0.1458292,1.356136,0.2168687,0.4420296,1.501908,0.2553481,0.2386332,1.46862,0.2198942,0.03617373,1.476762,0.2180887,-0.02367064,1.483414,0.1065246,0.02296486,1.588601,0.06289704,-0.2220775,1.591037,0.01928212,-0.4513155,1.600093,0.1962267,0.01238799,1.572413,0.239225,-0.1825894,1.521054,0.3045352,-0.4059355,1.534724,0.1135185,0.5012475,1.506976
72057594037989646,0,1.147048,179127.4,0.1535666,0.01213869,1.605629,0.1035402,0.6494457,1.490245,0.01024173,0.4593334,1.546309,-0.03193595,0.2949441,1.499203,-0.05267617,0.1832435,1.389816,-0.05965154,0.1458292,1.356136,0.2168687,0.4420296,1.501908,0.2553481,0.2386332,1.46862,0.2198942,0.03617373,1.476762,0.2180887,-0.02367064,1.483414,0.1065246,0.02296486,1.588601,0.06289704,-0.2220775,1.591037,0.01928212,-0.4513155,1.600093,0.1962267,0.01238799,1.572413,0.239225,-0.1825894,1.521054,0.3045352,-0.4059355,1.534724,0.1135185,0.5012475,1.506976
72057594037989646,0,1.147048,179127.4,0.1535666,0.01213869,1.605629,0.1035402,0.6494457,1.490245,0.01024173,0.4593334,1.546309,-0.03193595,0.2949441,1.499203,-0.05267617,0.1832435,1.389816,-0.05965154,0.1458292,1.356136,0.2168687,0.4420296,1.501908,0.2553481,0.2386332,1.46862,0.2198942,0.03617373,1.476762,0.2180887,-0.02367064,1.483414,0.1065246,0.02296486,1.588601,0.06289704,-0.2220775,1.591037,0.01928212,-0.4513155,1.600093,0.1962267,0.01238799,1.572413,0.239225,-0.1825894,1.521054,0.3045352,-0.4059355,1.534724,0.1135185,0.5012475,1.506976
72057594037989646,0,1.147048,179127.4,0.1535666,0.01213869,1.605629,0.1035402,0.6494457,1.490245,0.01024173,0.4593334,1.546309,-0.03193595,0.2949441,1.499203,-0.05267617,0.1832435,1.389816,-0.05965154,0.1458292,1.356136,0.2168687,0.4420296,1.501908,0.2553481,0.2386332,1.46862,0.2198942,0.03617373,1.476762,0.2180887,-0.02367064,1.483414,0.1065246,0.02296486,1.588601,0.06289704,-0.2220775,1.591037,0.01928212,-0.4513155,1.600093,0.1962267,0.01238799,1.572413,0.239225,-0.1825894,1.521054,0.3045352,-0.4059355,1.534724,0.1135185,0.5012475,1.506976
72057594037989646,0,1.147048,179127.4,0.1535666,0.01213869,1.605629,0.1035402,0.6494457,1.490245,0.01024173,0.4593334,1.546309,-0.03193595,0.2949441,1.499203,-0.05267617,0.1832435,1.389816,-0.05965154,0.1458292,1.356136,0.2168687,0.4420296,1.501908,0.2553481,0.2386332,1.46862,0.2198942,0.03617373,1.476762,0.2180887,-0.02367064,1.483414,0.1065246,0.02296486,1.588601,0.06289704,-0.2220775,1.591037,0.01928212,-0.4513155,1.600093,0.1962267,0.01238799,1.572413,0.239225,-0.1825894,1.521054,0.3045352,-0.4059355,1.534724,0.1135185,0.5012475,1.506976
72057594037989646,0,1.147048,179127.4,0.1535666,0.01213869,1.605629,0.1035402,0.6494457,1.490245,0.01024173,0.4593334,1.546309,-0.03193595,0.2949441,1.499203,-0.05267617,0.1832435,1.389816,-0.05965154,0.1458292,1.356136,0.2168687,0.4420296,1.501908,0.2553481,0.2386332,1.46862,0.2198942,0.03617373,1.476762,0.2180887,-0.02367064,1.483414,0.1065246,0.02296486,1.588601,0.06289704,-0.2220775,1.591037,0.01928212,-0.4513155,1.600093,0.1962267,0.01238799,1.572413,0.239225,-0.1825894,1.521054,0.3045352,-0.4059355,1.534724,0.1135185,0.5012475,1.506976
72057594037989646,0,1.147048,179127.4,0.1535666,0.01213869,1.605629,0.1035402,0.6494457,1.490245,0.01024173,0.4593334,1.546309,-0.03193595,0.2949441,1.499203,-0.05267617,0.1832435,1.389816,-0.05965154,0.1458292,1.356136,0.2168687,0.4420296,1.501908,0.2553481,0.2386332,1.46862,0.2198942,0.03617373,1.476762,0.2180887,-0.02367064,1.483414,0.1065246,0.02296486,1.588601,0.06289704,-0.2220775,1.591037,0.01928212,-0.4513155,1.600093,0.1962267,0.01238799,1.572413,0.239225,-0.1825894,1.521054,0.3045352,-0.4059355,1.534724,0.1135185,0.5012475,1.506976
72057594037989646,0,1.147048,179127.4,0.1535666,0.01213869,1.605629,0.1035402,0.6494457,1.490245,0.01024173,0.4593334,1.546309,-0.03193595,0.2949441,1.499203,-0.05267617,0.1832435,1.389816,-0.05965154,0.1458292,1.356136,0.2168687,0.4420296,1.501908,0.2553481,0.2386332,1.46862,0.2198942,0.03617373,1.476762,0.2180887,-0.02367064,1.483414,0.1065246,0.02296486,1.588601,0.06289704,-0.2220775,1.591037,0.01928212,-0.4513155,1.600093,0.1962267,0.01238799,1.572413,0.239225,-0.1825894,1.521054,0.3045352,-0.4059355,1.534724,0.1135185,0.5012475,1.506976
72057594037989646,0,1.147048,179127.4,0.1535666,0.01213869,1.605629,0.1035402,0.6494457,1.490245,0.01024173,0.4593334,1.546309,-0.03193595,0.2949441,1.499203,-0.05267617,0.1832435,1.389816,-0.05965154,0.1458292,1.356136,0.2168687,0.4420296,1.501908,0.2553481,0.2386332,1.46862,0.2198942,0.03617373,1.476762,0.2180887,-0.02367064,1.483414,0.1065246,0.02296486,1.588601,0.06289704,-0.2220775,1.591037,0.01928212,-0.4513155,1.600093,0.1962267,0.01238799,1.572413,0.239225,-0.1825894,1.521054,0.3045352,-0.4059355,1.534724,0.1135185,0.5012475,1.506976
72057594037989646,0,1.147048,179127.4,0.1535666,0.01213869,1.605629,0.1035402,0.6494457,1.490245,0.01024173,0.4593334,1.546309,-0.03193595,0.2949441,1.499203,-0.05267617,0.1832435,1.389816,-0.05965154,0.1458292,1.356136,0.2168687,0.4420296,1.501908,0.2553481,0.2386332,1.46862,0.2198942,0.03617373,1.476762,0.2180887,-0.02367064,1.483414,0.1065246,0.02296486,1.588601,0.06289704,-0.2220775,1.591037,0.01928212,-0.4513155,1.600093,0.1962267,0.01238799,1.572413,0.239225,-0.1825894,1.521054,0.3045352,-0.4059355,1.534724,0.1135185,0.5012475,1.506976
72057594037989646,0,1.144908,179127.4,0.1638053,0.02115002,1.600813,0.1185798,0.6464199,1.469246,0.02645772,0.4684796,1.524295,-0.02438601,0.2987846,1.483204,-0.02864044,0.1781661,1.379136,-0.03010244,0.1377864,1.347196,0.2361842,0.4328747,1.498727,0.2709478,0.2350258,1.471548,0.2411975,0.03070357,1.472359,0.257151,0.0192126,1.472753,0.1175388,0.03566617,1.578962,0.06530907,-0.2024682,1.590519,0.03090635,-0.4305143,1.601732,0.2059373,0.01842746,1.571758,0.2579887,-0.1639978,1.50939,0.3056414,-0.3895118,1.520214,0.1247025,0.5068159,1.49724
72057594037989646,0,1.144908,179127.4,0.1638053,0.02115002,1.600813,0.1185798,0.6464199,1.469246,0.02645772,0.4684796,1.524295,-0.02438601,0.2987846,1.483204,-0.02864044,0.1781661,1.379136,-0.03010244,0.1377864,1.347196,0.2361842,0.4328747,1.498727,0.2709478,0.2350258,1.471548,0.2411975,0.03070357,1.472359,0.257151,0.0192126,1.472753,0.1175388,0.03566617,1.578962,0.06530907,-0.2024682,1.590519,0.03090635,-0.4305143,1.601732,0.2059373,0.01842746,1.571758,0.2579887,-0.1639978,1.50939,0.3056414,-0.3895118,1.520214,0.1247025,0.5068159,1.49724
72057594037989646,0,1.144908,179127.4,0.1638053,0.02115002,1.600813,0.1185798,0.6464199,1.469246,0.02645772,0.4684796,1.524295,-0.02438601,0.2987846,1.483204,-0.02864044,0.1781661,1.379136,-0.03010244,0.1377864,1.347196,0.2361842,0.4328747,1.498727,0.2709478,0.2350258,1.471548,0.2411975,0.03070357,1.472359,0.257151,0.0192126,1.472753,0.1175388,0.03566617,1.578962,0.06530907,-0.2024682,1.590519,0.03090635,-0.4305143,1.601732,0.2059373,0.01842746,1.571758,0.2579887,-0.1639978,1.50939,0.3056414,-0.3895118,1.520214,0.1247025,0.5068159,1.49724
72057594037989646,0,1.144908,179127.4,0.1638053,0.02115002,1.600813,0.1185798,0.6464199,1.469246,0.02645772,0.4684796,1.524295,-0.02438601,0.2987846,1.483204,-0.02864044,0.1781661,1.379136,-0.03010244,0.1377864,1.347196,0.2361842,0.4328747,1.498727,0.2709478,0.2350258,1.471548,0.2411975,0.03070357,1.472359,0.257151,0.0192126,1.472753,0.1175388,0.03566617,1.578962,0.06530907,-0.2024682,1.590519,0.03090635,-0.4305143,1.601732,0.2059373,0.01842746,1.571758,0.2579887,-0.1639978,1.50939,0.3056414,-0.3895118,1.520214,0.1247025,0.5068159,1.49724
72057594037989646,0,1.144908,179127.4,0.1638053,0.02115002,1.600813,0.1185798,0.6464199,1.469246,0.02645772,0.4684796,1.524295,-0.02438601,0.2987846,1.483204,-0.02864044,0.1781661,1.379136,-0.03010244,0.1377864,1.347196,0.2361842,0.4328747,1.498727,0.2709478,0.2350258,1.471548,0.2411975,0.03070357,1.472359,0.257151,0.0192126,1.472753,0.1175388,0.03566617,1.578962,0.06530907,-0.2024682,1.590519,0.03090635,-0.4305143,1.601732,0.2059373,0.01842746,1.571758,0.2579887,-0.1639978,1.50939,0.3056414,-0.3895118,1.520214,0.1247025,0.5068159,1.49724
72057594037989646,0,1.144908,179127.4,0.1638053,0.02115002,1.600813,0.1185798,0.6464199,1.469246,0.02645772,0.4684796,1.524295,-0.02438601,0.2987846,1.483204,-0.02864044,0.1781661,1.379136,-0.03010244,0.1377864,1.347196,0.2361842,0.4328747,1.498727,0.2709478,0.2350258,1.471548,0.2411975,0.03070357,1.472359,0.257151,0.0192126,1.472753,0.1175388,0.03566617,1.578962,0.06530907,-0.2024682,1.590519,0.03090635,-0.4305143,1.601732,0.2059373,0.01842746,1.571758,0.2579887,-0.1639978,1.50939,0.3056414,-0.3895118,1.520214,0.1247025,0.5068159,1.49724
72057594037989646,0,1.144908,179127.4,0.1638053,0.02115002,1.600813,0.1185798,0.6464199,1.469246,0.02645772,0.4684796,1.524295,-0.02438601,0.2987846,1.483204,-0.02864044,0.1781661,1.379136,-0.03010244,0.1377864,1.347196,0.2361842,0.4328747,1.498727,0.2709478,0.2350258,1.471548,0.2411975,0.03070357,1.472359,0.257151,0.0192126,1.472753,0.1175388,0.03566617,1.578962,0.06530907,-0.2024682,1.590519,0.03090635,-0.4305143,1.601732,0.2059373,0.01842746,1.571758,0.2579887,-0.1639978,1.50939,0.3056414,-0.3895118,1.520214,0.1247025,0.5068159,1.49724
72057594037989646,0,1.144908,179127.4,0.1638053,0.02115002,1.600813,0.1185798,0.6464199,1.469246,0.02645772,0.4684796,1.524295,-0.02438601,0.2987846,1.483204,-0.02864044,0.1781661,1.379136,-0.03010244,0.1377864,1.347196,0.2361842,0.4328747,1.498727,0.2709478,0.2350258,1.471548,0.2411975,0.03070357,1.472359,0.257151,0.0192126,1.472753,0.1175388,0.03566617,1.578962,0.06530907,-0.2024682,1.590519,0.03090635,-0.4305143,1.601732,0.2059373,0.01842746,1.571758,0.2579887,-0.1639978,1.50939,0.3056414,-0.3895118,1.520214,0.1247025,0.5068159,1.49724
72057594037989646,0,1.144908,179127.4,0.1638053,0.02115002,1.600813,0.1185798,0.6464199,1.469246,0.02645772,0.4684796,1.524295,-0.02438601,0.2987846,1.483204,-0.02864044,0.1781661,1.379136,-0.03010244,0.1377864,1.347196,0.2361842,0.4328747,1.498727,0.2709478,0.2350258,1.471548,0.2411975,0.03070357,1.472359,0.257151,0.0192126,1.472753,0.1175388,0.03566617,1.578962,0.06530907,-0.2024682,1.590519,0.03090635,-0.4305143,1.601732,0.2059373,0.01842746,1.571758,0.2579887,-0.1639978,1.50939,0.3056414,-0.3895118,1.520214,0.1247025,0.5068159,1.49724
72057594037989646,0,1.144908,179127.4,0.1638053,0.02115002,1.600813,0.1185798,0.6464199,1.469246,0.02645772,0.4684796,1.524295,-0.02438601,0.2987846,1.483204,-0.02864044,0.1781661,1.379136,-0.03010244,0.1377864,1.347196,0.2361842,0.4328747,1.498727,0.2709478,0.2350258,1.471548,0.2411975,0.03070357,1.472359,0.257151,0.0192126,1.472753,0.1175388,0.03566617,1.578962,0.06530907,-0.2024682,1.590519,0.03090635,-0.4305143,1.601732,0.2059373,0.01842746,1.571758,0.2579887,-0.1639978,1.50939,0.3056414,-0.3895118,1.520214,0.1247025,0.5068159,1.49724
72057594037989646,0,1.144908,179127.4,0.1638053,0.02115002,1.600813,0.1185798,0.6464199,1.469246,0.02645772,0.4684796,1.524295,-0.02438601,0.2987846,1.483204,-0.02864044,0.1781661,1.379136,-0.03010244,0.1377864,1.347196,0.2361842,0.4328747,1.498727,0.2709478,0.2350258,1.471548,0.2411975,0.03070357,1.472359,0.257151,0.0192126,1.472753,0.1175388,0.03566617,1.578962,0.06530907,-0.2024682,1.590519,0.03090635,-0.4305143,1.601732,0.2059373,0.01842746,1.571758,0.2579887,-0.1639978,1.50939,0.3056414,-0.3895118,1.520214,0.1247025,0.5068159,1.49724
72057594037989646,0,1.144908,179127.4,0.1638053,0.02115002,1.600813,0.1185798,0.6464199,1.469246,0.02645772,0.4684796,1.524295,-0.02438601,0.2987846,1.483204,-0.02864044,0.1781661,1.379136,-0.03010244,0.1377864,1.347196,0.2361842,0.4328747,1.498727,0.2709478,0.2350258,1.471548,0.2411975,0.03070357,1.472359,0.257151,0.0192126,1.472753,0.1175388,0.03566617,1.578962,0.06530907,-0.2024682,1.590519,0.03090635,-0.4305143,1.601732,0.2059373,0.01842746,1.571758,0.2579887,-0.1639978,1.50939,0.3056414,-0.3895118,1.520214,0.1247025,0.5068159,1.49724
72057594037989646,0,1.144908,179127.4,0.1638053,0.02115002,1.600813,0.1185798,0.6464199,1.469246,0.02645772,0.4684796,1.524295,-0.02438601,0.2987846,1.483204,-0.02864044,0.1781661,1.379136,-0.03010244,0.1377864,1.347196,0.2361842,0.4328747,1.498727,0.2709478,0.2350258,1.471548,0.2411975,0.03070357,1.472359,0.257151,0.0192126,1.472753,0.1175388,0.03566617,1.578962,0.06530907,-0.2024682,1.590519,0.03090635,-0.4305143,1.601732,0.2059373,0.01842746,1.571758,0.2579887,-0.1639978,1.50939,0.3056414,-0.3895118,1.520214,0.1247025,0.5068159,1.49724
72057594037989646,0,1.117985,179127.4,0.1850772,0.07010034,1.592281,0.1347793,0.6393798,1.4641,0.0348097,0.4732983,1.511956,-0.01937818,0.323083,1.443222,0.005762524,0.2045532,1.342721,0.01411354,0.1649045,1.31207,0.2773158,0.4000985,1.50138,0.3178956,0.233799,1.482365,0.2451607,0.04066357,1.472731,0.2405594,-0.004854739,1.472286,0.1368376,0.08949137,1.563888,0.08252449,-0.1552268,1.586836,0.02896145,-0.3817617,1.599443,0.2259,0.0566659,1.569599,0.2785618,-0.1355814,1.500544,0.3576064,-0.3551807,1.487684,0.137714,0.5014642,1.487905
72057594037989646,0,1.117985,179127.4,0.1850772,0.07010034,1.592281,0.1347793,0.6393798,1.4641,0.0348097,0.4732983,1.511956,-0.01937818,0.323083,1.443222,0.005762524,0.2045532,1.342721,0.01411354,0.1649045,1.31207,0.2773158,0.4000985,1.50138,0.3178956,0.233799,1.482365,0.2451607,0.04066357,1.472731,0.2405594,-0.004854739,1.472286,0.1368376,0.08949137,1.563888,0.08252449,-0.1552268,1.586836,0.02896145,-0.3817617,1.599443,0.2259,0.0566659,1.569599,0.2785618,-0.1355814,1.500544,0.3576064,-0.3551807,1.487684,0.137714,0.5014642,1.487905
72057594037989646,0,1.117985,179127.4,0.1850772,0.07010034,1.592281,0.1347793,0.6393798,1.4641,0.0348097,0.4732983,1.511956,-0.01937818,0.323083,1.443222,0.005762524,0.2045532,1.342721,0.01411354,0.1649045,1.31207,0.2773158,0.4000985,1.50138,0.3178956,0.233799,1.482365,0.2451607,0.04066357,1.472731,0.2405594,-0.004854739,1.472286,0.1368376,0.08949137,1.563888,0.08252449,-0.1552268,1.586836,0.02896145,-0.3817617,1.599443,0.2259,0.0566659,1.569599,0.2785618,-0.1355814,1.500544,0.3576064,-0.3551807,1.487684,0.137714,0.5014642,1.487905
72057594037989646,0,1.117985,179127.4,0.1850772,0.07010034,1.592281,0.1347793,0.6393798,1.4641,0.0348097,0.4732983,1.511956,-0.01937818,0.323083,1.443222,0.005762524,0.2045532,1.342721,0.01411354,0.1649045,1.31207,0.2773158,0.4000985,1.50138,0.3178956,0.233799,1.482365,0.2451607,0.04066357,1.472731,0.2405594,-0.004854739,1.472286,0.1368376,0.08949137,1.563888,0.08252449,-0.1552268,1.586836,0.02896145,-0.3817617,1.599443,0.2259,0.0566659,1.569599,0.2785618,-0.1355814,1.500544,0.3576064,-0.3551807,1.487684,0.137714,0.5014642,1.487905
72057594037989646,0,1.117985,179127.5,0.1850772,0.07010034,1.592281,0.1347793,0.6393798,1.4641,0.0348097,0.4732983,1.511956,-0.01937818,0.323083,1.443222,0.005762524,0.2045532,1.342721,0.01411354,0.1649045,1.31207,0.2773158,0.4000985,1.50138,0.3178956,0.233799,1.482365,0.2451607,0.04066357,1.472731,0.2405594,-0.004854739,1.472286,0.1368376,0.08949137,1.563888,0.08252449,-0.1552268,1.586836,0.02896145,-0.3817617,1.599443,0.2259,0.0566659,1.569599,0.2785618,-0.1355814,1.500544,0.3576064,-0.3551807,1.487684,0.137714,0.5014642,1.487905
72057594037989646,0,1.117985,179127.5,0.1850772,0.07010034,1.592281,0.1347793,0.6393798,1.4641,0.0348097,0.4732983,1.511956,-0.01937818,0.323083,1.443222,0.005762524,0.2045532,1.342721,0.01411354,0.1649045,1.31207,0.2773158,0.4000985,1.50138,0.3178956,0.233799,1.482365,0.2451607,0.04066357,1.472731,0.2405594,-0.004854739,1.472286,0.1368376,0.08949137,1.563888,0.08252449,-0.1552268,1.586836,0.02896145,-0.3817617,1.599443,0.2259,0.0566659,1.569599,0.2785618,-0.1355814,1.500544,0.3576064,-0.3551807,1.487684,0.137714,0.5014642,1.487905
72057594037989646,0,1.117985,179127.5,0.1850772,0.07010034,1.592281,0.1347793,0.6393798,1.4641,0.0348097,0.4732983,1.511956,-0.01937818,0.323083,1.443222,0.005762524,0.2045532,1.342721,0.01411354,0.1649045,1.31207,0.2773158,0.4000985,1.50138,0.3178956,0.233799,1.482365,0.2451607,0.04066357,1.472731,0.2405594,-0.004854739,1.472286,0.1368376,0.08949137,1.563888,0.08252449,-0.1552268,1.586836,0.02896145,-0.3817617,1.599443,0.2259,0.0566659,1.569599,0.2785618,-0.1355814,1.500544,0.3576064,-0.3551807,1.487684,0.137714,0.5014642,1.487905
72057594037989646,0,1.117985,179127.5,0.1850772,0.07010034,1.592281,0.1347793,0.6393798,1.4641,0.0348097,0.4732983,1.511956,-0.01937818,0.323083,1.443222,0.005762524,0.2045532,1.342721,0.01411354,0.1649045,1.31207,0.2773158,0.4000985,1.50138,0.3178956,0.233799,1.482365,0.2451607,0.04066357,1.472731,0.2405594,-0.004854739,1.472286,0.1368376,0.08949137,1.563888,0.08252449,-0.1552268,1.586836,0.02896145,-0.3817617,1.599443,0.2259,0.0566659,1.569599,0.2785618,-0.1355814,1.500544,0.3576064,-0.3551807,1.487684,0.137714,0.5014642,1.487905
72057594037989646,0,1.117985,179127.5,0.1850772,0.07010034,1.592281,0.1347793,0.6393798,1.4641,0.0348097,0.4732983,1.511956,-0.01937818,0.323083,1.443222,0.005762524,0.2045532,1.342721,0.01411354,0.1649045,1.31207,0.2773158,0.4000985,1.50138,0.3178956,0.233799,1.482365,0.2451607,0.04066357,1.472731,0.2405594,-0.004854739,1.472286,0.1368376,0.08949137,1.563888,0.08252449,-0.1552268,1.586836,0.02896145,-0.3817617,1.599443,0.2259,0.0566659,1.569599,0.2785618,-0.1355814,1.500544,0.3576064,-0.3551807,1.487684,0.137714,0.5014642,1.487905
72057594037989646,0,1.117985,179127.5,0.1850772,0.07010034,1.592281,0.1347793,0.6393798,1.4641,0.0348097,0.4732983,1.511956,-0.01937818,0.323083,1.443222,0.005762524,0.2045532,1.342721,0.01411354,0.1649045,1.31207,0.2773158,0.4000985,1.50138,0.3178956,0.233799,1.482365,0.2451607,0.04066357,1.472731,0.2405594,-0.004854739,1.472286,0.1368376,0.08949137,1.563888,0.08252449,-0.1552268,1.586836,0.02896145,-0.3817617,1.599443,0.2259,0.0566659,1.569599,0.2785618,-0.1355814,1.500544,0.3576064,-0.3551807,1.487684,0.137714,0.5014642,1.487905
72057594037989646,0,1.117985,179127.5,0.1850772,0.07010034,1.592281,0.1347793,0.6393798,1.4641,0.0348097,0.4732983,1.511956,-0.01937818,0.323083,1.443222,0.005762524,0.2045532,1.342721,0.01411354,0.1649045,1.31207,0.2773158,0.4000985,1.50138,0.3178956,0.233799,1.482365,0.2451607,0.04066357,1.472731,0.2405594,-0.004854739,1.472286,0.1368376,0.08949137,1.563888,0.08252449,-0.1552268,1.586836,0.02896145,-0.3817617,1.599443,0.2259,0.0566659,1.569599,0.2785618,-0.1355814,1.500544,0.3576064,-0.3551807,1.487684,0.137714,0.5014642,1.487905
72057594037989646,0,1.117985,179127.5,0.1850772,0.07010034,1.592281,0.1347793,0.6393798,1.4641,0.0348097,0.4732983,1.511956,-0.01937818,0.323083,1.443222,0.005762524,0.2045532,1.342721,0.01411354,0.1649045,1.31207,0.2773158,0.4000985,1.50138,0.3178956,0.233799,1.482365,0.2451607,0.04066357,1.472731,0.2405594,-0.004854739,1.472286,0.1368376,0.08949137,1.563888,0.08252449,-0.1552268,1.586836,0.02896145,-0.3817617,1.599443,0.2259,0.0566659,1.569599,0.2785618,-0.1355814,1.500544,0.3576064,-0.3551807,1.487684,0.137714,0.5014642,1.487905
72057594037989646,0,1.117985,179127.5,0.1850772,0.07010034,1.592281,0.1347793,0.6393798,1.4641,0.0348097,0.4732983,1.511956,-0.01937818,0.323083,1.443222,0.005762524,0.2045532,1.342721,0.01411354,0.1649045,1.31207,0.2773158,0.4000985,1.50138,0.3178956,0.233799,1.482365,0.2451607,0.04066357,1.472731,0.2405594,-0.004854739,1.472286,0.1368376,0.08949137,1.563888,0.08252449,-0.1552268,1.586836,0.02896145,-0.3817617,1.599443,0.2259,0.0566659,1.569599,0.2785618,-0.1355814,1.500544,0.3576064,-0.3551807,1.487684,0.137714,0.5014642,1.487905
72057594037989646,0,1.117985,179127.5,0.1850772,0.07010034,1.592281,0.1347793,0.6393798,1.4641,0.0348097,0.4732983,1.511956,-0.01937818,0.323083,1.443222,0.005762524,0.2045532,1.342721,0.01411354,0.1649045,1.31207,0.2773158,0.4000985,1.50138,0.3178956,0.233799,1.482365,0.2451607,0.04066357,1.472731,0.2405594,-0.004854739,1.472286,0.1368376,0.08949137,1.563888,0.08252449,-0.1552268,1.586836,0.02896145,-0.3817617,1.599443,0.2259,0.0566659,1.569599,0.2785618,-0.1355814,1.500544,0.3576064,-0.3551807,1.487684,0.137714,0.5014642,1.487905
72057594037989646,0,1.117787,179127.5,0.1913029,0.07347643,1.59063,0.2110478,0.5997037,1.436167,0.05759481,0.4725799,1.490975,-0.03289877,0.3665463,1.416289,0.003162188,0.2722006,1.296039,0.01513304,0.2406862,1.258881,0.2976892,0.4192198,1.497791,0.3330811,0.2257571,1.493545,0.289004,0.05471623,1.451885,0.2998343,0.02959356,1.450689,0.1405804,0.09051657,1.562269,0.08505753,-0.1536121,1.584757,0.02982023,-0.3804435,1.60135,0.2373956,0.06657094,1.565875,0.3173414,-0.1128375,1.48198,0.3579014,-0.3433926,1.488681,0.1571829,0.5056536,1.471587
72057594037989646,0,1.117787,179127.5,0.1913029,0.07347643,1.59063,0.2110478,0.5997037,1.436167,0.05759481,0.4725799,1.490975,-0.03289877,0.3665463,1.416289,0.003162188,0.2722006,1.296039,0.01513304,0.2406862,1.258881,0.2976892,0.4192198,1.497791,0.3330811,0.2257571,1.493545,0.289004,0.05471623,1.451885,0.2998343,0.02959356,1.450689,0.1405804,0.09051657,1.562269,0.08505753,-0.1536121,1.584757,0.02982023,-0.3804435,1.60135,0.2373956,0.06657094,1.565875,0.3173414,-0.1128375,1.48198,0.3579014,-0.3433926,1.488681,0.1571829,0.5056536,1.471587
72057594037989646,0,1.117787,179127.5,0.1913029,0.07347643,1.59063,0.2110478,0.5997037,1.436167,0.05759481,0.4725799,1.490975,-0.03289877,0.3665463,1.416289,0.003162188,0.2722006,1.296039,0.01513304,0.2406862,1.258881,0.2976892,0.4192198,1.497791,0.3330811,0.2257571,1.493545,0.289004,0.05471623,1.451885,0.2998343,0.02959356,1.450689,0.1405804,0.09051657,1.562269,0.08505753,-0.1536121,1.584757,0.02982023,-0.3804435,1.60135,0.2373956,0.06657094,1.565875,0.3173414,-0.1128375,1.48198,0.3579014,-0.3433926,1.488681,0.1571829,0.5056536,1.471587
72057594037989646,0,1.117787,179127.5,0.1913029,0.07347643,1.59063,0.2110478,0.5997037,1.436167,0.05759481,0.4725799,1.490975,-0.03289877,0.3665463,1.416289,0.003162188,0.2722006,1.296039,0.01513304,0.2406862,1.258881,0.2976892,0.4192198,1.497791,0.3330811,0.2257571,1.493545,0.289004,0.05471623,1.451885,0.2998343,0.02959356,1.450689,0.1405804,0.09051657,1.562269,0.08505753,-0.1536121,1.584757,0.02982023,-0.3804435,1.60135,0.2373956,0.06657094,1.565875,0.3173414,-0.1128375,1.48198,0.3579014,-0.3433926,1.488681,0.1571829,0.5056536,1.471587
72057594037989646,0,1.117787,179127.5,0.1913029,0.07347643,1.59063,0.2110478,0.5997037,1.436167,0.05759481,0.4725799,1.490975,-0.03289877,0.3665463,1.416289,0.003162188,0.2722006,1.296039,0.01513304,0.2406862,1.258881,0.2976892,0.4192198,1.497791,0.3330811,0.2257571,1.493545,0.289004,0.05471623,1.451885,0.2998343,0.02959356,1.450689,0.1405804,0.09051657,1.562269,0.08505753,-0.1536121,1.584757,0.02982023,-0.3804435,1.60135,0.2373956,0.06657094,1.565875,0.3173414,-0.1128375,1.48198,0.3579014,-0.3433926,1.488681,0.1571829,0.5056536,1.471587
72057594037989646,0,1.117787,179127.5,0.1913029,0.07347643,1.59063,0.2110478,0.5997037,1.436167,0.05759481,0.4725799,1.490975,-0.03289877,0.3665463,1.416289,0.003162188,0.2722006,1.296039,0.01513304,0.2406862,1.258881,0.2976892,0.4192198,1.497791,0.3330811,0.2257571,1.493545,0.289004,0.05471623,1.451885,0.2998343,0.02959356,1.450689,0.1405804,0.09051657,1.562269,0.08505753,-0.1536121,1.584757,0.02982023,-0.3804435,1.60135,0.2373956,0.06657094,1.565875,0.3173414,-0.1128375,1.48198,0.3579014,-0.3433926,1.488681,0.1571829,0.5056536,1.471587
72057594037989646,0,1.123222,179127.5,0.211324,0.08150864,1.579755,0.1490168,0.6076856,1.450326,0.08889015,0.4604652,1.463201,-0.02351493,0.4054266,1.351243,0.06371631,0.4750646,1.44483,0.08833892,0.4884863,1.420372,0.3159997,0.4184054,1.492326,0.3807999,0.2277532,1.524099,0.3026406,0.04824194,1.45165,0.2923523,0.004100472,1.439941,0.1590674,0.09608051,1.54762,0.09969976,-0.1456609,1.563337,0.03767664,-0.3707821,1.602477,0.2570987,0.07640624,1.55871,0.3445653,-0.1220104,1.471974,0.4359595,-0.3417679,1.458478,0.2093987,0.4912929,1.445687
72057594037989646,0,1.123222,179127.5,0.211324,0.08150864,1.579755,0.1490168,0.6076856,1.450326,0.08889015,0.4604652,1.463201,-0.02351493,0.4054266,1.351243,0.06371631,0.4750646,1.44483,0.08833892,0.4884863,1.420372,0.3159997,0.4184054,1.492326,0.3807999,0.2277532,1.524099,0.3026406,0.04824194,1.45165,0.2923523,0.004100472,1.439941,0.1590674,0.09608051,1.54762,0.09969976,-0.1456609,1.563337,0.03767664,-0.3707821,1.602477,0.2570987,0.07640624,1.55871,0.3445653,-0.1220104,1.471974,0.4359595,-0.3417679,1.458478,0.2093987,0.4912929,1.445687
72057594037989646,0,1.123222,179127.5,0.211324,0.08150864,1.579755,0.1490168,0.6076856,1.450326,0.08889015,0.4604652,1.463201,-0.02351493,0.4054266,1.351243,0.06371631,0.4750646,1.44483,0.08833892,0.4884863,1.420372,0.3159997,0.4184054,1.492326,0.3807999,0.2277532,1.524099,0.3026406,0.04824194,1.45165,0.2923523,0.004100472,1.439941,0.1590674,0.09608051,1.54762,0.09969976,-0.1456609,1.563337,0.03767664,-0.3707821,1.602477,0.2570987,0.07640624,1.55871,0.3445653,-0.1220104,1.471974,0.4359595,-0.3417679,1.458478,0.2093987,0.4912929,1.445687
72057594037989646,0,1.123222,179127.5,0.211324,0.08150864,1.579755,0.1490168,0.6076856,1.450326,0.08889015,0.4604652,1.463201,-0.02351493,0.4054266,1.351243,0.06371631,0.4750646,1.44483,0.08833892,0.4884863,1.420372,0.3159997,0.4184054,1.492326,0.3807999,0.2277532,1.524099,0.3026406,0.04824194,1.45165,0.2923523,0.004100472,1.439941,0.1590674,0.09608051,1.54762,0.09969976,-0.1456609,1.563337,0.03767664,-0.3707821,1.602477,0.2570987,0.07640624,1.55871,0.3445653,-0.1220104,1.471974,0.4359595,-0.3417679,1.458478,0.2093987,0.4912929,1.445687
72057594037989646,0,1.123222,179127.5,0.211324,0.08150864,1.579755,0.1490168,0.6076856,1.450326,0.08889015,0.4604652,1.463201,-0.02351493,0.4054266,1.351243,0.06371631,0.4750646,1.44483,0.08833892,0.4884863,1.420372,0.3159997,0.4184054,1.492326,0.3807999,0.2277532,1.524099,0.3026406,0.04824194,1.45165,0.2923523,0.004100472,1.439941,0.1590674,0.09608051,1.54762,0.09969976,-0.1456609,1.563337,0.03767664,-0.3707821,1.602477,0.2570987,0.07640624,1.55871,0.3445653,-0.1220104,1.471974,0.4359595,-0.3417679,1.458478,0.2093987,0.4912929,1.445687
72057594037989646,0,1.123222,179127.5,0.211324,0.08150864,1.579755,0.1490168,0.6076856,1.450326,0.08889015,0.4604652,1.463201,-0.02351493,0.4054266,1.351243,0.06371631,0.4750646,1.44483,0.08833892,0.4884863,1.420372,0.3159997,0.4184054,1.492326,0.3807999,0.2277532,1.524099,0.3026406,0.04824194,1.45165,0.2923523,0.004100472,1.439941,0.1590674,0.09608051,1.54762,0.09969976,-0.1456609,1.563337,0.03767664,-0.3707821,1.602477,0.2570987,0.07640624,1.55871,0.3445653,-0.1220104,1.471974,0.4359595,-0.3417679,1.458478,0.2093987,0.4912929,1.445687
72057594037989646,0,1.123222,179127.5,0.211324,0.08150864,1.579755,0.1490168,0.6076856,1.450326,0.08889015,0.4604652,1.463201,-0.02351493,0.4054266,1.351243,0.06371631,0.4750646,1.44483,0.08833892,0.4884863,1.420372,0.3159997,0.4184054,1.492326,0.3807999,0.2277532,1.524099,0.3026406,0.04824194,1.45165,0.2923523,0.004100472,1.439941,0.1590674,0.09608051,1.54762,0.09969976,-0.1456609,1.563337,0.03767664,-0.3707821,1.602477,0.2570987,0.07640624,1.55871,0.3445653,-0.1220104,1.471974,0.4359595,-0.3417679,1.458478,0.2093987,0.4912929,1.445687
72057594037989646,0,1.123222,179127.5,0.211324,0.08150864,1.579755,0.1490168,0.6076856,1.450326,0.08889015,0.4604652,1.463201,-0.02351493,0.4054266,1.351243,0.06371631,0.4750646,1.44483,0.08833892,0.4884863,1.420372,0.3159997,0.4184054,1.492326,0.3807999,0.2277532,1.524099,0.3026406,0.04824194,1.45165,0.2923523,0.004100472,1.439941,0.1590674,0.09608051,1.54762,0.09969976,-0.1456609,1.563337,0.03767664,-0.3707821,1.602477,0.2570987,0.07640624,1.55871,0.3445653,-0.1220104,1.471974,0.4359595,-0.3417679,1.458478,0.2093987,0.4912929,1.445687
72057594037989646,0,1.123222,179127.5,0.211324,0.08150864,1.579755,0.1490168,0.6076856,1.450326,0.08889015,0.4604652,1.463201,-0.02351493,0.4054266,1.351243,0.06371631,0.4750646,1.44483,0.08833892,0.4884863,1.420372,0.3159997,0.4184054,1.492326,0.3807999,0.2277532,1.524099,0.3026406,0.04824194,1.45165,0.2923523,0.004100472,1.439941,0.1590674,0.09608051,1.54762,0.09969976,-0.1456609,1.563337,0.03767664,-0.3707821,1.602477,0.2570987,0.07640624,1.55871,0.3445653,-0.1220104,1.471974,0.4359595,-0.3417679,1.458478,0.2093987,0.4912929,1.445687
72057594037989646,0,1.123222,179127.5,0.211324,0.08150864,1.579755,0.1490168,0.6076856,1.450326,0.08889015,0.4604652,1.463201,-0.02351493,0.4054266,1.351243,0.06371631,0.4750646,1.44483,0.08833892,0.4884863,1.420372,0.3159997,0.4184054,1.492326,0.3807999,0.2277532,1.524099,0.3026406,0.04824194,1.45165,0.2923523,0.004100472,1.439941,0.1590674,0.09608051,1.54762,0.09969976,-0.1456609,1.563337,0.03767664,-0.3707821,1.602477,0.2570987,0.07640624,1.55871,0.3445653,-0.1220104,1.471974,0.4359595,-0.3417679,1.458478,0.2093987,0.4912929,1.445687
72057594037989646,0,1.123222,179127.5,0.211324,0.08150864,1.579755,0.1490168,0.6076856,1.450326,0.08889015,0.4604652,1.463201,-0.02351493,0.4054266,1.351243,0.06371631,0.4750646,1.44483,0.08833892,0.4884863,1.420372,0.3159997,0.4184054,1.492326,0.3807999,0.2277532,1.524099,0.3026406,0.04824194,1.45165,0.2923523,0.004100472,1.439941,0.1590674,0.09608051,1.54762,0.09969976,-0.1456609,1.563337,0.03767664,-0.3707821,1.602477,0.2570987,0.07640624,1.55871,0.3445653,-0.1220104,1.471974,0.4359595,-0.3417679,1.458478,0.2093987,0.4912929,1.445687
72057594037989646,0,1.130113,179127.5,0.2315904,0.09018138,1.56688,0.2316778,0.5269524,1.379164,0.09893496,0.4520495,1.450925,-0.02231285,0.4125688,1.351541,0.08211505,0.4731709,1.435587,0.1197078,0.4789339,1.394993,0.3468892,0.4008062,1.480812,0.4057038,0.2150817,1.537154,0.3382537,0.04530004,1.432116,0.3482143,0.02226269,1.42393,0.1798548,0.1051167,1.529807,0.1085177,-0.1437237,1.547554,0.04064752,-0.3672001,1.600641,0.2761655,0.08458155,1.55018,0.3731485,-0.1029035,1.452067,0.4587756,-0.3285764,1.444185,0.2148806,0.4874088,1.441408
72057594037989646,0,1.130113,179127.5,0.2315904,0.09018138,1.56688,0.2316778,0.5269524,1.379164,0.09893496,0.4520495,1.450925,-0.02231285,0.4125688,1.351541,0.08211505,0.4731709,1.435587,0.1197078,0.4789339,1.394993,0.3468892,0.4008062,1.480812,0.4057038,0.2150817,1.537154,0.3382537,0.04530004,1.432116,0.3482143,0.02226269,1.42393,0.1798548,0.1051167,1.529807,0.1085177,-0.1437237,1.547554,0.04064752,-0.3672001,1.600641,0.2761655,0.08458155,1.55018,0.3731485,-0.1029035,1.452067,0.4587756,-0.3285764,1.444185,0.2148806,0.4874088,1.441408
72057594037989646,0,1.130113,179127.5,0.2315904,0.09018138,1.56688,0.2316778,0.5269524,1.379164,0.09893496,0.4520495,1.450925,-0.02231285,0.4125688,1.351541,0.08211505,0.4731709,1.435587,0.1197078,0.4789339,1.394993,0.3468892,0.4008062,1.480812,0.4057038,0.2150817,1.537154,0.3382537,0.04530004,1.432116,0.3482143,0.02226269,1.42393,0.1798548,0.1051167,1.529807,0.1085177,-0.1437237,1.547554,0.04064752,-0.3672001,1.600641,0.2761655,0.08458155,1.55018,0.3731485,-0.1029035,1.452067,0.4587756,-0.3285764,1.444185,0.2148806,0.4874088,1.441408
72057594037989646,0,1.130113,179127.5,0.2315904,0.09018138,1.56688,0.2316778,0.5269524,1.379164,0.09893496,0.4520495,1.450925,-0.02231285,0.4125688,1.351541,0.08211505,0.4731709,1.435587,0.1197078,0.4789339,1.394993,0.3468892,0.4008062,1.480812,0.4057038,0.2150817,1.537154,0.3382537,0.04530004,1.432116,0.3482143,0.02226269,1.42393,0.1798548,0.1051167,1.529807,0.1085177,-0.1437237,1.547554,0.04064752,-0.3672001,1.600641,0.2761655,0.08458155,1.55018,0.3731485,-0.1029035,1.452067,0.4587756,-0.3285764,1.444185,0.2148806,0.4874088,1.441408
72057594037989646,0,1.130113,179127.5,0.2315904,0.09018138,1.56688,0.2316778,0.5269524,1.379164,0.09893496,0.4520495,1.450925,-0.02231285,0.4125688,1.351541,0.08211505,0.4731709,1.435587,0.1197078,0.4789339,1.394993,0.3468892,0.4008062,1.480812,0.4057038,0.2150817,1.537154,0.3382537,0.04530004,1.432116,0.3482143,0.02226269,1.42393,0.1798548,0.1051167,1.529807,0.1085177,-0.1437237,1.547554,0.04064752,-0.3672001,1.600641,0.2761655,0.08458155,1.55018,0.3731485,-0.1029035,1.452067,0.4587756,-0.3285764,1.444185,0.2148806,0.4874088,1.441408
72057594037989646,0,1.130113,179127.5,0.2315904,0.09018138,1.56688,0.2316778,0.5269524,1.379164,0.09893496,0.4520495,1.450925,-0.02231285,0.4125688,1.351541,0.08211505,0.4731709,1.435587,0.1197078,0.4789339,1.394993,0.3468892,0.4008062,1.480812,0.4057038,0.2150817,1.537154,0.3382537,0.04530004,1.432116,0.3482143,0.02226269,1.42393,0.1798548,0.1051167,1.529807,0.1085177,-0.1437237,1.547554,0.04064752,-0.3672001,1.600641,0.2761655,0.08458155,1.55018,0.3731485,-0.1029035,1.452067,0.4587756,-0.3285764,1.444185,0.2148806,0.4874088,1.441408
72057594037989646,0,1.130113,179127.6,0.2315904,0.09018138,1.56688,0.2316778,0.5269524,1.379164,0.09893496,0.4520495,1.450925,-0.02231285,0.4125688,1.351541,0.08211505,0.4731709,1.435587,0.1197078,0.4789339,1.394993,0.3468892,0.4008062,1.480812,0.4057038,0.2150817,1.537154,0.3382537,0.04530004,1.432116,0.3482143,0.02226269,1.42393,0.1798548,0.1051167,1.529807,0.1085177,-0.1437237,1.547554,0.04064752,-0.3672001,1.600641,0.2761655,0.08458155,1.55018,0.3731485,-0.1029035,1.452067,0.4587756,-0.3285764,1.444185,0.2148806,0.4874088,1.441408
72057594037989646,0,1.130113,179127.6,0.2315904,0.09018138,1.56688,0.2316778,0.5269524,1.379164,0.09893496,0.4520495,1.450925,-0.02231285,0.4125688,1.351541,0.08211505,0.4731709,1.435587,0.1197078,0.4789339,1.394993,0.3468892,0.4008062,1.480812,0.4057038,0.2150817,1.537154,0.3382537,0.04530004,1.432116,0.3482143,0.02226269,1.42393,0.1798548,0.1051167,1.529807,0.1085177,-0.1437237,1.547554,0.04064752,-0.3672001,1.600641,0.2761655,0.08458155,1.55018,0.3731485,-0.1029035,1.452067,0.4587756,-0.3285764,1.444185,0.2148806,0.4874088,1.441408
72057594037989646,0,1.130113,179127.6,0.2315904,0.09018138,1.56688,0.2316778,0.5269524,1.379164,0.09893496,0.4520495,1.450925,-0.02231285,0.4125688,1.351541,0.08211505,0.4731709,1.435587,0.1197078,0.4789339,1.394993,0.3468892,0.4008062,1.480812,0.4057038,0.2150817,1.537154,0.3382537,0.04530004,1.432116,0.3482143,0.02226269,1.42393,0.1798548,0.1051167,1.529807,0.1085177,-0.1437237,1.547554,0.04064752,-0.3672001,1.600641,0.2761655,0.08458155,1.55018,0.3731485,-0.1029035,1.452067,0.4587756,-0.3285764,1.444185,0.2148806,0.4874088,1.441408
72057594037989646,0,1.130113,179127.6,0.2315904,0.09018138,1.56688,0.2316778,0.5269524,1.379164,0.09893496,0.4520495,1.450925,-0.02231285,0.4125688,1.351541,0.08211505,0.4731709,1.435587,0.1197078,0.4789339,1.394993,0.3468892,0.4008062,1.480812,0.4057038,0.2150817,1.537154,0.3382537,0.04530004,1.432116,0.3482143,0.02226269,1.42393,0.1798548,0.1051167,1.529807,0.1085177,-0.1437237,1.547554,0.04064752,-0.3672001,1.600641,0.2761655,0.08458155,1.55018,0.3731485,-0.1029035,1.452067,0.4587756,-0.3285764,1.444185,0.2148806,0.4874088,1.441408
72057594037989646,0,1.138012,179127.6,0.251697,0.09502083,1.557103,0.2696099,0.5785848,1.383589,0.1386009,0.4273072,1.417842,-0.01957631,0.4107808,1.353531,-0.01607613,0.424229,1.327065,-0.006512401,0.4611013,1.285207,0.3585076,0.3927569,1.461898,0.4261852,0.217353,1.539616,0.350275,0.05099574,1.429626,0.3488016,0.01700044,1.411665,0.1971687,0.1085058,1.519162,0.1182821,-0.1483064,1.534248,0.0416752,-0.3636655,1.600577,0.2983415,0.09072021,1.542302,0.4023789,-0.1012306,1.431522,0.5182015,-0.3116358,1.421916,0.2407413,0.4632508,1.421233
72057594037989646,0,1.138012,179127.6,0.251697,0.09502083,1.557103,0.2696099,0.5785848,1.383589,0.1386009,0.4273072,1.417842,-0.01957631,0.4107808,1.353531,-0.01607613,0.424229,1.327065,-0.006512401,0.4611013,1.285207,0.3585076,0.3927569,1.461898,0.4261852,0.217353,1.539616,0.350275,0.05099574,1.429626,0.3488016,0.01700044,1.411665,0.1971687,0.1085058,1.519162,0.1182821,-0.1483064,1.534248,0.0416752,-0.3636655,1.600577,0.2983415,0.09072021,1.542302,0.4023789,-0.1012306,1.431522,0.5182015,-0.3116358,1.421916,0.2407413,0.4632508,1.421233
72057594037989646,0,1.138012,179127.6,0.251697,0.09502083,1.557103,0.2696099,0.5785848,1.383589,0.1386009,0.4273072,1.417842,-0.01957631,0.4107808,1.353531,-0.01607613,0.424229,1.327065,-0.006512401,0.4611013,1.285207,0.3585076,0.3927569,1.461898,0.4261852,0.217353,1.539616,0.350275,0.05099574,1.429626,0.3488016,0.01700044,1.411665,0.1971687,0.1085058,1.519162,0.1182821,-0.1483064,1.534248,0.0416752,-0.3636655,1.600577,0.2983415,0.09072021,1.542302,0.4023789,-0.1012306,1.431522,0.5182015,-0.3116358,1.421916,0.2407413,0.4632508,1.421233
72057594037989646,0,1.138012,179127.6,0.251697,0.09502083,1.557103,0.2696099,0.5785848,1.383589,0.1386009,0.4273072,1.417842,-0.01957631,0.4107808,1.353531,-0.01607613,0.424229,1.327065,-0.006512401,0.4611013,1.285207,0.3585076,0.3927569,1.461898,0.4261852,0.217353,1.539616,0.350275,0.05099574,1.429626,0.3488016,0.01700044,1.411665,0.1971687,0.1085058,1.519162,0.1182821,-0.1483064,1.534248,0.0416752,-0.3636655,1.600577,0.2983415,0.09072021,1.542302,0.4023789,-0.1012306,1.431522,0.5182015,-0.3116358,1.421916,0.2407413,0.4632508,1.421233
72057594037989646,0,1.138012,179127.6,0.251697,0.09502083,1.557103,0.2696099,0.5785848,1.383589,0.1386009,0.4273072,1.417842,-0.01957631,0.4107808,1.353531,-0.01607613,0.424229,1.327065,-0.006512401,0.4611013,1.285207,0.3585076,0.3927569,1.461898,0.4261852,0.217353,1.539616,0.350275,0.05099574,1.429626,0.3488016,0.01700044,1.411665,0.1971687,0.1085058,1.519162,0.1182821,-0.1483064,1.534248,0.0416752,-0.3636655,1.600577,0.2983415,0.09072021,1.542302,0.4023789,-0.1012306,1.431522,0.5182015,-0.3116358,1.421916,0.2407413,0.4632508,1.421233
72057594037989646,0,1.138012,179127.6,0.251697,0.09502083,1.557103,0.2696099,0.5785848,1.383589,0.1386009,0.4273072,1.417842,-0.01957631,0.4107808,1.353531,-0.01607613,0.424229,1.327065,-0.006512401,0.4611013,1.285207,0.3585076,0.3927569,1.461898,0.4261852,0.217353,1.539616,0.350275,0.05099574,1.429626,0.3488016,0.01700044,1.411665,0.1971687,0.1085058,1.519162,0.1182821,-0.1483064,1.534248,0.0416752,-0.3636655,1.600577,0.2983415,0.09072021,1.542302,0.4023789,-0.1012306,1.431522,0.5182015,-0.3116358,1.421916,0.2407413,0.4632508,1.421233
72057594037989646,0,1.138012,179127.6,0.251697,0.09502083,1.557103,0.2696099,0.5785848,1.383589,0.1386009,0.4273072,1.417842,-0.01957631,0.4107808,1.353531,-0.01607613,0.424229,1.327065,-0.006512401,0.4611013,1.285207,0.3585076,0.3927569,1.461898,0.4261852,0.217353,1.539616,0.350275,0.05099574,1.429626,0.3488016,0.01700044,1.411665,0.1971687,0.1085058,1.519162,0.1182821,-0.1483064,1.534248,0.0416752,-0.3636655,1.600577,0.2983415,0.09072021,1.542302,0.4023789,-0.1012306,1.431522,0.5182015,-0.3116358,1.421916,0.2407413,0.4632508,1.421233
72057594037989646,0,1.138012,179127.6,0.251697,0.09502083,1.557103,0.2696099,0.5785848,1.383589,0.1386009,0.4273072,1.417842,-0.01957631,0.4107808,1.353531,-0.01607613,0.424229,1.327065,-0.006512401,0.4611013,1.285207,0.3585076,0.3927569,1.461898,0.4261852,0.217353,1.539616,0.350275,0.05099574,1.429626,0.3488016,0.01700044,1.411665,0.1971687,0.1085058,1.519162,0.1182821,-0.1483064,1.534248,0.0416752,-0.3636655,1.600577,0.2983415,0.09072021,1.542302,0.4023789,-0.1012306,1.431522,0.5182015,-0.3116358,1.421916,0.2407413,0.4632508,1.421233
72057594037989646,0,1.138012,179127.6,0.251697,0.09502083,1.557103,0.2696099,0.5785848,1.383589,0.1386009,0.4273072,1.417842,-0.01957631,0.4107808,1.353531,-0.01607613,0.424229,1.327065,-0.006512401,0.4611013,1.285207,0.3585076,0.3927569,1.461898,0.4261852,0.217353,1.539616,0.350275,0.05099574,1.429626,0.3488016,0.01700044,1.411665,0.1971687,0.1085058,1.519162,0.1182821,-0.1483064,1.534248,0.0416752,-0.3636655,1.600577,0.2983415,0.09072021,1.542302,0.4023789,-0.1012306,1.431522,0.5182015,-0.3116358,1.421916,0.2407413,0.4632508,1.421233
72057594037989646,0,1.138012,179127.6,0.251697,0.09502083,1.557103,0.2696099,0.5785848,1.383589,0.1386009,0.4273072,1.417842,-0.01957631,0.4107808,1.353531,-0.01607613,0.424229,1.327065,-0.006512401,0.4611013,1.285207,0.3585076,0.3927569,1.461898,0.4261852,0.217353,1.539616,0.350275,0.05099574,1.429626,0.3488016,0.01700044,1.411665,0.1971687,0.1085058,1.519162,0.1182821,-0.1483064,1.534248,0.0416752,-0.3636655,1.600577,0.2983415,0.09072021,1.542302,0.4023789,-0.1012306,1.431522,0.5182015,-0.3116358,1.421916,0.2407413,0.4632508,1.421233
72057594037989646,0,1.138012,179127.6,0.251697,0.09502083,1.557103,0.2696099,0.5785848,1.383589,0.1386009,0.4273072,1.417842,-0.01957631,0.4107808,1.353531,-0.01607613,0.424229,1.327065,-0.006512401,0.4611013,1.285207,0.3585076,0.3927569,1.461898,0.4261852,0.217353,1.539616,0.350275,0.05099574,1.429626,0.3488016,0.01700044,1.411665,0.1971687,0.1085058,1.519162,0.1182821,-0.1483064,1.534248,0.0416752,-0.3636655,1.600577,0.2983415,0.09072021,1.542302,0.4023789,-0.1012306,1.431522,0.5182015,-0.3116358,1.421916,0.2407413,0.4632508,1.421233
72057594037989646,0,1.138012,179127.6,0.251697,0.09502083,1.557103,0.2696099,0.5785848,1.383589,0.1386009,0.4273072,1.417842,-0.01957631,0.4107808,1.353531,-0.01607613,0.424229,1.327065,-0.006512401,0.4611013,1.285207,0.3585076,0.3927569,1.461898,0.4261852,0.217353,1.539616,0.350275,0.05099574,1.429626,0.3488016,0.01700044,1.411665,0.1971687,0.1085058,1.519162,0.1182821,-0.1483064,1.534248,0.0416752,-0.3636655,1.600577,0.2983415,0.09072021,1.542302,0.4023789,-0.1012306,1.431522,0.5182015,-0.3116358,1.421916,0.2407413,0.4632508,1.421233
72057594037989646,0,1.138012,179127.6,0.251697,0.09502083,1.557103,0.2696099,0.5785848,1.383589,0.1386009,0.4273072,1.417842,-0.01957631,0.4107808,1.353531,-0.01607613,0.424229,1.327065,-0.006512401,0.4611013,1.285207,0.3585076,0.3927569,1.461898,0.4261852,0.217353,1.539616,0.350275,0.05099574,1.429626,0.3488016,0.01700044,1.411665,0.1971687,0.1085058,1.519162,0.1182821,-0.1483064,1.534248,0.0416752,-0.3636655,1.600577,0.2983415,0.09072021,1.542302,0.4023789,-0.1012306,1.431522,0.5182015,-0.3116358,1.421916,0.2407413,0.4632508,1.421233
72057594037989646,0,1.19312,179127.6,0.2809645,0.03581998,1.547259,0.3153159,0.5493279,1.369129,0.1617352,0.4170878,1.39959,0.01676131,0.3927676,1.329865,0.02868596,0.4246591,1.289804,0.0413378,0.464224,1.254314,0.3791165,0.3870233,1.435566,0.4404334,0.2193032,1.531956,0.3715562,0.05207312,1.41666,0.3677915,0.02546346,1.407007,0.2158777,0.03866562,1.504207,0.1284835,-0.1540752,1.523232,0.03825397,-0.3605182,1.596693,0.3370393,0.04391864,1.537894,0.4298227,-0.0912649,1.404509,0.5363694,-0.3053933,1.402551,0.2711399,0.4394461,1.407943
72057594037989646,0,1.19312,179127.6,0.2809645,0.03581998,1.547259,0.3153159,0.5493279,1.369129,0.1617352,0.4170878,1.39959,0.01676131,0.3927676,1.329865,0.02868596,0.4246591,1.289804,0.0413378,0.464224,1.254314,0.3791165,0.3870233,1.435566,0.4404334,0.2193032,1.531956,0.3715562,0.05207312,1.41666,0.3677915,0.02546346,1.407007,0.2158777,0.03866562,1.504207,0.1284835,-0.1540752,1.523232,0.03825397,-0.3605182,1.596693,0.3370393,0.04391864,1.537894,0.4298227,-0.0912649,1.404509,0.5363694,-0.3053933,1.402551,0.2711399,0.4394461,1.407943
72057594037989646,0,1.19312,179127.6,0.2809645,0.03581998,1.547259,0.3153159,0.5493279,1.369129,0.1617352,0.4170878,1.39959,0.01676131,0.3927676,1.329865,0.02868596,0.4246591,1.289804,0.0413378,0.464224,1.254314,0.3791165,0.3870233,1.435566,0.4404334,0.2193032,1.531956,0.3715562,0.05207312,1.41666,0.3677915,0.02546346,1.407007,0.2158777,0.03866562,1.504207,0.1284835,-0.1540752,1.523232,0.03825397,-0.3605182,1.596693,0.3370393,0.04391864,1.537894,0.4298227,-0.0912649,1.404509,0.5363694,-0.3053933,1.402551,0.2711399,0.4394461,1.407943
72057594037989646,0,1.19312,179127.6,0.2809645,0.03581998,1.547259,0.3153159,0.5493279,1.369129,0.1617352,0.4170878,1.39959,0.01676131,0.3927676,1.329865,0.02868596,0.4246591,1.289804,0.0413378,0.464224,1.254314,0.3791165,0.3870233,1.435566,0.4404334,0.2193032,1.531956,0.3715562,0.05207312,1.41666,0.3677915,0.02546346,1.407007,0.2158777,0.03866562,1.504207,0.1284835,-0.1540752,1.523232,0.03825397,-0.3605182,1.596693,0.3370393,0.04391864,1.537894,0.4298227,-0.0912649,1.404509,0.5363694,-0.3053933,1.402551,0.2711399,0.4394461,1.407943
72057594037989646,0,1.19312,179127.6,0.2809645,0.03581998,1.547259,0.3153159,0.5493279,1.369129,0.1617352,0.4170878,1.39959,0.01676131,0.3927676,1.329865,0.02868596,0.4246591,1.289804,0.0413378,0.464224,1.254314,0.3791165,0.3870233,1.435566,0.4404334,0.2193032,1.531956,0.3715562,0.05207312,1.41666,0.3677915,0.02546346,1.407007,0.2158777,0.03866562,1.504207,0.1284835,-0.1540752,1.523232,0.03825397,-0.3605182,1.596693,0.3370393,0.04391864,1.537894,0.4298227,-0.0912649,1.404509,0.5363694,-0.3053933,1.402551,0.2711399,0.4394461,1.407943
72057594037989646,0,1.19312,179127.6,0.2809645,0.03581998,1.547259,0.3153159,0.5493279,1.369129,0.1617352,0.4170878,1.39959,0.01676131,0.3927676,1.329865,0.02868596,0.4246591,1.289804,0.0413378,0.464224,1.254314,0.3791165,0.3870233,1.435566,0.4404334,0.2193032,1.531956,0.3715562,0.05207312,1.41666,0.3677915,0.02546346,1.407007,0.2158777,0.03866562,1.504207,0.1284835,-0.1540752,1.523232,0.03825397,-0.3605182,1.596693,0.3370393,0.04391864,1.537894,0.4298227,-0.0912649,1.404509,0.5363694,-0.3053933,1.402551,0.2711399,0.4394461,1.407943
72057594037989646,0,1.19312,179127.6,0.2809645,0.03581998,1.547259,0.3153159,0.5493279,1.369129,0.1617352,0.4170878,1.39959,0.01676131,0.3927676,1.329865,0.02868596,0.4246591,1.289804,0.0413378,0.464224,1.254314,0.3791165,0.3870233,1.435566,0.4404334,0.2193032,1.531956,0.3715562,0.05207312,1.41666,0.3677915,0.02546346,1.407007,0.2158777,0.03866562,1.504207,0.1284835,-0.1540752,1.523232,0.03825397,-0.3605182,1.596693,0.3370393,0.04391864,1.537894,0.4298227,-0.0912649,1.404509,0.5363694,-0.3053933,1.402551,0.2711399,0.4394461,1.407943
72057594037989646,0,1.19312,179127.6,0.2809645,0.03581998,1.547259,0.3153159,0.5493279,1.369129,0.1617352,0.4170878,1.39959,0.01676131,0.3927676,1.329865,0.02868596,0.4246591,1.289804,0.0413378,0.464224,1.254314,0.3791165,0.3870233,1.435566,0.4404334,0.2193032,1.531956,0.3715562,0.05207312,1.41666,0.3677915,0.02546346,1.407007,0.2158777,0.03866562,1.504207,0.1284835,-0.1540752,1.523232,0.03825397,-0.3605182,1.596693,0.3370393,0.04391864,1.537894,0.4298227,-0.0912649,1.404509,0.5363694,-0.3053933,1.402551,0.2711399,0.4394461,1.407943
72057594037989646,0,1.19312,179127.6,0.2809645,0.03581998,1.547259,0.3153159,0.5493279,1.369129,0.1617352,0.4170878,1.39959,0.01676131,0.3927676,1.329865,0.02868596,0.4246591,1.289804,0.0413378,0.464224,1.254314,0.3791165,0.3870233,1.435566,0.4404334,0.2193032,1.531956,0.3715562,0.05207312,1.41666,0.3677915,0.02546346,1.407007,0.2158777,0.03866562,1.504207,0.1284835,-0.1540752,1.523232,0.03825397,-0.3605182,1.596693,0.3370393,0.04391864,1.537894,0.4298227,-0.0912649,1.404509,0.5363694,-0.3053933,1.402551,0.2711399,0.4394461,1.407943
72057594037989646,0,1.19312,179127.6,0.2809645,0.03581998,1.547259,0.3153159,0.5493279,1.369129,0.1617352,0.4170878,1.39959,0.01676131,0.3927676,1.329865,0.02868596,0.4246591,1.289804,0.0413378,0.464224,1.254314,0.3791165,0.3870233,1.435566,0.4404334,0.2193032,1.531956,0.3715562,0.05207312,1.41666,0.3677915,0.02546346,1.407007,0.2158777,0.03866562,1.504207,0.1284835,-0.1540752,1.523232,0.03825397,-0.3605182,1.596693,0.3370393,0.04391864,1.537894,0.4298227,-0.0912649,1.404509,0.5363694,-0.3053933,1.402551,0.2711399,0.4394461,1.407943
72057594037989646,0,1.19312,179127.6,0.2809645,0.03581998,1.547259,0.3153159,0.5493279,1.369129,0.1617352,0.4170878,1.39959,0.01676131,0.3927676,1.329865,0.02868596,0.4246591,1.289804,0.0413378,0.464224,1.254314,0.3791165,0.3870233,1.435566,0.4404334,0.2193032,1.531956,0.3715562,0.05207312,1.41666,0.3677915,0.02546346,1.407007,0.2158777,0.03866562,1.504207,0.1284835,-0.1540752,1.523232,0.03825397,-0.3605182,1.596693,0.3370393,0.04391864,1.537894,0.4298227,-0.0912649,1.404509,0.5363694,-0.3053933,1.402551,0.2711399,0.4394461,1.407943
72057594037989646,0,1.19312,179127.6,0.2809645,0.03581998,1.547259,0.3153159,0.5493279,1.369129,0.1617352,0.4170878,1.39959,0.01676131,0.3927676,1.329865,0.02868596,0.4246591,1.289804,0.0413378,0.464224,1.254314,0.3791165,0.3870233,1.435566,0.4404334,0.2193032,1.531956,0.3715562,0.05207312,1.41666,0.3677915,0.02546346,1.407007,0.2158777,0.03866562,1.504207,0.1284835,-0.1540752,1.523232,0.03825397,-0.3605182,1.596693,0.3370393,0.04391864,1.537894,0.4298227,-0.0912649,1.404509,0.5363694,-0.3053933,1.402551,0.2711399,0.4394461,1.407943
72057594037989646,0,1.193553,179127.6,0.3056217,0.0793674,1.5117,0.3299229,0.5805678,1.347437,0.2077309,0.4238251,1.361504,0.07801862,0.3671755,1.304841,0.09537696,0.4159754,1.249958,0.1061128,0.4500816,1.217865,0.4072315,0.4059366,1.390847,0.4589788,0.2553924,1.494241,0.4225406,0.1153263,1.419469,0.4083474,0.07926872,1.406184,0.2499626,0.08840629,1.483147,0.1642434,-0.1103644,1.491879,0.0719089,-0.2853541,1.560283,0.3519508,0.07947597,1.491226,0.4342308,-0.06793383,1.399131,0.5101107,-0.2380677,1.392844,0.3008726,0.4405985,1.383896
72057594037989646,0,1.193553,179127.6,0.3056217,0.0793674,1.5117,0.3299229,0.5805678,1.347437,0.2077309,0.4238251,1.361504,0.07801862,0.3671755,1.304841,0.09537696,0.4159754,1.249958,0.1061128,0.4500816,1.217865,0.4072315,0.4059366,1.390847,0.4589788,0.2553924,1.494241,0.4225406,0.1153263,1.419469,0.4083474,0.07926872,1.406184,0.2499626,0.08840629,1.483147,0.1642434,-0.1103644,1.491879,0.0719089,-0.2853541,1.560283,0.3519508,0.07947597,1.491226,0.4342308,-0.06793383,1.399131,0.5101107,-0.2380677,1.392844,0.3008726,0.4405985,1.383896
72057594037989646,0,1.193553,179127.6,0.3056217,0.0793674,1.5117,0.3299229,0.5805678,1.347437,0.2077309,0.4238251,1.361504,0.07801862,0.3671755,1.304841,0.09537696,0.4159754,1.249958,0.1061128,0.4500816,1.217865,0.4072315,0.4059366,1.390847,0.4589788,0.2553924,1.494241,0.4225406,0.1153263,1.419469,0.4083474,0.07926872,1.406184,0.2499626,0.08840629,1.483147,0.1642434,-0.1103644,1.491879,0.0719089,-0.2853541,1.560283,0.3519508,0.07947597,1.491226,0.4342308,-0.06793383,1.399131,0.5101107,-0.2380677,1.392844,0.3008726,0.4405985,1.383896
72057594037989646,0,1.193553,179127.6,0.3056217,0.0793674,1.5117,0.3299229,0.5805678,1.347437,0.2077309,0.4238251,1.361504,0.07801862,0.3671755,1.304841,0.09537696,0.4159754,1.249958,0.1061128,0.4500816,1.217865,0.4072315,0.4059366,1.390847,0.4589788,0.2553924,1.494241,0.4225406,0.1153263,1.419469,0.4083474,0.07926872,1.406184,0.2499626,0.08840629,1.483147,0.1642434,-0.1103644,1.491879,0.0719089,-0.2853541,1.560283,0.3519508,0.07947597,1.491226,0.4342308,-0.06793383,1.399131,0.5101107,-0.2380677,1.392844,0.3008726,0.4405985,1.383896
72057594037989646,0,1.193553,179127.7,0.3056217,0.0793674,1.5117,0.3299229,0.5805678,1.347437,0.2077309,0.4238251,1.361504,0.07801862,0.3671755,1.304841,0.09537696,0.4159754,1.249958,0.1061128,0.4500816,1.217865,0.4072315,0.4059366,1.390847,0.4589788,0.2553924,1.494241,0.4225406,0.1153263,1.419469,0.4083474,0.07926872,1.406184,0.2499626,0.08840629,1.483147,0.1642434,-0.1103644,1.491879,0.0719089,-0.2853541,1.560283,0.3519508,0.07947597,1.491226,0.4342308,-0.06793383,1.399131,0.5101107,-0.2380677,1.392844,0.3008726,0.4405985,1.383896
72057594037989646,0,1.193553,179127.7,0.3056217,0.0793674,1.5117,0.3299229,0.5805678,1.347437,0.2077309,0.4238251,1.361504,0.07801862,0.3671755,1.304841,0.09537696,0.4159754,1.249958,0.1061128,0.4500816,1.217865,0.4072315,0.4059366,1.390847,0.4589788,0.2553924,1.494241,0.4225406,0.1153263,1.419469,0.4083474,0.07926872,1.406184,0.2499626,0.08840629,1.483147,0.1642434,-0.1103644,1.491879,0.0719089,-0.2853541,1.560283,0.3519508,0.07947597,1.491226,0.4342308,-0.06793383,1.399131,0.5101107,-0.2380677,1.392844,0.3008726,0.4405985,1.383896
72057594037989646,0,1.193553,179127.7,0.3056217,0.0793674,1.5117,0.3299229,0.5805678,1.347437,0.2077309,0.4238251,1.361504,0.07801862,0.3671755,1.304841,0.09537696,0.4159754,1.249958,0.1061128,0.4500816,1.217865,0.4072315,0.4059366,1.390847,0.4589788,0.2553924,1.494241,0.4225406,0.1153263,1.419469,0.4083474,0.07926872,1.406184,0.2499626,0.08840629,1.483147,0.1642434,-0.1103644,1.491879,0.0719089,-0.2853541,1.560283,0.3519508,0.07947597,1.491226,0.4342308,-0.06793383,1.399131,0.5101107,-0.2380677,1.392844,0.3008726,0.4405985,1.383896
72057594037989646,0,1.193553,179127.7,0.3056217,0.0793674,1.5117,0.3299229,0.5805678,1.347437,0.2077309,0.4238251,1.361504,0.07801862,0.3671755,1.304841,0.09537696,0.4159754,1.249958,0.1061128,0.4500816,1.217865,0.4072315,0.4059366,1.390847,0.4589788,0.2553924,1.494241,0.4225406,0.1153263,1.419469,0.4083474,0.07926872,1.406184,0.2499626,0.08840629,1.483147,0.1642434,-0.1103644,1.491879,0.0719089,-0.2853541,1.560283,0.3519508,0.07947597,1.491226,0.4342308,-0.06793383,1.399131,0.5101107,-0.2380677,1.392844,0.3008726,0.4405985,1.383896
72057594037989646,0,1.193553,179127.7,0.3056217,0.0793674,1.5117,0.3299229,0.5805678,1.347437,0.2077309,0.4238251,1.361504,0.07801862,0.3671755,1.304841,0.09537696,0.4159754,1.249958,0.1061128,0.4500816,1.217865,0.4072315,0.4059366,1.390847,0.4589788,0.2553924,1.494241,0.4225406,0.1153263,1.419469,0.4083474,0.07926872,1.406184,0.2499626,0.08840629,1.483147,0.1642434,-0.1103644,1.491879,0.0719089,-0.2853541,1.560283,0.3519508,0.07947597,1.491226,0.4342308,-0.06793383,1.399131,0.5101107,-0.2380677,1.392844,0.3008726,0.4405985,1.383896
72057594037989646,0,1.193553,179127.7,0.3056217,0.0793674,1.5117,0.3299229,0.5805678,1.347437,0.2077309,0.4238251,1.361504,0.07801862,0.3671755,1.304841,0.09537696,0.4159754,1.249958,0.1061128,0.4500816,1.217865,0.4072315,0.4059366,1.390847,0.4589788,0.2553924,1.494241,0.4225406,0.1153263,1.419469,0.4083474,0.07926872,1.406184,0.2499626,0.08840629,1.483147,0.1642434,-0.1103644,1.491879,0.0719089,-0.2853541,1.560283,0.3519508,0.07947597,1.491226,0.4342308,-0.06793383,1.399131,0.5101107,-0.2380677,1.392844,0.3008726,0.4405985,1.383896
72057594037989646,0,1.193553,179127.7,0.3056217,0.0793674,1.5117,0.3299229,0.5805678,1.347437,0.2077309,0.4238251,1.361504,0.07801862,0.3671755,1.304841,0.09537696,0.4159754,1.249958,0.1061128,0.4500816,1.217865,0.4072315,0.4059366,1.390847,0.4589788,0.2553924,1.494241,0.4225406,0.1153263,1.419469,0.4083474,0.07926872,1.406184,0.2499626,0.08840629,1.483147,0.1642434,-0.1103644,1.491879,0.0719089,-0.2853541,1.560283,0.3519508,0.07947597,1.491226,0.4342308,-0.06793383,1.399131,0.5101107,-0.2380677,1.392844,0.3008726,0.4405985,1.383896
72057594037989646,0,1.193553,179127.7,0.3056217,0.0793674,1.5117,0.3299229,0.5805678,1.347437,0.2077309,0.4238251,1.361504,0.07801862,0.3671755,1.304841,0.09537696,0.4159754,1.249958,0.1061128,0.4500816,1.217865,0.4072315,0.4059366,1.390847,0.4589788,0.2553924,1.494241,0.4225406,0.1153263,1.419469,0.4083474,0.07926872,1.406184,0.2499626,0.08840629,1.483147,0.1642434,-0.1103644,1.491879,0.0719089,-0.2853541,1.560283,0.3519508,0.07947597,1.491226,0.4342308,-0.06793383,1.399131,0.5101107,-0.2380677,1.392844,0.3008726,0.4405985,1.383896
72057594037989646,0,1.206667,179127.7,0.3501229,0.100262,1.491444,0.3650453,0.5710602,1.332993,0.274648,0.4041131,1.337082,0.1643248,0.3792984,1.241447,0.1850587,0.4639843,1.135057,0.1923126,0.4922462,1.102277,0.431604,0.4017302,1.368816,0.47659,0.2632725,1.458993,0.4517817,0.1155717,1.412297,0.437671,0.0853062,1.391037,0.2993832,0.1053095,1.46051,0.1714427,-0.1036707,1.488261,0.07308342,-0.2867137,1.557844,0.3874827,0.1018837,1.475642,0.4684742,-0.07153291,1.375342,0.5235892,-0.2521785,1.387737,0.3481955,0.4452226,1.36033
72057594037989646,0,1.206667,179127.7,0.3501229,0.100262,1.491444,0.3650453,0.5710602,1.332993,0.274648,0.4041131,1.337082,0.1643248,0.3792984,1.241447,0.1850587,0.4639843,1.135057,0.1923126,0.4922462,1.102277,0.431604,0.4017302,1.368816,0.47659,0.2632725,1.458993,0.4517817,0.1155717,1.412297,0.437671,0.0853062,1.391037,0.2993832,0.1053095,1.46051,0.1714427,-0.1036707,1.488261,0.07308342,-0.2867137,1.557844,0.3874827,0.1018837,1.475642,0.4684742,-0.07153291,1.375342,0.5235892,-0.2521785,1.387737,0.3481955,0.4452226,1.36033
72057594037989646,0,1.206667,179127.7,0.3501229,0.100262,1.491444,0.3650453,0.5710602,1.332993,0.274648,0.4041131,1.337082,0.1643248,0.3792984,1.241447,0.1850587,0.4639843,1.135057,0.1923126,0.4922462,1.102277,0.431604,0.4017302,1.368816,0.47659,0.2632725,1.458993,0.4517817,0.1155717,1.412297,0.437671,0.0853062,1.391037,0.2993832,0.1053095,1.46051,0.1714427,-0.1036707,1.488261,0.07308342,-0.2867137,1.557844,0.3874827,0.1018837,1.475642,0.4684742,-0.07153291,1.375342,0.5235892,-0.2521785,1.387737,0.3481955,0.4452226,1.36033
72057594037989646,0,1.206667,179127.7,0.3501229,0.100262,1.491444,0.3650453,0.5710602,1.332993,0.274648,0.4041131,1.337082,0.1643248,0.3792984,1.241447,0.1850587,0.4639843,1.135057,0.1923126,0.4922462,1.102277,0.431604,0.4017302,1.368816,0.47659,0.2632725,1.458993,0.4517817,0.1155717,1.412297,0.437671,0.0853062,1.391037,0.2993832,0.1053095,1.46051,0.1714427,-0.1036707,1.488261,0.07308342,-0.2867137,1.557844,0.3874827,0.1018837,1.475642,0.4684742,-0.07153291,1.375342,0.5235892,-0.2521785,1.387737,0.3481955,0.4452226,1.36033
72057594037989646,0,1.206667,179127.7,0.3501229,0.100262,1.491444,0.3650453,0.5710602,1.332993,0.274648,0.4041131,1.337082,0.1643248,0.3792984,1.241447,0.1850587,0.4639843,1.135057,0.1923126,0.4922462,1.102277,0.431604,0.4017302,1.368816,0.47659,0.2632725,1.458993,0.4517817,0.1155717,1.412297,0.437671,0.0853062,1.391037,0.2993832,0.1053095,1.46051,0.1714427,-0.1036707,1.488261,0.07308342,-0.2867137,1.557844,0.3874827,0.1018837,1.475642,0.4684742,-0.07153291,1.375342,0.5235892,-0.2521785,1.387737,0.3481955,0.4452226,1.36033
72057594037989646,0,1.206667,179127.7,0.3501229,0.100262,1.491444,0.3650453,0.5710602,1.332993,0.274648,0.4041131,1.337082,0.1643248,0.3792984,1.241447,0.1850587,0.4639843,1.135057,0.1923126,0.4922462,1.102277,0.431604,0.4017302,1.368816,0.47659,0.2632725,1.458993,0.4517817,0.1155717,1.412297,0.437671,0.0853062,1.391037,0.2993832,0.1053095,1.46051,0.1714427,-0.1036707,1.488261,0.07308342,-0.2867137,1.557844,0.3874827,0.1018837,1.475642,0.4684742,-0.07153291,1.375342,0.5235892,-0.2521785,1.387737,0.3481955,0.4452226,1.36033
72057594037989646,0,1.206667,179127.7,0.3501229,0.100262,1.491444,0.3650453,0.5710602,1.332993,0.274648,0.4041131,1.337082,0.1643248,0.3792984,1.241447,0.1850587,0.4639843,1.135057,0.1923126,0.4922462,1.102277,0.431604,0.4017302,1.368816,0.47659,0.2632725,1.458993,0.4517817,0.1155717,1.412297,0.437671,0.0853062,1.391037,0.2993832,0.1053095,1.46051,0.1714427,-0.1036707,1.488261,0.07308342,-0.2867137,1.557844,0.3874827,0.1018837,1.475642,0.4684742,-0.07153291,1.375342,0.5235892,-0.2521785,1.387737,0.3481955,0.4452226,1.36033
72057594037989646,0,1.206667,179127.7,0.3501229,0.100262,1.491444,0.3650453,0.5710602,1.332993,0.274648,0.4041131,1.337082,0.1643248,0.3792984,1.241447,0.1850587,0.4639843,1.135057,0.1923126,0.4922462,1.102277,0.431604,0.4017302,1.368816,0.47659,0.2632725,1.458993,0.4517817,0.1155717,1.412297,0.437671,0.0853062,1.391037,0.2993832,0.1053095,1.46051,0.1714427,-0.1036707,1.488261,0.07308342,-0.2867137,1.557844,0.3874827,0.1018837,1.475642,0.4684742,-0.07153291,1.375342,0.5235892,-0.2521785,1.387737,0.3481955,0.4452226,1.36033
72057594037989646,0,1.206667,179127.7,0.3501229,0.100262,1.491444,0.3650453,0.5710602,1.332993,0.274648,0.4041131,1.337082,0.1643248,0.3792984,1.241447,0.1850587,0.4639843,1.135057,0.1923126,0.4922462,1.102277,0.431604,0.4017302,1.368816,0.47659,0.2632725,1.458993,0.4517817,0.1155717,1.412297,0.437671,0.0853062,1.391037,0.2993832,0.1053095,1.46051,0.1714427,-0.1036707,1.488261,0.07308342,-0.2867137,1.557844,0.3874827,0.1018837,1.475642,0.4684742,-0.07153291,1.375342,0.5235892,-0.2521785,1.387737,0.3481955,0.4452226,1.36033
72057594037989646,0,1.206667,179127.7,0.3501229,0.100262,1.491444,0.3650453,0.5710602,1.332993,0.274648,0.4041131,1.337082,0.1643248,0.3792984,1.241447,0.1850587,0.4639843,1.135057,0.1923126,0.4922462,1.102277,0.431604,0.4017302,1.368816,0.47659,0.2632725,1.458993,0.4517817,0.1155717,1.412297,0.437671,0.0853062,1.391037,0.2993832,0.1053095,1.46051,0.1714427,-0.1036707,1.488261,0.07308342,-0.2867137,1.557844,0.3874827,0.1018837,1.475642,0.4684742,-0.07153291,1.375342,0.5235892,-0.2521785,1.387737,0.3481955,0.4452226,1.36033
72057594037989646,0,1.206667,179127.7,0.3501229,0.100262,1.491444,0.3650453,0.5710602,1.332993,0.274648,0.4041131,1.337082,0.1643248,0.3792984,1.241447,0.1850587,0.4639843,1.135057,0.1923126,0.4922462,1.102277,0.431604,0.4017302,1.368816,0.47659,0.2632725,1.458993,0.4517817,0.1155717,1.412297,0.437671,0.0853062,1.391037,0.2993832,0.1053095,1.46051,0.1714427,-0.1036707,1.488261,0.07308342,-0.2867137,1.557844,0.3874827,0.1018837,1.475642,0.4684742,-0.07153291,1.375342,0.5235892,-0.2521785,1.387737,0.3481955,0.4452226,1.36033
72057594037989646,0,1.206667,179127.7,0.3501229,0.100262,1.491444,0.3650453,0.5710602,1.332993,0.274648,0.4041131,1.337082,0.1643248,0.3792984,1.241447,0.1850587,0.4639843,1.135057,0.1923126,0.4922462,1.102277,0.431604,0.4017302,1.368816,0.47659,0.2632725,1.458993,0.4517817,0.1155717,1.412297,0.437671,0.0853062,1.391037,0.2993832,0.1053095,1.46051,0.1714427,-0.1036707,1.488261,0.07308342,-0.2867137,1.557844,0.3874827,0.1018837,1.475642,0.4684742,-0.07153291,1.375342,0.5235892,-0.2521785,1.387737,0.3481955,0.4452226,1.36033
72057594037989646,0,1.206667,179127.7,0.3501229,0.100262,1.491444,0.3650453,0.5710602,1.332993,0.274648,0.4041131,1.337082,0.1643248,0.3792984,1.241447,0.1850587,0.4639843,1.135057,0.1923126,0.4922462,1.102277,0.431604,0.4017302,1.368816,0.47659,0.2632725,1.458993,0.4517817,0.1155717,1.412297,0.437671,0.0853062,1.391037,0.2993832,0.1053095,1.46051,0.1714427,-0.1036707,1.488261,0.07308342,-0.2867137,1.557844,0.3874827,0.1018837,1.475642,0.4684742,-0.07153291,1.375342,0.5235892,-0.2521785,1.387737,0.3481955,0.4452226,1.36033
72057594037989646,0,1.236572,179127.7,0.3804333,0.09144536,1.470357,0.4162717,0.5571342,1.314501,0.3145117,0.4102836,1.305286,0.2262125,0.3474168,1.228675,0.2834916,0.4203185,1.138853,0.303054,0.4445744,1.111549,0.4535299,0.3954395,1.330498,0.5014477,0.2661872,1.413495,0.5099444,0.1193563,1.39827,0.4940661,0.09995797,1.373458,0.3340679,0.09946075,1.444066,0.1855248,-0.09794921,1.482708,0.07478389,-0.2876925,1.55368,0.4174328,0.09104452,1.447657,0.4907178,-0.06408712,1.352678,0.5262533,-0.254645,1.384618,0.3784515,0.4354061,1.342084
72057594037989646,0,1.236572,179127.7,0.3804333,0.09144536,1.470357,0.4162717,0.5571342,1.314501,0.3145117,0.4102836,1.305286,0.2262125,0.3474168,1.228675,0.2834916,0.4203185,1.138853,0.303054,0.4445744,1.111549,0.4535299,0.3954395,1.330498,0.5014477,0.2661872,1.413495,0.5099444,0.1193563,1.39827,0.4940661,0.09995797,1.373458,0.3340679,0.09946075,1.444066,0.1855248,-0.09794921,1.482708,0.07478389,-0.2876925,1.55368,0.4174328,0.09104452,1.447657,0.4907178,-0.06408712,1.352678,0.5262533,-0.254645,1.384618,0.3784515,0.4354061,1.342084
72057594037989646,0,1.236572,179127.7,0.3804333,0.09144536,1.470357,0.4162717,0.5571342,1.314501,0.3145117,0.4102836,1.305286,0.2262125,0.3474168,1.228675,0.2834916,0.4203185,1.138853,0.303054,0.4445744,1.111549,0.4535299,0.3954395,1.330498,0.5014477,0.2661872,1.413495,0.5099444,0.1193563,1.39827,0.4940661,0.09995797,1.373458,0.3340679,0.09946075,1.444066,0.1855248,-0.09794921,1.482708,0.07478389,-0.2876925,1.55368,0.4174328,0.09104452,1.447657,0.4907178,-0.06408712,1.352678,0.5262533,-0.254645,1.384618,0.3784515,0.4354061,1.342084
72057594037989646,0,1.236572,179127.7,0.3804333,0.09144536,1.470357,0.4162717,0.5571342,1.314501,0.3145117,0.4102836,1.305286,0.2262125,0.3474168,1.228675,0.2834916,0.4203185,1.138853,0.303054,0.4445744,1.111549,0.4535299,0.3954395,1.330498,0.5014477,0.2661872,1.413495,0.5099444,0.1193563,1.39827,0.4940661,0.09995797,1.373458,0.3340679,0.09946075,1.444066,0.1855248,-0.09794921,1.482708,0.07478389,-0.2876925,1.55368,0.4174328,0.09104452,1.447657,0.4907178,-0.06408712,1.352678,0.5262533,-0.254645,1.384618,0.3784515,0.4354061,1.342084
72057594037989646,0,1.236572,179127.7,0.3804333,0.09144536,1.470357,0.4162717,0.5571342,1.314501,0.3145117,0.4102836,1.305286,0.2262125,0.3474168,1.228675,0.2834916,0.4203185,1.138853,0.303054,0.4445744,1.111549,0.4535299,0.3954395,1.330498,0.5014477,0.2661872,1.413495,0.5099444,0.1193563,1.39827,0.4940661,0.09995797,1.373458,0.3340679,0.09946075,1.444066,0.1855248,-0.09794921,1.482708,0.07478389,-0.2876925,1.55368,0.4174328,0.09104452,1.447657,0.4907178,-0.06408712,1.352678,0.5262533,-0.254645,1.384618,0.3784515,0.4354061,1.342084
72057594037989646,0,1.236572,179127.7,0.3804333,0.09144536,1.470357,0.4162717,0.5571342,1.314501,0.3145117,0.4102836,1.305286,0.2262125,0.3474168,1.228675,0.2834916,0.4203185,1.138853,0.303054,0.4445744,1.111549,0.4535299,0.3954395,1.330498,0.5014477,0.2661872,1.413495,0.5099444,0.1193563,1.39827,0.4940661,0.09995797,1.373458,0.3340679,0.09946075,1.444066,0.1855248,-0.09794921,1.482708,0.07478389,-0.2876925,1.55368,0.4174328,0.09104452,1.447657,0.4907178,-0.06408712,1.352678,0.5262533,-0.254645,1.384618,0.3784515,0.4354061,1.342084
72057594037989646,0,1.236572,179127.7,0.3804333,0.09144536,1.470357,0.4162717,0.5571342,1.314501,0.3145117,0.4102836,1.305286,0.2262125,0.3474168,1.228675,0.2834916,0.4203185,1.138853,0.303054,0.4445744,1.111549,0.4535299,0.3954395,1.330498,0.5014477,0.2661872,1.413495,0.5099444,0.1193563,1.39827,0.4940661,0.09995797,1.373458,0.3340679,0.09946075,1.444066,0.1855248,-0.09794921,1.482708,0.07478389,-0.2876925,1.55368,0.4174328,0.09104452,1.447657,0.4907178,-0.06408712,1.352678,0.5262533,-0.254645,1.384618,0.3784515,0.4354061,1.342084
72057594037989646,0,1.236572,179127.7,0.3804333,0.09144536,1.470357,0.4162717,0.5571342,1.314501,0.3145117,0.4102836,1.305286,0.2262125,0.3474168,1.228675,0.2834916,0.4203185,1.138853,0.303054,0.4445744,1.111549,0.4535299,0.3954395,1.330498,0.5014477,0.2661872,1.413495,0.5099444,0.1193563,1.39827,0.4940661,0.09995797,1.373458,0.3340679,0.09946075,1.444066,0.1855248,-0.09794921,1.482708,0.07478389,-0.2876925,1.55368,0.4174328,0.09104452,1.447657,0.4907178,-0.06408712,1.352678,0.5262533,-0.254645,1.384618,0.3784515,0.4354061,1.342084
72057594037989646,0,1.236572,179127.7,0.3804333,0.09144536,1.470357,0.4162717,0.5571342,1.314501,0.3145117,0.4102836,1.305286,0.2262125,0.3474168,1.228675,0.2834916,0.4203185,1.138853,0.303054,0.4445744,1.111549,0.4535299,0.3954395,1.330498,0.5014477,0.2661872,1.413495,0.5099444,0.1193563,1.39827,0.4940661,0.09995797,1.373458,0.3340679,0.09946075,1.444066,0.1855248,-0.09794921,1.482708,0.07478389,-0.2876925,1.55368,0.4174328,0.09104452,1.447657,0.4907178,-0.06408712,1.352678,0.5262533,-0.254645,1.384618,0.3784515,0.4354061,1.342084
72057594037989646,0,1.236572,179127.7,0.3804333,0.09144536,1.470357,0.4162717,0.5571342,1.314501,0.3145117,0.4102836,1.305286,0.2262125,0.3474168,1.228675,0.2834916,0.4203185,1.138853,0.303054,0.4445744,1.111549,0.4535299,0.3954395,1.330498,0.5014477,0.2661872,1.413495,0.5099444,0.1193563,1.39827,0.4940661,0.09995797,1.373458,0.3340679,0.09946075,1.444066,0.1855248,-0.09794921,1.482708,0.07478389,-0.2876925,1.55368,0.4174328,0.09104452,1.447657,0.4907178,-0.06408712,1.352678,0.5262533,-0.254645,1.384618,0.3784515,0.4354061,1.342084
72057594037989646,0,1.236572,179127.7,0.3804333,0.09144536,1.470357,0.4162717,0.5571342,1.314501,0.3145117,0.4102836,1.305286,0.2262125,0.3474168,1.228675,0.2834916,0.4203185,1.138853,0.303054,0.4445744,1.111549,0.4535299,0.3954395,1.330498,0.5014477,0.2661872,1.413495,0.5099444,0.1193563,1.39827,0.4940661,0.09995797,1.373458,0.3340679,0.09946075,1.444066,0.1855248,-0.09794921,1.482708,0.07478389,-0.2876925,1.55368,0.4174328,0.09104452,1.447657,0.4907178,-0.06408712,1.352678,0.5262533,-0.254645,1.384618,0.3784515,0.4354061,1.342084
72057594037989646,0,1.236572,179127.7,0.3804333,0.09144536,1.470357,0.4162717,0.5571342,1.314501,0.3145117,0.4102836,1.305286,0.2262125,0.3474168,1.228675,0.2834916,0.4203185,1.138853,0.303054,0.4445744,1.111549,0.4535299,0.3954395,1.330498,0.5014477,0.2661872,1.413495,0.5099444,0.1193563,1.39827,0.4940661,0.09995797,1.373458,0.3340679,0.09946075,1.444066,0.1855248,-0.09794921,1.482708,0.07478389,-0.2876925,1.55368,0.4174328,0.09104452,1.447657,0.4907178,-0.06408712,1.352678,0.5262533,-0.254645,1.384618,0.3784515,0.4354061,1.342084
72057594037989646,0,1.236572,179127.7,0.3804333,0.09144536,1.470357,0.4162717,0.5571342,1.314501,0.3145117,0.4102836,1.305286,0.2262125,0.3474168,1.228675,0.2834916,0.4203185,1.138853,0.303054,0.4445744,1.111549,0.4535299,0.3954395,1.330498,0.5014477,0.2661872,1.413495,0.5099444,0.1193563,1.39827,0.4940661,0.09995797,1.373458,0.3340679,0.09946075,1.444066,0.1855248,-0.09794921,1.482708,0.07478389,-0.2876925,1.55368,0.4174328,0.09104452,1.447657,0.4907178,-0.06408712,1.352678,0.5262533,-0.254645,1.384618,0.3784515,0.4354061,1.342084
72057594037989646,0,1.276751,179127.7,0.4291961,0.09185305,1.436097,0.4741002,0.53813,1.298109,0.3459197,0.39549,1.294112,0.326243,0.3222324,1.188275,0.3867773,0.4077184,1.121472,0.4076169,0.4361109,1.101771,0.5077353,0.4000562,1.307652,0.5516809,0.2666402,1.378261,0.5753068,0.1146734,1.422339,0.5795829,0.1023461,1.419115,0.3845796,0.0943481,1.414252,0.2546454,-0.04411846,1.436091,0.1153967,-0.2333931,1.522768,0.4608501,0.09804937,1.411605,0.5132712,-0.06378958,1.33303,0.5292636,-0.2564691,1.381542,0.4309128,0.4323288,1.315449
72057594037989646,0,1.276751,179127.7,0.4291961,0.09185305,1.436097,0.4741002,0.53813,1.298109,0.3459197,0.39549,1.294112,0.326243,0.3222324,1.188275,0.3867773,0.4077184,1.121472,0.4076169,0.4361109,1.101771,0.5077353,0.4000562,1.307652,0.5516809,0.2666402,1.378261,0.5753068,0.1146734,1.422339,0.5795829,0.1023461,1.419115,0.3845796,0.0943481,1.414252,0.2546454,-0.04411846,1.436091,0.1153967,-0.2333931,1.522768,0.4608501,0.09804937,1.411605,0.5132712,-0.06378958,1.33303,0.5292636,-0.2564691,1.381542,0.4309128,0.4323288,1.315449
72057594037989646,0,1.276751,179127.8,0.4291961,0.09185305,1.436097,0.4741002,0.53813,1.298109,0.3459197,0.39549,1.294112,0.326243,0.3222324,1.188275,0.3867773,0.4077184,1.121472,0.4076169,0.4361109,1.101771,0.5077353,0.4000562,1.307652,0.5516809,0.2666402,1.378261,0.5753068,0.1146734,1.422339,0.5795829,0.1023461,1.419115,0.3845796,0.0943481,1.414252,0.2546454,-0.04411846,1.436091,0.1153967,-0.2333931,1.522768,0.4608501,0.09804937,1.411605,0.5132712,-0.06378958,1.33303,0.5292636,-0.2564691,1.381542,0.4309128,0.4323288,1.315449
72057594037989646,0,1.276751,179127.8,0.4291961,0.09185305,1.436097,0.4741002,0.53813,1.298109,0.3459197,0.39549,1.294112,0.326243,0.3222324,1.188275,0.3867773,0.4077184,1.121472,0.4076169,0.4361109,1.101771,0.5077353,0.4000562,1.307652,0.5516809,0.2666402,1.378261,0.5753068,0.1146734,1.422339,0.5795829,0.1023461,1.419115,0.3845796,0.0943481,1.414252,0.2546454,-0.04411846,1.436091,0.1153967,-0.2333931,1.522768,0.4608501,0.09804937,1.411605,0.5132712,-0.06378958,1.33303,0.5292636,-0.2564691,1.381542,0.4309128,0.4323288,1.315449
72057594037989646,0,1.276751,179127.8,0.4291961,0.09185305,1.436097,0.4741002,0.53813,1.298109,0.3459197,0.39549,1.294112,0.326243,0.3222324,1.188275,0.3867773,0.4077184,1.121472,0.4076169,0.4361109,1.101771,0.5077353,0.4000562,1.307652,0.5516809,0.2666402,1.378261,0.5753068,0.1146734,1.422339,0.5795829,0.1023461,1.419115,0.3845796,0.0943481,1.414252,0.2546454,-0.04411846,1.436091,0.1153967,-0.2333931,1.522768,0.4608501,0.09804937,1.411605,0.5132712,-0.06378958,1.33303,0.5292636,-0.2564691,1.381542,0.4309128,0.4323288,1.315449
72057594037989646,0,1.276751,179127.8,0.4291961,0.09185305,1.436097,0.4741002,0.53813,1.298109,0.3459197,0.39549,1.294112,0.326243,0.3222324,1.188275,0.3867773,0.4077184,1.121472,0.4076169,0.4361109,1.101771,0.5077353,0.4000562,1.307652,0.5516809,0.2666402,1.378261,0.5753068,0.1146734,1.422339,0.5795829,0.1023461,1.419115,0.3845796,0.0943481,1.414252,0.2546454,-0.04411846,1.436091,0.1153967,-0.2333931,1.522768,0.4608501,0.09804937,1.411605,0.5132712,-0.06378958,1.33303,0.5292636,-0.2564691,1.381542,0.4309128,0.4323288,1.315449
72057594037989646,0,1.276751,179127.8,0.4291961,0.09185305,1.436097,0.4741002,0.53813,1.298109,0.3459197,0.39549,1.294112,0.326243,0.3222324,1.188275,0.3867773,0.4077184,1.121472,0.4076169,0.4361109,1.101771,0.5077353,0.4000562,1.307652,0.5516809,0.2666402,1.378261,0.5753068,0.1146734,1.422339,0.5795829,0.1023461,1.419115,0.3845796,0.0943481,1.414252,0.2546454,-0.04411846,1.436091,0.1153967,-0.2333931,1.522768,0.4608501,0.09804937,1.411605,0.5132712,-0.06378958,1.33303,0.5292636,-0.2564691,1.381542,0.4309128,0.4323288,1.315449
72057594037989646,0,1.276751,179127.8,0.4291961,0.09185305,1.436097,0.4741002,0.53813,1.298109,0.3459197,0.39549,1.294112,0.326243,0.3222324,1.188275,0.3867773,0.4077184,1.121472,0.4076169,0.4361109,1.101771,0.5077353,0.4000562,1.307652,0.5516809,0.2666402,1.378261,0.5753068,0.1146734,1.422339,0.5795829,0.1023461,1.419115,0.3845796,0.0943481,1.414252,0.2546454,-0.04411846,1.436091,0.1153967,-0.2333931,1.522768,0.4608501,0.09804937,1.411605,0.5132712,-0.06378958,1.33303,0.5292636,-0.2564691,1.381542,0.4309128,0.4323288,1.315449
72057594037989646,0,1.276751,179127.8,0.4291961,0.09185305,1.436097,0.4741002,0.53813,1.298109,0.3459197,0.39549,1.294112,0.326243,0.3222324,1.188275,0.3867773,0.4077184,1.121472,0.4076169,0.4361109,1.101771,0.5077353,0.4000562,1.307652,0.5516809,0.2666402,1.378261,0.5753068,0.1146734,1.422339,0.5795829,0.1023461,1.419115,0.3845796,0.0943481,1.414252,0.2546454,-0.04411846,1.436091,0.1153967,-0.2333931,1.522768,0.4608501,0.09804937,1.411605,0.5132712,-0.06378958,1.33303,0.5292636,-0.2564691,1.381542,0.4309128,0.4323288,1.315449
72057594037989646,0,1.276751,179127.8,0.4291961,0.09185305,1.436097,0.4741002,0.53813,1.298109,0.3459197,0.39549,1.294112,0.326243,0.3222324,1.188275,0.3867773,0.4077184,1.121472,0.4076169,0.4361109,1.101771,0.5077353,0.4000562,1.307652,0.5516809,0.2666402,1.378261,0.5753068,0.1146734,1.422339,0.5795829,0.1023461,1.419115,0.3845796,0.0943481,1.414252,0.2546454,-0.04411846,1.436091,0.1153967,-0.2333931,1.522768,0.4608501,0.09804937,1.411605,0.5132712,-0.06378958,1.33303,0.5292636,-0.2564691,1.381542,0.4309128,0.4323288,1.315449
72057594037989646,0,1.276751,179127.8,0.4291961,0.09185305,1.436097,0.4741002,0.53813,1.298109,0.3459197,0.39549,1.294112,0.326243,0.3222324,1.188275,0.3867773,0.4077184,1.121472,0.4076169,0.4361109,1.101771,0.5077353,0.4000562,1.307652,0.5516809,0.2666402,1.378261,0.5753068,0.1146734,1.422339,0.5795829,0.1023461,1.419115,0.3845796,0.0943481,1.414252,0.2546454,-0.04411846,1.436091,0.1153967,-0.2333931,1.522768,0.4608501,0.09804937,1.411605,0.5132712,-0.06378958,1.33303,0.5292636,-0.2564691,1.381542,0.4309128,0.4323288,1.315449
72057594037989646,0,1.276751,179127.8,0.4291961,0.09185305,1.436097,0.4741002,0.53813,1.298109,0.3459197,0.39549,1.294112,0.326243,0.3222324,1.188275,0.3867773,0.4077184,1.121472,0.4076169,0.4361109,1.101771,0.5077353,0.4000562,1.307652,0.5516809,0.2666402,1.378261,0.5753068,0.1146734,1.422339,0.5795829,0.1023461,1.419115,0.3845796,0.0943481,1.414252,0.2546454,-0.04411846,1.436091,0.1153967,-0.2333931,1.522768,0.4608501,0.09804937,1.411605,0.5132712,-0.06378958,1.33303,0.5292636,-0.2564691,1.381542,0.4309128,0.4323288,1.315449
72057594037989646,0,1.276751,179127.8,0.4291961,0.09185305,1.436097,0.4741002,0.53813,1.298109,0.3459197,0.39549,1.294112,0.326243,0.3222324,1.188275,0.3867773,0.4077184,1.121472,0.4076169,0.4361109,1.101771,0.5077353,0.4000562,1.307652,0.5516809,0.2666402,1.378261,0.5753068,0.1146734,1.422339,0.5795829,0.1023461,1.419115,0.3845796,0.0943481,1.414252,0.2546454,-0.04411846,1.436091,0.1153967,-0.2333931,1.522768,0.4608501,0.09804937,1.411605,0.5132712,-0.06378958,1.33303,0.5292636,-0.2564691,1.381542,0.4309128,0.4323288,1.315449
72057594037989646,0,1.276751,179127.8,0.4291961,0.09185305,1.436097,0.4741002,0.53813,1.298109,0.3459197,0.39549,1.294112,0.326243,0.3222324,1.188275,0.3867773,0.4077184,1.121472,0.4076169,0.4361109,1.101771,0.5077353,0.4000562,1.307652,0.5516809,0.2666402,1.378261,0.5753068,0.1146734,1.422339,0.5795829,0.1023461,1.419115,0.3845796,0.0943481,1.414252,0.2546454,-0.04411846,1.436091,0.1153967,-0.2333931,1.522768,0.4608501,0.09804937,1.411605,0.5132712,-0.06378958,1.33303,0.5292636,-0.2564691,1.381542,0.4309128,0.4323288,1.315449
72057594037989646,0,1.309019,179127.8,0.4782366,0.0736725,1.431507,0.5021432,0.5556704,1.270962,0.3981701,0.3988674,1.271586,0.3893244,0.3299985,1.166589,0.393739,0.4388862,1.202368,0.3967475,0.4680268,1.24268,0.5371836,0.4051793,1.280844,0.5941011,0.2801025,1.346002,0.6424295,0.1361734,1.377407,0.6442677,0.1042418,1.382544,0.433506,0.07612818,1.412959,0.2847891,-0.0367386,1.413546,0.1431735,-0.2143945,1.497923,0.5093125,0.07995421,1.406369,0.5383878,-0.07632554,1.317466,0.5357738,-0.261052,1.375401,0.4737943,0.430982,1.298334
72057594037989646,0,1.309019,179127.8,0.4782366,0.0736725,1.431507,0.5021432,0.5556704,1.270962,0.3981701,0.3988674,1.271586,0.3893244,0.3299985,1.166589,0.393739,0.4388862,1.202368,0.3967475,0.4680268,1.24268,0.5371836,0.4051793,1.280844,0.5941011,0.2801025,1.346002,0.6424295,0.1361734,1.377407,0.6442677,0.1042418,1.382544,0.433506,0.07612818,1.412959,0.2847891,-0.0367386,1.413546,0.1431735,-0.2143945,1.497923,0.5093125,0.07995421,1.406369,0.5383878,-0.07632554,1.317466,0.5357738,-0.261052,1.375401,0.4737943,0.430982,1.298334
72057594037989646,0,1.309019,179127.8,0.4782366,0.0736725,1.431507,0.5021432,0.5556704,1.270962,0.3981701,0.3988674,1.271586,0.3893244,0.3299985,1.166589,0.393739,0.4388862,1.202368,0.3967475,0.4680268,1.24268,0.5371836,0.4051793,1.280844,0.5941011,0.2801025,1.346002,0.6424295,0.1361734,1.377407,0.6442677,0.1042418,1.382544,0.433506,0.07612818,1.412959,0.2847891,-0.0367386,1.413546,0.1431735,-0.2143945,1.497923,0.5093125,0.07995421,1.406369,0.5383878,-0.07632554,1.317466,0.5357738,-0.261052,1.375401,0.4737943,0.430982,1.298334
72057594037989646,0,1.309019,179127.8,0.4782366,0.0736725,1.431507,0.5021432,0.5556704,1.270962,0.3981701,0.3988674,1.271586,0.3893244,0.3299985,1.166589,0.393739,0.4388862,1.202368,0.3967475,0.4680268,1.24268,0.5371836,0.4051793,1.280844,0.5941011,0.2801025,1.346002,0.6424295,0.1361734,1.377407,0.6442677,0.1042418,1.382544,0.433506,0.07612818,1.412959,0.2847891,-0.0367386,1.413546,0.1431735,-0.2143945,1.497923,0.5093125,0.07995421,1.406369,0.5383878,-0.07632554,1.317466,0.5357738,-0.261052,1.375401,0.4737943,0.430982,1.298334
72057594037989646,0,1.309019,179127.8,0.4782366,0.0736725,1.431507,0.5021432,0.5556704,1.270962,0.3981701,0.3988674,1.271586,0.3893244,0.3299985,1.166589,0.393739,0.4388862,1.202368,0.3967475,0.4680268,1.24268,0.5371836,0.4051793,1.280844,0.5941011,0.2801025,1.346002,0.6424295,0.1361734,1.377407,0.6442677,0.1042418,1.382544,0.433506,0.07612818,1.412959,0.2847891,-0.0367386,1.413546,0.1431735,-0.2143945,1.497923,0.5093125,0.07995421,1.406369,0.5383878,-0.07632554,1.317466,0.5357738,-0.261052,1.375401,0.4737943,0.430982,1.298334
72057594037989646,0,1.309019,179127.8,0.4782366,0.0736725,1.431507,0.5021432,0.5556704,1.270962,0.3981701,0.3988674,1.271586,0.3893244,0.3299985,1.166589,0.393739,0.4388862,1.202368,0.3967475,0.4680268,1.24268,0.5371836,0.4051793,1.280844,0.5941011,0.2801025,1.346002,0.6424295,0.1361734,1.377407,0.6442677,0.1042418,1.382544,0.433506,0.07612818,1.412959,0.2847891,-0.0367386,1.413546,0.1431735,-0.2143945,1.497923,0.5093125,0.07995421,1.406369,0.5383878,-0.07632554,1.317466,0.5357738,-0.261052,1.375401,0.4737943,0.430982,1.298334
72057594037989646,0,1.309019,179127.8,0.4782366,0.0736725,1.431507,0.5021432,0.5556704,1.270962,0.3981701,0.3988674,1.271586,0.3893244,0.3299985,1.166589,0.393739,0.4388862,1.202368,0.3967475,0.4680268,1.24268,0.5371836,0.4051793,1.280844,0.5941011,0.2801025,1.346002,0.6424295,0.1361734,1.377407,0.6442677,0.1042418,1.382544,0.433506,0.07612818,1.412959,0.2847891,-0.0367386,1.413546,0.1431735,-0.2143945,1.497923,0.5093125,0.07995421,1.406369,0.5383878,-0.07632554,1.317466,0.5357738,-0.261052,1.375401,0.4737943,0.430982,1.298334
72057594037989646,0,1.309019,179127.8,0.4782366,0.0736725,1.431507,0.5021432,0.5556704,1.270962,0.3981701,0.3988674,1.271586,0.3893244,0.3299985,1.166589,0.393739,0.4388862,1.202368,0.3967475,0.4680268,1.24268,0.5371836,0.4051793,1.280844,0.5941011,0.2801025,1.346002,0.6424295,0.1361734,1.377407,0.6442677,0.1042418,1.382544,0.433506,0.07612818,1.412959,0.2847891,-0.0367386,1.413546,0.1431735,-0.2143945,1.497923,0.5093125,0.07995421,1.406369,0.5383878,-0.07632554,1.317466,0.5357738,-0.261052,1.375401,0.4737943,0.430982,1.298334
72057594037989646,0,1.309019,179127.8,0.4782366,0.0736725,1.431507,0.5021432,0.5556704,1.270962,0.3981701,0.3988674,1.271586,0.3893244,0.3299985,1.166589,0.393739,0.4388862,1.202368,0.3967475,0.4680268,1.24268,0.5371836,0.4051793,1.280844,0.5941011,0.2801025,1.346002,0.6424295,0.1361734,1.377407,0.6442677,0.1042418,1.382544,0.433506,0.07612818,1.412959,0.2847891,-0.0367386,1.413546,0.1431735,-0.2143945,1.497923,0.5093125,0.07995421,1.406369,0.5383878,-0.07632554,1.317466,0.5357738,-0.261052,1.375401,0.4737943,0.430982,1.298334
72057594037989646,0,1.309019,179127.8,0.4782366,0.0736725,1.431507,0.5021432,0.5556704,1.270962,0.3981701,0.3988674,1.271586,0.3893244,0.3299985,1.166589,0.393739,0.4388862,1.202368,0.3967475,0.4680268,1.24268,0.5371836,0.4051793,1.280844,0.5941011,0.2801025,1.346002,0.6424295,0.1361734,1.377407,0.6442677,0.1042418,1.382544,0.433506,0.07612818,1.412959,0.2847891,-0.0367386,1.413546,0.1431735,-0.2143945,1.497923,0.5093125,0.07995421,1.406369,0.5383878,-0.07632554,1.317466,0.5357738,-0.261052,1.375401,0.4737943,0.430982,1.298334
72057594037989646,0,1.309019,179127.8,0.4782366,0.0736725,1.431507,0.5021432,0.5556704,1.270962,0.3981701,0.3988674,1.271586,0.3893244,0.3299985,1.166589,0.393739,0.4388862,1.202368,0.3967475,0.4680268,1.24268,0.5371836,0.4051793,1.280844,0.5941011,0.2801025,1.346002,0.6424295,0.1361734,1.377407,0.6442677,0.1042418,1.382544,0.433506,0.07612818,1.412959,0.2847891,-0.0367386,1.413546,0.1431735,-0.2143945,1.497923,0.5093125,0.07995421,1.406369,0.5383878,-0.07632554,1.317466,0.5357738,-0.261052,1.375401,0.4737943,0.430982,1.298334
72057594037989646,0,1.309019,179127.8,0.4782366,0.0736725,1.431507,0.5021432,0.5556704,1.270962,0.3981701,0.3988674,1.271586,0.3893244,0.3299985,1.166589,0.393739,0.4388862,1.202368,0.3967475,0.4680268,1.24268,0.5371836,0.4051793,1.280844,0.5941011,0.2801025,1.346002,0.6424295,0.1361734,1.377407,0.6442677,0.1042418,1.382544,0.433506,0.07612818,1.412959,0.2847891,-0.0367386,1.413546,0.1431735,-0.2143945,1.497923,0.5093125,0.07995421,1.406369,0.5383878,-0.07632554,1.317466,0.5357738,-0.261052,1.375401,0.4737943,0.430982,1.298334
72057594037989646,0,1.308928,179127.8,0.4812948,0.08133578,1.426533,0.5345361,0.5646474,1.250945,0.4183363,0.4128174,1.25697,0.4052538,0.3391695,1.153633,0.3997701,0.3871338,1.254544,0.3904204,0.4089325,1.255631,0.5790388,0.3791212,1.271678,0.6612178,0.2551708,1.316953,0.6946755,0.1429251,1.317378,0.7066158,0.1208718,1.297855,0.4398349,0.09356183,1.407064,0.2804341,0.02492619,1.377417,0.1677988,-0.1721675,1.456558,0.5104151,0.08188349,1.403084,0.5654026,-0.06070656,1.317827,0.5393882,-0.2578134,1.372941,0.5103965,0.4483482,1.283621
72057594037989646,0,1.308928,179127.8,0.4812948,0.08133578,1.426533,0.5345361,0.5646474,1.250945,0.4183363,0.4128174,1.25697,0.4052538,0.3391695,1.153633,0.3997701,0.3871338,1.254544,0.3904204,0.4089325,1.255631,0.5790388,0.3791212,1.271678,0.6612178,0.2551708,1.316953,0.6946755,0.1429251,1.317378,0.7066158,0.1208718,1.297855,0.4398349,0.09356183,1.407064,0.2804341,0.02492619,1.377417,0.1677988,-0.1721675,1.456558,0.5104151,0.08188349,1.403084,0.5654026,-0.06070656,1.317827,0.5393882,-0.2578134,1.372941,0.5103965,0.4483482,1.283621
72057594037989646,0,1.308928,179127.8,0.4812948,0.08133578,1.426533,0.5345361,0.5646474,1.250945,0.4183363,0.4128174,1.25697,0.4052538,0.3391695,1.153633,0.3997701,0.3871338,1.254544,0.3904204,0.4089325,1.255631,0.5790388,0.3791212,1.271678,0.6612178,0.2551708,1.316953,0.6946755,0.1429251,1.317378,0.7066158,0.1208718,1.297855,0.4398349,0.09356183,1.407064,0.2804341,0.02492619,1.377417,0.1677988,-0.1721675,1.456558,0.5104151,0.08188349,1.403084,0.5654026,-0.06070656,1.317827,0.5393882,-0.2578134,1.372941,0.5103965,0.4483482,1.283621
72057594037989646,0,1.308928,179127.8,0.4812948,0.08133578,1.426533,0.5345361,0.5646474,1.250945,0.4183363,0.4128174,1.25697,0.4052538,0.3391695,1.153633,0.3997701,0.3871338,1.254544,0.3904204,0.4089325,1.255631,0.5790388,0.3791212,1.271678,0.6612178,0.2551708,1.316953,0.6946755,0.1429251,1.317378,0.7066158,0.1208718,1.297855,0.4398349,0.09356183,1.407064,0.2804341,0.02492619,1.377417,0.1677988,-0.1721675,1.456558,0.5104151,0.08188349,1.403084,0.5654026,-0.06070656,1.317827,0.5393882,-0.2578134,1.372941,0.5103965,0.4483482,1.283621
72057594037989646,0,1.308928,179127.8,0.4812948,0.08133578,1.426533,0.5345361,0.5646474,1.250945,0.4183363,0.4128174,1.25697,0.4052538,0.3391695,1.153633,0.3997701,0.3871338,1.254544,0.3904204,0.4089325,1.255631,0.5790388,0.3791212,1.271678,0.6612178,0.2551708,1.316953,0.6946755,0.1429251,1.317378,0.7066158,0.1208718,1.297855,0.4398349,0.09356183,1.407064,0.2804341,0.02492619,1.377417,0.1677988,-0.1721675,1.456558,0.5104151,0.08188349,1.403084,0.5654026,-0.06070656,1.317827,0.5393882,-0.2578134,1.372941,0.5103965,0.4483482,1.283621
72057594037989646,0,1.308928,179127.8,0.4812948,0.08133578,1.426533,0.5345361,0.5646474,1.250945,0.4183363,0.4128174,1.25697,0.4052538,0.3391695,1.153633,0.3997701,0.3871338,1.254544,0.3904204,0.4089325,1.255631,0.5790388,0.3791212,1.271678,0.6612178,0.2551708,1.316953,0.6946755,0.1429251,1.317378,0.7066158,0.1208718,1.297855,0.4398349,0.09356183,1.407064,0.2804341,0.02492619,1.377417,0.1677988,-0.1721675,1.456558,0.5104151,0.08188349,1.403084,0.5654026,-0.06070656,1.317827,0.5393882,-0.2578134,1.372941,0.5103965,0.4483482,1.283621
72057594037989646,0,1.308928,179127.8,0.4812948,0.08133578,1.426533,0.5345361,0.5646474,1.250945,0.4183363,0.4128174,1.25697,0.4052538,0.3391695,1.153633,0.3997701,0.3871338,1.254544,0.3904204,0.4089325,1.255631,0.5790388,0.3791212,1.271678,0.6612178,0.2551708,1.316953,0.6946755,0.1429251,1.317378,0.7066158,0.1208718,1.297855,0.4398349,0.09356183,1.407064,0.2804341,0.02492619,1.377417,0.1677988,-0.1721675,1.456558,0.5104151,0.08188349,1.403084,0.5654026,-0.06070656,1.317827,0.5393882,-0.2578134,1.372941,0.5103965,0.4483482,1.283621
72057594037989646,0,1.308928,179127.8,0.4812948,0.08133578,1.426533,0.5345361,0.5646474,1.250945,0.4183363,0.4128174,1.25697,0.4052538,0.3391695,1.153633,0.3997701,0.3871338,1.254544,0.3904204,0.4089325,1.255631,0.5790388,0.3791212,1.271678,0.6612178,0.2551708,1.316953,0.6946755,0.1429251,1.317378,0.7066158,0.1208718,1.297855,0.4398349,0.09356183,1.407064,0.2804341,0.02492619,1.377417,0.1677988,-0.1721675,1.456558,0.5104151,0.08188349,1.403084,0.5654026,-0.06070656,1.317827,0.5393882,-0.2578134,1.372941,0.5103965,0.4483482,1.283621
72057594037989646,0,1.308928,179127.8,0.4812948,0.08133578,1.426533,0.5345361,0.5646474,1.250945,0.4183363,0.4128174,1.25697,0.4052538,0.3391695,1.153633,0.3997701,0.3871338,1.254544,0.3904204,0.4089325,1.255631,0.5790388,0.3791212,1.271678,0.6612178,0.2551708,1.316953,0.6946755,0.1429251,1.317378,0.7066158,0.1208718,1.297855,0.4398349,0.09356183,1.407064,0.2804341,0.02492619,1.377417,0.1677988,-0.1721675,1.456558,0.5104151,0.08188349,1.403084,0.5654026,-0.06070656,1.317827,0.5393882,-0.2578134,1.372941,0.5103965,0.4483482,1.283621
72057594037989646,0,1.308928,179127.8,0.4812948,0.08133578,1.426533,0.5345361,0.5646474,1.250945,0.4183363,0.4128174,1.25697,0.4052538,0.3391695,1.153633,0.3997701,0.3871338,1.254544,0.3904204,0.4089325,1.255631,0.5790388,0.3791212,1.271678,0.6612178,0.2551708,1.316953,0.6946755,0.1429251,1.317378,0.7066158,0.1208718,1.297855,0.4398349,0.09356183,1.407064,0.2804341,0.02492619,1.377417,0.1677988,-0.1721675,1.456558,0.5104151,0.08188349,1.403084,0.5654026,-0.06070656,1.317827,0.5393882,-0.2578134,1.372941,0.5103965,0.4483482,1.283621
72057594037989646,0,1.308928,179127.8,0.4812948,0.08133578,1.426533,0.5345361,0.5646474,1.250945,0.4183363,0.4128174,1.25697,0.4052538,0.3391695,1.153633,0.3997701,0.3871338,1.254544,0.3904204,0.4089325,1.255631,0.5790388,0.3791212,1.271678,0.6612178,0.2551708,1.316953,0.6946755,0.1429251,1.317378,0.7066158,0.1208718,1.297855,0.4398349,0.09356183,1.407064,0.2804341,0.02492619,1.377417,0.1677988,-0.1721675,1.456558,0.5104151,0.08188349,1.403084,0.5654026,-0.06070656,1.317827,0.5393882,-0.2578134,1.372941,0.5103965,0.4483482,1.283621
72057594037989646,0,1.308928,179127.8,0.4812948,0.08133578,1.426533,0.5345361,0.5646474,1.250945,0.4183363,0.4128174,1.25697,0.4052538,0.3391695,1.153633,0.3997701,0.3871338,1.254544,0.3904204,0.4089325,1.255631,0.5790388,0.3791212,1.271678,0.6612178,0.2551708,1.316953,0.6946755,0.1429251,1.317378,0.7066158,0.1208718,1.297855,0.4398349,0.09356183,1.407064,0.2804341,0.02492619,1.377417,0.1677988,-0.1721675,1.456558,0.5104151,0.08188349,1.403084,0.5654026,-0.06070656,1.317827,0.5393882,-0.2578134,1.372941,0.5103965,0.4483482,1.283621
72057594037989646,0,1.308928,179127.8,0.4812948,0.08133578,1.426533,0.5345361,0.5646474,1.250945,0.4183363,0.4128174,1.25697,0.4052538,0.3391695,1.153633,0.3997701,0.3871338,1.254544,0.3904204,0.4089325,1.255631,0.5790388,0.3791212,1.271678,0.6612178,0.2551708,1.316953,0.6946755,0.1429251,1.317378,0.7066158,0.1208718,1.297855,0.4398349,0.09356183,1.407064,0.2804341,0.02492619,1.377417,0.1677988,-0.1721675,1.456558,0.5104151,0.08188349,1.403084,0.5654026,-0.06070656,1.317827,0.5393882,-0.2578134,1.372941,0.5103965,0.4483482,1.283621
72057594037989646,0,1.308928,179127.8,0.4812948,0.08133578,1.426533,0.5345361,0.5646474,1.250945,0.4183363,0.4128174,1.25697,0.4052538,0.3391695,1.153633,0.3997701,0.3871338,1.254544,0.3904204,0.4089325,1.255631,0.5790388,0.3791212,1.271678,0.6612178,0.2551708,1.316953,0.6946755,0.1429251,1.317378,0.7066158,0.1208718,1.297855,0.4398349,0.09356183,1.407064,0.2804341,0.02492619,1.377417,0.1677988,-0.1721675,1.456558,0.5104151,0.08188349,1.403084,0.5654026,-0.06070656,1.317827,0.5393882,-0.2578134,1.372941,0.5103965,0.4483482,1.283621
72057594037989646,0,1.351439,179127.8,0.5347422,0.09754974,1.382198,0.572304,0.5952227,1.224526,0.4607018,0.434713,1.230861,0.4009182,0.3656905,1.143591,0.4312442,0.409173,1.239992,0.4164429,0.4455878,1.244655,0.6212046,0.42101,1.245278,0.7140609,0.3017336,1.277691,0.7596574,0.199814,1.239478,0.7621041,0.181761,1.208557,0.4906139,0.1046038,1.372088,0.3517725,0.008039862,1.332181,0.2365342,-0.1824511,1.417777,0.5638407,0.0984323,1.350662,0.6315808,-0.07297704,1.27112,0.5423745,-0.2585408,1.372757,0.5552688,0.4711868,1.261083
72057594037989646,0,1.351439,179127.8,0.5347422,0.09754974,1.382198,0.572304,0.5952227,1.224526,0.4607018,0.434713,1.230861,0.4009182,0.3656905,1.143591,0.4312442,0.409173,1.239992,0.4164429,0.4455878,1.244655,0.6212046,0.42101,1.245278,0.7140609,0.3017336,1.277691,0.7596574,0.199814,1.239478,0.7621041,0.181761,1.208557,0.4906139,0.1046038,1.372088,0.3517725,0.008039862,1.332181,0.2365342,-0.1824511,1.417777,0.5638407,0.0984323,1.350662,0.6315808,-0.07297704,1.27112,0.5423745,-0.2585408,1.372757,0.5552688,0.4711868,1.261083
72057594037989646,0,1.351439,179127.8,0.5347422,0.09754974,1.382198,0.572304,0.5952227,1.224526,0.4607018,0.434713,1.230861,0.4009182,0.3656905,1.143591,0.4312442,0.409173,1.239992,0.4164429,0.4455878,1.244655,0.6212046,0.42101,1.245278,0.7140609,0.3017336,1.277691,0.7596574,0.199814,1.239478,0.7621041,0.181761,1.208557,0.4906139,0.1046038,1.372088,0.3517725,0.008039862,1.332181,0.2365342,-0.1824511,1.417777,0.5638407,0.0984323,1.350662,0.6315808,-0.07297704,1.27112,0.5423745,-0.2585408,1.372757,0.5552688,0.4711868,1.261083
72057594037989646,0,1.351439,179127.8,0.5347422,0.09754974,1.382198,0.572304,0.5952227,1.224526,0.4607018,0.434713,1.230861,0.4009182,0.3656905,1.143591,0.4312442,0.409173,1.239992,0.4164429,0.4455878,1.244655,0.6212046,0.42101,1.245278,0.7140609,0.3017336,1.277691,0.7596574,0.199814,1.239478,0.7621041,0.181761,1.208557,0.4906139,0.1046038,1.372088,0.3517725,0.008039862,1.332181,0.2365342,-0.1824511,1.417777,0.5638407,0.0984323,1.350662,0.6315808,-0.07297704,1.27112,0.5423745,-0.2585408,1.372757,0.5552688,0.4711868,1.261083
72057594037989646,0,1.351439,179127.8,0.5347422,0.09754974,1.382198,0.572304,0.5952227,1.224526,0.4607018,0.434713,1.230861,0.4009182,0.3656905,1.143591,0.4312442,0.409173,1.239992,0.4164429,0.4455878,1.244655,0.6212046,0.42101,1.245278,0.7140609,0.3017336,1.277691,0.7596574,0.199814,1.239478,0.7621041,0.181761,1.208557,0.4906139,0.1046038,1.372088,0.3517725,0.008039862,1.332181,0.2365342,-0.1824511,1.417777,0.5638407,0.0984323,1.350662,0.6315808,-0.07297704,1.27112,0.5423745,-0.2585408,1.372757,0.5552688,0.4711868,1.261083
72057594037989646,0,1.351439,179127.9,0.5347422,0.09754974,1.382198,0.572304,0.5952227,1.224526,0.4607018,0.434713,1.230861,0.4009182,0.3656905,1.143591,0.4312442,0.409173,1.239992,0.4164429,0.4455878,1.244655,0.6212046,0.42101,1.245278,0.7140609,0.3017336,1.277691,0.7596574,0.199814,1.239478,0.7621041,0.181761,1.208557,0.4906139,0.1046038,1.372088,0.3517725,0.008039862,1.332181,0.2365342,-0.1824511,1.417777,0.5638407,0.0984323,1.350662,0.6315808,-0.07297704,1.27112,0.5423745,-0.2585408,1.372757,0.5552688,0.4711868,1.261083
72057594037989646,0,1.351439,179127.9,0.5347422,0.09754974,1.382198,0.572304,0.5952227,1.224526,0.4607018,0.434713,1.230861,0.4009182,0.3656905,1.143591,0.4312442,0.409173,1.239992,0.4164429,0.4455878,1.244655,0.6212046,0.42101,1.245278,0.7140609,0.3017336,1.277691,0.7596574,0.199814,1.239478,0.7621041,0.181761,1.208557,0.4906139,0.1046038,1.372088,0.3517725,0.008039862,1.332181,0.2365342,-0.1824511,1.417777,0.5638407,0.0984323,1.350662,0.6315808,-0.07297704,1.27112,0.5423745,-0.2585408,1.372757,0.5552688,0.4711868,1.261083
72057594037989646,0,1.351439,179127.9,0.5347422,0.09754974,1.382198,0.572304,0.5952227,1.224526,0.4607018,0.434713,1.230861,0.4009182,0.3656905,1.143591,0.4312442,0.409173,1.239992,0.4164429,0.4455878,1.244655,0.6212046,0.42101,1.245278,0.7140609,0.3017336,1.277691,0.7596574,0.199814,1.239478,0.7621041,0.181761,1.208557,0.4906139,0.1046038,1.372088,0.3517725,0.008039862,1.332181,0.2365342,-0.1824511,1.417777,0.5638407,0.0984323,1.350662,0.6315808,-0.07297704,1.27112,0.5423745,-0.2585408,1.372757,0.5552688,0.4711868,1.261083
72057594037989646,0,1.351439,179127.9,0.5347422,0.09754974,1.382198,0.572304,0.5952227,1.224526,0.4607018,0.434713,1.230861,0.4009182,0.3656905,1.143591,0.4312442,0.409173,1.239992,0.4164429,0.4455878,1.244655,0.6212046,0.42101,1.245278,0.7140609,0.3017336,1.277691,0.7596574,0.199814,1.239478,0.7621041,0.181761,1.208557,0.4906139,0.1046038,1.372088,0.3517725,0.008039862,1.332181,0.2365342,-0.1824511,1.417777,0.5638407,0.0984323,1.350662,0.6315808,-0.07297704,1.27112,0.5423745,-0.2585408,1.372757,0.5552688,0.4711868,1.261083
72057594037989646,0,1.351439,179127.9,0.5347422,0.09754974,1.382198,0.572304,0.5952227,1.224526,0.4607018,0.434713,1.230861,0.4009182,0.3656905,1.143591,0.4312442,0.409173,1.239992,0.4164429,0.4455878,1.244655,0.6212046,0.42101,1.245278,0.7140609,0.3017336,1.277691,0.7596574,0.199814,1.239478,0.7621041,0.181761,1.208557,0.4906139,0.1046038,1.372088,0.3517725,0.008039862,1.332181,0.2365342,-0.1824511,1.417777,0.5638407,0.0984323,1.350662,0.6315808,-0.07297704,1.27112,0.5423745,-0.2585408,1.372757,0.5552688,0.4711868,1.261083
72057594037989646,0,1.351439,179127.9,0.5347422,0.09754974,1.382198,0.572304,0.5952227,1.224526,0.4607018,0.434713,1.230861,0.4009182,0.3656905,1.143591,0.4312442,0.409173,1.239992,0.4164429,0.4455878,1.244655,0.6212046,0.42101,1.245278,0.7140609,0.3017336,1.277691,0.7596574,0.199814,1.239478,0.7621041,0.181761,1.208557,0.4906139,0.1046038,1.372088,0.3517725,0.008039862,1.332181,0.2365342,-0.1824511,1.417777,0.5638407,0.0984323,1.350662,0.6315808,-0.07297704,1.27112,0.5423745,-0.2585408,1.372757,0.5552688,0.4711868,1.261083
72057594037989646,0,1.351439,179127.9,0.5347422,0.09754974,1.382198,0.572304,0.5952227,1.224526,0.4607018,0.434713,1.230861,0.4009182,0.3656905,1.143591,0.4312442,0.409173,1.239992,0.4164429,0.4455878,1.244655,0.6212046,0.42101,1.245278,0.7140609,0.3017336,1.277691,0.7596574,0.199814,1.239478,0.7621041,0.181761,1.208557,0.4906139,0.1046038,1.372088,0.3517725,0.008039862,1.332181,0.2365342,-0.1824511,1.417777,0.5638407,0.0984323,1.350662,0.6315808,-0.07297704,1.27112,0.5423745,-0.2585408,1.372757,0.5552688,0.4711868,1.261083
72057594037989646,0,1.351439,179127.9,0.5347422,0.09754974,1.382198,0.572304,0.5952227,1.224526,0.4607018,0.434713,1.230861,0.4009182,0.3656905,1.143591,0.4312442,0.409173,1.239992,0.4164429,0.4455878,1.244655,0.6212046,0.42101,1.245278,0.7140609,0.3017336,1.277691,0.7596574,0.199814,1.239478,0.7621041,0.181761,1.208557,0.4906139,0.1046038,1.372088,0.3517725,0.008039862,1.332181,0.2365342,-0.1824511,1.417777,0.5638407,0.0984323,1.350662,0.6315808,-0.07297704,1.27112,0.5423745,-0.2585408,1.372757,0.5552688,0.4711868,1.261083
72057594037989646,0,1.358773,179127.9,0.5536329,0.137965,1.351101,0.5943864,0.6162004,1.2048,0.4942731,0.4488397,1.214433,0.3775471,0.4198336,1.196282,0.4348094,0.4839432,1.112811,0.4533422,0.5040102,1.106795,0.6554741,0.4697345,1.214942,0.7533181,0.3562899,1.244841,0.7986543,0.2636487,1.18825,0.8149406,0.2327292,1.171479,0.5078995,0.1346681,1.343494,0.3516548,-0.02630693,1.346339,0.295156,-0.2117965,1.388398,0.5825152,0.1458276,1.320047,0.5991979,-0.07941532,1.286915,0.5527272,-0.2235597,1.364641,0.5890207,0.504707,1.23728
72057594037989646,0,1.358773,179127.9,0.5536329,0.137965,1.351101,0.5943864,0.6162004,1.2048,0.4942731,0.4488397,1.214433,0.3775471,0.4198336,1.196282,0.4348094,0.4839432,1.112811,0.4533422,0.5040102,1.106795,0.6554741,0.4697345,1.214942,0.7533181,0.3562899,1.244841,0.7986543,0.2636487,1.18825,0.8149406,0.2327292,1.171479,0.5078995,0.1346681,1.343494,0.3516548,-0.02630693,1.346339,0.295156,-0.2117965,1.388398,0.5825152,0.1458276,1.320047,0.5991979,-0.07941532,1.286915,0.5527272,-0.2235597,1.364641,0.5890207,0.504707,1.23728
72057594037989646,0,1.358773,179127.9,0.5536329,0.137965,1.351101,0.5943864,0.6162004,1.2048,0.4942731,0.4488397,1.214433,0.3775471,0.4198336,1.196282,0.4348094,0.4839432,1.112811,0.4533422,0.5040102,1.106795,0.6554741,0.4697345,1.214942,0.7533181,0.3562899,1.244841,0.7986543,0.2636487,1.18825,0.8149406,0.2327292,1.171479,0.5078995,0.1346681,1.343494,0.3516548,-0.02630693,1.346339,0.295156,-0.2117965,1.388398,0.5825152,0.1458276,1.320047,0.5991979,-0.07941532,1.286915,0.5527272,-0.2235597,1.364641,0.5890207,0.504707,1.23728
72057594037989646,0,1.358773,179127.9,0.5536329,0.137965,1.351101,0.5943864,0.6162004,1.2048,0.4942731,0.4488397,1.214433,0.3775471,0.4198336,1.196282,0.4348094,0.4839432,1.112811,0.4533422,0.5040102,1.106795,0.6554741,0.4697345,1.214942,0.7533181,0.3562899,1.244841,0.7986543,0.2636487,1.18825,0.8149406,0.2327292,1.171479,0.5078995,0.1346681,1.343494,0.3516548,-0.02630693,1.346339,0.295156,-0.2117965,1.388398,0.5825152,0.1458276,1.320047,0.5991979,-0.07941532,1.286915,0.5527272,-0.2235597,1.364641,0.5890207,0.504707,1.23728
72057594037989646,0,1.358773,179127.9,0.5536329,0.137965,1.351101,0.5943864,0.6162004,1.2048,0.4942731,0.4488397,1.214433,0.3775471,0.4198336,1.196282,0.4348094,0.4839432,1.112811,0.4533422,0.5040102,1.106795,0.6554741,0.4697345,1.214942,0.7533181,0.3562899,1.244841,0.7986543,0.2636487,1.18825,0.8149406,0.2327292,1.171479,0.5078995,0.1346681,1.343494,0.3516548,-0.02630693,1.346339,0.295156,-0.2117965,1.388398,0.5825152,0.1458276,1.320047,0.5991979,-0.07941532,1.286915,0.5527272,-0.2235597,1.364641,0.5890207,0.504707,1.23728
72057594037989646,0,1.358773,179127.9,0.5536329,0.137965,1.351101,0.5943864,0.6162004,1.2048,0.4942731,0.4488397,1.214433,0.3775471,0.4198336,1.196282,0.4348094,0.4839432,1.112811,0.4533422,0.5040102,1.106795,0.6554741,0.4697345,1.214942,0.7533181,0.3562899,1.244841,0.7986543,0.2636487,1.18825,0.8149406,0.2327292,1.171479,0.5078995,0.1346681,1.343494,0.3516548,-0.02630693,1.346339,0.295156,-0.2117965,1.388398,0.5825152,0.1458276,1.320047,0.5991979,-0.07941532,1.286915,0.5527272,-0.2235597,1.364641,0.5890207,0.504707,1.23728
72057594037989646,0,1.358773,179127.9,0.5536329,0.137965,1.351101,0.5943864,0.6162004,1.2048,0.4942731,0.4488397,1.214433,0.3775471,0.4198336,1.196282,0.4348094,0.4839432,1.112811,0.4533422,0.5040102,1.106795,0.6554741,0.4697345,1.214942,0.7533181,0.3562899,1.244841,0.7986543,0.2636487,1.18825,0.8149406,0.2327292,1.171479,0.5078995,0.1346681,1.343494,0.3516548,-0.02630693,1.346339,0.295156,-0.2117965,1.388398,0.5825152,0.1458276,1.320047,0.5991979,-0.07941532,1.286915,0.5527272,-0.2235597,1.364641,0.5890207,0.504707,1.23728
72057594037989646,0,1.358773,179127.9,0.5536329,0.137965,1.351101,0.5943864,0.6162004,1.2048,0.4942731,0.4488397,1.214433,0.3775471,0.4198336,1.196282,0.4348094,0.4839432,1.112811,0.4533422,0.5040102,1.106795,0.6554741,0.4697345,1.214942,0.7533181,0.3562899,1.244841,0.7986543,0.2636487,1.18825,0.8149406,0.2327292,1.171479,0.5078995,0.1346681,1.343494,0.3516548,-0.02630693,1.346339,0.295156,-0.2117965,1.388398,0.5825152,0.1458276,1.320047,0.5991979,-0.07941532,1.286915,0.5527272,-0.2235597,1.364641,0.5890207,0.504707,1.23728
72057594037989646,0,1.358773,179127.9,0.5536329,0.137965,1.351101,0.5943864,0.6162004,1.2048,0.4942731,0.4488397,1.214433,0.3775471,0.4198336,1.196282,0.4348094,0.4839432,1.112811,0.4533422,0.5040102,1.106795,0.6554741,0.4697345,1.214942,0.7533181,0.3562899,1.244841,0.7986543,0.2636487,1.18825,0.8149406,0.2327292,1.171479,0.5078995,0.1346681,1.343494,0.3516548,-0.02630693,1.346339,0.295156,-0.2117965,1.388398,0.5825152,0.1458276,1.320047,0.5991979,-0.07941532,1.286915,0.5527272,-0.2235597,1.364641,0.5890207,0.504707,1.23728
72057594037989646,0,1.358773,179127.9,0.5536329,0.137965,1.351101,0.5943864,0.6162004,1.2048,0.4942731,0.4488397,1.214433,0.3775471,0.4198336,1.196282,0.4348094,0.4839432,1.112811,0.4533422,0.5040102,1.106795,0.6554741,0.4697345,1.214942,0.7533181,0.3562899,1.244841,0.7986543,0.2636487,1.18825,0.8149406,0.2327292,1.171479,0.5078995,0.1346681,1.343494,0.3516548,-0.02630693,1.346339,0.295156,-0.2117965,1.388398,0.5825152,0.1458276,1.320047,0.5991979,-0.07941532,1.286915,0.5527272,-0.2235597,1.364641,0.5890207,0.504707,1.23728
72057594037989646,0,1.358773,179127.9,0.5536329,0.137965,1.351101,0.5943864,0.6162004,1.2048,0.4942731,0.4488397,1.214433,0.3775471,0.4198336,1.196282,0.4348094,0.4839432,1.112811,0.4533422,0.5040102,1.106795,0.6554741,0.4697345,1.214942,0.7533181,0.3562899,1.244841,0.7986543,0.2636487,1.18825,0.8149406,0.2327292,1.171479,0.5078995,0.1346681,1.343494,0.3516548,-0.02630693,1.346339,0.295156,-0.2117965,1.388398,0.5825152,0.1458276,1.320047,0.5991979,-0.07941532,1.286915,0.5527272,-0.2235597,1.364641,0.5890207,0.504707,1.23728
72057594037989646,0,1.358773,179127.9,0.5536329,0.137965,1.351101,0.5943864,0.6162004,1.2048,0.4942731,0.4488397,1.214433,0.3775471,0.4198336,1.196282,0.4348094,0.4839432,1.112811,0.4533422,0.5040102,1.106795,0.6554741,0.4697345,1.214942,0.7533181,0.3562899,1.244841,0.7986543,0.2636487,1.18825,0.8149406,0.2327292,1.171479,0.5078995,0.1346681,1.343494,0.3516548,-0.02630693,1.346339,0.295156,-0.2117965,1.388398,0.5825152,0.1458276,1.320047,0.5991979,-0.07941532,1.286915,0.5527272,-0.2235597,1.364641,0.5890207,0.504707,1.23728
72057594037989646,0,1.358773,179127.9,0.5536329,0.137965,1.351101,0.5943864,0.6162004,1.2048,0.4942731,0.4488397,1.214433,0.3775471,0.4198336,1.196282,0.4348094,0.4839432,1.112811,0.4533422,0.5040102,1.106795,0.6554741,0.4697345,1.214942,0.7533181,0.3562899,1.244841,0.7986543,0.2636487,1.18825,0.8149406,0.2327292,1.171479,0.5078995,0.1346681,1.343494,0.3516548,-0.02630693,1.346339,0.295156,-0.2117965,1.388398,0.5825152,0.1458276,1.320047,0.5991979,-0.07941532,1.286915,0.5527272,-0.2235597,1.364641,0.5890207,0.504707,1.23728
72057594037989646,0,1.358773,179127.9,0.5536329,0.137965,1.351101,0.5943864,0.6162004,1.2048,0.4942731,0.4488397,1.214433,0.3775471,0.4198336,1.196282,0.4348094,0.4839432,1.112811,0.4533422,0.5040102,1.106795,0.6554741,0.4697345,1.214942,0.7533181,0.3562899,1.244841,0.7986543,0.2636487,1.18825,0.8149406,0.2327292,1.171479,0.5078995,0.1346681,1.343494,0.3516548,-0.02630693,1.346339,0.295156,-0.2117965,1.388398,0.5825152,0.1458276,1.320047,0.5991979,-0.07941532,1.286915,0.5527272,-0.2235597,1.364641,0.5890207,0.504707,1.23728
72057594037989646,0,1.392186,179127.9,0.5707351,0.1572991,1.301373,0.624054,0.6538875,1.174217,0.5205675,0.5161369,1.195923,0.4215282,0.4498827,1.195125,0.4408202,0.5485779,1.102506,0.4538147,0.5706339,1.094357,0.6892747,0.5113914,1.183718,0.7818254,0.4259861,1.21212,0.8245918,0.3207223,1.211761,0.842716,0.3006277,1.190711,0.5258173,0.1614276,1.288311,0.4102547,-0.01637223,1.297205,0.3565874,-0.195093,1.326349,0.5990663,0.1592016,1.275617,0.6384948,-0.05175477,1.256553,0.5689963,-0.2050121,1.341254,0.604818,0.5238094,1.214162
72057594037989646,0,1.392186,179127.9,0.5707351,0.1572991,1.301373,0.624054,0.6538875,1.174217,0.5205675,0.5161369,1.195923,0.4215282,0.4498827,1.195125,0.4408202,0.5485779,1.102506,0.4538147,0.5706339,1.094357,0.6892747,0.5113914,1.183718,0.7818254,0.4259861,1.21212,0.8245918,0.3207223,1.211761,0.842716,0.3006277,1.190711,0.5258173,0.1614276,1.288311,0.4102547,-0.01637223,1.297205,0.3565874,-0.195093,1.326349,0.5990663,0.1592016,1.275617,0.6384948,-0.05175477,1.256553,0.5689963,-0.2050121,1.341254,0.604818,0.5238094,1.214162
72057594037989646,0,1.392186,179127.9,0.5707351,0.1572991,1.301373,0.624054,0.6538875,1.174217,0.5205675,0.5161369,1.195923,0.4215282,0.4498827,1.195125,0.4408202,0.5485779,1.102506,0.4538147,0.5706339,1.094357,0.6892747,0.5113914,1.183718,0.7818254,0.4259861,1.21212,0.8245918,0.3207223,1.211761,0.842716,0.3006277,1.190711,0.5258173,0.1614276,1.288311,0.4102547,-0.01637223,1.297205,0.3565874,-0.195093,1.326349,0.5990663,0.1592016,1.275617,0.6384948,-0.05175477,1.256553,0.5689963,-0.2050121,1.341254,0.604818,0.5238094,1.214162
72057594037989646,0,1.392186,179127.9,0.5707351,0.1572991,1.301373,0.624054,0.6538875,1.174217,0.5205675,0.5161369,1.195923,0.4215282,0.4498827,1.195125,0.4408202,0.5485779,1.102506,0.4538147,0.5706339,1.094357,0.6892747,0.5113914,1.183718,0.7818254,0.4259861,1.21212,0.8245918,0.3207223,1.211761,0.842716,0.3006277,1.190711,0.5258173,0.1614276,1.288311,0.4102547,-0.01637223,1.297205,0.3565874,-0.195093,1.326349,0.5990663,0.1592016,1.275617,0.6384948,-0.05175477,1.256553,0.5689963,-0.2050121,1.341254,0.604818,0.5238094,1.214162
72057594037989646,0,1.392186,179127.9,0.5707351,0.1572991,1.301373,0.624054,0.6538875,1.174217,0.5205675,0.5161369,1.195923,0.4215282,0.4498827,1.195125,0.4408202,0.5485779,1.102506,0.4538147,0.5706339,1.094357,0.6892747,0.5113914,1.183718,0.7818254,0.4259861,1.21212,0.8245918,0.3207223,1.211761,0.842716,0.3006277,1.190711,0.5258173,0.1614276,1.288311,0.4102547,-0.01637223,1.297205,0.3565874,-0.195093,1.326349,0.5990663,0.1592016,1.275617,0.6384948,-0.05175477,1.256553,0.5689963,-0.2050121,1.341254,0.604818,0.5238094,1.214162
72057594037989646,0,1.392186,179127.9,0.5707351,0.1572991,1.301373,0.624054,0.6538875,1.174217,0.5205675,0.5161369,1.195923,0.4215282,0.4498827,1.195125,0.4408202,0.5485779,1.102506,0.4538147,0.5706339,1.094357,0.6892747,0.5113914,1.183718,0.7818254,0.4259861,1.21212,0.8245918,0.3207223,1.211761,0.842716,0.3006277,1.190711,0.5258173,0.1614276,1.288311,0.4102547,-0.01637223,1.297205,0.3565874,-0.195093,1.326349,0.5990663,0.1592016,1.275617,0.6384948,-0.05175477,1.256553,0.5689963,-0.2050121,1.341254,0.604818,0.5238094,1.214162
72057594037989646,0,1.392186,179127.9,0.5707351,0.1572991,1.301373,0.624054,0.6538875,1.174217,0.5205675,0.5161369,1.195923,0.4215282,0.4498827,1.195125,0.4408202,0.5485779,1.102506,0.4538147,0.5706339,1.094357,0.6892747,0.5113914,1.183718,0.7818254,0.4259861,1.21212,0.8245918,0.3207223,1.211761,0.842716,0.3006277,1.190711,0.5258173,0.1614276,1.288311,0.4102547,-0.01637223,1.297205,0.3565874,-0.195093,1.326349,0.5990663,0.1592016,1.275617,0.6384948,-0.05175477,1.256553,0.5689963,-0.2050121,1.341254,0.604818,0.5238094,1.214162
72057594037989646,0,1.392186,179127.9,0.5707351,0.1572991,1.301373,0.624054,0.6538875,1.174217,0.5205675,0.5161369,1.195923,0.4215282,0.4498827,1.195125,0.4408202,0.5485779,1.102506,0.4538147,0.5706339,1.094357,0.6892747,0.5113914,1.183718,0.7818254,0.4259861,1.21212,0.8245918,0.3207223,1.211761,0.842716,0.3006277,1.190711,0.5258173,0.1614276,1.288311,0.4102547,-0.01637223,1.297205,0.3565874,-0.195093,1.326349,0.5990663,0.1592016,1.275617,0.6384948,-0.05175477,1.256553,0.5689963,-0.2050121,1.341254,0.604818,0.5238094,1.214162
72057594037989646,0,1.392186,179127.9,0.5707351,0.1572991,1.301373,0.624054,0.6538875,1.174217,0.5205675,0.5161369,1.195923,0.4215282,0.4498827,1.195125,0.4408202,0.5485779,1.102506,0.4538147,0.5706339,1.094357,0.6892747,0.5113914,1.183718,0.7818254,0.4259861,1.21212,0.8245918,0.3207223,1.211761,0.842716,0.3006277,1.190711,0.5258173,0.1614276,1.288311,0.4102547,-0.01637223,1.297205,0.3565874,-0.195093,1.326349,0.5990663,0.1592016,1.275617,0.6384948,-0.05175477,1.256553,0.5689963,-0.2050121,1.341254,0.604818,0.5238094,1.214162
72057594037989646,0,1.392186,179127.9,0.5707351,0.1572991,1.301373,0.624054,0.6538875,1.174217,0.5205675,0.5161369,1.195923,0.4215282,0.4498827,1.195125,0.4408202,0.5485779,1.102506,0.4538147,0.5706339,1.094357,0.6892747,0.5113914,1.183718,0.7818254,0.4259861,1.21212,0.8245918,0.3207223,1.211761,0.842716,0.3006277,1.190711,0.5258173,0.1614276,1.288311,0.4102547,-0.01637223,1.297205,0.3565874,-0.195093,1.326349,0.5990663,0.1592016,1.275617,0.6384948,-0.05175477,1.256553,0.5689963,-0.2050121,1.341254,0.604818,0.5238094,1.214162
72057594037989646,0,1.392186,179127.9,0.5707351,0.1572991,1.301373,0.624054,0.6538875,1.174217,0.5205675,0.5161369,1.195923,0.4215282,0.4498827,1.195125,0.4408202,0.5485779,1.102506,0.4538147,0.5706339,1.094357,0.6892747,0.5113914,1.183718,0.7818254,0.4259861,1.21212,0.8245918,0.3207223,1.211761,0.842716,0.3006277,1.190711,0.5258173,0.1614276,1.288311,0.4102547,-0.01637223,1.297205,0.3565874,-0.195093,1.326349,0.5990663,0.1592016,1.275617,0.6384948,-0.05175477,1.256553,0.5689963,-0.2050121,1.341254,0.604818,0.5238094,1.214162
72057594037989646,0,1.392186,179127.9,0.5707351,0.1572991,1.301373,0.624054,0.6538875,1.174217,0.5205675,0.5161369,1.195923,0.4215282,0.4498827,1.195125,0.4408202,0.5485779,1.102506,0.4538147,0.5706339,1.094357,0.6892747,0.5113914,1.183718,0.7818254,0.4259861,1.21212,0.8245918,0.3207223,1.211761,0.842716,0.3006277,1.190711,0.5258173,0.1614276,1.288311,0.4102547,-0.01637223,1.297205,0.3565874,-0.195093,1.326349,0.5990663,0.1592016,1.275617,0.6384948,-0.05175477,1.256553,0.5689963,-0.2050121,1.341254,0.604818,0.5238094,1.214162
72057594037989646,0,1.392186,179127.9,0.5707351,0.1572991,1.301373,0.624054,0.6538875,1.174217,0.5205675,0.5161369,1.195923,0.4215282,0.4498827,1.195125,0.4408202,0.5485779,1.102506,0.4538147,0.5706339,1.094357,0.6892747,0.5113914,1.183718,0.7818254,0.4259861,1.21212,0.8245918,0.3207223,1.211761,0.842716,0.3006277,1.190711,0.5258173,0.1614276,1.288311,0.4102547,-0.01637223,1.297205,0.3565874,-0.195093,1.326349,0.5990663,0.1592016,1.275617,0.6384948,-0.05175477,1.256553,0.5689963,-0.2050121,1.341254,0.604818,0.5238094,1.214162
72057594037989646,0,1.392186,179127.9,0.5707351,0.1572991,1.301373,0.624054,0.6538875,1.174217,0.5205675,0.5161369,1.195923,0.4215282,0.4498827,1.195125,0.4408202,0.5485779,1.102506,0.4538147,0.5706339,1.094357,0.6892747,0.5113914,1.183718,0.7818254,0.4259861,1.21212,0.8245918,0.3207223,1.211761,0.842716,0.3006277,1.190711,0.5258173,0.1614276,1.288311,0.4102547,-0.01637223,1.297205,0.3565874,-0.195093,1.326349,0.5990663,0.1592016,1.275617,0.6384948,-0.05175477,1.256553,0.5689963,-0.2050121,1.341254,0.604818,0.5238094,1.214162
72057594037989646,0,1.417666,179127.9,0.6113942,0.2038088,1.260052,0.6502846,0.6796519,1.1488,0.5356146,0.5388904,1.18792,0.424236,0.5029594,1.173012,0.4545088,0.5736412,1.085696,0.4611336,0.6183223,1.091988,0.680436,0.5265284,1.159144,0.7951109,0.4880529,1.181287,0.8499768,0.3916286,1.181062,0.8694834,0.3596628,1.182959,0.5712464,0.2098456,1.248765,0.5508667,-0.02388784,1.254687,0.431096,-0.1891854,1.269014,0.6341744,0.2027754,1.232727,0.6267087,-0.02759007,1.259007,0.5854362,-0.2104688,1.328008,0.6366915,0.5635442,1.178756
72057594037989646,0,1.417666,179127.9,0.6113942,0.2038088,1.260052,0.6502846,0.6796519,1.1488,0.5356146,0.5388904,1.18792,0.424236,0.5029594,1.173012,0.4545088,0.5736412,1.085696,0.4611336,0.6183223,1.091988,0.680436,0.5265284,1.159144,0.7951109,0.4880529,1.181287,0.8499768,0.3916286,1.181062,0.8694834,0.3596628,1.182959,0.5712464,0.2098456,1.248765,0.5508667,-0.02388784,1.254687,0.431096,-0.1891854,1.269014,0.6341744,0.2027754,1.232727,0.6267087,-0.02759007,1.259007,0.5854362,-0.2104688,1.328008,0.6366915,0.5635442,1.178756
72057594037989646,0,1.417666,179127.9,0.6113942,0.2038088,1.260052,0.6502846,0.6796519,1.1488,0.5356146,0.5388904,1.18792,0.424236,0.5029594,1.173012,0.4545088,0.5736412,1.085696,0.4611336,0.6183223,1.091988,0.680436,0.5265284,1.159144,0.7951109,0.4880529,1.181287,0.8499768,0.3916286,1.181062,0.8694834,0.3596628,1.182959,0.5712464,0.2098456,1.248765,0.5508667,-0.02388784,1.254687,0.431096,-0.1891854,1.269014,0.6341744,0.2027754,1.232727,0.6267087,-0.02759007,1.259007,0.5854362,-0.2104688,1.328008,0.6366915,0.5635442,1.178756
72057594037989646,0,1.417666,179128,0.6113942,0.2038088,1.260052,0.6502846,0.6796519,1.1488,0.5356146,0.5388904,1.18792,0.424236,0.5029594,1.173012,0.4545088,0.5736412,1.085696,0.4611336,0.6183223,1.091988,0.680436,0.5265284,1.159144,0.7951109,0.4880529,1.181287,0.8499768,0.3916286,1.181062,0.8694834,0.3596628,1.182959,0.5712464,0.2098456,1.248765,0.5508667,-0.02388784,1.254687,0.431096,-0.1891854,1.269014,0.6341744,0.2027754,1.232727,0.6267087,-0.02759007,1.259007,0.5854362,-0.2104688,1.328008,0.6366915,0.5635442,1.178756
72057594037989646,0,1.417666,179128,0.6113942,0.2038088,1.260052,0.6502846,0.6796519,1.1488,0.5356146,0.5388904,1.18792,0.424236,0.5029594,1.173012,0.4545088,0.5736412,1.085696,0.4611336,0.6183223,1.091988,0.680436,0.5265284,1.159144,0.7951109,0.4880529,1.181287,0.8499768,0.3916286,1.181062,0.8694834,0.3596628,1.182959,0.5712464,0.2098456,1.248765,0.5508667,-0.02388784,1.254687,0.431096,-0.1891854,1.269014,0.6341744,0.2027754,1.232727,0.6267087,-0.02759007,1.259007,0.5854362,-0.2104688,1.328008,0.6366915,0.5635442,1.178756
72057594037989646,0,1.417666,179128,0.6113942,0.2038088,1.260052,0.6502846,0.6796519,1.1488,0.5356146,0.5388904,1.18792,0.424236,0.5029594,1.173012,0.4545088,0.5736412,1.085696,0.4611336,0.6183223,1.091988,0.680436,0.5265284,1.159144,0.7951109,0.4880529,1.181287,0.8499768,0.3916286,1.181062,0.8694834,0.3596628,1.182959,0.5712464,0.2098456,1.248765,0.5508667,-0.02388784,1.254687,0.431096,-0.1891854,1.269014,0.6341744,0.2027754,1.232727,0.6267087,-0.02759007,1.259007,0.5854362,-0.2104688,1.328008,0.6366915,0.5635442,1.178756
72057594037989646,0,1.417666,179128,0.6113942,0.2038088,1.260052,0.6502846,0.6796519,1.1488,0.5356146,0.5388904,1.18792,0.424236,0.5029594,1.173012,0.4545088,0.5736412,1.085696,0.4611336,0.6183223,1.091988,0.680436,0.5265284,1.159144,0.7951109,0.4880529,1.181287,0.8499768,0.3916286,1.181062,0.8694834,0.3596628,1.182959,0.5712464,0.2098456,1.248765,0.5508667,-0.02388784,1.254687,0.431096,-0.1891854,1.269014,0.6341744,0.2027754,1.232727,0.6267087,-0.02759007,1.259007,0.5854362,-0.2104688,1.328008,0.6366915,0.5635442,1.178756
72057594037989646,0,1.417666,179128,0.6113942,0.2038088,1.260052,0.6502846,0.6796519,1.1488,0.5356146,0.5388904,1.18792,0.424236,0.5029594,1.173012,0.4545088,0.5736412,1.085696,0.4611336,0.6183223,1.091988,0.680436,0.5265284,1.159144,0.7951109,0.4880529,1.181287,0.8499768,0.3916286,1.181062,0.8694834,0.3596628,1.182959,0.5712464,0.2098456,1.248765,0.5508667,-0.02388784,1.254687,0.431096,-0.1891854,1.269014,0.6341744,0.2027754,1.232727,0.6267087,-0.02759007,1.259007,0.5854362,-0.2104688,1.328008,0.6366915,0.5635442,1.178756
72057594037989646,0,1.417666,179128,0.6113942,0.2038088,1.260052,0.6502846,0.6796519,1.1488,0.5356146,0.5388904,1.18792,0.424236,0.5029594,1.173012,0.4545088,0.5736412,1.085696,0.4611336,0.6183223,1.091988,0.680436,0.5265284,1.159144,0.7951109,0.4880529,1.181287,0.8499768,0.3916286,1.181062,0.8694834,0.3596628,1.182959,0.5712464,0.2098456,1.248765,0.5508667,-0.02388784,1.254687,0.431096,-0.1891854,1.269014,0.6341744,0.2027754,1.232727,0.6267087,-0.02759007,1.259007,0.5854362,-0.2104688,1.328008,0.6366915,0.5635442,1.178756
72057594037989646,0,1.417666,179128,0.6113942,0.2038088,1.260052,0.6502846,0.6796519,1.1488,0.5356146,0.5388904,1.18792,0.424236,0.5029594,1.173012,0.4545088,0.5736412,1.085696,0.4611336,0.6183223,1.091988,0.680436,0.5265284,1.159144,0.7951109,0.4880529,1.181287,0.8499768,0.3916286,1.181062,0.8694834,0.3596628,1.182959,0.5712464,0.2098456,1.248765,0.5508667,-0.02388784,1.254687,0.431096,-0.1891854,1.269014,0.6341744,0.2027754,1.232727,0.6267087,-0.02759007,1.259007,0.5854362,-0.2104688,1.328008,0.6366915,0.5635442,1.178756
72057594037989646,0,1.417666,179128,0.6113942,0.2038088,1.260052,0.6502846,0.6796519,1.1488,0.5356146,0.5388904,1.18792,0.424236,0.5029594,1.173012,0.4545088,0.5736412,1.085696,0.4611336,0.6183223,1.091988,0.680436,0.5265284,1.159144,0.7951109,0.4880529,1.181287,0.8499768,0.3916286,1.181062,0.8694834,0.3596628,1.182959,0.5712464,0.2098456,1.248765,0.5508667,-0.02388784,1.254687,0.431096,-0.1891854,1.269014,0.6341744,0.2027754,1.232727,0.6267087,-0.02759007,1.259007,0.5854362,-0.2104688,1.328008,0.6366915,0.5635442,1.178756
72057594037989646,0,1.417666,179128,0.6113942,0.2038088,1.260052,0.6502846,0.6796519,1.1488,0.5356146,0.5388904,1.18792,0.424236,0.5029594,1.173012,0.4545088,0.5736412,1.085696,0.4611336,0.6183223,1.091988,0.680436,0.5265284,1.159144,0.7951109,0.4880529,1.181287,0.8499768,0.3916286,1.181062,0.8694834,0.3596628,1.182959,0.5712464,0.2098456,1.248765,0.5508667,-0.02388784,1.254687,0.431096,-0.1891854,1.269014,0.6341744,0.2027754,1.232727,0.6267087,-0.02759007,1.259007,0.5854362,-0.2104688,1.328008,0.6366915,0.5635442,1.178756
72057594037989646,0,1.417666,179128,0.6113942,0.2038088,1.260052,0.6502846,0.6796519,1.1488,0.5356146,0.5388904,1.18792,0.424236,0.5029594,1.173012,0.4545088,0.5736412,1.085696,0.4611336,0.6183223,1.091988,0.680436,0.5265284,1.159144,0.7951109,0.4880529,1.181287,0.8499768,0.3916286,1.181062,0.8694834,0.3596628,1.182959,0.5712464,0.2098456,1.248765,0.5508667,-0.02388784,1.254687,0.431096,-0.1891854,1.269014,0.6341744,0.2027754,1.232727,0.6267087,-0.02759007,1.259007,0.5854362,-0.2104688,1.328008,0.6366915,0.5635442,1.178756
72057594037989646,0,1.417666,179128,0.6113942,0.2038088,1.260052,0.6502846,0.6796519,1.1488,0.5356146,0.5388904,1.18792,0.424236,0.5029594,1.173012,0.4545088,0.5736412,1.085696,0.4611336,0.6183223,1.091988,0.680436,0.5265284,1.159144,0.7951109,0.4880529,1.181287,0.8499768,0.3916286,1.181062,0.8694834,0.3596628,1.182959,0.5712464,0.2098456,1.248765,0.5508667,-0.02388784,1.254687,0.431096,-0.1891854,1.269014,0.6341744,0.2027754,1.232727,0.6267087,-0.02759007,1.259007,0.5854362,-0.2104688,1.328008,0.6366915,0.5635442,1.178756
72057594037989646,0,1.454687,179128,0.6502598,0.2186226,1.225389,0.6837327,0.6758325,1.12682,0.5674464,0.5623919,1.169425,0.4629801,0.5161006,1.178779,0.4496877,0.6335086,1.080604,0.4683276,0.6523962,1.069671,0.685745,0.5446831,1.133492,0.7819096,0.4960332,1.154095,0.7128454,0.6230357,1.104218,0.6841083,0.646955,1.101943,0.6091514,0.2221205,1.21376,0.591433,0.006188452,1.206226,0.4963793,-0.2010062,1.224338,0.6730069,0.219679,1.19962,0.6607231,0.009865761,1.223435,0.6352183,-0.1753523,1.280716,0.6547531,0.5742568,1.157862
72057594037989646,0,1.454687,179128,0.6502598,0.2186226,1.225389,0.6837327,0.6758325,1.12682,0.5674464,0.5623919,1.169425,0.4629801,0.5161006,1.178779,0.4496877,0.6335086,1.080604,0.4683276,0.6523962,1.069671,0.685745,0.5446831,1.133492,0.7819096,0.4960332,1.154095,0.7128454,0.6230357,1.104218,0.6841083,0.646955,1.101943,0.6091514,0.2221205,1.21376,0.591433,0.006188452,1.206226,0.4963793,-0.2010062,1.224338,0.6730069,0.219679,1.19962,0.6607231,0.009865761,1.223435,0.6352183,-0.1753523,1.280716,0.6547531,0.5742568,1.157862
72057594037989646,0,1.454687,179128,0.6502598,0.2186226,1.225389,0.6837327,0.6758325,1.12682,0.5674464,0.5623919,1.169425,0.4629801,0.5161006,1.178779,0.4496877,0.6335086,1.080604,0.4683276,0.6523962,1.069671,0.685745,0.5446831,1.133492,0.7819096,0.4960332,1.154095,0.7128454,0.6230357,1.104218,0.6841083,0.646955,1.101943,0.6091514,0.2221205,1.21376,0.591433,0.006188452,1.206226,0.4963793,-0.2010062,1.224338,0.6730069,0.219679,1.19962,0.6607231,0.009865761,1.223435,0.6352183,-0.1753523,1.280716,0.6547531,0.5742568,1.157862
72057594037989646,0,1.454687,179128,0.6502598,0.2186226,1.225389,0.6837327,0.6758325,1.12682,0.5674464,0.5623919,1.169425,0.4629801,0.5161006,1.178779,0.4496877,0.6335086,1.080604,0.4683276,0.6523962,1.069671,0.685745,0.5446831,1.133492,0.7819096,0.4960332,1.154095,0.7128454,0.6230357,1.104218,0.6841083,0.646955,1.101943,0.6091514,0.2221205,1.21376,0.591433,0.006188452,1.206226,0.4963793,-0.2010062,1.224338,0.6730069,0.219679,1.19962,0.6607231,0.009865761,1.223435,0.6352183,-0.1753523,1.280716,0.6547531,0.5742568,1.157862
72057594037989646,0,1.454687,179128,0.6502598,0.2186226,1.225389,0.6837327,0.6758325,1.12682,0.5674464,0.5623919,1.169425,0.4629801,0.5161006,1.178779,0.4496877,0.6335086,1.080604,0.4683276,0.6523962,1.069671,0.685745,0.5446831,1.133492,0.7819096,0.4960332,1.154095,0.7128454,0.6230357,1.104218,0.6841083,0.646955,1.101943,0.6091514,0.2221205,1.21376,0.591433,0.006188452,1.206226,0.4963793,-0.2010062,1.224338,0.6730069,0.219679,1.19962,0.6607231,0.009865761,1.223435,0.6352183,-0.1753523,1.280716,0.6547531,0.5742568,1.157862
72057594037989646,0,1.454687,179128,0.6502598,0.2186226,1.225389,0.6837327,0.6758325,1.12682,0.5674464,0.5623919,1.169425,0.4629801,0.5161006,1.178779,0.4496877,0.6335086,1.080604,0.4683276,0.6523962,1.069671,0.685745,0.5446831,1.133492,0.7819096,0.4960332,1.154095,0.7128454,0.6230357,1.104218,0.6841083,0.646955,1.101943,0.6091514,0.2221205,1.21376,0.591433,0.006188452,1.206226,0.4963793,-0.2010062,1.224338,0.6730069,0.219679,1.19962,0.6607231,0.009865761,1.223435,0.6352183,-0.1753523,1.280716,0.6547531,0.5742568,1.157862
72057594037989646,0,1.454687,179128,0.6502598,0.2186226,1.225389,0.6837327,0.6758325,1.12682,0.5674464,0.5623919,1.169425,0.4629801,0.5161006,1.178779,0.4496877,0.6335086,1.080604,0.4683276,0.6523962,1.069671,0.685745,0.5446831,1.133492,0.7819096,0.4960332,1.154095,0.7128454,0.6230357,1.104218,0.6841083,0.646955,1.101943,0.6091514,0.2221205,1.21376,0.591433,0.006188452,1.206226,0.4963793,-0.2010062,1.224338,0.6730069,0.219679,1.19962,0.6607231,0.009865761,1.223435,0.6352183,-0.1753523,1.280716,0.6547531,0.5742568,1.157862
72057594037989646,0,1.454687,179128,0.6502598,0.2186226,1.225389,0.6837327,0.6758325,1.12682,0.5674464,0.5623919,1.169425,0.4629801,0.5161006,1.178779,0.4496877,0.6335086,1.080604,0.4683276,0.6523962,1.069671,0.685745,0.5446831,1.133492,0.7819096,0.4960332,1.154095,0.7128454,0.6230357,1.104218,0.6841083,0.646955,1.101943,0.6091514,0.2221205,1.21376,0.591433,0.006188452,1.206226,0.4963793,-0.2010062,1.224338,0.6730069,0.219679,1.19962,0.6607231,0.009865761,1.223435,0.6352183,-0.1753523,1.280716,0.6547531,0.5742568,1.157862
72057594037989646,0,1.454687,179128,0.6502598,0.2186226,1.225389,0.6837327,0.6758325,1.12682,0.5674464,0.5623919,1.169425,0.4629801,0.5161006,1.178779,0.4496877,0.6335086,1.080604,0.4683276,0.6523962,1.069671,0.685745,0.5446831,1.133492,0.7819096,0.4960332,1.154095,0.7128454,0.6230357,1.104218,0.6841083,0.646955,1.101943,0.6091514,0.2221205,1.21376,0.591433,0.006188452,1.206226,0.4963793,-0.2010062,1.224338,0.6730069,0.219679,1.19962,0.6607231,0.009865761,1.223435,0.6352183,-0.1753523,1.280716,0.6547531,0.5742568,1.157862
72057594037989646,0,1.454687,179128,0.6502598,0.2186226,1.225389,0.6837327,0.6758325,1.12682,0.5674464,0.5623919,1.169425,0.4629801,0.5161006,1.178779,0.4496877,0.6335086,1.080604,0.4683276,0.6523962,1.069671,0.685745,0.5446831,1.133492,0.7819096,0.4960332,1.154095,0.7128454,0.6230357,1.104218,0.6841083,0.646955,1.101943,0.6091514,0.2221205,1.21376,0.591433,0.006188452,1.206226,0.4963793,-0.2010062,1.224338,0.6730069,0.219679,1.19962,0.6607231,0.009865761,1.223435,0.6352183,-0.1753523,1.280716,0.6547531,0.5742568,1.157862
72057594037989646,0,1.454687,179128,0.6502598,0.2186226,1.225389,0.6837327,0.6758325,1.12682,0.5674464,0.5623919,1.169425,0.4629801,0.5161006,1.178779,0.4496877,0.6335086,1.080604,0.4683276,0.6523962,1.069671,0.685745,0.5446831,1.133492,0.7819096,0.4960332,1.154095,0.7128454,0.6230357,1.104218,0.6841083,0.646955,1.101943,0.6091514,0.2221205,1.21376,0.591433,0.006188452,1.206226,0.4963793,-0.2010062,1.224338,0.6730069,0.219679,1.19962,0.6607231,0.009865761,1.223435,0.6352183,-0.1753523,1.280716,0.6547531,0.5742568,1.157862
72057594037989646,0,1.454687,179128,0.6502598,0.2186226,1.225389,0.6837327,0.6758325,1.12682,0.5674464,0.5623919,1.169425,0.4629801,0.5161006,1.178779,0.4496877,0.6335086,1.080604,0.4683276,0.6523962,1.069671,0.685745,0.5446831,1.133492,0.7819096,0.4960332,1.154095,0.7128454,0.6230357,1.104218,0.6841083,0.646955,1.101943,0.6091514,0.2221205,1.21376,0.591433,0.006188452,1.206226,0.4963793,-0.2010062,1.224338,0.6730069,0.219679,1.19962,0.6607231,0.009865761,1.223435,0.6352183,-0.1753523,1.280716,0.6547531,0.5742568,1.157862
72057594037989646,0,1.454687,179128,0.6502598,0.2186226,1.225389,0.6837327,0.6758325,1.12682,0.5674464,0.5623919,1.169425,0.4629801,0.5161006,1.178779,0.4496877,0.6335086,1.080604,0.4683276,0.6523962,1.069671,0.685745,0.5446831,1.133492,0.7819096,0.4960332,1.154095,0.7128454,0.6230357,1.104218,0.6841083,0.646955,1.101943,0.6091514,0.2221205,1.21376,0.591433,0.006188452,1.206226,0.4963793,-0.2010062,1.224338,0.6730069,0.219679,1.19962,0.6607231,0.009865761,1.223435,0.6352183,-0.1753523,1.280716,0.6547531,0.5742568,1.157862
72057594037989646,0,1.491992,179128,0.6750968,0.2135522,1.194558,0.7287981,0.6904362,1.092019,0.5993156,0.5596957,1.147025,0.4902143,0.5326207,1.156751,0.5134088,0.6304874,1.044159,0.5091333,0.6418759,1.030753,0.6992621,0.538785,1.106536,0.7862827,0.4932883,1.135206,0.7264779,0.6211708,1.084098,0.7030113,0.6499199,1.081285,0.6353301,0.2167071,1.181369,0.6270464,0.01446807,1.171622,0.5621366,-0.2029198,1.191529,0.6958714,0.2150746,1.171187,0.6780463,0.01385653,1.191437,0.6524363,-0.1713806,1.248864,0.6952302,0.5881851,1.123889
72057594037989646,0,1.491992,179128,0.6750968,0.2135522,1.194558,0.7287981,0.6904362,1.092019,0.5993156,0.5596957,1.147025,0.4902143,0.5326207,1.156751,0.5134088,0.6304874,1.044159,0.5091333,0.6418759,1.030753,0.6992621,0.538785,1.106536,0.7862827,0.4932883,1.135206,0.7264779,0.6211708,1.084098,0.7030113,0.6499199,1.081285,0.6353301,0.2167071,1.181369,0.6270464,0.01446807,1.171622,0.5621366,-0.2029198,1.191529,0.6958714,0.2150746,1.171187,0.6780463,0.01385653,1.191437,0.6524363,-0.1713806,1.248864,0.6952302,0.5881851,1.123889
72057594037989646,0,1.491992,179128,0.6750968,0.2135522,1.194558,0.7287981,0.6904362,1.092019,0.5993156,0.5596957,1.147025,0.4902143,0.5326207,1.156751,0.5134088,0.6304874,1.044159,0.5091333,0.6418759,1.030753,0.6992621,0.538785,1.106536,0.7862827,0.4932883,1.135206,0.7264779,0.6211708,1.084098,0.7030113,0.6499199,1.081285,0.6353301,0.2167071,1.181369,0.6270464,0.01446807,1.171622,0.5621366,-0.2029198,1.191529,0.6958714,0.2150746,1.171187,0.6780463,0.01385653,1.191437,0.6524363,-0.1713806,1.248864,0.6952302,0.5881851,1.123889
72057594037989646,0,1.491992,179128,0.6750968,0.2135522,1.194558,0.7287981,0.6904362,1.092019,0.5993156,0.5596957,1.147025,0.4902143,0.5326207,1.156751,0.5134088,0.6304874,1.044159,0.5091333,0.6418759,1.030753,0.6992621,0.538785,1.106536,0.7862827,0.4932883,1.135206,0.7264779,0.6211708,1.084098,0.7030113,0.6499199,1.081285,0.6353301,0.2167071,1.181369,0.6270464,0.01446807,1.171622,0.5621366,-0.2029198,1.191529,0.6958714,0.2150746,1.171187,0.6780463,0.01385653,1.191437,0.6524363,-0.1713806,1.248864,0.6952302,0.5881851,1.123889
72057594037989646,0,1.491992,179128,0.6750968,0.2135522,1.194558,0.7287981,0.6904362,1.092019,0.5993156,0.5596957,1.147025,0.4902143,0.5326207,1.156751,0.5134088,0.6304874,1.044159,0.5091333,0.6418759,1.030753,0.6992621,0.538785,1.106536,0.7862827,0.4932883,1.135206,0.7264779,0.6211708,1.084098,0.7030113,0.6499199,1.081285,0.6353301,0.2167071,1.181369,0.6270464,0.01446807,1.171622,0.5621366,-0.2029198,1.191529,0.6958714,0.2150746,1.171187,0.6780463,0.01385653,1.191437,0.6524363,-0.1713806,1.248864,0.6952302,0.5881851,1.123889
72057594037989646,0,1.491992,179128,0.6750968,0.2135522,1.194558,0.7287981,0.6904362,1.092019,0.5993156,0.5596957,1.147025,0.4902143,0.5326207,1.156751,0.5134088,0.6304874,1.044159,0.5091333,0.6418759,1.030753,0.6992621,0.538785,1.106536,0.7862827,0.4932883,1.135206,0.7264779,0.6211708,1.084098,0.7030113,0.6499199,1.081285,0.6353301,0.2167071,1.181369,0.6270464,0.01446807,1.171622,0.5621366,-0.2029198,1.191529,0.6958714,0.2150746,1.171187,0.6780463,0.01385653,1.191437,0.6524363,-0.1713806,1.248864,0.6952302,0.5881851,1.123889
72057594037989646,0,1.491992,179128,0.6750968,0.2135522,1.194558,0.7287981,0.6904362,1.092019,0.5993156,0.5596957,1.147025,0.4902143,0.5326207,1.156751,0.5134088,0.6304874,1.044159,0.5091333,0.6418759,1.030753,0.6992621,0.538785,1.106536,0.7862827,0.4932883,1.135206,0.7264779,0.6211708,1.084098,0.7030113,0.6499199,1.081285,0.6353301,0.2167071,1.181369,0.6270464,0.01446807,1.171622,0.5621366,-0.2029198,1.191529,0.6958714,0.2150746,1.171187,0.6780463,0.01385653,1.191437,0.6524363,-0.1713806,1.248864,0.6952302,0.5881851,1.123889
72057594037989646,0,1.491992,179128,0.6750968,0.2135522,1.194558,0.7287981,0.6904362,1.092019,0.5993156,0.5596957,1.147025,0.4902143,0.5326207,1.156751,0.5134088,0.6304874,1.044159,0.5091333,0.6418759,1.030753,0.6992621,0.538785,1.106536,0.7862827,0.4932883,1.135206,0.7264779,0.6211708,1.084098,0.7030113,0.6499199,1.081285,0.6353301,0.2167071,1.181369,0.6270464,0.01446807,1.171622,0.5621366,-0.2029198,1.191529,0.6958714,0.2150746,1.171187,0.6780463,0.01385653,1.191437,0.6524363,-0.1713806,1.248864,0.6952302,0.5881851,1.123889
72057594037989646,0,1.491992,179128,0.6750968,0.2135522,1.194558,0.7287981,0.6904362,1.092019,0.5993156,0.5596957,1.147025,0.4902143,0.5326207,1.156751,0.5134088,0.6304874,1.044159,0.5091333,0.6418759,1.030753,0.6992621,0.538785,1.106536,0.7862827,0.4932883,1.135206,0.7264779,0.6211708,1.084098,0.7030113,0.6499199,1.081285,0.6353301,0.2167071,1.181369,0.6270464,0.01446807,1.171622,0.5621366,-0.2029198,1.191529,0.6958714,0.2150746,1.171187,0.6780463,0.01385653,1.191437,0.6524363,-0.1713806,1.248864,0.6952302,0.5881851,1.123889
72057594037989646,0,1.491992,179128,0.6750968,0.2135522,1.194558,0.7287981,0.6904362,1.092019,0.5993156,0.5596957,1.147025,0.4902143,0.5326207,1.156751,0.5134088,0.6304874,1.044159,0.5091333,0.6418759,1.030753,0.6992621,0.538785,1.106536,0.7862827,0.4932883,1.135206,0.7264779,0.6211708,1.084098,0.7030113,0.6499199,1.081285,0.6353301,0.2167071,1.181369,0.6270464,0.01446807,1.171622,0.5621366,-0.2029198,1.191529,0.6958714,0.2150746,1.171187,0.6780463,0.01385653,1.191437,0.6524363,-0.1713806,1.248864,0.6952302,0.5881851,1.123889
72057594037989646,0,1.491992,179128,0.6750968,0.2135522,1.194558,0.7287981,0.6904362,1.092019,0.5993156,0.5596957,1.147025,0.4902143,0.5326207,1.156751,0.5134088,0.6304874,1.044159,0.5091333,0.6418759,1.030753,0.6992621,0.538785,1.106536,0.7862827,0.4932883,1.135206,0.7264779,0.6211708,1.084098,0.7030113,0.6499199,1.081285,0.6353301,0.2167071,1.181369,0.6270464,0.01446807,1.171622,0.5621366,-0.2029198,1.191529,0.6958714,0.2150746,1.171187,0.6780463,0.01385653,1.191437,0.6524363,-0.1713806,1.248864,0.6952302,0.5881851,1.123889
72057594037989646,0,1.491992,179128,0.6750968,0.2135522,1.194558,0.7287981,0.6904362,1.092019,0.5993156,0.5596957,1.147025,0.4902143,0.5326207,1.156751,0.5134088,0.6304874,1.044159,0.5091333,0.6418759,1.030753,0.6992621,0.538785,1.106536,0.7862827,0.4932883,1.135206,0.7264779,0.6211708,1.084098,0.7030113,0.6499199,1.081285,0.6353301,0.2167071,1.181369,0.6270464,0.01446807,1.171622,0.5621366,-0.2029198,1.191529,0.6958714,0.2150746,1.171187,0.6780463,0.01385653,1.191437,0.6524363,-0.1713806,1.248864,0.6952302,0.5881851,1.123889
72057594037989646,0,1.491992,179128,0.6750968,0.2135522,1.194558,0.7287981,0.6904362,1.092019,0.5993156,0.5596957,1.147025,0.4902143,0.5326207,1.156751,0.5134088,0.6304874,1.044159,0.5091333,0.6418759,1.030753,0.6992621,0.538785,1.106536,0.7862827,0.4932883,1.135206,0.7264779,0.6211708,1.084098,0.7030113,0.6499199,1.081285,0.6353301,0.2167071,1.181369,0.6270464,0.01446807,1.171622,0.5621366,-0.2029198,1.191529,0.6958714,0.2150746,1.171187,0.6780463,0.01385653,1.191437,0.6524363,-0.1713806,1.248864,0.6952302,0.5881851,1.123889
72057594037989646,0,1.556349,179128,0.7151836,0.1805093,1.154119,0.7109237,0.5857522,1.107298,0.7408841,0.6277097,1.075436,0.6005254,0.5648444,1.092815,0.5452549,0.5833983,0.9920938,0.5312814,0.5830975,0.9981806,0.7431418,0.5286034,1.063873,0.8041881,0.4624825,1.115281,0.7428165,0.5926712,1.064256,0.7085647,0.6865118,1.020277,0.7043855,0.1882934,1.140733,0.671018,-0.007489264,1.130614,0.6125396,-0.2172014,1.163672,0.7058135,0.1783503,1.132138,0.7149426,-0.01065794,1.150901,0.6891255,-0.1957548,1.208522,0.7348785,0.5767591,1.088727
72057594037989646,0,1.556349,179128,0.7151836,0.1805093,1.154119,0.7109237,0.5857522,1.107298,0.7408841,0.6277097,1.075436,0.6005254,0.5648444,1.092815,0.5452549,0.5833983,0.9920938,0.5312814,0.5830975,0.9981806,0.7431418,0.5286034,1.063873,0.8041881,0.4624825,1.115281,0.7428165,0.5926712,1.064256,0.7085647,0.6865118,1.020277,0.7043855,0.1882934,1.140733,0.671018,-0.007489264,1.130614,0.6125396,-0.2172014,1.163672,0.7058135,0.1783503,1.132138,0.7149426,-0.01065794,1.150901,0.6891255,-0.1957548,1.208522,0.7348785,0.5767591,1.088727
72057594037989646,0,1.556349,179128,0.7151836,0.1805093,1.154119,0.7109237,0.5857522,1.107298,0.7408841,0.6277097,1.075436,0.6005254,0.5648444,1.092815,0.5452549,0.5833983,0.9920938,0.5312814,0.5830975,0.9981806,0.7431418,0.5286034,1.063873,0.8041881,0.4624825,1.115281,0.7428165,0.5926712,1.064256,0.7085647,0.6865118,1.020277,0.7043855,0.1882934,1.140733,0.671018,-0.007489264,1.130614,0.6125396,-0.2172014,1.163672,0.7058135,0.1783503,1.132138,0.7149426,-0.01065794,1.150901,0.6891255,-0.1957548,1.208522,0.7348785,0.5767591,1.088727
72057594037989646,0,1.556349,179128,0.7151836,0.1805093,1.154119,0.7109237,0.5857522,1.107298,0.7408841,0.6277097,1.075436,0.6005254,0.5648444,1.092815,0.5452549,0.5833983,0.9920938,0.5312814,0.5830975,0.9981806,0.7431418,0.5286034,1.063873,0.8041881,0.4624825,1.115281,0.7428165,0.5926712,1.064256,0.7085647,0.6865118,1.020277,0.7043855,0.1882934,1.140733,0.671018,-0.007489264,1.130614,0.6125396,-0.2172014,1.163672,0.7058135,0.1783503,1.132138,0.7149426,-0.01065794,1.150901,0.6891255,-0.1957548,1.208522,0.7348785,0.5767591,1.088727
72057594037989646,0,1.556349,179128,0.7151836,0.1805093,1.154119,0.7109237,0.5857522,1.107298,0.7408841,0.6277097,1.075436,0.6005254,0.5648444,1.092815,0.5452549,0.5833983,0.9920938,0.5312814,0.5830975,0.9981806,0.7431418,0.5286034,1.063873,0.8041881,0.4624825,1.115281,0.7428165,0.5926712,1.064256,0.7085647,0.6865118,1.020277,0.7043855,0.1882934,1.140733,0.671018,-0.007489264,1.130614,0.6125396,-0.2172014,1.163672,0.7058135,0.1783503,1.132138,0.7149426,-0.01065794,1.150901,0.6891255,-0.1957548,1.208522,0.7348785,0.5767591,1.088727
72057594037989646,0,1.556349,179128,0.7151836,0.1805093,1.154119,0.7109237,0.5857522,1.107298,0.7408841,0.6277097,1.075436,0.6005254,0.5648444,1.092815,0.5452549,0.5833983,0.9920938,0.5312814,0.5830975,0.9981806,0.7431418,0.5286034,1.063873,0.8041881,0.4624825,1.115281,0.7428165,0.5926712,1.064256,0.7085647,0.6865118,1.020277,0.7043855,0.1882934,1.140733,0.671018,-0.007489264,1.130614,0.6125396,-0.2172014,1.163672,0.7058135,0.1783503,1.132138,0.7149426,-0.01065794,1.150901,0.6891255,-0.1957548,1.208522,0.7348785,0.5767591,1.088727
72057594037989646,0,1.556349,179128,0.7151836,0.1805093,1.154119,0.7109237,0.5857522,1.107298,0.7408841,0.6277097,1.075436,0.6005254,0.5648444,1.092815,0.5452549,0.5833983,0.9920938,0.5312814,0.5830975,0.9981806,0.7431418,0.5286034,1.063873,0.8041881,0.4624825,1.115281,0.7428165,0.5926712,1.064256,0.7085647,0.6865118,1.020277,0.7043855,0.1882934,1.140733,0.671018,-0.007489264,1.130614,0.6125396,-0.2172014,1.163672,0.7058135,0.1783503,1.132138,0.7149426,-0.01065794,1.150901,0.6891255,-0.1957548,1.208522,0.7348785,0.5767591,1.088727
72057594037989646,0,1.556349,179128,0.7151836,0.1805093,1.154119,0.7109237,0.5857522,1.107298,0.7408841,0.6277097,1.075436,0.6005254,0.5648444,1.092815,0.5452549,0.5833983,0.9920938,0.5312814,0.5830975,0.9981806,0.7431418,0.5286034,1.063873,0.8041881,0.4624825,1.115281,0.7428165,0.5926712,1.064256,0.7085647,0.6865118,1.020277,0.7043855,0.1882934,1.140733,0.671018,-0.007489264,1.130614,0.6125396,-0.2172014,1.163672,0.7058135,0.1783503,1.132138,0.7149426,-0.01065794,1.150901,0.6891255,-0.1957548,1.208522,0.7348785,0.5767591,1.088727
72057594037989646,0,1.556349,179128.1,0.7151836,0.1805093,1.154119,0.7109237,0.5857522,1.107298,0.7408841,0.6277097,1.075436,0.6005254,0.5648444,1.092815,0.5452549,0.5833983,0.9920938,0.5312814,0.5830975,0.9981806,0.7431418,0.5286034,1.063873,0.8041881,0.4624825,1.115281,0.7428165,0.5926712,1.064256,0.7085647,0.6865118,1.020277,0.7043855,0.1882934,1.140733,0.671018,-0.007489264,1.130614,0.6125396,-0.2172014,1.163672,0.7058135,0.1783503,1.132138,0.7149426,-0.01065794,1.150901,0.6891255,-0.1957548,1.208522,0.7348785,0.5767591,1.088727
72057594037989646,0,1.556349,179128.1,0.7151836,0.1805093,1.154119,0.7109237,0.5857522,1.107298,0.7408841,0.6277097,1.075436,0.6005254,0.5648444,1.092815,0.5452549,0.5833983,0.9920938,0.5312814,0.5830975,0.9981806,0.7431418,0.5286034,1.063873,0.8041881,0.4624825,1.115281,0.7428165,0.5926712,1.064256,0.7085647,0.6865118,1.020277,0.7043855,0.1882934,1.140733,0.671018,-0.007489264,1.130614,0.6125396,-0.2172014,1.163672,0.7058135,0.1783503,1.132138,0.7149426,-0.01065794,1.150901,0.6891255,-0.1957548,1.208522,0.7348785,0.5767591,1.088727
72057594037989646,0,1.556349,179128.1,0.7151836,0.1805093,1.154119,0.7109237,0.5857522,1.107298,0.7408841,0.6277097,1.075436,0.6005254,0.5648444,1.092815,0.5452549,0.5833983,0.9920938,0.5312814,0.5830975,0.9981806,0.7431418,0.5286034,1.063873,0.8041881,0.4624825,1.115281,0.7428165,0.5926712,1.064256,0.7085647,0.6865118,1.020277,0.7043855,0.1882934,1.140733,0.671018,-0.007489264,1.130614,0.6125396,-0.2172014,1.163672,0.7058135,0.1783503,1.132138,0.7149426,-0.01065794,1.150901,0.6891255,-0.1957548,1.208522,0.7348785,0.5767591,1.088727
72057594037989646,0,1.556349,179128.1,0.7151836,0.1805093,1.154119,0.7109237,0.5857522,1.107298,0.7408841,0.6277097,1.075436,0.6005254,0.5648444,1.092815,0.5452549,0.5833983,0.9920938,0.5312814,0.5830975,0.9981806,0.7431418,0.5286034,1.063873,0.8041881,0.4624825,1.115281,0.7428165,0.5926712,1.064256,0.7085647,0.6865118,1.020277,0.7043855,0.1882934,1.140733,0.671018,-0.007489264,1.130614,0.6125396,-0.2172014,1.163672,0.7058135,0.1783503,1.132138,0.7149426,-0.01065794,1.150901,0.6891255,-0.1957548,1.208522,0.7348785,0.5767591,1.088727
72057594037989646,0,1.556349,179128.1,0.7151836,0.1805093,1.154119,0.7109237,0.5857522,1.107298,0.7408841,0.6277097,1.075436,0.6005254,0.5648444,1.092815,0.5452549,0.5833983,0.9920938,0.5312814,0.5830975,0.9981806,0.7431418,0.5286034,1.063873,0.8041881,0.4624825,1.115281,0.7428165,0.5926712,1.064256,0.7085647,0.6865118,1.020277,0.7043855,0.1882934,1.140733,0.671018,-0.007489264,1.130614,0.6125396,-0.2172014,1.163672,0.7058135,0.1783503,1.132138,0.7149426,-0.01065794,1.150901,0.6891255,-0.1957548,1.208522,0.7348785,0.5767591,1.088727
72057594037989646,0,1.556349,179128.1,0.7151836,0.1805093,1.154119,0.7109237,0.5857522,1.107298,0.7408841,0.6277097,1.075436,0.6005254,0.5648444,1.092815,0.5452549,0.5833983,0.9920938,0.5312814,0.5830975,0.9981806,0.7431418,0.5286034,1.063873,0.8041881,0.4624825,1.115281,0.7428165,0.5926712,1.064256,0.7085647,0.6865118,1.020277,0.7043855,0.1882934,1.140733,0.671018,-0.007489264,1.130614,0.6125396,-0.2172014,1.163672,0.7058135,0.1783503,1.132138,0.7149426,-0.01065794,1.150901,0.6891255,-0.1957548,1.208522,0.7348785,0.5767591,1.088727
72057594037989646,0,1.615148,179128.1,0.7436264,0.1341542,1.121972,0.7215649,0.574568,1.089876,0.7471858,0.6254126,1.067141,0.6151741,0.5425507,1.078609,0.5750247,0.4826037,0.9799606,0.5711115,0.4792517,0.9710207,0.7494429,0.526314,1.055572,0.8193481,0.4520748,1.085576,0.7693305,0.5876855,1.032913,0.7514317,0.6332673,1.023525,0.7335742,0.1429476,1.108052,0.7200671,-0.02865502,1.094122,0.6456299,-0.2263,1.144345,0.7327684,0.1322732,1.101531,0.7411314,-0.08376634,1.119313,0.7151926,-0.2684446,1.177112,0.7431721,0.5714083,1.078167
72057594037989646,0,1.615148,179128.1,0.7436264,0.1341542,1.121972,0.7215649,0.574568,1.089876,0.7471858,0.6254126,1.067141,0.6151741,0.5425507,1.078609,0.5750247,0.4826037,0.9799606,0.5711115,0.4792517,0.9710207,0.7494429,0.526314,1.055572,0.8193481,0.4520748,1.085576,0.7693305,0.5876855,1.032913,0.7514317,0.6332673,1.023525,0.7335742,0.1429476,1.108052,0.7200671,-0.02865502,1.094122,0.6456299,-0.2263,1.144345,0.7327684,0.1322732,1.101531,0.7411314,-0.08376634,1.119313,0.7151926,-0.2684446,1.177112,0.7431721,0.5714083,1.078167
72057594037989646,0,1.615148,179128.1,0.7436264,0.1341542,1.121972,0.7215649,0.574568,1.089876,0.7471858,0.6254126,1.067141,0.6151741,0.5425507,1.078609,0.5750247,0.4826037,0.9799606,0.5711115,0.4792517,0.9710207,0.7494429,0.526314,1.055572,0.8193481,0.4520748,1.085576,0.7693305,0.5876855,1.032913,0.7514317,0.6332673,1.023525,0.7335742,0.1429476,1.108052,0.7200671,-0.02865502,1.094122,0.6456299,-0.2263,1.144345,0.7327684,0.1322732,1.101531,0.7411314,-0.08376634,1.119313,0.7151926,-0.2684446,1.177112,0.7431721,0.5714083,1.078167
72057594037989646,0,1.615148,179128.1,0.7436264,0.1341542,1.121972,0.7215649,0.574568,1.089876,0.7471858,0.6254126,1.067141,0.6151741,0.5425507,1.078609,0.5750247,0.4826037,0.9799606,0.5711115,0.4792517,0.9710207,0.7494429,0.526314,1.055572,0.8193481,0.4520748,1.085576,0.7693305,0.5876855,1.032913,0.7514317,0.6332673,1.023525,0.7335742,0.1429476,1.108052,0.7200671,-0.02865502,1.094122,0.6456299,-0.2263,1.144345,0.7327684,0.1322732,1.101531,0.7411314,-0.08376634,1.119313,0.7151926,-0.2684446,1.177112,0.7431721,0.5714083,1.078167
72057594037989646,0,1.615148,179128.1,0.7436264,0.1341542,1.121972,0.7215649,0.574568,1.089876,0.7471858,0.6254126,1.067141,0.6151741,0.5425507,1.078609,0.5750247,0.4826037,0.9799606,0.5711115,0.4792517,0.9710207,0.7494429,0.526314,1.055572,0.8193481,0.4520748,1.085576,0.7693305,0.5876855,1.032913,0.7514317,0.6332673,1.023525,0.7335742,0.1429476,1.108052,0.7200671,-0.02865502,1.094122,0.6456299,-0.2263,1.144345,0.7327684,0.1322732,1.101531,0.7411314,-0.08376634,1.119313,0.7151926,-0.2684446,1.177112,0.7431721,0.5714083,1.078167
72057594037989646,0,1.615148,179128.1,0.7436264,0.1341542,1.121972,0.7215649,0.574568,1.089876,0.7471858,0.6254126,1.067141,0.6151741,0.5425507,1.078609,0.5750247,0.4826037,0.9799606,0.5711115,0.4792517,0.9710207,0.7494429,0.526314,1.055572,0.8193481,0.4520748,1.085576,0.7693305,0.5876855,1.032913,0.7514317,0.6332673,1.023525,0.7335742,0.1429476,1.108052,0.7200671,-0.02865502,1.094122,0.6456299,-0.2263,1.144345,0.7327684,0.1322732,1.101531,0.7411314,-0.08376634,1.119313,0.7151926,-0.2684446,1.177112,0.7431721,0.5714083,1.078167
72057594037989646,0,1.615148,179128.1,0.7436264,0.1341542,1.121972,0.7215649,0.574568,1.089876,0.7471858,0.6254126,1.067141,0.6151741,0.5425507,1.078609,0.5750247,0.4826037,0.9799606,0.5711115,0.4792517,0.9710207,0.7494429,0.526314,1.055572,0.8193481,0.4520748,1.085576,0.7693305,0.5876855,1.032913,0.7514317,0.6332673,1.023525,0.7335742,0.1429476,1.108052,0.7200671,-0.02865502,1.094122,0.6456299,-0.2263,1.144345,0.7327684,0.1322732,1.101531,0.7411314,-0.08376634,1.119313,0.7151926,-0.2684446,1.177112,0.7431721,0.5714083,1.078167
72057594037989646,0,1.615148,179128.1,0.7436264,0.1341542,1.121972,0.7215649,0.574568,1.089876,0.7471858,0.6254126,1.067141,0.6151741,0.5425507,1.078609,0.5750247,0.4826037,0.9799606,0.5711115,0.4792517,0.9710207,0.7494429,0.526314,1.055572,0.8193481,0.4520748,1.085576,0.7693305,0.5876855,1.032913,0.7514317,0.6332673,1.023525,0.7335742,0.1429476,1.108052,0.7200671,-0.02865502,1.094122,0.6456299,-0.2263,1.144345,0.7327684,0.1322732,1.101531,0.7411314,-0.08376634,1.119313,0.7151926,-0.2684446,1.177112,0.7431721,0.5714083,1.078167
72057594037989646,0,1.615148,179128.1,0.7436264,0.1341542,1.121972,0.7215649,0.574568,1.089876,0.7471858,0.6254126,1.067141,0.6151741,0.5425507,1.078609,0.5750247,0.4826037,0.9799606,0.5711115,0.4792517,0.9710207,0.7494429,0.526314,1.055572,0.8193481,0.4520748,1.085576,0.7693305,0.5876855,1.032913,0.7514317,0.6332673,1.023525,0.7335742,0.1429476,1.108052,0.7200671,-0.02865502,1.094122,0.6456299,-0.2263,1.144345,0.7327684,0.1322732,1.101531,0.7411314,-0.08376634,1.119313,0.7151926,-0.2684446,1.177112,0.7431721,0.5714083,1.078167
72057594037989646,0,1.615148,179128.1,0.7436264,0.1341542,1.121972,0.7215649,0.574568,1.089876,0.7471858,0.6254126,1.067141,0.6151741,0.5425507,1.078609,0.5750247,0.4826037,0.9799606,0.5711115,0.4792517,0.9710207,0.7494429,0.526314,1.055572,0.8193481,0.4520748,1.085576,0.7693305,0.5876855,1.032913,0.7514317,0.6332673,1.023525,0.7335742,0.1429476,1.108052,0.7200671,-0.02865502,1.094122,0.6456299,-0.2263,1.144345,0.7327684,0.1322732,1.101531,0.7411314,-0.08376634,1.119313,0.7151926,-0.2684446,1.177112,0.7431721,0.5714083,1.078167
72057594037989646,0,1.615148,179128.1,0.7436264,0.1341542,1.121972,0.7215649,0.574568,1.089876,0.7471858,0.6254126,1.067141,0.6151741,0.5425507,1.078609,0.5750247,0.4826037,0.9799606,0.5711115,0.4792517,0.9710207,0.7494429,0.526314,1.055572,0.8193481,0.4520748,1.085576,0.7693305,0.5876855,1.032913,0.7514317,0.6332673,1.023525,0.7335742,0.1429476,1.108052,0.7200671,-0.02865502,1.094122,0.6456299,-0.2263,1.144345,0.7327684,0.1322732,1.101531,0.7411314,-0.08376634,1.119313,0.7151926,-0.2684446,1.177112,0.7431721,0.5714083,1.078167
72057594037989646,0,1.615148,179128.1,0.7436264,0.1341542,1.121972,0.7215649,0.574568,1.089876,0.7471858,0.6254126,1.067141,0.6151741,0.5425507,1.078609,0.5750247,0.4826037,0.9799606,0.5711115,0.4792517,0.9710207,0.7494429,0.526314,1.055572,0.8193481,0.4520748,1.085576,0.7693305,0.5876855,1.032913,0.7514317,0.6332673,1.023525,0.7335742,0.1429476,1.108052,0.7200671,-0.02865502,1.094122,0.6456299,-0.2263,1.144345,0.7327684,0.1322732,1.101531,0.7411314,-0.08376634,1.119313,0.7151926,-0.2684446,1.177112,0.7431721,0.5714083,1.078167
72057594037989646,0,1.685102,179128.1,0.7695432,0.05879349,1.092401,0.7074276,0.5218515,1.062182,0.7199023,0.4674309,1.067409,0.5990552,0.4591556,1.094146,0.6231802,0.3883186,0.973666,0.6486006,0.3811696,0.9645257,0.7220315,0.3682739,1.05565,0.8162286,0.4505793,1.053151,0.7256019,0.5661675,1.01831,0.7301763,0.5743981,1.000224,0.7630417,0.0660415,1.077883,0.7151622,-0.09410253,1.090911,0.6482284,-0.2411535,1.147633,0.7549154,0.06036425,1.074181,0.7831242,-0.09700996,1.092218,0.7467863,-0.2400971,1.140936,0.7230749,0.4205284,1.074138
72057594037989646,0,1.685102,179128.1,0.7695432,0.05879349,1.092401,0.7074276,0.5218515,1.062182,0.7199023,0.4674309,1.067409,0.5990552,0.4591556,1.094146,0.6231802,0.3883186,0.973666,0.6486006,0.3811696,0.9645257,0.7220315,0.3682739,1.05565,0.8162286,0.4505793,1.053151,0.7256019,0.5661675,1.01831,0.7301763,0.5743981,1.000224,0.7630417,0.0660415,1.077883,0.7151622,-0.09410253,1.090911,0.6482284,-0.2411535,1.147633,0.7549154,0.06036425,1.074181,0.7831242,-0.09700996,1.092218,0.7467863,-0.2400971,1.140936,0.7230749,0.4205284,1.074138
72057594037989646,0,1.685102,179128.1,0.7695432,0.05879349,1.092401,0.7074276,0.5218515,1.062182,0.7199023,0.4674309,1.067409,0.5990552,0.4591556,1.094146,0.6231802,0.3883186,0.973666,0.6486006,0.3811696,0.9645257,0.7220315,0.3682739,1.05565,0.8162286,0.4505793,1.053151,0.7256019,0.5661675,1.01831,0.7301763,0.5743981,1.000224,0.7630417,0.0660415,1.077883,0.7151622,-0.09410253,1.090911,0.6482284,-0.2411535,1.147633,0.7549154,0.06036425,1.074181,0.7831242,-0.09700996,1.092218,0.7467863,-0.2400971,1.140936,0.7230749,0.4205284,1.074138
72057594037989646,0,1.685102,179128.1,0.7695432,0.05879349,1.092401,0.7074276,0.5218515,1.062182,0.7199023,0.4674309,1.067409,0.5990552,0.4591556,1.094146,0.6231802,0.3883186,0.973666,0.6486006,0.3811696,0.9645257,0.7220315,0.3682739,1.05565,0.8162286,0.4505793,1.053151,0.7256019,0.5661675,1.01831,0.7301763,0.5743981,1.000224,0.7630417,0.0660415,1.077883,0.7151622,-0.09410253,1.090911,0.6482284,-0.2411535,1.147633,0.7549154,0.06036425,1.074181,0.7831242,-0.09700996,1.092218,0.7467863,-0.2400971,1.140936,0.7230749,0.4205284,1.074138
72057594037989646,0,1.685102,179128.1,0.7695432,0.05879349,1.092401,0.7074276,0.5218515,1.062182,0.7199023,0.4674309,1.067409,0.5990552,0.4591556,1.094146,0.6231802,0.3883186,0.973666,0.6486006,0.3811696,0.9645257,0.7220315,0.3682739,1.05565,0.8162286,0.4505793,1.053151,0.7256019,0.5661675,1.01831,0.7301763,0.5743981,1.000224,0.7630417,0.0660415,1.077883,0.7151622,-0.09410253,1.090911,0.6482284,-0.2411535,1.147633,0.7549154,0.06036425,1.074181,0.7831242,-0.09700996,1.092218,0.7467863,-0.2400971,1.140936,0.7230749,0.4205284,1.074138
72057594037989646,0,1.685102,179128.1,0.7695432,0.05879349,1.092401,0.7074276,0.5218515,1.062182,0.7199023,0.4674309,1.067409,0.5990552,0.4591556,1.094146,0.6231802,0.3883186,0.973666,0.6486006,0.3811696,0.9645257,0.7220315,0.3682739,1.05565,0.8162286,0.4505793,1.053151,0.7256019,0.5661675,1.01831,0.7301763,0.5743981,1.000224,0.7630417,0.0660415,1.077883,0.7151622,-0.09410253,1.090911,0.6482284,-0.2411535,1.147633,0.7549154,0.06036425,1.074181,0.7831242,-0.09700996,1.092218,0.7467863,-0.2400971,1.140936,0.7230749,0.4205284,1.074138
72057594037989646,0,1.685102,179128.1,0.7695432,0.05879349,1.092401,0.7074276,0.5218515,1.062182,0.7199023,0.4674309,1.067409,0.5990552,0.4591556,1.094146,0.6231802,0.3883186,0.973666,0.6486006,0.3811696,0.9645257,0.7220315,0.3682739,1.05565,0.8162286,0.4505793,1.053151,0.7256019,0.5661675,1.01831,0.7301763,0.5743981,1.000224,0.7630417,0.0660415,1.077883,0.7151622,-0.09410253,1.090911,0.6482284,-0.2411535,1.147633,0.7549154,0.06036425,1.074181,0.7831242,-0.09700996,1.092218,0.7467863,-0.2400971,1.140936,0.7230749,0.4205284,1.074138
72057594037989646,0,1.685102,179128.1,0.7695432,0.05879349,1.092401,0.7074276,0.5218515,1.062182,0.7199023,0.4674309,1.067409,0.5990552,0.4591556,1.094146,0.6231802,0.3883186,0.973666,0.6486006,0.3811696,0.9645257,0.7220315,0.3682739,1.05565,0.8162286,0.4505793,1.053151,0.7256019,0.5661675,1.01831,0.7301763,0.5743981,1.000224,0.7630417,0.0660415,1.077883,0.7151622,-0.09410253,1.090911,0.6482284,-0.2411535,1.147633,0.7549154,0.06036425,1.074181,0.7831242,-0.09700996,1.092218,0.7467863,-0.2400971,1.140936,0.7230749,0.4205284,1.074138
72057594037989646,0,1.685102,179128.1,0.7695432,0.05879349,1.092401,0.7074276,0.5218515,1.062182,0.7199023,0.4674309,1.067409,0.5990552,0.4591556,1.094146,0.6231802,0.3883186,0.973666,0.6486006,0.3811696,0.9645257,0.7220315,0.3682739,1.05565,0.8162286,0.4505793,1.053151,0.7256019,0.5661675,1.01831,0.7301763,0.5743981,1.000224,0.7630417,0.0660415,1.077883,0.7151622,-0.09410253,1.090911,0.6482284,-0.2411535,1.147633,0.7549154,0.06036425,1.074181,0.7831242,-0.09700996,1.092218,0.7467863,-0.2400971,1.140936,0.7230749,0.4205284,1.074138
72057594037989646,0,1.685102,179128.1,0.7695432,0.05879349,1.092401,0.7074276,0.5218515,1.062182,0.7199023,0.4674309,1.067409,0.5990552,0.4591556,1.094146,0.6231802,0.3883186,0.973666,0.6486006,0.3811696,0.9645257,0.7220315,0.3682739,1.05565,0.8162286,0.4505793,1.053151,0.7256019,0.5661675,1.01831,0.7301763,0.5743981,1.000224,0.7630417,0.0660415,1.077883,0.7151622,-0.09410253,1.090911,0.6482284,-0.2411535,1.147633,0.7549154,0.06036425,1.074181,0.7831242,-0.09700996,1.092218,0.7467863,-0.2400971,1.140936,0.7230749,0.4205284,1.074138
72057594037989646,0,1.685102,179128.1,0.7695432,0.05879349,1.092401,0.7074276,0.5218515,1.062182,0.7199023,0.4674309,1.067409,0.5990552,0.4591556,1.094146,0.6231802,0.3883186,0.973666,0.6486006,0.3811696,0.9645257,0.7220315,0.3682739,1.05565,0.8162286,0.4505793,1.053151,0.7256019,0.5661675,1.01831,0.7301763,0.5743981,1.000224,0.7630417,0.0660415,1.077883,0.7151622,-0.09410253,1.090911,0.6482284,-0.2411535,1.147633,0.7549154,0.06036425,1.074181,0.7831242,-0.09700996,1.092218,0.7467863,-0.2400971,1.140936,0.7230749,0.4205284,1.074138
72057594037989646,0,1.691606,179128.1,0.7408215,-0.01222253,1.114862,0.7302151,0.4442739,1.050766,0.7579708,0.3967676,1.058897,0.6461564,0.4297687,1.045639,0.6631889,0.3112071,0.9571632,0.701,0.2913352,0.9517668,0.7600405,0.2976498,1.047043,0.7479646,0.1931839,1.013128,0.7427832,0.3394868,0.9949293,0.7393953,0.3367338,0.9893769,0.7327477,-0.006156564,1.090773,0.7576891,-0.1663351,1.080906,0.8037775,-0.3904143,1.087321,0.7291154,-0.007815719,1.106513,0.7050848,-0.1600823,1.148916,0.6696137,-0.3773582,1.211115,0.7530542,0.3495077,1.069318
72057594037989646,0,1.691606,179128.1,0.7408215,-0.01222253,1.114862,0.7302151,0.4442739,1.050766,0.7579708,0.3967676,1.058897,0.6461564,0.4297687,1.045639,0.6631889,0.3112071,0.9571632,0.701,0.2913352,0.9517668,0.7600405,0.2976498,1.047043,0.7479646,0.1931839,1.013128,0.7427832,0.3394868,0.9949293,0.7393953,0.3367338,0.9893769,0.7327477,-0.006156564,1.090773,0.7576891,-0.1663351,1.080906,0.8037775,-0.3904143,1.087321,0.7291154,-0.007815719,1.106513,0.7050848,-0.1600823,1.148916,0.6696137,-0.3773582,1.211115,0.7530542,0.3495077,1.069318
72057594037989646,0,1.691606,179128.1,0.7408215,-0.01222253,1.114862,0.7302151,0.4442739,1.050766,0.7579708,0.3967676,1.058897,0.6461564,0.4297687,1.045639,0.6631889,0.3112071,0.9571632,0.701,0.2913352,0.9517668,0.7600405,0.2976498,1.047043,0.7479646,0.1931839,1.013128,0.7427832,0.3394868,0.9949293,0.7393953,0.3367338,0.9893769,0.7327477,-0.006156564,1.090773,0.7576891,-0.1663351,1.080906,0.8037775,-0.3904143,1.087321,0.7291154,-0.007815719,1.106513,0.7050848,-0.1600823,1.148916,0.6696137,-0.3773582,1.211115,0.7530542,0.3495077,1.069318
72057594037989646,0,1.691606,179128.1,0.7408215,-0.01222253,1.114862,0.7302151,0.4442739,1.050766,0.7579708,0.3967676,1.058897,0.6461564,0.4297687,1.045639,0.6631889,0.3112071,0.9571632,0.701,0.2913352,0.9517668,0.7600405,0.2976498,1.047043,0.7479646,0.1931839,1.013128,0.7427832,0.3394868,0.9949293,0.7393953,0.3367338,0.9893769,0.7327477,-0.006156564,1.090773,0.7576891,-0.1663351,1.080906,0.8037775,-0.3904143,1.087321,0.7291154,-0.007815719,1.106513,0.7050848,-0.1600823,1.148916,0.6696137,-0.3773582,1.211115,0.7530542,0.3495077,1.069318
72057594037989646,0,1.691606,179128.2,0.7408215,-0.01222253,1.114862,0.7302151,0.4442739,1.050766,0.7579708,0.3967676,1.058897,0.6461564,0.4297687,1.045639,0.6631889,0.3112071,0.9571632,0.701,0.2913352,0.9517668,0.7600405,0.2976498,1.047043,0.7479646,0.1931839,1.013128,0.7427832,0.3394868,0.9949293,0.7393953,0.3367338,0.9893769,0.7327477,-0.006156564,1.090773,0.7576891,-0.1663351,1.080906,0.8037775,-0.3904143,1.087321,0.7291154,-0.007815719,1.106513,0.7050848,-0.1600823,1.148916,0.6696137,-0.3773582,1.211115,0.7530542,0.3495077,1.069318
72057594037989646,0,1.691606,179128.2,0.7408215,-0.01222253,1.114862,0.7302151,0.4442739,1.050766,0.7579708,0.3967676,1.058897,0.6461564,0.4297687,1.045639,0.6631889,0.3112071,0.9571632,0.701,0.2913352,0.9517668,0.7600405,0.2976498,1.047043,0.7479646,0.1931839,1.013128,0.7427832,0.3394868,0.9949293,0.7393953,0.3367338,0.9893769,0.7327477,-0.006156564,1.090773,0.7576891,-0.1663351,1.080906,0.8037775,-0.3904143,1.087321,0.7291154,-0.007815719,1.106513,0.7050848,-0.1600823,1.148916,0.6696137,-0.3773582,1.211115,0.7530542,0.3495077,1.069318
72057594037989646,0,1.691606,179128.2,0.7408215,-0.01222253,1.114862,0.7302151,0.4442739,1.050766,0.7579708,0.3967676,1.058897,0.6461564,0.4297687,1.045639,0.6631889,0.3112071,0.9571632,0.701,0.2913352,0.9517668,0.7600405,0.2976498,1.047043,0.7479646,0.1931839,1.013128,0.7427832,0.3394868,0.9949293,0.7393953,0.3367338,0.9893769,0.7327477,-0.006156564,1.090773,0.7576891,-0.1663351,1.080906,0.8037775,-0.3904143,1.087321,0.7291154,-0.007815719,1.106513,0.7050848,-0.1600823,1.148916,0.6696137,-0.3773582,1.211115,0.7530542,0.3495077,1.069318
72057594037989646,0,1.691606,179128.2,0.7408215,-0.01222253,1.114862,0.7302151,0.4442739,1.050766,0.7579708,0.3967676,1.058897,0.6461564,0.4297687,1.045639,0.6631889,0.3112071,0.9571632,0.701,0.2913352,0.9517668,0.7600405,0.2976498,1.047043,0.7479646,0.1931839,1.013128,0.7427832,0.3394868,0.9949293,0.7393953,0.3367338,0.9893769,0.7327477,-0.006156564,1.090773,0.7576891,-0.1663351,1.080906,0.8037775,-0.3904143,1.087321,0.7291154,-0.007815719,1.106513,0.7050848,-0.1600823,1.148916,0.6696137,-0.3773582,1.211115,0.7530542,0.3495077,1.069318
72057594037989646,0,1.691606,179128.2,0.7408215,-0.01222253,1.114862,0.7302151,0.4442739,1.050766,0.7579708,0.3967676,1.058897,0.6461564,0.4297687,1.045639,0.6631889,0.3112071,0.9571632,0.701,0.2913352,0.9517668,0.7600405,0.2976498,1.047043,0.7479646,0.1931839,1.013128,0.7427832,0.3394868,0.9949293,0.7393953,0.3367338,0.9893769,0.7327477,-0.006156564,1.090773,0.7576891,-0.1663351,1.080906,0.8037775,-0.3904143,1.087321,0.7291154,-0.007815719,1.106513,0.7050848,-0.1600823,1.148916,0.6696137,-0.3773582,1.211115,0.7530542,0.3495077,1.069318
72057594037989646,0,1.691606,179128.2,0.7408215,-0.01222253,1.114862,0.7302151,0.4442739,1.050766,0.7579708,0.3967676,1.058897,0.6461564,0.4297687,1.045639,0.6631889,0.3112071,0.9571632,0.701,0.2913352,0.9517668,0.7600405,0.2976498,1.047043,0.7479646,0.1931839,1.013128,0.7427832,0.3394868,0.9949293,0.7393953,0.3367338,0.9893769,0.7327477,-0.006156564,1.090773,0.7576891,-0.1663351,1.080906,0.8037775,-0.3904143,1.087321,0.7291154,-0.007815719,1.106513,0.7050848,-0.1600823,1.148916,0.6696137,-0.3773582,1.211115,0.7530542,0.3495077,1.069318
72057594037989646,0,1.691606,179128.2,0.7408215,-0.01222253,1.114862,0.7302151,0.4442739,1.050766,0.7579708,0.3967676,1.058897,0.6461564,0.4297687,1.045639,0.6631889,0.3112071,0.9571632,0.701,0.2913352,0.9517668,0.7600405,0.2976498,1.047043,0.7479646,0.1931839,1.013128,0.7427832,0.3394868,0.9949293,0.7393953,0.3367338,0.9893769,0.7327477,-0.006156564,1.090773,0.7576891,-0.1663351,1.080906,0.8037775,-0.3904143,1.087321,0.7291154,-0.007815719,1.106513,0.7050848,-0.1600823,1.148916,0.6696137,-0.3773582,1.211115,0.7530542,0.3495077,1.069318
72057594037989646,0,1.691606,179128.2,0.7408215,-0.01222253,1.114862,0.7302151,0.4442739,1.050766,0.7579708,0.3967676,1.058897,0.6461564,0.4297687,1.045639,0.6631889,0.3112071,0.9571632,0.701,0.2913352,0.9517668,0.7600405,0.2976498,1.047043,0.7479646,0.1931839,1.013128,0.7427832,0.3394868,0.9949293,0.7393953,0.3367338,0.9893769,0.7327477,-0.006156564,1.090773,0.7576891,-0.1663351,1.080906,0.8037775,-0.3904143,1.087321,0.7291154,-0.007815719,1.106513,0.7050848,-0.1600823,1.148916,0.6696137,-0.3773582,1.211115,0.7530542,0.3495077,1.069318
72057594037989646,0,1.729987,179128.2,0.7501544,-0.0923098,1.128133,0.7404251,0.2884203,1.069361,0.7681453,0.2446649,1.077391,0.7018253,0.3382424,0.9894153,0.754062,0.2517864,0.9527922,0.7679143,0.2300425,0.9903171,0.7700933,0.1456075,1.065358,0.722117,0.1769885,0.9643587,0.724266,0.3228934,0.9729643,0.715892,0.3402517,0.9714406,0.742529,-0.08370215,1.119522,0.764654,-0.3038254,1.098209,0.7860638,-0.4689217,1.090973,0.7382365,-0.08861372,1.104747,0.7216516,-0.2424049,1.139251,0.6910975,-0.4553732,1.207316,0.7630899,0.2056467,1.087129
72057594037989646,0,1.729987,179128.2,0.7501544,-0.0923098,1.128133,0.7404251,0.2884203,1.069361,0.7681453,0.2446649,1.077391,0.7018253,0.3382424,0.9894153,0.754062,0.2517864,0.9527922,0.7679143,0.2300425,0.9903171,0.7700933,0.1456075,1.065358,0.722117,0.1769885,0.9643587,0.724266,0.3228934,0.9729643,0.715892,0.3402517,0.9714406,0.742529,-0.08370215,1.119522,0.764654,-0.3038254,1.098209,0.7860638,-0.4689217,1.090973,0.7382365,-0.08861372,1.104747,0.7216516,-0.2424049,1.139251,0.6910975,-0.4553732,1.207316,0.7630899,0.2056467,1.087129
72057594037989646,0,1.729987,179128.2,0.7501544,-0.0923098,1.128133,0.7404251,0.2884203,1.069361,0.7681453,0.2446649,1.077391,0.7018253,0.3382424,0.9894153,0.754062,0.2517864,0.9527922,0.7679143,0.2300425,0.9903171,0.7700933,0.1456075,1.065358,0.722117,0.1769885,0.9643587,0.724266,0.3228934,0.9729643,0.715892,0.3402517,0.9714406,0.742529,-0.08370215,1.119522,0.764654,-0.3038254,1.098209,0.7860638,-0.4689217,1.090973,0.7382365,-0.08861372,1.104747,0.7216516,-0.2424049,1.139251,0.6910975,-0.4553732,1.207316,0.7630899,0.2056467,1.087129
72057594037989646,0,1.729987,179128.2,0.7501544,-0.0923098,1.128133,0.7404251,0.2884203,1.069361,0.7681453,0.2446649,1.077391,0.7018253,0.3382424,0.9894153,0.754062,0.2517864,0.9527922,0.7679143,0.2300425,0.9903171,0.7700933,0.1456075,1.065358,0.722117,0.1769885,0.9643587,0.724266,0.3228934,0.9729643,0.715892,0.3402517,0.9714406,0.742529,-0.08370215,1.119522,0.764654,-0.3038254,1.098209,0.7860638,-0.4689217,1.090973,0.7382365,-0.08861372,1.104747,0.7216516,-0.2424049,1.139251,0.6910975,-0.4553732,1.207316,0.7630899,0.2056467,1.087129
72057594037989646,0,1.729987,179128.2,0.7501544,-0.0923098,1.128133,0.7404251,0.2884203,1.069361,0.7681453,0.2446649,1.077391,0.7018253,0.3382424,0.9894153,0.754062,0.2517864,0.9527922,0.7679143,0.2300425,0.9903171,0.7700933,0.1456075,1.065358,0.722117,0.1769885,0.9643587,0.724266,0.3228934,0.9729643,0.715892,0.3402517,0.9714406,0.742529,-0.08370215,1.119522,0.764654,-0.3038254,1.098209,0.7860638,-0.4689217,1.090973,0.7382365,-0.08861372,1.104747,0.7216516,-0.2424049,1.139251,0.6910975,-0.4553732,1.207316,0.7630899,0.2056467,1.087129
72057594037989646,0,1.729987,179128.2,0.7501544,-0.0923098,1.128133,0.7404251,0.2884203,1.069361,0.7681453,0.2446649,1.077391,0.7018253,0.3382424,0.9894153,0.754062,0.2517864,0.9527922,0.7679143,0.2300425,0.9903171,0.7700933,0.1456075,1.065358,0.722117,0.1769885,0.9643587,0.724266,0.3228934,0.9729643,0.715892,0.3402517,0.9714406,0.742529,-0.08370215,1.119522,0.764654,-0.3038254,1.098209,0.7860638,-0.4689217,1.090973,0.7382365,-0.08861372,1.104747,0.7216516,-0.2424049,1.139251,0.6910975,-0.4553732,1.207316,0.7630899,0.2056467,1.087129
72057594037989646,0,1.729987,179128.2,0.7501544,-0.0923098,1.128133,0.7404251,0.2884203,1.069361,0.7681453,0.2446649,1.077391,0.7018253,0.3382424,0.9894153,0.754062,0.2517864,0.9527922,0.7679143,0.2300425,0.9903171,0.7700933,0.1456075,1.065358,0.722117,0.1769885,0.9643587,0.724266,0.3228934,0.9729643,0.715892,0.3402517,0.9714406,0.742529,-0.08370215,1.119522,0.764654,-0.3038254,1.098209,0.7860638,-0.4689217,1.090973,0.7382365,-0.08861372,1.104747,0.7216516,-0.2424049,1.139251,0.6910975,-0.4553732,1.207316,0.7630899,0.2056467,1.087129
72057594037989646,0,1.729987,179128.2,0.7501544,-0.0923098,1.128133,0.7404251,0.2884203,1.069361,0.7681453,0.2446649,1.077391,0.7018253,0.3382424,0.9894153,0.754062,0.2517864,0.9527922,0.7679143,0.2300425,0.9903171,0.7700933,0.1456075,1.065358,0.722117,0.1769885,0.9643587,0.724266,0.3228934,0.9729643,0.715892,0.3402517,0.9714406,0.742529,-0.08370215,1.119522,0.764654,-0.3038254,1.098209,0.7860638,-0.4689217,1.090973,0.7382365,-0.08861372,1.104747,0.7216516,-0.2424049,1.139251,0.6910975,-0.4553732,1.207316,0.7630899,0.2056467,1.087129
72057594037989646,0,1.729987,179128.2,0.7501544,-0.0923098,1.128133,0.7404251,0.2884203,1.069361,0.7681453,0.2446649,1.077391,0.7018253,0.3382424,0.9894153,0.754062,0.2517864,0.9527922,0.7679143,0.2300425,0.9903171,0.7700933,0.1456075,1.065358,0.722117,0.1769885,0.9643587,0.724266,0.3228934,0.9729643,0.715892,0.3402517,0.9714406,0.742529,-0.08370215,1.119522,0.764654,-0.3038254,1.098209,0.7860638,-0.4689217,1.090973,0.7382365,-0.08861372,1.104747,0.7216516,-0.2424049,1.139251,0.6910975,-0.4553732,1.207316,0.7630899,0.2056467,1.087129
72057594037989646,0,1.729987,179128.2,0.7501544,-0.0923098,1.128133,0.7404251,0.2884203,1.069361,0.7681453,0.2446649,1.077391,0.7018253,0.3382424,0.9894153,0.754062,0.2517864,0.9527922,0.7679143,0.2300425,0.9903171,0.7700933,0.1456075,1.065358,0.722117,0.1769885,0.9643587,0.724266,0.3228934,0.9729643,0.715892,0.3402517,0.9714406,0.742529,-0.08370215,1.119522,0.764654,-0.3038254,1.098209,0.7860638,-0.4689217,1.090973,0.7382365,-0.08861372,1.104747,0.7216516,-0.2424049,1.139251,0.6910975,-0.4553732,1.207316,0.7630899,0.2056467,1.087129
72057594037989646,0,1.917012,179128.2,0.69054,-0.4680637,1.171077,0.6743848,-0.1281267,1.122545,0.704728,-0.1627302,1.131283,0.7440374,-0.0323593,1.067058,0.7850462,0.05273086,1.010494,0.7770409,0.09249046,1.014266,0.7064637,-0.2614143,1.118899,0.6946599,-0.3615229,1.084152,0.7132491,-0.2157162,1.064131,0.7285501,-0.1747038,1.081977,0.7019531,-0.4698212,1.149193,0.699565,-0.6579069,1.14734,0.7039731,-0.8504801,1.157534,0.6629579,-0.4464527,1.163213,0.6591024,-0.631022,1.186336,0.6618283,-0.8200592,1.221398,0.6997263,-0.1993395,1.139569
72057594037989646,0,1.917012,179128.2,0.69054,-0.4680637,1.171077,0.6743848,-0.1281267,1.122545,0.704728,-0.1627302,1.131283,0.7440374,-0.0323593,1.067058,0.7850462,0.05273086,1.010494,0.7770409,0.09249046,1.014266,0.7064637,-0.2614143,1.118899,0.6946599,-0.3615229,1.084152,0.7132491,-0.2157162,1.064131,0.7285501,-0.1747038,1.081977,0.7019531,-0.4698212,1.149193,0.699565,-0.6579069,1.14734,0.7039731,-0.8504801,1.157534,0.6629579,-0.4464527,1.163213,0.6591024,-0.631022,1.186336,0.6618283,-0.8200592,1.221398,0.6997263,-0.1993395,1.139569
72057594037989646,0,1.917012,179128.2,0.69054,-0.4680637,1.171077,0.6743848,-0.1281267,1.122545,0.704728,-0.1627302,1.131283,0.7440374,-0.0323593,1.067058,0.7850462,0.05273086,1.010494,0.7770409,0.09249046,1.014266,0.7064637,-0.2614143,1.118899,0.6946599,-0.3615229,1.084152,0.7132491,-0.2157162,1.064131,0.7285501,-0.1747038,1.081977,0.7019531,-0.4698212,1.149193,0.699565,-0.6579069,1.14734,0.7039731,-0.8504801,1.157534,0.6629579,-0.4464527,1.163213,0.6591024,-0.631022,1.186336,0.6618283,-0.8200592,1.221398,0.6997263,-0.1993395,1.139569
72057594037989646,0,1.917012,179128.2,0.69054,-0.4680637,1.171077,0.6743848,-0.1281267,1.122545,0.704728,-0.1627302,1.131283,0.7440374,-0.0323593,1.067058,0.7850462,0.05273086,1.010494,0.7770409,0.09249046,1.014266,0.7064637,-0.2614143,1.118899,0.6946599,-0.3615229,1.084152,0.7132491,-0.2157162,1.064131,0.7285501,-0.1747038,1.081977,0.7019531,-0.4698212,1.149193,0.699565,-0.6579069,1.14734,0.7039731,-0.8504801,1.157534,0.6629579,-0.4464527,1.163213,0.6591024,-0.631022,1.186336,0.6618283,-0.8200592,1.221398,0.6997263,-0.1993395,1.139569
72057594037989646,0,1.917012,179128.2,0.69054,-0.4680637,1.171077,0.6743848,-0.1281267,1.122545,0.704728,-0.1627302,1.131283,0.7440374,-0.0323593,1.067058,0.7850462,0.05273086,1.010494,0.7770409,0.09249046,1.014266,0.7064637,-0.2614143,1.118899,0.6946599,-0.3615229,1.084152,0.7132491,-0.2157162,1.064131,0.7285501,-0.1747038,1.081977,0.7019531,-0.4698212,1.149193,0.699565,-0.6579069,1.14734,0.7039731,-0.8504801,1.157534,0.6629579,-0.4464527,1.163213,0.6591024,-0.631022,1.186336,0.6618283,-0.8200592,1.221398,0.6997263,-0.1993395,1.139569
72057594037989646,0,1.917012,179128.2,0.69054,-0.4680637,1.171077,0.6743848,-0.1281267,1.122545,0.704728,-0.1627302,1.131283,0.7440374,-0.0323593,1.067058,0.7850462,0.05273086,1.010494,0.7770409,0.09249046,1.014266,0.7064637,-0.2614143,1.118899,0.6946599,-0.3615229,1.084152,0.7132491,-0.2157162,1.064131,0.7285501,-0.1747038,1.081977,0.7019531,-0.4698212,1.149193,0.699565,-0.6579069,1.14734,0.7039731,-0.8504801,1.157534,0.6629579,-0.4464527,1.163213,0.6591024,-0.631022,1.186336,0.6618283,-0.8200592,1.221398,0.6997263,-0.1993395,1.139569
72057594037989646,0,1.917012,179128.2,0.69054,-0.4680637,1.171077,0.6743848,-0.1281267,1.122545,0.704728,-0.1627302,1.131283,0.7440374,-0.0323593,1.067058,0.7850462,0.05273086,1.010494,0.7770409,0.09249046,1.014266,0.7064637,-0.2614143,1.118899,0.6946599,-0.3615229,1.084152,0.7132491,-0.2157162,1.064131,0.7285501,-0.1747038,1.081977,0.7019531,-0.4698212,1.149193,0.699565,-0.6579069,1.14734,0.7039731,-0.8504801,1.157534,0.6629579,-0.4464527,1.163213,0.6591024,-0.631022,1.186336,0.6618283,-0.8200592,1.221398,0.6997263,-0.1993395,1.139569
72057594037989646,0,1.917012,179128.2,0.69054,-0.4680637,1.171077,0.6743848,-0.1281267,1.122545,0.704728,-0.1627302,1.131283,0.7440374,-0.0323593,1.067058,0.7850462,0.05273086,1.010494,0.7770409,0.09249046,1.014266,0.7064637,-0.2614143,1.118899,0.6946599,-0.3615229,1.084152,0.7132491,-0.2157162,1.064131,0.7285501,-0.1747038,1.081977,0.7019531,-0.4698212,1.149193,0.699565,-0.6579069,1.14734,0.7039731,-0.8504801,1.157534,0.6629579,-0.4464527,1.163213,0.6591024,-0.631022,1.186336,0.6618283,-0.8200592,1.221398,0.6997263,-0.1993395,1.139569
72057594037989646,0,1.917012,179128.2,0.69054,-0.4680637,1.171077,0.6743848,-0.1281267,1.122545,0.704728,-0.1627302,1.131283,0.7440374,-0.0323593,1.067058,0.7850462,0.05273086,1.010494,0.7770409,0.09249046,1.014266,0.7064637,-0.2614143,1.118899,0.6946599,-0.3615229,1.084152,0.7132491,-0.2157162,1.064131,0.7285501,-0.1747038,1.081977,0.7019531,-0.4698212,1.149193,0.699565,-0.6579069,1.14734,0.7039731,-0.8504801,1.157534,0.6629579,-0.4464527,1.163213,0.6591024,-0.631022,1.186336,0.6618283,-0.8200592,1.221398,0.6997263,-0.1993395,1.139569
72057594037989646,0,1.917012,179128.2,0.69054,-0.4680637,1.171077,0.6743848,-0.1281267,1.122545,0.704728,-0.1627302,1.131283,0.7440374,-0.0323593,1.067058,0.7850462,0.05273086,1.010494,0.7770409,0.09249046,1.014266,0.7064637,-0.2614143,1.118899,0.6946599,-0.3615229,1.084152,0.7132491,-0.2157162,1.064131,0.7285501,-0.1747038,1.081977,0.7019531,-0.4698212,1.149193,0.699565,-0.6579069,1.14734,0.7039731,-0.8504801,1.157534,0.6629579,-0.4464527,1.163213,0.6591024,-0.631022,1.186336,0.6618283,-0.8200592,1.221398,0.6997263,-0.1993395,1.139569
72057594037989646,0,1.917012,179128.2,0.69054,-0.4680637,1.171077,0.6743848,-0.1281267,1.122545,0.704728,-0.1627302,1.131283,0.7440374,-0.0323593,1.067058,0.7850462,0.05273086,1.010494,0.7770409,0.09249046,1.014266,0.7064637,-0.2614143,1.118899,0.6946599,-0.3615229,1.084152,0.7132491,-0.2157162,1.064131,0.7285501,-0.1747038,1.081977,0.7019531,-0.4698212,1.149193,0.699565,-0.6579069,1.14734,0.7039731,-0.8504801,1.157534,0.6629579,-0.4464527,1.163213,0.6591024,-0.631022,1.186336,0.6618283,-0.8200592,1.221398,0.6997263,-0.1993395,1.139569
72057594037989646,0,2.111107,179128.3,0.2224466,0.1278315,0.378021,0.05872652,0.3211826,0.01699868,0.6823451,-0.2286857,1.135288,0.7223514,-0.09638876,1.07039,0.7791578,0.02515596,1.025535,0.7889432,0.04567692,1.014199,0,0.38,-0.1,0.07711081,0.3139127,0.03045387,0.1591871,0.317967,0.1448301,0.1606998,0.2838574,0.1444939,0.3121112,0.0009753406,0.6060383,0.3874756,-0.1074328,0.7291288,0.4672274,-0.2206349,0.8636426,0.1198469,0.2730906,0.1169657,0.2078668,0.1895994,0.2886008,0.6311527,-0.4161664,1.212205,0,0.38,-0.1
72057594037989646,0,2.111107,179128.3,0.2224466,0.1278315,0.378021,0.05872652,0.3211826,0.01699868,0.6823451,-0.2286857,1.135288,0.7223514,-0.09638876,1.07039,0.7791578,0.02515596,1.025535,0.7889432,0.04567692,1.014199,0,0.38,-0.1,0.07711081,0.3139127,0.03045387,0.1591871,0.317967,0.1448301,0.1606998,0.2838574,0.1444939,0.3121112,0.0009753406,0.6060383,0.3874756,-0.1074328,0.7291288,0.4672274,-0.2206349,0.8636426,0.1198469,0.2730906,0.1169657,0.2078668,0.1895994,0.2886008,0.6311527,-0.4161664,1.212205,0,0.38,-0.1
72057594037989646,0,2.111107,179128.3,0.2224466,0.1278315,0.378021,0.05872652,0.3211826,0.01699868,0.6823451,-0.2286857,1.135288,0.7223514,-0.09638876,1.07039,0.7791578,0.02515596,1.025535,0.7889432,0.04567692,1.014199,0,0.38,-0.1,0.07711081,0.3139127,0.03045387,0.1591871,0.317967,0.1448301,0.1606998,0.2838574,0.1444939,0.3121112,0.0009753406,0.6060383,0.3874756,-0.1074328,0.7291288,0.4672274,-0.2206349,0.8636426,0.1198469,0.2730906,0.1169657,0.2078668,0.1895994,0.2886008,0.6311527,-0.4161664,1.212205,0,0.38,-0.1
72057594037989646,0,2.111107,179128.3,0.2224466,0.1278315,0.378021,0.05872652,0.3211826,0.01699868,0.6823451,-0.2286857,1.135288,0.7223514,-0.09638876,1.07039,0.7791578,0.02515596,1.025535,0.7889432,0.04567692,1.014199,0,0.38,-0.1,0.07711081,0.3139127,0.03045387,0.1591871,0.317967,0.1448301,0.1606998,0.2838574,0.1444939,0.3121112,0.0009753406,0.6060383,0.3874756,-0.1074328,0.7291288,0.4672274,-0.2206349,0.8636426,0.1198469,0.2730906,0.1169657,0.2078668,0.1895994,0.2886008,0.6311527,-0.4161664,1.212205,0,0.38,-0.1
72057594037989646,0,2.111107,179128.3,0.2224466,0.1278315,0.378021,0.05872652,0.3211826,0.01699868,0.6823451,-0.2286857,1.135288,0.7223514,-0.09638876,1.07039,0.7791578,0.02515596,1.025535,0.7889432,0.04567692,1.014199,0,0.38,-0.1,0.07711081,0.3139127,0.03045387,0.1591871,0.317967,0.1448301,0.1606998,0.2838574,0.1444939,0.3121112,0.0009753406,0.6060383,0.3874756,-0.1074328,0.7291288,0.4672274,-0.2206349,0.8636426,0.1198469,0.2730906,0.1169657,0.2078668,0.1895994,0.2886008,0.6311527,-0.4161664,1.212205,0,0.38,-0.1
72057594037989646,0,2.111107,179128.3,0.2224466,0.1278315,0.378021,0.05872652,0.3211826,0.01699868,0.6823451,-0.2286857,1.135288,0.7223514,-0.09638876,1.07039,0.7791578,0.02515596,1.025535,0.7889432,0.04567692,1.014199,0,0.38,-0.1,0.07711081,0.3139127,0.03045387,0.1591871,0.317967,0.1448301,0.1606998,0.2838574,0.1444939,0.3121112,0.0009753406,0.6060383,0.3874756,-0.1074328,0.7291288,0.4672274,-0.2206349,0.8636426,0.1198469,0.2730906,0.1169657,0.2078668,0.1895994,0.2886008,0.6311527,-0.4161664,1.212205,0,0.38,-0.1
72057594037989646,0,2.111107,179128.3,0.2224466,0.1278315,0.378021,0.05872652,0.3211826,0.01699868,0.6823451,-0.2286857,1.135288,0.7223514,-0.09638876,1.07039,0.7791578,0.02515596,1.025535,0.7889432,0.04567692,1.014199,0,0.38,-0.1,0.07711081,0.3139127,0.03045387,0.1591871,0.317967,0.1448301,0.1606998,0.2838574,0.1444939,0.3121112,0.0009753406,0.6060383,0.3874756,-0.1074328,0.7291288,0.4672274,-0.2206349,0.8636426,0.1198469,0.2730906,0.1169657,0.2078668,0.1895994,0.2886008,0.6311527,-0.4161664,1.212205,0,0.38,-0.1
72057594037989646,0,2.111107,179128.3,0.2224466,0.1278315,0.378021,0.05872652,0.3211826,0.01699868,0.6823451,-0.2286857,1.135288,0.7223514,-0.09638876,1.07039,0.7791578,0.02515596,1.025535,0.7889432,0.04567692,1.014199,0,0.38,-0.1,0.07711081,0.3139127,0.03045387,0.1591871,0.317967,0.1448301,0.1606998,0.2838574,0.1444939,0.3121112,0.0009753406,0.6060383,0.3874756,-0.1074328,0.7291288,0.4672274,-0.2206349,0.8636426,0.1198469,0.2730906,0.1169657,0.2078668,0.1895994,0.2886008,0.6311527,-0.4161664,1.212205,0,0.38,-0.1
72057594037989646,0,2.111107,179128.3,0.2224466,0.1278315,0.378021,0.05872652,0.3211826,0.01699868,0.6823451,-0.2286857,1.135288,0.7223514,-0.09638876,1.07039,0.7791578,0.02515596,1.025535,0.7889432,0.04567692,1.014199,0,0.38,-0.1,0.07711081,0.3139127,0.03045387,0.1591871,0.317967,0.1448301,0.1606998,0.2838574,0.1444939,0.3121112,0.0009753406,0.6060383,0.3874756,-0.1074328,0.7291288,0.4672274,-0.2206349,0.8636426,0.1198469,0.2730906,0.1169657,0.2078668,0.1895994,0.2886008,0.6311527,-0.4161664,1.212205,0,0.38,-0.1
72057594037989646,0,2.111107,179128.3,0.2224466,0.1278315,0.378021,0.05872652,0.3211826,0.01699868,0.6823451,-0.2286857,1.135288,0.7223514,-0.09638876,1.07039,0.7791578,0.02515596,1.025535,0.7889432,0.04567692,1.014199,0,0.38,-0.1,0.07711081,0.3139127,0.03045387,0.1591871,0.317967,0.1448301,0.1606998,0.2838574,0.1444939,0.3121112,0.0009753406,0.6060383,0.3874756,-0.1074328,0.7291288,0.4672274,-0.2206349,0.8636426,0.1198469,0.2730906,0.1169657,0.2078668,0.1895994,0.2886008,0.6311527,-0.4161664,1.212205,0,0.38,-0.1
72057594037989646,0,2.111107,179128.3,0.2224466,0.1278315,0.378021,0.05872652,0.3211826,0.01699868,0.6823451,-0.2286857,1.135288,0.7223514,-0.09638876,1.07039,0.7791578,0.02515596,1.025535,0.7889432,0.04567692,1.014199,0,0.38,-0.1,0.07711081,0.3139127,0.03045387,0.1591871,0.317967,0.1448301,0.1606998,0.2838574,0.1444939,0.3121112,0.0009753406,0.6060383,0.3874756,-0.1074328,0.7291288,0.4672274,-0.2206349,0.8636426,0.1198469,0.2730906,0.1169657,0.2078668,0.1895994,0.2886008,0.6311527,-0.4161664,1.212205,0,0.38,-0.1
72057594037989646,0,2.111107,179128.3,0.2224466,0.1278315,0.378021,0.05872652,0.3211826,0.01699868,0.6823451,-0.2286857,1.135288,0.7223514,-0.09638876,1.07039,0.7791578,0.02515596,1.025535,0.7889432,0.04567692,1.014199,0,0.38,-0.1,0.07711081,0.3139127,0.03045387,0.1591871,0.317967,0.1448301,0.1606998,0.2838574,0.1444939,0.3121112,0.0009753406,0.6060383,0.3874756,-0.1074328,0.7291288,0.4672274,-0.2206349,0.8636426,0.1198469,0.2730906,0.1169657,0.2078668,0.1895994,0.2886008,0.6311527,-0.4161664,1.212205,0,0.38,-0.1
